0 3 Car -1 -1 -1 1193.17 158.00 1243.00 222.90 -1 -1 -1 -1000 -1000 -1000 -10 1
0 2 Car -1 -1 -1 0.96 200.77 53.67 260.16 -1 -1 -1 -1000 -1000 -1000 -10 1
0 1 Car -1 -1 -1 480.29 179.61 658.36 233.17 -1 -1 -1 -1000 -1000 -1000 -10 1
1 2 Car -1 -1 -1 4.81 190.73 98.08 261.04 -1 -1 -1 -1000 -1000 -1000 -10 1
1 1 Car -1 -1 -1 543.80 177.10 715.66 229.86 -1 -1 -1 -1000 -1000 -1000 -10 1
2 2 Car -1 -1 -1 8.23 185.32 139.26 257.67 -1 -1 -1 -1000 -1000 -1000 -10 1
2 1 Car -1 -1 -1 595.47 177.17 774.12 231.32 -1 -1 -1 -1000 -1000 -1000 -10 1
3 2 Car -1 -1 -1 17.14 186.34 182.14 256.91 -1 -1 -1 -1000 -1000 -1000 -10 1
3 1 Car -1 -1 -1 646.29 173.40 830.51 231.12 -1 -1 -1 -1000 -1000 -1000 -10 1
4 2 Car -1 -1 -1 46.04 184.22 238.10 255.51 -1 -1 -1 -1000 -1000 -1000 -10 1
4 1 Car -1 -1 -1 697.34 169.81 887.62 232.07 -1 -1 -1 -1000 -1000 -1000 -10 1
5 2 Car -1 -1 -1 88.91 183.22 296.64 256.62 -1 -1 -1 -1000 -1000 -1000 -10 1
5 1 Car -1 -1 -1 752.26 168.33 947.35 233.26 -1 -1 -1 -1000 -1000 -1000 -10 1
6 2 Car -1 -1 -1 138.28 181.03 354.41 254.51 -1 -1 -1 -1000 -1000 -1000 -10 1
6 1 Car -1 -1 -1 801.55 167.83 995.50 233.39 -1 -1 -1 -1000 -1000 -1000 -10 1
7 2 Car -1 -1 -1 192.90 179.45 408.61 252.91 -1 -1 -1 -1000 -1000 -1000 -10 1
7 1 Car -1 -1 -1 852.08 164.28 1049.65 227.90 -1 -1 -1 -1000 -1000 -1000 -10 1
8 2 Car -1 -1 -1 254.19 178.87 466.45 251.68 -1 -1 -1 -1000 -1000 -1000 -10 1
8 1 Car -1 -1 -1 905.64 160.95 1104.78 224.38 -1 -1 -1 -1000 -1000 -1000 -10 1
9 2 Car -1 -1 -1 318.88 175.48 521.78 247.86 -1 -1 -1 -1000 -1000 -1000 -10 1
9 1 Car -1 -1 -1 965.96 159.15 1165.41 224.03 -1 -1 -1 -1000 -1000 -1000 -10 1
10 2 Car -1 -1 -1 368.09 171.98 575.90 244.98 -1 -1 -1 -1000 -1000 -1000 -10 1
10 1 Car -1 -1 -1 1024.60 158.05 1225.55 223.45 -1 -1 -1 -1000 -1000 -1000 -10 1
11 2 Car -1 -1 -1 426.72 172.41 624.61 241.88 -1 -1 -1 -1000 -1000 -1000 -10 1
11 1 Car -1 -1 -1 1064.66 155.63 1263.97 223.24 -1 -1 -1 -1000 -1000 -1000 -10 1
12 2 Car -1 -1 -1 480.25 174.11 673.13 239.51 -1 -1 -1 -1000 -1000 -1000 -10 1
12 1 Car -1 -1 -1 1107.58 153.76 1286.86 220.53 -1 -1 -1 -1000 -1000 -1000 -10 1
13 2 Car -1 -1 -1 534.74 173.14 725.13 235.34 -1 -1 -1 -1000 -1000 -1000 -10 1
13 1 Car -1 -1 -1 1153.36 153.92 1296.47 217.57 -1 -1 -1 -1000 -1000 -1000 -10 1
15 2 Car -1 -1 -1 635.10 169.72 827.57 233.07 -1 -1 -1 -1000 -1000 -1000 -10 1
16 2 Car -1 -1 -1 686.37 168.12 881.03 232.54 -1 -1 -1 -1000 -1000 -1000 -10 1
17 2 Car -1 -1 -1 738.35 166.21 938.40 232.06 -1 -1 -1 -1000 -1000 -1000 -10 1
18 5 Car -1 -1 -1 5.78 179.64 94.26 298.43 -1 -1 -1 -1000 -1000 -1000 -10 1
18 2 Car -1 -1 -1 790.50 165.41 992.61 232.03 -1 -1 -1 -1000 -1000 -1000 -10 1
19 5 Car -1 -1 -1 6.50 177.79 108.34 301.79 -1 -1 -1 -1000 -1000 -1000 -10 1
19 2 Car -1 -1 -1 846.59 162.24 1050.46 230.52 -1 -1 -1 -1000 -1000 -1000 -10 1
20 5 Car -1 -1 -1 2.44 175.22 120.40 306.68 -1 -1 -1 -1000 -1000 -1000 -10 1
20 2 Car -1 -1 -1 897.39 159.89 1103.60 227.62 -1 -1 -1 -1000 -1000 -1000 -10 1
21 5 Car -1 -1 -1 3.31 172.66 132.29 304.89 -1 -1 -1 -1000 -1000 -1000 -10 1
21 2 Car -1 -1 -1 948.29 156.39 1158.68 226.01 -1 -1 -1 -1000 -1000 -1000 -10 1
22 5 Car -1 -1 -1 4.39 174.86 145.00 312.19 -1 -1 -1 -1000 -1000 -1000 -10 1
22 2 Car -1 -1 -1 1002.03 153.98 1212.57 223.86 -1 -1 -1 -1000 -1000 -1000 -10 1
23 5 Car -1 -1 -1 2.07 175.17 148.54 316.68 -1 -1 -1 -1000 -1000 -1000 -10 1
23 2 Car -1 -1 -1 1042.80 151.05 1250.82 221.75 -1 -1 -1 -1000 -1000 -1000 -10 1
24 5 Car -1 -1 -1 2.34 175.56 154.94 321.39 -1 -1 -1 -1000 -1000 -1000 -10 1
24 2 Car -1 -1 -1 1081.69 146.32 1274.55 217.96 -1 -1 -1 -1000 -1000 -1000 -10 1
25 6 Car -1 -1 -1 202.86 191.45 352.60 245.82 -1 -1 -1 -1000 -1000 -1000 -10 1
25 5 Car -1 -1 -1 1.21 178.82 157.96 327.81 -1 -1 -1 -1000 -1000 -1000 -10 1
25 2 Car -1 -1 -1 1124.27 151.88 1288.75 222.08 -1 -1 -1 -1000 -1000 -1000 -10 1
26 6 Car -1 -1 -1 257.61 190.17 403.69 246.58 -1 -1 -1 -1000 -1000 -1000 -10 1
26 5 Car -1 -1 -1 0.36 178.11 160.38 330.96 -1 -1 -1 -1000 -1000 -1000 -10 1
27 6 Car -1 -1 -1 319.87 188.85 467.83 244.87 -1 -1 -1 -1000 -1000 -1000 -10 1
27 5 Car -1 -1 -1 0.08 175.95 163.02 334.77 -1 -1 -1 -1000 -1000 -1000 -10 1
28 6 Car -1 -1 -1 368.54 186.82 521.86 245.48 -1 -1 -1 -1000 -1000 -1000 -10 1
28 5 Car -1 -1 -1 -1.52 179.68 159.65 345.49 -1 -1 -1 -1000 -1000 -1000 -10 1
29 6 Car -1 -1 -1 426.14 184.15 575.45 242.42 -1 -1 -1 -1000 -1000 -1000 -10 1
29 5 Car -1 -1 -1 -8.23 181.03 149.87 358.51 -1 -1 -1 -1000 -1000 -1000 -10 1
30 6 Car -1 -1 -1 483.92 183.01 631.74 241.51 -1 -1 -1 -1000 -1000 -1000 -10 1
30 5 Car -1 -1 -1 -11.46 174.10 143.24 362.14 -1 -1 -1 -1000 -1000 -1000 -10 1
31 8 Car -1 -1 -1 142.11 197.83 319.64 260.88 -1 -1 -1 -1000 -1000 -1000 -10 1
31 6 Car -1 -1 -1 544.50 182.32 690.89 236.13 -1 -1 -1 -1000 -1000 -1000 -10 1
31 5 Car -1 -1 -1 -13.32 170.74 136.34 365.60 -1 -1 -1 -1000 -1000 -1000 -10 1
32 8 Car -1 -1 -1 190.52 198.49 363.78 259.52 -1 -1 -1 -1000 -1000 -1000 -10 1
32 6 Car -1 -1 -1 601.22 181.15 745.95 234.02 -1 -1 -1 -1000 -1000 -1000 -10 1
32 5 Car -1 -1 -1 -11.36 170.28 136.20 360.86 -1 -1 -1 -1000 -1000 -1000 -10 1
33 8 Car -1 -1 -1 239.49 198.42 408.17 258.86 -1 -1 -1 -1000 -1000 -1000 -10 1
33 6 Car -1 -1 -1 657.50 178.43 801.67 230.80 -1 -1 -1 -1000 -1000 -1000 -10 1
33 5 Car -1 -1 -1 -9.29 169.50 134.67 368.77 -1 -1 -1 -1000 -1000 -1000 -10 1
34 8 Car -1 -1 -1 286.73 194.34 458.89 256.61 -1 -1 -1 -1000 -1000 -1000 -10 1
34 6 Car -1 -1 -1 712.01 177.92 856.94 230.18 -1 -1 -1 -1000 -1000 -1000 -10 1
34 5 Car -1 -1 -1 -9.48 166.70 132.81 372.11 -1 -1 -1 -1000 -1000 -1000 -10 1
36 8 Car -1 -1 -1 377.82 185.11 569.66 254.36 -1 -1 -1 -1000 -1000 -1000 -10 1
36 6 Car -1 -1 -1 816.31 174.98 964.57 229.33 -1 -1 -1 -1000 -1000 -1000 -10 1
36 5 Car -1 -1 -1 -11.63 164.20 120.13 375.58 -1 -1 -1 -1000 -1000 -1000 -10 1
37 8 Car -1 -1 -1 432.88 182.28 630.39 253.34 -1 -1 -1 -1000 -1000 -1000 -10 1
37 6 Car -1 -1 -1 870.11 171.80 1018.47 225.34 -1 -1 -1 -1000 -1000 -1000 -10 1
37 5 Car -1 -1 -1 -13.49 165.57 107.80 376.90 -1 -1 -1 -1000 -1000 -1000 -10 1
38 8 Car -1 -1 -1 485.30 182.35 686.92 252.05 -1 -1 -1 -1000 -1000 -1000 -10 1
38 6 Car -1 -1 -1 918.58 170.18 1065.44 222.19 -1 -1 -1 -1000 -1000 -1000 -10 1
39 8 Car -1 -1 -1 541.02 181.60 742.67 251.26 -1 -1 -1 -1000 -1000 -1000 -10 1
39 6 Car -1 -1 -1 969.75 170.30 1118.16 220.15 -1 -1 -1 -1000 -1000 -1000 -10 1
40 8 Car -1 -1 -1 592.58 179.74 795.04 249.76 -1 -1 -1 -1000 -1000 -1000 -10 1
40 6 Car -1 -1 -1 1028.85 165.81 1177.99 217.11 -1 -1 -1 -1000 -1000 -1000 -10 1
41 9 Car -1 -1 -1 9.71 193.23 170.41 255.14 -1 -1 -1 -1000 -1000 -1000 -10 1
41 8 Car -1 -1 -1 648.21 176.99 851.30 247.24 -1 -1 -1 -1000 -1000 -1000 -10 1
41 6 Car -1 -1 -1 1077.98 163.33 1230.30 215.89 -1 -1 -1 -1000 -1000 -1000 -10 1
42 9 Car -1 -1 -1 29.24 187.64 220.52 256.78 -1 -1 -1 -1000 -1000 -1000 -10 1
42 8 Car -1 -1 -1 703.06 175.53 903.90 244.49 -1 -1 -1 -1000 -1000 -1000 -10 1
42 6 Car -1 -1 -1 1119.96 162.16 1263.51 216.06 -1 -1 -1 -1000 -1000 -1000 -10 1
43 9 Car -1 -1 -1 69.85 183.94 274.10 255.46 -1 -1 -1 -1000 -1000 -1000 -10 1
43 8 Car -1 -1 -1 755.47 174.70 962.13 243.50 -1 -1 -1 -1000 -1000 -1000 -10 1
43 6 Car -1 -1 -1 1161.13 162.67 1281.28 216.53 -1 -1 -1 -1000 -1000 -1000 -10 1
44 9 Car -1 -1 -1 115.14 183.18 318.69 253.98 -1 -1 -1 -1000 -1000 -1000 -10 1
44 8 Car -1 -1 -1 808.42 173.11 1018.00 241.33 -1 -1 -1 -1000 -1000 -1000 -10 1
45 9 Car -1 -1 -1 161.92 184.14 363.83 253.69 -1 -1 -1 -1000 -1000 -1000 -10 1
45 8 Car -1 -1 -1 858.92 172.52 1069.74 240.60 -1 -1 -1 -1000 -1000 -1000 -10 1
46 9 Car -1 -1 -1 206.28 182.33 402.90 251.75 -1 -1 -1 -1000 -1000 -1000 -10 1
46 8 Car -1 -1 -1 925.10 171.44 1132.54 238.18 -1 -1 -1 -1000 -1000 -1000 -10 1
47 9 Car -1 -1 -1 262.55 182.66 455.36 252.17 -1 -1 -1 -1000 -1000 -1000 -10 1
47 8 Car -1 -1 -1 974.42 165.09 1188.21 232.76 -1 -1 -1 -1000 -1000 -1000 -10 1
48 9 Car -1 -1 -1 314.01 180.68 500.40 250.29 -1 -1 -1 -1000 -1000 -1000 -10 1
48 8 Car -1 -1 -1 1023.32 163.15 1241.54 232.10 -1 -1 -1 -1000 -1000 -1000 -10 1
49 9 Car -1 -1 -1 355.75 177.27 545.73 247.08 -1 -1 -1 -1000 -1000 -1000 -10 1
49 8 Car -1 -1 -1 1055.88 164.97 1256.66 228.87 -1 -1 -1 -1000 -1000 -1000 -10 1
50 9 Car -1 -1 -1 409.12 174.65 595.05 245.24 -1 -1 -1 -1000 -1000 -1000 -10 1
50 8 Car -1 -1 -1 1105.03 162.87 1285.98 227.88 -1 -1 -1 -1000 -1000 -1000 -10 1
51 9 Car -1 -1 -1 450.44 172.45 641.10 243.33 -1 -1 -1 -1000 -1000 -1000 -10 1
51 8 Car -1 -1 -1 1150.91 160.09 1297.00 225.05 -1 -1 -1 -1000 -1000 -1000 -10 1
52 9 Car -1 -1 -1 510.12 172.33 694.78 241.30 -1 -1 -1 -1000 -1000 -1000 -10 1
53 9 Car -1 -1 -1 563.81 171.70 745.09 238.96 -1 -1 -1 -1000 -1000 -1000 -10 1
54 9 Car -1 -1 -1 612.69 167.74 791.99 235.66 -1 -1 -1 -1000 -1000 -1000 -10 1
55 9 Car -1 -1 -1 666.39 167.28 842.55 233.30 -1 -1 -1 -1000 -1000 -1000 -10 1
56 9 Car -1 -1 -1 716.11 168.97 889.58 232.87 -1 -1 -1 -1000 -1000 -1000 -10 1
57 9 Car -1 -1 -1 766.09 170.45 940.27 231.91 -1 -1 -1 -1000 -1000 -1000 -10 1
58 9 Car -1 -1 -1 814.03 168.97 989.71 228.94 -1 -1 -1 -1000 -1000 -1000 -10 1
59 9 Car -1 -1 -1 859.41 165.12 1043.15 224.19 -1 -1 -1 -1000 -1000 -1000 -10 1
60 9 Car -1 -1 -1 904.67 165.84 1087.42 224.86 -1 -1 -1 -1000 -1000 -1000 -10 1
61 9 Car -1 -1 -1 955.00 163.99 1137.33 221.84 -1 -1 -1 -1000 -1000 -1000 -10 1
62 9 Car -1 -1 -1 1009.58 161.33 1191.77 219.53 -1 -1 -1 -1000 -1000 -1000 -10 1
63 9 Car -1 -1 -1 1051.34 160.69 1233.34 218.85 -1 -1 -1 -1000 -1000 -1000 -10 1
64 9 Car -1 -1 -1 1090.09 154.25 1264.18 214.62 -1 -1 -1 -1000 -1000 -1000 -10 1
65 9 Car -1 -1 -1 1133.29 155.70 1284.68 216.37 -1 -1 -1 -1000 -1000 -1000 -10 1
66 9 Car -1 -1 -1 1168.11 156.04 1290.79 216.38 -1 -1 -1 -1000 -1000 -1000 -10 1
90 11 Car -1 -1 -1 1074.85 161.67 1198.11 197.65 -1 -1 -1 -1000 -1000 -1000 -10 1
91 11 Car -1 -1 -1 1046.22 161.09 1165.03 195.81 -1 -1 -1 -1000 -1000 -1000 -10 1
92 11 Car -1 -1 -1 1012.22 164.05 1128.53 197.85 -1 -1 -1 -1000 -1000 -1000 -10 1
93 11 Car -1 -1 -1 982.70 164.31 1094.45 196.84 -1 -1 -1 -1000 -1000 -1000 -10 1
94 11 Car -1 -1 -1 946.93 167.78 1059.92 199.91 -1 -1 -1 -1000 -1000 -1000 -10 1
95 11 Car -1 -1 -1 910.50 167.85 1026.31 200.40 -1 -1 -1 -1000 -1000 -1000 -10 1
96 11 Car -1 -1 -1 881.58 168.21 995.72 200.94 -1 -1 -1 -1000 -1000 -1000 -10 1
97 11 Car -1 -1 -1 845.99 169.77 961.07 202.55 -1 -1 -1 -1000 -1000 -1000 -10 1
98 11 Car -1 -1 -1 816.66 169.90 932.60 203.96 -1 -1 -1 -1000 -1000 -1000 -10 1
99 11 Car -1 -1 -1 783.30 171.46 892.32 205.13 -1 -1 -1 -1000 -1000 -1000 -10 1
100 11 Car -1 -1 -1 746.38 172.48 859.15 205.11 -1 -1 -1 -1000 -1000 -1000 -10 1
101 11 Car -1 -1 -1 721.40 173.23 832.50 204.45 -1 -1 -1 -1000 -1000 -1000 -10 1
102 11 Car -1 -1 -1 692.04 173.67 797.29 203.95 -1 -1 -1 -1000 -1000 -1000 -10 1
103 11 Car -1 -1 -1 659.46 177.09 763.56 207.99 -1 -1 -1 -1000 -1000 -1000 -10 1
104 11 Car -1 -1 -1 630.45 177.44 731.76 207.26 -1 -1 -1 -1000 -1000 -1000 -10 1
105 11 Car -1 -1 -1 598.07 179.74 699.15 210.87 -1 -1 -1 -1000 -1000 -1000 -10 1
106 11 Car -1 -1 -1 567.99 182.50 668.42 212.92 -1 -1 -1 -1000 -1000 -1000 -10 1
107 11 Car -1 -1 -1 536.90 183.68 636.86 213.87 -1 -1 -1 -1000 -1000 -1000 -10 1
108 11 Car -1 -1 -1 500.53 183.35 602.39 214.83 -1 -1 -1 -1000 -1000 -1000 -10 1
112 11 Car -1 -1 -1 385.11 183.94 483.12 219.84 -1 -1 -1 -1000 -1000 -1000 -10 1
