0 2 Car -1 -1 -1 836.45 173.34 1043.19 325.39 -1 -1 -1 -1000 -1000 -1000 -10 1
0 1 Car -1 -1 -1 710.10 186.74 861.76 228.60 -1 -1 -1 -1000 -1000 -1000 -10 1
1 2 Car -1 -1 -1 834.77 176.28 1037.82 324.06 -1 -1 -1 -1000 -1000 -1000 -10 1
1 1 Car -1 -1 -1 685.08 186.90 833.18 229.46 -1 -1 -1 -1000 -1000 -1000 -10 1
2 2 Car -1 -1 -1 832.33 174.76 1028.21 321.30 -1 -1 -1 -1000 -1000 -1000 -10 1
2 1 Car -1 -1 -1 654.09 186.24 801.10 229.25 -1 -1 -1 -1000 -1000 -1000 -10 1
3 2 Car -1 -1 -1 828.52 171.39 1019.24 318.99 -1 -1 -1 -1000 -1000 -1000 -10 1
3 1 Car -1 -1 -1 621.87 188.79 762.87 228.70 -1 -1 -1 -1000 -1000 -1000 -10 1
4 2 Car -1 -1 -1 819.56 169.68 1008.59 322.47 -1 -1 -1 -1000 -1000 -1000 -10 1
4 1 Car -1 -1 -1 592.71 188.35 735.53 228.85 -1 -1 -1 -1000 -1000 -1000 -10 1
5 2 Car -1 -1 -1 811.00 169.67 990.21 320.18 -1 -1 -1 -1000 -1000 -1000 -10 1
5 1 Car -1 -1 -1 563.92 186.58 708.46 228.07 -1 -1 -1 -1000 -1000 -1000 -10 1
6 2 Car -1 -1 -1 796.97 168.86 972.43 317.58 -1 -1 -1 -1000 -1000 -1000 -10 1
6 1 Car -1 -1 -1 529.72 182.95 669.68 226.42 -1 -1 -1 -1000 -1000 -1000 -10 1
7 2 Car -1 -1 -1 786.30 168.42 957.03 313.66 -1 -1 -1 -1000 -1000 -1000 -10 1
7 1 Car -1 -1 -1 496.03 179.74 634.83 221.45 -1 -1 -1 -1000 -1000 -1000 -10 1
8 2 Car -1 -1 -1 776.89 167.68 940.71 312.42 -1 -1 -1 -1000 -1000 -1000 -10 1
8 1 Car -1 -1 -1 463.03 179.95 603.89 224.42 -1 -1 -1 -1000 -1000 -1000 -10 1
9 2 Car -1 -1 -1 755.18 167.06 918.97 311.84 -1 -1 -1 -1000 -1000 -1000 -10 1
9 1 Car -1 -1 -1 423.95 181.45 568.63 224.43 -1 -1 -1 -1000 -1000 -1000 -10 1
10 2 Car -1 -1 -1 736.80 170.48 897.27 314.16 -1 -1 -1 -1000 -1000 -1000 -10 1
10 1 Car -1 -1 -1 385.58 180.49 529.69 225.22 -1 -1 -1 -1000 -1000 -1000 -10 1
11 2 Car -1 -1 -1 710.35 169.38 873.72 312.65 -1 -1 -1 -1000 -1000 -1000 -10 1
11 1 Car -1 -1 -1 349.05 182.22 494.27 225.95 -1 -1 -1 -1000 -1000 -1000 -10 1
12 2 Car -1 -1 -1 684.58 171.73 854.42 314.22 -1 -1 -1 -1000 -1000 -1000 -10 1
12 1 Car -1 -1 -1 308.26 185.40 456.16 228.66 -1 -1 -1 -1000 -1000 -1000 -10 1
13 2 Car -1 -1 -1 657.04 173.63 826.86 312.88 -1 -1 -1 -1000 -1000 -1000 -10 1
13 1 Car -1 -1 -1 267.76 185.56 415.86 230.13 -1 -1 -1 -1000 -1000 -1000 -10 1
14 2 Car -1 -1 -1 630.81 171.80 801.34 309.50 -1 -1 -1 -1000 -1000 -1000 -10 1
14 1 Car -1 -1 -1 223.95 185.51 373.09 229.79 -1 -1 -1 -1000 -1000 -1000 -10 1
15 2 Car -1 -1 -1 597.01 170.23 768.98 309.26 -1 -1 -1 -1000 -1000 -1000 -10 1
15 1 Car -1 -1 -1 178.67 186.30 329.58 230.22 -1 -1 -1 -1000 -1000 -1000 -10 1
16 2 Car -1 -1 -1 570.21 170.71 741.75 307.53 -1 -1 -1 -1000 -1000 -1000 -10 1
16 1 Car -1 -1 -1 129.67 186.96 282.39 231.96 -1 -1 -1 -1000 -1000 -1000 -10 1
17 2 Car -1 -1 -1 537.71 174.51 712.34 312.15 -1 -1 -1 -1000 -1000 -1000 -10 1
17 1 Car -1 -1 -1 60.85 185.15 231.36 235.96 -1 -1 -1 -1000 -1000 -1000 -10 1
18 2 Car -1 -1 -1 504.17 172.97 685.21 312.17 -1 -1 -1 -1000 -1000 -1000 -10 1
18 1 Car -1 -1 -1 7.90 184.09 181.88 237.50 -1 -1 -1 -1000 -1000 -1000 -10 1
19 2 Car -1 -1 -1 477.94 171.46 663.29 308.72 -1 -1 -1 -1000 -1000 -1000 -10 1
19 1 Car -1 -1 -1 -18.16 184.83 150.42 241.11 -1 -1 -1 -1000 -1000 -1000 -10 1
20 2 Car -1 -1 -1 446.17 170.63 636.57 307.68 -1 -1 -1 -1000 -1000 -1000 -10 1
20 1 Car -1 -1 -1 -33.47 186.12 115.17 242.76 -1 -1 -1 -1000 -1000 -1000 -10 1
21 2 Car -1 -1 -1 419.05 169.43 615.61 306.75 -1 -1 -1 -1000 -1000 -1000 -10 1
21 1 Car -1 -1 -1 -40.18 182.02 87.92 241.43 -1 -1 -1 -1000 -1000 -1000 -10 1
22 2 Car -1 -1 -1 386.86 169.00 589.40 308.39 -1 -1 -1 -1000 -1000 -1000 -10 1
23 2 Car -1 -1 -1 363.43 167.99 570.02 308.41 -1 -1 -1 -1000 -1000 -1000 -10 1
24 8 Car -1 -1 -1 807.99 176.71 885.85 206.83 -1 -1 -1 -1000 -1000 -1000 -10 1
24 2 Car -1 -1 -1 335.22 167.14 547.64 309.14 -1 -1 -1 -1000 -1000 -1000 -10 1
25 8 Car -1 -1 -1 805.53 176.60 885.72 207.70 -1 -1 -1 -1000 -1000 -1000 -10 1
25 2 Car -1 -1 -1 311.90 166.40 528.43 309.59 -1 -1 -1 -1000 -1000 -1000 -10 1
26 8 Car -1 -1 -1 805.61 176.71 886.63 208.25 -1 -1 -1 -1000 -1000 -1000 -10 1
26 2 Car -1 -1 -1 284.56 167.24 505.68 313.90 -1 -1 -1 -1000 -1000 -1000 -10 1
27 8 Car -1 -1 -1 806.69 177.82 888.39 209.47 -1 -1 -1 -1000 -1000 -1000 -10 1
27 2 Car -1 -1 -1 260.13 169.78 483.25 316.68 -1 -1 -1 -1000 -1000 -1000 -10 1
28 8 Car -1 -1 -1 810.04 178.56 892.24 210.91 -1 -1 -1 -1000 -1000 -1000 -10 1
31 2 Car -1 -1 -1 163.62 181.50 409.73 330.77 -1 -1 -1 -1000 -1000 -1000 -10 1
32 8 Car -1 -1 -1 836.99 181.40 928.19 217.74 -1 -1 -1 -1000 -1000 -1000 -10 1
32 2 Car -1 -1 -1 142.16 182.80 395.90 333.95 -1 -1 -1 -1000 -1000 -1000 -10 1
33 8 Car -1 -1 -1 849.98 182.69 944.22 218.89 -1 -1 -1 -1000 -1000 -1000 -10 1
33 2 Car -1 -1 -1 122.36 183.88 382.39 337.03 -1 -1 -1 -1000 -1000 -1000 -10 1
34 8 Car -1 -1 -1 861.59 183.49 960.33 219.83 -1 -1 -1 -1000 -1000 -1000 -10 1
34 2 Car -1 -1 -1 106.50 186.71 372.73 339.17 -1 -1 -1 -1000 -1000 -1000 -10 1
35 8 Car -1 -1 -1 878.43 183.03 979.20 219.80 -1 -1 -1 -1000 -1000 -1000 -10 1
35 2 Car -1 -1 -1 90.58 185.08 362.91 340.14 -1 -1 -1 -1000 -1000 -1000 -10 1
36 8 Car -1 -1 -1 895.24 185.78 1000.13 222.47 -1 -1 -1 -1000 -1000 -1000 -10 1
36 2 Car -1 -1 -1 75.66 184.81 351.72 342.51 -1 -1 -1 -1000 -1000 -1000 -10 1
37 8 Car -1 -1 -1 919.92 183.68 1026.44 221.36 -1 -1 -1 -1000 -1000 -1000 -10 1
37 2 Car -1 -1 -1 60.73 188.42 339.23 342.91 -1 -1 -1 -1000 -1000 -1000 -10 1
38 8 Car -1 -1 -1 946.16 181.22 1055.88 220.12 -1 -1 -1 -1000 -1000 -1000 -10 1
38 2 Car -1 -1 -1 48.75 188.26 331.29 342.49 -1 -1 -1 -1000 -1000 -1000 -10 1
39 8 Car -1 -1 -1 971.75 182.67 1084.59 221.91 -1 -1 -1 -1000 -1000 -1000 -10 1
39 2 Car -1 -1 -1 39.04 191.54 324.03 342.64 -1 -1 -1 -1000 -1000 -1000 -10 1
40 8 Car -1 -1 -1 999.84 185.34 1119.18 225.35 -1 -1 -1 -1000 -1000 -1000 -10 1
40 2 Car -1 -1 -1 34.15 193.16 319.10 342.77 -1 -1 -1 -1000 -1000 -1000 -10 1
41 8 Car -1 -1 -1 1025.91 187.26 1151.49 227.90 -1 -1 -1 -1000 -1000 -1000 -10 1
41 2 Car -1 -1 -1 26.19 189.93 314.83 344.99 -1 -1 -1 -1000 -1000 -1000 -10 1
42 8 Car -1 -1 -1 1063.53 186.70 1194.64 228.40 -1 -1 -1 -1000 -1000 -1000 -10 1
42 2 Car -1 -1 -1 27.44 194.06 311.67 345.59 -1 -1 -1 -1000 -1000 -1000 -10 1
43 8 Car -1 -1 -1 1104.38 185.58 1237.74 229.48 -1 -1 -1 -1000 -1000 -1000 -10 1
43 2 Car -1 -1 -1 19.66 191.00 309.77 347.59 -1 -1 -1 -1000 -1000 -1000 -10 1
44 8 Car -1 -1 -1 1136.56 179.11 1261.31 223.51 -1 -1 -1 -1000 -1000 -1000 -10 1
44 2 Car -1 -1 -1 19.78 189.68 311.28 348.54 -1 -1 -1 -1000 -1000 -1000 -10 1
45 2 Car -1 -1 -1 21.37 186.90 312.92 348.09 -1 -1 -1 -1000 -1000 -1000 -10 1
46 2 Car -1 -1 -1 22.38 187.00 315.07 349.70 -1 -1 -1 -1000 -1000 -1000 -10 1
47 2 Car -1 -1 -1 26.25 186.56 317.50 348.86 -1 -1 -1 -1000 -1000 -1000 -10 1
48 16 Car -1 -1 -1 15.60 172.90 119.38 236.70 -1 -1 -1 -1000 -1000 -1000 -10 1
48 2 Car -1 -1 -1 35.74 185.80 321.42 344.27 -1 -1 -1 -1000 -1000 -1000 -10 1
49 2 Car -1 -1 -1 49.56 183.99 327.23 340.89 -1 -1 -1 -1000 -1000 -1000 -10 1
50 18 Car -1 -1 -1 68.47 175.08 189.05 225.43 -1 -1 -1 -1000 -1000 -1000 -10 1
50 2 Car -1 -1 -1 62.03 181.94 332.25 336.53 -1 -1 -1 -1000 -1000 -1000 -10 1
51 19 Car -1 -1 -1 119.86 175.39 217.98 215.69 -1 -1 -1 -1000 -1000 -1000 -10 1
51 18 Car -1 -1 -1 100.71 181.33 228.95 235.03 -1 -1 -1 -1000 -1000 -1000 -10 1
51 2 Car -1 -1 -1 74.20 178.95 338.43 333.33 -1 -1 -1 -1000 -1000 -1000 -10 1
52 19 Car -1 -1 -1 92.25 169.79 198.95 212.18 -1 -1 -1 -1000 -1000 -1000 -10 1
52 18 Car -1 -1 -1 147.82 176.78 265.32 226.60 -1 -1 -1 -1000 -1000 -1000 -10 1
52 2 Car -1 -1 -1 84.27 177.72 342.72 329.10 -1 -1 -1 -1000 -1000 -1000 -10 1
53 18 Car -1 -1 -1 184.59 169.38 285.61 215.54 -1 -1 -1 -1000 -1000 -1000 -10 1
53 2 Car -1 -1 -1 99.67 175.57 348.86 323.41 -1 -1 -1 -1000 -1000 -1000 -10 1
54 21 Car -1 -1 -1 11.84 180.38 108.17 228.17 -1 -1 -1 -1000 -1000 -1000 -10 1
54 18 Car -1 -1 -1 222.52 167.52 309.20 207.31 -1 -1 -1 -1000 -1000 -1000 -10 1
54 2 Car -1 -1 -1 116.08 173.73 354.67 320.87 -1 -1 -1 -1000 -1000 -1000 -10 1
55 21 Car -1 -1 -1 21.57 182.21 133.95 229.67 -1 -1 -1 -1000 -1000 -1000 -10 1
55 2 Car -1 -1 -1 129.13 173.24 366.10 320.40 -1 -1 -1 -1000 -1000 -1000 -10 1
56 21 Car -1 -1 -1 47.86 180.01 167.18 226.81 -1 -1 -1 -1000 -1000 -1000 -10 1
56 2 Car -1 -1 -1 146.51 173.80 378.03 319.98 -1 -1 -1 -1000 -1000 -1000 -10 1
57 21 Car -1 -1 -1 67.79 181.58 194.46 225.52 -1 -1 -1 -1000 -1000 -1000 -10 1
57 2 Car -1 -1 -1 165.63 172.77 386.16 315.25 -1 -1 -1 -1000 -1000 -1000 -10 1
58 21 Car -1 -1 -1 93.13 178.39 223.04 220.15 -1 -1 -1 -1000 -1000 -1000 -10 1
58 2 Car -1 -1 -1 182.96 172.62 397.03 313.32 -1 -1 -1 -1000 -1000 -1000 -10 1
59 21 Car -1 -1 -1 87.80 182.78 220.76 224.32 -1 -1 -1 -1000 -1000 -1000 -10 1
59 2 Car -1 -1 -1 203.59 172.13 410.34 312.44 -1 -1 -1 -1000 -1000 -1000 -10 1
60 26 Car -1 -1 -1 396.69 165.42 457.70 197.36 -1 -1 -1 -1000 -1000 -1000 -10 1
60 2 Car -1 -1 -1 223.10 170.51 422.68 310.53 -1 -1 -1 -1000 -1000 -1000 -10 1
61 2 Car -1 -1 -1 239.67 170.71 433.72 307.97 -1 -1 -1 -1000 -1000 -1000 -10 1
62 23 Car -1 -1 -1 447.65 164.94 508.88 196.61 -1 -1 -1 -1000 -1000 -1000 -10 1
62 2 Car -1 -1 -1 261.90 171.07 448.08 305.73 -1 -1 -1 -1000 -1000 -1000 -10 1
63 23 Car -1 -1 -1 475.12 164.77 533.10 196.65 -1 -1 -1 -1000 -1000 -1000 -10 1
63 2 Car -1 -1 -1 283.08 172.90 463.16 305.21 -1 -1 -1 -1000 -1000 -1000 -10 1
64 23 Car -1 -1 -1 495.28 162.73 556.45 195.00 -1 -1 -1 -1000 -1000 -1000 -10 1
64 2 Car -1 -1 -1 302.96 170.67 472.52 298.05 -1 -1 -1 -1000 -1000 -1000 -10 1
65 23 Car -1 -1 -1 516.90 165.61 574.49 197.44 -1 -1 -1 -1000 -1000 -1000 -10 1
65 2 Car -1 -1 -1 320.56 172.92 486.98 299.05 -1 -1 -1 -1000 -1000 -1000 -10 1
66 27 Car -1 -1 -1 267.38 184.49 390.23 229.16 -1 -1 -1 -1000 -1000 -1000 -10 1
66 23 Car -1 -1 -1 539.28 166.09 596.27 197.49 -1 -1 -1 -1000 -1000 -1000 -10 1
66 2 Car -1 -1 -1 341.03 176.05 501.65 299.02 -1 -1 -1 -1000 -1000 -1000 -10 1
67 27 Car -1 -1 -1 290.04 184.75 412.33 228.32 -1 -1 -1 -1000 -1000 -1000 -10 1
67 23 Car -1 -1 -1 565.51 165.61 622.03 197.96 -1 -1 -1 -1000 -1000 -1000 -10 1
67 2 Car -1 -1 -1 360.22 175.28 515.17 294.25 -1 -1 -1 -1000 -1000 -1000 -10 1
68 27 Car -1 -1 -1 306.37 183.95 429.67 227.71 -1 -1 -1 -1000 -1000 -1000 -10 1
68 23 Car -1 -1 -1 586.79 164.58 645.44 197.06 -1 -1 -1 -1000 -1000 -1000 -10 1
68 2 Car -1 -1 -1 381.26 176.53 531.18 291.14 -1 -1 -1 -1000 -1000 -1000 -10 1
69 35 Car -1 -1 -1 607.82 165.66 663.52 199.03 -1 -1 -1 -1000 -1000 -1000 -10 1
69 27 Car -1 -1 -1 314.46 185.97 436.71 229.82 -1 -1 -1 -1000 -1000 -1000 -10 1
69 23 Car -1 -1 -1 607.15 164.97 664.97 196.72 -1 -1 -1 -1000 -1000 -1000 -10 1
69 2 Car -1 -1 -1 402.86 175.15 548.89 287.17 -1 -1 -1 -1000 -1000 -1000 -10 1
70 35 Car -1 -1 -1 631.07 163.24 690.99 199.26 -1 -1 -1 -1000 -1000 -1000 -10 1
70 27 Car -1 -1 -1 318.48 185.31 444.73 230.66 -1 -1 -1 -1000 -1000 -1000 -10 1
70 23 Car -1 -1 -1 630.44 164.73 689.10 196.59 -1 -1 -1 -1000 -1000 -1000 -10 1
70 2 Car -1 -1 -1 421.04 176.27 564.47 285.99 -1 -1 -1 -1000 -1000 -1000 -10 1
71 35 Car -1 -1 -1 651.27 161.88 717.92 201.34 -1 -1 -1 -1000 -1000 -1000 -10 1
71 27 Car -1 -1 -1 337.06 184.70 461.67 230.38 -1 -1 -1 -1000 -1000 -1000 -10 1
71 23 Car -1 -1 -1 650.61 164.95 711.45 198.06 -1 -1 -1 -1000 -1000 -1000 -10 1
71 2 Car -1 -1 -1 444.47 174.09 585.38 280.70 -1 -1 -1 -1000 -1000 -1000 -10 1
72 35 Car -1 -1 -1 666.26 161.72 733.27 200.04 -1 -1 -1 -1000 -1000 -1000 -10 1
72 27 Car -1 -1 -1 348.10 182.84 469.96 231.28 -1 -1 -1 -1000 -1000 -1000 -10 1
72 23 Car -1 -1 -1 666.10 165.44 727.59 198.15 -1 -1 -1 -1000 -1000 -1000 -10 1
72 2 Car -1 -1 -1 465.09 176.09 603.36 281.75 -1 -1 -1 -1000 -1000 -1000 -10 1
73 35 Car -1 -1 -1 686.79 160.31 753.91 199.14 -1 -1 -1 -1000 -1000 -1000 -10 1
73 27 Car -1 -1 -1 357.63 182.19 479.79 232.13 -1 -1 -1 -1000 -1000 -1000 -10 1
73 23 Car -1 -1 -1 687.71 163.78 750.14 197.71 -1 -1 -1 -1000 -1000 -1000 -10 1
73 2 Car -1 -1 -1 487.55 176.86 623.58 279.87 -1 -1 -1 -1000 -1000 -1000 -10 1
74 27 Car -1 -1 -1 376.97 185.39 495.75 238.16 -1 -1 -1 -1000 -1000 -1000 -10 1
74 23 Car -1 -1 -1 706.49 166.10 769.59 200.56 -1 -1 -1 -1000 -1000 -1000 -10 1
74 2 Car -1 -1 -1 508.69 175.45 641.23 279.11 -1 -1 -1 -1000 -1000 -1000 -10 1
75 27 Car -1 -1 -1 358.50 184.42 493.75 243.09 -1 -1 -1 -1000 -1000 -1000 -10 1
75 23 Car -1 -1 -1 722.05 166.20 788.66 202.52 -1 -1 -1 -1000 -1000 -1000 -10 1
75 2 Car -1 -1 -1 528.90 179.18 659.32 281.81 -1 -1 -1 -1000 -1000 -1000 -10 1
76 27 Car -1 -1 -1 346.47 184.29 496.83 248.80 -1 -1 -1 -1000 -1000 -1000 -10 1
76 23 Car -1 -1 -1 734.93 162.62 806.03 201.52 -1 -1 -1 -1000 -1000 -1000 -10 1
76 2 Car -1 -1 -1 550.86 177.65 680.09 279.17 -1 -1 -1 -1000 -1000 -1000 -10 1
77 27 Car -1 -1 -1 338.12 183.09 502.08 252.28 -1 -1 -1 -1000 -1000 -1000 -10 1
77 23 Car -1 -1 -1 749.98 166.18 821.06 204.42 -1 -1 -1 -1000 -1000 -1000 -10 1
77 2 Car -1 -1 -1 570.21 177.53 700.67 278.59 -1 -1 -1 -1000 -1000 -1000 -10 1
78 27 Car -1 -1 -1 332.54 183.30 506.33 254.71 -1 -1 -1 -1000 -1000 -1000 -10 1
78 23 Car -1 -1 -1 760.20 167.68 830.93 205.38 -1 -1 -1 -1000 -1000 -1000 -10 1
78 2 Car -1 -1 -1 591.18 180.49 722.83 279.53 -1 -1 -1 -1000 -1000 -1000 -10 1
79 27 Car -1 -1 -1 326.49 183.44 508.38 256.92 -1 -1 -1 -1000 -1000 -1000 -10 1
79 23 Car -1 -1 -1 776.05 166.93 847.46 206.11 -1 -1 -1 -1000 -1000 -1000 -10 1
79 2 Car -1 -1 -1 611.02 180.63 742.78 278.03 -1 -1 -1 -1000 -1000 -1000 -10 1
80 27 Car -1 -1 -1 317.76 185.40 504.46 258.45 -1 -1 -1 -1000 -1000 -1000 -10 1
80 23 Car -1 -1 -1 785.92 167.47 861.38 207.03 -1 -1 -1 -1000 -1000 -1000 -10 1
80 2 Car -1 -1 -1 625.54 182.56 759.89 279.97 -1 -1 -1 -1000 -1000 -1000 -10 1
81 27 Car -1 -1 -1 310.26 189.84 496.88 259.64 -1 -1 -1 -1000 -1000 -1000 -10 1
81 23 Car -1 -1 -1 789.58 170.22 870.15 209.47 -1 -1 -1 -1000 -1000 -1000 -10 1
81 2 Car -1 -1 -1 645.21 184.42 778.87 280.87 -1 -1 -1 -1000 -1000 -1000 -10 1
82 45 Car -1 -1 -1 924.48 176.83 972.31 203.23 -1 -1 -1 -1000 -1000 -1000 -10 1
82 27 Car -1 -1 -1 304.49 192.74 492.83 261.70 -1 -1 -1 -1000 -1000 -1000 -10 1
82 23 Car -1 -1 -1 799.06 170.91 881.76 211.36 -1 -1 -1 -1000 -1000 -1000 -10 1
82 2 Car -1 -1 -1 665.09 185.55 799.35 281.74 -1 -1 -1 -1000 -1000 -1000 -10 1
83 27 Car -1 -1 -1 284.14 195.41 481.87 265.56 -1 -1 -1 -1000 -1000 -1000 -10 1
83 2 Car -1 -1 -1 683.64 186.03 816.99 281.19 -1 -1 -1 -1000 -1000 -1000 -10 1
84 46 Car -1 -1 -1 889.13 174.74 950.37 209.60 -1 -1 -1 -1000 -1000 -1000 -10 1
84 27 Car -1 -1 -1 256.18 196.51 468.54 270.41 -1 -1 -1 -1000 -1000 -1000 -10 1
84 2 Car -1 -1 -1 703.10 185.53 838.64 281.01 -1 -1 -1 -1000 -1000 -1000 -10 1
85 48 Car -1 -1 -1 794.23 174.07 900.26 221.31 -1 -1 -1 -1000 -1000 -1000 -10 1
85 46 Car -1 -1 -1 894.84 174.47 955.29 209.00 -1 -1 -1 -1000 -1000 -1000 -10 1
85 27 Car -1 -1 -1 224.51 197.13 459.55 278.79 -1 -1 -1 -1000 -1000 -1000 -10 1
85 2 Car -1 -1 -1 723.12 184.65 862.05 280.33 -1 -1 -1 -1000 -1000 -1000 -10 1
86 48 Car -1 -1 -1 799.97 175.61 903.44 219.40 -1 -1 -1 -1000 -1000 -1000 -10 1
86 46 Car -1 -1 -1 901.16 175.92 963.47 211.00 -1 -1 -1 -1000 -1000 -1000 -10 1
86 27 Car -1 -1 -1 182.72 196.45 448.50 286.03 -1 -1 -1 -1000 -1000 -1000 -10 1
86 2 Car -1 -1 -1 734.74 185.08 876.69 279.46 -1 -1 -1 -1000 -1000 -1000 -10 1
87 49 Car -1 -1 -1 1006.88 163.46 1063.49 200.64 -1 -1 -1 -1000 -1000 -1000 -10 1
87 48 Car -1 -1 -1 806.43 175.04 903.88 215.89 -1 -1 -1 -1000 -1000 -1000 -10 1
87 46 Car -1 -1 -1 905.07 176.99 969.61 214.14 -1 -1 -1 -1000 -1000 -1000 -10 1
87 27 Car -1 -1 -1 137.17 197.75 435.56 295.48 -1 -1 -1 -1000 -1000 -1000 -10 1
87 2 Car -1 -1 -1 752.41 182.85 896.09 276.36 -1 -1 -1 -1000 -1000 -1000 -10 1
88 50 Car -1 -1 -1 682.07 184.89 800.28 231.74 -1 -1 -1 -1000 -1000 -1000 -10 1
88 49 Car -1 -1 -1 1002.31 163.24 1059.17 200.07 -1 -1 -1 -1000 -1000 -1000 -10 1
88 48 Car -1 -1 -1 808.33 172.41 907.41 212.25 -1 -1 -1 -1000 -1000 -1000 -10 1
88 46 Car -1 -1 -1 907.10 176.79 972.32 215.26 -1 -1 -1 -1000 -1000 -1000 -10 1
88 27 Car -1 -1 -1 84.61 197.67 404.33 300.36 -1 -1 -1 -1000 -1000 -1000 -10 1
88 2 Car -1 -1 -1 762.48 180.78 912.09 275.01 -1 -1 -1 -1000 -1000 -1000 -10 1
89 50 Car -1 -1 -1 675.70 185.63 789.34 230.15 -1 -1 -1 -1000 -1000 -1000 -10 1
89 49 Car -1 -1 -1 1002.20 161.73 1060.78 198.72 -1 -1 -1 -1000 -1000 -1000 -10 1
89 46 Car -1 -1 -1 908.45 172.81 972.55 211.03 -1 -1 -1 -1000 -1000 -1000 -10 1
89 27 Car -1 -1 -1 26.73 199.17 371.73 304.00 -1 -1 -1 -1000 -1000 -1000 -10 1
89 2 Car -1 -1 -1 777.43 177.81 927.29 271.52 -1 -1 -1 -1000 -1000 -1000 -10 1
90 50 Car -1 -1 -1 662.50 185.34 776.04 229.55 -1 -1 -1 -1000 -1000 -1000 -10 1
90 49 Car -1 -1 -1 1000.63 159.06 1060.26 197.18 -1 -1 -1 -1000 -1000 -1000 -10 1
90 46 Car -1 -1 -1 906.72 171.98 968.32 210.18 -1 -1 -1 -1000 -1000 -1000 -10 1
90 27 Car -1 -1 -1 1.80 199.25 351.76 309.74 -1 -1 -1 -1000 -1000 -1000 -10 1
90 2 Car -1 -1 -1 786.99 176.78 936.36 266.96 -1 -1 -1 -1000 -1000 -1000 -10 1
91 50 Car -1 -1 -1 654.16 185.84 771.26 232.12 -1 -1 -1 -1000 -1000 -1000 -10 1
91 49 Car -1 -1 -1 992.93 161.11 1053.75 198.60 -1 -1 -1 -1000 -1000 -1000 -10 1
91 27 Car -1 -1 -1 -19.14 199.50 316.86 312.09 -1 -1 -1 -1000 -1000 -1000 -10 1
91 2 Car -1 -1 -1 799.05 173.83 950.82 265.57 -1 -1 -1 -1000 -1000 -1000 -10 1
92 50 Car -1 -1 -1 640.55 185.36 757.21 233.89 -1 -1 -1 -1000 -1000 -1000 -10 1
92 49 Car -1 -1 -1 984.46 162.19 1042.84 198.75 -1 -1 -1 -1000 -1000 -1000 -10 1
92 48 Car -1 -1 -1 797.85 172.40 892.13 214.80 -1 -1 -1 -1000 -1000 -1000 -10 1
92 27 Car -1 -1 -1 -32.73 197.20 276.28 310.88 -1 -1 -1 -1000 -1000 -1000 -10 1
92 2 Car -1 -1 -1 805.73 175.04 960.31 266.29 -1 -1 -1 -1000 -1000 -1000 -10 1
93 50 Car -1 -1 -1 625.52 184.65 745.22 235.15 -1 -1 -1 -1000 -1000 -1000 -10 1
93 49 Car -1 -1 -1 978.17 164.19 1035.73 201.58 -1 -1 -1 -1000 -1000 -1000 -10 1
93 48 Car -1 -1 -1 782.81 172.02 887.00 216.10 -1 -1 -1 -1000 -1000 -1000 -10 1
93 27 Car -1 -1 -1 -41.84 198.83 237.10 314.23 -1 -1 -1 -1000 -1000 -1000 -10 1
93 2 Car -1 -1 -1 812.93 177.08 967.12 271.43 -1 -1 -1 -1000 -1000 -1000 -10 1
94 50 Car -1 -1 -1 607.50 188.96 734.14 241.60 -1 -1 -1 -1000 -1000 -1000 -10 1
94 49 Car -1 -1 -1 970.67 166.00 1028.55 204.50 -1 -1 -1 -1000 -1000 -1000 -10 1
94 48 Car -1 -1 -1 771.69 170.71 872.69 215.16 -1 -1 -1 -1000 -1000 -1000 -10 1
94 27 Car -1 -1 -1 -53.49 200.72 179.77 319.23 -1 -1 -1 -1000 -1000 -1000 -10 1
94 2 Car -1 -1 -1 822.51 182.37 970.67 275.45 -1 -1 -1 -1000 -1000 -1000 -10 1
95 50 Car -1 -1 -1 588.29 191.39 720.25 245.81 -1 -1 -1 -1000 -1000 -1000 -10 1
95 49 Car -1 -1 -1 959.60 162.46 1016.47 201.18 -1 -1 -1 -1000 -1000 -1000 -10 1
95 2 Car -1 -1 -1 826.23 183.29 969.12 277.35 -1 -1 -1 -1000 -1000 -1000 -10 1
96 50 Car -1 -1 -1 565.74 193.27 701.45 250.05 -1 -1 -1 -1000 -1000 -1000 -10 1
96 49 Car -1 -1 -1 944.11 159.08 1000.76 197.51 -1 -1 -1 -1000 -1000 -1000 -10 1
96 2 Car -1 -1 -1 828.79 180.31 966.14 272.90 -1 -1 -1 -1000 -1000 -1000 -10 1
97 54 Car -1 -1 -1 707.13 174.81 814.50 226.24 -1 -1 -1 -1000 -1000 -1000 -10 1
97 50 Car -1 -1 -1 538.01 191.63 678.42 251.52 -1 -1 -1 -1000 -1000 -1000 -10 1
97 49 Car -1 -1 -1 927.50 161.42 985.60 200.13 -1 -1 -1 -1000 -1000 -1000 -10 1
97 2 Car -1 -1 -1 826.15 180.27 960.48 271.32 -1 -1 -1 -1000 -1000 -1000 -10 1
98 54 Car -1 -1 -1 684.39 172.94 796.33 225.16 -1 -1 -1 -1000 -1000 -1000 -10 1
98 50 Car -1 -1 -1 505.14 191.17 654.32 255.08 -1 -1 -1 -1000 -1000 -1000 -10 1
98 49 Car -1 -1 -1 906.64 160.80 968.74 203.04 -1 -1 -1 -1000 -1000 -1000 -10 1
98 2 Car -1 -1 -1 819.00 178.18 953.18 267.53 -1 -1 -1 -1000 -1000 -1000 -10 1
99 54 Car -1 -1 -1 659.85 170.73 775.52 224.39 -1 -1 -1 -1000 -1000 -1000 -10 1
99 50 Car -1 -1 -1 473.66 190.13 625.71 257.98 -1 -1 -1 -1000 -1000 -1000 -10 1
99 49 Car -1 -1 -1 884.58 158.62 944.52 202.01 -1 -1 -1 -1000 -1000 -1000 -10 1
99 2 Car -1 -1 -1 812.95 175.36 944.57 262.72 -1 -1 -1 -1000 -1000 -1000 -10 1
100 57 Car -1 -1 -1 860.12 159.26 916.14 197.21 -1 -1 -1 -1000 -1000 -1000 -10 1
100 54 Car -1 -1 -1 635.38 167.96 750.77 223.59 -1 -1 -1 -1000 -1000 -1000 -10 1
100 50 Car -1 -1 -1 436.66 188.28 598.09 262.25 -1 -1 -1 -1000 -1000 -1000 -10 1
100 49 Car -1 -1 -1 862.94 162.48 922.10 205.55 -1 -1 -1 -1000 -1000 -1000 -10 1
100 2 Car -1 -1 -1 802.76 174.76 931.62 261.49 -1 -1 -1 -1000 -1000 -1000 -10 1
101 59 Car -1 -1 -1 730.32 171.88 789.23 206.12 -1 -1 -1 -1000 -1000 -1000 -10 1
101 57 Car -1 -1 -1 848.63 158.38 900.15 193.40 -1 -1 -1 -1000 -1000 -1000 -10 1
101 50 Car -1 -1 -1 392.71 188.57 560.86 266.19 -1 -1 -1 -1000 -1000 -1000 -10 1
101 2 Car -1 -1 -1 791.62 172.93 917.37 260.17 -1 -1 -1 -1000 -1000 -1000 -10 1
102 59 Car -1 -1 -1 707.78 172.39 771.49 209.79 -1 -1 -1 -1000 -1000 -1000 -10 1
102 58 Car -1 -1 -1 575.27 164.28 708.14 228.22 -1 -1 -1 -1000 -1000 -1000 -10 1
102 57 Car -1 -1 -1 820.59 160.16 873.39 197.40 -1 -1 -1 -1000 -1000 -1000 -10 1
102 50 Car -1 -1 -1 351.01 192.11 522.53 271.93 -1 -1 -1 -1000 -1000 -1000 -10 1
102 2 Car -1 -1 -1 782.13 172.69 900.47 258.76 -1 -1 -1 -1000 -1000 -1000 -10 1
103 59 Car -1 -1 -1 680.57 173.86 744.86 213.29 -1 -1 -1 -1000 -1000 -1000 -10 1
103 58 Car -1 -1 -1 543.58 165.13 683.11 233.03 -1 -1 -1 -1000 -1000 -1000 -10 1
103 57 Car -1 -1 -1 801.16 166.65 855.13 204.62 -1 -1 -1 -1000 -1000 -1000 -10 1
103 50 Car -1 -1 -1 295.29 191.61 487.37 280.17 -1 -1 -1 -1000 -1000 -1000 -10 1
103 2 Car -1 -1 -1 765.57 175.26 878.60 258.15 -1 -1 -1 -1000 -1000 -1000 -10 1
104 59 Car -1 -1 -1 657.28 176.38 723.45 216.89 -1 -1 -1 -1000 -1000 -1000 -10 1
104 58 Car -1 -1 -1 512.56 165.27 656.49 236.49 -1 -1 -1 -1000 -1000 -1000 -10 1
104 57 Car -1 -1 -1 774.44 165.53 825.16 202.38 -1 -1 -1 -1000 -1000 -1000 -10 1
104 50 Car -1 -1 -1 233.18 194.04 448.19 293.24 -1 -1 -1 -1000 -1000 -1000 -10 1
104 2 Car -1 -1 -1 751.54 173.77 865.72 257.84 -1 -1 -1 -1000 -1000 -1000 -10 1
106 59 Car -1 -1 -1 601.11 179.86 679.25 223.59 -1 -1 -1 -1000 -1000 -1000 -10 1
106 57 Car -1 -1 -1 734.83 168.71 780.77 203.51 -1 -1 -1 -1000 -1000 -1000 -10 1
106 50 Car -1 -1 -1 64.86 203.15 343.55 330.03 -1 -1 -1 -1000 -1000 -1000 -10 1
106 2 Car -1 -1 -1 719.17 176.65 823.14 257.94 -1 -1 -1 -1000 -1000 -1000 -10 1
107 66 Car -1 -1 -1 654.21 177.46 707.64 209.89 -1 -1 -1 -1000 -1000 -1000 -10 1
107 59 Car -1 -1 -1 574.66 182.22 654.94 225.50 -1 -1 -1 -1000 -1000 -1000 -10 1
107 57 Car -1 -1 -1 711.28 169.25 752.50 202.29 -1 -1 -1 -1000 -1000 -1000 -10 1
107 50 Car -1 -1 -1 11.80 205.89 299.02 345.65 -1 -1 -1 -1000 -1000 -1000 -10 1
107 2 Car -1 -1 -1 704.17 176.23 802.33 254.99 -1 -1 -1 -1000 -1000 -1000 -10 1
108 66 Car -1 -1 -1 633.43 177.74 683.03 207.52 -1 -1 -1 -1000 -1000 -1000 -10 1
108 59 Car -1 -1 -1 544.27 182.29 627.47 226.55 -1 -1 -1 -1000 -1000 -1000 -10 1
108 58 Car -1 -1 -1 369.86 168.26 534.95 257.49 -1 -1 -1 -1000 -1000 -1000 -10 1
108 57 Car -1 -1 -1 685.31 167.54 723.25 198.53 -1 -1 -1 -1000 -1000 -1000 -10 1
108 50 Car -1 -1 -1 -24.13 210.28 249.71 358.35 -1 -1 -1 -1000 -1000 -1000 -10 1
108 2 Car -1 -1 -1 692.37 177.27 784.82 253.87 -1 -1 -1 -1000 -1000 -1000 -10 1
109 66 Car -1 -1 -1 608.11 176.63 660.03 208.08 -1 -1 -1 -1000 -1000 -1000 -10 1
109 59 Car -1 -1 -1 514.32 182.05 601.10 227.57 -1 -1 -1 -1000 -1000 -1000 -10 1
109 58 Car -1 -1 -1 325.08 165.34 498.37 261.66 -1 -1 -1 -1000 -1000 -1000 -10 1
109 57 Car -1 -1 -1 663.35 168.18 699.88 198.70 -1 -1 -1 -1000 -1000 -1000 -10 1
109 50 Car -1 -1 -1 -48.31 210.35 192.60 362.69 -1 -1 -1 -1000 -1000 -1000 -10 1
109 2 Car -1 -1 -1 672.77 178.02 763.94 254.24 -1 -1 -1 -1000 -1000 -1000 -10 1
110 66 Car -1 -1 -1 584.84 176.69 635.06 207.09 -1 -1 -1 -1000 -1000 -1000 -10 1
110 59 Car -1 -1 -1 484.66 180.21 573.14 228.93 -1 -1 -1 -1000 -1000 -1000 -10 1
110 58 Car -1 -1 -1 274.98 165.48 462.76 268.03 -1 -1 -1 -1000 -1000 -1000 -10 1
110 57 Car -1 -1 -1 638.54 166.84 674.07 196.96 -1 -1 -1 -1000 -1000 -1000 -10 1
110 2 Car -1 -1 -1 655.61 178.61 743.56 253.67 -1 -1 -1 -1000 -1000 -1000 -10 1
111 70 Car -1 -1 -1 606.69 169.27 649.71 204.86 -1 -1 -1 -1000 -1000 -1000 -10 1
111 66 Car -1 -1 -1 562.22 177.41 613.72 209.22 -1 -1 -1 -1000 -1000 -1000 -10 1
111 59 Car -1 -1 -1 454.86 181.05 546.83 231.58 -1 -1 -1 -1000 -1000 -1000 -10 1
111 58 Car -1 -1 -1 223.61 167.30 427.51 277.40 -1 -1 -1 -1000 -1000 -1000 -10 1
111 2 Car -1 -1 -1 635.22 177.04 719.00 248.43 -1 -1 -1 -1000 -1000 -1000 -10 1
112 70 Car -1 -1 -1 588.55 165.36 633.46 203.36 -1 -1 -1 -1000 -1000 -1000 -10 1
112 66 Car -1 -1 -1 540.26 178.46 591.72 210.49 -1 -1 -1 -1000 -1000 -1000 -10 1
112 59 Car -1 -1 -1 425.37 181.15 521.00 235.24 -1 -1 -1 -1000 -1000 -1000 -10 1
112 58 Car -1 -1 -1 174.15 167.73 390.44 283.93 -1 -1 -1 -1000 -1000 -1000 -10 1
112 2 Car -1 -1 -1 616.98 176.75 698.21 247.90 -1 -1 -1 -1000 -1000 -1000 -10 1
113 73 Car -1 -1 -1 66.23 163.80 358.51 314.24 -1 -1 -1 -1000 -1000 -1000 -10 1
113 70 Car -1 -1 -1 569.66 162.97 613.98 201.52 -1 -1 -1 -1000 -1000 -1000 -10 1
113 66 Car -1 -1 -1 522.39 178.76 575.41 211.59 -1 -1 -1 -1000 -1000 -1000 -10 1
113 59 Car -1 -1 -1 396.75 181.62 499.24 238.76 -1 -1 -1 -1000 -1000 -1000 -10 1
113 2 Car -1 -1 -1 606.03 176.36 685.37 246.73 -1 -1 -1 -1000 -1000 -1000 -10 1
114 73 Car -1 -1 -1 -0.53 160.34 315.12 327.18 -1 -1 -1 -1000 -1000 -1000 -10 1
114 70 Car -1 -1 -1 560.57 161.43 605.28 200.98 -1 -1 -1 -1000 -1000 -1000 -10 1
114 66 Car -1 -1 -1 505.85 179.31 560.66 212.87 -1 -1 -1 -1000 -1000 -1000 -10 1
114 59 Car -1 -1 -1 368.82 182.33 476.75 243.60 -1 -1 -1 -1000 -1000 -1000 -10 1
114 57 Car -1 -1 -1 558.05 165.22 599.84 200.84 -1 -1 -1 -1000 -1000 -1000 -10 1
114 2 Car -1 -1 -1 594.81 175.60 671.24 244.87 -1 -1 -1 -1000 -1000 -1000 -10 1
115 73 Car -1 -1 -1 -19.58 162.80 292.99 340.71 -1 -1 -1 -1000 -1000 -1000 -10 1
115 70 Car -1 -1 -1 548.18 160.85 593.09 201.10 -1 -1 -1 -1000 -1000 -1000 -10 1
115 66 Car -1 -1 -1 490.92 177.81 547.97 212.76 -1 -1 -1 -1000 -1000 -1000 -10 1
115 59 Car -1 -1 -1 342.76 181.55 458.37 246.11 -1 -1 -1 -1000 -1000 -1000 -10 1
115 57 Car -1 -1 -1 528.66 171.13 571.90 204.08 -1 -1 -1 -1000 -1000 -1000 -10 1
115 2 Car -1 -1 -1 586.66 174.74 661.57 243.26 -1 -1 -1 -1000 -1000 -1000 -10 1
116 73 Car -1 -1 -1 -29.14 159.75 272.65 339.73 -1 -1 -1 -1000 -1000 -1000 -10 1
116 70 Car -1 -1 -1 537.44 162.51 581.04 200.14 -1 -1 -1 -1000 -1000 -1000 -10 1
116 66 Car -1 -1 -1 477.81 177.00 538.71 214.13 -1 -1 -1 -1000 -1000 -1000 -10 1
116 59 Car -1 -1 -1 316.00 182.88 441.37 250.91 -1 -1 -1 -1000 -1000 -1000 -10 1
116 2 Car -1 -1 -1 582.42 176.55 657.27 244.48 -1 -1 -1 -1000 -1000 -1000 -10 1
117 73 Car -1 -1 -1 -37.17 159.67 247.31 349.76 -1 -1 -1 -1000 -1000 -1000 -10 1
117 70 Car -1 -1 -1 529.77 162.10 572.89 200.02 -1 -1 -1 -1000 -1000 -1000 -10 1
117 66 Car -1 -1 -1 470.38 178.16 532.79 216.59 -1 -1 -1 -1000 -1000 -1000 -10 1
117 59 Car -1 -1 -1 291.47 183.27 423.65 256.61 -1 -1 -1 -1000 -1000 -1000 -10 1
117 2 Car -1 -1 -1 577.57 177.18 654.00 246.99 -1 -1 -1 -1000 -1000 -1000 -10 1
118 74 Car -1 -1 -1 535.17 163.38 579.74 204.91 -1 -1 -1 -1000 -1000 -1000 -10 1
118 73 Car -1 -1 -1 -43.69 168.42 208.86 358.12 -1 -1 -1 -1000 -1000 -1000 -10 1
118 70 Car -1 -1 -1 527.13 160.96 570.40 199.94 -1 -1 -1 -1000 -1000 -1000 -10 1
118 66 Car -1 -1 -1 459.34 179.85 526.68 221.47 -1 -1 -1 -1000 -1000 -1000 -10 1
118 59 Car -1 -1 -1 267.60 186.23 406.75 262.29 -1 -1 -1 -1000 -1000 -1000 -10 1
118 2 Car -1 -1 -1 576.07 178.15 653.51 249.09 -1 -1 -1 -1000 -1000 -1000 -10 1
119 74 Car -1 -1 -1 532.14 162.25 578.13 205.33 -1 -1 -1 -1000 -1000 -1000 -10 1
119 73 Car -1 -1 -1 -48.40 174.84 164.82 362.91 -1 -1 -1 -1000 -1000 -1000 -10 1
119 70 Car -1 -1 -1 525.37 159.92 569.47 200.02 -1 -1 -1 -1000 -1000 -1000 -10 1
119 66 Car -1 -1 -1 448.38 180.53 520.30 224.79 -1 -1 -1 -1000 -1000 -1000 -10 1
119 59 Car -1 -1 -1 237.14 189.69 389.19 272.88 -1 -1 -1 -1000 -1000 -1000 -10 1
119 2 Car -1 -1 -1 577.32 179.04 653.65 248.10 -1 -1 -1 -1000 -1000 -1000 -10 1
120 74 Car -1 -1 -1 529.08 164.14 575.27 206.41 -1 -1 -1 -1000 -1000 -1000 -10 1
120 70 Car -1 -1 -1 524.29 162.72 570.61 204.68 -1 -1 -1 -1000 -1000 -1000 -10 1
120 66 Car -1 -1 -1 441.99 181.27 516.37 226.40 -1 -1 -1 -1000 -1000 -1000 -10 1
120 59 Car -1 -1 -1 202.98 193.10 370.74 281.63 -1 -1 -1 -1000 -1000 -1000 -10 1
120 2 Car -1 -1 -1 580.18 179.80 654.54 246.95 -1 -1 -1 -1000 -1000 -1000 -10 1
121 74 Car -1 -1 -1 525.95 164.41 573.80 207.73 -1 -1 -1 -1000 -1000 -1000 -10 1
121 70 Car -1 -1 -1 522.09 163.68 570.61 207.43 -1 -1 -1 -1000 -1000 -1000 -10 1
121 66 Car -1 -1 -1 433.49 183.51 511.68 227.18 -1 -1 -1 -1000 -1000 -1000 -10 1
121 59 Car -1 -1 -1 165.48 194.04 354.70 292.75 -1 -1 -1 -1000 -1000 -1000 -10 1
121 2 Car -1 -1 -1 582.25 179.45 657.46 246.83 -1 -1 -1 -1000 -1000 -1000 -10 1
122 74 Car -1 -1 -1 524.24 164.11 574.75 209.15 -1 -1 -1 -1000 -1000 -1000 -10 1
122 70 Car -1 -1 -1 519.65 163.24 570.60 209.06 -1 -1 -1 -1000 -1000 -1000 -10 1
122 66 Car -1 -1 -1 427.54 184.16 508.47 227.70 -1 -1 -1 -1000 -1000 -1000 -10 1
122 59 Car -1 -1 -1 119.37 195.16 331.50 304.93 -1 -1 -1 -1000 -1000 -1000 -10 1
122 2 Car -1 -1 -1 586.49 178.24 660.92 245.42 -1 -1 -1 -1000 -1000 -1000 -10 1
123 74 Car -1 -1 -1 523.29 163.23 576.59 210.24 -1 -1 -1 -1000 -1000 -1000 -10 1
123 70 Car -1 -1 -1 519.60 162.19 572.45 209.20 -1 -1 -1 -1000 -1000 -1000 -10 1
123 66 Car -1 -1 -1 419.74 184.42 504.52 228.93 -1 -1 -1 -1000 -1000 -1000 -10 1
123 59 Car -1 -1 -1 63.26 198.76 303.99 322.16 -1 -1 -1 -1000 -1000 -1000 -10 1
123 2 Car -1 -1 -1 589.35 177.46 662.58 243.93 -1 -1 -1 -1000 -1000 -1000 -10 1
124 74 Car -1 -1 -1 523.11 163.07 578.26 210.98 -1 -1 -1 -1000 -1000 -1000 -10 1
124 70 Car -1 -1 -1 519.03 161.10 573.58 209.08 -1 -1 -1 -1000 -1000 -1000 -10 1
124 66 Car -1 -1 -1 410.03 183.16 497.48 230.27 -1 -1 -1 -1000 -1000 -1000 -10 1
124 59 Car -1 -1 -1 17.60 203.64 279.00 338.93 -1 -1 -1 -1000 -1000 -1000 -10 1
124 2 Car -1 -1 -1 592.11 177.24 663.98 242.86 -1 -1 -1 -1000 -1000 -1000 -10 1
125 74 Car -1 -1 -1 521.05 161.64 578.45 210.94 -1 -1 -1 -1000 -1000 -1000 -10 1
125 70 Car -1 -1 -1 518.65 160.31 573.94 208.61 -1 -1 -1 -1000 -1000 -1000 -10 1
125 66 Car -1 -1 -1 398.65 184.15 490.74 232.88 -1 -1 -1 -1000 -1000 -1000 -10 1
125 59 Car -1 -1 -1 -1.40 208.41 253.09 352.49 -1 -1 -1 -1000 -1000 -1000 -10 1
125 2 Car -1 -1 -1 594.06 176.68 664.32 241.28 -1 -1 -1 -1000 -1000 -1000 -10 1
126 74 Car -1 -1 -1 519.61 160.82 577.27 209.41 -1 -1 -1 -1000 -1000 -1000 -10 1
126 70 Car -1 -1 -1 514.59 161.06 574.66 211.41 -1 -1 -1 -1000 -1000 -1000 -10 1
126 66 Car -1 -1 -1 385.26 183.17 480.45 234.41 -1 -1 -1 -1000 -1000 -1000 -10 1
126 59 Car -1 -1 -1 -17.49 207.30 221.56 358.16 -1 -1 -1 -1000 -1000 -1000 -10 1
126 2 Car -1 -1 -1 595.99 176.61 664.43 239.95 -1 -1 -1 -1000 -1000 -1000 -10 1
127 74 Car -1 -1 -1 518.71 160.65 577.54 209.47 -1 -1 -1 -1000 -1000 -1000 -10 1
127 70 Car -1 -1 -1 514.71 161.28 575.52 212.08 -1 -1 -1 -1000 -1000 -1000 -10 1
127 66 Car -1 -1 -1 369.16 183.00 469.37 238.08 -1 -1 -1 -1000 -1000 -1000 -10 1
127 59 Car -1 -1 -1 -31.68 210.44 188.18 367.02 -1 -1 -1 -1000 -1000 -1000 -10 1
127 2 Car -1 -1 -1 597.82 176.18 664.76 237.67 -1 -1 -1 -1000 -1000 -1000 -10 1
128 74 Car -1 -1 -1 513.78 160.20 575.48 211.79 -1 -1 -1 -1000 -1000 -1000 -10 1
128 70 Car -1 -1 -1 509.26 161.07 571.57 212.42 -1 -1 -1 -1000 -1000 -1000 -10 1
128 66 Car -1 -1 -1 349.78 184.79 454.89 242.59 -1 -1 -1 -1000 -1000 -1000 -10 1
128 59 Car -1 -1 -1 -47.59 219.67 134.57 377.58 -1 -1 -1 -1000 -1000 -1000 -10 1
128 2 Car -1 -1 -1 597.90 176.90 663.86 237.39 -1 -1 -1 -1000 -1000 -1000 -10 1
130 70 Car -1 -1 -1 495.45 162.30 564.57 216.22 -1 -1 -1 -1000 -1000 -1000 -10 1
130 66 Car -1 -1 -1 301.72 188.82 431.41 256.46 -1 -1 -1 -1000 -1000 -1000 -10 1
130 2 Car -1 -1 -1 597.10 180.01 662.17 239.54 -1 -1 -1 -1000 -1000 -1000 -10 1
131 70 Car -1 -1 -1 489.19 161.07 559.23 216.60 -1 -1 -1 -1000 -1000 -1000 -10 1
131 66 Car -1 -1 -1 274.97 190.58 414.49 261.31 -1 -1 -1 -1000 -1000 -1000 -10 1
131 2 Car -1 -1 -1 594.01 179.38 659.61 239.02 -1 -1 -1 -1000 -1000 -1000 -10 1
132 70 Car -1 -1 -1 480.30 158.96 557.65 218.65 -1 -1 -1 -1000 -1000 -1000 -10 1
132 66 Car -1 -1 -1 237.26 191.56 395.70 271.86 -1 -1 -1 -1000 -1000 -1000 -10 1
132 2 Car -1 -1 -1 591.91 179.56 657.74 239.07 -1 -1 -1 -1000 -1000 -1000 -10 1
133 70 Car -1 -1 -1 469.84 158.95 551.00 221.88 -1 -1 -1 -1000 -1000 -1000 -10 1
133 66 Car -1 -1 -1 193.13 192.71 372.57 282.31 -1 -1 -1 -1000 -1000 -1000 -10 1
133 2 Car -1 -1 -1 590.19 179.57 656.29 239.19 -1 -1 -1 -1000 -1000 -1000 -10 1
134 74 Car -1 -1 -1 486.70 165.46 555.76 219.39 -1 -1 -1 -1000 -1000 -1000 -10 1
134 70 Car -1 -1 -1 461.26 158.98 546.48 224.27 -1 -1 -1 -1000 -1000 -1000 -10 1
134 66 Car -1 -1 -1 139.28 193.74 343.77 292.87 -1 -1 -1 -1000 -1000 -1000 -10 1
134 2 Car -1 -1 -1 589.85 180.07 654.89 238.48 -1 -1 -1 -1000 -1000 -1000 -10 1
135 74 Car -1 -1 -1 484.75 163.17 553.81 214.64 -1 -1 -1 -1000 -1000 -1000 -10 1
135 70 Car -1 -1 -1 448.17 154.99 542.90 224.89 -1 -1 -1 -1000 -1000 -1000 -10 1
135 66 Car -1 -1 -1 73.02 196.13 311.73 308.03 -1 -1 -1 -1000 -1000 -1000 -10 1
135 2 Car -1 -1 -1 588.20 179.46 649.82 235.86 -1 -1 -1 -1000 -1000 -1000 -10 1
136 74 Car -1 -1 -1 470.13 164.29 544.42 218.32 -1 -1 -1 -1000 -1000 -1000 -10 1
136 70 Car -1 -1 -1 434.45 161.92 526.87 232.86 -1 -1 -1 -1000 -1000 -1000 -10 1
136 66 Car -1 -1 -1 25.63 202.35 286.00 324.50 -1 -1 -1 -1000 -1000 -1000 -10 1
136 2 Car -1 -1 -1 586.59 179.15 646.81 233.92 -1 -1 -1 -1000 -1000 -1000 -10 1
137 74 Car -1 -1 -1 440.62 159.32 530.85 224.50 -1 -1 -1 -1000 -1000 -1000 -10 1
137 70 Car -1 -1 -1 424.42 156.14 524.36 234.15 -1 -1 -1 -1000 -1000 -1000 -10 1
137 66 Car -1 -1 -1 -5.35 207.71 258.71 341.62 -1 -1 -1 -1000 -1000 -1000 -10 1
137 2 Car -1 -1 -1 586.57 180.76 648.76 235.54 -1 -1 -1 -1000 -1000 -1000 -10 1
138 79 Car -1 -1 -1 487.80 178.04 552.78 214.43 -1 -1 -1 -1000 -1000 -1000 -10 1
138 74 Car -1 -1 -1 439.86 164.74 536.29 228.16 -1 -1 -1 -1000 -1000 -1000 -10 1
138 70 Car -1 -1 -1 412.98 155.28 521.09 237.34 -1 -1 -1 -1000 -1000 -1000 -10 1
138 66 Car -1 -1 -1 -25.24 207.37 225.39 349.42 -1 -1 -1 -1000 -1000 -1000 -10 1
138 2 Car -1 -1 -1 586.74 182.30 648.22 235.62 -1 -1 -1 -1000 -1000 -1000 -10 1
139 79 Car -1 -1 -1 471.96 183.64 546.82 223.20 -1 -1 -1 -1000 -1000 -1000 -10 1
139 70 Car -1 -1 -1 401.90 157.28 515.20 243.47 -1 -1 -1 -1000 -1000 -1000 -10 1
139 66 Car -1 -1 -1 -42.70 211.63 173.17 358.92 -1 -1 -1 -1000 -1000 -1000 -10 1
139 2 Car -1 -1 -1 587.21 182.93 647.96 235.21 -1 -1 -1 -1000 -1000 -1000 -10 1
140 79 Car -1 -1 -1 465.57 182.81 542.37 225.85 -1 -1 -1 -1000 -1000 -1000 -10 1
140 70 Car -1 -1 -1 385.21 155.23 507.69 247.22 -1 -1 -1 -1000 -1000 -1000 -10 1
140 2 Car -1 -1 -1 585.96 182.61 647.78 235.28 -1 -1 -1 -1000 -1000 -1000 -10 1
141 80 Car -1 -1 -1 530.88 176.76 577.99 210.46 -1 -1 -1 -1000 -1000 -1000 -10 1
141 79 Car -1 -1 -1 455.72 181.17 539.55 225.79 -1 -1 -1 -1000 -1000 -1000 -10 1
141 70 Car -1 -1 -1 371.51 151.04 499.23 247.41 -1 -1 -1 -1000 -1000 -1000 -10 1
141 2 Car -1 -1 -1 584.90 181.26 648.37 234.14 -1 -1 -1 -1000 -1000 -1000 -10 1
142 80 Car -1 -1 -1 528.77 175.81 573.82 207.94 -1 -1 -1 -1000 -1000 -1000 -10 1
142 79 Car -1 -1 -1 452.39 181.12 538.35 226.21 -1 -1 -1 -1000 -1000 -1000 -10 1
142 70 Car -1 -1 -1 350.99 145.54 487.54 250.41 -1 -1 -1 -1000 -1000 -1000 -10 1
142 2 Car -1 -1 -1 584.26 180.38 648.45 232.99 -1 -1 -1 -1000 -1000 -1000 -10 1
143 80 Car -1 -1 -1 515.45 174.08 562.21 207.41 -1 -1 -1 -1000 -1000 -1000 -10 1
143 79 Car -1 -1 -1 448.62 180.59 532.44 227.20 -1 -1 -1 -1000 -1000 -1000 -10 1
143 2 Car -1 -1 -1 584.35 178.82 649.66 231.57 -1 -1 -1 -1000 -1000 -1000 -10 1
144 81 Car -1 -1 -1 287.58 130.56 472.86 269.12 -1 -1 -1 -1000 -1000 -1000 -10 1
144 80 Car -1 -1 -1 503.27 173.44 553.67 208.92 -1 -1 -1 -1000 -1000 -1000 -10 1
144 79 Car -1 -1 -1 439.54 180.10 528.95 227.44 -1 -1 -1 -1000 -1000 -1000 -10 1
144 2 Car -1 -1 -1 586.47 178.98 649.95 230.90 -1 -1 -1 -1000 -1000 -1000 -10 1
145 81 Car -1 -1 -1 255.54 128.78 462.81 281.71 -1 -1 -1 -1000 -1000 -1000 -10 1
145 79 Car -1 -1 -1 425.64 179.70 525.79 229.86 -1 -1 -1 -1000 -1000 -1000 -10 1
145 2 Car -1 -1 -1 586.58 178.27 648.24 229.57 -1 -1 -1 -1000 -1000 -1000 -10 1
146 81 Car -1 -1 -1 211.16 123.15 447.27 294.15 -1 -1 -1 -1000 -1000 -1000 -10 1
146 79 Car -1 -1 -1 418.39 181.97 523.96 233.18 -1 -1 -1 -1000 -1000 -1000 -10 1
146 2 Car -1 -1 -1 585.95 176.19 644.26 225.04 -1 -1 -1 -1000 -1000 -1000 -10 1
147 83 Car -1 -1 -1 521.02 175.07 573.00 212.27 -1 -1 -1 -1000 -1000 -1000 -10 1
147 81 Car -1 -1 -1 157.74 120.77 430.99 318.47 -1 -1 -1 -1000 -1000 -1000 -10 1
147 79 Car -1 -1 -1 409.08 183.01 516.27 237.88 -1 -1 -1 -1000 -1000 -1000 -10 1
147 2 Car -1 -1 -1 587.21 177.34 643.74 225.13 -1 -1 -1 -1000 -1000 -1000 -10 1
148 83 Car -1 -1 -1 518.68 176.46 571.82 214.18 -1 -1 -1 -1000 -1000 -1000 -10 1
148 81 Car -1 -1 -1 94.61 103.84 415.29 331.28 -1 -1 -1 -1000 -1000 -1000 -10 1
148 79 Car -1 -1 -1 396.31 183.53 508.19 242.34 -1 -1 -1 -1000 -1000 -1000 -10 1
148 2 Car -1 -1 -1 588.57 177.92 642.86 224.34 -1 -1 -1 -1000 -1000 -1000 -10 1
149 83 Car -1 -1 -1 516.39 177.14 570.18 214.84 -1 -1 -1 -1000 -1000 -1000 -10 1
149 81 Car -1 -1 -1 27.26 82.96 399.31 347.32 -1 -1 -1 -1000 -1000 -1000 -10 1
149 79 Car -1 -1 -1 381.60 184.88 499.43 248.28 -1 -1 -1 -1000 -1000 -1000 -10 1
149 2 Car -1 -1 -1 589.80 179.47 643.44 225.57 -1 -1 -1 -1000 -1000 -1000 -10 1
150 83 Car -1 -1 -1 514.50 178.71 569.36 216.68 -1 -1 -1 -1000 -1000 -1000 -10 1
150 81 Car -1 -1 -1 -8.21 66.16 381.76 353.15 -1 -1 -1 -1000 -1000 -1000 -10 1
150 79 Car -1 -1 -1 366.43 183.13 493.78 249.65 -1 -1 -1 -1000 -1000 -1000 -10 1
150 2 Car -1 -1 -1 589.97 179.02 642.52 224.00 -1 -1 -1 -1000 -1000 -1000 -10 1
151 83 Car -1 -1 -1 515.00 180.55 570.45 218.89 -1 -1 -1 -1000 -1000 -1000 -10 1
151 81 Car -1 -1 -1 -28.63 61.14 363.93 363.62 -1 -1 -1 -1000 -1000 -1000 -10 1
151 79 Car -1 -1 -1 347.10 185.41 483.44 256.94 -1 -1 -1 -1000 -1000 -1000 -10 1
151 2 Car -1 -1 -1 584.09 176.54 633.48 218.85 -1 -1 -1 -1000 -1000 -1000 -10 1
152 83 Car -1 -1 -1 514.58 180.90 571.77 219.80 -1 -1 -1 -1000 -1000 -1000 -10 1
152 81 Car -1 -1 -1 -43.21 50.21 336.58 363.32 -1 -1 -1 -1000 -1000 -1000 -10 1
152 79 Car -1 -1 -1 327.44 185.89 473.33 261.85 -1 -1 -1 -1000 -1000 -1000 -10 1
152 2 Car -1 -1 -1 588.65 178.59 637.80 220.23 -1 -1 -1 -1000 -1000 -1000 -10 1
153 83 Car -1 -1 -1 516.78 181.44 575.49 220.87 -1 -1 -1 -1000 -1000 -1000 -10 1
153 81 Car -1 -1 -1 -54.24 42.98 294.55 364.13 -1 -1 -1 -1000 -1000 -1000 -10 1
153 79 Car -1 -1 -1 305.71 190.57 460.56 269.37 -1 -1 -1 -1000 -1000 -1000 -10 1
153 2 Car -1 -1 -1 593.86 181.75 644.64 225.76 -1 -1 -1 -1000 -1000 -1000 -10 1
154 83 Car -1 -1 -1 521.92 182.68 579.71 222.18 -1 -1 -1 -1000 -1000 -1000 -10 1
154 81 Car -1 -1 -1 -64.20 36.92 234.20 361.73 -1 -1 -1 -1000 -1000 -1000 -10 1
154 79 Car -1 -1 -1 274.70 191.86 448.11 279.34 -1 -1 -1 -1000 -1000 -1000 -10 1
154 2 Car -1 -1 -1 596.01 182.73 647.86 228.22 -1 -1 -1 -1000 -1000 -1000 -10 1
155 83 Car -1 -1 -1 522.40 183.65 580.03 223.20 -1 -1 -1 -1000 -1000 -1000 -10 1
155 79 Car -1 -1 -1 237.99 193.49 434.67 289.08 -1 -1 -1 -1000 -1000 -1000 -10 1
155 2 Car -1 -1 -1 597.64 182.08 650.43 228.83 -1 -1 -1 -1000 -1000 -1000 -10 1
156 86 Car -1 -1 -1 578.01 178.38 617.15 210.13 -1 -1 -1 -1000 -1000 -1000 -10 1
156 83 Car -1 -1 -1 505.01 185.13 568.74 226.54 -1 -1 -1 -1000 -1000 -1000 -10 1
156 79 Car -1 -1 -1 188.14 194.04 414.70 302.74 -1 -1 -1 -1000 -1000 -1000 -10 1
156 2 Car -1 -1 -1 598.88 181.80 652.08 229.05 -1 -1 -1 -1000 -1000 -1000 -10 1
157 86 Car -1 -1 -1 575.13 176.80 612.86 206.95 -1 -1 -1 -1000 -1000 -1000 -10 1
157 83 Car -1 -1 -1 494.95 185.79 562.58 228.25 -1 -1 -1 -1000 -1000 -1000 -10 1
157 79 Car -1 -1 -1 126.67 197.53 388.46 321.12 -1 -1 -1 -1000 -1000 -1000 -10 1
157 2 Car -1 -1 -1 600.93 180.37 653.98 227.83 -1 -1 -1 -1000 -1000 -1000 -10 1
158 86 Car -1 -1 -1 577.74 172.71 612.77 201.40 -1 -1 -1 -1000 -1000 -1000 -10 1
158 83 Car -1 -1 -1 489.14 185.46 560.83 230.02 -1 -1 -1 -1000 -1000 -1000 -10 1
158 79 Car -1 -1 -1 52.30 204.97 357.26 345.06 -1 -1 -1 -1000 -1000 -1000 -10 1
158 2 Car -1 -1 -1 601.45 179.42 655.00 227.35 -1 -1 -1 -1000 -1000 -1000 -10 1
159 88 Car -1 -1 -1 528.48 180.63 587.59 212.83 -1 -1 -1 -1000 -1000 -1000 -10 1
159 83 Car -1 -1 -1 481.55 184.79 558.91 232.48 -1 -1 -1 -1000 -1000 -1000 -10 1
159 79 Car -1 -1 -1 22.41 205.46 340.55 354.49 -1 -1 -1 -1000 -1000 -1000 -10 1
159 2 Car -1 -1 -1 602.16 177.77 656.07 226.12 -1 -1 -1 -1000 -1000 -1000 -10 1
160 88 Car -1 -1 -1 528.11 179.09 585.10 212.19 -1 -1 -1 -1000 -1000 -1000 -10 1
160 83 Car -1 -1 -1 474.61 183.97 557.53 234.91 -1 -1 -1 -1000 -1000 -1000 -10 1
160 79 Car -1 -1 -1 0.25 204.25 316.12 361.25 -1 -1 -1 -1000 -1000 -1000 -10 1
160 2 Car -1 -1 -1 602.92 176.52 657.43 225.61 -1 -1 -1 -1000 -1000 -1000 -10 1
161 89 Car -1 -1 -1 569.74 175.49 609.61 206.39 -1 -1 -1 -1000 -1000 -1000 -10 1
161 88 Car -1 -1 -1 527.66 179.80 585.93 213.29 -1 -1 -1 -1000 -1000 -1000 -10 1
161 83 Car -1 -1 -1 463.52 183.32 551.49 238.21 -1 -1 -1 -1000 -1000 -1000 -10 1
161 79 Car -1 -1 -1 -16.69 204.24 281.93 365.51 -1 -1 -1 -1000 -1000 -1000 -10 1
161 2 Car -1 -1 -1 604.39 175.77 659.08 225.33 -1 -1 -1 -1000 -1000 -1000 -10 1
162 89 Car -1 -1 -1 564.88 174.54 604.25 204.80 -1 -1 -1 -1000 -1000 -1000 -10 1
162 88 Car -1 -1 -1 528.70 179.66 586.62 212.73 -1 -1 -1 -1000 -1000 -1000 -10 1
162 83 Car -1 -1 -1 451.64 183.92 544.77 242.66 -1 -1 -1 -1000 -1000 -1000 -10 1
162 79 Car -1 -1 -1 -34.53 206.10 231.94 367.42 -1 -1 -1 -1000 -1000 -1000 -10 1
162 2 Car -1 -1 -1 603.86 175.62 659.01 225.79 -1 -1 -1 -1000 -1000 -1000 -10 1
163 89 Car -1 -1 -1 561.32 175.95 600.36 206.34 -1 -1 -1 -1000 -1000 -1000 -10 1
163 88 Car -1 -1 -1 523.52 180.57 580.51 215.40 -1 -1 -1 -1000 -1000 -1000 -10 1
163 83 Car -1 -1 -1 436.63 184.60 539.03 247.78 -1 -1 -1 -1000 -1000 -1000 -10 1
163 2 Car -1 -1 -1 601.82 176.10 657.09 226.24 -1 -1 -1 -1000 -1000 -1000 -10 1
