0 5 Car -1 -1 -1 402.78 170.57 458.21 198.13 -1 -1 -1 -1000 -1000 -1000 -10 1
0 4 Car -1 -1 -1 790.16 167.12 882.94 208.29 -1 -1 -1 -1000 -1000 -1000 -10 1
0 3 Car -1 -1 -1 438.20 173.40 472.91 193.70 -1 -1 -1 -1000 -1000 -1000 -10 1
0 2 Car -1 -1 -1 776.34 178.15 870.62 234.74 -1 -1 -1 -1000 -1000 -1000 -10 1
0 1 Car -1 -1 -1 788.97 155.06 893.04 194.33 -1 -1 -1 -1000 -1000 -1000 -10 1
1 5 Car -1 -1 -1 393.20 168.86 460.50 199.20 -1 -1 -1 -1000 -1000 -1000 -10 1
1 3 Car -1 -1 -1 434.46 170.48 470.74 191.73 -1 -1 -1 -1000 -1000 -1000 -10 1
1 2 Car -1 -1 -1 769.23 180.61 871.19 234.62 -1 -1 -1 -1000 -1000 -1000 -10 1
1 1 Car -1 -1 -1 791.04 150.86 904.43 192.55 -1 -1 -1 -1000 -1000 -1000 -10 1
2 5 Car -1 -1 -1 383.91 169.90 452.05 198.30 -1 -1 -1 -1000 -1000 -1000 -10 1
2 2 Car -1 -1 -1 766.28 176.80 868.74 230.50 -1 -1 -1 -1000 -1000 -1000 -10 1
2 1 Car -1 -1 -1 815.53 153.30 917.73 193.82 -1 -1 -1 -1000 -1000 -1000 -10 1
3 5 Car -1 -1 -1 379.96 171.12 444.49 201.37 -1 -1 -1 -1000 -1000 -1000 -10 1
3 2 Car -1 -1 -1 764.05 175.19 863.87 228.88 -1 -1 -1 -1000 -1000 -1000 -10 1
3 1 Car -1 -1 -1 830.81 153.25 927.87 192.93 -1 -1 -1 -1000 -1000 -1000 -10 1
4 5 Car -1 -1 -1 373.39 170.52 434.80 201.47 -1 -1 -1 -1000 -1000 -1000 -10 1
4 2 Car -1 -1 -1 764.19 179.80 858.64 231.02 -1 -1 -1 -1000 -1000 -1000 -10 1
4 1 Car -1 -1 -1 804.32 151.92 906.62 194.30 -1 -1 -1 -1000 -1000 -1000 -10 1
5 5 Car -1 -1 -1 366.87 175.33 426.83 205.64 -1 -1 -1 -1000 -1000 -1000 -10 1
5 2 Car -1 -1 -1 762.73 182.54 853.46 231.80 -1 -1 -1 -1000 -1000 -1000 -10 1
5 1 Car -1 -1 -1 810.52 159.69 899.33 196.56 -1 -1 -1 -1000 -1000 -1000 -10 1
6 2 Car -1 -1 -1 758.75 181.51 847.49 230.22 -1 -1 -1 -1000 -1000 -1000 -10 1
6 1 Car -1 -1 -1 807.14 163.41 887.79 197.82 -1 -1 -1 -1000 -1000 -1000 -10 1
7 2 Car -1 -1 -1 754.82 180.18 841.04 227.38 -1 -1 -1 -1000 -1000 -1000 -10 1
9 10 Car -1 -1 -1 327.95 170.50 394.66 205.60 -1 -1 -1 -1000 -1000 -1000 -10 1
9 2 Car -1 -1 -1 754.30 173.74 827.93 218.48 -1 -1 -1 -1000 -1000 -1000 -10 1
10 10 Car -1 -1 -1 323.30 170.17 389.85 204.94 -1 -1 -1 -1000 -1000 -1000 -10 1
10 2 Car -1 -1 -1 752.59 172.01 822.45 216.02 -1 -1 -1 -1000 -1000 -1000 -10 1
10 1 Car -1 -1 -1 799.00 161.11 871.77 191.40 -1 -1 -1 -1000 -1000 -1000 -10 1
11 11 Car -1 -1 -1 866.61 143.39 1012.37 185.92 -1 -1 -1 -1000 -1000 -1000 -10 1
11 10 Car -1 -1 -1 313.92 169.86 388.67 205.49 -1 -1 -1 -1000 -1000 -1000 -10 1
11 2 Car -1 -1 -1 751.20 172.35 817.39 215.77 -1 -1 -1 -1000 -1000 -1000 -10 1
12 10 Car -1 -1 -1 302.67 170.93 380.04 207.93 -1 -1 -1 -1000 -1000 -1000 -10 1
12 2 Car -1 -1 -1 750.80 173.53 813.90 216.22 -1 -1 -1 -1000 -1000 -1000 -10 1
13 10 Car -1 -1 -1 290.67 170.29 374.23 211.66 -1 -1 -1 -1000 -1000 -1000 -10 1
13 2 Car -1 -1 -1 747.84 175.61 810.25 218.33 -1 -1 -1 -1000 -1000 -1000 -10 1
14 10 Car -1 -1 -1 282.37 169.11 374.08 212.39 -1 -1 -1 -1000 -1000 -1000 -10 1
14 2 Car -1 -1 -1 745.37 177.57 807.02 220.29 -1 -1 -1 -1000 -1000 -1000 -10 1
15 17 Car -1 -1 -1 437.54 181.54 470.84 201.61 -1 -1 -1 -1000 -1000 -1000 -10 1
15 10 Car -1 -1 -1 273.10 170.68 370.97 214.45 -1 -1 -1 -1000 -1000 -1000 -10 1
15 2 Car -1 -1 -1 742.50 178.28 803.29 220.77 -1 -1 -1 -1000 -1000 -1000 -10 1
16 10 Car -1 -1 -1 262.68 170.49 363.67 217.76 -1 -1 -1 -1000 -1000 -1000 -10 1
16 2 Car -1 -1 -1 741.19 178.06 800.47 220.22 -1 -1 -1 -1000 -1000 -1000 -10 1
17 18 Car -1 -1 -1 824.20 159.89 928.10 192.26 -1 -1 -1 -1000 -1000 -1000 -10 1
17 10 Car -1 -1 -1 251.12 170.59 358.01 217.67 -1 -1 -1 -1000 -1000 -1000 -10 1
17 2 Car -1 -1 -1 739.43 177.11 797.95 219.18 -1 -1 -1 -1000 -1000 -1000 -10 1
18 18 Car -1 -1 -1 828.47 159.58 932.33 190.82 -1 -1 -1 -1000 -1000 -1000 -10 1
18 10 Car -1 -1 -1 242.04 168.49 349.35 218.09 -1 -1 -1 -1000 -1000 -1000 -10 1
18 2 Car -1 -1 -1 738.20 176.67 795.14 217.88 -1 -1 -1 -1000 -1000 -1000 -10 1
19 20 Car -1 -1 -1 843.46 162.50 931.06 196.60 -1 -1 -1 -1000 -1000 -1000 -10 1
19 18 Car -1 -1 -1 834.41 160.87 932.57 192.44 -1 -1 -1 -1000 -1000 -1000 -10 1
19 10 Car -1 -1 -1 227.70 169.51 338.72 220.49 -1 -1 -1 -1000 -1000 -1000 -10 1
19 2 Car -1 -1 -1 737.23 176.28 792.69 216.95 -1 -1 -1 -1000 -1000 -1000 -10 1
20 20 Car -1 -1 -1 842.71 160.50 934.71 195.82 -1 -1 -1 -1000 -1000 -1000 -10 1
20 18 Car -1 -1 -1 839.70 158.13 945.84 191.57 -1 -1 -1 -1000 -1000 -1000 -10 1
20 10 Car -1 -1 -1 212.89 171.04 329.33 222.12 -1 -1 -1 -1000 -1000 -1000 -10 1
20 2 Car -1 -1 -1 737.07 176.24 791.15 216.57 -1 -1 -1 -1000 -1000 -1000 -10 1
21 22 Car -1 -1 -1 408.02 184.08 466.47 219.59 -1 -1 -1 -1000 -1000 -1000 -10 1
21 20 Car -1 -1 -1 842.10 158.94 944.28 197.72 -1 -1 -1 -1000 -1000 -1000 -10 1
21 18 Car -1 -1 -1 842.52 156.99 956.01 192.33 -1 -1 -1 -1000 -1000 -1000 -10 1
21 10 Car -1 -1 -1 197.90 173.96 320.92 226.60 -1 -1 -1 -1000 -1000 -1000 -10 1
21 2 Car -1 -1 -1 735.41 177.72 789.60 218.72 -1 -1 -1 -1000 -1000 -1000 -10 1
22 22 Car -1 -1 -1 389.94 182.28 454.48 220.67 -1 -1 -1 -1000 -1000 -1000 -10 1
22 10 Car -1 -1 -1 181.30 175.18 310.18 229.59 -1 -1 -1 -1000 -1000 -1000 -10 1
22 2 Car -1 -1 -1 733.56 178.08 787.44 219.27 -1 -1 -1 -1000 -1000 -1000 -10 1
23 22 Car -1 -1 -1 369.93 181.18 444.21 225.54 -1 -1 -1 -1000 -1000 -1000 -10 1
23 10 Car -1 -1 -1 162.12 175.95 297.26 232.02 -1 -1 -1 -1000 -1000 -1000 -10 1
23 2 Car -1 -1 -1 732.04 178.85 785.64 219.84 -1 -1 -1 -1000 -1000 -1000 -10 1
24 22 Car -1 -1 -1 346.37 184.28 428.97 228.96 -1 -1 -1 -1000 -1000 -1000 -10 1
24 10 Car -1 -1 -1 140.52 173.90 284.87 233.73 -1 -1 -1 -1000 -1000 -1000 -10 1
24 2 Car -1 -1 -1 730.83 179.44 783.14 220.35 -1 -1 -1 -1000 -1000 -1000 -10 1
25 22 Car -1 -1 -1 311.87 184.42 409.38 233.00 -1 -1 -1 -1000 -1000 -1000 -10 1
25 10 Car -1 -1 -1 118.01 173.00 268.57 233.95 -1 -1 -1 -1000 -1000 -1000 -10 1
25 2 Car -1 -1 -1 727.76 179.63 779.32 220.68 -1 -1 -1 -1000 -1000 -1000 -10 1
26 22 Car -1 -1 -1 281.80 185.04 387.48 238.72 -1 -1 -1 -1000 -1000 -1000 -10 1
26 10 Car -1 -1 -1 101.15 171.69 255.64 235.30 -1 -1 -1 -1000 -1000 -1000 -10 1
26 2 Car -1 -1 -1 724.31 179.63 775.16 220.66 -1 -1 -1 -1000 -1000 -1000 -10 1
27 22 Car -1 -1 -1 232.28 186.42 358.42 247.51 -1 -1 -1 -1000 -1000 -1000 -10 1
27 10 Car -1 -1 -1 76.98 168.08 239.85 235.52 -1 -1 -1 -1000 -1000 -1000 -10 1
27 2 Car -1 -1 -1 719.65 179.90 771.23 221.15 -1 -1 -1 -1000 -1000 -1000 -10 1
28 27 Car -1 -1 -1 375.42 178.97 434.38 212.05 -1 -1 -1 -1000 -1000 -1000 -10 1
28 26 Car -1 -1 -1 33.50 162.91 208.64 242.15 -1 -1 -1 -1000 -1000 -1000 -10 1
28 22 Car -1 -1 -1 168.11 183.52 323.63 255.86 -1 -1 -1 -1000 -1000 -1000 -10 1
31 10 Car -1 -1 -1 -9.44 171.89 194.23 277.66 -1 -1 -1 -1000 -1000 -1000 -10 1
31 2 Car -1 -1 -1 705.61 174.13 756.60 213.64 -1 -1 -1 -1000 -1000 -1000 -10 1
32 31 Car -1 -1 -1 413.51 175.71 464.78 205.96 -1 -1 -1 -1000 -1000 -1000 -10 1
32 27 Car -1 -1 -1 304.12 180.04 380.49 221.19 -1 -1 -1 -1000 -1000 -1000 -10 1
32 2 Car -1 -1 -1 703.81 175.53 754.61 214.49 -1 -1 -1 -1000 -1000 -1000 -10 1
33 31 Car -1 -1 -1 387.66 178.59 452.52 216.16 -1 -1 -1 -1000 -1000 -1000 -10 1
33 27 Car -1 -1 -1 276.69 178.77 361.87 224.24 -1 -1 -1 -1000 -1000 -1000 -10 1
33 2 Car -1 -1 -1 701.92 175.92 752.37 214.70 -1 -1 -1 -1000 -1000 -1000 -10 1
34 31 Car -1 -1 -1 357.81 177.39 437.60 220.87 -1 -1 -1 -1000 -1000 -1000 -10 1
34 27 Car -1 -1 -1 245.50 179.03 343.99 227.77 -1 -1 -1 -1000 -1000 -1000 -10 1
34 2 Car -1 -1 -1 701.81 175.63 750.78 213.87 -1 -1 -1 -1000 -1000 -1000 -10 1
35 31 Car -1 -1 -1 333.86 178.20 423.76 224.57 -1 -1 -1 -1000 -1000 -1000 -10 1
35 27 Car -1 -1 -1 210.15 182.12 323.47 231.61 -1 -1 -1 -1000 -1000 -1000 -10 1
35 2 Car -1 -1 -1 697.25 177.02 745.33 215.83 -1 -1 -1 -1000 -1000 -1000 -10 1
36 35 Car -1 -1 -1 -7.34 185.66 83.12 234.06 -1 -1 -1 -1000 -1000 -1000 -10 1
36 31 Car -1 -1 -1 303.91 178.82 405.62 228.94 -1 -1 -1 -1000 -1000 -1000 -10 1
36 27 Car -1 -1 -1 175.09 183.75 295.15 235.43 -1 -1 -1 -1000 -1000 -1000 -10 1
36 2 Car -1 -1 -1 695.27 177.35 743.20 216.85 -1 -1 -1 -1000 -1000 -1000 -10 1
37 36 Car -1 -1 -1 596.11 171.81 626.16 196.02 -1 -1 -1 -1000 -1000 -1000 -10 1
37 35 Car -1 -1 -1 -13.33 186.81 58.91 231.82 -1 -1 -1 -1000 -1000 -1000 -10 1
37 31 Car -1 -1 -1 267.30 178.31 381.98 235.04 -1 -1 -1 -1000 -1000 -1000 -10 1
37 27 Car -1 -1 -1 121.66 185.26 260.24 241.81 -1 -1 -1 -1000 -1000 -1000 -10 1
37 2 Car -1 -1 -1 693.23 176.70 740.55 216.69 -1 -1 -1 -1000 -1000 -1000 -10 1
38 36 Car -1 -1 -1 596.69 169.86 626.29 193.36 -1 -1 -1 -1000 -1000 -1000 -10 1
38 31 Car -1 -1 -1 219.87 182.28 343.62 244.94 -1 -1 -1 -1000 -1000 -1000 -10 1
38 27 Car -1 -1 -1 56.25 186.82 213.54 248.28 -1 -1 -1 -1000 -1000 -1000 -10 1
38 2 Car -1 -1 -1 694.36 175.35 740.56 213.60 -1 -1 -1 -1000 -1000 -1000 -10 1
39 36 Car -1 -1 -1 594.91 171.97 624.58 195.84 -1 -1 -1 -1000 -1000 -1000 -10 1
39 31 Car -1 -1 -1 157.03 182.47 304.57 254.02 -1 -1 -1 -1000 -1000 -1000 -10 1
39 27 Car -1 -1 -1 10.09 186.76 172.35 251.97 -1 -1 -1 -1000 -1000 -1000 -10 1
39 2 Car -1 -1 -1 694.83 174.66 740.18 211.65 -1 -1 -1 -1000 -1000 -1000 -10 1
40 36 Car -1 -1 -1 595.36 172.32 624.78 196.31 -1 -1 -1 -1000 -1000 -1000 -10 1
40 31 Car -1 -1 -1 72.81 189.26 245.04 266.47 -1 -1 -1 -1000 -1000 -1000 -10 1
40 27 Car -1 -1 -1 -16.45 191.13 137.31 257.71 -1 -1 -1 -1000 -1000 -1000 -10 1
40 2 Car -1 -1 -1 692.68 175.48 737.08 212.72 -1 -1 -1 -1000 -1000 -1000 -10 1
41 36 Car -1 -1 -1 594.65 172.22 624.38 196.80 -1 -1 -1 -1000 -1000 -1000 -10 1
41 31 Car -1 -1 -1 9.89 200.68 197.50 290.24 -1 -1 -1 -1000 -1000 -1000 -10 1
41 2 Car -1 -1 -1 694.76 174.66 738.21 211.08 -1 -1 -1 -1000 -1000 -1000 -10 1
42 38 Car -1 -1 -1 133.08 172.43 274.22 240.86 -1 -1 -1 -1000 -1000 -1000 -10 1
42 36 Car -1 -1 -1 594.20 169.86 624.34 194.37 -1 -1 -1 -1000 -1000 -1000 -10 1
42 31 Car -1 -1 -1 -28.63 206.18 132.90 300.21 -1 -1 -1 -1000 -1000 -1000 -10 1
42 2 Car -1 -1 -1 692.28 175.35 735.76 211.07 -1 -1 -1 -1000 -1000 -1000 -10 1
43 39 Car -1 -1 -1 229.62 174.87 349.56 238.44 -1 -1 -1 -1000 -1000 -1000 -10 1
43 38 Car -1 -1 -1 76.05 174.92 236.21 249.20 -1 -1 -1 -1000 -1000 -1000 -10 1
43 36 Car -1 -1 -1 593.66 169.13 624.23 193.58 -1 -1 -1 -1000 -1000 -1000 -10 1
43 2 Car -1 -1 -1 690.47 175.25 734.65 211.03 -1 -1 -1 -1000 -1000 -1000 -10 1
44 41 Car -1 -1 -1 323.61 177.16 387.54 214.76 -1 -1 -1 -1000 -1000 -1000 -10 1
44 39 Car -1 -1 -1 179.98 180.61 315.97 248.94 -1 -1 -1 -1000 -1000 -1000 -10 1
44 38 Car -1 -1 -1 14.98 177.92 194.48 256.67 -1 -1 -1 -1000 -1000 -1000 -10 1
44 36 Car -1 -1 -1 593.99 168.82 624.94 193.10 -1 -1 -1 -1000 -1000 -1000 -10 1
44 2 Car -1 -1 -1 688.92 175.40 734.13 211.67 -1 -1 -1 -1000 -1000 -1000 -10 1
45 41 Car -1 -1 -1 299.91 178.71 374.33 220.62 -1 -1 -1 -1000 -1000 -1000 -10 1
45 39 Car -1 -1 -1 118.17 185.51 274.90 258.89 -1 -1 -1 -1000 -1000 -1000 -10 1
45 38 Car -1 -1 -1 -18.18 183.40 154.53 264.25 -1 -1 -1 -1000 -1000 -1000 -10 1
45 36 Car -1 -1 -1 593.47 169.51 624.85 193.68 -1 -1 -1 -1000 -1000 -1000 -10 1
45 2 Car -1 -1 -1 689.93 175.09 734.73 210.85 -1 -1 -1 -1000 -1000 -1000 -10 1
46 41 Car -1 -1 -1 277.02 176.30 361.59 221.76 -1 -1 -1 -1000 -1000 -1000 -10 1
46 39 Car -1 -1 -1 32.41 187.33 227.80 276.59 -1 -1 -1 -1000 -1000 -1000 -10 1
46 36 Car -1 -1 -1 591.88 169.99 623.83 193.99 -1 -1 -1 -1000 -1000 -1000 -10 1
46 2 Car -1 -1 -1 688.35 175.18 734.62 211.51 -1 -1 -1 -1000 -1000 -1000 -10 1
47 41 Car -1 -1 -1 254.46 178.27 347.16 226.87 -1 -1 -1 -1000 -1000 -1000 -10 1
47 39 Car -1 -1 -1 -14.02 195.00 179.77 292.31 -1 -1 -1 -1000 -1000 -1000 -10 1
47 36 Car -1 -1 -1 590.78 171.27 622.74 194.98 -1 -1 -1 -1000 -1000 -1000 -10 1
47 2 Car -1 -1 -1 689.93 177.14 736.27 213.29 -1 -1 -1 -1000 -1000 -1000 -10 1
48 41 Car -1 -1 -1 224.42 182.32 329.69 232.92 -1 -1 -1 -1000 -1000 -1000 -10 1
48 36 Car -1 -1 -1 592.80 172.45 625.07 198.01 -1 -1 -1 -1000 -1000 -1000 -10 1
48 2 Car -1 -1 -1 689.67 177.73 735.28 213.29 -1 -1 -1 -1000 -1000 -1000 -10 1
49 41 Car -1 -1 -1 191.04 181.72 308.86 238.18 -1 -1 -1 -1000 -1000 -1000 -10 1
49 36 Car -1 -1 -1 593.91 173.81 625.68 200.31 -1 -1 -1 -1000 -1000 -1000 -10 1
49 2 Car -1 -1 -1 694.32 178.16 738.18 212.59 -1 -1 -1 -1000 -1000 -1000 -10 1
50 44 Car -1 -1 -1 409.02 166.51 470.77 211.96 -1 -1 -1 -1000 -1000 -1000 -10 1
50 41 Car -1 -1 -1 148.35 180.07 282.78 243.48 -1 -1 -1 -1000 -1000 -1000 -10 1
50 36 Car -1 -1 -1 584.99 174.44 615.80 200.45 -1 -1 -1 -1000 -1000 -1000 -10 1
50 2 Car -1 -1 -1 697.92 178.75 740.44 212.52 -1 -1 -1 -1000 -1000 -1000 -10 1
51 41 Car -1 -1 -1 99.26 184.86 246.30 248.12 -1 -1 -1 -1000 -1000 -1000 -10 1
51 36 Car -1 -1 -1 587.22 175.12 619.21 201.90 -1 -1 -1 -1000 -1000 -1000 -10 1
51 2 Car -1 -1 -1 701.19 178.72 743.02 212.00 -1 -1 -1 -1000 -1000 -1000 -10 1
52 41 Car -1 -1 -1 36.54 186.98 200.87 256.11 -1 -1 -1 -1000 -1000 -1000 -10 1
52 2 Car -1 -1 -1 705.67 178.79 746.90 211.79 -1 -1 -1 -1000 -1000 -1000 -10 1
53 46 Car -1 -1 -1 225.02 181.41 285.79 217.09 -1 -1 -1 -1000 -1000 -1000 -10 1
53 41 Car -1 -1 -1 -7.44 191.98 158.31 264.08 -1 -1 -1 -1000 -1000 -1000 -10 1
53 2 Car -1 -1 -1 705.42 177.91 748.65 213.00 -1 -1 -1 -1000 -1000 -1000 -10 1
54 46 Car -1 -1 -1 217.48 182.91 277.03 218.28 -1 -1 -1 -1000 -1000 -1000 -10 1
54 44 Car -1 -1 -1 358.34 173.75 440.50 224.49 -1 -1 -1 -1000 -1000 -1000 -10 1
54 41 Car -1 -1 -1 -30.77 191.71 111.21 265.40 -1 -1 -1 -1000 -1000 -1000 -10 1
54 2 Car -1 -1 -1 715.65 175.77 757.32 211.24 -1 -1 -1 -1000 -1000 -1000 -10 1
55 46 Car -1 -1 -1 207.40 182.21 268.60 217.93 -1 -1 -1 -1000 -1000 -1000 -10 1
55 44 Car -1 -1 -1 337.39 173.02 430.02 226.35 -1 -1 -1 -1000 -1000 -1000 -10 1
55 36 Car -1 -1 -1 591.98 171.10 630.09 202.76 -1 -1 -1 -1000 -1000 -1000 -10 1
55 2 Car -1 -1 -1 721.32 173.13 763.53 208.71 -1 -1 -1 -1000 -1000 -1000 -10 1
56 46 Car -1 -1 -1 198.34 183.51 260.02 218.55 -1 -1 -1 -1000 -1000 -1000 -10 1
56 44 Car -1 -1 -1 321.79 171.69 420.54 228.65 -1 -1 -1 -1000 -1000 -1000 -10 1
56 36 Car -1 -1 -1 593.20 169.57 633.88 203.49 -1 -1 -1 -1000 -1000 -1000 -10 1
56 2 Car -1 -1 -1 729.78 173.10 771.76 207.69 -1 -1 -1 -1000 -1000 -1000 -10 1
57 50 Car -1 -1 -1 523.12 165.42 558.44 197.47 -1 -1 -1 -1000 -1000 -1000 -10 1
57 46 Car -1 -1 -1 183.35 182.20 249.91 219.30 -1 -1 -1 -1000 -1000 -1000 -10 1
57 44 Car -1 -1 -1 293.13 170.83 404.26 231.95 -1 -1 -1 -1000 -1000 -1000 -10 1
57 36 Car -1 -1 -1 595.70 166.65 637.28 202.53 -1 -1 -1 -1000 -1000 -1000 -10 1
57 2 Car -1 -1 -1 740.21 171.36 782.21 204.51 -1 -1 -1 -1000 -1000 -1000 -10 1
58 53 Car -1 -1 -1 264.53 165.68 389.36 236.69 -1 -1 -1 -1000 -1000 -1000 -10 1
58 46 Car -1 -1 -1 173.32 182.54 241.39 221.15 -1 -1 -1 -1000 -1000 -1000 -10 1
58 44 Car -1 -1 -1 268.39 167.53 390.85 233.43 -1 -1 -1 -1000 -1000 -1000 -10 1
58 36 Car -1 -1 -1 594.19 165.74 635.79 202.56 -1 -1 -1 -1000 -1000 -1000 -10 1
58 2 Car -1 -1 -1 748.68 171.25 791.79 203.59 -1 -1 -1 -1000 -1000 -1000 -10 1
59 53 Car -1 -1 -1 230.92 160.92 365.76 239.57 -1 -1 -1 -1000 -1000 -1000 -10 1
59 46 Car -1 -1 -1 160.58 180.92 235.31 222.09 -1 -1 -1 -1000 -1000 -1000 -10 1
59 44 Car -1 -1 -1 237.08 167.32 371.02 237.28 -1 -1 -1 -1000 -1000 -1000 -10 1
59 36 Car -1 -1 -1 593.75 166.58 636.68 204.27 -1 -1 -1 -1000 -1000 -1000 -10 1
59 2 Car -1 -1 -1 758.92 169.10 805.67 200.31 -1 -1 -1 -1000 -1000 -1000 -10 1
60 53 Car -1 -1 -1 190.22 159.83 344.44 248.27 -1 -1 -1 -1000 -1000 -1000 -10 1
60 46 Car -1 -1 -1 150.99 179.11 225.58 222.04 -1 -1 -1 -1000 -1000 -1000 -10 1
60 44 Car -1 -1 -1 202.79 168.39 347.38 243.33 -1 -1 -1 -1000 -1000 -1000 -10 1
60 36 Car -1 -1 -1 593.11 164.51 637.35 203.22 -1 -1 -1 -1000 -1000 -1000 -10 1
60 2 Car -1 -1 -1 766.60 167.23 813.68 198.13 -1 -1 -1 -1000 -1000 -1000 -10 1
61 53 Car -1 -1 -1 141.42 158.37 318.51 257.82 -1 -1 -1 -1000 -1000 -1000 -10 1
61 36 Car -1 -1 -1 592.23 163.81 637.69 203.66 -1 -1 -1 -1000 -1000 -1000 -10 1
61 2 Car -1 -1 -1 777.98 168.13 829.55 196.78 -1 -1 -1 -1000 -1000 -1000 -10 1
62 53 Car -1 -1 -1 86.40 159.61 289.90 265.66 -1 -1 -1 -1000 -1000 -1000 -10 1
62 36 Car -1 -1 -1 590.51 163.95 637.96 204.76 -1 -1 -1 -1000 -1000 -1000 -10 1
62 2 Car -1 -1 -1 791.51 169.39 841.76 198.19 -1 -1 -1 -1000 -1000 -1000 -10 1
63 53 Car -1 -1 -1 19.61 161.93 252.46 281.53 -1 -1 -1 -1000 -1000 -1000 -10 1
63 36 Car -1 -1 -1 590.38 162.86 639.11 205.57 -1 -1 -1 -1000 -1000 -1000 -10 1
63 2 Car -1 -1 -1 805.91 169.23 859.03 197.93 -1 -1 -1 -1000 -1000 -1000 -10 1
64 55 Car -1 -1 -1 330.36 176.90 417.49 223.41 -1 -1 -1 -1000 -1000 -1000 -10 1
64 53 Car -1 -1 -1 -15.89 166.83 220.60 294.05 -1 -1 -1 -1000 -1000 -1000 -10 1
64 36 Car -1 -1 -1 590.28 162.32 639.97 206.94 -1 -1 -1 -1000 -1000 -1000 -10 1
64 2 Car -1 -1 -1 817.82 170.23 870.73 197.99 -1 -1 -1 -1000 -1000 -1000 -10 1
65 55 Car -1 -1 -1 309.24 179.71 405.41 228.60 -1 -1 -1 -1000 -1000 -1000 -10 1
65 53 Car -1 -1 -1 -33.40 168.58 184.78 296.60 -1 -1 -1 -1000 -1000 -1000 -10 1
65 36 Car -1 -1 -1 589.88 162.17 640.47 208.29 -1 -1 -1 -1000 -1000 -1000 -10 1
65 2 Car -1 -1 -1 829.83 170.99 881.46 197.17 -1 -1 -1 -1000 -1000 -1000 -10 1
66 58 Car -1 -1 -1 402.26 168.49 477.52 203.73 -1 -1 -1 -1000 -1000 -1000 -10 1
66 57 Car -1 -1 -1 897.63 163.29 974.81 194.02 -1 -1 -1 -1000 -1000 -1000 -10 1
66 55 Car -1 -1 -1 282.73 181.30 390.00 232.77 -1 -1 -1 -1000 -1000 -1000 -10 1
66 36 Car -1 -1 -1 588.58 162.24 640.01 209.36 -1 -1 -1 -1000 -1000 -1000 -10 1
66 2 Car -1 -1 -1 842.47 171.05 897.83 197.83 -1 -1 -1 -1000 -1000 -1000 -10 1
67 58 Car -1 -1 -1 387.83 162.98 478.75 205.68 -1 -1 -1 -1000 -1000 -1000 -10 1
67 57 Car -1 -1 -1 881.28 164.45 958.31 194.56 -1 -1 -1 -1000 -1000 -1000 -10 1
67 55 Car -1 -1 -1 253.17 181.64 372.68 236.46 -1 -1 -1 -1000 -1000 -1000 -10 1
67 36 Car -1 -1 -1 588.90 161.91 641.56 210.06 -1 -1 -1 -1000 -1000 -1000 -10 1
67 2 Car -1 -1 -1 857.77 170.32 917.13 197.32 -1 -1 -1 -1000 -1000 -1000 -10 1
68 58 Car -1 -1 -1 376.55 163.73 467.18 207.43 -1 -1 -1 -1000 -1000 -1000 -10 1
68 57 Car -1 -1 -1 877.72 162.96 951.39 193.71 -1 -1 -1 -1000 -1000 -1000 -10 1
68 55 Car -1 -1 -1 225.80 183.68 349.71 241.81 -1 -1 -1 -1000 -1000 -1000 -10 1
68 36 Car -1 -1 -1 588.01 162.03 641.59 210.86 -1 -1 -1 -1000 -1000 -1000 -10 1
69 58 Car -1 -1 -1 367.33 167.05 456.35 209.75 -1 -1 -1 -1000 -1000 -1000 -10 1
69 57 Car -1 -1 -1 883.44 162.48 955.93 193.76 -1 -1 -1 -1000 -1000 -1000 -10 1
69 55 Car -1 -1 -1 183.79 182.98 324.56 248.02 -1 -1 -1 -1000 -1000 -1000 -10 1
69 36 Car -1 -1 -1 586.32 162.39 640.33 211.16 -1 -1 -1 -1000 -1000 -1000 -10 1
70 62 Car -1 -1 -1 7.28 187.95 94.99 240.17 -1 -1 -1 -1000 -1000 -1000 -10 1
70 57 Car -1 -1 -1 884.75 162.94 958.24 194.31 -1 -1 -1 -1000 -1000 -1000 -10 1
70 55 Car -1 -1 -1 136.46 182.93 295.32 253.79 -1 -1 -1 -1000 -1000 -1000 -10 1
70 36 Car -1 -1 -1 584.74 163.86 639.50 212.71 -1 -1 -1 -1000 -1000 -1000 -10 1
71 62 Car -1 -1 -1 -4.75 185.89 82.85 241.58 -1 -1 -1 -1000 -1000 -1000 -10 1
71 55 Car -1 -1 -1 79.59 184.32 264.14 264.73 -1 -1 -1 -1000 -1000 -1000 -10 1
71 36 Car -1 -1 -1 585.37 164.92 641.03 214.57 -1 -1 -1 -1000 -1000 -1000 -10 1
72 55 Car -1 -1 -1 21.04 189.79 220.63 273.46 -1 -1 -1 -1000 -1000 -1000 -10 1
72 36 Car -1 -1 -1 586.42 164.96 642.99 215.43 -1 -1 -1 -1000 -1000 -1000 -10 1
73 63 Car -1 -1 -1 282.68 174.31 410.08 226.39 -1 -1 -1 -1000 -1000 -1000 -10 1
73 55 Car -1 -1 -1 -12.76 194.49 186.26 287.52 -1 -1 -1 -1000 -1000 -1000 -10 1
73 36 Car -1 -1 -1 586.17 165.95 644.09 217.68 -1 -1 -1 -1000 -1000 -1000 -10 1
74 65 Car -1 -1 -1 1007.25 161.39 1109.70 198.20 -1 -1 -1 -1000 -1000 -1000 -10 1
74 63 Car -1 -1 -1 255.81 172.47 396.23 232.60 -1 -1 -1 -1000 -1000 -1000 -10 1
74 57 Car -1 -1 -1 836.78 161.48 899.57 187.58 -1 -1 -1 -1000 -1000 -1000 -10 1
74 55 Car -1 -1 -1 -34.36 197.43 143.44 296.13 -1 -1 -1 -1000 -1000 -1000 -10 1
74 36 Car -1 -1 -1 586.46 167.68 645.89 220.72 -1 -1 -1 -1000 -1000 -1000 -10 1
75 65 Car -1 -1 -1 1023.03 163.39 1119.64 197.81 -1 -1 -1 -1000 -1000 -1000 -10 1
75 63 Car -1 -1 -1 224.86 174.55 374.50 240.46 -1 -1 -1 -1000 -1000 -1000 -10 1
75 36 Car -1 -1 -1 585.69 168.14 646.30 222.10 -1 -1 -1 -1000 -1000 -1000 -10 1
76 65 Car -1 -1 -1 1052.44 162.90 1155.03 198.65 -1 -1 -1 -1000 -1000 -1000 -10 1
76 63 Car -1 -1 -1 187.66 178.78 348.32 249.09 -1 -1 -1 -1000 -1000 -1000 -10 1
76 36 Car -1 -1 -1 584.08 167.65 646.02 222.55 -1 -1 -1 -1000 -1000 -1000 -10 1
77 65 Car -1 -1 -1 1081.74 163.12 1190.51 199.84 -1 -1 -1 -1000 -1000 -1000 -10 1
77 63 Car -1 -1 -1 138.78 182.60 315.31 258.21 -1 -1 -1 -1000 -1000 -1000 -10 1
77 36 Car -1 -1 -1 582.05 168.09 644.28 223.67 -1 -1 -1 -1000 -1000 -1000 -10 1
78 67 Car -1 -1 -1 -3.36 175.88 95.18 222.05 -1 -1 -1 -1000 -1000 -1000 -10 1
78 65 Car -1 -1 -1 1102.61 162.40 1218.11 200.71 -1 -1 -1 -1000 -1000 -1000 -10 1
78 63 Car -1 -1 -1 75.80 184.48 285.49 271.81 -1 -1 -1 -1000 -1000 -1000 -10 1
78 57 Car -1 -1 -1 793.41 162.47 859.59 188.62 -1 -1 -1 -1000 -1000 -1000 -10 1
78 36 Car -1 -1 -1 578.91 166.98 642.76 224.34 -1 -1 -1 -1000 -1000 -1000 -10 1
79 65 Car -1 -1 -1 1122.00 156.71 1244.63 199.30 -1 -1 -1 -1000 -1000 -1000 -10 1
79 63 Car -1 -1 -1 27.13 185.76 251.56 276.17 -1 -1 -1 -1000 -1000 -1000 -10 1
79 57 Car -1 -1 -1 777.21 159.76 844.19 186.50 -1 -1 -1 -1000 -1000 -1000 -10 1
79 36 Car -1 -1 -1 577.11 168.02 642.23 226.87 -1 -1 -1 -1000 -1000 -1000 -10 1
80 65 Car -1 -1 -1 1146.46 154.22 1257.27 197.73 -1 -1 -1 -1000 -1000 -1000 -10 1
80 63 Car -1 -1 -1 3.27 183.95 231.02 274.97 -1 -1 -1 -1000 -1000 -1000 -10 1
80 57 Car -1 -1 -1 764.77 158.47 834.05 186.09 -1 -1 -1 -1000 -1000 -1000 -10 1
80 36 Car -1 -1 -1 575.35 168.07 642.19 228.77 -1 -1 -1 -1000 -1000 -1000 -10 1
81 65 Car -1 -1 -1 1177.65 150.58 1267.94 194.34 -1 -1 -1 -1000 -1000 -1000 -10 1
81 63 Car -1 -1 -1 -9.26 180.83 214.28 270.22 -1 -1 -1 -1000 -1000 -1000 -10 1
81 57 Car -1 -1 -1 754.92 158.83 825.20 187.07 -1 -1 -1 -1000 -1000 -1000 -10 1
81 36 Car -1 -1 -1 571.74 168.94 643.18 230.04 -1 -1 -1 -1000 -1000 -1000 -10 1
82 71 Car -1 -1 -1 -5.23 200.25 269.84 380.58 -1 -1 -1 -1000 -1000 -1000 -10 1
82 57 Car -1 -1 -1 746.67 160.34 816.44 189.18 -1 -1 -1 -1000 -1000 -1000 -10 1
82 36 Car -1 -1 -1 568.37 169.18 643.11 230.55 -1 -1 -1 -1000 -1000 -1000 -10 1
83 71 Car -1 -1 -1 -1.72 215.23 282.53 384.23 -1 -1 -1 -1000 -1000 -1000 -10 1
83 57 Car -1 -1 -1 736.57 160.73 806.10 189.20 -1 -1 -1 -1000 -1000 -1000 -10 1
83 36 Car -1 -1 -1 566.70 169.19 645.18 231.57 -1 -1 -1 -1000 -1000 -1000 -10 1
84 73 Car -1 -1 -1 -24.50 207.91 138.76 305.19 -1 -1 -1 -1000 -1000 -1000 -10 1
84 71 Car -1 -1 -1 2.87 218.51 297.73 382.01 -1 -1 -1 -1000 -1000 -1000 -10 1
84 36 Car -1 -1 -1 565.93 169.85 648.10 233.53 -1 -1 -1 -1000 -1000 -1000 -10 1
85 71 Car -1 -1 -1 1.30 217.68 302.68 379.55 -1 -1 -1 -1000 -1000 -1000 -10 1
85 36 Car -1 -1 -1 565.58 170.40 651.07 235.91 -1 -1 -1 -1000 -1000 -1000 -10 1
86 71 Car -1 -1 -1 -0.83 214.75 310.30 375.31 -1 -1 -1 -1000 -1000 -1000 -10 1
86 36 Car -1 -1 -1 566.33 170.88 655.29 238.57 -1 -1 -1 -1000 -1000 -1000 -10 1
87 71 Car -1 -1 -1 -2.94 208.66 320.63 374.29 -1 -1 -1 -1000 -1000 -1000 -10 1
87 36 Car -1 -1 -1 565.71 170.78 659.02 241.00 -1 -1 -1 -1000 -1000 -1000 -10 1
88 71 Car -1 -1 -1 1.61 206.79 328.54 374.31 -1 -1 -1 -1000 -1000 -1000 -10 1
88 36 Car -1 -1 -1 564.42 170.32 660.11 242.67 -1 -1 -1 -1000 -1000 -1000 -10 1
89 71 Car -1 -1 -1 -2.74 202.96 337.36 374.01 -1 -1 -1 -1000 -1000 -1000 -10 1
89 36 Car -1 -1 -1 560.46 170.38 656.13 246.20 -1 -1 -1 -1000 -1000 -1000 -10 1
90 71 Car -1 -1 -1 -0.31 203.00 347.78 374.84 -1 -1 -1 -1000 -1000 -1000 -10 1
90 36 Car -1 -1 -1 558.36 169.64 654.97 248.59 -1 -1 -1 -1000 -1000 -1000 -10 1
92 71 Car -1 -1 -1 -1.13 200.29 364.36 373.87 -1 -1 -1 -1000 -1000 -1000 -10 1
92 36 Car -1 -1 -1 559.09 169.30 658.24 251.83 -1 -1 -1 -1000 -1000 -1000 -10 1
93 71 Car -1 -1 -1 -2.95 199.35 374.10 372.06 -1 -1 -1 -1000 -1000 -1000 -10 1
93 36 Car -1 -1 -1 556.41 168.67 657.65 253.22 -1 -1 -1 -1000 -1000 -1000 -10 1
94 71 Car -1 -1 -1 -5.67 200.34 380.05 372.98 -1 -1 -1 -1000 -1000 -1000 -10 1
94 36 Car -1 -1 -1 553.94 167.26 655.82 253.42 -1 -1 -1 -1000 -1000 -1000 -10 1
95 71 Car -1 -1 -1 -2.70 194.44 382.36 370.15 -1 -1 -1 -1000 -1000 -1000 -10 1
95 36 Car -1 -1 -1 554.15 167.89 660.30 251.93 -1 -1 -1 -1000 -1000 -1000 -10 1
96 71 Car -1 -1 -1 -4.79 194.73 390.25 372.54 -1 -1 -1 -1000 -1000 -1000 -10 1
96 36 Car -1 -1 -1 556.60 171.60 664.28 256.17 -1 -1 -1 -1000 -1000 -1000 -10 1
97 71 Car -1 -1 -1 -6.72 193.87 400.49 374.03 -1 -1 -1 -1000 -1000 -1000 -10 1
97 36 Car -1 -1 -1 553.10 172.76 663.09 259.99 -1 -1 -1 -1000 -1000 -1000 -10 1
98 71 Car -1 -1 -1 -10.63 193.42 412.07 374.62 -1 -1 -1 -1000 -1000 -1000 -10 1
98 36 Car -1 -1 -1 551.20 172.18 663.18 261.86 -1 -1 -1 -1000 -1000 -1000 -10 1
99 71 Car -1 -1 -1 -6.61 193.17 410.81 373.75 -1 -1 -1 -1000 -1000 -1000 -10 1
99 36 Car -1 -1 -1 551.50 169.06 668.40 262.20 -1 -1 -1 -1000 -1000 -1000 -10 1
100 71 Car -1 -1 -1 -9.21 191.95 408.46 373.33 -1 -1 -1 -1000 -1000 -1000 -10 1
100 36 Car -1 -1 -1 549.65 167.26 670.79 263.64 -1 -1 -1 -1000 -1000 -1000 -10 1
101 71 Car -1 -1 -1 -7.87 190.70 409.24 372.77 -1 -1 -1 -1000 -1000 -1000 -10 1
101 36 Car -1 -1 -1 544.95 167.54 671.46 268.19 -1 -1 -1 -1000 -1000 -1000 -10 1
102 80 Car -1 -1 -1 810.14 165.44 883.47 193.01 -1 -1 -1 -1000 -1000 -1000 -10 1
102 71 Car -1 -1 -1 -11.38 190.50 416.44 370.66 -1 -1 -1 -1000 -1000 -1000 -10 1
102 36 Car -1 -1 -1 543.96 166.18 675.13 270.03 -1 -1 -1 -1000 -1000 -1000 -10 1
103 71 Car -1 -1 -1 -12.06 189.83 424.16 370.16 -1 -1 -1 -1000 -1000 -1000 -10 1
103 36 Car -1 -1 -1 537.02 165.19 676.94 273.90 -1 -1 -1 -1000 -1000 -1000 -10 1
104 71 Car -1 -1 -1 -12.04 189.96 424.11 371.57 -1 -1 -1 -1000 -1000 -1000 -10 1
104 36 Car -1 -1 -1 536.38 164.58 681.49 276.83 -1 -1 -1 -1000 -1000 -1000 -10 1
105 71 Car -1 -1 -1 -16.91 188.20 424.84 371.43 -1 -1 -1 -1000 -1000 -1000 -10 1
105 36 Car -1 -1 -1 534.70 164.27 683.25 278.58 -1 -1 -1 -1000 -1000 -1000 -10 1
106 81 Car -1 -1 -1 460.99 170.97 562.19 210.09 -1 -1 -1 -1000 -1000 -1000 -10 1
106 71 Car -1 -1 -1 -17.97 187.82 429.65 371.59 -1 -1 -1 -1000 -1000 -1000 -10 1
106 36 Car -1 -1 -1 533.68 164.12 685.66 280.05 -1 -1 -1 -1000 -1000 -1000 -10 1
107 81 Car -1 -1 -1 447.00 174.14 552.14 213.89 -1 -1 -1 -1000 -1000 -1000 -10 1
107 71 Car -1 -1 -1 -13.05 187.98 429.44 370.73 -1 -1 -1 -1000 -1000 -1000 -10 1
107 36 Car -1 -1 -1 533.33 164.35 688.32 282.64 -1 -1 -1 -1000 -1000 -1000 -10 1
108 71 Car -1 -1 -1 -15.22 184.75 432.78 371.04 -1 -1 -1 -1000 -1000 -1000 -10 1
108 36 Car -1 -1 -1 532.30 164.27 689.53 284.79 -1 -1 -1 -1000 -1000 -1000 -10 1
109 71 Car -1 -1 -1 -12.26 183.45 437.20 371.70 -1 -1 -1 -1000 -1000 -1000 -10 1
109 36 Car -1 -1 -1 531.63 164.98 692.37 288.27 -1 -1 -1 -1000 -1000 -1000 -10 1
110 71 Car -1 -1 -1 -8.62 182.48 440.69 372.18 -1 -1 -1 -1000 -1000 -1000 -10 1
110 36 Car -1 -1 -1 530.09 165.74 693.76 291.45 -1 -1 -1 -1000 -1000 -1000 -10 1
111 71 Car -1 -1 -1 -2.52 179.79 444.66 371.94 -1 -1 -1 -1000 -1000 -1000 -10 1
111 36 Car -1 -1 -1 529.57 168.04 696.30 296.31 -1 -1 -1 -1000 -1000 -1000 -10 1
112 71 Car -1 -1 -1 0.85 180.29 447.81 372.68 -1 -1 -1 -1000 -1000 -1000 -10 1
112 36 Car -1 -1 -1 529.29 167.98 696.63 299.24 -1 -1 -1 -1000 -1000 -1000 -10 1
113 81 Car -1 -1 -1 349.78 176.85 466.86 222.29 -1 -1 -1 -1000 -1000 -1000 -10 1
113 71 Car -1 -1 -1 5.23 181.13 448.98 373.07 -1 -1 -1 -1000 -1000 -1000 -10 1
113 36 Car -1 -1 -1 527.91 167.74 693.80 299.17 -1 -1 -1 -1000 -1000 -1000 -10 1
114 81 Car -1 -1 -1 337.95 177.73 455.48 224.68 -1 -1 -1 -1000 -1000 -1000 -10 1
114 71 Car -1 -1 -1 10.65 180.51 452.00 372.89 -1 -1 -1 -1000 -1000 -1000 -10 1
114 36 Car -1 -1 -1 528.40 168.63 694.17 300.25 -1 -1 -1 -1000 -1000 -1000 -10 1
115 81 Car -1 -1 -1 316.18 174.84 437.21 225.39 -1 -1 -1 -1000 -1000 -1000 -10 1
115 71 Car -1 -1 -1 10.98 179.21 450.45 372.36 -1 -1 -1 -1000 -1000 -1000 -10 1
115 36 Car -1 -1 -1 528.16 169.03 691.81 306.12 -1 -1 -1 -1000 -1000 -1000 -10 1
116 71 Car -1 -1 -1 12.14 179.03 448.95 372.61 -1 -1 -1 -1000 -1000 -1000 -10 1
116 36 Car -1 -1 -1 525.36 165.93 692.63 304.96 -1 -1 -1 -1000 -1000 -1000 -10 1
117 71 Car -1 -1 -1 13.28 177.20 450.46 372.36 -1 -1 -1 -1000 -1000 -1000 -10 1
117 36 Car -1 -1 -1 524.17 165.73 699.28 310.47 -1 -1 -1 -1000 -1000 -1000 -10 1
118 71 Car -1 -1 -1 10.54 179.24 445.95 373.54 -1 -1 -1 -1000 -1000 -1000 -10 1
118 36 Car -1 -1 -1 521.58 164.43 706.24 310.88 -1 -1 -1 -1000 -1000 -1000 -10 1
119 71 Car -1 -1 -1 11.58 179.13 448.72 373.47 -1 -1 -1 -1000 -1000 -1000 -10 1
119 36 Car -1 -1 -1 518.66 163.89 708.77 310.59 -1 -1 -1 -1000 -1000 -1000 -10 1
120 86 Car -1 -1 -1 400.72 176.32 485.49 209.18 -1 -1 -1 -1000 -1000 -1000 -10 1
120 71 Car -1 -1 -1 6.16 179.33 445.21 373.53 -1 -1 -1 -1000 -1000 -1000 -10 1
120 36 Car -1 -1 -1 517.08 163.44 707.13 311.32 -1 -1 -1 -1000 -1000 -1000 -10 1
121 86 Car -1 -1 -1 374.75 175.51 460.28 208.96 -1 -1 -1 -1000 -1000 -1000 -10 1
121 71 Car -1 -1 -1 -2.60 182.84 435.28 375.05 -1 -1 -1 -1000 -1000 -1000 -10 1
122 87 Car -1 -1 -1 519.85 161.32 702.10 317.26 -1 -1 -1 -1000 -1000 -1000 -10 1
122 86 Car -1 -1 -1 354.42 180.42 434.85 213.01 -1 -1 -1 -1000 -1000 -1000 -10 1
122 71 Car -1 -1 -1 -9.13 184.48 431.32 373.25 -1 -1 -1 -1000 -1000 -1000 -10 1
123 87 Car -1 -1 -1 518.83 161.76 704.03 322.13 -1 -1 -1 -1000 -1000 -1000 -10 1
123 71 Car -1 -1 -1 -11.74 183.90 433.31 373.16 -1 -1 -1 -1000 -1000 -1000 -10 1
124 87 Car -1 -1 -1 518.35 161.96 702.87 326.36 -1 -1 -1 -1000 -1000 -1000 -10 1
124 71 Car -1 -1 -1 -17.66 186.52 430.14 374.64 -1 -1 -1 -1000 -1000 -1000 -10 1
124 36 Car -1 -1 -1 513.01 157.69 709.88 328.70 -1 -1 -1 -1000 -1000 -1000 -10 1
125 87 Car -1 -1 -1 515.80 160.50 702.93 329.57 -1 -1 -1 -1000 -1000 -1000 -10 1
125 71 Car -1 -1 -1 -20.78 187.54 431.68 375.04 -1 -1 -1 -1000 -1000 -1000 -10 1
125 36 Car -1 -1 -1 510.87 154.99 710.36 332.61 -1 -1 -1 -1000 -1000 -1000 -10 1
126 87 Car -1 -1 -1 513.18 160.46 702.12 332.92 -1 -1 -1 -1000 -1000 -1000 -10 1
126 71 Car -1 -1 -1 -18.55 188.72 429.21 375.04 -1 -1 -1 -1000 -1000 -1000 -10 1
126 36 Car -1 -1 -1 507.88 153.59 710.11 336.00 -1 -1 -1 -1000 -1000 -1000 -10 1
127 87 Car -1 -1 -1 510.48 159.06 703.61 335.05 -1 -1 -1 -1000 -1000 -1000 -10 1
127 71 Car -1 -1 -1 -12.65 190.11 426.99 375.08 -1 -1 -1 -1000 -1000 -1000 -10 1
127 36 Car -1 -1 -1 506.12 152.72 712.98 339.37 -1 -1 -1 -1000 -1000 -1000 -10 1
128 87 Car -1 -1 -1 507.35 158.14 705.35 336.76 -1 -1 -1 -1000 -1000 -1000 -10 1
128 71 Car -1 -1 -1 -14.43 189.43 427.27 372.63 -1 -1 -1 -1000 -1000 -1000 -10 1
128 36 Car -1 -1 -1 502.58 151.15 715.22 341.75 -1 -1 -1 -1000 -1000 -1000 -10 1
129 87 Car -1 -1 -1 504.42 157.79 709.29 339.36 -1 -1 -1 -1000 -1000 -1000 -10 1
129 71 Car -1 -1 -1 -18.66 188.98 426.64 372.16 -1 -1 -1 -1000 -1000 -1000 -10 1
129 36 Car -1 -1 -1 500.40 149.89 720.14 344.75 -1 -1 -1 -1000 -1000 -1000 -10 1
130 87 Car -1 -1 -1 501.45 157.40 710.47 340.66 -1 -1 -1 -1000 -1000 -1000 -10 1
130 71 Car -1 -1 -1 -19.30 192.11 421.50 371.20 -1 -1 -1 -1000 -1000 -1000 -10 1
130 36 Car -1 -1 -1 497.61 149.12 722.11 347.79 -1 -1 -1 -1000 -1000 -1000 -10 1
131 87 Car -1 -1 -1 499.74 156.06 709.63 339.82 -1 -1 -1 -1000 -1000 -1000 -10 1
131 71 Car -1 -1 -1 -13.71 193.78 421.03 372.34 -1 -1 -1 -1000 -1000 -1000 -10 1
131 36 Car -1 -1 -1 493.38 147.90 721.57 349.04 -1 -1 -1 -1000 -1000 -1000 -10 1
132 87 Car -1 -1 -1 499.30 156.38 707.76 341.14 -1 -1 -1 -1000 -1000 -1000 -10 1
132 71 Car -1 -1 -1 -10.44 193.70 420.63 372.48 -1 -1 -1 -1000 -1000 -1000 -10 1
132 36 Car -1 -1 -1 492.62 146.48 722.68 350.12 -1 -1 -1 -1000 -1000 -1000 -10 1
133 87 Car -1 -1 -1 499.94 157.18 708.11 344.11 -1 -1 -1 -1000 -1000 -1000 -10 1
133 71 Car -1 -1 -1 -16.70 194.12 422.40 374.39 -1 -1 -1 -1000 -1000 -1000 -10 1
133 36 Car -1 -1 -1 491.23 145.72 722.75 352.07 -1 -1 -1 -1000 -1000 -1000 -10 1
134 87 Car -1 -1 -1 499.36 156.87 707.82 345.03 -1 -1 -1 -1000 -1000 -1000 -10 1
134 71 Car -1 -1 -1 -20.33 194.51 425.76 375.16 -1 -1 -1 -1000 -1000 -1000 -10 1
134 36 Car -1 -1 -1 489.35 146.09 722.80 354.12 -1 -1 -1 -1000 -1000 -1000 -10 1
135 87 Car -1 -1 -1 500.50 157.70 708.57 346.89 -1 -1 -1 -1000 -1000 -1000 -10 1
135 71 Car -1 -1 -1 -24.47 194.55 424.82 375.82 -1 -1 -1 -1000 -1000 -1000 -10 1
135 36 Car -1 -1 -1 489.65 148.00 724.18 357.09 -1 -1 -1 -1000 -1000 -1000 -10 1
136 87 Car -1 -1 -1 499.76 158.39 711.40 348.49 -1 -1 -1 -1000 -1000 -1000 -10 1
136 71 Car -1 -1 -1 -26.45 193.69 423.83 376.30 -1 -1 -1 -1000 -1000 -1000 -10 1
136 36 Car -1 -1 -1 490.12 148.68 727.59 358.74 -1 -1 -1 -1000 -1000 -1000 -10 1
137 87 Car -1 -1 -1 498.76 158.46 711.89 351.82 -1 -1 -1 -1000 -1000 -1000 -10 1
137 71 Car -1 -1 -1 -22.42 192.03 418.45 374.85 -1 -1 -1 -1000 -1000 -1000 -10 1
137 36 Car -1 -1 -1 490.28 150.15 729.42 361.07 -1 -1 -1 -1000 -1000 -1000 -10 1
138 87 Car -1 -1 -1 499.32 158.15 713.36 353.88 -1 -1 -1 -1000 -1000 -1000 -10 1
138 71 Car -1 -1 -1 -17.66 191.07 416.00 374.05 -1 -1 -1 -1000 -1000 -1000 -10 1
138 36 Car -1 -1 -1 491.74 151.41 732.26 363.32 -1 -1 -1 -1000 -1000 -1000 -10 1
139 87 Car -1 -1 -1 499.38 158.21 713.49 355.53 -1 -1 -1 -1000 -1000 -1000 -10 1
139 71 Car -1 -1 -1 -19.84 190.37 412.86 374.45 -1 -1 -1 -1000 -1000 -1000 -10 1
139 36 Car -1 -1 -1 491.43 151.65 732.31 364.51 -1 -1 -1 -1000 -1000 -1000 -10 1
140 87 Car -1 -1 -1 497.68 156.66 720.33 359.87 -1 -1 -1 -1000 -1000 -1000 -10 1
140 71 Car -1 -1 -1 -18.45 189.93 410.39 373.65 -1 -1 -1 -1000 -1000 -1000 -10 1
140 36 Car -1 -1 -1 486.12 152.50 731.07 365.30 -1 -1 -1 -1000 -1000 -1000 -10 1
141 87 Car -1 -1 -1 495.00 155.55 723.87 362.80 -1 -1 -1 -1000 -1000 -1000 -10 1
141 71 Car -1 -1 -1 -13.67 191.52 407.31 373.85 -1 -1 -1 -1000 -1000 -1000 -10 1
141 36 Car -1 -1 -1 483.31 152.96 732.26 365.75 -1 -1 -1 -1000 -1000 -1000 -10 1
142 71 Car -1 -1 -1 -11.61 193.19 403.60 374.13 -1 -1 -1 -1000 -1000 -1000 -10 1
142 36 Car -1 -1 -1 485.37 153.46 733.94 367.11 -1 -1 -1 -1000 -1000 -1000 -10 1
143 71 Car -1 -1 -1 -8.99 194.16 400.87 373.82 -1 -1 -1 -1000 -1000 -1000 -10 1
143 36 Car -1 -1 -1 486.29 153.32 734.17 367.98 -1 -1 -1 -1000 -1000 -1000 -10 1
144 71 Car -1 -1 -1 -7.04 194.41 399.45 373.24 -1 -1 -1 -1000 -1000 -1000 -10 1
144 36 Car -1 -1 -1 487.04 153.67 734.81 368.73 -1 -1 -1 -1000 -1000 -1000 -10 1
145 71 Car -1 -1 -1 -5.24 194.40 398.89 372.64 -1 -1 -1 -1000 -1000 -1000 -10 1
145 36 Car -1 -1 -1 486.96 153.82 735.37 368.99 -1 -1 -1 -1000 -1000 -1000 -10 1
146 71 Car -1 -1 -1 -4.18 194.25 398.28 372.15 -1 -1 -1 -1000 -1000 -1000 -10 1
146 36 Car -1 -1 -1 486.54 153.55 735.36 368.84 -1 -1 -1 -1000 -1000 -1000 -10 1
147 71 Car -1 -1 -1 -3.23 194.32 397.70 371.88 -1 -1 -1 -1000 -1000 -1000 -10 1
147 36 Car -1 -1 -1 486.24 153.23 735.69 368.81 -1 -1 -1 -1000 -1000 -1000 -10 1
148 71 Car -1 -1 -1 -2.41 194.60 396.98 371.85 -1 -1 -1 -1000 -1000 -1000 -10 1
148 36 Car -1 -1 -1 485.90 153.00 735.67 368.77 -1 -1 -1 -1000 -1000 -1000 -10 1
149 71 Car -1 -1 -1 -1.68 194.75 396.49 371.71 -1 -1 -1 -1000 -1000 -1000 -10 1
149 36 Car -1 -1 -1 485.81 153.02 735.86 368.82 -1 -1 -1 -1000 -1000 -1000 -10 1
150 71 Car -1 -1 -1 -1.67 194.76 396.26 371.58 -1 -1 -1 -1000 -1000 -1000 -10 1
150 36 Car -1 -1 -1 486.57 153.37 735.73 368.95 -1 -1 -1 -1000 -1000 -1000 -10 1
