0 3 Car -1 -1 -1 384.27 176.99 511.45 232.33 -1 -1 -1 -1000 -1000 -1000 -10 1
0 2 Car -1 -1 -1 322.59 195.49 454.83 284.88 -1 -1 -1 -1000 -1000 -1000 -10 1
0 1 Car -1 -1 -1 1.65 210.03 360.87 364.94 -1 -1 -1 -1000 -1000 -1000 -10 1
1 4 Car -1 -1 -1 386.79 172.90 505.42 237.47 -1 -1 -1 -1000 -1000 -1000 -10 1
1 3 Car -1 -1 -1 383.71 176.09 511.76 233.94 -1 -1 -1 -1000 -1000 -1000 -10 1
1 2 Car -1 -1 -1 304.08 197.77 442.50 286.13 -1 -1 -1 -1000 -1000 -1000 -10 1
1 1 Car -1 -1 -1 -4.97 208.34 341.34 368.75 -1 -1 -1 -1000 -1000 -1000 -10 1
2 4 Car -1 -1 -1 387.61 175.82 504.47 240.00 -1 -1 -1 -1000 -1000 -1000 -10 1
2 3 Car -1 -1 -1 379.59 176.21 509.83 236.42 -1 -1 -1 -1000 -1000 -1000 -10 1
2 2 Car -1 -1 -1 282.29 196.64 434.79 291.31 -1 -1 -1 -1000 -1000 -1000 -10 1
2 1 Car -1 -1 -1 -2.88 212.47 324.80 370.88 -1 -1 -1 -1000 -1000 -1000 -10 1
3 3 Car -1 -1 -1 377.07 174.55 511.03 239.76 -1 -1 -1 -1000 -1000 -1000 -10 1
3 2 Car -1 -1 -1 259.29 196.07 430.60 299.18 -1 -1 -1 -1000 -1000 -1000 -10 1
3 1 Car -1 -1 -1 -0.39 217.29 279.84 362.97 -1 -1 -1 -1000 -1000 -1000 -10 1
4 4 Car -1 -1 -1 385.81 170.27 505.45 241.56 -1 -1 -1 -1000 -1000 -1000 -10 1
4 3 Car -1 -1 -1 375.72 173.85 509.64 242.46 -1 -1 -1 -1000 -1000 -1000 -10 1
4 2 Car -1 -1 -1 231.91 196.47 427.82 313.67 -1 -1 -1 -1000 -1000 -1000 -10 1
4 1 Car -1 -1 -1 -7.76 224.51 254.88 368.27 -1 -1 -1 -1000 -1000 -1000 -10 1
5 4 Car -1 -1 -1 381.02 170.75 503.01 244.68 -1 -1 -1 -1000 -1000 -1000 -10 1
5 2 Car -1 -1 -1 206.53 196.13 420.43 323.69 -1 -1 -1 -1000 -1000 -1000 -10 1
5 1 Car -1 -1 -1 -6.94 230.06 215.63 360.61 -1 -1 -1 -1000 -1000 -1000 -10 1
6 4 Car -1 -1 -1 378.68 169.33 501.69 244.80 -1 -1 -1 -1000 -1000 -1000 -10 1
6 2 Car -1 -1 -1 178.40 192.47 412.39 332.00 -1 -1 -1 -1000 -1000 -1000 -10 1
6 1 Car -1 -1 -1 -19.65 241.69 151.39 357.85 -1 -1 -1 -1000 -1000 -1000 -10 1
7 4 Car -1 -1 -1 370.90 169.66 494.27 245.83 -1 -1 -1 -1000 -1000 -1000 -10 1
7 2 Car -1 -1 -1 144.91 191.87 401.18 343.29 -1 -1 -1 -1000 -1000 -1000 -10 1
8 4 Car -1 -1 -1 359.10 170.58 494.25 251.85 -1 -1 -1 -1000 -1000 -1000 -10 1
8 2 Car -1 -1 -1 109.49 195.84 384.32 351.70 -1 -1 -1 -1000 -1000 -1000 -10 1
9 2 Car -1 -1 -1 61.32 200.63 367.59 367.25 -1 -1 -1 -1000 -1000 -1000 -10 1
10 7 Car -1 -1 -1 337.86 158.95 479.86 256.92 -1 -1 -1 -1000 -1000 -1000 -10 1
10 2 Car -1 -1 -1 18.93 203.79 343.79 370.71 -1 -1 -1 -1000 -1000 -1000 -10 1
11 7 Car -1 -1 -1 330.37 160.43 474.89 263.82 -1 -1 -1 -1000 -1000 -1000 -10 1
11 2 Car -1 -1 -1 -7.05 200.76 336.09 375.89 -1 -1 -1 -1000 -1000 -1000 -10 1
12 8 Car -1 -1 -1 431.28 172.09 499.69 207.64 -1 -1 -1 -1000 -1000 -1000 -10 1
12 7 Car -1 -1 -1 318.94 159.74 471.56 268.00 -1 -1 -1 -1000 -1000 -1000 -10 1
12 2 Car -1 -1 -1 -19.95 198.35 324.99 376.75 -1 -1 -1 -1000 -1000 -1000 -10 1
13 8 Car -1 -1 -1 427.27 172.68 491.81 206.05 -1 -1 -1 -1000 -1000 -1000 -10 1
13 7 Car -1 -1 -1 305.70 161.67 460.21 272.80 -1 -1 -1 -1000 -1000 -1000 -10 1
13 2 Car -1 -1 -1 -29.34 199.16 303.65 375.54 -1 -1 -1 -1000 -1000 -1000 -10 1
14 8 Car -1 -1 -1 424.20 173.33 487.38 206.05 -1 -1 -1 -1000 -1000 -1000 -10 1
14 7 Car -1 -1 -1 293.73 165.60 453.18 282.76 -1 -1 -1 -1000 -1000 -1000 -10 1
14 2 Car -1 -1 -1 -34.72 202.15 283.19 378.91 -1 -1 -1 -1000 -1000 -1000 -10 1
15 8 Car -1 -1 -1 419.64 173.46 481.01 206.95 -1 -1 -1 -1000 -1000 -1000 -10 1
15 7 Car -1 -1 -1 277.85 165.27 443.99 289.49 -1 -1 -1 -1000 -1000 -1000 -10 1
15 2 Car -1 -1 -1 -38.75 203.49 259.05 379.59 -1 -1 -1 -1000 -1000 -1000 -10 1
16 8 Car -1 -1 -1 413.80 172.81 475.74 207.59 -1 -1 -1 -1000 -1000 -1000 -10 1
16 7 Car -1 -1 -1 260.23 169.51 437.06 303.28 -1 -1 -1 -1000 -1000 -1000 -10 1
16 2 Car -1 -1 -1 -44.04 210.45 224.10 382.73 -1 -1 -1 -1000 -1000 -1000 -10 1
17 8 Car -1 -1 -1 409.24 172.56 471.25 207.81 -1 -1 -1 -1000 -1000 -1000 -10 1
17 7 Car -1 -1 -1 242.33 171.06 427.10 315.13 -1 -1 -1 -1000 -1000 -1000 -10 1
17 2 Car -1 -1 -1 -44.82 212.05 189.68 381.60 -1 -1 -1 -1000 -1000 -1000 -10 1
18 8 Car -1 -1 -1 404.11 173.28 467.24 209.29 -1 -1 -1 -1000 -1000 -1000 -10 1
18 7 Car -1 -1 -1 221.70 167.46 416.08 325.18 -1 -1 -1 -1000 -1000 -1000 -10 1
19 8 Car -1 -1 -1 400.94 173.03 464.04 209.59 -1 -1 -1 -1000 -1000 -1000 -10 1
19 7 Car -1 -1 -1 198.17 166.42 405.80 335.34 -1 -1 -1 -1000 -1000 -1000 -10 1
20 8 Car -1 -1 -1 396.22 172.58 460.24 210.31 -1 -1 -1 -1000 -1000 -1000 -10 1
20 7 Car -1 -1 -1 166.07 163.64 393.78 347.22 -1 -1 -1 -1000 -1000 -1000 -10 1
21 8 Car -1 -1 -1 392.54 170.68 458.45 209.80 -1 -1 -1 -1000 -1000 -1000 -10 1
21 7 Car -1 -1 -1 135.40 160.88 384.50 360.51 -1 -1 -1 -1000 -1000 -1000 -10 1
22 15 Car -1 -1 -1 282.15 175.31 409.97 239.48 -1 -1 -1 -1000 -1000 -1000 -10 1
22 8 Car -1 -1 -1 388.45 170.43 456.94 210.16 -1 -1 -1 -1000 -1000 -1000 -10 1
22 7 Car -1 -1 -1 104.95 160.13 356.70 364.77 -1 -1 -1 -1000 -1000 -1000 -10 1
23 15 Car -1 -1 -1 277.07 173.04 406.21 240.98 -1 -1 -1 -1000 -1000 -1000 -10 1
23 12 Car -1 -1 -1 1119.91 155.56 1257.19 217.72 -1 -1 -1 -1000 -1000 -1000 -10 1
23 8 Car -1 -1 -1 383.83 170.13 454.77 211.03 -1 -1 -1 -1000 -1000 -1000 -10 1
24 16 Car -1 -1 -1 10.22 146.31 311.89 378.08 -1 -1 -1 -1000 -1000 -1000 -10 1
24 15 Car -1 -1 -1 273.55 174.76 397.86 242.60 -1 -1 -1 -1000 -1000 -1000 -10 1
24 8 Car -1 -1 -1 377.04 172.95 452.60 215.28 -1 -1 -1 -1000 -1000 -1000 -10 1
25 16 Car -1 -1 -1 -1.28 153.80 293.68 378.59 -1 -1 -1 -1000 -1000 -1000 -10 1
25 15 Car -1 -1 -1 269.66 177.18 390.11 244.86 -1 -1 -1 -1000 -1000 -1000 -10 1
25 8 Car -1 -1 -1 367.61 173.61 447.10 217.52 -1 -1 -1 -1000 -1000 -1000 -10 1
26 16 Car -1 -1 -1 -8.69 142.38 280.67 372.56 -1 -1 -1 -1000 -1000 -1000 -10 1
26 15 Car -1 -1 -1 263.78 177.26 385.06 248.10 -1 -1 -1 -1000 -1000 -1000 -10 1
26 8 Car -1 -1 -1 362.68 178.53 445.88 222.96 -1 -1 -1 -1000 -1000 -1000 -10 1
27 16 Car -1 -1 -1 -13.35 155.73 249.40 375.14 -1 -1 -1 -1000 -1000 -1000 -10 1
27 15 Car -1 -1 -1 254.91 176.66 379.48 250.73 -1 -1 -1 -1000 -1000 -1000 -10 1
27 8 Car -1 -1 -1 358.39 176.76 442.29 221.83 -1 -1 -1 -1000 -1000 -1000 -10 1
28 16 Car -1 -1 -1 -15.17 161.63 222.50 371.01 -1 -1 -1 -1000 -1000 -1000 -10 1
28 15 Car -1 -1 -1 244.45 179.96 375.04 254.99 -1 -1 -1 -1000 -1000 -1000 -10 1
28 8 Car -1 -1 -1 355.56 176.12 439.18 222.13 -1 -1 -1 -1000 -1000 -1000 -10 1
29 16 Car -1 -1 -1 -17.36 159.32 193.48 362.13 -1 -1 -1 -1000 -1000 -1000 -10 1
29 15 Car -1 -1 -1 237.25 180.49 373.64 258.41 -1 -1 -1 -1000 -1000 -1000 -10 1
29 8 Car -1 -1 -1 351.12 179.04 437.02 225.09 -1 -1 -1 -1000 -1000 -1000 -10 1
30 16 Car -1 -1 -1 -8.62 160.87 177.87 357.26 -1 -1 -1 -1000 -1000 -1000 -10 1
30 15 Car -1 -1 -1 231.15 185.33 369.25 264.20 -1 -1 -1 -1000 -1000 -1000 -10 1
30 8 Car -1 -1 -1 348.77 185.05 433.30 231.68 -1 -1 -1 -1000 -1000 -1000 -10 1
31 16 Car -1 -1 -1 -10.27 169.94 155.24 364.43 -1 -1 -1 -1000 -1000 -1000 -10 1
31 15 Car -1 -1 -1 223.49 191.81 363.86 271.26 -1 -1 -1 -1000 -1000 -1000 -10 1
31 8 Car -1 -1 -1 343.99 192.67 430.62 240.92 -1 -1 -1 -1000 -1000 -1000 -10 1
32 16 Car -1 -1 -1 -10.27 179.65 142.75 367.22 -1 -1 -1 -1000 -1000 -1000 -10 1
32 15 Car -1 -1 -1 213.18 201.98 358.76 284.64 -1 -1 -1 -1000 -1000 -1000 -10 1
32 8 Car -1 -1 -1 339.62 199.91 427.89 250.85 -1 -1 -1 -1000 -1000 -1000 -10 1
33 16 Car -1 -1 -1 -12.99 190.46 119.41 368.02 -1 -1 -1 -1000 -1000 -1000 -10 1
33 15 Car -1 -1 -1 202.50 208.10 355.85 298.45 -1 -1 -1 -1000 -1000 -1000 -10 1
33 8 Car -1 -1 -1 335.61 208.34 425.03 260.75 -1 -1 -1 -1000 -1000 -1000 -10 1
34 15 Car -1 -1 -1 189.50 211.41 350.35 308.52 -1 -1 -1 -1000 -1000 -1000 -10 1
34 8 Car -1 -1 -1 329.80 214.39 422.00 268.82 -1 -1 -1 -1000 -1000 -1000 -10 1
35 15 Car -1 -1 -1 180.61 213.91 348.80 316.68 -1 -1 -1 -1000 -1000 -1000 -10 1
35 8 Car -1 -1 -1 326.53 219.74 423.14 273.98 -1 -1 -1 -1000 -1000 -1000 -10 1
36 15 Car -1 -1 -1 170.97 217.48 346.64 325.04 -1 -1 -1 -1000 -1000 -1000 -10 1
36 8 Car -1 -1 -1 320.94 222.45 421.37 277.09 -1 -1 -1 -1000 -1000 -1000 -10 1
37 15 Car -1 -1 -1 160.67 224.66 342.30 330.34 -1 -1 -1 -1000 -1000 -1000 -10 1
37 8 Car -1 -1 -1 315.16 223.78 415.10 279.63 -1 -1 -1 -1000 -1000 -1000 -10 1
38 15 Car -1 -1 -1 152.78 228.53 335.86 333.53 -1 -1 -1 -1000 -1000 -1000 -10 1
38 8 Car -1 -1 -1 313.86 225.05 412.80 282.18 -1 -1 -1 -1000 -1000 -1000 -10 1
39 15 Car -1 -1 -1 147.72 226.51 332.28 333.03 -1 -1 -1 -1000 -1000 -1000 -10 1
39 8 Car -1 -1 -1 314.94 224.67 417.11 281.13 -1 -1 -1 -1000 -1000 -1000 -10 1
40 15 Car -1 -1 -1 137.20 216.05 333.16 330.91 -1 -1 -1 -1000 -1000 -1000 -10 1
40 8 Car -1 -1 -1 311.94 220.89 416.09 278.98 -1 -1 -1 -1000 -1000 -1000 -10 1
41 15 Car -1 -1 -1 125.97 208.28 332.50 328.88 -1 -1 -1 -1000 -1000 -1000 -10 1
41 8 Car -1 -1 -1 311.49 214.34 419.81 270.01 -1 -1 -1 -1000 -1000 -1000 -10 1
42 15 Car -1 -1 -1 118.17 202.27 331.29 326.81 -1 -1 -1 -1000 -1000 -1000 -10 1
42 8 Car -1 -1 -1 318.33 208.22 426.57 266.61 -1 -1 -1 -1000 -1000 -1000 -10 1
43 15 Car -1 -1 -1 114.23 199.45 333.67 326.81 -1 -1 -1 -1000 -1000 -1000 -10 1
43 8 Car -1 -1 -1 319.08 205.47 431.56 263.56 -1 -1 -1 -1000 -1000 -1000 -10 1
44 15 Car -1 -1 -1 108.79 198.20 335.99 328.64 -1 -1 -1 -1000 -1000 -1000 -10 1
44 8 Car -1 -1 -1 319.02 204.39 434.92 262.00 -1 -1 -1 -1000 -1000 -1000 -10 1
45 15 Car -1 -1 -1 103.97 197.54 337.89 330.68 -1 -1 -1 -1000 -1000 -1000 -10 1
45 8 Car -1 -1 -1 318.60 204.98 437.70 262.03 -1 -1 -1 -1000 -1000 -1000 -10 1
46 15 Car -1 -1 -1 98.47 198.25 339.28 334.08 -1 -1 -1 -1000 -1000 -1000 -10 1
46 8 Car -1 -1 -1 318.45 204.92 441.38 262.30 -1 -1 -1 -1000 -1000 -1000 -10 1
47 15 Car -1 -1 -1 93.25 198.50 340.75 336.86 -1 -1 -1 -1000 -1000 -1000 -10 1
47 8 Car -1 -1 -1 324.32 204.41 448.28 261.71 -1 -1 -1 -1000 -1000 -1000 -10 1
48 15 Car -1 -1 -1 86.16 199.49 342.08 341.42 -1 -1 -1 -1000 -1000 -1000 -10 1
48 8 Car -1 -1 -1 329.41 204.33 454.90 261.70 -1 -1 -1 -1000 -1000 -1000 -10 1
49 15 Car -1 -1 -1 79.75 200.64 344.01 345.06 -1 -1 -1 -1000 -1000 -1000 -10 1
49 8 Car -1 -1 -1 332.99 203.60 460.87 261.82 -1 -1 -1 -1000 -1000 -1000 -10 1
50 15 Car -1 -1 -1 68.22 204.65 343.79 348.41 -1 -1 -1 -1000 -1000 -1000 -10 1
50 8 Car -1 -1 -1 336.02 203.51 467.22 262.16 -1 -1 -1 -1000 -1000 -1000 -10 1
51 15 Car -1 -1 -1 59.89 205.31 346.51 352.47 -1 -1 -1 -1000 -1000 -1000 -10 1
51 8 Car -1 -1 -1 341.54 202.43 472.26 263.97 -1 -1 -1 -1000 -1000 -1000 -10 1
52 15 Car -1 -1 -1 48.66 206.54 351.23 359.83 -1 -1 -1 -1000 -1000 -1000 -10 1
52 8 Car -1 -1 -1 343.02 202.51 473.76 265.87 -1 -1 -1 -1000 -1000 -1000 -10 1
53 15 Car -1 -1 -1 37.15 207.60 354.63 366.55 -1 -1 -1 -1000 -1000 -1000 -10 1
53 8 Car -1 -1 -1 354.40 204.83 486.68 267.84 -1 -1 -1 -1000 -1000 -1000 -10 1
54 15 Car -1 -1 -1 20.53 205.75 360.03 369.24 -1 -1 -1 -1000 -1000 -1000 -10 1
54 8 Car -1 -1 -1 359.80 206.82 494.02 270.18 -1 -1 -1 -1000 -1000 -1000 -10 1
55 15 Car -1 -1 -1 9.28 206.03 364.17 371.44 -1 -1 -1 -1000 -1000 -1000 -10 1
55 8 Car -1 -1 -1 366.00 207.09 502.41 271.22 -1 -1 -1 -1000 -1000 -1000 -10 1
56 15 Car -1 -1 -1 0.66 204.79 368.50 371.41 -1 -1 -1 -1000 -1000 -1000 -10 1
56 8 Car -1 -1 -1 370.90 207.92 510.25 273.25 -1 -1 -1 -1000 -1000 -1000 -10 1
57 15 Car -1 -1 -1 -2.62 203.50 368.90 370.49 -1 -1 -1 -1000 -1000 -1000 -10 1
57 8 Car -1 -1 -1 376.18 208.75 518.83 275.96 -1 -1 -1 -1000 -1000 -1000 -10 1
59 15 Car -1 -1 -1 -6.50 205.23 375.24 372.63 -1 -1 -1 -1000 -1000 -1000 -10 1
59 8 Car -1 -1 -1 383.37 207.43 532.33 282.93 -1 -1 -1 -1000 -1000 -1000 -10 1
60 15 Car -1 -1 -1 -8.42 206.90 375.08 371.78 -1 -1 -1 -1000 -1000 -1000 -10 1
60 8 Car -1 -1 -1 393.06 208.80 544.10 285.61 -1 -1 -1 -1000 -1000 -1000 -10 1
61 15 Car -1 -1 -1 -10.45 209.13 369.12 372.29 -1 -1 -1 -1000 -1000 -1000 -10 1
61 8 Car -1 -1 -1 398.08 209.15 552.09 287.22 -1 -1 -1 -1000 -1000 -1000 -10 1
62 15 Car -1 -1 -1 -8.92 209.17 361.36 371.50 -1 -1 -1 -1000 -1000 -1000 -10 1
62 8 Car -1 -1 -1 404.72 211.27 560.96 290.55 -1 -1 -1 -1000 -1000 -1000 -10 1
63 15 Car -1 -1 -1 -9.83 212.62 354.26 375.10 -1 -1 -1 -1000 -1000 -1000 -10 1
63 8 Car -1 -1 -1 409.78 212.06 568.78 292.91 -1 -1 -1 -1000 -1000 -1000 -10 1
64 15 Car -1 -1 -1 -12.64 215.07 345.96 377.93 -1 -1 -1 -1000 -1000 -1000 -10 1
64 8 Car -1 -1 -1 411.93 208.82 576.77 294.54 -1 -1 -1 -1000 -1000 -1000 -10 1
66 15 Car -1 -1 -1 -22.44 211.65 314.68 374.56 -1 -1 -1 -1000 -1000 -1000 -10 1
66 8 Car -1 -1 -1 414.88 201.12 592.71 295.61 -1 -1 -1 -1000 -1000 -1000 -10 1
67 15 Car -1 -1 -1 -20.32 208.67 289.94 371.71 -1 -1 -1 -1000 -1000 -1000 -10 1
67 8 Car -1 -1 -1 416.20 197.36 599.75 295.80 -1 -1 -1 -1000 -1000 -1000 -10 1
68 15 Car -1 -1 -1 -27.66 209.21 258.59 372.13 -1 -1 -1 -1000 -1000 -1000 -10 1
68 8 Car -1 -1 -1 417.92 195.23 604.50 293.65 -1 -1 -1 -1000 -1000 -1000 -10 1
69 25 Car -1 -1 -1 704.52 174.28 752.92 205.77 -1 -1 -1 -1000 -1000 -1000 -10 1
69 15 Car -1 -1 -1 -39.38 213.02 208.56 375.38 -1 -1 -1 -1000 -1000 -1000 -10 1
69 8 Car -1 -1 -1 412.39 191.95 608.06 293.96 -1 -1 -1 -1000 -1000 -1000 -10 1
70 25 Car -1 -1 -1 714.49 172.08 762.56 203.31 -1 -1 -1 -1000 -1000 -1000 -10 1
70 8 Car -1 -1 -1 407.89 189.75 611.58 294.86 -1 -1 -1 -1000 -1000 -1000 -10 1
71 25 Car -1 -1 -1 719.83 166.85 769.51 199.78 -1 -1 -1 -1000 -1000 -1000 -10 1
71 8 Car -1 -1 -1 402.48 189.06 615.34 297.60 -1 -1 -1 -1000 -1000 -1000 -10 1
72 25 Car -1 -1 -1 724.30 163.90 775.34 197.92 -1 -1 -1 -1000 -1000 -1000 -10 1
72 8 Car -1 -1 -1 396.85 189.48 618.74 303.36 -1 -1 -1 -1000 -1000 -1000 -10 1
73 25 Car -1 -1 -1 726.51 161.06 780.47 196.90 -1 -1 -1 -1000 -1000 -1000 -10 1
73 8 Car -1 -1 -1 389.96 190.37 621.49 310.68 -1 -1 -1 -1000 -1000 -1000 -10 1
74 25 Car -1 -1 -1 725.82 158.26 783.32 196.96 -1 -1 -1 -1000 -1000 -1000 -10 1
74 8 Car -1 -1 -1 378.73 191.54 623.12 319.24 -1 -1 -1 -1000 -1000 -1000 -10 1
75 25 Car -1 -1 -1 726.24 160.51 786.89 200.34 -1 -1 -1 -1000 -1000 -1000 -10 1
75 8 Car -1 -1 -1 360.85 193.21 621.61 329.10 -1 -1 -1 -1000 -1000 -1000 -10 1
76 25 Car -1 -1 -1 730.13 162.94 788.77 202.52 -1 -1 -1 -1000 -1000 -1000 -10 1
76 8 Car -1 -1 -1 341.80 199.44 608.38 337.39 -1 -1 -1 -1000 -1000 -1000 -10 1
77 25 Car -1 -1 -1 729.20 164.29 785.92 203.59 -1 -1 -1 -1000 -1000 -1000 -10 1
77 8 Car -1 -1 -1 318.90 201.55 604.00 351.57 -1 -1 -1 -1000 -1000 -1000 -10 1
78 25 Car -1 -1 -1 725.91 166.26 782.54 205.83 -1 -1 -1 -1000 -1000 -1000 -10 1
78 8 Car -1 -1 -1 283.11 201.99 587.61 361.57 -1 -1 -1 -1000 -1000 -1000 -10 1
79 25 Car -1 -1 -1 726.16 167.88 781.59 206.27 -1 -1 -1 -1000 -1000 -1000 -10 1
79 8 Car -1 -1 -1 240.85 200.69 570.01 367.18 -1 -1 -1 -1000 -1000 -1000 -10 1
80 25 Car -1 -1 -1 723.56 167.76 778.31 206.14 -1 -1 -1 -1000 -1000 -1000 -10 1
80 8 Car -1 -1 -1 192.29 201.47 553.79 371.61 -1 -1 -1 -1000 -1000 -1000 -10 1
81 25 Car -1 -1 -1 718.44 167.55 774.55 206.55 -1 -1 -1 -1000 -1000 -1000 -10 1
81 8 Car -1 -1 -1 136.93 200.75 542.38 372.06 -1 -1 -1 -1000 -1000 -1000 -10 1
82 25 Car -1 -1 -1 711.58 169.83 768.21 208.74 -1 -1 -1 -1000 -1000 -1000 -10 1
82 8 Car -1 -1 -1 106.26 199.33 539.11 372.70 -1 -1 -1 -1000 -1000 -1000 -10 1
83 25 Car -1 -1 -1 708.79 173.17 764.67 211.77 -1 -1 -1 -1000 -1000 -1000 -10 1
83 8 Car -1 -1 -1 80.05 201.02 530.30 374.64 -1 -1 -1 -1000 -1000 -1000 -10 1
84 25 Car -1 -1 -1 703.57 177.24 760.13 216.40 -1 -1 -1 -1000 -1000 -1000 -10 1
84 8 Car -1 -1 -1 87.30 201.11 534.68 373.94 -1 -1 -1 -1000 -1000 -1000 -10 1
85 25 Car -1 -1 -1 696.96 180.43 753.19 219.50 -1 -1 -1 -1000 -1000 -1000 -10 1
85 8 Car -1 -1 -1 29.67 208.83 502.26 376.03 -1 -1 -1 -1000 -1000 -1000 -10 1
86 25 Car -1 -1 -1 687.18 182.23 745.12 223.24 -1 -1 -1 -1000 -1000 -1000 -10 1
86 8 Car -1 -1 -1 0.76 209.28 478.50 376.50 -1 -1 -1 -1000 -1000 -1000 -10 1
87 25 Car -1 -1 -1 677.73 182.91 735.35 224.94 -1 -1 -1 -1000 -1000 -1000 -10 1
87 8 Car -1 -1 -1 -24.51 219.98 448.93 380.98 -1 -1 -1 -1000 -1000 -1000 -10 1
88 25 Car -1 -1 -1 664.62 184.82 723.84 228.13 -1 -1 -1 -1000 -1000 -1000 -10 1
89 25 Car -1 -1 -1 652.22 184.33 710.92 227.67 -1 -1 -1 -1000 -1000 -1000 -10 1
90 25 Car -1 -1 -1 636.31 184.93 696.74 229.79 -1 -1 -1 -1000 -1000 -1000 -10 1
91 25 Car -1 -1 -1 620.13 185.01 682.33 231.16 -1 -1 -1 -1000 -1000 -1000 -10 1
92 25 Car -1 -1 -1 604.97 183.58 667.70 230.04 -1 -1 -1 -1000 -1000 -1000 -10 1
93 25 Car -1 -1 -1 588.89 185.95 653.06 233.10 -1 -1 -1 -1000 -1000 -1000 -10 1
94 25 Car -1 -1 -1 572.65 186.92 639.02 235.23 -1 -1 -1 -1000 -1000 -1000 -10 1
95 25 Car -1 -1 -1 558.47 186.86 626.56 236.76 -1 -1 -1 -1000 -1000 -1000 -10 1
96 25 Car -1 -1 -1 544.05 186.88 611.85 236.95 -1 -1 -1 -1000 -1000 -1000 -10 1
97 25 Car -1 -1 -1 530.54 185.34 600.05 235.64 -1 -1 -1 -1000 -1000 -1000 -10 1
98 25 Car -1 -1 -1 519.25 180.73 590.21 231.94 -1 -1 -1 -1000 -1000 -1000 -10 1
99 25 Car -1 -1 -1 513.04 175.11 583.30 226.14 -1 -1 -1 -1000 -1000 -1000 -10 1
100 25 Car -1 -1 -1 500.04 162.33 573.54 214.82 -1 -1 -1 -1000 -1000 -1000 -10 1
101 25 Car -1 -1 -1 492.09 155.01 566.73 207.97 -1 -1 -1 -1000 -1000 -1000 -10 1
102 25 Car -1 -1 -1 488.78 156.70 562.79 209.52 -1 -1 -1 -1000 -1000 -1000 -10 1
103 25 Car -1 -1 -1 481.86 165.94 560.96 218.61 -1 -1 -1 -1000 -1000 -1000 -10 1
104 25 Car -1 -1 -1 473.60 175.05 554.36 229.66 -1 -1 -1 -1000 -1000 -1000 -10 1
105 25 Car -1 -1 -1 467.43 183.06 550.24 240.85 -1 -1 -1 -1000 -1000 -1000 -10 1
106 25 Car -1 -1 -1 459.89 186.62 545.18 247.67 -1 -1 -1 -1000 -1000 -1000 -10 1
107 25 Car -1 -1 -1 453.65 184.25 541.44 246.79 -1 -1 -1 -1000 -1000 -1000 -10 1
108 25 Car -1 -1 -1 445.32 178.12 537.69 241.16 -1 -1 -1 -1000 -1000 -1000 -10 1
109 25 Car -1 -1 -1 437.60 175.89 534.76 238.79 -1 -1 -1 -1000 -1000 -1000 -10 1
110 25 Car -1 -1 -1 429.67 178.00 529.31 243.20 -1 -1 -1 -1000 -1000 -1000 -10 1
111 25 Car -1 -1 -1 420.81 184.74 526.54 252.41 -1 -1 -1 -1000 -1000 -1000 -10 1
112 25 Car -1 -1 -1 411.18 191.62 521.26 261.88 -1 -1 -1 -1000 -1000 -1000 -10 1
113 25 Car -1 -1 -1 402.63 193.99 517.00 266.45 -1 -1 -1 -1000 -1000 -1000 -10 1
114 25 Car -1 -1 -1 392.77 194.02 511.93 267.28 -1 -1 -1 -1000 -1000 -1000 -10 1
115 25 Car -1 -1 -1 382.99 193.42 506.86 269.81 -1 -1 -1 -1000 -1000 -1000 -10 1
116 25 Car -1 -1 -1 371.23 193.73 499.12 274.34 -1 -1 -1 -1000 -1000 -1000 -10 1
117 25 Car -1 -1 -1 357.50 194.57 494.14 280.44 -1 -1 -1 -1000 -1000 -1000 -10 1
118 25 Car -1 -1 -1 342.88 196.60 487.85 288.50 -1 -1 -1 -1000 -1000 -1000 -10 1
119 25 Car -1 -1 -1 324.90 198.17 481.36 297.64 -1 -1 -1 -1000 -1000 -1000 -10 1
120 25 Car -1 -1 -1 303.50 200.99 473.66 308.57 -1 -1 -1 -1000 -1000 -1000 -10 1
121 25 Car -1 -1 -1 284.63 202.20 469.29 318.83 -1 -1 -1 -1000 -1000 -1000 -10 1
122 25 Car -1 -1 -1 260.94 205.31 461.75 331.13 -1 -1 -1 -1000 -1000 -1000 -10 1
123 25 Car -1 -1 -1 230.36 206.44 446.13 340.69 -1 -1 -1 -1000 -1000 -1000 -10 1
124 25 Car -1 -1 -1 203.83 203.52 437.19 350.58 -1 -1 -1 -1000 -1000 -1000 -10 1
125 25 Car -1 -1 -1 167.27 200.33 422.52 358.59 -1 -1 -1 -1000 -1000 -1000 -10 1
126 25 Car -1 -1 -1 125.14 202.66 405.70 367.45 -1 -1 -1 -1000 -1000 -1000 -10 1
127 25 Car -1 -1 -1 67.35 203.94 384.32 371.73 -1 -1 -1 -1000 -1000 -1000 -10 1
128 25 Car -1 -1 -1 29.23 203.34 372.15 373.18 -1 -1 -1 -1000 -1000 -1000 -10 1
129 25 Car -1 -1 -1 4.38 205.24 366.68 372.90 -1 -1 -1 -1000 -1000 -1000 -10 1
130 25 Car -1 -1 -1 -8.87 205.48 357.42 374.22 -1 -1 -1 -1000 -1000 -1000 -10 1
131 25 Car -1 -1 -1 -19.35 208.16 341.98 376.63 -1 -1 -1 -1000 -1000 -1000 -10 1
132 25 Car -1 -1 -1 -22.52 214.94 317.48 378.71 -1 -1 -1 -1000 -1000 -1000 -10 1
133 25 Car -1 -1 -1 -31.25 218.39 285.21 381.25 -1 -1 -1 -1000 -1000 -1000 -10 1
134 25 Car -1 -1 -1 -38.51 226.75 245.42 384.41 -1 -1 -1 -1000 -1000 -1000 -10 1
157 32 Car -1 -1 -1 542.57 178.45 572.84 203.44 -1 -1 -1 -1000 -1000 -1000 -10 1
158 32 Car -1 -1 -1 541.47 178.85 572.24 203.94 -1 -1 -1 -1000 -1000 -1000 -10 1
159 32 Car -1 -1 -1 539.37 178.36 570.62 203.64 -1 -1 -1 -1000 -1000 -1000 -10 1
160 32 Car -1 -1 -1 537.74 179.11 569.49 204.04 -1 -1 -1 -1000 -1000 -1000 -10 1
161 32 Car -1 -1 -1 535.81 178.42 568.39 203.05 -1 -1 -1 -1000 -1000 -1000 -10 1
162 32 Car -1 -1 -1 534.81 178.42 567.10 202.23 -1 -1 -1 -1000 -1000 -1000 -10 1
179 36 Car -1 -1 -1 511.28 181.27 554.01 213.94 -1 -1 -1 -1000 -1000 -1000 -10 1
180 36 Car -1 -1 -1 506.35 180.74 551.88 214.90 -1 -1 -1 -1000 -1000 -1000 -10 1
181 36 Car -1 -1 -1 503.42 180.96 551.42 216.24 -1 -1 -1 -1000 -1000 -1000 -10 1
182 36 Car -1 -1 -1 499.85 179.44 549.69 215.22 -1 -1 -1 -1000 -1000 -1000 -10 1
183 36 Car -1 -1 -1 496.85 181.14 547.13 217.62 -1 -1 -1 -1000 -1000 -1000 -10 1
184 36 Car -1 -1 -1 494.37 185.83 545.81 222.46 -1 -1 -1 -1000 -1000 -1000 -10 1
185 36 Car -1 -1 -1 488.46 189.22 543.51 228.67 -1 -1 -1 -1000 -1000 -1000 -10 1
186 36 Car -1 -1 -1 483.16 190.38 541.28 232.42 -1 -1 -1 -1000 -1000 -1000 -10 1
187 36 Car -1 -1 -1 479.23 189.61 540.54 234.57 -1 -1 -1 -1000 -1000 -1000 -10 1
188 36 Car -1 -1 -1 478.95 192.03 541.95 238.09 -1 -1 -1 -1000 -1000 -1000 -10 1
189 36 Car -1 -1 -1 471.99 190.58 538.61 239.62 -1 -1 -1 -1000 -1000 -1000 -10 1
190 39 Car -1 -1 -1 548.96 181.72 582.19 208.12 -1 -1 -1 -1000 -1000 -1000 -10 1
190 36 Car -1 -1 -1 464.49 186.96 534.27 238.64 -1 -1 -1 -1000 -1000 -1000 -10 1
191 39 Car -1 -1 -1 547.69 180.05 581.55 206.39 -1 -1 -1 -1000 -1000 -1000 -10 1
191 36 Car -1 -1 -1 455.71 185.39 529.27 238.61 -1 -1 -1 -1000 -1000 -1000 -10 1
192 39 Car -1 -1 -1 546.28 179.79 581.26 207.12 -1 -1 -1 -1000 -1000 -1000 -10 1
192 36 Car -1 -1 -1 449.57 186.07 526.55 240.58 -1 -1 -1 -1000 -1000 -1000 -10 1
193 39 Car -1 -1 -1 545.64 180.83 582.12 209.71 -1 -1 -1 -1000 -1000 -1000 -10 1
193 36 Car -1 -1 -1 444.46 188.19 523.43 244.27 -1 -1 -1 -1000 -1000 -1000 -10 1
194 39 Car -1 -1 -1 542.44 182.46 581.85 213.18 -1 -1 -1 -1000 -1000 -1000 -10 1
194 36 Car -1 -1 -1 434.80 191.25 522.15 249.29 -1 -1 -1 -1000 -1000 -1000 -10 1
195 39 Car -1 -1 -1 540.39 182.75 581.67 214.15 -1 -1 -1 -1000 -1000 -1000 -10 1
195 36 Car -1 -1 -1 425.92 191.39 519.98 252.09 -1 -1 -1 -1000 -1000 -1000 -10 1
196 39 Car -1 -1 -1 539.11 182.26 581.75 214.49 -1 -1 -1 -1000 -1000 -1000 -10 1
196 36 Car -1 -1 -1 416.92 188.91 513.31 253.93 -1 -1 -1 -1000 -1000 -1000 -10 1
197 39 Car -1 -1 -1 535.79 179.84 580.27 211.56 -1 -1 -1 -1000 -1000 -1000 -10 1
197 36 Car -1 -1 -1 410.59 187.13 510.98 256.18 -1 -1 -1 -1000 -1000 -1000 -10 1
198 39 Car -1 -1 -1 534.42 181.90 580.18 214.83 -1 -1 -1 -1000 -1000 -1000 -10 1
198 36 Car -1 -1 -1 394.42 191.05 505.91 263.59 -1 -1 -1 -1000 -1000 -1000 -10 1
199 39 Car -1 -1 -1 530.56 181.71 579.78 215.31 -1 -1 -1 -1000 -1000 -1000 -10 1
199 36 Car -1 -1 -1 380.94 192.00 500.96 268.75 -1 -1 -1 -1000 -1000 -1000 -10 1
200 39 Car -1 -1 -1 529.46 180.90 580.11 215.55 -1 -1 -1 -1000 -1000 -1000 -10 1
200 36 Car -1 -1 -1 363.82 192.67 493.01 273.96 -1 -1 -1 -1000 -1000 -1000 -10 1
201 39 Car -1 -1 -1 526.22 181.39 579.00 217.38 -1 -1 -1 -1000 -1000 -1000 -10 1
201 36 Car -1 -1 -1 346.22 192.99 485.41 281.93 -1 -1 -1 -1000 -1000 -1000 -10 1
202 39 Car -1 -1 -1 524.37 181.81 578.57 218.74 -1 -1 -1 -1000 -1000 -1000 -10 1
202 36 Car -1 -1 -1 323.69 195.62 478.44 291.27 -1 -1 -1 -1000 -1000 -1000 -10 1
203 39 Car -1 -1 -1 522.79 182.62 578.76 221.46 -1 -1 -1 -1000 -1000 -1000 -10 1
203 36 Car -1 -1 -1 298.10 194.64 470.87 302.91 -1 -1 -1 -1000 -1000 -1000 -10 1
204 39 Car -1 -1 -1 520.70 182.31 579.60 223.12 -1 -1 -1 -1000 -1000 -1000 -10 1
204 36 Car -1 -1 -1 265.77 194.57 462.09 315.98 -1 -1 -1 -1000 -1000 -1000 -10 1
205 39 Car -1 -1 -1 518.26 181.85 578.11 223.90 -1 -1 -1 -1000 -1000 -1000 -10 1
205 36 Car -1 -1 -1 228.82 199.77 447.52 328.67 -1 -1 -1 -1000 -1000 -1000 -10 1
206 39 Car -1 -1 -1 513.06 180.11 575.56 222.68 -1 -1 -1 -1000 -1000 -1000 -10 1
206 36 Car -1 -1 -1 183.42 200.62 423.75 342.68 -1 -1 -1 -1000 -1000 -1000 -10 1
207 39 Car -1 -1 -1 512.90 179.12 573.71 222.40 -1 -1 -1 -1000 -1000 -1000 -10 1
207 36 Car -1 -1 -1 117.77 194.23 399.90 352.87 -1 -1 -1 -1000 -1000 -1000 -10 1
208 39 Car -1 -1 -1 515.57 177.51 574.23 220.07 -1 -1 -1 -1000 -1000 -1000 -10 1
208 36 Car -1 -1 -1 52.18 187.47 384.05 358.87 -1 -1 -1 -1000 -1000 -1000 -10 1
209 39 Car -1 -1 -1 508.88 179.98 567.53 223.55 -1 -1 -1 -1000 -1000 -1000 -10 1
209 36 Car -1 -1 -1 20.62 193.58 371.66 369.14 -1 -1 -1 -1000 -1000 -1000 -10 1
210 39 Car -1 -1 -1 496.93 183.04 560.24 230.06 -1 -1 -1 -1000 -1000 -1000 -10 1
210 36 Car -1 -1 -1 0.54 201.91 363.23 373.43 -1 -1 -1 -1000 -1000 -1000 -10 1
211 39 Car -1 -1 -1 489.10 184.69 555.71 234.56 -1 -1 -1 -1000 -1000 -1000 -10 1
211 36 Car -1 -1 -1 -12.26 204.35 351.04 376.46 -1 -1 -1 -1000 -1000 -1000 -10 1
212 39 Car -1 -1 -1 483.43 186.94 553.58 239.42 -1 -1 -1 -1000 -1000 -1000 -10 1
212 36 Car -1 -1 -1 -26.24 210.43 320.08 380.48 -1 -1 -1 -1000 -1000 -1000 -10 1
213 39 Car -1 -1 -1 476.25 186.44 550.54 242.22 -1 -1 -1 -1000 -1000 -1000 -10 1
213 36 Car -1 -1 -1 -38.41 219.71 276.28 385.07 -1 -1 -1 -1000 -1000 -1000 -10 1
214 42 Car -1 -1 -1 519.18 180.18 570.23 220.25 -1 -1 -1 -1000 -1000 -1000 -10 1
214 39 Car -1 -1 -1 467.08 184.90 547.92 246.11 -1 -1 -1 -1000 -1000 -1000 -10 1
214 36 Car -1 -1 -1 -50.33 221.30 219.85 384.15 -1 -1 -1 -1000 -1000 -1000 -10 1
215 42 Car -1 -1 -1 514.46 178.56 567.41 219.34 -1 -1 -1 -1000 -1000 -1000 -10 1
215 39 Car -1 -1 -1 456.75 185.36 543.66 251.58 -1 -1 -1 -1000 -1000 -1000 -10 1
216 42 Car -1 -1 -1 510.12 180.37 565.80 222.40 -1 -1 -1 -1000 -1000 -1000 -10 1
216 39 Car -1 -1 -1 442.69 187.46 538.97 257.60 -1 -1 -1 -1000 -1000 -1000 -10 1
217 42 Car -1 -1 -1 501.26 181.88 562.31 227.82 -1 -1 -1 -1000 -1000 -1000 -10 1
217 39 Car -1 -1 -1 431.91 189.41 533.45 264.18 -1 -1 -1 -1000 -1000 -1000 -10 1
218 42 Car -1 -1 -1 484.35 182.01 560.06 232.80 -1 -1 -1 -1000 -1000 -1000 -10 1
218 39 Car -1 -1 -1 417.04 190.82 526.46 270.67 -1 -1 -1 -1000 -1000 -1000 -10 1
219 42 Car -1 -1 -1 478.17 181.86 557.43 235.06 -1 -1 -1 -1000 -1000 -1000 -10 1
219 39 Car -1 -1 -1 401.80 190.44 519.72 277.60 -1 -1 -1 -1000 -1000 -1000 -10 1
220 42 Car -1 -1 -1 470.89 180.26 553.48 235.10 -1 -1 -1 -1000 -1000 -1000 -10 1
220 39 Car -1 -1 -1 379.59 189.91 508.72 285.57 -1 -1 -1 -1000 -1000 -1000 -10 1
221 42 Car -1 -1 -1 466.99 179.41 548.92 236.55 -1 -1 -1 -1000 -1000 -1000 -10 1
221 39 Car -1 -1 -1 357.01 190.70 500.66 294.17 -1 -1 -1 -1000 -1000 -1000 -10 1
222 42 Car -1 -1 -1 454.90 178.89 540.62 238.34 -1 -1 -1 -1000 -1000 -1000 -10 1
222 39 Car -1 -1 -1 329.59 192.28 489.32 306.87 -1 -1 -1 -1000 -1000 -1000 -10 1
223 42 Car -1 -1 -1 448.31 180.30 538.94 243.58 -1 -1 -1 -1000 -1000 -1000 -10 1
223 39 Car -1 -1 -1 293.86 198.01 476.14 327.52 -1 -1 -1 -1000 -1000 -1000 -10 1
224 42 Car -1 -1 -1 444.21 183.46 538.36 251.38 -1 -1 -1 -1000 -1000 -1000 -10 1
224 39 Car -1 -1 -1 252.35 204.98 460.37 351.85 -1 -1 -1 -1000 -1000 -1000 -10 1
225 42 Car -1 -1 -1 434.02 186.43 534.85 259.32 -1 -1 -1 -1000 -1000 -1000 -10 1
225 39 Car -1 -1 -1 195.19 205.20 439.53 364.96 -1 -1 -1 -1000 -1000 -1000 -10 1
226 42 Car -1 -1 -1 417.43 189.88 529.34 269.46 -1 -1 -1 -1000 -1000 -1000 -10 1
226 39 Car -1 -1 -1 108.69 205.35 412.45 371.94 -1 -1 -1 -1000 -1000 -1000 -10 1
227 42 Car -1 -1 -1 404.98 186.79 524.36 271.58 -1 -1 -1 -1000 -1000 -1000 -10 1
227 39 Car -1 -1 -1 39.87 204.26 393.03 373.95 -1 -1 -1 -1000 -1000 -1000 -10 1
228 42 Car -1 -1 -1 394.61 183.54 517.65 275.45 -1 -1 -1 -1000 -1000 -1000 -10 1
228 39 Car -1 -1 -1 8.50 202.83 379.06 374.19 -1 -1 -1 -1000 -1000 -1000 -10 1
229 42 Car -1 -1 -1 378.11 184.88 510.00 284.74 -1 -1 -1 -1000 -1000 -1000 -10 1
229 39 Car -1 -1 -1 -16.33 204.03 352.84 376.48 -1 -1 -1 -1000 -1000 -1000 -10 1
230 42 Car -1 -1 -1 357.51 190.11 500.34 297.99 -1 -1 -1 -1000 -1000 -1000 -10 1
230 39 Car -1 -1 -1 -21.60 212.80 323.90 373.87 -1 -1 -1 -1000 -1000 -1000 -10 1
232 42 Car -1 -1 -1 308.21 195.38 476.02 328.82 -1 -1 -1 -1000 -1000 -1000 -10 1
233 42 Car -1 -1 -1 273.62 198.97 464.34 350.95 -1 -1 -1 -1000 -1000 -1000 -10 1
234 42 Car -1 -1 -1 229.73 199.74 450.50 364.63 -1 -1 -1 -1000 -1000 -1000 -10 1
235 42 Car -1 -1 -1 168.70 197.47 424.55 372.47 -1 -1 -1 -1000 -1000 -1000 -10 1
236 42 Car -1 -1 -1 97.03 195.41 400.99 375.05 -1 -1 -1 -1000 -1000 -1000 -10 1
237 42 Car -1 -1 -1 34.56 197.07 372.34 375.27 -1 -1 -1 -1000 -1000 -1000 -10 1
238 42 Car -1 -1 -1 1.29 198.52 343.57 378.65 -1 -1 -1 -1000 -1000 -1000 -10 1
239 42 Car -1 -1 -1 -19.86 201.14 296.06 378.06 -1 -1 -1 -1000 -1000 -1000 -10 1
251 44 Car -1 -1 -1 567.45 180.22 592.36 200.98 -1 -1 -1 -1000 -1000 -1000 -10 1
252 44 Car -1 -1 -1 567.43 179.86 594.15 201.77 -1 -1 -1 -1000 -1000 -1000 -10 1
253 44 Car -1 -1 -1 566.71 180.18 594.63 202.38 -1 -1 -1 -1000 -1000 -1000 -10 1
254 44 Car -1 -1 -1 564.18 180.94 593.00 203.47 -1 -1 -1 -1000 -1000 -1000 -10 1
255 44 Car -1 -1 -1 562.68 179.85 592.07 202.12 -1 -1 -1 -1000 -1000 -1000 -10 1
