0 2 Car -1 -1 -1 991.46 128.42 1225.18 238.13 -1 -1 -1 -1000 -1000 -1000 -10 1
0 1 Car -1 -1 -1 549.72 189.01 679.54 301.28 -1 -1 -1 -1000 -1000 -1000 -10 1
1 3 Car -1 -1 -1 1012.81 130.63 1210.96 224.77 -1 -1 -1 -1000 -1000 -1000 -10 1
1 2 Car -1 -1 -1 988.49 122.69 1228.69 236.63 -1 -1 -1 -1000 -1000 -1000 -10 1
1 1 Car -1 -1 -1 555.58 191.92 680.34 301.45 -1 -1 -1 -1000 -1000 -1000 -10 1
2 4 Car -1 -1 -1 86.00 176.80 263.44 356.84 -1 -1 -1 -1000 -1000 -1000 -10 1
2 3 Car -1 -1 -1 1018.59 132.01 1203.79 220.21 -1 -1 -1 -1000 -1000 -1000 -10 1
2 2 Car -1 -1 -1 1008.66 129.90 1216.88 230.80 -1 -1 -1 -1000 -1000 -1000 -10 1
2 1 Car -1 -1 -1 555.33 190.60 679.99 301.44 -1 -1 -1 -1000 -1000 -1000 -10 1
4 1 Car -1 -1 -1 550.92 186.93 675.72 298.10 -1 -1 -1 -1000 -1000 -1000 -10 1
5 1 Car -1 -1 -1 551.32 186.99 674.28 296.31 -1 -1 -1 -1000 -1000 -1000 -10 1
6 2 Car -1 -1 -1 1068.77 134.87 1226.51 222.16 -1 -1 -1 -1000 -1000 -1000 -10 1
6 1 Car -1 -1 -1 552.91 186.91 676.03 295.19 -1 -1 -1 -1000 -1000 -1000 -10 1
7 1 Car -1 -1 -1 554.76 185.24 675.10 291.31 -1 -1 -1 -1000 -1000 -1000 -10 1
8 5 Car -1 -1 -1 123.46 167.62 287.69 380.71 -1 -1 -1 -1000 -1000 -1000 -10 1
8 1 Car -1 -1 -1 558.03 184.77 678.43 288.34 -1 -1 -1 -1000 -1000 -1000 -10 1
9 1 Car -1 -1 -1 559.58 184.26 677.03 284.53 -1 -1 -1 -1000 -1000 -1000 -10 1
10 1 Car -1 -1 -1 561.60 184.64 677.30 283.19 -1 -1 -1 -1000 -1000 -1000 -10 1
11 1 Car -1 -1 -1 562.27 184.93 676.79 282.30 -1 -1 -1 -1000 -1000 -1000 -10 1
12 1 Car -1 -1 -1 562.35 184.31 675.51 281.81 -1 -1 -1 -1000 -1000 -1000 -10 1
13 1 Car -1 -1 -1 562.78 184.26 673.96 281.34 -1 -1 -1 -1000 -1000 -1000 -10 1
14 1 Car -1 -1 -1 563.46 184.23 675.07 281.05 -1 -1 -1 -1000 -1000 -1000 -10 1
15 1 Car -1 -1 -1 564.40 182.61 675.55 280.03 -1 -1 -1 -1000 -1000 -1000 -10 1
16 1 Car -1 -1 -1 563.84 184.62 675.44 279.80 -1 -1 -1 -1000 -1000 -1000 -10 1
17 1 Car -1 -1 -1 564.44 183.58 674.31 278.96 -1 -1 -1 -1000 -1000 -1000 -10 1
18 1 Car -1 -1 -1 564.67 182.44 672.41 277.92 -1 -1 -1 -1000 -1000 -1000 -10 1
19 1 Car -1 -1 -1 565.12 182.20 670.93 277.91 -1 -1 -1 -1000 -1000 -1000 -10 1
20 1 Car -1 -1 -1 564.53 182.14 670.50 277.88 -1 -1 -1 -1000 -1000 -1000 -10 1
21 1 Car -1 -1 -1 563.83 181.06 669.74 275.90 -1 -1 -1 -1000 -1000 -1000 -10 1
22 1 Car -1 -1 -1 563.07 179.10 669.88 272.18 -1 -1 -1 -1000 -1000 -1000 -10 1
23 1 Car -1 -1 -1 563.05 178.01 669.13 269.46 -1 -1 -1 -1000 -1000 -1000 -10 1
24 1 Car -1 -1 -1 564.14 178.25 670.60 268.29 -1 -1 -1 -1000 -1000 -1000 -10 1
25 13 Car -1 -1 -1 79.16 196.06 228.50 249.79 -1 -1 -1 -1000 -1000 -1000 -10 1
25 1 Car -1 -1 -1 563.48 176.82 669.48 264.96 -1 -1 -1 -1000 -1000 -1000 -10 1
26 13 Car -1 -1 -1 33.65 195.08 204.59 258.73 -1 -1 -1 -1000 -1000 -1000 -10 1
26 1 Car -1 -1 -1 563.86 178.58 668.14 264.17 -1 -1 -1 -1000 -1000 -1000 -10 1
27 1 Car -1 -1 -1 565.52 179.94 666.90 263.00 -1 -1 -1 -1000 -1000 -1000 -10 1
28 1 Car -1 -1 -1 566.24 180.67 665.88 261.43 -1 -1 -1 -1000 -1000 -1000 -10 1
29 1 Car -1 -1 -1 569.67 176.22 662.32 253.89 -1 -1 -1 -1000 -1000 -1000 -10 1
30 1 Car -1 -1 -1 570.09 175.32 657.31 251.35 -1 -1 -1 -1000 -1000 -1000 -10 1
31 1 Car -1 -1 -1 570.31 171.80 652.34 245.85 -1 -1 -1 -1000 -1000 -1000 -10 1
32 1 Car -1 -1 -1 571.58 171.31 649.53 243.04 -1 -1 -1 -1000 -1000 -1000 -10 1
33 1 Car -1 -1 -1 571.25 170.53 645.44 240.34 -1 -1 -1 -1000 -1000 -1000 -10 1
34 1 Car -1 -1 -1 570.65 172.08 643.69 240.31 -1 -1 -1 -1000 -1000 -1000 -10 1
35 1 Car -1 -1 -1 566.73 174.20 640.54 241.07 -1 -1 -1 -1000 -1000 -1000 -10 1
36 1 Car -1 -1 -1 565.39 177.04 639.52 241.69 -1 -1 -1 -1000 -1000 -1000 -10 1
37 1 Car -1 -1 -1 563.91 176.07 636.54 239.06 -1 -1 -1 -1000 -1000 -1000 -10 1
38 18 Car -1 -1 -1 -13.12 198.37 157.06 271.99 -1 -1 -1 -1000 -1000 -1000 -10 1
38 1 Car -1 -1 -1 561.33 175.52 632.60 236.56 -1 -1 -1 -1000 -1000 -1000 -10 1
39 18 Car -1 -1 -1 -23.09 209.23 137.00 291.60 -1 -1 -1 -1000 -1000 -1000 -10 1
39 1 Car -1 -1 -1 559.29 174.88 628.66 234.02 -1 -1 -1 -1000 -1000 -1000 -10 1
40 1 Car -1 -1 -1 556.84 176.12 625.17 233.53 -1 -1 -1 -1000 -1000 -1000 -10 1
41 1 Car -1 -1 -1 557.40 176.31 623.67 232.16 -1 -1 -1 -1000 -1000 -1000 -10 1
42 1 Car -1 -1 -1 557.17 177.36 622.25 232.10 -1 -1 -1 -1000 -1000 -1000 -10 1
43 1 Car -1 -1 -1 555.61 177.22 620.42 232.17 -1 -1 -1 -1000 -1000 -1000 -10 1
44 1 Car -1 -1 -1 552.40 176.66 617.19 231.90 -1 -1 -1 -1000 -1000 -1000 -10 1
45 1 Car -1 -1 -1 550.85 176.16 616.06 231.67 -1 -1 -1 -1000 -1000 -1000 -10 1
46 1 Car -1 -1 -1 546.33 176.35 613.23 231.21 -1 -1 -1 -1000 -1000 -1000 -10 1
47 22 Car -1 -1 -1 159.12 188.09 291.86 234.68 -1 -1 -1 -1000 -1000 -1000 -10 1
47 1 Car -1 -1 -1 541.75 177.13 608.95 230.67 -1 -1 -1 -1000 -1000 -1000 -10 1
48 22 Car -1 -1 -1 130.29 193.59 267.03 240.18 -1 -1 -1 -1000 -1000 -1000 -10 1
48 1 Car -1 -1 -1 538.11 178.50 604.80 230.99 -1 -1 -1 -1000 -1000 -1000 -10 1
49 23 Car -1 -1 -1 970.64 158.03 1127.36 201.59 -1 -1 -1 -1000 -1000 -1000 -10 1
49 1 Car -1 -1 -1 535.94 181.04 601.37 232.90 -1 -1 -1 -1000 -1000 -1000 -10 1
50 23 Car -1 -1 -1 988.35 156.03 1145.09 201.12 -1 -1 -1 -1000 -1000 -1000 -10 1
50 1 Car -1 -1 -1 535.02 182.68 598.93 234.90 -1 -1 -1 -1000 -1000 -1000 -10 1
51 25 Car -1 -1 -1 1146.36 146.03 1240.22 205.80 -1 -1 -1 -1000 -1000 -1000 -10 1
51 23 Car -1 -1 -1 998.19 157.08 1155.68 203.17 -1 -1 -1 -1000 -1000 -1000 -10 1
51 1 Car -1 -1 -1 528.72 183.18 592.38 233.16 -1 -1 -1 -1000 -1000 -1000 -10 1
52 25 Car -1 -1 -1 1156.93 141.31 1236.44 199.52 -1 -1 -1 -1000 -1000 -1000 -10 1
52 24 Car -1 -1 -1 323.78 180.27 459.91 241.82 -1 -1 -1 -1000 -1000 -1000 -10 1
52 23 Car -1 -1 -1 1018.28 156.89 1172.47 203.82 -1 -1 -1 -1000 -1000 -1000 -10 1
52 1 Car -1 -1 -1 524.56 184.39 587.42 232.35 -1 -1 -1 -1000 -1000 -1000 -10 1
53 24 Car -1 -1 -1 318.02 181.28 453.33 241.35 -1 -1 -1 -1000 -1000 -1000 -10 1
53 23 Car -1 -1 -1 1026.29 158.37 1180.47 206.43 -1 -1 -1 -1000 -1000 -1000 -10 1
53 1 Car -1 -1 -1 524.33 185.31 586.65 232.20 -1 -1 -1 -1000 -1000 -1000 -10 1
54 24 Car -1 -1 -1 312.28 181.23 448.77 244.95 -1 -1 -1 -1000 -1000 -1000 -10 1
54 1 Car -1 -1 -1 522.95 186.12 584.97 231.81 -1 -1 -1 -1000 -1000 -1000 -10 1
55 27 Car -1 -1 -1 -13.03 201.27 68.71 279.28 -1 -1 -1 -1000 -1000 -1000 -10 1
55 1 Car -1 -1 -1 523.49 187.39 584.35 232.32 -1 -1 -1 -1000 -1000 -1000 -10 1
56 1 Car -1 -1 -1 520.15 188.18 579.76 232.66 -1 -1 -1 -1000 -1000 -1000 -10 1
57 1 Car -1 -1 -1 516.53 185.82 575.31 231.27 -1 -1 -1 -1000 -1000 -1000 -10 1
58 1 Car -1 -1 -1 516.40 186.43 574.33 232.16 -1 -1 -1 -1000 -1000 -1000 -10 1
59 31 Car -1 -1 -1 1065.41 148.74 1229.99 215.06 -1 -1 -1 -1000 -1000 -1000 -10 1
59 1 Car -1 -1 -1 515.15 187.48 570.99 231.11 -1 -1 -1 -1000 -1000 -1000 -10 1
60 31 Car -1 -1 -1 1085.41 149.42 1240.18 215.68 -1 -1 -1 -1000 -1000 -1000 -10 1
60 1 Car -1 -1 -1 511.99 187.36 566.46 229.91 -1 -1 -1 -1000 -1000 -1000 -10 1
61 31 Car -1 -1 -1 1100.98 145.68 1247.81 213.72 -1 -1 -1 -1000 -1000 -1000 -10 1
61 1 Car -1 -1 -1 512.02 186.96 565.54 229.13 -1 -1 -1 -1000 -1000 -1000 -10 1
62 31 Car -1 -1 -1 1120.62 147.19 1246.89 212.20 -1 -1 -1 -1000 -1000 -1000 -10 1
62 1 Car -1 -1 -1 511.15 185.51 563.52 227.09 -1 -1 -1 -1000 -1000 -1000 -10 1
63 32 Car -1 -1 -1 68.14 200.13 216.83 260.85 -1 -1 -1 -1000 -1000 -1000 -10 1
63 1 Car -1 -1 -1 508.98 183.20 561.94 224.75 -1 -1 -1 -1000 -1000 -1000 -10 1
64 32 Car -1 -1 -1 22.41 196.43 219.49 273.48 -1 -1 -1 -1000 -1000 -1000 -10 1
64 1 Car -1 -1 -1 508.26 183.04 560.07 223.30 -1 -1 -1 -1000 -1000 -1000 -10 1
65 32 Car -1 -1 -1 -1.62 201.56 228.26 298.11 -1 -1 -1 -1000 -1000 -1000 -10 1
65 1 Car -1 -1 -1 508.59 181.92 559.36 221.12 -1 -1 -1 -1000 -1000 -1000 -10 1
66 35 Car -1 -1 -1 174.26 182.48 365.52 306.18 -1 -1 -1 -1000 -1000 -1000 -10 1
66 32 Car -1 -1 -1 -24.91 209.34 208.61 325.57 -1 -1 -1 -1000 -1000 -1000 -10 1
66 1 Car -1 -1 -1 511.04 181.47 563.66 219.39 -1 -1 -1 -1000 -1000 -1000 -10 1
67 35 Car -1 -1 -1 170.28 185.70 360.85 313.60 -1 -1 -1 -1000 -1000 -1000 -10 1
67 1 Car -1 -1 -1 513.86 181.22 565.15 218.91 -1 -1 -1 -1000 -1000 -1000 -10 1
68 35 Car -1 -1 -1 155.80 186.92 356.72 324.66 -1 -1 -1 -1000 -1000 -1000 -10 1
68 1 Car -1 -1 -1 518.51 179.84 569.39 218.28 -1 -1 -1 -1000 -1000 -1000 -10 1
69 35 Car -1 -1 -1 146.02 189.97 352.23 332.02 -1 -1 -1 -1000 -1000 -1000 -10 1
69 1 Car -1 -1 -1 522.93 180.39 571.11 217.81 -1 -1 -1 -1000 -1000 -1000 -10 1
70 35 Car -1 -1 -1 120.64 191.10 347.27 346.13 -1 -1 -1 -1000 -1000 -1000 -10 1
70 1 Car -1 -1 -1 531.99 181.27 579.15 217.25 -1 -1 -1 -1000 -1000 -1000 -10 1
71 35 Car -1 -1 -1 89.92 190.38 328.95 352.24 -1 -1 -1 -1000 -1000 -1000 -10 1
71 1 Car -1 -1 -1 537.75 179.12 586.58 213.54 -1 -1 -1 -1000 -1000 -1000 -10 1
72 35 Car -1 -1 -1 59.43 188.60 315.54 353.29 -1 -1 -1 -1000 -1000 -1000 -10 1
72 1 Car -1 -1 -1 544.85 178.64 592.30 212.66 -1 -1 -1 -1000 -1000 -1000 -10 1
73 38 Car -1 -1 -1 359.37 176.52 424.75 205.13 -1 -1 -1 -1000 -1000 -1000 -10 1
73 35 Car -1 -1 -1 27.34 183.97 298.16 360.01 -1 -1 -1 -1000 -1000 -1000 -10 1
73 1 Car -1 -1 -1 551.11 175.38 597.62 209.43 -1 -1 -1 -1000 -1000 -1000 -10 1
74 38 Car -1 -1 -1 361.37 173.91 424.90 201.46 -1 -1 -1 -1000 -1000 -1000 -10 1
74 35 Car -1 -1 -1 4.20 181.14 272.10 359.12 -1 -1 -1 -1000 -1000 -1000 -10 1
74 1 Car -1 -1 -1 565.74 171.32 611.19 204.77 -1 -1 -1 -1000 -1000 -1000 -10 1
75 38 Car -1 -1 -1 363.67 172.68 428.28 200.34 -1 -1 -1 -1000 -1000 -1000 -10 1
75 36 Car -1 -1 -1 636.82 160.82 680.10 190.21 -1 -1 -1 -1000 -1000 -1000 -10 1
75 35 Car -1 -1 -1 -11.61 174.18 252.83 358.75 -1 -1 -1 -1000 -1000 -1000 -10 1
75 1 Car -1 -1 -1 576.32 167.73 620.10 200.59 -1 -1 -1 -1000 -1000 -1000 -10 1
76 38 Car -1 -1 -1 362.46 173.75 426.28 201.90 -1 -1 -1 -1000 -1000 -1000 -10 1
76 36 Car -1 -1 -1 642.78 162.55 689.63 195.05 -1 -1 -1 -1000 -1000 -1000 -10 1
76 35 Car -1 -1 -1 -24.27 171.68 216.33 355.09 -1 -1 -1 -1000 -1000 -1000 -10 1
76 1 Car -1 -1 -1 574.11 170.70 618.67 203.93 -1 -1 -1 -1000 -1000 -1000 -10 1
77 38 Car -1 -1 -1 364.71 174.57 430.06 204.05 -1 -1 -1 -1000 -1000 -1000 -10 1
77 36 Car -1 -1 -1 644.79 163.63 690.84 196.72 -1 -1 -1 -1000 -1000 -1000 -10 1
77 35 Car -1 -1 -1 -31.56 161.67 192.83 355.60 -1 -1 -1 -1000 -1000 -1000 -10 1
77 1 Car -1 -1 -1 579.45 173.22 623.26 205.99 -1 -1 -1 -1000 -1000 -1000 -10 1
78 41 Car -1 -1 -1 410.35 173.29 468.15 201.77 -1 -1 -1 -1000 -1000 -1000 -10 1
78 38 Car -1 -1 -1 365.90 175.63 433.98 206.70 -1 -1 -1 -1000 -1000 -1000 -10 1
78 36 Car -1 -1 -1 649.88 165.09 694.91 198.63 -1 -1 -1 -1000 -1000 -1000 -10 1
78 35 Car -1 -1 -1 -34.27 162.52 170.84 356.28 -1 -1 -1 -1000 -1000 -1000 -10 1
78 1 Car -1 -1 -1 585.77 174.66 629.53 207.22 -1 -1 -1 -1000 -1000 -1000 -10 1
79 41 Car -1 -1 -1 420.90 173.89 475.60 201.75 -1 -1 -1 -1000 -1000 -1000 -10 1
79 38 Car -1 -1 -1 364.82 177.06 435.30 209.50 -1 -1 -1 -1000 -1000 -1000 -10 1
79 1 Car -1 -1 -1 590.21 171.98 633.37 204.48 -1 -1 -1 -1000 -1000 -1000 -10 1
80 41 Car -1 -1 -1 428.75 174.32 480.75 201.10 -1 -1 -1 -1000 -1000 -1000 -10 1
80 38 Car -1 -1 -1 360.17 177.41 433.99 211.37 -1 -1 -1 -1000 -1000 -1000 -10 1
80 1 Car -1 -1 -1 594.40 172.05 636.35 204.25 -1 -1 -1 -1000 -1000 -1000 -10 1
81 43 Car -1 -1 -1 471.01 175.70 509.92 198.36 -1 -1 -1 -1000 -1000 -1000 -10 1
81 41 Car -1 -1 -1 433.40 175.34 482.86 201.36 -1 -1 -1 -1000 -1000 -1000 -10 1
81 38 Car -1 -1 -1 355.96 178.31 430.99 213.15 -1 -1 -1 -1000 -1000 -1000 -10 1
81 1 Car -1 -1 -1 599.89 174.97 641.35 206.71 -1 -1 -1 -1000 -1000 -1000 -10 1
82 41 Car -1 -1 -1 437.66 176.91 485.92 203.04 -1 -1 -1 -1000 -1000 -1000 -10 1
82 38 Car -1 -1 -1 356.70 181.21 435.20 214.80 -1 -1 -1 -1000 -1000 -1000 -10 1
82 36 Car -1 -1 -1 677.55 167.53 742.73 209.02 -1 -1 -1 -1000 -1000 -1000 -10 1
82 1 Car -1 -1 -1 604.57 177.47 646.47 208.97 -1 -1 -1 -1000 -1000 -1000 -10 1
83 41 Car -1 -1 -1 440.24 177.74 488.03 203.78 -1 -1 -1 -1000 -1000 -1000 -10 1
83 38 Car -1 -1 -1 354.31 185.48 436.62 217.43 -1 -1 -1 -1000 -1000 -1000 -10 1
83 36 Car -1 -1 -1 674.70 170.13 741.26 210.99 -1 -1 -1 -1000 -1000 -1000 -10 1
83 1 Car -1 -1 -1 608.88 179.36 650.67 211.02 -1 -1 -1 -1000 -1000 -1000 -10 1
