0 1 Car -1 -1 -1 319.50 197.00 453.40 281.36 -1 -1 -1 -1000 -1000 -1000 -10 0.96
0 2 Car -1 -1 -1 2.32 210.17 357.69 371.70 -1 -1 -1 -1000 -1000 -1000 -10 0.96
0 3 Car -1 -1 -1 407.44 175.74 505.98 236.78 -1 -1 -1 -1000 -1000 -1000 -10 0.90
0 4 Car -1 -1 -1 482.25 183.19 516.59 201.47 -1 -1 -1 -1000 -1000 -1000 -10 0.42
1 1 Car -1 -1 -1 285.69 195.57 438.18 292.41 -1 -1 -1 -1000 -1000 -1000 -10 0.97
1 3 Car -1 -1 -1 390.79 171.51 499.42 239.58 -1 -1 -1 -1000 -1000 -1000 -10 0.95
1 2 Car -1 -1 -1 -0.17 210.34 306.70 371.28 -1 -1 -1 -1000 -1000 -1000 -10 0.94
1 4 Car -1 -1 -1 480.64 180.54 508.96 200.75 -1 -1 -1 -1000 -1000 -1000 -10 0.60
1 5 Car -1 -1 -1 918.01 167.12 980.34 197.72 -1 -1 -1 -1000 -1000 -1000 -10 0.45
2 1 Car -1 -1 -1 235.74 196.50 421.14 307.45 -1 -1 -1 -1000 -1000 -1000 -10 0.96
2 3 Car -1 -1 -1 386.27 171.18 494.07 244.06 -1 -1 -1 -1000 -1000 -1000 -10 0.94
2 2 Car -1 -1 -1 0.93 219.74 235.83 369.42 -1 -1 -1 -1000 -1000 -1000 -10 0.91
2 4 Car -1 -1 -1 471.89 179.38 501.46 201.92 -1 -1 -1 -1000 -1000 -1000 -10 0.63
2 5 Car -1 -1 -1 936.03 164.76 1000.92 199.81 -1 -1 -1 -1000 -1000 -1000 -10 0.60
2 6 Car -1 -1 -1 493.37 176.81 514.32 194.04 -1 -1 -1 -1000 -1000 -1000 -10 0.45
3 1 Car -1 -1 -1 175.15 196.54 402.82 329.67 -1 -1 -1 -1000 -1000 -1000 -10 0.96
3 3 Car -1 -1 -1 370.87 168.34 487.41 248.92 -1 -1 -1 -1000 -1000 -1000 -10 0.95
3 5 Car -1 -1 -1 947.75 164.11 1027.84 206.46 -1 -1 -1 -1000 -1000 -1000 -10 0.80
3 7 Car -1 -1 -1 1012.99 161.42 1086.34 201.47 -1 -1 -1 -1000 -1000 -1000 -10 0.77
3 4 Car -1 -1 -1 463.00 177.92 501.48 203.11 -1 -1 -1 -1000 -1000 -1000 -10 0.75
3 6 Car -1 -1 -1 492.62 175.87 513.22 194.31 -1 -1 -1 -1000 -1000 -1000 -10 0.71
3 2 Car -1 -1 -1 -0.64 240.16 112.99 371.52 -1 -1 -1 -1000 -1000 -1000 -10 0.52
4 3 Car -1 -1 -1 361.88 163.32 480.42 254.34 -1 -1 -1 -1000 -1000 -1000 -10 0.97
4 1 Car -1 -1 -1 93.61 194.07 376.42 356.65 -1 -1 -1 -1000 -1000 -1000 -10 0.95
4 5 Car -1 -1 -1 968.50 160.86 1052.39 203.67 -1 -1 -1 -1000 -1000 -1000 -10 0.79
4 4 Car -1 -1 -1 456.80 174.47 496.61 202.07 -1 -1 -1 -1000 -1000 -1000 -10 0.69
4 6 Car -1 -1 -1 491.54 173.26 513.94 192.40 -1 -1 -1 -1000 -1000 -1000 -10 0.64
4 7 Car -1 -1 -1 1035.31 158.04 1117.83 203.64 -1 -1 -1 -1000 -1000 -1000 -10 0.64
5 1 Car -1 -1 -1 -0.74 194.39 346.60 371.23 -1 -1 -1 -1000 -1000 -1000 -10 0.97
5 3 Car -1 -1 -1 341.50 158.09 471.10 261.78 -1 -1 -1 -1000 -1000 -1000 -10 0.95
5 5 Car -1 -1 -1 985.03 158.87 1074.87 206.39 -1 -1 -1 -1000 -1000 -1000 -10 0.88
5 4 Car -1 -1 -1 450.56 172.85 493.27 201.27 -1 -1 -1 -1000 -1000 -1000 -10 0.73
5 6 Car -1 -1 -1 490.79 171.45 515.14 190.82 -1 -1 -1 -1000 -1000 -1000 -10 0.73
5 7 Car -1 -1 -1 1062.78 157.10 1144.97 200.37 -1 -1 -1 -1000 -1000 -1000 -10 0.68
5 8 Car -1 -1 -1 1112.25 156.10 1227.93 208.34 -1 -1 -1 -1000 -1000 -1000 -10 0.49
6 1 Car -1 -1 -1 3.82 197.87 302.67 368.60 -1 -1 -1 -1000 -1000 -1000 -10 0.97
6 3 Car -1 -1 -1 320.40 157.89 460.63 275.51 -1 -1 -1 -1000 -1000 -1000 -10 0.96
6 4 Car -1 -1 -1 443.45 174.33 490.83 203.14 -1 -1 -1 -1000 -1000 -1000 -10 0.85
6 5 Car -1 -1 -1 1008.29 158.03 1098.52 207.40 -1 -1 -1 -1000 -1000 -1000 -10 0.85
6 7 Car -1 -1 -1 1079.61 156.12 1175.89 207.47 -1 -1 -1 -1000 -1000 -1000 -10 0.76
6 6 Car -1 -1 -1 490.16 171.79 516.10 192.14 -1 -1 -1 -1000 -1000 -1000 -10 0.74
6 8 Car -1 -1 -1 1136.09 157.65 1235.76 212.37 -1 -1 -1 -1000 -1000 -1000 -10 0.72
7 1 Car -1 -1 -1 -2.08 202.27 253.29 370.75 -1 -1 -1 -1000 -1000 -1000 -10 0.96
7 3 Car -1 -1 -1 294.58 160.12 446.90 289.91 -1 -1 -1 -1000 -1000 -1000 -10 0.96
7 5 Car -1 -1 -1 1027.65 160.17 1126.05 210.33 -1 -1 -1 -1000 -1000 -1000 -10 0.91
7 4 Car -1 -1 -1 436.78 175.92 485.09 205.47 -1 -1 -1 -1000 -1000 -1000 -10 0.75
7 7 Car -1 -1 -1 1104.25 159.11 1205.77 209.94 -1 -1 -1 -1000 -1000 -1000 -10 0.71
7 8 Car -1 -1 -1 1166.93 159.12 1236.23 212.17 -1 -1 -1 -1000 -1000 -1000 -10 0.69
7 6 Car -1 -1 -1 488.63 172.11 516.14 193.99 -1 -1 -1 -1000 -1000 -1000 -10 0.63
8 3 Car -1 -1 -1 262.23 159.22 425.43 305.56 -1 -1 -1 -1000 -1000 -1000 -10 0.94
8 5 Car -1 -1 -1 1048.50 160.01 1152.05 212.26 -1 -1 -1 -1000 -1000 -1000 -10 0.91
8 1 Car -1 -1 -1 0.71 208.86 173.64 372.34 -1 -1 -1 -1000 -1000 -1000 -10 0.88
8 4 Car -1 -1 -1 426.75 177.07 478.39 207.67 -1 -1 -1 -1000 -1000 -1000 -10 0.84
8 9 Car -1 -1 -1 356.22 171.05 423.65 222.74 -1 -1 -1 -1000 -1000 -1000 -10 0.82
8 7 Car -1 -1 -1 1127.43 160.11 1236.55 209.38 -1 -1 -1 -1000 -1000 -1000 -10 0.72
8 6 Car -1 -1 -1 485.39 173.25 514.17 195.33 -1 -1 -1 -1000 -1000 -1000 -10 0.64
8 8 Car -1 -1 -1 1196.44 161.36 1237.60 210.14 -1 -1 -1 -1000 -1000 -1000 -10 0.58
9 3 Car -1 -1 -1 219.87 161.86 404.81 333.54 -1 -1 -1 -1000 -1000 -1000 -10 0.95
9 5 Car -1 -1 -1 1067.50 159.36 1180.70 213.59 -1 -1 -1 -1000 -1000 -1000 -10 0.91
9 4 Car -1 -1 -1 415.60 177.77 472.62 209.91 -1 -1 -1 -1000 -1000 -1000 -10 0.90
9 9 Car -1 -1 -1 333.79 170.86 415.14 230.29 -1 -1 -1 -1000 -1000 -1000 -10 0.87
9 6 Car -1 -1 -1 482.79 173.64 512.83 195.21 -1 -1 -1 -1000 -1000 -1000 -10 0.70
9 1 Car -1 -1 -1 -3.22 215.92 68.98 372.56 -1 -1 -1 -1000 -1000 -1000 -10 0.46
9 8 Car -1 -1 -1 1234.14 162.08 1237.00 209.38 -1 -1 -1 -1000 -1000 -1000 -10 0.45
9 7 Car -1 -1 -1 1185.28 163.13 1240.32 207.35 -1 -1 -1 -1000 -1000 -1000 -10 0.45
10 3 Car -1 -1 -1 161.54 160.84 377.69 365.92 -1 -1 -1 -1000 -1000 -1000 -10 0.93
10 9 Car -1 -1 -1 318.84 170.32 404.77 233.75 -1 -1 -1 -1000 -1000 -1000 -10 0.92
10 5 Car -1 -1 -1 1085.33 157.55 1209.91 215.45 -1 -1 -1 -1000 -1000 -1000 -10 0.85
10 4 Car -1 -1 -1 405.47 178.56 466.03 212.83 -1 -1 -1 -1000 -1000 -1000 -10 0.80
10 6 Car -1 -1 -1 480.39 174.15 510.87 197.26 -1 -1 -1 -1000 -1000 -1000 -10 0.74
10 7 Car -1 -1 -1 1219.35 157.29 1238.16 214.67 -1 -1 -1 -1000 -1000 -1000 -10 0.53
10 10 Car -1 -1 -1 1159.96 155.41 1234.91 215.76 -1 -1 -1 -1000 -1000 -1000 -10 0.44
11 9 Car -1 -1 -1 301.48 171.88 394.24 238.43 -1 -1 -1 -1000 -1000 -1000 -10 0.97
11 5 Car -1 -1 -1 1104.39 157.63 1236.28 215.98 -1 -1 -1 -1000 -1000 -1000 -10 0.94
11 3 Car -1 -1 -1 88.28 163.31 342.70 370.87 -1 -1 -1 -1000 -1000 -1000 -10 0.91
11 4 Car -1 -1 -1 395.60 178.94 460.19 213.59 -1 -1 -1 -1000 -1000 -1000 -10 0.88
11 10 Car -1 -1 -1 1187.79 157.34 1237.01 220.72 -1 -1 -1 -1000 -1000 -1000 -10 0.73
11 6 Car -1 -1 -1 478.31 174.82 509.22 197.68 -1 -1 -1 -1000 -1000 -1000 -10 0.66
12 9 Car -1 -1 -1 284.30 173.68 387.15 243.54 -1 -1 -1 -1000 -1000 -1000 -10 0.97
12 3 Car -1 -1 -1 -0.30 155.06 307.17 371.51 -1 -1 -1 -1000 -1000 -1000 -10 0.92
12 5 Car -1 -1 -1 1126.21 157.54 1235.59 219.92 -1 -1 -1 -1000 -1000 -1000 -10 0.88
12 4 Car -1 -1 -1 381.92 181.50 452.84 217.64 -1 -1 -1 -1000 -1000 -1000 -10 0.85
12 6 Car -1 -1 -1 475.60 177.29 507.77 200.19 -1 -1 -1 -1000 -1000 -1000 -10 0.75
12 10 Car -1 -1 -1 1211.22 164.06 1237.33 222.23 -1 -1 -1 -1000 -1000 -1000 -10 0.43
13 9 Car -1 -1 -1 262.95 176.22 379.55 249.35 -1 -1 -1 -1000 -1000 -1000 -10 0.96
13 4 Car -1 -1 -1 373.28 182.46 445.77 220.46 -1 -1 -1 -1000 -1000 -1000 -10 0.93
13 5 Car -1 -1 -1 1143.66 154.27 1237.17 215.70 -1 -1 -1 -1000 -1000 -1000 -10 0.91
13 3 Car -1 -1 -1 3.83 142.75 255.66 376.16 -1 -1 -1 -1000 -1000 -1000 -10 0.87
13 6 Car -1 -1 -1 473.82 177.88 506.95 200.82 -1 -1 -1 -1000 -1000 -1000 -10 0.78
13 10 Car -1 -1 -1 1226.71 159.82 1237.78 219.37 -1 -1 -1 -1000 -1000 -1000 -10 0.53
14 9 Car -1 -1 -1 245.40 177.82 371.16 254.98 -1 -1 -1 -1000 -1000 -1000 -10 0.98
14 4 Car -1 -1 -1 364.58 184.15 438.39 223.45 -1 -1 -1 -1000 -1000 -1000 -10 0.90
14 5 Car -1 -1 -1 1159.00 147.09 1237.19 210.46 -1 -1 -1 -1000 -1000 -1000 -10 0.86
14 6 Car -1 -1 -1 472.88 178.10 506.47 201.31 -1 -1 -1 -1000 -1000 -1000 -10 0.67
14 3 Car -1 -1 -1 4.03 156.91 208.94 369.38 -1 -1 -1 -1000 -1000 -1000 -10 0.67
14 10 Car -1 -1 -1 1233.70 149.57 1237.10 213.88 -1 -1 -1 -1000 -1000 -1000 -10 0.43
15 9 Car -1 -1 -1 228.73 185.36 364.75 264.28 -1 -1 -1 -1000 -1000 -1000 -10 0.97
15 4 Car -1 -1 -1 356.20 191.82 432.31 231.67 -1 -1 -1 -1000 -1000 -1000 -10 0.90
15 6 Car -1 -1 -1 468.86 184.67 504.50 209.47 -1 -1 -1 -1000 -1000 -1000 -10 0.81
15 5 Car -1 -1 -1 1174.95 158.82 1236.80 219.41 -1 -1 -1 -1000 -1000 -1000 -10 0.79
15 3 Car -1 -1 -1 2.28 160.21 164.73 366.32 -1 -1 -1 -1000 -1000 -1000 -10 0.68
16 9 Car -1 -1 -1 209.88 202.83 359.92 286.42 -1 -1 -1 -1000 -1000 -1000 -10 0.96
16 4 Car -1 -1 -1 346.80 209.04 427.24 253.07 -1 -1 -1 -1000 -1000 -1000 -10 0.87
16 5 Car -1 -1 -1 1197.13 174.40 1237.23 236.59 -1 -1 -1 -1000 -1000 -1000 -10 0.72
16 6 Car -1 -1 -1 470.02 203.92 503.16 227.36 -1 -1 -1 -1000 -1000 -1000 -10 0.64
16 3 Car -1 -1 -1 0.19 164.39 120.43 369.80 -1 -1 -1 -1000 -1000 -1000 -10 0.60
17 9 Car -1 -1 -1 189.26 217.51 351.60 302.93 -1 -1 -1 -1000 -1000 -1000 -10 0.95
17 4 Car -1 -1 -1 334.59 222.65 424.03 267.17 -1 -1 -1 -1000 -1000 -1000 -10 0.91
17 6 Car -1 -1 -1 469.64 214.21 503.18 239.98 -1 -1 -1 -1000 -1000 -1000 -10 0.71
17 5 Car -1 -1 -1 1213.27 187.74 1237.78 237.34 -1 -1 -1 -1000 -1000 -1000 -10 0.65
17 3 Car -1 -1 -1 -2.31 191.07 68.17 366.42 -1 -1 -1 -1000 -1000 -1000 -10 0.55
18 9 Car -1 -1 -1 172.56 225.41 344.28 317.62 -1 -1 -1 -1000 -1000 -1000 -10 0.97
18 4 Car -1 -1 -1 327.99 229.78 420.30 276.03 -1 -1 -1 -1000 -1000 -1000 -10 0.91
18 6 Car -1 -1 -1 469.32 219.82 504.29 246.90 -1 -1 -1 -1000 -1000 -1000 -10 0.73
19 9 Car -1 -1 -1 153.93 229.51 338.39 327.64 -1 -1 -1 -1000 -1000 -1000 -10 0.94
19 4 Car -1 -1 -1 320.50 231.79 420.10 281.48 -1 -1 -1 -1000 -1000 -1000 -10 0.94
19 6 Car -1 -1 -1 470.12 222.95 506.45 250.21 -1 -1 -1 -1000 -1000 -1000 -10 0.73
20 9 Car -1 -1 -1 137.75 218.05 332.85 324.10 -1 -1 -1 -1000 -1000 -1000 -10 0.95
20 4 Car -1 -1 -1 319.47 222.06 419.88 273.26 -1 -1 -1 -1000 -1000 -1000 -10 0.94
20 6 Car -1 -1 -1 475.56 213.15 511.35 240.90 -1 -1 -1 -1000 -1000 -1000 -10 0.59
21 9 Car -1 -1 -1 123.44 207.46 331.61 319.46 -1 -1 -1 -1000 -1000 -1000 -10 0.95
21 4 Car -1 -1 -1 318.89 210.24 423.27 263.88 -1 -1 -1 -1000 -1000 -1000 -10 0.95
21 6 Car -1 -1 -1 481.46 201.33 518.55 229.57 -1 -1 -1 -1000 -1000 -1000 -10 0.69
22 9 Car -1 -1 -1 111.18 202.08 335.31 317.40 -1 -1 -1 -1000 -1000 -1000 -10 0.97
22 4 Car -1 -1 -1 323.43 204.22 431.36 259.24 -1 -1 -1 -1000 -1000 -1000 -10 0.94
22 6 Car -1 -1 -1 491.28 195.19 528.24 222.38 -1 -1 -1 -1000 -1000 -1000 -10 0.78
23 9 Car -1 -1 -1 100.04 201.83 338.75 325.42 -1 -1 -1 -1000 -1000 -1000 -10 0.97
23 4 Car -1 -1 -1 325.40 204.03 441.21 260.31 -1 -1 -1 -1000 -1000 -1000 -10 0.93
23 6 Car -1 -1 -1 503.85 193.46 540.59 221.95 -1 -1 -1 -1000 -1000 -1000 -10 0.78
24 9 Car -1 -1 -1 86.46 201.85 345.14 333.58 -1 -1 -1 -1000 -1000 -1000 -10 0.96
24 4 Car -1 -1 -1 335.75 203.48 454.01 262.49 -1 -1 -1 -1000 -1000 -1000 -10 0.94
24 6 Car -1 -1 -1 517.04 193.38 556.64 222.25 -1 -1 -1 -1000 -1000 -1000 -10 0.78
25 9 Car -1 -1 -1 66.54 203.60 349.64 346.00 -1 -1 -1 -1000 -1000 -1000 -10 0.96
25 4 Car -1 -1 -1 346.28 205.00 465.63 264.35 -1 -1 -1 -1000 -1000 -1000 -10 0.92
25 6 Car -1 -1 -1 532.20 193.18 572.38 222.75 -1 -1 -1 -1000 -1000 -1000 -10 0.79
26 9 Car -1 -1 -1 44.75 205.64 355.23 359.90 -1 -1 -1 -1000 -1000 -1000 -10 0.96
26 4 Car -1 -1 -1 358.33 206.83 481.79 267.83 -1 -1 -1 -1000 -1000 -1000 -10 0.91
26 6 Car -1 -1 -1 549.20 196.26 588.66 226.60 -1 -1 -1 -1000 -1000 -1000 -10 0.78
27 9 Car -1 -1 -1 7.36 205.89 362.05 368.28 -1 -1 -1 -1000 -1000 -1000 -10 0.95
27 4 Car -1 -1 -1 367.66 209.01 496.46 273.17 -1 -1 -1 -1000 -1000 -1000 -10 0.95
27 6 Car -1 -1 -1 568.08 197.73 607.51 227.51 -1 -1 -1 -1000 -1000 -1000 -10 0.85
28 9 Car -1 -1 -1 -2.12 206.16 363.69 367.74 -1 -1 -1 -1000 -1000 -1000 -10 0.96
28 4 Car -1 -1 -1 377.03 209.40 511.59 276.46 -1 -1 -1 -1000 -1000 -1000 -10 0.96
28 6 Car -1 -1 -1 585.57 196.23 626.89 227.71 -1 -1 -1 -1000 -1000 -1000 -10 0.74
29 9 Car -1 -1 -1 0.98 210.33 360.69 370.01 -1 -1 -1 -1000 -1000 -1000 -10 0.96
29 4 Car -1 -1 -1 384.15 209.49 529.35 280.48 -1 -1 -1 -1000 -1000 -1000 -10 0.96
29 6 Car -1 -1 -1 606.14 198.13 648.77 229.35 -1 -1 -1 -1000 -1000 -1000 -10 0.86
30 9 Car -1 -1 -1 -2.06 209.99 363.02 371.41 -1 -1 -1 -1000 -1000 -1000 -10 0.96
30 4 Car -1 -1 -1 395.54 210.96 547.13 286.81 -1 -1 -1 -1000 -1000 -1000 -10 0.96
30 6 Car -1 -1 -1 627.73 200.44 671.41 231.63 -1 -1 -1 -1000 -1000 -1000 -10 0.85
31 4 Car -1 -1 -1 401.92 210.14 564.48 292.17 -1 -1 -1 -1000 -1000 -1000 -10 0.97
31 9 Car -1 -1 -1 2.91 211.65 349.60 369.90 -1 -1 -1 -1000 -1000 -1000 -10 0.95
31 6 Car -1 -1 -1 647.12 199.14 693.09 231.30 -1 -1 -1 -1000 -1000 -1000 -10 0.77
32 4 Car -1 -1 -1 408.25 209.13 581.60 296.03 -1 -1 -1 -1000 -1000 -1000 -10 0.96
32 9 Car -1 -1 -1 -0.55 226.08 323.43 369.93 -1 -1 -1 -1000 -1000 -1000 -10 0.93
32 6 Car -1 -1 -1 669.99 196.26 714.74 230.64 -1 -1 -1 -1000 -1000 -1000 -10 0.87
33 4 Car -1 -1 -1 411.18 202.56 595.43 299.65 -1 -1 -1 -1000 -1000 -1000 -10 0.97
33 9 Car -1 -1 -1 3.05 219.41 287.45 369.38 -1 -1 -1 -1000 -1000 -1000 -10 0.86
33 6 Car -1 -1 -1 687.79 186.96 734.07 222.16 -1 -1 -1 -1000 -1000 -1000 -10 0.82
34 4 Car -1 -1 -1 410.41 192.39 609.53 296.60 -1 -1 -1 -1000 -1000 -1000 -10 0.98
34 6 Car -1 -1 -1 702.91 176.69 752.07 212.41 -1 -1 -1 -1000 -1000 -1000 -10 0.85
34 9 Car -1 -1 -1 -1.22 215.71 199.28 372.72 -1 -1 -1 -1000 -1000 -1000 -10 0.69
35 4 Car -1 -1 -1 403.50 185.06 617.30 295.68 -1 -1 -1 -1000 -1000 -1000 -10 0.98
35 6 Car -1 -1 -1 715.16 168.07 765.74 205.55 -1 -1 -1 -1000 -1000 -1000 -10 0.82
36 4 Car -1 -1 -1 388.56 183.23 624.28 304.93 -1 -1 -1 -1000 -1000 -1000 -10 0.98
36 6 Car -1 -1 -1 725.44 163.38 777.48 201.21 -1 -1 -1 -1000 -1000 -1000 -10 0.90
37 4 Car -1 -1 -1 365.09 188.21 623.18 323.46 -1 -1 -1 -1000 -1000 -1000 -10 0.97
37 6 Car -1 -1 -1 729.50 163.47 782.65 201.75 -1 -1 -1 -1000 -1000 -1000 -10 0.86
38 4 Car -1 -1 -1 318.79 190.27 615.82 344.95 -1 -1 -1 -1000 -1000 -1000 -10 0.97
38 6 Car -1 -1 -1 730.67 166.18 784.84 205.68 -1 -1 -1 -1000 -1000 -1000 -10 0.91
39 4 Car -1 -1 -1 247.03 191.00 602.19 367.64 -1 -1 -1 -1000 -1000 -1000 -10 0.95
39 6 Car -1 -1 -1 728.48 168.46 779.79 208.10 -1 -1 -1 -1000 -1000 -1000 -10 0.87
40 4 Car -1 -1 -1 135.89 191.47 581.72 367.35 -1 -1 -1 -1000 -1000 -1000 -10 0.94
40 6 Car -1 -1 -1 721.64 165.54 777.57 207.35 -1 -1 -1 -1000 -1000 -1000 -10 0.83
41 4 Car -1 -1 -1 3.02 197.91 567.16 367.96 -1 -1 -1 -1000 -1000 -1000 -10 0.92
41 6 Car -1 -1 -1 714.64 167.21 769.05 209.10 -1 -1 -1 -1000 -1000 -1000 -10 0.78
42 4 Car -1 -1 -1 -8.54 205.03 524.54 369.01 -1 -1 -1 -1000 -1000 -1000 -10 0.91
42 6 Car -1 -1 -1 704.26 174.00 759.16 218.78 -1 -1 -1 -1000 -1000 -1000 -10 0.90
43 6 Car -1 -1 -1 686.66 179.34 742.91 224.00 -1 -1 -1 -1000 -1000 -1000 -10 0.87
43 4 Car -1 -1 -1 -12.07 219.31 481.71 369.14 -1 -1 -1 -1000 -1000 -1000 -10 0.83
44 6 Car -1 -1 -1 662.93 182.62 720.07 229.23 -1 -1 -1 -1000 -1000 -1000 -10 0.87
44 4 Car -1 -1 -1 -7.29 223.57 391.37 373.04 -1 -1 -1 -1000 -1000 -1000 -10 0.52
45 6 Car -1 -1 -1 635.17 184.50 694.24 233.34 -1 -1 -1 -1000 -1000 -1000 -10 0.93
46 6 Car -1 -1 -1 604.17 184.01 664.85 233.52 -1 -1 -1 -1000 -1000 -1000 -10 0.94
47 6 Car -1 -1 -1 573.26 186.04 635.67 237.45 -1 -1 -1 -1000 -1000 -1000 -10 0.90
48 6 Car -1 -1 -1 546.57 186.49 611.59 238.10 -1 -1 -1 -1000 -1000 -1000 -10 0.91
49 6 Car -1 -1 -1 524.56 177.30 591.45 232.09 -1 -1 -1 -1000 -1000 -1000 -10 0.94
50 6 Car -1 -1 -1 505.17 155.18 577.35 214.92 -1 -1 -1 -1000 -1000 -1000 -10 0.95
51 6 Car -1 -1 -1 490.00 155.23 564.34 217.28 -1 -1 -1 -1000 -1000 -1000 -10 0.91
52 6 Car -1 -1 -1 474.35 175.28 556.24 242.47 -1 -1 -1 -1000 -1000 -1000 -10 0.94
53 6 Car -1 -1 -1 463.17 186.45 547.24 252.44 -1 -1 -1 -1000 -1000 -1000 -10 0.89
53 11 Pedestrian -1 -1 -1 804.44 180.30 815.32 212.19 -1 -1 -1 -1000 -1000 -1000 -10 0.48
54 6 Car -1 -1 -1 447.27 168.61 535.37 241.47 -1 -1 -1 -1000 -1000 -1000 -10 0.97
54 11 Pedestrian -1 -1 -1 807.53 165.07 817.56 199.45 -1 -1 -1 -1000 -1000 -1000 -10 0.66
55 6 Car -1 -1 -1 430.44 171.95 529.22 247.72 -1 -1 -1 -1000 -1000 -1000 -10 0.96
55 11 Pedestrian -1 -1 -1 813.89 166.21 826.04 203.18 -1 -1 -1 -1000 -1000 -1000 -10 0.58
56 6 Car -1 -1 -1 413.50 184.78 520.99 266.01 -1 -1 -1 -1000 -1000 -1000 -10 0.97
56 11 Pedestrian -1 -1 -1 817.91 178.13 830.38 213.66 -1 -1 -1 -1000 -1000 -1000 -10 0.57
57 6 Car -1 -1 -1 393.73 187.31 510.77 276.43 -1 -1 -1 -1000 -1000 -1000 -10 0.98
57 11 Pedestrian -1 -1 -1 826.91 177.48 839.25 214.42 -1 -1 -1 -1000 -1000 -1000 -10 0.51
58 6 Car -1 -1 -1 367.44 184.25 498.90 281.86 -1 -1 -1 -1000 -1000 -1000 -10 0.98
58 14 Car -1 -1 -1 567.34 176.70 584.72 191.73 -1 -1 -1 -1000 -1000 -1000 -10 0.63
58 13 Pedestrian -1 -1 -1 852.85 171.28 867.70 213.23 -1 -1 -1 -1000 -1000 -1000 -10 0.55
58 11 Pedestrian -1 -1 -1 836.41 168.68 850.20 212.02 -1 -1 -1 -1000 -1000 -1000 -10 0.53
59 6 Car -1 -1 -1 336.47 188.97 488.36 297.74 -1 -1 -1 -1000 -1000 -1000 -10 0.97
59 14 Car -1 -1 -1 562.92 178.99 580.65 192.97 -1 -1 -1 -1000 -1000 -1000 -10 0.68
59 11 Pedestrian -1 -1 -1 848.47 170.71 861.80 214.20 -1 -1 -1 -1000 -1000 -1000 -10 0.66
59 13 Pedestrian -1 -1 -1 864.22 168.70 879.66 211.75 -1 -1 -1 -1000 -1000 -1000 -10 0.57
60 6 Car -1 -1 -1 299.90 191.43 472.65 313.39 -1 -1 -1 -1000 -1000 -1000 -10 0.98
60 13 Pedestrian -1 -1 -1 878.55 173.15 894.57 219.48 -1 -1 -1 -1000 -1000 -1000 -10 0.63
60 14 Car -1 -1 -1 560.65 181.23 579.10 195.02 -1 -1 -1 -1000 -1000 -1000 -10 0.54
60 11 Pedestrian -1 -1 -1 860.50 172.39 875.41 216.09 -1 -1 -1 -1000 -1000 -1000 -10 0.48
61 6 Car -1 -1 -1 250.63 195.02 458.09 332.93 -1 -1 -1 -1000 -1000 -1000 -10 0.98
61 14 Car -1 -1 -1 560.10 181.39 577.14 196.18 -1 -1 -1 -1000 -1000 -1000 -10 0.74
61 13 Pedestrian -1 -1 -1 895.43 174.71 916.20 219.85 -1 -1 -1 -1000 -1000 -1000 -10 0.57
61 11 Pedestrian -1 -1 -1 877.59 176.42 894.73 218.51 -1 -1 -1 -1000 -1000 -1000 -10 0.43
61 15 Cyclist -1 -1 -1 875.04 176.89 892.91 218.09 -1 -1 -1 -1000 -1000 -1000 -10 0.44
62 6 Car -1 -1 -1 179.37 189.33 444.35 361.01 -1 -1 -1 -1000 -1000 -1000 -10 0.97
62 14 Car -1 -1 -1 559.83 178.25 577.91 193.93 -1 -1 -1 -1000 -1000 -1000 -10 0.71
62 11 Pedestrian -1 -1 -1 901.78 172.08 919.04 219.91 -1 -1 -1 -1000 -1000 -1000 -10 0.52
62 13 Pedestrian -1 -1 -1 920.02 173.52 938.57 218.81 -1 -1 -1 -1000 -1000 -1000 -10 0.49
63 6 Car -1 -1 -1 83.25 193.20 416.89 364.96 -1 -1 -1 -1000 -1000 -1000 -10 0.97
63 11 Pedestrian -1 -1 -1 927.86 173.16 946.48 227.77 -1 -1 -1 -1000 -1000 -1000 -10 0.65
63 13 Pedestrian -1 -1 -1 946.69 174.11 966.41 226.88 -1 -1 -1 -1000 -1000 -1000 -10 0.63
63 14 Car -1 -1 -1 560.52 179.84 578.62 194.03 -1 -1 -1 -1000 -1000 -1000 -10 0.54
64 6 Car -1 -1 -1 0.17 199.67 391.85 366.14 -1 -1 -1 -1000 -1000 -1000 -10 0.97
64 11 Pedestrian -1 -1 -1 955.53 176.72 974.67 232.23 -1 -1 -1 -1000 -1000 -1000 -10 0.67
64 13 Pedestrian -1 -1 -1 976.31 176.90 999.81 234.65 -1 -1 -1 -1000 -1000 -1000 -10 0.64
64 14 Car -1 -1 -1 561.34 182.21 580.93 197.58 -1 -1 -1 -1000 -1000 -1000 -10 0.60
65 6 Car -1 -1 -1 0.92 202.59 351.86 370.71 -1 -1 -1 -1000 -1000 -1000 -10 0.96
65 11 Pedestrian -1 -1 -1 988.14 172.18 1011.72 239.66 -1 -1 -1 -1000 -1000 -1000 -10 0.66
65 13 Pedestrian -1 -1 -1 1019.59 179.21 1048.25 238.12 -1 -1 -1 -1000 -1000 -1000 -10 0.65
65 14 Car -1 -1 -1 563.57 183.31 581.84 198.14 -1 -1 -1 -1000 -1000 -1000 -10 0.63
66 6 Car -1 -1 -1 -2.16 210.07 292.91 370.62 -1 -1 -1 -1000 -1000 -1000 -10 0.91
66 13 Pedestrian -1 -1 -1 1072.20 178.65 1105.03 245.87 -1 -1 -1 -1000 -1000 -1000 -10 0.71
66 14 Car -1 -1 -1 564.09 181.84 582.34 196.47 -1 -1 -1 -1000 -1000 -1000 -10 0.71
66 11 Pedestrian -1 -1 -1 1031.66 170.40 1060.29 245.49 -1 -1 -1 -1000 -1000 -1000 -10 0.63
67 11 Pedestrian -1 -1 -1 1090.40 166.78 1125.13 260.26 -1 -1 -1 -1000 -1000 -1000 -10 0.70
67 6 Car -1 -1 -1 1.08 221.44 173.65 374.99 -1 -1 -1 -1000 -1000 -1000 -10 0.55
67 14 Car -1 -1 -1 564.79 181.42 584.99 198.48 -1 -1 -1 -1000 -1000 -1000 -10 0.54
67 13 Pedestrian -1 -1 -1 1129.48 178.57 1172.62 253.77 -1 -1 -1 -1000 -1000 -1000 -10 0.51
68 11 Pedestrian -1 -1 -1 1164.34 165.95 1199.96 268.60 -1 -1 -1 -1000 -1000 -1000 -10 0.63
68 13 Pedestrian -1 -1 -1 1201.16 173.56 1233.04 267.35 -1 -1 -1 -1000 -1000 -1000 -10 0.59
68 14 Car -1 -1 -1 563.69 182.89 586.00 200.79 -1 -1 -1 -1000 -1000 -1000 -10 0.48
69 14 Car -1 -1 -1 564.88 181.60 585.60 199.91 -1 -1 -1 -1000 -1000 -1000 -10 0.62
70 14 Car -1 -1 -1 563.66 181.17 586.53 200.39 -1 -1 -1 -1000 -1000 -1000 -10 0.60
71 14 Car -1 -1 -1 563.24 180.20 586.57 199.43 -1 -1 -1 -1000 -1000 -1000 -10 0.61
72 14 Car -1 -1 -1 561.44 180.60 584.08 199.03 -1 -1 -1 -1000 -1000 -1000 -10 0.78
73 14 Car -1 -1 -1 560.04 180.08 582.10 197.43 -1 -1 -1 -1000 -1000 -1000 -10 0.65
74 14 Car -1 -1 -1 557.15 179.36 581.79 197.95 -1 -1 -1 -1000 -1000 -1000 -10 0.76
75 14 Car -1 -1 -1 556.17 180.25 579.33 198.10 -1 -1 -1 -1000 -1000 -1000 -10 0.77
76 14 Car -1 -1 -1 551.73 179.53 578.38 197.06 -1 -1 -1 -1000 -1000 -1000 -10 0.74
77 14 Car -1 -1 -1 551.35 178.28 575.26 197.76 -1 -1 -1 -1000 -1000 -1000 -10 0.61
78 14 Car -1 -1 -1 549.19 180.19 572.30 199.44 -1 -1 -1 -1000 -1000 -1000 -10 0.81
79 14 Car -1 -1 -1 544.92 180.03 569.24 200.84 -1 -1 -1 -1000 -1000 -1000 -10 0.78
80 14 Car -1 -1 -1 541.27 178.96 566.07 199.90 -1 -1 -1 -1000 -1000 -1000 -10 0.79
81 14 Car -1 -1 -1 539.58 178.79 564.05 200.52 -1 -1 -1 -1000 -1000 -1000 -10 0.71
82 14 Car -1 -1 -1 532.78 179.99 560.34 201.75 -1 -1 -1 -1000 -1000 -1000 -10 0.58
83 14 Car -1 -1 -1 529.15 179.80 559.72 204.81 -1 -1 -1 -1000 -1000 -1000 -10 0.79
83 16 Car -1 -1 -1 577.62 178.68 593.45 190.89 -1 -1 -1 -1000 -1000 -1000 -10 0.42
84 14 Car -1 -1 -1 526.75 180.29 558.12 207.20 -1 -1 -1 -1000 -1000 -1000 -10 0.78
84 16 Car -1 -1 -1 576.15 178.22 594.14 192.93 -1 -1 -1 -1000 -1000 -1000 -10 0.68
85 14 Car -1 -1 -1 525.31 180.67 557.82 207.87 -1 -1 -1 -1000 -1000 -1000 -10 0.81
85 16 Car -1 -1 -1 574.93 178.50 592.93 193.00 -1 -1 -1 -1000 -1000 -1000 -10 0.74
86 14 Car -1 -1 -1 521.44 180.77 555.68 208.51 -1 -1 -1 -1000 -1000 -1000 -10 0.73
86 16 Car -1 -1 -1 571.16 176.84 595.10 193.26 -1 -1 -1 -1000 -1000 -1000 -10 0.62
87 14 Car -1 -1 -1 518.59 182.15 556.21 212.11 -1 -1 -1 -1000 -1000 -1000 -10 0.85
87 16 Car -1 -1 -1 569.61 177.42 593.06 193.95 -1 -1 -1 -1000 -1000 -1000 -10 0.65
88 14 Car -1 -1 -1 516.24 180.06 556.19 211.47 -1 -1 -1 -1000 -1000 -1000 -10 0.64
88 16 Car -1 -1 -1 566.84 176.30 593.60 192.82 -1 -1 -1 -1000 -1000 -1000 -10 0.62
89 14 Car -1 -1 -1 511.28 180.85 556.71 214.79 -1 -1 -1 -1000 -1000 -1000 -10 0.89
89 16 Car -1 -1 -1 568.26 177.20 592.90 194.70 -1 -1 -1 -1000 -1000 -1000 -10 0.75
90 14 Car -1 -1 -1 505.54 179.75 554.70 217.45 -1 -1 -1 -1000 -1000 -1000 -10 0.83
90 16 Car -1 -1 -1 567.73 176.53 590.72 194.78 -1 -1 -1 -1000 -1000 -1000 -10 0.66
91 14 Car -1 -1 -1 498.44 178.11 551.97 216.69 -1 -1 -1 -1000 -1000 -1000 -10 0.92
91 16 Car -1 -1 -1 563.51 173.56 587.49 192.64 -1 -1 -1 -1000 -1000 -1000 -10 0.64
92 14 Car -1 -1 -1 491.05 184.64 546.61 225.71 -1 -1 -1 -1000 -1000 -1000 -10 0.92
92 16 Car -1 -1 -1 558.94 178.62 588.56 201.27 -1 -1 -1 -1000 -1000 -1000 -10 0.67
93 14 Car -1 -1 -1 483.40 187.40 542.93 232.54 -1 -1 -1 -1000 -1000 -1000 -10 0.89
93 16 Car -1 -1 -1 555.75 181.72 587.84 205.46 -1 -1 -1 -1000 -1000 -1000 -10 0.77
94 14 Car -1 -1 -1 471.23 189.78 540.03 238.41 -1 -1 -1 -1000 -1000 -1000 -10 0.91
94 16 Car -1 -1 -1 552.00 185.08 584.68 209.88 -1 -1 -1 -1000 -1000 -1000 -10 0.84
94 17 Pedestrian -1 -1 -1 427.43 183.10 446.46 235.98 -1 -1 -1 -1000 -1000 -1000 -10 0.57
95 14 Car -1 -1 -1 461.65 189.22 533.77 241.48 -1 -1 -1 -1000 -1000 -1000 -10 0.89
95 16 Car -1 -1 -1 550.51 184.64 580.84 209.45 -1 -1 -1 -1000 -1000 -1000 -10 0.78
95 17 Pedestrian -1 -1 -1 405.83 180.32 428.69 240.13 -1 -1 -1 -1000 -1000 -1000 -10 0.47
96 14 Car -1 -1 -1 446.10 182.99 527.43 241.44 -1 -1 -1 -1000 -1000 -1000 -10 0.95
96 16 Car -1 -1 -1 546.31 180.40 578.08 205.42 -1 -1 -1 -1000 -1000 -1000 -10 0.71
96 18 Cyclist -1 -1 -1 362.63 174.15 401.78 250.22 -1 -1 -1 -1000 -1000 -1000 -10 0.69
97 14 Car -1 -1 -1 431.69 188.20 524.47 252.88 -1 -1 -1 -1000 -1000 -1000 -10 0.94
97 16 Car -1 -1 -1 545.19 183.30 576.88 211.03 -1 -1 -1 -1000 -1000 -1000 -10 0.87
97 18 Cyclist -1 -1 -1 317.06 179.82 369.54 268.23 -1 -1 -1 -1000 -1000 -1000 -10 0.74
98 14 Car -1 -1 -1 410.70 186.06 514.94 257.41 -1 -1 -1 -1000 -1000 -1000 -10 0.94
98 18 Cyclist -1 -1 -1 247.41 177.00 322.94 286.18 -1 -1 -1 -1000 -1000 -1000 -10 0.80
98 16 Car -1 -1 -1 541.31 182.04 575.30 210.86 -1 -1 -1 -1000 -1000 -1000 -10 0.78
99 14 Car -1 -1 -1 384.27 186.02 505.89 268.74 -1 -1 -1 -1000 -1000 -1000 -10 0.96
99 16 Car -1 -1 -1 537.20 180.19 575.46 211.41 -1 -1 -1 -1000 -1000 -1000 -10 0.82
99 19 Car -1 -1 -1 558.87 177.94 584.62 202.20 -1 -1 -1 -1000 -1000 -1000 -10 0.76
99 18 Cyclist -1 -1 -1 144.90 174.95 246.78 313.38 -1 -1 -1 -1000 -1000 -1000 -10 0.61
100 14 Car -1 -1 -1 353.28 188.90 496.91 282.70 -1 -1 -1 -1000 -1000 -1000 -10 0.98
100 16 Car -1 -1 -1 532.33 180.40 573.79 215.36 -1 -1 -1 -1000 -1000 -1000 -10 0.89
100 19 Car -1 -1 -1 557.61 178.61 585.27 205.64 -1 -1 -1 -1000 -1000 -1000 -10 0.60
100 18 Cyclist -1 -1 -1 1.34 174.82 111.12 367.20 -1 -1 -1 -1000 -1000 -1000 -10 0.49
101 14 Car -1 -1 -1 308.96 189.23 485.53 299.70 -1 -1 -1 -1000 -1000 -1000 -10 0.98
101 16 Car -1 -1 -1 526.69 180.94 572.09 218.93 -1 -1 -1 -1000 -1000 -1000 -10 0.87
101 19 Car -1 -1 -1 553.40 178.49 584.32 207.78 -1 -1 -1 -1000 -1000 -1000 -10 0.82
102 14 Car -1 -1 -1 241.68 190.65 469.42 328.08 -1 -1 -1 -1000 -1000 -1000 -10 0.96
102 16 Car -1 -1 -1 521.09 181.20 569.65 222.03 -1 -1 -1 -1000 -1000 -1000 -10 0.93
102 19 Car -1 -1 -1 547.88 178.83 582.13 209.98 -1 -1 -1 -1000 -1000 -1000 -10 0.80
103 14 Car -1 -1 -1 147.18 188.94 438.69 360.93 -1 -1 -1 -1000 -1000 -1000 -10 0.93
103 16 Car -1 -1 -1 511.29 178.18 565.42 222.16 -1 -1 -1 -1000 -1000 -1000 -10 0.92
103 19 Car -1 -1 -1 541.63 175.82 578.62 208.08 -1 -1 -1 -1000 -1000 -1000 -10 0.75
104 14 Car -1 -1 -1 -6.17 189.18 414.02 369.33 -1 -1 -1 -1000 -1000 -1000 -10 0.95
104 16 Car -1 -1 -1 500.59 175.91 561.47 224.09 -1 -1 -1 -1000 -1000 -1000 -10 0.87
104 19 Car -1 -1 -1 536.84 173.59 575.96 206.64 -1 -1 -1 -1000 -1000 -1000 -10 0.83
104 20 Cyclist -1 -1 -1 805.10 162.88 828.55 207.28 -1 -1 -1 -1000 -1000 -1000 -10 0.68
105 14 Car -1 -1 -1 -3.82 188.95 357.38 369.69 -1 -1 -1 -1000 -1000 -1000 -10 0.96
105 16 Car -1 -1 -1 490.02 178.85 556.63 232.92 -1 -1 -1 -1000 -1000 -1000 -10 0.90
105 19 Car -1 -1 -1 527.11 174.42 573.73 212.53 -1 -1 -1 -1000 -1000 -1000 -10 0.78
105 20 Cyclist -1 -1 -1 821.33 163.99 843.11 208.64 -1 -1 -1 -1000 -1000 -1000 -10 0.43
105 21 Pedestrian -1 -1 -1 821.33 163.99 843.11 208.64 -1 -1 -1 -1000 -1000 -1000 -10 0.46
106 16 Car -1 -1 -1 478.36 182.00 552.48 242.16 -1 -1 -1 -1000 -1000 -1000 -10 0.93
106 14 Car -1 -1 -1 -2.14 210.52 285.13 369.81 -1 -1 -1 -1000 -1000 -1000 -10 0.92
106 19 Car -1 -1 -1 525.27 177.97 571.34 217.73 -1 -1 -1 -1000 -1000 -1000 -10 0.86
106 20 Cyclist -1 -1 -1 838.16 165.55 865.98 213.94 -1 -1 -1 -1000 -1000 -1000 -10 0.66
106 22 Cyclist -1 -1 -1 1002.95 162.36 1065.58 223.55 -1 -1 -1 -1000 -1000 -1000 -10 0.67
107 16 Car -1 -1 -1 462.14 179.84 545.29 248.07 -1 -1 -1 -1000 -1000 -1000 -10 0.93
107 19 Car -1 -1 -1 518.29 175.78 570.04 218.50 -1 -1 -1 -1000 -1000 -1000 -10 0.88
107 22 Cyclist -1 -1 -1 1016.45 146.29 1084.54 224.98 -1 -1 -1 -1000 -1000 -1000 -10 0.86
107 20 Cyclist -1 -1 -1 857.64 160.79 892.28 216.48 -1 -1 -1 -1000 -1000 -1000 -10 0.61
107 14 Car -1 -1 -1 -5.05 221.22 133.34 375.01 -1 -1 -1 -1000 -1000 -1000 -10 0.42
108 16 Car -1 -1 -1 440.01 180.70 536.95 261.58 -1 -1 -1 -1000 -1000 -1000 -10 0.95
108 19 Car -1 -1 -1 507.36 177.12 566.27 223.90 -1 -1 -1 -1000 -1000 -1000 -10 0.92
108 22 Cyclist -1 -1 -1 1034.93 148.93 1110.63 229.85 -1 -1 -1 -1000 -1000 -1000 -10 0.86
108 23 Pedestrian -1 -1 -1 885.94 162.84 910.63 222.70 -1 -1 -1 -1000 -1000 -1000 -10 0.59
109 16 Car -1 -1 -1 410.24 182.03 526.59 276.59 -1 -1 -1 -1000 -1000 -1000 -10 0.97
109 19 Car -1 -1 -1 496.31 179.06 560.68 230.39 -1 -1 -1 -1000 -1000 -1000 -10 0.89
109 22 Cyclist -1 -1 -1 1066.81 145.54 1125.42 233.87 -1 -1 -1 -1000 -1000 -1000 -10 0.68
109 23 Pedestrian -1 -1 -1 910.52 161.83 939.76 227.30 -1 -1 -1 -1000 -1000 -1000 -10 0.44
109 24 Cyclist -1 -1 -1 909.51 163.07 941.05 229.07 -1 -1 -1 -1000 -1000 -1000 -10 0.41
110 16 Car -1 -1 -1 368.76 182.25 511.64 290.94 -1 -1 -1 -1000 -1000 -1000 -10 0.98
110 19 Car -1 -1 -1 481.44 176.32 552.30 233.55 -1 -1 -1 -1000 -1000 -1000 -10 0.92
110 23 Pedestrian -1 -1 -1 939.09 159.53 974.87 229.20 -1 -1 -1 -1000 -1000 -1000 -10 0.43
111 16 Car -1 -1 -1 311.44 182.80 492.93 320.08 -1 -1 -1 -1000 -1000 -1000 -10 0.97
111 19 Car -1 -1 -1 464.79 172.90 542.98 237.63 -1 -1 -1 -1000 -1000 -1000 -10 0.94
111 26 Pedestrian -1 -1 -1 985.86 151.91 1019.93 229.13 -1 -1 -1 -1000 -1000 -1000 -10 0.41
112 16 Car -1 -1 -1 215.90 187.38 471.14 369.53 -1 -1 -1 -1000 -1000 -1000 -10 0.94
112 19 Car -1 -1 -1 448.87 180.03 534.50 252.30 -1 -1 -1 -1000 -1000 -1000 -10 0.94
112 26 Pedestrian -1 -1 -1 1038.59 150.03 1083.65 237.98 -1 -1 -1 -1000 -1000 -1000 -10 0.56
113 19 Car -1 -1 -1 427.20 187.36 525.75 269.63 -1 -1 -1 -1000 -1000 -1000 -10 0.96
113 16 Car -1 -1 -1 29.01 202.88 432.76 370.52 -1 -1 -1 -1000 -1000 -1000 -10 0.93
113 26 Pedestrian -1 -1 -1 1116.02 155.59 1162.72 260.88 -1 -1 -1 -1000 -1000 -1000 -10 0.65
114 19 Car -1 -1 -1 397.47 179.96 514.12 277.28 -1 -1 -1 -1000 -1000 -1000 -10 0.97
114 16 Car -1 -1 -1 4.48 205.19 379.44 368.58 -1 -1 -1 -1000 -1000 -1000 -10 0.93
115 19 Car -1 -1 -1 360.43 182.48 496.82 298.94 -1 -1 -1 -1000 -1000 -1000 -10 0.96
115 16 Car -1 -1 -1 -0.29 216.11 267.68 372.51 -1 -1 -1 -1000 -1000 -1000 -10 0.80
116 19 Car -1 -1 -1 297.95 187.82 481.14 338.40 -1 -1 -1 -1000 -1000 -1000 -10 0.96
117 19 Car -1 -1 -1 195.54 187.79 453.04 369.08 -1 -1 -1 -1000 -1000 -1000 -10 0.96
118 19 Car -1 -1 -1 14.24 189.12 416.73 368.86 -1 -1 -1 -1000 -1000 -1000 -10 0.89
118 29 Car -1 -1 -1 575.33 174.19 593.05 189.49 -1 -1 -1 -1000 -1000 -1000 -10 0.76
119 19 Car -1 -1 -1 -2.83 197.38 324.90 368.40 -1 -1 -1 -1000 -1000 -1000 -10 0.87
119 29 Car -1 -1 -1 574.88 176.31 594.41 192.59 -1 -1 -1 -1000 -1000 -1000 -10 0.69
119 30 Pedestrian -1 -1 -1 463.60 174.73 481.01 224.57 -1 -1 -1 -1000 -1000 -1000 -10 0.50
119 31 Cyclist -1 -1 -1 278.76 178.42 346.19 285.17 -1 -1 -1 -1000 -1000 -1000 -10 0.85
120 31 Cyclist -1 -1 -1 192.00 181.03 293.20 313.90 -1 -1 -1 -1000 -1000 -1000 -10 0.84
120 29 Car -1 -1 -1 575.88 176.20 594.58 192.81 -1 -1 -1 -1000 -1000 -1000 -10 0.63
120 30 Pedestrian -1 -1 -1 447.99 172.79 472.42 230.98 -1 -1 -1 -1000 -1000 -1000 -10 0.60
121 31 Cyclist -1 -1 -1 39.97 181.26 211.86 368.94 -1 -1 -1 -1000 -1000 -1000 -10 0.84
121 30 Pedestrian -1 -1 -1 429.89 175.34 458.67 241.15 -1 -1 -1 -1000 -1000 -1000 -10 0.67
121 29 Car -1 -1 -1 575.72 179.81 598.25 196.28 -1 -1 -1 -1000 -1000 -1000 -10 0.61
122 29 Car -1 -1 -1 575.38 179.49 598.18 196.75 -1 -1 -1 -1000 -1000 -1000 -10 0.60
122 33 Cyclist -1 -1 -1 406.15 176.87 436.62 249.98 -1 -1 -1 -1000 -1000 -1000 -10 0.46
122 34 Cyclist -1 -1 -1 842.90 166.87 868.64 205.11 -1 -1 -1 -1000 -1000 -1000 -10 0.60
122 35 Pedestrian -1 -1 -1 406.15 176.87 436.62 249.98 -1 -1 -1 -1000 -1000 -1000 -10 0.49
123 29 Car -1 -1 -1 573.58 175.91 601.12 193.29 -1 -1 -1 -1000 -1000 -1000 -10 0.72
123 34 Cyclist -1 -1 -1 868.06 164.14 896.49 207.32 -1 -1 -1 -1000 -1000 -1000 -10 0.72
123 35 Pedestrian -1 -1 -1 372.04 173.83 408.45 258.67 -1 -1 -1 -1000 -1000 -1000 -10 0.55
124 36 Cyclist -1 -1 -1 320.69 172.98 382.01 275.23 -1 -1 -1 -1000 -1000 -1000 -10 0.75
124 29 Car -1 -1 -1 574.50 176.00 600.38 194.70 -1 -1 -1 -1000 -1000 -1000 -10 0.75
124 34 Cyclist -1 -1 -1 898.86 161.49 927.79 207.79 -1 -1 -1 -1000 -1000 -1000 -10 0.63
125 34 Cyclist -1 -1 -1 927.98 158.06 969.48 211.79 -1 -1 -1 -1000 -1000 -1000 -10 0.84
125 36 Cyclist -1 -1 -1 250.74 179.32 335.65 299.93 -1 -1 -1 -1000 -1000 -1000 -10 0.76
125 29 Car -1 -1 -1 572.29 175.77 598.50 194.93 -1 -1 -1 -1000 -1000 -1000 -10 0.61
126 34 Cyclist -1 -1 -1 964.60 160.17 1017.63 220.09 -1 -1 -1 -1000 -1000 -1000 -10 0.85
126 29 Car -1 -1 -1 569.45 177.86 597.68 199.53 -1 -1 -1 -1000 -1000 -1000 -10 0.79
126 36 Cyclist -1 -1 -1 150.97 175.07 271.66 343.09 -1 -1 -1 -1000 -1000 -1000 -10 0.75
127 36 Cyclist -1 -1 -1 -4.98 176.81 164.04 365.45 -1 -1 -1 -1000 -1000 -1000 -10 0.83
127 34 Cyclist -1 -1 -1 1010.06 155.27 1074.12 225.50 -1 -1 -1 -1000 -1000 -1000 -10 0.80
127 29 Car -1 -1 -1 568.13 178.26 594.11 199.93 -1 -1 -1 -1000 -1000 -1000 -10 0.76
128 34 Cyclist -1 -1 -1 1068.11 152.51 1155.08 235.91 -1 -1 -1 -1000 -1000 -1000 -10 0.85
128 29 Car -1 -1 -1 565.50 175.36 594.03 198.66 -1 -1 -1 -1000 -1000 -1000 -10 0.62