0 1 Car -1 -1 -1 185.30 191.08 440.12 343.33 -1 -1 -1 -1000 -1000 -1000 -10 0.97
0 2 Car -1 -1 -1 628.09 171.05 659.31 199.62 -1 -1 -1 -1000 -1000 -1000 -10 0.75
1 1 Car -1 -1 -1 -3.66 212.44 217.40 367.96 -1 -1 -1 -1000 -1000 -1000 -10 0.87
1 2 Car -1 -1 -1 629.38 172.35 658.35 199.52 -1 -1 -1 -1000 -1000 -1000 -10 0.64
2 2 Car -1 -1 -1 629.54 170.35 660.57 199.30 -1 -1 -1 -1000 -1000 -1000 -10 0.74
3 2 Car -1 -1 -1 629.97 172.59 659.83 200.09 -1 -1 -1 -1000 -1000 -1000 -10 0.69
4 2 Car -1 -1 -1 629.30 170.01 661.17 198.51 -1 -1 -1 -1000 -1000 -1000 -10 0.71
5 2 Car -1 -1 -1 631.08 168.99 662.41 197.20 -1 -1 -1 -1000 -1000 -1000 -10 0.73
6 2 Car -1 -1 -1 632.85 168.67 665.33 196.75 -1 -1 -1 -1000 -1000 -1000 -10 0.77
7 2 Car -1 -1 -1 634.74 168.48 670.52 197.63 -1 -1 -1 -1000 -1000 -1000 -10 0.63
8 2 Car -1 -1 -1 639.70 168.28 673.74 196.68 -1 -1 -1 -1000 -1000 -1000 -10 0.76
9 2 Car -1 -1 -1 643.32 172.08 672.71 199.29 -1 -1 -1 -1000 -1000 -1000 -10 0.81
10 2 Car -1 -1 -1 644.60 172.44 677.84 200.52 -1 -1 -1 -1000 -1000 -1000 -10 0.60
11 2 Car -1 -1 -1 645.69 167.75 677.85 196.79 -1 -1 -1 -1000 -1000 -1000 -10 0.77
12 2 Car -1 -1 -1 647.90 170.74 677.64 198.92 -1 -1 -1 -1000 -1000 -1000 -10 0.55
13 2 Car -1 -1 -1 647.07 168.04 679.30 196.89 -1 -1 -1 -1000 -1000 -1000 -10 0.69
14 2 Car -1 -1 -1 647.00 167.81 682.26 196.79 -1 -1 -1 -1000 -1000 -1000 -10 0.81
15 2 Car -1 -1 -1 648.54 167.87 683.29 198.38 -1 -1 -1 -1000 -1000 -1000 -10 0.73
16 2 Car -1 -1 -1 649.33 168.57 683.50 199.43 -1 -1 -1 -1000 -1000 -1000 -10 0.70
17 2 Car -1 -1 -1 650.49 168.38 683.75 197.25 -1 -1 -1 -1000 -1000 -1000 -10 0.64
18 2 Car -1 -1 -1 650.23 169.44 686.80 199.28 -1 -1 -1 -1000 -1000 -1000 -10 0.76
19 2 Car -1 -1 -1 651.10 167.31 688.22 198.93 -1 -1 -1 -1000 -1000 -1000 -10 0.73
20 2 Car -1 -1 -1 650.42 167.72 689.07 197.53 -1 -1 -1 -1000 -1000 -1000 -10 0.82
21 2 Car -1 -1 -1 650.96 167.86 687.16 198.10 -1 -1 -1 -1000 -1000 -1000 -10 0.76
21 3 Car -1 -1 -1 700.49 167.82 724.49 182.67 -1 -1 -1 -1000 -1000 -1000 -10 0.46
22 2 Car -1 -1 -1 651.73 167.32 688.04 196.53 -1 -1 -1 -1000 -1000 -1000 -10 0.84
22 3 Car -1 -1 -1 689.12 168.09 713.31 182.45 -1 -1 -1 -1000 -1000 -1000 -10 0.50
23 2 Car -1 -1 -1 650.88 170.30 689.67 199.85 -1 -1 -1 -1000 -1000 -1000 -10 0.86
24 2 Car -1 -1 -1 652.53 167.37 691.42 198.69 -1 -1 -1 -1000 -1000 -1000 -10 0.59
25 2 Car -1 -1 -1 652.67 168.43 693.54 197.72 -1 -1 -1 -1000 -1000 -1000 -10 0.77
26 2 Car -1 -1 -1 659.80 171.15 694.04 201.43 -1 -1 -1 -1000 -1000 -1000 -10 0.87
26 4 Car -1 -1 -1 634.24 176.43 667.61 195.17 -1 -1 -1 -1000 -1000 -1000 -10 0.70
27 2 Car -1 -1 -1 660.40 172.12 695.50 204.39 -1 -1 -1 -1000 -1000 -1000 -10 0.82
27 4 Car -1 -1 -1 617.27 179.04 651.34 200.47 -1 -1 -1 -1000 -1000 -1000 -10 0.80
28 2 Car -1 -1 -1 661.13 166.10 695.15 198.37 -1 -1 -1 -1000 -1000 -1000 -10 0.85
28 4 Car -1 -1 -1 596.72 172.53 635.45 198.29 -1 -1 -1 -1000 -1000 -1000 -10 0.81
29 4 Car -1 -1 -1 573.76 175.21 618.34 204.72 -1 -1 -1 -1000 -1000 -1000 -10 0.89
29 2 Car -1 -1 -1 660.71 166.93 695.28 197.99 -1 -1 -1 -1000 -1000 -1000 -10 0.84
30 2 Car -1 -1 -1 660.46 169.23 693.70 200.17 -1 -1 -1 -1000 -1000 -1000 -10 0.83
30 4 Car -1 -1 -1 544.88 178.42 597.83 213.40 -1 -1 -1 -1000 -1000 -1000 -10 0.79
31 4 Car -1 -1 -1 506.36 178.60 574.37 222.20 -1 -1 -1 -1000 -1000 -1000 -10 0.87
31 2 Car -1 -1 -1 657.62 168.11 695.37 200.56 -1 -1 -1 -1000 -1000 -1000 -10 0.76
32 4 Car -1 -1 -1 451.95 180.08 543.48 238.69 -1 -1 -1 -1000 -1000 -1000 -10 0.88
32 2 Car -1 -1 -1 656.44 169.82 693.14 200.91 -1 -1 -1 -1000 -1000 -1000 -10 0.75
33 4 Car -1 -1 -1 351.92 187.15 499.26 269.31 -1 -1 -1 -1000 -1000 -1000 -10 0.92
33 2 Car -1 -1 -1 656.58 172.81 695.20 203.38 -1 -1 -1 -1000 -1000 -1000 -10 0.70
34 4 Car -1 -1 -1 107.16 187.75 424.44 355.06 -1 -1 -1 -1000 -1000 -1000 -10 0.93
34 2 Car -1 -1 -1 656.33 169.42 696.28 201.79 -1 -1 -1 -1000 -1000 -1000 -10 0.87
35 2 Car -1 -1 -1 657.82 167.96 697.23 201.86 -1 -1 -1 -1000 -1000 -1000 -10 0.89
35 4 Car -1 -1 -1 2.13 197.19 196.31 368.43 -1 -1 -1 -1000 -1000 -1000 -10 0.72
36 2 Car -1 -1 -1 660.39 167.87 696.36 201.24 -1 -1 -1 -1000 -1000 -1000 -10 0.82
37 2 Car -1 -1 -1 659.87 163.11 697.45 197.41 -1 -1 -1 -1000 -1000 -1000 -10 0.71
38 2 Car -1 -1 -1 661.36 165.82 699.78 199.31 -1 -1 -1 -1000 -1000 -1000 -10 0.86
39 2 Car -1 -1 -1 662.50 170.05 700.60 202.53 -1 -1 -1 -1000 -1000 -1000 -10 0.89
40 2 Car -1 -1 -1 663.94 167.44 699.59 201.42 -1 -1 -1 -1000 -1000 -1000 -10 0.84
41 2 Car -1 -1 -1 661.43 160.36 698.02 195.38 -1 -1 -1 -1000 -1000 -1000 -10 0.80
42 2 Car -1 -1 -1 659.44 164.83 697.86 198.34 -1 -1 -1 -1000 -1000 -1000 -10 0.83
43 2 Car -1 -1 -1 657.95 173.43 697.18 206.92 -1 -1 -1 -1000 -1000 -1000 -10 0.89
44 2 Car -1 -1 -1 656.10 167.90 693.65 202.95 -1 -1 -1 -1000 -1000 -1000 -10 0.77
45 2 Car -1 -1 -1 654.12 164.25 690.77 197.26 -1 -1 -1 -1000 -1000 -1000 -10 0.85
46 2 Car -1 -1 -1 651.31 163.96 690.26 199.30 -1 -1 -1 -1000 -1000 -1000 -10 0.83
47 2 Car -1 -1 -1 648.50 166.79 690.22 202.22 -1 -1 -1 -1000 -1000 -1000 -10 0.78
48 2 Car -1 -1 -1 647.44 172.73 689.39 207.43 -1 -1 -1 -1000 -1000 -1000 -10 0.75
49 2 Car -1 -1 -1 645.89 168.48 687.51 205.02 -1 -1 -1 -1000 -1000 -1000 -10 0.77
50 2 Car -1 -1 -1 642.53 167.31 687.05 203.88 -1 -1 -1 -1000 -1000 -1000 -10 0.78
51 2 Car -1 -1 -1 640.01 166.60 684.18 203.65 -1 -1 -1 -1000 -1000 -1000 -10 0.66
52 2 Car -1 -1 -1 637.12 170.17 680.48 209.21 -1 -1 -1 -1000 -1000 -1000 -10 0.73
53 2 Car -1 -1 -1 635.90 171.75 679.30 209.18 -1 -1 -1 -1000 -1000 -1000 -10 0.77
54 2 Car -1 -1 -1 632.85 166.80 676.66 206.19 -1 -1 -1 -1000 -1000 -1000 -10 0.85
55 2 Car -1 -1 -1 630.43 168.16 675.05 205.46 -1 -1 -1 -1000 -1000 -1000 -10 0.71
56 2 Car -1 -1 -1 628.42 168.60 674.00 208.16 -1 -1 -1 -1000 -1000 -1000 -10 0.82
57 2 Car -1 -1 -1 627.89 172.62 672.64 211.25 -1 -1 -1 -1000 -1000 -1000 -10 0.82
58 2 Car -1 -1 -1 629.11 170.87 672.84 209.60 -1 -1 -1 -1000 -1000 -1000 -10 0.89
59 2 Car -1 -1 -1 627.76 169.08 671.50 207.53 -1 -1 -1 -1000 -1000 -1000 -10 0.88
60 2 Car -1 -1 -1 625.22 172.84 670.03 213.42 -1 -1 -1 -1000 -1000 -1000 -10 0.83
61 2 Car -1 -1 -1 625.44 172.16 669.97 212.70 -1 -1 -1 -1000 -1000 -1000 -10 0.79
62 2 Car -1 -1 -1 623.09 169.11 667.32 211.52 -1 -1 -1 -1000 -1000 -1000 -10 0.88
63 2 Car -1 -1 -1 620.78 169.41 665.66 210.65 -1 -1 -1 -1000 -1000 -1000 -10 0.91
64 2 Car -1 -1 -1 616.07 168.15 662.53 211.15 -1 -1 -1 -1000 -1000 -1000 -10 0.91
65 2 Car -1 -1 -1 613.88 174.57 660.23 220.10 -1 -1 -1 -1000 -1000 -1000 -10 0.84
66 2 Car -1 -1 -1 611.15 171.32 659.13 214.55 -1 -1 -1 -1000 -1000 -1000 -10 0.93
66 5 Car -1 -1 -1 597.42 176.01 624.00 195.16 -1 -1 -1 -1000 -1000 -1000 -10 0.71
67 2 Car -1 -1 -1 610.12 167.98 658.54 213.03 -1 -1 -1 -1000 -1000 -1000 -10 0.91
67 5 Car -1 -1 -1 583.16 174.72 610.96 195.07 -1 -1 -1 -1000 -1000 -1000 -10 0.62
68 2 Car -1 -1 -1 607.35 173.71 656.90 218.44 -1 -1 -1 -1000 -1000 -1000 -10 0.82
68 5 Car -1 -1 -1 567.45 178.19 600.31 202.61 -1 -1 -1 -1000 -1000 -1000 -10 0.77
69 2 Car -1 -1 -1 606.43 169.65 655.02 214.76 -1 -1 -1 -1000 -1000 -1000 -10 0.91
69 5 Car -1 -1 -1 550.55 177.06 585.19 202.62 -1 -1 -1 -1000 -1000 -1000 -10 0.82
70 2 Car -1 -1 -1 604.37 170.17 654.29 218.46 -1 -1 -1 -1000 -1000 -1000 -10 0.84
70 5 Car -1 -1 -1 525.45 178.53 570.53 210.82 -1 -1 -1 -1000 -1000 -1000 -10 0.62
71 2 Car -1 -1 -1 603.34 174.06 652.25 219.22 -1 -1 -1 -1000 -1000 -1000 -10 0.92
71 5 Car -1 -1 -1 497.29 182.50 547.56 219.72 -1 -1 -1 -1000 -1000 -1000 -10 0.89
72 2 Car -1 -1 -1 600.40 171.17 652.06 218.20 -1 -1 -1 -1000 -1000 -1000 -10 0.87
72 5 Car -1 -1 -1 454.74 183.42 525.00 232.28 -1 -1 -1 -1000 -1000 -1000 -10 0.85
73 2 Car -1 -1 -1 601.65 170.35 652.19 215.21 -1 -1 -1 -1000 -1000 -1000 -10 0.93
73 5 Car -1 -1 -1 382.55 184.73 489.11 250.63 -1 -1 -1 -1000 -1000 -1000 -10 0.88
74 5 Car -1 -1 -1 227.75 189.96 420.22 298.80 -1 -1 -1 -1000 -1000 -1000 -10 0.89
74 2 Car -1 -1 -1 602.37 168.72 652.81 215.38 -1 -1 -1 -1000 -1000 -1000 -10 0.86
75 5 Car -1 -1 -1 -1.19 208.35 245.35 365.44 -1 -1 -1 -1000 -1000 -1000 -10 0.95
75 2 Car -1 -1 -1 601.09 169.39 654.00 218.89 -1 -1 -1 -1000 -1000 -1000 -10 0.92
76 2 Car -1 -1 -1 601.75 167.99 652.42 216.17 -1 -1 -1 -1000 -1000 -1000 -10 0.90
77 2 Car -1 -1 -1 601.02 166.69 654.34 217.95 -1 -1 -1 -1000 -1000 -1000 -10 0.91
78 2 Car -1 -1 -1 599.74 172.71 655.99 227.93 -1 -1 -1 -1000 -1000 -1000 -10 0.91
79 2 Car -1 -1 -1 599.99 171.74 654.68 224.86 -1 -1 -1 -1000 -1000 -1000 -10 0.91
80 2 Car -1 -1 -1 598.51 169.96 655.83 224.62 -1 -1 -1 -1000 -1000 -1000 -10 0.94
81 2 Car -1 -1 -1 597.21 170.52 656.34 226.33 -1 -1 -1 -1000 -1000 -1000 -10 0.91
82 2 Car -1 -1 -1 596.32 170.54 654.49 225.42 -1 -1 -1 -1000 -1000 -1000 -10 0.85
83 2 Car -1 -1 -1 594.26 166.66 652.21 221.81 -1 -1 -1 -1000 -1000 -1000 -10 0.93
84 2 Car -1 -1 -1 593.20 169.84 650.38 224.77 -1 -1 -1 -1000 -1000 -1000 -10 0.93
85 2 Car -1 -1 -1 592.38 171.23 647.60 225.48 -1 -1 -1 -1000 -1000 -1000 -10 0.89
86 2 Car -1 -1 -1 588.52 166.28 647.66 222.89 -1 -1 -1 -1000 -1000 -1000 -10 0.88
87 2 Car -1 -1 -1 586.26 168.30 646.35 225.75 -1 -1 -1 -1000 -1000 -1000 -10 0.92
88 2 Car -1 -1 -1 585.59 168.82 644.94 225.74 -1 -1 -1 -1000 -1000 -1000 -10 0.95
89 2 Car -1 -1 -1 583.29 169.35 641.97 226.50 -1 -1 -1 -1000 -1000 -1000 -10 0.89
90 2 Car -1 -1 -1 581.67 169.30 641.81 227.58 -1 -1 -1 -1000 -1000 -1000 -10 0.91
91 2 Car -1 -1 -1 579.72 165.90 642.51 223.26 -1 -1 -1 -1000 -1000 -1000 -10 0.91
92 2 Car -1 -1 -1 580.35 166.52 643.49 225.32 -1 -1 -1 -1000 -1000 -1000 -10 0.90
93 2 Car -1 -1 -1 581.19 171.01 644.20 228.87 -1 -1 -1 -1000 -1000 -1000 -10 0.84
94 2 Car -1 -1 -1 584.90 171.99 644.95 230.29 -1 -1 -1 -1000 -1000 -1000 -10 0.94
95 2 Car -1 -1 -1 584.34 171.81 646.36 229.20 -1 -1 -1 -1000 -1000 -1000 -10 0.94
96 2 Car -1 -1 -1 585.21 168.44 647.30 227.16 -1 -1 -1 -1000 -1000 -1000 -10 0.93
97 2 Car -1 -1 -1 586.57 171.00 649.06 229.41 -1 -1 -1 -1000 -1000 -1000 -10 0.88
98 2 Car -1 -1 -1 586.97 167.08 649.02 226.04 -1 -1 -1 -1000 -1000 -1000 -10 0.89
99 2 Car -1 -1 -1 588.52 167.21 649.54 225.66 -1 -1 -1 -1000 -1000 -1000 -10 0.91
100 2 Car -1 -1 -1 591.55 173.97 648.20 229.46 -1 -1 -1 -1000 -1000 -1000 -10 0.87
101 2 Car -1 -1 -1 590.19 171.76 649.38 224.86 -1 -1 -1 -1000 -1000 -1000 -10 0.83
102 2 Car -1 -1 -1 588.92 170.87 650.21 224.71 -1 -1 -1 -1000 -1000 -1000 -10 0.83
103 2 Car -1 -1 -1 594.18 170.46 649.92 225.89 -1 -1 -1 -1000 -1000 -1000 -10 0.83
104 2 Car -1 -1 -1 592.56 172.94 647.49 227.97 -1 -1 -1 -1000 -1000 -1000 -10 0.83
105 2 Car -1 -1 -1 590.11 172.84 647.76 227.99 -1 -1 -1 -1000 -1000 -1000 -10 0.86
106 2 Car -1 -1 -1 586.90 172.49 649.33 223.48 -1 -1 -1 -1000 -1000 -1000 -10 0.72
107 2 Car -1 -1 -1 582.67 169.43 646.61 226.06 -1 -1 -1 -1000 -1000 -1000 -10 0.80
108 2 Car -1 -1 -1 584.56 171.95 643.78 229.12 -1 -1 -1 -1000 -1000 -1000 -10 0.83
109 2 Car -1 -1 -1 583.67 167.99 644.63 225.86 -1 -1 -1 -1000 -1000 -1000 -10 0.89
110 2 Car -1 -1 -1 581.41 168.96 643.19 227.42 -1 -1 -1 -1000 -1000 -1000 -10 0.90
111 2 Car -1 -1 -1 582.62 170.12 640.87 226.51 -1 -1 -1 -1000 -1000 -1000 -10 0.89
112 2 Car -1 -1 -1 581.13 168.18 642.00 225.38 -1 -1 -1 -1000 -1000 -1000 -10 0.93
113 2 Car -1 -1 -1 581.20 169.88 642.20 226.48 -1 -1 -1 -1000 -1000 -1000 -10 0.92
114 2 Car -1 -1 -1 582.90 172.97 641.64 229.34 -1 -1 -1 -1000 -1000 -1000 -10 0.92
115 2 Car -1 -1 -1 579.38 173.71 641.91 230.84 -1 -1 -1 -1000 -1000 -1000 -10 0.91
116 2 Car -1 -1 -1 581.55 172.11 642.15 228.05 -1 -1 -1 -1000 -1000 -1000 -10 0.92
117 2 Car -1 -1 -1 582.61 170.16 641.79 225.81 -1 -1 -1 -1000 -1000 -1000 -10 0.92
118 2 Car -1 -1 -1 582.19 172.31 642.37 229.04 -1 -1 -1 -1000 -1000 -1000 -10 0.91
119 2 Car -1 -1 -1 582.82 173.54 642.36 229.85 -1 -1 -1 -1000 -1000 -1000 -10 0.90
120 2 Car -1 -1 -1 585.35 173.26 642.26 230.37 -1 -1 -1 -1000 -1000 -1000 -10 0.87
121 2 Car -1 -1 -1 583.24 174.15 639.98 229.78 -1 -1 -1 -1000 -1000 -1000 -10 0.91
122 2 Car -1 -1 -1 582.00 169.83 640.96 226.34 -1 -1 -1 -1000 -1000 -1000 -10 0.91
123 2 Car -1 -1 -1 574.89 169.17 640.11 225.03 -1 -1 -1 -1000 -1000 -1000 -10 0.91
124 2 Car -1 -1 -1 574.67 170.19 638.05 229.42 -1 -1 -1 -1000 -1000 -1000 -10 0.86
125 2 Car -1 -1 -1 568.95 167.89 632.54 227.75 -1 -1 -1 -1000 -1000 -1000 -10 0.88
125 6 Cyclist -1 -1 -1 695.45 162.91 720.12 208.79 -1 -1 -1 -1000 -1000 -1000 -10 0.48
126 2 Car -1 -1 -1 566.07 170.17 632.40 230.44 -1 -1 -1 -1000 -1000 -1000 -10 0.92
126 6 Cyclist -1 -1 -1 702.83 164.49 729.16 215.12 -1 -1 -1 -1000 -1000 -1000 -10 0.62
127 2 Car -1 -1 -1 563.55 169.07 627.96 227.77 -1 -1 -1 -1000 -1000 -1000 -10 0.91
128 2 Car -1 -1 -1 563.21 171.49 627.45 231.46 -1 -1 -1 -1000 -1000 -1000 -10 0.92
129 2 Car -1 -1 -1 560.97 168.36 625.22 228.28 -1 -1 -1 -1000 -1000 -1000 -10 0.87
130 2 Car -1 -1 -1 561.03 168.28 624.12 226.19 -1 -1 -1 -1000 -1000 -1000 -10 0.93
131 2 Car -1 -1 -1 558.82 166.69 625.04 228.14 -1 -1 -1 -1000 -1000 -1000 -10 0.94
132 2 Car -1 -1 -1 558.69 171.71 625.55 232.77 -1 -1 -1 -1000 -1000 -1000 -10 0.91
133 2 Car -1 -1 -1 559.34 170.73 623.18 231.28 -1 -1 -1 -1000 -1000 -1000 -10 0.94
133 7 Cyclist -1 -1 -1 823.15 167.25 857.20 234.05 -1 -1 -1 -1000 -1000 -1000 -10 0.48
133 8 Cyclist -1 -1 -1 903.76 158.60 993.86 299.15 -1 -1 -1 -1000 -1000 -1000 -10 0.40
134 2 Car -1 -1 -1 559.07 171.07 624.62 232.91 -1 -1 -1 -1000 -1000 -1000 -10 0.92
134 7 Cyclist -1 -1 -1 867.15 162.37 914.91 249.03 -1 -1 -1 -1000 -1000 -1000 -10 0.70
135 2 Car -1 -1 -1 558.24 175.76 624.94 233.01 -1 -1 -1 -1000 -1000 -1000 -10 0.74
135 7 Cyclist -1 -1 -1 936.84 167.72 1008.19 273.78 -1 -1 -1 -1000 -1000 -1000 -10 0.71
136 2 Car -1 -1 -1 558.51 170.11 625.14 232.79 -1 -1 -1 -1000 -1000 -1000 -10 0.94
137 2 Car -1 -1 -1 559.34 170.51 624.07 230.54 -1 -1 -1 -1000 -1000 -1000 -10 0.93
138 2 Car -1 -1 -1 559.41 173.49 624.38 234.48 -1 -1 -1 -1000 -1000 -1000 -10 0.85
139 2 Car -1 -1 -1 558.50 174.61 623.72 235.70 -1 -1 -1 -1000 -1000 -1000 -10 0.92
140 2 Car -1 -1 -1 556.87 170.91 620.69 230.51 -1 -1 -1 -1000 -1000 -1000 -10 0.88
141 2 Car -1 -1 -1 555.93 166.41 620.01 229.02 -1 -1 -1 -1000 -1000 -1000 -10 0.94
142 2 Car -1 -1 -1 554.53 167.36 619.56 229.17 -1 -1 -1 -1000 -1000 -1000 -10 0.89
143 2 Car -1 -1 -1 553.66 173.45 621.27 236.47 -1 -1 -1 -1000 -1000 -1000 -10 0.93
144 2 Car -1 -1 -1 552.87 174.71 621.08 235.81 -1 -1 -1 -1000 -1000 -1000 -10 0.91
145 2 Car -1 -1 -1 550.22 174.18 620.29 234.91 -1 -1 -1 -1000 -1000 -1000 -10 0.87
146 2 Car -1 -1 -1 549.21 169.92 621.02 233.02 -1 -1 -1 -1000 -1000 -1000 -10 0.90
147 2 Car -1 -1 -1 550.00 168.97 619.99 235.13 -1 -1 -1 -1000 -1000 -1000 -10 0.86
148 2 Car -1 -1 -1 550.62 168.66 620.25 234.12 -1 -1 -1 -1000 -1000 -1000 -10 0.90
149 2 Car -1 -1 -1 551.25 168.77 619.62 231.77 -1 -1 -1 -1000 -1000 -1000 -10 0.90
150 2 Car -1 -1 -1 550.79 171.71 623.17 236.24 -1 -1 -1 -1000 -1000 -1000 -10 0.91
151 2 Car -1 -1 -1 553.16 171.95 625.05 238.29 -1 -1 -1 -1000 -1000 -1000 -10 0.93
152 2 Car -1 -1 -1 556.29 168.66 625.17 232.03 -1 -1 -1 -1000 -1000 -1000 -10 0.93
153 2 Car -1 -1 -1 559.93 168.86 625.98 232.09 -1 -1 -1 -1000 -1000 -1000 -10 0.92
154 2 Car -1 -1 -1 563.01 169.36 627.76 232.77 -1 -1 -1 -1000 -1000 -1000 -10 0.93
155 2 Car -1 -1 -1 562.79 172.86 628.50 234.91 -1 -1 -1 -1000 -1000 -1000 -10 0.89
156 2 Car -1 -1 -1 561.43 175.10 630.06 234.39 -1 -1 -1 -1000 -1000 -1000 -10 0.83
157 2 Car -1 -1 -1 562.78 171.61 627.31 230.19 -1 -1 -1 -1000 -1000 -1000 -10 0.85
158 2 Car -1 -1 -1 564.43 171.86 627.80 231.53 -1 -1 -1 -1000 -1000 -1000 -10 0.86
159 2 Car -1 -1 -1 567.84 171.05 629.39 233.10 -1 -1 -1 -1000 -1000 -1000 -10 0.88
160 2 Car -1 -1 -1 568.17 171.85 637.68 230.20 -1 -1 -1 -1000 -1000 -1000 -10 0.70
161 2 Car -1 -1 -1 563.49 169.49 636.04 232.63 -1 -1 -1 -1000 -1000 -1000 -10 0.78
162 2 Car -1 -1 -1 565.38 170.87 640.99 230.64 -1 -1 -1 -1000 -1000 -1000 -10 0.53
163 2 Car -1 -1 -1 569.68 174.07 636.86 235.91 -1 -1 -1 -1000 -1000 -1000 -10 0.90
164 2 Car -1 -1 -1 570.87 170.82 637.49 232.82 -1 -1 -1 -1000 -1000 -1000 -10 0.88
165 2 Car -1 -1 -1 570.05 169.89 636.28 231.93 -1 -1 -1 -1000 -1000 -1000 -10 0.90
166 2 Car -1 -1 -1 570.85 169.43 636.13 233.58 -1 -1 -1 -1000 -1000 -1000 -10 0.94
167 2 Car -1 -1 -1 569.33 173.64 635.45 238.64 -1 -1 -1 -1000 -1000 -1000 -10 0.90
168 2 Car -1 -1 -1 566.62 172.99 635.18 237.94 -1 -1 -1 -1000 -1000 -1000 -10 0.94
169 2 Car -1 -1 -1 566.49 168.55 630.81 231.93 -1 -1 -1 -1000 -1000 -1000 -10 0.93
170 2 Car -1 -1 -1 563.69 169.61 630.46 233.90 -1 -1 -1 -1000 -1000 -1000 -10 0.92
171 2 Car -1 -1 -1 562.71 171.77 629.71 237.41 -1 -1 -1 -1000 -1000 -1000 -10 0.95
172 2 Car -1 -1 -1 561.45 172.40 629.30 237.02 -1 -1 -1 -1000 -1000 -1000 -10 0.95
172 9 Car -1 -1 -1 1178.21 158.29 1232.45 174.83 -1 -1 -1 -1000 -1000 -1000 -10 0.44
173 2 Car -1 -1 -1 560.45 170.95 629.43 236.54 -1 -1 -1 -1000 -1000 -1000 -10 0.93
174 2 Car -1 -1 -1 559.40 171.40 629.44 237.12 -1 -1 -1 -1000 -1000 -1000 -10 0.91
175 2 Car -1 -1 -1 558.93 169.59 627.39 234.60 -1 -1 -1 -1000 -1000 -1000 -10 0.91
176 2 Car -1 -1 -1 559.41 167.99 627.23 232.54 -1 -1 -1 -1000 -1000 -1000 -10 0.91
177 2 Car -1 -1 -1 560.18 163.62 629.62 230.80 -1 -1 -1 -1000 -1000 -1000 -10 0.95
178 2 Car -1 -1 -1 562.21 168.73 631.52 234.33 -1 -1 -1 -1000 -1000 -1000 -10 0.94
179 2 Car -1 -1 -1 564.19 169.47 633.54 234.57 -1 -1 -1 -1000 -1000 -1000 -10 0.94
180 2 Car -1 -1 -1 564.87 169.11 635.00 234.95 -1 -1 -1 -1000 -1000 -1000 -10 0.94
181 2 Car -1 -1 -1 565.28 167.80 635.64 234.80 -1 -1 -1 -1000 -1000 -1000 -10 0.95
182 2 Car -1 -1 -1 567.52 166.81 636.66 233.29 -1 -1 -1 -1000 -1000 -1000 -10 0.89
183 2 Car -1 -1 -1 567.99 169.97 639.16 237.99 -1 -1 -1 -1000 -1000 -1000 -10 0.95
184 2 Car -1 -1 -1 569.61 175.47 638.14 241.41 -1 -1 -1 -1000 -1000 -1000 -10 0.95
185 2 Car -1 -1 -1 569.71 171.17 638.60 237.07 -1 -1 -1 -1000 -1000 -1000 -10 0.94
186 2 Car -1 -1 -1 567.73 170.23 638.31 236.93 -1 -1 -1 -1000 -1000 -1000 -10 0.92
187 2 Car -1 -1 -1 565.73 170.22 638.63 238.24 -1 -1 -1 -1000 -1000 -1000 -10 0.91
188 2 Car -1 -1 -1 564.50 170.00 637.12 237.16 -1 -1 -1 -1000 -1000 -1000 -10 0.91
189 2 Car -1 -1 -1 563.95 166.99 636.84 235.11 -1 -1 -1 -1000 -1000 -1000 -10 0.95
190 2 Car -1 -1 -1 562.58 167.21 637.53 236.15 -1 -1 -1 -1000 -1000 -1000 -10 0.95
191 2 Car -1 -1 -1 563.41 170.29 637.60 240.63 -1 -1 -1 -1000 -1000 -1000 -10 0.95
191 10 Cyclist -1 -1 -1 833.58 167.42 864.40 218.05 -1 -1 -1 -1000 -1000 -1000 -10 0.80
191 11 Cyclist -1 -1 -1 870.09 166.19 902.96 218.18 -1 -1 -1 -1000 -1000 -1000 -10 0.48
192 2 Car -1 -1 -1 562.17 169.10 638.04 238.73 -1 -1 -1 -1000 -1000 -1000 -10 0.94
192 10 Cyclist -1 -1 -1 865.30 162.53 907.29 225.07 -1 -1 -1 -1000 -1000 -1000 -10 0.88
192 12 Pedestrian -1 -1 -1 914.64 162.03 943.66 222.36 -1 -1 -1 -1000 -1000 -1000 -10 0.61
193 2 Car -1 -1 -1 562.65 170.71 636.80 241.70 -1 -1 -1 -1000 -1000 -1000 -10 0.93
193 13 Cyclist -1 -1 -1 910.04 164.77 964.42 239.01 -1 -1 -1 -1000 -1000 -1000 -10 0.86
193 10 Cyclist -1 -1 -1 956.61 159.86 1011.29 237.01 -1 -1 -1 -1000 -1000 -1000 -10 0.86
194 2 Car -1 -1 -1 561.26 174.44 636.39 245.26 -1 -1 -1 -1000 -1000 -1000 -10 0.95
194 10 Cyclist -1 -1 -1 1032.26 164.11 1105.29 252.17 -1 -1 -1 -1000 -1000 -1000 -10 0.85
194 13 Cyclist -1 -1 -1 982.05 161.79 1039.66 255.97 -1 -1 -1 -1000 -1000 -1000 -10 0.76
195 2 Car -1 -1 -1 560.59 167.22 636.44 237.06 -1 -1 -1 -1000 -1000 -1000 -10 0.93
195 10 Cyclist -1 -1 -1 1162.71 152.02 1224.25 263.75 -1 -1 -1 -1000 -1000 -1000 -10 0.49
195 14 Pedestrian -1 -1 -1 1168.63 151.96 1225.51 264.04 -1 -1 -1 -1000 -1000 -1000 -10 0.63
196 2 Car -1 -1 -1 561.46 166.03 635.74 236.94 -1 -1 -1 -1000 -1000 -1000 -10 0.94
197 2 Car -1 -1 -1 563.12 169.01 635.14 240.11 -1 -1 -1 -1000 -1000 -1000 -10 0.95
198 2 Car -1 -1 -1 563.98 168.93 634.90 238.84 -1 -1 -1 -1000 -1000 -1000 -10 0.93
199 2 Car -1 -1 -1 564.02 166.74 636.67 236.75 -1 -1 -1 -1000 -1000 -1000 -10 0.91
200 2 Car -1 -1 -1 564.57 166.87 636.29 236.86 -1 -1 -1 -1000 -1000 -1000 -10 0.92
201 2 Car -1 -1 -1 567.10 166.70 637.63 235.94 -1 -1 -1 -1000 -1000 -1000 -10 0.90
202 2 Car -1 -1 -1 568.68 174.30 637.22 242.00 -1 -1 -1 -1000 -1000 -1000 -10 0.92
203 2 Car -1 -1 -1 567.39 168.56 638.86 235.90 -1 -1 -1 -1000 -1000 -1000 -10 0.94
204 2 Car -1 -1 -1 567.93 169.80 641.25 238.83 -1 -1 -1 -1000 -1000 -1000 -10 0.93
205 2 Car -1 -1 -1 568.21 168.38 641.26 235.85 -1 -1 -1 -1000 -1000 -1000 -10 0.90
205 15 Car -1 -1 -1 552.80 174.04 574.53 190.66 -1 -1 -1 -1000 -1000 -1000 -10 0.48
206 2 Car -1 -1 -1 568.44 167.47 638.60 235.03 -1 -1 -1 -1000 -1000 -1000 -10 0.95
206 15 Car -1 -1 -1 548.74 174.75 574.75 191.08 -1 -1 -1 -1000 -1000 -1000 -10 0.63
207 2 Car -1 -1 -1 569.69 170.93 638.71 239.26 -1 -1 -1 -1000 -1000 -1000 -10 0.94
207 15 Car -1 -1 -1 539.88 178.39 575.67 197.90 -1 -1 -1 -1000 -1000 -1000 -10 0.45
208 2 Car -1 -1 -1 568.03 170.22 638.74 237.55 -1 -1 -1 -1000 -1000 -1000 -10 0.93
208 15 Car -1 -1 -1 537.78 177.11 569.16 198.80 -1 -1 -1 -1000 -1000 -1000 -10 0.62
209 2 Car -1 -1 -1 569.27 167.23 638.69 234.48 -1 -1 -1 -1000 -1000 -1000 -10 0.95
209 15 Car -1 -1 -1 530.96 174.75 560.12 199.06 -1 -1 -1 -1000 -1000 -1000 -10 0.70
210 2 Car -1 -1 -1 570.41 173.06 638.33 239.08 -1 -1 -1 -1000 -1000 -1000 -10 0.92
210 15 Car -1 -1 -1 522.63 180.83 555.25 205.91 -1 -1 -1 -1000 -1000 -1000 -10 0.78