0 1 Car -1 -1 -1 218.80 199.51 337.18 248.73 -1 -1 -1 -1000 -1000 -1000 -10 0.83
1 1 Car -1 -1 -1 275.28 197.39 364.11 237.61 -1 -1 -1 -1000 -1000 -1000 -10 0.79
1 2 Car -1 -1 -1 171.41 195.99 243.60 226.93 -1 -1 -1 -1000 -1000 -1000 -10 0.71
2 1 Car -1 -1 -1 310.31 192.60 384.68 227.46 -1 -1 -1 -1000 -1000 -1000 -10 0.84
2 2 Car -1 -1 -1 36.96 197.01 137.69 234.72 -1 -1 -1 -1000 -1000 -1000 -10 0.80
3 1 Car -1 -1 -1 334.03 191.07 401.32 224.15 -1 -1 -1 -1000 -1000 -1000 -10 0.74
3 3 Car -1 -1 -1 455.18 183.38 481.26 194.84 -1 -1 -1 -1000 -1000 -1000 -10 0.44
3 4 Car -1 -1 -1 531.28 177.14 551.37 188.30 -1 -1 -1 -1000 -1000 -1000 -10 0.41
4 1 Car -1 -1 -1 358.43 191.31 420.19 221.26 -1 -1 -1 -1000 -1000 -1000 -10 0.76
4 3 Car -1 -1 -1 434.00 186.06 463.13 199.25 -1 -1 -1 -1000 -1000 -1000 -10 0.65
4 4 Car -1 -1 -1 521.03 176.82 543.80 192.65 -1 -1 -1 -1000 -1000 -1000 -10 0.60
5 1 Car -1 -1 -1 380.05 190.08 431.87 221.36 -1 -1 -1 -1000 -1000 -1000 -10 0.87
5 3 Car -1 -1 -1 416.95 185.94 446.52 201.35 -1 -1 -1 -1000 -1000 -1000 -10 0.66
5 4 Car -1 -1 -1 510.22 178.02 533.97 192.19 -1 -1 -1 -1000 -1000 -1000 -10 0.63
6 1 Car -1 -1 -1 394.93 190.75 448.54 217.69 -1 -1 -1 -1000 -1000 -1000 -10 0.71
6 4 Car -1 -1 -1 498.55 179.86 522.93 194.00 -1 -1 -1 -1000 -1000 -1000 -10 0.51
7 1 Car -1 -1 -1 411.28 188.62 455.79 213.65 -1 -1 -1 -1000 -1000 -1000 -10 0.77
7 5 Car -1 -1 -1 358.65 189.95 392.18 206.25 -1 -1 -1 -1000 -1000 -1000 -10 0.65
7 6 Car -1 -1 -1 455.35 184.38 479.80 197.51 -1 -1 -1 -1000 -1000 -1000 -10 0.53
7 4 Car -1 -1 -1 483.55 180.61 507.50 195.48 -1 -1 -1 -1000 -1000 -1000 -10 0.49
8 4 Car -1 -1 -1 466.80 180.78 493.64 199.63 -1 -1 -1 -1000 -1000 -1000 -10 0.70
8 1 Car -1 -1 -1 424.93 185.65 465.57 207.65 -1 -1 -1 -1000 -1000 -1000 -10 0.68
8 5 Car -1 -1 -1 316.31 189.74 356.64 210.34 -1 -1 -1 -1000 -1000 -1000 -10 0.64
8 7 Car -1 -1 -1 -3.97 203.89 123.94 338.23 -1 -1 -1 -1000 -1000 -1000 -10 0.71
9 7 Car -1 -1 -1 9.81 206.33 196.61 289.97 -1 -1 -1 -1000 -1000 -1000 -10 0.87
9 4 Car -1 -1 -1 440.86 181.19 478.61 205.13 -1 -1 -1 -1000 -1000 -1000 -10 0.66
9 5 Car -1 -1 -1 256.06 192.48 308.17 215.18 -1 -1 -1 -1000 -1000 -1000 -10 0.61
9 1 Car -1 -1 -1 411.38 186.34 440.05 202.69 -1 -1 -1 -1000 -1000 -1000 -10 0.59
10 7 Car -1 -1 -1 114.11 204.30 253.99 267.83 -1 -1 -1 -1000 -1000 -1000 -10 0.84
10 1 Car -1 -1 -1 383.00 188.38 417.81 205.99 -1 -1 -1 -1000 -1000 -1000 -10 0.63
10 4 Car -1 -1 -1 428.82 182.87 458.33 200.74 -1 -1 -1 -1000 -1000 -1000 -10 0.59
10 5 Car -1 -1 -1 182.51 196.18 248.30 227.09 -1 -1 -1 -1000 -1000 -1000 -10 0.55
11 5 Car -1 -1 -1 62.05 200.97 157.79 237.62 -1 -1 -1 -1000 -1000 -1000 -10 0.79
11 7 Car -1 -1 -1 186.32 201.56 298.24 253.24 -1 -1 -1 -1000 -1000 -1000 -10 0.77
11 8 Car -1 -1 -1 442.67 183.95 476.23 201.64 -1 -1 -1 -1000 -1000 -1000 -10 0.72
11 1 Car -1 -1 -1 347.72 190.24 386.41 209.33 -1 -1 -1 -1000 -1000 -1000 -10 0.70
11 4 Car -1 -1 -1 405.46 182.73 436.06 201.12 -1 -1 -1 -1000 -1000 -1000 -10 0.59
12 7 Car -1 -1 -1 240.04 198.16 323.17 245.24 -1 -1 -1 -1000 -1000 -1000 -10 0.80
12 4 Car -1 -1 -1 373.20 183.18 407.73 204.99 -1 -1 -1 -1000 -1000 -1000 -10 0.74
12 1 Car -1 -1 -1 307.19 191.77 354.50 216.02 -1 -1 -1 -1000 -1000 -1000 -10 0.62
12 8 Car -1 -1 -1 420.14 186.38 451.85 205.54 -1 -1 -1 -1000 -1000 -1000 -10 0.60
13 7 Car -1 -1 -1 272.63 198.80 353.42 241.63 -1 -1 -1 -1000 -1000 -1000 -10 0.86
13 8 Car -1 -1 -1 397.77 188.65 427.73 207.38 -1 -1 -1 -1000 -1000 -1000 -10 0.75
13 1 Car -1 -1 -1 245.45 193.46 310.56 223.90 -1 -1 -1 -1000 -1000 -1000 -10 0.74
13 4 Car -1 -1 -1 336.63 185.99 375.81 207.34 -1 -1 -1 -1000 -1000 -1000 -10 0.67
14 7 Car -1 -1 -1 304.04 197.76 369.19 236.80 -1 -1 -1 -1000 -1000 -1000 -10 0.82
14 1 Car -1 -1 -1 162.42 199.61 245.06 231.78 -1 -1 -1 -1000 -1000 -1000 -10 0.77
14 4 Car -1 -1 -1 293.32 187.04 337.50 215.64 -1 -1 -1 -1000 -1000 -1000 -10 0.73
14 8 Car -1 -1 -1 364.99 191.12 401.89 210.94 -1 -1 -1 -1000 -1000 -1000 -10 0.69
15 1 Car -1 -1 -1 63.27 204.86 158.07 243.68 -1 -1 -1 -1000 -1000 -1000 -10 0.82
15 4 Car -1 -1 -1 238.10 190.10 293.73 220.44 -1 -1 -1 -1000 -1000 -1000 -10 0.82
15 8 Car -1 -1 -1 327.49 193.28 374.11 215.94 -1 -1 -1 -1000 -1000 -1000 -10 0.60
15 9 Car -1 -1 -1 390.30 191.13 427.93 205.61 -1 -1 -1 -1000 -1000 -1000 -10 0.42
16 4 Car -1 -1 -1 165.95 194.04 235.56 226.06 -1 -1 -1 -1000 -1000 -1000 -10 0.74
16 1 Car -1 -1 -1 0.72 208.53 27.59 263.97 -1 -1 -1 -1000 -1000 -1000 -10 0.57
16 9 Car -1 -1 -1 338.99 199.55 402.48 223.72 -1 -1 -1 -1000 -1000 -1000 -10 0.52
16 10 Car -1 -1 -1 363.26 193.18 400.01 211.31 -1 -1 -1 -1000 -1000 -1000 -10 0.51
17 4 Car -1 -1 -1 67.55 198.06 153.94 234.18 -1 -1 -1 -1000 -1000 -1000 -10 0.87
17 11 Car -1 -1 -1 225.54 200.68 276.41 225.80 -1 -1 -1 -1000 -1000 -1000 -10 0.74
17 12 Car -1 -1 -1 368.64 191.73 404.36 211.14 -1 -1 -1 -1000 -1000 -1000 -10 0.66
17 10 Car -1 -1 -1 331.24 194.93 371.55 213.43 -1 -1 -1 -1000 -1000 -1000 -10 0.56
18 11 Car -1 -1 -1 125.88 202.62 211.19 238.26 -1 -1 -1 -1000 -1000 -1000 -10 0.74
18 12 Car -1 -1 -1 343.96 192.70 372.77 208.67 -1 -1 -1 -1000 -1000 -1000 -10 0.65
18 10 Car -1 -1 -1 292.13 195.88 330.86 214.67 -1 -1 -1 -1000 -1000 -1000 -10 0.63
18 13 Car -1 -1 -1 373.05 195.81 415.97 215.21 -1 -1 -1 -1000 -1000 -1000 -10 0.44
19 11 Car -1 -1 -1 6.66 212.29 106.47 252.05 -1 -1 -1 -1000 -1000 -1000 -10 0.73
19 10 Car -1 -1 -1 238.49 200.23 287.14 219.75 -1 -1 -1 -1000 -1000 -1000 -10 0.57
19 12 Car -1 -1 -1 307.29 194.87 342.56 209.64 -1 -1 -1 -1000 -1000 -1000 -10 0.55
19 13 Car -1 -1 -1 383.87 194.64 427.99 217.12 -1 -1 -1 -1000 -1000 -1000 -10 0.43
20 10 Car -1 -1 -1 172.90 204.54 232.83 227.34 -1 -1 -1 -1000 -1000 -1000 -10 0.72
20 12 Car -1 -1 -1 266.24 198.14 304.32 214.14 -1 -1 -1 -1000 -1000 -1000 -10 0.61
20 13 Car -1 -1 -1 395.81 195.69 432.84 216.60 -1 -1 -1 -1000 -1000 -1000 -10 0.50
21 10 Car -1 -1 -1 80.12 211.36 157.44 239.13 -1 -1 -1 -1000 -1000 -1000 -10 0.76
21 12 Car -1 -1 -1 213.80 201.46 262.31 221.75 -1 -1 -1 -1000 -1000 -1000 -10 0.63
21 13 Car -1 -1 -1 401.31 195.64 440.90 215.28 -1 -1 -1 -1000 -1000 -1000 -10 0.62
22 12 Car -1 -1 -1 149.61 204.02 211.67 227.59 -1 -1 -1 -1000 -1000 -1000 -10 0.78
22 10 Car -1 -1 -1 -0.54 213.50 52.59 259.48 -1 -1 -1 -1000 -1000 -1000 -10 0.63
22 13 Car -1 -1 -1 401.59 195.80 441.13 214.43 -1 -1 -1 -1000 -1000 -1000 -10 0.49
23 12 Car -1 -1 -1 60.45 210.66 136.04 235.52 -1 -1 -1 -1000 -1000 -1000 -10 0.76
24 12 Car -1 -1 -1 -0.07 209.84 33.60 245.44 -1 -1 -1 -1000 -1000 -1000 -10 0.56
29 14 Car -1 -1 -1 187.36 213.62 234.95 233.40 -1 -1 -1 -1000 -1000 -1000 -10 0.63
30 14 Car -1 -1 -1 97.61 219.17 169.29 242.33 -1 -1 -1 -1000 -1000 -1000 -10 0.67
31 14 Car -1 -1 -1 0.78 227.54 72.41 260.55 -1 -1 -1 -1000 -1000 -1000 -10 0.67
129 16 Car -1 -1 -1 551.40 176.38 595.50 195.82 -1 -1 -1 -1000 -1000 -1000 -10 0.44
130 16 Car -1 -1 -1 469.05 181.15 520.15 205.15 -1 -1 -1 -1000 -1000 -1000 -10 0.78
131 16 Car -1 -1 -1 341.74 184.13 415.99 209.67 -1 -1 -1 -1000 -1000 -1000 -10 0.46
138 17 Car -1 -1 -1 431.61 186.13 481.16 206.65 -1 -1 -1 -1000 -1000 -1000 -10 0.42
150 18 Car -1 -1 -1 419.47 190.19 453.89 206.68 -1 -1 -1 -1000 -1000 -1000 -10 0.48
151 18 Car -1 -1 -1 359.59 192.92 406.37 214.68 -1 -1 -1 -1000 -1000 -1000 -10 0.54
152 18 Car -1 -1 -1 264.60 198.57 337.82 228.71 -1 -1 -1 -1000 -1000 -1000 -10 0.76
153 18 Car -1 -1 -1 50.89 206.75 186.45 256.17 -1 -1 -1 -1000 -1000 -1000 -10 0.67
159 19 Car -1 -1 -1 54.67 202.38 175.02 240.30 -1 -1 -1 -1000 -1000 -1000 -10 0.69
187 20 Car -1 -1 -1 460.49 182.71 489.22 201.61 -1 -1 -1 -1000 -1000 -1000 -10 0.44
188 20 Car -1 -1 -1 435.30 183.00 467.24 201.96 -1 -1 -1 -1000 -1000 -1000 -10 0.69
189 20 Car -1 -1 -1 396.89 185.51 437.07 210.60 -1 -1 -1 -1000 -1000 -1000 -10 0.81
190 20 Car -1 -1 -1 335.51 186.83 392.11 218.07 -1 -1 -1 -1000 -1000 -1000 -10 0.71
191 20 Car -1 -1 -1 226.46 189.94 319.27 237.41 -1 -1 -1 -1000 -1000 -1000 -10 0.86
192 20 Car -1 -1 -1 0.08 197.37 165.70 275.59 -1 -1 -1 -1000 -1000 -1000 -10 0.91
195 21 Car -1 -1 -1 457.30 183.50 486.10 200.36 -1 -1 -1 -1000 -1000 -1000 -10 0.59
196 21 Car -1 -1 -1 428.24 182.94 462.04 202.83 -1 -1 -1 -1000 -1000 -1000 -10 0.75
197 21 Car -1 -1 -1 384.77 181.49 428.61 206.00 -1 -1 -1 -1000 -1000 -1000 -10 0.69
198 21 Car -1 -1 -1 317.78 187.26 376.69 216.39 -1 -1 -1 -1000 -1000 -1000 -10 0.69
199 21 Car -1 -1 -1 186.89 193.60 283.03 231.84 -1 -1 -1 -1000 -1000 -1000 -10 0.67
200 22 Car -1 -1 -1 632.95 173.52 651.95 184.21 -1 -1 -1 -1000 -1000 -1000 -10 0.40
205 23 Car -1 -1 -1 638.16 173.56 656.36 188.87 -1 -1 -1 -1000 -1000 -1000 -10 0.63
206 23 Car -1 -1 -1 637.39 173.12 657.20 190.29 -1 -1 -1 -1000 -1000 -1000 -10 0.68
207 23 Car -1 -1 -1 635.96 172.05 656.68 191.42 -1 -1 -1 -1000 -1000 -1000 -10 0.75
208 23 Car -1 -1 -1 633.07 172.30 658.26 193.33 -1 -1 -1 -1000 -1000 -1000 -10 0.73
209 23 Car -1 -1 -1 633.30 172.75 661.57 197.68 -1 -1 -1 -1000 -1000 -1000 -10 0.75
210 23 Car -1 -1 -1 635.64 171.74 666.40 197.93 -1 -1 -1 -1000 -1000 -1000 -10 0.80
211 23 Car -1 -1 -1 638.75 170.84 674.18 199.71 -1 -1 -1 -1000 -1000 -1000 -10 0.73
212 23 Car -1 -1 -1 644.16 170.61 681.17 202.00 -1 -1 -1 -1000 -1000 -1000 -10 0.86
213 23 Car -1 -1 -1 648.77 170.02 693.17 206.31 -1 -1 -1 -1000 -1000 -1000 -10 0.70
214 23 Car -1 -1 -1 656.28 169.75 708.16 211.67 -1 -1 -1 -1000 -1000 -1000 -10 0.85
215 23 Car -1 -1 -1 663.65 168.40 728.57 217.27 -1 -1 -1 -1000 -1000 -1000 -10 0.92
216 23 Car -1 -1 -1 675.96 166.93 758.32 228.79 -1 -1 -1 -1000 -1000 -1000 -10 0.94
216 24 Pedestrian -1 -1 -1 756.36 168.41 777.42 223.46 -1 -1 -1 -1000 -1000 -1000 -10 0.55
217 23 Car -1 -1 -1 691.11 165.32 803.83 246.83 -1 -1 -1 -1000 -1000 -1000 -10 0.95
217 24 Pedestrian -1 -1 -1 796.80 167.15 829.42 242.29 -1 -1 -1 -1000 -1000 -1000 -10 0.60
217 25 Car -1 -1 -1 2.46 221.40 156.46 367.33 -1 -1 -1 -1000 -1000 -1000 -10 0.52
218 25 Car -1 -1 -1 4.08 209.30 270.77 370.96 -1 -1 -1 -1000 -1000 -1000 -10 0.96
218 23 Car -1 -1 -1 717.95 167.02 884.34 280.77 -1 -1 -1 -1000 -1000 -1000 -10 0.95
218 24 Pedestrian -1 -1 -1 865.73 166.95 907.25 265.58 -1 -1 -1 -1000 -1000 -1000 -10 0.63
219 25 Car -1 -1 -1 1.12 195.54 344.28 370.07 -1 -1 -1 -1000 -1000 -1000 -10 0.96
219 23 Car -1 -1 -1 774.72 177.21 1083.94 357.37 -1 -1 -1 -1000 -1000 -1000 -10 0.80
219 26 Car -1 -1 -1 887.74 164.08 1095.42 293.21 -1 -1 -1 -1000 -1000 -1000 -10 0.46
220 25 Car -1 -1 -1 15.26 195.64 392.11 369.44 -1 -1 -1 -1000 -1000 -1000 -10 0.96
220 23 Car -1 -1 -1 888.24 188.16 1235.38 369.85 -1 -1 -1 -1000 -1000 -1000 -10 0.89
221 25 Car -1 -1 -1 152.89 189.48 424.33 353.26 -1 -1 -1 -1000 -1000 -1000 -10 0.95
222 25 Car -1 -1 -1 236.90 189.83 449.59 321.06 -1 -1 -1 -1000 -1000 -1000 -10 0.96
223 25 Car -1 -1 -1 296.51 186.74 469.02 299.70 -1 -1 -1 -1000 -1000 -1000 -10 0.96
224 25 Car -1 -1 -1 342.46 183.82 482.65 281.12 -1 -1 -1 -1000 -1000 -1000 -10 0.96
224 27 Car -1 -1 -1 467.15 175.39 491.58 189.25 -1 -1 -1 -1000 -1000 -1000 -10 0.56
225 25 Car -1 -1 -1 375.77 182.11 497.42 267.56 -1 -1 -1 -1000 -1000 -1000 -10 0.97
225 27 Car -1 -1 -1 444.24 174.78 468.53 191.00 -1 -1 -1 -1000 -1000 -1000 -10 0.58
226 25 Car -1 -1 -1 402.46 182.32 510.08 258.77 -1 -1 -1 -1000 -1000 -1000 -10 0.97
226 27 Car -1 -1 -1 407.85 176.20 448.40 195.37 -1 -1 -1 -1000 -1000 -1000 -10 0.67
227 25 Car -1 -1 -1 426.56 180.38 522.38 250.09 -1 -1 -1 -1000 -1000 -1000 -10 0.93
227 27 Car -1 -1 -1 356.23 176.27 401.56 201.84 -1 -1 -1 -1000 -1000 -1000 -10 0.84
228 25 Car -1 -1 -1 448.91 180.34 533.20 242.11 -1 -1 -1 -1000 -1000 -1000 -10 0.92
228 27 Car -1 -1 -1 253.77 175.20 331.75 213.09 -1 -1 -1 -1000 -1000 -1000 -10 0.88
229 25 Car -1 -1 -1 469.04 179.79 545.47 235.76 -1 -1 -1 -1000 -1000 -1000 -10 0.94
229 27 Car -1 -1 -1 21.58 177.34 177.09 239.22 -1 -1 -1 -1000 -1000 -1000 -10 0.89
229 28 Car -1 -1 -1 377.25 170.46 417.21 194.86 -1 -1 -1 -1000 -1000 -1000 -10 0.44
230 25 Car -1 -1 -1 487.77 179.37 555.10 230.62 -1 -1 -1 -1000 -1000 -1000 -10 0.95
230 28 Car -1 -1 -1 323.94 170.29 377.98 201.47 -1 -1 -1 -1000 -1000 -1000 -10 0.83
231 25 Car -1 -1 -1 504.52 178.36 564.02 226.41 -1 -1 -1 -1000 -1000 -1000 -10 0.90
231 28 Car -1 -1 -1 222.73 171.09 307.50 215.17 -1 -1 -1 -1000 -1000 -1000 -10 0.84
232 25 Car -1 -1 -1 516.99 176.85 572.03 222.84 -1 -1 -1 -1000 -1000 -1000 -10 0.90
232 28 Car -1 -1 -1 7.51 170.35 167.79 238.62 -1 -1 -1 -1000 -1000 -1000 -10 0.89
232 29 Car -1 -1 -1 443.38 172.42 469.46 189.42 -1 -1 -1 -1000 -1000 -1000 -10 0.42
233 25 Car -1 -1 -1 528.16 178.21 578.36 221.36 -1 -1 -1 -1000 -1000 -1000 -10 0.89
233 29 Car -1 -1 -1 416.60 172.49 447.97 193.54 -1 -1 -1 -1000 -1000 -1000 -10 0.57
234 25 Car -1 -1 -1 537.83 177.50 583.19 217.58 -1 -1 -1 -1000 -1000 -1000 -10 0.91
234 29 Car -1 -1 -1 375.97 171.67 418.03 196.59 -1 -1 -1 -1000 -1000 -1000 -10 0.60
235 29 Car -1 -1 -1 306.09 168.96 363.60 201.83 -1 -1 -1 -1000 -1000 -1000 -10 0.77
235 25 Car -1 -1 -1 545.14 176.30 587.14 212.86 -1 -1 -1 -1000 -1000 -1000 -10 0.76
236 29 Car -1 -1 -1 168.81 166.93 269.49 219.13 -1 -1 -1 -1000 -1000 -1000 -10 0.85
236 25 Car -1 -1 -1 552.42 175.88 589.65 210.39 -1 -1 -1 -1000 -1000 -1000 -10 0.80
237 25 Car -1 -1 -1 557.58 177.58 592.27 209.37 -1 -1 -1 -1000 -1000 -1000 -10 0.79
238 25 Car -1 -1 -1 563.09 177.65 594.40 207.66 -1 -1 -1 -1000 -1000 -1000 -10 0.70
239 25 Car -1 -1 -1 566.13 178.01 595.28 205.63 -1 -1 -1 -1000 -1000 -1000 -10 0.72
240 25 Car -1 -1 -1 567.88 176.36 595.73 202.67 -1 -1 -1 -1000 -1000 -1000 -10 0.66
241 25 Car -1 -1 -1 569.05 176.21 596.95 201.54 -1 -1 -1 -1000 -1000 -1000 -10 0.78
242 25 Car -1 -1 -1 570.41 176.02 596.20 200.36 -1 -1 -1 -1000 -1000 -1000 -10 0.75
243 25 Car -1 -1 -1 572.21 175.20 596.35 198.36 -1 -1 -1 -1000 -1000 -1000 -10 0.73
244 25 Car -1 -1 -1 573.78 175.40 596.58 197.23 -1 -1 -1 -1000 -1000 -1000 -10 0.77
245 25 Car -1 -1 -1 575.53 176.56 597.55 195.90 -1 -1 -1 -1000 -1000 -1000 -10 0.62
246 25 Car -1 -1 -1 577.53 177.16 598.61 195.94 -1 -1 -1 -1000 -1000 -1000 -10 0.75
247 25 Car -1 -1 -1 579.72 175.61 599.06 193.71 -1 -1 -1 -1000 -1000 -1000 -10 0.68
248 25 Car -1 -1 -1 581.46 176.18 600.78 194.27 -1 -1 -1 -1000 -1000 -1000 -10 0.75
249 25 Car -1 -1 -1 582.67 176.08 600.90 193.72 -1 -1 -1 -1000 -1000 -1000 -10 0.77
250 25 Car -1 -1 -1 583.48 176.75 600.97 193.96 -1 -1 -1 -1000 -1000 -1000 -10 0.80
251 25 Car -1 -1 -1 584.36 176.47 600.77 192.82 -1 -1 -1 -1000 -1000 -1000 -10 0.77
252 25 Car -1 -1 -1 584.70 176.36 600.47 192.57 -1 -1 -1 -1000 -1000 -1000 -10 0.75
253 25 Car -1 -1 -1 584.69 175.48 600.88 190.54 -1 -1 -1 -1000 -1000 -1000 -10 0.65
254 25 Car -1 -1 -1 584.62 178.07 599.48 192.87 -1 -1 -1 -1000 -1000 -1000 -10 0.76
255 25 Car -1 -1 -1 584.55 176.91 599.53 191.95 -1 -1 -1 -1000 -1000 -1000 -10 0.73
256 25 Car -1 -1 -1 584.38 176.32 598.36 189.15 -1 -1 -1 -1000 -1000 -1000 -10 0.64
257 25 Car -1 -1 -1 581.97 176.82 597.01 189.10 -1 -1 -1 -1000 -1000 -1000 -10 0.54
258 25 Car -1 -1 -1 580.25 175.98 595.57 188.71 -1 -1 -1 -1000 -1000 -1000 -10 0.71
259 30 Car -1 -1 -1 398.02 174.60 428.67 188.73 -1 -1 -1 -1000 -1000 -1000 -10 0.60
259 25 Car -1 -1 -1 578.83 176.68 594.17 188.41 -1 -1 -1 -1000 -1000 -1000 -10 0.53
260 30 Car -1 -1 -1 341.09 175.13 385.56 195.58 -1 -1 -1 -1000 -1000 -1000 -10 0.75
260 25 Car -1 -1 -1 577.57 176.32 592.91 188.39 -1 -1 -1 -1000 -1000 -1000 -10 0.68
261 30 Car -1 -1 -1 225.12 175.93 304.88 211.32 -1 -1 -1 -1000 -1000 -1000 -10 0.82
261 25 Car -1 -1 -1 576.58 175.88 590.59 187.50 -1 -1 -1 -1000 -1000 -1000 -10 0.70
262 30 Car -1 -1 -1 -4.69 177.03 100.56 240.20 -1 -1 -1 -1000 -1000 -1000 -10 0.83
262 25 Car -1 -1 -1 575.92 174.71 589.15 186.44 -1 -1 -1 -1000 -1000 -1000 -10 0.48
263 25 Car -1 -1 -1 574.36 175.07 586.68 186.19 -1 -1 -1 -1000 -1000 -1000 -10 0.68
264 25 Car -1 -1 -1 572.24 176.04 585.08 186.87 -1 -1 -1 -1000 -1000 -1000 -10 0.53
265 25 Car -1 -1 -1 571.65 175.76 583.05 186.24 -1 -1 -1 -1000 -1000 -1000 -10 0.62
266 25 Car -1 -1 -1 570.55 176.16 583.80 187.43 -1 -1 -1 -1000 -1000 -1000 -10 0.71
267 25 Car -1 -1 -1 572.78 175.32 584.92 186.33 -1 -1 -1 -1000 -1000 -1000 -10 0.57
268 25 Car -1 -1 -1 573.19 173.23 585.15 184.88 -1 -1 -1 -1000 -1000 -1000 -10 0.59
270 31 Car -1 -1 -1 571.35 175.07 582.93 185.84 -1 -1 -1 -1000 -1000 -1000 -10 0.48
271 31 Car -1 -1 -1 570.82 174.79 583.05 185.47 -1 -1 -1 -1000 -1000 -1000 -10 0.53
271 32 Car -1 -1 -1 445.57 176.16 465.62 190.04 -1 -1 -1 -1000 -1000 -1000 -10 0.46
272 31 Car -1 -1 -1 570.29 173.83 582.12 183.92 -1 -1 -1 -1000 -1000 -1000 -10 0.60
272 32 Car -1 -1 -1 425.48 175.47 453.51 192.57 -1 -1 -1 -1000 -1000 -1000 -10 0.53
273 32 Car -1 -1 -1 397.13 176.93 429.91 194.95 -1 -1 -1 -1000 -1000 -1000 -10 0.75
273 31 Car -1 -1 -1 567.63 173.96 582.50 184.26 -1 -1 -1 -1000 -1000 -1000 -10 0.41
274 32 Car -1 -1 -1 352.99 177.43 398.08 202.58 -1 -1 -1 -1000 -1000 -1000 -10 0.78
274 31 Car -1 -1 -1 567.18 174.49 579.00 185.99 -1 -1 -1 -1000 -1000 -1000 -10 0.43
275 32 Car -1 -1 -1 279.71 178.81 343.71 208.70 -1 -1 -1 -1000 -1000 -1000 -10 0.86
275 31 Car -1 -1 -1 563.86 173.83 575.82 184.31 -1 -1 -1 -1000 -1000 -1000 -10 0.43
276 32 Car -1 -1 -1 131.31 178.30 251.30 225.47 -1 -1 -1 -1000 -1000 -1000 -10 0.88
276 31 Car -1 -1 -1 561.46 173.78 574.03 183.30 -1 -1 -1 -1000 -1000 -1000 -10 0.57
277 32 Car -1 -1 -1 -0.33 190.28 20.42 250.75 -1 -1 -1 -1000 -1000 -1000 -10 0.47
284 33 Car -1 -1 -1 3.68 203.54 193.01 369.90 -1 -1 -1 -1000 -1000 -1000 -10 0.91
285 33 Car -1 -1 -1 1.27 200.95 241.97 372.25 -1 -1 -1 -1000 -1000 -1000 -10 0.95
286 33 Car -1 -1 -1 2.33 202.28 281.43 369.73 -1 -1 -1 -1000 -1000 -1000 -10 0.97
287 33 Car -1 -1 -1 5.21 198.04 309.98 367.22 -1 -1 -1 -1000 -1000 -1000 -10 0.97
288 33 Car -1 -1 -1 -0.13 195.52 338.83 370.06 -1 -1 -1 -1000 -1000 -1000 -10 0.97
289 33 Car -1 -1 -1 31.57 195.28 359.82 362.78 -1 -1 -1 -1000 -1000 -1000 -10 0.92
289 34 Car -1 -1 -1 460.86 168.89 491.20 191.91 -1 -1 -1 -1000 -1000 -1000 -10 0.71
290 33 Car -1 -1 -1 99.90 194.11 377.01 340.09 -1 -1 -1 -1000 -1000 -1000 -10 0.90
290 34 Car -1 -1 -1 439.27 166.52 471.36 191.53 -1 -1 -1 -1000 -1000 -1000 -10 0.69
291 33 Car -1 -1 -1 141.72 191.82 390.07 320.24 -1 -1 -1 -1000 -1000 -1000 -10 0.90
291 34 Car -1 -1 -1 401.09 161.75 448.37 194.71 -1 -1 -1 -1000 -1000 -1000 -10 0.83
292 33 Car -1 -1 -1 178.43 187.70 407.36 308.43 -1 -1 -1 -1000 -1000 -1000 -10 0.92
292 34 Car -1 -1 -1 336.57 154.56 405.75 203.35 -1 -1 -1 -1000 -1000 -1000 -10 0.82
292 35 Car -1 -1 -1 269.66 155.99 332.86 207.57 -1 -1 -1 -1000 -1000 -1000 -10 0.66
293 33 Car -1 -1 -1 229.87 187.76 419.06 293.87 -1 -1 -1 -1000 -1000 -1000 -10 0.93
294 33 Car -1 -1 -1 261.49 191.65 432.81 288.51 -1 -1 -1 -1000 -1000 -1000 -10 0.95
295 33 Car -1 -1 -1 282.25 187.17 444.80 279.05 -1 -1 -1 -1000 -1000 -1000 -10 0.93
296 33 Car -1 -1 -1 303.55 184.93 454.69 270.69 -1 -1 -1 -1000 -1000 -1000 -10 0.92
297 33 Car -1 -1 -1 326.45 184.89 463.04 265.93 -1 -1 -1 -1000 -1000 -1000 -10 0.91
298 33 Car -1 -1 -1 349.51 185.90 468.90 261.29 -1 -1 -1 -1000 -1000 -1000 -10 0.94
299 33 Car -1 -1 -1 367.09 184.11 474.36 254.84 -1 -1 -1 -1000 -1000 -1000 -10 0.91
300 33 Car -1 -1 -1 376.95 181.79 482.48 250.17 -1 -1 -1 -1000 -1000 -1000 -10 0.92
301 33 Car -1 -1 -1 391.04 181.47 488.59 245.93 -1 -1 -1 -1000 -1000 -1000 -10 0.90
302 33 Car -1 -1 -1 404.19 180.36 492.41 239.27 -1 -1 -1 -1000 -1000 -1000 -10 0.91
303 33 Car -1 -1 -1 413.35 180.02 497.95 238.37 -1 -1 -1 -1000 -1000 -1000 -10 0.92
304 33 Car -1 -1 -1 423.01 181.36 503.59 237.41 -1 -1 -1 -1000 -1000 -1000 -10 0.91
305 33 Car -1 -1 -1 426.97 179.19 507.98 236.51 -1 -1 -1 -1000 -1000 -1000 -10 0.84
306 33 Car -1 -1 -1 431.40 176.95 513.26 233.10 -1 -1 -1 -1000 -1000 -1000 -10 0.85
307 33 Car -1 -1 -1 440.32 177.06 517.88 231.23 -1 -1 -1 -1000 -1000 -1000 -10 0.75
308 33 Car -1 -1 -1 438.31 173.04 520.39 229.45 -1 -1 -1 -1000 -1000 -1000 -10 0.85
309 33 Car -1 -1 -1 437.83 173.00 520.77 228.88 -1 -1 -1 -1000 -1000 -1000 -10 0.74
310 33 Car -1 -1 -1 445.10 173.61 521.96 227.62 -1 -1 -1 -1000 -1000 -1000 -10 0.69
311 33 Car -1 -1 -1 446.44 168.80 519.69 224.83 -1 -1 -1 -1000 -1000 -1000 -10 0.54
312 33 Car -1 -1 -1 456.33 171.59 525.43 222.45 -1 -1 -1 -1000 -1000 -1000 -10 0.45
313 33 Car -1 -1 -1 457.93 163.80 523.13 222.89 -1 -1 -1 -1000 -1000 -1000 -10 0.66
314 36 Car -1 -1 -1 422.55 161.84 452.56 188.82 -1 -1 -1 -1000 -1000 -1000 -10 0.66
314 33 Car -1 -1 -1 457.84 164.34 524.41 221.62 -1 -1 -1 -1000 -1000 -1000 -10 0.53
315 36 Car -1 -1 -1 396.89 160.15 436.67 192.89 -1 -1 -1 -1000 -1000 -1000 -10 0.78
316 36 Car -1 -1 -1 363.78 157.80 413.88 198.35 -1 -1 -1 -1000 -1000 -1000 -10 0.81
317 36 Car -1 -1 -1 312.84 149.84 379.55 199.77 -1 -1 -1 -1000 -1000 -1000 -10 0.84
318 36 Car -1 -1 -1 232.15 144.87 322.92 209.44 -1 -1 -1 -1000 -1000 -1000 -10 0.91
319 36 Car -1 -1 -1 79.95 139.92 227.09 223.41 -1 -1 -1 -1000 -1000 -1000 -10 0.91
323 38 Car -1 -1 -1 437.83 173.36 459.28 187.35 -1 -1 -1 -1000 -1000 -1000 -10 0.43
324 38 Car -1 -1 -1 420.84 174.50 445.33 188.33 -1 -1 -1 -1000 -1000 -1000 -10 0.71
325 38 Car -1 -1 -1 396.45 174.89 425.11 194.34 -1 -1 -1 -1000 -1000 -1000 -10 0.54
325 39 Car -1 -1 -1 468.58 173.00 496.27 188.39 -1 -1 -1 -1000 -1000 -1000 -10 0.43
325 40 Car -1 -1 -1 520.21 162.14 564.18 208.45 -1 -1 -1 -1000 -1000 -1000 -10 0.41
326 38 Car -1 -1 -1 362.22 173.85 399.53 197.68 -1 -1 -1 -1000 -1000 -1000 -10 0.68
326 39 Car -1 -1 -1 459.85 172.84 491.03 188.28 -1 -1 -1 -1000 -1000 -1000 -10 0.57
326 40 Car -1 -1 -1 525.97 163.78 564.17 205.77 -1 -1 -1 -1000 -1000 -1000 -10 0.57
327 38 Car -1 -1 -1 310.74 172.31 359.18 200.71 -1 -1 -1 -1000 -1000 -1000 -10 0.75
327 39 Car -1 -1 -1 451.42 170.96 475.86 186.70 -1 -1 -1 -1000 -1000 -1000 -10 0.60
328 38 Car -1 -1 -1 228.86 173.00 300.83 211.16 -1 -1 -1 -1000 -1000 -1000 -10 0.77
328 41 Car -1 -1 -1 460.83 173.05 489.38 189.21 -1 -1 -1 -1000 -1000 -1000 -10 0.70
328 42 Car -1 -1 -1 529.55 163.01 567.95 205.63 -1 -1 -1 -1000 -1000 -1000 -10 0.57
328 39 Car -1 -1 -1 438.21 173.03 460.83 188.27 -1 -1 -1 -1000 -1000 -1000 -10 0.54
329 38 Car -1 -1 -1 69.60 171.66 191.56 223.44 -1 -1 -1 -1000 -1000 -1000 -10 0.85
329 39 Car -1 -1 -1 422.26 174.03 457.27 191.08 -1 -1 -1 -1000 -1000 -1000 -10 0.57
329 41 Car -1 -1 -1 438.21 173.44 471.95 191.11 -1 -1 -1 -1000 -1000 -1000 -10 0.47
330 39 Car -1 -1 -1 398.55 173.51 444.07 194.55 -1 -1 -1 -1000 -1000 -1000 -10 0.64
331 39 Car -1 -1 -1 355.09 172.90 407.75 200.48 -1 -1 -1 -1000 -1000 -1000 -10 0.77
331 43 Car -1 -1 -1 428.20 175.10 450.39 188.01 -1 -1 -1 -1000 -1000 -1000 -10 0.65
332 39 Car -1 -1 -1 245.14 172.93 334.63 214.98 -1 -1 -1 -1000 -1000 -1000 -10 0.86
332 43 Car -1 -1 -1 406.23 175.58 435.33 190.30 -1 -1 -1 -1000 -1000 -1000 -10 0.62
332 44 Car -1 -1 -1 315.17 173.76 370.17 205.90 -1 -1 -1 -1000 -1000 -1000 -10 0.78
333 39 Car -1 -1 -1 -3.20 172.08 176.66 246.41 -1 -1 -1 -1000 -1000 -1000 -10 0.92
333 44 Car -1 -1 -1 228.26 172.01 317.53 216.34 -1 -1 -1 -1000 -1000 -1000 -10 0.87
333 43 Car -1 -1 -1 379.18 174.38 415.08 195.88 -1 -1 -1 -1000 -1000 -1000 -10 0.75
334 44 Car -1 -1 -1 70.94 175.07 212.45 225.39 -1 -1 -1 -1000 -1000 -1000 -10 0.92
334 43 Car -1 -1 -1 338.20 175.02 385.99 198.25 -1 -1 -1 -1000 -1000 -1000 -10 0.75
335 43 Car -1 -1 -1 271.85 174.84 338.43 202.87 -1 -1 -1 -1000 -1000 -1000 -10 0.82
335 44 Car -1 -1 -1 1.95 172.67 78.35 229.74 -1 -1 -1 -1000 -1000 -1000 -10 0.50
336 43 Car -1 -1 -1 148.35 173.77 257.58 214.07 -1 -1 -1 -1000 -1000 -1000 -10 0.87
337 43 Car -1 -1 -1 1.37 175.53 80.17 225.51 -1 -1 -1 -1000 -1000 -1000 -10 0.82
344 45 Car -1 -1 -1 433.48 170.44 455.62 184.59 -1 -1 -1 -1000 -1000 -1000 -10 0.72
345 45 Car -1 -1 -1 414.03 171.73 440.87 188.50 -1 -1 -1 -1000 -1000 -1000 -10 0.45
346 45 Car -1 -1 -1 388.06 172.38 420.70 193.57 -1 -1 -1 -1000 -1000 -1000 -10 0.57
347 45 Car -1 -1 -1 350.58 172.02 391.83 196.93 -1 -1 -1 -1000 -1000 -1000 -10 0.76
348 45 Car -1 -1 -1 289.45 171.98 349.70 201.96 -1 -1 -1 -1000 -1000 -1000 -10 0.76
349 45 Car -1 -1 -1 182.13 175.26 278.10 217.54 -1 -1 -1 -1000 -1000 -1000 -10 0.86
350 45 Car -1 -1 -1 -1.45 179.02 130.07 237.48 -1 -1 -1 -1000 -1000 -1000 -10 0.90
361 46 Car -1 -1 -1 447.69 175.29 472.77 187.82 -1 -1 -1 -1000 -1000 -1000 -10 0.67
362 46 Car -1 -1 -1 430.07 174.14 456.63 189.23 -1 -1 -1 -1000 -1000 -1000 -10 0.70
363 46 Car -1 -1 -1 403.38 173.43 436.53 190.20 -1 -1 -1 -1000 -1000 -1000 -10 0.66
364 46 Car -1 -1 -1 363.34 173.58 407.22 194.98 -1 -1 -1 -1000 -1000 -1000 -10 0.68
365 46 Car -1 -1 -1 299.11 174.18 356.99 202.04 -1 -1 -1 -1000 -1000 -1000 -10 0.72
366 46 Car -1 -1 -1 181.79 174.61 279.16 214.21 -1 -1 -1 -1000 -1000 -1000 -10 0.83
367 46 Car -1 -1 -1 0.19 176.85 103.36 232.75 -1 -1 -1 -1000 -1000 -1000 -10 0.89
391 47 Car -1 -1 -1 463.86 173.61 480.36 184.15 -1 -1 -1 -1000 -1000 -1000 -10 0.42
392 48 Car -1 -1 -1 371.85 149.95 422.00 196.93 -1 -1 -1 -1000 -1000 -1000 -10 0.60
392 47 Car -1 -1 -1 453.72 174.39 475.49 186.34 -1 -1 -1 -1000 -1000 -1000 -10 0.49
393 47 Car -1 -1 -1 438.61 174.06 463.79 189.32 -1 -1 -1 -1000 -1000 -1000 -10 0.75
393 48 Car -1 -1 -1 327.76 145.99 390.25 200.40 -1 -1 -1 -1000 -1000 -1000 -10 0.58
394 47 Car -1 -1 -1 420.26 174.03 446.38 190.66 -1 -1 -1 -1000 -1000 -1000 -10 0.73
394 48 Car -1 -1 -1 254.72 164.75 332.29 206.43 -1 -1 -1 -1000 -1000 -1000 -10 0.58
395 47 Car -1 -1 -1 391.30 172.91 425.77 197.13 -1 -1 -1 -1000 -1000 -1000 -10 0.74
395 48 Car -1 -1 -1 115.22 161.04 245.30 217.64 -1 -1 -1 -1000 -1000 -1000 -10 0.71
395 50 Car -1 -1 -1 106.25 125.01 262.73 222.53 -1 -1 -1 -1000 -1000 -1000 -10 0.47
396 47 Car -1 -1 -1 349.69 171.91 393.13 197.19 -1 -1 -1 -1000 -1000 -1000 -10 0.75
397 47 Car -1 -1 -1 279.87 171.10 343.13 205.74 -1 -1 -1 -1000 -1000 -1000 -10 0.74
398 47 Car -1 -1 -1 147.64 168.92 253.45 217.85 -1 -1 -1 -1000 -1000 -1000 -10 0.88
399 47 Car -1 -1 -1 1.75 172.81 55.51 236.07 -1 -1 -1 -1000 -1000 -1000 -10 0.68
401 51 Car -1 -1 -1 468.48 170.36 484.18 183.01 -1 -1 -1 -1000 -1000 -1000 -10 0.44
402 51 Car -1 -1 -1 460.26 170.16 481.06 183.97 -1 -1 -1 -1000 -1000 -1000 -10 0.66
403 51 Car -1 -1 -1 445.97 171.07 473.54 185.45 -1 -1 -1 -1000 -1000 -1000 -10 0.65
404 51 Car -1 -1 -1 428.05 175.88 453.48 190.38 -1 -1 -1 -1000 -1000 -1000 -10 0.60