0 1 Car -1 -1 -1 642.50 183.35 699.14 232.57 -1 -1 -1 -1000 -1000 -1000 -10 0.86
0 2 Car -1 -1 -1 855.84 183.05 891.82 201.43 -1 -1 -1 -1000 -1000 -1000 -10 0.54
1 1 Car -1 -1 -1 648.93 183.73 710.70 233.08 -1 -1 -1 -1000 -1000 -1000 -10 0.86
1 2 Car -1 -1 -1 884.47 181.52 919.19 199.63 -1 -1 -1 -1000 -1000 -1000 -10 0.61
2 1 Car -1 -1 -1 654.51 182.45 718.30 233.29 -1 -1 -1 -1000 -1000 -1000 -10 0.88
2 2 Car -1 -1 -1 907.46 179.09 944.57 196.96 -1 -1 -1 -1000 -1000 -1000 -10 0.60
3 1 Car -1 -1 -1 660.12 178.98 725.60 232.07 -1 -1 -1 -1000 -1000 -1000 -10 0.94
3 2 Car -1 -1 -1 922.65 175.61 967.85 193.32 -1 -1 -1 -1000 -1000 -1000 -10 0.71
4 1 Car -1 -1 -1 664.91 178.64 733.61 233.70 -1 -1 -1 -1000 -1000 -1000 -10 0.88
4 2 Car -1 -1 -1 947.89 167.77 1011.09 188.63 -1 -1 -1 -1000 -1000 -1000 -10 0.67
5 1 Car -1 -1 -1 668.32 178.11 739.42 234.56 -1 -1 -1 -1000 -1000 -1000 -10 0.91
5 2 Car -1 -1 -1 962.03 171.89 1000.72 192.00 -1 -1 -1 -1000 -1000 -1000 -10 0.68
6 1 Car -1 -1 -1 671.65 177.18 746.12 234.91 -1 -1 -1 -1000 -1000 -1000 -10 0.94
6 2 Car -1 -1 -1 976.35 170.23 1014.77 187.76 -1 -1 -1 -1000 -1000 -1000 -10 0.62
7 1 Car -1 -1 -1 676.82 176.05 754.12 234.89 -1 -1 -1 -1000 -1000 -1000 -10 0.95
7 2 Car -1 -1 -1 986.14 168.76 1023.01 186.64 -1 -1 -1 -1000 -1000 -1000 -10 0.61
8 1 Car -1 -1 -1 683.11 175.07 763.11 235.52 -1 -1 -1 -1000 -1000 -1000 -10 0.95
8 2 Car -1 -1 -1 996.85 165.69 1031.46 184.03 -1 -1 -1 -1000 -1000 -1000 -10 0.70
9 1 Car -1 -1 -1 688.90 175.18 772.15 236.55 -1 -1 -1 -1000 -1000 -1000 -10 0.94
9 2 Car -1 -1 -1 1006.92 165.04 1038.76 181.54 -1 -1 -1 -1000 -1000 -1000 -10 0.66
9 3 Car -1 -1 -1 871.36 170.70 904.79 183.88 -1 -1 -1 -1000 -1000 -1000 -10 0.58
9 4 Car -1 -1 -1 0.41 174.86 49.18 242.13 -1 -1 -1 -1000 -1000 -1000 -10 0.58
10 4 Car -1 -1 -1 2.87 179.84 162.66 238.44 -1 -1 -1 -1000 -1000 -1000 -10 0.94
10 1 Car -1 -1 -1 694.49 175.33 778.18 237.37 -1 -1 -1 -1000 -1000 -1000 -10 0.92
10 3 Car -1 -1 -1 849.43 171.89 883.87 184.59 -1 -1 -1 -1000 -1000 -1000 -10 0.52
10 2 Car -1 -1 -1 998.76 162.89 1038.37 177.69 -1 -1 -1 -1000 -1000 -1000 -10 0.44
10 5 Car -1 -1 -1 952.08 164.84 978.44 176.70 -1 -1 -1 -1000 -1000 -1000 -10 0.49
11 4 Car -1 -1 -1 107.31 179.15 268.14 233.00 -1 -1 -1 -1000 -1000 -1000 -10 0.92
11 1 Car -1 -1 -1 699.33 175.62 784.84 239.53 -1 -1 -1 -1000 -1000 -1000 -10 0.91
11 6 Car -1 -1 -1 1011.40 161.10 1036.25 180.36 -1 -1 -1 -1000 -1000 -1000 -10 0.60
11 5 Car -1 -1 -1 927.83 164.10 956.20 178.10 -1 -1 -1 -1000 -1000 -1000 -10 0.49
11 2 Car -1 -1 -1 982.75 161.61 1006.00 176.00 -1 -1 -1 -1000 -1000 -1000 -10 0.47
12 1 Car -1 -1 -1 702.03 176.24 790.05 240.20 -1 -1 -1 -1000 -1000 -1000 -10 0.95
12 4 Car -1 -1 -1 213.00 176.25 358.00 228.12 -1 -1 -1 -1000 -1000 -1000 -10 0.86
12 2 Car -1 -1 -1 954.85 163.45 981.11 176.26 -1 -1 -1 -1000 -1000 -1000 -10 0.63
12 6 Car -1 -1 -1 1007.31 161.85 1031.46 179.60 -1 -1 -1 -1000 -1000 -1000 -10 0.62
12 7 Car -1 -1 -1 788.49 173.62 820.52 187.80 -1 -1 -1 -1000 -1000 -1000 -10 0.48
13 1 Car -1 -1 -1 701.21 177.21 790.98 243.18 -1 -1 -1 -1000 -1000 -1000 -10 0.92
13 4 Car -1 -1 -1 304.06 179.74 436.58 228.33 -1 -1 -1 -1000 -1000 -1000 -10 0.87
13 2 Car -1 -1 -1 924.98 166.61 950.63 179.94 -1 -1 -1 -1000 -1000 -1000 -10 0.68
13 6 Car -1 -1 -1 995.51 166.92 1018.37 182.26 -1 -1 -1 -1000 -1000 -1000 -10 0.68
13 8 Car -1 -1 -1 870.75 170.34 901.79 184.04 -1 -1 -1 -1000 -1000 -1000 -10 0.55
14 1 Car -1 -1 -1 701.26 179.99 791.38 244.98 -1 -1 -1 -1000 -1000 -1000 -10 0.96
14 4 Car -1 -1 -1 383.93 179.57 498.03 224.71 -1 -1 -1 -1000 -1000 -1000 -10 0.84
14 6 Car -1 -1 -1 982.86 165.02 1007.59 182.56 -1 -1 -1 -1000 -1000 -1000 -10 0.67
14 8 Car -1 -1 -1 837.15 170.74 867.26 185.93 -1 -1 -1 -1000 -1000 -1000 -10 0.62
14 2 Car -1 -1 -1 895.86 167.24 924.31 181.35 -1 -1 -1 -1000 -1000 -1000 -10 0.60
14 9 Car -1 -1 -1 697.33 180.09 736.55 196.24 -1 -1 -1 -1000 -1000 -1000 -10 0.50
15 1 Car -1 -1 -1 701.09 180.95 791.53 246.07 -1 -1 -1 -1000 -1000 -1000 -10 0.96
15 4 Car -1 -1 -1 447.62 180.85 558.16 223.21 -1 -1 -1 -1000 -1000 -1000 -10 0.89
15 2 Car -1 -1 -1 864.62 169.53 899.21 184.10 -1 -1 -1 -1000 -1000 -1000 -10 0.60
15 8 Car -1 -1 -1 801.93 173.67 837.72 187.83 -1 -1 -1 -1000 -1000 -1000 -10 0.57
15 9 Car -1 -1 -1 646.56 181.07 694.92 200.61 -1 -1 -1 -1000 -1000 -1000 -10 0.46
15 6 Car -1 -1 -1 966.36 166.13 994.70 181.25 -1 -1 -1 -1000 -1000 -1000 -10 0.44
16 1 Car -1 -1 -1 700.83 182.96 791.61 249.72 -1 -1 -1 -1000 -1000 -1000 -10 0.96
16 4 Car -1 -1 -1 510.01 183.13 602.22 220.81 -1 -1 -1 -1000 -1000 -1000 -10 0.84
16 2 Car -1 -1 -1 834.17 172.47 863.34 188.00 -1 -1 -1 -1000 -1000 -1000 -10 0.60
16 8 Car -1 -1 -1 772.99 176.84 805.02 192.77 -1 -1 -1 -1000 -1000 -1000 -10 0.53
16 6 Car -1 -1 -1 952.22 168.28 978.92 185.38 -1 -1 -1 -1000 -1000 -1000 -10 0.45
16 9 Car -1 -1 -1 594.03 186.33 650.52 204.99 -1 -1 -1 -1000 -1000 -1000 -10 0.45
17 1 Car -1 -1 -1 699.53 187.37 789.80 253.92 -1 -1 -1 -1000 -1000 -1000 -10 0.94
17 4 Car -1 -1 -1 552.26 188.17 638.75 224.03 -1 -1 -1 -1000 -1000 -1000 -10 0.91
17 2 Car -1 -1 -1 800.40 178.04 833.66 193.29 -1 -1 -1 -1000 -1000 -1000 -10 0.72
17 8 Car -1 -1 -1 730.85 180.20 771.08 200.54 -1 -1 -1 -1000 -1000 -1000 -10 0.52
17 10 Car -1 -1 -1 528.47 192.67 592.72 215.95 -1 -1 -1 -1000 -1000 -1000 -10 0.59
18 1 Car -1 -1 -1 697.25 187.17 790.37 254.55 -1 -1 -1 -1000 -1000 -1000 -10 0.97
18 4 Car -1 -1 -1 588.63 187.86 665.34 220.54 -1 -1 -1 -1000 -1000 -1000 -10 0.87
18 10 Car -1 -1 -1 441.04 193.72 524.21 222.36 -1 -1 -1 -1000 -1000 -1000 -10 0.84
18 2 Car -1 -1 -1 769.42 177.47 801.32 194.22 -1 -1 -1 -1000 -1000 -1000 -10 0.67
18 8 Car -1 -1 -1 694.30 183.42 736.26 200.99 -1 -1 -1 -1000 -1000 -1000 -10 0.56
19 1 Car -1 -1 -1 700.31 182.56 791.32 250.99 -1 -1 -1 -1000 -1000 -1000 -10 0.93
19 4 Car -1 -1 -1 619.73 180.93 687.49 213.25 -1 -1 -1 -1000 -1000 -1000 -10 0.90
19 10 Car -1 -1 -1 337.47 192.49 442.80 226.35 -1 -1 -1 -1000 -1000 -1000 -10 0.86
19 2 Car -1 -1 -1 737.92 171.83 770.83 191.32 -1 -1 -1 -1000 -1000 -1000 -10 0.73
19 8 Car -1 -1 -1 657.30 178.44 697.34 198.52 -1 -1 -1 -1000 -1000 -1000 -10 0.49
20 1 Car -1 -1 -1 700.22 180.12 792.82 247.87 -1 -1 -1 -1000 -1000 -1000 -10 0.95
20 10 Car -1 -1 -1 202.90 195.86 337.72 235.74 -1 -1 -1 -1000 -1000 -1000 -10 0.89
20 4 Car -1 -1 -1 643.51 178.06 702.14 206.81 -1 -1 -1 -1000 -1000 -1000 -10 0.85
20 2 Car -1 -1 -1 702.62 171.28 738.88 191.36 -1 -1 -1 -1000 -1000 -1000 -10 0.76
20 11 Car -1 -1 -1 611.14 178.31 656.80 199.61 -1 -1 -1 -1000 -1000 -1000 -10 0.57
21 1 Car -1 -1 -1 703.90 180.19 792.34 245.95 -1 -1 -1 -1000 -1000 -1000 -10 0.95
21 10 Car -1 -1 -1 9.46 201.40 188.93 252.63 -1 -1 -1 -1000 -1000 -1000 -10 0.88
21 4 Car -1 -1 -1 659.63 175.01 712.61 204.14 -1 -1 -1 -1000 -1000 -1000 -10 0.81
21 11 Car -1 -1 -1 563.16 178.20 614.49 203.34 -1 -1 -1 -1000 -1000 -1000 -10 0.70
22 1 Car -1 -1 -1 704.43 179.99 791.84 246.51 -1 -1 -1 -1000 -1000 -1000 -10 0.96
22 12 Car -1 -1 -1 630.85 173.95 670.93 196.64 -1 -1 -1 -1000 -1000 -1000 -10 0.80
22 11 Car -1 -1 -1 504.95 180.60 564.06 208.47 -1 -1 -1 -1000 -1000 -1000 -10 0.73
22 4 Car -1 -1 -1 671.49 176.17 716.32 201.88 -1 -1 -1 -1000 -1000 -1000 -10 0.70
23 1 Car -1 -1 -1 702.47 177.81 786.53 245.08 -1 -1 -1 -1000 -1000 -1000 -10 0.91
23 11 Car -1 -1 -1 432.08 181.41 504.97 213.21 -1 -1 -1 -1000 -1000 -1000 -10 0.85
23 12 Car -1 -1 -1 586.72 173.69 633.34 198.35 -1 -1 -1 -1000 -1000 -1000 -10 0.76
23 4 Car -1 -1 -1 675.75 172.93 717.07 200.69 -1 -1 -1 -1000 -1000 -1000 -10 0.71
24 1 Car -1 -1 -1 698.54 176.60 778.71 243.46 -1 -1 -1 -1000 -1000 -1000 -10 0.94
24 11 Car -1 -1 -1 343.99 181.78 434.81 219.62 -1 -1 -1 -1000 -1000 -1000 -10 0.86
24 12 Car -1 -1 -1 535.37 174.05 588.05 202.34 -1 -1 -1 -1000 -1000 -1000 -10 0.77
24 4 Car -1 -1 -1 677.13 172.97 713.77 196.78 -1 -1 -1 -1000 -1000 -1000 -10 0.62
25 1 Car -1 -1 -1 692.67 177.24 773.18 242.61 -1 -1 -1 -1000 -1000 -1000 -10 0.91
25 11 Car -1 -1 -1 227.73 185.99 341.40 232.70 -1 -1 -1 -1000 -1000 -1000 -10 0.86
25 12 Car -1 -1 -1 479.09 177.03 540.22 208.17 -1 -1 -1 -1000 -1000 -1000 -10 0.83
25 4 Car -1 -1 -1 672.10 173.47 705.17 196.35 -1 -1 -1 -1000 -1000 -1000 -10 0.75
26 1 Car -1 -1 -1 688.51 177.06 764.91 242.40 -1 -1 -1 -1000 -1000 -1000 -10 0.95
26 11 Car -1 -1 -1 54.80 191.12 219.88 248.70 -1 -1 -1 -1000 -1000 -1000 -10 0.91
26 12 Car -1 -1 -1 411.05 178.87 484.17 215.19 -1 -1 -1 -1000 -1000 -1000 -10 0.86
26 4 Car -1 -1 -1 664.96 172.99 695.72 195.46 -1 -1 -1 -1000 -1000 -1000 -10 0.69
27 1 Car -1 -1 -1 683.24 177.51 756.85 242.10 -1 -1 -1 -1000 -1000 -1000 -10 0.95
27 12 Car -1 -1 -1 331.30 183.33 416.02 224.91 -1 -1 -1 -1000 -1000 -1000 -10 0.84
27 4 Car -1 -1 -1 655.97 174.69 688.69 196.46 -1 -1 -1 -1000 -1000 -1000 -10 0.71
27 11 Car -1 -1 -1 0.74 193.56 33.30 271.43 -1 -1 -1 -1000 -1000 -1000 -10 0.46
28 12 Car -1 -1 -1 224.17 183.31 337.71 235.11 -1 -1 -1 -1000 -1000 -1000 -10 0.92
28 1 Car -1 -1 -1 676.91 176.52 749.85 239.40 -1 -1 -1 -1000 -1000 -1000 -10 0.91
28 4 Car -1 -1 -1 649.91 172.31 679.44 193.19 -1 -1 -1 -1000 -1000 -1000 -10 0.64
28 13 Car -1 -1 -1 627.45 172.60 651.90 189.46 -1 -1 -1 -1000 -1000 -1000 -10 0.50
29 1 Car -1 -1 -1 673.90 171.52 743.02 232.56 -1 -1 -1 -1000 -1000 -1000 -10 0.94
29 12 Car -1 -1 -1 75.00 181.21 231.65 245.57 -1 -1 -1 -1000 -1000 -1000 -10 0.92
29 13 Car -1 -1 -1 601.41 169.09 627.60 186.29 -1 -1 -1 -1000 -1000 -1000 -10 0.74
29 4 Car -1 -1 -1 642.34 168.19 668.17 188.04 -1 -1 -1 -1000 -1000 -1000 -10 0.66
30 1 Car -1 -1 -1 667.61 170.71 736.12 231.79 -1 -1 -1 -1000 -1000 -1000 -10 0.91
30 12 Car -1 -1 -1 0.66 188.17 74.60 267.41 -1 -1 -1 -1000 -1000 -1000 -10 0.82
30 4 Car -1 -1 -1 634.47 168.81 658.72 187.53 -1 -1 -1 -1000 -1000 -1000 -10 0.76
30 13 Car -1 -1 -1 574.51 170.87 603.83 190.04 -1 -1 -1 -1000 -1000 -1000 -10 0.61
31 1 Car -1 -1 -1 662.69 175.29 731.26 234.86 -1 -1 -1 -1000 -1000 -1000 -10 0.95
31 13 Car -1 -1 -1 543.92 175.93 578.39 196.90 -1 -1 -1 -1000 -1000 -1000 -10 0.76
31 4 Car -1 -1 -1 623.90 172.28 652.53 190.97 -1 -1 -1 -1000 -1000 -1000 -10 0.75
31 14 Car -1 -1 -1 2.22 188.46 141.71 369.49 -1 -1 -1 -1000 -1000 -1000 -10 0.87
32 14 Car -1 -1 -1 -1.14 185.08 260.41 372.77 -1 -1 -1 -1000 -1000 -1000 -10 0.96
32 1 Car -1 -1 -1 654.95 172.41 722.74 232.28 -1 -1 -1 -1000 -1000 -1000 -10 0.90
32 4 Car -1 -1 -1 616.11 169.28 640.30 187.64 -1 -1 -1 -1000 -1000 -1000 -10 0.67
32 13 Car -1 -1 -1 513.94 175.18 551.01 195.97 -1 -1 -1 -1000 -1000 -1000 -10 0.66
32 15 Car -1 -1 -1 596.12 169.66 616.54 184.46 -1 -1 -1 -1000 -1000 -1000 -10 0.45
33 14 Car -1 -1 -1 53.69 178.63 329.94 348.49 -1 -1 -1 -1000 -1000 -1000 -10 0.94
33 1 Car -1 -1 -1 645.29 172.64 709.65 231.55 -1 -1 -1 -1000 -1000 -1000 -10 0.93
33 13 Car -1 -1 -1 477.39 176.00 518.98 200.99 -1 -1 -1 -1000 -1000 -1000 -10 0.77
33 15 Car -1 -1 -1 573.25 170.88 596.38 186.64 -1 -1 -1 -1000 -1000 -1000 -10 0.69
33 16 Car -1 -1 -1 538.47 173.43 561.73 188.36 -1 -1 -1 -1000 -1000 -1000 -10 0.63
33 4 Car -1 -1 -1 606.19 171.04 629.56 186.78 -1 -1 -1 -1000 -1000 -1000 -10 0.59
34 14 Car -1 -1 -1 162.98 185.98 375.53 325.54 -1 -1 -1 -1000 -1000 -1000 -10 0.95
34 1 Car -1 -1 -1 636.49 181.06 697.10 238.65 -1 -1 -1 -1000 -1000 -1000 -10 0.86
34 13 Car -1 -1 -1 437.58 185.15 483.48 212.01 -1 -1 -1 -1000 -1000 -1000 -10 0.71
34 16 Car -1 -1 -1 512.08 181.89 537.63 198.44 -1 -1 -1 -1000 -1000 -1000 -10 0.67
34 4 Car -1 -1 -1 593.22 174.47 619.25 195.53 -1 -1 -1 -1000 -1000 -1000 -10 0.65
34 15 Car -1 -1 -1 550.52 178.76 576.06 195.10 -1 -1 -1 -1000 -1000 -1000 -10 0.50
35 14 Car -1 -1 -1 235.96 184.86 413.31 304.09 -1 -1 -1 -1000 -1000 -1000 -10 0.94
35 1 Car -1 -1 -1 627.80 181.10 688.81 238.44 -1 -1 -1 -1000 -1000 -1000 -10 0.92
35 13 Car -1 -1 -1 388.81 185.67 448.26 218.45 -1 -1 -1 -1000 -1000 -1000 -10 0.75
35 4 Car -1 -1 -1 584.66 178.17 607.26 194.11 -1 -1 -1 -1000 -1000 -1000 -10 0.70
35 15 Car -1 -1 -1 529.37 179.67 553.70 197.43 -1 -1 -1 -1000 -1000 -1000 -10 0.69
35 16 Car -1 -1 -1 485.30 181.85 513.82 201.87 -1 -1 -1 -1000 -1000 -1000 -10 0.54
35 17 Car -1 -1 -1 0.22 206.55 81.15 236.25 -1 -1 -1 -1000 -1000 -1000 -10 0.74
36 14 Car -1 -1 -1 292.28 183.06 440.77 288.40 -1 -1 -1 -1000 -1000 -1000 -10 0.97
36 1 Car -1 -1 -1 621.58 180.61 679.39 235.25 -1 -1 -1 -1000 -1000 -1000 -10 0.91
36 17 Car -1 -1 -1 0.51 207.12 42.45 234.82 -1 -1 -1 -1000 -1000 -1000 -10 0.73
36 15 Car -1 -1 -1 507.93 179.70 535.07 197.23 -1 -1 -1 -1000 -1000 -1000 -10 0.72
36 16 Car -1 -1 -1 459.87 181.77 491.40 202.18 -1 -1 -1 -1000 -1000 -1000 -10 0.61
36 4 Car -1 -1 -1 579.51 176.29 601.66 193.45 -1 -1 -1 -1000 -1000 -1000 -10 0.56
36 13 Car -1 -1 -1 365.14 185.32 421.87 224.52 -1 -1 -1 -1000 -1000 -1000 -10 0.55
37 14 Car -1 -1 -1 333.41 182.39 461.35 275.98 -1 -1 -1 -1000 -1000 -1000 -10 0.96
37 1 Car -1 -1 -1 613.61 181.00 672.95 234.83 -1 -1 -1 -1000 -1000 -1000 -10 0.89
37 13 Car -1 -1 -1 253.89 191.03 347.81 233.57 -1 -1 -1 -1000 -1000 -1000 -10 0.89
37 15 Car -1 -1 -1 486.05 180.09 517.00 199.99 -1 -1 -1 -1000 -1000 -1000 -10 0.75
37 4 Car -1 -1 -1 574.63 176.29 594.19 192.59 -1 -1 -1 -1000 -1000 -1000 -10 0.66
37 16 Car -1 -1 -1 429.27 182.30 469.36 206.05 -1 -1 -1 -1000 -1000 -1000 -10 0.58
38 14 Car -1 -1 -1 364.86 183.48 476.42 267.39 -1 -1 -1 -1000 -1000 -1000 -10 0.95
38 1 Car -1 -1 -1 608.17 181.76 666.66 234.79 -1 -1 -1 -1000 -1000 -1000 -10 0.92
38 13 Car -1 -1 -1 136.77 195.54 271.18 252.19 -1 -1 -1 -1000 -1000 -1000 -10 0.87
38 15 Car -1 -1 -1 459.73 181.17 498.19 204.19 -1 -1 -1 -1000 -1000 -1000 -10 0.77
38 19 Car -1 -1 -1 510.82 176.30 535.59 194.26 -1 -1 -1 -1000 -1000 -1000 -10 0.60
38 4 Car -1 -1 -1 569.23 177.35 588.65 192.70 -1 -1 -1 -1000 -1000 -1000 -10 0.59
39 14 Car -1 -1 -1 385.64 183.57 489.07 263.90 -1 -1 -1 -1000 -1000 -1000 -10 0.96
39 13 Car -1 -1 -1 1.40 197.34 143.68 276.53 -1 -1 -1 -1000 -1000 -1000 -10 0.93
39 1 Car -1 -1 -1 602.39 183.47 660.84 236.25 -1 -1 -1 -1000 -1000 -1000 -10 0.89
39 19 Car -1 -1 -1 492.97 179.35 526.35 198.39 -1 -1 -1 -1000 -1000 -1000 -10 0.71
39 4 Car -1 -1 -1 565.85 178.39 584.92 194.04 -1 -1 -1 -1000 -1000 -1000 -10 0.68
39 20 Car -1 -1 -1 362.10 189.88 410.79 217.57 -1 -1 -1 -1000 -1000 -1000 -10 0.66
40 14 Car -1 -1 -1 402.95 184.50 496.00 257.13 -1 -1 -1 -1000 -1000 -1000 -10 0.95
40 1 Car -1 -1 -1 599.05 184.27 656.43 236.20 -1 -1 -1 -1000 -1000 -1000 -10 0.84
40 20 Car -1 -1 -1 312.71 192.01 381.60 223.64 -1 -1 -1 -1000 -1000 -1000 -10 0.82
40 19 Car -1 -1 -1 476.43 180.83 506.77 200.05 -1 -1 -1 -1000 -1000 -1000 -10 0.59
40 4 Car -1 -1 -1 561.76 179.13 580.60 193.42 -1 -1 -1 -1000 -1000 -1000 -10 0.50
41 14 Car -1 -1 -1 418.59 180.86 501.53 250.53 -1 -1 -1 -1000 -1000 -1000 -10 0.96
41 20 Car -1 -1 -1 254.81 190.83 337.83 226.36 -1 -1 -1 -1000 -1000 -1000 -10 0.89
41 1 Car -1 -1 -1 595.38 181.89 652.63 233.45 -1 -1 -1 -1000 -1000 -1000 -10 0.86
41 21 Car -1 -1 -1 362.49 184.19 426.73 217.49 -1 -1 -1 -1000 -1000 -1000 -10 0.86
41 4 Car -1 -1 -1 560.39 176.67 579.01 191.93 -1 -1 -1 -1000 -1000 -1000 -10 0.61
41 19 Car -1 -1 -1 458.86 177.16 493.87 201.81 -1 -1 -1 -1000 -1000 -1000 -10 0.43
42 14 Car -1 -1 -1 431.68 179.57 509.38 244.18 -1 -1 -1 -1000 -1000 -1000 -10 0.94
42 1 Car -1 -1 -1 594.60 179.08 652.72 230.24 -1 -1 -1 -1000 -1000 -1000 -10 0.92
42 20 Car -1 -1 -1 172.44 193.11 281.36 234.67 -1 -1 -1 -1000 -1000 -1000 -10 0.88
42 21 Car -1 -1 -1 311.38 184.72 391.53 222.83 -1 -1 -1 -1000 -1000 -1000 -10 0.86
42 4 Car -1 -1 -1 562.42 175.41 579.95 189.08 -1 -1 -1 -1000 -1000 -1000 -10 0.60
42 22 Cyclist -1 -1 -1 1.73 199.63 71.48 335.39 -1 -1 -1 -1000 -1000 -1000 -10 0.51
43 14 Car -1 -1 -1 448.10 178.95 518.11 238.39 -1 -1 -1 -1000 -1000 -1000 -10 0.95
43 1 Car -1 -1 -1 597.43 179.38 656.24 229.99 -1 -1 -1 -1000 -1000 -1000 -10 0.92
43 20 Car -1 -1 -1 55.15 195.03 204.85 253.66 -1 -1 -1 -1000 -1000 -1000 -10 0.91
43 21 Car -1 -1 -1 241.33 186.45 346.13 233.37 -1 -1 -1 -1000 -1000 -1000 -10 0.87
43 23 Car -1 -1 -1 420.76 177.25 469.09 208.45 -1 -1 -1 -1000 -1000 -1000 -10 0.80
43 4 Car -1 -1 -1 566.85 175.28 584.64 188.64 -1 -1 -1 -1000 -1000 -1000 -10 0.68
43 22 Cyclist -1 -1 -1 9.57 184.45 156.25 320.76 -1 -1 -1 -1000 -1000 -1000 -10 0.54
44 1 Car -1 -1 -1 605.19 179.95 662.88 229.56 -1 -1 -1 -1000 -1000 -1000 -10 0.91
44 21 Car -1 -1 -1 140.97 190.22 281.48 250.54 -1 -1 -1 -1000 -1000 -1000 -10 0.85
44 23 Car -1 -1 -1 396.73 180.30 454.20 212.61 -1 -1 -1 -1000 -1000 -1000 -10 0.84
44 14 Car -1 -1 -1 463.44 179.38 529.00 235.65 -1 -1 -1 -1000 -1000 -1000 -10 0.83
44 20 Car -1 -1 -1 1.61 199.98 86.17 279.41 -1 -1 -1 -1000 -1000 -1000 -10 0.83
44 22 Cyclist -1 -1 -1 98.37 191.56 222.78 303.95 -1 -1 -1 -1000 -1000 -1000 -10 0.64
44 4 Car -1 -1 -1 574.05 175.14 592.56 189.39 -1 -1 -1 -1000 -1000 -1000 -10 0.61
44 24 Car -1 -1 -1 406.71 168.48 459.72 201.75 -1 -1 -1 -1000 -1000 -1000 -10 0.48
45 21 Car -1 -1 -1 3.54 195.07 164.50 285.64 -1 -1 -1 -1000 -1000 -1000 -10 0.90
45 23 Car -1 -1 -1 363.92 182.40 433.41 219.76 -1 -1 -1 -1000 -1000 -1000 -10 0.89
45 1 Car -1 -1 -1 612.82 180.97 669.37 230.11 -1 -1 -1 -1000 -1000 -1000 -10 0.88
45 14 Car -1 -1 -1 480.54 179.84 542.33 232.53 -1 -1 -1 -1000 -1000 -1000 -10 0.88
45 22 Cyclist -1 -1 -1 171.10 186.36 274.40 287.61 -1 -1 -1 -1000 -1000 -1000 -10 0.61
45 24 Car -1 -1 -1 393.21 168.67 450.19 204.38 -1 -1 -1 -1000 -1000 -1000 -10 0.61
45 4 Car -1 -1 -1 582.51 175.27 600.00 189.19 -1 -1 -1 -1000 -1000 -1000 -10 0.55
46 14 Car -1 -1 -1 497.43 179.30 553.97 229.16 -1 -1 -1 -1000 -1000 -1000 -10 0.93
46 23 Car -1 -1 -1 315.86 183.44 402.97 227.06 -1 -1 -1 -1000 -1000 -1000 -10 0.92
46 1 Car -1 -1 -1 619.59 179.52 678.30 231.39 -1 -1 -1 -1000 -1000 -1000 -10 0.90
46 24 Car -1 -1 -1 367.90 169.50 435.21 210.24 -1 -1 -1 -1000 -1000 -1000 -10 0.76
46 4 Car -1 -1 -1 590.20 174.39 607.51 188.34 -1 -1 -1 -1000 -1000 -1000 -10 0.60
47 14 Car -1 -1 -1 512.65 178.33 564.36 224.65 -1 -1 -1 -1000 -1000 -1000 -10 0.92
47 23 Car -1 -1 -1 237.99 184.44 355.01 242.53 -1 -1 -1 -1000 -1000 -1000 -10 0.89
47 24 Car -1 -1 -1 333.78 168.18 415.15 216.26 -1 -1 -1 -1000 -1000 -1000 -10 0.84
47 1 Car -1 -1 -1 625.60 178.35 685.25 229.95 -1 -1 -1 -1000 -1000 -1000 -10 0.84
47 26 Car -1 -1 -1 117.88 195.99 173.83 214.66 -1 -1 -1 -1000 -1000 -1000 -10 0.65
47 25 Cyclist -1 -1 -1 284.15 183.30 363.12 267.39 -1 -1 -1 -1000 -1000 -1000 -10 0.65
47 4 Car -1 -1 -1 596.36 174.46 612.93 187.84 -1 -1 -1 -1000 -1000 -1000 -10 0.52
48 14 Car -1 -1 -1 522.66 178.55 575.30 224.13 -1 -1 -1 -1000 -1000 -1000 -10 0.92
48 1 Car -1 -1 -1 633.09 179.20 691.98 229.88 -1 -1 -1 -1000 -1000 -1000 -10 0.92
48 23 Car -1 -1 -1 94.83 189.42 274.50 267.49 -1 -1 -1 -1000 -1000 -1000 -10 0.91
48 24 Car -1 -1 -1 281.69 166.98 388.05 226.66 -1 -1 -1 -1000 -1000 -1000 -10 0.89
48 25 Cyclist -1 -1 -1 328.20 188.24 397.41 259.29 -1 -1 -1 -1000 -1000 -1000 -10 0.71
48 4 Car -1 -1 -1 602.99 175.27 618.24 187.15 -1 -1 -1 -1000 -1000 -1000 -10 0.58
48 27 Cyclist -1 -1 -1 446.51 173.59 467.47 207.05 -1 -1 -1 -1000 -1000 -1000 -10 0.51
49 24 Car -1 -1 -1 200.48 166.08 332.42 237.66 -1 -1 -1 -1000 -1000 -1000 -10 0.89
49 23 Car -1 -1 -1 -2.33 190.10 129.31 305.56 -1 -1 -1 -1000 -1000 -1000 -10 0.89
49 14 Car -1 -1 -1 534.27 175.81 581.64 220.29 -1 -1 -1 -1000 -1000 -1000 -10 0.88
49 1 Car -1 -1 -1 637.15 178.74 695.20 228.66 -1 -1 -1 -1000 -1000 -1000 -10 0.87
49 28 Car -1 -1 -1 499.71 173.01 530.15 195.45 -1 -1 -1 -1000 -1000 -1000 -10 0.64
49 25 Cyclist -1 -1 -1 362.07 180.53 425.13 254.93 -1 -1 -1 -1000 -1000 -1000 -10 0.60
49 27 Cyclist -1 -1 -1 421.67 175.55 445.58 209.21 -1 -1 -1 -1000 -1000 -1000 -10 0.48
49 4 Car -1 -1 -1 608.07 173.17 622.05 185.15 -1 -1 -1 -1000 -1000 -1000 -10 0.47
50 24 Car -1 -1 -1 65.68 165.84 264.46 260.25 -1 -1 -1 -1000 -1000 -1000 -10 0.93
50 1 Car -1 -1 -1 640.46 178.39 699.63 229.52 -1 -1 -1 -1000 -1000 -1000 -10 0.90
50 14 Car -1 -1 -1 543.40 178.24 588.89 218.73 -1 -1 -1 -1000 -1000 -1000 -10 0.72
50 25 Cyclist -1 -1 -1 394.75 183.18 446.70 248.99 -1 -1 -1 -1000 -1000 -1000 -10 0.64
50 28 Car -1 -1 -1 486.10 174.53 521.49 199.46 -1 -1 -1 -1000 -1000 -1000 -10 0.57
50 4 Car -1 -1 -1 608.41 174.41 628.12 186.98 -1 -1 -1 -1000 -1000 -1000 -10 0.51
50 29 Car -1 -1 -1 537.33 178.15 560.98 194.40 -1 -1 -1 -1000 -1000 -1000 -10 0.42
51 24 Car -1 -1 -1 4.33 162.07 146.38 287.71 -1 -1 -1 -1000 -1000 -1000 -10 0.93
51 1 Car -1 -1 -1 642.20 179.67 702.40 229.24 -1 -1 -1 -1000 -1000 -1000 -10 0.91
51 14 Car -1 -1 -1 552.51 178.38 595.11 218.09 -1 -1 -1 -1000 -1000 -1000 -10 0.80
51 28 Car -1 -1 -1 472.68 176.99 510.90 202.46 -1 -1 -1 -1000 -1000 -1000 -10 0.80
51 29 Car -1 -1 -1 528.41 178.40 556.66 197.92 -1 -1 -1 -1000 -1000 -1000 -10 0.61
51 4 Car -1 -1 -1 613.01 175.37 631.66 186.70 -1 -1 -1 -1000 -1000 -1000 -10 0.61
51 25 Cyclist -1 -1 -1 348.10 181.63 384.95 221.81 -1 -1 -1 -1000 -1000 -1000 -10 0.53
52 14 Car -1 -1 -1 560.80 176.50 601.61 215.43 -1 -1 -1 -1000 -1000 -1000 -10 0.84
52 1 Car -1 -1 -1 644.10 177.64 705.21 229.64 -1 -1 -1 -1000 -1000 -1000 -10 0.83
52 29 Car -1 -1 -1 518.32 178.01 548.86 198.67 -1 -1 -1 -1000 -1000 -1000 -10 0.74
52 28 Car -1 -1 -1 455.33 176.08 497.77 203.91 -1 -1 -1 -1000 -1000 -1000 -10 0.72
52 25 Cyclist -1 -1 -1 286.00 180.33 330.26 231.52 -1 -1 -1 -1000 -1000 -1000 -10 0.59
52 4 Car -1 -1 -1 617.67 174.63 631.04 185.64 -1 -1 -1 -1000 -1000 -1000 -10 0.42
52 31 Car -1 -1 -1 35.62 201.05 92.75 223.81 -1 -1 -1 -1000 -1000 -1000 -10 0.54
53 1 Car -1 -1 -1 647.97 177.18 706.56 225.88 -1 -1 -1 -1000 -1000 -1000 -10 0.94
53 14 Car -1 -1 -1 569.38 175.98 606.47 212.08 -1 -1 -1 -1000 -1000 -1000 -10 0.86
53 29 Car -1 -1 -1 505.62 177.72 538.64 200.75 -1 -1 -1 -1000 -1000 -1000 -10 0.80
53 28 Car -1 -1 -1 434.47 174.97 486.02 206.74 -1 -1 -1 -1000 -1000 -1000 -10 0.75
53 31 Car -1 -1 -1 2.81 203.66 71.37 224.45 -1 -1 -1 -1000 -1000 -1000 -10 0.71
53 4 Car -1 -1 -1 619.13 172.93 633.17 184.15 -1 -1 -1 -1000 -1000 -1000 -10 0.63
53 25 Cyclist -1 -1 -1 181.66 185.47 249.41 248.80 -1 -1 -1 -1000 -1000 -1000 -10 0.59
54 28 Car -1 -1 -1 403.02 174.79 463.04 212.80 -1 -1 -1 -1000 -1000 -1000 -10 0.89
54 1 Car -1 -1 -1 649.22 176.36 707.92 225.36 -1 -1 -1 -1000 -1000 -1000 -10 0.88
54 14 Car -1 -1 -1 575.14 174.65 611.59 210.78 -1 -1 -1 -1000 -1000 -1000 -10 0.76
54 29 Car -1 -1 -1 491.07 177.59 527.69 203.72 -1 -1 -1 -1000 -1000 -1000 -10 0.73
54 33 Cyclist -1 -1 -1 479.85 176.43 516.02 231.64 -1 -1 -1 -1000 -1000 -1000 -10 0.56
54 31 Car -1 -1 -1 0.42 201.35 48.53 233.86 -1 -1 -1 -1000 -1000 -1000 -10 0.55
54 25 Cyclist -1 -1 -1 6.87 193.27 112.87 279.86 -1 -1 -1 -1000 -1000 -1000 -10 0.53
54 4 Car -1 -1 -1 621.42 172.48 635.02 183.85 -1 -1 -1 -1000 -1000 -1000 -10 0.53
54 34 Car -1 -1 -1 535.25 174.72 556.53 191.50 -1 -1 -1 -1000 -1000 -1000 -10 0.52
54 35 Car -1 -1 -1 6.68 204.58 106.69 281.64 -1 -1 -1 -1000 -1000 -1000 -10 0.47
55 1 Car -1 -1 -1 650.19 176.92 709.72 225.59 -1 -1 -1 -1000 -1000 -1000 -10 0.90
55 28 Car -1 -1 -1 364.42 175.80 437.32 218.60 -1 -1 -1 -1000 -1000 -1000 -10 0.90
55 14 Car -1 -1 -1 581.21 175.22 616.67 209.56 -1 -1 -1 -1000 -1000 -1000 -10 0.84
55 29 Car -1 -1 -1 466.56 179.42 514.20 208.56 -1 -1 -1 -1000 -1000 -1000 -10 0.83
55 34 Car -1 -1 -1 528.55 176.17 551.69 193.83 -1 -1 -1 -1000 -1000 -1000 -10 0.63
55 4 Car -1 -1 -1 623.60 173.32 636.74 183.73 -1 -1 -1 -1000 -1000 -1000 -10 0.62
55 31 Car -1 -1 -1 0.61 195.75 18.02 236.75 -1 -1 -1 -1000 -1000 -1000 -10 0.53
55 36 Pedestrian -1 -1 -1 498.37 175.43 522.29 227.70 -1 -1 -1 -1000 -1000 -1000 -10 0.54
56 1 Car -1 -1 -1 648.92 177.83 708.10 225.43 -1 -1 -1 -1000 -1000 -1000 -10 0.87
56 28 Car -1 -1 -1 306.69 175.45 397.93 227.74 -1 -1 -1 -1000 -1000 -1000 -10 0.86
56 29 Car -1 -1 -1 437.82 181.56 491.89 214.52 -1 -1 -1 -1000 -1000 -1000 -10 0.82
56 14 Car -1 -1 -1 585.16 175.89 619.18 208.84 -1 -1 -1 -1000 -1000 -1000 -10 0.76
56 34 Car -1 -1 -1 517.95 177.45 542.30 195.17 -1 -1 -1 -1000 -1000 -1000 -10 0.66
56 4 Car -1 -1 -1 623.73 174.16 637.47 184.44 -1 -1 -1 -1000 -1000 -1000 -10 0.44
56 36 Pedestrian -1 -1 -1 506.67 173.94 530.51 226.89 -1 -1 -1 -1000 -1000 -1000 -10 0.42
57 28 Car -1 -1 -1 219.35 176.41 342.13 241.17 -1 -1 -1 -1000 -1000 -1000 -10 0.91
57 1 Car -1 -1 -1 647.40 178.12 704.64 226.10 -1 -1 -1 -1000 -1000 -1000 -10 0.88
57 29 Car -1 -1 -1 390.60 181.88 465.08 222.21 -1 -1 -1 -1000 -1000 -1000 -10 0.83
57 14 Car -1 -1 -1 584.58 176.35 617.78 208.84 -1 -1 -1 -1000 -1000 -1000 -10 0.71
57 34 Car -1 -1 -1 499.56 175.78 535.63 197.91 -1 -1 -1 -1000 -1000 -1000 -10 0.61
57 36 Pedestrian -1 -1 -1 513.87 173.80 537.82 226.10 -1 -1 -1 -1000 -1000 -1000 -10 0.41
58 28 Car -1 -1 -1 64.47 179.02 256.79 268.40 -1 -1 -1 -1000 -1000 -1000 -10 0.91
58 29 Car -1 -1 -1 326.11 186.90 421.33 237.08 -1 -1 -1 -1000 -1000 -1000 -10 0.88
58 14 Car -1 -1 -1 583.72 177.61 617.02 209.67 -1 -1 -1 -1000 -1000 -1000 -10 0.88
58 1 Car -1 -1 -1 643.94 180.17 700.32 227.34 -1 -1 -1 -1000 -1000 -1000 -10 0.85
58 34 Car -1 -1 -1 482.79 180.72 514.51 203.90 -1 -1 -1 -1000 -1000 -1000 -10 0.74
58 36 Pedestrian -1 -1 -1 518.63 175.96 540.81 225.32 -1 -1 -1 -1000 -1000 -1000 -10 0.42
59 29 Car -1 -1 -1 212.87 191.10 358.07 258.13 -1 -1 -1 -1000 -1000 -1000 -10 0.90
59 28 Car -1 -1 -1 -0.57 181.85 105.45 297.69 -1 -1 -1 -1000 -1000 -1000 -10 0.87
59 1 Car -1 -1 -1 638.52 180.02 695.39 227.96 -1 -1 -1 -1000 -1000 -1000 -10 0.85
59 34 Car -1 -1 -1 459.06 181.81 498.48 207.70 -1 -1 -1 -1000 -1000 -1000 -10 0.70
59 14 Car -1 -1 -1 581.29 178.78 615.19 209.81 -1 -1 -1 -1000 -1000 -1000 -10 0.70
59 36 Pedestrian -1 -1 -1 522.24 175.33 546.40 225.17 -1 -1 -1 -1000 -1000 -1000 -10 0.48
60 29 Car -1 -1 -1 5.15 195.36 246.18 300.36 -1 -1 -1 -1000 -1000 -1000 -10 0.94
60 1 Car -1 -1 -1 632.98 179.53 688.57 225.34 -1 -1 -1 -1000 -1000 -1000 -10 0.84
60 34 Car -1 -1 -1 428.84 181.30 476.95 211.00 -1 -1 -1 -1000 -1000 -1000 -10 0.79
60 14 Car -1 -1 -1 578.15 178.18 610.67 208.72 -1 -1 -1 -1000 -1000 -1000 -10 0.74
60 36 Pedestrian -1 -1 -1 526.96 176.02 547.25 220.57 -1 -1 -1 -1000 -1000 -1000 -10 0.43
61 1 Car -1 -1 -1 626.35 180.59 681.71 226.80 -1 -1 -1 -1000 -1000 -1000 -10 0.89
61 34 Car -1 -1 -1 391.36 183.76 449.95 216.50 -1 -1 -1 -1000 -1000 -1000 -10 0.83
61 14 Car -1 -1 -1 574.36 178.75 606.54 208.65 -1 -1 -1 -1000 -1000 -1000 -10 0.74
61 36 Pedestrian -1 -1 -1 528.21 178.93 545.89 220.78 -1 -1 -1 -1000 -1000 -1000 -10 0.48
62 34 Car -1 -1 -1 345.96 185.72 412.21 223.48 -1 -1 -1 -1000 -1000 -1000 -10 0.87
62 1 Car -1 -1 -1 621.26 181.30 676.21 226.93 -1 -1 -1 -1000 -1000 -1000 -10 0.86
62 14 Car -1 -1 -1 570.27 178.26 600.57 208.24 -1 -1 -1 -1000 -1000 -1000 -10 0.77
62 37 Car -1 -1 -1 4.46 197.92 94.01 221.56 -1 -1 -1 -1000 -1000 -1000 -10 0.63
63 34 Car -1 -1 -1 275.71 186.12 365.85 232.37 -1 -1 -1 -1000 -1000 -1000 -10 0.88
63 1 Car -1 -1 -1 615.33 181.01 669.83 226.28 -1 -1 -1 -1000 -1000 -1000 -10 0.88
63 14 Car -1 -1 -1 566.46 178.44 596.81 206.92 -1 -1 -1 -1000 -1000 -1000 -10 0.71
63 37 Car -1 -1 -1 -0.80 197.61 67.49 227.13 -1 -1 -1 -1000 -1000 -1000 -10 0.68
64 34 Car -1 -1 -1 171.51 190.90 298.61 248.23 -1 -1 -1 -1000 -1000 -1000 -10 0.89
64 1 Car -1 -1 -1 611.46 181.42 663.52 225.76 -1 -1 -1 -1000 -1000 -1000 -10 0.85
64 14 Car -1 -1 -1 564.54 179.05 593.45 205.30 -1 -1 -1 -1000 -1000 -1000 -10 0.71
64 37 Car -1 -1 -1 1.13 196.22 17.96 229.96 -1 -1 -1 -1000 -1000 -1000 -10 0.48
65 34 Car -1 -1 -1 0.64 195.28 190.69 277.26 -1 -1 -1 -1000 -1000 -1000 -10 0.94
65 1 Car -1 -1 -1 605.92 179.69 658.19 224.37 -1 -1 -1 -1000 -1000 -1000 -10 0.83
65 14 Car -1 -1 -1 562.17 179.06 590.28 205.20 -1 -1 -1 -1000 -1000 -1000 -10 0.76
66 1 Car -1 -1 -1 601.11 177.62 653.36 223.22 -1 -1 -1 -1000 -1000 -1000 -10 0.92
66 14 Car -1 -1 -1 558.98 177.32 588.09 202.24 -1 -1 -1 -1000 -1000 -1000 -10 0.79
67 1 Car -1 -1 -1 596.93 179.82 647.97 223.34 -1 -1 -1 -1000 -1000 -1000 -10 0.91
67 14 Car -1 -1 -1 557.32 177.33 584.87 202.06 -1 -1 -1 -1000 -1000 -1000 -10 0.70
67 38 Car -1 -1 -1 -0.88 194.87 20.92 221.77 -1 -1 -1 -1000 -1000 -1000 -10 0.49
68 1 Car -1 -1 -1 592.33 179.78 643.25 224.58 -1 -1 -1 -1000 -1000 -1000 -10 0.82
68 14 Car -1 -1 -1 555.23 177.91 583.85 203.55 -1 -1 -1 -1000 -1000 -1000 -10 0.72
69 1 Car -1 -1 -1 591.22 183.06 640.16 226.30 -1 -1 -1 -1000 -1000 -1000 -10 0.90
69 14 Car -1 -1 -1 555.69 179.60 582.57 204.42 -1 -1 -1 -1000 -1000 -1000 -10 0.75
70 14 Car -1 -1 -1 556.27 178.24 582.49 201.57 -1 -1 -1 -1000 -1000 -1000 -10 0.82
70 1 Car -1 -1 -1 589.23 181.52 636.46 222.90 -1 -1 -1 -1000 -1000 -1000 -10 0.76
71 1 Car -1 -1 -1 588.53 180.05 635.40 221.71 -1 -1 -1 -1000 -1000 -1000 -10 0.91
71 14 Car -1 -1 -1 557.06 176.98 581.17 199.55 -1 -1 -1 -1000 -1000 -1000 -10 0.76
72 1 Car -1 -1 -1 586.69 180.81 633.64 221.95 -1 -1 -1 -1000 -1000 -1000 -10 0.89
72 14 Car -1 -1 -1 555.77 176.60 581.73 199.73 -1 -1 -1 -1000 -1000 -1000 -10 0.74
73 1 Car -1 -1 -1 585.98 180.42 631.87 222.04 -1 -1 -1 -1000 -1000 -1000 -10 0.80
73 14 Car -1 -1 -1 555.12 175.85 580.97 197.95 -1 -1 -1 -1000 -1000 -1000 -10 0.66
73 39 Pedestrian -1 -1 -1 541.92 174.90 554.73 205.91 -1 -1 -1 -1000 -1000 -1000 -10 0.57
74 1 Car -1 -1 -1 585.50 182.16 630.30 222.87 -1 -1 -1 -1000 -1000 -1000 -10 0.79
74 14 Car -1 -1 -1 554.56 178.04 580.65 200.29 -1 -1 -1 -1000 -1000 -1000 -10 0.76
75 1 Car -1 -1 -1 584.31 182.69 630.02 224.51 -1 -1 -1 -1000 -1000 -1000 -10 0.85
75 14 Car -1 -1 -1 555.70 178.81 580.21 200.02 -1 -1 -1 -1000 -1000 -1000 -10 0.78
75 40 Pedestrian -1 -1 -1 540.51 177.03 556.12 208.65 -1 -1 -1 -1000 -1000 -1000 -10 0.55
76 1 Car -1 -1 -1 583.26 180.85 629.73 222.07 -1 -1 -1 -1000 -1000 -1000 -10 0.90
76 14 Car -1 -1 -1 556.26 177.59 579.69 198.62 -1 -1 -1 -1000 -1000 -1000 -10 0.72
76 40 Pedestrian -1 -1 -1 542.66 177.11 554.59 206.66 -1 -1 -1 -1000 -1000 -1000 -10 0.51
77 1 Car -1 -1 -1 583.54 181.64 629.24 222.28 -1 -1 -1 -1000 -1000 -1000 -10 0.87
77 14 Car -1 -1 -1 555.72 178.41 580.32 199.06 -1 -1 -1 -1000 -1000 -1000 -10 0.76
77 40 Pedestrian -1 -1 -1 542.53 177.19 555.25 207.09 -1 -1 -1 -1000 -1000 -1000 -10 0.46
78 1 Car -1 -1 -1 582.82 180.81 629.53 222.19 -1 -1 -1 -1000 -1000 -1000 -10 0.88
78 14 Car -1 -1 -1 555.77 178.06 579.83 198.21 -1 -1 -1 -1000 -1000 -1000 -10 0.68
78 42 Cyclist -1 -1 -1 259.51 184.23 278.92 217.77 -1 -1 -1 -1000 -1000 -1000 -10 0.46
79 1 Car -1 -1 -1 583.32 179.27 628.83 220.98 -1 -1 -1 -1000 -1000 -1000 -10 0.86
79 42 Cyclist -1 -1 -1 210.58 180.26 236.20 220.78 -1 -1 -1 -1000 -1000 -1000 -10 0.71
79 14 Car -1 -1 -1 553.63 176.40 580.91 197.42 -1 -1 -1 -1000 -1000 -1000 -10 0.55
80 1 Car -1 -1 -1 583.16 176.04 629.56 217.50 -1 -1 -1 -1000 -1000 -1000 -10 0.90
80 14 Car -1 -1 -1 554.30 172.79 580.30 193.37 -1 -1 -1 -1000 -1000 -1000 -10 0.54
81 1 Car -1 -1 -1 583.57 178.09 628.82 218.20 -1 -1 -1 -1000 -1000 -1000 -10 0.85
81 43 Cyclist -1 -1 -1 60.71 182.27 104.82 233.74 -1 -1 -1 -1000 -1000 -1000 -10 0.65
81 14 Car -1 -1 -1 553.92 175.27 580.45 196.09 -1 -1 -1 -1000 -1000 -1000 -10 0.64
82 1 Car -1 -1 -1 583.19 178.44 626.00 217.23 -1 -1 -1 -1000 -1000 -1000 -10 0.87
82 14 Car -1 -1 -1 556.91 174.98 578.34 197.15 -1 -1 -1 -1000 -1000 -1000 -10 0.63
83 1 Car -1 -1 -1 582.78 180.42 625.14 219.95 -1 -1 -1 -1000 -1000 -1000 -10 0.88
83 14 Car -1 -1 -1 555.49 175.93 576.31 197.69 -1 -1 -1 -1000 -1000 -1000 -10 0.53
84 1 Car -1 -1 -1 581.81 180.00 625.32 220.62 -1 -1 -1 -1000 -1000 -1000 -10 0.89
84 14 Car -1 -1 -1 556.27 177.07 578.30 199.24 -1 -1 -1 -1000 -1000 -1000 -10 0.61
85 1 Car -1 -1 -1 581.06 177.33 626.45 218.60 -1 -1 -1 -1000 -1000 -1000 -10 0.90
85 14 Car -1 -1 -1 556.87 175.50 581.27 196.60 -1 -1 -1 -1000 -1000 -1000 -10 0.76
86 1 Car -1 -1 -1 581.71 176.45 627.20 217.78 -1 -1 -1 -1000 -1000 -1000 -10 0.90
86 14 Car -1 -1 -1 557.68 174.44 579.53 194.55 -1 -1 -1 -1000 -1000 -1000 -10 0.74
87 1 Car -1 -1 -1 581.67 176.39 628.42 218.87 -1 -1 -1 -1000 -1000 -1000 -10 0.81
87 14 Car -1 -1 -1 558.45 174.66 578.52 193.66 -1 -1 -1 -1000 -1000 -1000 -10 0.66
88 1 Car -1 -1 -1 582.99 176.69 630.03 219.21 -1 -1 -1 -1000 -1000 -1000 -10 0.89
88 14 Car -1 -1 -1 559.71 175.02 578.92 193.37 -1 -1 -1 -1000 -1000 -1000 -10 0.65
89 1 Car -1 -1 -1 583.55 175.91 629.93 218.84 -1 -1 -1 -1000 -1000 -1000 -10 0.91
89 14 Car -1 -1 -1 559.28 173.33 579.29 191.45 -1 -1 -1 -1000 -1000 -1000 -10 0.73
90 1 Car -1 -1 -1 583.87 176.55 630.19 218.40 -1 -1 -1 -1000 -1000 -1000 -10 0.90
90 14 Car -1 -1 -1 559.39 173.23 580.39 191.41 -1 -1 -1 -1000 -1000 -1000 -10 0.67
91 1 Car -1 -1 -1 584.74 178.00 630.48 218.77 -1 -1 -1 -1000 -1000 -1000 -10 0.86
91 14 Car -1 -1 -1 560.74 174.02 581.64 192.09 -1 -1 -1 -1000 -1000 -1000 -10 0.50
92 1 Car -1 -1 -1 585.44 178.58 631.85 220.95 -1 -1 -1 -1000 -1000 -1000 -10 0.79
92 14 Car -1 -1 -1 560.90 175.73 582.13 193.13 -1 -1 -1 -1000 -1000 -1000 -10 0.68
93 1 Car -1 -1 -1 585.36 178.01 631.85 218.76 -1 -1 -1 -1000 -1000 -1000 -10 0.78
93 14 Car -1 -1 -1 561.55 173.95 582.45 191.86 -1 -1 -1 -1000 -1000 -1000 -10 0.65
94 1 Car -1 -1 -1 586.02 176.99 633.91 219.51 -1 -1 -1 -1000 -1000 -1000 -10 0.79
94 14 Car -1 -1 -1 562.45 171.85 582.88 190.02 -1 -1 -1 -1000 -1000 -1000 -10 0.76
95 1 Car -1 -1 -1 586.19 179.01 633.81 221.74 -1 -1 -1 -1000 -1000 -1000 -10 0.84
95 14 Car -1 -1 -1 562.37 174.52 583.94 191.66 -1 -1 -1 -1000 -1000 -1000 -10 0.59
96 1 Car -1 -1 -1 587.94 179.98 633.67 222.03 -1 -1 -1 -1000 -1000 -1000 -10 0.88
96 14 Car -1 -1 -1 563.40 174.21 584.24 191.68 -1 -1 -1 -1000 -1000 -1000 -10 0.57
97 1 Car -1 -1 -1 587.76 178.07 634.46 221.74 -1 -1 -1 -1000 -1000 -1000 -10 0.86
97 14 Car -1 -1 -1 564.30 173.11 585.44 191.67 -1 -1 -1 -1000 -1000 -1000 -10 0.56
98 1 Car -1 -1 -1 588.00 180.12 636.46 222.33 -1 -1 -1 -1000 -1000 -1000 -10 0.89
98 14 Car -1 -1 -1 564.88 175.55 585.32 193.02 -1 -1 -1 -1000 -1000 -1000 -10 0.61
99 1 Car -1 -1 -1 588.86 178.16 635.69 221.82 -1 -1 -1 -1000 -1000 -1000 -10 0.83
99 14 Car -1 -1 -1 564.60 173.40 585.76 192.39 -1 -1 -1 -1000 -1000 -1000 -10 0.63
100 1 Car -1 -1 -1 587.98 175.98 635.43 218.32 -1 -1 -1 -1000 -1000 -1000 -10 0.91
100 14 Car -1 -1 -1 564.01 172.48 583.99 189.40 -1 -1 -1 -1000 -1000 -1000 -10 0.56
101 1 Car -1 -1 -1 587.75 176.22 634.21 218.26 -1 -1 -1 -1000 -1000 -1000 -10 0.91
101 14 Car -1 -1 -1 563.92 171.99 583.99 189.37 -1 -1 -1 -1000 -1000 -1000 -10 0.60
102 1 Car -1 -1 -1 586.17 175.82 635.95 219.10 -1 -1 -1 -1000 -1000 -1000 -10 0.92
102 14 Car -1 -1 -1 563.87 172.99 583.51 189.53 -1 -1 -1 -1000 -1000 -1000 -10 0.70
103 1 Car -1 -1 -1 585.58 175.62 635.56 219.08 -1 -1 -1 -1000 -1000 -1000 -10 0.91
103 14 Car -1 -1 -1 563.58 172.99 582.48 189.83 -1 -1 -1 -1000 -1000 -1000 -10 0.77
104 1 Car -1 -1 -1 585.15 175.51 632.58 217.69 -1 -1 -1 -1000 -1000 -1000 -10 0.82
104 14 Car -1 -1 -1 564.05 171.62 581.53 189.01 -1 -1 -1 -1000 -1000 -1000 -10 0.68
105 1 Car -1 -1 -1 585.14 174.81 632.03 217.01 -1 -1 -1 -1000 -1000 -1000 -10 0.81
105 14 Car -1 -1 -1 564.28 171.45 580.99 188.93 -1 -1 -1 -1000 -1000 -1000 -10 0.58
106 1 Car -1 -1 -1 584.19 174.35 633.13 217.72 -1 -1 -1 -1000 -1000 -1000 -10 0.82
106 14 Car -1 -1 -1 563.57 170.80 580.87 187.25 -1 -1 -1 -1000 -1000 -1000 -10 0.68
107 1 Car -1 -1 -1 584.90 174.31 632.75 217.91 -1 -1 -1 -1000 -1000 -1000 -10 0.80
107 14 Car -1 -1 -1 564.60 171.25 580.50 187.12 -1 -1 -1 -1000 -1000 -1000 -10 0.61