0 1 Car -1 -1 -1 484.72 168.04 510.63 181.70 -1 -1 -1 -1000 -1000 -1000 -10 0.56
1 1 Car -1 -1 -1 480.85 168.42 501.14 181.41 -1 -1 -1 -1000 -1000 -1000 -10 0.44
2 1 Car -1 -1 -1 478.61 171.71 503.60 185.37 -1 -1 -1 -1000 -1000 -1000 -10 0.67
3 1 Car -1 -1 -1 465.94 169.14 500.40 185.12 -1 -1 -1 -1000 -1000 -1000 -10 0.73
4 1 Car -1 -1 -1 454.14 169.76 475.10 183.32 -1 -1 -1 -1000 -1000 -1000 -10 0.53
4 2 Car -1 -1 -1 468.58 170.63 496.53 184.97 -1 -1 -1 -1000 -1000 -1000 -10 0.49
5 1 Car -1 -1 -1 445.46 170.39 464.72 184.03 -1 -1 -1 -1000 -1000 -1000 -10 0.64
5 2 Car -1 -1 -1 461.94 171.25 494.80 186.53 -1 -1 -1 -1000 -1000 -1000 -10 0.61
6 2 Car -1 -1 -1 458.30 168.37 494.85 185.02 -1 -1 -1 -1000 -1000 -1000 -10 0.69
6 1 Car -1 -1 -1 434.51 168.14 455.92 182.29 -1 -1 -1 -1000 -1000 -1000 -10 0.61
7 2 Car -1 -1 -1 458.03 167.59 501.54 184.98 -1 -1 -1 -1000 -1000 -1000 -10 0.66
7 1 Car -1 -1 -1 423.88 166.89 446.93 182.96 -1 -1 -1 -1000 -1000 -1000 -10 0.61
8 2 Car -1 -1 -1 460.12 168.21 506.12 187.70 -1 -1 -1 -1000 -1000 -1000 -10 0.85
8 1 Car -1 -1 -1 414.66 168.31 438.06 185.28 -1 -1 -1 -1000 -1000 -1000 -10 0.55
9 2 Car -1 -1 -1 465.20 173.27 516.68 192.78 -1 -1 -1 -1000 -1000 -1000 -10 0.79
9 1 Car -1 -1 -1 404.44 173.57 430.79 190.57 -1 -1 -1 -1000 -1000 -1000 -10 0.74
10 2 Car -1 -1 -1 476.11 172.22 527.53 192.26 -1 -1 -1 -1000 -1000 -1000 -10 0.81
10 1 Car -1 -1 -1 398.61 171.57 426.40 190.61 -1 -1 -1 -1000 -1000 -1000 -10 0.73
11 2 Car -1 -1 -1 490.75 170.18 548.26 194.39 -1 -1 -1 -1000 -1000 -1000 -10 0.80
11 1 Car -1 -1 -1 394.58 171.33 426.93 190.37 -1 -1 -1 -1000 -1000 -1000 -10 0.58
12 2 Car -1 -1 -1 511.99 171.72 571.96 194.49 -1 -1 -1 -1000 -1000 -1000 -10 0.76
12 1 Car -1 -1 -1 395.97 171.33 429.36 193.11 -1 -1 -1 -1000 -1000 -1000 -10 0.76
13 1 Car -1 -1 -1 397.05 170.40 438.86 192.89 -1 -1 -1 -1000 -1000 -1000 -10 0.81
13 2 Car -1 -1 -1 549.35 170.57 605.09 194.97 -1 -1 -1 -1000 -1000 -1000 -10 0.80
13 3 Pedestrian -1 -1 -1 517.06 171.65 526.74 199.35 -1 -1 -1 -1000 -1000 -1000 -10 0.48
14 2 Car -1 -1 -1 586.00 174.23 645.16 197.25 -1 -1 -1 -1000 -1000 -1000 -10 0.87
14 1 Car -1 -1 -1 404.26 173.04 451.32 196.94 -1 -1 -1 -1000 -1000 -1000 -10 0.77
14 3 Pedestrian -1 -1 -1 519.65 173.03 531.07 203.76 -1 -1 -1 -1000 -1000 -1000 -10 0.57
15 1 Car -1 -1 -1 412.68 173.52 466.20 199.03 -1 -1 -1 -1000 -1000 -1000 -10 0.81
15 2 Car -1 -1 -1 626.14 174.60 688.14 199.06 -1 -1 -1 -1000 -1000 -1000 -10 0.79
15 3 Pedestrian -1 -1 -1 523.52 174.41 534.66 204.60 -1 -1 -1 -1000 -1000 -1000 -10 0.57
16 2 Car -1 -1 -1 671.26 172.84 738.04 198.34 -1 -1 -1 -1000 -1000 -1000 -10 0.89
16 1 Car -1 -1 -1 421.75 171.01 482.55 199.20 -1 -1 -1 -1000 -1000 -1000 -10 0.88
16 3 Pedestrian -1 -1 -1 526.29 173.13 539.10 207.86 -1 -1 -1 -1000 -1000 -1000 -10 0.56
17 2 Car -1 -1 -1 718.40 170.96 791.82 199.18 -1 -1 -1 -1000 -1000 -1000 -10 0.91
17 1 Car -1 -1 -1 433.01 169.76 502.28 199.91 -1 -1 -1 -1000 -1000 -1000 -10 0.89
17 3 Pedestrian -1 -1 -1 529.25 173.25 543.68 211.46 -1 -1 -1 -1000 -1000 -1000 -10 0.49
18 1 Car -1 -1 -1 444.26 168.88 524.37 202.29 -1 -1 -1 -1000 -1000 -1000 -10 0.90
18 2 Car -1 -1 -1 770.22 171.01 850.45 199.83 -1 -1 -1 -1000 -1000 -1000 -10 0.84
19 1 Car -1 -1 -1 459.51 167.27 547.00 203.81 -1 -1 -1 -1000 -1000 -1000 -10 0.92
19 2 Car -1 -1 -1 828.67 168.33 912.27 201.31 -1 -1 -1 -1000 -1000 -1000 -10 0.90
20 1 Car -1 -1 -1 480.04 165.38 579.36 206.93 -1 -1 -1 -1000 -1000 -1000 -10 0.94
20 2 Car -1 -1 -1 893.20 164.66 979.82 201.24 -1 -1 -1 -1000 -1000 -1000 -10 0.86
21 1 Car -1 -1 -1 499.44 162.91 612.39 208.29 -1 -1 -1 -1000 -1000 -1000 -10 0.94
21 2 Car -1 -1 -1 960.42 162.84 1055.44 199.82 -1 -1 -1 -1000 -1000 -1000 -10 0.92
22 1 Car -1 -1 -1 514.31 160.84 652.32 211.60 -1 -1 -1 -1000 -1000 -1000 -10 0.92
22 2 Car -1 -1 -1 1032.48 159.40 1128.96 198.65 -1 -1 -1 -1000 -1000 -1000 -10 0.90
23 1 Car -1 -1 -1 550.90 159.35 688.69 212.16 -1 -1 -1 -1000 -1000 -1000 -10 0.93
23 2 Car -1 -1 -1 1100.82 156.44 1198.90 196.53 -1 -1 -1 -1000 -1000 -1000 -10 0.85
24 1 Car -1 -1 -1 577.50 155.03 729.90 214.94 -1 -1 -1 -1000 -1000 -1000 -10 0.95
24 2 Car -1 -1 -1 1157.19 151.51 1238.33 191.00 -1 -1 -1 -1000 -1000 -1000 -10 0.87
25 1 Car -1 -1 -1 608.20 152.80 767.90 217.93 -1 -1 -1 -1000 -1000 -1000 -10 0.94
25 2 Car -1 -1 -1 1204.35 144.83 1238.73 185.90 -1 -1 -1 -1000 -1000 -1000 -10 0.85
26 1 Car -1 -1 -1 637.74 151.37 808.97 219.50 -1 -1 -1 -1000 -1000 -1000 -10 0.95
26 2 Car -1 -1 -1 1227.62 130.35 1238.84 178.71 -1 -1 -1 -1000 -1000 -1000 -10 0.40
27 1 Car -1 -1 -1 669.59 146.36 846.97 217.90 -1 -1 -1 -1000 -1000 -1000 -10 0.94
28 1 Car -1 -1 -1 703.32 143.57 884.16 218.00 -1 -1 -1 -1000 -1000 -1000 -10 0.95
28 4 Car -1 -1 -1 1179.04 114.98 1237.11 141.72 -1 -1 -1 -1000 -1000 -1000 -10 0.78
29 1 Car -1 -1 -1 734.98 137.74 914.24 217.81 -1 -1 -1 -1000 -1000 -1000 -10 0.95
29 4 Car -1 -1 -1 1104.42 112.77 1172.26 143.23 -1 -1 -1 -1000 -1000 -1000 -10 0.72
30 1 Car -1 -1 -1 763.44 132.73 933.66 214.31 -1 -1 -1 -1000 -1000 -1000 -10 0.96
30 4 Car -1 -1 -1 1035.16 115.79 1096.87 144.22 -1 -1 -1 -1000 -1000 -1000 -10 0.85
31 1 Car -1 -1 -1 786.57 132.93 946.69 213.85 -1 -1 -1 -1000 -1000 -1000 -10 0.96
31 4 Car -1 -1 -1 958.97 121.83 1022.98 149.94 -1 -1 -1 -1000 -1000 -1000 -10 0.85
31 5 Car -1 -1 -1 1199.75 107.33 1236.07 139.42 -1 -1 -1 -1000 -1000 -1000 -10 0.82
32 1 Car -1 -1 -1 802.71 134.64 947.64 214.54 -1 -1 -1 -1000 -1000 -1000 -10 0.97
32 5 Car -1 -1 -1 1154.08 116.37 1193.55 143.26 -1 -1 -1 -1000 -1000 -1000 -10 0.74
32 4 Car -1 -1 -1 885.27 129.70 942.99 158.24 -1 -1 -1 -1000 -1000 -1000 -10 0.62
33 1 Car -1 -1 -1 807.74 139.38 940.73 217.05 -1 -1 -1 -1000 -1000 -1000 -10 0.97
33 5 Car -1 -1 -1 1100.07 126.63 1138.63 151.58 -1 -1 -1 -1000 -1000 -1000 -10 0.83
33 6 Car -1 -1 -1 800.03 139.72 873.02 176.67 -1 -1 -1 -1000 -1000 -1000 -10 0.42
34 1 Car -1 -1 -1 807.63 146.28 925.79 223.19 -1 -1 -1 -1000 -1000 -1000 -10 0.96
34 6 Car -1 -1 -1 713.94 151.38 788.94 187.14 -1 -1 -1 -1000 -1000 -1000 -10 0.87
34 5 Car -1 -1 -1 1045.35 138.30 1079.11 161.36 -1 -1 -1 -1000 -1000 -1000 -10 0.76
35 1 Car -1 -1 -1 796.37 158.50 906.56 230.75 -1 -1 -1 -1000 -1000 -1000 -10 0.96
35 6 Car -1 -1 -1 623.75 165.76 707.49 207.03 -1 -1 -1 -1000 -1000 -1000 -10 0.88
35 5 Car -1 -1 -1 989.72 151.81 1019.34 174.60 -1 -1 -1 -1000 -1000 -1000 -10 0.63
36 1 Car -1 -1 -1 780.84 162.48 877.16 232.90 -1 -1 -1 -1000 -1000 -1000 -10 0.98
36 6 Car -1 -1 -1 523.58 174.77 621.12 220.15 -1 -1 -1 -1000 -1000 -1000 -10 0.90
36 5 Car -1 -1 -1 932.73 159.64 963.32 179.88 -1 -1 -1 -1000 -1000 -1000 -10 0.72
37 1 Car -1 -1 -1 757.40 165.88 844.03 231.14 -1 -1 -1 -1000 -1000 -1000 -10 0.94
37 6 Car -1 -1 -1 400.55 181.00 519.44 236.05 -1 -1 -1 -1000 -1000 -1000 -10 0.92
37 5 Car -1 -1 -1 877.24 164.52 904.59 184.82 -1 -1 -1 -1000 -1000 -1000 -10 0.71
38 1 Car -1 -1 -1 728.69 167.07 805.32 229.53 -1 -1 -1 -1000 -1000 -1000 -10 0.95
38 6 Car -1 -1 -1 241.55 183.84 397.97 250.70 -1 -1 -1 -1000 -1000 -1000 -10 0.92
38 5 Car -1 -1 -1 824.60 167.62 847.87 186.48 -1 -1 -1 -1000 -1000 -1000 -10 0.72
39 6 Car -1 -1 -1 10.93 186.15 240.50 279.29 -1 -1 -1 -1000 -1000 -1000 -10 0.95
39 1 Car -1 -1 -1 696.31 164.60 766.79 223.97 -1 -1 -1 -1000 -1000 -1000 -10 0.94
39 5 Car -1 -1 -1 773.46 167.01 796.60 183.42 -1 -1 -1 -1000 -1000 -1000 -10 0.57
40 1 Car -1 -1 -1 664.47 165.75 730.27 222.11 -1 -1 -1 -1000 -1000 -1000 -10 0.94
40 5 Car -1 -1 -1 725.57 168.08 747.88 185.31 -1 -1 -1 -1000 -1000 -1000 -10 0.58
41 1 Car -1 -1 -1 635.18 167.29 697.49 221.64 -1 -1 -1 -1000 -1000 -1000 -10 0.91
41 5 Car -1 -1 -1 684.93 171.38 707.83 186.23 -1 -1 -1 -1000 -1000 -1000 -10 0.59
42 1 Car -1 -1 -1 611.14 170.38 671.36 222.92 -1 -1 -1 -1000 -1000 -1000 -10 0.91
43 1 Car -1 -1 -1 588.25 174.79 647.51 224.63 -1 -1 -1 -1000 -1000 -1000 -10 0.83
44 1 Car -1 -1 -1 573.19 176.19 628.91 224.05 -1 -1 -1 -1000 -1000 -1000 -10 0.85
45 1 Car -1 -1 -1 567.46 178.93 621.14 225.41 -1 -1 -1 -1000 -1000 -1000 -10 0.81
46 1 Car -1 -1 -1 565.31 183.56 615.72 226.57 -1 -1 -1 -1000 -1000 -1000 -10 0.91
47 1 Car -1 -1 -1 561.12 183.69 611.89 225.02 -1 -1 -1 -1000 -1000 -1000 -10 0.85
48 1 Car -1 -1 -1 559.25 186.41 605.96 226.15 -1 -1 -1 -1000 -1000 -1000 -10 0.77
49 1 Car -1 -1 -1 555.46 185.51 602.04 223.68 -1 -1 -1 -1000 -1000 -1000 -10 0.85
50 1 Car -1 -1 -1 552.10 185.09 597.68 222.46 -1 -1 -1 -1000 -1000 -1000 -10 0.81
51 1 Car -1 -1 -1 551.54 184.39 594.27 220.10 -1 -1 -1 -1000 -1000 -1000 -10 0.89
52 1 Car -1 -1 -1 549.90 182.93 592.15 218.62 -1 -1 -1 -1000 -1000 -1000 -10 0.85
53 1 Car -1 -1 -1 549.41 182.65 589.05 217.70 -1 -1 -1 -1000 -1000 -1000 -10 0.88
54 1 Car -1 -1 -1 548.46 183.20 587.29 215.90 -1 -1 -1 -1000 -1000 -1000 -10 0.78
55 1 Car -1 -1 -1 550.07 182.33 587.34 214.54 -1 -1 -1 -1000 -1000 -1000 -10 0.84
56 1 Car -1 -1 -1 550.81 182.27 587.73 214.14 -1 -1 -1 -1000 -1000 -1000 -10 0.87
57 1 Car -1 -1 -1 551.26 181.52 586.70 211.89 -1 -1 -1 -1000 -1000 -1000 -10 0.88
58 1 Car -1 -1 -1 551.87 180.70 588.29 211.02 -1 -1 -1 -1000 -1000 -1000 -10 0.72
59 1 Car -1 -1 -1 551.79 179.27 588.56 210.03 -1 -1 -1 -1000 -1000 -1000 -10 0.66
60 1 Car -1 -1 -1 552.59 178.86 586.91 207.61 -1 -1 -1 -1000 -1000 -1000 -10 0.85
60 7 Car -1 -1 -1 520.59 178.30 537.52 190.27 -1 -1 -1 -1000 -1000 -1000 -10 0.60
61 1 Car -1 -1 -1 551.15 178.92 584.62 206.62 -1 -1 -1 -1000 -1000 -1000 -10 0.86
62 1 Car -1 -1 -1 549.61 178.26 583.05 205.89 -1 -1 -1 -1000 -1000 -1000 -10 0.64
62 8 Car -1 -1 -1 514.00 176.68 530.12 187.93 -1 -1 -1 -1000 -1000 -1000 -10 0.49
63 1 Car -1 -1 -1 549.00 178.72 580.46 205.16 -1 -1 -1 -1000 -1000 -1000 -10 0.79
63 8 Car -1 -1 -1 509.54 176.67 527.28 187.98 -1 -1 -1 -1000 -1000 -1000 -10 0.63
64 1 Car -1 -1 -1 545.02 177.03 577.74 204.55 -1 -1 -1 -1000 -1000 -1000 -10 0.77
64 8 Car -1 -1 -1 505.77 176.77 521.94 187.74 -1 -1 -1 -1000 -1000 -1000 -10 0.66
65 1 Car -1 -1 -1 543.81 176.72 575.02 202.33 -1 -1 -1 -1000 -1000 -1000 -10 0.76
65 8 Car -1 -1 -1 502.34 176.83 516.25 186.59 -1 -1 -1 -1000 -1000 -1000 -10 0.50
66 1 Car -1 -1 -1 541.07 177.59 572.11 203.85 -1 -1 -1 -1000 -1000 -1000 -10 0.76
66 8 Car -1 -1 -1 498.09 177.59 513.33 188.33 -1 -1 -1 -1000 -1000 -1000 -10 0.50
67 1 Car -1 -1 -1 539.11 180.05 569.54 205.96 -1 -1 -1 -1000 -1000 -1000 -10 0.82
67 8 Car -1 -1 -1 493.35 180.31 513.30 192.33 -1 -1 -1 -1000 -1000 -1000 -10 0.49
68 1 Car -1 -1 -1 536.85 180.24 567.24 205.47 -1 -1 -1 -1000 -1000 -1000 -10 0.81
68 8 Car -1 -1 -1 491.11 180.54 508.82 191.80 -1 -1 -1 -1000 -1000 -1000 -10 0.56
69 1 Car -1 -1 -1 535.07 180.09 566.39 205.44 -1 -1 -1 -1000 -1000 -1000 -10 0.72
69 8 Car -1 -1 -1 491.63 180.99 507.70 191.58 -1 -1 -1 -1000 -1000 -1000 -10 0.67
70 1 Car -1 -1 -1 536.88 178.27 566.07 202.64 -1 -1 -1 -1000 -1000 -1000 -10 0.68
70 8 Car -1 -1 -1 491.37 178.94 508.45 189.66 -1 -1 -1 -1000 -1000 -1000 -10 0.49
71 1 Car -1 -1 -1 539.51 176.34 566.35 199.68 -1 -1 -1 -1000 -1000 -1000 -10 0.70
72 1 Car -1 -1 -1 539.95 174.66 566.65 197.58 -1 -1 -1 -1000 -1000 -1000 -10 0.82
73 1 Car -1 -1 -1 539.94 174.71 568.23 198.45 -1 -1 -1 -1000 -1000 -1000 -10 0.75
74 1 Car -1 -1 -1 541.33 175.44 567.95 198.33 -1 -1 -1 -1000 -1000 -1000 -10 0.55
75 1 Car -1 -1 -1 541.19 177.68 566.45 198.67 -1 -1 -1 -1000 -1000 -1000 -10 0.73
76 1 Car -1 -1 -1 537.91 177.64 565.14 199.18 -1 -1 -1 -1000 -1000 -1000 -10 0.62
77 1 Car -1 -1 -1 536.74 179.53 561.22 199.88 -1 -1 -1 -1000 -1000 -1000 -10 0.81
78 1 Car -1 -1 -1 534.93 178.18 560.41 198.36 -1 -1 -1 -1000 -1000 -1000 -10 0.56
79 1 Car -1 -1 -1 534.12 176.16 558.54 196.37 -1 -1 -1 -1000 -1000 -1000 -10 0.72
80 1 Car -1 -1 -1 535.45 174.54 560.24 194.46 -1 -1 -1 -1000 -1000 -1000 -10 0.64
81 1 Car -1 -1 -1 536.44 174.42 561.05 194.26 -1 -1 -1 -1000 -1000 -1000 -10 0.73
82 1 Car -1 -1 -1 539.65 174.86 564.33 194.20 -1 -1 -1 -1000 -1000 -1000 -10 0.71
83 1 Car -1 -1 -1 542.73 175.28 566.48 194.07 -1 -1 -1 -1000 -1000 -1000 -10 0.58
84 1 Car -1 -1 -1 546.15 175.69 567.87 194.09 -1 -1 -1 -1000 -1000 -1000 -10 0.76
85 1 Car -1 -1 -1 546.47 175.83 567.84 193.36 -1 -1 -1 -1000 -1000 -1000 -10 0.76
86 1 Car -1 -1 -1 546.71 175.63 567.52 192.73 -1 -1 -1 -1000 -1000 -1000 -10 0.68
87 1 Car -1 -1 -1 545.51 173.95 566.52 191.75 -1 -1 -1 -1000 -1000 -1000 -10 0.70
88 1 Car -1 -1 -1 546.26 173.64 567.95 192.53 -1 -1 -1 -1000 -1000 -1000 -10 0.70
89 1 Car -1 -1 -1 547.64 176.03 567.93 193.06 -1 -1 -1 -1000 -1000 -1000 -10 0.72
90 1 Car -1 -1 -1 549.87 176.63 569.45 193.47 -1 -1 -1 -1000 -1000 -1000 -10 0.70
91 1 Car -1 -1 -1 551.51 175.99 570.33 192.08 -1 -1 -1 -1000 -1000 -1000 -10 0.66
92 1 Car -1 -1 -1 553.83 173.69 573.48 189.78 -1 -1 -1 -1000 -1000 -1000 -10 0.73
93 1 Car -1 -1 -1 558.40 175.54 577.82 190.46 -1 -1 -1 -1000 -1000 -1000 -10 0.66
94 1 Car -1 -1 -1 562.36 175.23 583.15 190.75 -1 -1 -1 -1000 -1000 -1000 -10 0.70
95 1 Car -1 -1 -1 568.72 174.94 588.94 191.28 -1 -1 -1 -1000 -1000 -1000 -10 0.52
96 1 Car -1 -1 -1 574.95 176.42 593.16 191.79 -1 -1 -1 -1000 -1000 -1000 -10 0.63
97 1 Car -1 -1 -1 578.51 177.09 596.44 191.06 -1 -1 -1 -1000 -1000 -1000 -10 0.61
98 1 Car -1 -1 -1 581.94 175.33 600.34 190.73 -1 -1 -1 -1000 -1000 -1000 -10 0.66
99 1 Car -1 -1 -1 586.00 175.92 605.30 190.23 -1 -1 -1 -1000 -1000 -1000 -10 0.65
100 1 Car -1 -1 -1 591.13 176.13 610.19 190.17 -1 -1 -1 -1000 -1000 -1000 -10 0.55
101 1 Car -1 -1 -1 597.43 175.03 616.41 189.55 -1 -1 -1 -1000 -1000 -1000 -10 0.75
102 1 Car -1 -1 -1 601.37 173.35 623.34 188.07 -1 -1 -1 -1000 -1000 -1000 -10 0.64
102 9 Car -1 -1 -1 518.77 171.92 547.21 184.82 -1 -1 -1 -1000 -1000 -1000 -10 0.62
103 9 Car -1 -1 -1 518.74 171.09 549.16 184.77 -1 -1 -1 -1000 -1000 -1000 -10 0.70
103 1 Car -1 -1 -1 606.57 170.77 626.69 187.36 -1 -1 -1 -1000 -1000 -1000 -10 0.50
104 1 Car -1 -1 -1 612.42 174.07 635.31 187.58 -1 -1 -1 -1000 -1000 -1000 -10 0.64
104 9 Car -1 -1 -1 521.11 171.62 552.19 184.81 -1 -1 -1 -1000 -1000 -1000 -10 0.54
105 1 Car -1 -1 -1 620.00 174.11 640.69 187.82 -1 -1 -1 -1000 -1000 -1000 -10 0.72
105 9 Car -1 -1 -1 521.23 170.96 553.08 184.87 -1 -1 -1 -1000 -1000 -1000 -10 0.62
106 1 Car -1 -1 -1 625.72 173.08 645.04 188.08 -1 -1 -1 -1000 -1000 -1000 -10 0.74
106 9 Car -1 -1 -1 519.46 170.62 555.16 185.54 -1 -1 -1 -1000 -1000 -1000 -10 0.68
106 10 Car -1 -1 -1 601.52 170.88 622.38 184.05 -1 -1 -1 -1000 -1000 -1000 -10 0.42
107 10 Car -1 -1 -1 601.85 171.05 620.40 184.38 -1 -1 -1 -1000 -1000 -1000 -10 0.72
107 1 Car -1 -1 -1 632.53 173.69 651.76 187.00 -1 -1 -1 -1000 -1000 -1000 -10 0.70
107 9 Car -1 -1 -1 519.83 171.07 553.92 185.33 -1 -1 -1 -1000 -1000 -1000 -10 0.63
108 10 Car -1 -1 -1 599.19 172.74 616.20 184.97 -1 -1 -1 -1000 -1000 -1000 -10 0.63
108 9 Car -1 -1 -1 516.26 171.19 557.00 185.55 -1 -1 -1 -1000 -1000 -1000 -10 0.62
108 1 Car -1 -1 -1 640.66 174.25 656.64 186.11 -1 -1 -1 -1000 -1000 -1000 -10 0.43
109 1 Car -1 -1 -1 644.69 170.58 662.23 184.36 -1 -1 -1 -1000 -1000 -1000 -10 0.74
109 9 Car -1 -1 -1 511.61 168.29 555.88 185.01 -1 -1 -1 -1000 -1000 -1000 -10 0.74
109 10 Car -1 -1 -1 594.87 170.89 613.04 184.34 -1 -1 -1 -1000 -1000 -1000 -10 0.71
109 11 Car -1 -1 -1 621.94 169.23 637.90 180.32 -1 -1 -1 -1000 -1000 -1000 -10 0.50
110 1 Car -1 -1 -1 649.06 171.41 666.96 184.11 -1 -1 -1 -1000 -1000 -1000 -10 0.75
110 10 Car -1 -1 -1 591.13 172.01 608.67 184.64 -1 -1 -1 -1000 -1000 -1000 -10 0.71
110 9 Car -1 -1 -1 511.77 168.71 553.92 185.80 -1 -1 -1 -1000 -1000 -1000 -10 0.69
110 11 Car -1 -1 -1 618.82 171.10 634.37 181.30 -1 -1 -1 -1000 -1000 -1000 -10 0.51
111 10 Car -1 -1 -1 586.62 174.02 607.04 188.38 -1 -1 -1 -1000 -1000 -1000 -10 0.65
111 9 Car -1 -1 -1 507.96 171.69 551.40 188.88 -1 -1 -1 -1000 -1000 -1000 -10 0.60
111 11 Car -1 -1 -1 616.86 172.47 631.42 184.62 -1 -1 -1 -1000 -1000 -1000 -10 0.57
111 1 Car -1 -1 -1 653.80 173.23 672.43 184.91 -1 -1 -1 -1000 -1000 -1000 -10 0.55
111 12 Car -1 -1 -1 448.51 171.26 492.80 189.82 -1 -1 -1 -1000 -1000 -1000 -10 0.51
112 12 Car -1 -1 -1 443.09 173.21 491.03 191.82 -1 -1 -1 -1000 -1000 -1000 -10 0.68
112 11 Car -1 -1 -1 613.27 174.45 630.44 186.69 -1 -1 -1 -1000 -1000 -1000 -10 0.66
112 1 Car -1 -1 -1 660.27 174.00 678.08 186.48 -1 -1 -1 -1000 -1000 -1000 -10 0.66
112 10 Car -1 -1 -1 580.51 175.98 602.59 192.04 -1 -1 -1 -1000 -1000 -1000 -10 0.60
112 9 Car -1 -1 -1 506.41 173.88 551.97 192.37 -1 -1 -1 -1000 -1000 -1000 -10 0.50
113 11 Car -1 -1 -1 610.34 175.22 627.68 188.82 -1 -1 -1 -1000 -1000 -1000 -10 0.74
113 12 Car -1 -1 -1 439.63 176.67 487.37 194.36 -1 -1 -1 -1000 -1000 -1000 -10 0.74
113 10 Car -1 -1 -1 574.25 176.72 599.13 194.08 -1 -1 -1 -1000 -1000 -1000 -10 0.70
113 9 Car -1 -1 -1 501.17 174.83 544.87 194.49 -1 -1 -1 -1000 -1000 -1000 -10 0.67
113 1 Car -1 -1 -1 667.02 174.61 685.01 186.25 -1 -1 -1 -1000 -1000 -1000 -10 0.52
114 10 Car -1 -1 -1 566.67 176.17 593.58 194.51 -1 -1 -1 -1000 -1000 -1000 -10 0.81
114 9 Car -1 -1 -1 497.07 174.53 546.04 194.77 -1 -1 -1 -1000 -1000 -1000 -10 0.76
114 11 Car -1 -1 -1 606.87 173.72 625.01 188.18 -1 -1 -1 -1000 -1000 -1000 -10 0.74
114 12 Car -1 -1 -1 435.40 176.52 483.67 194.81 -1 -1 -1 -1000 -1000 -1000 -10 0.72
114 1 Car -1 -1 -1 672.53 171.43 689.80 183.48 -1 -1 -1 -1000 -1000 -1000 -10 0.69
115 10 Car -1 -1 -1 556.63 174.32 587.18 194.10 -1 -1 -1 -1000 -1000 -1000 -10 0.74
115 11 Car -1 -1 -1 601.48 170.63 622.34 186.82 -1 -1 -1 -1000 -1000 -1000 -10 0.71
115 9 Car -1 -1 -1 488.74 171.52 541.78 193.50 -1 -1 -1 -1000 -1000 -1000 -10 0.70
115 1 Car -1 -1 -1 678.25 167.51 697.90 179.44 -1 -1 -1 -1000 -1000 -1000 -10 0.64
115 12 Car -1 -1 -1 429.08 174.12 480.89 194.65 -1 -1 -1 -1000 -1000 -1000 -10 0.63
115 13 Car -1 -1 -1 630.96 170.52 648.46 182.02 -1 -1 -1 -1000 -1000 -1000 -10 0.42
116 9 Car -1 -1 -1 482.64 170.73 539.28 195.28 -1 -1 -1 -1000 -1000 -1000 -10 0.77
116 10 Car -1 -1 -1 544.88 174.17 582.02 198.55 -1 -1 -1 -1000 -1000 -1000 -10 0.75
116 11 Car -1 -1 -1 595.66 169.82 619.19 188.58 -1 -1 -1 -1000 -1000 -1000 -10 0.71
116 12 Car -1 -1 -1 417.99 174.73 473.21 196.08 -1 -1 -1 -1000 -1000 -1000 -10 0.68
116 13 Car -1 -1 -1 628.74 171.24 645.98 183.63 -1 -1 -1 -1000 -1000 -1000 -10 0.67
116 1 Car -1 -1 -1 683.74 167.14 702.76 177.87 -1 -1 -1 -1000 -1000 -1000 -10 0.56
117 10 Car -1 -1 -1 529.05 175.87 569.53 204.69 -1 -1 -1 -1000 -1000 -1000 -10 0.89
117 11 Car -1 -1 -1 587.95 172.01 613.12 190.98 -1 -1 -1 -1000 -1000 -1000 -10 0.75
117 9 Car -1 -1 -1 477.15 172.41 530.31 196.48 -1 -1 -1 -1000 -1000 -1000 -10 0.70
117 13 Car -1 -1 -1 625.05 172.21 644.25 185.74 -1 -1 -1 -1000 -1000 -1000 -10 0.69
117 12 Car -1 -1 -1 408.49 175.73 466.76 198.18 -1 -1 -1 -1000 -1000 -1000 -10 0.61
117 1 Car -1 -1 -1 688.60 166.37 711.14 178.65 -1 -1 -1 -1000 -1000 -1000 -10 0.50
118 10 Car -1 -1 -1 510.24 176.68 558.45 212.19 -1 -1 -1 -1000 -1000 -1000 -10 0.90
118 9 Car -1 -1 -1 469.77 172.21 527.95 199.47 -1 -1 -1 -1000 -1000 -1000 -10 0.84
118 12 Car -1 -1 -1 398.85 177.49 459.23 201.35 -1 -1 -1 -1000 -1000 -1000 -10 0.82
118 11 Car -1 -1 -1 580.94 171.91 608.72 194.48 -1 -1 -1 -1000 -1000 -1000 -10 0.65
118 13 Car -1 -1 -1 620.50 172.71 642.02 187.91 -1 -1 -1 -1000 -1000 -1000 -10 0.64
119 10 Car -1 -1 -1 482.16 178.67 544.81 223.15 -1 -1 -1 -1000 -1000 -1000 -10 0.93
119 11 Car -1 -1 -1 569.27 172.61 604.01 197.85 -1 -1 -1 -1000 -1000 -1000 -10 0.80
119 13 Car -1 -1 -1 615.89 173.92 638.58 188.85 -1 -1 -1 -1000 -1000 -1000 -10 0.76
119 12 Car -1 -1 -1 387.37 177.57 449.28 203.41 -1 -1 -1 -1000 -1000 -1000 -10 0.76
119 9 Car -1 -1 -1 460.93 172.03 521.98 201.41 -1 -1 -1 -1000 -1000 -1000 -10 0.76
120 10 Car -1 -1 -1 435.76 180.38 521.39 239.31 -1 -1 -1 -1000 -1000 -1000 -10 0.93
120 11 Car -1 -1 -1 556.09 171.69 595.07 202.22 -1 -1 -1 -1000 -1000 -1000 -10 0.78
120 12 Car -1 -1 -1 377.67 178.37 440.57 203.36 -1 -1 -1 -1000 -1000 -1000 -10 0.74
120 13 Car -1 -1 -1 609.37 173.89 634.01 191.02 -1 -1 -1 -1000 -1000 -1000 -10 0.65
120 9 Car -1 -1 -1 448.96 174.47 501.08 203.19 -1 -1 -1 -1000 -1000 -1000 -10 0.55
120 14 Car -1 -1 -1 707.76 162.91 725.23 174.89 -1 -1 -1 -1000 -1000 -1000 -10 0.41
121 10 Car -1 -1 -1 345.32 186.36 480.19 272.11 -1 -1 -1 -1000 -1000 -1000 -10 0.93
121 11 Car -1 -1 -1 537.13 173.14 585.03 210.70 -1 -1 -1 -1000 -1000 -1000 -10 0.82
121 12 Car -1 -1 -1 358.96 176.99 429.82 209.86 -1 -1 -1 -1000 -1000 -1000 -10 0.70
121 13 Car -1 -1 -1 599.50 174.69 628.11 194.07 -1 -1 -1 -1000 -1000 -1000 -10 0.62
122 10 Car -1 -1 -1 66.76 183.86 402.76 374.25 -1 -1 -1 -1000 -1000 -1000 -10 0.94
122 11 Car -1 -1 -1 509.20 173.57 571.94 220.25 -1 -1 -1 -1000 -1000 -1000 -10 0.92
122 15 Car -1 -1 -1 421.69 175.29 499.45 209.28 -1 -1 -1 -1000 -1000 -1000 -10 0.81
122 13 Car -1 -1 -1 587.72 176.15 619.46 197.36 -1 -1 -1 -1000 -1000 -1000 -10 0.78
122 16 Car -1 -1 -1 450.00 175.05 516.32 203.21 -1 -1 -1 -1000 -1000 -1000 -10 0.58
122 12 Car -1 -1 -1 327.83 178.74 397.99 216.42 -1 -1 -1 -1000 -1000 -1000 -10 0.45
123 11 Car -1 -1 -1 463.52 173.83 549.19 236.13 -1 -1 -1 -1000 -1000 -1000 -10 0.94
123 15 Car -1 -1 -1 404.28 174.16 491.54 211.90 -1 -1 -1 -1000 -1000 -1000 -10 0.87
123 13 Car -1 -1 -1 571.57 176.83 609.78 201.22 -1 -1 -1 -1000 -1000 -1000 -10 0.80
123 17 Car -1 -1 -1 312.13 181.32 398.02 211.55 -1 -1 -1 -1000 -1000 -1000 -10 0.83
124 11 Car -1 -1 -1 388.78 177.55 515.80 265.09 -1 -1 -1 -1000 -1000 -1000 -10 0.95
124 13 Car -1 -1 -1 553.47 178.59 598.26 208.14 -1 -1 -1 -1000 -1000 -1000 -10 0.88
124 17 Car -1 -1 -1 292.90 184.17 372.82 216.64 -1 -1 -1 -1000 -1000 -1000 -10 0.85
124 15 Car -1 -1 -1 382.38 175.27 459.61 219.81 -1 -1 -1 -1000 -1000 -1000 -10 0.74
125 11 Car -1 -1 -1 194.14 179.31 453.38 340.32 -1 -1 -1 -1000 -1000 -1000 -10 0.89
125 13 Car -1 -1 -1 527.66 180.54 583.87 215.49 -1 -1 -1 -1000 -1000 -1000 -10 0.87
125 15 Car -1 -1 -1 394.83 179.32 485.82 213.57 -1 -1 -1 -1000 -1000 -1000 -10 0.70
125 18 Car -1 -1 -1 353.81 177.94 457.25 224.11 -1 -1 -1 -1000 -1000 -1000 -10 0.67
126 18 Car -1 -1 -1 323.59 172.49 433.98 223.54 -1 -1 -1 -1000 -1000 -1000 -10 0.92
126 13 Car -1 -1 -1 493.36 178.59 564.09 224.06 -1 -1 -1 -1000 -1000 -1000 -10 0.91
126 11 Car -1 -1 -1 0.43 167.59 259.11 367.11 -1 -1 -1 -1000 -1000 -1000 -10 0.91
126 15 Car -1 -1 -1 370.37 173.94 473.18 213.20 -1 -1 -1 -1000 -1000 -1000 -10 0.78
126 19 Car -1 -1 -1 223.83 181.16 325.18 221.16 -1 -1 -1 -1000 -1000 -1000 -10 0.88
127 13 Car -1 -1 -1 436.21 179.79 537.49 239.70 -1 -1 -1 -1000 -1000 -1000 -10 0.94
127 18 Car -1 -1 -1 292.87 170.68 409.37 225.64 -1 -1 -1 -1000 -1000 -1000 -10 0.91
127 19 Car -1 -1 -1 187.06 179.99 291.53 222.03 -1 -1 -1 -1000 -1000 -1000 -10 0.90
127 15 Car -1 -1 -1 348.81 171.75 455.64 214.23 -1 -1 -1 -1000 -1000 -1000 -10 0.78
128 13 Car -1 -1 -1 325.82 186.76 499.73 277.12 -1 -1 -1 -1000 -1000 -1000 -10 0.91
128 19 Car -1 -1 -1 141.30 180.24 257.32 228.26 -1 -1 -1 -1000 -1000 -1000 -10 0.90
128 18 Car -1 -1 -1 248.52 169.48 384.46 234.81 -1 -1 -1 -1000 -1000 -1000 -10 0.88
128 15 Car -1 -1 -1 317.98 173.10 430.72 219.83 -1 -1 -1 -1000 -1000 -1000 -10 0.54
129 13 Car -1 -1 -1 7.06 192.15 415.17 372.91 -1 -1 -1 -1000 -1000 -1000 -10 0.95
129 19 Car -1 -1 -1 83.77 180.90 216.26 235.57 -1 -1 -1 -1000 -1000 -1000 -10 0.87
129 15 Car -1 -1 -1 277.56 172.20 417.59 224.26 -1 -1 -1 -1000 -1000 -1000 -10 0.86
129 18 Car -1 -1 -1 202.56 168.95 352.55 240.93 -1 -1 -1 -1000 -1000 -1000 -10 0.84
130 18 Car -1 -1 -1 142.53 170.27 312.41 261.40 -1 -1 -1 -1000 -1000 -1000 -10 0.92
130 19 Car -1 -1 -1 22.56 184.12 160.10 243.02 -1 -1 -1 -1000 -1000 -1000 -10 0.88
130 15 Car -1 -1 -1 246.31 172.96 392.80 231.29 -1 -1 -1 -1000 -1000 -1000 -10 0.88
131 18 Car -1 -1 -1 70.49 169.87 260.42 279.89 -1 -1 -1 -1000 -1000 -1000 -10 0.95
131 19 Car -1 -1 -1 -1.34 185.76 98.47 255.10 -1 -1 -1 -1000 -1000 -1000 -10 0.94
131 15 Car -1 -1 -1 190.30 175.78 364.18 241.79 -1 -1 -1 -1000 -1000 -1000 -10 0.90
132 18 Car -1 -1 -1 -2.96 166.45 186.07 306.67 -1 -1 -1 -1000 -1000 -1000 -10 0.94
132 15 Car -1 -1 -1 125.05 176.49 329.15 250.65 -1 -1 -1 -1000 -1000 -1000 -10 0.90
133 15 Car -1 -1 -1 38.06 179.89 292.01 263.10 -1 -1 -1 -1000 -1000 -1000 -10 0.86
133 18 Car -1 -1 -1 -3.24 162.36 76.85 364.03 -1 -1 -1 -1000 -1000 -1000 -10 0.74
134 15 Car -1 -1 -1 4.82 186.68 239.83 285.11 -1 -1 -1 -1000 -1000 -1000 -10 0.96
135 15 Car -1 -1 -1 0.25 186.66 188.09 308.45 -1 -1 -1 -1000 -1000 -1000 -10 0.96
136 15 Car -1 -1 -1 -4.40 187.03 125.40 331.91 -1 -1 -1 -1000 -1000 -1000 -10 0.91
137 15 Car -1 -1 -1 -2.93 203.45 53.07 361.68 -1 -1 -1 -1000 -1000 -1000 -10 0.61
170 20 Car -1 -1 -1 820.16 178.25 843.86 192.84 -1 -1 -1 -1000 -1000 -1000 -10 0.46
171 20 Car -1 -1 -1 780.14 180.24 805.85 196.36 -1 -1 -1 -1000 -1000 -1000 -10 0.52
172 20 Car -1 -1 -1 740.11 182.83 763.29 197.20 -1 -1 -1 -1000 -1000 -1000 -10 0.66
173 20 Car -1 -1 -1 697.55 181.02 721.58 197.51 -1 -1 -1 -1000 -1000 -1000 -10 0.56
174 20 Car -1 -1 -1 657.01 176.30 680.67 192.95 -1 -1 -1 -1000 -1000 -1000 -10 0.66