0 1 Car -1 -1 -1 772.93 179.52 870.00 240.98 -1 -1 -1 -1000 -1000 -1000 -10 0.93
0 2 Car -1 -1 -1 397.14 170.46 445.73 202.01 -1 -1 -1 -1000 -1000 -1000 -10 0.88
0 3 Car -1 -1 -1 923.08 148.46 972.74 166.68 -1 -1 -1 -1000 -1000 -1000 -10 0.68
0 4 Car -1 -1 -1 627.35 170.26 643.43 183.39 -1 -1 -1 -1000 -1000 -1000 -10 0.62
0 5 Car -1 -1 -1 851.74 153.79 904.70 172.73 -1 -1 -1 -1000 -1000 -1000 -10 0.58
0 6 Car -1 -1 -1 546.61 173.91 569.74 188.30 -1 -1 -1 -1000 -1000 -1000 -10 0.54
0 7 Car -1 -1 -1 1106.24 139.75 1195.81 174.42 -1 -1 -1 -1000 -1000 -1000 -10 0.40
1 1 Car -1 -1 -1 770.49 176.24 862.64 236.19 -1 -1 -1 -1000 -1000 -1000 -10 0.93
1 2 Car -1 -1 -1 387.46 168.71 438.06 199.60 -1 -1 -1 -1000 -1000 -1000 -10 0.82
1 7 Car -1 -1 -1 1129.93 134.22 1235.31 173.92 -1 -1 -1 -1000 -1000 -1000 -10 0.76
1 4 Car -1 -1 -1 626.62 167.62 644.65 181.49 -1 -1 -1 -1000 -1000 -1000 -10 0.72
1 8 Car -1 -1 -1 706.24 164.25 740.61 176.11 -1 -1 -1 -1000 -1000 -1000 -10 0.70
1 5 Car -1 -1 -1 859.68 151.98 912.12 173.13 -1 -1 -1 -1000 -1000 -1000 -10 0.67
1 9 Car -1 -1 -1 1096.70 138.66 1188.92 171.25 -1 -1 -1 -1000 -1000 -1000 -10 0.67
1 6 Car -1 -1 -1 541.21 170.18 567.49 187.08 -1 -1 -1 -1000 -1000 -1000 -10 0.63
1 3 Car -1 -1 -1 936.15 147.08 983.57 164.73 -1 -1 -1 -1000 -1000 -1000 -10 0.59
1 10 Car -1 -1 -1 1173.00 134.95 1238.58 175.71 -1 -1 -1 -1000 -1000 -1000 -10 0.55
1 11 Car -1 -1 -1 451.18 174.76 483.50 186.66 -1 -1 -1 -1000 -1000 -1000 -10 0.43
2 1 Car -1 -1 -1 765.51 180.01 852.96 237.06 -1 -1 -1 -1000 -1000 -1000 -10 0.95
2 7 Car -1 -1 -1 1156.58 137.82 1238.57 177.57 -1 -1 -1 -1000 -1000 -1000 -10 0.84
2 2 Car -1 -1 -1 371.32 169.57 431.16 204.63 -1 -1 -1 -1000 -1000 -1000 -10 0.84
2 4 Car -1 -1 -1 624.77 169.14 643.04 185.36 -1 -1 -1 -1000 -1000 -1000 -10 0.82
2 3 Car -1 -1 -1 941.59 149.33 994.33 168.71 -1 -1 -1 -1000 -1000 -1000 -10 0.81
2 6 Car -1 -1 -1 534.27 173.91 562.65 191.19 -1 -1 -1 -1000 -1000 -1000 -10 0.74
2 5 Car -1 -1 -1 865.51 154.68 925.28 177.33 -1 -1 -1 -1000 -1000 -1000 -10 0.72
2 10 Car -1 -1 -1 1197.56 138.84 1237.00 178.28 -1 -1 -1 -1000 -1000 -1000 -10 0.71
2 12 Car -1 -1 -1 657.01 168.91 672.83 181.14 -1 -1 -1 -1000 -1000 -1000 -10 0.69
2 8 Car -1 -1 -1 697.76 167.86 734.24 178.96 -1 -1 -1 -1000 -1000 -1000 -10 0.63
2 11 Car -1 -1 -1 445.11 176.58 481.41 189.77 -1 -1 -1 -1000 -1000 -1000 -10 0.59
2 9 Car -1 -1 -1 1119.02 141.14 1205.61 173.51 -1 -1 -1 -1000 -1000 -1000 -10 0.48
3 1 Car -1 -1 -1 757.49 179.12 843.42 233.08 -1 -1 -1 -1000 -1000 -1000 -10 0.92
3 2 Car -1 -1 -1 358.18 172.67 419.75 207.43 -1 -1 -1 -1000 -1000 -1000 -10 0.90
3 5 Car -1 -1 -1 870.17 154.03 935.41 178.04 -1 -1 -1 -1000 -1000 -1000 -10 0.82
3 4 Car -1 -1 -1 622.06 171.11 641.28 186.45 -1 -1 -1 -1000 -1000 -1000 -10 0.75
3 3 Car -1 -1 -1 950.60 148.74 1003.47 169.43 -1 -1 -1 -1000 -1000 -1000 -10 0.68
3 6 Car -1 -1 -1 524.57 176.22 552.68 194.03 -1 -1 -1 -1000 -1000 -1000 -10 0.67
3 7 Car -1 -1 -1 1179.65 139.78 1239.32 175.29 -1 -1 -1 -1000 -1000 -1000 -10 0.65
3 12 Car -1 -1 -1 652.38 171.26 669.90 183.46 -1 -1 -1 -1000 -1000 -1000 -10 0.62
3 11 Car -1 -1 -1 439.97 177.83 473.38 192.19 -1 -1 -1 -1000 -1000 -1000 -10 0.45
3 10 Car -1 -1 -1 1227.32 138.54 1237.21 177.27 -1 -1 -1 -1000 -1000 -1000 -10 0.41
3 13 Car -1 -1 -1 1064.06 144.06 1143.93 174.84 -1 -1 -1 -1000 -1000 -1000 -10 0.45
3 14 Car -1 -1 -1 599.07 172.24 616.71 183.33 -1 -1 -1 -1000 -1000 -1000 -10 0.41
4 1 Car -1 -1 -1 751.26 174.36 834.14 224.91 -1 -1 -1 -1000 -1000 -1000 -10 0.87
4 2 Car -1 -1 -1 340.39 169.38 410.85 206.61 -1 -1 -1 -1000 -1000 -1000 -10 0.82
4 5 Car -1 -1 -1 882.06 148.63 944.86 173.40 -1 -1 -1 -1000 -1000 -1000 -10 0.75
4 6 Car -1 -1 -1 518.39 172.18 546.49 191.62 -1 -1 -1 -1000 -1000 -1000 -10 0.72
4 4 Car -1 -1 -1 621.06 167.79 639.22 182.56 -1 -1 -1 -1000 -1000 -1000 -10 0.71
4 16 Car -1 -1 -1 1057.80 136.24 1128.35 163.50 -1 -1 -1 -1000 -1000 -1000 -10 0.69
4 13 Car -1 -1 -1 1087.71 137.48 1175.55 171.26 -1 -1 -1 -1000 -1000 -1000 -10 0.68
4 12 Car -1 -1 -1 652.53 168.90 669.50 179.56 -1 -1 -1 -1000 -1000 -1000 -10 0.67
4 3 Car -1 -1 -1 969.14 143.33 1021.05 163.05 -1 -1 -1 -1000 -1000 -1000 -10 0.61
4 11 Car -1 -1 -1 435.93 174.56 475.27 188.83 -1 -1 -1 -1000 -1000 -1000 -10 0.58
4 7 Car -1 -1 -1 1219.77 130.49 1237.51 170.88 -1 -1 -1 -1000 -1000 -1000 -10 0.51
4 17 Car -1 -1 -1 1036.14 138.36 1102.37 162.89 -1 -1 -1 -1000 -1000 -1000 -10 0.65
4 18 Car -1 -1 -1 589.59 168.58 609.22 179.77 -1 -1 -1 -1000 -1000 -1000 -10 0.52
4 19 Car -1 -1 -1 551.13 170.88 578.98 183.83 -1 -1 -1 -1000 -1000 -1000 -10 0.40
5 2 Car -1 -1 -1 325.15 164.70 392.73 204.18 -1 -1 -1 -1000 -1000 -1000 -10 0.90
5 1 Car -1 -1 -1 746.32 169.72 822.92 219.04 -1 -1 -1 -1000 -1000 -1000 -10 0.87
5 13 Car -1 -1 -1 1104.44 133.47 1204.68 167.36 -1 -1 -1 -1000 -1000 -1000 -10 0.79
5 16 Car -1 -1 -1 1079.30 132.25 1150.84 159.92 -1 -1 -1 -1000 -1000 -1000 -10 0.77
5 5 Car -1 -1 -1 889.55 144.75 960.26 171.84 -1 -1 -1 -1000 -1000 -1000 -10 0.76
5 6 Car -1 -1 -1 506.31 168.22 537.81 190.01 -1 -1 -1 -1000 -1000 -1000 -10 0.75
5 3 Car -1 -1 -1 975.38 139.75 1032.19 161.06 -1 -1 -1 -1000 -1000 -1000 -10 0.71
5 4 Car -1 -1 -1 618.25 164.62 637.95 180.52 -1 -1 -1 -1000 -1000 -1000 -10 0.64
5 20 Car -1 -1 -1 1146.52 129.79 1240.78 178.96 -1 -1 -1 -1000 -1000 -1000 -10 0.64
5 19 Car -1 -1 -1 546.75 168.07 569.10 182.43 -1 -1 -1 -1000 -1000 -1000 -10 0.61
5 11 Car -1 -1 -1 436.93 173.65 466.90 186.75 -1 -1 -1 -1000 -1000 -1000 -10 0.59
5 17 Car -1 -1 -1 1044.90 135.57 1116.67 160.48 -1 -1 -1 -1000 -1000 -1000 -10 0.42
5 21 Car -1 -1 -1 676.05 161.37 700.49 173.36 -1 -1 -1 -1000 -1000 -1000 -10 0.51
6 1 Car -1 -1 -1 741.10 172.02 815.21 220.18 -1 -1 -1 -1000 -1000 -1000 -10 0.92
6 2 Car -1 -1 -1 307.43 165.63 386.04 208.46 -1 -1 -1 -1000 -1000 -1000 -10 0.88
6 19 Car -1 -1 -1 542.83 168.59 565.51 187.09 -1 -1 -1 -1000 -1000 -1000 -10 0.78
6 3 Car -1 -1 -1 989.00 142.03 1041.93 164.77 -1 -1 -1 -1000 -1000 -1000 -10 0.76
6 13 Car -1 -1 -1 1133.28 134.87 1231.13 169.11 -1 -1 -1 -1000 -1000 -1000 -10 0.76
6 4 Car -1 -1 -1 616.58 166.49 638.58 183.28 -1 -1 -1 -1000 -1000 -1000 -10 0.75
6 6 Car -1 -1 -1 495.88 170.76 531.53 195.37 -1 -1 -1 -1000 -1000 -1000 -10 0.74
6 17 Car -1 -1 -1 1068.15 136.85 1140.73 164.88 -1 -1 -1 -1000 -1000 -1000 -10 0.74
6 5 Car -1 -1 -1 906.13 147.13 976.35 171.78 -1 -1 -1 -1000 -1000 -1000 -10 0.69
6 11 Car -1 -1 -1 431.03 175.38 465.39 189.26 -1 -1 -1 -1000 -1000 -1000 -10 0.67
6 20 Car -1 -1 -1 1172.52 133.34 1238.93 175.42 -1 -1 -1 -1000 -1000 -1000 -10 0.66
6 16 Car -1 -1 -1 1095.15 135.20 1166.97 163.59 -1 -1 -1 -1000 -1000 -1000 -10 0.57
7 1 Car -1 -1 -1 737.67 177.12 809.84 222.81 -1 -1 -1 -1000 -1000 -1000 -10 0.91
7 2 Car -1 -1 -1 288.78 171.76 372.86 216.52 -1 -1 -1 -1000 -1000 -1000 -10 0.89
7 16 Car -1 -1 -1 1113.32 139.67 1189.69 167.88 -1 -1 -1 -1000 -1000 -1000 -10 0.83
7 3 Car -1 -1 -1 1002.52 145.63 1065.90 169.44 -1 -1 -1 -1000 -1000 -1000 -10 0.81
7 13 Car -1 -1 -1 1162.39 139.07 1239.38 171.03 -1 -1 -1 -1000 -1000 -1000 -10 0.76
7 6 Car -1 -1 -1 484.99 177.95 522.40 203.49 -1 -1 -1 -1000 -1000 -1000 -10 0.75
7 4 Car -1 -1 -1 617.29 171.34 639.07 190.01 -1 -1 -1 -1000 -1000 -1000 -10 0.71
7 19 Car -1 -1 -1 538.38 175.45 562.22 193.40 -1 -1 -1 -1000 -1000 -1000 -10 0.66
7 11 Car -1 -1 -1 424.99 178.32 462.50 195.10 -1 -1 -1 -1000 -1000 -1000 -10 0.61
7 22 Car -1 -1 -1 675.90 169.72 704.38 183.11 -1 -1 -1 -1000 -1000 -1000 -10 0.56
7 5 Car -1 -1 -1 925.60 153.42 988.55 176.46 -1 -1 -1 -1000 -1000 -1000 -10 0.55
7 17 Car -1 -1 -1 1086.14 139.81 1160.98 168.29 -1 -1 -1 -1000 -1000 -1000 -10 0.48
7 20 Car -1 -1 -1 1201.41 139.63 1239.66 170.16 -1 -1 -1 -1000 -1000 -1000 -10 0.43
7 23 Pedestrian -1 -1 -1 255.07 183.08 269.17 216.87 -1 -1 -1 -1000 -1000 -1000 -10 0.42
8 2 Car -1 -1 -1 268.59 170.19 355.22 218.02 -1 -1 -1 -1000 -1000 -1000 -10 0.94
8 1 Car -1 -1 -1 735.90 176.93 802.70 220.21 -1 -1 -1 -1000 -1000 -1000 -10 0.86
8 13 Car -1 -1 -1 1196.98 136.28 1238.30 171.47 -1 -1 -1 -1000 -1000 -1000 -10 0.73
8 19 Car -1 -1 -1 531.67 174.46 558.60 193.99 -1 -1 -1 -1000 -1000 -1000 -10 0.72
8 3 Car -1 -1 -1 1019.14 144.20 1081.92 169.49 -1 -1 -1 -1000 -1000 -1000 -10 0.69
8 6 Car -1 -1 -1 469.57 177.51 510.06 204.45 -1 -1 -1 -1000 -1000 -1000 -10 0.64
8 5 Car -1 -1 -1 943.24 151.12 1007.85 175.07 -1 -1 -1 -1000 -1000 -1000 -10 0.59
8 4 Car -1 -1 -1 617.73 172.07 638.87 188.58 -1 -1 -1 -1000 -1000 -1000 -10 0.58
8 11 Car -1 -1 -1 422.62 180.55 457.98 195.29 -1 -1 -1 -1000 -1000 -1000 -10 0.56
8 16 Car -1 -1 -1 1143.78 136.84 1219.69 166.42 -1 -1 -1 -1000 -1000 -1000 -10 0.55
8 17 Car -1 -1 -1 1103.76 139.83 1181.54 168.39 -1 -1 -1 -1000 -1000 -1000 -10 0.52
8 23 Pedestrian -1 -1 -1 235.39 178.60 249.64 217.16 -1 -1 -1 -1000 -1000 -1000 -10 0.49
8 20 Car -1 -1 -1 1227.49 134.94 1236.85 173.72 -1 -1 -1 -1000 -1000 -1000 -10 0.46
8 22 Car -1 -1 -1 671.80 170.05 697.72 182.60 -1 -1 -1 -1000 -1000 -1000 -10 0.45
8 24 Car -1 -1 -1 594.74 172.18 619.58 184.82 -1 -1 -1 -1000 -1000 -1000 -10 0.56
8 25 Car -1 -1 -1 554.82 174.83 575.60 187.09 -1 -1 -1 -1000 -1000 -1000 -10 0.45
8 26 Car -1 -1 -1 504.77 175.09 532.92 191.10 -1 -1 -1 -1000 -1000 -1000 -10 0.45
9 2 Car -1 -1 -1 241.74 170.66 337.91 221.56 -1 -1 -1 -1000 -1000 -1000 -10 0.90
9 1 Car -1 -1 -1 732.86 176.22 797.68 218.36 -1 -1 -1 -1000 -1000 -1000 -10 0.89
9 6 Car -1 -1 -1 448.71 179.27 496.58 209.15 -1 -1 -1 -1000 -1000 -1000 -10 0.85
9 27 Car -1 -1 -1 1164.36 135.73 1236.81 164.01 -1 -1 -1 -1000 -1000 -1000 -10 0.79
9 3 Car -1 -1 -1 1032.66 142.11 1104.16 168.19 -1 -1 -1 -1000 -1000 -1000 -10 0.78
9 4 Car -1 -1 -1 616.56 171.69 638.69 189.17 -1 -1 -1 -1000 -1000 -1000 -10 0.75
9 5 Car -1 -1 -1 958.65 148.80 1031.38 176.40 -1 -1 -1 -1000 -1000 -1000 -10 0.73
9 19 Car -1 -1 -1 526.53 174.46 554.39 194.51 -1 -1 -1 -1000 -1000 -1000 -10 0.72
9 24 Car -1 -1 -1 589.00 172.22 610.99 185.06 -1 -1 -1 -1000 -1000 -1000 -10 0.70
9 13 Car -1 -1 -1 1210.28 136.62 1239.07 164.65 -1 -1 -1 -1000 -1000 -1000 -10 0.61
9 11 Car -1 -1 -1 417.87 182.33 449.38 195.89 -1 -1 -1 -1000 -1000 -1000 -10 0.61
9 28 Car -1 -1 -1 652.48 172.50 677.41 184.64 -1 -1 -1 -1000 -1000 -1000 -10 0.58
9 23 Pedestrian -1 -1 -1 207.62 181.23 222.88 221.43 -1 -1 -1 -1000 -1000 -1000 -10 0.58
9 17 Car -1 -1 -1 1124.69 139.96 1200.63 167.04 -1 -1 -1 -1000 -1000 -1000 -10 0.55
9 26 Car -1 -1 -1 497.93 174.36 527.90 193.74 -1 -1 -1 -1000 -1000 -1000 -10 0.54
9 22 Car -1 -1 -1 669.11 170.30 691.72 183.33 -1 -1 -1 -1000 -1000 -1000 -10 0.52
9 25 Car -1 -1 -1 546.12 174.76 570.13 188.34 -1 -1 -1 -1000 -1000 -1000 -10 0.49
10 2 Car -1 -1 -1 217.22 171.92 321.40 225.02 -1 -1 -1 -1000 -1000 -1000 -10 0.92
10 1 Car -1 -1 -1 729.27 176.32 793.70 218.29 -1 -1 -1 -1000 -1000 -1000 -10 0.90
10 6 Car -1 -1 -1 424.97 181.17 478.36 215.55 -1 -1 -1 -1000 -1000 -1000 -10 0.88
10 4 Car -1 -1 -1 616.90 172.93 637.58 189.57 -1 -1 -1 -1000 -1000 -1000 -10 0.84
10 19 Car -1 -1 -1 518.47 175.61 550.02 197.13 -1 -1 -1 -1000 -1000 -1000 -10 0.82
10 27 Car -1 -1 -1 1185.75 134.43 1239.38 165.13 -1 -1 -1 -1000 -1000 -1000 -10 0.80
10 3 Car -1 -1 -1 1054.17 141.46 1123.65 168.20 -1 -1 -1 -1000 -1000 -1000 -10 0.77
10 5 Car -1 -1 -1 966.30 147.31 1056.01 179.10 -1 -1 -1 -1000 -1000 -1000 -10 0.75
10 26 Car -1 -1 -1 489.68 175.58 522.46 195.93 -1 -1 -1 -1000 -1000 -1000 -10 0.72
10 28 Car -1 -1 -1 655.00 172.35 677.82 185.27 -1 -1 -1 -1000 -1000 -1000 -10 0.70
10 29 Car -1 -1 -1 465.40 181.21 494.31 200.00 -1 -1 -1 -1000 -1000 -1000 -10 0.67
10 23 Pedestrian -1 -1 -1 176.23 183.32 192.65 226.84 -1 -1 -1 -1000 -1000 -1000 -10 0.66
10 11 Car -1 -1 -1 412.88 182.81 445.14 196.91 -1 -1 -1 -1000 -1000 -1000 -10 0.63
10 24 Car -1 -1 -1 588.31 172.42 611.33 186.08 -1 -1 -1 -1000 -1000 -1000 -10 0.59
10 13 Car -1 -1 -1 1226.78 134.15 1238.77 165.66 -1 -1 -1 -1000 -1000 -1000 -10 0.47
10 30 Car -1 -1 -1 1150.64 136.82 1228.22 165.07 -1 -1 -1 -1000 -1000 -1000 -10 0.67
11 2 Car -1 -1 -1 183.09 171.52 300.69 231.98 -1 -1 -1 -1000 -1000 -1000 -10 0.91
11 1 Car -1 -1 -1 726.41 177.55 788.90 219.19 -1 -1 -1 -1000 -1000 -1000 -10 0.86
11 5 Car -1 -1 -1 986.00 146.84 1083.42 183.87 -1 -1 -1 -1000 -1000 -1000 -10 0.85
11 6 Car -1 -1 -1 390.28 184.45 457.43 223.11 -1 -1 -1 -1000 -1000 -1000 -10 0.83
11 3 Car -1 -1 -1 1073.29 140.24 1150.69 170.31 -1 -1 -1 -1000 -1000 -1000 -10 0.81
11 19 Car -1 -1 -1 508.70 177.65 541.73 200.25 -1 -1 -1 -1000 -1000 -1000 -10 0.79
11 26 Car -1 -1 -1 478.01 178.29 511.33 198.72 -1 -1 -1 -1000 -1000 -1000 -10 0.77
11 29 Car -1 -1 -1 452.61 182.25 481.61 203.73 -1 -1 -1 -1000 -1000 -1000 -10 0.76
11 4 Car -1 -1 -1 614.79 173.65 637.78 192.13 -1 -1 -1 -1000 -1000 -1000 -10 0.73
11 24 Car -1 -1 -1 573.72 174.69 595.20 189.26 -1 -1 -1 -1000 -1000 -1000 -10 0.64
11 28 Car -1 -1 -1 656.11 174.93 673.12 188.01 -1 -1 -1 -1000 -1000 -1000 -10 0.63
11 32 Car -1 -1 -1 698.78 169.73 738.94 184.17 -1 -1 -1 -1000 -1000 -1000 -10 0.61
11 23 Pedestrian -1 -1 -1 145.16 186.16 161.37 230.76 -1 -1 -1 -1000 -1000 -1000 -10 0.61
11 31 Car -1 -1 -1 584.66 173.14 606.07 188.02 -1 -1 -1 -1000 -1000 -1000 -10 0.60
11 30 Car -1 -1 -1 1172.54 139.06 1238.10 168.18 -1 -1 -1 -1000 -1000 -1000 -10 0.59
11 27 Car -1 -1 -1 1210.51 135.60 1239.12 166.93 -1 -1 -1 -1000 -1000 -1000 -10 0.50
12 2 Car -1 -1 -1 142.18 171.70 273.20 235.94 -1 -1 -1 -1000 -1000 -1000 -10 0.93
12 6 Car -1 -1 -1 339.25 186.39 426.88 232.60 -1 -1 -1 -1000 -1000 -1000 -10 0.90
12 1 Car -1 -1 -1 722.43 178.21 781.24 219.16 -1 -1 -1 -1000 -1000 -1000 -10 0.84
12 4 Car -1 -1 -1 611.95 174.84 635.59 193.91 -1 -1 -1 -1000 -1000 -1000 -10 0.76
12 3 Car -1 -1 -1 1094.98 141.86 1174.32 173.49 -1 -1 -1 -1000 -1000 -1000 -10 0.75
12 5 Car -1 -1 -1 1013.82 148.55 1110.04 184.91 -1 -1 -1 -1000 -1000 -1000 -10 0.74
12 30 Car -1 -1 -1 1203.54 141.30 1237.60 168.95 -1 -1 -1 -1000 -1000 -1000 -10 0.74
12 26 Car -1 -1 -1 465.20 180.30 494.66 200.08 -1 -1 -1 -1000 -1000 -1000 -10 0.71
12 29 Car -1 -1 -1 428.15 183.91 468.52 207.54 -1 -1 -1 -1000 -1000 -1000 -10 0.69
12 28 Car -1 -1 -1 650.86 175.79 672.36 188.78 -1 -1 -1 -1000 -1000 -1000 -10 0.69
12 32 Car -1 -1 -1 679.78 171.50 707.73 185.77 -1 -1 -1 -1000 -1000 -1000 -10 0.64
12 19 Car -1 -1 -1 493.57 180.02 526.86 203.87 -1 -1 -1 -1000 -1000 -1000 -10 0.64
12 24 Car -1 -1 -1 567.23 175.51 593.84 190.50 -1 -1 -1 -1000 -1000 -1000 -10 0.61
12 33 Car -1 -1 -1 1152.23 143.00 1211.61 165.19 -1 -1 -1 -1000 -1000 -1000 -10 0.59
12 23 Pedestrian -1 -1 -1 111.71 186.99 125.25 232.13 -1 -1 -1 -1000 -1000 -1000 -10 0.46
12 34 Pedestrian -1 -1 -1 97.01 187.85 115.91 235.06 -1 -1 -1 -1000 -1000 -1000 -10 0.45
13 2 Car -1 -1 -1 93.87 168.89 243.41 239.10 -1 -1 -1 -1000 -1000 -1000 -10 0.90
13 6 Car -1 -1 -1 266.85 186.99 382.50 244.22 -1 -1 -1 -1000 -1000 -1000 -10 0.90
13 1 Car -1 -1 -1 718.37 178.77 773.59 216.90 -1 -1 -1 -1000 -1000 -1000 -10 0.89
13 29 Car -1 -1 -1 404.78 182.96 452.36 208.92 -1 -1 -1 -1000 -1000 -1000 -10 0.79
13 5 Car -1 -1 -1 1036.39 146.63 1141.56 185.08 -1 -1 -1 -1000 -1000 -1000 -10 0.79
13 3 Car -1 -1 -1 1102.58 140.36 1198.43 176.43 -1 -1 -1 -1000 -1000 -1000 -10 0.74
13 24 Car -1 -1 -1 561.25 172.75 585.28 189.73 -1 -1 -1 -1000 -1000 -1000 -10 0.71
13 19 Car -1 -1 -1 477.06 177.11 514.82 204.60 -1 -1 -1 -1000 -1000 -1000 -10 0.70
13 26 Car -1 -1 -1 451.04 179.37 482.47 200.20 -1 -1 -1 -1000 -1000 -1000 -10 0.66
13 30 Car -1 -1 -1 1225.22 139.24 1237.81 169.70 -1 -1 -1 -1000 -1000 -1000 -10 0.63
13 33 Car -1 -1 -1 1172.82 142.19 1236.50 166.28 -1 -1 -1 -1000 -1000 -1000 -10 0.63
13 4 Car -1 -1 -1 607.02 172.88 633.88 193.07 -1 -1 -1 -1000 -1000 -1000 -10 0.61
13 23 Pedestrian -1 -1 -1 64.41 183.08 79.18 234.71 -1 -1 -1 -1000 -1000 -1000 -10 0.58
13 34 Pedestrian -1 -1 -1 46.35 183.42 66.17 236.35 -1 -1 -1 -1000 -1000 -1000 -10 0.56
13 28 Car -1 -1 -1 648.83 176.53 665.10 188.47 -1 -1 -1 -1000 -1000 -1000 -10 0.52
13 35 Car -1 -1 -1 548.86 173.54 573.33 190.63 -1 -1 -1 -1000 -1000 -1000 -10 0.48
14 6 Car -1 -1 -1 145.09 186.57 324.00 263.44 -1 -1 -1 -1000 -1000 -1000 -10 0.94
14 2 Car -1 -1 -1 37.36 166.24 206.31 242.44 -1 -1 -1 -1000 -1000 -1000 -10 0.91
14 1 Car -1 -1 -1 712.65 177.21 768.14 214.67 -1 -1 -1 -1000 -1000 -1000 -10 0.86
14 29 Car -1 -1 -1 375.51 181.64 427.63 210.89 -1 -1 -1 -1000 -1000 -1000 -10 0.85
14 26 Car -1 -1 -1 427.64 176.58 468.41 202.50 -1 -1 -1 -1000 -1000 -1000 -10 0.82
14 5 Car -1 -1 -1 1059.10 142.93 1173.01 187.49 -1 -1 -1 -1000 -1000 -1000 -10 0.76
14 35 Car -1 -1 -1 539.65 173.10 564.60 190.13 -1 -1 -1 -1000 -1000 -1000 -10 0.75
14 19 Car -1 -1 -1 457.02 177.43 500.94 206.57 -1 -1 -1 -1000 -1000 -1000 -10 0.74
14 4 Car -1 -1 -1 604.48 172.19 628.56 191.49 -1 -1 -1 -1000 -1000 -1000 -10 0.68
14 3 Car -1 -1 -1 1136.80 139.10 1226.55 171.63 -1 -1 -1 -1000 -1000 -1000 -10 0.66
14 33 Car -1 -1 -1 1187.58 141.35 1238.63 165.14 -1 -1 -1 -1000 -1000 -1000 -10 0.62
14 36 Car -1 -1 -1 485.17 175.23 517.68 198.84 -1 -1 -1 -1000 -1000 -1000 -10 0.55
14 23 Pedestrian -1 -1 -1 8.61 182.29 26.84 236.86 -1 -1 -1 -1000 -1000 -1000 -10 0.53
14 28 Car -1 -1 -1 646.13 174.09 664.16 187.53 -1 -1 -1 -1000 -1000 -1000 -10 0.53
14 24 Car -1 -1 -1 552.27 172.99 577.16 187.54 -1 -1 -1 -1000 -1000 -1000 -10 0.52
14 34 Pedestrian -1 -1 -1 2.05 182.69 17.08 242.27 -1 -1 -1 -1000 -1000 -1000 -10 0.50
14 37 Car -1 -1 -1 585.94 173.97 612.46 186.79 -1 -1 -1 -1000 -1000 -1000 -10 0.46
15 6 Car -1 -1 -1 -0.16 188.23 213.94 299.59 -1 -1 -1 -1000 -1000 -1000 -10 0.94
15 1 Car -1 -1 -1 709.46 175.21 761.03 212.69 -1 -1 -1 -1000 -1000 -1000 -10 0.91
15 29 Car -1 -1 -1 340.31 181.42 402.87 212.34 -1 -1 -1 -1000 -1000 -1000 -10 0.85
15 26 Car -1 -1 -1 408.39 174.85 455.83 203.51 -1 -1 -1 -1000 -1000 -1000 -10 0.82
15 19 Car -1 -1 -1 433.06 177.49 481.72 208.57 -1 -1 -1 -1000 -1000 -1000 -10 0.81
15 36 Car -1 -1 -1 470.13 173.73 505.25 199.31 -1 -1 -1 -1000 -1000 -1000 -10 0.79
15 2 Car -1 -1 -1 1.00 159.41 172.49 251.44 -1 -1 -1 -1000 -1000 -1000 -10 0.78
15 4 Car -1 -1 -1 601.95 170.86 627.04 190.57 -1 -1 -1 -1000 -1000 -1000 -10 0.77
15 5 Car -1 -1 -1 1088.48 140.29 1213.65 186.44 -1 -1 -1 -1000 -1000 -1000 -10 0.75
15 35 Car -1 -1 -1 527.20 169.59 555.43 188.42 -1 -1 -1 -1000 -1000 -1000 -10 0.72
15 37 Car -1 -1 -1 574.77 172.56 601.16 185.40 -1 -1 -1 -1000 -1000 -1000 -10 0.70
15 3 Car -1 -1 -1 1156.78 136.05 1237.08 174.25 -1 -1 -1 -1000 -1000 -1000 -10 0.62
15 33 Car -1 -1 -1 1211.03 136.80 1238.58 171.05 -1 -1 -1 -1000 -1000 -1000 -10 0.56
16 2 Car -1 -1 -1 2.83 159.62 124.61 251.17 -1 -1 -1 -1000 -1000 -1000 -10 0.91
16 29 Car -1 -1 -1 296.76 183.40 374.25 219.41 -1 -1 -1 -1000 -1000 -1000 -10 0.90
16 19 Car -1 -1 -1 403.53 180.78 462.23 215.09 -1 -1 -1 -1000 -1000 -1000 -10 0.89
16 36 Car -1 -1 -1 452.45 175.80 491.50 203.68 -1 -1 -1 -1000 -1000 -1000 -10 0.86
16 26 Car -1 -1 -1 384.88 176.60 434.59 208.78 -1 -1 -1 -1000 -1000 -1000 -10 0.84
16 4 Car -1 -1 -1 600.04 171.66 624.75 192.48 -1 -1 -1 -1000 -1000 -1000 -10 0.80
16 1 Car -1 -1 -1 704.72 176.14 756.16 213.37 -1 -1 -1 -1000 -1000 -1000 -10 0.76
16 35 Car -1 -1 -1 518.32 171.23 550.09 190.83 -1 -1 -1 -1000 -1000 -1000 -10 0.74
16 5 Car -1 -1 -1 1126.58 138.79 1236.83 186.95 -1 -1 -1 -1000 -1000 -1000 -10 0.67
16 37 Car -1 -1 -1 567.16 173.83 591.47 187.07 -1 -1 -1 -1000 -1000 -1000 -10 0.62
16 3 Car -1 -1 -1 1172.82 137.57 1237.47 178.89 -1 -1 -1 -1000 -1000 -1000 -10 0.46
17 2 Car -1 -1 -1 0.76 163.15 71.84 254.40 -1 -1 -1 -1000 -1000 -1000 -10 0.88
17 19 Car -1 -1 -1 360.99 180.57 433.25 222.38 -1 -1 -1 -1000 -1000 -1000 -10 0.88
17 29 Car -1 -1 -1 240.09 184.29 336.50 226.85 -1 -1 -1 -1000 -1000 -1000 -10 0.82
17 4 Car -1 -1 -1 597.62 171.57 623.69 193.81 -1 -1 -1 -1000 -1000 -1000 -10 0.78
17 36 Car -1 -1 -1 431.65 177.10 474.85 207.74 -1 -1 -1 -1000 -1000 -1000 -10 0.74
17 35 Car -1 -1 -1 509.10 171.57 542.21 192.13 -1 -1 -1 -1000 -1000 -1000 -10 0.72
17 5 Car -1 -1 -1 1165.48 138.03 1237.98 193.97 -1 -1 -1 -1000 -1000 -1000 -10 0.71
17 1 Car -1 -1 -1 700.33 178.35 752.37 213.26 -1 -1 -1 -1000 -1000 -1000 -10 0.71
17 37 Car -1 -1 -1 553.49 173.20 583.58 188.72 -1 -1 -1 -1000 -1000 -1000 -10 0.63
17 38 Car -1 -1 -1 687.96 172.56 719.50 184.41 -1 -1 -1 -1000 -1000 -1000 -10 0.50
18 19 Car -1 -1 -1 302.20 178.42 394.71 232.61 -1 -1 -1 -1000 -1000 -1000 -10 0.90
18 29 Car -1 -1 -1 156.56 185.62 288.89 237.67 -1 -1 -1 -1000 -1000 -1000 -10 0.87
18 36 Car -1 -1 -1 408.96 177.36 457.82 211.46 -1 -1 -1 -1000 -1000 -1000 -10 0.87
18 1 Car -1 -1 -1 697.35 176.82 748.58 212.86 -1 -1 -1 -1000 -1000 -1000 -10 0.77
18 35 Car -1 -1 -1 500.38 171.31 533.26 191.91 -1 -1 -1 -1000 -1000 -1000 -10 0.73
18 4 Car -1 -1 -1 594.94 170.84 622.73 194.41 -1 -1 -1 -1000 -1000 -1000 -10 0.69
18 37 Car -1 -1 -1 543.78 173.40 577.90 188.14 -1 -1 -1 -1000 -1000 -1000 -10 0.55
18 39 Car -1 -1 -1 436.49 177.06 467.60 199.38 -1 -1 -1 -1000 -1000 -1000 -10 0.50
18 40 Car -1 -1 -1 571.51 172.28 597.42 186.33 -1 -1 -1 -1000 -1000 -1000 -10 0.44
19 19 Car -1 -1 -1 206.17 178.02 341.95 248.41 -1 -1 -1 -1000 -1000 -1000 -10 0.94
19 29 Car -1 -1 -1 25.55 181.75 219.07 253.48 -1 -1 -1 -1000 -1000 -1000 -10 0.92
19 36 Car -1 -1 -1 374.26 176.92 435.40 216.16 -1 -1 -1 -1000 -1000 -1000 -10 0.91
19 1 Car -1 -1 -1 695.33 176.95 744.15 212.20 -1 -1 -1 -1000 -1000 -1000 -10 0.85
19 4 Car -1 -1 -1 594.66 170.21 622.01 194.51 -1 -1 -1 -1000 -1000 -1000 -10 0.83
19 39 Car -1 -1 -1 417.32 175.96 454.49 200.93 -1 -1 -1 -1000 -1000 -1000 -10 0.78
19 35 Car -1 -1 -1 490.00 170.15 525.11 192.90 -1 -1 -1 -1000 -1000 -1000 -10 0.78
19 40 Car -1 -1 -1 561.97 172.05 590.31 186.30 -1 -1 -1 -1000 -1000 -1000 -10 0.60
19 41 Car -1 -1 -1 458.58 170.67 482.10 182.85 -1 -1 -1 -1000 -1000 -1000 -10 0.60
19 37 Car -1 -1 -1 540.31 171.18 572.93 187.32 -1 -1 -1 -1000 -1000 -1000 -10 0.46
19 42 Car -1 -1 -1 288.08 175.17 361.13 217.40 -1 -1 -1 -1000 -1000 -1000 -10 0.68
20 36 Car -1 -1 -1 330.43 177.70 408.97 222.91 -1 -1 -1 -1000 -1000 -1000 -10 0.90
20 19 Car -1 -1 -1 19.02 182.59 256.73 283.13 -1 -1 -1 -1000 -1000 -1000 -10 0.90
20 42 Car -1 -1 -1 217.45 174.87 320.47 225.52 -1 -1 -1 -1000 -1000 -1000 -10 0.89
20 1 Car -1 -1 -1 693.82 176.99 740.76 210.67 -1 -1 -1 -1000 -1000 -1000 -10 0.84
20 35 Car -1 -1 -1 480.90 169.25 518.20 194.14 -1 -1 -1 -1000 -1000 -1000 -10 0.84
20 4 Car -1 -1 -1 593.79 169.87 622.24 195.04 -1 -1 -1 -1000 -1000 -1000 -10 0.84
20 39 Car -1 -1 -1 392.52 176.89 435.00 204.49 -1 -1 -1 -1000 -1000 -1000 -10 0.81
20 29 Car -1 -1 -1 1.78 190.32 110.85 273.91 -1 -1 -1 -1000 -1000 -1000 -10 0.73
20 37 Car -1 -1 -1 541.50 170.23 572.13 187.41 -1 -1 -1 -1000 -1000 -1000 -10 0.66
20 41 Car -1 -1 -1 453.25 170.75 476.60 183.16 -1 -1 -1 -1000 -1000 -1000 -10 0.60
20 40 Car -1 -1 -1 556.19 171.89 580.85 186.66 -1 -1 -1 -1000 -1000 -1000 -10 0.58
21 42 Car -1 -1 -1 133.08 175.88 267.62 240.21 -1 -1 -1 -1000 -1000 -1000 -10 0.93
21 36 Car -1 -1 -1 268.52 179.10 371.30 233.56 -1 -1 -1 -1000 -1000 -1000 -10 0.91
21 1 Car -1 -1 -1 693.60 177.55 738.13 210.82 -1 -1 -1 -1000 -1000 -1000 -10 0.88
21 39 Car -1 -1 -1 361.71 177.53 416.29 209.72 -1 -1 -1 -1000 -1000 -1000 -10 0.86
21 35 Car -1 -1 -1 471.74 169.15 510.29 196.46 -1 -1 -1 -1000 -1000 -1000 -10 0.85
21 43 Car -1 -1 -1 514.67 173.11 551.62 192.71 -1 -1 -1 -1000 -1000 -1000 -10 0.72
21 4 Car -1 -1 -1 591.46 170.09 622.77 196.22 -1 -1 -1 -1000 -1000 -1000 -10 0.72
21 37 Car -1 -1 -1 542.91 171.04 569.90 187.65 -1 -1 -1 -1000 -1000 -1000 -10 0.60
21 19 Car -1 -1 -1 -0.09 181.18 80.76 337.80 -1 -1 -1 -1000 -1000 -1000 -10 0.60
21 41 Car -1 -1 -1 438.88 171.75 472.12 186.79 -1 -1 -1 -1000 -1000 -1000 -10 0.53
22 42 Car -1 -1 -1 2.97 174.31 193.69 259.05 -1 -1 -1 -1000 -1000 -1000 -10 0.95
22 36 Car -1 -1 -1 170.84 179.74 315.28 251.55 -1 -1 -1 -1000 -1000 -1000 -10 0.94
22 39 Car -1 -1 -1 327.11 179.67 391.63 214.52 -1 -1 -1 -1000 -1000 -1000 -10 0.91
22 35 Car -1 -1 -1 458.40 169.81 499.60 199.04 -1 -1 -1 -1000 -1000 -1000 -10 0.84
22 1 Car -1 -1 -1 692.91 177.56 736.42 210.13 -1 -1 -1 -1000 -1000 -1000 -10 0.76
22 43 Car -1 -1 -1 505.17 174.29 539.53 194.17 -1 -1 -1 -1000 -1000 -1000 -10 0.68
22 4 Car -1 -1 -1 589.65 170.91 622.49 197.18 -1 -1 -1 -1000 -1000 -1000 -10 0.65
22 41 Car -1 -1 -1 415.10 172.59 450.54 188.45 -1 -1 -1 -1000 -1000 -1000 -10 0.57
22 37 Car -1 -1 -1 540.24 170.74 564.50 186.21 -1 -1 -1 -1000 -1000 -1000 -10 0.49
22 44 Car -1 -1 -1 292.51 181.04 339.76 203.54 -1 -1 -1 -1000 -1000 -1000 -10 0.51
23 36 Car -1 -1 -1 1.92 182.17 227.52 283.49 -1 -1 -1 -1000 -1000 -1000 -10 0.96
23 39 Car -1 -1 -1 284.78 181.56 362.67 220.57 -1 -1 -1 -1000 -1000 -1000 -10 0.92
23 35 Car -1 -1 -1 444.68 170.26 489.65 202.22 -1 -1 -1 -1000 -1000 -1000 -10 0.90
23 1 Car -1 -1 -1 694.20 178.54 735.75 210.40 -1 -1 -1 -1000 -1000 -1000 -10 0.80
23 4 Car -1 -1 -1 587.91 171.58 622.10 199.21 -1 -1 -1 -1000 -1000 -1000 -10 0.79
23 43 Car -1 -1 -1 495.92 174.58 530.52 195.03 -1 -1 -1 -1000 -1000 -1000 -10 0.74
23 42 Car -1 -1 -1 0.38 176.15 73.28 280.35 -1 -1 -1 -1000 -1000 -1000 -10 0.72
23 37 Car -1 -1 -1 525.11 175.64 549.37 189.43 -1 -1 -1 -1000 -1000 -1000 -10 0.69
23 44 Car -1 -1 -1 277.86 179.43 322.96 207.38 -1 -1 -1 -1000 -1000 -1000 -10 0.67
23 45 Car -1 -1 -1 537.57 171.51 562.92 185.66 -1 -1 -1 -1000 -1000 -1000 -10 0.61
24 39 Car -1 -1 -1 225.98 185.31 322.77 231.61 -1 -1 -1 -1000 -1000 -1000 -10 0.90
24 35 Car -1 -1 -1 428.59 171.21 481.53 207.04 -1 -1 -1 -1000 -1000 -1000 -10 0.86
24 36 Car -1 -1 -1 1.55 194.78 64.22 324.75 -1 -1 -1 -1000 -1000 -1000 -10 0.72
24 4 Car -1 -1 -1 586.38 172.89 622.86 203.04 -1 -1 -1 -1000 -1000 -1000 -10 0.72
24 43 Car -1 -1 -1 482.68 176.04 522.34 199.70 -1 -1 -1 -1000 -1000 -1000 -10 0.72
24 1 Car -1 -1 -1 698.52 181.78 736.61 211.54 -1 -1 -1 -1000 -1000 -1000 -10 0.71
24 47 Car -1 -1 -1 134.51 175.20 171.77 196.19 -1 -1 -1 -1000 -1000 -1000 -10 0.67
24 45 Car -1 -1 -1 534.49 173.47 557.14 187.26 -1 -1 -1 -1000 -1000 -1000 -10 0.54
24 46 Car -1 -1 -1 330.22 176.78 371.34 193.38 -1 -1 -1 -1000 -1000 -1000 -10 0.48
24 44 Car -1 -1 -1 264.04 183.12 306.64 204.23 -1 -1 -1 -1000 -1000 -1000 -10 0.47
25 39 Car -1 -1 -1 143.09 187.95 272.30 243.77 -1 -1 -1 -1000 -1000 -1000 -10 0.93
25 43 Car -1 -1 -1 473.75 176.26 515.50 200.87 -1 -1 -1 -1000 -1000 -1000 -10 0.82
25 35 Car -1 -1 -1 409.74 172.84 465.62 211.16 -1 -1 -1 -1000 -1000 -1000 -10 0.79
25 1 Car -1 -1 -1 703.33 182.19 742.05 211.39 -1 -1 -1 -1000 -1000 -1000 -10 0.78
25 44 Car -1 -1 -1 247.09 184.83 298.89 211.59 -1 -1 -1 -1000 -1000 -1000 -10 0.76
25 49 Car -1 -1 -1 553.85 176.65 589.04 194.13 -1 -1 -1 -1000 -1000 -1000 -10 0.73
25 4 Car -1 -1 -1 586.85 172.95 623.10 203.33 -1 -1 -1 -1000 -1000 -1000 -10 0.70
25 46 Car -1 -1 -1 311.26 177.10 344.96 192.85 -1 -1 -1 -1000 -1000 -1000 -10 0.61
25 48 Car -1 -1 -1 89.37 187.05 155.25 208.44 -1 -1 -1 -1000 -1000 -1000 -10 0.61
25 45 Car -1 -1 -1 534.25 174.95 554.19 186.02 -1 -1 -1 -1000 -1000 -1000 -10 0.59
25 47 Car -1 -1 -1 116.14 176.95 167.88 200.18 -1 -1 -1 -1000 -1000 -1000 -10 0.43
25 50 Car -1 -1 -1 987.05 167.36 1058.61 189.75 -1 -1 -1 -1000 -1000 -1000 -10 0.43
26 39 Car -1 -1 -1 12.81 188.32 193.85 261.86 -1 -1 -1 -1000 -1000 -1000 -10 0.93
26 35 Car -1 -1 -1 387.26 170.64 452.82 214.92 -1 -1 -1 -1000 -1000 -1000 -10 0.89
26 44 Car -1 -1 -1 230.28 184.96 284.39 215.23 -1 -1 -1 -1000 -1000 -1000 -10 0.84
26 43 Car -1 -1 -1 463.99 175.94 503.32 201.43 -1 -1 -1 -1000 -1000 -1000 -10 0.83
26 49 Car -1 -1 -1 541.82 176.08 585.84 194.67 -1 -1 -1 -1000 -1000 -1000 -10 0.79
26 1 Car -1 -1 -1 711.00 178.57 750.89 210.82 -1 -1 -1 -1000 -1000 -1000 -10 0.74
26 51 Car -1 -1 -1 492.42 177.46 521.25 194.87 -1 -1 -1 -1000 -1000 -1000 -10 0.70
26 50 Car -1 -1 -1 985.19 168.13 1034.40 186.17 -1 -1 -1 -1000 -1000 -1000 -10 0.68
26 4 Car -1 -1 -1 585.76 172.31 624.20 203.72 -1 -1 -1 -1000 -1000 -1000 -10 0.67
26 45 Car -1 -1 -1 532.22 174.71 551.96 186.37 -1 -1 -1 -1000 -1000 -1000 -10 0.65
26 47 Car -1 -1 -1 106.71 177.39 155.40 202.13 -1 -1 -1 -1000 -1000 -1000 -10 0.53
26 48 Car -1 -1 -1 92.34 182.38 145.10 211.89 -1 -1 -1 -1000 -1000 -1000 -10 0.52
27 35 Car -1 -1 -1 356.06 172.62 434.05 220.89 -1 -1 -1 -1000 -1000 -1000 -10 0.90
27 43 Car -1 -1 -1 450.59 176.10 493.94 204.76 -1 -1 -1 -1000 -1000 -1000 -10 0.86
27 44 Car -1 -1 -1 214.64 186.68 269.29 217.95 -1 -1 -1 -1000 -1000 -1000 -10 0.86
27 1 Car -1 -1 -1 723.78 178.73 761.62 209.64 -1 -1 -1 -1000 -1000 -1000 -10 0.85
27 39 Car -1 -1 -1 0.15 190.90 73.61 289.12 -1 -1 -1 -1000 -1000 -1000 -10 0.85
27 4 Car -1 -1 -1 586.45 171.01 626.09 205.06 -1 -1 -1 -1000 -1000 -1000 -10 0.79
27 48 Car -1 -1 -1 95.60 184.77 164.61 209.30 -1 -1 -1 -1000 -1000 -1000 -10 0.72
27 50 Car -1 -1 -1 976.99 167.17 1030.25 185.67 -1 -1 -1 -1000 -1000 -1000 -10 0.70
27 49 Car -1 -1 -1 527.06 175.89 573.01 195.44 -1 -1 -1 -1000 -1000 -1000 -10 0.68
27 45 Car -1 -1 -1 529.31 174.05 551.96 188.68 -1 -1 -1 -1000 -1000 -1000 -10 0.61
27 51 Car -1 -1 -1 482.58 177.60 509.13 194.58 -1 -1 -1 -1000 -1000 -1000 -10 0.58
28 35 Car -1 -1 -1 320.91 169.58 410.85 227.26 -1 -1 -1 -1000 -1000 -1000 -10 0.91
28 4 Car -1 -1 -1 586.49 170.49 627.18 206.01 -1 -1 -1 -1000 -1000 -1000 -10 0.87
28 44 Car -1 -1 -1 194.20 187.20 251.85 220.13 -1 -1 -1 -1000 -1000 -1000 -10 0.84
28 1 Car -1 -1 -1 737.47 177.21 778.52 207.46 -1 -1 -1 -1000 -1000 -1000 -10 0.82
28 50 Car -1 -1 -1 971.30 165.09 1025.74 184.49 -1 -1 -1 -1000 -1000 -1000 -10 0.80
28 43 Car -1 -1 -1 434.88 175.85 482.96 207.92 -1 -1 -1 -1000 -1000 -1000 -10 0.79
28 49 Car -1 -1 -1 515.67 176.33 559.72 196.92 -1 -1 -1 -1000 -1000 -1000 -10 0.78
28 51 Car -1 -1 -1 468.39 177.20 498.21 196.37 -1 -1 -1 -1000 -1000 -1000 -10 0.69
28 48 Car -1 -1 -1 97.57 185.90 169.88 209.74 -1 -1 -1 -1000 -1000 -1000 -10 0.63
29 35 Car -1 -1 -1 267.61 168.15 381.89 236.36 -1 -1 -1 -1000 -1000 -1000 -10 0.92
29 44 Car -1 -1 -1 173.17 186.84 234.11 222.29 -1 -1 -1 -1000 -1000 -1000 -10 0.89
29 4 Car -1 -1 -1 586.76 169.55 628.59 206.14 -1 -1 -1 -1000 -1000 -1000 -10 0.80
29 1 Car -1 -1 -1 753.41 173.92 800.29 205.23 -1 -1 -1 -1000 -1000 -1000 -10 0.79
29 43 Car -1 -1 -1 417.01 175.18 469.00 209.76 -1 -1 -1 -1000 -1000 -1000 -10 0.78
29 49 Car -1 -1 -1 498.62 175.40 547.36 197.21 -1 -1 -1 -1000 -1000 -1000 -10 0.76
29 51 Car -1 -1 -1 454.94 175.31 487.53 196.97 -1 -1 -1 -1000 -1000 -1000 -10 0.75
29 48 Car -1 -1 -1 93.29 185.11 167.73 209.26 -1 -1 -1 -1000 -1000 -1000 -10 0.66
29 50 Car -1 -1 -1 965.85 163.57 1015.75 181.24 -1 -1 -1 -1000 -1000 -1000 -10 0.63
30 35 Car -1 -1 -1 193.56 163.27 344.31 248.36 -1 -1 -1 -1000 -1000 -1000 -10 0.93
30 4 Car -1 -1 -1 586.44 165.05 630.16 204.62 -1 -1 -1 -1000 -1000 -1000 -10 0.90
30 43 Car -1 -1 -1 394.12 174.42 454.04 211.43 -1 -1 -1 -1000 -1000 -1000 -10 0.90
30 1 Car -1 -1 -1 773.95 171.52 822.98 199.93 -1 -1 -1 -1000 -1000 -1000 -10 0.89
30 44 Car -1 -1 -1 150.79 185.25 210.08 223.23 -1 -1 -1 -1000 -1000 -1000 -10 0.82
30 50 Car -1 -1 -1 952.38 159.47 1009.32 178.93 -1 -1 -1 -1000 -1000 -1000 -10 0.80
30 52 Car -1 -1 -1 480.65 173.89 523.47 197.01 -1 -1 -1 -1000 -1000 -1000 -10 0.70
30 53 Car -1 -1 -1 550.82 166.82 568.74 178.82 -1 -1 -1 -1000 -1000 -1000 -10 0.62
30 49 Car -1 -1 -1 494.03 171.61 534.17 194.64 -1 -1 -1 -1000 -1000 -1000 -10 0.60
30 51 Car -1 -1 -1 440.00 174.70 478.95 194.37 -1 -1 -1 -1000 -1000 -1000 -10 0.49
30 48 Car -1 -1 -1 60.02 176.40 129.64 204.27 -1 -1 -1 -1000 -1000 -1000 -10 0.45
30 54 Car -1 -1 -1 525.62 167.80 550.48 182.16 -1 -1 -1 -1000 -1000 -1000 -10 0.50
31 35 Car -1 -1 -1 69.69 161.60 291.00 272.49 -1 -1 -1 -1000 -1000 -1000 -10 0.95
31 52 Car -1 -1 -1 462.44 171.27 518.48 200.02 -1 -1 -1 -1000 -1000 -1000 -10 0.90
31 4 Car -1 -1 -1 585.47 164.90 631.60 205.27 -1 -1 -1 -1000 -1000 -1000 -10 0.89
31 43 Car -1 -1 -1 364.02 175.11 436.97 216.97 -1 -1 -1 -1000 -1000 -1000 -10 0.85
31 1 Car -1 -1 -1 795.60 170.00 852.24 198.89 -1 -1 -1 -1000 -1000 -1000 -10 0.82
31 50 Car -1 -1 -1 939.03 159.44 995.78 179.02 -1 -1 -1 -1000 -1000 -1000 -10 0.79
31 54 Car -1 -1 -1 526.43 166.24 547.36 182.04 -1 -1 -1 -1000 -1000 -1000 -10 0.74
31 48 Car -1 -1 -1 0.31 173.81 66.32 205.62 -1 -1 -1 -1000 -1000 -1000 -10 0.65
31 53 Car -1 -1 -1 549.29 166.60 566.59 178.25 -1 -1 -1 -1000 -1000 -1000 -10 0.62
31 55 Car -1 -1 -1 410.66 173.06 463.05 196.23 -1 -1 -1 -1000 -1000 -1000 -10 0.64
32 35 Car -1 -1 -1 1.14 155.94 211.46 309.44 -1 -1 -1 -1000 -1000 -1000 -10 0.95
32 43 Car -1 -1 -1 328.81 178.34 412.90 225.53 -1 -1 -1 -1000 -1000 -1000 -10 0.94
32 1 Car -1 -1 -1 820.81 170.39 883.20 200.11 -1 -1 -1 -1000 -1000 -1000 -10 0.89
32 52 Car -1 -1 -1 445.58 173.54 498.30 203.91 -1 -1 -1 -1000 -1000 -1000 -10 0.87
32 4 Car -1 -1 -1 584.21 166.10 632.70 207.99 -1 -1 -1 -1000 -1000 -1000 -10 0.80
32 55 Car -1 -1 -1 394.90 175.62 446.65 201.95 -1 -1 -1 -1000 -1000 -1000 -10 0.78
32 50 Car -1 -1 -1 924.89 161.65 982.36 180.75 -1 -1 -1 -1000 -1000 -1000 -10 0.76
32 53 Car -1 -1 -1 547.88 167.70 567.31 179.63 -1 -1 -1 -1000 -1000 -1000 -10 0.72
32 54 Car -1 -1 -1 524.29 169.35 545.20 183.86 -1 -1 -1 -1000 -1000 -1000 -10 0.67
33 43 Car -1 -1 -1 281.95 179.49 383.35 232.78 -1 -1 -1 -1000 -1000 -1000 -10 0.91
33 52 Car -1 -1 -1 423.40 172.88 482.35 206.83 -1 -1 -1 -1000 -1000 -1000 -10 0.90
33 1 Car -1 -1 -1 849.92 170.16 915.70 198.78 -1 -1 -1 -1000 -1000 -1000 -10 0.85
33 56 Car -1 -1 -1 76.03 185.49 145.38 233.28 -1 -1 -1 -1000 -1000 -1000 -10 0.82
33 4 Car -1 -1 -1 583.12 165.55 634.28 210.26 -1 -1 -1 -1000 -1000 -1000 -10 0.79
33 55 Car -1 -1 -1 372.25 176.21 432.80 203.12 -1 -1 -1 -1000 -1000 -1000 -10 0.77
33 53 Car -1 -1 -1 548.87 167.19 566.09 179.72 -1 -1 -1 -1000 -1000 -1000 -10 0.76
33 54 Car -1 -1 -1 523.44 168.62 543.95 184.42 -1 -1 -1 -1000 -1000 -1000 -10 0.75
33 50 Car -1 -1 -1 907.55 160.52 969.12 181.61 -1 -1 -1 -1000 -1000 -1000 -10 0.71
33 35 Car -1 -1 -1 -0.46 154.84 73.41 332.95 -1 -1 -1 -1000 -1000 -1000 -10 0.69
34 43 Car -1 -1 -1 216.69 179.18 347.35 244.08 -1 -1 -1 -1000 -1000 -1000 -10 0.90
34 56 Car -1 -1 -1 48.42 187.72 117.56 235.18 -1 -1 -1 -1000 -1000 -1000 -10 0.87
34 4 Car -1 -1 -1 582.73 163.30 634.83 209.57 -1 -1 -1 -1000 -1000 -1000 -10 0.87
34 1 Car -1 -1 -1 879.96 166.44 955.03 196.26 -1 -1 -1 -1000 -1000 -1000 -10 0.87
34 52 Car -1 -1 -1 398.41 171.97 465.38 209.54 -1 -1 -1 -1000 -1000 -1000 -10 0.87
34 55 Car -1 -1 -1 346.75 174.09 416.16 206.66 -1 -1 -1 -1000 -1000 -1000 -10 0.85
34 50 Car -1 -1 -1 890.49 157.10 954.09 182.44 -1 -1 -1 -1000 -1000 -1000 -10 0.73
34 54 Car -1 -1 -1 521.64 166.91 544.48 182.21 -1 -1 -1 -1000 -1000 -1000 -10 0.72
34 58 Car -1 -1 -1 1186.21 149.22 1239.82 176.17 -1 -1 -1 -1000 -1000 -1000 -10 0.63
34 57 Car -1 -1 -1 7.07 173.69 81.49 199.16 -1 -1 -1 -1000 -1000 -1000 -10 0.58
34 53 Car -1 -1 -1 546.66 164.90 566.31 178.08 -1 -1 -1 -1000 -1000 -1000 -10 0.50
34 59 Car -1 -1 -1 79.09 182.99 156.86 209.03 -1 -1 -1 -1000 -1000 -1000 -10 0.44
35 43 Car -1 -1 -1 117.14 180.59 297.14 261.94 -1 -1 -1 -1000 -1000 -1000 -10 0.94
35 56 Car -1 -1 -1 15.28 188.76 88.81 239.02 -1 -1 -1 -1000 -1000 -1000 -10 0.87
35 52 Car -1 -1 -1 365.33 173.19 443.75 216.05 -1 -1 -1 -1000 -1000 -1000 -10 0.85
35 50 Car -1 -1 -1 872.87 157.94 938.76 180.69 -1 -1 -1 -1000 -1000 -1000 -10 0.84
35 55 Car -1 -1 -1 320.51 175.36 396.02 211.13 -1 -1 -1 -1000 -1000 -1000 -10 0.84
35 4 Car -1 -1 -1 581.14 161.87 636.62 211.14 -1 -1 -1 -1000 -1000 -1000 -10 0.83
35 1 Car -1 -1 -1 916.69 163.69 998.64 194.58 -1 -1 -1 -1000 -1000 -1000 -10 0.79
35 58 Car -1 -1 -1 1171.55 148.62 1237.63 173.71 -1 -1 -1 -1000 -1000 -1000 -10 0.74
35 54 Car -1 -1 -1 521.07 165.93 543.71 181.37 -1 -1 -1 -1000 -1000 -1000 -10 0.64
35 59 Car -1 -1 -1 61.86 181.62 144.10 210.97 -1 -1 -1 -1000 -1000 -1000 -10 0.62
35 53 Car -1 -1 -1 546.91 164.82 565.92 177.20 -1 -1 -1 -1000 -1000 -1000 -10 0.62
35 57 Car -1 -1 -1 -4.04 174.46 62.88 205.23 -1 -1 -1 -1000 -1000 -1000 -10 0.57
35 60 Car -1 -1 -1 434.61 168.94 461.39 180.84 -1 -1 -1 -1000 -1000 -1000 -10 0.46
36 43 Car -1 -1 -1 1.28 182.05 220.55 297.61 -1 -1 -1 -1000 -1000 -1000 -10 0.97
36 52 Car -1 -1 -1 324.54 177.39 416.68 224.78 -1 -1 -1 -1000 -1000 -1000 -10 0.92
36 4 Car -1 -1 -1 578.89 161.96 638.89 215.41 -1 -1 -1 -1000 -1000 -1000 -10 0.87
36 1 Car -1 -1 -1 963.00 165.42 1041.29 196.68 -1 -1 -1 -1000 -1000 -1000 -10 0.83
36 58 Car -1 -1 -1 1160.88 149.41 1234.76 175.18 -1 -1 -1 -1000 -1000 -1000 -10 0.79
36 55 Car -1 -1 -1 286.75 177.87 370.17 217.81 -1 -1 -1 -1000 -1000 -1000 -10 0.77
36 57 Car -1 -1 -1 0.52 174.90 48.87 212.01 -1 -1 -1 -1000 -1000 -1000 -10 0.65
36 50 Car -1 -1 -1 851.90 160.13 919.54 182.85 -1 -1 -1 -1000 -1000 -1000 -10 0.63
36 54 Car -1 -1 -1 519.87 166.94 542.34 183.25 -1 -1 -1 -1000 -1000 -1000 -10 0.60
36 53 Car -1 -1 -1 548.44 165.15 564.99 177.55 -1 -1 -1 -1000 -1000 -1000 -10 0.59
36 60 Car -1 -1 -1 430.95 168.82 456.83 181.83 -1 -1 -1 -1000 -1000 -1000 -10 0.51
36 59 Car -1 -1 -1 43.45 179.24 130.89 215.06 -1 -1 -1 -1000 -1000 -1000 -10 0.48
36 56 Car -1 -1 -1 0.92 185.26 49.69 255.46 -1 -1 -1 -1000 -1000 -1000 -10 0.43
37 1 Car -1 -1 -1 1005.80 165.49 1093.65 198.41 -1 -1 -1 -1000 -1000 -1000 -10 0.92
37 52 Car -1 -1 -1 269.19 180.66 384.76 235.92 -1 -1 -1 -1000 -1000 -1000 -10 0.88
37 4 Car -1 -1 -1 578.95 162.82 640.99 218.10 -1 -1 -1 -1000 -1000 -1000 -10 0.86
37 50 Car -1 -1 -1 831.56 161.34 901.28 185.22 -1 -1 -1 -1000 -1000 -1000 -10 0.82
37 43 Car -1 -1 -1 -2.25 188.74 100.06 330.39 -1 -1 -1 -1000 -1000 -1000 -10 0.80
37 55 Car -1 -1 -1 252.17 178.99 340.54 221.92 -1 -1 -1 -1000 -1000 -1000 -10 0.78
37 58 Car -1 -1 -1 1146.78 152.15 1223.64 177.60 -1 -1 -1 -1000 -1000 -1000 -10 0.72
37 54 Car -1 -1 -1 516.11 168.19 540.95 185.04 -1 -1 -1 -1000 -1000 -1000 -10 0.68
37 57 Car -1 -1 -1 1.93 177.49 32.95 210.50 -1 -1 -1 -1000 -1000 -1000 -10 0.65
37 60 Car -1 -1 -1 420.26 170.78 453.48 185.32 -1 -1 -1 -1000 -1000 -1000 -10 0.63
37 53 Car -1 -1 -1 547.30 166.48 566.09 178.21 -1 -1 -1 -1000 -1000 -1000 -10 0.47
38 4 Car -1 -1 -1 575.51 163.63 641.25 222.02 -1 -1 -1 -1000 -1000 -1000 -10 0.94
38 52 Car -1 -1 -1 182.56 182.20 341.57 251.49 -1 -1 -1 -1000 -1000 -1000 -10 0.92
38 1 Car -1 -1 -1 1055.63 165.22 1147.13 198.27 -1 -1 -1 -1000 -1000 -1000 -10 0.88
38 50 Car -1 -1 -1 809.70 162.01 880.37 186.94 -1 -1 -1 -1000 -1000 -1000 -10 0.82
38 61 Car -1 -1 -1 7.31 184.86 112.82 217.64 -1 -1 -1 -1000 -1000 -1000 -10 0.76
38 54 Car -1 -1 -1 514.71 168.86 539.38 185.21 -1 -1 -1 -1000 -1000 -1000 -10 0.75
38 53 Car -1 -1 -1 543.90 166.33 563.43 179.84 -1 -1 -1 -1000 -1000 -1000 -10 0.71
38 58 Car -1 -1 -1 1135.11 154.63 1212.05 177.32 -1 -1 -1 -1000 -1000 -1000 -10 0.67
38 60 Car -1 -1 -1 414.97 170.75 449.36 186.02 -1 -1 -1 -1000 -1000 -1000 -10 0.61
38 57 Car -1 -1 -1 1.15 179.75 17.71 207.82 -1 -1 -1 -1000 -1000 -1000 -10 0.54
38 55 Car -1 -1 -1 218.68 182.20 312.81 220.53 -1 -1 -1 -1000 -1000 -1000 -10 0.48
39 4 Car -1 -1 -1 573.26 164.93 642.59 227.36 -1 -1 -1 -1000 -1000 -1000 -10 0.93
39 52 Car -1 -1 -1 54.09 187.13 275.20 276.29 -1 -1 -1 -1000 -1000 -1000 -10 0.90
39 1 Car -1 -1 -1 1110.97 163.74 1207.45 200.66 -1 -1 -1 -1000 -1000 -1000 -10 0.90
39 61 Car -1 -1 -1 2.56 185.21 93.78 217.81 -1 -1 -1 -1000 -1000 -1000 -10 0.84
39 50 Car -1 -1 -1 787.96 163.77 859.24 189.66 -1 -1 -1 -1000 -1000 -1000 -10 0.79
39 54 Car -1 -1 -1 512.54 170.92 536.79 186.96 -1 -1 -1 -1000 -1000 -1000 -10 0.67
39 62 Car -1 -1 -1 1.21 183.33 32.67 218.64 -1 -1 -1 -1000 -1000 -1000 -10 0.63
39 53 Car -1 -1 -1 542.92 168.42 561.37 180.92 -1 -1 -1 -1000 -1000 -1000 -10 0.60
39 60 Car -1 -1 -1 409.19 173.13 442.15 187.26 -1 -1 -1 -1000 -1000 -1000 -10 0.50
39 55 Car -1 -1 -1 199.07 183.95 278.41 218.44 -1 -1 -1 -1000 -1000 -1000 -10 0.43
40 4 Car -1 -1 -1 570.91 164.23 643.37 230.48 -1 -1 -1 -1000 -1000 -1000 -10 0.96
40 52 Car -1 -1 -1 -2.09 184.37 184.64 319.37 -1 -1 -1 -1000 -1000 -1000 -10 0.94
40 55 Car -1 -1 -1 82.97 183.86 224.34 243.73 -1 -1 -1 -1000 -1000 -1000 -10 0.86
40 1 Car -1 -1 -1 1176.05 164.54 1240.09 201.16 -1 -1 -1 -1000 -1000 -1000 -10 0.83
40 50 Car -1 -1 -1 768.80 165.19 836.56 190.29 -1 -1 -1 -1000 -1000 -1000 -10 0.81
40 54 Car -1 -1 -1 509.42 172.09 533.79 188.16 -1 -1 -1 -1000 -1000 -1000 -10 0.69
40 63 Car -1 -1 -1 4.20 205.77 224.96 366.79 -1 -1 -1 -1000 -1000 -1000 -10 0.66
40 53 Car -1 -1 -1 540.08 168.27 559.27 181.16 -1 -1 -1 -1000 -1000 -1000 -10 0.66
40 60 Car -1 -1 -1 405.39 173.35 437.36 187.86 -1 -1 -1 -1000 -1000 -1000 -10 0.58
40 61 Car -1 -1 -1 4.25 185.45 61.59 218.15 -1 -1 -1 -1000 -1000 -1000 -10 0.54
40 64 Car -1 -1 -1 54.83 178.88 135.19 209.76 -1 -1 -1 -1000 -1000 -1000 -10 0.53
40 62 Car -1 -1 -1 -0.91 186.59 19.26 216.34 -1 -1 -1 -1000 -1000 -1000 -10 0.49
40 65 Car -1 -1 -1 1103.65 158.32 1188.45 181.77 -1 -1 -1 -1000 -1000 -1000 -10 0.71
40 66 Car -1 -1 -1 223.17 178.66 255.22 194.06 -1 -1 -1 -1000 -1000 -1000 -10 0.42
41 55 Car -1 -1 -1 0.28 185.52 164.78 264.95 -1 -1 -1 -1000 -1000 -1000 -10 0.92
41 4 Car -1 -1 -1 568.37 163.36 644.18 233.64 -1 -1 -1 -1000 -1000 -1000 -10 0.91
41 50 Car -1 -1 -1 743.66 165.19 814.82 190.86 -1 -1 -1 -1000 -1000 -1000 -10 0.84
41 65 Car -1 -1 -1 1088.63 156.10 1159.79 182.30 -1 -1 -1 -1000 -1000 -1000 -10 0.82
41 63 Car -1 -1 -1 3.37 204.75 256.70 367.89 -1 -1 -1 -1000 -1000 -1000 -10 0.74
41 66 Car -1 -1 -1 218.40 178.84 243.52 192.76 -1 -1 -1 -1000 -1000 -1000 -10 0.65
41 61 Car -1 -1 -1 2.68 185.31 39.27 217.17 -1 -1 -1 -1000 -1000 -1000 -10 0.61
41 53 Car -1 -1 -1 535.41 168.01 557.13 181.72 -1 -1 -1 -1000 -1000 -1000 -10 0.54
41 60 Car -1 -1 -1 402.44 173.72 432.95 186.91 -1 -1 -1 -1000 -1000 -1000 -10 0.54
41 54 Car -1 -1 -1 507.58 171.23 531.89 187.33 -1 -1 -1 -1000 -1000 -1000 -10 0.49
41 62 Car -1 -1 -1 -0.27 182.71 4.63 219.68 -1 -1 -1 -1000 -1000 -1000 -10 0.48
41 64 Car -1 -1 -1 41.55 179.84 117.45 208.67 -1 -1 -1 -1000 -1000 -1000 -10 0.41
42 4 Car -1 -1 -1 565.67 163.86 647.61 237.42 -1 -1 -1 -1000 -1000 -1000 -10 0.96
42 63 Car -1 -1 -1 2.68 204.17 281.13 368.58 -1 -1 -1 -1000 -1000 -1000 -10 0.88
42 50 Car -1 -1 -1 722.20 165.90 794.88 191.99 -1 -1 -1 -1000 -1000 -1000 -10 0.86
42 55 Car -1 -1 -1 -1.56 189.14 83.13 282.22 -1 -1 -1 -1000 -1000 -1000 -10 0.82
42 65 Car -1 -1 -1 1067.79 157.59 1141.79 184.08 -1 -1 -1 -1000 -1000 -1000 -10 0.82
42 53 Car -1 -1 -1 534.98 167.91 555.22 181.96 -1 -1 -1 -1000 -1000 -1000 -10 0.74
42 54 Car -1 -1 -1 506.09 170.99 532.07 187.40 -1 -1 -1 -1000 -1000 -1000 -10 0.72
42 66 Car -1 -1 -1 211.27 177.79 236.68 193.07 -1 -1 -1 -1000 -1000 -1000 -10 0.66
42 67 Car -1 -1 -1 366.48 174.79 391.94 189.08 -1 -1 -1 -1000 -1000 -1000 -10 0.63
42 64 Car -1 -1 -1 74.04 179.12 124.30 198.21 -1 -1 -1 -1000 -1000 -1000 -10 0.63
42 68 Car -1 -1 -1 128.76 180.34 163.70 196.12 -1 -1 -1 -1000 -1000 -1000 -10 0.62
42 60 Car -1 -1 -1 401.15 171.19 432.15 187.13 -1 -1 -1 -1000 -1000 -1000 -10 0.60
42 61 Car -1 -1 -1 1.80 184.39 26.17 217.27 -1 -1 -1 -1000 -1000 -1000 -10 0.54
42 62 Car -1 -1 -1 -0.30 184.33 3.41 218.07 -1 -1 -1 -1000 -1000 -1000 -10 0.42
42 69 Pedestrian -1 -1 -1 445.47 169.15 457.77 201.20 -1 -1 -1 -1000 -1000 -1000 -10 0.41
43 4 Car -1 -1 -1 563.36 164.09 649.97 240.95 -1 -1 -1 -1000 -1000 -1000 -10 0.94
43 63 Car -1 -1 -1 2.00 204.86 305.19 367.37 -1 -1 -1 -1000 -1000 -1000 -10 0.93
43 50 Car -1 -1 -1 698.49 167.39 773.52 194.08 -1 -1 -1 -1000 -1000 -1000 -10 0.82
43 65 Car -1 -1 -1 1047.84 159.98 1121.32 185.30 -1 -1 -1 -1000 -1000 -1000 -10 0.76
43 53 Car -1 -1 -1 534.78 168.03 555.11 182.63 -1 -1 -1 -1000 -1000 -1000 -10 0.67
43 54 Car -1 -1 -1 504.16 171.91 529.86 188.36 -1 -1 -1 -1000 -1000 -1000 -10 0.63
43 67 Car -1 -1 -1 359.33 175.46 396.41 189.88 -1 -1 -1 -1000 -1000 -1000 -10 0.63
43 68 Car -1 -1 -1 120.28 179.60 155.30 197.93 -1 -1 -1 -1000 -1000 -1000 -10 0.62
43 61 Car -1 -1 -1 1.41 183.49 24.11 218.73 -1 -1 -1 -1000 -1000 -1000 -10 0.60
43 60 Car -1 -1 -1 399.54 172.50 433.52 188.39 -1 -1 -1 -1000 -1000 -1000 -10 0.58
43 66 Car -1 -1 -1 205.30 179.93 231.03 193.62 -1 -1 -1 -1000 -1000 -1000 -10 0.53
43 69 Pedestrian -1 -1 -1 442.88 172.76 452.12 199.18 -1 -1 -1 -1000 -1000 -1000 -10 0.52
43 62 Car -1 -1 -1 -1.08 184.06 4.22 218.32 -1 -1 -1 -1000 -1000 -1000 -10 0.49
44 4 Car -1 -1 -1 561.35 164.99 651.73 246.21 -1 -1 -1 -1000 -1000 -1000 -10 0.96
44 63 Car -1 -1 -1 1.21 198.85 321.11 366.96 -1 -1 -1 -1000 -1000 -1000 -10 0.96
44 70 Car -1 -1 -1 518.55 168.68 541.07 186.01 -1 -1 -1 -1000 -1000 -1000 -10 0.79
44 50 Car -1 -1 -1 680.57 166.46 757.16 194.96 -1 -1 -1 -1000 -1000 -1000 -10 0.79
44 65 Car -1 -1 -1 1029.00 160.56 1099.41 185.29 -1 -1 -1 -1000 -1000 -1000 -10 0.73
44 53 Car -1 -1 -1 534.66 167.81 555.38 182.74 -1 -1 -1 -1000 -1000 -1000 -10 0.70
44 66 Car -1 -1 -1 198.72 179.43 223.66 197.23 -1 -1 -1 -1000 -1000 -1000 -10 0.70
44 60 Car -1 -1 -1 395.11 173.14 432.11 189.56 -1 -1 -1 -1000 -1000 -1000 -10 0.64
44 67 Car -1 -1 -1 356.50 175.18 391.62 190.25 -1 -1 -1 -1000 -1000 -1000 -10 0.63
44 54 Car -1 -1 -1 503.58 172.16 529.78 188.50 -1 -1 -1 -1000 -1000 -1000 -10 0.61
44 68 Car -1 -1 -1 113.27 181.15 146.03 199.50 -1 -1 -1 -1000 -1000 -1000 -10 0.57
44 61 Car -1 -1 -1 0.19 182.85 4.44 220.08 -1 -1 -1 -1000 -1000 -1000 -10 0.51
44 62 Car -1 -1 -1 1.63 184.47 16.21 218.09 -1 -1 -1 -1000 -1000 -1000 -10 0.51
45 4 Car -1 -1 -1 560.40 165.16 653.64 250.58 -1 -1 -1 -1000 -1000 -1000 -10 0.97
45 63 Car -1 -1 -1 1.68 196.53 344.52 368.19 -1 -1 -1 -1000 -1000 -1000 -10 0.96
45 50 Car -1 -1 -1 657.68 167.14 734.77 196.13 -1 -1 -1 -1000 -1000 -1000 -10 0.84
45 65 Car -1 -1 -1 1001.17 159.43 1077.44 187.14 -1 -1 -1 -1000 -1000 -1000 -10 0.79
45 70 Car -1 -1 -1 516.97 167.34 541.04 186.70 -1 -1 -1 -1000 -1000 -1000 -10 0.75
45 53 Car -1 -1 -1 534.11 167.60 555.62 182.59 -1 -1 -1 -1000 -1000 -1000 -10 0.72
45 60 Car -1 -1 -1 388.12 172.33 430.81 190.19 -1 -1 -1 -1000 -1000 -1000 -10 0.65
45 54 Car -1 -1 -1 502.45 170.63 528.79 189.65 -1 -1 -1 -1000 -1000 -1000 -10 0.61
45 67 Car -1 -1 -1 353.88 174.73 394.68 190.46 -1 -1 -1 -1000 -1000 -1000 -10 0.60
45 66 Car -1 -1 -1 190.06 180.45 219.63 196.73 -1 -1 -1 -1000 -1000 -1000 -10 0.56
45 62 Car -1 -1 -1 0.19 176.18 2.24 226.11 -1 -1 -1 -1000 -1000 -1000 -10 0.42
46 63 Car -1 -1 -1 1.97 189.01 351.91 368.91 -1 -1 -1 -1000 -1000 -1000 -10 0.97
46 4 Car -1 -1 -1 556.63 164.06 656.97 255.90 -1 -1 -1 -1000 -1000 -1000 -10 0.97
46 70 Car -1 -1 -1 516.62 167.12 541.11 187.52 -1 -1 -1 -1000 -1000 -1000 -10 0.81
46 54 Car -1 -1 -1 500.80 171.20 527.49 189.70 -1 -1 -1 -1000 -1000 -1000 -10 0.79
46 65 Car -1 -1 -1 976.15 163.33 1047.76 190.17 -1 -1 -1 -1000 -1000 -1000 -10 0.77
46 60 Car -1 -1 -1 388.53 173.41 423.27 189.87 -1 -1 -1 -1000 -1000 -1000 -10 0.71
46 53 Car -1 -1 -1 532.92 167.35 555.66 183.27 -1 -1 -1 -1000 -1000 -1000 -10 0.71
46 50 Car -1 -1 -1 642.76 170.28 710.65 195.65 -1 -1 -1 -1000 -1000 -1000 -10 0.69
46 67 Car -1 -1 -1 355.27 173.84 393.26 189.93 -1 -1 -1 -1000 -1000 -1000 -10 0.62
46 66 Car -1 -1 -1 184.98 179.77 216.45 196.61 -1 -1 -1 -1000 -1000 -1000 -10 0.58
46 71 Car -1 -1 -1 551.54 167.97 570.00 180.75 -1 -1 -1 -1000 -1000 -1000 -10 0.40
47 63 Car -1 -1 -1 2.58 186.83 373.89 370.62 -1 -1 -1 -1000 -1000 -1000 -10 0.98
47 4 Car -1 -1 -1 553.45 164.41 659.65 260.66 -1 -1 -1 -1000 -1000 -1000 -10 0.97
47 54 Car -1 -1 -1 499.20 171.83 527.65 190.00 -1 -1 -1 -1000 -1000 -1000 -10 0.80
47 65 Car -1 -1 -1 946.83 162.18 1020.21 188.15 -1 -1 -1 -1000 -1000 -1000 -10 0.80
47 70 Car -1 -1 -1 515.84 167.91 541.10 187.79 -1 -1 -1 -1000 -1000 -1000 -10 0.71
47 53 Car -1 -1 -1 533.75 167.99 555.32 182.93 -1 -1 -1 -1000 -1000 -1000 -10 0.70
47 67 Car -1 -1 -1 353.75 173.66 388.51 191.20 -1 -1 -1 -1000 -1000 -1000 -10 0.70
47 66 Car -1 -1 -1 180.11 180.88 210.26 198.18 -1 -1 -1 -1000 -1000 -1000 -10 0.67
47 71 Car -1 -1 -1 551.09 168.66 569.23 180.94 -1 -1 -1 -1000 -1000 -1000 -10 0.66
47 60 Car -1 -1 -1 385.79 172.78 424.54 190.98 -1 -1 -1 -1000 -1000 -1000 -10 0.62
47 50 Car -1 -1 -1 620.82 171.17 693.99 197.71 -1 -1 -1 -1000 -1000 -1000 -10 0.58
48 63 Car -1 -1 -1 1.21 188.17 390.56 369.61 -1 -1 -1 -1000 -1000 -1000 -10 0.97
48 4 Car -1 -1 -1 550.80 165.23 662.15 266.35 -1 -1 -1 -1000 -1000 -1000 -10 0.97
48 65 Car -1 -1 -1 915.64 164.50 990.67 191.10 -1 -1 -1 -1000 -1000 -1000 -10 0.85
48 54 Car -1 -1 -1 498.87 172.33 527.28 191.76 -1 -1 -1 -1000 -1000 -1000 -10 0.79
48 53 Car -1 -1 -1 533.64 169.13 554.92 184.83 -1 -1 -1 -1000 -1000 -1000 -10 0.77
48 50 Car -1 -1 -1 606.13 170.92 670.65 200.98 -1 -1 -1 -1000 -1000 -1000 -10 0.76
48 60 Car -1 -1 -1 384.37 174.27 426.21 190.88 -1 -1 -1 -1000 -1000 -1000 -10 0.71
48 67 Car -1 -1 -1 350.27 172.42 391.35 192.60 -1 -1 -1 -1000 -1000 -1000 -10 0.66
48 70 Car -1 -1 -1 514.10 168.80 540.28 189.31 -1 -1 -1 -1000 -1000 -1000 -10 0.62
48 66 Car -1 -1 -1 173.87 180.46 203.67 200.73 -1 -1 -1 -1000 -1000 -1000 -10 0.60
48 71 Car -1 -1 -1 550.88 168.89 568.77 182.10 -1 -1 -1 -1000 -1000 -1000 -10 0.41
49 63 Car -1 -1 -1 1.60 188.55 398.19 368.09 -1 -1 -1 -1000 -1000 -1000 -10 0.97
49 4 Car -1 -1 -1 548.02 164.52 665.27 270.94 -1 -1 -1 -1000 -1000 -1000 -10 0.96
49 53 Car -1 -1 -1 531.89 169.53 552.70 185.65 -1 -1 -1 -1000 -1000 -1000 -10 0.80
49 65 Car -1 -1 -1 882.96 163.31 958.40 191.55 -1 -1 -1 -1000 -1000 -1000 -10 0.79
49 54 Car -1 -1 -1 498.13 173.01 525.34 191.83 -1 -1 -1 -1000 -1000 -1000 -10 0.73
49 70 Car -1 -1 -1 513.00 168.68 538.85 189.91 -1 -1 -1 -1000 -1000 -1000 -10 0.70
49 60 Car -1 -1 -1 388.04 174.38 421.63 190.91 -1 -1 -1 -1000 -1000 -1000 -10 0.69
49 67 Car -1 -1 -1 349.69 172.23 391.32 193.61 -1 -1 -1 -1000 -1000 -1000 -10 0.66
49 66 Car -1 -1 -1 166.18 179.90 202.28 204.38 -1 -1 -1 -1000 -1000 -1000 -10 0.58
49 50 Car -1 -1 -1 613.14 169.94 655.12 201.10 -1 -1 -1 -1000 -1000 -1000 -10 0.44
50 63 Car -1 -1 -1 -0.19 186.56 407.57 370.06 -1 -1 -1 -1000 -1000 -1000 -10 0.97
50 4 Car -1 -1 -1 542.65 164.79 666.74 275.32 -1 -1 -1 -1000 -1000 -1000 -10 0.97
50 65 Car -1 -1 -1 846.38 163.51 921.12 191.28 -1 -1 -1 -1000 -1000 -1000 -10 0.84
50 54 Car -1 -1 -1 497.14 171.84 524.47 189.63 -1 -1 -1 -1000 -1000 -1000 -10 0.82
50 70 Car -1 -1 -1 512.40 168.15 537.10 187.13 -1 -1 -1 -1000 -1000 -1000 -10 0.77
50 60 Car -1 -1 -1 385.58 173.54 424.44 189.84 -1 -1 -1 -1000 -1000 -1000 -10 0.72
50 67 Car -1 -1 -1 340.86 172.67 393.48 192.99 -1 -1 -1 -1000 -1000 -1000 -10 0.71
50 53 Car -1 -1 -1 530.68 168.03 552.62 182.80 -1 -1 -1 -1000 -1000 -1000 -10 0.68
50 50 Car -1 -1 -1 613.92 168.69 647.68 195.27 -1 -1 -1 -1000 -1000 -1000 -10 0.65
50 66 Car -1 -1 -1 162.91 180.55 196.08 199.02 -1 -1 -1 -1000 -1000 -1000 -10 0.65
51 63 Car -1 -1 -1 1.93 188.30 412.79 368.64 -1 -1 -1 -1000 -1000 -1000 -10 0.98
51 4 Car -1 -1 -1 539.69 164.16 669.44 279.05 -1 -1 -1 -1000 -1000 -1000 -10 0.97
51 54 Car -1 -1 -1 495.09 172.15 523.84 190.56 -1 -1 -1 -1000 -1000 -1000 -10 0.81
51 53 Car -1 -1 -1 527.42 167.64 554.88 186.12 -1 -1 -1 -1000 -1000 -1000 -10 0.80
51 65 Car -1 -1 -1 809.96 163.72 883.81 192.35 -1 -1 -1 -1000 -1000 -1000 -10 0.78
51 60 Car -1 -1 -1 384.89 173.65 419.55 190.83 -1 -1 -1 -1000 -1000 -1000 -10 0.76
51 67 Car -1 -1 -1 338.32 172.48 388.01 193.25 -1 -1 -1 -1000 -1000 -1000 -10 0.70
51 50 Car -1 -1 -1 610.84 169.06 649.28 193.47 -1 -1 -1 -1000 -1000 -1000 -10 0.61
51 70 Car -1 -1 -1 507.72 168.42 542.13 188.80 -1 -1 -1 -1000 -1000 -1000 -10 0.59
51 66 Car -1 -1 -1 155.36 181.25 191.17 200.20 -1 -1 -1 -1000 -1000 -1000 -10 0.40
51 72 Car -1 -1 -1 517.75 173.66 588.41 207.13 -1 -1 -1 -1000 -1000 -1000 -10 0.78
51 73 Car -1 -1 -1 370.55 173.57 409.03 191.76 -1 -1 -1 -1000 -1000 -1000 -10 0.42
52 4 Car -1 -1 -1 538.37 164.90 674.88 284.46 -1 -1 -1 -1000 -1000 -1000 -10 0.98
52 63 Car -1 -1 -1 2.89 183.80 419.43 366.53 -1 -1 -1 -1000 -1000 -1000 -10 0.98
52 72 Car -1 -1 -1 487.80 175.24 578.77 209.24 -1 -1 -1 -1000 -1000 -1000 -10 0.88
52 65 Car -1 -1 -1 771.86 163.80 844.59 193.62 -1 -1 -1 -1000 -1000 -1000 -10 0.84
52 60 Car -1 -1 -1 382.51 173.66 419.29 189.39 -1 -1 -1 -1000 -1000 -1000 -10 0.71
52 67 Car -1 -1 -1 334.64 172.01 384.76 193.45 -1 -1 -1 -1000 -1000 -1000 -10 0.71
52 54 Car -1 -1 -1 493.88 172.57 524.44 189.16 -1 -1 -1 -1000 -1000 -1000 -10 0.70
52 53 Car -1 -1 -1 524.87 169.20 556.13 185.09 -1 -1 -1 -1000 -1000 -1000 -10 0.70
52 70 Car -1 -1 -1 504.77 170.39 540.28 187.38 -1 -1 -1 -1000 -1000 -1000 -10 0.70
52 73 Car -1 -1 -1 363.34 174.57 407.90 191.29 -1 -1 -1 -1000 -1000 -1000 -10 0.67
52 50 Car -1 -1 -1 609.20 168.85 650.98 193.20 -1 -1 -1 -1000 -1000 -1000 -10 0.60
52 66 Car -1 -1 -1 149.57 181.49 188.53 202.69 -1 -1 -1 -1000 -1000 -1000 -10 0.57
53 63 Car -1 -1 -1 -1.03 181.55 425.00 368.75 -1 -1 -1 -1000 -1000 -1000 -10 0.98
53 4 Car -1 -1 -1 533.27 161.91 675.96 288.78 -1 -1 -1 -1000 -1000 -1000 -10 0.97
53 72 Car -1 -1 -1 459.35 176.35 555.35 210.01 -1 -1 -1 -1000 -1000 -1000 -10 0.90
53 65 Car -1 -1 -1 724.93 163.57 808.76 193.23 -1 -1 -1 -1000 -1000 -1000 -10 0.85
53 70 Car -1 -1 -1 504.32 168.19 540.58 186.77 -1 -1 -1 -1000 -1000 -1000 -10 0.76
53 67 Car -1 -1 -1 333.00 171.56 383.68 193.35 -1 -1 -1 -1000 -1000 -1000 -10 0.72
53 54 Car -1 -1 -1 487.45 171.87 526.41 189.56 -1 -1 -1 -1000 -1000 -1000 -10 0.71
53 53 Car -1 -1 -1 523.46 168.90 557.49 186.84 -1 -1 -1 -1000 -1000 -1000 -10 0.68
53 73 Car -1 -1 -1 364.77 173.79 406.67 190.68 -1 -1 -1 -1000 -1000 -1000 -10 0.65
53 60 Car -1 -1 -1 380.99 173.18 420.84 189.58 -1 -1 -1 -1000 -1000 -1000 -10 0.64
53 50 Car -1 -1 -1 602.47 166.38 652.33 196.05 -1 -1 -1 -1000 -1000 -1000 -10 0.57
53 66 Car -1 -1 -1 147.52 181.50 181.21 202.46 -1 -1 -1 -1000 -1000 -1000 -10 0.56
54 4 Car -1 -1 -1 528.66 162.43 679.05 294.95 -1 -1 -1 -1000 -1000 -1000 -10 0.99
54 63 Car -1 -1 -1 -0.08 182.55 431.12 367.12 -1 -1 -1 -1000 -1000 -1000 -10 0.98
54 72 Car -1 -1 -1 430.52 175.76 533.94 213.54 -1 -1 -1 -1000 -1000 -1000 -10 0.88
54 70 Car -1 -1 -1 504.63 167.43 539.39 187.52 -1 -1 -1 -1000 -1000 -1000 -10 0.73
54 65 Car -1 -1 -1 698.98 164.43 765.04 193.52 -1 -1 -1 -1000 -1000 -1000 -10 0.70
54 67 Car -1 -1 -1 329.49 170.04 381.39 194.92 -1 -1 -1 -1000 -1000 -1000 -10 0.68
54 60 Car -1 -1 -1 379.24 173.87 415.67 190.54 -1 -1 -1 -1000 -1000 -1000 -10 0.67
54 54 Car -1 -1 -1 487.29 169.15 524.23 188.98 -1 -1 -1 -1000 -1000 -1000 -10 0.65
54 53 Car -1 -1 -1 524.48 168.60 552.11 185.27 -1 -1 -1 -1000 -1000 -1000 -10 0.64
54 73 Car -1 -1 -1 365.27 174.07 406.32 190.89 -1 -1 -1 -1000 -1000 -1000 -10 0.60
54 66 Car -1 -1 -1 138.56 181.46 182.81 204.73 -1 -1 -1 -1000 -1000 -1000 -10 0.57
54 50 Car -1 -1 -1 606.64 165.50 645.67 196.87 -1 -1 -1 -1000 -1000 -1000 -10 0.56
55 4 Car -1 -1 -1 525.80 162.84 682.28 301.21 -1 -1 -1 -1000 -1000 -1000 -10 0.99
55 63 Car -1 -1 -1 12.40 182.64 434.10 367.37 -1 -1 -1 -1000 -1000 -1000 -10 0.98
55 72 Car -1 -1 -1 397.89 176.51 508.54 217.64 -1 -1 -1 -1000 -1000 -1000 -10 0.90
55 54 Car -1 -1 -1 490.17 170.75 521.36 190.67 -1 -1 -1 -1000 -1000 -1000 -10 0.78
55 70 Car -1 -1 -1 505.76 167.94 536.00 188.38 -1 -1 -1 -1000 -1000 -1000 -10 0.65
55 67 Car -1 -1 -1 319.05 168.62 383.26 196.18 -1 -1 -1 -1000 -1000 -1000 -10 0.65
55 73 Car -1 -1 -1 366.31 173.66 405.20 190.88 -1 -1 -1 -1000 -1000 -1000 -10 0.64
55 53 Car -1 -1 -1 523.47 168.11 550.33 184.71 -1 -1 -1 -1000 -1000 -1000 -10 0.64
55 60 Car -1 -1 -1 376.56 173.65 418.68 191.03 -1 -1 -1 -1000 -1000 -1000 -10 0.63
55 50 Car -1 -1 -1 603.13 164.49 649.74 196.99 -1 -1 -1 -1000 -1000 -1000 -10 0.60
55 66 Car -1 -1 -1 127.71 182.38 179.89 205.00 -1 -1 -1 -1000 -1000 -1000 -10 0.57
55 65 Car -1 -1 -1 651.90 166.06 717.53 191.96 -1 -1 -1 -1000 -1000 -1000 -10 0.56
56 4 Car -1 -1 -1 523.33 159.90 684.72 306.00 -1 -1 -1 -1000 -1000 -1000 -10 0.98
56 63 Car -1 -1 -1 21.67 182.05 432.71 367.58 -1 -1 -1 -1000 -1000 -1000 -10 0.98
56 72 Car -1 -1 -1 374.16 177.01 481.43 219.92 -1 -1 -1 -1000 -1000 -1000 -10 0.87
56 70 Car -1 -1 -1 506.19 169.05 531.25 188.32 -1 -1 -1 -1000 -1000 -1000 -10 0.74
56 54 Car -1 -1 -1 489.58 171.47 518.41 190.96 -1 -1 -1 -1000 -1000 -1000 -10 0.73
56 50 Car -1 -1 -1 603.33 164.61 649.76 197.66 -1 -1 -1 -1000 -1000 -1000 -10 0.65
56 60 Car -1 -1 -1 374.74 172.90 412.63 191.96 -1 -1 -1 -1000 -1000 -1000 -10 0.62
56 73 Car -1 -1 -1 364.89 172.50 407.43 192.18 -1 -1 -1 -1000 -1000 -1000 -10 0.60
56 66 Car -1 -1 -1 131.97 183.47 173.31 204.40 -1 -1 -1 -1000 -1000 -1000 -10 0.60
56 53 Car -1 -1 -1 525.23 168.10 549.45 184.48 -1 -1 -1 -1000 -1000 -1000 -10 0.58
56 67 Car -1 -1 -1 313.91 168.73 381.46 196.02 -1 -1 -1 -1000 -1000 -1000 -10 0.46
56 74 Car -1 -1 -1 631.63 165.89 683.56 190.56 -1 -1 -1 -1000 -1000 -1000 -10 0.43
57 4 Car -1 -1 -1 519.23 160.69 688.25 312.00 -1 -1 -1 -1000 -1000 -1000 -10 0.99
57 63 Car -1 -1 -1 24.67 180.67 436.87 369.33 -1 -1 -1 -1000 -1000 -1000 -10 0.98
57 72 Car -1 -1 -1 332.18 176.86 449.36 226.54 -1 -1 -1 -1000 -1000 -1000 -10 0.84
57 54 Car -1 -1 -1 489.73 171.78 518.04 190.95 -1 -1 -1 -1000 -1000 -1000 -10 0.80
57 70 Car -1 -1 -1 505.33 169.03 530.94 188.19 -1 -1 -1 -1000 -1000 -1000 -10 0.80
57 66 Car -1 -1 -1 131.33 183.45 166.41 203.75 -1 -1 -1 -1000 -1000 -1000 -10 0.75
57 50 Car -1 -1 -1 608.02 164.75 644.60 197.78 -1 -1 -1 -1000 -1000 -1000 -10 0.66
57 53 Car -1 -1 -1 525.17 168.41 548.65 184.59 -1 -1 -1 -1000 -1000 -1000 -10 0.66
57 60 Car -1 -1 -1 369.36 172.98 411.01 191.63 -1 -1 -1 -1000 -1000 -1000 -10 0.65
57 67 Car -1 -1 -1 310.27 168.09 377.21 197.06 -1 -1 -1 -1000 -1000 -1000 -10 0.50
58 4 Car -1 -1 -1 516.33 162.79 690.71 315.87 -1 -1 -1 -1000 -1000 -1000 -10 0.98
58 63 Car -1 -1 -1 25.20 179.82 436.32 370.10 -1 -1 -1 -1000 -1000 -1000 -10 0.97
58 54 Car -1 -1 -1 487.94 171.58 517.04 190.77 -1 -1 -1 -1000 -1000 -1000 -10 0.80
58 72 Car -1 -1 -1 283.87 176.36 419.89 231.56 -1 -1 -1 -1000 -1000 -1000 -10 0.78
58 66 Car -1 -1 -1 126.69 182.07 162.47 203.67 -1 -1 -1 -1000 -1000 -1000 -10 0.67
58 60 Car -1 -1 -1 368.83 172.57 411.11 190.24 -1 -1 -1 -1000 -1000 -1000 -10 0.65
58 70 Car -1 -1 -1 500.51 167.60 534.51 189.43 -1 -1 -1 -1000 -1000 -1000 -10 0.61
58 53 Car -1 -1 -1 519.15 166.46 554.39 188.47 -1 -1 -1 -1000 -1000 -1000 -10 0.60
58 50 Car -1 -1 -1 607.58 165.25 645.00 196.71 -1 -1 -1 -1000 -1000 -1000 -10 0.56
58 67 Car -1 -1 -1 313.32 170.99 373.70 193.09 -1 -1 -1 -1000 -1000 -1000 -10 0.49
59 4 Car -1 -1 -1 513.31 160.22 693.71 321.06 -1 -1 -1 -1000 -1000 -1000 -10 0.98
59 63 Car -1 -1 -1 25.10 180.41 436.32 369.83 -1 -1 -1 -1000 -1000 -1000 -10 0.97
59 72 Car -1 -1 -1 253.79 178.30 386.64 233.46 -1 -1 -1 -1000 -1000 -1000 -10 0.84
59 70 Car -1 -1 -1 460.58 170.14 536.31 199.31 -1 -1 -1 -1000 -1000 -1000 -10 0.76
59 66 Car -1 -1 -1 124.11 183.33 159.20 203.86 -1 -1 -1 -1000 -1000 -1000 -10 0.76
59 53 Car -1 -1 -1 516.95 169.62 551.13 187.59 -1 -1 -1 -1000 -1000 -1000 -10 0.66
59 60 Car -1 -1 -1 369.15 173.79 409.65 191.50 -1 -1 -1 -1000 -1000 -1000 -10 0.64
59 50 Car -1 -1 -1 607.11 165.97 645.33 196.10 -1 -1 -1 -1000 -1000 -1000 -10 0.57
59 67 Car -1 -1 -1 322.54 172.39 365.06 192.60 -1 -1 -1 -1000 -1000 -1000 -10 0.56
60 4 Car -1 -1 -1 510.67 161.47 695.29 326.23 -1 -1 -1 -1000 -1000 -1000 -10 0.99
60 63 Car -1 -1 -1 11.26 179.33 435.14 371.17 -1 -1 -1 -1000 -1000 -1000 -10 0.97
60 70 Car -1 -1 -1 405.48 171.83 490.13 205.46 -1 -1 -1 -1000 -1000 -1000 -10 0.86
60 66 Car -1 -1 -1 118.92 184.39 157.22 204.71 -1 -1 -1 -1000 -1000 -1000 -10 0.65
60 50 Car -1 -1 -1 607.25 168.58 645.83 194.92 -1 -1 -1 -1000 -1000 -1000 -10 0.64
60 60 Car -1 -1 -1 361.73 173.93 411.38 194.79 -1 -1 -1 -1000 -1000 -1000 -10 0.61
60 72 Car -1 -1 -1 201.55 180.02 353.15 245.53 -1 -1 -1 -1000 -1000 -1000 -10 0.59
60 67 Car -1 -1 -1 315.81 174.83 370.92 197.99 -1 -1 -1 -1000 -1000 -1000 -10 0.55
60 53 Car -1 -1 -1 503.17 171.48 533.32 190.02 -1 -1 -1 -1000 -1000 -1000 -10 0.43
60 75 Car -1 -1 -1 486.16 172.36 517.47 193.32 -1 -1 -1 -1000 -1000 -1000 -10 0.63
60 76 Car -1 -1 -1 519.06 170.29 548.90 188.21 -1 -1 -1 -1000 -1000 -1000 -10 0.42
61 4 Car -1 -1 -1 509.72 162.81 696.89 332.26 -1 -1 -1 -1000 -1000 -1000 -10 0.99
61 63 Car -1 -1 -1 -2.60 180.38 433.55 370.35 -1 -1 -1 -1000 -1000 -1000 -10 0.97
61 70 Car -1 -1 -1 347.11 174.57 439.14 210.56 -1 -1 -1 -1000 -1000 -1000 -10 0.79
61 75 Car -1 -1 -1 484.72 173.77 515.75 195.90 -1 -1 -1 -1000 -1000 -1000 -10 0.72
61 53 Car -1 -1 -1 504.23 171.95 529.61 192.00 -1 -1 -1 -1000 -1000 -1000 -10 0.71
61 76 Car -1 -1 -1 521.22 171.31 546.98 190.01 -1 -1 -1 -1000 -1000 -1000 -10 0.68
61 72 Car -1 -1 -1 152.04 185.93 316.95 248.38 -1 -1 -1 -1000 -1000 -1000 -10 0.65
61 66 Car -1 -1 -1 114.85 186.54 159.21 208.14 -1 -1 -1 -1000 -1000 -1000 -10 0.65
61 50 Car -1 -1 -1 609.66 170.44 645.14 194.33 -1 -1 -1 -1000 -1000 -1000 -10 0.63
61 60 Car -1 -1 -1 362.00 176.06 402.76 195.61 -1 -1 -1 -1000 -1000 -1000 -10 0.52
61 67 Car -1 -1 -1 306.06 176.03 372.75 202.79 -1 -1 -1 -1000 -1000 -1000 -10 0.44
62 4 Car -1 -1 -1 506.72 160.73 699.40 335.53 -1 -1 -1 -1000 -1000 -1000 -10 0.98
62 63 Car -1 -1 -1 0.47 187.99 422.82 369.35 -1 -1 -1 -1000 -1000 -1000 -10 0.98
62 70 Car -1 -1 -1 297.17 177.21 388.28 210.63 -1 -1 -1 -1000 -1000 -1000 -10 0.83
62 75 Car -1 -1 -1 483.51 174.49 519.21 195.47 -1 -1 -1 -1000 -1000 -1000 -10 0.76
62 66 Car -1 -1 -1 13.45 183.91 261.19 280.66 -1 -1 -1 -1000 -1000 -1000 -10 0.71
62 53 Car -1 -1 -1 502.32 172.19 528.21 191.45 -1 -1 -1 -1000 -1000 -1000 -10 0.69
62 60 Car -1 -1 -1 357.12 175.62 407.51 195.48 -1 -1 -1 -1000 -1000 -1000 -10 0.68
62 50 Car -1 -1 -1 612.26 169.55 642.73 194.06 -1 -1 -1 -1000 -1000 -1000 -10 0.61
62 76 Car -1 -1 -1 520.09 171.31 547.76 189.64 -1 -1 -1 -1000 -1000 -1000 -10 0.58
62 77 Car -1 -1 -1 103.82 185.62 163.81 210.42 -1 -1 -1 -1000 -1000 -1000 -10 0.52
63 4 Car -1 -1 -1 504.23 160.80 701.36 342.28 -1 -1 -1 -1000 -1000 -1000 -10 0.98
63 63 Car -1 -1 -1 2.82 185.82 420.33 371.28 -1 -1 -1 -1000 -1000 -1000 -10 0.98
63 66 Car -1 -1 -1 2.64 185.64 202.48 325.59 -1 -1 -1 -1000 -1000 -1000 -10 0.78
63 75 Car -1 -1 -1 483.18 174.23 519.13 195.73 -1 -1 -1 -1000 -1000 -1000 -10 0.73
63 53 Car -1 -1 -1 502.58 172.28 527.93 191.48 -1 -1 -1 -1000 -1000 -1000 -10 0.69
63 60 Car -1 -1 -1 356.67 176.39 407.44 196.05 -1 -1 -1 -1000 -1000 -1000 -10 0.67
63 76 Car -1 -1 -1 520.37 171.31 547.29 190.21 -1 -1 -1 -1000 -1000 -1000 -10 0.64
63 50 Car -1 -1 -1 609.79 169.40 645.42 194.70 -1 -1 -1 -1000 -1000 -1000 -10 0.59
63 77 Car -1 -1 -1 96.00 183.66 164.33 212.47 -1 -1 -1 -1000 -1000 -1000 -10 0.51
63 70 Car -1 -1 -1 236.40 178.38 341.04 222.44 -1 -1 -1 -1000 -1000 -1000 -10 0.50
64 4 Car -1 -1 -1 499.85 159.95 701.10 343.87 -1 -1 -1 -1000 -1000 -1000 -10 0.98
64 63 Car -1 -1 -1 0.92 186.38 414.83 370.97 -1 -1 -1 -1000 -1000 -1000 -10 0.97
64 60 Car -1 -1 -1 357.53 176.35 406.70 196.17 -1 -1 -1 -1000 -1000 -1000 -10 0.71
64 75 Car -1 -1 -1 483.04 174.23 519.19 195.39 -1 -1 -1 -1000 -1000 -1000 -10 0.70
64 76 Car -1 -1 -1 520.77 171.69 547.54 191.40 -1 -1 -1 -1000 -1000 -1000 -10 0.67
64 53 Car -1 -1 -1 502.30 172.15 528.26 191.44 -1 -1 -1 -1000 -1000 -1000 -10 0.65
64 50 Car -1 -1 -1 610.17 168.64 645.02 195.38 -1 -1 -1 -1000 -1000 -1000 -10 0.60
64 77 Car -1 -1 -1 96.54 183.03 163.86 212.91 -1 -1 -1 -1000 -1000 -1000 -10 0.51
64 66 Car -1 -1 -1 3.40 188.93 147.83 345.29 -1 -1 -1 -1000 -1000 -1000 -10 0.47
65 4 Car -1 -1 -1 497.40 159.77 702.64 350.92 -1 -1 -1 -1000 -1000 -1000 -10 0.98
65 63 Car -1 -1 -1 -0.21 186.52 414.97 370.93 -1 -1 -1 -1000 -1000 -1000 -10 0.97
65 75 Car -1 -1 -1 482.84 173.62 517.08 195.45 -1 -1 -1 -1000 -1000 -1000 -10 0.78
65 60 Car -1 -1 -1 359.61 176.48 404.53 196.00 -1 -1 -1 -1000 -1000 -1000 -10 0.74
65 53 Car -1 -1 -1 501.21 171.76 527.55 191.50 -1 -1 -1 -1000 -1000 -1000 -10 0.72
65 76 Car -1 -1 -1 521.07 171.18 547.79 191.50 -1 -1 -1 -1000 -1000 -1000 -10 0.64
65 50 Car -1 -1 -1 608.61 168.93 646.53 195.05 -1 -1 -1 -1000 -1000 -1000 -10 0.59
65 77 Car -1 -1 -1 94.76 183.39 165.31 212.36 -1 -1 -1 -1000 -1000 -1000 -10 0.42
66 4 Car -1 -1 -1 496.21 160.07 703.50 351.49 -1 -1 -1 -1000 -1000 -1000 -10 0.98
66 63 Car -1 -1 -1 0.25 187.40 407.69 369.59 -1 -1 -1 -1000 -1000 -1000 -10 0.97
66 75 Car -1 -1 -1 483.33 173.25 516.39 195.46 -1 -1 -1 -1000 -1000 -1000 -10 0.78
66 60 Car -1 -1 -1 359.50 176.33 404.76 195.90 -1 -1 -1 -1000 -1000 -1000 -10 0.73
66 53 Car -1 -1 -1 501.24 171.29 527.79 191.30 -1 -1 -1 -1000 -1000 -1000 -10 0.71
66 76 Car -1 -1 -1 521.66 171.50 547.52 191.68 -1 -1 -1 -1000 -1000 -1000 -10 0.64
66 50 Car -1 -1 -1 608.57 168.90 646.61 195.62 -1 -1 -1 -1000 -1000 -1000 -10 0.62
67 4 Car -1 -1 -1 493.17 161.01 706.77 357.46 -1 -1 -1 -1000 -1000 -1000 -10 0.98
67 63 Car -1 -1 -1 -2.90 181.14 410.55 369.77 -1 -1 -1 -1000 -1000 -1000 -10 0.97
67 75 Car -1 -1 -1 482.76 173.77 517.13 195.62 -1 -1 -1 -1000 -1000 -1000 -10 0.81
67 53 Car -1 -1 -1 501.56 171.46 527.59 191.67 -1 -1 -1 -1000 -1000 -1000 -10 0.74
67 60 Car -1 -1 -1 358.54 176.64 405.57 196.10 -1 -1 -1 -1000 -1000 -1000 -10 0.74
67 76 Car -1 -1 -1 521.86 171.21 547.26 192.04 -1 -1 -1 -1000 -1000 -1000 -10 0.65
67 78 Car -1 -1 -1 -0.68 179.33 105.20 223.50 -1 -1 -1 -1000 -1000 -1000 -10 0.61
67 50 Car -1 -1 -1 607.21 169.33 647.92 195.76 -1 -1 -1 -1000 -1000 -1000 -10 0.58
68 4 Car -1 -1 -1 491.52 160.68 708.22 358.51 -1 -1 -1 -1000 -1000 -1000 -10 0.98
68 63 Car -1 -1 -1 -1.77 186.44 409.29 370.71 -1 -1 -1 -1000 -1000 -1000 -10 0.97
68 75 Car -1 -1 -1 483.03 173.87 516.22 195.66 -1 -1 -1 -1000 -1000 -1000 -10 0.84
68 53 Car -1 -1 -1 501.29 171.29 528.07 191.99 -1 -1 -1 -1000 -1000 -1000 -10 0.75
68 60 Car -1 -1 -1 357.29 176.52 407.20 196.03 -1 -1 -1 -1000 -1000 -1000 -10 0.72
68 76 Car -1 -1 -1 521.67 171.42 546.84 191.55 -1 -1 -1 -1000 -1000 -1000 -10 0.68
68 78 Car -1 -1 -1 0.19 185.85 34.20 223.72 -1 -1 -1 -1000 -1000 -1000 -10 0.60
68 50 Car -1 -1 -1 606.56 169.61 648.54 195.43 -1 -1 -1 -1000 -1000 -1000 -10 0.60
69 4 Car -1 -1 -1 490.87 160.29 708.66 359.20 -1 -1 -1 -1000 -1000 -1000 -10 0.98
69 63 Car -1 -1 -1 -5.21 186.10 405.72 371.25 -1 -1 -1 -1000 -1000 -1000 -10 0.97
69 75 Car -1 -1 -1 482.64 173.95 515.83 195.49 -1 -1 -1 -1000 -1000 -1000 -10 0.85
69 53 Car -1 -1 -1 500.82 171.28 528.52 191.70 -1 -1 -1 -1000 -1000 -1000 -10 0.74
69 60 Car -1 -1 -1 357.68 176.76 406.56 195.79 -1 -1 -1 -1000 -1000 -1000 -10 0.73
69 50 Car -1 -1 -1 608.27 169.15 653.54 195.18 -1 -1 -1 -1000 -1000 -1000 -10 0.68
69 76 Car -1 -1 -1 521.55 171.38 547.00 191.49 -1 -1 -1 -1000 -1000 -1000 -10 0.68
69 78 Car -1 -1 -1 1.42 191.82 25.48 216.72 -1 -1 -1 -1000 -1000 -1000 -10 0.63
70 4 Car -1 -1 -1 489.05 158.74 709.83 361.02 -1 -1 -1 -1000 -1000 -1000 -10 0.98
70 63 Car -1 -1 -1 -2.42 186.35 402.71 371.08 -1 -1 -1 -1000 -1000 -1000 -10 0.97
70 75 Car -1 -1 -1 482.34 173.87 515.92 195.53 -1 -1 -1 -1000 -1000 -1000 -10 0.85
70 60 Car -1 -1 -1 359.85 176.84 404.24 195.50 -1 -1 -1 -1000 -1000 -1000 -10 0.74
70 53 Car -1 -1 -1 500.65 171.51 528.87 191.57 -1 -1 -1 -1000 -1000 -1000 -10 0.74
70 76 Car -1 -1 -1 520.67 171.32 547.62 191.64 -1 -1 -1 -1000 -1000 -1000 -10 0.68
70 50 Car -1 -1 -1 609.36 169.08 652.94 195.27 -1 -1 -1 -1000 -1000 -1000 -10 0.66
70 78 Car -1 -1 -1 2.02 192.73 23.92 215.57 -1 -1 -1 -1000 -1000 -1000 -10 0.60
71 4 Car -1 -1 -1 488.69 161.02 710.35 364.97 -1 -1 -1 -1000 -1000 -1000 -10 0.98
71 63 Car -1 -1 -1 -1.63 186.07 401.71 371.18 -1 -1 -1 -1000 -1000 -1000 -10 0.97
71 75 Car -1 -1 -1 482.40 173.87 515.63 195.60 -1 -1 -1 -1000 -1000 -1000 -10 0.85
71 60 Car -1 -1 -1 360.53 176.85 403.47 195.60 -1 -1 -1 -1000 -1000 -1000 -10 0.74
71 53 Car -1 -1 -1 500.49 171.43 529.10 191.56 -1 -1 -1 -1000 -1000 -1000 -10 0.74
71 76 Car -1 -1 -1 520.53 171.51 547.76 191.55 -1 -1 -1 -1000 -1000 -1000 -10 0.70
71 50 Car -1 -1 -1 609.59 169.34 652.72 194.91 -1 -1 -1 -1000 -1000 -1000 -10 0.67
71 78 Car -1 -1 -1 1.96 192.77 24.04 215.72 -1 -1 -1 -1000 -1000 -1000 -10 0.61
72 4 Car -1 -1 -1 488.59 161.03 710.61 364.87 -1 -1 -1 -1000 -1000 -1000 -10 0.98
72 63 Car -1 -1 -1 -2.14 185.89 402.34 371.39 -1 -1 -1 -1000 -1000 -1000 -10 0.97
72 75 Car -1 -1 -1 482.04 173.91 515.49 195.97 -1 -1 -1 -1000 -1000 -1000 -10 0.84
72 60 Car -1 -1 -1 361.93 176.80 401.96 195.75 -1 -1 -1 -1000 -1000 -1000 -10 0.75
72 53 Car -1 -1 -1 500.55 171.56 529.04 191.72 -1 -1 -1 -1000 -1000 -1000 -10 0.74
72 76 Car -1 -1 -1 520.66 171.55 547.48 191.51 -1 -1 -1 -1000 -1000 -1000 -10 0.70
72 50 Car -1 -1 -1 610.27 169.67 652.03 194.84 -1 -1 -1 -1000 -1000 -1000 -10 0.66
72 78 Car -1 -1 -1 2.20 192.62 24.23 215.71 -1 -1 -1 -1000 -1000 -1000 -10 0.64
73 4 Car -1 -1 -1 488.33 161.05 710.74 364.85 -1 -1 -1 -1000 -1000 -1000 -10 0.98
73 63 Car -1 -1 -1 -2.05 186.07 401.96 371.34 -1 -1 -1 -1000 -1000 -1000 -10 0.97
73 75 Car -1 -1 -1 481.64 174.05 515.12 196.16 -1 -1 -1 -1000 -1000 -1000 -10 0.84
73 60 Car -1 -1 -1 362.04 176.79 401.97 195.86 -1 -1 -1 -1000 -1000 -1000 -10 0.76
73 53 Car -1 -1 -1 500.68 171.60 528.76 191.68 -1 -1 -1 -1000 -1000 -1000 -10 0.74
73 76 Car -1 -1 -1 520.73 171.52 547.42 191.55 -1 -1 -1 -1000 -1000 -1000 -10 0.70
73 50 Car -1 -1 -1 611.66 169.72 650.64 194.38 -1 -1 -1 -1000 -1000 -1000 -10 0.66
73 78 Car -1 -1 -1 2.44 192.63 24.08 215.88 -1 -1 -1 -1000 -1000 -1000 -10 0.65
74 4 Car -1 -1 -1 488.99 158.18 710.06 361.68 -1 -1 -1 -1000 -1000 -1000 -10 0.98
74 63 Car -1 -1 -1 -1.65 186.27 401.52 371.09 -1 -1 -1 -1000 -1000 -1000 -10 0.97
74 75 Car -1 -1 -1 481.85 174.08 514.84 195.94 -1 -1 -1 -1000 -1000 -1000 -10 0.84
74 60 Car -1 -1 -1 362.05 176.75 401.93 195.91 -1 -1 -1 -1000 -1000 -1000 -10 0.75
74 53 Car -1 -1 -1 500.72 171.56 528.71 191.67 -1 -1 -1 -1000 -1000 -1000 -10 0.75
74 76 Car -1 -1 -1 520.78 171.65 547.38 191.46 -1 -1 -1 -1000 -1000 -1000 -10 0.69
74 50 Car -1 -1 -1 611.47 169.59 650.96 194.33 -1 -1 -1 -1000 -1000 -1000 -10 0.66
74 78 Car -1 -1 -1 2.35 192.83 24.21 215.85 -1 -1 -1 -1000 -1000 -1000 -10 0.66
75 4 Car -1 -1 -1 488.74 157.88 710.39 361.99 -1 -1 -1 -1000 -1000 -1000 -10 0.98
75 63 Car -1 -1 -1 -1.58 186.29 401.34 371.06 -1 -1 -1 -1000 -1000 -1000 -10 0.97
75 75 Car -1 -1 -1 481.29 174.20 515.52 196.34 -1 -1 -1 -1000 -1000 -1000 -10 0.85
75 60 Car -1 -1 -1 361.28 177.09 402.89 196.13 -1 -1 -1 -1000 -1000 -1000 -10 0.74
75 53 Car -1 -1 -1 500.62 171.80 529.09 191.59 -1 -1 -1 -1000 -1000 -1000 -10 0.72
75 76 Car -1 -1 -1 520.41 171.97 547.65 191.44 -1 -1 -1 -1000 -1000 -1000 -10 0.69
75 78 Car -1 -1 -1 2.07 192.62 24.37 216.07 -1 -1 -1 -1000 -1000 -1000 -10 0.67
75 50 Car -1 -1 -1 612.27 170.33 649.95 194.06 -1 -1 -1 -1000 -1000 -1000 -10 0.66