0 1 Car -1 -1 -1 247.27 184.98 385.81 258.95 -1 -1 -1 -1000 -1000 -1000 -10 0.92
0 2 Car -1 -1 -1 380.52 172.68 456.49 226.28 -1 -1 -1 -1000 -1000 -1000 -10 0.90
0 3 Cyclist -1 -1 -1 493.50 168.04 514.15 214.10 -1 -1 -1 -1000 -1000 -1000 -10 0.65
0 4 Car -1 -1 -1 437.37 178.30 486.22 209.41 -1 -1 -1 -1000 -1000 -1000 -10 0.65
0 5 Pedestrian -1 -1 -1 1109.69 135.71 1158.58 251.92 -1 -1 -1 -1000 -1000 -1000 -10 0.61
0 6 Pedestrian -1 -1 -1 893.30 138.10 945.97 259.24 -1 -1 -1 -1000 -1000 -1000 -10 0.60
0 7 Pedestrian -1 -1 -1 1040.28 129.72 1090.11 245.80 -1 -1 -1 -1000 -1000 -1000 -10 0.59
0 8 Pedestrian -1 -1 -1 1008.24 132.52 1061.04 254.85 -1 -1 -1 -1000 -1000 -1000 -10 0.57
0 9 Pedestrian -1 -1 -1 953.55 134.46 1000.70 255.30 -1 -1 -1 -1000 -1000 -1000 -10 0.56
0 10 Car -1 -1 -1 526.27 162.82 563.59 197.46 -1 -1 -1 -1000 -1000 -1000 -10 0.45
1 1 Car -1 -1 -1 235.11 185.64 379.53 265.32 -1 -1 -1 -1000 -1000 -1000 -10 0.95
1 2 Car -1 -1 -1 374.23 174.83 454.74 230.33 -1 -1 -1 -1000 -1000 -1000 -10 0.95
1 4 Car -1 -1 -1 436.16 178.86 485.50 212.99 -1 -1 -1 -1000 -1000 -1000 -10 0.82
1 10 Car -1 -1 -1 525.46 164.76 564.59 200.92 -1 -1 -1 -1000 -1000 -1000 -10 0.82
1 6 Pedestrian -1 -1 -1 905.62 140.55 957.09 265.46 -1 -1 -1 -1000 -1000 -1000 -10 0.76
1 9 Pedestrian -1 -1 -1 971.63 139.46 1021.84 264.55 -1 -1 -1 -1000 -1000 -1000 -10 0.75
1 5 Pedestrian -1 -1 -1 1135.51 141.08 1186.52 257.30 -1 -1 -1 -1000 -1000 -1000 -10 0.74
1 7 Pedestrian -1 -1 -1 1067.89 134.45 1116.19 256.21 -1 -1 -1 -1000 -1000 -1000 -10 0.72
1 11 Pedestrian -1 -1 -1 494.33 172.10 511.36 217.79 -1 -1 -1 -1000 -1000 -1000 -10 0.68
1 8 Pedestrian -1 -1 -1 1026.89 136.42 1073.22 259.43 -1 -1 -1 -1000 -1000 -1000 -10 0.61
1 3 Cyclist -1 -1 -1 494.33 172.10 511.36 217.79 -1 -1 -1 -1000 -1000 -1000 -10 0.42
1 12 Pedestrian -1 -1 -1 711.01 158.95 722.78 198.40 -1 -1 -1 -1000 -1000 -1000 -10 0.43
1 13 Pedestrian -1 -1 -1 295.69 169.16 319.56 226.99 -1 -1 -1 -1000 -1000 -1000 -10 0.41
2 1 Car -1 -1 -1 213.36 188.37 370.68 271.68 -1 -1 -1 -1000 -1000 -1000 -10 0.94
2 2 Car -1 -1 -1 364.34 175.73 451.56 234.17 -1 -1 -1 -1000 -1000 -1000 -10 0.93
2 4 Car -1 -1 -1 432.51 181.10 483.48 215.72 -1 -1 -1 -1000 -1000 -1000 -10 0.83
2 6 Pedestrian -1 -1 -1 916.00 143.53 969.97 270.06 -1 -1 -1 -1000 -1000 -1000 -10 0.79
2 10 Car -1 -1 -1 520.08 166.43 563.51 204.80 -1 -1 -1 -1000 -1000 -1000 -10 0.76
2 5 Pedestrian -1 -1 -1 1156.55 138.02 1211.46 267.74 -1 -1 -1 -1000 -1000 -1000 -10 0.75
2 13 Pedestrian -1 -1 -1 291.49 172.39 308.23 225.69 -1 -1 -1 -1000 -1000 -1000 -10 0.71
2 9 Pedestrian -1 -1 -1 990.82 140.12 1040.02 270.19 -1 -1 -1 -1000 -1000 -1000 -10 0.70
2 7 Pedestrian -1 -1 -1 1089.98 133.76 1139.65 262.13 -1 -1 -1 -1000 -1000 -1000 -10 0.70
2 12 Pedestrian -1 -1 -1 713.73 158.97 726.47 201.68 -1 -1 -1 -1000 -1000 -1000 -10 0.66
2 8 Pedestrian -1 -1 -1 1044.72 137.62 1093.48 266.52 -1 -1 -1 -1000 -1000 -1000 -10 0.61
2 14 Pedestrian -1 -1 -1 685.25 163.65 697.42 202.61 -1 -1 -1 -1000 -1000 -1000 -10 0.58
2 15 Pedestrian -1 -1 -1 488.11 169.11 509.80 222.57 -1 -1 -1 -1000 -1000 -1000 -10 0.54
3 2 Car -1 -1 -1 359.71 175.73 447.82 235.96 -1 -1 -1 -1000 -1000 -1000 -10 0.95
3 1 Car -1 -1 -1 183.71 189.76 361.91 277.89 -1 -1 -1 -1000 -1000 -1000 -10 0.93
3 4 Car -1 -1 -1 430.10 181.41 482.47 216.21 -1 -1 -1 -1000 -1000 -1000 -10 0.83
3 10 Car -1 -1 -1 514.32 165.23 563.00 207.08 -1 -1 -1 -1000 -1000 -1000 -10 0.82
3 9 Pedestrian -1 -1 -1 1006.58 137.35 1062.43 274.57 -1 -1 -1 -1000 -1000 -1000 -10 0.77
3 7 Pedestrian -1 -1 -1 1109.77 136.41 1166.05 267.86 -1 -1 -1 -1000 -1000 -1000 -10 0.74
3 14 Pedestrian -1 -1 -1 687.29 161.01 701.22 205.15 -1 -1 -1 -1000 -1000 -1000 -10 0.73
3 16 Cyclist -1 -1 -1 474.84 172.58 502.38 226.36 -1 -1 -1 -1000 -1000 -1000 -10 0.73
3 6 Pedestrian -1 -1 -1 928.26 139.27 988.20 280.02 -1 -1 -1 -1000 -1000 -1000 -10 0.73
3 12 Pedestrian -1 -1 -1 717.77 159.76 730.39 201.47 -1 -1 -1 -1000 -1000 -1000 -10 0.66
3 5 Pedestrian -1 -1 -1 1183.99 140.75 1222.06 263.12 -1 -1 -1 -1000 -1000 -1000 -10 0.65
3 13 Pedestrian -1 -1 -1 284.42 173.19 300.00 226.32 -1 -1 -1 -1000 -1000 -1000 -10 0.58
3 8 Pedestrian -1 -1 -1 1062.79 137.00 1113.83 268.57 -1 -1 -1 -1000 -1000 -1000 -10 0.52
4 2 Car -1 -1 -1 350.37 175.94 443.14 238.18 -1 -1 -1 -1000 -1000 -1000 -10 0.94
4 1 Car -1 -1 -1 154.97 193.70 347.39 285.82 -1 -1 -1 -1000 -1000 -1000 -10 0.93
4 10 Car -1 -1 -1 510.93 165.05 562.43 208.57 -1 -1 -1 -1000 -1000 -1000 -10 0.88
4 16 Cyclist -1 -1 -1 467.03 173.55 493.60 229.50 -1 -1 -1 -1000 -1000 -1000 -10 0.81
4 17 Car -1 -1 -1 472.50 177.83 511.20 206.13 -1 -1 -1 -1000 -1000 -1000 -10 0.77
4 4 Car -1 -1 -1 426.65 181.92 481.03 217.31 -1 -1 -1 -1000 -1000 -1000 -10 0.76
4 6 Pedestrian -1 -1 -1 944.26 137.96 1002.98 280.76 -1 -1 -1 -1000 -1000 -1000 -10 0.75
4 9 Pedestrian -1 -1 -1 1028.02 133.64 1087.29 278.43 -1 -1 -1 -1000 -1000 -1000 -10 0.72
4 7 Pedestrian -1 -1 -1 1133.47 129.59 1187.88 268.31 -1 -1 -1 -1000 -1000 -1000 -10 0.68
4 14 Pedestrian -1 -1 -1 692.26 162.28 704.60 205.32 -1 -1 -1 -1000 -1000 -1000 -10 0.67
4 13 Pedestrian -1 -1 -1 274.16 169.05 296.38 234.92 -1 -1 -1 -1000 -1000 -1000 -10 0.66
4 8 Pedestrian -1 -1 -1 1086.63 135.09 1143.32 276.91 -1 -1 -1 -1000 -1000 -1000 -10 0.62
4 12 Pedestrian -1 -1 -1 721.40 158.89 734.66 202.64 -1 -1 -1 -1000 -1000 -1000 -10 0.59
5 1 Car -1 -1 -1 123.56 191.08 331.70 291.49 -1 -1 -1 -1000 -1000 -1000 -10 0.96
5 2 Car -1 -1 -1 339.42 174.24 437.92 239.15 -1 -1 -1 -1000 -1000 -1000 -10 0.95
5 10 Car -1 -1 -1 505.53 163.06 560.29 209.15 -1 -1 -1 -1000 -1000 -1000 -10 0.89
5 6 Pedestrian -1 -1 -1 963.73 132.37 1028.70 286.64 -1 -1 -1 -1000 -1000 -1000 -10 0.83
5 16 Cyclist -1 -1 -1 453.59 172.57 484.81 233.46 -1 -1 -1 -1000 -1000 -1000 -10 0.83
5 17 Car -1 -1 -1 470.88 175.59 511.38 206.19 -1 -1 -1 -1000 -1000 -1000 -10 0.82
5 13 Pedestrian -1 -1 -1 264.45 164.37 290.15 238.91 -1 -1 -1 -1000 -1000 -1000 -10 0.67
5 4 Car -1 -1 -1 426.83 178.39 478.43 216.66 -1 -1 -1 -1000 -1000 -1000 -10 0.66
5 9 Pedestrian -1 -1 -1 1056.00 131.79 1112.88 281.53 -1 -1 -1 -1000 -1000 -1000 -10 0.64
5 14 Pedestrian -1 -1 -1 695.37 159.78 710.02 205.19 -1 -1 -1 -1000 -1000 -1000 -10 0.63
5 12 Pedestrian -1 -1 -1 724.68 154.59 741.33 206.57 -1 -1 -1 -1000 -1000 -1000 -10 0.53
5 8 Pedestrian -1 -1 -1 1111.87 139.08 1171.69 272.28 -1 -1 -1 -1000 -1000 -1000 -10 0.44
6 1 Car -1 -1 -1 78.31 191.86 316.77 303.35 -1 -1 -1 -1000 -1000 -1000 -10 0.95
6 2 Car -1 -1 -1 330.43 174.38 432.30 242.84 -1 -1 -1 -1000 -1000 -1000 -10 0.93
6 10 Car -1 -1 -1 502.41 162.27 559.18 210.65 -1 -1 -1 -1000 -1000 -1000 -10 0.89
6 16 Cyclist -1 -1 -1 438.42 174.58 476.54 239.07 -1 -1 -1 -1000 -1000 -1000 -10 0.86
6 17 Car -1 -1 -1 471.45 175.56 511.91 206.87 -1 -1 -1 -1000 -1000 -1000 -10 0.81
6 6 Pedestrian -1 -1 -1 987.64 136.24 1050.59 290.64 -1 -1 -1 -1000 -1000 -1000 -10 0.78
6 9 Pedestrian -1 -1 -1 1090.91 136.12 1154.54 290.51 -1 -1 -1 -1000 -1000 -1000 -10 0.74
6 14 Pedestrian -1 -1 -1 698.70 158.65 714.48 206.32 -1 -1 -1 -1000 -1000 -1000 -10 0.65
6 12 Pedestrian -1 -1 -1 730.32 157.93 743.80 206.83 -1 -1 -1 -1000 -1000 -1000 -10 0.61
6 13 Pedestrian -1 -1 -1 250.13 163.19 282.08 239.90 -1 -1 -1 -1000 -1000 -1000 -10 0.57
6 8 Pedestrian -1 -1 -1 1141.41 134.95 1202.94 283.74 -1 -1 -1 -1000 -1000 -1000 -10 0.53
6 4 Car -1 -1 -1 424.99 173.78 472.85 217.10 -1 -1 -1 -1000 -1000 -1000 -10 0.48
7 1 Car -1 -1 -1 19.49 190.85 299.04 314.15 -1 -1 -1 -1000 -1000 -1000 -10 0.96
7 2 Car -1 -1 -1 316.60 173.09 427.71 244.32 -1 -1 -1 -1000 -1000 -1000 -10 0.94
7 10 Car -1 -1 -1 497.01 160.94 556.70 212.13 -1 -1 -1 -1000 -1000 -1000 -10 0.91
7 16 Cyclist -1 -1 -1 418.98 172.31 463.42 246.06 -1 -1 -1 -1000 -1000 -1000 -10 0.89
7 17 Car -1 -1 -1 470.94 174.88 512.17 206.50 -1 -1 -1 -1000 -1000 -1000 -10 0.80
7 6 Pedestrian -1 -1 -1 1012.75 131.02 1086.67 297.51 -1 -1 -1 -1000 -1000 -1000 -10 0.76
7 14 Pedestrian -1 -1 -1 705.54 160.62 720.21 207.10 -1 -1 -1 -1000 -1000 -1000 -10 0.76
7 4 Car -1 -1 -1 418.57 174.11 473.14 216.43 -1 -1 -1 -1000 -1000 -1000 -10 0.74
7 12 Pedestrian -1 -1 -1 735.52 157.03 751.25 207.81 -1 -1 -1 -1000 -1000 -1000 -10 0.69
7 8 Pedestrian -1 -1 -1 1176.99 136.11 1221.20 290.89 -1 -1 -1 -1000 -1000 -1000 -10 0.67
7 9 Pedestrian -1 -1 -1 1125.06 130.06 1189.37 296.30 -1 -1 -1 -1000 -1000 -1000 -10 0.63
7 13 Pedestrian -1 -1 -1 240.87 161.85 268.99 241.01 -1 -1 -1 -1000 -1000 -1000 -10 0.56
8 2 Car -1 -1 -1 303.80 176.21 420.21 250.71 -1 -1 -1 -1000 -1000 -1000 -10 0.96
8 1 Car -1 -1 -1 0.26 192.71 277.69 335.24 -1 -1 -1 -1000 -1000 -1000 -10 0.96
8 10 Car -1 -1 -1 491.13 162.70 555.16 217.33 -1 -1 -1 -1000 -1000 -1000 -10 0.91
8 4 Car -1 -1 -1 406.37 180.07 469.80 224.49 -1 -1 -1 -1000 -1000 -1000 -10 0.88
8 16 Cyclist -1 -1 -1 396.96 174.88 447.53 259.00 -1 -1 -1 -1000 -1000 -1000 -10 0.87
8 17 Car -1 -1 -1 468.23 176.09 513.01 207.98 -1 -1 -1 -1000 -1000 -1000 -10 0.74
8 6 Pedestrian -1 -1 -1 1038.49 129.61 1121.99 312.73 -1 -1 -1 -1000 -1000 -1000 -10 0.69
8 13 Pedestrian -1 -1 -1 234.08 166.05 258.16 238.36 -1 -1 -1 -1000 -1000 -1000 -10 0.62
8 12 Pedestrian -1 -1 -1 740.81 159.28 755.80 208.99 -1 -1 -1 -1000 -1000 -1000 -10 0.58
8 9 Pedestrian -1 -1 -1 1152.73 135.62 1214.92 299.38 -1 -1 -1 -1000 -1000 -1000 -10 0.53
8 14 Pedestrian -1 -1 -1 710.19 161.50 730.24 210.72 -1 -1 -1 -1000 -1000 -1000 -10 0.46
8 8 Pedestrian -1 -1 -1 1202.55 132.48 1219.06 310.46 -1 -1 -1 -1000 -1000 -1000 -10 0.41
8 19 Cyclist -1 -1 -1 710.19 161.50 730.24 210.72 -1 -1 -1 -1000 -1000 -1000 -10 0.46
9 1 Car -1 -1 -1 1.40 196.69 247.55 361.67 -1 -1 -1 -1000 -1000 -1000 -10 0.96
9 10 Car -1 -1 -1 485.73 165.52 550.11 223.29 -1 -1 -1 -1000 -1000 -1000 -10 0.94
9 2 Car -1 -1 -1 289.47 181.64 410.58 259.04 -1 -1 -1 -1000 -1000 -1000 -10 0.92
9 4 Car -1 -1 -1 400.94 183.65 468.86 230.37 -1 -1 -1 -1000 -1000 -1000 -10 0.90
9 16 Cyclist -1 -1 -1 363.86 176.40 427.90 275.73 -1 -1 -1 -1000 -1000 -1000 -10 0.88
9 17 Car -1 -1 -1 464.90 178.53 511.24 212.08 -1 -1 -1 -1000 -1000 -1000 -10 0.81
9 14 Pedestrian -1 -1 -1 716.32 165.87 732.12 215.05 -1 -1 -1 -1000 -1000 -1000 -10 0.69
9 20 Car -1 -1 -1 648.96 174.47 676.75 192.57 -1 -1 -1 -1000 -1000 -1000 -10 0.61
9 13 Pedestrian -1 -1 -1 222.38 173.42 247.13 240.95 -1 -1 -1 -1000 -1000 -1000 -10 0.58
9 9 Pedestrian -1 -1 -1 1179.12 130.02 1219.25 313.22 -1 -1 -1 -1000 -1000 -1000 -10 0.54
9 12 Pedestrian -1 -1 -1 742.16 163.72 760.53 216.08 -1 -1 -1 -1000 -1000 -1000 -10 0.43
9 6 Pedestrian -1 -1 -1 1069.39 130.31 1152.97 335.33 -1 -1 -1 -1000 -1000 -1000 -10 0.42
9 21 Cyclist -1 -1 -1 739.72 163.56 756.66 211.33 -1 -1 -1 -1000 -1000 -1000 -10 0.43
9 22 Pedestrian -1 -1 -1 247.81 175.68 276.62 252.60 -1 -1 -1 -1000 -1000 -1000 -10 0.40
10 1 Car -1 -1 -1 -1.05 203.76 217.92 362.48 -1 -1 -1 -1000 -1000 -1000 -10 0.96
10 2 Car -1 -1 -1 270.49 184.92 405.85 266.25 -1 -1 -1 -1000 -1000 -1000 -10 0.94
10 16 Cyclist -1 -1 -1 319.53 182.79 402.73 297.55 -1 -1 -1 -1000 -1000 -1000 -10 0.92
10 4 Car -1 -1 -1 387.77 186.60 466.87 235.16 -1 -1 -1 -1000 -1000 -1000 -10 0.91
10 10 Car -1 -1 -1 475.11 166.38 548.43 229.23 -1 -1 -1 -1000 -1000 -1000 -10 0.90
10 21 Cyclist -1 -1 -1 741.01 166.16 763.61 214.82 -1 -1 -1 -1000 -1000 -1000 -10 0.73
10 22 Pedestrian -1 -1 -1 229.73 175.24 263.12 267.66 -1 -1 -1 -1000 -1000 -1000 -10 0.68
10 17 Car -1 -1 -1 456.28 180.27 511.66 214.91 -1 -1 -1 -1000 -1000 -1000 -10 0.68
10 6 Pedestrian -1 -1 -1 1099.87 119.93 1198.82 345.92 -1 -1 -1 -1000 -1000 -1000 -10 0.64
10 12 Pedestrian -1 -1 -1 761.94 161.39 780.60 220.19 -1 -1 -1 -1000 -1000 -1000 -10 0.60
10 20 Car -1 -1 -1 648.19 176.05 679.07 192.82 -1 -1 -1 -1000 -1000 -1000 -10 0.54
10 13 Pedestrian -1 -1 -1 206.53 171.74 234.00 255.52 -1 -1 -1 -1000 -1000 -1000 -10 0.53
10 14 Pedestrian -1 -1 -1 720.67 167.94 736.48 216.14 -1 -1 -1 -1000 -1000 -1000 -10 0.50
11 1 Car -1 -1 -1 0.72 202.13 171.65 363.97 -1 -1 -1 -1000 -1000 -1000 -10 0.94
11 16 Cyclist -1 -1 -1 248.48 182.61 367.18 321.77 -1 -1 -1 -1000 -1000 -1000 -10 0.92
11 10 Car -1 -1 -1 465.66 165.37 542.44 232.68 -1 -1 -1 -1000 -1000 -1000 -10 0.90
11 2 Car -1 -1 -1 237.24 184.85 395.00 273.35 -1 -1 -1 -1000 -1000 -1000 -10 0.90
11 4 Car -1 -1 -1 381.25 186.44 462.12 235.80 -1 -1 -1 -1000 -1000 -1000 -10 0.88
11 21 Cyclist -1 -1 -1 745.53 165.97 771.84 215.65 -1 -1 -1 -1000 -1000 -1000 -10 0.78
11 14 Pedestrian -1 -1 -1 723.76 166.94 740.08 221.24 -1 -1 -1 -1000 -1000 -1000 -10 0.70
11 6 Pedestrian -1 -1 -1 1135.29 110.69 1216.97 354.98 -1 -1 -1 -1000 -1000 -1000 -10 0.65
11 20 Car -1 -1 -1 645.94 177.01 682.26 193.91 -1 -1 -1 -1000 -1000 -1000 -10 0.59
11 12 Pedestrian -1 -1 -1 767.32 160.49 789.02 221.80 -1 -1 -1 -1000 -1000 -1000 -10 0.57
11 13 Pedestrian -1 -1 -1 188.61 170.54 220.02 256.28 -1 -1 -1 -1000 -1000 -1000 -10 0.51
11 22 Pedestrian -1 -1 -1 207.31 172.00 240.56 263.49 -1 -1 -1 -1000 -1000 -1000 -10 0.49
11 17 Car -1 -1 -1 456.26 177.62 503.92 218.41 -1 -1 -1 -1000 -1000 -1000 -10 0.48
12 2 Car -1 -1 -1 218.98 182.66 380.26 277.27 -1 -1 -1 -1000 -1000 -1000 -10 0.94
12 16 Cyclist -1 -1 -1 145.46 178.01 302.32 364.41 -1 -1 -1 -1000 -1000 -1000 -10 0.93
12 4 Car -1 -1 -1 368.21 186.42 455.58 238.71 -1 -1 -1 -1000 -1000 -1000 -10 0.91
12 10 Car -1 -1 -1 448.33 163.81 537.04 238.27 -1 -1 -1 -1000 -1000 -1000 -10 0.89
12 1 Car -1 -1 -1 0.24 202.81 118.94 362.25 -1 -1 -1 -1000 -1000 -1000 -10 0.81
12 12 Pedestrian -1 -1 -1 774.99 158.34 796.64 220.73 -1 -1 -1 -1000 -1000 -1000 -10 0.67
12 21 Cyclist -1 -1 -1 751.92 160.43 775.52 214.71 -1 -1 -1 -1000 -1000 -1000 -10 0.65
12 14 Pedestrian -1 -1 -1 729.88 162.93 748.74 220.35 -1 -1 -1 -1000 -1000 -1000 -10 0.64
12 13 Pedestrian -1 -1 -1 158.35 167.40 197.11 268.87 -1 -1 -1 -1000 -1000 -1000 -10 0.61
12 20 Car -1 -1 -1 647.34 174.18 681.81 192.03 -1 -1 -1 -1000 -1000 -1000 -10 0.59
13 2 Car -1 -1 -1 183.70 182.34 369.11 290.42 -1 -1 -1 -1000 -1000 -1000 -10 0.97
13 10 Car -1 -1 -1 431.25 161.34 528.50 243.47 -1 -1 -1 -1000 -1000 -1000 -10 0.97
13 4 Car -1 -1 -1 354.74 187.22 446.19 240.72 -1 -1 -1 -1000 -1000 -1000 -10 0.93
13 12 Pedestrian -1 -1 -1 781.67 154.46 804.74 220.24 -1 -1 -1 -1000 -1000 -1000 -10 0.77
13 16 Cyclist -1 -1 -1 -2.90 178.79 228.31 363.77 -1 -1 -1 -1000 -1000 -1000 -10 0.75
13 21 Cyclist -1 -1 -1 757.63 159.85 783.16 215.75 -1 -1 -1 -1000 -1000 -1000 -10 0.70
13 20 Car -1 -1 -1 643.50 172.46 684.24 190.81 -1 -1 -1 -1000 -1000 -1000 -10 0.63
13 13 Pedestrian -1 -1 -1 136.83 170.89 173.17 271.59 -1 -1 -1 -1000 -1000 -1000 -10 0.48
13 14 Pedestrian -1 -1 -1 730.97 160.50 756.73 220.93 -1 -1 -1 -1000 -1000 -1000 -10 0.41
13 23 Cyclist -1 -1 -1 730.97 160.50 756.73 220.93 -1 -1 -1 -1000 -1000 -1000 -10 0.62
14 2 Car -1 -1 -1 142.19 183.85 350.15 298.59 -1 -1 -1 -1000 -1000 -1000 -10 0.98
14 10 Car -1 -1 -1 407.17 160.26 520.23 252.75 -1 -1 -1 -1000 -1000 -1000 -10 0.96
14 4 Car -1 -1 -1 336.08 187.05 441.78 242.48 -1 -1 -1 -1000 -1000 -1000 -10 0.85
14 12 Pedestrian -1 -1 -1 789.43 151.30 813.94 221.49 -1 -1 -1 -1000 -1000 -1000 -10 0.73
14 24 Pedestrian -1 -1 -1 767.00 155.56 789.33 217.46 -1 -1 -1 -1000 -1000 -1000 -10 0.73
14 14 Pedestrian -1 -1 -1 738.85 158.74 762.96 223.93 -1 -1 -1 -1000 -1000 -1000 -10 0.73
14 20 Car -1 -1 -1 642.07 170.98 683.57 189.95 -1 -1 -1 -1000 -1000 -1000 -10 0.57
14 13 Pedestrian -1 -1 -1 110.10 168.86 153.75 273.23 -1 -1 -1 -1000 -1000 -1000 -10 0.56
15 2 Car -1 -1 -1 93.15 185.26 330.33 312.09 -1 -1 -1 -1000 -1000 -1000 -10 0.97
15 10 Car -1 -1 -1 375.18 158.66 509.55 267.36 -1 -1 -1 -1000 -1000 -1000 -10 0.96
15 4 Car -1 -1 -1 323.70 189.94 430.75 245.72 -1 -1 -1 -1000 -1000 -1000 -10 0.85
15 12 Pedestrian -1 -1 -1 802.70 153.44 829.60 225.78 -1 -1 -1 -1000 -1000 -1000 -10 0.73
15 24 Pedestrian -1 -1 -1 775.29 158.95 797.69 220.75 -1 -1 -1 -1000 -1000 -1000 -10 0.64
15 14 Pedestrian -1 -1 -1 747.46 161.16 771.87 226.13 -1 -1 -1 -1000 -1000 -1000 -10 0.58
15 13 Pedestrian -1 -1 -1 87.24 170.90 130.62 279.41 -1 -1 -1 -1000 -1000 -1000 -10 0.57
15 20 Car -1 -1 -1 643.24 171.53 682.44 189.47 -1 -1 -1 -1000 -1000 -1000 -10 0.57
16 2 Car -1 -1 -1 32.54 186.06 308.09 326.55 -1 -1 -1 -1000 -1000 -1000 -10 0.97
16 10 Car -1 -1 -1 334.71 154.53 495.84 281.79 -1 -1 -1 -1000 -1000 -1000 -10 0.97
16 12 Pedestrian -1 -1 -1 811.91 148.07 844.44 231.58 -1 -1 -1 -1000 -1000 -1000 -10 0.78
16 14 Pedestrian -1 -1 -1 758.52 157.40 783.51 234.29 -1 -1 -1 -1000 -1000 -1000 -10 0.74
16 24 Pedestrian -1 -1 -1 785.17 156.12 810.90 225.51 -1 -1 -1 -1000 -1000 -1000 -10 0.68
16 25 Pedestrian -1 -1 -1 741.83 162.71 752.35 195.26 -1 -1 -1 -1000 -1000 -1000 -10 0.64
16 20 Car -1 -1 -1 644.16 171.20 682.30 189.94 -1 -1 -1 -1000 -1000 -1000 -10 0.56
16 4 Car -1 -1 -1 310.28 186.88 420.09 247.77 -1 -1 -1 -1000 -1000 -1000 -10 0.52
16 13 Pedestrian -1 -1 -1 56.03 166.26 100.39 291.51 -1 -1 -1 -1000 -1000 -1000 -10 0.49
16 26 Pedestrian -1 -1 -1 727.10 163.68 737.73 195.19 -1 -1 -1 -1000 -1000 -1000 -10 0.45
17 2 Car -1 -1 -1 0.79 187.51 278.63 347.41 -1 -1 -1 -1000 -1000 -1000 -10 0.98
17 10 Car -1 -1 -1 277.89 152.41 483.35 305.30 -1 -1 -1 -1000 -1000 -1000 -10 0.97
17 14 Pedestrian -1 -1 -1 767.23 155.32 796.89 239.98 -1 -1 -1 -1000 -1000 -1000 -10 0.80
17 12 Pedestrian -1 -1 -1 829.44 148.45 864.30 235.22 -1 -1 -1 -1000 -1000 -1000 -10 0.77
17 25 Pedestrian -1 -1 -1 745.78 160.98 756.12 195.40 -1 -1 -1 -1000 -1000 -1000 -10 0.63
17 20 Car -1 -1 -1 646.02 170.22 680.85 190.80 -1 -1 -1 -1000 -1000 -1000 -10 0.60
17 26 Pedestrian -1 -1 -1 729.73 163.10 740.68 197.02 -1 -1 -1 -1000 -1000 -1000 -10 0.59
17 13 Pedestrian -1 -1 -1 19.87 168.16 68.07 290.77 -1 -1 -1 -1000 -1000 -1000 -10 0.49
18 2 Car -1 -1 -1 3.15 183.86 253.82 366.37 -1 -1 -1 -1000 -1000 -1000 -10 0.95
18 10 Car -1 -1 -1 191.30 146.74 462.22 342.08 -1 -1 -1 -1000 -1000 -1000 -10 0.94
18 28 Car -1 -1 -1 386.60 178.80 482.98 225.93 -1 -1 -1 -1000 -1000 -1000 -10 0.81
18 12 Pedestrian -1 -1 -1 847.11 146.21 885.00 240.79 -1 -1 -1 -1000 -1000 -1000 -10 0.80
18 20 Car -1 -1 -1 645.79 169.03 681.45 189.22 -1 -1 -1 -1000 -1000 -1000 -10 0.74
18 25 Pedestrian -1 -1 -1 749.98 157.90 761.26 194.32 -1 -1 -1 -1000 -1000 -1000 -10 0.67
18 27 Pedestrian -1 -1 -1 813.73 154.49 842.76 235.58 -1 -1 -1 -1000 -1000 -1000 -10 0.66
18 26 Pedestrian -1 -1 -1 731.64 160.97 742.76 195.54 -1 -1 -1 -1000 -1000 -1000 -10 0.58
18 14 Pedestrian -1 -1 -1 773.09 152.93 814.70 241.68 -1 -1 -1 -1000 -1000 -1000 -10 0.53
18 13 Pedestrian -1 -1 -1 2.48 165.52 24.01 269.02 -1 -1 -1 -1000 -1000 -1000 -10 0.43
19 28 Car -1 -1 -1 386.52 179.75 474.61 226.62 -1 -1 -1 -1000 -1000 -1000 -10 0.91
19 10 Car -1 -1 -1 43.07 139.76 434.93 364.70 -1 -1 -1 -1000 -1000 -1000 -10 0.89
19 2 Car -1 -1 -1 4.74 186.04 205.81 364.11 -1 -1 -1 -1000 -1000 -1000 -10 0.84
19 14 Pedestrian -1 -1 -1 793.74 153.26 831.34 251.59 -1 -1 -1 -1000 -1000 -1000 -10 0.81
19 12 Pedestrian -1 -1 -1 868.53 142.61 909.56 248.09 -1 -1 -1 -1000 -1000 -1000 -10 0.77
19 27 Pedestrian -1 -1 -1 829.62 150.51 865.20 244.84 -1 -1 -1 -1000 -1000 -1000 -10 0.72
19 25 Pedestrian -1 -1 -1 754.43 158.03 765.48 195.25 -1 -1 -1 -1000 -1000 -1000 -10 0.60
19 20 Car -1 -1 -1 651.72 169.84 681.03 189.34 -1 -1 -1 -1000 -1000 -1000 -10 0.59
19 26 Pedestrian -1 -1 -1 732.83 160.35 745.48 197.11 -1 -1 -1 -1000 -1000 -1000 -10 0.58
20 10 Car -1 -1 -1 -1.02 115.35 402.40 365.97 -1 -1 -1 -1000 -1000 -1000 -10 0.97
20 28 Car -1 -1 -1 380.34 178.63 471.98 227.86 -1 -1 -1 -1000 -1000 -1000 -10 0.93
20 14 Pedestrian -1 -1 -1 811.60 150.93 852.24 259.12 -1 -1 -1 -1000 -1000 -1000 -10 0.81
20 12 Pedestrian -1 -1 -1 891.60 140.10 940.53 256.99 -1 -1 -1 -1000 -1000 -1000 -10 0.81
20 27 Pedestrian -1 -1 -1 851.98 150.83 888.83 252.13 -1 -1 -1 -1000 -1000 -1000 -10 0.72
20 20 Car -1 -1 -1 654.53 169.45 681.13 188.32 -1 -1 -1 -1000 -1000 -1000 -10 0.71
20 25 Pedestrian -1 -1 -1 759.03 155.43 773.07 196.15 -1 -1 -1 -1000 -1000 -1000 -10 0.66
20 26 Pedestrian -1 -1 -1 734.17 159.12 747.20 198.30 -1 -1 -1 -1000 -1000 -1000 -10 0.56
21 28 Car -1 -1 -1 371.36 179.21 465.71 231.84 -1 -1 -1 -1000 -1000 -1000 -10 0.95
21 10 Car -1 -1 -1 1.75 102.83 338.61 370.59 -1 -1 -1 -1000 -1000 -1000 -10 0.92
21 14 Pedestrian -1 -1 -1 831.15 148.43 879.02 272.39 -1 -1 -1 -1000 -1000 -1000 -10 0.84
21 12 Pedestrian -1 -1 -1 914.00 137.53 971.52 268.70 -1 -1 -1 -1000 -1000 -1000 -10 0.79
21 20 Car -1 -1 -1 657.88 170.97 684.19 188.81 -1 -1 -1 -1000 -1000 -1000 -10 0.61
21 27 Pedestrian -1 -1 -1 869.78 147.67 916.96 262.76 -1 -1 -1 -1000 -1000 -1000 -10 0.52
21 29 Car -1 -1 -1 178.00 187.65 368.76 277.81 -1 -1 -1 -1000 -1000 -1000 -10 0.60
22 29 Car -1 -1 -1 170.45 193.40 352.69 281.97 -1 -1 -1 -1000 -1000 -1000 -10 0.94
22 28 Car -1 -1 -1 360.40 178.87 463.55 235.28 -1 -1 -1 -1000 -1000 -1000 -10 0.92
22 14 Pedestrian -1 -1 -1 860.15 150.76 911.14 283.77 -1 -1 -1 -1000 -1000 -1000 -10 0.83
22 12 Pedestrian -1 -1 -1 954.89 132.41 1014.79 279.29 -1 -1 -1 -1000 -1000 -1000 -10 0.81
22 27 Pedestrian -1 -1 -1 901.08 146.40 954.54 280.25 -1 -1 -1 -1000 -1000 -1000 -10 0.67
22 30 Pedestrian -1 -1 -1 740.81 161.49 756.03 204.50 -1 -1 -1 -1000 -1000 -1000 -10 0.58
22 10 Car -1 -1 -1 -2.64 85.72 205.36 364.62 -1 -1 -1 -1000 -1000 -1000 -10 0.53
22 20 Car -1 -1 -1 656.97 170.16 686.26 190.30 -1 -1 -1 -1000 -1000 -1000 -10 0.47
23 29 Car -1 -1 -1 125.54 195.60 337.04 293.84 -1 -1 -1 -1000 -1000 -1000 -10 0.96
23 28 Car -1 -1 -1 350.01 182.17 458.33 238.85 -1 -1 -1 -1000 -1000 -1000 -10 0.94
23 12 Pedestrian -1 -1 -1 1006.14 129.94 1078.51 296.24 -1 -1 -1 -1000 -1000 -1000 -10 0.80
23 14 Pedestrian -1 -1 -1 896.01 142.11 959.42 300.69 -1 -1 -1 -1000 -1000 -1000 -10 0.76
23 27 Pedestrian -1 -1 -1 942.89 142.68 1004.31 293.22 -1 -1 -1 -1000 -1000 -1000 -10 0.67
23 30 Pedestrian -1 -1 -1 747.91 163.54 761.77 203.90 -1 -1 -1 -1000 -1000 -1000 -10 0.61
23 31 Pedestrian -1 -1 -1 774.44 161.29 791.08 202.95 -1 -1 -1 -1000 -1000 -1000 -10 0.50
24 29 Car -1 -1 -1 81.12 197.71 319.94 305.94 -1 -1 -1 -1000 -1000 -1000 -10 0.96
24 28 Car -1 -1 -1 341.04 182.33 452.47 242.79 -1 -1 -1 -1000 -1000 -1000 -10 0.91
24 12 Pedestrian -1 -1 -1 1070.07 123.95 1152.27 318.88 -1 -1 -1 -1000 -1000 -1000 -10 0.79
24 14 Pedestrian -1 -1 -1 948.14 137.11 1029.02 327.48 -1 -1 -1 -1000 -1000 -1000 -10 0.77
24 31 Pedestrian -1 -1 -1 783.28 159.91 797.13 204.79 -1 -1 -1 -1000 -1000 -1000 -10 0.66
24 30 Pedestrian -1 -1 -1 754.96 162.72 770.13 205.05 -1 -1 -1 -1000 -1000 -1000 -10 0.61
24 27 Pedestrian -1 -1 -1 988.77 138.34 1072.61 319.16 -1 -1 -1 -1000 -1000 -1000 -10 0.58
25 29 Car -1 -1 -1 24.38 199.61 301.60 320.20 -1 -1 -1 -1000 -1000 -1000 -10 0.95
25 28 Car -1 -1 -1 329.03 181.61 449.11 247.00 -1 -1 -1 -1000 -1000 -1000 -10 0.95
25 30 Pedestrian -1 -1 -1 763.22 160.44 778.61 206.72 -1 -1 -1 -1000 -1000 -1000 -10 0.72
25 14 Pedestrian -1 -1 -1 1018.67 123.55 1119.30 358.21 -1 -1 -1 -1000 -1000 -1000 -10 0.71
25 31 Pedestrian -1 -1 -1 793.70 155.00 809.02 205.11 -1 -1 -1 -1000 -1000 -1000 -10 0.69
25 32 Pedestrian -1 -1 -1 404.58 170.32 425.15 221.05 -1 -1 -1 -1000 -1000 -1000 -10 0.62
25 12 Pedestrian -1 -1 -1 1154.81 110.16 1220.51 347.79 -1 -1 -1 -1000 -1000 -1000 -10 0.59
25 27 Pedestrian -1 -1 -1 1055.30 128.60 1167.02 351.93 -1 -1 -1 -1000 -1000 -1000 -10 0.51
26 29 Car -1 -1 -1 -2.71 200.99 282.36 334.74 -1 -1 -1 -1000 -1000 -1000 -10 0.95
26 28 Car -1 -1 -1 318.62 184.13 443.71 252.61 -1 -1 -1 -1000 -1000 -1000 -10 0.94
26 30 Pedestrian -1 -1 -1 770.07 162.88 787.07 209.56 -1 -1 -1 -1000 -1000 -1000 -10 0.72
26 31 Pedestrian -1 -1 -1 800.45 157.14 818.04 208.78 -1 -1 -1 -1000 -1000 -1000 -10 0.70
26 32 Pedestrian -1 -1 -1 403.79 171.30 424.93 226.68 -1 -1 -1 -1000 -1000 -1000 -10 0.64
26 14 Pedestrian -1 -1 -1 1067.55 123.24 1223.65 365.20 -1 -1 -1 -1000 -1000 -1000 -10 0.63
27 29 Car -1 -1 -1 -2.25 205.46 257.74 359.75 -1 -1 -1 -1000 -1000 -1000 -10 0.95
27 28 Car -1 -1 -1 305.67 185.94 438.73 257.85 -1 -1 -1 -1000 -1000 -1000 -10 0.95
27 31 Pedestrian -1 -1 -1 810.77 157.13 830.54 211.49 -1 -1 -1 -1000 -1000 -1000 -10 0.69
27 30 Pedestrian -1 -1 -1 780.27 163.29 798.23 212.19 -1 -1 -1 -1000 -1000 -1000 -10 0.68
27 33 Car -1 -1 -1 570.15 175.69 594.96 196.62 -1 -1 -1 -1000 -1000 -1000 -10 0.67
27 32 Pedestrian -1 -1 -1 403.66 171.60 424.88 231.65 -1 -1 -1 -1000 -1000 -1000 -10 0.62
28 29 Car -1 -1 -1 -1.75 209.48 220.71 363.84 -1 -1 -1 -1000 -1000 -1000 -10 0.96
28 28 Car -1 -1 -1 284.44 187.69 430.24 264.73 -1 -1 -1 -1000 -1000 -1000 -10 0.95
28 31 Pedestrian -1 -1 -1 818.22 156.57 838.29 212.16 -1 -1 -1 -1000 -1000 -1000 -10 0.67
28 30 Pedestrian -1 -1 -1 789.28 162.34 806.50 213.72 -1 -1 -1 -1000 -1000 -1000 -10 0.66
28 33 Car -1 -1 -1 569.88 176.05 596.13 196.94 -1 -1 -1 -1000 -1000 -1000 -10 0.64
28 32 Pedestrian -1 -1 -1 400.60 173.25 420.31 231.00 -1 -1 -1 -1000 -1000 -1000 -10 0.58
29 28 Car -1 -1 -1 262.13 190.25 421.03 273.47 -1 -1 -1 -1000 -1000 -1000 -10 0.94
29 29 Car -1 -1 -1 -2.52 208.26 181.51 365.56 -1 -1 -1 -1000 -1000 -1000 -10 0.93
29 33 Car -1 -1 -1 569.18 175.61 596.54 198.08 -1 -1 -1 -1000 -1000 -1000 -10 0.73
29 31 Pedestrian -1 -1 -1 826.15 157.36 846.26 215.25 -1 -1 -1 -1000 -1000 -1000 -10 0.69
29 30 Pedestrian -1 -1 -1 799.47 160.90 818.93 215.49 -1 -1 -1 -1000 -1000 -1000 -10 0.64
29 32 Pedestrian -1 -1 -1 396.06 173.12 417.80 233.13 -1 -1 -1 -1000 -1000 -1000 -10 0.61
30 28 Car -1 -1 -1 239.13 192.21 408.10 279.47 -1 -1 -1 -1000 -1000 -1000 -10 0.96
30 29 Car -1 -1 -1 0.66 208.88 126.12 364.72 -1 -1 -1 -1000 -1000 -1000 -10 0.89
30 30 Pedestrian -1 -1 -1 810.33 163.86 830.67 219.39 -1 -1 -1 -1000 -1000 -1000 -10 0.73
30 32 Pedestrian -1 -1 -1 389.48 170.57 417.82 241.89 -1 -1 -1 -1000 -1000 -1000 -10 0.72
30 31 Pedestrian -1 -1 -1 839.13 157.95 861.80 217.90 -1 -1 -1 -1000 -1000 -1000 -10 0.70
30 33 Car -1 -1 -1 567.41 175.11 593.82 198.85 -1 -1 -1 -1000 -1000 -1000 -10 0.65
31 28 Car -1 -1 -1 210.52 194.64 396.97 287.44 -1 -1 -1 -1000 -1000 -1000 -10 0.97
31 34 Pedestrian -1 -1 -1 801.94 164.28 815.57 202.63 -1 -1 -1 -1000 -1000 -1000 -10 0.72
31 33 Car -1 -1 -1 568.97 175.79 595.81 198.93 -1 -1 -1 -1000 -1000 -1000 -10 0.72
31 30 Pedestrian -1 -1 -1 824.96 162.95 845.27 220.37 -1 -1 -1 -1000 -1000 -1000 -10 0.69
31 31 Pedestrian -1 -1 -1 850.84 156.97 873.41 218.78 -1 -1 -1 -1000 -1000 -1000 -10 0.68
31 32 Pedestrian -1 -1 -1 384.94 170.60 415.18 247.22 -1 -1 -1 -1000 -1000 -1000 -10 0.66
31 35 Pedestrian -1 -1 -1 364.42 169.88 390.05 235.94 -1 -1 -1 -1000 -1000 -1000 -10 0.58
31 29 Car -1 -1 -1 -2.01 215.60 66.58 364.53 -1 -1 -1 -1000 -1000 -1000 -10 0.56
32 28 Car -1 -1 -1 171.23 195.36 383.04 299.14 -1 -1 -1 -1000 -1000 -1000 -10 0.96
32 30 Pedestrian -1 -1 -1 839.55 160.04 862.29 222.42 -1 -1 -1 -1000 -1000 -1000 -10 0.72
32 33 Car -1 -1 -1 569.41 174.90 595.60 198.26 -1 -1 -1 -1000 -1000 -1000 -10 0.71
32 34 Pedestrian -1 -1 -1 805.52 162.51 820.18 201.39 -1 -1 -1 -1000 -1000 -1000 -10 0.66
32 31 Pedestrian -1 -1 -1 861.81 156.55 886.32 222.08 -1 -1 -1 -1000 -1000 -1000 -10 0.60
32 35 Pedestrian -1 -1 -1 357.23 167.98 382.45 235.68 -1 -1 -1 -1000 -1000 -1000 -10 0.59
32 32 Pedestrian -1 -1 -1 381.14 170.34 409.37 247.84 -1 -1 -1 -1000 -1000 -1000 -10 0.58
33 28 Car -1 -1 -1 126.58 194.04 365.50 309.37 -1 -1 -1 -1000 -1000 -1000 -10 0.96
33 30 Pedestrian -1 -1 -1 853.02 156.46 879.54 227.05 -1 -1 -1 -1000 -1000 -1000 -10 0.67
33 31 Pedestrian -1 -1 -1 875.31 151.56 903.09 224.86 -1 -1 -1 -1000 -1000 -1000 -10 0.66
33 32 Pedestrian -1 -1 -1 376.36 165.33 407.57 248.23 -1 -1 -1 -1000 -1000 -1000 -10 0.62
33 34 Pedestrian -1 -1 -1 813.09 159.65 827.68 201.27 -1 -1 -1 -1000 -1000 -1000 -10 0.61
33 36 Cyclist -1 -1 -1 526.85 175.83 547.44 213.86 -1 -1 -1 -1000 -1000 -1000 -10 0.61
33 33 Car -1 -1 -1 567.71 173.01 593.54 194.54 -1 -1 -1 -1000 -1000 -1000 -10 0.56
33 35 Pedestrian -1 -1 -1 350.81 162.85 378.49 240.06 -1 -1 -1 -1000 -1000 -1000 -10 0.53
34 28 Car -1 -1 -1 64.63 194.98 344.01 324.45 -1 -1 -1 -1000 -1000 -1000 -10 0.95
34 31 Pedestrian -1 -1 -1 892.58 149.01 924.32 230.79 -1 -1 -1 -1000 -1000 -1000 -10 0.74
34 30 Pedestrian -1 -1 -1 871.25 152.39 900.24 230.99 -1 -1 -1 -1000 -1000 -1000 -10 0.63
34 32 Pedestrian -1 -1 -1 368.26 164.73 401.40 252.95 -1 -1 -1 -1000 -1000 -1000 -10 0.62
34 33 Car -1 -1 -1 566.11 172.53 590.33 192.68 -1 -1 -1 -1000 -1000 -1000 -10 0.62
34 34 Pedestrian -1 -1 -1 820.46 162.40 834.46 201.62 -1 -1 -1 -1000 -1000 -1000 -10 0.62
34 35 Pedestrian -1 -1 -1 343.88 165.07 370.42 237.71 -1 -1 -1 -1000 -1000 -1000 -10 0.57
35 28 Car -1 -1 -1 -4.45 193.72 313.67 349.34 -1 -1 -1 -1000 -1000 -1000 -10 0.96
35 31 Pedestrian -1 -1 -1 911.64 145.41 950.22 238.09 -1 -1 -1 -1000 -1000 -1000 -10 0.71
35 32 Pedestrian -1 -1 -1 359.81 165.81 393.71 253.40 -1 -1 -1 -1000 -1000 -1000 -10 0.70
35 30 Pedestrian -1 -1 -1 892.98 153.29 923.06 234.22 -1 -1 -1 -1000 -1000 -1000 -10 0.65
35 37 Pedestrian -1 -1 -1 841.05 159.29 855.00 201.16 -1 -1 -1 -1000 -1000 -1000 -10 0.64
35 33 Car -1 -1 -1 561.57 172.31 587.84 193.50 -1 -1 -1 -1000 -1000 -1000 -10 0.64
35 35 Pedestrian -1 -1 -1 336.18 166.48 362.15 237.31 -1 -1 -1 -1000 -1000 -1000 -10 0.61
35 34 Pedestrian -1 -1 -1 821.23 159.13 836.41 201.61 -1 -1 -1 -1000 -1000 -1000 -10 0.60
36 28 Car -1 -1 -1 0.93 195.19 271.15 362.82 -1 -1 -1 -1000 -1000 -1000 -10 0.96
36 33 Car -1 -1 -1 555.80 171.82 580.68 194.42 -1 -1 -1 -1000 -1000 -1000 -10 0.78
36 30 Pedestrian -1 -1 -1 910.24 150.89 944.85 240.25 -1 -1 -1 -1000 -1000 -1000 -10 0.74
36 31 Pedestrian -1 -1 -1 935.49 145.74 973.09 241.89 -1 -1 -1 -1000 -1000 -1000 -10 0.73
36 34 Pedestrian -1 -1 -1 820.62 160.84 836.76 205.13 -1 -1 -1 -1000 -1000 -1000 -10 0.70
36 32 Pedestrian -1 -1 -1 351.66 164.91 385.24 260.29 -1 -1 -1 -1000 -1000 -1000 -10 0.70
36 37 Pedestrian -1 -1 -1 843.89 157.62 859.63 203.28 -1 -1 -1 -1000 -1000 -1000 -10 0.63
36 38 Car -1 -1 -1 518.30 174.07 542.66 194.58 -1 -1 -1 -1000 -1000 -1000 -10 0.61
36 35 Pedestrian -1 -1 -1 322.83 168.30 347.87 234.27 -1 -1 -1 -1000 -1000 -1000 -10 0.58
36 39 Car -1 -1 -1 641.69 174.12 699.84 198.36 -1 -1 -1 -1000 -1000 -1000 -10 0.54
37 28 Car -1 -1 -1 -3.08 200.17 221.30 365.39 -1 -1 -1 -1000 -1000 -1000 -10 0.95
37 39 Car -1 -1 -1 633.08 173.93 694.86 199.93 -1 -1 -1 -1000 -1000 -1000 -10 0.81
37 32 Pedestrian -1 -1 -1 331.24 166.32 375.37 269.25 -1 -1 -1 -1000 -1000 -1000 -10 0.75
37 31 Pedestrian -1 -1 -1 963.35 145.59 1006.44 250.88 -1 -1 -1 -1000 -1000 -1000 -10 0.74
37 34 Pedestrian -1 -1 -1 826.71 160.20 843.50 207.51 -1 -1 -1 -1000 -1000 -1000 -10 0.73
37 37 Pedestrian -1 -1 -1 847.49 159.68 862.94 205.00 -1 -1 -1 -1000 -1000 -1000 -10 0.70
37 30 Pedestrian -1 -1 -1 936.51 152.25 972.81 249.78 -1 -1 -1 -1000 -1000 -1000 -10 0.69
37 38 Car -1 -1 -1 510.61 175.57 535.57 196.79 -1 -1 -1 -1000 -1000 -1000 -10 0.63
37 33 Car -1 -1 -1 547.80 172.52 575.16 195.76 -1 -1 -1 -1000 -1000 -1000 -10 0.59
37 35 Pedestrian -1 -1 -1 302.94 165.27 337.13 239.60 -1 -1 -1 -1000 -1000 -1000 -10 0.44
37 40 Car -1 -1 -1 674.34 169.80 744.90 205.91 -1 -1 -1 -1000 -1000 -1000 -10 0.48
38 28 Car -1 -1 -1 -2.64 205.96 158.35 367.33 -1 -1 -1 -1000 -1000 -1000 -10 0.90
38 30 Pedestrian -1 -1 -1 964.32 154.13 1006.08 263.77 -1 -1 -1 -1000 -1000 -1000 -10 0.77
38 34 Pedestrian -1 -1 -1 834.31 162.35 851.61 211.50 -1 -1 -1 -1000 -1000 -1000 -10 0.76
38 39 Car -1 -1 -1 629.06 175.56 689.31 199.52 -1 -1 -1 -1000 -1000 -1000 -10 0.76
38 33 Car -1 -1 -1 542.89 174.26 571.38 198.08 -1 -1 -1 -1000 -1000 -1000 -10 0.75
38 32 Pedestrian -1 -1 -1 301.73 167.19 352.32 276.80 -1 -1 -1 -1000 -1000 -1000 -10 0.73
38 40 Car -1 -1 -1 675.91 171.49 743.67 204.10 -1 -1 -1 -1000 -1000 -1000 -10 0.69
38 37 Pedestrian -1 -1 -1 849.76 162.41 866.44 209.75 -1 -1 -1 -1000 -1000 -1000 -10 0.67
38 31 Pedestrian -1 -1 -1 992.94 143.68 1045.52 262.26 -1 -1 -1 -1000 -1000 -1000 -10 0.67
38 38 Car -1 -1 -1 501.81 176.01 529.34 199.16 -1 -1 -1 -1000 -1000 -1000 -10 0.63
38 41 Cyclist -1 -1 -1 277.62 164.11 339.16 247.30 -1 -1 -1 -1000 -1000 -1000 -10 0.48
38 42 Pedestrian -1 -1 -1 820.40 165.51 835.51 209.90 -1 -1 -1 -1000 -1000 -1000 -10 0.53
39 31 Pedestrian -1 -1 -1 1041.99 142.37 1096.39 276.17 -1 -1 -1 -1000 -1000 -1000 -10 0.74
39 33 Car -1 -1 -1 533.85 176.07 563.80 199.20 -1 -1 -1 -1000 -1000 -1000 -10 0.73
39 38 Car -1 -1 -1 492.83 176.14 521.92 199.69 -1 -1 -1 -1000 -1000 -1000 -10 0.73
39 30 Pedestrian -1 -1 -1 999.73 150.20 1046.29 275.74 -1 -1 -1 -1000 -1000 -1000 -10 0.71
39 32 Pedestrian -1 -1 -1 270.89 161.99 329.96 289.63 -1 -1 -1 -1000 -1000 -1000 -10 0.70
39 34 Pedestrian -1 -1 -1 836.17 162.91 851.89 212.22 -1 -1 -1 -1000 -1000 -1000 -10 0.65
39 42 Pedestrian -1 -1 -1 821.61 168.34 836.51 212.34 -1 -1 -1 -1000 -1000 -1000 -10 0.62
39 40 Car -1 -1 -1 677.29 172.53 742.40 201.86 -1 -1 -1 -1000 -1000 -1000 -10 0.62
39 39 Car -1 -1 -1 622.33 175.87 684.12 201.03 -1 -1 -1 -1000 -1000 -1000 -10 0.62
39 37 Pedestrian -1 -1 -1 850.62 165.25 866.94 213.91 -1 -1 -1 -1000 -1000 -1000 -10 0.54
39 28 Car -1 -1 -1 -1.76 197.83 66.78 367.27 -1 -1 -1 -1000 -1000 -1000 -10 0.50
40 39 Car -1 -1 -1 611.85 175.28 683.19 202.99 -1 -1 -1 -1000 -1000 -1000 -10 0.75
40 31 Pedestrian -1 -1 -1 1096.53 135.96 1171.49 291.76 -1 -1 -1 -1000 -1000 -1000 -10 0.74
40 32 Pedestrian -1 -1 -1 235.49 162.17 295.95 305.00 -1 -1 -1 -1000 -1000 -1000 -10 0.70
40 40 Car -1 -1 -1 678.92 171.55 740.73 202.85 -1 -1 -1 -1000 -1000 -1000 -10 0.68
40 30 Pedestrian -1 -1 -1 1039.91 143.13 1098.49 291.00 -1 -1 -1 -1000 -1000 -1000 -10 0.67
40 34 Pedestrian -1 -1 -1 837.47 161.14 855.50 213.75 -1 -1 -1 -1000 -1000 -1000 -10 0.66
40 37 Pedestrian -1 -1 -1 856.04 161.38 875.27 214.29 -1 -1 -1 -1000 -1000 -1000 -10 0.64
40 42 Pedestrian -1 -1 -1 820.39 164.56 836.47 210.67 -1 -1 -1 -1000 -1000 -1000 -10 0.60
40 33 Car -1 -1 -1 523.13 175.70 553.60 199.55 -1 -1 -1 -1000 -1000 -1000 -10 0.59
40 38 Car -1 -1 -1 483.12 177.02 512.78 199.45 -1 -1 -1 -1000 -1000 -1000 -10 0.55
41 39 Car -1 -1 -1 601.91 174.90 678.55 204.14 -1 -1 -1 -1000 -1000 -1000 -10 0.85
41 32 Pedestrian -1 -1 -1 182.02 163.54 250.02 324.27 -1 -1 -1 -1000 -1000 -1000 -10 0.70
41 40 Car -1 -1 -1 678.71 172.10 741.07 202.55 -1 -1 -1 -1000 -1000 -1000 -10 0.67
41 38 Car -1 -1 -1 473.07 177.61 501.85 201.35 -1 -1 -1 -1000 -1000 -1000 -10 0.67
41 30 Pedestrian -1 -1 -1 1099.28 140.07 1176.60 316.75 -1 -1 -1 -1000 -1000 -1000 -10 0.64
41 33 Car -1 -1 -1 513.18 174.99 544.27 200.94 -1 -1 -1 -1000 -1000 -1000 -10 0.64
41 37 Pedestrian -1 -1 -1 859.66 162.54 879.50 218.21 -1 -1 -1 -1000 -1000 -1000 -10 0.62
41 42 Pedestrian -1 -1 -1 822.78 164.65 841.51 216.94 -1 -1 -1 -1000 -1000 -1000 -10 0.60
41 31 Pedestrian -1 -1 -1 1157.07 125.87 1218.23 317.04 -1 -1 -1 -1000 -1000 -1000 -10 0.58
41 34 Pedestrian -1 -1 -1 840.53 162.84 860.08 218.54 -1 -1 -1 -1000 -1000 -1000 -10 0.58
41 43 Cyclist -1 -1 -1 218.44 165.82 289.65 255.11 -1 -1 -1 -1000 -1000 -1000 -10 0.61
42 39 Car -1 -1 -1 591.39 175.73 669.52 207.52 -1 -1 -1 -1000 -1000 -1000 -10 0.83
42 43 Cyclist -1 -1 -1 188.63 171.04 273.96 263.08 -1 -1 -1 -1000 -1000 -1000 -10 0.83
42 38 Car -1 -1 -1 460.52 179.59 490.30 203.19 -1 -1 -1 -1000 -1000 -1000 -10 0.75
42 33 Car -1 -1 -1 501.09 176.40 533.37 202.68 -1 -1 -1 -1000 -1000 -1000 -10 0.73
42 40 Car -1 -1 -1 679.50 172.50 739.60 202.82 -1 -1 -1 -1000 -1000 -1000 -10 0.67
42 32 Pedestrian -1 -1 -1 108.30 165.97 186.32 352.59 -1 -1 -1 -1000 -1000 -1000 -10 0.63
42 34 Pedestrian -1 -1 -1 844.80 163.13 864.54 225.06 -1 -1 -1 -1000 -1000 -1000 -10 0.63
42 42 Pedestrian -1 -1 -1 829.33 168.50 849.18 227.66 -1 -1 -1 -1000 -1000 -1000 -10 0.58
42 37 Pedestrian -1 -1 -1 864.68 163.80 884.44 223.24 -1 -1 -1 -1000 -1000 -1000 -10 0.57
43 39 Car -1 -1 -1 583.14 176.93 661.04 209.65 -1 -1 -1 -1000 -1000 -1000 -10 0.88
43 43 Cyclist -1 -1 -1 154.77 171.65 253.56 270.79 -1 -1 -1 -1000 -1000 -1000 -10 0.86
43 33 Car -1 -1 -1 490.24 176.77 522.76 204.63 -1 -1 -1 -1000 -1000 -1000 -10 0.83
43 42 Pedestrian -1 -1 -1 835.93 166.05 857.43 230.65 -1 -1 -1 -1000 -1000 -1000 -10 0.72
43 37 Pedestrian -1 -1 -1 870.57 162.65 893.33 228.05 -1 -1 -1 -1000 -1000 -1000 -10 0.71
43 32 Pedestrian -1 -1 -1 10.17 163.49 116.21 364.00 -1 -1 -1 -1000 -1000 -1000 -10 0.70
43 40 Car -1 -1 -1 676.88 170.66 742.05 204.28 -1 -1 -1 -1000 -1000 -1000 -10 0.65
43 38 Car -1 -1 -1 449.05 181.57 478.44 204.91 -1 -1 -1 -1000 -1000 -1000 -10 0.64
43 34 Pedestrian -1 -1 -1 848.70 164.33 869.56 231.12 -1 -1 -1 -1000 -1000 -1000 -10 0.63
44 39 Car -1 -1 -1 573.34 176.09 653.05 210.11 -1 -1 -1 -1000 -1000 -1000 -10 0.86
44 33 Car -1 -1 -1 478.47 177.29 510.47 203.29 -1 -1 -1 -1000 -1000 -1000 -10 0.81
44 43 Cyclist -1 -1 -1 120.64 167.55 227.51 275.41 -1 -1 -1 -1000 -1000 -1000 -10 0.79
44 40 Car -1 -1 -1 675.47 171.54 735.99 202.84 -1 -1 -1 -1000 -1000 -1000 -10 0.68
44 37 Pedestrian -1 -1 -1 876.95 162.27 902.21 233.63 -1 -1 -1 -1000 -1000 -1000 -10 0.64
44 42 Pedestrian -1 -1 -1 845.01 166.81 865.37 229.65 -1 -1 -1 -1000 -1000 -1000 -10 0.61
44 34 Pedestrian -1 -1 -1 855.41 163.49 877.40 232.70 -1 -1 -1 -1000 -1000 -1000 -10 0.60
44 38 Car -1 -1 -1 433.70 180.03 467.29 206.50 -1 -1 -1 -1000 -1000 -1000 -10 0.57
45 43 Cyclist -1 -1 -1 81.23 162.16 198.05 280.62 -1 -1 -1 -1000 -1000 -1000 -10 0.84
45 39 Car -1 -1 -1 562.66 174.38 644.95 208.96 -1 -1 -1 -1000 -1000 -1000 -10 0.84
45 37 Pedestrian -1 -1 -1 882.84 157.48 911.19 237.89 -1 -1 -1 -1000 -1000 -1000 -10 0.75
45 34 Pedestrian -1 -1 -1 857.43 161.88 883.16 236.48 -1 -1 -1 -1000 -1000 -1000 -10 0.74
45 38 Car -1 -1 -1 418.31 178.44 456.65 205.14 -1 -1 -1 -1000 -1000 -1000 -10 0.72
45 40 Car -1 -1 -1 673.05 171.24 731.29 202.61 -1 -1 -1 -1000 -1000 -1000 -10 0.68
45 33 Car -1 -1 -1 463.64 173.58 498.67 202.62 -1 -1 -1 -1000 -1000 -1000 -10 0.68
45 44 Pedestrian -1 -1 -1 822.83 161.47 835.35 198.70 -1 -1 -1 -1000 -1000 -1000 -10 0.52
46 39 Car -1 -1 -1 552.22 177.50 636.83 213.70 -1 -1 -1 -1000 -1000 -1000 -10 0.92
46 43 Cyclist -1 -1 -1 42.55 165.32 175.69 285.41 -1 -1 -1 -1000 -1000 -1000 -10 0.87
46 33 Car -1 -1 -1 453.87 176.37 489.99 206.53 -1 -1 -1 -1000 -1000 -1000 -10 0.79
46 37 Pedestrian -1 -1 -1 896.38 162.00 928.13 249.48 -1 -1 -1 -1000 -1000 -1000 -10 0.73
46 34 Pedestrian -1 -1 -1 866.82 162.22 896.99 249.28 -1 -1 -1 -1000 -1000 -1000 -10 0.72
46 38 Car -1 -1 -1 405.95 180.46 441.33 208.18 -1 -1 -1 -1000 -1000 -1000 -10 0.71
46 44 Pedestrian -1 -1 -1 822.56 165.68 834.26 202.86 -1 -1 -1 -1000 -1000 -1000 -10 0.64
46 40 Car -1 -1 -1 670.64 171.55 726.34 203.55 -1 -1 -1 -1000 -1000 -1000 -10 0.53
47 43 Cyclist -1 -1 -1 10.24 172.72 153.88 301.28 -1 -1 -1 -1000 -1000 -1000 -10 0.87
47 39 Car -1 -1 -1 541.48 180.64 627.34 218.86 -1 -1 -1 -1000 -1000 -1000 -10 0.86
47 37 Pedestrian -1 -1 -1 909.20 162.10 945.89 257.09 -1 -1 -1 -1000 -1000 -1000 -10 0.80
47 38 Car -1 -1 -1 392.14 185.36 428.49 212.55 -1 -1 -1 -1000 -1000 -1000 -10 0.78
47 33 Car -1 -1 -1 439.01 181.58 476.31 212.74 -1 -1 -1 -1000 -1000 -1000 -10 0.69
47 34 Pedestrian -1 -1 -1 880.05 165.23 913.04 253.86 -1 -1 -1 -1000 -1000 -1000 -10 0.69
47 44 Pedestrian -1 -1 -1 818.26 166.28 831.57 205.43 -1 -1 -1 -1000 -1000 -1000 -10 0.66
47 40 Car -1 -1 -1 673.69 178.02 722.14 201.95 -1 -1 -1 -1000 -1000 -1000 -10 0.54
48 39 Car -1 -1 -1 530.58 183.90 618.83 222.70 -1 -1 -1 -1000 -1000 -1000 -10 0.90
48 43 Cyclist -1 -1 -1 -2.61 171.15 127.35 316.68 -1 -1 -1 -1000 -1000 -1000 -10 0.85
48 37 Pedestrian -1 -1 -1 930.62 165.88 970.27 270.33 -1 -1 -1 -1000 -1000 -1000 -10 0.76
48 33 Car -1 -1 -1 427.01 182.52 465.44 214.93 -1 -1 -1 -1000 -1000 -1000 -10 0.73
48 38 Car -1 -1 -1 373.65 187.92 416.19 215.72 -1 -1 -1 -1000 -1000 -1000 -10 0.73
48 34 Pedestrian -1 -1 -1 900.64 169.94 938.76 271.74 -1 -1 -1 -1000 -1000 -1000 -10 0.68
48 45 Pedestrian -1 -1 -1 794.76 174.07 806.51 209.12 -1 -1 -1 -1000 -1000 -1000 -10 0.67
48 44 Pedestrian -1 -1 -1 815.03 171.54 827.61 210.45 -1 -1 -1 -1000 -1000 -1000 -10 0.65
48 40 Car -1 -1 -1 669.65 182.29 718.22 206.73 -1 -1 -1 -1000 -1000 -1000 -10 0.65
48 46 Pedestrian -1 -1 -1 775.51 177.32 788.08 209.91 -1 -1 -1 -1000 -1000 -1000 -10 0.44
49 39 Car -1 -1 -1 520.18 182.04 609.47 222.80 -1 -1 -1 -1000 -1000 -1000 -10 0.94
49 43 Cyclist -1 -1 -1 -1.80 163.42 82.16 318.39 -1 -1 -1 -1000 -1000 -1000 -10 0.77
49 33 Car -1 -1 -1 414.57 181.05 455.55 214.48 -1 -1 -1 -1000 -1000 -1000 -10 0.76
49 34 Pedestrian -1 -1 -1 925.41 165.25 968.19 278.23 -1 -1 -1 -1000 -1000 -1000 -10 0.73
49 38 Car -1 -1 -1 359.40 185.43 401.15 213.39 -1 -1 -1 -1000 -1000 -1000 -10 0.72
49 45 Pedestrian -1 -1 -1 792.11 171.47 804.58 208.86 -1 -1 -1 -1000 -1000 -1000 -10 0.71
49 37 Pedestrian -1 -1 -1 961.66 163.60 1008.13 272.02 -1 -1 -1 -1000 -1000 -1000 -10 0.69
49 40 Car -1 -1 -1 666.98 181.27 714.58 206.21 -1 -1 -1 -1000 -1000 -1000 -10 0.59
49 46 Pedestrian -1 -1 -1 775.74 173.40 786.93 209.47 -1 -1 -1 -1000 -1000 -1000 -10 0.56
49 44 Pedestrian -1 -1 -1 812.18 166.53 826.76 209.51 -1 -1 -1 -1000 -1000 -1000 -10 0.47
50 39 Car -1 -1 -1 506.63 180.64 600.78 222.30 -1 -1 -1 -1000 -1000 -1000 -10 0.91
50 34 Pedestrian -1 -1 -1 959.85 156.62 1009.91 286.99 -1 -1 -1 -1000 -1000 -1000 -10 0.70
50 44 Pedestrian -1 -1 -1 809.21 162.64 823.44 204.61 -1 -1 -1 -1000 -1000 -1000 -10 0.65
50 37 Pedestrian -1 -1 -1 998.86 155.01 1047.28 287.07 -1 -1 -1 -1000 -1000 -1000 -10 0.65
50 38 Car -1 -1 -1 339.56 186.31 391.74 211.16 -1 -1 -1 -1000 -1000 -1000 -10 0.61
50 33 Car -1 -1 -1 399.97 180.09 453.22 214.56 -1 -1 -1 -1000 -1000 -1000 -10 0.59
50 45 Pedestrian -1 -1 -1 790.26 168.26 803.30 205.29 -1 -1 -1 -1000 -1000 -1000 -10 0.59
50 46 Pedestrian -1 -1 -1 771.96 169.22 783.71 205.45 -1 -1 -1 -1000 -1000 -1000 -10 0.57
50 40 Car -1 -1 -1 668.92 180.57 704.99 202.80 -1 -1 -1 -1000 -1000 -1000 -10 0.49
51 39 Car -1 -1 -1 497.82 179.39 590.56 222.67 -1 -1 -1 -1000 -1000 -1000 -10 0.91
51 34 Pedestrian -1 -1 -1 1006.82 156.78 1062.27 301.92 -1 -1 -1 -1000 -1000 -1000 -10 0.76
51 37 Pedestrian -1 -1 -1 1045.59 149.11 1108.06 302.49 -1 -1 -1 -1000 -1000 -1000 -10 0.73
51 44 Pedestrian -1 -1 -1 805.55 161.48 819.72 203.29 -1 -1 -1 -1000 -1000 -1000 -10 0.73
51 47 Pedestrian -1 -1 -1 964.34 148.70 1013.25 278.50 -1 -1 -1 -1000 -1000 -1000 -10 0.65
51 33 Car -1 -1 -1 386.05 176.60 452.04 213.32 -1 -1 -1 -1000 -1000 -1000 -10 0.64
51 46 Pedestrian -1 -1 -1 768.16 165.98 781.34 206.35 -1 -1 -1 -1000 -1000 -1000 -10 0.62
51 38 Car -1 -1 -1 324.43 187.09 374.88 209.67 -1 -1 -1 -1000 -1000 -1000 -10 0.55
51 45 Pedestrian -1 -1 -1 790.51 164.50 802.65 204.00 -1 -1 -1 -1000 -1000 -1000 -10 0.50
51 40 Car -1 -1 -1 664.36 176.36 702.22 203.31 -1 -1 -1 -1000 -1000 -1000 -10 0.48
52 39 Car -1 -1 -1 485.71 177.31 581.96 222.07 -1 -1 -1 -1000 -1000 -1000 -10 0.91
52 45 Pedestrian -1 -1 -1 787.27 163.80 799.53 203.36 -1 -1 -1 -1000 -1000 -1000 -10 0.66
52 37 Pedestrian -1 -1 -1 1113.56 148.20 1185.20 333.19 -1 -1 -1 -1000 -1000 -1000 -10 0.66
52 34 Pedestrian -1 -1 -1 1065.06 149.38 1134.29 324.67 -1 -1 -1 -1000 -1000 -1000 -10 0.65
52 38 Car -1 -1 -1 304.22 181.79 358.34 209.72 -1 -1 -1 -1000 -1000 -1000 -10 0.61
52 33 Car -1 -1 -1 374.65 169.79 447.30 219.08 -1 -1 -1 -1000 -1000 -1000 -10 0.49
52 44 Pedestrian -1 -1 -1 802.33 160.42 817.10 203.03 -1 -1 -1 -1000 -1000 -1000 -10 0.46
52 46 Pedestrian -1 -1 -1 765.96 165.21 777.28 203.76 -1 -1 -1 -1000 -1000 -1000 -10 0.44
52 40 Car -1 -1 -1 662.76 175.83 696.23 200.05 -1 -1 -1 -1000 -1000 -1000 -10 0.43
52 47 Pedestrian -1 -1 -1 1016.93 142.30 1067.67 292.62 -1 -1 -1 -1000 -1000 -1000 -10 0.42
53 39 Car -1 -1 -1 472.63 173.77 573.16 220.54 -1 -1 -1 -1000 -1000 -1000 -10 0.90
53 38 Car -1 -1 -1 280.81 178.82 342.09 208.69 -1 -1 -1 -1000 -1000 -1000 -10 0.70
53 45 Pedestrian -1 -1 -1 783.83 159.77 796.30 199.75 -1 -1 -1 -1000 -1000 -1000 -10 0.69
53 34 Pedestrian -1 -1 -1 1133.46 140.78 1211.40 355.72 -1 -1 -1 -1000 -1000 -1000 -10 0.64
53 46 Pedestrian -1 -1 -1 761.16 160.14 773.99 200.39 -1 -1 -1 -1000 -1000 -1000 -10 0.58
53 44 Pedestrian -1 -1 -1 798.90 153.86 813.03 199.62 -1 -1 -1 -1000 -1000 -1000 -10 0.48
53 40 Car -1 -1 -1 656.03 171.97 695.19 195.63 -1 -1 -1 -1000 -1000 -1000 -10 0.46
53 33 Car -1 -1 -1 354.76 166.46 444.53 208.42 -1 -1 -1 -1000 -1000 -1000 -10 0.44
54 48 Cyclist -1 -1 -1 299.48 168.45 377.21 243.61 -1 -1 -1 -1000 -1000 -1000 -10 0.91
54 39 Car -1 -1 -1 458.63 170.90 564.85 220.42 -1 -1 -1 -1000 -1000 -1000 -10 0.89
54 46 Pedestrian -1 -1 -1 759.50 158.01 774.76 202.49 -1 -1 -1 -1000 -1000 -1000 -10 0.72
54 34 Pedestrian -1 -1 -1 1119.81 122.94 1209.76 342.23 -1 -1 -1 -1000 -1000 -1000 -10 0.68
54 45 Pedestrian -1 -1 -1 782.89 157.52 796.68 199.08 -1 -1 -1 -1000 -1000 -1000 -10 0.65
54 44 Pedestrian -1 -1 -1 796.97 154.41 811.61 197.43 -1 -1 -1 -1000 -1000 -1000 -10 0.62
54 33 Car -1 -1 -1 330.54 166.14 438.45 207.81 -1 -1 -1 -1000 -1000 -1000 -10 0.59
54 38 Car -1 -1 -1 259.97 173.73 325.81 208.18 -1 -1 -1 -1000 -1000 -1000 -10 0.58
54 40 Car -1 -1 -1 652.35 169.55 691.35 195.50 -1 -1 -1 -1000 -1000 -1000 -10 0.53
55 39 Car -1 -1 -1 446.38 169.03 558.22 220.99 -1 -1 -1 -1000 -1000 -1000 -10 0.95
55 48 Cyclist -1 -1 -1 257.81 168.93 343.70 242.93 -1 -1 -1 -1000 -1000 -1000 -10 0.90
55 46 Pedestrian -1 -1 -1 758.71 156.51 773.77 200.28 -1 -1 -1 -1000 -1000 -1000 -10 0.69
55 40 Car -1 -1 -1 646.90 167.86 694.78 197.15 -1 -1 -1 -1000 -1000 -1000 -10 0.63
55 44 Pedestrian -1 -1 -1 797.25 153.82 811.54 197.54 -1 -1 -1 -1000 -1000 -1000 -10 0.61
55 45 Pedestrian -1 -1 -1 782.24 157.28 796.58 199.53 -1 -1 -1 -1000 -1000 -1000 -10 0.59
55 38 Car -1 -1 -1 236.47 172.92 325.70 209.08 -1 -1 -1 -1000 -1000 -1000 -10 0.53
56 39 Car -1 -1 -1 434.92 167.47 553.62 222.16 -1 -1 -1 -1000 -1000 -1000 -10 0.94
56 48 Cyclist -1 -1 -1 207.55 167.79 302.24 250.37 -1 -1 -1 -1000 -1000 -1000 -10 0.87
56 40 Car -1 -1 -1 639.92 162.58 696.46 201.82 -1 -1 -1 -1000 -1000 -1000 -10 0.83
56 46 Pedestrian -1 -1 -1 758.32 154.27 775.15 203.37 -1 -1 -1 -1000 -1000 -1000 -10 0.77
56 45 Pedestrian -1 -1 -1 782.17 157.03 796.16 201.71 -1 -1 -1 -1000 -1000 -1000 -10 0.61
56 44 Pedestrian -1 -1 -1 793.81 154.58 810.44 201.55 -1 -1 -1 -1000 -1000 -1000 -10 0.58
57 39 Car -1 -1 -1 422.19 167.78 544.98 226.89 -1 -1 -1 -1000 -1000 -1000 -10 0.93
57 40 Car -1 -1 -1 639.08 162.07 694.91 202.58 -1 -1 -1 -1000 -1000 -1000 -10 0.88
57 48 Cyclist -1 -1 -1 145.39 160.99 247.68 260.58 -1 -1 -1 -1000 -1000 -1000 -10 0.88
57 49 Car -1 -1 -1 291.05 165.27 354.64 210.01 -1 -1 -1 -1000 -1000 -1000 -10 0.78
57 46 Pedestrian -1 -1 -1 758.10 156.08 775.41 204.17 -1 -1 -1 -1000 -1000 -1000 -10 0.73
57 45 Pedestrian -1 -1 -1 778.22 157.67 792.99 202.92 -1 -1 -1 -1000 -1000 -1000 -10 0.67
57 44 Pedestrian -1 -1 -1 795.89 153.99 813.14 203.58 -1 -1 -1 -1000 -1000 -1000 -10 0.65
58 39 Car -1 -1 -1 406.46 168.61 540.09 230.83 -1 -1 -1 -1000 -1000 -1000 -10 0.92
58 48 Cyclist -1 -1 -1 60.17 163.83 179.63 277.57 -1 -1 -1 -1000 -1000 -1000 -10 0.90
58 49 Car -1 -1 -1 276.11 168.16 339.72 214.50 -1 -1 -1 -1000 -1000 -1000 -10 0.85
58 40 Car -1 -1 -1 637.99 164.12 690.87 202.65 -1 -1 -1 -1000 -1000 -1000 -10 0.81
58 45 Pedestrian -1 -1 -1 778.49 159.52 793.47 205.30 -1 -1 -1 -1000 -1000 -1000 -10 0.74
58 46 Pedestrian -1 -1 -1 759.57 158.25 775.75 205.62 -1 -1 -1 -1000 -1000 -1000 -10 0.62
58 44 Pedestrian -1 -1 -1 797.53 157.30 814.28 206.29 -1 -1 -1 -1000 -1000 -1000 -10 0.59
58 50 Car -1 -1 -1 612.62 167.69 639.12 189.87 -1 -1 -1 -1000 -1000 -1000 -10 0.59
58 51 Car -1 -1 -1 192.20 175.19 271.14 215.31 -1 -1 -1 -1000 -1000 -1000 -10 0.49
58 52 Car -1 -1 -1 722.57 164.00 772.54 185.11 -1 -1 -1 -1000 -1000 -1000 -10 0.42
59 39 Car -1 -1 -1 390.94 170.81 532.57 235.20 -1 -1 -1 -1000 -1000 -1000 -10 0.95
59 48 Cyclist -1 -1 -1 3.31 164.18 91.95 293.61 -1 -1 -1 -1000 -1000 -1000 -10 0.90
59 40 Car -1 -1 -1 637.36 163.96 688.55 202.57 -1 -1 -1 -1000 -1000 -1000 -10 0.84
59 49 Car -1 -1 -1 256.33 169.98 322.87 217.97 -1 -1 -1 -1000 -1000 -1000 -10 0.80
59 51 Car -1 -1 -1 162.39 173.58 254.51 224.18 -1 -1 -1 -1000 -1000 -1000 -10 0.78
59 50 Car -1 -1 -1 610.40 166.95 638.45 190.37 -1 -1 -1 -1000 -1000 -1000 -10 0.77
59 52 Car -1 -1 -1 714.08 163.49 766.14 185.21 -1 -1 -1 -1000 -1000 -1000 -10 0.68
59 44 Pedestrian -1 -1 -1 799.12 155.27 817.81 209.26 -1 -1 -1 -1000 -1000 -1000 -10 0.65
59 45 Pedestrian -1 -1 -1 778.41 158.79 795.40 208.57 -1 -1 -1 -1000 -1000 -1000 -10 0.61
59 46 Pedestrian -1 -1 -1 760.62 158.73 774.75 206.51 -1 -1 -1 -1000 -1000 -1000 -10 0.52
59 53 Car -1 -1 -1 579.77 171.19 615.69 193.83 -1 -1 -1 -1000 -1000 -1000 -10 0.56
60 39 Car -1 -1 -1 375.09 170.19 525.48 239.61 -1 -1 -1 -1000 -1000 -1000 -10 0.92
60 40 Car -1 -1 -1 635.49 163.13 685.43 202.81 -1 -1 -1 -1000 -1000 -1000 -10 0.85
60 49 Car -1 -1 -1 238.74 169.83 308.39 218.98 -1 -1 -1 -1000 -1000 -1000 -10 0.85
60 51 Car -1 -1 -1 149.18 175.06 235.93 221.48 -1 -1 -1 -1000 -1000 -1000 -10 0.78
60 53 Car -1 -1 -1 573.99 170.33 609.28 193.96 -1 -1 -1 -1000 -1000 -1000 -10 0.74
60 50 Car -1 -1 -1 607.12 166.01 636.20 189.66 -1 -1 -1 -1000 -1000 -1000 -10 0.71
60 44 Pedestrian -1 -1 -1 801.13 154.41 817.32 204.75 -1 -1 -1 -1000 -1000 -1000 -10 0.70
60 45 Pedestrian -1 -1 -1 777.63 156.54 795.31 209.07 -1 -1 -1 -1000 -1000 -1000 -10 0.66
60 46 Pedestrian -1 -1 -1 759.38 157.68 776.16 208.84 -1 -1 -1 -1000 -1000 -1000 -10 0.59
60 52 Car -1 -1 -1 717.29 163.92 763.01 182.04 -1 -1 -1 -1000 -1000 -1000 -10 0.55
60 54 Pedestrian -1 -1 -1 813.98 153.67 834.03 210.50 -1 -1 -1 -1000 -1000 -1000 -10 0.49
61 39 Car -1 -1 -1 359.05 170.12 516.77 243.07 -1 -1 -1 -1000 -1000 -1000 -10 0.97
61 40 Car -1 -1 -1 634.70 162.11 685.88 202.10 -1 -1 -1 -1000 -1000 -1000 -10 0.87
61 49 Car -1 -1 -1 216.76 170.67 291.16 220.90 -1 -1 -1 -1000 -1000 -1000 -10 0.86
61 51 Car -1 -1 -1 127.40 176.50 218.89 225.40 -1 -1 -1 -1000 -1000 -1000 -10 0.80
61 53 Car -1 -1 -1 568.69 170.25 605.03 195.04 -1 -1 -1 -1000 -1000 -1000 -10 0.79
61 50 Car -1 -1 -1 604.08 165.95 630.89 189.69 -1 -1 -1 -1000 -1000 -1000 -10 0.70
61 52 Car -1 -1 -1 711.39 163.53 768.17 182.27 -1 -1 -1 -1000 -1000 -1000 -10 0.69
61 54 Pedestrian -1 -1 -1 818.11 154.37 839.45 212.52 -1 -1 -1 -1000 -1000 -1000 -10 0.68
61 44 Pedestrian -1 -1 -1 800.08 149.44 818.12 208.36 -1 -1 -1 -1000 -1000 -1000 -10 0.64
61 46 Pedestrian -1 -1 -1 762.12 157.48 779.84 210.07 -1 -1 -1 -1000 -1000 -1000 -10 0.61
61 45 Pedestrian -1 -1 -1 775.70 154.34 794.66 212.72 -1 -1 -1 -1000 -1000 -1000 -10 0.59
61 55 Pedestrian -1 -1 -1 24.77 180.40 86.17 285.30 -1 -1 -1 -1000 -1000 -1000 -10 0.45
62 39 Car -1 -1 -1 340.77 170.69 505.54 248.98 -1 -1 -1 -1000 -1000 -1000 -10 0.96
62 49 Car -1 -1 -1 193.17 171.73 276.63 224.32 -1 -1 -1 -1000 -1000 -1000 -10 0.93
62 51 Car -1 -1 -1 98.38 177.81 196.68 227.12 -1 -1 -1 -1000 -1000 -1000 -10 0.92
62 40 Car -1 -1 -1 633.72 163.13 686.15 203.00 -1 -1 -1 -1000 -1000 -1000 -10 0.90
62 50 Car -1 -1 -1 599.21 166.43 628.96 190.73 -1 -1 -1 -1000 -1000 -1000 -10 0.81
62 52 Car -1 -1 -1 705.19 162.51 766.55 185.77 -1 -1 -1 -1000 -1000 -1000 -10 0.76
62 45 Pedestrian -1 -1 -1 776.12 156.43 796.80 218.52 -1 -1 -1 -1000 -1000 -1000 -10 0.68
62 54 Pedestrian -1 -1 -1 825.68 156.84 845.99 215.33 -1 -1 -1 -1000 -1000 -1000 -10 0.67
62 56 Car -1 -1 -1 0.35 172.95 119.11 233.01 -1 -1 -1 -1000 -1000 -1000 -10 0.66
62 44 Pedestrian -1 -1 -1 803.86 157.58 821.39 216.31 -1 -1 -1 -1000 -1000 -1000 -10 0.66
62 53 Car -1 -1 -1 564.42 170.33 600.10 195.31 -1 -1 -1 -1000 -1000 -1000 -10 0.66
62 46 Pedestrian -1 -1 -1 768.02 157.34 788.90 217.01 -1 -1 -1 -1000 -1000 -1000 -10 0.57
63 39 Car -1 -1 -1 318.48 171.80 497.05 254.77 -1 -1 -1 -1000 -1000 -1000 -10 0.96
63 40 Car -1 -1 -1 633.27 163.12 685.66 202.78 -1 -1 -1 -1000 -1000 -1000 -10 0.90
63 51 Car -1 -1 -1 68.79 178.67 172.58 231.26 -1 -1 -1 -1000 -1000 -1000 -10 0.88
63 56 Car -1 -1 -1 -0.18 177.03 87.55 235.33 -1 -1 -1 -1000 -1000 -1000 -10 0.84
63 52 Car -1 -1 -1 705.41 162.79 765.59 186.40 -1 -1 -1 -1000 -1000 -1000 -10 0.83
63 49 Car -1 -1 -1 170.29 173.02 260.13 226.31 -1 -1 -1 -1000 -1000 -1000 -10 0.82
63 50 Car -1 -1 -1 594.47 167.01 624.64 190.79 -1 -1 -1 -1000 -1000 -1000 -10 0.80
63 53 Car -1 -1 -1 557.76 171.42 595.07 195.29 -1 -1 -1 -1000 -1000 -1000 -10 0.72
63 54 Pedestrian -1 -1 -1 831.27 154.02 856.25 219.46 -1 -1 -1 -1000 -1000 -1000 -10 0.64
63 44 Pedestrian -1 -1 -1 805.42 157.69 826.12 215.48 -1 -1 -1 -1000 -1000 -1000 -10 0.59
63 45 Pedestrian -1 -1 -1 779.53 157.12 801.35 219.33 -1 -1 -1 -1000 -1000 -1000 -10 0.59
64 39 Car -1 -1 -1 294.95 170.11 488.04 259.56 -1 -1 -1 -1000 -1000 -1000 -10 0.94
64 49 Car -1 -1 -1 141.66 173.64 236.23 228.95 -1 -1 -1 -1000 -1000 -1000 -10 0.92
64 51 Car -1 -1 -1 35.68 178.60 150.34 234.50 -1 -1 -1 -1000 -1000 -1000 -10 0.89
64 40 Car -1 -1 -1 633.28 164.14 684.75 202.03 -1 -1 -1 -1000 -1000 -1000 -10 0.84
64 56 Car -1 -1 -1 0.29 176.26 50.53 242.61 -1 -1 -1 -1000 -1000 -1000 -10 0.82
64 50 Car -1 -1 -1 589.52 167.41 617.12 190.11 -1 -1 -1 -1000 -1000 -1000 -10 0.78
64 53 Car -1 -1 -1 552.48 171.22 591.57 196.82 -1 -1 -1 -1000 -1000 -1000 -10 0.76
64 52 Car -1 -1 -1 703.94 162.95 763.43 186.28 -1 -1 -1 -1000 -1000 -1000 -10 0.73
64 45 Pedestrian -1 -1 -1 784.94 156.07 809.38 224.34 -1 -1 -1 -1000 -1000 -1000 -10 0.72
64 44 Pedestrian -1 -1 -1 809.08 157.82 832.36 222.41 -1 -1 -1 -1000 -1000 -1000 -10 0.68
64 54 Pedestrian -1 -1 -1 844.15 152.51 872.58 222.97 -1 -1 -1 -1000 -1000 -1000 -10 0.62
65 39 Car -1 -1 -1 261.35 169.54 476.66 266.83 -1 -1 -1 -1000 -1000 -1000 -10 0.96
65 49 Car -1 -1 -1 109.67 171.75 215.48 232.99 -1 -1 -1 -1000 -1000 -1000 -10 0.93
65 51 Car -1 -1 -1 2.34 178.46 130.44 235.36 -1 -1 -1 -1000 -1000 -1000 -10 0.83
65 52 Car -1 -1 -1 701.94 162.70 762.67 186.30 -1 -1 -1 -1000 -1000 -1000 -10 0.82
65 40 Car -1 -1 -1 631.69 163.62 682.04 200.65 -1 -1 -1 -1000 -1000 -1000 -10 0.80
65 53 Car -1 -1 -1 548.07 170.06 586.45 196.68 -1 -1 -1 -1000 -1000 -1000 -10 0.76
65 50 Car -1 -1 -1 585.64 166.40 613.60 190.23 -1 -1 -1 -1000 -1000 -1000 -10 0.75
65 45 Pedestrian -1 -1 -1 790.93 156.50 817.91 225.82 -1 -1 -1 -1000 -1000 -1000 -10 0.67
65 44 Pedestrian -1 -1 -1 815.44 156.08 841.22 225.74 -1 -1 -1 -1000 -1000 -1000 -10 0.63
65 54 Pedestrian -1 -1 -1 855.58 152.96 884.15 226.46 -1 -1 -1 -1000 -1000 -1000 -10 0.62
65 56 Car -1 -1 -1 0.99 176.63 18.14 243.75 -1 -1 -1 -1000 -1000 -1000 -10 0.43
66 39 Car -1 -1 -1 234.46 170.17 464.78 273.55 -1 -1 -1 -1000 -1000 -1000 -10 0.96
66 49 Car -1 -1 -1 74.29 173.66 196.97 236.03 -1 -1 -1 -1000 -1000 -1000 -10 0.85
66 50 Car -1 -1 -1 580.57 166.49 608.84 191.11 -1 -1 -1 -1000 -1000 -1000 -10 0.82
66 51 Car -1 -1 -1 0.41 178.75 101.74 235.38 -1 -1 -1 -1000 -1000 -1000 -10 0.76
66 40 Car -1 -1 -1 630.13 164.39 680.24 200.04 -1 -1 -1 -1000 -1000 -1000 -10 0.75
66 53 Car -1 -1 -1 541.39 170.96 579.55 196.90 -1 -1 -1 -1000 -1000 -1000 -10 0.75
66 52 Car -1 -1 -1 699.92 162.28 759.46 186.01 -1 -1 -1 -1000 -1000 -1000 -10 0.70
66 54 Pedestrian -1 -1 -1 869.30 152.26 901.23 231.28 -1 -1 -1 -1000 -1000 -1000 -10 0.67
66 45 Pedestrian -1 -1 -1 800.16 154.62 825.30 228.10 -1 -1 -1 -1000 -1000 -1000 -10 0.66
66 44 Pedestrian -1 -1 -1 828.84 156.31 857.16 230.88 -1 -1 -1 -1000 -1000 -1000 -10 0.53
67 39 Car -1 -1 -1 192.01 169.19 447.81 283.11 -1 -1 -1 -1000 -1000 -1000 -10 0.96
67 49 Car -1 -1 -1 37.90 174.10 179.40 238.23 -1 -1 -1 -1000 -1000 -1000 -10 0.88
67 52 Car -1 -1 -1 696.42 162.00 761.25 186.34 -1 -1 -1 -1000 -1000 -1000 -10 0.82
67 50 Car -1 -1 -1 575.20 166.34 604.81 190.83 -1 -1 -1 -1000 -1000 -1000 -10 0.78
67 51 Car -1 -1 -1 0.60 177.28 57.31 241.51 -1 -1 -1 -1000 -1000 -1000 -10 0.77
67 40 Car -1 -1 -1 625.53 164.91 679.65 199.09 -1 -1 -1 -1000 -1000 -1000 -10 0.76
67 57 Pedestrian -1 -1 -1 797.02 153.12 812.64 197.08 -1 -1 -1 -1000 -1000 -1000 -10 0.74
67 53 Car -1 -1 -1 536.28 170.31 575.25 198.01 -1 -1 -1 -1000 -1000 -1000 -10 0.72
67 54 Pedestrian -1 -1 -1 887.30 149.91 921.36 237.47 -1 -1 -1 -1000 -1000 -1000 -10 0.67
67 45 Pedestrian -1 -1 -1 809.22 153.37 838.95 234.85 -1 -1 -1 -1000 -1000 -1000 -10 0.62
67 44 Pedestrian -1 -1 -1 836.82 153.61 872.27 237.47 -1 -1 -1 -1000 -1000 -1000 -10 0.60
68 39 Car -1 -1 -1 146.27 170.28 430.98 295.66 -1 -1 -1 -1000 -1000 -1000 -10 0.97
68 49 Car -1 -1 -1 0.87 174.86 156.51 244.88 -1 -1 -1 -1000 -1000 -1000 -10 0.91
68 52 Car -1 -1 -1 695.80 162.61 760.38 186.01 -1 -1 -1 -1000 -1000 -1000 -10 0.80
68 53 Car -1 -1 -1 529.41 172.22 569.50 199.45 -1 -1 -1 -1000 -1000 -1000 -10 0.77
68 54 Pedestrian -1 -1 -1 909.33 149.74 945.61 245.65 -1 -1 -1 -1000 -1000 -1000 -10 0.76
68 57 Pedestrian -1 -1 -1 797.18 154.08 812.31 196.37 -1 -1 -1 -1000 -1000 -1000 -10 0.75
68 40 Car -1 -1 -1 624.47 164.84 677.80 199.83 -1 -1 -1 -1000 -1000 -1000 -10 0.75
68 58 Pedestrian -1 -1 -1 813.70 149.42 834.31 207.30 -1 -1 -1 -1000 -1000 -1000 -10 0.74
68 50 Car -1 -1 -1 569.70 166.57 599.51 191.74 -1 -1 -1 -1000 -1000 -1000 -10 0.73
68 45 Pedestrian -1 -1 -1 829.31 152.88 864.10 243.76 -1 -1 -1 -1000 -1000 -1000 -10 0.71
68 44 Pedestrian -1 -1 -1 855.43 153.08 892.06 243.71 -1 -1 -1 -1000 -1000 -1000 -10 0.61
68 51 Car -1 -1 -1 0.90 176.02 25.14 244.46 -1 -1 -1 -1000 -1000 -1000 -10 0.45
69 39 Car -1 -1 -1 89.54 170.84 411.31 310.94 -1 -1 -1 -1000 -1000 -1000 -10 0.97
69 49 Car -1 -1 -1 2.79 172.19 123.06 249.05 -1 -1 -1 -1000 -1000 -1000 -10 0.87
69 52 Car -1 -1 -1 689.41 163.17 759.11 187.75 -1 -1 -1 -1000 -1000 -1000 -10 0.86
69 53 Car -1 -1 -1 523.31 170.86 566.02 201.49 -1 -1 -1 -1000 -1000 -1000 -10 0.85
69 50 Car -1 -1 -1 565.76 167.90 594.16 192.36 -1 -1 -1 -1000 -1000 -1000 -10 0.83
69 40 Car -1 -1 -1 620.12 165.73 675.88 200.40 -1 -1 -1 -1000 -1000 -1000 -10 0.78
69 54 Pedestrian -1 -1 -1 935.03 147.07 981.01 256.03 -1 -1 -1 -1000 -1000 -1000 -10 0.75
69 58 Pedestrian -1 -1 -1 816.67 148.74 838.18 208.02 -1 -1 -1 -1000 -1000 -1000 -10 0.75
69 45 Pedestrian -1 -1 -1 851.99 147.90 894.92 256.95 -1 -1 -1 -1000 -1000 -1000 -10 0.73
69 57 Pedestrian -1 -1 -1 798.37 155.55 812.12 196.29 -1 -1 -1 -1000 -1000 -1000 -10 0.65
69 44 Pedestrian -1 -1 -1 875.82 151.74 917.85 251.97 -1 -1 -1 -1000 -1000 -1000 -10 0.46
70 39 Car -1 -1 -1 9.58 172.64 391.10 331.90 -1 -1 -1 -1000 -1000 -1000 -10 0.96
70 53 Car -1 -1 -1 517.09 173.16 559.11 202.35 -1 -1 -1 -1000 -1000 -1000 -10 0.81
70 52 Car -1 -1 -1 689.43 165.31 754.22 187.94 -1 -1 -1 -1000 -1000 -1000 -10 0.79
70 40 Car -1 -1 -1 617.76 165.85 671.61 200.63 -1 -1 -1 -1000 -1000 -1000 -10 0.78
70 49 Car -1 -1 -1 -0.34 171.68 87.60 256.84 -1 -1 -1 -1000 -1000 -1000 -10 0.78
70 54 Pedestrian -1 -1 -1 965.90 142.28 1019.13 268.27 -1 -1 -1 -1000 -1000 -1000 -10 0.77
70 50 Car -1 -1 -1 560.90 167.66 590.18 193.53 -1 -1 -1 -1000 -1000 -1000 -10 0.77
70 45 Pedestrian -1 -1 -1 874.12 146.74 919.96 264.76 -1 -1 -1 -1000 -1000 -1000 -10 0.76
70 58 Pedestrian -1 -1 -1 819.58 147.48 842.71 212.62 -1 -1 -1 -1000 -1000 -1000 -10 0.72
70 44 Pedestrian -1 -1 -1 903.53 151.95 951.77 259.48 -1 -1 -1 -1000 -1000 -1000 -10 0.54
70 57 Pedestrian -1 -1 -1 800.29 154.59 815.93 199.05 -1 -1 -1 -1000 -1000 -1000 -10 0.50
71 39 Car -1 -1 -1 -2.35 170.93 365.12 356.76 -1 -1 -1 -1000 -1000 -1000 -10 0.96
71 53 Car -1 -1 -1 509.52 172.47 555.91 203.22 -1 -1 -1 -1000 -1000 -1000 -10 0.80
71 40 Car -1 -1 -1 619.19 166.37 667.92 200.35 -1 -1 -1 -1000 -1000 -1000 -10 0.76
71 54 Pedestrian -1 -1 -1 1016.54 134.27 1075.95 284.98 -1 -1 -1 -1000 -1000 -1000 -10 0.72
71 52 Car -1 -1 -1 689.94 166.55 753.18 187.08 -1 -1 -1 -1000 -1000 -1000 -10 0.71
71 58 Pedestrian -1 -1 -1 823.72 148.71 846.30 212.19 -1 -1 -1 -1000 -1000 -1000 -10 0.64
71 57 Pedestrian -1 -1 -1 802.29 156.66 816.29 199.44 -1 -1 -1 -1000 -1000 -1000 -10 0.63
71 50 Car -1 -1 -1 553.82 168.03 584.86 195.32 -1 -1 -1 -1000 -1000 -1000 -10 0.61
71 44 Pedestrian -1 -1 -1 938.03 144.95 993.68 282.15 -1 -1 -1 -1000 -1000 -1000 -10 0.54
71 45 Pedestrian -1 -1 -1 908.17 141.51 962.52 278.95 -1 -1 -1 -1000 -1000 -1000 -10 0.48
71 59 Car -1 -1 -1 677.71 161.00 718.81 183.83 -1 -1 -1 -1000 -1000 -1000 -10 0.42
72 39 Car -1 -1 -1 -3.32 169.08 334.77 366.27 -1 -1 -1 -1000 -1000 -1000 -10 0.97
72 53 Car -1 -1 -1 502.21 172.46 549.69 204.21 -1 -1 -1 -1000 -1000 -1000 -10 0.77
72 40 Car -1 -1 -1 613.72 166.87 666.93 199.91 -1 -1 -1 -1000 -1000 -1000 -10 0.76
72 50 Car -1 -1 -1 549.57 168.39 579.92 195.10 -1 -1 -1 -1000 -1000 -1000 -10 0.75
72 54 Pedestrian -1 -1 -1 1076.15 126.04 1153.84 309.46 -1 -1 -1 -1000 -1000 -1000 -10 0.73
72 58 Pedestrian -1 -1 -1 827.53 146.84 850.62 213.88 -1 -1 -1 -1000 -1000 -1000 -10 0.72
72 57 Pedestrian -1 -1 -1 802.03 154.54 817.46 201.98 -1 -1 -1 -1000 -1000 -1000 -10 0.64
72 59 Car -1 -1 -1 676.15 160.77 719.71 183.67 -1 -1 -1 -1000 -1000 -1000 -10 0.64
72 52 Car -1 -1 -1 683.70 165.23 750.96 190.49 -1 -1 -1 -1000 -1000 -1000 -10 0.63
72 44 Pedestrian -1 -1 -1 983.23 141.22 1048.13 301.66 -1 -1 -1 -1000 -1000 -1000 -10 0.55
72 45 Pedestrian -1 -1 -1 950.04 141.19 1012.46 293.61 -1 -1 -1 -1000 -1000 -1000 -10 0.43
73 39 Car -1 -1 -1 -3.29 173.54 290.61 368.62 -1 -1 -1 -1000 -1000 -1000 -10 0.96
73 40 Car -1 -1 -1 608.56 164.81 663.78 201.94 -1 -1 -1 -1000 -1000 -1000 -10 0.84
73 53 Car -1 -1 -1 493.51 171.53 544.36 204.89 -1 -1 -1 -1000 -1000 -1000 -10 0.81
73 57 Pedestrian -1 -1 -1 805.83 156.96 820.21 199.98 -1 -1 -1 -1000 -1000 -1000 -10 0.75
73 50 Car -1 -1 -1 544.09 168.81 575.38 194.43 -1 -1 -1 -1000 -1000 -1000 -10 0.73
73 58 Pedestrian -1 -1 -1 834.33 147.93 858.96 216.77 -1 -1 -1 -1000 -1000 -1000 -10 0.72
73 60 Pedestrian -1 -1 -1 820.44 153.66 836.99 204.16 -1 -1 -1 -1000 -1000 -1000 -10 0.72
73 59 Car -1 -1 -1 677.38 160.19 717.71 183.11 -1 -1 -1 -1000 -1000 -1000 -10 0.71
73 52 Car -1 -1 -1 688.77 165.64 746.52 190.15 -1 -1 -1 -1000 -1000 -1000 -10 0.71
73 61 Car -1 -1 -1 563.51 167.11 589.45 188.47 -1 -1 -1 -1000 -1000 -1000 -10 0.59
73 45 Pedestrian -1 -1 -1 1009.25 120.38 1098.53 329.77 -1 -1 -1 -1000 -1000 -1000 -10 0.57
73 44 Pedestrian -1 -1 -1 1024.59 126.96 1121.00 323.74 -1 -1 -1 -1000 -1000 -1000 -10 0.55
73 54 Pedestrian -1 -1 -1 1141.95 107.56 1218.06 350.62 -1 -1 -1 -1000 -1000 -1000 -10 0.50
74 39 Car -1 -1 -1 1.32 175.68 232.38 366.57 -1 -1 -1 -1000 -1000 -1000 -10 0.97
74 53 Car -1 -1 -1 484.83 173.01 538.23 206.92 -1 -1 -1 -1000 -1000 -1000 -10 0.82
74 40 Car -1 -1 -1 605.31 165.07 662.13 201.61 -1 -1 -1 -1000 -1000 -1000 -10 0.79
74 58 Pedestrian -1 -1 -1 840.96 145.87 868.12 219.51 -1 -1 -1 -1000 -1000 -1000 -10 0.78
74 52 Car -1 -1 -1 681.08 165.17 747.50 192.24 -1 -1 -1 -1000 -1000 -1000 -10 0.77
74 44 Pedestrian -1 -1 -1 1076.53 115.44 1206.93 365.44 -1 -1 -1 -1000 -1000 -1000 -10 0.75
74 60 Pedestrian -1 -1 -1 822.52 152.41 839.69 204.86 -1 -1 -1 -1000 -1000 -1000 -10 0.73
74 61 Car -1 -1 -1 559.75 166.80 585.44 188.85 -1 -1 -1 -1000 -1000 -1000 -10 0.71
74 59 Car -1 -1 -1 678.36 161.04 718.58 183.22 -1 -1 -1 -1000 -1000 -1000 -10 0.69
74 50 Car -1 -1 -1 538.05 168.49 570.06 195.30 -1 -1 -1 -1000 -1000 -1000 -10 0.69
74 57 Pedestrian -1 -1 -1 807.34 157.51 819.58 194.52 -1 -1 -1 -1000 -1000 -1000 -10 0.68
75 39 Car -1 -1 -1 2.85 176.76 161.60 365.53 -1 -1 -1 -1000 -1000 -1000 -10 0.87
75 53 Car -1 -1 -1 476.28 173.65 531.82 209.10 -1 -1 -1 -1000 -1000 -1000 -10 0.85
75 50 Car -1 -1 -1 532.21 168.82 565.08 195.94 -1 -1 -1 -1000 -1000 -1000 -10 0.83
75 52 Car -1 -1 -1 678.63 165.04 749.84 194.40 -1 -1 -1 -1000 -1000 -1000 -10 0.83
75 40 Car -1 -1 -1 601.23 165.61 657.51 201.46 -1 -1 -1 -1000 -1000 -1000 -10 0.80
75 61 Car -1 -1 -1 555.37 167.03 580.38 189.11 -1 -1 -1 -1000 -1000 -1000 -10 0.77
75 58 Pedestrian -1 -1 -1 848.95 151.66 875.68 220.20 -1 -1 -1 -1000 -1000 -1000 -10 0.73
75 60 Pedestrian -1 -1 -1 826.07 154.98 844.04 205.39 -1 -1 -1 -1000 -1000 -1000 -10 0.70
75 59 Car -1 -1 -1 677.59 160.80 718.20 183.79 -1 -1 -1 -1000 -1000 -1000 -10 0.70
75 57 Pedestrian -1 -1 -1 809.84 158.73 822.46 197.44 -1 -1 -1 -1000 -1000 -1000 -10 0.57
76 52 Car -1 -1 -1 676.53 165.66 749.55 194.81 -1 -1 -1 -1000 -1000 -1000 -10 0.82
76 58 Pedestrian -1 -1 -1 855.09 149.28 885.29 224.44 -1 -1 -1 -1000 -1000 -1000 -10 0.78
76 53 Car -1 -1 -1 468.59 173.49 527.66 210.76 -1 -1 -1 -1000 -1000 -1000 -10 0.77
76 40 Car -1 -1 -1 599.44 166.19 652.36 199.82 -1 -1 -1 -1000 -1000 -1000 -10 0.77
76 50 Car -1 -1 -1 526.80 169.66 560.76 197.60 -1 -1 -1 -1000 -1000 -1000 -10 0.73
76 57 Pedestrian -1 -1 -1 812.55 158.38 827.33 199.65 -1 -1 -1 -1000 -1000 -1000 -10 0.73
76 61 Car -1 -1 -1 548.52 168.43 574.46 190.99 -1 -1 -1 -1000 -1000 -1000 -10 0.67
76 60 Pedestrian -1 -1 -1 832.78 157.94 846.59 203.05 -1 -1 -1 -1000 -1000 -1000 -10 0.63
76 59 Car -1 -1 -1 675.26 162.25 719.26 186.30 -1 -1 -1 -1000 -1000 -1000 -10 0.60
77 53 Car -1 -1 -1 457.63 175.05 519.28 213.98 -1 -1 -1 -1000 -1000 -1000 -10 0.90
77 40 Car -1 -1 -1 595.28 165.44 648.15 201.89 -1 -1 -1 -1000 -1000 -1000 -10 0.80
77 58 Pedestrian -1 -1 -1 862.23 144.85 893.47 228.46 -1 -1 -1 -1000 -1000 -1000 -10 0.77
77 50 Car -1 -1 -1 518.75 171.04 554.17 200.05 -1 -1 -1 -1000 -1000 -1000 -10 0.76
77 52 Car -1 -1 -1 670.00 166.56 750.86 197.60 -1 -1 -1 -1000 -1000 -1000 -10 0.72
77 61 Car -1 -1 -1 544.09 169.40 570.61 191.26 -1 -1 -1 -1000 -1000 -1000 -10 0.69
77 57 Pedestrian -1 -1 -1 813.32 156.00 829.32 202.97 -1 -1 -1 -1000 -1000 -1000 -10 0.69
77 59 Car -1 -1 -1 670.71 163.02 724.02 187.29 -1 -1 -1 -1000 -1000 -1000 -10 0.67
77 60 Pedestrian -1 -1 -1 838.52 159.45 854.05 206.17 -1 -1 -1 -1000 -1000 -1000 -10 0.67
77 63 Car -1 -1 -1 534.04 170.44 563.40 195.08 -1 -1 -1 -1000 -1000 -1000 -10 0.42
78 53 Car -1 -1 -1 449.39 175.03 512.05 215.70 -1 -1 -1 -1000 -1000 -1000 -10 0.90
78 52 Car -1 -1 -1 671.66 167.54 749.10 196.56 -1 -1 -1 -1000 -1000 -1000 -10 0.81
78 50 Car -1 -1 -1 512.92 170.78 548.70 201.09 -1 -1 -1 -1000 -1000 -1000 -10 0.79
78 58 Pedestrian -1 -1 -1 871.10 141.08 906.64 232.26 -1 -1 -1 -1000 -1000 -1000 -10 0.76
78 40 Car -1 -1 -1 588.19 165.66 647.88 207.44 -1 -1 -1 -1000 -1000 -1000 -10 0.76
78 57 Pedestrian -1 -1 -1 816.01 154.76 833.65 205.65 -1 -1 -1 -1000 -1000 -1000 -10 0.66
78 61 Car -1 -1 -1 537.93 170.15 565.02 193.35 -1 -1 -1 -1000 -1000 -1000 -10 0.64
78 59 Car -1 -1 -1 668.67 164.02 719.06 188.55 -1 -1 -1 -1000 -1000 -1000 -10 0.64
78 64 Car -1 -1 -1 1.93 157.67 115.83 199.37 -1 -1 -1 -1000 -1000 -1000 -10 0.64
78 60 Pedestrian -1 -1 -1 841.88 157.42 858.24 207.44 -1 -1 -1 -1000 -1000 -1000 -10 0.51
79 53 Car -1 -1 -1 437.91 175.91 506.24 219.57 -1 -1 -1 -1000 -1000 -1000 -10 0.91
79 52 Car -1 -1 -1 670.55 167.81 749.95 197.81 -1 -1 -1 -1000 -1000 -1000 -10 0.85
79 50 Car -1 -1 -1 505.98 171.94 543.78 202.54 -1 -1 -1 -1000 -1000 -1000 -10 0.81
79 58 Pedestrian -1 -1 -1 882.41 143.44 918.60 237.41 -1 -1 -1 -1000 -1000 -1000 -10 0.80
79 40 Car -1 -1 -1 580.93 166.83 647.65 208.16 -1 -1 -1 -1000 -1000 -1000 -10 0.80
79 61 Car -1 -1 -1 531.32 170.54 559.87 194.55 -1 -1 -1 -1000 -1000 -1000 -10 0.73
79 64 Car -1 -1 -1 -3.07 152.29 98.22 200.02 -1 -1 -1 -1000 -1000 -1000 -10 0.62
79 57 Pedestrian -1 -1 -1 819.72 155.22 837.05 205.87 -1 -1 -1 -1000 -1000 -1000 -10 0.60
79 59 Car -1 -1 -1 662.98 167.14 717.73 191.50 -1 -1 -1 -1000 -1000 -1000 -10 0.54
79 60 Pedestrian -1 -1 -1 841.68 157.84 859.66 205.81 -1 -1 -1 -1000 -1000 -1000 -10 0.49
80 53 Car -1 -1 -1 429.98 177.06 497.91 220.51 -1 -1 -1 -1000 -1000 -1000 -10 0.91
80 52 Car -1 -1 -1 668.64 168.15 751.17 198.04 -1 -1 -1 -1000 -1000 -1000 -10 0.85
80 50 Car -1 -1 -1 498.38 172.25 537.11 204.22 -1 -1 -1 -1000 -1000 -1000 -10 0.80
80 60 Pedestrian -1 -1 -1 842.47 154.67 859.89 204.96 -1 -1 -1 -1000 -1000 -1000 -10 0.67
80 58 Pedestrian -1 -1 -1 891.09 139.50 926.29 235.84 -1 -1 -1 -1000 -1000 -1000 -10 0.66
80 59 Car -1 -1 -1 660.84 167.67 718.99 191.81 -1 -1 -1 -1000 -1000 -1000 -10 0.65
80 40 Car -1 -1 -1 577.01 169.76 636.31 205.01 -1 -1 -1 -1000 -1000 -1000 -10 0.64
80 61 Car -1 -1 -1 524.18 170.53 556.72 196.57 -1 -1 -1 -1000 -1000 -1000 -10 0.56
80 57 Pedestrian -1 -1 -1 821.61 153.83 840.39 204.53 -1 -1 -1 -1000 -1000 -1000 -10 0.55
80 64 Car -1 -1 -1 -3.46 156.19 75.85 201.58 -1 -1 -1 -1000 -1000 -1000 -10 0.49
80 65 Car -1 -1 -1 -2.73 157.08 97.76 200.31 -1 -1 -1 -1000 -1000 -1000 -10 0.48
81 53 Car -1 -1 -1 417.69 177.76 488.31 224.44 -1 -1 -1 -1000 -1000 -1000 -10 0.90
81 50 Car -1 -1 -1 492.21 173.48 530.68 205.78 -1 -1 -1 -1000 -1000 -1000 -10 0.84
81 52 Car -1 -1 -1 664.70 168.64 748.79 199.12 -1 -1 -1 -1000 -1000 -1000 -10 0.75
81 58 Pedestrian -1 -1 -1 903.71 136.85 942.71 238.49 -1 -1 -1 -1000 -1000 -1000 -10 0.73
81 40 Car -1 -1 -1 575.24 169.08 636.65 206.24 -1 -1 -1 -1000 -1000 -1000 -10 0.66
81 65 Car -1 -1 -1 -0.10 155.65 65.71 203.45 -1 -1 -1 -1000 -1000 -1000 -10 0.63
81 57 Pedestrian -1 -1 -1 825.09 155.15 845.08 209.58 -1 -1 -1 -1000 -1000 -1000 -10 0.63
81 59 Car -1 -1 -1 656.28 169.65 723.82 194.62 -1 -1 -1 -1000 -1000 -1000 -10 0.59
81 61 Car -1 -1 -1 517.69 172.82 550.10 198.25 -1 -1 -1 -1000 -1000 -1000 -10 0.58
81 60 Pedestrian -1 -1 -1 844.72 152.44 865.49 208.16 -1 -1 -1 -1000 -1000 -1000 -10 0.52
82 53 Car -1 -1 -1 403.64 178.12 481.46 226.76 -1 -1 -1 -1000 -1000 -1000 -10 0.93
82 50 Car -1 -1 -1 483.94 174.06 523.20 208.00 -1 -1 -1 -1000 -1000 -1000 -10 0.89
82 52 Car -1 -1 -1 661.85 170.25 749.93 201.19 -1 -1 -1 -1000 -1000 -1000 -10 0.81
82 58 Pedestrian -1 -1 -1 918.18 143.39 960.17 246.34 -1 -1 -1 -1000 -1000 -1000 -10 0.80
82 65 Car -1 -1 -1 -0.04 154.65 48.64 203.45 -1 -1 -1 -1000 -1000 -1000 -10 0.68
82 40 Car -1 -1 -1 571.87 169.63 632.38 205.19 -1 -1 -1 -1000 -1000 -1000 -10 0.67
82 61 Car -1 -1 -1 513.34 172.63 544.17 199.04 -1 -1 -1 -1000 -1000 -1000 -10 0.65
82 59 Car -1 -1 -1 654.86 170.55 718.65 196.00 -1 -1 -1 -1000 -1000 -1000 -10 0.61
82 60 Pedestrian -1 -1 -1 849.43 157.02 869.18 211.55 -1 -1 -1 -1000 -1000 -1000 -10 0.59
82 57 Pedestrian -1 -1 -1 827.11 157.62 845.87 209.23 -1 -1 -1 -1000 -1000 -1000 -10 0.57
83 53 Car -1 -1 -1 392.41 179.22 474.95 230.58 -1 -1 -1 -1000 -1000 -1000 -10 0.90
83 52 Car -1 -1 -1 661.23 169.58 750.13 202.01 -1 -1 -1 -1000 -1000 -1000 -10 0.83
83 50 Car -1 -1 -1 477.07 174.34 518.83 209.40 -1 -1 -1 -1000 -1000 -1000 -10 0.81
83 58 Pedestrian -1 -1 -1 933.78 138.92 975.38 249.48 -1 -1 -1 -1000 -1000 -1000 -10 0.79
83 59 Car -1 -1 -1 649.52 169.13 716.36 197.52 -1 -1 -1 -1000 -1000 -1000 -10 0.73
83 61 Car -1 -1 -1 510.19 172.86 539.91 198.91 -1 -1 -1 -1000 -1000 -1000 -10 0.73
83 40 Car -1 -1 -1 565.86 169.83 630.51 205.07 -1 -1 -1 -1000 -1000 -1000 -10 0.68
83 60 Pedestrian -1 -1 -1 852.51 156.86 871.06 209.03 -1 -1 -1 -1000 -1000 -1000 -10 0.61
83 66 Car -1 -1 -1 496.11 173.26 532.54 203.18 -1 -1 -1 -1000 -1000 -1000 -10 0.59
83 57 Pedestrian -1 -1 -1 831.40 156.11 854.20 209.74 -1 -1 -1 -1000 -1000 -1000 -10 0.43
84 53 Car -1 -1 -1 381.61 179.85 464.15 233.58 -1 -1 -1 -1000 -1000 -1000 -10 0.94
84 50 Car -1 -1 -1 470.37 176.17 511.94 210.69 -1 -1 -1 -1000 -1000 -1000 -10 0.87
84 52 Car -1 -1 -1 660.62 171.22 749.35 203.49 -1 -1 -1 -1000 -1000 -1000 -10 0.80
84 58 Pedestrian -1 -1 -1 947.65 136.15 991.92 253.87 -1 -1 -1 -1000 -1000 -1000 -10 0.78
84 66 Car -1 -1 -1 489.65 175.26 525.65 206.09 -1 -1 -1 -1000 -1000 -1000 -10 0.77
84 59 Car -1 -1 -1 647.86 170.51 710.09 197.17 -1 -1 -1 -1000 -1000 -1000 -10 0.69
84 61 Car -1 -1 -1 503.25 173.32 535.86 200.99 -1 -1 -1 -1000 -1000 -1000 -10 0.66
84 40 Car -1 -1 -1 562.85 169.09 626.38 204.84 -1 -1 -1 -1000 -1000 -1000 -10 0.62
84 60 Pedestrian -1 -1 -1 854.70 156.92 871.84 210.13 -1 -1 -1 -1000 -1000 -1000 -10 0.55
84 57 Pedestrian -1 -1 -1 837.15 154.42 857.94 213.50 -1 -1 -1 -1000 -1000 -1000 -10 0.43
85 53 Car -1 -1 -1 371.02 178.95 457.76 234.79 -1 -1 -1 -1000 -1000 -1000 -10 0.92
85 52 Car -1 -1 -1 657.84 171.74 747.29 204.34 -1 -1 -1 -1000 -1000 -1000 -10 0.80
85 58 Pedestrian -1 -1 -1 963.41 140.43 1006.52 256.48 -1 -1 -1 -1000 -1000 -1000 -10 0.76
85 50 Car -1 -1 -1 464.02 174.99 508.71 211.55 -1 -1 -1 -1000 -1000 -1000 -10 0.76
85 66 Car -1 -1 -1 483.36 174.50 521.03 206.12 -1 -1 -1 -1000 -1000 -1000 -10 0.74
85 61 Car -1 -1 -1 501.33 172.95 532.90 199.22 -1 -1 -1 -1000 -1000 -1000 -10 0.70
85 57 Pedestrian -1 -1 -1 836.43 153.00 858.76 214.30 -1 -1 -1 -1000 -1000 -1000 -10 0.67
85 40 Car -1 -1 -1 560.44 169.63 622.32 204.58 -1 -1 -1 -1000 -1000 -1000 -10 0.66
85 59 Car -1 -1 -1 648.12 171.62 708.80 196.57 -1 -1 -1 -1000 -1000 -1000 -10 0.65
85 60 Pedestrian -1 -1 -1 857.89 158.59 874.73 213.06 -1 -1 -1 -1000 -1000 -1000 -10 0.54
86 53 Car -1 -1 -1 358.50 181.47 450.38 237.94 -1 -1 -1 -1000 -1000 -1000 -10 0.94
86 50 Car -1 -1 -1 458.61 177.68 503.54 212.96 -1 -1 -1 -1000 -1000 -1000 -10 0.87
86 52 Car -1 -1 -1 657.90 173.58 751.77 205.52 -1 -1 -1 -1000 -1000 -1000 -10 0.85
86 57 Pedestrian -1 -1 -1 837.27 158.39 858.37 215.06 -1 -1 -1 -1000 -1000 -1000 -10 0.75
86 58 Pedestrian -1 -1 -1 977.66 137.95 1022.65 259.48 -1 -1 -1 -1000 -1000 -1000 -10 0.74
86 59 Car -1 -1 -1 644.36 174.28 712.22 199.83 -1 -1 -1 -1000 -1000 -1000 -10 0.70
86 67 Car -1 -1 -1 617.68 165.10 685.28 194.89 -1 -1 -1 -1000 -1000 -1000 -10 0.70
86 66 Car -1 -1 -1 475.99 178.05 515.79 208.55 -1 -1 -1 -1000 -1000 -1000 -10 0.70
86 61 Car -1 -1 -1 496.50 174.52 530.34 200.49 -1 -1 -1 -1000 -1000 -1000 -10 0.69
86 40 Car -1 -1 -1 557.86 172.07 617.41 202.56 -1 -1 -1 -1000 -1000 -1000 -10 0.66
86 60 Pedestrian -1 -1 -1 857.44 160.85 877.38 215.11 -1 -1 -1 -1000 -1000 -1000 -10 0.51
87 53 Car -1 -1 -1 349.58 182.70 442.85 243.06 -1 -1 -1 -1000 -1000 -1000 -10 0.93
87 50 Car -1 -1 -1 452.67 178.67 498.71 216.38 -1 -1 -1 -1000 -1000 -1000 -10 0.90
87 52 Car -1 -1 -1 657.71 174.06 751.91 207.41 -1 -1 -1 -1000 -1000 -1000 -10 0.86
87 61 Car -1 -1 -1 490.84 176.05 524.43 204.18 -1 -1 -1 -1000 -1000 -1000 -10 0.82
87 58 Pedestrian -1 -1 -1 991.35 141.74 1039.53 269.40 -1 -1 -1 -1000 -1000 -1000 -10 0.80
87 66 Car -1 -1 -1 472.03 178.35 511.57 211.00 -1 -1 -1 -1000 -1000 -1000 -10 0.75
87 67 Car -1 -1 -1 620.25 166.08 682.80 194.30 -1 -1 -1 -1000 -1000 -1000 -10 0.72
87 40 Car -1 -1 -1 558.71 174.52 615.37 199.94 -1 -1 -1 -1000 -1000 -1000 -10 0.70
87 57 Pedestrian -1 -1 -1 840.41 158.21 861.98 216.90 -1 -1 -1 -1000 -1000 -1000 -10 0.69
87 59 Car -1 -1 -1 646.30 175.53 710.36 200.01 -1 -1 -1 -1000 -1000 -1000 -10 0.67
87 60 Pedestrian -1 -1 -1 859.91 157.65 881.89 218.35 -1 -1 -1 -1000 -1000 -1000 -10 0.58
88 53 Car -1 -1 -1 341.06 182.90 436.02 245.33 -1 -1 -1 -1000 -1000 -1000 -10 0.94
88 50 Car -1 -1 -1 447.62 178.28 494.29 217.46 -1 -1 -1 -1000 -1000 -1000 -10 0.86
88 52 Car -1 -1 -1 656.93 174.59 752.63 208.59 -1 -1 -1 -1000 -1000 -1000 -10 0.82
88 66 Car -1 -1 -1 467.71 178.30 507.87 211.63 -1 -1 -1 -1000 -1000 -1000 -10 0.81
88 58 Pedestrian -1 -1 -1 1003.65 140.97 1057.93 271.79 -1 -1 -1 -1000 -1000 -1000 -10 0.80
88 61 Car -1 -1 -1 488.69 176.62 522.34 203.27 -1 -1 -1 -1000 -1000 -1000 -10 0.72
88 59 Car -1 -1 -1 648.71 175.30 708.31 199.88 -1 -1 -1 -1000 -1000 -1000 -10 0.71
88 57 Pedestrian -1 -1 -1 840.65 157.87 862.49 217.24 -1 -1 -1 -1000 -1000 -1000 -10 0.71
88 40 Car -1 -1 -1 562.14 175.93 611.43 198.31 -1 -1 -1 -1000 -1000 -1000 -10 0.69
88 60 Pedestrian -1 -1 -1 865.76 161.13 888.11 219.87 -1 -1 -1 -1000 -1000 -1000 -10 0.67
88 67 Car -1 -1 -1 618.08 166.34 679.49 194.75 -1 -1 -1 -1000 -1000 -1000 -10 0.65
89 53 Car -1 -1 -1 329.06 183.44 430.87 246.39 -1 -1 -1 -1000 -1000 -1000 -10 0.92
89 50 Car -1 -1 -1 442.91 179.32 491.55 218.30 -1 -1 -1 -1000 -1000 -1000 -10 0.87
89 61 Car -1 -1 -1 484.82 176.82 520.24 204.15 -1 -1 -1 -1000 -1000 -1000 -10 0.83
89 52 Car -1 -1 -1 653.66 175.60 751.85 210.65 -1 -1 -1 -1000 -1000 -1000 -10 0.81
89 68 Car -1 -1 -1 634.61 174.40 692.67 201.24 -1 -1 -1 -1000 -1000 -1000 -10 0.78
89 67 Car -1 -1 -1 618.49 166.78 677.63 194.08 -1 -1 -1 -1000 -1000 -1000 -10 0.74
89 66 Car -1 -1 -1 463.63 179.32 505.79 211.62 -1 -1 -1 -1000 -1000 -1000 -10 0.73
89 59 Car -1 -1 -1 648.00 175.48 709.42 200.57 -1 -1 -1 -1000 -1000 -1000 -10 0.70
89 60 Pedestrian -1 -1 -1 867.49 162.88 888.16 217.72 -1 -1 -1 -1000 -1000 -1000 -10 0.68
89 40 Car -1 -1 -1 559.86 175.58 613.21 199.03 -1 -1 -1 -1000 -1000 -1000 -10 0.64
89 57 Pedestrian -1 -1 -1 841.38 159.50 861.90 216.30 -1 -1 -1 -1000 -1000 -1000 -10 0.61
89 58 Pedestrian -1 -1 -1 1013.45 156.34 1071.92 270.27 -1 -1 -1 -1000 -1000 -1000 -10 0.60