0 1 Car -1 -1 -1 1095.79 183.10 1218.65 237.74 -1 -1 -1 -1000 -1000 -1000 -10 0.93
0 2 Car -1 -1 -1 1032.67 181.43 1157.62 233.07 -1 -1 -1 -1000 -1000 -1000 -10 0.90
0 3 Car -1 -1 -1 952.60 181.82 1070.29 232.56 -1 -1 -1 -1000 -1000 -1000 -10 0.86
0 4 Car -1 -1 -1 603.23 171.23 637.60 201.73 -1 -1 -1 -1000 -1000 -1000 -10 0.78
0 5 Cyclist -1 -1 -1 839.79 165.02 993.00 315.01 -1 -1 -1 -1000 -1000 -1000 -10 0.72
0 6 Pedestrian -1 -1 -1 258.33 150.71 288.96 224.92 -1 -1 -1 -1000 -1000 -1000 -10 0.64
0 7 Pedestrian -1 -1 -1 477.41 157.82 513.19 254.40 -1 -1 -1 -1000 -1000 -1000 -10 0.64
0 8 Pedestrian -1 -1 -1 222.52 153.18 248.04 222.49 -1 -1 -1 -1000 -1000 -1000 -10 0.61
0 9 Pedestrian -1 -1 -1 565.06 163.02 586.02 215.64 -1 -1 -1 -1000 -1000 -1000 -10 0.53
0 10 Pedestrian -1 -1 -1 189.23 159.72 205.07 197.74 -1 -1 -1 -1000 -1000 -1000 -10 0.46
0 11 Pedestrian -1 -1 -1 352.26 161.56 362.75 191.82 -1 -1 -1 -1000 -1000 -1000 -10 0.41
1 1 Car -1 -1 -1 1095.89 183.66 1218.07 236.43 -1 -1 -1 -1000 -1000 -1000 -10 0.95
1 3 Car -1 -1 -1 951.83 182.52 1069.74 232.02 -1 -1 -1 -1000 -1000 -1000 -10 0.91
1 2 Car -1 -1 -1 1032.93 182.61 1156.89 232.13 -1 -1 -1 -1000 -1000 -1000 -10 0.90
1 5 Cyclist -1 -1 -1 763.05 163.92 931.21 302.37 -1 -1 -1 -1000 -1000 -1000 -10 0.90
1 4 Car -1 -1 -1 602.66 171.63 637.93 201.87 -1 -1 -1 -1000 -1000 -1000 -10 0.79
1 6 Pedestrian -1 -1 -1 263.28 153.54 290.94 221.99 -1 -1 -1 -1000 -1000 -1000 -10 0.79
1 7 Pedestrian -1 -1 -1 465.48 155.92 508.75 255.48 -1 -1 -1 -1000 -1000 -1000 -10 0.77
1 8 Pedestrian -1 -1 -1 226.88 153.16 251.70 219.80 -1 -1 -1 -1000 -1000 -1000 -10 0.75
1 10 Pedestrian -1 -1 -1 190.26 159.24 205.05 198.51 -1 -1 -1 -1000 -1000 -1000 -10 0.69
1 13 Car -1 -1 -1 467.81 173.00 501.39 194.07 -1 -1 -1 -1000 -1000 -1000 -10 0.52
1 12 Cyclist -1 -1 -1 567.75 164.53 584.84 211.06 -1 -1 -1 -1000 -1000 -1000 -10 0.50
1 14 Pedestrian -1 -1 -1 567.75 164.53 584.84 211.06 -1 -1 -1 -1000 -1000 -1000 -10 0.50
1 15 Cyclist -1 -1 -1 352.45 161.18 364.83 191.79 -1 -1 -1 -1000 -1000 -1000 -10 0.40
2 1 Car -1 -1 -1 1095.62 183.73 1218.19 236.38 -1 -1 -1 -1000 -1000 -1000 -10 0.95
2 5 Cyclist -1 -1 -1 705.85 157.76 865.03 299.51 -1 -1 -1 -1000 -1000 -1000 -10 0.93
2 3 Car -1 -1 -1 951.85 182.51 1069.41 232.32 -1 -1 -1 -1000 -1000 -1000 -10 0.89
2 2 Car -1 -1 -1 1032.93 182.94 1156.79 231.82 -1 -1 -1 -1000 -1000 -1000 -10 0.89
2 4 Car -1 -1 -1 602.97 171.74 637.70 201.46 -1 -1 -1 -1000 -1000 -1000 -10 0.81
2 7 Pedestrian -1 -1 -1 453.32 155.16 499.94 255.34 -1 -1 -1 -1000 -1000 -1000 -10 0.77
2 8 Pedestrian -1 -1 -1 226.55 152.15 252.74 220.96 -1 -1 -1 -1000 -1000 -1000 -10 0.72
2 6 Pedestrian -1 -1 -1 263.73 151.40 292.16 222.21 -1 -1 -1 -1000 -1000 -1000 -10 0.71
2 10 Pedestrian -1 -1 -1 190.17 159.34 205.13 198.41 -1 -1 -1 -1000 -1000 -1000 -10 0.68
2 12 Cyclist -1 -1 -1 568.02 164.74 584.54 209.49 -1 -1 -1 -1000 -1000 -1000 -10 0.67
2 15 Cyclist -1 -1 -1 353.18 161.24 369.00 191.49 -1 -1 -1 -1000 -1000 -1000 -10 0.50
3 1 Car -1 -1 -1 1095.41 183.61 1217.98 236.66 -1 -1 -1 -1000 -1000 -1000 -10 0.95
3 5 Cyclist -1 -1 -1 656.41 159.00 800.59 291.57 -1 -1 -1 -1000 -1000 -1000 -10 0.92
3 2 Car -1 -1 -1 1033.41 182.82 1156.74 231.99 -1 -1 -1 -1000 -1000 -1000 -10 0.90
3 3 Car -1 -1 -1 951.69 182.71 1069.61 232.09 -1 -1 -1 -1000 -1000 -1000 -10 0.90
3 4 Car -1 -1 -1 602.98 171.80 637.76 201.62 -1 -1 -1 -1000 -1000 -1000 -10 0.81
3 6 Pedestrian -1 -1 -1 266.54 151.46 295.82 222.24 -1 -1 -1 -1000 -1000 -1000 -10 0.79
3 10 Pedestrian -1 -1 -1 190.16 159.27 204.90 198.53 -1 -1 -1 -1000 -1000 -1000 -10 0.72
3 8 Pedestrian -1 -1 -1 229.90 153.87 257.03 220.57 -1 -1 -1 -1000 -1000 -1000 -10 0.72
3 7 Pedestrian -1 -1 -1 447.68 156.15 489.34 253.46 -1 -1 -1 -1000 -1000 -1000 -10 0.72
3 12 Cyclist -1 -1 -1 567.78 164.64 584.50 208.42 -1 -1 -1 -1000 -1000 -1000 -10 0.66
3 15 Cyclist -1 -1 -1 350.81 161.25 373.52 191.00 -1 -1 -1 -1000 -1000 -1000 -10 0.51
3 16 Pedestrian -1 -1 -1 567.78 164.64 584.50 208.42 -1 -1 -1 -1000 -1000 -1000 -10 0.40
4 5 Cyclist -1 -1 -1 614.30 157.32 736.71 285.22 -1 -1 -1 -1000 -1000 -1000 -10 0.91
4 2 Car -1 -1 -1 1032.12 182.42 1158.05 232.28 -1 -1 -1 -1000 -1000 -1000 -10 0.89
4 3 Car -1 -1 -1 951.37 182.99 1069.86 231.83 -1 -1 -1 -1000 -1000 -1000 -10 0.88
4 4 Car -1 -1 -1 602.56 171.89 638.20 201.16 -1 -1 -1 -1000 -1000 -1000 -10 0.80
4 7 Pedestrian -1 -1 -1 440.30 158.36 480.48 251.29 -1 -1 -1 -1000 -1000 -1000 -10 0.74
4 6 Pedestrian -1 -1 -1 272.21 154.40 298.28 219.77 -1 -1 -1 -1000 -1000 -1000 -10 0.74
4 8 Pedestrian -1 -1 -1 237.44 153.32 264.04 219.72 -1 -1 -1 -1000 -1000 -1000 -10 0.74
4 12 Cyclist -1 -1 -1 567.66 165.50 584.16 206.74 -1 -1 -1 -1000 -1000 -1000 -10 0.72
4 1 Car -1 -1 -1 1090.03 186.71 1208.49 232.34 -1 -1 -1 -1000 -1000 -1000 -10 0.72
4 10 Pedestrian -1 -1 -1 190.10 159.23 205.03 198.70 -1 -1 -1 -1000 -1000 -1000 -10 0.70
4 15 Cyclist -1 -1 -1 350.31 161.06 373.43 190.93 -1 -1 -1 -1000 -1000 -1000 -10 0.62
4 17 Cyclist -1 -1 -1 1067.94 178.30 1223.73 326.15 -1 -1 -1 -1000 -1000 -1000 -10 0.50
4 18 Pedestrian -1 -1 -1 216.57 154.51 231.48 197.05 -1 -1 -1 -1000 -1000 -1000 -10 0.45
5 1 Car -1 -1 -1 1096.90 184.11 1218.00 235.52 -1 -1 -1 -1000 -1000 -1000 -10 0.92
5 3 Car -1 -1 -1 954.30 182.71 1067.82 231.59 -1 -1 -1 -1000 -1000 -1000 -10 0.91
5 5 Cyclist -1 -1 -1 570.04 164.29 687.45 279.17 -1 -1 -1 -1000 -1000 -1000 -10 0.90
5 17 Cyclist -1 -1 -1 986.56 177.46 1166.71 319.15 -1 -1 -1 -1000 -1000 -1000 -10 0.84
5 2 Car -1 -1 -1 1037.76 179.53 1153.40 234.00 -1 -1 -1 -1000 -1000 -1000 -10 0.80
5 7 Pedestrian -1 -1 -1 434.37 160.82 471.75 249.32 -1 -1 -1 -1000 -1000 -1000 -10 0.80
5 19 Car -1 -1 -1 450.83 171.31 486.96 194.55 -1 -1 -1 -1000 -1000 -1000 -10 0.74
5 10 Pedestrian -1 -1 -1 190.08 159.31 204.81 198.60 -1 -1 -1 -1000 -1000 -1000 -10 0.71
5 6 Pedestrian -1 -1 -1 271.26 151.41 299.70 220.87 -1 -1 -1 -1000 -1000 -1000 -10 0.69
5 8 Pedestrian -1 -1 -1 241.69 152.65 268.24 219.20 -1 -1 -1 -1000 -1000 -1000 -10 0.66
5 18 Pedestrian -1 -1 -1 216.99 154.33 232.27 197.65 -1 -1 -1 -1000 -1000 -1000 -10 0.66
5 4 Car -1 -1 -1 603.29 172.57 639.39 199.10 -1 -1 -1 -1000 -1000 -1000 -10 0.58
5 15 Cyclist -1 -1 -1 352.50 160.27 371.23 192.02 -1 -1 -1 -1000 -1000 -1000 -10 0.57
5 12 Cyclist -1 -1 -1 567.48 164.75 584.84 206.95 -1 -1 -1 -1000 -1000 -1000 -10 0.48
6 17 Cyclist -1 -1 -1 903.74 169.37 1080.55 318.31 -1 -1 -1 -1000 -1000 -1000 -10 0.92
6 5 Cyclist -1 -1 -1 523.83 164.25 636.09 278.05 -1 -1 -1 -1000 -1000 -1000 -10 0.90
6 1 Car -1 -1 -1 1098.26 184.60 1215.70 234.64 -1 -1 -1 -1000 -1000 -1000 -10 0.86
6 2 Car -1 -1 -1 1037.27 184.15 1153.12 233.97 -1 -1 -1 -1000 -1000 -1000 -10 0.84
6 4 Car -1 -1 -1 603.60 171.42 637.55 202.50 -1 -1 -1 -1000 -1000 -1000 -10 0.79
6 3 Car -1 -1 -1 956.86 182.14 1065.92 236.85 -1 -1 -1 -1000 -1000 -1000 -10 0.77
6 6 Pedestrian -1 -1 -1 274.94 152.48 302.18 220.02 -1 -1 -1 -1000 -1000 -1000 -10 0.75
6 10 Pedestrian -1 -1 -1 190.10 159.13 204.86 198.70 -1 -1 -1 -1000 -1000 -1000 -10 0.72
6 20 Cyclist -1 -1 -1 1022.94 183.13 1213.95 358.75 -1 -1 -1 -1000 -1000 -1000 -10 0.72
6 7 Pedestrian -1 -1 -1 424.19 157.23 460.50 248.83 -1 -1 -1 -1000 -1000 -1000 -10 0.70
6 18 Pedestrian -1 -1 -1 217.06 153.78 232.26 197.71 -1 -1 -1 -1000 -1000 -1000 -10 0.66
6 19 Car -1 -1 -1 454.06 172.17 485.21 193.67 -1 -1 -1 -1000 -1000 -1000 -10 0.63
6 8 Pedestrian -1 -1 -1 248.47 151.83 274.02 216.70 -1 -1 -1 -1000 -1000 -1000 -10 0.61
6 15 Cyclist -1 -1 -1 353.66 161.56 370.89 190.17 -1 -1 -1 -1000 -1000 -1000 -10 0.61
7 1 Car -1 -1 -1 1097.21 183.29 1218.02 236.50 -1 -1 -1 -1000 -1000 -1000 -10 0.94
7 5 Cyclist -1 -1 -1 483.55 163.63 590.40 272.05 -1 -1 -1 -1000 -1000 -1000 -10 0.91
7 17 Cyclist -1 -1 -1 839.77 168.70 984.23 305.38 -1 -1 -1 -1000 -1000 -1000 -10 0.90
7 2 Car -1 -1 -1 1037.07 182.93 1153.08 231.74 -1 -1 -1 -1000 -1000 -1000 -10 0.87
7 3 Car -1 -1 -1 956.89 183.26 1065.48 235.41 -1 -1 -1 -1000 -1000 -1000 -10 0.85
7 4 Car -1 -1 -1 602.82 171.75 638.21 202.03 -1 -1 -1 -1000 -1000 -1000 -10 0.83
7 20 Cyclist -1 -1 -1 924.75 178.53 1121.43 340.78 -1 -1 -1 -1000 -1000 -1000 -10 0.82
7 7 Pedestrian -1 -1 -1 413.65 158.08 454.75 248.57 -1 -1 -1 -1000 -1000 -1000 -10 0.78
7 10 Pedestrian -1 -1 -1 190.26 159.21 204.83 198.29 -1 -1 -1 -1000 -1000 -1000 -10 0.71
7 19 Car -1 -1 -1 460.31 172.96 485.30 193.58 -1 -1 -1 -1000 -1000 -1000 -10 0.71
7 8 Pedestrian -1 -1 -1 252.81 153.11 277.46 215.09 -1 -1 -1 -1000 -1000 -1000 -10 0.67
7 6 Pedestrian -1 -1 -1 274.99 152.06 303.24 219.26 -1 -1 -1 -1000 -1000 -1000 -10 0.66
7 18 Pedestrian -1 -1 -1 216.98 153.75 232.41 197.53 -1 -1 -1 -1000 -1000 -1000 -10 0.65
7 15 Cyclist -1 -1 -1 354.54 160.80 369.52 190.74 -1 -1 -1 -1000 -1000 -1000 -10 0.53
7 21 Cyclist -1 -1 -1 381.70 163.24 404.44 208.15 -1 -1 -1 -1000 -1000 -1000 -10 0.51
7 22 Cyclist -1 -1 -1 563.71 164.26 580.79 207.99 -1 -1 -1 -1000 -1000 -1000 -10 0.53
8 1 Car -1 -1 -1 1095.70 183.20 1218.48 236.38 -1 -1 -1 -1000 -1000 -1000 -10 0.95
8 5 Cyclist -1 -1 -1 443.29 166.85 546.78 267.53 -1 -1 -1 -1000 -1000 -1000 -10 0.91
8 17 Cyclist -1 -1 -1 770.85 167.14 908.65 306.11 -1 -1 -1 -1000 -1000 -1000 -10 0.91
8 2 Car -1 -1 -1 1033.36 182.12 1156.78 232.51 -1 -1 -1 -1000 -1000 -1000 -10 0.91
8 3 Car -1 -1 -1 953.37 183.30 1068.11 230.78 -1 -1 -1 -1000 -1000 -1000 -10 0.89
8 4 Car -1 -1 -1 602.98 171.61 637.81 202.03 -1 -1 -1 -1000 -1000 -1000 -10 0.81
8 7 Pedestrian -1 -1 -1 408.34 158.03 445.68 245.93 -1 -1 -1 -1000 -1000 -1000 -10 0.75
8 10 Pedestrian -1 -1 -1 190.03 159.19 204.77 198.27 -1 -1 -1 -1000 -1000 -1000 -10 0.72
8 8 Pedestrian -1 -1 -1 256.35 155.34 281.73 216.80 -1 -1 -1 -1000 -1000 -1000 -10 0.72
8 20 Cyclist -1 -1 -1 848.97 175.10 1006.17 328.97 -1 -1 -1 -1000 -1000 -1000 -10 0.72
8 18 Pedestrian -1 -1 -1 216.83 153.85 232.63 197.26 -1 -1 -1 -1000 -1000 -1000 -10 0.65
8 21 Cyclist -1 -1 -1 384.63 164.21 406.90 203.79 -1 -1 -1 -1000 -1000 -1000 -10 0.65
8 6 Pedestrian -1 -1 -1 279.17 152.02 306.97 218.98 -1 -1 -1 -1000 -1000 -1000 -10 0.57
8 19 Car -1 -1 -1 461.25 173.22 490.78 193.87 -1 -1 -1 -1000 -1000 -1000 -10 0.51
8 23 Pedestrian -1 -1 -1 357.72 160.47 367.66 190.73 -1 -1 -1 -1000 -1000 -1000 -10 0.46
8 24 Pedestrian -1 -1 -1 565.63 161.92 579.21 206.16 -1 -1 -1 -1000 -1000 -1000 -10 0.43
8 25 Cyclist -1 -1 -1 565.63 161.92 579.21 206.16 -1 -1 -1 -1000 -1000 -1000 -10 0.43
9 1 Car -1 -1 -1 1095.89 183.62 1218.37 236.16 -1 -1 -1 -1000 -1000 -1000 -10 0.95
9 2 Car -1 -1 -1 1033.31 182.84 1156.68 231.99 -1 -1 -1 -1000 -1000 -1000 -10 0.90
9 3 Car -1 -1 -1 951.08 182.41 1070.10 232.30 -1 -1 -1 -1000 -1000 -1000 -10 0.89
9 5 Cyclist -1 -1 -1 407.38 165.97 499.75 262.65 -1 -1 -1 -1000 -1000 -1000 -10 0.89
9 20 Cyclist -1 -1 -1 764.98 173.93 922.11 322.17 -1 -1 -1 -1000 -1000 -1000 -10 0.85
9 17 Cyclist -1 -1 -1 717.39 166.89 846.95 298.12 -1 -1 -1 -1000 -1000 -1000 -10 0.85
9 4 Car -1 -1 -1 602.71 171.62 637.98 202.19 -1 -1 -1 -1000 -1000 -1000 -10 0.79
9 10 Pedestrian -1 -1 -1 189.98 159.22 204.91 198.39 -1 -1 -1 -1000 -1000 -1000 -10 0.71
9 18 Pedestrian -1 -1 -1 219.00 154.19 234.37 196.60 -1 -1 -1 -1000 -1000 -1000 -10 0.70
9 7 Pedestrian -1 -1 -1 399.82 159.95 438.02 244.51 -1 -1 -1 -1000 -1000 -1000 -10 0.70
9 19 Car -1 -1 -1 455.94 172.55 487.34 193.08 -1 -1 -1 -1000 -1000 -1000 -10 0.66
9 6 Pedestrian -1 -1 -1 283.49 153.74 310.36 218.25 -1 -1 -1 -1000 -1000 -1000 -10 0.64
9 26 Pedestrian -1 -1 -1 345.80 160.75 355.09 190.80 -1 -1 -1 -1000 -1000 -1000 -10 0.61
9 8 Pedestrian -1 -1 -1 262.68 153.59 285.34 214.98 -1 -1 -1 -1000 -1000 -1000 -10 0.57
9 21 Cyclist -1 -1 -1 387.28 163.11 410.47 203.73 -1 -1 -1 -1000 -1000 -1000 -10 0.57
9 24 Pedestrian -1 -1 -1 567.08 164.43 578.12 203.78 -1 -1 -1 -1000 -1000 -1000 -10 0.52
9 23 Pedestrian -1 -1 -1 358.16 160.22 367.11 189.85 -1 -1 -1 -1000 -1000 -1000 -10 0.45
9 27 Cyclist -1 -1 -1 345.80 160.75 355.09 190.80 -1 -1 -1 -1000 -1000 -1000 -10 0.43
10 1 Car -1 -1 -1 1095.24 183.61 1218.45 236.61 -1 -1 -1 -1000 -1000 -1000 -10 0.95
10 3 Car -1 -1 -1 951.58 182.45 1069.75 232.30 -1 -1 -1 -1000 -1000 -1000 -10 0.90
10 2 Car -1 -1 -1 1033.23 182.96 1156.73 231.79 -1 -1 -1 -1000 -1000 -1000 -10 0.90
10 5 Cyclist -1 -1 -1 368.47 161.28 468.00 259.96 -1 -1 -1 -1000 -1000 -1000 -10 0.90
10 20 Cyclist -1 -1 -1 701.81 175.04 847.43 313.29 -1 -1 -1 -1000 -1000 -1000 -10 0.87
10 17 Cyclist -1 -1 -1 672.31 166.34 784.34 292.30 -1 -1 -1 -1000 -1000 -1000 -10 0.82
10 4 Car -1 -1 -1 603.38 171.92 637.56 201.93 -1 -1 -1 -1000 -1000 -1000 -10 0.81
10 19 Car -1 -1 -1 458.25 172.85 486.58 193.74 -1 -1 -1 -1000 -1000 -1000 -10 0.72
10 18 Pedestrian -1 -1 -1 218.92 153.50 235.02 197.13 -1 -1 -1 -1000 -1000 -1000 -10 0.71
10 10 Pedestrian -1 -1 -1 189.81 159.29 204.70 198.10 -1 -1 -1 -1000 -1000 -1000 -10 0.71
10 24 Pedestrian -1 -1 -1 569.41 165.65 580.33 201.75 -1 -1 -1 -1000 -1000 -1000 -10 0.65
10 6 Pedestrian -1 -1 -1 288.93 153.54 311.96 214.68 -1 -1 -1 -1000 -1000 -1000 -10 0.65
10 26 Pedestrian -1 -1 -1 346.43 160.23 355.12 190.70 -1 -1 -1 -1000 -1000 -1000 -10 0.64
10 8 Pedestrian -1 -1 -1 265.48 156.81 288.98 214.17 -1 -1 -1 -1000 -1000 -1000 -10 0.62
10 23 Pedestrian -1 -1 -1 358.49 160.36 366.87 191.14 -1 -1 -1 -1000 -1000 -1000 -10 0.55
11 1 Car -1 -1 -1 1095.15 183.68 1218.21 236.57 -1 -1 -1 -1000 -1000 -1000 -10 0.95
11 5 Cyclist -1 -1 -1 339.34 163.19 428.32 257.64 -1 -1 -1 -1000 -1000 -1000 -10 0.91
11 3 Car -1 -1 -1 951.66 182.64 1069.69 232.13 -1 -1 -1 -1000 -1000 -1000 -10 0.90
11 20 Cyclist -1 -1 -1 638.65 167.07 779.81 305.79 -1 -1 -1 -1000 -1000 -1000 -10 0.90
11 2 Car -1 -1 -1 1032.85 182.87 1157.09 231.97 -1 -1 -1 -1000 -1000 -1000 -10 0.89
11 4 Car -1 -1 -1 602.62 171.80 638.69 202.33 -1 -1 -1 -1000 -1000 -1000 -10 0.84
11 19 Car -1 -1 -1 459.57 172.82 486.55 193.75 -1 -1 -1 -1000 -1000 -1000 -10 0.73
11 10 Pedestrian -1 -1 -1 189.77 159.15 204.74 198.15 -1 -1 -1 -1000 -1000 -1000 -10 0.69
11 6 Pedestrian -1 -1 -1 292.41 152.96 315.72 215.29 -1 -1 -1 -1000 -1000 -1000 -10 0.69
11 18 Pedestrian -1 -1 -1 218.38 152.84 235.71 197.58 -1 -1 -1 -1000 -1000 -1000 -10 0.68
11 8 Pedestrian -1 -1 -1 269.70 155.16 292.05 213.04 -1 -1 -1 -1000 -1000 -1000 -10 0.64
11 24 Pedestrian -1 -1 -1 569.41 166.12 580.33 200.14 -1 -1 -1 -1000 -1000 -1000 -10 0.60
11 26 Pedestrian -1 -1 -1 346.59 160.01 355.26 190.47 -1 -1 -1 -1000 -1000 -1000 -10 0.58
11 23 Pedestrian -1 -1 -1 358.09 160.70 367.22 190.76 -1 -1 -1 -1000 -1000 -1000 -10 0.45
12 1 Car -1 -1 -1 1095.28 183.65 1218.67 236.38 -1 -1 -1 -1000 -1000 -1000 -10 0.95
12 5 Cyclist -1 -1 -1 309.95 164.76 396.05 254.54 -1 -1 -1 -1000 -1000 -1000 -10 0.91
12 20 Cyclist -1 -1 -1 586.19 170.54 717.40 294.73 -1 -1 -1 -1000 -1000 -1000 -10 0.90
12 2 Car -1 -1 -1 1033.07 182.75 1156.94 232.08 -1 -1 -1 -1000 -1000 -1000 -10 0.90
12 3 Car -1 -1 -1 951.47 182.41 1069.78 232.38 -1 -1 -1 -1000 -1000 -1000 -10 0.88
12 4 Car -1 -1 -1 601.52 172.56 639.94 201.15 -1 -1 -1 -1000 -1000 -1000 -10 0.81
12 19 Car -1 -1 -1 459.20 172.85 486.81 193.40 -1 -1 -1 -1000 -1000 -1000 -10 0.72
12 28 Pedestrian -1 -1 -1 377.18 159.69 414.41 242.93 -1 -1 -1 -1000 -1000 -1000 -10 0.71
12 10 Pedestrian -1 -1 -1 189.64 159.22 204.64 198.03 -1 -1 -1 -1000 -1000 -1000 -10 0.70
12 18 Pedestrian -1 -1 -1 218.37 152.92 235.34 197.24 -1 -1 -1 -1000 -1000 -1000 -10 0.67
12 8 Pedestrian -1 -1 -1 272.09 156.19 291.49 212.22 -1 -1 -1 -1000 -1000 -1000 -10 0.56
12 24 Pedestrian -1 -1 -1 569.13 166.08 580.65 200.48 -1 -1 -1 -1000 -1000 -1000 -10 0.56
12 6 Pedestrian -1 -1 -1 293.01 154.53 315.40 214.36 -1 -1 -1 -1000 -1000 -1000 -10 0.52
13 1 Car -1 -1 -1 1094.88 183.47 1218.36 236.65 -1 -1 -1 -1000 -1000 -1000 -10 0.95
13 5 Cyclist -1 -1 -1 281.70 159.25 363.29 252.23 -1 -1 -1 -1000 -1000 -1000 -10 0.90
13 20 Cyclist -1 -1 -1 543.46 170.05 660.41 288.01 -1 -1 -1 -1000 -1000 -1000 -10 0.90
13 2 Car -1 -1 -1 1032.73 182.78 1157.25 232.01 -1 -1 -1 -1000 -1000 -1000 -10 0.90
13 3 Car -1 -1 -1 951.64 182.40 1069.69 232.39 -1 -1 -1 -1000 -1000 -1000 -10 0.89
13 4 Car -1 -1 -1 602.82 172.08 638.09 201.21 -1 -1 -1 -1000 -1000 -1000 -10 0.75
13 19 Car -1 -1 -1 459.61 172.89 486.71 193.20 -1 -1 -1 -1000 -1000 -1000 -10 0.71
13 10 Pedestrian -1 -1 -1 189.60 159.18 204.54 198.28 -1 -1 -1 -1000 -1000 -1000 -10 0.69
13 28 Pedestrian -1 -1 -1 371.25 158.07 404.77 241.37 -1 -1 -1 -1000 -1000 -1000 -10 0.67
13 18 Pedestrian -1 -1 -1 218.38 153.13 235.25 197.73 -1 -1 -1 -1000 -1000 -1000 -10 0.65
13 8 Pedestrian -1 -1 -1 276.06 156.50 294.95 212.19 -1 -1 -1 -1000 -1000 -1000 -10 0.52
13 6 Pedestrian -1 -1 -1 301.03 153.63 322.85 212.91 -1 -1 -1 -1000 -1000 -1000 -10 0.50
13 24 Pedestrian -1 -1 -1 569.27 167.54 581.02 199.36 -1 -1 -1 -1000 -1000 -1000 -10 0.48
14 1 Car -1 -1 -1 1095.22 183.61 1218.48 236.52 -1 -1 -1 -1000 -1000 -1000 -10 0.95
14 3 Car -1 -1 -1 951.35 182.42 1069.94 232.37 -1 -1 -1 -1000 -1000 -1000 -10 0.89
14 2 Car -1 -1 -1 1032.74 182.99 1157.06 231.85 -1 -1 -1 -1000 -1000 -1000 -10 0.88
14 20 Cyclist -1 -1 -1 499.72 172.30 606.08 284.37 -1 -1 -1 -1000 -1000 -1000 -10 0.86
14 5 Cyclist -1 -1 -1 257.61 157.58 334.55 248.67 -1 -1 -1 -1000 -1000 -1000 -10 0.85
14 4 Car -1 -1 -1 602.70 171.62 638.14 201.88 -1 -1 -1 -1000 -1000 -1000 -10 0.82
14 19 Car -1 -1 -1 459.02 172.54 487.35 193.11 -1 -1 -1 -1000 -1000 -1000 -10 0.71
14 28 Pedestrian -1 -1 -1 366.32 159.64 401.04 239.50 -1 -1 -1 -1000 -1000 -1000 -10 0.71
14 10 Pedestrian -1 -1 -1 189.42 159.15 204.40 197.88 -1 -1 -1 -1000 -1000 -1000 -10 0.70
14 18 Pedestrian -1 -1 -1 218.25 152.96 235.34 197.29 -1 -1 -1 -1000 -1000 -1000 -10 0.67
14 8 Pedestrian -1 -1 -1 306.69 156.88 324.96 210.91 -1 -1 -1 -1000 -1000 -1000 -10 0.48
14 32 Pedestrian -1 -1 -1 278.88 157.53 298.01 207.48 -1 -1 -1 -1000 -1000 -1000 -10 0.47
14 33 Pedestrian -1 -1 -1 569.69 168.88 581.23 197.56 -1 -1 -1 -1000 -1000 -1000 -10 0.45
15 1 Car -1 -1 -1 1095.10 183.56 1218.44 236.73 -1 -1 -1 -1000 -1000 -1000 -10 0.95
15 20 Cyclist -1 -1 -1 456.35 172.17 564.89 277.97 -1 -1 -1 -1000 -1000 -1000 -10 0.92
15 2 Car -1 -1 -1 1032.98 182.87 1157.35 231.98 -1 -1 -1 -1000 -1000 -1000 -10 0.91
15 5 Cyclist -1 -1 -1 232.04 159.72 308.36 244.83 -1 -1 -1 -1000 -1000 -1000 -10 0.90
15 3 Car -1 -1 -1 951.24 182.50 1070.06 232.34 -1 -1 -1 -1000 -1000 -1000 -10 0.88
15 28 Pedestrian -1 -1 -1 361.85 161.42 391.11 235.58 -1 -1 -1 -1000 -1000 -1000 -10 0.81
15 4 Car -1 -1 -1 602.76 171.56 638.03 202.30 -1 -1 -1 -1000 -1000 -1000 -10 0.80
15 10 Pedestrian -1 -1 -1 189.06 159.50 203.88 198.04 -1 -1 -1 -1000 -1000 -1000 -10 0.71
15 18 Pedestrian -1 -1 -1 218.90 153.89 235.04 197.48 -1 -1 -1 -1000 -1000 -1000 -10 0.67
15 8 Pedestrian -1 -1 -1 305.71 155.21 325.89 213.10 -1 -1 -1 -1000 -1000 -1000 -10 0.65
15 19 Car -1 -1 -1 460.06 173.09 487.00 192.41 -1 -1 -1 -1000 -1000 -1000 -10 0.57
15 33 Pedestrian -1 -1 -1 569.89 167.22 582.40 197.87 -1 -1 -1 -1000 -1000 -1000 -10 0.48
15 34 Cyclist -1 -1 -1 569.89 167.22 582.40 197.87 -1 -1 -1 -1000 -1000 -1000 -10 0.45
16 1 Car -1 -1 -1 1095.47 183.63 1218.60 236.57 -1 -1 -1 -1000 -1000 -1000 -10 0.95
16 2 Car -1 -1 -1 1032.87 182.79 1157.14 232.03 -1 -1 -1 -1000 -1000 -1000 -10 0.90
16 3 Car -1 -1 -1 951.50 182.42 1069.82 232.40 -1 -1 -1 -1000 -1000 -1000 -10 0.89
16 5 Cyclist -1 -1 -1 216.36 161.76 286.31 240.70 -1 -1 -1 -1000 -1000 -1000 -10 0.84
16 20 Cyclist -1 -1 -1 417.84 176.41 512.27 273.38 -1 -1 -1 -1000 -1000 -1000 -10 0.82
16 4 Car -1 -1 -1 602.61 171.76 638.21 202.60 -1 -1 -1 -1000 -1000 -1000 -10 0.79
16 28 Pedestrian -1 -1 -1 356.40 159.59 387.80 236.93 -1 -1 -1 -1000 -1000 -1000 -10 0.77
16 35 Pedestrian -1 -1 -1 286.96 157.48 304.80 207.90 -1 -1 -1 -1000 -1000 -1000 -10 0.74
16 10 Pedestrian -1 -1 -1 189.04 159.70 203.92 197.96 -1 -1 -1 -1000 -1000 -1000 -10 0.71
16 18 Pedestrian -1 -1 -1 219.82 155.08 234.13 196.38 -1 -1 -1 -1000 -1000 -1000 -10 0.69
16 8 Pedestrian -1 -1 -1 304.13 153.88 326.50 211.78 -1 -1 -1 -1000 -1000 -1000 -10 0.65
16 19 Car -1 -1 -1 461.14 173.31 492.13 193.11 -1 -1 -1 -1000 -1000 -1000 -10 0.54
16 33 Pedestrian -1 -1 -1 571.04 168.22 581.10 196.74 -1 -1 -1 -1000 -1000 -1000 -10 0.45
16 34 Cyclist -1 -1 -1 571.04 168.22 581.10 196.74 -1 -1 -1 -1000 -1000 -1000 -10 0.44
17 1 Car -1 -1 -1 1095.51 183.57 1218.40 236.64 -1 -1 -1 -1000 -1000 -1000 -10 0.95
17 2 Car -1 -1 -1 1032.86 182.85 1156.95 232.01 -1 -1 -1 -1000 -1000 -1000 -10 0.88
17 3 Car -1 -1 -1 951.59 182.40 1069.65 232.43 -1 -1 -1 -1000 -1000 -1000 -10 0.88
17 20 Cyclist -1 -1 -1 380.72 173.02 471.73 269.81 -1 -1 -1 -1000 -1000 -1000 -10 0.84
17 5 Cyclist -1 -1 -1 210.09 161.00 266.50 236.27 -1 -1 -1 -1000 -1000 -1000 -10 0.81
17 4 Car -1 -1 -1 602.75 171.70 638.19 202.53 -1 -1 -1 -1000 -1000 -1000 -10 0.80
17 28 Pedestrian -1 -1 -1 350.32 158.57 381.20 237.19 -1 -1 -1 -1000 -1000 -1000 -10 0.76
17 18 Pedestrian -1 -1 -1 219.71 154.46 234.10 196.38 -1 -1 -1 -1000 -1000 -1000 -10 0.73
17 19 Car -1 -1 -1 458.60 173.52 486.72 193.17 -1 -1 -1 -1000 -1000 -1000 -10 0.73
17 8 Pedestrian -1 -1 -1 297.84 156.48 317.32 211.07 -1 -1 -1 -1000 -1000 -1000 -10 0.70
17 10 Pedestrian -1 -1 -1 188.84 159.11 204.03 198.36 -1 -1 -1 -1000 -1000 -1000 -10 0.69
17 35 Pedestrian -1 -1 -1 286.83 157.59 306.32 208.04 -1 -1 -1 -1000 -1000 -1000 -10 0.60
17 33 Pedestrian -1 -1 -1 571.31 167.33 581.18 196.51 -1 -1 -1 -1000 -1000 -1000 -10 0.52
17 36 Pedestrian -1 -1 -1 317.14 154.53 336.51 211.91 -1 -1 -1 -1000 -1000 -1000 -10 0.55
17 37 Cyclist -1 -1 -1 413.03 166.79 493.90 267.16 -1 -1 -1 -1000 -1000 -1000 -10 0.54
18 1 Car -1 -1 -1 1095.15 183.55 1218.44 236.61 -1 -1 -1 -1000 -1000 -1000 -10 0.95
18 2 Car -1 -1 -1 1032.83 182.82 1157.33 232.06 -1 -1 -1 -1000 -1000 -1000 -10 0.90
18 3 Car -1 -1 -1 951.57 182.41 1069.80 232.42 -1 -1 -1 -1000 -1000 -1000 -10 0.89
18 20 Cyclist -1 -1 -1 351.09 172.26 433.74 264.00 -1 -1 -1 -1000 -1000 -1000 -10 0.82
18 5 Cyclist -1 -1 -1 204.28 159.11 251.76 232.26 -1 -1 -1 -1000 -1000 -1000 -10 0.78
18 4 Car -1 -1 -1 602.43 171.70 638.31 202.47 -1 -1 -1 -1000 -1000 -1000 -10 0.78
18 37 Cyclist -1 -1 -1 377.45 166.80 460.72 261.68 -1 -1 -1 -1000 -1000 -1000 -10 0.77
18 36 Pedestrian -1 -1 -1 316.40 154.95 336.26 209.84 -1 -1 -1 -1000 -1000 -1000 -10 0.74
18 8 Pedestrian -1 -1 -1 295.50 158.80 312.42 209.34 -1 -1 -1 -1000 -1000 -1000 -10 0.73
18 19 Car -1 -1 -1 459.93 173.15 486.17 193.58 -1 -1 -1 -1000 -1000 -1000 -10 0.72
18 28 Pedestrian -1 -1 -1 345.60 158.43 375.95 236.78 -1 -1 -1 -1000 -1000 -1000 -10 0.71
18 10 Pedestrian -1 -1 -1 189.13 159.57 204.08 198.30 -1 -1 -1 -1000 -1000 -1000 -10 0.70
18 18 Pedestrian -1 -1 -1 218.37 156.51 231.85 197.03 -1 -1 -1 -1000 -1000 -1000 -10 0.47
18 33 Pedestrian -1 -1 -1 571.45 167.19 581.72 198.54 -1 -1 -1 -1000 -1000 -1000 -10 0.42
19 1 Car -1 -1 -1 1095.38 183.63 1218.44 236.50 -1 -1 -1 -1000 -1000 -1000 -10 0.95
19 3 Car -1 -1 -1 951.51 182.27 1069.91 232.53 -1 -1 -1 -1000 -1000 -1000 -10 0.89
19 2 Car -1 -1 -1 1032.60 182.84 1157.14 231.94 -1 -1 -1 -1000 -1000 -1000 -10 0.89
19 20 Cyclist -1 -1 -1 314.18 162.78 401.63 263.57 -1 -1 -1 -1000 -1000 -1000 -10 0.89
19 4 Car -1 -1 -1 602.40 171.63 638.46 202.68 -1 -1 -1 -1000 -1000 -1000 -10 0.79
19 37 Cyclist -1 -1 -1 349.09 164.94 427.94 254.47 -1 -1 -1 -1000 -1000 -1000 -10 0.75
19 8 Pedestrian -1 -1 -1 294.36 156.20 313.37 209.68 -1 -1 -1 -1000 -1000 -1000 -10 0.73
19 19 Car -1 -1 -1 459.94 172.96 486.39 193.67 -1 -1 -1 -1000 -1000 -1000 -10 0.72
19 5 Cyclist -1 -1 -1 204.43 160.40 241.89 228.37 -1 -1 -1 -1000 -1000 -1000 -10 0.70
19 10 Pedestrian -1 -1 -1 189.18 159.08 203.95 198.24 -1 -1 -1 -1000 -1000 -1000 -10 0.67
19 18 Pedestrian -1 -1 -1 214.98 155.91 232.37 202.17 -1 -1 -1 -1000 -1000 -1000 -10 0.62
19 36 Pedestrian -1 -1 -1 316.06 154.39 337.17 210.55 -1 -1 -1 -1000 -1000 -1000 -10 0.61
20 1 Car -1 -1 -1 1095.02 183.52 1218.30 236.49 -1 -1 -1 -1000 -1000 -1000 -10 0.95
20 3 Car -1 -1 -1 951.62 182.47 1069.66 232.29 -1 -1 -1 -1000 -1000 -1000 -10 0.88
20 37 Cyclist -1 -1 -1 320.13 158.90 401.76 252.16 -1 -1 -1 -1000 -1000 -1000 -10 0.88
20 2 Car -1 -1 -1 1032.73 182.88 1156.98 231.90 -1 -1 -1 -1000 -1000 -1000 -10 0.87
20 4 Car -1 -1 -1 602.63 171.64 638.34 202.58 -1 -1 -1 -1000 -1000 -1000 -10 0.80
20 20 Cyclist -1 -1 -1 290.37 162.35 370.89 258.19 -1 -1 -1 -1000 -1000 -1000 -10 0.80
20 18 Pedestrian -1 -1 -1 207.33 161.67 231.02 225.46 -1 -1 -1 -1000 -1000 -1000 -10 0.73
20 19 Car -1 -1 -1 459.04 172.90 486.52 193.44 -1 -1 -1 -1000 -1000 -1000 -10 0.73
20 10 Pedestrian -1 -1 -1 189.12 158.50 203.65 198.74 -1 -1 -1 -1000 -1000 -1000 -10 0.64
20 8 Pedestrian -1 -1 -1 298.97 158.79 316.93 206.74 -1 -1 -1 -1000 -1000 -1000 -10 0.63
20 39 Pedestrian -1 -1 -1 212.82 152.23 233.87 205.50 -1 -1 -1 -1000 -1000 -1000 -10 0.56
20 36 Pedestrian -1 -1 -1 318.92 157.16 335.94 208.47 -1 -1 -1 -1000 -1000 -1000 -10 0.54
21 1 Car -1 -1 -1 1095.20 183.58 1218.30 236.64 -1 -1 -1 -1000 -1000 -1000 -10 0.95
21 2 Car -1 -1 -1 1032.52 182.87 1157.35 231.96 -1 -1 -1 -1000 -1000 -1000 -10 0.89
21 3 Car -1 -1 -1 951.41 182.50 1069.88 232.32 -1 -1 -1 -1000 -1000 -1000 -10 0.88
21 4 Car -1 -1 -1 602.53 171.94 638.43 202.76 -1 -1 -1 -1000 -1000 -1000 -10 0.80
21 37 Cyclist -1 -1 -1 293.39 163.51 376.79 247.84 -1 -1 -1 -1000 -1000 -1000 -10 0.78
21 18 Pedestrian -1 -1 -1 203.60 160.18 227.40 223.45 -1 -1 -1 -1000 -1000 -1000 -10 0.76
21 19 Car -1 -1 -1 459.28 172.86 486.60 193.54 -1 -1 -1 -1000 -1000 -1000 -10 0.73
21 10 Pedestrian -1 -1 -1 189.47 158.80 203.40 198.71 -1 -1 -1 -1000 -1000 -1000 -10 0.67
21 20 Cyclist -1 -1 -1 263.82 166.59 345.01 254.08 -1 -1 -1 -1000 -1000 -1000 -10 0.59
21 36 Pedestrian -1 -1 -1 323.21 156.19 339.30 208.26 -1 -1 -1 -1000 -1000 -1000 -10 0.55
21 39 Pedestrian -1 -1 -1 211.76 151.16 235.04 206.19 -1 -1 -1 -1000 -1000 -1000 -10 0.54
21 40 Pedestrian -1 -1 -1 405.53 164.71 417.72 199.40 -1 -1 -1 -1000 -1000 -1000 -10 0.44
22 1 Car -1 -1 -1 1095.23 183.60 1218.33 236.69 -1 -1 -1 -1000 -1000 -1000 -10 0.95
22 2 Car -1 -1 -1 1032.67 182.80 1157.35 232.09 -1 -1 -1 -1000 -1000 -1000 -10 0.89
22 3 Car -1 -1 -1 951.53 182.40 1069.91 232.45 -1 -1 -1 -1000 -1000 -1000 -10 0.89
22 4 Car -1 -1 -1 602.84 171.82 638.30 202.52 -1 -1 -1 -1000 -1000 -1000 -10 0.81
22 18 Pedestrian -1 -1 -1 203.83 159.88 226.77 221.38 -1 -1 -1 -1000 -1000 -1000 -10 0.80
22 20 Cyclist -1 -1 -1 246.56 170.45 317.25 250.39 -1 -1 -1 -1000 -1000 -1000 -10 0.76
22 37 Cyclist -1 -1 -1 286.46 153.40 353.36 243.56 -1 -1 -1 -1000 -1000 -1000 -10 0.74
22 19 Car -1 -1 -1 459.01 172.84 486.95 193.43 -1 -1 -1 -1000 -1000 -1000 -10 0.72
22 10 Pedestrian -1 -1 -1 189.21 158.53 203.72 199.22 -1 -1 -1 -1000 -1000 -1000 -10 0.66
22 36 Pedestrian -1 -1 -1 322.20 155.57 339.25 209.23 -1 -1 -1 -1000 -1000 -1000 -10 0.59
22 40 Pedestrian -1 -1 -1 406.43 163.30 417.39 197.41 -1 -1 -1 -1000 -1000 -1000 -10 0.57
22 39 Pedestrian -1 -1 -1 212.37 150.63 235.15 206.33 -1 -1 -1 -1000 -1000 -1000 -10 0.50
22 41 Pedestrian -1 -1 -1 332.65 159.36 359.87 231.71 -1 -1 -1 -1000 -1000 -1000 -10 0.49
23 1 Car -1 -1 -1 1095.40 183.55 1218.60 236.58 -1 -1 -1 -1000 -1000 -1000 -10 0.95
23 2 Car -1 -1 -1 1032.80 182.89 1157.24 231.97 -1 -1 -1 -1000 -1000 -1000 -10 0.89
23 3 Car -1 -1 -1 951.21 182.34 1070.21 232.52 -1 -1 -1 -1000 -1000 -1000 -10 0.89
23 20 Cyclist -1 -1 -1 229.57 166.43 295.21 245.60 -1 -1 -1 -1000 -1000 -1000 -10 0.82
23 4 Car -1 -1 -1 603.02 171.96 637.99 202.37 -1 -1 -1 -1000 -1000 -1000 -10 0.81
23 18 Pedestrian -1 -1 -1 205.46 161.15 225.73 218.95 -1 -1 -1 -1000 -1000 -1000 -10 0.78
23 37 Cyclist -1 -1 -1 282.25 165.67 332.54 238.22 -1 -1 -1 -1000 -1000 -1000 -10 0.76
23 19 Car -1 -1 -1 458.92 172.96 486.75 193.55 -1 -1 -1 -1000 -1000 -1000 -10 0.73
23 41 Pedestrian -1 -1 -1 332.39 158.21 358.83 230.83 -1 -1 -1 -1000 -1000 -1000 -10 0.69
23 10 Pedestrian -1 -1 -1 189.72 159.50 203.93 198.49 -1 -1 -1 -1000 -1000 -1000 -10 0.67
23 39 Pedestrian -1 -1 -1 214.09 152.03 234.67 205.67 -1 -1 -1 -1000 -1000 -1000 -10 0.59
23 36 Pedestrian -1 -1 -1 320.61 156.15 341.23 209.01 -1 -1 -1 -1000 -1000 -1000 -10 0.59
23 42 Cyclist -1 -1 -1 675.47 167.91 695.92 212.37 -1 -1 -1 -1000 -1000 -1000 -10 0.48
23 40 Pedestrian -1 -1 -1 406.26 163.47 417.67 197.65 -1 -1 -1 -1000 -1000 -1000 -10 0.45
24 1 Car -1 -1 -1 1095.25 183.67 1218.47 236.60 -1 -1 -1 -1000 -1000 -1000 -10 0.95
24 3 Car -1 -1 -1 951.65 182.51 1069.85 232.28 -1 -1 -1 -1000 -1000 -1000 -10 0.90
24 2 Car -1 -1 -1 1032.58 182.78 1157.25 232.07 -1 -1 -1 -1000 -1000 -1000 -10 0.89
24 4 Car -1 -1 -1 602.74 172.01 638.09 202.47 -1 -1 -1 -1000 -1000 -1000 -10 0.79
24 19 Car -1 -1 -1 458.88 172.77 487.08 193.70 -1 -1 -1 -1000 -1000 -1000 -10 0.72
24 18 Pedestrian -1 -1 -1 208.13 158.12 230.09 215.85 -1 -1 -1 -1000 -1000 -1000 -10 0.68
24 10 Pedestrian -1 -1 -1 190.27 159.66 204.75 198.73 -1 -1 -1 -1000 -1000 -1000 -10 0.68
24 41 Pedestrian -1 -1 -1 330.55 156.93 355.60 230.69 -1 -1 -1 -1000 -1000 -1000 -10 0.67
24 37 Cyclist -1 -1 -1 276.58 167.71 315.29 234.92 -1 -1 -1 -1000 -1000 -1000 -10 0.67
24 20 Cyclist -1 -1 -1 222.59 164.56 272.00 241.16 -1 -1 -1 -1000 -1000 -1000 -10 0.65
24 43 Pedestrian -1 -1 -1 314.34 157.87 330.87 206.83 -1 -1 -1 -1000 -1000 -1000 -10 0.63
24 36 Pedestrian -1 -1 -1 322.89 158.71 338.37 206.38 -1 -1 -1 -1000 -1000 -1000 -10 0.54
24 40 Pedestrian -1 -1 -1 406.72 163.16 417.23 197.78 -1 -1 -1 -1000 -1000 -1000 -10 0.49
24 44 Pedestrian -1 -1 -1 676.95 168.50 694.96 211.04 -1 -1 -1 -1000 -1000 -1000 -10 0.48
25 1 Car -1 -1 -1 1095.38 183.57 1218.29 236.81 -1 -1 -1 -1000 -1000 -1000 -10 0.95
25 2 Car -1 -1 -1 1032.87 182.92 1157.06 231.91 -1 -1 -1 -1000 -1000 -1000 -10 0.89
25 3 Car -1 -1 -1 951.49 182.43 1069.88 232.36 -1 -1 -1 -1000 -1000 -1000 -10 0.89
25 4 Car -1 -1 -1 602.90 171.94 637.95 202.35 -1 -1 -1 -1000 -1000 -1000 -10 0.80
25 37 Cyclist -1 -1 -1 262.45 165.17 306.38 231.74 -1 -1 -1 -1000 -1000 -1000 -10 0.75
25 19 Car -1 -1 -1 458.87 172.77 486.81 193.54 -1 -1 -1 -1000 -1000 -1000 -10 0.73
25 10 Pedestrian -1 -1 -1 190.17 159.74 204.72 198.53 -1 -1 -1 -1000 -1000 -1000 -10 0.72
25 20 Cyclist -1 -1 -1 214.57 159.35 255.23 237.15 -1 -1 -1 -1000 -1000 -1000 -10 0.71
25 40 Pedestrian -1 -1 -1 409.22 162.55 420.42 197.97 -1 -1 -1 -1000 -1000 -1000 -10 0.65
25 41 Pedestrian -1 -1 -1 329.71 154.99 355.06 228.92 -1 -1 -1 -1000 -1000 -1000 -10 0.65
25 43 Pedestrian -1 -1 -1 314.71 159.17 331.01 205.52 -1 -1 -1 -1000 -1000 -1000 -10 0.62
25 44 Pedestrian -1 -1 -1 677.66 167.11 694.90 212.51 -1 -1 -1 -1000 -1000 -1000 -10 0.53
25 18 Pedestrian -1 -1 -1 214.05 155.50 239.64 211.83 -1 -1 -1 -1000 -1000 -1000 -10 0.45
26 1 Car -1 -1 -1 1095.32 183.65 1218.22 236.67 -1 -1 -1 -1000 -1000 -1000 -10 0.95
26 2 Car -1 -1 -1 1032.79 182.83 1157.26 232.05 -1 -1 -1 -1000 -1000 -1000 -10 0.90
26 3 Car -1 -1 -1 951.39 182.47 1070.00 232.39 -1 -1 -1 -1000 -1000 -1000 -10 0.89
26 4 Car -1 -1 -1 602.87 171.93 637.96 202.55 -1 -1 -1 -1000 -1000 -1000 -10 0.80
26 18 Pedestrian -1 -1 -1 213.90 156.02 248.87 232.20 -1 -1 -1 -1000 -1000 -1000 -10 0.74
26 41 Pedestrian -1 -1 -1 329.04 154.48 355.80 227.88 -1 -1 -1 -1000 -1000 -1000 -10 0.73
26 19 Car -1 -1 -1 458.68 172.89 487.32 193.44 -1 -1 -1 -1000 -1000 -1000 -10 0.72
26 10 Pedestrian -1 -1 -1 190.14 159.13 204.79 198.55 -1 -1 -1 -1000 -1000 -1000 -10 0.71
26 45 Pedestrian -1 -1 -1 261.47 159.45 294.52 229.50 -1 -1 -1 -1000 -1000 -1000 -10 0.70
26 40 Pedestrian -1 -1 -1 409.56 164.38 420.96 198.99 -1 -1 -1 -1000 -1000 -1000 -10 0.57
26 43 Pedestrian -1 -1 -1 314.40 157.21 330.72 204.09 -1 -1 -1 -1000 -1000 -1000 -10 0.55
26 44 Pedestrian -1 -1 -1 678.14 166.77 694.87 212.25 -1 -1 -1 -1000 -1000 -1000 -10 0.48
26 46 Pedestrian -1 -1 -1 218.10 153.38 237.94 204.33 -1 -1 -1 -1000 -1000 -1000 -10 0.70
27 1 Car -1 -1 -1 1095.34 183.63 1218.30 236.50 -1 -1 -1 -1000 -1000 -1000 -10 0.95
27 2 Car -1 -1 -1 1032.60 182.88 1157.34 231.94 -1 -1 -1 -1000 -1000 -1000 -10 0.89
27 3 Car -1 -1 -1 951.47 182.33 1069.95 232.53 -1 -1 -1 -1000 -1000 -1000 -10 0.89
27 4 Car -1 -1 -1 602.61 171.93 638.11 202.50 -1 -1 -1 -1000 -1000 -1000 -10 0.78
27 41 Pedestrian -1 -1 -1 329.92 157.35 355.23 225.49 -1 -1 -1 -1000 -1000 -1000 -10 0.73
27 19 Car -1 -1 -1 458.84 172.99 486.78 193.62 -1 -1 -1 -1000 -1000 -1000 -10 0.72
27 18 Pedestrian -1 -1 -1 214.89 159.23 241.03 229.27 -1 -1 -1 -1000 -1000 -1000 -10 0.71
27 45 Pedestrian -1 -1 -1 256.54 161.83 283.97 226.07 -1 -1 -1 -1000 -1000 -1000 -10 0.69
27 46 Pedestrian -1 -1 -1 218.26 154.33 237.67 204.92 -1 -1 -1 -1000 -1000 -1000 -10 0.69
27 10 Pedestrian -1 -1 -1 190.73 159.63 205.11 198.67 -1 -1 -1 -1000 -1000 -1000 -10 0.65
27 40 Pedestrian -1 -1 -1 409.94 162.55 421.36 197.85 -1 -1 -1 -1000 -1000 -1000 -10 0.61
27 43 Pedestrian -1 -1 -1 314.95 158.32 331.35 205.38 -1 -1 -1 -1000 -1000 -1000 -10 0.60
27 44 Pedestrian -1 -1 -1 678.84 168.07 695.76 211.32 -1 -1 -1 -1000 -1000 -1000 -10 0.49
28 1 Car -1 -1 -1 1095.19 183.58 1218.11 236.64 -1 -1 -1 -1000 -1000 -1000 -10 0.95
28 2 Car -1 -1 -1 1032.74 182.91 1157.28 231.90 -1 -1 -1 -1000 -1000 -1000 -10 0.89
28 3 Car -1 -1 -1 951.54 182.43 1069.87 232.42 -1 -1 -1 -1000 -1000 -1000 -10 0.89
28 4 Car -1 -1 -1 602.70 172.01 638.25 202.46 -1 -1 -1 -1000 -1000 -1000 -10 0.80
28 41 Pedestrian -1 -1 -1 330.18 158.34 354.75 223.57 -1 -1 -1 -1000 -1000 -1000 -10 0.75
28 45 Pedestrian -1 -1 -1 257.52 160.02 281.87 220.78 -1 -1 -1 -1000 -1000 -1000 -10 0.73
28 19 Car -1 -1 -1 458.69 172.84 486.90 193.45 -1 -1 -1 -1000 -1000 -1000 -10 0.72
28 10 Pedestrian -1 -1 -1 190.35 159.46 204.72 198.67 -1 -1 -1 -1000 -1000 -1000 -10 0.71
28 43 Pedestrian -1 -1 -1 314.69 158.90 331.42 206.07 -1 -1 -1 -1000 -1000 -1000 -10 0.69
28 46 Pedestrian -1 -1 -1 217.24 152.77 238.28 212.35 -1 -1 -1 -1000 -1000 -1000 -10 0.68
28 18 Pedestrian -1 -1 -1 214.77 157.04 238.89 225.34 -1 -1 -1 -1000 -1000 -1000 -10 0.66
28 47 Pedestrian -1 -1 -1 241.64 158.98 260.37 207.91 -1 -1 -1 -1000 -1000 -1000 -10 0.64
28 40 Pedestrian -1 -1 -1 409.90 162.78 421.26 197.72 -1 -1 -1 -1000 -1000 -1000 -10 0.60
28 44 Pedestrian -1 -1 -1 679.93 167.53 695.25 211.49 -1 -1 -1 -1000 -1000 -1000 -10 0.50
29 1 Car -1 -1 -1 1095.57 183.57 1218.22 236.56 -1 -1 -1 -1000 -1000 -1000 -10 0.95
29 2 Car -1 -1 -1 1032.67 182.98 1157.10 231.85 -1 -1 -1 -1000 -1000 -1000 -10 0.88
29 3 Car -1 -1 -1 951.41 182.56 1069.93 232.31 -1 -1 -1 -1000 -1000 -1000 -10 0.88
29 4 Car -1 -1 -1 602.84 172.01 637.96 202.65 -1 -1 -1 -1000 -1000 -1000 -10 0.79
29 10 Pedestrian -1 -1 -1 190.43 159.70 204.56 198.91 -1 -1 -1 -1000 -1000 -1000 -10 0.74
29 41 Pedestrian -1 -1 -1 330.19 157.08 355.41 224.18 -1 -1 -1 -1000 -1000 -1000 -10 0.73
29 19 Car -1 -1 -1 458.15 172.80 487.53 193.60 -1 -1 -1 -1000 -1000 -1000 -10 0.72
29 45 Pedestrian -1 -1 -1 259.11 160.77 281.89 219.08 -1 -1 -1 -1000 -1000 -1000 -10 0.66
29 18 Pedestrian -1 -1 -1 214.94 153.11 241.51 221.09 -1 -1 -1 -1000 -1000 -1000 -10 0.62
29 44 Pedestrian -1 -1 -1 682.10 167.52 697.11 211.55 -1 -1 -1 -1000 -1000 -1000 -10 0.55
29 43 Pedestrian -1 -1 -1 315.61 158.66 332.99 205.70 -1 -1 -1 -1000 -1000 -1000 -10 0.52
29 40 Pedestrian -1 -1 -1 409.57 163.98 421.90 196.98 -1 -1 -1 -1000 -1000 -1000 -10 0.46
29 47 Pedestrian -1 -1 -1 247.35 159.08 267.69 207.86 -1 -1 -1 -1000 -1000 -1000 -10 0.44
29 48 Cyclist -1 -1 -1 409.57 163.98 421.90 196.98 -1 -1 -1 -1000 -1000 -1000 -10 0.41
30 1 Car -1 -1 -1 1095.46 183.52 1218.40 236.50 -1 -1 -1 -1000 -1000 -1000 -10 0.95
30 2 Car -1 -1 -1 1032.66 182.97 1157.28 231.87 -1 -1 -1 -1000 -1000 -1000 -10 0.89
30 3 Car -1 -1 -1 951.48 182.44 1069.83 232.43 -1 -1 -1 -1000 -1000 -1000 -10 0.88
30 4 Car -1 -1 -1 602.92 171.97 638.04 202.53 -1 -1 -1 -1000 -1000 -1000 -10 0.80
30 19 Car -1 -1 -1 458.27 172.73 487.26 193.85 -1 -1 -1 -1000 -1000 -1000 -10 0.72
30 41 Pedestrian -1 -1 -1 330.56 157.33 355.37 223.79 -1 -1 -1 -1000 -1000 -1000 -10 0.72
30 10 Pedestrian -1 -1 -1 190.69 160.01 204.61 199.07 -1 -1 -1 -1000 -1000 -1000 -10 0.71
30 45 Pedestrian -1 -1 -1 259.21 162.04 281.24 217.59 -1 -1 -1 -1000 -1000 -1000 -10 0.66
30 18 Pedestrian -1 -1 -1 219.06 157.36 245.01 223.58 -1 -1 -1 -1000 -1000 -1000 -10 0.65
30 43 Pedestrian -1 -1 -1 318.10 160.38 335.40 205.33 -1 -1 -1 -1000 -1000 -1000 -10 0.60
30 44 Pedestrian -1 -1 -1 683.61 167.13 699.23 211.93 -1 -1 -1 -1000 -1000 -1000 -10 0.51
30 40 Pedestrian -1 -1 -1 410.28 163.92 421.49 196.89 -1 -1 -1 -1000 -1000 -1000 -10 0.46
31 1 Car -1 -1 -1 1094.22 183.56 1218.73 237.31 -1 -1 -1 -1000 -1000 -1000 -10 0.90
31 3 Car -1 -1 -1 951.39 182.57 1069.99 232.30 -1 -1 -1 -1000 -1000 -1000 -10 0.89
31 2 Car -1 -1 -1 1032.07 183.17 1157.75 231.78 -1 -1 -1 -1000 -1000 -1000 -10 0.86
31 4 Car -1 -1 -1 602.96 172.02 638.07 202.54 -1 -1 -1 -1000 -1000 -1000 -10 0.80
31 18 Pedestrian -1 -1 -1 222.67 154.70 246.92 219.48 -1 -1 -1 -1000 -1000 -1000 -10 0.76
31 19 Car -1 -1 -1 458.53 172.80 486.97 193.83 -1 -1 -1 -1000 -1000 -1000 -10 0.73
31 41 Pedestrian -1 -1 -1 330.92 158.07 355.04 222.10 -1 -1 -1 -1000 -1000 -1000 -10 0.71
31 10 Pedestrian -1 -1 -1 190.25 159.03 204.92 198.91 -1 -1 -1 -1000 -1000 -1000 -10 0.71
31 45 Pedestrian -1 -1 -1 257.92 160.44 282.69 214.14 -1 -1 -1 -1000 -1000 -1000 -10 0.66
31 44 Pedestrian -1 -1 -1 685.53 168.18 701.33 212.35 -1 -1 -1 -1000 -1000 -1000 -10 0.64
31 43 Pedestrian -1 -1 -1 320.28 160.44 335.48 203.13 -1 -1 -1 -1000 -1000 -1000 -10 0.47
31 40 Pedestrian -1 -1 -1 410.85 164.77 421.30 198.58 -1 -1 -1 -1000 -1000 -1000 -10 0.44
32 3 Car -1 -1 -1 951.27 182.90 1070.11 231.92 -1 -1 -1 -1000 -1000 -1000 -10 0.89
32 2 Car -1 -1 -1 1030.52 182.73 1159.61 232.17 -1 -1 -1 -1000 -1000 -1000 -10 0.88
32 1 Car -1 -1 -1 1099.17 184.46 1214.94 236.80 -1 -1 -1 -1000 -1000 -1000 -10 0.86
32 4 Car -1 -1 -1 603.13 172.04 638.12 202.57 -1 -1 -1 -1000 -1000 -1000 -10 0.81
32 19 Car -1 -1 -1 459.13 172.72 486.89 193.54 -1 -1 -1 -1000 -1000 -1000 -10 0.73
32 41 Pedestrian -1 -1 -1 331.15 159.07 354.97 220.49 -1 -1 -1 -1000 -1000 -1000 -10 0.70
32 45 Pedestrian -1 -1 -1 261.73 160.43 284.33 212.55 -1 -1 -1 -1000 -1000 -1000 -10 0.69
32 10 Pedestrian -1 -1 -1 190.43 158.80 204.86 198.46 -1 -1 -1 -1000 -1000 -1000 -10 0.68
32 50 Pedestrian -1 -1 -1 1130.84 150.83 1213.92 331.19 -1 -1 -1 -1000 -1000 -1000 -10 0.67
32 18 Pedestrian -1 -1 -1 224.09 154.96 247.74 217.50 -1 -1 -1 -1000 -1000 -1000 -10 0.66
32 44 Pedestrian -1 -1 -1 686.87 167.26 702.26 212.46 -1 -1 -1 -1000 -1000 -1000 -10 0.61
32 40 Pedestrian -1 -1 -1 412.38 164.74 424.00 198.62 -1 -1 -1 -1000 -1000 -1000 -10 0.53
32 51 Pedestrian -1 -1 -1 279.83 159.95 297.34 205.13 -1 -1 -1 -1000 -1000 -1000 -10 0.56
33 3 Car -1 -1 -1 950.95 182.77 1070.25 232.00 -1 -1 -1 -1000 -1000 -1000 -10 0.88
33 1 Car -1 -1 -1 1086.07 181.50 1220.78 239.58 -1 -1 -1 -1000 -1000 -1000 -10 0.84
33 2 Car -1 -1 -1 1030.50 182.79 1154.72 231.88 -1 -1 -1 -1000 -1000 -1000 -10 0.79
33 4 Car -1 -1 -1 602.96 172.11 637.95 202.53 -1 -1 -1 -1000 -1000 -1000 -10 0.79
33 50 Pedestrian -1 -1 -1 1092.33 151.05 1183.78 329.50 -1 -1 -1 -1000 -1000 -1000 -10 0.73
33 19 Car -1 -1 -1 459.12 172.86 486.80 193.50 -1 -1 -1 -1000 -1000 -1000 -10 0.72
33 10 Pedestrian -1 -1 -1 190.10 158.76 205.01 198.15 -1 -1 -1 -1000 -1000 -1000 -10 0.67
33 41 Pedestrian -1 -1 -1 331.78 159.78 354.26 219.58 -1 -1 -1 -1000 -1000 -1000 -10 0.67
33 45 Pedestrian -1 -1 -1 263.67 160.92 283.25 210.60 -1 -1 -1 -1000 -1000 -1000 -10 0.64
33 40 Pedestrian -1 -1 -1 413.63 163.73 423.55 197.17 -1 -1 -1 -1000 -1000 -1000 -10 0.63
33 18 Pedestrian -1 -1 -1 227.62 158.50 250.88 214.67 -1 -1 -1 -1000 -1000 -1000 -10 0.62
33 51 Pedestrian -1 -1 -1 282.85 160.28 300.89 205.08 -1 -1 -1 -1000 -1000 -1000 -10 0.61
33 44 Pedestrian -1 -1 -1 688.87 166.98 704.88 213.41 -1 -1 -1 -1000 -1000 -1000 -10 0.52
34 1 Car -1 -1 -1 1088.28 183.06 1219.54 237.13 -1 -1 -1 -1000 -1000 -1000 -10 0.90
34 3 Car -1 -1 -1 950.96 182.69 1070.43 232.00 -1 -1 -1 -1000 -1000 -1000 -10 0.89
34 2 Car -1 -1 -1 1035.52 181.34 1154.95 232.00 -1 -1 -1 -1000 -1000 -1000 -10 0.86
34 50 Pedestrian -1 -1 -1 1057.62 153.83 1149.58 319.60 -1 -1 -1 -1000 -1000 -1000 -10 0.80
34 4 Car -1 -1 -1 602.96 172.09 638.08 202.64 -1 -1 -1 -1000 -1000 -1000 -10 0.80
34 19 Car -1 -1 -1 459.23 172.86 486.68 193.46 -1 -1 -1 -1000 -1000 -1000 -10 0.73
34 41 Pedestrian -1 -1 -1 330.89 155.46 354.75 220.15 -1 -1 -1 -1000 -1000 -1000 -10 0.70
34 10 Pedestrian -1 -1 -1 189.99 158.33 205.11 198.57 -1 -1 -1 -1000 -1000 -1000 -10 0.67
34 45 Pedestrian -1 -1 -1 263.74 158.64 284.10 208.72 -1 -1 -1 -1000 -1000 -1000 -10 0.67
34 40 Pedestrian -1 -1 -1 413.68 163.91 423.37 197.06 -1 -1 -1 -1000 -1000 -1000 -10 0.63
34 18 Pedestrian -1 -1 -1 234.84 159.20 257.71 212.81 -1 -1 -1 -1000 -1000 -1000 -10 0.62
34 44 Pedestrian -1 -1 -1 689.80 167.95 706.12 213.62 -1 -1 -1 -1000 -1000 -1000 -10 0.58
34 51 Pedestrian -1 -1 -1 287.08 159.69 305.42 204.35 -1 -1 -1 -1000 -1000 -1000 -10 0.52
35 1 Car -1 -1 -1 1093.47 184.54 1219.60 236.03 -1 -1 -1 -1000 -1000 -1000 -10 0.93
35 3 Car -1 -1 -1 952.13 183.29 1064.36 230.97 -1 -1 -1 -1000 -1000 -1000 -10 0.91
35 2 Car -1 -1 -1 1023.71 180.81 1153.23 236.32 -1 -1 -1 -1000 -1000 -1000 -10 0.87
35 4 Car -1 -1 -1 602.75 172.11 638.16 202.64 -1 -1 -1 -1000 -1000 -1000 -10 0.79
35 19 Car -1 -1 -1 459.31 172.78 486.60 193.74 -1 -1 -1 -1000 -1000 -1000 -10 0.73
35 50 Pedestrian -1 -1 -1 1026.42 149.76 1104.29 317.26 -1 -1 -1 -1000 -1000 -1000 -10 0.68
35 10 Pedestrian -1 -1 -1 190.34 159.01 204.78 198.59 -1 -1 -1 -1000 -1000 -1000 -10 0.68
35 44 Pedestrian -1 -1 -1 690.34 169.04 705.38 212.64 -1 -1 -1 -1000 -1000 -1000 -10 0.67
35 40 Pedestrian -1 -1 -1 413.99 164.94 423.26 195.75 -1 -1 -1 -1000 -1000 -1000 -10 0.64
35 41 Pedestrian -1 -1 -1 334.77 160.13 356.18 219.01 -1 -1 -1 -1000 -1000 -1000 -10 0.63
35 45 Pedestrian -1 -1 -1 268.01 159.87 287.54 207.47 -1 -1 -1 -1000 -1000 -1000 -10 0.58
35 18 Pedestrian -1 -1 -1 243.19 159.06 264.46 209.41 -1 -1 -1 -1000 -1000 -1000 -10 0.54
35 51 Pedestrian -1 -1 -1 295.14 160.63 312.85 203.08 -1 -1 -1 -1000 -1000 -1000 -10 0.52
36 1 Car -1 -1 -1 1094.98 183.76 1218.92 236.04 -1 -1 -1 -1000 -1000 -1000 -10 0.94
36 3 Car -1 -1 -1 954.74 180.30 1068.55 232.39 -1 -1 -1 -1000 -1000 -1000 -10 0.89
36 2 Car -1 -1 -1 1029.28 181.91 1154.63 232.95 -1 -1 -1 -1000 -1000 -1000 -10 0.88
36 4 Car -1 -1 -1 602.96 171.92 637.97 202.53 -1 -1 -1 -1000 -1000 -1000 -10 0.80
36 50 Pedestrian -1 -1 -1 979.02 154.79 1067.35 310.67 -1 -1 -1 -1000 -1000 -1000 -10 0.74
36 19 Car -1 -1 -1 459.23 172.89 486.67 193.47 -1 -1 -1 -1000 -1000 -1000 -10 0.72
36 10 Pedestrian -1 -1 -1 190.33 159.05 204.78 198.26 -1 -1 -1 -1000 -1000 -1000 -10 0.70
36 18 Pedestrian -1 -1 -1 248.37 158.11 268.42 207.56 -1 -1 -1 -1000 -1000 -1000 -10 0.67
36 45 Pedestrian -1 -1 -1 272.78 159.67 290.53 206.14 -1 -1 -1 -1000 -1000 -1000 -10 0.66
36 51 Pedestrian -1 -1 -1 300.72 162.45 316.12 202.25 -1 -1 -1 -1000 -1000 -1000 -10 0.64
36 41 Pedestrian -1 -1 -1 335.35 157.56 356.97 218.66 -1 -1 -1 -1000 -1000 -1000 -10 0.64
36 40 Pedestrian -1 -1 -1 413.49 164.20 423.38 196.96 -1 -1 -1 -1000 -1000 -1000 -10 0.61
36 44 Pedestrian -1 -1 -1 691.10 167.76 706.84 213.50 -1 -1 -1 -1000 -1000 -1000 -10 0.61
37 1 Car -1 -1 -1 1095.81 183.57 1218.13 236.45 -1 -1 -1 -1000 -1000 -1000 -10 0.95
37 2 Car -1 -1 -1 1033.35 182.69 1157.11 232.07 -1 -1 -1 -1000 -1000 -1000 -10 0.91
37 3 Car -1 -1 -1 957.82 180.03 1065.92 234.12 -1 -1 -1 -1000 -1000 -1000 -10 0.86
37 4 Car -1 -1 -1 602.82 172.00 638.06 202.42 -1 -1 -1 -1000 -1000 -1000 -10 0.79
37 41 Pedestrian -1 -1 -1 335.20 158.64 356.56 216.96 -1 -1 -1 -1000 -1000 -1000 -10 0.74
37 19 Car -1 -1 -1 459.20 172.84 486.53 193.60 -1 -1 -1 -1000 -1000 -1000 -10 0.72
37 10 Pedestrian -1 -1 -1 190.17 159.24 204.57 198.10 -1 -1 -1 -1000 -1000 -1000 -10 0.72
37 18 Pedestrian -1 -1 -1 252.76 159.34 270.64 206.02 -1 -1 -1 -1000 -1000 -1000 -10 0.68
37 40 Pedestrian -1 -1 -1 413.17 163.77 423.46 196.65 -1 -1 -1 -1000 -1000 -1000 -10 0.68
37 52 Pedestrian -1 -1 -1 219.24 154.85 234.44 196.52 -1 -1 -1 -1000 -1000 -1000 -10 0.68
37 44 Pedestrian -1 -1 -1 690.89 167.35 707.17 215.06 -1 -1 -1 -1000 -1000 -1000 -10 0.59
37 45 Pedestrian -1 -1 -1 276.50 160.72 294.90 204.18 -1 -1 -1 -1000 -1000 -1000 -10 0.59
37 50 Pedestrian -1 -1 -1 961.01 152.67 1031.81 305.72 -1 -1 -1 -1000 -1000 -1000 -10 0.58
37 51 Pedestrian -1 -1 -1 306.59 163.31 323.62 197.28 -1 -1 -1 -1000 -1000 -1000 -10 0.43
38 1 Car -1 -1 -1 1095.01 183.54 1218.01 236.89 -1 -1 -1 -1000 -1000 -1000 -10 0.94
38 2 Car -1 -1 -1 1032.29 183.06 1157.49 231.75 -1 -1 -1 -1000 -1000 -1000 -10 0.86
38 4 Car -1 -1 -1 602.95 172.00 638.13 202.37 -1 -1 -1 -1000 -1000 -1000 -10 0.81
38 3 Car -1 -1 -1 940.89 180.35 1068.42 237.23 -1 -1 -1 -1000 -1000 -1000 -10 0.79
38 41 Pedestrian -1 -1 -1 335.45 159.52 355.73 215.45 -1 -1 -1 -1000 -1000 -1000 -10 0.76
38 10 Pedestrian -1 -1 -1 190.01 159.43 204.67 198.02 -1 -1 -1 -1000 -1000 -1000 -10 0.72
38 19 Car -1 -1 -1 459.19 172.85 486.48 193.58 -1 -1 -1 -1000 -1000 -1000 -10 0.72
38 40 Pedestrian -1 -1 -1 413.47 164.39 423.02 194.83 -1 -1 -1 -1000 -1000 -1000 -10 0.69
38 50 Pedestrian -1 -1 -1 925.71 148.45 998.42 302.96 -1 -1 -1 -1000 -1000 -1000 -10 0.68
38 44 Pedestrian -1 -1 -1 693.59 167.51 708.91 215.06 -1 -1 -1 -1000 -1000 -1000 -10 0.66
38 52 Pedestrian -1 -1 -1 218.92 154.69 234.57 196.83 -1 -1 -1 -1000 -1000 -1000 -10 0.65
38 45 Pedestrian -1 -1 -1 280.73 162.71 297.17 203.18 -1 -1 -1 -1000 -1000 -1000 -10 0.65
38 53 Pedestrian -1 -1 -1 353.84 157.62 368.18 200.90 -1 -1 -1 -1000 -1000 -1000 -10 0.63
38 18 Pedestrian -1 -1 -1 255.66 158.29 275.75 205.37 -1 -1 -1 -1000 -1000 -1000 -10 0.61
38 54 Cyclist -1 -1 -1 313.04 162.42 331.77 197.58 -1 -1 -1 -1000 -1000 -1000 -10 0.44
39 1 Car -1 -1 -1 1095.63 183.58 1217.71 236.57 -1 -1 -1 -1000 -1000 -1000 -10 0.95
39 3 Car -1 -1 -1 952.94 183.03 1068.40 231.38 -1 -1 -1 -1000 -1000 -1000 -10 0.89
39 2 Car -1 -1 -1 1030.61 182.57 1155.66 232.23 -1 -1 -1 -1000 -1000 -1000 -10 0.87
39 4 Car -1 -1 -1 602.81 171.97 638.19 202.50 -1 -1 -1 -1000 -1000 -1000 -10 0.80
39 41 Pedestrian -1 -1 -1 335.07 157.98 355.90 215.70 -1 -1 -1 -1000 -1000 -1000 -10 0.74
39 19 Car -1 -1 -1 459.15 172.78 486.27 193.51 -1 -1 -1 -1000 -1000 -1000 -10 0.72
39 10 Pedestrian -1 -1 -1 190.02 159.66 204.69 198.08 -1 -1 -1 -1000 -1000 -1000 -10 0.72
39 44 Pedestrian -1 -1 -1 693.69 166.79 709.67 215.43 -1 -1 -1 -1000 -1000 -1000 -10 0.71
39 50 Pedestrian -1 -1 -1 891.59 150.85 978.15 298.88 -1 -1 -1 -1000 -1000 -1000 -10 0.71
39 52 Pedestrian -1 -1 -1 218.96 154.42 234.68 196.71 -1 -1 -1 -1000 -1000 -1000 -10 0.66
39 40 Pedestrian -1 -1 -1 413.06 164.10 422.75 194.18 -1 -1 -1 -1000 -1000 -1000 -10 0.63
39 53 Pedestrian -1 -1 -1 353.49 157.02 368.83 201.06 -1 -1 -1 -1000 -1000 -1000 -10 0.62
39 54 Cyclist -1 -1 -1 316.86 162.24 336.88 197.46 -1 -1 -1 -1000 -1000 -1000 -10 0.58
39 18 Pedestrian -1 -1 -1 259.72 157.81 278.79 202.64 -1 -1 -1 -1000 -1000 -1000 -10 0.56
39 45 Pedestrian -1 -1 -1 287.18 162.22 305.13 202.31 -1 -1 -1 -1000 -1000 -1000 -10 0.56
40 1 Car -1 -1 -1 1095.85 183.61 1217.97 236.62 -1 -1 -1 -1000 -1000 -1000 -10 0.95
40 2 Car -1 -1 -1 1032.95 182.65 1157.45 232.16 -1 -1 -1 -1000 -1000 -1000 -10 0.91
40 3 Car -1 -1 -1 951.50 182.65 1069.96 232.09 -1 -1 -1 -1000 -1000 -1000 -10 0.89
40 4 Car -1 -1 -1 602.77 171.92 638.36 202.57 -1 -1 -1 -1000 -1000 -1000 -10 0.80
40 19 Car -1 -1 -1 459.05 173.06 486.34 193.37 -1 -1 -1 -1000 -1000 -1000 -10 0.72
40 10 Pedestrian -1 -1 -1 190.27 159.81 204.45 198.18 -1 -1 -1 -1000 -1000 -1000 -10 0.72
40 41 Pedestrian -1 -1 -1 335.34 158.85 355.51 215.22 -1 -1 -1 -1000 -1000 -1000 -10 0.71
40 50 Pedestrian -1 -1 -1 869.67 148.75 940.24 300.77 -1 -1 -1 -1000 -1000 -1000 -10 0.68
40 52 Pedestrian -1 -1 -1 219.06 154.51 234.82 196.62 -1 -1 -1 -1000 -1000 -1000 -10 0.66
40 44 Pedestrian -1 -1 -1 694.65 167.56 710.75 215.29 -1 -1 -1 -1000 -1000 -1000 -10 0.60
40 40 Pedestrian -1 -1 -1 413.09 164.29 422.30 193.48 -1 -1 -1 -1000 -1000 -1000 -10 0.60
40 53 Pedestrian -1 -1 -1 353.95 157.96 368.99 199.17 -1 -1 -1 -1000 -1000 -1000 -10 0.56
40 18 Pedestrian -1 -1 -1 263.47 157.82 283.97 202.19 -1 -1 -1 -1000 -1000 -1000 -10 0.53
40 45 Pedestrian -1 -1 -1 295.22 163.19 311.34 201.41 -1 -1 -1 -1000 -1000 -1000 -10 0.50
41 1 Car -1 -1 -1 1095.51 183.57 1218.15 236.54 -1 -1 -1 -1000 -1000 -1000 -10 0.95
41 3 Car -1 -1 -1 951.59 182.54 1069.96 232.24 -1 -1 -1 -1000 -1000 -1000 -10 0.90
41 2 Car -1 -1 -1 1032.82 182.69 1157.09 232.11 -1 -1 -1 -1000 -1000 -1000 -10 0.89
41 4 Car -1 -1 -1 602.89 172.04 638.18 202.73 -1 -1 -1 -1000 -1000 -1000 -10 0.80
41 10 Pedestrian -1 -1 -1 190.15 159.90 204.34 198.48 -1 -1 -1 -1000 -1000 -1000 -10 0.73
41 50 Pedestrian -1 -1 -1 833.77 149.07 913.83 294.60 -1 -1 -1 -1000 -1000 -1000 -10 0.73
41 19 Car -1 -1 -1 458.85 172.78 486.65 193.56 -1 -1 -1 -1000 -1000 -1000 -10 0.72
41 41 Pedestrian -1 -1 -1 336.45 158.95 355.21 213.49 -1 -1 -1 -1000 -1000 -1000 -10 0.70
41 52 Pedestrian -1 -1 -1 218.93 154.21 234.75 196.62 -1 -1 -1 -1000 -1000 -1000 -10 0.65
41 53 Pedestrian -1 -1 -1 354.90 157.56 369.28 199.91 -1 -1 -1 -1000 -1000 -1000 -10 0.60
41 40 Pedestrian -1 -1 -1 412.93 164.08 422.29 193.25 -1 -1 -1 -1000 -1000 -1000 -10 0.58
41 44 Pedestrian -1 -1 -1 695.04 168.95 710.30 214.30 -1 -1 -1 -1000 -1000 -1000 -10 0.57
41 45 Pedestrian -1 -1 -1 298.74 162.70 315.07 202.20 -1 -1 -1 -1000 -1000 -1000 -10 0.54
41 18 Pedestrian -1 -1 -1 272.07 158.55 288.86 200.80 -1 -1 -1 -1000 -1000 -1000 -10 0.53
42 1 Car -1 -1 -1 1095.31 183.68 1218.37 236.42 -1 -1 -1 -1000 -1000 -1000 -10 0.95
42 3 Car -1 -1 -1 951.28 182.65 1070.01 232.21 -1 -1 -1 -1000 -1000 -1000 -10 0.89
42 2 Car -1 -1 -1 1032.76 182.89 1157.06 232.00 -1 -1 -1 -1000 -1000 -1000 -10 0.87
42 4 Car -1 -1 -1 602.88 171.93 638.05 202.45 -1 -1 -1 -1000 -1000 -1000 -10 0.79
42 50 Pedestrian -1 -1 -1 821.80 152.19 888.38 291.37 -1 -1 -1 -1000 -1000 -1000 -10 0.79
42 19 Car -1 -1 -1 459.07 172.88 486.41 193.40 -1 -1 -1 -1000 -1000 -1000 -10 0.72
42 10 Pedestrian -1 -1 -1 190.48 159.91 204.48 197.96 -1 -1 -1 -1000 -1000 -1000 -10 0.70
42 40 Pedestrian -1 -1 -1 411.34 163.78 420.34 193.65 -1 -1 -1 -1000 -1000 -1000 -10 0.68
42 52 Pedestrian -1 -1 -1 218.39 153.31 235.74 197.50 -1 -1 -1 -1000 -1000 -1000 -10 0.62
42 44 Pedestrian -1 -1 -1 695.00 168.65 710.11 214.04 -1 -1 -1 -1000 -1000 -1000 -10 0.62
42 41 Pedestrian -1 -1 -1 336.32 159.84 355.34 211.64 -1 -1 -1 -1000 -1000 -1000 -10 0.60
42 18 Pedestrian -1 -1 -1 274.01 157.13 289.89 201.69 -1 -1 -1 -1000 -1000 -1000 -10 0.59
42 53 Pedestrian -1 -1 -1 355.05 157.68 369.53 200.12 -1 -1 -1 -1000 -1000 -1000 -10 0.55
42 45 Pedestrian -1 -1 -1 303.92 161.62 318.79 198.26 -1 -1 -1 -1000 -1000 -1000 -10 0.50
43 1 Car -1 -1 -1 1095.32 183.60 1218.18 236.54 -1 -1 -1 -1000 -1000 -1000 -10 0.95
43 2 Car -1 -1 -1 1033.05 182.87 1156.96 231.94 -1 -1 -1 -1000 -1000 -1000 -10 0.90
43 3 Car -1 -1 -1 951.14 182.39 1070.16 232.49 -1 -1 -1 -1000 -1000 -1000 -10 0.89
43 4 Car -1 -1 -1 602.73 171.99 638.26 202.43 -1 -1 -1 -1000 -1000 -1000 -10 0.80
43 50 Pedestrian -1 -1 -1 790.90 149.90 858.11 292.29 -1 -1 -1 -1000 -1000 -1000 -10 0.77
43 10 Pedestrian -1 -1 -1 189.63 159.22 204.52 198.29 -1 -1 -1 -1000 -1000 -1000 -10 0.74
43 19 Car -1 -1 -1 459.01 172.99 486.49 193.24 -1 -1 -1 -1000 -1000 -1000 -10 0.70
43 40 Pedestrian -1 -1 -1 411.43 164.97 419.04 192.23 -1 -1 -1 -1000 -1000 -1000 -10 0.70
43 41 Pedestrian -1 -1 -1 336.55 159.41 355.76 212.45 -1 -1 -1 -1000 -1000 -1000 -10 0.65
43 52 Pedestrian -1 -1 -1 218.23 153.45 235.55 197.90 -1 -1 -1 -1000 -1000 -1000 -10 0.64
43 44 Pedestrian -1 -1 -1 694.66 168.07 710.81 214.75 -1 -1 -1 -1000 -1000 -1000 -10 0.59
43 45 Pedestrian -1 -1 -1 308.45 159.80 323.73 197.15 -1 -1 -1 -1000 -1000 -1000 -10 0.56
43 53 Pedestrian -1 -1 -1 354.59 156.89 369.93 201.96 -1 -1 -1 -1000 -1000 -1000 -10 0.55
44 1 Car -1 -1 -1 1095.61 183.68 1218.28 236.40 -1 -1 -1 -1000 -1000 -1000 -10 0.95
44 2 Car -1 -1 -1 1032.94 182.91 1157.21 231.93 -1 -1 -1 -1000 -1000 -1000 -10 0.90
44 3 Car -1 -1 -1 951.59 182.49 1069.86 232.39 -1 -1 -1 -1000 -1000 -1000 -10 0.89
44 4 Car -1 -1 -1 603.11 172.11 637.96 202.48 -1 -1 -1 -1000 -1000 -1000 -10 0.80
44 50 Pedestrian -1 -1 -1 767.89 152.66 842.10 288.32 -1 -1 -1 -1000 -1000 -1000 -10 0.78
44 10 Pedestrian -1 -1 -1 188.59 159.42 204.28 198.64 -1 -1 -1 -1000 -1000 -1000 -10 0.72
44 19 Car -1 -1 -1 459.15 173.04 486.36 193.48 -1 -1 -1 -1000 -1000 -1000 -10 0.72
44 40 Pedestrian -1 -1 -1 410.80 164.52 419.37 192.56 -1 -1 -1 -1000 -1000 -1000 -10 0.68
44 41 Pedestrian -1 -1 -1 336.64 159.59 355.43 212.31 -1 -1 -1 -1000 -1000 -1000 -10 0.66
44 52 Pedestrian -1 -1 -1 218.29 153.54 235.58 197.97 -1 -1 -1 -1000 -1000 -1000 -10 0.64
44 55 Pedestrian -1 -1 -1 287.62 163.35 299.12 195.80 -1 -1 -1 -1000 -1000 -1000 -10 0.59
44 45 Pedestrian -1 -1 -1 312.40 160.84 326.68 196.42 -1 -1 -1 -1000 -1000 -1000 -10 0.53
44 44 Pedestrian -1 -1 -1 696.97 167.34 713.20 216.79 -1 -1 -1 -1000 -1000 -1000 -10 0.53
44 53 Pedestrian -1 -1 -1 354.48 158.89 369.47 200.67 -1 -1 -1 -1000 -1000 -1000 -10 0.49
44 56 Cyclist -1 -1 -1 312.40 160.84 326.68 196.42 -1 -1 -1 -1000 -1000 -1000 -10 0.42
45 1 Car -1 -1 -1 1095.31 183.73 1218.36 236.53 -1 -1 -1 -1000 -1000 -1000 -10 0.95
45 3 Car -1 -1 -1 951.31 182.38 1070.07 232.47 -1 -1 -1 -1000 -1000 -1000 -10 0.89
45 2 Car -1 -1 -1 1032.69 183.05 1157.18 231.79 -1 -1 -1 -1000 -1000 -1000 -10 0.89
45 50 Pedestrian -1 -1 -1 753.55 150.66 811.14 285.42 -1 -1 -1 -1000 -1000 -1000 -10 0.79
45 4 Car -1 -1 -1 602.93 172.18 637.84 202.29 -1 -1 -1 -1000 -1000 -1000 -10 0.77
45 10 Pedestrian -1 -1 -1 188.77 159.19 203.88 198.71 -1 -1 -1 -1000 -1000 -1000 -10 0.72
45 19 Car -1 -1 -1 459.05 173.00 486.79 193.41 -1 -1 -1 -1000 -1000 -1000 -10 0.71
45 40 Pedestrian -1 -1 -1 411.11 164.95 419.47 192.52 -1 -1 -1 -1000 -1000 -1000 -10 0.70
45 52 Pedestrian -1 -1 -1 218.33 153.18 235.65 198.21 -1 -1 -1 -1000 -1000 -1000 -10 0.65
45 41 Pedestrian -1 -1 -1 337.28 160.35 355.76 211.61 -1 -1 -1 -1000 -1000 -1000 -10 0.65
45 53 Pedestrian -1 -1 -1 358.17 158.87 372.81 200.89 -1 -1 -1 -1000 -1000 -1000 -10 0.59
45 44 Pedestrian -1 -1 -1 698.38 166.80 714.54 216.85 -1 -1 -1 -1000 -1000 -1000 -10 0.54
45 45 Pedestrian -1 -1 -1 314.94 161.57 330.19 196.72 -1 -1 -1 -1000 -1000 -1000 -10 0.44
45 56 Cyclist -1 -1 -1 314.94 161.57 330.19 196.72 -1 -1 -1 -1000 -1000 -1000 -10 0.44
46 1 Car -1 -1 -1 1094.95 183.43 1218.22 236.60 -1 -1 -1 -1000 -1000 -1000 -10 0.95
46 2 Car -1 -1 -1 1033.13 182.88 1156.81 231.89 -1 -1 -1 -1000 -1000 -1000 -10 0.90
46 3 Car -1 -1 -1 951.45 182.33 1069.95 232.56 -1 -1 -1 -1000 -1000 -1000 -10 0.89
46 50 Pedestrian -1 -1 -1 728.11 151.55 797.74 283.85 -1 -1 -1 -1000 -1000 -1000 -10 0.79
46 4 Car -1 -1 -1 602.78 172.22 637.83 202.45 -1 -1 -1 -1000 -1000 -1000 -10 0.76
46 10 Pedestrian -1 -1 -1 189.08 159.42 203.36 198.64 -1 -1 -1 -1000 -1000 -1000 -10 0.73
46 19 Car -1 -1 -1 459.03 172.71 486.83 193.50 -1 -1 -1 -1000 -1000 -1000 -10 0.72
46 52 Pedestrian -1 -1 -1 218.35 153.33 235.71 198.20 -1 -1 -1 -1000 -1000 -1000 -10 0.65
46 40 Pedestrian -1 -1 -1 411.09 164.24 419.39 192.51 -1 -1 -1 -1000 -1000 -1000 -10 0.64
46 45 Pedestrian -1 -1 -1 316.59 161.07 329.97 196.59 -1 -1 -1 -1000 -1000 -1000 -10 0.59
46 41 Pedestrian -1 -1 -1 338.99 160.08 359.50 211.38 -1 -1 -1 -1000 -1000 -1000 -10 0.58
46 53 Pedestrian -1 -1 -1 358.39 158.77 373.55 201.28 -1 -1 -1 -1000 -1000 -1000 -10 0.57
46 44 Pedestrian -1 -1 -1 698.27 166.82 714.89 216.77 -1 -1 -1 -1000 -1000 -1000 -10 0.49
46 58 Cyclist -1 -1 -1 299.04 162.70 310.85 195.11 -1 -1 -1 -1000 -1000 -1000 -10 0.46
46 59 Cyclist -1 -1 -1 316.59 161.07 329.97 196.59 -1 -1 -1 -1000 -1000 -1000 -10 0.41
47 1 Car -1 -1 -1 1092.50 183.28 1215.99 236.99 -1 -1 -1 -1000 -1000 -1000 -10 0.89
47 3 Car -1 -1 -1 951.49 182.79 1069.82 232.09 -1 -1 -1 -1000 -1000 -1000 -10 0.88
47 2 Car -1 -1 -1 1030.35 182.80 1155.68 232.07 -1 -1 -1 -1000 -1000 -1000 -10 0.87
47 4 Car -1 -1 -1 603.09 172.15 637.98 202.26 -1 -1 -1 -1000 -1000 -1000 -10 0.82
47 50 Pedestrian -1 -1 -1 715.65 154.75 771.76 281.59 -1 -1 -1 -1000 -1000 -1000 -10 0.76
47 10 Pedestrian -1 -1 -1 189.47 159.53 203.05 198.48 -1 -1 -1 -1000 -1000 -1000 -10 0.74
47 19 Car -1 -1 -1 459.17 172.87 486.74 193.44 -1 -1 -1 -1000 -1000 -1000 -10 0.72
47 40 Pedestrian -1 -1 -1 411.50 164.97 419.54 192.11 -1 -1 -1 -1000 -1000 -1000 -10 0.64
47 52 Pedestrian -1 -1 -1 218.35 153.41 235.45 198.22 -1 -1 -1 -1000 -1000 -1000 -10 0.63
47 41 Pedestrian -1 -1 -1 339.88 159.97 360.02 211.32 -1 -1 -1 -1000 -1000 -1000 -10 0.61
47 45 Pedestrian -1 -1 -1 318.39 161.62 329.48 195.27 -1 -1 -1 -1000 -1000 -1000 -10 0.59
47 44 Pedestrian -1 -1 -1 701.06 167.16 717.10 216.35 -1 -1 -1 -1000 -1000 -1000 -10 0.58
47 53 Pedestrian -1 -1 -1 357.99 158.13 373.80 201.82 -1 -1 -1 -1000 -1000 -1000 -10 0.53
48 3 Car -1 -1 -1 952.79 183.00 1065.20 231.46 -1 -1 -1 -1000 -1000 -1000 -10 0.88
48 2 Car -1 -1 -1 1090.82 184.61 1216.52 235.64 -1 -1 -1 -1000 -1000 -1000 -10 0.85
48 4 Car -1 -1 -1 602.74 171.93 638.26 202.48 -1 -1 -1 -1000 -1000 -1000 -10 0.81
48 50 Pedestrian -1 -1 -1 688.21 153.33 746.66 280.90 -1 -1 -1 -1000 -1000 -1000 -10 0.77
48 10 Pedestrian -1 -1 -1 189.37 159.63 203.61 198.32 -1 -1 -1 -1000 -1000 -1000 -10 0.74
48 60 Cyclist -1 -1 -1 969.64 154.90 1207.03 334.01 -1 -1 -1 -1000 -1000 -1000 -10 0.74
48 19 Car -1 -1 -1 459.17 172.87 486.73 193.44 -1 -1 -1 -1000 -1000 -1000 -10 0.72
48 52 Pedestrian -1 -1 -1 218.64 153.87 235.54 197.68 -1 -1 -1 -1000 -1000 -1000 -10 0.67
48 40 Pedestrian -1 -1 -1 411.43 165.60 419.15 191.94 -1 -1 -1 -1000 -1000 -1000 -10 0.66
48 41 Pedestrian -1 -1 -1 340.72 159.19 359.56 209.44 -1 -1 -1 -1000 -1000 -1000 -10 0.59
48 53 Pedestrian -1 -1 -1 357.28 158.08 374.91 206.76 -1 -1 -1 -1000 -1000 -1000 -10 0.57
48 45 Pedestrian -1 -1 -1 317.18 162.11 328.37 193.94 -1 -1 -1 -1000 -1000 -1000 -10 0.47
48 61 Car -1 -1 -1 1032.09 178.51 1152.17 233.86 -1 -1 -1 -1000 -1000 -1000 -10 0.65
49 2 Car -1 -1 -1 1095.70 183.41 1217.98 236.54 -1 -1 -1 -1000 -1000 -1000 -10 0.94
49 61 Car -1 -1 -1 1031.73 182.87 1154.07 234.25 -1 -1 -1 -1000 -1000 -1000 -10 0.87
49 4 Car -1 -1 -1 602.95 171.85 638.84 202.45 -1 -1 -1 -1000 -1000 -1000 -10 0.85
49 60 Cyclist -1 -1 -1 863.92 144.28 1067.58 322.15 -1 -1 -1 -1000 -1000 -1000 -10 0.85
49 50 Pedestrian -1 -1 -1 671.91 155.30 731.65 277.79 -1 -1 -1 -1000 -1000 -1000 -10 0.79
49 3 Car -1 -1 -1 948.25 181.11 1066.85 237.07 -1 -1 -1 -1000 -1000 -1000 -10 0.74
49 10 Pedestrian -1 -1 -1 189.07 159.41 203.62 198.70 -1 -1 -1 -1000 -1000 -1000 -10 0.72
49 19 Car -1 -1 -1 459.14 172.78 486.77 193.29 -1 -1 -1 -1000 -1000 -1000 -10 0.72
49 52 Pedestrian -1 -1 -1 218.88 154.11 235.03 196.54 -1 -1 -1 -1000 -1000 -1000 -10 0.66
49 41 Pedestrian -1 -1 -1 342.03 159.56 358.43 208.61 -1 -1 -1 -1000 -1000 -1000 -10 0.66
49 40 Pedestrian -1 -1 -1 411.22 165.27 419.24 191.99 -1 -1 -1 -1000 -1000 -1000 -10 0.65
49 53 Pedestrian -1 -1 -1 357.41 159.04 374.36 205.80 -1 -1 -1 -1000 -1000 -1000 -10 0.62
49 45 Pedestrian -1 -1 -1 314.38 159.62 326.52 193.12 -1 -1 -1 -1000 -1000 -1000 -10 0.45
50 2 Car -1 -1 -1 1095.16 183.58 1217.97 236.75 -1 -1 -1 -1000 -1000 -1000 -10 0.94
50 3 Car -1 -1 -1 951.81 182.39 1069.75 232.26 -1 -1 -1 -1000 -1000 -1000 -10 0.91
50 60 Cyclist -1 -1 -1 772.43 147.43 959.96 317.73 -1 -1 -1 -1000 -1000 -1000 -10 0.90
50 61 Car -1 -1 -1 1032.93 182.38 1157.02 232.41 -1 -1 -1 -1000 -1000 -1000 -10 0.89
50 4 Car -1 -1 -1 602.81 171.83 639.05 202.83 -1 -1 -1 -1000 -1000 -1000 -10 0.84
50 52 Pedestrian -1 -1 -1 219.64 154.01 235.20 197.03 -1 -1 -1 -1000 -1000 -1000 -10 0.74
50 50 Pedestrian -1 -1 -1 662.17 152.64 710.76 274.35 -1 -1 -1 -1000 -1000 -1000 -10 0.73
50 19 Car -1 -1 -1 458.50 172.23 487.33 193.35 -1 -1 -1 -1000 -1000 -1000 -10 0.71
50 10 Pedestrian -1 -1 -1 188.94 159.02 203.93 198.70 -1 -1 -1 -1000 -1000 -1000 -10 0.69
50 41 Pedestrian -1 -1 -1 342.64 159.74 358.22 207.99 -1 -1 -1 -1000 -1000 -1000 -10 0.62
50 40 Pedestrian -1 -1 -1 411.00 165.55 418.77 191.63 -1 -1 -1 -1000 -1000 -1000 -10 0.61
50 53 Pedestrian -1 -1 -1 356.24 159.27 373.46 205.62 -1 -1 -1 -1000 -1000 -1000 -10 0.50
50 45 Pedestrian -1 -1 -1 313.84 158.84 325.89 192.13 -1 -1 -1 -1000 -1000 -1000 -10 0.48
50 62 Pedestrian -1 -1 -1 704.37 167.35 722.63 216.37 -1 -1 -1 -1000 -1000 -1000 -10 0.41
51 60 Cyclist -1 -1 -1 696.14 149.11 852.61 302.32 -1 -1 -1 -1000 -1000 -1000 -10 0.91
51 3 Car -1 -1 -1 951.16 183.15 1070.09 231.63 -1 -1 -1 -1000 -1000 -1000 -10 0.88
51 61 Car -1 -1 -1 1029.67 182.39 1161.66 232.44 -1 -1 -1 -1000 -1000 -1000 -10 0.87
51 4 Car -1 -1 -1 602.36 171.82 638.72 202.48 -1 -1 -1 -1000 -1000 -1000 -10 0.82
51 50 Pedestrian -1 -1 -1 632.87 154.65 687.45 271.90 -1 -1 -1 -1000 -1000 -1000 -10 0.78
51 19 Car -1 -1 -1 458.21 172.13 487.02 193.38 -1 -1 -1 -1000 -1000 -1000 -10 0.72
51 52 Pedestrian -1 -1 -1 219.38 152.67 236.50 198.66 -1 -1 -1 -1000 -1000 -1000 -10 0.72
51 10 Pedestrian -1 -1 -1 189.13 158.68 203.43 199.18 -1 -1 -1 -1000 -1000 -1000 -10 0.70
51 2 Car -1 -1 -1 1095.27 181.11 1218.60 238.81 -1 -1 -1 -1000 -1000 -1000 -10 0.68
51 41 Pedestrian -1 -1 -1 343.21 159.87 358.14 207.48 -1 -1 -1 -1000 -1000 -1000 -10 0.62
51 40 Pedestrian -1 -1 -1 410.10 164.92 418.62 192.20 -1 -1 -1 -1000 -1000 -1000 -10 0.62
51 53 Pedestrian -1 -1 -1 355.94 159.01 373.68 206.21 -1 -1 -1 -1000 -1000 -1000 -10 0.51
51 62 Pedestrian -1 -1 -1 705.27 166.93 721.97 219.84 -1 -1 -1 -1000 -1000 -1000 -10 0.51
51 63 Cyclist -1 -1 -1 1059.61 152.25 1223.93 352.60 -1 -1 -1 -1000 -1000 -1000 -10 0.74
52 2 Car -1 -1 -1 1097.25 184.62 1218.08 236.09 -1 -1 -1 -1000 -1000 -1000 -10 0.91
52 60 Cyclist -1 -1 -1 634.11 150.42 760.73 298.70 -1 -1 -1 -1000 -1000 -1000 -10 0.91
52 63 Cyclist -1 -1 -1 944.91 149.26 1169.96 332.58 -1 -1 -1 -1000 -1000 -1000 -10 0.85
52 4 Car -1 -1 -1 602.46 171.70 639.78 203.15 -1 -1 -1 -1000 -1000 -1000 -10 0.83
52 61 Car -1 -1 -1 1032.16 184.09 1151.38 235.44 -1 -1 -1 -1000 -1000 -1000 -10 0.81
52 10 Pedestrian -1 -1 -1 189.12 158.64 203.90 199.12 -1 -1 -1 -1000 -1000 -1000 -10 0.72
52 3 Car -1 -1 -1 954.36 184.04 1061.39 233.31 -1 -1 -1 -1000 -1000 -1000 -10 0.71
52 19 Car -1 -1 -1 458.17 172.23 486.97 193.27 -1 -1 -1 -1000 -1000 -1000 -10 0.71
52 52 Pedestrian -1 -1 -1 222.51 154.32 238.31 197.65 -1 -1 -1 -1000 -1000 -1000 -10 0.66
52 41 Pedestrian -1 -1 -1 343.03 160.42 358.39 205.64 -1 -1 -1 -1000 -1000 -1000 -10 0.65
52 40 Pedestrian -1 -1 -1 409.87 164.35 418.52 192.65 -1 -1 -1 -1000 -1000 -1000 -10 0.58
52 50 Pedestrian -1 -1 -1 620.79 153.28 668.61 280.42 -1 -1 -1 -1000 -1000 -1000 -10 0.58
52 53 Pedestrian -1 -1 -1 356.67 158.74 373.91 205.87 -1 -1 -1 -1000 -1000 -1000 -10 0.56
52 64 Pedestrian -1 -1 -1 321.85 160.56 332.88 190.07 -1 -1 -1 -1000 -1000 -1000 -10 0.50
53 2 Car -1 -1 -1 1095.84 183.09 1218.38 236.60 -1 -1 -1 -1000 -1000 -1000 -10 0.95
53 60 Cyclist -1 -1 -1 565.92 156.34 684.13 285.14 -1 -1 -1 -1000 -1000 -1000 -10 0.90
53 3 Car -1 -1 -1 959.86 182.15 1063.09 231.76 -1 -1 -1 -1000 -1000 -1000 -10 0.88
53 61 Car -1 -1 -1 1034.03 182.53 1156.01 232.35 -1 -1 -1 -1000 -1000 -1000 -10 0.88
53 63 Cyclist -1 -1 -1 849.60 149.33 1043.22 317.28 -1 -1 -1 -1000 -1000 -1000 -10 0.86
53 52 Pedestrian -1 -1 -1 223.05 154.10 238.60 197.13 -1 -1 -1 -1000 -1000 -1000 -10 0.72
53 19 Car -1 -1 -1 458.31 172.21 487.32 193.37 -1 -1 -1 -1000 -1000 -1000 -10 0.70
53 10 Pedestrian -1 -1 -1 189.18 158.50 203.56 198.88 -1 -1 -1 -1000 -1000 -1000 -10 0.69
53 41 Pedestrian -1 -1 -1 342.37 161.41 358.50 205.79 -1 -1 -1 -1000 -1000 -1000 -10 0.67
53 64 Pedestrian -1 -1 -1 321.63 158.54 333.89 191.54 -1 -1 -1 -1000 -1000 -1000 -10 0.64
53 40 Pedestrian -1 -1 -1 409.43 163.95 418.96 193.10 -1 -1 -1 -1000 -1000 -1000 -10 0.60
53 4 Car -1 -1 -1 598.49 171.31 637.65 203.39 -1 -1 -1 -1000 -1000 -1000 -10 0.56
53 53 Pedestrian -1 -1 -1 361.09 158.22 377.42 200.54 -1 -1 -1 -1000 -1000 -1000 -10 0.55
53 65 Pedestrian -1 -1 -1 706.99 166.64 726.68 220.56 -1 -1 -1 -1000 -1000 -1000 -10 0.51
54 2 Car -1 -1 -1 1095.22 183.79 1218.44 236.33 -1 -1 -1 -1000 -1000 -1000 -10 0.95
54 60 Cyclist -1 -1 -1 508.92 152.94 619.62 281.02 -1 -1 -1 -1000 -1000 -1000 -10 0.90
54 3 Car -1 -1 -1 951.14 182.25 1070.25 232.49 -1 -1 -1 -1000 -1000 -1000 -10 0.90
54 61 Car -1 -1 -1 1032.90 182.63 1157.00 232.18 -1 -1 -1 -1000 -1000 -1000 -10 0.89
54 63 Cyclist -1 -1 -1 763.68 153.67 938.11 310.82 -1 -1 -1 -1000 -1000 -1000 -10 0.87
54 52 Pedestrian -1 -1 -1 223.07 153.75 238.72 196.78 -1 -1 -1 -1000 -1000 -1000 -10 0.72
54 10 Pedestrian -1 -1 -1 189.37 158.79 203.57 198.57 -1 -1 -1 -1000 -1000 -1000 -10 0.70
54 65 Pedestrian -1 -1 -1 707.33 167.46 726.33 219.94 -1 -1 -1 -1000 -1000 -1000 -10 0.66
54 41 Pedestrian -1 -1 -1 344.33 160.05 361.46 205.53 -1 -1 -1 -1000 -1000 -1000 -10 0.61
54 19 Car -1 -1 -1 458.63 171.75 486.29 193.10 -1 -1 -1 -1000 -1000 -1000 -10 0.58
54 53 Pedestrian -1 -1 -1 361.19 157.85 378.51 200.96 -1 -1 -1 -1000 -1000 -1000 -10 0.51
54 64 Pedestrian -1 -1 -1 321.85 159.22 333.77 189.37 -1 -1 -1 -1000 -1000 -1000 -10 0.51
54 40 Pedestrian -1 -1 -1 406.75 163.09 417.57 192.64 -1 -1 -1 -1000 -1000 -1000 -10 0.40
54 66 Pedestrian -1 -1 -1 582.83 155.76 637.01 270.95 -1 -1 -1 -1000 -1000 -1000 -10 0.60
54 67 Car -1 -1 -1 596.86 171.25 638.96 201.60 -1 -1 -1 -1000 -1000 -1000 -10 0.48
55 2 Car -1 -1 -1 1095.58 183.74 1218.46 236.34 -1 -1 -1 -1000 -1000 -1000 -10 0.95
55 63 Cyclist -1 -1 -1 684.69 151.55 848.11 299.69 -1 -1 -1 -1000 -1000 -1000 -10 0.92
55 61 Car -1 -1 -1 1033.23 182.83 1156.73 231.91 -1 -1 -1 -1000 -1000 -1000 -10 0.90
55 3 Car -1 -1 -1 951.10 182.52 1070.11 232.31 -1 -1 -1 -1000 -1000 -1000 -10 0.89
55 60 Cyclist -1 -1 -1 458.80 159.07 561.61 274.54 -1 -1 -1 -1000 -1000 -1000 -10 0.87
55 67 Car -1 -1 -1 603.27 171.57 637.74 202.46 -1 -1 -1 -1000 -1000 -1000 -10 0.74
55 66 Pedestrian -1 -1 -1 569.61 155.57 612.75 266.03 -1 -1 -1 -1000 -1000 -1000 -10 0.74
55 52 Pedestrian -1 -1 -1 222.27 152.63 239.48 197.48 -1 -1 -1 -1000 -1000 -1000 -10 0.69
55 10 Pedestrian -1 -1 -1 189.21 158.80 203.61 198.42 -1 -1 -1 -1000 -1000 -1000 -10 0.69
55 41 Pedestrian -1 -1 -1 347.31 160.11 361.71 205.57 -1 -1 -1 -1000 -1000 -1000 -10 0.60
55 19 Car -1 -1 -1 460.11 172.34 485.98 192.59 -1 -1 -1 -1000 -1000 -1000 -10 0.60
55 40 Pedestrian -1 -1 -1 406.56 162.03 416.48 191.47 -1 -1 -1 -1000 -1000 -1000 -10 0.52
55 53 Pedestrian -1 -1 -1 362.96 160.09 376.22 198.39 -1 -1 -1 -1000 -1000 -1000 -10 0.51
55 65 Pedestrian -1 -1 -1 706.41 167.57 728.83 222.11 -1 -1 -1 -1000 -1000 -1000 -10 0.50
55 68 Cyclist -1 -1 -1 362.96 160.09 376.22 198.39 -1 -1 -1 -1000 -1000 -1000 -10 0.46
56 2 Car -1 -1 -1 1095.01 183.77 1218.42 236.34 -1 -1 -1 -1000 -1000 -1000 -10 0.95
56 63 Cyclist -1 -1 -1 619.36 151.31 753.02 292.46 -1 -1 -1 -1000 -1000 -1000 -10 0.94
56 60 Cyclist -1 -1 -1 415.80 157.32 514.32 269.06 -1 -1 -1 -1000 -1000 -1000 -10 0.91
56 61 Car -1 -1 -1 1033.37 182.80 1156.67 231.96 -1 -1 -1 -1000 -1000 -1000 -10 0.90
56 3 Car -1 -1 -1 951.41 182.66 1069.84 232.20 -1 -1 -1 -1000 -1000 -1000 -10 0.88
56 66 Pedestrian -1 -1 -1 550.30 156.56 601.23 265.12 -1 -1 -1 -1000 -1000 -1000 -10 0.77
56 67 Car -1 -1 -1 598.97 171.42 639.04 202.35 -1 -1 -1 -1000 -1000 -1000 -10 0.74
56 52 Pedestrian -1 -1 -1 222.36 152.56 239.40 197.78 -1 -1 -1 -1000 -1000 -1000 -10 0.71
56 10 Pedestrian -1 -1 -1 189.38 158.73 203.45 198.33 -1 -1 -1 -1000 -1000 -1000 -10 0.70
56 40 Pedestrian -1 -1 -1 406.32 161.68 416.84 191.40 -1 -1 -1 -1000 -1000 -1000 -10 0.59
56 68 Cyclist -1 -1 -1 360.12 158.83 379.64 200.15 -1 -1 -1 -1000 -1000 -1000 -10 0.55
56 41 Pedestrian -1 -1 -1 347.13 161.10 362.27 205.11 -1 -1 -1 -1000 -1000 -1000 -10 0.49
56 70 Pedestrian -1 -1 -1 706.71 168.27 727.00 220.25 -1 -1 -1 -1000 -1000 -1000 -10 0.44
57 2 Car -1 -1 -1 1094.99 183.62 1218.27 236.59 -1 -1 -1 -1000 -1000 -1000 -10 0.95
57 63 Cyclist -1 -1 -1 555.59 155.29 678.93 288.07 -1 -1 -1 -1000 -1000 -1000 -10 0.90
57 3 Car -1 -1 -1 951.57 182.42 1069.81 232.40 -1 -1 -1 -1000 -1000 -1000 -10 0.89
57 60 Cyclist -1 -1 -1 381.98 161.20 472.16 264.74 -1 -1 -1 -1000 -1000 -1000 -10 0.88
57 61 Car -1 -1 -1 1032.46 182.94 1157.22 231.91 -1 -1 -1 -1000 -1000 -1000 -10 0.87
57 10 Pedestrian -1 -1 -1 189.50 158.94 203.89 198.41 -1 -1 -1 -1000 -1000 -1000 -10 0.71
57 52 Pedestrian -1 -1 -1 222.19 152.15 239.79 198.34 -1 -1 -1 -1000 -1000 -1000 -10 0.70
57 66 Pedestrian -1 -1 -1 539.40 155.86 582.06 265.16 -1 -1 -1 -1000 -1000 -1000 -10 0.64
57 70 Pedestrian -1 -1 -1 708.36 167.15 727.41 220.97 -1 -1 -1 -1000 -1000 -1000 -10 0.60
57 67 Car -1 -1 -1 595.37 170.68 633.42 203.36 -1 -1 -1 -1000 -1000 -1000 -10 0.50
58 2 Car -1 -1 -1 1095.08 183.68 1218.37 236.59 -1 -1 -1 -1000 -1000 -1000 -10 0.95
58 63 Cyclist -1 -1 -1 490.42 157.74 614.30 283.83 -1 -1 -1 -1000 -1000 -1000 -10 0.93
58 60 Cyclist -1 -1 -1 356.76 161.51 434.92 258.09 -1 -1 -1 -1000 -1000 -1000 -10 0.91
58 61 Car -1 -1 -1 1032.88 182.82 1157.40 232.02 -1 -1 -1 -1000 -1000 -1000 -10 0.90
58 3 Car -1 -1 -1 951.57 182.38 1069.85 232.45 -1 -1 -1 -1000 -1000 -1000 -10 0.89
58 67 Car -1 -1 -1 602.25 171.01 638.41 202.72 -1 -1 -1 -1000 -1000 -1000 -10 0.73
58 10 Pedestrian -1 -1 -1 189.46 158.93 203.42 198.27 -1 -1 -1 -1000 -1000 -1000 -10 0.69
58 52 Pedestrian -1 -1 -1 222.39 152.84 239.68 197.98 -1 -1 -1 -1000 -1000 -1000 -10 0.69
58 70 Pedestrian -1 -1 -1 712.08 167.99 730.71 222.89 -1 -1 -1 -1000 -1000 -1000 -10 0.64
58 72 Pedestrian -1 -1 -1 353.57 159.96 369.13 205.47 -1 -1 -1 -1000 -1000 -1000 -10 0.55
59 2 Car -1 -1 -1 1094.84 183.69 1218.36 236.59 -1 -1 -1 -1000 -1000 -1000 -10 0.95
59 63 Cyclist -1 -1 -1 447.14 153.89 551.59 281.72 -1 -1 -1 -1000 -1000 -1000 -10 0.94
59 60 Cyclist -1 -1 -1 334.48 159.19 404.02 252.69 -1 -1 -1 -1000 -1000 -1000 -10 0.89
59 61 Car -1 -1 -1 1032.72 183.05 1157.09 231.84 -1 -1 -1 -1000 -1000 -1000 -10 0.88
59 3 Car -1 -1 -1 951.61 182.60 1069.66 232.26 -1 -1 -1 -1000 -1000 -1000 -10 0.88
59 67 Car -1 -1 -1 602.41 171.77 638.40 202.46 -1 -1 -1 -1000 -1000 -1000 -10 0.79
59 52 Pedestrian -1 -1 -1 222.31 152.50 239.43 198.09 -1 -1 -1 -1000 -1000 -1000 -10 0.72
59 70 Pedestrian -1 -1 -1 715.33 167.60 734.13 223.41 -1 -1 -1 -1000 -1000 -1000 -10 0.68
59 10 Pedestrian -1 -1 -1 189.17 158.82 203.22 198.11 -1 -1 -1 -1000 -1000 -1000 -10 0.65
60 2 Car -1 -1 -1 1095.04 183.71 1218.36 236.58 -1 -1 -1 -1000 -1000 -1000 -10 0.95
60 63 Cyclist -1 -1 -1 404.63 159.60 502.04 274.57 -1 -1 -1 -1000 -1000 -1000 -10 0.92
60 61 Car -1 -1 -1 1033.04 182.90 1157.11 231.97 -1 -1 -1 -1000 -1000 -1000 -10 0.89
60 3 Car -1 -1 -1 951.34 182.50 1069.91 232.34 -1 -1 -1 -1000 -1000 -1000 -10 0.88
60 60 Cyclist -1 -1 -1 313.05 158.58 380.61 247.17 -1 -1 -1 -1000 -1000 -1000 -10 0.83
60 67 Car -1 -1 -1 602.61 171.76 638.41 202.43 -1 -1 -1 -1000 -1000 -1000 -10 0.82
60 73 Pedestrian -1 -1 -1 498.40 155.88 537.85 257.97 -1 -1 -1 -1000 -1000 -1000 -10 0.73
60 52 Pedestrian -1 -1 -1 222.40 152.07 239.42 197.94 -1 -1 -1 -1000 -1000 -1000 -10 0.69
60 10 Pedestrian -1 -1 -1 189.02 158.35 203.20 198.40 -1 -1 -1 -1000 -1000 -1000 -10 0.63
60 70 Pedestrian -1 -1 -1 716.16 167.66 735.00 223.44 -1 -1 -1 -1000 -1000 -1000 -10 0.57
61 2 Car -1 -1 -1 1095.25 183.66 1218.31 236.63 -1 -1 -1 -1000 -1000 -1000 -10 0.95
61 63 Cyclist -1 -1 -1 375.71 159.09 460.47 267.61 -1 -1 -1 -1000 -1000 -1000 -10 0.91
61 3 Car -1 -1 -1 951.45 182.37 1070.04 232.48 -1 -1 -1 -1000 -1000 -1000 -10 0.90
61 61 Car -1 -1 -1 1032.96 182.90 1157.12 232.01 -1 -1 -1 -1000 -1000 -1000 -10 0.89
61 67 Car -1 -1 -1 602.81 171.84 638.16 202.32 -1 -1 -1 -1000 -1000 -1000 -10 0.81
61 73 Pedestrian -1 -1 -1 487.58 157.73 533.01 260.49 -1 -1 -1 -1000 -1000 -1000 -10 0.79
61 60 Cyclist -1 -1 -1 304.32 158.31 364.35 243.80 -1 -1 -1 -1000 -1000 -1000 -10 0.70
61 10 Pedestrian -1 -1 -1 188.98 158.57 203.40 198.52 -1 -1 -1 -1000 -1000 -1000 -10 0.63
61 52 Pedestrian -1 -1 -1 222.02 152.11 239.36 198.39 -1 -1 -1 -1000 -1000 -1000 -10 0.62
61 70 Pedestrian -1 -1 -1 719.15 168.08 738.34 223.54 -1 -1 -1 -1000 -1000 -1000 -10 0.60
62 2 Car -1 -1 -1 1095.29 183.68 1218.19 236.52 -1 -1 -1 -1000 -1000 -1000 -10 0.95
62 63 Cyclist -1 -1 -1 350.65 160.32 426.17 260.28 -1 -1 -1 -1000 -1000 -1000 -10 0.89
62 61 Car -1 -1 -1 1032.95 182.90 1157.12 231.97 -1 -1 -1 -1000 -1000 -1000 -10 0.89
62 3 Car -1 -1 -1 951.42 182.42 1069.96 232.43 -1 -1 -1 -1000 -1000 -1000 -10 0.89
62 67 Car -1 -1 -1 602.67 171.91 638.27 202.40 -1 -1 -1 -1000 -1000 -1000 -10 0.80
62 73 Pedestrian -1 -1 -1 478.42 155.90 520.39 257.98 -1 -1 -1 -1000 -1000 -1000 -10 0.78
62 74 Cyclist -1 -1 -1 350.94 159.80 372.21 203.98 -1 -1 -1 -1000 -1000 -1000 -10 0.67
62 52 Pedestrian -1 -1 -1 222.29 152.33 238.99 197.59 -1 -1 -1 -1000 -1000 -1000 -10 0.66
62 10 Pedestrian -1 -1 -1 188.74 158.31 203.47 198.64 -1 -1 -1 -1000 -1000 -1000 -10 0.63
62 70 Pedestrian -1 -1 -1 721.09 170.10 742.16 223.93 -1 -1 -1 -1000 -1000 -1000 -10 0.49
62 75 Cyclist -1 -1 -1 369.95 159.05 384.36 197.97 -1 -1 -1 -1000 -1000 -1000 -10 0.41
62 76 Pedestrian -1 -1 -1 301.53 158.39 338.05 236.92 -1 -1 -1 -1000 -1000 -1000 -10 0.58
63 2 Car -1 -1 -1 1095.09 183.57 1218.39 236.43 -1 -1 -1 -1000 -1000 -1000 -10 0.95
63 61 Car -1 -1 -1 1032.79 182.90 1157.10 231.91 -1 -1 -1 -1000 -1000 -1000 -10 0.89
63 3 Car -1 -1 -1 951.49 182.49 1069.93 232.38 -1 -1 -1 -1000 -1000 -1000 -10 0.89
63 63 Cyclist -1 -1 -1 329.51 158.47 400.13 255.20 -1 -1 -1 -1000 -1000 -1000 -10 0.84
63 73 Pedestrian -1 -1 -1 465.52 157.14 509.96 255.48 -1 -1 -1 -1000 -1000 -1000 -10 0.83
63 67 Car -1 -1 -1 603.10 172.10 637.84 202.27 -1 -1 -1 -1000 -1000 -1000 -10 0.80
63 52 Pedestrian -1 -1 -1 222.26 151.61 239.05 197.79 -1 -1 -1 -1000 -1000 -1000 -10 0.66
63 10 Pedestrian -1 -1 -1 188.77 158.28 203.47 198.36 -1 -1 -1 -1000 -1000 -1000 -10 0.62
63 76 Pedestrian -1 -1 -1 296.10 158.25 328.19 230.88 -1 -1 -1 -1000 -1000 -1000 -10 0.52
63 70 Pedestrian -1 -1 -1 725.71 168.52 744.76 223.10 -1 -1 -1 -1000 -1000 -1000 -10 0.47
64 2 Car -1 -1 -1 1095.17 183.60 1218.37 236.60 -1 -1 -1 -1000 -1000 -1000 -10 0.95
64 61 Car -1 -1 -1 1032.96 182.96 1156.91 231.82 -1 -1 -1 -1000 -1000 -1000 -10 0.89
64 3 Car -1 -1 -1 951.42 182.46 1069.96 232.42 -1 -1 -1 -1000 -1000 -1000 -10 0.88
64 67 Car -1 -1 -1 603.12 172.12 637.98 202.29 -1 -1 -1 -1000 -1000 -1000 -10 0.82
64 73 Pedestrian -1 -1 -1 458.39 158.88 500.38 254.43 -1 -1 -1 -1000 -1000 -1000 -10 0.79
64 63 Cyclist -1 -1 -1 317.55 161.92 376.29 248.86 -1 -1 -1 -1000 -1000 -1000 -10 0.78
64 52 Pedestrian -1 -1 -1 222.35 152.01 238.79 197.53 -1 -1 -1 -1000 -1000 -1000 -10 0.69
64 10 Pedestrian -1 -1 -1 189.05 155.89 204.30 197.17 -1 -1 -1 -1000 -1000 -1000 -10 0.63
64 70 Pedestrian -1 -1 -1 726.88 169.52 747.23 225.22 -1 -1 -1 -1000 -1000 -1000 -10 0.62
64 78 Pedestrian -1 -1 -1 298.86 159.06 322.99 223.81 -1 -1 -1 -1000 -1000 -1000 -10 0.64
65 2 Car -1 -1 -1 1095.09 183.56 1218.39 236.53 -1 -1 -1 -1000 -1000 -1000 -10 0.95
65 61 Car -1 -1 -1 1032.64 182.87 1157.41 231.86 -1 -1 -1 -1000 -1000 -1000 -10 0.90
65 3 Car -1 -1 -1 951.24 182.37 1070.17 232.50 -1 -1 -1 -1000 -1000 -1000 -10 0.89
65 67 Car -1 -1 -1 603.26 172.02 637.71 202.32 -1 -1 -1 -1000 -1000 -1000 -10 0.80
65 73 Pedestrian -1 -1 -1 443.03 155.34 486.42 255.26 -1 -1 -1 -1000 -1000 -1000 -10 0.80
65 70 Pedestrian -1 -1 -1 730.61 170.44 750.52 224.91 -1 -1 -1 -1000 -1000 -1000 -10 0.70
65 52 Pedestrian -1 -1 -1 219.67 151.81 237.24 198.89 -1 -1 -1 -1000 -1000 -1000 -10 0.69
65 78 Pedestrian -1 -1 -1 295.97 158.10 319.01 222.68 -1 -1 -1 -1000 -1000 -1000 -10 0.68
65 10 Pedestrian -1 -1 -1 189.27 156.04 203.95 197.16 -1 -1 -1 -1000 -1000 -1000 -10 0.64
65 63 Cyclist -1 -1 -1 312.10 158.44 358.02 244.18 -1 -1 -1 -1000 -1000 -1000 -10 0.52
66 2 Car -1 -1 -1 1095.14 183.53 1218.28 236.61 -1 -1 -1 -1000 -1000 -1000 -10 0.95
66 61 Car -1 -1 -1 1032.85 182.80 1157.33 232.06 -1 -1 -1 -1000 -1000 -1000 -10 0.90
66 3 Car -1 -1 -1 951.34 182.40 1070.07 232.50 -1 -1 -1 -1000 -1000 -1000 -10 0.88
66 67 Car -1 -1 -1 603.33 172.15 637.83 202.34 -1 -1 -1 -1000 -1000 -1000 -10 0.82
66 73 Pedestrian -1 -1 -1 433.64 156.85 479.68 253.56 -1 -1 -1 -1000 -1000 -1000 -10 0.82
66 52 Pedestrian -1 -1 -1 218.59 151.90 235.97 198.03 -1 -1 -1 -1000 -1000 -1000 -10 0.71
66 78 Pedestrian -1 -1 -1 296.94 159.10 317.68 216.11 -1 -1 -1 -1000 -1000 -1000 -10 0.70
66 10 Pedestrian -1 -1 -1 189.42 156.00 203.83 197.26 -1 -1 -1 -1000 -1000 -1000 -10 0.66
66 70 Pedestrian -1 -1 -1 735.05 170.58 753.93 224.97 -1 -1 -1 -1000 -1000 -1000 -10 0.62
66 79 Pedestrian -1 -1 -1 308.04 157.78 346.53 238.30 -1 -1 -1 -1000 -1000 -1000 -10 0.54
66 80 Cyclist -1 -1 -1 308.04 157.78 346.53 238.30 -1 -1 -1 -1000 -1000 -1000 -10 0.47
67 2 Car -1 -1 -1 1095.09 183.59 1218.11 236.57 -1 -1 -1 -1000 -1000 -1000 -10 0.95
67 61 Car -1 -1 -1 1032.80 182.87 1157.39 231.89 -1 -1 -1 -1000 -1000 -1000 -10 0.91
67 3 Car -1 -1 -1 951.46 182.43 1069.87 232.47 -1 -1 -1 -1000 -1000 -1000 -10 0.88
67 67 Car -1 -1 -1 603.06 172.04 637.68 202.07 -1 -1 -1 -1000 -1000 -1000 -10 0.78
67 73 Pedestrian -1 -1 -1 429.07 156.79 468.99 249.45 -1 -1 -1 -1000 -1000 -1000 -10 0.75
67 78 Pedestrian -1 -1 -1 298.45 158.72 316.92 215.24 -1 -1 -1 -1000 -1000 -1000 -10 0.67
67 10 Pedestrian -1 -1 -1 189.52 155.95 203.67 197.11 -1 -1 -1 -1000 -1000 -1000 -10 0.67
67 52 Pedestrian -1 -1 -1 218.38 151.65 236.30 197.87 -1 -1 -1 -1000 -1000 -1000 -10 0.64
67 70 Pedestrian -1 -1 -1 740.49 169.53 761.01 226.87 -1 -1 -1 -1000 -1000 -1000 -10 0.62
67 79 Pedestrian -1 -1 -1 306.22 156.63 340.15 232.67 -1 -1 -1 -1000 -1000 -1000 -10 0.58
67 81 Cyclist -1 -1 -1 364.83 159.70 389.53 196.51 -1 -1 -1 -1000 -1000 -1000 -10 0.56
67 80 Cyclist -1 -1 -1 306.22 156.63 340.15 232.67 -1 -1 -1 -1000 -1000 -1000 -10 0.46
68 2 Car -1 -1 -1 1094.84 183.70 1218.55 236.68 -1 -1 -1 -1000 -1000 -1000 -10 0.95
68 61 Car -1 -1 -1 1032.93 182.88 1157.29 231.99 -1 -1 -1 -1000 -1000 -1000 -10 0.90
68 3 Car -1 -1 -1 951.33 182.37 1070.16 232.51 -1 -1 -1 -1000 -1000 -1000 -10 0.89
68 67 Car -1 -1 -1 603.23 171.85 637.69 202.28 -1 -1 -1 -1000 -1000 -1000 -10 0.80
68 73 Pedestrian -1 -1 -1 421.07 158.59 461.60 247.49 -1 -1 -1 -1000 -1000 -1000 -10 0.77
68 79 Pedestrian -1 -1 -1 309.48 155.58 337.43 227.72 -1 -1 -1 -1000 -1000 -1000 -10 0.73
68 70 Pedestrian -1 -1 -1 744.04 169.40 765.71 226.96 -1 -1 -1 -1000 -1000 -1000 -10 0.69
68 10 Pedestrian -1 -1 -1 189.21 156.08 203.71 197.26 -1 -1 -1 -1000 -1000 -1000 -10 0.64
68 52 Pedestrian -1 -1 -1 218.20 151.92 236.12 197.99 -1 -1 -1 -1000 -1000 -1000 -10 0.61
68 78 Pedestrian -1 -1 -1 298.66 156.07 323.25 218.92 -1 -1 -1 -1000 -1000 -1000 -10 0.54
68 81 Cyclist -1 -1 -1 365.39 161.02 389.77 195.86 -1 -1 -1 -1000 -1000 -1000 -10 0.46
69 2 Car -1 -1 -1 1095.29 183.60 1218.41 236.65 -1 -1 -1 -1000 -1000 -1000 -10 0.95
69 61 Car -1 -1 -1 1032.72 182.86 1157.44 231.96 -1 -1 -1 -1000 -1000 -1000 -10 0.90
69 3 Car -1 -1 -1 951.54 182.53 1069.90 232.38 -1 -1 -1 -1000 -1000 -1000 -10 0.89
69 67 Car -1 -1 -1 603.26 172.03 637.60 202.19 -1 -1 -1 -1000 -1000 -1000 -10 0.79
69 79 Pedestrian -1 -1 -1 315.12 158.31 338.47 224.20 -1 -1 -1 -1000 -1000 -1000 -10 0.75
69 73 Pedestrian -1 -1 -1 411.93 159.45 448.59 247.30 -1 -1 -1 -1000 -1000 -1000 -10 0.71
69 10 Pedestrian -1 -1 -1 189.92 159.16 202.38 198.06 -1 -1 -1 -1000 -1000 -1000 -10 0.66
69 70 Pedestrian -1 -1 -1 747.87 170.48 768.75 226.61 -1 -1 -1 -1000 -1000 -1000 -10 0.62
69 52 Pedestrian -1 -1 -1 218.23 152.09 236.07 197.79 -1 -1 -1 -1000 -1000 -1000 -10 0.60
69 78 Pedestrian -1 -1 -1 304.43 157.12 326.79 216.92 -1 -1 -1 -1000 -1000 -1000 -10 0.58
69 81 Cyclist -1 -1 -1 371.30 159.20 390.49 197.10 -1 -1 -1 -1000 -1000 -1000 -10 0.53
70 2 Car -1 -1 -1 1095.23 183.56 1218.26 236.49 -1 -1 -1 -1000 -1000 -1000 -10 0.95
70 61 Car -1 -1 -1 1032.50 182.82 1157.48 232.02 -1 -1 -1 -1000 -1000 -1000 -10 0.89
70 3 Car -1 -1 -1 951.58 182.49 1069.78 232.43 -1 -1 -1 -1000 -1000 -1000 -10 0.88
70 67 Car -1 -1 -1 602.96 172.03 637.77 202.39 -1 -1 -1 -1000 -1000 -1000 -10 0.77
70 73 Pedestrian -1 -1 -1 402.19 156.30 442.13 248.76 -1 -1 -1 -1000 -1000 -1000 -10 0.75
70 10 Pedestrian -1 -1 -1 186.84 158.56 200.62 199.48 -1 -1 -1 -1000 -1000 -1000 -10 0.74
70 79 Pedestrian -1 -1 -1 319.40 158.10 341.32 222.05 -1 -1 -1 -1000 -1000 -1000 -10 0.70
70 70 Pedestrian -1 -1 -1 750.30 170.58 769.49 225.22 -1 -1 -1 -1000 -1000 -1000 -10 0.65
70 52 Pedestrian -1 -1 -1 218.33 152.13 235.81 198.30 -1 -1 -1 -1000 -1000 -1000 -10 0.62
70 81 Cyclist -1 -1 -1 368.94 159.76 392.83 196.73 -1 -1 -1 -1000 -1000 -1000 -10 0.45
71 2 Car -1 -1 -1 1095.23 183.57 1218.27 236.71 -1 -1 -1 -1000 -1000 -1000 -10 0.95
71 61 Car -1 -1 -1 1032.98 182.89 1157.22 231.96 -1 -1 -1 -1000 -1000 -1000 -10 0.90
71 3 Car -1 -1 -1 951.43 182.44 1070.00 232.47 -1 -1 -1 -1000 -1000 -1000 -10 0.88
71 67 Car -1 -1 -1 602.97 171.92 637.74 202.32 -1 -1 -1 -1000 -1000 -1000 -10 0.77
71 10 Pedestrian -1 -1 -1 185.39 158.96 199.63 199.79 -1 -1 -1 -1000 -1000 -1000 -10 0.75
71 73 Pedestrian -1 -1 -1 390.38 157.70 433.08 248.55 -1 -1 -1 -1000 -1000 -1000 -10 0.75
71 52 Pedestrian -1 -1 -1 218.42 152.90 235.48 198.14 -1 -1 -1 -1000 -1000 -1000 -10 0.65
71 79 Pedestrian -1 -1 -1 322.29 156.54 347.30 218.07 -1 -1 -1 -1000 -1000 -1000 -10 0.64
71 70 Pedestrian -1 -1 -1 753.50 170.54 774.08 228.18 -1 -1 -1 -1000 -1000 -1000 -10 0.61
72 2 Car -1 -1 -1 1094.93 183.61 1218.46 236.64 -1 -1 -1 -1000 -1000 -1000 -10 0.95
72 61 Car -1 -1 -1 1032.53 182.82 1157.56 231.97 -1 -1 -1 -1000 -1000 -1000 -10 0.90
72 3 Car -1 -1 -1 951.49 182.47 1069.97 232.41 -1 -1 -1 -1000 -1000 -1000 -10 0.89
72 73 Pedestrian -1 -1 -1 383.90 157.82 423.74 246.37 -1 -1 -1 -1000 -1000 -1000 -10 0.83
72 67 Car -1 -1 -1 603.09 171.86 637.74 202.37 -1 -1 -1 -1000 -1000 -1000 -10 0.79
72 10 Pedestrian -1 -1 -1 185.43 159.00 199.42 200.05 -1 -1 -1 -1000 -1000 -1000 -10 0.77
72 70 Pedestrian -1 -1 -1 757.50 172.22 777.69 230.29 -1 -1 -1 -1000 -1000 -1000 -10 0.65
72 52 Pedestrian -1 -1 -1 218.15 152.99 235.29 198.56 -1 -1 -1 -1000 -1000 -1000 -10 0.61
72 82 Cyclist -1 -1 -1 331.27 158.34 360.47 215.11 -1 -1 -1 -1000 -1000 -1000 -10 0.47
72 83 Pedestrian -1 -1 -1 331.27 158.34 360.47 215.11 -1 -1 -1 -1000 -1000 -1000 -10 0.46
73 2 Car -1 -1 -1 1095.20 183.53 1218.17 236.59 -1 -1 -1 -1000 -1000 -1000 -10 0.95
73 61 Car -1 -1 -1 1032.53 182.81 1157.51 232.05 -1 -1 -1 -1000 -1000 -1000 -10 0.90
73 3 Car -1 -1 -1 951.40 182.49 1070.04 232.43 -1 -1 -1 -1000 -1000 -1000 -10 0.89
73 73 Pedestrian -1 -1 -1 379.96 158.83 420.68 246.09 -1 -1 -1 -1000 -1000 -1000 -10 0.80
73 67 Car -1 -1 -1 603.07 171.75 637.88 202.51 -1 -1 -1 -1000 -1000 -1000 -10 0.80
73 10 Pedestrian -1 -1 -1 185.25 158.14 199.47 199.94 -1 -1 -1 -1000 -1000 -1000 -10 0.74
73 84 Car -1 -1 -1 459.56 172.97 485.37 193.69 -1 -1 -1 -1000 -1000 -1000 -10 0.73
73 70 Pedestrian -1 -1 -1 760.21 170.61 781.82 232.48 -1 -1 -1 -1000 -1000 -1000 -10 0.71
73 52 Pedestrian -1 -1 -1 218.12 152.63 235.51 198.43 -1 -1 -1 -1000 -1000 -1000 -10 0.61
74 2 Car -1 -1 -1 1095.14 183.55 1218.43 236.62 -1 -1 -1 -1000 -1000 -1000 -10 0.95
74 61 Car -1 -1 -1 1032.46 182.97 1157.39 231.82 -1 -1 -1 -1000 -1000 -1000 -10 0.89
74 3 Car -1 -1 -1 951.40 182.48 1069.92 232.40 -1 -1 -1 -1000 -1000 -1000 -10 0.88
74 67 Car -1 -1 -1 602.88 171.77 637.96 202.48 -1 -1 -1 -1000 -1000 -1000 -10 0.80
74 73 Pedestrian -1 -1 -1 378.09 159.20 414.48 243.26 -1 -1 -1 -1000 -1000 -1000 -10 0.75
74 84 Car -1 -1 -1 459.45 172.67 486.39 193.80 -1 -1 -1 -1000 -1000 -1000 -10 0.73
74 10 Pedestrian -1 -1 -1 184.83 158.02 199.33 199.73 -1 -1 -1 -1000 -1000 -1000 -10 0.70
74 70 Pedestrian -1 -1 -1 763.77 170.70 786.07 231.78 -1 -1 -1 -1000 -1000 -1000 -10 0.65
74 86 Pedestrian -1 -1 -1 199.81 153.98 215.17 197.61 -1 -1 -1 -1000 -1000 -1000 -10 0.65
74 52 Pedestrian -1 -1 -1 218.55 152.51 235.66 197.58 -1 -1 -1 -1000 -1000 -1000 -10 0.64
74 85 Cyclist -1 -1 -1 350.69 159.00 380.55 213.31 -1 -1 -1 -1000 -1000 -1000 -10 0.56
75 2 Car -1 -1 -1 1095.12 183.58 1218.40 236.50 -1 -1 -1 -1000 -1000 -1000 -10 0.95
75 61 Car -1 -1 -1 1032.64 182.98 1157.55 231.90 -1 -1 -1 -1000 -1000 -1000 -10 0.90
75 3 Car -1 -1 -1 951.31 182.44 1070.24 232.46 -1 -1 -1 -1000 -1000 -1000 -10 0.89
75 73 Pedestrian -1 -1 -1 372.97 156.68 411.20 241.84 -1 -1 -1 -1000 -1000 -1000 -10 0.83
75 67 Car -1 -1 -1 602.84 171.74 638.01 202.60 -1 -1 -1 -1000 -1000 -1000 -10 0.80
75 10 Pedestrian -1 -1 -1 182.94 158.20 197.01 199.59 -1 -1 -1 -1000 -1000 -1000 -10 0.72
75 84 Car -1 -1 -1 459.29 172.75 486.47 193.61 -1 -1 -1 -1000 -1000 -1000 -10 0.72
75 86 Pedestrian -1 -1 -1 198.25 154.87 212.54 197.16 -1 -1 -1 -1000 -1000 -1000 -10 0.71
75 70 Pedestrian -1 -1 -1 766.42 170.93 788.43 232.20 -1 -1 -1 -1000 -1000 -1000 -10 0.65
75 52 Pedestrian -1 -1 -1 218.50 152.42 235.64 197.54 -1 -1 -1 -1000 -1000 -1000 -10 0.64
75 85 Cyclist -1 -1 -1 358.82 158.35 386.92 213.93 -1 -1 -1 -1000 -1000 -1000 -10 0.47
75 87 Pedestrian -1 -1 -1 358.82 158.35 386.92 213.93 -1 -1 -1 -1000 -1000 -1000 -10 0.46
76 2 Car -1 -1 -1 1095.14 183.49 1218.35 236.37 -1 -1 -1 -1000 -1000 -1000 -10 0.95
76 61 Car -1 -1 -1 1032.74 182.88 1157.40 231.95 -1 -1 -1 -1000 -1000 -1000 -10 0.90
76 3 Car -1 -1 -1 951.25 182.48 1070.26 232.47 -1 -1 -1 -1000 -1000 -1000 -10 0.88
76 67 Car -1 -1 -1 602.84 171.90 638.04 202.54 -1 -1 -1 -1000 -1000 -1000 -10 0.79
76 73 Pedestrian -1 -1 -1 373.50 158.39 409.12 240.56 -1 -1 -1 -1000 -1000 -1000 -10 0.74
76 70 Pedestrian -1 -1 -1 766.48 171.75 789.54 232.77 -1 -1 -1 -1000 -1000 -1000 -10 0.73
76 86 Pedestrian -1 -1 -1 197.15 154.74 212.36 197.38 -1 -1 -1 -1000 -1000 -1000 -10 0.72
76 10 Pedestrian -1 -1 -1 183.33 159.06 195.77 198.56 -1 -1 -1 -1000 -1000 -1000 -10 0.71
76 84 Car -1 -1 -1 458.67 173.27 486.37 193.20 -1 -1 -1 -1000 -1000 -1000 -10 0.67
76 85 Cyclist -1 -1 -1 360.99 160.52 385.97 204.66 -1 -1 -1 -1000 -1000 -1000 -10 0.64
76 52 Pedestrian -1 -1 -1 218.29 152.51 235.69 197.92 -1 -1 -1 -1000 -1000 -1000 -10 0.64
77 2 Car -1 -1 -1 1094.99 183.54 1218.06 236.65 -1 -1 -1 -1000 -1000 -1000 -10 0.95
77 61 Car -1 -1 -1 1032.69 183.02 1157.32 231.83 -1 -1 -1 -1000 -1000 -1000 -10 0.89
77 3 Car -1 -1 -1 951.37 182.42 1069.98 232.49 -1 -1 -1 -1000 -1000 -1000 -10 0.88
77 73 Pedestrian -1 -1 -1 371.52 158.21 404.79 238.33 -1 -1 -1 -1000 -1000 -1000 -10 0.83
77 67 Car -1 -1 -1 603.07 171.92 637.89 202.55 -1 -1 -1 -1000 -1000 -1000 -10 0.80
77 70 Pedestrian -1 -1 -1 766.79 171.68 789.14 232.79 -1 -1 -1 -1000 -1000 -1000 -10 0.76
77 10 Pedestrian -1 -1 -1 183.14 158.42 196.09 198.83 -1 -1 -1 -1000 -1000 -1000 -10 0.72
77 86 Pedestrian -1 -1 -1 197.20 154.41 213.07 197.52 -1 -1 -1 -1000 -1000 -1000 -10 0.71
77 84 Car -1 -1 -1 459.40 172.70 486.99 193.43 -1 -1 -1 -1000 -1000 -1000 -10 0.64
77 52 Pedestrian -1 -1 -1 218.35 152.34 235.78 197.84 -1 -1 -1 -1000 -1000 -1000 -10 0.62
77 85 Cyclist -1 -1 -1 362.98 160.49 384.12 204.03 -1 -1 -1 -1000 -1000 -1000 -10 0.51
78 2 Car -1 -1 -1 1095.43 183.58 1218.36 236.59 -1 -1 -1 -1000 -1000 -1000 -10 0.95
78 61 Car -1 -1 -1 1032.49 182.92 1157.59 231.93 -1 -1 -1 -1000 -1000 -1000 -10 0.90
78 3 Car -1 -1 -1 951.43 182.56 1069.97 232.33 -1 -1 -1 -1000 -1000 -1000 -10 0.88
78 73 Pedestrian -1 -1 -1 372.91 162.54 402.77 235.32 -1 -1 -1 -1000 -1000 -1000 -10 0.82
78 67 Car -1 -1 -1 603.01 171.90 637.93 202.47 -1 -1 -1 -1000 -1000 -1000 -10 0.80
78 10 Pedestrian -1 -1 -1 183.21 158.50 196.03 198.82 -1 -1 -1 -1000 -1000 -1000 -10 0.71
78 86 Pedestrian -1 -1 -1 197.38 154.61 212.84 197.48 -1 -1 -1 -1000 -1000 -1000 -10 0.70
78 84 Car -1 -1 -1 457.77 172.66 487.63 193.29 -1 -1 -1 -1000 -1000 -1000 -10 0.70
78 70 Pedestrian -1 -1 -1 767.55 170.10 790.94 233.89 -1 -1 -1 -1000 -1000 -1000 -10 0.67
78 52 Pedestrian -1 -1 -1 218.37 152.23 235.74 197.92 -1 -1 -1 -1000 -1000 -1000 -10 0.60
78 85 Cyclist -1 -1 -1 361.85 163.11 385.70 201.38 -1 -1 -1 -1000 -1000 -1000 -10 0.56
79 2 Car -1 -1 -1 1095.18 183.66 1218.54 236.70 -1 -1 -1 -1000 -1000 -1000 -10 0.95
79 61 Car -1 -1 -1 1032.99 182.85 1157.25 231.96 -1 -1 -1 -1000 -1000 -1000 -10 0.91
79 3 Car -1 -1 -1 951.21 182.44 1070.17 232.46 -1 -1 -1 -1000 -1000 -1000 -10 0.88
79 67 Car -1 -1 -1 603.03 171.75 637.96 202.76 -1 -1 -1 -1000 -1000 -1000 -10 0.81
79 73 Pedestrian -1 -1 -1 372.34 160.24 403.15 235.72 -1 -1 -1 -1000 -1000 -1000 -10 0.80
79 84 Car -1 -1 -1 457.79 172.61 487.79 193.33 -1 -1 -1 -1000 -1000 -1000 -10 0.71
79 86 Pedestrian -1 -1 -1 197.47 154.56 212.80 197.19 -1 -1 -1 -1000 -1000 -1000 -10 0.70
79 10 Pedestrian -1 -1 -1 183.26 158.60 196.07 198.63 -1 -1 -1 -1000 -1000 -1000 -10 0.70
79 70 Pedestrian -1 -1 -1 771.05 171.10 793.47 235.35 -1 -1 -1 -1000 -1000 -1000 -10 0.68
79 52 Pedestrian -1 -1 -1 218.75 152.82 235.65 197.63 -1 -1 -1 -1000 -1000 -1000 -10 0.65
80 2 Car -1 -1 -1 1094.98 183.47 1218.07 236.59 -1 -1 -1 -1000 -1000 -1000 -10 0.95
80 61 Car -1 -1 -1 1032.82 182.93 1157.31 231.94 -1 -1 -1 -1000 -1000 -1000 -10 0.90
80 3 Car -1 -1 -1 951.31 182.40 1070.16 232.49 -1 -1 -1 -1000 -1000 -1000 -10 0.89
80 67 Car -1 -1 -1 602.99 171.92 637.79 202.62 -1 -1 -1 -1000 -1000 -1000 -10 0.79
80 73 Pedestrian -1 -1 -1 371.89 160.03 403.40 234.78 -1 -1 -1 -1000 -1000 -1000 -10 0.76
80 84 Car -1 -1 -1 458.23 172.47 487.48 193.41 -1 -1 -1 -1000 -1000 -1000 -10 0.70
80 10 Pedestrian -1 -1 -1 183.21 158.73 195.97 198.48 -1 -1 -1 -1000 -1000 -1000 -10 0.70
80 86 Pedestrian -1 -1 -1 197.59 155.03 212.74 196.96 -1 -1 -1 -1000 -1000 -1000 -10 0.68
80 52 Pedestrian -1 -1 -1 218.88 153.26 235.13 197.46 -1 -1 -1 -1000 -1000 -1000 -10 0.68
80 70 Pedestrian -1 -1 -1 772.34 170.69 793.60 234.21 -1 -1 -1 -1000 -1000 -1000 -10 0.67
81 2 Car -1 -1 -1 1095.31 183.63 1218.26 236.65 -1 -1 -1 -1000 -1000 -1000 -10 0.95
81 61 Car -1 -1 -1 1032.53 182.86 1157.34 231.97 -1 -1 -1 -1000 -1000 -1000 -10 0.89
81 3 Car -1 -1 -1 951.46 182.40 1069.91 232.43 -1 -1 -1 -1000 -1000 -1000 -10 0.89
81 73 Pedestrian -1 -1 -1 369.25 160.95 399.17 233.84 -1 -1 -1 -1000 -1000 -1000 -10 0.79
81 67 Car -1 -1 -1 602.89 171.95 637.99 202.49 -1 -1 -1 -1000 -1000 -1000 -10 0.79
81 52 Pedestrian -1 -1 -1 219.43 153.99 234.52 197.21 -1 -1 -1 -1000 -1000 -1000 -10 0.72
81 84 Car -1 -1 -1 458.82 172.58 487.03 193.28 -1 -1 -1 -1000 -1000 -1000 -10 0.72
81 10 Pedestrian -1 -1 -1 183.16 159.10 195.71 198.36 -1 -1 -1 -1000 -1000 -1000 -10 0.71
81 86 Pedestrian -1 -1 -1 197.14 155.57 212.59 196.74 -1 -1 -1 -1000 -1000 -1000 -10 0.65
81 70 Pedestrian -1 -1 -1 771.71 170.56 794.01 235.62 -1 -1 -1 -1000 -1000 -1000 -10 0.65
81 88 Pedestrian -1 -1 -1 393.86 162.84 406.03 200.65 -1 -1 -1 -1000 -1000 -1000 -10 0.51
81 89 Pedestrian -1 -1 -1 406.85 163.13 417.55 197.68 -1 -1 -1 -1000 -1000 -1000 -10 0.43
82 2 Car -1 -1 -1 1095.13 183.52 1218.34 236.49 -1 -1 -1 -1000 -1000 -1000 -10 0.95
82 61 Car -1 -1 -1 1032.76 182.86 1157.41 231.96 -1 -1 -1 -1000 -1000 -1000 -10 0.90
82 3 Car -1 -1 -1 951.65 182.30 1069.82 232.59 -1 -1 -1 -1000 -1000 -1000 -10 0.89
82 67 Car -1 -1 -1 603.09 171.97 637.92 202.63 -1 -1 -1 -1000 -1000 -1000 -10 0.80
82 73 Pedestrian -1 -1 -1 367.78 159.89 394.67 230.04 -1 -1 -1 -1000 -1000 -1000 -10 0.78
82 52 Pedestrian -1 -1 -1 219.29 153.91 234.76 197.16 -1 -1 -1 -1000 -1000 -1000 -10 0.72
82 84 Car -1 -1 -1 458.48 172.47 487.51 193.55 -1 -1 -1 -1000 -1000 -1000 -10 0.71
82 10 Pedestrian -1 -1 -1 183.26 159.20 195.60 198.32 -1 -1 -1 -1000 -1000 -1000 -10 0.71
82 86 Pedestrian -1 -1 -1 197.04 154.91 212.78 196.86 -1 -1 -1 -1000 -1000 -1000 -10 0.68
82 70 Pedestrian -1 -1 -1 772.08 172.83 794.02 236.73 -1 -1 -1 -1000 -1000 -1000 -10 0.57
82 89 Pedestrian -1 -1 -1 409.25 162.92 421.16 197.92 -1 -1 -1 -1000 -1000 -1000 -10 0.47
82 90 Pedestrian -1 -1 -1 321.93 156.60 332.40 188.54 -1 -1 -1 -1000 -1000 -1000 -10 0.43
83 2 Car -1 -1 -1 1094.94 183.54 1218.57 236.60 -1 -1 -1 -1000 -1000 -1000 -10 0.95
83 61 Car -1 -1 -1 1032.63 182.86 1157.40 231.99 -1 -1 -1 -1000 -1000 -1000 -10 0.90
83 3 Car -1 -1 -1 951.30 182.39 1070.23 232.53 -1 -1 -1 -1000 -1000 -1000 -10 0.89
83 67 Car -1 -1 -1 602.81 172.04 638.04 202.54 -1 -1 -1 -1000 -1000 -1000 -10 0.79
83 73 Pedestrian -1 -1 -1 365.92 160.85 393.77 229.81 -1 -1 -1 -1000 -1000 -1000 -10 0.75
83 10 Pedestrian -1 -1 -1 182.84 158.82 195.69 198.55 -1 -1 -1 -1000 -1000 -1000 -10 0.72
83 84 Car -1 -1 -1 459.12 172.88 487.08 193.98 -1 -1 -1 -1000 -1000 -1000 -10 0.71
83 52 Pedestrian -1 -1 -1 219.15 153.88 234.68 197.24 -1 -1 -1 -1000 -1000 -1000 -10 0.70
83 86 Pedestrian -1 -1 -1 197.06 155.25 212.68 196.84 -1 -1 -1 -1000 -1000 -1000 -10 0.65
83 90 Pedestrian -1 -1 -1 322.40 156.71 332.18 188.84 -1 -1 -1 -1000 -1000 -1000 -10 0.65
83 70 Pedestrian -1 -1 -1 773.01 171.02 797.02 235.41 -1 -1 -1 -1000 -1000 -1000 -10 0.58
83 89 Pedestrian -1 -1 -1 409.37 162.71 421.21 198.05 -1 -1 -1 -1000 -1000 -1000 -10 0.52
84 2 Car -1 -1 -1 1095.24 183.67 1218.33 236.57 -1 -1 -1 -1000 -1000 -1000 -10 0.95
84 61 Car -1 -1 -1 1032.91 182.86 1157.28 231.99 -1 -1 -1 -1000 -1000 -1000 -10 0.90
84 3 Car -1 -1 -1 951.38 182.42 1069.91 232.46 -1 -1 -1 -1000 -1000 -1000 -10 0.88
84 73 Pedestrian -1 -1 -1 363.40 160.05 389.87 228.35 -1 -1 -1 -1000 -1000 -1000 -10 0.80
84 67 Car -1 -1 -1 603.23 172.12 637.74 202.36 -1 -1 -1 -1000 -1000 -1000 -10 0.79
84 70 Pedestrian -1 -1 -1 771.63 168.53 799.04 236.82 -1 -1 -1 -1000 -1000 -1000 -10 0.74
84 10 Pedestrian -1 -1 -1 182.22 159.14 195.00 198.57 -1 -1 -1 -1000 -1000 -1000 -10 0.70
84 84 Car -1 -1 -1 459.15 173.04 486.96 193.53 -1 -1 -1 -1000 -1000 -1000 -10 0.69
84 52 Pedestrian -1 -1 -1 219.04 153.66 234.83 197.21 -1 -1 -1 -1000 -1000 -1000 -10 0.67
84 86 Pedestrian -1 -1 -1 197.04 154.96 212.84 196.92 -1 -1 -1 -1000 -1000 -1000 -10 0.64
84 90 Pedestrian -1 -1 -1 322.29 156.75 332.21 188.79 -1 -1 -1 -1000 -1000 -1000 -10 0.63
84 89 Pedestrian -1 -1 -1 405.03 160.57 417.65 199.91 -1 -1 -1 -1000 -1000 -1000 -10 0.52
85 2 Car -1 -1 -1 1095.19 183.52 1218.14 236.62 -1 -1 -1 -1000 -1000 -1000 -10 0.95
85 61 Car -1 -1 -1 1032.55 182.88 1157.27 231.92 -1 -1 -1 -1000 -1000 -1000 -10 0.89
85 3 Car -1 -1 -1 951.39 182.48 1069.97 232.39 -1 -1 -1 -1000 -1000 -1000 -10 0.89
85 67 Car -1 -1 -1 603.23 171.89 637.77 202.36 -1 -1 -1 -1000 -1000 -1000 -10 0.80
85 73 Pedestrian -1 -1 -1 359.78 160.69 387.07 228.79 -1 -1 -1 -1000 -1000 -1000 -10 0.79
85 10 Pedestrian -1 -1 -1 182.30 159.33 195.00 198.50 -1 -1 -1 -1000 -1000 -1000 -10 0.70
85 84 Car -1 -1 -1 459.94 173.14 486.27 193.43 -1 -1 -1 -1000 -1000 -1000 -10 0.68
85 52 Pedestrian -1 -1 -1 218.82 153.61 234.99 197.57 -1 -1 -1 -1000 -1000 -1000 -10 0.67
85 86 Pedestrian -1 -1 -1 197.22 155.16 212.37 196.90 -1 -1 -1 -1000 -1000 -1000 -10 0.66
85 70 Pedestrian -1 -1 -1 773.58 169.21 799.92 236.99 -1 -1 -1 -1000 -1000 -1000 -10 0.63
85 90 Pedestrian -1 -1 -1 322.25 157.43 331.92 188.35 -1 -1 -1 -1000 -1000 -1000 -10 0.57
85 89 Pedestrian -1 -1 -1 406.03 163.25 417.20 196.58 -1 -1 -1 -1000 -1000 -1000 -10 0.55
85 91 Cyclist -1 -1 -1 419.52 164.44 434.34 194.11 -1 -1 -1 -1000 -1000 -1000 -10 0.43
86 2 Car -1 -1 -1 1094.91 183.51 1218.23 236.72 -1 -1 -1 -1000 -1000 -1000 -10 0.95
86 3 Car -1 -1 -1 951.21 182.34 1070.30 232.57 -1 -1 -1 -1000 -1000 -1000 -10 0.89
86 61 Car -1 -1 -1 1032.80 182.98 1157.15 231.89 -1 -1 -1 -1000 -1000 -1000 -10 0.89
86 67 Car -1 -1 -1 602.98 172.06 638.02 202.76 -1 -1 -1 -1000 -1000 -1000 -10 0.80
86 73 Pedestrian -1 -1 -1 355.49 158.90 383.62 230.88 -1 -1 -1 -1000 -1000 -1000 -10 0.80
86 10 Pedestrian -1 -1 -1 182.46 159.53 195.03 198.51 -1 -1 -1 -1000 -1000 -1000 -10 0.71
86 84 Car -1 -1 -1 459.56 173.01 486.74 193.67 -1 -1 -1 -1000 -1000 -1000 -10 0.70
86 86 Pedestrian -1 -1 -1 197.25 155.31 212.11 196.80 -1 -1 -1 -1000 -1000 -1000 -10 0.67
86 70 Pedestrian -1 -1 -1 775.47 171.35 804.92 238.80 -1 -1 -1 -1000 -1000 -1000 -10 0.65
86 52 Pedestrian -1 -1 -1 218.12 152.95 235.49 198.09 -1 -1 -1 -1000 -1000 -1000 -10 0.64
86 90 Pedestrian -1 -1 -1 322.40 157.33 332.13 188.49 -1 -1 -1 -1000 -1000 -1000 -10 0.57
86 89 Pedestrian -1 -1 -1 407.00 163.79 417.09 195.93 -1 -1 -1 -1000 -1000 -1000 -10 0.55