0 1 Pedestrian -1 -1 -1 614.72 166.45 628.46 206.03 -1 -1 -1 -1000 -1000 -1000 -10 0.81
0 2 Pedestrian -1 -1 -1 625.76 166.92 640.03 207.91 -1 -1 -1 -1000 -1000 -1000 -10 0.79
0 3 Pedestrian -1 -1 -1 571.39 160.62 586.64 204.82 -1 -1 -1 -1000 -1000 -1000 -10 0.74
0 4 Pedestrian -1 -1 -1 505.45 164.08 523.40 214.87 -1 -1 -1 -1000 -1000 -1000 -10 0.68
0 5 Pedestrian -1 -1 -1 533.45 160.16 548.18 205.28 -1 -1 -1 -1000 -1000 -1000 -10 0.67
0 6 Pedestrian -1 -1 -1 724.26 161.32 748.73 227.31 -1 -1 -1 -1000 -1000 -1000 -10 0.59
0 7 Pedestrian -1 -1 -1 552.67 161.15 567.08 206.62 -1 -1 -1 -1000 -1000 -1000 -10 0.59
0 8 Pedestrian -1 -1 -1 540.90 162.18 557.17 210.39 -1 -1 -1 -1000 -1000 -1000 -10 0.58
0 9 Pedestrian -1 -1 -1 480.58 158.01 502.64 217.05 -1 -1 -1 -1000 -1000 -1000 -10 0.56
1 7 Pedestrian -1 -1 -1 548.76 164.71 563.57 210.37 -1 -1 -1 -1000 -1000 -1000 -10 0.74
1 1 Pedestrian -1 -1 -1 616.10 166.51 626.97 208.95 -1 -1 -1 -1000 -1000 -1000 -10 0.74
1 9 Pedestrian -1 -1 -1 476.28 161.35 498.65 220.36 -1 -1 -1 -1000 -1000 -1000 -10 0.72
1 3 Pedestrian -1 -1 -1 567.92 163.99 582.53 207.59 -1 -1 -1 -1000 -1000 -1000 -10 0.72
1 2 Pedestrian -1 -1 -1 626.93 168.25 639.96 211.01 -1 -1 -1 -1000 -1000 -1000 -10 0.72
1 4 Pedestrian -1 -1 -1 501.20 163.34 521.41 219.86 -1 -1 -1 -1000 -1000 -1000 -10 0.69
1 8 Pedestrian -1 -1 -1 540.63 166.63 556.67 212.58 -1 -1 -1 -1000 -1000 -1000 -10 0.65
1 6 Pedestrian -1 -1 -1 730.96 163.42 756.02 230.82 -1 -1 -1 -1000 -1000 -1000 -10 0.64
1 5 Pedestrian -1 -1 -1 529.69 162.77 543.65 206.27 -1 -1 -1 -1000 -1000 -1000 -10 0.61
1 10 Pedestrian -1 -1 -1 603.81 164.96 609.62 186.79 -1 -1 -1 -1000 -1000 -1000 -10 0.53
2 4 Pedestrian -1 -1 -1 500.86 167.66 519.72 221.51 -1 -1 -1 -1000 -1000 -1000 -10 0.81
2 7 Pedestrian -1 -1 -1 547.37 163.63 565.38 216.37 -1 -1 -1 -1000 -1000 -1000 -10 0.80
2 6 Pedestrian -1 -1 -1 738.85 162.87 764.32 233.29 -1 -1 -1 -1000 -1000 -1000 -10 0.77
2 1 Pedestrian -1 -1 -1 619.09 168.53 631.83 212.23 -1 -1 -1 -1000 -1000 -1000 -10 0.75
2 9 Pedestrian -1 -1 -1 475.71 163.90 498.91 224.78 -1 -1 -1 -1000 -1000 -1000 -10 0.74
2 2 Pedestrian -1 -1 -1 630.19 169.12 644.63 214.12 -1 -1 -1 -1000 -1000 -1000 -10 0.74
2 3 Pedestrian -1 -1 -1 567.70 163.94 582.08 208.64 -1 -1 -1 -1000 -1000 -1000 -10 0.71
2 5 Pedestrian -1 -1 -1 527.35 163.41 541.53 208.76 -1 -1 -1 -1000 -1000 -1000 -10 0.67
2 10 Pedestrian -1 -1 -1 604.12 167.33 609.19 188.84 -1 -1 -1 -1000 -1000 -1000 -10 0.47
3 7 Pedestrian -1 -1 -1 546.10 160.69 567.93 220.43 -1 -1 -1 -1000 -1000 -1000 -10 0.80
3 3 Pedestrian -1 -1 -1 568.10 164.37 582.89 210.65 -1 -1 -1 -1000 -1000 -1000 -10 0.79
3 4 Pedestrian -1 -1 -1 500.06 167.16 519.51 221.90 -1 -1 -1 -1000 -1000 -1000 -10 0.76
3 6 Pedestrian -1 -1 -1 745.52 161.27 772.41 234.02 -1 -1 -1 -1000 -1000 -1000 -10 0.75
3 9 Pedestrian -1 -1 -1 476.28 162.96 499.46 226.25 -1 -1 -1 -1000 -1000 -1000 -10 0.75
3 5 Pedestrian -1 -1 -1 525.72 163.12 540.95 208.59 -1 -1 -1 -1000 -1000 -1000 -10 0.74
3 2 Pedestrian -1 -1 -1 633.65 166.77 648.92 216.25 -1 -1 -1 -1000 -1000 -1000 -10 0.72
3 1 Pedestrian -1 -1 -1 623.09 166.63 636.36 213.91 -1 -1 -1 -1000 -1000 -1000 -10 0.72
3 10 Pedestrian -1 -1 -1 603.79 164.51 609.91 188.97 -1 -1 -1 -1000 -1000 -1000 -10 0.59
4 6 Pedestrian -1 -1 -1 751.92 161.37 781.54 242.75 -1 -1 -1 -1000 -1000 -1000 -10 0.77
4 4 Pedestrian -1 -1 -1 496.77 166.59 516.41 224.48 -1 -1 -1 -1000 -1000 -1000 -10 0.73
4 1 Pedestrian -1 -1 -1 626.18 166.03 640.12 217.04 -1 -1 -1 -1000 -1000 -1000 -10 0.73
4 3 Pedestrian -1 -1 -1 565.68 163.06 584.90 220.51 -1 -1 -1 -1000 -1000 -1000 -10 0.72
4 9 Pedestrian -1 -1 -1 475.95 162.30 499.73 228.75 -1 -1 -1 -1000 -1000 -1000 -10 0.72
4 5 Pedestrian -1 -1 -1 524.67 162.48 540.57 210.95 -1 -1 -1 -1000 -1000 -1000 -10 0.71
4 7 Pedestrian -1 -1 -1 546.87 161.03 565.45 214.83 -1 -1 -1 -1000 -1000 -1000 -10 0.70
4 2 Pedestrian -1 -1 -1 636.18 166.18 652.49 217.28 -1 -1 -1 -1000 -1000 -1000 -10 0.68
5 5 Pedestrian -1 -1 -1 521.21 162.61 537.41 211.94 -1 -1 -1 -1000 -1000 -1000 -10 0.78
5 3 Pedestrian -1 -1 -1 567.90 164.05 590.04 225.54 -1 -1 -1 -1000 -1000 -1000 -10 0.78
5 9 Pedestrian -1 -1 -1 473.72 162.80 500.68 233.47 -1 -1 -1 -1000 -1000 -1000 -10 0.78
5 6 Pedestrian -1 -1 -1 758.77 162.04 789.24 244.36 -1 -1 -1 -1000 -1000 -1000 -10 0.77
5 2 Pedestrian -1 -1 -1 642.13 166.80 661.04 222.92 -1 -1 -1 -1000 -1000 -1000 -10 0.71
5 7 Pedestrian -1 -1 -1 546.36 161.49 565.29 214.32 -1 -1 -1 -1000 -1000 -1000 -10 0.70
5 1 Pedestrian -1 -1 -1 631.59 166.72 649.14 220.39 -1 -1 -1 -1000 -1000 -1000 -10 0.67
5 4 Pedestrian -1 -1 -1 492.07 162.39 514.72 228.12 -1 -1 -1 -1000 -1000 -1000 -10 0.67
6 3 Pedestrian -1 -1 -1 571.02 163.75 594.62 227.27 -1 -1 -1 -1000 -1000 -1000 -10 0.79
6 4 Pedestrian -1 -1 -1 488.81 166.25 510.57 229.26 -1 -1 -1 -1000 -1000 -1000 -10 0.74
6 1 Pedestrian -1 -1 -1 636.49 167.82 652.83 221.92 -1 -1 -1 -1000 -1000 -1000 -10 0.73
6 9 Pedestrian -1 -1 -1 473.21 162.73 500.70 235.01 -1 -1 -1 -1000 -1000 -1000 -10 0.72
6 6 Pedestrian -1 -1 -1 765.27 160.13 799.10 246.53 -1 -1 -1 -1000 -1000 -1000 -10 0.71
6 5 Pedestrian -1 -1 -1 516.65 161.11 534.79 215.69 -1 -1 -1 -1000 -1000 -1000 -10 0.71
6 7 Pedestrian -1 -1 -1 548.08 162.73 565.47 213.18 -1 -1 -1 -1000 -1000 -1000 -10 0.68
6 2 Pedestrian -1 -1 -1 649.30 166.32 669.95 225.43 -1 -1 -1 -1000 -1000 -1000 -10 0.64
7 6 Pedestrian -1 -1 -1 775.48 157.40 810.61 246.73 -1 -1 -1 -1000 -1000 -1000 -10 0.76
7 7 Pedestrian -1 -1 -1 548.52 158.76 565.01 209.23 -1 -1 -1 -1000 -1000 -1000 -10 0.76
7 3 Pedestrian -1 -1 -1 579.28 159.72 601.62 223.94 -1 -1 -1 -1000 -1000 -1000 -10 0.74
7 1 Pedestrian -1 -1 -1 643.25 160.04 661.36 223.08 -1 -1 -1 -1000 -1000 -1000 -10 0.71
7 5 Pedestrian -1 -1 -1 512.74 154.88 530.89 213.94 -1 -1 -1 -1000 -1000 -1000 -10 0.70
7 4 Pedestrian -1 -1 -1 483.12 153.55 508.00 227.86 -1 -1 -1 -1000 -1000 -1000 -10 0.68
7 9 Pedestrian -1 -1 -1 466.53 157.72 493.76 233.62 -1 -1 -1 -1000 -1000 -1000 -10 0.67
7 2 Pedestrian -1 -1 -1 655.61 161.15 678.94 225.76 -1 -1 -1 -1000 -1000 -1000 -10 0.65
7 11 Pedestrian -1 -1 -1 563.61 162.94 573.25 194.86 -1 -1 -1 -1000 -1000 -1000 -10 0.47
7 12 Pedestrian -1 -1 -1 535.99 159.77 554.40 211.68 -1 -1 -1 -1000 -1000 -1000 -10 0.44
8 7 Pedestrian -1 -1 -1 548.64 157.58 564.28 210.18 -1 -1 -1 -1000 -1000 -1000 -10 0.81
8 3 Pedestrian -1 -1 -1 589.43 159.71 614.45 223.39 -1 -1 -1 -1000 -1000 -1000 -10 0.79
8 12 Pedestrian -1 -1 -1 532.62 155.00 550.45 212.57 -1 -1 -1 -1000 -1000 -1000 -10 0.78
8 9 Pedestrian -1 -1 -1 458.22 157.43 487.03 233.80 -1 -1 -1 -1000 -1000 -1000 -10 0.77
8 13 Pedestrian -1 -1 -1 580.06 157.16 592.40 193.34 -1 -1 -1 -1000 -1000 -1000 -10 0.77
8 6 Pedestrian -1 -1 -1 784.99 152.27 824.75 253.33 -1 -1 -1 -1000 -1000 -1000 -10 0.75
8 5 Pedestrian -1 -1 -1 509.60 154.42 528.52 213.57 -1 -1 -1 -1000 -1000 -1000 -10 0.74
8 4 Pedestrian -1 -1 -1 479.34 162.19 502.25 227.14 -1 -1 -1 -1000 -1000 -1000 -10 0.73
8 11 Pedestrian -1 -1 -1 564.62 160.58 573.11 191.89 -1 -1 -1 -1000 -1000 -1000 -10 0.72
8 2 Pedestrian -1 -1 -1 660.16 160.09 683.06 226.94 -1 -1 -1 -1000 -1000 -1000 -10 0.68
8 1 Pedestrian -1 -1 -1 650.43 159.83 669.88 224.09 -1 -1 -1 -1000 -1000 -1000 -10 0.67
9 3 Pedestrian -1 -1 -1 599.32 162.72 627.67 233.98 -1 -1 -1 -1000 -1000 -1000 -10 0.79
9 6 Pedestrian -1 -1 -1 795.24 156.15 838.58 263.59 -1 -1 -1 -1000 -1000 -1000 -10 0.78
9 11 Pedestrian -1 -1 -1 567.85 163.61 576.78 195.28 -1 -1 -1 -1000 -1000 -1000 -10 0.76
9 7 Pedestrian -1 -1 -1 546.70 159.47 565.40 216.22 -1 -1 -1 -1000 -1000 -1000 -10 0.75
9 5 Pedestrian -1 -1 -1 503.92 160.64 524.38 218.27 -1 -1 -1 -1000 -1000 -1000 -10 0.75
9 2 Pedestrian -1 -1 -1 666.63 162.94 690.94 235.02 -1 -1 -1 -1000 -1000 -1000 -10 0.75
9 9 Pedestrian -1 -1 -1 446.57 161.13 476.28 240.92 -1 -1 -1 -1000 -1000 -1000 -10 0.74
9 4 Pedestrian -1 -1 -1 472.31 165.62 496.18 233.61 -1 -1 -1 -1000 -1000 -1000 -10 0.74
9 12 Pedestrian -1 -1 -1 527.21 158.47 546.96 217.86 -1 -1 -1 -1000 -1000 -1000 -10 0.72
9 13 Pedestrian -1 -1 -1 584.82 162.29 595.70 196.27 -1 -1 -1 -1000 -1000 -1000 -10 0.62
9 14 Cyclist -1 -1 -1 584.82 162.29 595.70 196.27 -1 -1 -1 -1000 -1000 -1000 -10 0.52
10 6 Pedestrian -1 -1 -1 811.71 157.26 859.08 270.77 -1 -1 -1 -1000 -1000 -1000 -10 0.80
10 4 Pedestrian -1 -1 -1 463.37 166.49 489.73 239.45 -1 -1 -1 -1000 -1000 -1000 -10 0.78
10 7 Pedestrian -1 -1 -1 542.52 161.14 562.58 221.12 -1 -1 -1 -1000 -1000 -1000 -10 0.74
10 5 Pedestrian -1 -1 -1 499.64 159.77 520.74 223.90 -1 -1 -1 -1000 -1000 -1000 -10 0.73
10 3 Pedestrian -1 -1 -1 614.09 163.20 643.39 239.70 -1 -1 -1 -1000 -1000 -1000 -10 0.73
10 9 Pedestrian -1 -1 -1 434.60 161.01 465.14 245.62 -1 -1 -1 -1000 -1000 -1000 -10 0.71
10 2 Pedestrian -1 -1 -1 672.22 164.25 701.07 241.67 -1 -1 -1 -1000 -1000 -1000 -10 0.70
10 11 Pedestrian -1 -1 -1 569.43 165.88 580.36 198.21 -1 -1 -1 -1000 -1000 -1000 -10 0.66
10 15 Pedestrian -1 -1 -1 477.70 156.67 495.79 209.12 -1 -1 -1 -1000 -1000 -1000 -10 0.65
10 12 Pedestrian -1 -1 -1 519.45 160.18 541.34 223.89 -1 -1 -1 -1000 -1000 -1000 -10 0.63
10 14 Cyclist -1 -1 -1 586.57 165.36 597.02 198.94 -1 -1 -1 -1000 -1000 -1000 -10 0.59
10 16 Pedestrian -1 -1 -1 586.57 165.36 597.02 198.94 -1 -1 -1 -1000 -1000 -1000 -10 0.53
11 6 Pedestrian -1 -1 -1 822.68 157.31 871.67 277.62 -1 -1 -1 -1000 -1000 -1000 -10 0.82
11 3 Pedestrian -1 -1 -1 626.20 163.60 655.81 240.07 -1 -1 -1 -1000 -1000 -1000 -10 0.76
11 4 Pedestrian -1 -1 -1 456.53 167.76 481.66 238.42 -1 -1 -1 -1000 -1000 -1000 -10 0.76
11 5 Pedestrian -1 -1 -1 494.40 158.58 518.63 224.88 -1 -1 -1 -1000 -1000 -1000 -10 0.75
11 7 Pedestrian -1 -1 -1 541.48 159.20 563.10 221.99 -1 -1 -1 -1000 -1000 -1000 -10 0.73
11 9 Pedestrian -1 -1 -1 421.59 160.44 455.58 250.50 -1 -1 -1 -1000 -1000 -1000 -10 0.72
11 2 Pedestrian -1 -1 -1 678.27 161.41 710.72 249.11 -1 -1 -1 -1000 -1000 -1000 -10 0.69
11 12 Pedestrian -1 -1 -1 514.62 158.50 537.93 224.85 -1 -1 -1 -1000 -1000 -1000 -10 0.69
11 11 Pedestrian -1 -1 -1 571.36 164.76 580.93 197.06 -1 -1 -1 -1000 -1000 -1000 -10 0.61
11 16 Pedestrian -1 -1 -1 589.34 164.46 601.31 198.94 -1 -1 -1 -1000 -1000 -1000 -10 0.50
11 14 Cyclist -1 -1 -1 589.34 164.46 601.31 198.94 -1 -1 -1 -1000 -1000 -1000 -10 0.47
12 4 Pedestrian -1 -1 -1 451.71 169.27 477.73 242.70 -1 -1 -1 -1000 -1000 -1000 -10 0.84
12 6 Pedestrian -1 -1 -1 839.27 156.32 892.62 288.12 -1 -1 -1 -1000 -1000 -1000 -10 0.81
12 3 Pedestrian -1 -1 -1 641.42 162.98 670.33 242.93 -1 -1 -1 -1000 -1000 -1000 -10 0.80
12 9 Pedestrian -1 -1 -1 413.25 160.26 446.99 251.82 -1 -1 -1 -1000 -1000 -1000 -10 0.77
12 12 Pedestrian -1 -1 -1 513.22 159.30 537.59 228.81 -1 -1 -1 -1000 -1000 -1000 -10 0.75
12 5 Pedestrian -1 -1 -1 491.65 158.40 515.69 228.75 -1 -1 -1 -1000 -1000 -1000 -10 0.73
12 2 Pedestrian -1 -1 -1 687.56 159.83 723.84 253.92 -1 -1 -1 -1000 -1000 -1000 -10 0.68
12 7 Pedestrian -1 -1 -1 541.63 160.67 562.30 223.08 -1 -1 -1 -1000 -1000 -1000 -10 0.63
12 17 Pedestrian -1 -1 -1 560.26 163.97 569.44 196.76 -1 -1 -1 -1000 -1000 -1000 -10 0.63
12 14 Cyclist -1 -1 -1 591.12 164.48 612.24 199.50 -1 -1 -1 -1000 -1000 -1000 -10 0.63
12 11 Pedestrian -1 -1 -1 575.45 165.28 585.05 198.17 -1 -1 -1 -1000 -1000 -1000 -10 0.62
13 14 Cyclist -1 -1 -1 593.93 165.26 618.01 201.48 -1 -1 -1 -1000 -1000 -1000 -10 0.79
13 11 Pedestrian -1 -1 -1 577.59 165.84 588.30 199.13 -1 -1 -1 -1000 -1000 -1000 -10 0.79
13 6 Pedestrian -1 -1 -1 857.36 157.22 914.25 300.31 -1 -1 -1 -1000 -1000 -1000 -10 0.78
13 3 Pedestrian -1 -1 -1 654.59 162.70 688.31 249.18 -1 -1 -1 -1000 -1000 -1000 -10 0.77
13 9 Pedestrian -1 -1 -1 400.38 158.95 437.05 259.42 -1 -1 -1 -1000 -1000 -1000 -10 0.77
13 7 Pedestrian -1 -1 -1 537.38 160.68 560.16 228.99 -1 -1 -1 -1000 -1000 -1000 -10 0.76
13 5 Pedestrian -1 -1 -1 488.37 158.04 516.21 232.31 -1 -1 -1 -1000 -1000 -1000 -10 0.74
13 4 Pedestrian -1 -1 -1 443.92 169.61 471.86 249.02 -1 -1 -1 -1000 -1000 -1000 -10 0.73
13 17 Pedestrian -1 -1 -1 562.41 164.71 573.85 199.74 -1 -1 -1 -1000 -1000 -1000 -10 0.72
13 2 Pedestrian -1 -1 -1 699.19 164.17 734.49 261.73 -1 -1 -1 -1000 -1000 -1000 -10 0.70
13 18 Pedestrian -1 -1 -1 718.60 166.09 754.38 263.47 -1 -1 -1 -1000 -1000 -1000 -10 0.65
13 12 Pedestrian -1 -1 -1 508.82 159.38 534.99 232.00 -1 -1 -1 -1000 -1000 -1000 -10 0.61
14 6 Pedestrian -1 -1 -1 877.81 155.16 946.52 310.11 -1 -1 -1 -1000 -1000 -1000 -10 0.84
14 12 Pedestrian -1 -1 -1 504.40 158.75 531.56 236.97 -1 -1 -1 -1000 -1000 -1000 -10 0.81
14 9 Pedestrian -1 -1 -1 386.60 158.44 427.19 267.83 -1 -1 -1 -1000 -1000 -1000 -10 0.80
14 3 Pedestrian -1 -1 -1 668.04 161.34 704.94 252.23 -1 -1 -1 -1000 -1000 -1000 -10 0.79
14 5 Pedestrian -1 -1 -1 484.97 158.98 512.17 235.96 -1 -1 -1 -1000 -1000 -1000 -10 0.77
14 4 Pedestrian -1 -1 -1 439.15 169.75 467.79 252.45 -1 -1 -1 -1000 -1000 -1000 -10 0.77
14 2 Pedestrian -1 -1 -1 712.99 163.64 751.52 270.95 -1 -1 -1 -1000 -1000 -1000 -10 0.76
14 11 Pedestrian -1 -1 -1 580.94 166.02 592.08 199.48 -1 -1 -1 -1000 -1000 -1000 -10 0.76
14 14 Cyclist -1 -1 -1 598.90 166.53 620.88 200.82 -1 -1 -1 -1000 -1000 -1000 -10 0.73
14 7 Pedestrian -1 -1 -1 534.94 158.36 561.74 233.12 -1 -1 -1 -1000 -1000 -1000 -10 0.70
14 18 Pedestrian -1 -1 -1 735.86 165.50 775.51 271.30 -1 -1 -1 -1000 -1000 -1000 -10 0.67
14 17 Pedestrian -1 -1 -1 563.90 165.55 573.52 198.25 -1 -1 -1 -1000 -1000 -1000 -10 0.66
15 6 Pedestrian -1 -1 -1 894.58 151.71 968.03 320.70 -1 -1 -1 -1000 -1000 -1000 -10 0.83
15 5 Pedestrian -1 -1 -1 480.62 157.94 509.32 238.81 -1 -1 -1 -1000 -1000 -1000 -10 0.82
15 9 Pedestrian -1 -1 -1 370.84 156.80 413.96 271.39 -1 -1 -1 -1000 -1000 -1000 -10 0.81
15 12 Pedestrian -1 -1 -1 500.27 157.50 529.60 239.30 -1 -1 -1 -1000 -1000 -1000 -10 0.76
15 11 Pedestrian -1 -1 -1 584.13 163.29 597.07 201.36 -1 -1 -1 -1000 -1000 -1000 -10 0.76
15 4 Pedestrian -1 -1 -1 430.78 169.22 461.73 255.80 -1 -1 -1 -1000 -1000 -1000 -10 0.74
15 3 Pedestrian -1 -1 -1 692.27 162.13 726.03 256.46 -1 -1 -1 -1000 -1000 -1000 -10 0.74
15 7 Pedestrian -1 -1 -1 534.83 158.52 562.79 232.14 -1 -1 -1 -1000 -1000 -1000 -10 0.71
15 2 Pedestrian -1 -1 -1 729.68 161.01 772.65 281.29 -1 -1 -1 -1000 -1000 -1000 -10 0.70
15 18 Pedestrian -1 -1 -1 756.26 164.02 800.07 279.78 -1 -1 -1 -1000 -1000 -1000 -10 0.69
15 17 Pedestrian -1 -1 -1 565.08 163.74 577.25 200.36 -1 -1 -1 -1000 -1000 -1000 -10 0.69
15 14 Cyclist -1 -1 -1 605.19 164.18 624.11 201.45 -1 -1 -1 -1000 -1000 -1000 -10 0.67
15 20 Pedestrian -1 -1 -1 605.19 164.18 624.11 201.45 -1 -1 -1 -1000 -1000 -1000 -10 0.44
16 6 Pedestrian -1 -1 -1 915.74 153.55 992.49 334.07 -1 -1 -1 -1000 -1000 -1000 -10 0.82
16 9 Pedestrian -1 -1 -1 354.18 158.14 398.77 275.40 -1 -1 -1 -1000 -1000 -1000 -10 0.82
16 3 Pedestrian -1 -1 -1 704.03 159.63 745.55 261.79 -1 -1 -1 -1000 -1000 -1000 -10 0.81
16 18 Pedestrian -1 -1 -1 771.74 165.55 823.50 291.39 -1 -1 -1 -1000 -1000 -1000 -10 0.80
16 4 Pedestrian -1 -1 -1 425.59 166.82 458.19 258.75 -1 -1 -1 -1000 -1000 -1000 -10 0.80
16 5 Pedestrian -1 -1 -1 476.49 155.43 507.58 241.79 -1 -1 -1 -1000 -1000 -1000 -10 0.78
16 12 Pedestrian -1 -1 -1 498.03 154.75 529.74 242.88 -1 -1 -1 -1000 -1000 -1000 -10 0.77
16 11 Pedestrian -1 -1 -1 590.01 165.44 600.70 200.02 -1 -1 -1 -1000 -1000 -1000 -10 0.74
16 7 Pedestrian -1 -1 -1 555.19 165.75 573.35 217.20 -1 -1 -1 -1000 -1000 -1000 -10 0.74
16 2 Pedestrian -1 -1 -1 742.62 158.31 791.70 292.35 -1 -1 -1 -1000 -1000 -1000 -10 0.73
16 14 Cyclist -1 -1 -1 611.10 163.87 630.45 202.03 -1 -1 -1 -1000 -1000 -1000 -10 0.62
16 17 Pedestrian -1 -1 -1 572.72 162.07 584.84 199.46 -1 -1 -1 -1000 -1000 -1000 -10 0.59
16 20 Pedestrian -1 -1 -1 611.10 163.87 630.45 202.03 -1 -1 -1 -1000 -1000 -1000 -10 0.54
16 21 Pedestrian -1 -1 -1 533.32 157.52 563.46 237.59 -1 -1 -1 -1000 -1000 -1000 -10 0.74
17 9 Pedestrian -1 -1 -1 334.15 157.72 381.19 285.78 -1 -1 -1 -1000 -1000 -1000 -10 0.85
17 5 Pedestrian -1 -1 -1 471.41 156.95 504.54 247.21 -1 -1 -1 -1000 -1000 -1000 -10 0.84
17 2 Pedestrian -1 -1 -1 760.78 161.16 819.06 310.70 -1 -1 -1 -1000 -1000 -1000 -10 0.83
17 12 Pedestrian -1 -1 -1 491.57 159.20 522.74 246.06 -1 -1 -1 -1000 -1000 -1000 -10 0.83
17 3 Pedestrian -1 -1 -1 719.74 160.95 759.93 266.63 -1 -1 -1 -1000 -1000 -1000 -10 0.81
17 6 Pedestrian -1 -1 -1 936.39 150.20 1017.83 345.54 -1 -1 -1 -1000 -1000 -1000 -10 0.80
17 4 Pedestrian -1 -1 -1 417.66 169.20 451.48 264.19 -1 -1 -1 -1000 -1000 -1000 -10 0.79
17 18 Pedestrian -1 -1 -1 796.41 165.04 851.53 307.07 -1 -1 -1 -1000 -1000 -1000 -10 0.78
17 21 Pedestrian -1 -1 -1 529.92 156.40 559.44 242.72 -1 -1 -1 -1000 -1000 -1000 -10 0.71
17 7 Pedestrian -1 -1 -1 565.42 165.03 585.73 221.98 -1 -1 -1 -1000 -1000 -1000 -10 0.71
17 11 Pedestrian -1 -1 -1 596.01 166.00 607.00 201.52 -1 -1 -1 -1000 -1000 -1000 -10 0.68
17 17 Pedestrian -1 -1 -1 576.80 165.40 589.23 201.62 -1 -1 -1 -1000 -1000 -1000 -10 0.61
17 20 Pedestrian -1 -1 -1 616.56 165.00 633.33 202.28 -1 -1 -1 -1000 -1000 -1000 -10 0.54
17 14 Cyclist -1 -1 -1 616.56 165.00 633.33 202.28 -1 -1 -1 -1000 -1000 -1000 -10 0.51
18 9 Pedestrian -1 -1 -1 317.53 155.60 367.04 294.33 -1 -1 -1 -1000 -1000 -1000 -10 0.86
18 5 Pedestrian -1 -1 -1 467.17 156.72 499.56 247.29 -1 -1 -1 -1000 -1000 -1000 -10 0.84
18 4 Pedestrian -1 -1 -1 412.27 166.49 448.37 267.63 -1 -1 -1 -1000 -1000 -1000 -10 0.84
18 12 Pedestrian -1 -1 -1 483.04 155.81 516.14 249.82 -1 -1 -1 -1000 -1000 -1000 -10 0.82
18 2 Pedestrian -1 -1 -1 789.12 155.92 851.62 324.90 -1 -1 -1 -1000 -1000 -1000 -10 0.81
18 3 Pedestrian -1 -1 -1 734.57 158.86 775.73 267.80 -1 -1 -1 -1000 -1000 -1000 -10 0.78
18 6 Pedestrian -1 -1 -1 962.22 141.11 1053.09 355.99 -1 -1 -1 -1000 -1000 -1000 -10 0.78
18 14 Cyclist -1 -1 -1 619.76 163.14 644.85 202.73 -1 -1 -1 -1000 -1000 -1000 -10 0.72
18 18 Pedestrian -1 -1 -1 823.48 159.87 885.77 322.09 -1 -1 -1 -1000 -1000 -1000 -10 0.72
18 7 Pedestrian -1 -1 -1 573.04 162.54 594.47 221.35 -1 -1 -1 -1000 -1000 -1000 -10 0.71
18 22 Pedestrian -1 -1 -1 707.25 168.47 726.89 234.55 -1 -1 -1 -1000 -1000 -1000 -10 0.70
18 21 Pedestrian -1 -1 -1 528.68 154.78 560.60 244.51 -1 -1 -1 -1000 -1000 -1000 -10 0.69
18 11 Pedestrian -1 -1 -1 600.09 164.70 610.69 199.32 -1 -1 -1 -1000 -1000 -1000 -10 0.66
18 17 Pedestrian -1 -1 -1 578.32 165.89 589.87 201.10 -1 -1 -1 -1000 -1000 -1000 -10 0.42
19 9 Pedestrian -1 -1 -1 293.61 154.65 345.73 302.56 -1 -1 -1 -1000 -1000 -1000 -10 0.85
19 5 Pedestrian -1 -1 -1 457.89 150.57 494.72 253.22 -1 -1 -1 -1000 -1000 -1000 -10 0.81
19 3 Pedestrian -1 -1 -1 743.77 157.57 789.69 278.11 -1 -1 -1 -1000 -1000 -1000 -10 0.79
19 12 Pedestrian -1 -1 -1 472.80 152.73 510.25 253.61 -1 -1 -1 -1000 -1000 -1000 -10 0.78
19 4 Pedestrian -1 -1 -1 399.73 165.39 438.49 271.65 -1 -1 -1 -1000 -1000 -1000 -10 0.78
19 21 Pedestrian -1 -1 -1 523.84 152.84 557.98 250.08 -1 -1 -1 -1000 -1000 -1000 -10 0.75
19 7 Pedestrian -1 -1 -1 580.84 159.94 601.18 222.55 -1 -1 -1 -1000 -1000 -1000 -10 0.75
19 6 Pedestrian -1 -1 -1 992.06 149.44 1092.34 369.29 -1 -1 -1 -1000 -1000 -1000 -10 0.69
19 18 Pedestrian -1 -1 -1 858.24 165.69 920.29 337.62 -1 -1 -1 -1000 -1000 -1000 -10 0.68
19 2 Pedestrian -1 -1 -1 823.90 152.57 893.15 343.77 -1 -1 -1 -1000 -1000 -1000 -10 0.67
19 17 Pedestrian -1 -1 -1 580.47 159.38 594.57 206.42 -1 -1 -1 -1000 -1000 -1000 -10 0.66
19 11 Pedestrian -1 -1 -1 604.27 164.69 614.32 199.29 -1 -1 -1 -1000 -1000 -1000 -10 0.63
19 22 Pedestrian -1 -1 -1 714.19 167.86 734.47 237.33 -1 -1 -1 -1000 -1000 -1000 -10 0.61
19 14 Cyclist -1 -1 -1 625.64 162.73 640.98 202.19 -1 -1 -1 -1000 -1000 -1000 -10 0.52
19 23 Pedestrian -1 -1 -1 625.64 162.73 640.98 202.19 -1 -1 -1 -1000 -1000 -1000 -10 0.70
20 9 Pedestrian -1 -1 -1 267.76 151.60 325.10 313.27 -1 -1 -1 -1000 -1000 -1000 -10 0.83
20 4 Pedestrian -1 -1 -1 382.88 164.61 424.80 276.51 -1 -1 -1 -1000 -1000 -1000 -10 0.82
20 3 Pedestrian -1 -1 -1 749.49 155.29 799.99 281.04 -1 -1 -1 -1000 -1000 -1000 -10 0.79
20 5 Pedestrian -1 -1 -1 449.45 148.69 488.29 255.97 -1 -1 -1 -1000 -1000 -1000 -10 0.78
20 21 Pedestrian -1 -1 -1 517.43 154.08 550.82 249.19 -1 -1 -1 -1000 -1000 -1000 -10 0.78
20 12 Pedestrian -1 -1 -1 460.15 149.11 500.25 256.64 -1 -1 -1 -1000 -1000 -1000 -10 0.76
20 17 Pedestrian -1 -1 -1 584.70 161.13 596.91 199.48 -1 -1 -1 -1000 -1000 -1000 -10 0.75
20 7 Pedestrian -1 -1 -1 591.43 163.14 613.84 223.84 -1 -1 -1 -1000 -1000 -1000 -10 0.71
20 6 Pedestrian -1 -1 -1 1010.44 143.08 1120.08 367.93 -1 -1 -1 -1000 -1000 -1000 -10 0.70
20 2 Pedestrian -1 -1 -1 863.30 152.23 945.91 359.88 -1 -1 -1 -1000 -1000 -1000 -10 0.69
20 23 Pedestrian -1 -1 -1 630.44 160.78 643.43 200.73 -1 -1 -1 -1000 -1000 -1000 -10 0.65
20 11 Pedestrian -1 -1 -1 604.35 162.24 616.62 197.31 -1 -1 -1 -1000 -1000 -1000 -10 0.63
20 22 Pedestrian -1 -1 -1 717.28 165.05 739.02 240.25 -1 -1 -1 -1000 -1000 -1000 -10 0.60
20 18 Pedestrian -1 -1 -1 892.22 158.40 978.02 361.23 -1 -1 -1 -1000 -1000 -1000 -10 0.60
21 5 Pedestrian -1 -1 -1 444.08 149.52 485.53 261.80 -1 -1 -1 -1000 -1000 -1000 -10 0.89
21 3 Pedestrian -1 -1 -1 761.07 160.52 811.55 289.07 -1 -1 -1 -1000 -1000 -1000 -10 0.83
21 9 Pedestrian -1 -1 -1 237.94 146.49 302.08 327.08 -1 -1 -1 -1000 -1000 -1000 -10 0.82
21 4 Pedestrian -1 -1 -1 368.55 162.16 408.07 274.85 -1 -1 -1 -1000 -1000 -1000 -10 0.79
21 6 Pedestrian -1 -1 -1 1033.98 147.59 1165.05 363.41 -1 -1 -1 -1000 -1000 -1000 -10 0.77
21 17 Pedestrian -1 -1 -1 586.77 162.50 596.27 196.32 -1 -1 -1 -1000 -1000 -1000 -10 0.77
21 21 Pedestrian -1 -1 -1 510.77 152.26 547.92 254.44 -1 -1 -1 -1000 -1000 -1000 -10 0.76
21 7 Pedestrian -1 -1 -1 601.43 160.40 627.16 227.11 -1 -1 -1 -1000 -1000 -1000 -10 0.74
21 24 Pedestrian -1 -1 -1 498.29 154.91 513.64 201.84 -1 -1 -1 -1000 -1000 -1000 -10 0.72
21 22 Pedestrian -1 -1 -1 720.22 165.90 743.86 245.38 -1 -1 -1 -1000 -1000 -1000 -10 0.69
21 23 Pedestrian -1 -1 -1 631.64 160.89 643.23 200.06 -1 -1 -1 -1000 -1000 -1000 -10 0.57
21 18 Pedestrian -1 -1 -1 912.87 139.37 1026.43 365.52 -1 -1 -1 -1000 -1000 -1000 -10 0.52
21 25 Cyclist -1 -1 -1 532.30 159.72 551.41 204.75 -1 -1 -1 -1000 -1000 -1000 -10 0.52
21 26 Pedestrian -1 -1 -1 536.66 160.67 552.48 203.66 -1 -1 -1 -1000 -1000 -1000 -10 0.46
22 5 Pedestrian -1 -1 -1 433.71 149.91 479.70 270.06 -1 -1 -1 -1000 -1000 -1000 -10 0.87
22 21 Pedestrian -1 -1 -1 499.25 153.91 538.15 257.71 -1 -1 -1 -1000 -1000 -1000 -10 0.85
22 3 Pedestrian -1 -1 -1 770.30 159.20 825.17 298.77 -1 -1 -1 -1000 -1000 -1000 -10 0.80
22 7 Pedestrian -1 -1 -1 610.27 161.79 632.49 227.92 -1 -1 -1 -1000 -1000 -1000 -10 0.78
22 9 Pedestrian -1 -1 -1 199.81 151.64 270.52 345.53 -1 -1 -1 -1000 -1000 -1000 -10 0.76
22 4 Pedestrian -1 -1 -1 348.52 166.34 389.94 282.32 -1 -1 -1 -1000 -1000 -1000 -10 0.76
22 26 Pedestrian -1 -1 -1 534.78 161.35 548.02 203.34 -1 -1 -1 -1000 -1000 -1000 -10 0.73
22 22 Pedestrian -1 -1 -1 722.63 162.90 749.07 249.98 -1 -1 -1 -1000 -1000 -1000 -10 0.70
22 17 Pedestrian -1 -1 -1 586.51 162.14 596.46 199.11 -1 -1 -1 -1000 -1000 -1000 -10 0.66
22 6 Pedestrian -1 -1 -1 1056.93 137.36 1203.75 366.41 -1 -1 -1 -1000 -1000 -1000 -10 0.63
22 18 Pedestrian -1 -1 -1 967.95 129.10 1139.63 367.60 -1 -1 -1 -1000 -1000 -1000 -10 0.59
22 27 Cyclist -1 -1 -1 426.12 156.28 449.76 203.02 -1 -1 -1 -1000 -1000 -1000 -10 0.59
22 24 Pedestrian -1 -1 -1 495.06 158.85 510.79 200.66 -1 -1 -1 -1000 -1000 -1000 -10 0.52
22 28 Cyclist -1 -1 -1 630.77 160.94 648.71 203.80 -1 -1 -1 -1000 -1000 -1000 -10 0.51
22 23 Pedestrian -1 -1 -1 628.63 159.92 646.76 204.62 -1 -1 -1 -1000 -1000 -1000 -10 0.41
22 29 Cyclist -1 -1 -1 495.06 158.85 510.79 200.66 -1 -1 -1 -1000 -1000 -1000 -10 0.41
23 5 Pedestrian -1 -1 -1 418.85 149.01 465.33 272.44 -1 -1 -1 -1000 -1000 -1000 -10 0.85
23 21 Pedestrian -1 -1 -1 482.53 153.76 523.36 264.61 -1 -1 -1 -1000 -1000 -1000 -10 0.82
23 4 Pedestrian -1 -1 -1 328.36 163.53 371.48 285.69 -1 -1 -1 -1000 -1000 -1000 -10 0.81
23 3 Pedestrian -1 -1 -1 783.22 161.51 841.56 305.32 -1 -1 -1 -1000 -1000 -1000 -10 0.78
23 26 Pedestrian -1 -1 -1 530.29 160.48 545.96 204.61 -1 -1 -1 -1000 -1000 -1000 -10 0.74
23 7 Pedestrian -1 -1 -1 615.68 162.30 643.20 232.43 -1 -1 -1 -1000 -1000 -1000 -10 0.72
23 9 Pedestrian -1 -1 -1 150.55 148.86 228.10 363.44 -1 -1 -1 -1000 -1000 -1000 -10 0.72
23 17 Pedestrian -1 -1 -1 584.31 163.48 596.97 199.92 -1 -1 -1 -1000 -1000 -1000 -10 0.69
23 30 Pedestrian -1 -1 -1 747.67 158.08 770.06 225.36 -1 -1 -1 -1000 -1000 -1000 -10 0.64
23 23 Pedestrian -1 -1 -1 609.06 162.87 620.97 200.83 -1 -1 -1 -1000 -1000 -1000 -10 0.59
23 27 Cyclist -1 -1 -1 411.48 156.78 434.20 203.05 -1 -1 -1 -1000 -1000 -1000 -10 0.51
23 22 Pedestrian -1 -1 -1 725.01 164.12 754.64 255.67 -1 -1 -1 -1000 -1000 -1000 -10 0.50
23 32 Car -1 -1 -1 460.41 159.88 499.10 184.11 -1 -1 -1 -1000 -1000 -1000 -10 0.49
23 28 Cyclist -1 -1 -1 628.38 162.57 644.41 202.91 -1 -1 -1 -1000 -1000 -1000 -10 0.46
23 18 Pedestrian -1 -1 -1 1014.86 132.16 1230.25 364.25 -1 -1 -1 -1000 -1000 -1000 -10 0.40
24 5 Pedestrian -1 -1 -1 401.00 147.39 451.62 280.28 -1 -1 -1 -1000 -1000 -1000 -10 0.88
24 21 Pedestrian -1 -1 -1 466.07 153.33 508.99 267.26 -1 -1 -1 -1000 -1000 -1000 -10 0.81
24 4 Pedestrian -1 -1 -1 304.22 162.48 349.90 293.67 -1 -1 -1 -1000 -1000 -1000 -10 0.80
24 33 Pedestrian -1 -1 -1 505.41 157.24 522.57 208.31 -1 -1 -1 -1000 -1000 -1000 -10 0.77
24 26 Pedestrian -1 -1 -1 528.52 159.15 544.80 205.25 -1 -1 -1 -1000 -1000 -1000 -10 0.72
24 7 Pedestrian -1 -1 -1 623.13 160.20 649.35 231.53 -1 -1 -1 -1000 -1000 -1000 -10 0.69
24 9 Pedestrian -1 -1 -1 87.00 152.72 176.96 366.79 -1 -1 -1 -1000 -1000 -1000 -10 0.69
24 17 Pedestrian -1 -1 -1 583.98 161.05 596.26 199.72 -1 -1 -1 -1000 -1000 -1000 -10 0.67
24 3 Pedestrian -1 -1 -1 794.73 164.05 853.38 317.32 -1 -1 -1 -1000 -1000 -1000 -10 0.67
24 23 Pedestrian -1 -1 -1 607.55 163.04 619.61 200.57 -1 -1 -1 -1000 -1000 -1000 -10 0.66
24 18 Pedestrian -1 -1 -1 1094.20 131.10 1219.91 365.43 -1 -1 -1 -1000 -1000 -1000 -10 0.66
24 34 Pedestrian -1 -1 -1 399.22 155.38 415.99 203.14 -1 -1 -1 -1000 -1000 -1000 -10 0.64
24 35 Pedestrian -1 -1 -1 625.39 158.74 641.59 206.78 -1 -1 -1 -1000 -1000 -1000 -10 0.64
24 30 Pedestrian -1 -1 -1 735.50 155.99 760.81 224.52 -1 -1 -1 -1000 -1000 -1000 -10 0.61
24 32 Car -1 -1 -1 455.67 160.08 489.51 183.48 -1 -1 -1 -1000 -1000 -1000 -10 0.46
24 22 Pedestrian -1 -1 -1 718.79 159.54 738.75 214.82 -1 -1 -1 -1000 -1000 -1000 -10 0.45
24 36 Pedestrian -1 -1 -1 728.41 164.93 759.28 255.27 -1 -1 -1 -1000 -1000 -1000 -10 0.40
25 21 Pedestrian -1 -1 -1 445.35 151.28 491.67 275.65 -1 -1 -1 -1000 -1000 -1000 -10 0.86
25 5 Pedestrian -1 -1 -1 376.20 148.85 431.09 286.37 -1 -1 -1 -1000 -1000 -1000 -10 0.85
25 3 Pedestrian -1 -1 -1 805.68 169.33 873.35 334.77 -1 -1 -1 -1000 -1000 -1000 -10 0.80
25 4 Pedestrian -1 -1 -1 280.51 161.72 327.86 297.81 -1 -1 -1 -1000 -1000 -1000 -10 0.78
25 33 Pedestrian -1 -1 -1 501.67 158.10 518.21 206.75 -1 -1 -1 -1000 -1000 -1000 -10 0.76
25 7 Pedestrian -1 -1 -1 629.81 161.36 658.43 234.88 -1 -1 -1 -1000 -1000 -1000 -10 0.76
25 35 Pedestrian -1 -1 -1 622.20 160.36 637.63 204.13 -1 -1 -1 -1000 -1000 -1000 -10 0.74
25 9 Pedestrian -1 -1 -1 12.13 146.90 129.36 364.53 -1 -1 -1 -1000 -1000 -1000 -10 0.72
25 26 Pedestrian -1 -1 -1 525.10 160.08 540.53 204.45 -1 -1 -1 -1000 -1000 -1000 -10 0.72
25 23 Pedestrian -1 -1 -1 603.74 162.48 615.37 199.11 -1 -1 -1 -1000 -1000 -1000 -10 0.72
25 22 Pedestrian -1 -1 -1 716.31 155.97 739.65 224.15 -1 -1 -1 -1000 -1000 -1000 -10 0.65
25 17 Pedestrian -1 -1 -1 580.25 161.67 592.40 198.53 -1 -1 -1 -1000 -1000 -1000 -10 0.62
25 30 Pedestrian -1 -1 -1 727.22 155.41 753.09 226.87 -1 -1 -1 -1000 -1000 -1000 -10 0.55
25 37 Cyclist -1 -1 -1 580.25 161.67 592.40 198.53 -1 -1 -1 -1000 -1000 -1000 -10 0.54
26 7 Pedestrian -1 -1 -1 636.68 160.57 666.66 236.27 -1 -1 -1 -1000 -1000 -1000 -10 0.80
26 21 Pedestrian -1 -1 -1 428.42 147.93 477.88 281.38 -1 -1 -1 -1000 -1000 -1000 -10 0.79
26 5 Pedestrian -1 -1 -1 351.41 146.51 409.55 294.91 -1 -1 -1 -1000 -1000 -1000 -10 0.78
26 4 Pedestrian -1 -1 -1 255.09 160.04 306.97 305.02 -1 -1 -1 -1000 -1000 -1000 -10 0.78
26 17 Pedestrian -1 -1 -1 575.81 161.05 589.08 199.21 -1 -1 -1 -1000 -1000 -1000 -10 0.73
26 23 Pedestrian -1 -1 -1 600.61 160.13 613.30 200.56 -1 -1 -1 -1000 -1000 -1000 -10 0.73
26 22 Pedestrian -1 -1 -1 702.68 153.39 731.89 227.26 -1 -1 -1 -1000 -1000 -1000 -10 0.69
26 3 Pedestrian -1 -1 -1 821.03 171.55 896.03 347.91 -1 -1 -1 -1000 -1000 -1000 -10 0.65
26 26 Pedestrian -1 -1 -1 520.58 157.50 537.11 203.76 -1 -1 -1 -1000 -1000 -1000 -10 0.62
26 33 Pedestrian -1 -1 -1 495.63 155.35 511.83 205.95 -1 -1 -1 -1000 -1000 -1000 -10 0.61
26 35 Pedestrian -1 -1 -1 619.10 159.08 633.17 201.21 -1 -1 -1 -1000 -1000 -1000 -10 0.58
26 38 Cyclist -1 -1 -1 620.53 158.66 636.42 201.56 -1 -1 -1 -1000 -1000 -1000 -10 0.44
27 21 Pedestrian -1 -1 -1 408.32 148.32 460.09 288.41 -1 -1 -1 -1000 -1000 -1000 -10 0.83
27 3 Pedestrian -1 -1 -1 836.83 173.98 926.78 367.64 -1 -1 -1 -1000 -1000 -1000 -10 0.78
27 5 Pedestrian -1 -1 -1 319.37 141.06 380.98 302.96 -1 -1 -1 -1000 -1000 -1000 -10 0.76
27 33 Pedestrian -1 -1 -1 489.96 156.82 506.88 207.46 -1 -1 -1 -1000 -1000 -1000 -10 0.75
27 4 Pedestrian -1 -1 -1 223.42 163.68 277.34 310.88 -1 -1 -1 -1000 -1000 -1000 -10 0.74
27 7 Pedestrian -1 -1 -1 644.94 159.27 674.36 237.30 -1 -1 -1 -1000 -1000 -1000 -10 0.74
27 22 Pedestrian -1 -1 -1 687.33 152.30 716.85 228.34 -1 -1 -1 -1000 -1000 -1000 -10 0.70
27 23 Pedestrian -1 -1 -1 596.03 160.25 609.73 201.25 -1 -1 -1 -1000 -1000 -1000 -10 0.69
27 26 Pedestrian -1 -1 -1 515.11 157.62 530.48 203.94 -1 -1 -1 -1000 -1000 -1000 -10 0.68
27 17 Pedestrian -1 -1 -1 569.64 159.60 582.52 199.95 -1 -1 -1 -1000 -1000 -1000 -10 0.66
27 35 Pedestrian -1 -1 -1 616.72 157.94 632.85 202.96 -1 -1 -1 -1000 -1000 -1000 -10 0.56
27 39 Cyclist -1 -1 -1 616.72 157.94 632.85 202.96 -1 -1 -1 -1000 -1000 -1000 -10 0.50
27 40 Cyclist -1 -1 -1 569.64 159.60 582.52 199.95 -1 -1 -1 -1000 -1000 -1000 -10 0.49
28 21 Pedestrian -1 -1 -1 382.34 148.91 440.17 301.99 -1 -1 -1 -1000 -1000 -1000 -10 0.85
28 23 Pedestrian -1 -1 -1 590.80 161.24 605.18 204.79 -1 -1 -1 -1000 -1000 -1000 -10 0.79
28 3 Pedestrian -1 -1 -1 855.72 176.78 961.08 365.88 -1 -1 -1 -1000 -1000 -1000 -10 0.78
28 17 Pedestrian -1 -1 -1 565.84 161.56 578.74 202.75 -1 -1 -1 -1000 -1000 -1000 -10 0.77
28 7 Pedestrian -1 -1 -1 651.03 161.40 683.17 242.76 -1 -1 -1 -1000 -1000 -1000 -10 0.77
28 4 Pedestrian -1 -1 -1 188.33 166.44 244.40 321.36 -1 -1 -1 -1000 -1000 -1000 -10 0.76
28 26 Pedestrian -1 -1 -1 507.79 161.65 522.69 206.52 -1 -1 -1 -1000 -1000 -1000 -10 0.74
28 5 Pedestrian -1 -1 -1 284.11 141.95 347.44 322.83 -1 -1 -1 -1000 -1000 -1000 -10 0.73
28 33 Pedestrian -1 -1 -1 482.62 157.61 499.64 208.68 -1 -1 -1 -1000 -1000 -1000 -10 0.72
28 42 Pedestrian -1 -1 -1 495.13 160.58 511.49 207.02 -1 -1 -1 -1000 -1000 -1000 -10 0.72
28 22 Pedestrian -1 -1 -1 674.45 155.15 706.62 240.18 -1 -1 -1 -1000 -1000 -1000 -10 0.68
28 35 Pedestrian -1 -1 -1 614.05 160.55 628.94 205.39 -1 -1 -1 -1000 -1000 -1000 -10 0.66
28 41 Cyclist -1 -1 -1 457.95 153.40 479.39 207.28 -1 -1 -1 -1000 -1000 -1000 -10 0.60
28 43 Cyclist -1 -1 -1 614.05 160.55 628.94 205.39 -1 -1 -1 -1000 -1000 -1000 -10 0.41
29 21 Pedestrian -1 -1 -1 354.42 151.15 414.92 315.44 -1 -1 -1 -1000 -1000 -1000 -10 0.84
29 22 Pedestrian -1 -1 -1 665.91 161.44 699.50 249.31 -1 -1 -1 -1000 -1000 -1000 -10 0.80
29 26 Pedestrian -1 -1 -1 503.13 163.75 518.15 209.47 -1 -1 -1 -1000 -1000 -1000 -10 0.75
29 3 Pedestrian -1 -1 -1 883.94 178.32 1009.29 363.86 -1 -1 -1 -1000 -1000 -1000 -10 0.75
29 17 Pedestrian -1 -1 -1 560.48 165.40 574.88 205.61 -1 -1 -1 -1000 -1000 -1000 -10 0.73
29 7 Pedestrian -1 -1 -1 647.69 157.27 679.22 239.99 -1 -1 -1 -1000 -1000 -1000 -10 0.73
29 4 Pedestrian -1 -1 -1 150.55 166.97 212.38 337.73 -1 -1 -1 -1000 -1000 -1000 -10 0.72
29 5 Pedestrian -1 -1 -1 246.57 142.52 315.94 338.62 -1 -1 -1 -1000 -1000 -1000 -10 0.71
29 33 Pedestrian -1 -1 -1 474.92 160.57 492.09 212.58 -1 -1 -1 -1000 -1000 -1000 -10 0.70
29 43 Cyclist -1 -1 -1 607.07 158.55 634.20 209.46 -1 -1 -1 -1000 -1000 -1000 -10 0.68
29 23 Pedestrian -1 -1 -1 586.97 164.08 601.20 206.69 -1 -1 -1 -1000 -1000 -1000 -10 0.64
29 41 Cyclist -1 -1 -1 449.54 154.45 472.62 211.34 -1 -1 -1 -1000 -1000 -1000 -10 0.64
29 42 Pedestrian -1 -1 -1 490.83 163.37 505.95 208.78 -1 -1 -1 -1000 -1000 -1000 -10 0.61
30 21 Pedestrian -1 -1 -1 324.80 149.87 390.73 330.12 -1 -1 -1 -1000 -1000 -1000 -10 0.85
30 23 Pedestrian -1 -1 -1 583.36 164.87 597.70 207.59 -1 -1 -1 -1000 -1000 -1000 -10 0.76
30 22 Pedestrian -1 -1 -1 670.21 161.99 711.04 251.03 -1 -1 -1 -1000 -1000 -1000 -10 0.75
30 42 Pedestrian -1 -1 -1 483.59 161.91 499.94 210.98 -1 -1 -1 -1000 -1000 -1000 -10 0.74
30 33 Pedestrian -1 -1 -1 468.29 162.06 484.86 212.45 -1 -1 -1 -1000 -1000 -1000 -10 0.74
30 17 Pedestrian -1 -1 -1 553.82 165.54 567.89 206.06 -1 -1 -1 -1000 -1000 -1000 -10 0.69
30 7 Pedestrian -1 -1 -1 627.85 157.64 661.25 238.00 -1 -1 -1 -1000 -1000 -1000 -10 0.69
30 4 Pedestrian -1 -1 -1 98.13 167.64 165.90 352.52 -1 -1 -1 -1000 -1000 -1000 -10 0.67
30 26 Pedestrian -1 -1 -1 497.68 161.68 514.20 211.37 -1 -1 -1 -1000 -1000 -1000 -10 0.65
30 5 Pedestrian -1 -1 -1 201.36 140.79 276.73 355.39 -1 -1 -1 -1000 -1000 -1000 -10 0.64
30 41 Cyclist -1 -1 -1 442.05 154.50 464.38 210.67 -1 -1 -1 -1000 -1000 -1000 -10 0.61
30 3 Pedestrian -1 -1 -1 897.37 179.79 1103.34 362.53 -1 -1 -1 -1000 -1000 -1000 -10 0.52
30 43 Cyclist -1 -1 -1 604.44 161.41 624.07 211.49 -1 -1 -1 -1000 -1000 -1000 -10 0.48
30 44 Pedestrian -1 -1 -1 604.44 161.41 624.07 211.49 -1 -1 -1 -1000 -1000 -1000 -10 0.47
31 21 Pedestrian -1 -1 -1 295.65 149.96 366.23 346.47 -1 -1 -1 -1000 -1000 -1000 -10 0.87
31 22 Pedestrian -1 -1 -1 680.38 164.34 715.53 254.56 -1 -1 -1 -1000 -1000 -1000 -10 0.81
31 7 Pedestrian -1 -1 -1 605.61 156.53 645.67 247.74 -1 -1 -1 -1000 -1000 -1000 -10 0.79
31 17 Pedestrian -1 -1 -1 549.87 164.60 564.11 209.06 -1 -1 -1 -1000 -1000 -1000 -10 0.77
31 23 Pedestrian -1 -1 -1 580.52 164.78 594.87 209.57 -1 -1 -1 -1000 -1000 -1000 -10 0.71
31 4 Pedestrian -1 -1 -1 42.11 166.56 114.85 361.21 -1 -1 -1 -1000 -1000 -1000 -10 0.70
31 26 Pedestrian -1 -1 -1 494.16 162.97 510.67 212.47 -1 -1 -1 -1000 -1000 -1000 -10 0.70
31 5 Pedestrian -1 -1 -1 149.84 137.66 236.36 367.05 -1 -1 -1 -1000 -1000 -1000 -10 0.64
31 42 Pedestrian -1 -1 -1 476.17 163.16 493.07 212.80 -1 -1 -1 -1000 -1000 -1000 -10 0.60
31 33 Pedestrian -1 -1 -1 460.62 161.53 478.23 214.40 -1 -1 -1 -1000 -1000 -1000 -10 0.59
31 44 Pedestrian -1 -1 -1 601.37 162.91 620.39 212.20 -1 -1 -1 -1000 -1000 -1000 -10 0.50
31 45 Pedestrian -1 -1 -1 433.11 156.52 458.12 214.98 -1 -1 -1 -1000 -1000 -1000 -10 0.49
31 46 Pedestrian -1 -1 -1 196.88 149.13 273.75 354.49 -1 -1 -1 -1000 -1000 -1000 -10 0.43
32 21 Pedestrian -1 -1 -1 262.12 149.76 338.72 361.25 -1 -1 -1 -1000 -1000 -1000 -10 0.85
32 22 Pedestrian -1 -1 -1 699.91 165.50 733.99 260.30 -1 -1 -1 -1000 -1000 -1000 -10 0.77
32 45 Pedestrian -1 -1 -1 432.61 159.61 451.26 214.69 -1 -1 -1 -1000 -1000 -1000 -10 0.75
32 7 Pedestrian -1 -1 -1 593.40 158.66 627.62 251.92 -1 -1 -1 -1000 -1000 -1000 -10 0.74
32 4 Pedestrian -1 -1 -1 2.26 169.15 78.04 364.62 -1 -1 -1 -1000 -1000 -1000 -10 0.71
32 26 Pedestrian -1 -1 -1 490.23 164.31 507.30 215.50 -1 -1 -1 -1000 -1000 -1000 -10 0.69
32 17 Pedestrian -1 -1 -1 548.08 165.11 563.02 210.56 -1 -1 -1 -1000 -1000 -1000 -10 0.68
32 46 Pedestrian -1 -1 -1 155.59 146.16 238.29 365.74 -1 -1 -1 -1000 -1000 -1000 -10 0.67
32 5 Pedestrian -1 -1 -1 88.23 137.20 190.96 367.48 -1 -1 -1 -1000 -1000 -1000 -10 0.65
32 23 Pedestrian -1 -1 -1 579.65 165.44 593.17 210.73 -1 -1 -1 -1000 -1000 -1000 -10 0.62
32 33 Pedestrian -1 -1 -1 458.93 163.17 476.40 216.64 -1 -1 -1 -1000 -1000 -1000 -10 0.60
32 42 Pedestrian -1 -1 -1 474.98 163.12 491.21 212.97 -1 -1 -1 -1000 -1000 -1000 -10 0.59
32 44 Pedestrian -1 -1 -1 596.83 161.56 616.52 218.23 -1 -1 -1 -1000 -1000 -1000 -10 0.45
32 48 Pedestrian -1 -1 -1 678.70 164.46 701.99 225.67 -1 -1 -1 -1000 -1000 -1000 -10 0.41
33 21 Pedestrian -1 -1 -1 218.04 147.67 313.68 363.25 -1 -1 -1 -1000 -1000 -1000 -10 0.81
33 7 Pedestrian -1 -1 -1 572.74 156.28 610.02 255.97 -1 -1 -1 -1000 -1000 -1000 -10 0.77
33 22 Pedestrian -1 -1 -1 712.23 166.03 759.97 267.33 -1 -1 -1 -1000 -1000 -1000 -10 0.76
33 45 Pedestrian -1 -1 -1 433.10 160.59 450.86 214.25 -1 -1 -1 -1000 -1000 -1000 -10 0.73
33 42 Pedestrian -1 -1 -1 471.87 164.75 488.14 214.94 -1 -1 -1 -1000 -1000 -1000 -10 0.73
33 26 Pedestrian -1 -1 -1 489.89 162.99 507.64 216.26 -1 -1 -1 -1000 -1000 -1000 -10 0.70
33 5 Pedestrian -1 -1 -1 19.35 131.75 145.14 364.92 -1 -1 -1 -1000 -1000 -1000 -10 0.68
33 33 Pedestrian -1 -1 -1 455.70 162.57 472.75 216.87 -1 -1 -1 -1000 -1000 -1000 -10 0.63
33 46 Pedestrian -1 -1 -1 94.35 140.01 192.47 364.76 -1 -1 -1 -1000 -1000 -1000 -10 0.61
33 48 Pedestrian -1 -1 -1 679.37 164.05 701.88 225.30 -1 -1 -1 -1000 -1000 -1000 -10 0.61
33 44 Pedestrian -1 -1 -1 597.79 161.93 622.25 219.22 -1 -1 -1 -1000 -1000 -1000 -10 0.54
33 23 Pedestrian -1 -1 -1 574.95 163.12 591.62 212.00 -1 -1 -1 -1000 -1000 -1000 -10 0.50
33 50 Pedestrian -1 -1 -1 548.42 165.33 563.30 209.63 -1 -1 -1 -1000 -1000 -1000 -10 0.72
34 21 Pedestrian -1 -1 -1 164.20 141.35 275.62 362.82 -1 -1 -1 -1000 -1000 -1000 -10 0.77
34 50 Pedestrian -1 -1 -1 549.02 163.32 563.74 210.01 -1 -1 -1 -1000 -1000 -1000 -10 0.76
34 22 Pedestrian -1 -1 -1 743.47 161.22 789.89 272.62 -1 -1 -1 -1000 -1000 -1000 -10 0.75
34 7 Pedestrian -1 -1 -1 556.43 157.62 595.61 260.24 -1 -1 -1 -1000 -1000 -1000 -10 0.74
34 26 Pedestrian -1 -1 -1 491.06 163.84 508.48 215.67 -1 -1 -1 -1000 -1000 -1000 -10 0.69
34 46 Pedestrian -1 -1 -1 25.95 142.22 146.10 362.01 -1 -1 -1 -1000 -1000 -1000 -10 0.68
34 45 Pedestrian -1 -1 -1 435.71 160.43 453.90 215.14 -1 -1 -1 -1000 -1000 -1000 -10 0.68
34 48 Pedestrian -1 -1 -1 681.79 158.81 706.73 228.22 -1 -1 -1 -1000 -1000 -1000 -10 0.65
34 33 Pedestrian -1 -1 -1 454.93 162.04 473.24 216.96 -1 -1 -1 -1000 -1000 -1000 -10 0.64
34 42 Pedestrian -1 -1 -1 472.30 165.29 488.71 213.45 -1 -1 -1 -1000 -1000 -1000 -10 0.59
34 23 Pedestrian -1 -1 -1 569.89 160.78 588.94 213.88 -1 -1 -1 -1000 -1000 -1000 -10 0.54
34 5 Pedestrian -1 -1 -1 0.12 129.88 80.09 366.59 -1 -1 -1 -1000 -1000 -1000 -10 0.49
34 51 Cyclist -1 -1 -1 603.72 160.98 630.00 221.43 -1 -1 -1 -1000 -1000 -1000 -10 0.48
34 52 Pedestrian -1 -1 -1 601.88 160.40 626.77 221.53 -1 -1 -1 -1000 -1000 -1000 -10 0.49
35 7 Pedestrian -1 -1 -1 543.79 155.92 584.54 264.59 -1 -1 -1 -1000 -1000 -1000 -10 0.75
35 21 Pedestrian -1 -1 -1 99.80 139.33 240.47 364.85 -1 -1 -1 -1000 -1000 -1000 -10 0.71
35 33 Pedestrian -1 -1 -1 455.00 164.45 473.86 219.29 -1 -1 -1 -1000 -1000 -1000 -10 0.70
35 45 Pedestrian -1 -1 -1 437.17 162.10 455.36 218.85 -1 -1 -1 -1000 -1000 -1000 -10 0.68
35 46 Pedestrian -1 -1 -1 -3.95 129.94 99.59 366.10 -1 -1 -1 -1000 -1000 -1000 -10 0.68
35 22 Pedestrian -1 -1 -1 770.55 167.50 817.05 281.79 -1 -1 -1 -1000 -1000 -1000 -10 0.66
35 42 Pedestrian -1 -1 -1 476.39 165.01 492.91 215.95 -1 -1 -1 -1000 -1000 -1000 -10 0.63
35 26 Pedestrian -1 -1 -1 494.16 164.48 512.89 219.61 -1 -1 -1 -1000 -1000 -1000 -10 0.63
35 51 Cyclist -1 -1 -1 606.19 162.08 635.97 225.72 -1 -1 -1 -1000 -1000 -1000 -10 0.56
35 50 Pedestrian -1 -1 -1 546.27 161.46 565.50 213.73 -1 -1 -1 -1000 -1000 -1000 -10 0.51
35 53 Cyclist -1 -1 -1 585.20 166.64 603.95 213.39 -1 -1 -1 -1000 -1000 -1000 -10 0.43
36 7 Pedestrian -1 -1 -1 523.28 155.54 573.73 270.15 -1 -1 -1 -1000 -1000 -1000 -10 0.77
36 33 Pedestrian -1 -1 -1 457.82 162.91 479.30 220.14 -1 -1 -1 -1000 -1000 -1000 -10 0.68
36 42 Pedestrian -1 -1 -1 482.36 164.94 500.70 214.69 -1 -1 -1 -1000 -1000 -1000 -10 0.67
36 26 Pedestrian -1 -1 -1 501.40 163.13 520.48 217.63 -1 -1 -1 -1000 -1000 -1000 -10 0.67
36 45 Pedestrian -1 -1 -1 444.17 157.80 462.55 215.43 -1 -1 -1 -1000 -1000 -1000 -10 0.59
36 22 Pedestrian -1 -1 -1 807.16 163.63 856.37 286.21 -1 -1 -1 -1000 -1000 -1000 -10 0.57
36 21 Pedestrian -1 -1 -1 11.49 133.83 206.60 362.25 -1 -1 -1 -1000 -1000 -1000 -10 0.55
36 50 Pedestrian -1 -1 -1 558.16 161.44 577.77 214.71 -1 -1 -1 -1000 -1000 -1000 -10 0.52
36 55 Pedestrian -1 -1 -1 616.12 161.24 642.05 219.28 -1 -1 -1 -1000 -1000 -1000 -10 0.49
36 54 Pedestrian -1 -1 -1 591.71 166.96 607.10 211.86 -1 -1 -1 -1000 -1000 -1000 -10 0.46
36 56 Cyclist -1 -1 -1 616.12 161.24 642.05 219.28 -1 -1 -1 -1000 -1000 -1000 -10 0.48
37 7 Pedestrian -1 -1 -1 509.78 151.94 557.43 275.81 -1 -1 -1 -1000 -1000 -1000 -10 0.76
37 45 Pedestrian -1 -1 -1 451.13 158.36 470.30 216.73 -1 -1 -1 -1000 -1000 -1000 -10 0.71
37 50 Pedestrian -1 -1 -1 572.01 161.82 587.69 211.53 -1 -1 -1 -1000 -1000 -1000 -10 0.71
37 33 Pedestrian -1 -1 -1 464.62 159.47 487.52 221.37 -1 -1 -1 -1000 -1000 -1000 -10 0.66
37 55 Pedestrian -1 -1 -1 624.00 160.70 649.86 219.20 -1 -1 -1 -1000 -1000 -1000 -10 0.60
37 42 Pedestrian -1 -1 -1 489.58 163.89 509.07 215.33 -1 -1 -1 -1000 -1000 -1000 -10 0.51
37 54 Pedestrian -1 -1 -1 600.34 161.76 619.73 213.81 -1 -1 -1 -1000 -1000 -1000 -10 0.44
37 57 Cyclist -1 -1 -1 2.38 128.53 146.73 367.63 -1 -1 -1 -1000 -1000 -1000 -10 0.42
37 22 Pedestrian -1 -1 -1 845.49 161.88 902.20 296.29 -1 -1 -1 -1000 -1000 -1000 -10 0.41
38 7 Pedestrian -1 -1 -1 490.63 153.02 545.53 281.79 -1 -1 -1 -1000 -1000 -1000 -10 0.80
38 50 Pedestrian -1 -1 -1 581.20 163.61 599.50 216.59 -1 -1 -1 -1000 -1000 -1000 -10 0.71
38 33 Pedestrian -1 -1 -1 466.39 162.66 485.72 219.74 -1 -1 -1 -1000 -1000 -1000 -10 0.69
38 54 Pedestrian -1 -1 -1 611.62 162.57 631.62 219.76 -1 -1 -1 -1000 -1000 -1000 -10 0.67
38 55 Pedestrian -1 -1 -1 632.57 161.16 657.39 220.10 -1 -1 -1 -1000 -1000 -1000 -10 0.64
38 42 Pedestrian -1 -1 -1 496.59 164.18 517.05 218.50 -1 -1 -1 -1000 -1000 -1000 -10 0.41
38 58 Pedestrian -1 -1 -1 71.41 154.93 108.25 248.53 -1 -1 -1 -1000 -1000 -1000 -10 0.50
39 58 Pedestrian -1 -1 -1 70.52 153.70 109.68 252.44 -1 -1 -1 -1000 -1000 -1000 -10 0.79
39 7 Pedestrian -1 -1 -1 470.30 154.43 528.56 289.53 -1 -1 -1 -1000 -1000 -1000 -10 0.75
39 54 Pedestrian -1 -1 -1 620.47 162.73 638.90 218.81 -1 -1 -1 -1000 -1000 -1000 -10 0.70
39 59 Pedestrian -1 -1 -1 530.70 162.07 550.80 219.49 -1 -1 -1 -1000 -1000 -1000 -10 0.69
39 50 Pedestrian -1 -1 -1 590.42 162.54 606.79 213.09 -1 -1 -1 -1000 -1000 -1000 -10 0.68
39 55 Pedestrian -1 -1 -1 643.11 160.92 667.83 220.63 -1 -1 -1 -1000 -1000 -1000 -10 0.66
39 42 Pedestrian -1 -1 -1 508.77 163.39 527.86 217.89 -1 -1 -1 -1000 -1000 -1000 -10 0.60
39 60 Cyclist -1 -1 -1 466.40 162.74 495.22 217.07 -1 -1 -1 -1000 -1000 -1000 -10 0.55
40 58 Pedestrian -1 -1 -1 62.40 151.59 109.65 254.30 -1 -1 -1 -1000 -1000 -1000 -10 0.80
40 7 Pedestrian -1 -1 -1 445.17 146.91 507.13 295.76 -1 -1 -1 -1000 -1000 -1000 -10 0.78
40 59 Pedestrian -1 -1 -1 538.06 160.88 558.95 218.84 -1 -1 -1 -1000 -1000 -1000 -10 0.73
40 50 Pedestrian -1 -1 -1 598.85 160.81 614.68 213.67 -1 -1 -1 -1000 -1000 -1000 -10 0.73
40 54 Pedestrian -1 -1 -1 627.39 161.64 646.83 218.78 -1 -1 -1 -1000 -1000 -1000 -10 0.70
40 42 Pedestrian -1 -1 -1 516.49 162.14 536.80 216.54 -1 -1 -1 -1000 -1000 -1000 -10 0.56
40 55 Pedestrian -1 -1 -1 651.13 161.11 676.18 214.52 -1 -1 -1 -1000 -1000 -1000 -10 0.54
40 61 Pedestrian -1 -1 -1 492.96 162.14 512.57 218.44 -1 -1 -1 -1000 -1000 -1000 -10 0.46
40 62 Pedestrian -1 -1 -1 474.27 158.25 501.24 222.64 -1 -1 -1 -1000 -1000 -1000 -10 0.43
41 7 Pedestrian -1 -1 -1 407.74 146.23 483.67 305.17 -1 -1 -1 -1000 -1000 -1000 -10 0.80
41 59 Pedestrian -1 -1 -1 542.52 161.04 563.31 218.93 -1 -1 -1 -1000 -1000 -1000 -10 0.76
41 42 Pedestrian -1 -1 -1 524.20 160.40 542.33 215.24 -1 -1 -1 -1000 -1000 -1000 -10 0.76
41 61 Pedestrian -1 -1 -1 492.12 159.96 513.81 220.36 -1 -1 -1 -1000 -1000 -1000 -10 0.72
41 54 Pedestrian -1 -1 -1 633.19 160.21 654.41 220.93 -1 -1 -1 -1000 -1000 -1000 -10 0.69
41 50 Pedestrian -1 -1 -1 603.95 161.93 622.84 213.43 -1 -1 -1 -1000 -1000 -1000 -10 0.63
41 62 Pedestrian -1 -1 -1 481.09 160.14 502.09 219.24 -1 -1 -1 -1000 -1000 -1000 -10 0.62
41 58 Pedestrian -1 -1 -1 65.11 149.75 106.82 255.74 -1 -1 -1 -1000 -1000 -1000 -10 0.61
41 55 Pedestrian -1 -1 -1 657.78 159.73 684.53 213.53 -1 -1 -1 -1000 -1000 -1000 -10 0.58
41 63 Cyclist -1 -1 -1 603.95 161.93 622.84 213.43 -1 -1 -1 -1000 -1000 -1000 -10 0.51
41 64 Cyclist -1 -1 -1 660.02 160.62 689.33 212.84 -1 -1 -1 -1000 -1000 -1000 -10 0.44
42 7 Pedestrian -1 -1 -1 378.64 145.89 451.66 312.93 -1 -1 -1 -1000 -1000 -1000 -10 0.76
42 59 Pedestrian -1 -1 -1 550.10 157.85 571.03 217.92 -1 -1 -1 -1000 -1000 -1000 -10 0.73
42 50 Pedestrian -1 -1 -1 612.13 161.03 629.68 211.66 -1 -1 -1 -1000 -1000 -1000 -10 0.73
42 42 Pedestrian -1 -1 -1 530.67 159.90 550.64 215.57 -1 -1 -1 -1000 -1000 -1000 -10 0.71
42 58 Pedestrian -1 -1 -1 58.61 148.93 106.22 262.44 -1 -1 -1 -1000 -1000 -1000 -10 0.71
42 61 Pedestrian -1 -1 -1 495.43 158.97 517.10 220.52 -1 -1 -1 -1000 -1000 -1000 -10 0.67
42 54 Pedestrian -1 -1 -1 637.15 158.35 660.60 220.70 -1 -1 -1 -1000 -1000 -1000 -10 0.56
42 55 Pedestrian -1 -1 -1 663.49 161.19 693.69 213.76 -1 -1 -1 -1000 -1000 -1000 -10 0.54
42 64 Cyclist -1 -1 -1 666.38 161.72 697.48 213.37 -1 -1 -1 -1000 -1000 -1000 -10 0.46
43 59 Pedestrian -1 -1 -1 552.95 158.74 575.94 221.62 -1 -1 -1 -1000 -1000 -1000 -10 0.80
43 58 Pedestrian -1 -1 -1 54.42 152.48 102.58 267.48 -1 -1 -1 -1000 -1000 -1000 -10 0.76
43 7 Pedestrian -1 -1 -1 328.38 145.66 410.03 327.89 -1 -1 -1 -1000 -1000 -1000 -10 0.74
43 61 Pedestrian -1 -1 -1 495.07 155.92 519.27 223.21 -1 -1 -1 -1000 -1000 -1000 -10 0.67
43 42 Pedestrian -1 -1 -1 534.58 160.18 553.91 215.07 -1 -1 -1 -1000 -1000 -1000 -10 0.67
43 50 Pedestrian -1 -1 -1 615.04 160.00 633.94 213.91 -1 -1 -1 -1000 -1000 -1000 -10 0.60
43 64 Cyclist -1 -1 -1 668.94 162.05 703.40 212.95 -1 -1 -1 -1000 -1000 -1000 -10 0.55
43 54 Pedestrian -1 -1 -1 642.44 158.02 667.54 222.32 -1 -1 -1 -1000 -1000 -1000 -10 0.47
43 65 Cyclist -1 -1 -1 615.11 161.53 629.46 211.98 -1 -1 -1 -1000 -1000 -1000 -10 0.42
44 59 Pedestrian -1 -1 -1 556.34 159.39 578.86 221.24 -1 -1 -1 -1000 -1000 -1000 -10 0.80
44 61 Pedestrian -1 -1 -1 494.89 158.30 519.44 223.25 -1 -1 -1 -1000 -1000 -1000 -10 0.75
44 7 Pedestrian -1 -1 -1 282.07 143.15 371.95 353.18 -1 -1 -1 -1000 -1000 -1000 -10 0.69
44 42 Pedestrian -1 -1 -1 537.85 162.08 558.02 217.40 -1 -1 -1 -1000 -1000 -1000 -10 0.63
44 50 Pedestrian -1 -1 -1 618.09 162.38 633.57 213.61 -1 -1 -1 -1000 -1000 -1000 -10 0.61
44 54 Pedestrian -1 -1 -1 644.96 159.94 668.49 227.31 -1 -1 -1 -1000 -1000 -1000 -10 0.60
44 58 Pedestrian -1 -1 -1 48.38 151.17 93.30 270.09 -1 -1 -1 -1000 -1000 -1000 -10 0.59
44 64 Cyclist -1 -1 -1 678.90 162.15 708.43 217.62 -1 -1 -1 -1000 -1000 -1000 -10 0.43
44 65 Cyclist -1 -1 -1 618.09 162.38 633.57 213.61 -1 -1 -1 -1000 -1000 -1000 -10 0.41
44 66 Pedestrian -1 -1 -1 79.61 152.40 130.74 265.97 -1 -1 -1 -1000 -1000 -1000 -10 0.45
44 67 Pedestrian -1 -1 -1 676.32 158.75 704.17 216.97 -1 -1 -1 -1000 -1000 -1000 -10 0.43
45 50 Pedestrian -1 -1 -1 623.46 162.52 642.12 218.11 -1 -1 -1 -1000 -1000 -1000 -10 0.75
45 42 Pedestrian -1 -1 -1 541.39 161.76 563.33 219.04 -1 -1 -1 -1000 -1000 -1000 -10 0.74
45 54 Pedestrian -1 -1 -1 648.38 160.81 672.46 228.74 -1 -1 -1 -1000 -1000 -1000 -10 0.72
45 59 Pedestrian -1 -1 -1 562.82 159.88 586.82 222.88 -1 -1 -1 -1000 -1000 -1000 -10 0.71
45 7 Pedestrian -1 -1 -1 217.79 136.39 313.97 351.73 -1 -1 -1 -1000 -1000 -1000 -10 0.70
45 58 Pedestrian -1 -1 -1 41.62 150.35 92.47 277.38 -1 -1 -1 -1000 -1000 -1000 -10 0.68
45 61 Pedestrian -1 -1 -1 498.08 158.02 524.35 224.19 -1 -1 -1 -1000 -1000 -1000 -10 0.66
45 67 Pedestrian -1 -1 -1 682.64 160.83 706.53 219.95 -1 -1 -1 -1000 -1000 -1000 -10 0.65
45 66 Pedestrian -1 -1 -1 70.72 149.51 116.44 269.71 -1 -1 -1 -1000 -1000 -1000 -10 0.54
46 59 Pedestrian -1 -1 -1 567.72 162.48 591.68 224.98 -1 -1 -1 -1000 -1000 -1000 -10 0.82
46 7 Pedestrian -1 -1 -1 148.50 137.70 268.33 359.02 -1 -1 -1 -1000 -1000 -1000 -10 0.74
46 61 Pedestrian -1 -1 -1 505.51 160.11 530.11 227.27 -1 -1 -1 -1000 -1000 -1000 -10 0.73
46 42 Pedestrian -1 -1 -1 548.86 161.51 570.28 220.80 -1 -1 -1 -1000 -1000 -1000 -10 0.71
46 50 Pedestrian -1 -1 -1 627.66 161.29 647.53 218.28 -1 -1 -1 -1000 -1000 -1000 -10 0.68
46 66 Pedestrian -1 -1 -1 61.50 150.66 110.76 276.26 -1 -1 -1 -1000 -1000 -1000 -10 0.61
46 67 Pedestrian -1 -1 -1 688.02 161.35 709.33 218.93 -1 -1 -1 -1000 -1000 -1000 -10 0.60
46 54 Pedestrian -1 -1 -1 653.12 162.70 675.72 224.24 -1 -1 -1 -1000 -1000 -1000 -10 0.60
46 58 Pedestrian -1 -1 -1 33.38 151.53 85.25 277.37 -1 -1 -1 -1000 -1000 -1000 -10 0.58
47 42 Pedestrian -1 -1 -1 554.51 162.33 574.11 220.21 -1 -1 -1 -1000 -1000 -1000 -10 0.75
47 61 Pedestrian -1 -1 -1 508.53 157.71 535.18 225.83 -1 -1 -1 -1000 -1000 -1000 -10 0.74
47 7 Pedestrian -1 -1 -1 69.73 125.68 179.02 363.24 -1 -1 -1 -1000 -1000 -1000 -10 0.72
47 59 Pedestrian -1 -1 -1 574.77 160.43 598.23 223.67 -1 -1 -1 -1000 -1000 -1000 -10 0.69
47 50 Pedestrian -1 -1 -1 633.97 160.30 654.08 221.39 -1 -1 -1 -1000 -1000 -1000 -10 0.64
47 54 Pedestrian -1 -1 -1 659.66 162.67 681.58 218.92 -1 -1 -1 -1000 -1000 -1000 -10 0.59
47 58 Pedestrian -1 -1 -1 23.26 145.80 79.97 282.10 -1 -1 -1 -1000 -1000 -1000 -10 0.56
47 69 Pedestrian -1 -1 -1 692.37 159.79 717.90 220.39 -1 -1 -1 -1000 -1000 -1000 -10 0.48
48 61 Pedestrian -1 -1 -1 515.48 153.17 543.56 226.77 -1 -1 -1 -1000 -1000 -1000 -10 0.75
48 7 Pedestrian -1 -1 -1 -1.08 122.58 112.16 366.28 -1 -1 -1 -1000 -1000 -1000 -10 0.75
48 59 Pedestrian -1 -1 -1 579.52 156.83 603.76 223.31 -1 -1 -1 -1000 -1000 -1000 -10 0.72
48 50 Pedestrian -1 -1 -1 639.01 157.21 658.35 218.71 -1 -1 -1 -1000 -1000 -1000 -10 0.66
48 69 Pedestrian -1 -1 -1 696.28 157.59 716.51 216.97 -1 -1 -1 -1000 -1000 -1000 -10 0.64
48 42 Pedestrian -1 -1 -1 560.25 159.76 582.07 219.01 -1 -1 -1 -1000 -1000 -1000 -10 0.62
48 54 Pedestrian -1 -1 -1 660.86 158.29 682.92 217.77 -1 -1 -1 -1000 -1000 -1000 -10 0.61
49 54 Pedestrian -1 -1 -1 664.27 159.90 686.17 221.63 -1 -1 -1 -1000 -1000 -1000 -10 0.74
49 59 Pedestrian -1 -1 -1 582.97 158.37 607.85 224.82 -1 -1 -1 -1000 -1000 -1000 -10 0.74
49 61 Pedestrian -1 -1 -1 516.35 152.92 544.02 226.71 -1 -1 -1 -1000 -1000 -1000 -10 0.72
49 42 Pedestrian -1 -1 -1 564.31 159.62 586.37 220.59 -1 -1 -1 -1000 -1000 -1000 -10 0.71
49 50 Pedestrian -1 -1 -1 639.25 157.28 658.62 218.37 -1 -1 -1 -1000 -1000 -1000 -10 0.63
49 69 Pedestrian -1 -1 -1 700.29 158.82 719.31 217.50 -1 -1 -1 -1000 -1000 -1000 -10 0.58
49 7 Pedestrian -1 -1 -1 23.23 148.70 87.62 293.62 -1 -1 -1 -1000 -1000 -1000 -10 0.55
50 59 Pedestrian -1 -1 -1 590.82 159.00 614.52 223.61 -1 -1 -1 -1000 -1000 -1000 -10 0.76
50 61 Pedestrian -1 -1 -1 523.21 157.20 550.71 225.42 -1 -1 -1 -1000 -1000 -1000 -10 0.75
50 42 Pedestrian -1 -1 -1 571.20 159.52 594.09 220.70 -1 -1 -1 -1000 -1000 -1000 -10 0.74
50 50 Pedestrian -1 -1 -1 641.93 158.91 662.45 220.94 -1 -1 -1 -1000 -1000 -1000 -10 0.68
50 70 Pedestrian -1 -1 -1 70.63 147.40 124.47 281.11 -1 -1 -1 -1000 -1000 -1000 -10 0.66
50 54 Pedestrian -1 -1 -1 667.06 157.52 691.50 223.43 -1 -1 -1 -1000 -1000 -1000 -10 0.64
50 7 Pedestrian -1 -1 -1 18.72 148.49 76.92 300.82 -1 -1 -1 -1000 -1000 -1000 -10 0.63
50 69 Pedestrian -1 -1 -1 705.05 159.91 727.91 219.11 -1 -1 -1 -1000 -1000 -1000 -10 0.56
51 59 Pedestrian -1 -1 -1 598.10 159.02 621.93 224.32 -1 -1 -1 -1000 -1000 -1000 -10 0.80
51 54 Pedestrian -1 -1 -1 667.17 157.14 690.96 224.41 -1 -1 -1 -1000 -1000 -1000 -10 0.79
51 61 Pedestrian -1 -1 -1 530.40 154.27 559.30 226.67 -1 -1 -1 -1000 -1000 -1000 -10 0.78
51 42 Pedestrian -1 -1 -1 579.62 159.88 601.27 219.30 -1 -1 -1 -1000 -1000 -1000 -10 0.71
51 7 Pedestrian -1 -1 -1 8.11 141.43 71.98 308.04 -1 -1 -1 -1000 -1000 -1000 -10 0.69
51 70 Pedestrian -1 -1 -1 63.28 143.75 116.45 284.92 -1 -1 -1 -1000 -1000 -1000 -10 0.67
51 69 Pedestrian -1 -1 -1 712.35 159.16 735.88 220.79 -1 -1 -1 -1000 -1000 -1000 -10 0.63
51 50 Pedestrian -1 -1 -1 648.51 159.20 669.93 221.11 -1 -1 -1 -1000 -1000 -1000 -10 0.61
52 59 Pedestrian -1 -1 -1 605.00 161.03 629.87 227.66 -1 -1 -1 -1000 -1000 -1000 -10 0.80
52 61 Pedestrian -1 -1 -1 538.79 156.96 566.34 230.26 -1 -1 -1 -1000 -1000 -1000 -10 0.76
52 70 Pedestrian -1 -1 -1 59.82 145.56 127.46 290.74 -1 -1 -1 -1000 -1000 -1000 -10 0.69
52 50 Pedestrian -1 -1 -1 652.48 157.68 675.36 224.99 -1 -1 -1 -1000 -1000 -1000 -10 0.68
52 7 Pedestrian -1 -1 -1 7.64 145.81 72.53 311.64 -1 -1 -1 -1000 -1000 -1000 -10 0.68
52 69 Pedestrian -1 -1 -1 720.00 159.64 743.50 221.79 -1 -1 -1 -1000 -1000 -1000 -10 0.67
52 42 Pedestrian -1 -1 -1 587.71 162.42 608.26 221.80 -1 -1 -1 -1000 -1000 -1000 -10 0.65
52 54 Pedestrian -1 -1 -1 671.73 157.56 695.23 225.67 -1 -1 -1 -1000 -1000 -1000 -10 0.63
53 61 Pedestrian -1 -1 -1 545.20 157.32 574.86 233.15 -1 -1 -1 -1000 -1000 -1000 -10 0.76
53 59 Pedestrian -1 -1 -1 612.02 160.28 638.58 230.54 -1 -1 -1 -1000 -1000 -1000 -10 0.75
53 42 Pedestrian -1 -1 -1 594.85 162.86 616.47 225.87 -1 -1 -1 -1000 -1000 -1000 -10 0.74
53 54 Pedestrian -1 -1 -1 674.72 160.19 699.00 227.04 -1 -1 -1 -1000 -1000 -1000 -10 0.67
53 50 Pedestrian -1 -1 -1 659.00 161.06 682.10 226.51 -1 -1 -1 -1000 -1000 -1000 -10 0.65
53 70 Pedestrian -1 -1 -1 55.20 151.10 116.81 300.14 -1 -1 -1 -1000 -1000 -1000 -10 0.63
53 69 Pedestrian -1 -1 -1 724.91 160.08 748.75 223.14 -1 -1 -1 -1000 -1000 -1000 -10 0.63
53 7 Pedestrian -1 -1 -1 2.96 142.00 62.06 323.93 -1 -1 -1 -1000 -1000 -1000 -10 0.61
54 59 Pedestrian -1 -1 -1 619.30 158.02 646.14 231.12 -1 -1 -1 -1000 -1000 -1000 -10 0.78
54 70 Pedestrian -1 -1 -1 48.19 153.03 116.38 305.81 -1 -1 -1 -1000 -1000 -1000 -10 0.74
54 61 Pedestrian -1 -1 -1 553.58 155.28 583.02 233.79 -1 -1 -1 -1000 -1000 -1000 -10 0.72
54 54 Pedestrian -1 -1 -1 681.79 160.31 705.76 226.91 -1 -1 -1 -1000 -1000 -1000 -10 0.71
54 42 Pedestrian -1 -1 -1 601.60 161.28 624.71 226.11 -1 -1 -1 -1000 -1000 -1000 -10 0.69
54 7 Pedestrian -1 -1 -1 0.96 146.35 56.16 334.47 -1 -1 -1 -1000 -1000 -1000 -10 0.65
54 50 Pedestrian -1 -1 -1 664.49 158.67 686.06 224.00 -1 -1 -1 -1000 -1000 -1000 -10 0.63
54 69 Pedestrian -1 -1 -1 731.54 163.01 755.07 223.66 -1 -1 -1 -1000 -1000 -1000 -10 0.57
55 70 Pedestrian -1 -1 -1 43.08 148.77 121.39 316.65 -1 -1 -1 -1000 -1000 -1000 -10 0.80
55 54 Pedestrian -1 -1 -1 687.45 160.25 715.55 228.42 -1 -1 -1 -1000 -1000 -1000 -10 0.72
55 59 Pedestrian -1 -1 -1 626.95 160.58 653.21 231.12 -1 -1 -1 -1000 -1000 -1000 -10 0.69
55 42 Pedestrian -1 -1 -1 606.87 163.01 629.28 228.14 -1 -1 -1 -1000 -1000 -1000 -10 0.69
55 69 Pedestrian -1 -1 -1 739.17 161.76 763.61 225.31 -1 -1 -1 -1000 -1000 -1000 -10 0.68
55 7 Pedestrian -1 -1 -1 1.28 143.10 63.97 338.36 -1 -1 -1 -1000 -1000 -1000 -10 0.68
55 61 Pedestrian -1 -1 -1 556.99 154.54 586.85 234.12 -1 -1 -1 -1000 -1000 -1000 -10 0.66
55 50 Pedestrian -1 -1 -1 670.79 161.53 692.97 226.72 -1 -1 -1 -1000 -1000 -1000 -10 0.65
56 61 Pedestrian -1 -1 -1 560.22 159.31 590.82 236.68 -1 -1 -1 -1000 -1000 -1000 -10 0.77
56 70 Pedestrian -1 -1 -1 28.95 147.57 105.01 333.62 -1 -1 -1 -1000 -1000 -1000 -10 0.75
56 54 Pedestrian -1 -1 -1 695.51 163.17 722.31 231.87 -1 -1 -1 -1000 -1000 -1000 -10 0.72
56 59 Pedestrian -1 -1 -1 634.95 165.15 660.04 233.23 -1 -1 -1 -1000 -1000 -1000 -10 0.71
56 42 Pedestrian -1 -1 -1 613.19 166.06 635.83 230.38 -1 -1 -1 -1000 -1000 -1000 -10 0.65
56 69 Pedestrian -1 -1 -1 743.18 162.99 768.91 228.26 -1 -1 -1 -1000 -1000 -1000 -10 0.63
56 50 Pedestrian -1 -1 -1 673.28 166.50 694.27 228.33 -1 -1 -1 -1000 -1000 -1000 -10 0.60
56 7 Pedestrian -1 -1 -1 0.09 139.73 41.32 349.26 -1 -1 -1 -1000 -1000 -1000 -10 0.47
57 50 Pedestrian -1 -1 -1 674.47 158.55 699.25 230.57 -1 -1 -1 -1000 -1000 -1000 -10 0.77
57 61 Pedestrian -1 -1 -1 566.44 153.29 599.50 236.18 -1 -1 -1 -1000 -1000 -1000 -10 0.76
57 70 Pedestrian -1 -1 -1 9.72 140.24 86.02 341.08 -1 -1 -1 -1000 -1000 -1000 -10 0.75
57 54 Pedestrian -1 -1 -1 702.99 158.11 731.07 230.42 -1 -1 -1 -1000 -1000 -1000 -10 0.75
57 42 Pedestrian -1 -1 -1 621.33 161.57 644.42 227.93 -1 -1 -1 -1000 -1000 -1000 -10 0.72
57 59 Pedestrian -1 -1 -1 642.09 159.99 668.85 231.78 -1 -1 -1 -1000 -1000 -1000 -10 0.67
57 69 Pedestrian -1 -1 -1 749.28 160.85 776.43 226.58 -1 -1 -1 -1000 -1000 -1000 -10 0.60
58 61 Pedestrian -1 -1 -1 570.54 152.45 603.06 235.46 -1 -1 -1 -1000 -1000 -1000 -10 0.80
58 59 Pedestrian -1 -1 -1 646.23 158.26 674.14 232.37 -1 -1 -1 -1000 -1000 -1000 -10 0.75
58 42 Pedestrian -1 -1 -1 628.13 161.54 651.34 227.49 -1 -1 -1 -1000 -1000 -1000 -10 0.70
58 70 Pedestrian -1 -1 -1 1.61 140.63 71.00 355.23 -1 -1 -1 -1000 -1000 -1000 -10 0.70
58 50 Pedestrian -1 -1 -1 675.06 156.97 699.55 226.41 -1 -1 -1 -1000 -1000 -1000 -10 0.65
58 69 Pedestrian -1 -1 -1 755.42 157.06 784.58 225.08 -1 -1 -1 -1000 -1000 -1000 -10 0.59
58 54 Pedestrian -1 -1 -1 709.84 156.88 738.70 227.18 -1 -1 -1 -1000 -1000 -1000 -10 0.50
59 54 Pedestrian -1 -1 -1 718.54 160.11 745.74 235.69 -1 -1 -1 -1000 -1000 -1000 -10 0.75
59 61 Pedestrian -1 -1 -1 575.77 157.77 606.26 240.42 -1 -1 -1 -1000 -1000 -1000 -10 0.74
59 72 Pedestrian -1 -1 -1 588.84 159.38 623.34 245.34 -1 -1 -1 -1000 -1000 -1000 -10 0.73
59 59 Pedestrian -1 -1 -1 658.41 162.19 684.13 236.27 -1 -1 -1 -1000 -1000 -1000 -10 0.68
59 69 Pedestrian -1 -1 -1 764.63 161.31 791.16 229.38 -1 -1 -1 -1000 -1000 -1000 -10 0.68
59 70 Pedestrian -1 -1 -1 1.00 148.16 40.77 362.84 -1 -1 -1 -1000 -1000 -1000 -10 0.64
59 42 Pedestrian -1 -1 -1 635.41 165.11 659.86 232.74 -1 -1 -1 -1000 -1000 -1000 -10 0.63
59 50 Pedestrian -1 -1 -1 678.40 161.78 703.82 236.06 -1 -1 -1 -1000 -1000 -1000 -10 0.60
60 72 Pedestrian -1 -1 -1 597.19 158.19 630.83 246.05 -1 -1 -1 -1000 -1000 -1000 -10 0.74
60 50 Pedestrian -1 -1 -1 683.68 161.28 712.10 241.27 -1 -1 -1 -1000 -1000 -1000 -10 0.74
60 54 Pedestrian -1 -1 -1 725.65 161.23 753.25 235.98 -1 -1 -1 -1000 -1000 -1000 -10 0.72
60 61 Pedestrian -1 -1 -1 583.04 155.28 613.34 240.11 -1 -1 -1 -1000 -1000 -1000 -10 0.71
60 59 Pedestrian -1 -1 -1 663.93 162.46 692.35 240.05 -1 -1 -1 -1000 -1000 -1000 -10 0.64
60 42 Pedestrian -1 -1 -1 639.56 164.82 666.43 237.18 -1 -1 -1 -1000 -1000 -1000 -10 0.58
60 69 Pedestrian -1 -1 -1 768.81 162.64 802.53 231.54 -1 -1 -1 -1000 -1000 -1000 -10 0.41
60 73 Cyclist -1 -1 -1 768.85 161.90 801.89 229.42 -1 -1 -1 -1000 -1000 -1000 -10 0.42
61 61 Pedestrian -1 -1 -1 585.11 154.72 619.20 243.64 -1 -1 -1 -1000 -1000 -1000 -10 0.75
61 42 Pedestrian -1 -1 -1 646.10 165.52 673.32 239.17 -1 -1 -1 -1000 -1000 -1000 -10 0.75
61 69 Pedestrian -1 -1 -1 779.28 161.91 807.59 233.30 -1 -1 -1 -1000 -1000 -1000 -10 0.71
61 72 Pedestrian -1 -1 -1 605.44 159.50 637.59 246.14 -1 -1 -1 -1000 -1000 -1000 -10 0.69
61 50 Pedestrian -1 -1 -1 687.41 160.66 717.49 243.25 -1 -1 -1 -1000 -1000 -1000 -10 0.65
61 54 Pedestrian -1 -1 -1 732.66 160.64 761.91 238.45 -1 -1 -1 -1000 -1000 -1000 -10 0.65
61 59 Pedestrian -1 -1 -1 672.00 162.45 702.25 241.75 -1 -1 -1 -1000 -1000 -1000 -10 0.60
62 61 Pedestrian -1 -1 -1 592.35 157.35 626.89 249.16 -1 -1 -1 -1000 -1000 -1000 -10 0.76
62 50 Pedestrian -1 -1 -1 694.26 162.53 724.44 249.53 -1 -1 -1 -1000 -1000 -1000 -10 0.76
62 54 Pedestrian -1 -1 -1 739.56 163.25 770.55 243.48 -1 -1 -1 -1000 -1000 -1000 -10 0.68
62 72 Pedestrian -1 -1 -1 616.91 161.99 649.81 252.44 -1 -1 -1 -1000 -1000 -1000 -10 0.64
62 42 Pedestrian -1 -1 -1 653.72 166.17 682.15 244.11 -1 -1 -1 -1000 -1000 -1000 -10 0.63
62 69 Pedestrian -1 -1 -1 783.50 162.16 818.36 236.46 -1 -1 -1 -1000 -1000 -1000 -10 0.54
63 50 Pedestrian -1 -1 -1 699.77 160.51 734.36 250.80 -1 -1 -1 -1000 -1000 -1000 -10 0.76
63 42 Pedestrian -1 -1 -1 664.57 166.25 693.86 245.32 -1 -1 -1 -1000 -1000 -1000 -10 0.73
63 61 Pedestrian -1 -1 -1 600.53 156.14 635.26 250.12 -1 -1 -1 -1000 -1000 -1000 -10 0.73
63 74 Cyclist -1 -1 -1 785.54 160.57 833.30 234.82 -1 -1 -1 -1000 -1000 -1000 -10 0.68
63 72 Pedestrian -1 -1 -1 626.29 160.00 662.63 254.09 -1 -1 -1 -1000 -1000 -1000 -10 0.65
63 54 Pedestrian -1 -1 -1 746.00 160.06 779.73 246.85 -1 -1 -1 -1000 -1000 -1000 -10 0.64
64 72 Pedestrian -1 -1 -1 640.53 163.96 678.76 262.43 -1 -1 -1 -1000 -1000 -1000 -10 0.75
64 61 Pedestrian -1 -1 -1 611.79 161.35 647.24 256.92 -1 -1 -1 -1000 -1000 -1000 -10 0.75
64 54 Pedestrian -1 -1 -1 756.77 163.95 792.25 254.24 -1 -1 -1 -1000 -1000 -1000 -10 0.74
64 50 Pedestrian -1 -1 -1 713.30 163.29 750.49 257.32 -1 -1 -1 -1000 -1000 -1000 -10 0.70
64 74 Cyclist -1 -1 -1 798.86 163.64 849.96 242.56 -1 -1 -1 -1000 -1000 -1000 -10 0.68
64 42 Pedestrian -1 -1 -1 676.75 167.35 710.65 253.40 -1 -1 -1 -1000 -1000 -1000 -10 0.65
65 61 Pedestrian -1 -1 -1 622.71 156.74 659.50 256.59 -1 -1 -1 -1000 -1000 -1000 -10 0.77
65 54 Pedestrian -1 -1 -1 770.54 157.79 808.42 254.80 -1 -1 -1 -1000 -1000 -1000 -10 0.75
65 72 Pedestrian -1 -1 -1 657.25 159.72 699.64 262.04 -1 -1 -1 -1000 -1000 -1000 -10 0.72
65 50 Pedestrian -1 -1 -1 729.03 159.62 765.89 253.62 -1 -1 -1 -1000 -1000 -1000 -10 0.70
65 42 Pedestrian -1 -1 -1 690.00 162.86 721.67 250.65 -1 -1 -1 -1000 -1000 -1000 -10 0.59
65 74 Cyclist -1 -1 -1 814.99 157.63 865.13 244.82 -1 -1 -1 -1000 -1000 -1000 -10 0.49
66 61 Pedestrian -1 -1 -1 636.97 155.17 675.45 256.58 -1 -1 -1 -1000 -1000 -1000 -10 0.79
66 72 Pedestrian -1 -1 -1 677.51 159.33 718.27 266.45 -1 -1 -1 -1000 -1000 -1000 -10 0.77
66 54 Pedestrian -1 -1 -1 785.36 156.47 825.61 261.17 -1 -1 -1 -1000 -1000 -1000 -10 0.70
66 75 Pedestrian -1 -1 -1 839.59 155.81 884.63 248.68 -1 -1 -1 -1000 -1000 -1000 -10 0.65
66 42 Pedestrian -1 -1 -1 707.45 163.14 741.26 255.27 -1 -1 -1 -1000 -1000 -1000 -10 0.64
66 50 Pedestrian -1 -1 -1 747.48 159.99 785.68 257.41 -1 -1 -1 -1000 -1000 -1000 -10 0.61
67 61 Pedestrian -1 -1 -1 647.56 152.30 694.86 266.08 -1 -1 -1 -1000 -1000 -1000 -10 0.81
67 72 Pedestrian -1 -1 -1 703.77 160.09 746.27 274.25 -1 -1 -1 -1000 -1000 -1000 -10 0.74
67 54 Pedestrian -1 -1 -1 806.63 156.22 849.13 265.37 -1 -1 -1 -1000 -1000 -1000 -10 0.74
67 50 Pedestrian -1 -1 -1 766.99 160.30 805.11 260.61 -1 -1 -1 -1000 -1000 -1000 -10 0.70
67 75 Pedestrian -1 -1 -1 864.21 156.13 914.14 255.84 -1 -1 -1 -1000 -1000 -1000 -10 0.69
67 42 Pedestrian -1 -1 -1 725.00 162.04 762.81 259.80 -1 -1 -1 -1000 -1000 -1000 -10 0.56
68 61 Pedestrian -1 -1 -1 660.25 153.14 712.22 273.14 -1 -1 -1 -1000 -1000 -1000 -10 0.82
68 54 Pedestrian -1 -1 -1 830.42 154.43 878.55 273.88 -1 -1 -1 -1000 -1000 -1000 -10 0.73
68 72 Pedestrian -1 -1 -1 729.36 159.30 774.76 284.06 -1 -1 -1 -1000 -1000 -1000 -10 0.71
68 75 Pedestrian -1 -1 -1 898.26 153.77 949.00 265.05 -1 -1 -1 -1000 -1000 -1000 -10 0.67
68 50 Pedestrian -1 -1 -1 788.80 157.83 835.63 268.28 -1 -1 -1 -1000 -1000 -1000 -10 0.67
68 42 Pedestrian -1 -1 -1 746.94 159.68 786.47 268.37 -1 -1 -1 -1000 -1000 -1000 -10 0.59
69 61 Pedestrian -1 -1 -1 684.73 150.64 735.01 278.60 -1 -1 -1 -1000 -1000 -1000 -10 0.75
69 54 Pedestrian -1 -1 -1 863.41 152.41 914.65 281.14 -1 -1 -1 -1000 -1000 -1000 -10 0.74
69 75 Pedestrian -1 -1 -1 927.62 150.51 988.75 270.00 -1 -1 -1 -1000 -1000 -1000 -10 0.72
69 72 Pedestrian -1 -1 -1 761.72 154.78 810.43 286.67 -1 -1 -1 -1000 -1000 -1000 -10 0.68
69 50 Pedestrian -1 -1 -1 815.58 157.32 862.66 276.51 -1 -1 -1 -1000 -1000 -1000 -10 0.66
70 61 Pedestrian -1 -1 -1 709.96 152.19 763.02 289.60 -1 -1 -1 -1000 -1000 -1000 -10 0.82
70 72 Pedestrian -1 -1 -1 789.84 152.69 843.51 299.22 -1 -1 -1 -1000 -1000 -1000 -10 0.79
70 54 Pedestrian -1 -1 -1 898.13 147.75 956.82 296.46 -1 -1 -1 -1000 -1000 -1000 -10 0.74
70 50 Pedestrian -1 -1 -1 842.23 156.14 890.75 285.15 -1 -1 -1 -1000 -1000 -1000 -10 0.71
70 75 Pedestrian -1 -1 -1 971.52 154.24 1029.05 287.43 -1 -1 -1 -1000 -1000 -1000 -10 0.70
71 61 Pedestrian -1 -1 -1 732.33 151.34 794.16 306.39 -1 -1 -1 -1000 -1000 -1000 -10 0.81
71 72 Pedestrian -1 -1 -1 821.11 156.48 880.84 317.91 -1 -1 -1 -1000 -1000 -1000 -10 0.78
71 75 Pedestrian -1 -1 -1 1011.46 154.99 1080.60 302.30 -1 -1 -1 -1000 -1000 -1000 -10 0.74
71 54 Pedestrian -1 -1 -1 946.84 155.75 1007.32 317.45 -1 -1 -1 -1000 -1000 -1000 -10 0.74
71 50 Pedestrian -1 -1 -1 873.44 160.16 927.79 298.96 -1 -1 -1 -1000 -1000 -1000 -10 0.71
72 72 Pedestrian -1 -1 -1 868.96 153.08 932.28 327.79 -1 -1 -1 -1000 -1000 -1000 -10 0.76
72 75 Pedestrian -1 -1 -1 1057.38 145.88 1133.88 305.39 -1 -1 -1 -1000 -1000 -1000 -10 0.75
72 54 Pedestrian -1 -1 -1 1000.47 143.34 1068.83 329.11 -1 -1 -1 -1000 -1000 -1000 -10 0.74
72 61 Pedestrian -1 -1 -1 761.15 144.32 826.54 312.70 -1 -1 -1 -1000 -1000 -1000 -10 0.73
72 50 Pedestrian -1 -1 -1 916.16 156.70 976.70 315.72 -1 -1 -1 -1000 -1000 -1000 -10 0.59
73 72 Pedestrian -1 -1 -1 918.25 153.95 990.47 349.43 -1 -1 -1 -1000 -1000 -1000 -10 0.81
73 75 Pedestrian -1 -1 -1 1104.90 151.49 1208.90 329.20 -1 -1 -1 -1000 -1000 -1000 -10 0.74
73 54 Pedestrian -1 -1 -1 1069.68 145.30 1152.37 343.77 -1 -1 -1 -1000 -1000 -1000 -10 0.72
73 61 Pedestrian -1 -1 -1 784.85 141.70 864.38 325.41 -1 -1 -1 -1000 -1000 -1000 -10 0.49
74 72 Pedestrian -1 -1 -1 998.46 154.80 1086.25 364.85 -1 -1 -1 -1000 -1000 -1000 -10 0.77
74 61 Pedestrian -1 -1 -1 827.38 145.10 905.62 358.66 -1 -1 -1 -1000 -1000 -1000 -10 0.76
74 54 Pedestrian -1 -1 -1 1130.15 143.23 1222.28 361.04 -1 -1 -1 -1000 -1000 -1000 -10 0.60
74 76 Pedestrian -1 -1 -1 943.92 158.77 1010.97 338.46 -1 -1 -1 -1000 -1000 -1000 -10 0.58
75 61 Pedestrian -1 -1 -1 876.22 133.87 971.17 369.90 -1 -1 -1 -1000 -1000 -1000 -10 0.79
75 72 Pedestrian -1 -1 -1 1081.32 150.82 1202.19 367.26 -1 -1 -1 -1000 -1000 -1000 -10 0.77
75 76 Pedestrian -1 -1 -1 995.45 151.41 1081.43 361.25 -1 -1 -1 -1000 -1000 -1000 -10 0.74
75 78 Car -1 -1 -1 632.15 175.63 674.29 193.44 -1 -1 -1 -1000 -1000 -1000 -10 0.48
76 76 Pedestrian -1 -1 -1 1042.56 139.02 1187.48 365.23 -1 -1 -1 -1000 -1000 -1000 -10 0.74
76 61 Pedestrian -1 -1 -1 936.09 128.75 1056.72 367.87 -1 -1 -1 -1000 -1000 -1000 -10 0.71
76 78 Car -1 -1 -1 624.18 175.90 671.38 193.03 -1 -1 -1 -1000 -1000 -1000 -10 0.63
76 72 Pedestrian -1 -1 -1 1177.47 145.88 1220.53 357.91 -1 -1 -1 -1000 -1000 -1000 -10 0.46
76 80 Cyclist -1 -1 -1 829.01 160.22 888.17 237.95 -1 -1 -1 -1000 -1000 -1000 -10 0.71
77 80 Cyclist -1 -1 -1 830.08 160.05 895.44 245.34 -1 -1 -1 -1000 -1000 -1000 -10 0.80
77 61 Pedestrian -1 -1 -1 1020.68 119.04 1155.73 370.13 -1 -1 -1 -1000 -1000 -1000 -10 0.69
77 76 Pedestrian -1 -1 -1 1121.81 141.61 1222.94 362.59 -1 -1 -1 -1000 -1000 -1000 -10 0.67
77 78 Car -1 -1 -1 611.47 176.00 661.71 194.95 -1 -1 -1 -1000 -1000 -1000 -10 0.65
78 80 Cyclist -1 -1 -1 835.85 157.99 896.25 253.14 -1 -1 -1 -1000 -1000 -1000 -10 0.75
78 78 Car -1 -1 -1 595.47 174.55 646.97 194.00 -1 -1 -1 -1000 -1000 -1000 -10 0.75
78 81 Cyclist -1 -1 -1 803.24 168.55 859.57 251.98 -1 -1 -1 -1000 -1000 -1000 -10 0.68
78 61 Pedestrian -1 -1 -1 1126.25 139.47 1218.56 364.21 -1 -1 -1 -1000 -1000 -1000 -10 0.44
79 80 Cyclist -1 -1 -1 836.05 156.90 904.18 255.68 -1 -1 -1 -1000 -1000 -1000 -10 0.84
79 78 Car -1 -1 -1 577.93 176.26 628.32 195.81 -1 -1 -1 -1000 -1000 -1000 -10 0.67
79 82 Cyclist -1 -1 -1 1138.91 173.95 1183.28 231.52 -1 -1 -1 -1000 -1000 -1000 -10 0.55
79 81 Cyclist -1 -1 -1 806.45 168.62 856.97 258.72 -1 -1 -1 -1000 -1000 -1000 -10 0.45
79 84 Pedestrian -1 -1 -1 803.87 168.06 844.75 257.78 -1 -1 -1 -1000 -1000 -1000 -10 0.43
79 85 Cyclist -1 -1 -1 1141.16 174.29 1219.06 252.91 -1 -1 -1 -1000 -1000 -1000 -10 0.42
80 80 Cyclist -1 -1 -1 841.22 155.77 914.87 265.14 -1 -1 -1 -1000 -1000 -1000 -10 0.83
80 78 Car -1 -1 -1 560.88 174.50 613.65 194.34 -1 -1 -1 -1000 -1000 -1000 -10 0.76
80 84 Pedestrian -1 -1 -1 804.93 164.59 843.89 261.97 -1 -1 -1 -1000 -1000 -1000 -10 0.70
80 85 Cyclist -1 -1 -1 1160.82 175.23 1220.99 252.10 -1 -1 -1 -1000 -1000 -1000 -10 0.64
80 86 Pedestrian -1 -1 -1 1147.83 171.01 1181.75 233.80 -1 -1 -1 -1000 -1000 -1000 -10 0.50
81 80 Cyclist -1 -1 -1 849.25 147.62 936.37 278.28 -1 -1 -1 -1000 -1000 -1000 -10 0.84
81 78 Car -1 -1 -1 544.64 172.79 600.83 193.93 -1 -1 -1 -1000 -1000 -1000 -10 0.80
81 84 Pedestrian -1 -1 -1 806.63 159.75 850.28 266.68 -1 -1 -1 -1000 -1000 -1000 -10 0.73
81 86 Pedestrian -1 -1 -1 1160.72 168.69 1183.06 227.52 -1 -1 -1 -1000 -1000 -1000 -10 0.68
81 85 Cyclist -1 -1 -1 1181.49 171.10 1218.46 248.40 -1 -1 -1 -1000 -1000 -1000 -10 0.61
82 80 Cyclist -1 -1 -1 863.39 145.22 960.57 289.60 -1 -1 -1 -1000 -1000 -1000 -10 0.88
82 78 Car -1 -1 -1 532.11 171.75 588.42 194.57 -1 -1 -1 -1000 -1000 -1000 -10 0.87
82 84 Pedestrian -1 -1 -1 810.74 157.92 868.33 277.57 -1 -1 -1 -1000 -1000 -1000 -10 0.62
82 86 Pedestrian -1 -1 -1 1171.46 169.36 1196.44 227.98 -1 -1 -1 -1000 -1000 -1000 -10 0.61
82 87 Pedestrian -1 -1 -1 495.23 168.34 510.37 210.37 -1 -1 -1 -1000 -1000 -1000 -10 0.60
83 80 Cyclist -1 -1 -1 903.15 145.12 997.82 306.26 -1 -1 -1 -1000 -1000 -1000 -10 0.86
83 78 Car -1 -1 -1 520.74 175.25 578.16 197.81 -1 -1 -1 -1000 -1000 -1000 -10 0.85
83 87 Pedestrian -1 -1 -1 479.10 170.79 495.18 217.63 -1 -1 -1 -1000 -1000 -1000 -10 0.72
83 88 Cyclist -1 -1 -1 827.84 158.57 904.14 299.60 -1 -1 -1 -1000 -1000 -1000 -10 0.67
83 86 Pedestrian -1 -1 -1 1197.22 173.78 1216.34 229.48 -1 -1 -1 -1000 -1000 -1000 -10 0.65
84 80 Cyclist -1 -1 -1 960.97 142.80 1069.68 346.58 -1 -1 -1 -1000 -1000 -1000 -10 0.76
84 78 Car -1 -1 -1 516.41 178.17 576.35 201.65 -1 -1 -1 -1000 -1000 -1000 -10 0.76
84 87 Pedestrian -1 -1 -1 468.48 175.99 484.78 225.83 -1 -1 -1 -1000 -1000 -1000 -10 0.70
84 88 Cyclist -1 -1 -1 861.38 159.15 955.12 328.51 -1 -1 -1 -1000 -1000 -1000 -10 0.53
84 89 Car -1 -1 -1 1209.48 182.08 1219.79 223.43 -1 -1 -1 -1000 -1000 -1000 -10 0.41
84 90 Pedestrian -1 -1 -1 859.96 157.05 949.70 324.83 -1 -1 -1 -1000 -1000 -1000 -10 0.40