0 1 Car -1 -1 -1 642.50 183.35 699.14 232.57 -1 -1 -1 -1000 -1000 -1000 -10 0.86
0 2 Car -1 -1 -1 855.84 183.05 891.82 201.43 -1 -1 -1 -1000 -1000 -1000 -10 0.54
1 1 Car -1 -1 -1 645.94 184.14 705.86 232.76 -1 -1 -1 -1000 -1000 -1000 -10 0.85
1 2 Car -1 -1 -1 867.83 183.08 907.54 201.05 -1 -1 -1 -1000 -1000 -1000 -10 0.66
2 1 Car -1 -1 -1 648.93 183.73 710.70 233.08 -1 -1 -1 -1000 -1000 -1000 -10 0.86
2 2 Car -1 -1 -1 884.47 181.52 919.19 199.63 -1 -1 -1 -1000 -1000 -1000 -10 0.61
3 1 Car -1 -1 -1 652.64 183.50 714.66 232.71 -1 -1 -1 -1000 -1000 -1000 -10 0.84
3 2 Car -1 -1 -1 896.44 181.52 932.37 198.98 -1 -1 -1 -1000 -1000 -1000 -10 0.68
4 1 Car -1 -1 -1 654.51 182.45 718.30 233.29 -1 -1 -1 -1000 -1000 -1000 -10 0.88
4 2 Car -1 -1 -1 907.46 179.09 944.57 196.96 -1 -1 -1 -1000 -1000 -1000 -10 0.60
5 1 Car -1 -1 -1 657.45 179.99 722.80 232.76 -1 -1 -1 -1000 -1000 -1000 -10 0.85
5 2 Car -1 -1 -1 918.44 176.58 956.22 194.33 -1 -1 -1 -1000 -1000 -1000 -10 0.71
6 1 Car -1 -1 -1 660.12 178.98 725.60 232.07 -1 -1 -1 -1000 -1000 -1000 -10 0.94
6 2 Car -1 -1 -1 922.65 175.61 967.85 193.32 -1 -1 -1 -1000 -1000 -1000 -10 0.71
7 1 Car -1 -1 -1 661.13 178.32 730.95 232.87 -1 -1 -1 -1000 -1000 -1000 -10 0.94
7 2 Car -1 -1 -1 935.80 173.99 978.86 190.92 -1 -1 -1 -1000 -1000 -1000 -10 0.53
8 1 Car -1 -1 -1 664.91 178.64 733.61 233.70 -1 -1 -1 -1000 -1000 -1000 -10 0.88
8 2 Car -1 -1 -1 947.89 167.77 1011.09 188.63 -1 -1 -1 -1000 -1000 -1000 -10 0.67
9 1 Car -1 -1 -1 666.41 179.03 736.16 235.83 -1 -1 -1 -1000 -1000 -1000 -10 0.89
9 2 Car -1 -1 -1 957.00 172.37 995.95 190.35 -1 -1 -1 -1000 -1000 -1000 -10 0.64
10 1 Car -1 -1 -1 668.32 178.11 739.42 234.56 -1 -1 -1 -1000 -1000 -1000 -10 0.91
10 2 Car -1 -1 -1 962.03 171.89 1000.72 192.00 -1 -1 -1 -1000 -1000 -1000 -10 0.68
11 1 Car -1 -1 -1 670.63 177.93 743.49 234.41 -1 -1 -1 -1000 -1000 -1000 -10 0.89
11 2 Car -1 -1 -1 968.70 172.74 1007.86 190.05 -1 -1 -1 -1000 -1000 -1000 -10 0.77
12 1 Car -1 -1 -1 671.65 177.18 746.12 234.91 -1 -1 -1 -1000 -1000 -1000 -10 0.94
12 2 Car -1 -1 -1 976.35 170.23 1014.77 187.76 -1 -1 -1 -1000 -1000 -1000 -10 0.62
13 1 Car -1 -1 -1 673.05 176.54 750.29 234.98 -1 -1 -1 -1000 -1000 -1000 -10 0.95
13 2 Car -1 -1 -1 982.80 168.87 1018.01 188.25 -1 -1 -1 -1000 -1000 -1000 -10 0.59
14 1 Car -1 -1 -1 676.82 176.05 754.12 234.89 -1 -1 -1 -1000 -1000 -1000 -10 0.95
14 2 Car -1 -1 -1 986.14 168.76 1023.01 186.64 -1 -1 -1 -1000 -1000 -1000 -10 0.61
15 1 Car -1 -1 -1 679.92 175.86 759.05 235.58 -1 -1 -1 -1000 -1000 -1000 -10 0.95
15 2 Car -1 -1 -1 991.24 167.96 1025.58 185.16 -1 -1 -1 -1000 -1000 -1000 -10 0.49
16 1 Car -1 -1 -1 683.11 175.07 763.11 235.52 -1 -1 -1 -1000 -1000 -1000 -10 0.95
16 2 Car -1 -1 -1 996.85 165.69 1031.46 184.03 -1 -1 -1 -1000 -1000 -1000 -10 0.70
17 1 Car -1 -1 -1 685.03 175.00 768.65 236.31 -1 -1 -1 -1000 -1000 -1000 -10 0.95
17 2 Car -1 -1 -1 1002.88 165.51 1034.65 181.40 -1 -1 -1 -1000 -1000 -1000 -10 0.64
17 3 Car -1 -1 -1 885.10 170.91 918.52 183.02 -1 -1 -1 -1000 -1000 -1000 -10 0.46
18 1 Car -1 -1 -1 688.90 175.18 772.15 236.55 -1 -1 -1 -1000 -1000 -1000 -10 0.94
18 2 Car -1 -1 -1 1006.92 165.04 1038.76 181.54 -1 -1 -1 -1000 -1000 -1000 -10 0.66
18 3 Car -1 -1 -1 871.36 170.70 904.79 183.88 -1 -1 -1 -1000 -1000 -1000 -10 0.58
18 4 Car -1 -1 -1 0.41 174.86 49.18 242.13 -1 -1 -1 -1000 -1000 -1000 -10 0.58
19 1 Car -1 -1 -1 691.87 175.66 776.55 236.79 -1 -1 -1 -1000 -1000 -1000 -10 0.89
19 4 Car -1 -1 -1 -0.86 177.06 106.97 240.81 -1 -1 -1 -1000 -1000 -1000 -10 0.88
19 3 Car -1 -1 -1 860.46 171.96 892.13 184.13 -1 -1 -1 -1000 -1000 -1000 -10 0.54
19 2 Car -1 -1 -1 1006.72 162.69 1037.65 179.47 -1 -1 -1 -1000 -1000 -1000 -10 0.44
20 4 Car -1 -1 -1 2.87 179.84 162.66 238.44 -1 -1 -1 -1000 -1000 -1000 -10 0.94
20 1 Car -1 -1 -1 694.49 175.33 778.18 237.37 -1 -1 -1 -1000 -1000 -1000 -10 0.92
20 3 Car -1 -1 -1 849.43 171.89 883.87 184.59 -1 -1 -1 -1000 -1000 -1000 -10 0.52
20 2 Car -1 -1 -1 998.76 162.89 1038.37 177.69 -1 -1 -1 -1000 -1000 -1000 -10 0.44
20 5 Car -1 -1 -1 952.08 164.84 978.44 176.70 -1 -1 -1 -1000 -1000 -1000 -10 0.49
21 1 Car -1 -1 -1 697.20 175.41 781.48 239.58 -1 -1 -1 -1000 -1000 -1000 -10 0.93
21 4 Car -1 -1 -1 46.50 181.25 213.97 235.41 -1 -1 -1 -1000 -1000 -1000 -10 0.88
21 2 Car -1 -1 -1 990.12 161.19 1015.89 176.91 -1 -1 -1 -1000 -1000 -1000 -10 0.59
21 5 Car -1 -1 -1 941.57 164.58 970.36 177.77 -1 -1 -1 -1000 -1000 -1000 -10 0.54
21 3 Car -1 -1 -1 834.25 171.16 869.97 184.83 -1 -1 -1 -1000 -1000 -1000 -10 0.50
21 6 Car -1 -1 -1 1009.06 162.18 1037.52 179.17 -1 -1 -1 -1000 -1000 -1000 -10 0.43
22 4 Car -1 -1 -1 107.31 179.15 268.14 233.00 -1 -1 -1 -1000 -1000 -1000 -10 0.92
22 1 Car -1 -1 -1 699.33 175.62 784.84 239.53 -1 -1 -1 -1000 -1000 -1000 -10 0.91
22 6 Car -1 -1 -1 1011.40 161.10 1036.25 180.36 -1 -1 -1 -1000 -1000 -1000 -10 0.60
22 5 Car -1 -1 -1 927.83 164.10 956.20 178.10 -1 -1 -1 -1000 -1000 -1000 -10 0.49
22 2 Car -1 -1 -1 982.75 161.61 1006.00 176.00 -1 -1 -1 -1000 -1000 -1000 -10 0.47
23 1 Car -1 -1 -1 700.83 175.17 786.91 240.02 -1 -1 -1 -1000 -1000 -1000 -10 0.94
23 4 Car -1 -1 -1 161.06 178.88 316.81 231.40 -1 -1 -1 -1000 -1000 -1000 -10 0.90
23 2 Car -1 -1 -1 964.15 161.94 994.80 175.76 -1 -1 -1 -1000 -1000 -1000 -10 0.60
23 6 Car -1 -1 -1 1009.27 162.23 1034.04 179.64 -1 -1 -1 -1000 -1000 -1000 -10 0.59
23 5 Car -1 -1 -1 921.47 164.43 946.64 178.26 -1 -1 -1 -1000 -1000 -1000 -10 0.45
23 7 Car -1 -1 -1 798.43 170.49 836.45 186.41 -1 -1 -1 -1000 -1000 -1000 -10 0.59
24 1 Car -1 -1 -1 702.03 176.24 790.05 240.20 -1 -1 -1 -1000 -1000 -1000 -10 0.95
24 4 Car -1 -1 -1 213.00 176.25 358.00 228.12 -1 -1 -1 -1000 -1000 -1000 -10 0.86
24 2 Car -1 -1 -1 954.85 163.45 981.11 176.26 -1 -1 -1 -1000 -1000 -1000 -10 0.63
24 6 Car -1 -1 -1 1007.31 161.85 1031.46 179.60 -1 -1 -1 -1000 -1000 -1000 -10 0.62
24 7 Car -1 -1 -1 788.49 173.62 820.52 187.80 -1 -1 -1 -1000 -1000 -1000 -10 0.48
25 1 Car -1 -1 -1 702.32 177.49 790.54 242.11 -1 -1 -1 -1000 -1000 -1000 -10 0.96
25 4 Car -1 -1 -1 260.51 178.51 402.43 229.86 -1 -1 -1 -1000 -1000 -1000 -10 0.88
25 2 Car -1 -1 -1 939.81 164.48 966.76 177.48 -1 -1 -1 -1000 -1000 -1000 -10 0.60
25 6 Car -1 -1 -1 1002.24 165.64 1025.30 181.29 -1 -1 -1 -1000 -1000 -1000 -10 0.58
25 7 Car -1 -1 -1 771.86 175.62 801.52 188.81 -1 -1 -1 -1000 -1000 -1000 -10 0.49
25 8 Car -1 -1 -1 886.25 168.28 918.19 181.52 -1 -1 -1 -1000 -1000 -1000 -10 0.41
26 1 Car -1 -1 -1 701.21 177.21 790.98 243.18 -1 -1 -1 -1000 -1000 -1000 -10 0.92
26 4 Car -1 -1 -1 304.06 179.74 436.58 228.33 -1 -1 -1 -1000 -1000 -1000 -10 0.87
26 2 Car -1 -1 -1 924.98 166.61 950.63 179.94 -1 -1 -1 -1000 -1000 -1000 -10 0.68
26 6 Car -1 -1 -1 995.51 166.92 1018.37 182.26 -1 -1 -1 -1000 -1000 -1000 -10 0.68
26 8 Car -1 -1 -1 870.75 170.34 901.79 184.04 -1 -1 -1 -1000 -1000 -1000 -10 0.55
27 1 Car -1 -1 -1 701.52 178.47 790.49 244.81 -1 -1 -1 -1000 -1000 -1000 -10 0.93
27 4 Car -1 -1 -1 343.02 177.62 469.23 226.38 -1 -1 -1 -1000 -1000 -1000 -10 0.86
27 2 Car -1 -1 -1 908.45 166.53 936.70 181.05 -1 -1 -1 -1000 -1000 -1000 -10 0.63
27 6 Car -1 -1 -1 989.22 166.93 1011.73 181.78 -1 -1 -1 -1000 -1000 -1000 -10 0.57
27 8 Car -1 -1 -1 855.74 170.83 885.74 184.81 -1 -1 -1 -1000 -1000 -1000 -10 0.52
28 1 Car -1 -1 -1 701.26 179.99 791.38 244.98 -1 -1 -1 -1000 -1000 -1000 -10 0.96
28 4 Car -1 -1 -1 383.93 179.57 498.03 224.71 -1 -1 -1 -1000 -1000 -1000 -10 0.84
28 6 Car -1 -1 -1 982.86 165.02 1007.59 182.56 -1 -1 -1 -1000 -1000 -1000 -10 0.67
28 8 Car -1 -1 -1 837.15 170.74 867.26 185.93 -1 -1 -1 -1000 -1000 -1000 -10 0.62
28 2 Car -1 -1 -1 895.86 167.24 924.31 181.35 -1 -1 -1 -1000 -1000 -1000 -10 0.60
28 9 Car -1 -1 -1 697.33 180.09 736.55 196.24 -1 -1 -1 -1000 -1000 -1000 -10 0.50
29 1 Car -1 -1 -1 701.09 179.92 791.38 245.31 -1 -1 -1 -1000 -1000 -1000 -10 0.96
29 4 Car -1 -1 -1 419.91 180.13 529.67 223.91 -1 -1 -1 -1000 -1000 -1000 -10 0.90
29 9 Car -1 -1 -1 670.13 180.77 718.00 197.60 -1 -1 -1 -1000 -1000 -1000 -10 0.69
29 8 Car -1 -1 -1 819.34 171.16 853.29 187.11 -1 -1 -1 -1000 -1000 -1000 -10 0.62
29 6 Car -1 -1 -1 975.71 166.03 999.19 182.29 -1 -1 -1 -1000 -1000 -1000 -10 0.61
29 2 Car -1 -1 -1 878.94 168.58 908.25 184.03 -1 -1 -1 -1000 -1000 -1000 -10 0.50
30 1 Car -1 -1 -1 701.09 180.95 791.53 246.07 -1 -1 -1 -1000 -1000 -1000 -10 0.96
30 4 Car -1 -1 -1 447.62 180.85 558.16 223.21 -1 -1 -1 -1000 -1000 -1000 -10 0.89
30 2 Car -1 -1 -1 864.62 169.53 899.21 184.10 -1 -1 -1 -1000 -1000 -1000 -10 0.60
30 8 Car -1 -1 -1 801.93 173.67 837.72 187.83 -1 -1 -1 -1000 -1000 -1000 -10 0.57
30 9 Car -1 -1 -1 646.56 181.07 694.92 200.61 -1 -1 -1 -1000 -1000 -1000 -10 0.46
30 6 Car -1 -1 -1 966.36 166.13 994.70 181.25 -1 -1 -1 -1000 -1000 -1000 -10 0.44
31 1 Car -1 -1 -1 701.38 182.11 791.56 248.57 -1 -1 -1 -1000 -1000 -1000 -10 0.93
31 4 Car -1 -1 -1 479.36 181.47 581.56 222.59 -1 -1 -1 -1000 -1000 -1000 -10 0.87
31 2 Car -1 -1 -1 850.50 169.87 877.80 185.65 -1 -1 -1 -1000 -1000 -1000 -10 0.73
31 9 Car -1 -1 -1 620.41 183.64 670.05 203.63 -1 -1 -1 -1000 -1000 -1000 -10 0.70
31 8 Car -1 -1 -1 787.67 174.56 821.15 190.57 -1 -1 -1 -1000 -1000 -1000 -10 0.65
31 6 Car -1 -1 -1 959.68 166.43 985.81 181.57 -1 -1 -1 -1000 -1000 -1000 -10 0.56
32 1 Car -1 -1 -1 700.83 182.96 791.61 249.72 -1 -1 -1 -1000 -1000 -1000 -10 0.96
32 4 Car -1 -1 -1 510.01 183.13 602.22 220.81 -1 -1 -1 -1000 -1000 -1000 -10 0.84
32 2 Car -1 -1 -1 834.17 172.47 863.34 188.00 -1 -1 -1 -1000 -1000 -1000 -10 0.60
32 8 Car -1 -1 -1 772.99 176.84 805.02 192.77 -1 -1 -1 -1000 -1000 -1000 -10 0.53
32 6 Car -1 -1 -1 952.22 168.28 978.92 185.38 -1 -1 -1 -1000 -1000 -1000 -10 0.45
32 9 Car -1 -1 -1 594.03 186.33 650.52 204.99 -1 -1 -1 -1000 -1000 -1000 -10 0.45
33 1 Car -1 -1 -1 700.15 186.19 792.16 252.61 -1 -1 -1 -1000 -1000 -1000 -10 0.93
33 4 Car -1 -1 -1 531.99 185.61 619.50 222.82 -1 -1 -1 -1000 -1000 -1000 -10 0.85
33 2 Car -1 -1 -1 818.43 175.90 847.93 190.16 -1 -1 -1 -1000 -1000 -1000 -10 0.58
33 6 Car -1 -1 -1 946.43 170.00 974.43 186.15 -1 -1 -1 -1000 -1000 -1000 -10 0.55
33 8 Car -1 -1 -1 753.66 178.41 786.53 195.17 -1 -1 -1 -1000 -1000 -1000 -10 0.42
34 1 Car -1 -1 -1 699.53 187.37 789.80 253.92 -1 -1 -1 -1000 -1000 -1000 -10 0.94
34 4 Car -1 -1 -1 552.26 188.17 638.75 224.03 -1 -1 -1 -1000 -1000 -1000 -10 0.91
34 2 Car -1 -1 -1 800.40 178.04 833.66 193.29 -1 -1 -1 -1000 -1000 -1000 -10 0.72
34 8 Car -1 -1 -1 730.85 180.20 771.08 200.54 -1 -1 -1 -1000 -1000 -1000 -10 0.52
34 10 Car -1 -1 -1 528.47 192.67 592.72 215.95 -1 -1 -1 -1000 -1000 -1000 -10 0.59
35 1 Car -1 -1 -1 697.87 188.40 790.85 255.23 -1 -1 -1 -1000 -1000 -1000 -10 0.92
35 4 Car -1 -1 -1 570.52 188.77 653.38 223.58 -1 -1 -1 -1000 -1000 -1000 -10 0.88
35 10 Car -1 -1 -1 486.14 195.73 557.15 220.34 -1 -1 -1 -1000 -1000 -1000 -10 0.82
35 2 Car -1 -1 -1 785.42 178.07 819.12 195.64 -1 -1 -1 -1000 -1000 -1000 -10 0.65
35 8 Car -1 -1 -1 714.78 181.75 749.53 202.51 -1 -1 -1 -1000 -1000 -1000 -10 0.42
36 1 Car -1 -1 -1 697.25 187.17 790.37 254.55 -1 -1 -1 -1000 -1000 -1000 -10 0.97
36 4 Car -1 -1 -1 588.63 187.86 665.34 220.54 -1 -1 -1 -1000 -1000 -1000 -10 0.87
36 10 Car -1 -1 -1 441.04 193.72 524.21 222.36 -1 -1 -1 -1000 -1000 -1000 -10 0.84
36 2 Car -1 -1 -1 769.42 177.47 801.32 194.22 -1 -1 -1 -1000 -1000 -1000 -10 0.67
36 8 Car -1 -1 -1 694.30 183.42 736.26 200.99 -1 -1 -1 -1000 -1000 -1000 -10 0.56
37 1 Car -1 -1 -1 698.20 185.41 788.07 252.97 -1 -1 -1 -1000 -1000 -1000 -10 0.94
37 4 Car -1 -1 -1 605.50 183.84 677.85 215.99 -1 -1 -1 -1000 -1000 -1000 -10 0.86
37 10 Car -1 -1 -1 391.23 193.15 484.34 223.93 -1 -1 -1 -1000 -1000 -1000 -10 0.83
37 8 Car -1 -1 -1 672.75 179.53 714.75 199.25 -1 -1 -1 -1000 -1000 -1000 -10 0.63
37 2 Car -1 -1 -1 753.44 174.63 786.60 193.80 -1 -1 -1 -1000 -1000 -1000 -10 0.61
38 1 Car -1 -1 -1 700.31 182.56 791.32 250.99 -1 -1 -1 -1000 -1000 -1000 -10 0.93
38 4 Car -1 -1 -1 619.73 180.93 687.49 213.25 -1 -1 -1 -1000 -1000 -1000 -10 0.90
38 10 Car -1 -1 -1 337.47 192.49 442.80 226.35 -1 -1 -1 -1000 -1000 -1000 -10 0.86
38 2 Car -1 -1 -1 737.92 171.83 770.83 191.32 -1 -1 -1 -1000 -1000 -1000 -10 0.73
38 8 Car -1 -1 -1 657.30 178.44 697.34 198.52 -1 -1 -1 -1000 -1000 -1000 -10 0.49
39 1 Car -1 -1 -1 700.45 181.78 791.63 249.20 -1 -1 -1 -1000 -1000 -1000 -10 0.93
39 10 Car -1 -1 -1 276.81 194.70 395.07 229.54 -1 -1 -1 -1000 -1000 -1000 -10 0.88
39 4 Car -1 -1 -1 632.62 178.69 696.46 209.13 -1 -1 -1 -1000 -1000 -1000 -10 0.87
39 2 Car -1 -1 -1 720.89 171.80 752.59 190.27 -1 -1 -1 -1000 -1000 -1000 -10 0.67
40 1 Car -1 -1 -1 700.22 180.12 792.82 247.87 -1 -1 -1 -1000 -1000 -1000 -10 0.95
40 10 Car -1 -1 -1 202.90 195.86 337.72 235.74 -1 -1 -1 -1000 -1000 -1000 -10 0.89
40 4 Car -1 -1 -1 643.51 178.06 702.14 206.81 -1 -1 -1 -1000 -1000 -1000 -10 0.85
40 2 Car -1 -1 -1 702.62 171.28 738.88 191.36 -1 -1 -1 -1000 -1000 -1000 -10 0.76
40 11 Car -1 -1 -1 611.14 178.31 656.80 199.61 -1 -1 -1 -1000 -1000 -1000 -10 0.57
41 1 Car -1 -1 -1 702.70 179.57 792.80 247.34 -1 -1 -1 -1000 -1000 -1000 -10 0.96
41 10 Car -1 -1 -1 112.92 197.99 271.66 242.24 -1 -1 -1 -1000 -1000 -1000 -10 0.90
41 4 Car -1 -1 -1 652.35 176.04 708.38 204.92 -1 -1 -1 -1000 -1000 -1000 -10 0.80
41 11 Car -1 -1 -1 588.56 178.52 635.38 201.53 -1 -1 -1 -1000 -1000 -1000 -10 0.79
41 2 Car -1 -1 -1 686.34 170.07 724.73 192.33 -1 -1 -1 -1000 -1000 -1000 -10 0.65
42 1 Car -1 -1 -1 703.90 180.19 792.34 245.95 -1 -1 -1 -1000 -1000 -1000 -10 0.95
42 10 Car -1 -1 -1 9.46 201.40 188.93 252.63 -1 -1 -1 -1000 -1000 -1000 -10 0.88
42 4 Car -1 -1 -1 659.63 175.01 712.61 204.14 -1 -1 -1 -1000 -1000 -1000 -10 0.81
42 11 Car -1 -1 -1 563.16 178.20 614.49 203.34 -1 -1 -1 -1000 -1000 -1000 -10 0.70
43 1 Car -1 -1 -1 704.37 180.15 792.60 246.60 -1 -1 -1 -1000 -1000 -1000 -10 0.93
43 4 Car -1 -1 -1 667.73 176.16 718.59 203.57 -1 -1 -1 -1000 -1000 -1000 -10 0.85
43 10 Car -1 -1 -1 0.07 196.72 81.74 259.87 -1 -1 -1 -1000 -1000 -1000 -10 0.84
43 11 Car -1 -1 -1 535.96 180.32 591.87 204.71 -1 -1 -1 -1000 -1000 -1000 -10 0.76
43 12 Car -1 -1 -1 651.42 172.16 688.02 192.88 -1 -1 -1 -1000 -1000 -1000 -10 0.44
44 1 Car -1 -1 -1 704.43 179.99 791.84 246.51 -1 -1 -1 -1000 -1000 -1000 -10 0.96
44 12 Car -1 -1 -1 630.85 173.95 670.93 196.64 -1 -1 -1 -1000 -1000 -1000 -10 0.80
44 11 Car -1 -1 -1 504.95 180.60 564.06 208.47 -1 -1 -1 -1000 -1000 -1000 -10 0.73
44 4 Car -1 -1 -1 671.49 176.17 716.32 201.88 -1 -1 -1 -1000 -1000 -1000 -10 0.70
45 1 Car -1 -1 -1 703.65 178.45 790.06 246.49 -1 -1 -1 -1000 -1000 -1000 -10 0.97
45 12 Car -1 -1 -1 608.69 173.71 654.10 197.83 -1 -1 -1 -1000 -1000 -1000 -10 0.83
45 11 Car -1 -1 -1 471.27 182.65 534.80 209.99 -1 -1 -1 -1000 -1000 -1000 -10 0.82
45 4 Car -1 -1 -1 673.28 175.48 714.65 200.89 -1 -1 -1 -1000 -1000 -1000 -10 0.61
46 1 Car -1 -1 -1 702.47 177.81 786.53 245.08 -1 -1 -1 -1000 -1000 -1000 -10 0.91
46 11 Car -1 -1 -1 432.08 181.41 504.97 213.21 -1 -1 -1 -1000 -1000 -1000 -10 0.85
46 12 Car -1 -1 -1 586.72 173.69 633.34 198.35 -1 -1 -1 -1000 -1000 -1000 -10 0.76
46 4 Car -1 -1 -1 675.75 172.93 717.07 200.69 -1 -1 -1 -1000 -1000 -1000 -10 0.71
47 1 Car -1 -1 -1 701.05 176.22 784.29 244.17 -1 -1 -1 -1000 -1000 -1000 -10 0.93
47 11 Car -1 -1 -1 391.96 180.53 472.26 215.09 -1 -1 -1 -1000 -1000 -1000 -10 0.88
47 12 Car -1 -1 -1 561.44 173.58 612.74 199.39 -1 -1 -1 -1000 -1000 -1000 -10 0.80
47 4 Car -1 -1 -1 677.13 173.09 714.53 197.92 -1 -1 -1 -1000 -1000 -1000 -10 0.70
48 1 Car -1 -1 -1 698.54 176.60 778.71 243.46 -1 -1 -1 -1000 -1000 -1000 -10 0.94
48 11 Car -1 -1 -1 343.99 181.78 434.81 219.62 -1 -1 -1 -1000 -1000 -1000 -10 0.86
48 12 Car -1 -1 -1 535.37 174.05 588.05 202.34 -1 -1 -1 -1000 -1000 -1000 -10 0.77
48 4 Car -1 -1 -1 677.13 172.97 713.77 196.78 -1 -1 -1 -1000 -1000 -1000 -10 0.62
49 1 Car -1 -1 -1 695.24 176.99 776.01 243.27 -1 -1 -1 -1000 -1000 -1000 -10 0.94
49 11 Car -1 -1 -1 290.28 184.70 389.77 226.60 -1 -1 -1 -1000 -1000 -1000 -10 0.86
49 12 Car -1 -1 -1 509.48 175.14 564.20 205.32 -1 -1 -1 -1000 -1000 -1000 -10 0.84
49 4 Car -1 -1 -1 674.92 172.63 708.83 197.18 -1 -1 -1 -1000 -1000 -1000 -10 0.72
50 1 Car -1 -1 -1 692.67 177.24 773.18 242.61 -1 -1 -1 -1000 -1000 -1000 -10 0.91
50 11 Car -1 -1 -1 227.73 185.99 341.40 232.70 -1 -1 -1 -1000 -1000 -1000 -10 0.86
50 12 Car -1 -1 -1 479.09 177.03 540.22 208.17 -1 -1 -1 -1000 -1000 -1000 -10 0.83
50 4 Car -1 -1 -1 672.10 173.47 705.17 196.35 -1 -1 -1 -1000 -1000 -1000 -10 0.75
51 1 Car -1 -1 -1 690.00 176.74 770.72 242.57 -1 -1 -1 -1000 -1000 -1000 -10 0.93
51 11 Car -1 -1 -1 146.83 187.40 284.66 240.26 -1 -1 -1 -1000 -1000 -1000 -10 0.91
51 12 Car -1 -1 -1 446.82 178.21 511.68 210.18 -1 -1 -1 -1000 -1000 -1000 -10 0.85
51 4 Car -1 -1 -1 668.19 172.99 700.45 195.81 -1 -1 -1 -1000 -1000 -1000 -10 0.71
52 1 Car -1 -1 -1 688.51 177.06 764.91 242.40 -1 -1 -1 -1000 -1000 -1000 -10 0.95
52 11 Car -1 -1 -1 54.80 191.12 219.88 248.70 -1 -1 -1 -1000 -1000 -1000 -10 0.91
52 12 Car -1 -1 -1 411.05 178.87 484.17 215.19 -1 -1 -1 -1000 -1000 -1000 -10 0.86
52 4 Car -1 -1 -1 664.96 172.99 695.72 195.46 -1 -1 -1 -1000 -1000 -1000 -10 0.69
53 1 Car -1 -1 -1 686.28 177.53 761.91 241.95 -1 -1 -1 -1000 -1000 -1000 -10 0.95
53 11 Car -1 -1 -1 1.38 195.90 136.12 259.79 -1 -1 -1 -1000 -1000 -1000 -10 0.92
53 12 Car -1 -1 -1 372.30 181.28 452.57 219.12 -1 -1 -1 -1000 -1000 -1000 -10 0.84
53 4 Car -1 -1 -1 661.80 173.57 692.19 196.09 -1 -1 -1 -1000 -1000 -1000 -10 0.74
54 1 Car -1 -1 -1 683.24 177.51 756.85 242.10 -1 -1 -1 -1000 -1000 -1000 -10 0.95
54 12 Car -1 -1 -1 331.30 183.33 416.02 224.91 -1 -1 -1 -1000 -1000 -1000 -10 0.84
54 4 Car -1 -1 -1 655.97 174.69 688.69 196.46 -1 -1 -1 -1000 -1000 -1000 -10 0.71
54 11 Car -1 -1 -1 0.74 193.56 33.30 271.43 -1 -1 -1 -1000 -1000 -1000 -10 0.46
55 1 Car -1 -1 -1 680.71 177.91 753.04 241.37 -1 -1 -1 -1000 -1000 -1000 -10 0.94
55 12 Car -1 -1 -1 283.55 182.73 379.09 229.77 -1 -1 -1 -1000 -1000 -1000 -10 0.82
55 4 Car -1 -1 -1 653.87 175.33 684.19 195.75 -1 -1 -1 -1000 -1000 -1000 -10 0.66
56 12 Car -1 -1 -1 224.17 183.31 337.71 235.11 -1 -1 -1 -1000 -1000 -1000 -10 0.92
56 1 Car -1 -1 -1 676.91 176.52 749.85 239.40 -1 -1 -1 -1000 -1000 -1000 -10 0.91
56 4 Car -1 -1 -1 649.91 172.31 679.44 193.19 -1 -1 -1 -1000 -1000 -1000 -10 0.64
56 13 Car -1 -1 -1 627.45 172.60 651.90 189.46 -1 -1 -1 -1000 -1000 -1000 -10 0.50
57 1 Car -1 -1 -1 676.60 174.10 747.58 236.22 -1 -1 -1 -1000 -1000 -1000 -10 0.95
57 12 Car -1 -1 -1 158.24 183.57 287.64 239.81 -1 -1 -1 -1000 -1000 -1000 -10 0.91
57 4 Car -1 -1 -1 645.79 169.96 675.61 190.46 -1 -1 -1 -1000 -1000 -1000 -10 0.62
57 13 Car -1 -1 -1 614.97 170.44 638.89 187.66 -1 -1 -1 -1000 -1000 -1000 -10 0.58
58 1 Car -1 -1 -1 673.90 171.52 743.02 232.56 -1 -1 -1 -1000 -1000 -1000 -10 0.94
58 12 Car -1 -1 -1 75.00 181.21 231.65 245.57 -1 -1 -1 -1000 -1000 -1000 -10 0.92
58 13 Car -1 -1 -1 601.41 169.09 627.60 186.29 -1 -1 -1 -1000 -1000 -1000 -10 0.74
58 4 Car -1 -1 -1 642.34 168.19 668.17 188.04 -1 -1 -1 -1000 -1000 -1000 -10 0.66
59 12 Car -1 -1 -1 2.83 182.88 163.52 257.09 -1 -1 -1 -1000 -1000 -1000 -10 0.97
59 1 Car -1 -1 -1 671.19 170.15 739.18 231.62 -1 -1 -1 -1000 -1000 -1000 -10 0.94
59 4 Car -1 -1 -1 638.38 167.99 663.94 186.35 -1 -1 -1 -1000 -1000 -1000 -10 0.73
59 13 Car -1 -1 -1 587.07 168.88 617.54 187.28 -1 -1 -1 -1000 -1000 -1000 -10 0.65
60 1 Car -1 -1 -1 667.61 170.71 736.12 231.79 -1 -1 -1 -1000 -1000 -1000 -10 0.91
60 12 Car -1 -1 -1 0.66 188.17 74.60 267.41 -1 -1 -1 -1000 -1000 -1000 -10 0.82
60 4 Car -1 -1 -1 634.47 168.81 658.72 187.53 -1 -1 -1 -1000 -1000 -1000 -10 0.76
60 13 Car -1 -1 -1 574.51 170.87 603.83 190.04 -1 -1 -1 -1000 -1000 -1000 -10 0.61
61 1 Car -1 -1 -1 666.12 174.09 733.14 233.42 -1 -1 -1 -1000 -1000 -1000 -10 0.89
61 13 Car -1 -1 -1 560.99 173.17 590.65 193.04 -1 -1 -1 -1000 -1000 -1000 -10 0.64
61 4 Car -1 -1 -1 628.16 170.81 655.99 189.89 -1 -1 -1 -1000 -1000 -1000 -10 0.60
62 1 Car -1 -1 -1 662.69 175.29 731.26 234.86 -1 -1 -1 -1000 -1000 -1000 -10 0.95
62 13 Car -1 -1 -1 543.92 175.93 578.39 196.90 -1 -1 -1 -1000 -1000 -1000 -10 0.76
62 4 Car -1 -1 -1 623.90 172.28 652.53 190.97 -1 -1 -1 -1000 -1000 -1000 -10 0.75
62 14 Car -1 -1 -1 2.22 188.46 141.71 369.49 -1 -1 -1 -1000 -1000 -1000 -10 0.87
63 1 Car -1 -1 -1 658.67 174.80 727.16 234.45 -1 -1 -1 -1000 -1000 -1000 -10 0.94
63 14 Car -1 -1 -1 1.46 186.51 204.45 371.39 -1 -1 -1 -1000 -1000 -1000 -10 0.94
63 4 Car -1 -1 -1 621.07 171.96 647.09 189.84 -1 -1 -1 -1000 -1000 -1000 -10 0.72
63 13 Car -1 -1 -1 531.45 175.60 564.39 197.86 -1 -1 -1 -1000 -1000 -1000 -10 0.53
64 14 Car -1 -1 -1 -1.14 185.08 260.41 372.77 -1 -1 -1 -1000 -1000 -1000 -10 0.96
64 1 Car -1 -1 -1 654.95 172.41 722.74 232.28 -1 -1 -1 -1000 -1000 -1000 -10 0.90
64 4 Car -1 -1 -1 616.11 169.28 640.30 187.64 -1 -1 -1 -1000 -1000 -1000 -10 0.67
64 13 Car -1 -1 -1 513.94 175.18 551.01 195.97 -1 -1 -1 -1000 -1000 -1000 -10 0.66
64 15 Car -1 -1 -1 596.12 169.66 616.54 184.46 -1 -1 -1 -1000 -1000 -1000 -10 0.45
65 14 Car -1 -1 -1 -2.16 180.69 300.25 361.53 -1 -1 -1 -1000 -1000 -1000 -10 0.97
65 1 Car -1 -1 -1 649.80 171.78 715.06 230.72 -1 -1 -1 -1000 -1000 -1000 -10 0.90
65 4 Car -1 -1 -1 609.06 168.68 635.04 185.76 -1 -1 -1 -1000 -1000 -1000 -10 0.73
65 13 Car -1 -1 -1 495.51 173.94 535.43 197.39 -1 -1 -1 -1000 -1000 -1000 -10 0.72
65 15 Car -1 -1 -1 585.00 169.14 606.55 183.98 -1 -1 -1 -1000 -1000 -1000 -10 0.62
65 16 Car -1 -1 -1 551.14 171.18 573.28 185.91 -1 -1 -1 -1000 -1000 -1000 -10 0.41
66 14 Car -1 -1 -1 53.69 178.63 329.94 348.49 -1 -1 -1 -1000 -1000 -1000 -10 0.94
66 1 Car -1 -1 -1 645.29 172.64 709.65 231.55 -1 -1 -1 -1000 -1000 -1000 -10 0.93
66 13 Car -1 -1 -1 477.39 176.00 518.98 200.99 -1 -1 -1 -1000 -1000 -1000 -10 0.77
66 15 Car -1 -1 -1 573.25 170.88 596.38 186.64 -1 -1 -1 -1000 -1000 -1000 -10 0.69
66 16 Car -1 -1 -1 538.47 173.43 561.73 188.36 -1 -1 -1 -1000 -1000 -1000 -10 0.63
66 4 Car -1 -1 -1 606.19 171.04 629.56 186.78 -1 -1 -1 -1000 -1000 -1000 -10 0.59
67 14 Car -1 -1 -1 108.36 182.12 353.73 336.61 -1 -1 -1 -1000 -1000 -1000 -10 0.94
67 1 Car -1 -1 -1 641.18 177.71 703.62 234.29 -1 -1 -1 -1000 -1000 -1000 -10 0.92
67 13 Car -1 -1 -1 458.91 181.53 499.96 207.13 -1 -1 -1 -1000 -1000 -1000 -10 0.78
67 4 Car -1 -1 -1 599.98 173.21 623.04 191.13 -1 -1 -1 -1000 -1000 -1000 -10 0.73
67 16 Car -1 -1 -1 525.04 177.98 550.56 194.36 -1 -1 -1 -1000 -1000 -1000 -10 0.67
67 15 Car -1 -1 -1 561.79 175.13 585.05 191.01 -1 -1 -1 -1000 -1000 -1000 -10 0.61
68 14 Car -1 -1 -1 162.98 185.98 375.53 325.54 -1 -1 -1 -1000 -1000 -1000 -10 0.95
68 1 Car -1 -1 -1 636.49 181.06 697.10 238.65 -1 -1 -1 -1000 -1000 -1000 -10 0.86
68 13 Car -1 -1 -1 437.58 185.15 483.48 212.01 -1 -1 -1 -1000 -1000 -1000 -10 0.71
68 16 Car -1 -1 -1 512.08 181.89 537.63 198.44 -1 -1 -1 -1000 -1000 -1000 -10 0.67
68 4 Car -1 -1 -1 593.22 174.47 619.25 195.53 -1 -1 -1 -1000 -1000 -1000 -10 0.65
68 15 Car -1 -1 -1 550.52 178.76 576.06 195.10 -1 -1 -1 -1000 -1000 -1000 -10 0.50
69 14 Car -1 -1 -1 202.78 187.09 397.54 315.12 -1 -1 -1 -1000 -1000 -1000 -10 0.94
69 1 Car -1 -1 -1 632.34 181.87 692.64 238.33 -1 -1 -1 -1000 -1000 -1000 -10 0.88
69 13 Car -1 -1 -1 415.04 186.90 468.34 216.47 -1 -1 -1 -1000 -1000 -1000 -10 0.80
69 15 Car -1 -1 -1 539.03 180.74 565.29 197.43 -1 -1 -1 -1000 -1000 -1000 -10 0.73
69 4 Car -1 -1 -1 589.52 177.61 611.40 195.13 -1 -1 -1 -1000 -1000 -1000 -10 0.69
69 16 Car -1 -1 -1 498.84 182.56 526.80 201.44 -1 -1 -1 -1000 -1000 -1000 -10 0.52
70 14 Car -1 -1 -1 235.96 184.86 413.31 304.09 -1 -1 -1 -1000 -1000 -1000 -10 0.94
70 1 Car -1 -1 -1 627.80 181.10 688.81 238.44 -1 -1 -1 -1000 -1000 -1000 -10 0.92
70 13 Car -1 -1 -1 388.81 185.67 448.26 218.45 -1 -1 -1 -1000 -1000 -1000 -10 0.75
70 4 Car -1 -1 -1 584.66 178.17 607.26 194.11 -1 -1 -1 -1000 -1000 -1000 -10 0.70
70 15 Car -1 -1 -1 529.37 179.67 553.70 197.43 -1 -1 -1 -1000 -1000 -1000 -10 0.69
70 16 Car -1 -1 -1 485.30 181.85 513.82 201.87 -1 -1 -1 -1000 -1000 -1000 -10 0.54
70 17 Car -1 -1 -1 0.22 206.55 81.15 236.25 -1 -1 -1 -1000 -1000 -1000 -10 0.74
71 14 Car -1 -1 -1 266.04 185.19 427.24 295.86 -1 -1 -1 -1000 -1000 -1000 -10 0.96
71 1 Car -1 -1 -1 624.72 181.08 683.10 236.61 -1 -1 -1 -1000 -1000 -1000 -10 0.94
71 17 Car -1 -1 -1 -0.98 208.53 61.13 234.50 -1 -1 -1 -1000 -1000 -1000 -10 0.74
71 13 Car -1 -1 -1 368.74 185.73 427.87 221.94 -1 -1 -1 -1000 -1000 -1000 -10 0.67
71 4 Car -1 -1 -1 581.83 177.95 603.60 193.24 -1 -1 -1 -1000 -1000 -1000 -10 0.65
71 15 Car -1 -1 -1 518.72 179.79 545.91 196.85 -1 -1 -1 -1000 -1000 -1000 -10 0.59
71 16 Car -1 -1 -1 472.71 180.74 502.73 201.08 -1 -1 -1 -1000 -1000 -1000 -10 0.57
72 14 Car -1 -1 -1 292.28 183.06 440.77 288.40 -1 -1 -1 -1000 -1000 -1000 -10 0.97
72 1 Car -1 -1 -1 621.58 180.61 679.39 235.25 -1 -1 -1 -1000 -1000 -1000 -10 0.91
72 17 Car -1 -1 -1 0.51 207.12 42.45 234.82 -1 -1 -1 -1000 -1000 -1000 -10 0.73
72 15 Car -1 -1 -1 507.93 179.70 535.07 197.23 -1 -1 -1 -1000 -1000 -1000 -10 0.72
72 16 Car -1 -1 -1 459.87 181.77 491.40 202.18 -1 -1 -1 -1000 -1000 -1000 -10 0.61
72 4 Car -1 -1 -1 579.51 176.29 601.66 193.45 -1 -1 -1 -1000 -1000 -1000 -10 0.56
72 13 Car -1 -1 -1 365.14 185.32 421.87 224.52 -1 -1 -1 -1000 -1000 -1000 -10 0.55
73 14 Car -1 -1 -1 315.34 183.26 450.93 280.97 -1 -1 -1 -1000 -1000 -1000 -10 0.95
73 1 Car -1 -1 -1 617.87 180.56 676.35 235.00 -1 -1 -1 -1000 -1000 -1000 -10 0.89
73 13 Car -1 -1 -1 296.85 189.53 381.44 229.74 -1 -1 -1 -1000 -1000 -1000 -10 0.80
73 16 Car -1 -1 -1 445.66 182.35 480.57 203.62 -1 -1 -1 -1000 -1000 -1000 -10 0.75
73 4 Car -1 -1 -1 577.92 176.42 597.44 192.54 -1 -1 -1 -1000 -1000 -1000 -10 0.69
73 15 Car -1 -1 -1 498.12 179.27 525.47 198.36 -1 -1 -1 -1000 -1000 -1000 -10 0.62
73 17 Car -1 -1 -1 0.44 206.93 25.74 234.43 -1 -1 -1 -1000 -1000 -1000 -10 0.61
73 18 Car -1 -1 -1 357.80 185.10 429.99 224.68 -1 -1 -1 -1000 -1000 -1000 -10 0.51
74 14 Car -1 -1 -1 333.41 182.39 461.35 275.98 -1 -1 -1 -1000 -1000 -1000 -10 0.96
74 1 Car -1 -1 -1 613.61 181.00 672.95 234.83 -1 -1 -1 -1000 -1000 -1000 -10 0.89
74 13 Car -1 -1 -1 253.89 191.03 347.81 233.57 -1 -1 -1 -1000 -1000 -1000 -10 0.89
74 15 Car -1 -1 -1 486.05 180.09 517.00 199.99 -1 -1 -1 -1000 -1000 -1000 -10 0.75
74 4 Car -1 -1 -1 574.63 176.29 594.19 192.59 -1 -1 -1 -1000 -1000 -1000 -10 0.66
74 16 Car -1 -1 -1 429.27 182.30 469.36 206.05 -1 -1 -1 -1000 -1000 -1000 -10 0.58
75 14 Car -1 -1 -1 349.39 183.38 469.60 272.13 -1 -1 -1 -1000 -1000 -1000 -10 0.97
75 13 Car -1 -1 -1 203.54 192.30 312.08 240.47 -1 -1 -1 -1000 -1000 -1000 -10 0.89
75 1 Car -1 -1 -1 610.53 181.76 668.99 234.44 -1 -1 -1 -1000 -1000 -1000 -10 0.86
75 15 Car -1 -1 -1 474.35 181.50 505.84 202.15 -1 -1 -1 -1000 -1000 -1000 -10 0.61
75 4 Car -1 -1 -1 572.26 176.83 590.70 192.84 -1 -1 -1 -1000 -1000 -1000 -10 0.57
75 19 Car -1 -1 -1 517.66 176.50 543.37 192.92 -1 -1 -1 -1000 -1000 -1000 -10 0.42
76 14 Car -1 -1 -1 364.86 183.48 476.42 267.39 -1 -1 -1 -1000 -1000 -1000 -10 0.95
76 1 Car -1 -1 -1 608.17 181.76 666.66 234.79 -1 -1 -1 -1000 -1000 -1000 -10 0.92
76 13 Car -1 -1 -1 136.77 195.54 271.18 252.19 -1 -1 -1 -1000 -1000 -1000 -10 0.87
76 15 Car -1 -1 -1 459.73 181.17 498.19 204.19 -1 -1 -1 -1000 -1000 -1000 -10 0.77
76 19 Car -1 -1 -1 510.82 176.30 535.59 194.26 -1 -1 -1 -1000 -1000 -1000 -10 0.60
76 4 Car -1 -1 -1 569.23 177.35 588.65 192.70 -1 -1 -1 -1000 -1000 -1000 -10 0.59
77 14 Car -1 -1 -1 376.30 183.84 482.80 265.98 -1 -1 -1 -1000 -1000 -1000 -10 0.96
77 1 Car -1 -1 -1 605.00 182.83 663.50 234.86 -1 -1 -1 -1000 -1000 -1000 -10 0.94
77 13 Car -1 -1 -1 54.25 197.90 213.40 265.44 -1 -1 -1 -1000 -1000 -1000 -10 0.89
77 4 Car -1 -1 -1 567.19 177.79 585.85 193.27 -1 -1 -1 -1000 -1000 -1000 -10 0.75
77 15 Car -1 -1 -1 448.67 183.23 487.73 205.80 -1 -1 -1 -1000 -1000 -1000 -10 0.67
77 19 Car -1 -1 -1 501.93 175.82 532.28 195.61 -1 -1 -1 -1000 -1000 -1000 -10 0.57
78 14 Car -1 -1 -1 385.64 183.57 489.07 263.90 -1 -1 -1 -1000 -1000 -1000 -10 0.96
78 13 Car -1 -1 -1 1.40 197.34 143.68 276.53 -1 -1 -1 -1000 -1000 -1000 -10 0.93
78 1 Car -1 -1 -1 602.39 183.47 660.84 236.25 -1 -1 -1 -1000 -1000 -1000 -10 0.89
78 19 Car -1 -1 -1 492.97 179.35 526.35 198.39 -1 -1 -1 -1000 -1000 -1000 -10 0.71
78 4 Car -1 -1 -1 565.85 178.39 584.92 194.04 -1 -1 -1 -1000 -1000 -1000 -10 0.68
78 20 Car -1 -1 -1 362.10 189.88 410.79 217.57 -1 -1 -1 -1000 -1000 -1000 -10 0.66
79 14 Car -1 -1 -1 395.52 185.25 492.81 261.05 -1 -1 -1 -1000 -1000 -1000 -10 0.94
79 1 Car -1 -1 -1 601.22 184.95 658.17 237.81 -1 -1 -1 -1000 -1000 -1000 -10 0.86
79 20 Car -1 -1 -1 338.34 191.00 400.83 219.30 -1 -1 -1 -1000 -1000 -1000 -10 0.75
79 13 Car -1 -1 -1 -1.22 201.47 51.39 294.47 -1 -1 -1 -1000 -1000 -1000 -10 0.74
79 4 Car -1 -1 -1 563.89 179.26 581.87 194.35 -1 -1 -1 -1000 -1000 -1000 -10 0.65
79 19 Car -1 -1 -1 485.91 180.67 513.86 200.41 -1 -1 -1 -1000 -1000 -1000 -10 0.57
80 14 Car -1 -1 -1 402.95 184.50 496.00 257.13 -1 -1 -1 -1000 -1000 -1000 -10 0.95
80 1 Car -1 -1 -1 599.05 184.27 656.43 236.20 -1 -1 -1 -1000 -1000 -1000 -10 0.84
80 20 Car -1 -1 -1 312.71 192.01 381.60 223.64 -1 -1 -1 -1000 -1000 -1000 -10 0.82
80 19 Car -1 -1 -1 476.43 180.83 506.77 200.05 -1 -1 -1 -1000 -1000 -1000 -10 0.59
80 4 Car -1 -1 -1 561.76 179.13 580.60 193.42 -1 -1 -1 -1000 -1000 -1000 -10 0.50
81 14 Car -1 -1 -1 410.81 182.54 499.57 252.92 -1 -1 -1 -1000 -1000 -1000 -10 0.94
81 1 Car -1 -1 -1 597.30 183.68 654.28 234.38 -1 -1 -1 -1000 -1000 -1000 -10 0.92
81 20 Car -1 -1 -1 285.46 191.11 361.39 224.79 -1 -1 -1 -1000 -1000 -1000 -10 0.84
81 4 Car -1 -1 -1 560.13 177.96 579.52 192.63 -1 -1 -1 -1000 -1000 -1000 -10 0.58
81 19 Car -1 -1 -1 467.44 179.58 499.95 199.99 -1 -1 -1 -1000 -1000 -1000 -10 0.47
81 21 Car -1 -1 -1 382.85 184.86 443.99 216.71 -1 -1 -1 -1000 -1000 -1000 -10 0.80
82 14 Car -1 -1 -1 418.59 180.86 501.53 250.53 -1 -1 -1 -1000 -1000 -1000 -10 0.96
82 20 Car -1 -1 -1 254.81 190.83 337.83 226.36 -1 -1 -1 -1000 -1000 -1000 -10 0.89
82 1 Car -1 -1 -1 595.38 181.89 652.63 233.45 -1 -1 -1 -1000 -1000 -1000 -10 0.86
82 21 Car -1 -1 -1 362.49 184.19 426.73 217.49 -1 -1 -1 -1000 -1000 -1000 -10 0.86
82 4 Car -1 -1 -1 560.39 176.67 579.01 191.93 -1 -1 -1 -1000 -1000 -1000 -10 0.61
82 19 Car -1 -1 -1 458.86 177.16 493.87 201.81 -1 -1 -1 -1000 -1000 -1000 -10 0.43
83 14 Car -1 -1 -1 425.48 180.13 504.97 246.19 -1 -1 -1 -1000 -1000 -1000 -10 0.92
83 1 Car -1 -1 -1 595.32 181.08 650.77 230.81 -1 -1 -1 -1000 -1000 -1000 -10 0.91
83 21 Car -1 -1 -1 338.35 184.79 408.82 219.08 -1 -1 -1 -1000 -1000 -1000 -10 0.84
83 20 Car -1 -1 -1 217.50 192.09 312.61 230.70 -1 -1 -1 -1000 -1000 -1000 -10 0.80
83 4 Car -1 -1 -1 560.05 176.21 579.69 189.88 -1 -1 -1 -1000 -1000 -1000 -10 0.52
83 19 Car -1 -1 -1 451.34 176.35 490.29 203.71 -1 -1 -1 -1000 -1000 -1000 -10 0.51
84 14 Car -1 -1 -1 431.68 179.57 509.38 244.18 -1 -1 -1 -1000 -1000 -1000 -10 0.94
84 1 Car -1 -1 -1 594.60 179.08 652.72 230.24 -1 -1 -1 -1000 -1000 -1000 -10 0.92
84 20 Car -1 -1 -1 172.44 193.11 281.36 234.67 -1 -1 -1 -1000 -1000 -1000 -10 0.88
84 21 Car -1 -1 -1 311.38 184.72 391.53 222.83 -1 -1 -1 -1000 -1000 -1000 -10 0.86
84 4 Car -1 -1 -1 562.42 175.41 579.95 189.08 -1 -1 -1 -1000 -1000 -1000 -10 0.60
84 22 Cyclist -1 -1 -1 1.73 199.63 71.48 335.39 -1 -1 -1 -1000 -1000 -1000 -10 0.51
85 14 Car -1 -1 -1 439.50 179.15 513.78 240.76 -1 -1 -1 -1000 -1000 -1000 -10 0.92
85 1 Car -1 -1 -1 596.34 179.02 654.71 229.57 -1 -1 -1 -1000 -1000 -1000 -10 0.88
85 21 Car -1 -1 -1 278.51 185.38 371.51 226.56 -1 -1 -1 -1000 -1000 -1000 -10 0.84
85 20 Car -1 -1 -1 118.46 194.55 248.95 244.12 -1 -1 -1 -1000 -1000 -1000 -10 0.83
85 4 Car -1 -1 -1 563.95 175.17 582.24 188.66 -1 -1 -1 -1000 -1000 -1000 -10 0.71
85 22 Cyclist -1 -1 -1 4.33 185.73 115.21 332.81 -1 -1 -1 -1000 -1000 -1000 -10 0.59
85 23 Car -1 -1 -1 431.93 174.13 474.03 205.91 -1 -1 -1 -1000 -1000 -1000 -10 0.60
86 14 Car -1 -1 -1 448.10 178.95 518.11 238.39 -1 -1 -1 -1000 -1000 -1000 -10 0.95
86 1 Car -1 -1 -1 597.43 179.38 656.24 229.99 -1 -1 -1 -1000 -1000 -1000 -10 0.92
86 20 Car -1 -1 -1 55.15 195.03 204.85 253.66 -1 -1 -1 -1000 -1000 -1000 -10 0.91
86 21 Car -1 -1 -1 241.33 186.45 346.13 233.37 -1 -1 -1 -1000 -1000 -1000 -10 0.87
86 23 Car -1 -1 -1 420.76 177.25 469.09 208.45 -1 -1 -1 -1000 -1000 -1000 -10 0.80
86 4 Car -1 -1 -1 566.85 175.28 584.64 188.64 -1 -1 -1 -1000 -1000 -1000 -10 0.68
86 22 Cyclist -1 -1 -1 9.57 184.45 156.25 320.76 -1 -1 -1 -1000 -1000 -1000 -10 0.54
87 1 Car -1 -1 -1 601.70 179.51 658.33 229.71 -1 -1 -1 -1000 -1000 -1000 -10 0.91
87 14 Car -1 -1 -1 455.99 179.12 523.37 236.55 -1 -1 -1 -1000 -1000 -1000 -10 0.89
87 23 Car -1 -1 -1 409.89 178.65 463.14 209.93 -1 -1 -1 -1000 -1000 -1000 -10 0.87
87 21 Car -1 -1 -1 190.05 189.55 319.47 241.91 -1 -1 -1 -1000 -1000 -1000 -10 0.85
87 20 Car -1 -1 -1 4.69 199.90 154.56 265.73 -1 -1 -1 -1000 -1000 -1000 -10 0.82
87 4 Car -1 -1 -1 570.09 175.36 587.75 188.43 -1 -1 -1 -1000 -1000 -1000 -10 0.56
87 22 Cyclist -1 -1 -1 52.18 185.74 191.44 310.34 -1 -1 -1 -1000 -1000 -1000 -10 0.54
88 1 Car -1 -1 -1 605.19 179.95 662.88 229.56 -1 -1 -1 -1000 -1000 -1000 -10 0.91
88 21 Car -1 -1 -1 140.97 190.22 281.48 250.54 -1 -1 -1 -1000 -1000 -1000 -10 0.85
88 23 Car -1 -1 -1 396.73 180.30 454.20 212.61 -1 -1 -1 -1000 -1000 -1000 -10 0.84
88 14 Car -1 -1 -1 463.44 179.38 529.00 235.65 -1 -1 -1 -1000 -1000 -1000 -10 0.83
88 20 Car -1 -1 -1 1.61 199.98 86.17 279.41 -1 -1 -1 -1000 -1000 -1000 -10 0.83
88 22 Cyclist -1 -1 -1 98.37 191.56 222.78 303.95 -1 -1 -1 -1000 -1000 -1000 -10 0.64
88 4 Car -1 -1 -1 574.05 175.14 592.56 189.39 -1 -1 -1 -1000 -1000 -1000 -10 0.61
88 24 Car -1 -1 -1 406.71 168.48 459.72 201.75 -1 -1 -1 -1000 -1000 -1000 -10 0.48
89 1 Car -1 -1 -1 609.07 180.67 665.87 230.27 -1 -1 -1 -1000 -1000 -1000 -10 0.90
89 23 Car -1 -1 -1 383.05 181.96 442.67 215.11 -1 -1 -1 -1000 -1000 -1000 -10 0.87
89 21 Car -1 -1 -1 35.78 195.64 225.21 268.74 -1 -1 -1 -1000 -1000 -1000 -10 0.86
89 14 Car -1 -1 -1 472.17 179.16 535.49 233.45 -1 -1 -1 -1000 -1000 -1000 -10 0.84
89 24 Car -1 -1 -1 404.44 169.33 455.25 201.49 -1 -1 -1 -1000 -1000 -1000 -10 0.66
89 22 Cyclist -1 -1 -1 130.19 185.61 245.81 296.20 -1 -1 -1 -1000 -1000 -1000 -10 0.59
89 4 Car -1 -1 -1 578.95 175.28 594.92 188.44 -1 -1 -1 -1000 -1000 -1000 -10 0.57
90 21 Car -1 -1 -1 3.54 195.07 164.50 285.64 -1 -1 -1 -1000 -1000 -1000 -10 0.90
90 23 Car -1 -1 -1 363.92 182.40 433.41 219.76 -1 -1 -1 -1000 -1000 -1000 -10 0.89
90 1 Car -1 -1 -1 612.82 180.97 669.37 230.11 -1 -1 -1 -1000 -1000 -1000 -10 0.88
90 14 Car -1 -1 -1 480.54 179.84 542.33 232.53 -1 -1 -1 -1000 -1000 -1000 -10 0.88
90 22 Cyclist -1 -1 -1 171.10 186.36 274.40 287.61 -1 -1 -1 -1000 -1000 -1000 -10 0.61
90 24 Car -1 -1 -1 393.21 168.67 450.19 204.38 -1 -1 -1 -1000 -1000 -1000 -10 0.61
90 4 Car -1 -1 -1 582.51 175.27 600.00 189.19 -1 -1 -1 -1000 -1000 -1000 -10 0.55
91 14 Car -1 -1 -1 488.67 180.29 547.67 230.44 -1 -1 -1 -1000 -1000 -1000 -10 0.94
91 1 Car -1 -1 -1 616.35 180.17 673.33 230.81 -1 -1 -1 -1000 -1000 -1000 -10 0.86
91 23 Car -1 -1 -1 341.43 183.05 421.30 224.38 -1 -1 -1 -1000 -1000 -1000 -10 0.84
91 21 Car -1 -1 -1 -0.60 201.54 75.23 294.50 -1 -1 -1 -1000 -1000 -1000 -10 0.81
91 24 Car -1 -1 -1 384.78 169.55 443.11 207.76 -1 -1 -1 -1000 -1000 -1000 -10 0.68
91 22 Cyclist -1 -1 -1 207.71 191.85 299.44 280.39 -1 -1 -1 -1000 -1000 -1000 -10 0.54
91 4 Car -1 -1 -1 586.32 175.03 602.77 188.19 -1 -1 -1 -1000 -1000 -1000 -10 0.50
92 14 Car -1 -1 -1 497.43 179.30 553.97 229.16 -1 -1 -1 -1000 -1000 -1000 -10 0.93
92 23 Car -1 -1 -1 315.86 183.44 402.97 227.06 -1 -1 -1 -1000 -1000 -1000 -10 0.92
92 1 Car -1 -1 -1 619.59 179.52 678.30 231.39 -1 -1 -1 -1000 -1000 -1000 -10 0.90
92 24 Car -1 -1 -1 367.90 169.50 435.21 210.24 -1 -1 -1 -1000 -1000 -1000 -10 0.76
92 4 Car -1 -1 -1 590.20 174.39 607.51 188.34 -1 -1 -1 -1000 -1000 -1000 -10 0.60
93 23 Car -1 -1 -1 288.57 182.50 382.02 229.89 -1 -1 -1 -1000 -1000 -1000 -10 0.88
93 1 Car -1 -1 -1 621.41 178.59 681.37 230.50 -1 -1 -1 -1000 -1000 -1000 -10 0.87
93 24 Car -1 -1 -1 352.63 168.45 427.25 212.34 -1 -1 -1 -1000 -1000 -1000 -10 0.84
93 14 Car -1 -1 -1 505.20 178.18 560.02 226.45 -1 -1 -1 -1000 -1000 -1000 -10 0.82
93 4 Car -1 -1 -1 594.23 174.71 610.58 187.81 -1 -1 -1 -1000 -1000 -1000 -10 0.60
93 25 Cyclist -1 -1 -1 263.17 186.28 344.01 269.59 -1 -1 -1 -1000 -1000 -1000 -10 0.55
93 26 Car -1 -1 -1 122.90 195.21 177.19 215.70 -1 -1 -1 -1000 -1000 -1000 -10 0.49
94 14 Car -1 -1 -1 512.65 178.33 564.36 224.65 -1 -1 -1 -1000 -1000 -1000 -10 0.92
94 23 Car -1 -1 -1 237.99 184.44 355.01 242.53 -1 -1 -1 -1000 -1000 -1000 -10 0.89
94 24 Car -1 -1 -1 333.78 168.18 415.15 216.26 -1 -1 -1 -1000 -1000 -1000 -10 0.84
94 1 Car -1 -1 -1 625.60 178.35 685.25 229.95 -1 -1 -1 -1000 -1000 -1000 -10 0.84
94 26 Car -1 -1 -1 117.88 195.99 173.83 214.66 -1 -1 -1 -1000 -1000 -1000 -10 0.65
94 25 Cyclist -1 -1 -1 284.15 183.30 363.12 267.39 -1 -1 -1 -1000 -1000 -1000 -10 0.65
94 4 Car -1 -1 -1 596.36 174.46 612.93 187.84 -1 -1 -1 -1000 -1000 -1000 -10 0.52
95 14 Car -1 -1 -1 518.87 178.87 569.73 224.22 -1 -1 -1 -1000 -1000 -1000 -10 0.90
95 24 Car -1 -1 -1 311.55 168.51 399.17 219.15 -1 -1 -1 -1000 -1000 -1000 -10 0.90
95 1 Car -1 -1 -1 629.34 178.80 688.93 229.51 -1 -1 -1 -1000 -1000 -1000 -10 0.88
95 23 Car -1 -1 -1 180.51 186.24 320.33 249.15 -1 -1 -1 -1000 -1000 -1000 -10 0.86
95 25 Cyclist -1 -1 -1 306.16 185.22 380.45 264.16 -1 -1 -1 -1000 -1000 -1000 -10 0.73
95 4 Car -1 -1 -1 599.42 175.49 616.60 187.03 -1 -1 -1 -1000 -1000 -1000 -10 0.59
95 26 Car -1 -1 -1 108.27 195.73 174.09 216.26 -1 -1 -1 -1000 -1000 -1000 -10 0.44
95 27 Cyclist -1 -1 -1 454.50 175.28 474.60 204.15 -1 -1 -1 -1000 -1000 -1000 -10 0.51
96 14 Car -1 -1 -1 522.66 178.55 575.30 224.13 -1 -1 -1 -1000 -1000 -1000 -10 0.92
96 1 Car -1 -1 -1 633.09 179.20 691.98 229.88 -1 -1 -1 -1000 -1000 -1000 -10 0.92
96 23 Car -1 -1 -1 94.83 189.42 274.50 267.49 -1 -1 -1 -1000 -1000 -1000 -10 0.91
96 24 Car -1 -1 -1 281.69 166.98 388.05 226.66 -1 -1 -1 -1000 -1000 -1000 -10 0.89
96 25 Cyclist -1 -1 -1 328.20 188.24 397.41 259.29 -1 -1 -1 -1000 -1000 -1000 -10 0.71
96 4 Car -1 -1 -1 602.99 175.27 618.24 187.15 -1 -1 -1 -1000 -1000 -1000 -10 0.58
96 27 Cyclist -1 -1 -1 446.51 173.59 467.47 207.05 -1 -1 -1 -1000 -1000 -1000 -10 0.51
97 23 Car -1 -1 -1 -0.23 189.30 214.21 284.41 -1 -1 -1 -1000 -1000 -1000 -10 0.95
97 1 Car -1 -1 -1 634.60 178.71 694.78 229.57 -1 -1 -1 -1000 -1000 -1000 -10 0.91
97 14 Car -1 -1 -1 528.76 177.31 578.31 223.21 -1 -1 -1 -1000 -1000 -1000 -10 0.90
97 24 Car -1 -1 -1 246.58 166.81 361.28 229.71 -1 -1 -1 -1000 -1000 -1000 -10 0.89
97 25 Cyclist -1 -1 -1 344.11 183.73 412.34 256.07 -1 -1 -1 -1000 -1000 -1000 -10 0.61
97 27 Cyclist -1 -1 -1 436.68 173.49 458.90 207.41 -1 -1 -1 -1000 -1000 -1000 -10 0.54
97 4 Car -1 -1 -1 606.25 175.26 619.18 186.40 -1 -1 -1 -1000 -1000 -1000 -10 0.42
97 28 Car -1 -1 -1 505.55 173.50 536.10 195.08 -1 -1 -1 -1000 -1000 -1000 -10 0.47
98 24 Car -1 -1 -1 200.48 166.08 332.42 237.66 -1 -1 -1 -1000 -1000 -1000 -10 0.89
98 23 Car -1 -1 -1 -2.33 190.10 129.31 305.56 -1 -1 -1 -1000 -1000 -1000 -10 0.89
98 14 Car -1 -1 -1 534.27 175.81 581.64 220.29 -1 -1 -1 -1000 -1000 -1000 -10 0.88
98 1 Car -1 -1 -1 637.15 178.74 695.20 228.66 -1 -1 -1 -1000 -1000 -1000 -10 0.87
98 28 Car -1 -1 -1 499.71 173.01 530.15 195.45 -1 -1 -1 -1000 -1000 -1000 -10 0.64
98 25 Cyclist -1 -1 -1 362.07 180.53 425.13 254.93 -1 -1 -1 -1000 -1000 -1000 -10 0.60
98 27 Cyclist -1 -1 -1 421.67 175.55 445.58 209.21 -1 -1 -1 -1000 -1000 -1000 -10 0.48
98 4 Car -1 -1 -1 608.07 173.17 622.05 185.15 -1 -1 -1 -1000 -1000 -1000 -10 0.47
99 24 Car -1 -1 -1 143.66 164.63 302.43 246.41 -1 -1 -1 -1000 -1000 -1000 -10 0.89
99 14 Car -1 -1 -1 538.70 176.80 585.13 218.68 -1 -1 -1 -1000 -1000 -1000 -10 0.88
99 1 Car -1 -1 -1 639.31 176.97 697.27 227.81 -1 -1 -1 -1000 -1000 -1000 -10 0.82
99 28 Car -1 -1 -1 494.36 172.96 527.10 196.72 -1 -1 -1 -1000 -1000 -1000 -10 0.74
99 25 Cyclist -1 -1 -1 378.23 181.85 439.25 251.14 -1 -1 -1 -1000 -1000 -1000 -10 0.73
99 4 Car -1 -1 -1 608.40 172.82 624.46 185.04 -1 -1 -1 -1000 -1000 -1000 -10 0.45
99 27 Cyclist -1 -1 -1 406.13 177.09 437.24 215.81 -1 -1 -1 -1000 -1000 -1000 -10 0.45
100 24 Car -1 -1 -1 65.68 165.84 264.46 260.25 -1 -1 -1 -1000 -1000 -1000 -10 0.93
100 1 Car -1 -1 -1 640.46 178.39 699.63 229.52 -1 -1 -1 -1000 -1000 -1000 -10 0.90
100 14 Car -1 -1 -1 543.40 178.24 588.89 218.73 -1 -1 -1 -1000 -1000 -1000 -10 0.72
100 25 Cyclist -1 -1 -1 394.75 183.18 446.70 248.99 -1 -1 -1 -1000 -1000 -1000 -10 0.64
100 28 Car -1 -1 -1 486.10 174.53 521.49 199.46 -1 -1 -1 -1000 -1000 -1000 -10 0.57
100 4 Car -1 -1 -1 608.41 174.41 628.12 186.98 -1 -1 -1 -1000 -1000 -1000 -10 0.51
100 29 Car -1 -1 -1 537.33 178.15 560.98 194.40 -1 -1 -1 -1000 -1000 -1000 -10 0.42
101 24 Car -1 -1 -1 -3.17 165.21 215.88 275.79 -1 -1 -1 -1000 -1000 -1000 -10 0.93
101 1 Car -1 -1 -1 641.49 180.25 699.90 229.06 -1 -1 -1 -1000 -1000 -1000 -10 0.89
101 28 Car -1 -1 -1 480.30 176.32 516.44 201.94 -1 -1 -1 -1000 -1000 -1000 -10 0.82
101 14 Car -1 -1 -1 547.47 178.90 592.61 220.43 -1 -1 -1 -1000 -1000 -1000 -10 0.67
101 4 Car -1 -1 -1 610.40 174.79 628.77 187.05 -1 -1 -1 -1000 -1000 -1000 -10 0.63
101 29 Car -1 -1 -1 533.45 178.37 557.20 195.55 -1 -1 -1 -1000 -1000 -1000 -10 0.57
101 25 Cyclist -1 -1 -1 375.06 185.41 404.36 216.87 -1 -1 -1 -1000 -1000 -1000 -10 0.49
101 30 Cyclist -1 -1 -1 407.60 182.03 457.81 248.78 -1 -1 -1 -1000 -1000 -1000 -10 0.49
102 24 Car -1 -1 -1 4.33 162.07 146.38 287.71 -1 -1 -1 -1000 -1000 -1000 -10 0.93
102 1 Car -1 -1 -1 642.20 179.67 702.40 229.24 -1 -1 -1 -1000 -1000 -1000 -10 0.91
102 14 Car -1 -1 -1 552.51 178.38 595.11 218.09 -1 -1 -1 -1000 -1000 -1000 -10 0.80
102 28 Car -1 -1 -1 472.68 176.99 510.90 202.46 -1 -1 -1 -1000 -1000 -1000 -10 0.80
102 29 Car -1 -1 -1 528.41 178.40 556.66 197.92 -1 -1 -1 -1000 -1000 -1000 -10 0.61
102 4 Car -1 -1 -1 613.01 175.37 631.66 186.70 -1 -1 -1 -1000 -1000 -1000 -10 0.61
102 25 Cyclist -1 -1 -1 348.10 181.63 384.95 221.81 -1 -1 -1 -1000 -1000 -1000 -10 0.53
103 1 Car -1 -1 -1 642.91 178.50 703.52 229.05 -1 -1 -1 -1000 -1000 -1000 -10 0.91
103 14 Car -1 -1 -1 557.35 177.45 597.56 215.98 -1 -1 -1 -1000 -1000 -1000 -10 0.87
103 28 Car -1 -1 -1 464.12 175.74 504.88 203.91 -1 -1 -1 -1000 -1000 -1000 -10 0.74
103 29 Car -1 -1 -1 523.78 177.55 553.05 199.03 -1 -1 -1 -1000 -1000 -1000 -10 0.68
103 25 Cyclist -1 -1 -1 320.58 181.42 358.50 227.66 -1 -1 -1 -1000 -1000 -1000 -10 0.66
103 4 Car -1 -1 -1 614.93 174.95 632.03 186.39 -1 -1 -1 -1000 -1000 -1000 -10 0.59
103 24 Car -1 -1 -1 1.15 165.73 49.43 298.66 -1 -1 -1 -1000 -1000 -1000 -10 0.59
104 14 Car -1 -1 -1 560.80 176.50 601.61 215.43 -1 -1 -1 -1000 -1000 -1000 -10 0.84
104 1 Car -1 -1 -1 644.10 177.64 705.21 229.64 -1 -1 -1 -1000 -1000 -1000 -10 0.83
104 29 Car -1 -1 -1 518.32 178.01 548.86 198.67 -1 -1 -1 -1000 -1000 -1000 -10 0.74
104 28 Car -1 -1 -1 455.33 176.08 497.77 203.91 -1 -1 -1 -1000 -1000 -1000 -10 0.72
104 25 Cyclist -1 -1 -1 286.00 180.33 330.26 231.52 -1 -1 -1 -1000 -1000 -1000 -10 0.59
104 4 Car -1 -1 -1 617.67 174.63 631.04 185.64 -1 -1 -1 -1000 -1000 -1000 -10 0.42
104 31 Car -1 -1 -1 35.62 201.05 92.75 223.81 -1 -1 -1 -1000 -1000 -1000 -10 0.54
105 1 Car -1 -1 -1 646.85 177.14 705.63 227.35 -1 -1 -1 -1000 -1000 -1000 -10 0.89
105 14 Car -1 -1 -1 564.79 175.87 604.07 213.20 -1 -1 -1 -1000 -1000 -1000 -10 0.83
105 31 Car -1 -1 -1 13.41 202.40 83.04 224.18 -1 -1 -1 -1000 -1000 -1000 -10 0.78
105 28 Car -1 -1 -1 445.26 175.30 490.93 205.67 -1 -1 -1 -1000 -1000 -1000 -10 0.74
105 29 Car -1 -1 -1 511.79 177.19 545.40 199.96 -1 -1 -1 -1000 -1000 -1000 -10 0.72
105 25 Cyclist -1 -1 -1 240.77 185.57 297.30 240.66 -1 -1 -1 -1000 -1000 -1000 -10 0.61
105 4 Car -1 -1 -1 618.39 173.41 632.57 185.12 -1 -1 -1 -1000 -1000 -1000 -10 0.45
105 32 Pedestrian -1 -1 -1 457.26 180.08 485.92 236.62 -1 -1 -1 -1000 -1000 -1000 -10 0.56
106 1 Car -1 -1 -1 647.97 177.18 706.56 225.88 -1 -1 -1 -1000 -1000 -1000 -10 0.94
106 14 Car -1 -1 -1 569.38 175.98 606.47 212.08 -1 -1 -1 -1000 -1000 -1000 -10 0.86
106 29 Car -1 -1 -1 505.62 177.72 538.64 200.75 -1 -1 -1 -1000 -1000 -1000 -10 0.80
106 28 Car -1 -1 -1 434.47 174.97 486.02 206.74 -1 -1 -1 -1000 -1000 -1000 -10 0.75
106 31 Car -1 -1 -1 2.81 203.66 71.37 224.45 -1 -1 -1 -1000 -1000 -1000 -10 0.71
106 4 Car -1 -1 -1 619.13 172.93 633.17 184.15 -1 -1 -1 -1000 -1000 -1000 -10 0.63
106 25 Cyclist -1 -1 -1 181.66 185.47 249.41 248.80 -1 -1 -1 -1000 -1000 -1000 -10 0.59
107 1 Car -1 -1 -1 649.17 176.61 707.16 225.52 -1 -1 -1 -1000 -1000 -1000 -10 0.93
107 14 Car -1 -1 -1 572.08 175.16 609.64 210.96 -1 -1 -1 -1000 -1000 -1000 -10 0.86
107 28 Car -1 -1 -1 418.42 174.83 472.34 210.48 -1 -1 -1 -1000 -1000 -1000 -10 0.81
107 29 Car -1 -1 -1 497.18 178.38 533.29 201.85 -1 -1 -1 -1000 -1000 -1000 -10 0.80
107 31 Car -1 -1 -1 0.33 203.44 57.35 229.24 -1 -1 -1 -1000 -1000 -1000 -10 0.79
107 25 Cyclist -1 -1 -1 104.06 185.99 194.21 263.43 -1 -1 -1 -1000 -1000 -1000 -10 0.64
107 4 Car -1 -1 -1 620.12 172.43 634.37 183.89 -1 -1 -1 -1000 -1000 -1000 -10 0.63
107 33 Cyclist -1 -1 -1 471.09 177.23 503.71 233.93 -1 -1 -1 -1000 -1000 -1000 -10 0.56
107 34 Car -1 -1 -1 539.02 175.40 558.03 190.72 -1 -1 -1 -1000 -1000 -1000 -10 0.49
108 28 Car -1 -1 -1 403.02 174.79 463.04 212.80 -1 -1 -1 -1000 -1000 -1000 -10 0.89
108 1 Car -1 -1 -1 649.22 176.36 707.92 225.36 -1 -1 -1 -1000 -1000 -1000 -10 0.88
108 14 Car -1 -1 -1 575.14 174.65 611.59 210.78 -1 -1 -1 -1000 -1000 -1000 -10 0.76
108 29 Car -1 -1 -1 491.07 177.59 527.69 203.72 -1 -1 -1 -1000 -1000 -1000 -10 0.73
108 33 Cyclist -1 -1 -1 479.85 176.43 516.02 231.64 -1 -1 -1 -1000 -1000 -1000 -10 0.56
108 31 Car -1 -1 -1 0.42 201.35 48.53 233.86 -1 -1 -1 -1000 -1000 -1000 -10 0.55
108 25 Cyclist -1 -1 -1 6.87 193.27 112.87 279.86 -1 -1 -1 -1000 -1000 -1000 -10 0.53
108 4 Car -1 -1 -1 621.42 172.48 635.02 183.85 -1 -1 -1 -1000 -1000 -1000 -10 0.53
108 34 Car -1 -1 -1 535.25 174.72 556.53 191.50 -1 -1 -1 -1000 -1000 -1000 -10 0.52
108 35 Car -1 -1 -1 6.68 204.58 106.69 281.64 -1 -1 -1 -1000 -1000 -1000 -10 0.47
109 1 Car -1 -1 -1 649.47 176.70 707.94 224.95 -1 -1 -1 -1000 -1000 -1000 -10 0.85
109 28 Car -1 -1 -1 385.62 176.77 449.79 215.05 -1 -1 -1 -1000 -1000 -1000 -10 0.84
109 14 Car -1 -1 -1 579.35 175.45 614.55 210.34 -1 -1 -1 -1000 -1000 -1000 -10 0.83
109 29 Car -1 -1 -1 478.03 176.78 520.39 207.04 -1 -1 -1 -1000 -1000 -1000 -10 0.70
109 31 Car -1 -1 -1 -0.29 199.56 33.60 234.78 -1 -1 -1 -1000 -1000 -1000 -10 0.65
109 34 Car -1 -1 -1 530.84 175.63 554.13 193.15 -1 -1 -1 -1000 -1000 -1000 -10 0.58
109 4 Car -1 -1 -1 622.75 173.09 636.65 184.08 -1 -1 -1 -1000 -1000 -1000 -10 0.55
110 1 Car -1 -1 -1 650.19 176.92 709.72 225.59 -1 -1 -1 -1000 -1000 -1000 -10 0.90
110 28 Car -1 -1 -1 364.42 175.80 437.32 218.60 -1 -1 -1 -1000 -1000 -1000 -10 0.90
110 14 Car -1 -1 -1 581.21 175.22 616.67 209.56 -1 -1 -1 -1000 -1000 -1000 -10 0.84
110 29 Car -1 -1 -1 466.56 179.42 514.20 208.56 -1 -1 -1 -1000 -1000 -1000 -10 0.83
110 34 Car -1 -1 -1 528.55 176.17 551.69 193.83 -1 -1 -1 -1000 -1000 -1000 -10 0.63
110 4 Car -1 -1 -1 623.60 173.32 636.74 183.73 -1 -1 -1 -1000 -1000 -1000 -10 0.62
110 31 Car -1 -1 -1 0.61 195.75 18.02 236.75 -1 -1 -1 -1000 -1000 -1000 -10 0.53
110 36 Pedestrian -1 -1 -1 498.37 175.43 522.29 227.70 -1 -1 -1 -1000 -1000 -1000 -10 0.54
111 1 Car -1 -1 -1 650.67 177.34 709.15 225.43 -1 -1 -1 -1000 -1000 -1000 -10 0.89
111 28 Car -1 -1 -1 338.70 174.34 419.14 222.38 -1 -1 -1 -1000 -1000 -1000 -10 0.86
111 29 Car -1 -1 -1 454.34 180.13 502.87 211.81 -1 -1 -1 -1000 -1000 -1000 -10 0.81
111 14 Car -1 -1 -1 583.67 175.56 618.47 209.46 -1 -1 -1 -1000 -1000 -1000 -10 0.79
111 34 Car -1 -1 -1 523.49 177.31 546.01 194.08 -1 -1 -1 -1000 -1000 -1000 -10 0.63
111 4 Car -1 -1 -1 623.22 173.91 637.94 184.08 -1 -1 -1 -1000 -1000 -1000 -10 0.47
111 36 Pedestrian -1 -1 -1 501.50 175.95 527.37 225.53 -1 -1 -1 -1000 -1000 -1000 -10 0.45
112 1 Car -1 -1 -1 648.92 177.83 708.10 225.43 -1 -1 -1 -1000 -1000 -1000 -10 0.87
112 28 Car -1 -1 -1 306.69 175.45 397.93 227.74 -1 -1 -1 -1000 -1000 -1000 -10 0.86
112 29 Car -1 -1 -1 437.82 181.56 491.89 214.52 -1 -1 -1 -1000 -1000 -1000 -10 0.82
112 14 Car -1 -1 -1 585.16 175.89 619.18 208.84 -1 -1 -1 -1000 -1000 -1000 -10 0.76
112 34 Car -1 -1 -1 517.95 177.45 542.30 195.17 -1 -1 -1 -1000 -1000 -1000 -10 0.66
112 4 Car -1 -1 -1 623.73 174.16 637.47 184.44 -1 -1 -1 -1000 -1000 -1000 -10 0.44
112 36 Pedestrian -1 -1 -1 506.67 173.94 530.51 226.89 -1 -1 -1 -1000 -1000 -1000 -10 0.42
113 1 Car -1 -1 -1 648.56 178.00 706.06 225.99 -1 -1 -1 -1000 -1000 -1000 -10 0.92
113 28 Car -1 -1 -1 269.11 175.54 371.75 233.33 -1 -1 -1 -1000 -1000 -1000 -10 0.90
113 29 Car -1 -1 -1 416.38 181.50 479.99 218.44 -1 -1 -1 -1000 -1000 -1000 -10 0.85
113 14 Car -1 -1 -1 585.07 175.95 619.40 208.98 -1 -1 -1 -1000 -1000 -1000 -10 0.79
113 34 Car -1 -1 -1 510.23 175.90 539.83 196.69 -1 -1 -1 -1000 -1000 -1000 -10 0.57
113 36 Pedestrian -1 -1 -1 510.98 174.90 533.71 225.39 -1 -1 -1 -1000 -1000 -1000 -10 0.52
114 28 Car -1 -1 -1 219.35 176.41 342.13 241.17 -1 -1 -1 -1000 -1000 -1000 -10 0.91
114 1 Car -1 -1 -1 647.40 178.12 704.64 226.10 -1 -1 -1 -1000 -1000 -1000 -10 0.88
114 29 Car -1 -1 -1 390.60 181.88 465.08 222.21 -1 -1 -1 -1000 -1000 -1000 -10 0.83
114 14 Car -1 -1 -1 584.58 176.35 617.78 208.84 -1 -1 -1 -1000 -1000 -1000 -10 0.71
114 34 Car -1 -1 -1 499.56 175.78 535.63 197.91 -1 -1 -1 -1000 -1000 -1000 -10 0.61
114 36 Pedestrian -1 -1 -1 513.87 173.80 537.82 226.10 -1 -1 -1 -1000 -1000 -1000 -10 0.41
115 28 Car -1 -1 -1 152.28 176.47 302.77 250.66 -1 -1 -1 -1000 -1000 -1000 -10 0.90
115 1 Car -1 -1 -1 645.58 178.25 703.25 226.22 -1 -1 -1 -1000 -1000 -1000 -10 0.88
115 29 Car -1 -1 -1 360.34 183.20 444.27 228.66 -1 -1 -1 -1000 -1000 -1000 -10 0.88
115 34 Car -1 -1 -1 491.90 178.35 522.30 200.64 -1 -1 -1 -1000 -1000 -1000 -10 0.78
115 14 Car -1 -1 -1 584.54 176.84 617.62 209.40 -1 -1 -1 -1000 -1000 -1000 -10 0.78
115 36 Pedestrian -1 -1 -1 515.61 172.77 536.28 223.82 -1 -1 -1 -1000 -1000 -1000 -10 0.54
116 28 Car -1 -1 -1 64.47 179.02 256.79 268.40 -1 -1 -1 -1000 -1000 -1000 -10 0.91
116 29 Car -1 -1 -1 326.11 186.90 421.33 237.08 -1 -1 -1 -1000 -1000 -1000 -10 0.88
116 14 Car -1 -1 -1 583.72 177.61 617.02 209.67 -1 -1 -1 -1000 -1000 -1000 -10 0.88
116 1 Car -1 -1 -1 643.94 180.17 700.32 227.34 -1 -1 -1 -1000 -1000 -1000 -10 0.85
116 34 Car -1 -1 -1 482.79 180.72 514.51 203.90 -1 -1 -1 -1000 -1000 -1000 -10 0.74
116 36 Pedestrian -1 -1 -1 518.63 175.96 540.81 225.32 -1 -1 -1 -1000 -1000 -1000 -10 0.42
117 28 Car -1 -1 -1 -1.00 181.38 192.39 284.36 -1 -1 -1 -1000 -1000 -1000 -10 0.96
117 1 Car -1 -1 -1 641.35 179.91 698.29 228.21 -1 -1 -1 -1000 -1000 -1000 -10 0.92
117 29 Car -1 -1 -1 277.67 187.83 394.21 246.35 -1 -1 -1 -1000 -1000 -1000 -10 0.89
117 14 Car -1 -1 -1 582.70 178.88 616.27 209.69 -1 -1 -1 -1000 -1000 -1000 -10 0.84
117 34 Car -1 -1 -1 470.11 182.09 506.72 206.02 -1 -1 -1 -1000 -1000 -1000 -10 0.67
117 36 Pedestrian -1 -1 -1 521.95 174.48 545.07 226.24 -1 -1 -1 -1000 -1000 -1000 -10 0.42
118 29 Car -1 -1 -1 212.87 191.10 358.07 258.13 -1 -1 -1 -1000 -1000 -1000 -10 0.90
118 28 Car -1 -1 -1 -0.57 181.85 105.45 297.69 -1 -1 -1 -1000 -1000 -1000 -10 0.87
118 1 Car -1 -1 -1 638.52 180.02 695.39 227.96 -1 -1 -1 -1000 -1000 -1000 -10 0.85
118 34 Car -1 -1 -1 459.06 181.81 498.48 207.70 -1 -1 -1 -1000 -1000 -1000 -10 0.70
118 14 Car -1 -1 -1 581.29 178.78 615.19 209.81 -1 -1 -1 -1000 -1000 -1000 -10 0.70
118 36 Pedestrian -1 -1 -1 522.24 175.33 546.40 225.17 -1 -1 -1 -1000 -1000 -1000 -10 0.48
119 29 Car -1 -1 -1 122.90 191.87 308.32 273.56 -1 -1 -1 -1000 -1000 -1000 -10 0.87
119 1 Car -1 -1 -1 636.05 180.31 692.91 226.97 -1 -1 -1 -1000 -1000 -1000 -10 0.85
119 14 Car -1 -1 -1 579.75 178.80 611.90 208.51 -1 -1 -1 -1000 -1000 -1000 -10 0.85
119 34 Car -1 -1 -1 445.15 181.91 488.71 209.88 -1 -1 -1 -1000 -1000 -1000 -10 0.78
119 36 Pedestrian -1 -1 -1 526.00 178.03 548.01 222.30 -1 -1 -1 -1000 -1000 -1000 -10 0.47
120 29 Car -1 -1 -1 5.15 195.36 246.18 300.36 -1 -1 -1 -1000 -1000 -1000 -10 0.94
120 1 Car -1 -1 -1 632.98 179.53 688.57 225.34 -1 -1 -1 -1000 -1000 -1000 -10 0.84
120 34 Car -1 -1 -1 428.84 181.30 476.95 211.00 -1 -1 -1 -1000 -1000 -1000 -10 0.79
120 14 Car -1 -1 -1 578.15 178.18 610.67 208.72 -1 -1 -1 -1000 -1000 -1000 -10 0.74
120 36 Pedestrian -1 -1 -1 526.96 176.02 547.25 220.57 -1 -1 -1 -1000 -1000 -1000 -10 0.43
121 29 Car -1 -1 -1 -3.36 197.44 161.68 329.14 -1 -1 -1 -1000 -1000 -1000 -10 0.90
121 1 Car -1 -1 -1 629.36 179.31 685.45 225.28 -1 -1 -1 -1000 -1000 -1000 -10 0.89
121 14 Car -1 -1 -1 576.33 178.04 607.97 208.80 -1 -1 -1 -1000 -1000 -1000 -10 0.86
121 34 Car -1 -1 -1 411.44 181.43 463.85 213.33 -1 -1 -1 -1000 -1000 -1000 -10 0.84
121 36 Pedestrian -1 -1 -1 527.31 177.06 546.45 219.03 -1 -1 -1 -1000 -1000 -1000 -10 0.48
122 1 Car -1 -1 -1 626.35 180.59 681.71 226.80 -1 -1 -1 -1000 -1000 -1000 -10 0.89
122 34 Car -1 -1 -1 391.36 183.76 449.95 216.50 -1 -1 -1 -1000 -1000 -1000 -10 0.83
122 14 Car -1 -1 -1 574.36 178.75 606.54 208.65 -1 -1 -1 -1000 -1000 -1000 -10 0.74
122 36 Pedestrian -1 -1 -1 528.21 178.93 545.89 220.78 -1 -1 -1 -1000 -1000 -1000 -10 0.48
123 1 Car -1 -1 -1 623.60 181.23 678.23 227.36 -1 -1 -1 -1000 -1000 -1000 -10 0.91
123 34 Car -1 -1 -1 371.35 184.57 431.74 219.85 -1 -1 -1 -1000 -1000 -1000 -10 0.85
123 14 Car -1 -1 -1 572.88 179.08 602.34 208.18 -1 -1 -1 -1000 -1000 -1000 -10 0.84
123 37 Car -1 -1 -1 16.59 197.55 111.91 221.55 -1 -1 -1 -1000 -1000 -1000 -10 0.54
124 34 Car -1 -1 -1 345.96 185.72 412.21 223.48 -1 -1 -1 -1000 -1000 -1000 -10 0.87
124 1 Car -1 -1 -1 621.26 181.30 676.21 226.93 -1 -1 -1 -1000 -1000 -1000 -10 0.86
124 14 Car -1 -1 -1 570.27 178.26 600.57 208.24 -1 -1 -1 -1000 -1000 -1000 -10 0.77
124 37 Car -1 -1 -1 4.46 197.92 94.01 221.56 -1 -1 -1 -1000 -1000 -1000 -10 0.63
125 1 Car -1 -1 -1 617.77 181.19 672.31 226.70 -1 -1 -1 -1000 -1000 -1000 -10 0.88
125 34 Car -1 -1 -1 315.86 185.67 392.75 226.07 -1 -1 -1 -1000 -1000 -1000 -10 0.85
125 14 Car -1 -1 -1 568.29 177.69 599.52 208.18 -1 -1 -1 -1000 -1000 -1000 -10 0.82
125 37 Car -1 -1 -1 0.83 189.59 74.35 227.22 -1 -1 -1 -1000 -1000 -1000 -10 0.67
126 34 Car -1 -1 -1 275.71 186.12 365.85 232.37 -1 -1 -1 -1000 -1000 -1000 -10 0.88
126 1 Car -1 -1 -1 615.33 181.01 669.83 226.28 -1 -1 -1 -1000 -1000 -1000 -10 0.88
126 14 Car -1 -1 -1 566.46 178.44 596.81 206.92 -1 -1 -1 -1000 -1000 -1000 -10 0.71
126 37 Car -1 -1 -1 -0.80 197.61 67.49 227.13 -1 -1 -1 -1000 -1000 -1000 -10 0.68
127 34 Car -1 -1 -1 232.78 189.23 336.81 237.48 -1 -1 -1 -1000 -1000 -1000 -10 0.89
127 14 Car -1 -1 -1 566.21 178.63 595.02 206.53 -1 -1 -1 -1000 -1000 -1000 -10 0.81
127 1 Car -1 -1 -1 612.78 180.93 666.84 226.14 -1 -1 -1 -1000 -1000 -1000 -10 0.72
127 37 Car -1 -1 -1 1.27 199.46 41.52 228.42 -1 -1 -1 -1000 -1000 -1000 -10 0.68
128 34 Car -1 -1 -1 171.51 190.90 298.61 248.23 -1 -1 -1 -1000 -1000 -1000 -10 0.89
128 1 Car -1 -1 -1 611.46 181.42 663.52 225.76 -1 -1 -1 -1000 -1000 -1000 -10 0.85
128 14 Car -1 -1 -1 564.54 179.05 593.45 205.30 -1 -1 -1 -1000 -1000 -1000 -10 0.71
128 37 Car -1 -1 -1 1.13 196.22 17.96 229.96 -1 -1 -1 -1000 -1000 -1000 -10 0.48
129 34 Car -1 -1 -1 93.85 194.22 251.84 260.40 -1 -1 -1 -1000 -1000 -1000 -10 0.87
129 1 Car -1 -1 -1 608.72 179.92 661.18 224.87 -1 -1 -1 -1000 -1000 -1000 -10 0.86
129 14 Car -1 -1 -1 563.42 178.81 591.69 205.53 -1 -1 -1 -1000 -1000 -1000 -10 0.72
130 34 Car -1 -1 -1 0.64 195.28 190.69 277.26 -1 -1 -1 -1000 -1000 -1000 -10 0.94
130 1 Car -1 -1 -1 605.92 179.69 658.19 224.37 -1 -1 -1 -1000 -1000 -1000 -10 0.83
130 14 Car -1 -1 -1 562.17 179.06 590.28 205.20 -1 -1 -1 -1000 -1000 -1000 -10 0.76
131 34 Car -1 -1 -1 0.98 198.53 112.97 288.74 -1 -1 -1 -1000 -1000 -1000 -10 0.93
131 1 Car -1 -1 -1 604.20 178.29 655.87 223.88 -1 -1 -1 -1000 -1000 -1000 -10 0.92
131 14 Car -1 -1 -1 560.65 177.59 589.59 203.49 -1 -1 -1 -1000 -1000 -1000 -10 0.68
132 1 Car -1 -1 -1 601.11 177.62 653.36 223.22 -1 -1 -1 -1000 -1000 -1000 -10 0.92
132 14 Car -1 -1 -1 558.98 177.32 588.09 202.24 -1 -1 -1 -1000 -1000 -1000 -10 0.79
133 1 Car -1 -1 -1 598.77 178.45 652.00 224.07 -1 -1 -1 -1000 -1000 -1000 -10 0.84
133 14 Car -1 -1 -1 558.23 177.15 585.44 202.11 -1 -1 -1 -1000 -1000 -1000 -10 0.80
133 38 Car -1 -1 -1 0.92 192.65 34.80 224.56 -1 -1 -1 -1000 -1000 -1000 -10 0.46
134 1 Car -1 -1 -1 596.93 179.82 647.97 223.34 -1 -1 -1 -1000 -1000 -1000 -10 0.91
134 14 Car -1 -1 -1 557.32 177.33 584.87 202.06 -1 -1 -1 -1000 -1000 -1000 -10 0.70
134 38 Car -1 -1 -1 -0.88 194.87 20.92 221.77 -1 -1 -1 -1000 -1000 -1000 -10 0.49
135 1 Car -1 -1 -1 594.40 179.87 645.39 223.81 -1 -1 -1 -1000 -1000 -1000 -10 0.90
135 14 Car -1 -1 -1 556.52 178.06 583.44 202.22 -1 -1 -1 -1000 -1000 -1000 -10 0.74
136 1 Car -1 -1 -1 592.33 179.78 643.25 224.58 -1 -1 -1 -1000 -1000 -1000 -10 0.82
136 14 Car -1 -1 -1 555.23 177.91 583.85 203.55 -1 -1 -1 -1000 -1000 -1000 -10 0.72
137 1 Car -1 -1 -1 591.22 183.06 640.16 226.30 -1 -1 -1 -1000 -1000 -1000 -10 0.90
137 14 Car -1 -1 -1 555.69 179.60 582.57 204.42 -1 -1 -1 -1000 -1000 -1000 -10 0.75
138 1 Car -1 -1 -1 590.71 182.36 639.30 224.86 -1 -1 -1 -1000 -1000 -1000 -10 0.85
138 14 Car -1 -1 -1 555.27 178.64 582.61 202.74 -1 -1 -1 -1000 -1000 -1000 -10 0.74
139 14 Car -1 -1 -1 556.27 178.24 582.49 201.57 -1 -1 -1 -1000 -1000 -1000 -10 0.82
139 1 Car -1 -1 -1 589.23 181.52 636.46 222.90 -1 -1 -1 -1000 -1000 -1000 -10 0.76
140 1 Car -1 -1 -1 588.75 181.00 635.80 222.34 -1 -1 -1 -1000 -1000 -1000 -10 0.89
140 14 Car -1 -1 -1 556.64 177.78 581.66 200.30 -1 -1 -1 -1000 -1000 -1000 -10 0.81
141 1 Car -1 -1 -1 587.91 181.03 634.39 221.58 -1 -1 -1 -1000 -1000 -1000 -10 0.91
141 14 Car -1 -1 -1 556.48 176.40 581.87 199.96 -1 -1 -1 -1000 -1000 -1000 -10 0.73
142 1 Car -1 -1 -1 586.69 180.81 633.64 221.95 -1 -1 -1 -1000 -1000 -1000 -10 0.89
142 14 Car -1 -1 -1 555.77 176.60 581.73 199.73 -1 -1 -1 -1000 -1000 -1000 -10 0.74
143 1 Car -1 -1 -1 586.90 180.70 633.31 222.20 -1 -1 -1 -1000 -1000 -1000 -10 0.87
143 14 Car -1 -1 -1 555.85 175.94 581.17 198.00 -1 -1 -1 -1000 -1000 -1000 -10 0.63
143 39 Pedestrian -1 -1 -1 541.88 174.50 555.18 206.55 -1 -1 -1 -1000 -1000 -1000 -10 0.41
144 1 Car -1 -1 -1 585.98 180.42 631.87 222.04 -1 -1 -1 -1000 -1000 -1000 -10 0.80
144 14 Car -1 -1 -1 555.12 175.85 580.97 197.95 -1 -1 -1 -1000 -1000 -1000 -10 0.66
144 39 Pedestrian -1 -1 -1 541.92 174.90 554.73 205.91 -1 -1 -1 -1000 -1000 -1000 -10 0.57
145 1 Car -1 -1 -1 585.29 181.07 631.01 222.35 -1 -1 -1 -1000 -1000 -1000 -10 0.89
145 14 Car -1 -1 -1 555.42 177.48 580.03 198.52 -1 -1 -1 -1000 -1000 -1000 -10 0.64
146 1 Car -1 -1 -1 585.50 182.16 630.30 222.87 -1 -1 -1 -1000 -1000 -1000 -10 0.79
146 14 Car -1 -1 -1 554.56 178.04 580.65 200.29 -1 -1 -1 -1000 -1000 -1000 -10 0.76
147 1 Car -1 -1 -1 584.35 183.41 629.84 224.50 -1 -1 -1 -1000 -1000 -1000 -10 0.87
147 14 Car -1 -1 -1 556.11 179.05 579.91 200.66 -1 -1 -1 -1000 -1000 -1000 -10 0.80
147 40 Pedestrian -1 -1 -1 543.15 177.47 554.84 210.58 -1 -1 -1 -1000 -1000 -1000 -10 0.50
147 41 Cyclist -1 -1 -1 360.01 180.93 374.45 204.66 -1 -1 -1 -1000 -1000 -1000 -10 0.41
148 1 Car -1 -1 -1 584.31 182.69 630.02 224.51 -1 -1 -1 -1000 -1000 -1000 -10 0.85
148 14 Car -1 -1 -1 555.70 178.81 580.21 200.02 -1 -1 -1 -1000 -1000 -1000 -10 0.78
148 40 Pedestrian -1 -1 -1 540.51 177.03 556.12 208.65 -1 -1 -1 -1000 -1000 -1000 -10 0.55
149 1 Car -1 -1 -1 584.18 180.91 630.06 222.01 -1 -1 -1 -1000 -1000 -1000 -10 0.92
149 14 Car -1 -1 -1 556.55 177.91 579.88 198.60 -1 -1 -1 -1000 -1000 -1000 -10 0.74
149 40 Pedestrian -1 -1 -1 541.71 176.37 555.16 207.37 -1 -1 -1 -1000 -1000 -1000 -10 0.50
150 1 Car -1 -1 -1 583.26 180.85 629.73 222.07 -1 -1 -1 -1000 -1000 -1000 -10 0.90
150 14 Car -1 -1 -1 556.26 177.59 579.69 198.62 -1 -1 -1 -1000 -1000 -1000 -10 0.72
150 40 Pedestrian -1 -1 -1 542.66 177.11 554.59 206.66 -1 -1 -1 -1000 -1000 -1000 -10 0.51
151 1 Car -1 -1 -1 583.37 180.92 629.12 222.98 -1 -1 -1 -1000 -1000 -1000 -10 0.85
151 14 Car -1 -1 -1 555.63 177.84 579.78 198.83 -1 -1 -1 -1000 -1000 -1000 -10 0.73
151 40 Pedestrian -1 -1 -1 542.49 176.60 555.02 207.28 -1 -1 -1 -1000 -1000 -1000 -10 0.54
152 1 Car -1 -1 -1 583.54 181.64 629.24 222.28 -1 -1 -1 -1000 -1000 -1000 -10 0.87
152 14 Car -1 -1 -1 555.72 178.41 580.32 199.06 -1 -1 -1 -1000 -1000 -1000 -10 0.76
152 40 Pedestrian -1 -1 -1 542.53 177.19 555.25 207.09 -1 -1 -1 -1000 -1000 -1000 -10 0.46
153 1 Car -1 -1 -1 583.18 180.72 629.44 222.13 -1 -1 -1 -1000 -1000 -1000 -10 0.89
153 14 Car -1 -1 -1 556.24 178.10 580.15 198.43 -1 -1 -1 -1000 -1000 -1000 -10 0.74
154 1 Car -1 -1 -1 582.82 180.81 629.53 222.19 -1 -1 -1 -1000 -1000 -1000 -10 0.88
154 14 Car -1 -1 -1 555.77 178.06 579.83 198.21 -1 -1 -1 -1000 -1000 -1000 -10 0.68
154 42 Cyclist -1 -1 -1 259.51 184.23 278.92 217.77 -1 -1 -1 -1000 -1000 -1000 -10 0.46
155 1 Car -1 -1 -1 582.76 180.56 629.70 222.03 -1 -1 -1 -1000 -1000 -1000 -10 0.89
155 42 Cyclist -1 -1 -1 235.75 181.80 257.76 219.02 -1 -1 -1 -1000 -1000 -1000 -10 0.60
155 14 Car -1 -1 -1 554.80 178.26 579.96 197.77 -1 -1 -1 -1000 -1000 -1000 -10 0.60
156 1 Car -1 -1 -1 583.32 179.27 628.83 220.98 -1 -1 -1 -1000 -1000 -1000 -10 0.86
156 42 Cyclist -1 -1 -1 210.58 180.26 236.20 220.78 -1 -1 -1 -1000 -1000 -1000 -10 0.71
156 14 Car -1 -1 -1 553.63 176.40 580.91 197.42 -1 -1 -1 -1000 -1000 -1000 -10 0.55
157 1 Car -1 -1 -1 583.15 176.40 628.98 218.54 -1 -1 -1 -1000 -1000 -1000 -10 0.86
157 14 Car -1 -1 -1 554.33 174.24 580.10 194.11 -1 -1 -1 -1000 -1000 -1000 -10 0.58
158 1 Car -1 -1 -1 583.16 176.04 629.56 217.50 -1 -1 -1 -1000 -1000 -1000 -10 0.90
158 14 Car -1 -1 -1 554.30 172.79 580.30 193.37 -1 -1 -1 -1000 -1000 -1000 -10 0.54
159 1 Car -1 -1 -1 582.76 176.76 629.65 217.53 -1 -1 -1 -1000 -1000 -1000 -10 0.89
159 14 Car -1 -1 -1 551.50 174.08 580.86 196.00 -1 -1 -1 -1000 -1000 -1000 -10 0.59
159 43 Cyclist -1 -1 -1 109.00 179.14 143.05 230.63 -1 -1 -1 -1000 -1000 -1000 -10 0.53
160 1 Car -1 -1 -1 583.57 178.09 628.82 218.20 -1 -1 -1 -1000 -1000 -1000 -10 0.85
160 43 Cyclist -1 -1 -1 60.71 182.27 104.82 233.74 -1 -1 -1 -1000 -1000 -1000 -10 0.65
160 14 Car -1 -1 -1 553.92 175.27 580.45 196.09 -1 -1 -1 -1000 -1000 -1000 -10 0.64
161 1 Car -1 -1 -1 582.96 178.35 627.18 217.85 -1 -1 -1 -1000 -1000 -1000 -10 0.78
161 14 Car -1 -1 -1 555.79 175.48 579.20 196.03 -1 -1 -1 -1000 -1000 -1000 -10 0.68
161 43 Cyclist -1 -1 -1 6.76 177.77 51.07 240.10 -1 -1 -1 -1000 -1000 -1000 -10 0.49
162 1 Car -1 -1 -1 583.19 178.44 626.00 217.23 -1 -1 -1 -1000 -1000 -1000 -10 0.87
162 14 Car -1 -1 -1 556.91 174.98 578.34 197.15 -1 -1 -1 -1000 -1000 -1000 -10 0.63
163 1 Car -1 -1 -1 583.15 179.04 625.95 218.00 -1 -1 -1 -1000 -1000 -1000 -10 0.81
163 14 Car -1 -1 -1 557.32 175.65 577.41 197.01 -1 -1 -1 -1000 -1000 -1000 -10 0.52
164 1 Car -1 -1 -1 582.78 180.42 625.14 219.95 -1 -1 -1 -1000 -1000 -1000 -10 0.88
164 14 Car -1 -1 -1 555.49 175.93 576.31 197.69 -1 -1 -1 -1000 -1000 -1000 -10 0.53
165 1 Car -1 -1 -1 582.52 181.02 624.49 221.00 -1 -1 -1 -1000 -1000 -1000 -10 0.89
165 14 Car -1 -1 -1 556.88 177.10 577.50 199.29 -1 -1 -1 -1000 -1000 -1000 -10 0.51
166 1 Car -1 -1 -1 581.81 180.00 625.32 220.62 -1 -1 -1 -1000 -1000 -1000 -10 0.89
166 14 Car -1 -1 -1 556.27 177.07 578.30 199.24 -1 -1 -1 -1000 -1000 -1000 -10 0.61
167 1 Car -1 -1 -1 581.41 179.09 626.11 220.26 -1 -1 -1 -1000 -1000 -1000 -10 0.82
167 14 Car -1 -1 -1 555.41 176.51 580.16 199.57 -1 -1 -1 -1000 -1000 -1000 -10 0.65
168 1 Car -1 -1 -1 581.06 177.33 626.45 218.60 -1 -1 -1 -1000 -1000 -1000 -10 0.90
168 14 Car -1 -1 -1 556.87 175.50 581.27 196.60 -1 -1 -1 -1000 -1000 -1000 -10 0.76
169 1 Car -1 -1 -1 581.46 176.43 626.86 217.84 -1 -1 -1 -1000 -1000 -1000 -10 0.91
169 14 Car -1 -1 -1 557.16 174.39 582.34 195.10 -1 -1 -1 -1000 -1000 -1000 -10 0.66
170 1 Car -1 -1 -1 581.71 176.45 627.20 217.78 -1 -1 -1 -1000 -1000 -1000 -10 0.90
170 14 Car -1 -1 -1 557.68 174.44 579.53 194.55 -1 -1 -1 -1000 -1000 -1000 -10 0.74
171 1 Car -1 -1 -1 581.69 175.88 628.18 218.51 -1 -1 -1 -1000 -1000 -1000 -10 0.85
171 14 Car -1 -1 -1 558.09 174.49 577.92 194.34 -1 -1 -1 -1000 -1000 -1000 -10 0.71
172 1 Car -1 -1 -1 581.67 176.39 628.42 218.87 -1 -1 -1 -1000 -1000 -1000 -10 0.81
172 14 Car -1 -1 -1 558.45 174.66 578.52 193.66 -1 -1 -1 -1000 -1000 -1000 -10 0.66
173 1 Car -1 -1 -1 581.98 176.31 630.22 219.53 -1 -1 -1 -1000 -1000 -1000 -10 0.86
173 14 Car -1 -1 -1 559.29 174.85 578.69 193.53 -1 -1 -1 -1000 -1000 -1000 -10 0.68
174 1 Car -1 -1 -1 582.99 176.69 630.03 219.21 -1 -1 -1 -1000 -1000 -1000 -10 0.89
174 14 Car -1 -1 -1 559.71 175.02 578.92 193.37 -1 -1 -1 -1000 -1000 -1000 -10 0.65
175 1 Car -1 -1 -1 583.58 176.72 630.37 219.61 -1 -1 -1 -1000 -1000 -1000 -10 0.88
175 14 Car -1 -1 -1 559.34 174.05 579.25 192.15 -1 -1 -1 -1000 -1000 -1000 -10 0.55
176 1 Car -1 -1 -1 583.55 175.91 629.93 218.84 -1 -1 -1 -1000 -1000 -1000 -10 0.91
176 14 Car -1 -1 -1 559.28 173.33 579.29 191.45 -1 -1 -1 -1000 -1000 -1000 -10 0.73
177 1 Car -1 -1 -1 583.42 175.97 629.62 218.63 -1 -1 -1 -1000 -1000 -1000 -10 0.90
177 14 Car -1 -1 -1 559.29 173.07 579.93 191.30 -1 -1 -1 -1000 -1000 -1000 -10 0.74
178 1 Car -1 -1 -1 583.87 176.55 630.19 218.40 -1 -1 -1 -1000 -1000 -1000 -10 0.90
178 14 Car -1 -1 -1 559.39 173.23 580.39 191.41 -1 -1 -1 -1000 -1000 -1000 -10 0.67
179 1 Car -1 -1 -1 584.10 176.49 631.03 219.02 -1 -1 -1 -1000 -1000 -1000 -10 0.90
179 14 Car -1 -1 -1 559.43 173.38 580.65 191.78 -1 -1 -1 -1000 -1000 -1000 -10 0.62
180 1 Car -1 -1 -1 584.74 178.00 630.48 218.77 -1 -1 -1 -1000 -1000 -1000 -10 0.86
180 14 Car -1 -1 -1 560.74 174.02 581.64 192.09 -1 -1 -1 -1000 -1000 -1000 -10 0.50
181 1 Car -1 -1 -1 585.21 178.94 631.33 220.62 -1 -1 -1 -1000 -1000 -1000 -10 0.82
181 14 Car -1 -1 -1 561.01 175.85 581.44 193.18 -1 -1 -1 -1000 -1000 -1000 -10 0.65
182 1 Car -1 -1 -1 585.44 178.58 631.85 220.95 -1 -1 -1 -1000 -1000 -1000 -10 0.79
182 14 Car -1 -1 -1 560.90 175.73 582.13 193.13 -1 -1 -1 -1000 -1000 -1000 -10 0.68
183 1 Car -1 -1 -1 585.87 179.14 631.82 220.16 -1 -1 -1 -1000 -1000 -1000 -10 0.69
183 14 Car -1 -1 -1 562.04 175.64 581.20 192.44 -1 -1 -1 -1000 -1000 -1000 -10 0.53
184 1 Car -1 -1 -1 585.36 178.01 631.85 218.76 -1 -1 -1 -1000 -1000 -1000 -10 0.78
184 14 Car -1 -1 -1 561.55 173.95 582.45 191.86 -1 -1 -1 -1000 -1000 -1000 -10 0.65
185 1 Car -1 -1 -1 585.93 176.93 633.70 219.16 -1 -1 -1 -1000 -1000 -1000 -10 0.77
185 14 Car -1 -1 -1 562.30 172.72 582.10 190.53 -1 -1 -1 -1000 -1000 -1000 -10 0.76
186 14 Car -1 -1 -1 562.68 173.11 583.89 191.43 -1 -1 -1 -1000 -1000 -1000 -10 0.78
186 1 Car -1 -1 -1 586.23 177.53 633.46 219.46 -1 -1 -1 -1000 -1000 -1000 -10 0.69
187 1 Car -1 -1 -1 586.19 179.01 633.81 221.74 -1 -1 -1 -1000 -1000 -1000 -10 0.84
187 14 Car -1 -1 -1 562.37 174.52 583.94 191.66 -1 -1 -1 -1000 -1000 -1000 -10 0.59
188 1 Car -1 -1 -1 586.90 180.60 633.27 222.38 -1 -1 -1 -1000 -1000 -1000 -10 0.85
188 14 Car -1 -1 -1 563.69 175.62 583.61 192.80 -1 -1 -1 -1000 -1000 -1000 -10 0.61
189 1 Car -1 -1 -1 587.94 179.98 633.67 222.03 -1 -1 -1 -1000 -1000 -1000 -10 0.88
189 14 Car -1 -1 -1 563.40 174.21 584.24 191.68 -1 -1 -1 -1000 -1000 -1000 -10 0.57
190 1 Car -1 -1 -1 587.94 179.00 633.02 220.86 -1 -1 -1 -1000 -1000 -1000 -10 0.84
190 14 Car -1 -1 -1 564.25 173.65 583.50 190.85 -1 -1 -1 -1000 -1000 -1000 -10 0.64
191 1 Car -1 -1 -1 587.76 178.07 634.46 221.74 -1 -1 -1 -1000 -1000 -1000 -10 0.86
191 14 Car -1 -1 -1 564.30 173.11 585.44 191.67 -1 -1 -1 -1000 -1000 -1000 -10 0.56
192 1 Car -1 -1 -1 588.19 178.62 635.80 222.36 -1 -1 -1 -1000 -1000 -1000 -10 0.89
192 14 Car -1 -1 -1 564.51 173.75 585.76 192.12 -1 -1 -1 -1000 -1000 -1000 -10 0.61
193 1 Car -1 -1 -1 588.00 180.12 636.46 222.33 -1 -1 -1 -1000 -1000 -1000 -10 0.89
193 14 Car -1 -1 -1 564.88 175.55 585.32 193.02 -1 -1 -1 -1000 -1000 -1000 -10 0.61
194 1 Car -1 -1 -1 588.77 179.09 636.29 222.25 -1 -1 -1 -1000 -1000 -1000 -10 0.86
194 14 Car -1 -1 -1 564.55 175.06 585.61 193.03 -1 -1 -1 -1000 -1000 -1000 -10 0.52
195 1 Car -1 -1 -1 588.86 178.16 635.69 221.82 -1 -1 -1 -1000 -1000 -1000 -10 0.83
195 14 Car -1 -1 -1 564.60 173.40 585.76 192.39 -1 -1 -1 -1000 -1000 -1000 -10 0.63
196 1 Car -1 -1 -1 588.91 176.66 634.78 218.68 -1 -1 -1 -1000 -1000 -1000 -10 0.90
196 14 Car -1 -1 -1 563.97 172.29 584.13 190.43 -1 -1 -1 -1000 -1000 -1000 -10 0.61
197 1 Car -1 -1 -1 587.98 175.98 635.43 218.32 -1 -1 -1 -1000 -1000 -1000 -10 0.91
197 14 Car -1 -1 -1 564.01 172.48 583.99 189.40 -1 -1 -1 -1000 -1000 -1000 -10 0.56
198 1 Car -1 -1 -1 587.96 176.47 635.29 217.63 -1 -1 -1 -1000 -1000 -1000 -10 0.90
198 14 Car -1 -1 -1 564.09 172.09 583.50 189.11 -1 -1 -1 -1000 -1000 -1000 -10 0.65
199 1 Car -1 -1 -1 587.75 176.22 634.21 218.26 -1 -1 -1 -1000 -1000 -1000 -10 0.91
199 14 Car -1 -1 -1 563.92 171.99 583.99 189.37 -1 -1 -1 -1000 -1000 -1000 -10 0.60
200 1 Car -1 -1 -1 586.39 175.55 635.73 218.63 -1 -1 -1 -1000 -1000 -1000 -10 0.92
200 14 Car -1 -1 -1 564.05 172.23 583.71 189.22 -1 -1 -1 -1000 -1000 -1000 -10 0.63
201 1 Car -1 -1 -1 586.17 175.82 635.95 219.10 -1 -1 -1 -1000 -1000 -1000 -10 0.92
201 14 Car -1 -1 -1 563.87 172.99 583.51 189.53 -1 -1 -1 -1000 -1000 -1000 -10 0.70
202 1 Car -1 -1 -1 585.89 176.66 635.11 219.61 -1 -1 -1 -1000 -1000 -1000 -10 0.89
202 14 Car -1 -1 -1 563.97 173.55 583.08 189.83 -1 -1 -1 -1000 -1000 -1000 -10 0.76
203 1 Car -1 -1 -1 585.58 175.62 635.56 219.08 -1 -1 -1 -1000 -1000 -1000 -10 0.91
203 14 Car -1 -1 -1 563.58 172.99 582.48 189.83 -1 -1 -1 -1000 -1000 -1000 -10 0.77
204 1 Car -1 -1 -1 585.43 175.29 634.56 218.75 -1 -1 -1 -1000 -1000 -1000 -10 0.87
204 14 Car -1 -1 -1 563.62 172.01 581.73 189.09 -1 -1 -1 -1000 -1000 -1000 -10 0.72
205 1 Car -1 -1 -1 585.15 175.51 632.58 217.69 -1 -1 -1 -1000 -1000 -1000 -10 0.82
205 14 Car -1 -1 -1 564.05 171.62 581.53 189.01 -1 -1 -1 -1000 -1000 -1000 -10 0.68
206 1 Car -1 -1 -1 585.23 175.24 631.57 217.22 -1 -1 -1 -1000 -1000 -1000 -10 0.86
206 14 Car -1 -1 -1 564.07 171.56 581.24 189.01 -1 -1 -1 -1000 -1000 -1000 -10 0.65
207 1 Car -1 -1 -1 585.14 174.81 632.03 217.01 -1 -1 -1 -1000 -1000 -1000 -10 0.81
207 14 Car -1 -1 -1 564.28 171.45 580.99 188.93 -1 -1 -1 -1000 -1000 -1000 -10 0.58
208 1 Car -1 -1 -1 584.66 174.30 632.24 217.33 -1 -1 -1 -1000 -1000 -1000 -10 0.82
208 14 Car -1 -1 -1 563.72 170.93 581.01 187.42 -1 -1 -1 -1000 -1000 -1000 -10 0.64
209 1 Car -1 -1 -1 584.19 174.35 633.13 217.72 -1 -1 -1 -1000 -1000 -1000 -10 0.82
209 14 Car -1 -1 -1 563.57 170.80 580.87 187.25 -1 -1 -1 -1000 -1000 -1000 -10 0.68
210 1 Car -1 -1 -1 584.22 174.51 633.02 217.80 -1 -1 -1 -1000 -1000 -1000 -10 0.84
210 14 Car -1 -1 -1 564.23 171.43 579.94 187.04 -1 -1 -1 -1000 -1000 -1000 -10 0.59
211 1 Car -1 -1 -1 584.90 174.31 632.75 217.91 -1 -1 -1 -1000 -1000 -1000 -10 0.80
211 14 Car -1 -1 -1 564.60 171.25 580.50 187.12 -1 -1 -1 -1000 -1000 -1000 -10 0.61