0 3 Car -1 -1 -1 1193.17 158.00 1243.00 222.90 -1 -1 -1 -1000 -1000 -1000 -10 1
0 2 Car -1 -1 -1 0.96 200.77 53.67 260.16 -1 -1 -1 -1000 -1000 -1000 -10 1
0 1 Car -1 -1 -1 480.29 179.61 658.36 233.17 -1 -1 -1 -1000 -1000 -1000 -10 1
1 2 Car -1 -1 -1 4.81 190.73 98.08 261.04 -1 -1 -1 -1000 -1000 -1000 -10 1
1 1 Car -1 -1 -1 543.80 177.10 715.66 229.86 -1 -1 -1 -1000 -1000 -1000 -10 1
2 2 Car -1 -1 -1 8.23 185.32 139.26 257.67 -1 -1 -1 -1000 -1000 -1000 -10 1
2 1 Car -1 -1 -1 595.47 177.17 774.12 231.32 -1 -1 -1 -1000 -1000 -1000 -10 1
3 2 Car -1 -1 -1 17.14 186.34 182.14 256.91 -1 -1 -1 -1000 -1000 -1000 -10 1
3 1 Car -1 -1 -1 646.29 173.40 830.51 231.12 -1 -1 -1 -1000 -1000 -1000 -10 1
4 2 Car -1 -1 -1 46.04 184.22 238.10 255.51 -1 -1 -1 -1000 -1000 -1000 -10 1
4 1 Car -1 -1 -1 697.34 169.81 887.62 232.07 -1 -1 -1 -1000 -1000 -1000 -10 1
5 2 Car -1 -1 -1 88.91 183.22 296.64 256.62 -1 -1 -1 -1000 -1000 -1000 -10 1
5 1 Car -1 -1 -1 752.26 168.33 947.35 233.26 -1 -1 -1 -1000 -1000 -1000 -10 1
6 2 Car -1 -1 -1 138.28 181.03 354.41 254.51 -1 -1 -1 -1000 -1000 -1000 -10 1
6 1 Car -1 -1 -1 801.55 167.83 995.50 233.39 -1 -1 -1 -1000 -1000 -1000 -10 1
7 2 Car -1 -1 -1 192.90 179.45 408.61 252.91 -1 -1 -1 -1000 -1000 -1000 -10 1
7 1 Car -1 -1 -1 852.08 164.28 1049.65 227.90 -1 -1 -1 -1000 -1000 -1000 -10 1
8 2 Car -1 -1 -1 254.19 178.87 466.45 251.68 -1 -1 -1 -1000 -1000 -1000 -10 1
8 1 Car -1 -1 -1 905.64 160.95 1104.78 224.38 -1 -1 -1 -1000 -1000 -1000 -10 1
9 2 Car -1 -1 -1 318.88 175.48 521.78 247.86 -1 -1 -1 -1000 -1000 -1000 -10 1
9 1 Car -1 -1 -1 965.96 159.15 1165.41 224.03 -1 -1 -1 -1000 -1000 -1000 -10 1
10 2 Car -1 -1 -1 368.09 171.98 575.90 244.98 -1 -1 -1 -1000 -1000 -1000 -10 1
10 1 Car -1 -1 -1 1024.60 158.05 1225.55 223.45 -1 -1 -1 -1000 -1000 -1000 -10 1
11 2 Car -1 -1 -1 426.72 172.41 624.61 241.88 -1 -1 -1 -1000 -1000 -1000 -10 1
11 1 Car -1 -1 -1 1064.66 155.63 1263.97 223.24 -1 -1 -1 -1000 -1000 -1000 -10 1
12 2 Car -1 -1 -1 480.25 174.11 673.13 239.51 -1 -1 -1 -1000 -1000 -1000 -10 1
12 1 Car -1 -1 -1 1107.58 153.76 1286.86 220.53 -1 -1 -1 -1000 -1000 -1000 -10 1
13 2 Car -1 -1 -1 534.74 173.14 725.13 235.34 -1 -1 -1 -1000 -1000 -1000 -10 1
13 1 Car -1 -1 -1 1153.36 153.92 1296.47 217.57 -1 -1 -1 -1000 -1000 -1000 -10 1
14 2 Car -1 -1 -1 585.07 168.07 776.60 232.28 -1 -1 -1 -1000 -1000 -1000 -10 1
15 2 Car -1 -1 -1 634.10 168.26 827.55 232.55 -1 -1 -1 -1000 -1000 -1000 -10 1
16 2 Car -1 -1 -1 685.85 167.42 881.18 232.51 -1 -1 -1 -1000 -1000 -1000 -10 1
17 2 Car -1 -1 -1 738.07 165.84 938.55 232.17 -1 -1 -1 -1000 -1000 -1000 -10 1
18 5 Car -1 -1 -1 5.78 179.64 94.26 298.43 -1 -1 -1 -1000 -1000 -1000 -10 1
18 2 Car -1 -1 -1 790.33 165.19 992.74 232.17 -1 -1 -1 -1000 -1000 -1000 -10 1
19 5 Car -1 -1 -1 6.50 177.79 108.34 301.79 -1 -1 -1 -1000 -1000 -1000 -10 1
19 2 Car -1 -1 -1 846.49 162.11 1050.56 230.64 -1 -1 -1 -1000 -1000 -1000 -10 1
20 5 Car -1 -1 -1 2.44 175.22 120.40 306.68 -1 -1 -1 -1000 -1000 -1000 -10 1
20 2 Car -1 -1 -1 897.32 159.81 1103.67 227.71 -1 -1 -1 -1000 -1000 -1000 -10 1
21 5 Car -1 -1 -1 3.31 172.66 132.29 304.89 -1 -1 -1 -1000 -1000 -1000 -10 1
21 2 Car -1 -1 -1 948.25 156.33 1158.73 226.08 -1 -1 -1 -1000 -1000 -1000 -10 1
22 5 Car -1 -1 -1 4.39 174.86 145.00 312.19 -1 -1 -1 -1000 -1000 -1000 -10 1
22 2 Car -1 -1 -1 1002.01 153.94 1212.61 223.92 -1 -1 -1 -1000 -1000 -1000 -10 1
23 5 Car -1 -1 -1 2.07 175.17 148.54 316.68 -1 -1 -1 -1000 -1000 -1000 -10 1
23 2 Car -1 -1 -1 1042.79 151.02 1250.84 221.79 -1 -1 -1 -1000 -1000 -1000 -10 1
24 5 Car -1 -1 -1 2.34 175.56 154.94 321.39 -1 -1 -1 -1000 -1000 -1000 -10 1
24 2 Car -1 -1 -1 1081.68 146.30 1274.56 218.00 -1 -1 -1 -1000 -1000 -1000 -10 1
25 6 Car -1 -1 -1 202.86 191.45 352.60 245.82 -1 -1 -1 -1000 -1000 -1000 -10 1
25 5 Car -1 -1 -1 1.21 178.82 157.96 327.81 -1 -1 -1 -1000 -1000 -1000 -10 1
25 2 Car -1 -1 -1 1124.26 151.87 1288.77 222.11 -1 -1 -1 -1000 -1000 -1000 -10 1
26 6 Car -1 -1 -1 257.61 190.17 403.69 246.58 -1 -1 -1 -1000 -1000 -1000 -10 1
26 5 Car -1 -1 -1 0.36 178.11 160.38 330.96 -1 -1 -1 -1000 -1000 -1000 -10 1
27 6 Car -1 -1 -1 319.87 188.85 467.83 244.87 -1 -1 -1 -1000 -1000 -1000 -10 1
27 5 Car -1 -1 -1 0.08 175.95 163.02 334.77 -1 -1 -1 -1000 -1000 -1000 -10 1
28 6 Car -1 -1 -1 368.54 186.82 521.86 245.48 -1 -1 -1 -1000 -1000 -1000 -10 1
28 5 Car -1 -1 -1 -1.52 179.68 159.65 345.49 -1 -1 -1 -1000 -1000 -1000 -10 1
29 6 Car -1 -1 -1 426.14 184.15 575.45 242.42 -1 -1 -1 -1000 -1000 -1000 -10 1
29 5 Car -1 -1 -1 -8.23 181.03 149.87 358.51 -1 -1 -1 -1000 -1000 -1000 -10 1
30 6 Car -1 -1 -1 483.92 183.01 631.74 241.51 -1 -1 -1 -1000 -1000 -1000 -10 1
30 5 Car -1 -1 -1 -11.46 174.10 143.24 362.14 -1 -1 -1 -1000 -1000 -1000 -10 1
31 8 Car -1 -1 -1 142.11 197.83 319.64 260.88 -1 -1 -1 -1000 -1000 -1000 -10 1
31 6 Car -1 -1 -1 544.50 182.32 690.89 236.13 -1 -1 -1 -1000 -1000 -1000 -10 1
31 5 Car -1 -1 -1 -13.32 170.74 136.34 365.60 -1 -1 -1 -1000 -1000 -1000 -10 1
32 8 Car -1 -1 -1 190.52 198.49 363.78 259.52 -1 -1 -1 -1000 -1000 -1000 -10 1
32 6 Car -1 -1 -1 601.22 181.15 745.95 234.02 -1 -1 -1 -1000 -1000 -1000 -10 1
32 5 Car -1 -1 -1 -11.36 170.28 136.20 360.86 -1 -1 -1 -1000 -1000 -1000 -10 1
33 8 Car -1 -1 -1 239.49 198.42 408.17 258.86 -1 -1 -1 -1000 -1000 -1000 -10 1
33 6 Car -1 -1 -1 657.50 178.43 801.67 230.80 -1 -1 -1 -1000 -1000 -1000 -10 1
33 5 Car -1 -1 -1 -9.29 169.50 134.67 368.77 -1 -1 -1 -1000 -1000 -1000 -10 1
34 8 Car -1 -1 -1 286.73 194.34 458.89 256.61 -1 -1 -1 -1000 -1000 -1000 -10 1
34 6 Car -1 -1 -1 712.01 177.92 856.94 230.18 -1 -1 -1 -1000 -1000 -1000 -10 1
34 5 Car -1 -1 -1 -9.48 166.70 132.81 372.11 -1 -1 -1 -1000 -1000 -1000 -10 1
35 8 Car -1 -1 -1 348.23 190.78 520.53 254.35 -1 -1 -1 -1000 -1000 -1000 -10 1
35 6 Car -1 -1 -1 763.38 173.84 909.38 227.96 -1 -1 -1 -1000 -1000 -1000 -10 1
35 5 Car -1 -1 -1 -7.85 164.48 129.91 374.80 -1 -1 -1 -1000 -1000 -1000 -10 1
36 8 Car -1 -1 -1 378.79 185.91 569.57 254.95 -1 -1 -1 -1000 -1000 -1000 -10 1
36 6 Car -1 -1 -1 817.05 173.11 963.21 228.09 -1 -1 -1 -1000 -1000 -1000 -10 1
36 5 Car -1 -1 -1 -11.41 163.20 119.69 375.45 -1 -1 -1 -1000 -1000 -1000 -10 1
37 8 Car -1 -1 -1 433.40 182.60 630.19 253.53 -1 -1 -1 -1000 -1000 -1000 -10 1
37 6 Car -1 -1 -1 870.74 171.00 1017.59 224.98 -1 -1 -1 -1000 -1000 -1000 -10 1
37 5 Car -1 -1 -1 -13.30 165.01 107.52 377.03 -1 -1 -1 -1000 -1000 -1000 -10 1
38 8 Car -1 -1 -1 485.60 182.48 686.73 252.10 -1 -1 -1 -1000 -1000 -1000 -10 1
38 6 Car -1 -1 -1 919.08 169.82 1064.86 222.14 -1 -1 -1 -1000 -1000 -1000 -10 1
39 8 Car -1 -1 -1 541.22 181.65 742.52 251.26 -1 -1 -1 -1000 -1000 -1000 -10 1
39 6 Car -1 -1 -1 970.11 170.14 1117.77 220.19 -1 -1 -1 -1000 -1000 -1000 -10 1
40 8 Car -1 -1 -1 592.70 179.77 794.92 249.74 -1 -1 -1 -1000 -1000 -1000 -10 1
40 6 Car -1 -1 -1 1029.13 165.72 1177.71 217.18 -1 -1 -1 -1000 -1000 -1000 -10 1
41 9 Car -1 -1 -1 31.28 185.70 210.32 257.77 -1 -1 -1 -1000 -1000 -1000 -10 1
41 8 Car -1 -1 -1 684.33 176.56 884.51 245.32 -1 -1 -1 -1000 -1000 -1000 -10 1
41 6 Car -1 -1 -1 1103.96 163.23 1244.83 216.28 -1 -1 -1 -1000 -1000 -1000 -10 1
42 9 Car -1 -1 -1 75.73 182.26 273.38 256.51 -1 -1 -1 -1000 -1000 -1000 -10 1
42 8 Car -1 -1 -1 750.45 175.05 956.71 243.73 -1 -1 -1 -1000 -1000 -1000 -10 1
42 6 Car -1 -1 -1 1157.40 163.27 1275.47 216.32 -1 -1 -1 -1000 -1000 -1000 -10 1
43 9 Car -1 -1 -1 121.35 182.01 320.47 254.76 -1 -1 -1 -1000 -1000 -1000 -10 1
43 8 Car -1 -1 -1 808.39 173.19 1017.73 241.34 -1 -1 -1 -1000 -1000 -1000 -10 1
44 9 Car -1 -1 -1 167.48 183.37 366.26 254.26 -1 -1 -1 -1000 -1000 -1000 -10 1
44 8 Car -1 -1 -1 860.59 172.50 1071.26 240.54 -1 -1 -1 -1000 -1000 -1000 -10 1
45 9 Car -1 -1 -1 210.99 181.75 405.26 252.15 -1 -1 -1 -1000 -1000 -1000 -10 1
45 8 Car -1 -1 -1 927.27 171.39 1134.57 238.09 -1 -1 -1 -1000 -1000 -1000 -10 1
46 9 Car -1 -1 -1 266.63 182.25 457.70 252.47 -1 -1 -1 -1000 -1000 -1000 -10 1
46 8 Car -1 -1 -1 976.57 165.02 1190.33 232.69 -1 -1 -1 -1000 -1000 -1000 -10 1
47 9 Car -1 -1 -1 317.51 180.38 502.53 250.49 -1 -1 -1 -1000 -1000 -1000 -10 1
47 8 Car -1 -1 -1 1025.31 163.07 1243.58 232.03 -1 -1 -1 -1000 -1000 -1000 -10 1
48 9 Car -1 -1 -1 358.63 177.01 547.72 247.21 -1 -1 -1 -1000 -1000 -1000 -10 1
48 8 Car -1 -1 -1 1057.76 164.92 1258.44 228.79 -1 -1 -1 -1000 -1000 -1000 -10 1
49 9 Car -1 -1 -1 411.62 174.45 596.86 245.33 -1 -1 -1 -1000 -1000 -1000 -10 1
49 8 Car -1 -1 -1 1106.76 162.84 1287.56 227.80 -1 -1 -1 -1000 -1000 -1000 -10 1
50 9 Car -1 -1 -1 452.55 172.28 642.78 243.39 -1 -1 -1 -1000 -1000 -1000 -10 1
50 8 Car -1 -1 -1 1152.53 160.09 1298.36 224.94 -1 -1 -1 -1000 -1000 -1000 -10 1
51 9 Car -1 -1 -1 512.05 172.22 696.26 241.31 -1 -1 -1 -1000 -1000 -1000 -10 1
52 9 Car -1 -1 -1 565.55 171.64 746.41 238.94 -1 -1 -1 -1000 -1000 -1000 -10 1
53 9 Car -1 -1 -1 614.23 167.69 793.18 235.63 -1 -1 -1 -1000 -1000 -1000 -10 1
54 9 Car -1 -1 -1 667.79 167.26 843.60 233.25 -1 -1 -1 -1000 -1000 -1000 -10 1
55 9 Car -1 -1 -1 717.40 168.97 890.50 232.81 -1 -1 -1 -1000 -1000 -1000 -10 1
56 9 Car -1 -1 -1 767.26 170.47 941.07 231.84 -1 -1 -1 -1000 -1000 -1000 -10 1
57 9 Car -1 -1 -1 815.09 168.99 990.42 228.88 -1 -1 -1 -1000 -1000 -1000 -10 1
58 9 Car -1 -1 -1 860.37 165.13 1043.80 224.13 -1 -1 -1 -1000 -1000 -1000 -10 1
59 9 Car -1 -1 -1 905.54 165.86 1087.99 224.80 -1 -1 -1 -1000 -1000 -1000 -10 1
60 9 Car -1 -1 -1 955.79 164.01 1137.83 221.79 -1 -1 -1 -1000 -1000 -1000 -10 1
61 9 Car -1 -1 -1 1010.31 161.35 1192.22 219.48 -1 -1 -1 -1000 -1000 -1000 -10 1
62 9 Car -1 -1 -1 1052.00 160.71 1233.74 218.80 -1 -1 -1 -1000 -1000 -1000 -10 1
63 9 Car -1 -1 -1 1090.68 154.27 1264.53 214.57 -1 -1 -1 -1000 -1000 -1000 -10 1
64 9 Car -1 -1 -1 1133.85 155.74 1284.96 216.30 -1 -1 -1 -1000 -1000 -1000 -10 1
65 9 Car -1 -1 -1 1168.67 156.12 1290.99 216.29 -1 -1 -1 -1000 -1000 -1000 -10 1
89 11 Car -1 -1 -1 1074.85 161.67 1198.11 197.65 -1 -1 -1 -1000 -1000 -1000 -10 1
90 11 Car -1 -1 -1 1046.22 161.09 1165.03 195.81 -1 -1 -1 -1000 -1000 -1000 -10 1
91 11 Car -1 -1 -1 1012.22 164.05 1128.53 197.85 -1 -1 -1 -1000 -1000 -1000 -10 1
92 11 Car -1 -1 -1 982.70 164.31 1094.45 196.84 -1 -1 -1 -1000 -1000 -1000 -10 1
93 11 Car -1 -1 -1 946.93 167.78 1059.92 199.91 -1 -1 -1 -1000 -1000 -1000 -10 1
94 11 Car -1 -1 -1 893.74 168.30 1005.96 200.76 -1 -1 -1 -1000 -1000 -1000 -10 1
95 11 Car -1 -1 -1 849.12 169.89 962.93 202.51 -1 -1 -1 -1000 -1000 -1000 -10 1
96 11 Car -1 -1 -1 816.50 169.99 931.70 203.99 -1 -1 -1 -1000 -1000 -1000 -10 1
97 11 Car -1 -1 -1 782.09 171.56 890.47 205.16 -1 -1 -1 -1000 -1000 -1000 -10 1
98 11 Car -1 -1 -1 744.84 172.56 857.19 205.15 -1 -1 -1 -1000 -1000 -1000 -10 1
99 11 Car -1 -1 -1 719.91 173.30 830.63 204.48 -1 -1 -1 -1000 -1000 -1000 -10 1
100 11 Car -1 -1 -1 690.68 173.75 795.56 203.96 -1 -1 -1 -1000 -1000 -1000 -10 1
101 11 Car -1 -1 -1 658.19 177.16 762.03 208.02 -1 -1 -1 -1000 -1000 -1000 -10 1
102 11 Car -1 -1 -1 629.32 177.50 730.38 207.27 -1 -1 -1 -1000 -1000 -1000 -10 1
103 11 Car -1 -1 -1 597.02 179.79 697.95 210.90 -1 -1 -1 -1000 -1000 -1000 -10 1
104 11 Car -1 -1 -1 567.05 182.55 667.34 212.94 -1 -1 -1 -1000 -1000 -1000 -10 1
105 11 Car -1 -1 -1 536.06 183.73 635.90 213.88 -1 -1 -1 -1000 -1000 -1000 -10 1
106 11 Car -1 -1 -1 499.74 183.38 601.54 214.85 -1 -1 -1 -1000 -1000 -1000 -10 1
110 11 Car -1 -1 -1 384.57 183.96 482.58 219.86 -1 -1 -1 -1000 -1000 -1000 -10 1
