0 3 Car -1 -1 -1 384.27 176.99 511.45 232.33 -1 -1 -1 -1000 -1000 -1000 -10 1
0 2 Car -1 -1 -1 322.59 195.49 454.83 284.88 -1 -1 -1 -1000 -1000 -1000 -10 1
0 1 Car -1 -1 -1 1.65 210.03 360.87 364.94 -1 -1 -1 -1000 -1000 -1000 -10 1
1 4 Car -1 -1 -1 386.79 172.90 505.42 237.47 -1 -1 -1 -1000 -1000 -1000 -10 1
1 3 Car -1 -1 -1 383.71 176.09 511.76 233.94 -1 -1 -1 -1000 -1000 -1000 -10 1
1 2 Car -1 -1 -1 304.08 197.77 442.50 286.13 -1 -1 -1 -1000 -1000 -1000 -10 1
1 1 Car -1 -1 -1 -4.97 208.34 341.34 368.75 -1 -1 -1 -1000 -1000 -1000 -10 1
2 4 Car -1 -1 -1 387.61 175.82 504.47 240.00 -1 -1 -1 -1000 -1000 -1000 -10 1
2 3 Car -1 -1 -1 379.59 176.21 509.83 236.42 -1 -1 -1 -1000 -1000 -1000 -10 1
2 2 Car -1 -1 -1 282.29 196.64 434.79 291.31 -1 -1 -1 -1000 -1000 -1000 -10 1
2 1 Car -1 -1 -1 -2.88 212.47 324.80 370.88 -1 -1 -1 -1000 -1000 -1000 -10 1
3 3 Car -1 -1 -1 377.07 174.55 511.03 239.76 -1 -1 -1 -1000 -1000 -1000 -10 1
3 2 Car -1 -1 -1 259.29 196.07 430.60 299.18 -1 -1 -1 -1000 -1000 -1000 -10 1
3 1 Car -1 -1 -1 -0.39 217.29 279.84 362.97 -1 -1 -1 -1000 -1000 -1000 -10 1
4 4 Car -1 -1 -1 385.81 170.27 505.45 241.56 -1 -1 -1 -1000 -1000 -1000 -10 1
4 3 Car -1 -1 -1 375.72 173.85 509.64 242.46 -1 -1 -1 -1000 -1000 -1000 -10 1
4 2 Car -1 -1 -1 231.91 196.47 427.82 313.67 -1 -1 -1 -1000 -1000 -1000 -10 1
4 1 Car -1 -1 -1 -7.76 224.51 254.88 368.27 -1 -1 -1 -1000 -1000 -1000 -10 1
5 4 Car -1 -1 -1 381.02 170.75 503.01 244.68 -1 -1 -1 -1000 -1000 -1000 -10 1
5 2 Car -1 -1 -1 206.53 196.13 420.43 323.69 -1 -1 -1 -1000 -1000 -1000 -10 1
5 1 Car -1 -1 -1 -6.94 230.06 215.63 360.61 -1 -1 -1 -1000 -1000 -1000 -10 1
6 4 Car -1 -1 -1 378.68 169.33 501.69 244.80 -1 -1 -1 -1000 -1000 -1000 -10 1
6 2 Car -1 -1 -1 178.40 192.47 412.39 332.00 -1 -1 -1 -1000 -1000 -1000 -10 1
6 1 Car -1 -1 -1 -19.65 241.69 151.39 357.85 -1 -1 -1 -1000 -1000 -1000 -10 1
7 4 Car -1 -1 -1 370.90 169.66 494.27 245.83 -1 -1 -1 -1000 -1000 -1000 -10 1
7 2 Car -1 -1 -1 144.91 191.87 401.18 343.29 -1 -1 -1 -1000 -1000 -1000 -10 1
8 4 Car -1 -1 -1 359.10 170.58 494.25 251.85 -1 -1 -1 -1000 -1000 -1000 -10 1
8 2 Car -1 -1 -1 109.49 195.84 384.32 351.70 -1 -1 -1 -1000 -1000 -1000 -10 1
9 2 Car -1 -1 -1 61.32 200.63 367.59 367.25 -1 -1 -1 -1000 -1000 -1000 -10 1
10 7 Car -1 -1 -1 337.86 158.95 479.86 256.92 -1 -1 -1 -1000 -1000 -1000 -10 1
10 2 Car -1 -1 -1 18.93 203.79 343.79 370.71 -1 -1 -1 -1000 -1000 -1000 -10 1
11 7 Car -1 -1 -1 330.37 160.43 474.89 263.82 -1 -1 -1 -1000 -1000 -1000 -10 1
11 2 Car -1 -1 -1 -7.05 200.76 336.09 375.89 -1 -1 -1 -1000 -1000 -1000 -10 1
12 8 Car -1 -1 -1 431.28 172.09 499.69 207.64 -1 -1 -1 -1000 -1000 -1000 -10 1
12 7 Car -1 -1 -1 318.94 159.74 471.56 268.00 -1 -1 -1 -1000 -1000 -1000 -10 1
12 2 Car -1 -1 -1 -19.95 198.35 324.99 376.75 -1 -1 -1 -1000 -1000 -1000 -10 1
13 8 Car -1 -1 -1 427.27 172.68 491.81 206.05 -1 -1 -1 -1000 -1000 -1000 -10 1
13 7 Car -1 -1 -1 305.70 161.67 460.21 272.80 -1 -1 -1 -1000 -1000 -1000 -10 1
13 2 Car -1 -1 -1 -29.34 199.16 303.65 375.54 -1 -1 -1 -1000 -1000 -1000 -10 1
14 8 Car -1 -1 -1 424.20 173.33 487.38 206.05 -1 -1 -1 -1000 -1000 -1000 -10 1
14 7 Car -1 -1 -1 293.73 165.60 453.18 282.76 -1 -1 -1 -1000 -1000 -1000 -10 1
14 2 Car -1 -1 -1 -34.72 202.15 283.19 378.91 -1 -1 -1 -1000 -1000 -1000 -10 1
15 8 Car -1 -1 -1 419.64 173.46 481.01 206.95 -1 -1 -1 -1000 -1000 -1000 -10 1
15 7 Car -1 -1 -1 277.85 165.27 443.99 289.49 -1 -1 -1 -1000 -1000 -1000 -10 1
15 2 Car -1 -1 -1 -38.75 203.49 259.05 379.59 -1 -1 -1 -1000 -1000 -1000 -10 1
16 8 Car -1 -1 -1 413.80 172.81 475.74 207.59 -1 -1 -1 -1000 -1000 -1000 -10 1
16 7 Car -1 -1 -1 260.23 169.51 437.06 303.28 -1 -1 -1 -1000 -1000 -1000 -10 1
16 2 Car -1 -1 -1 -44.04 210.45 224.10 382.73 -1 -1 -1 -1000 -1000 -1000 -10 1
17 8 Car -1 -1 -1 409.24 172.56 471.25 207.81 -1 -1 -1 -1000 -1000 -1000 -10 1
17 7 Car -1 -1 -1 242.33 171.06 427.10 315.13 -1 -1 -1 -1000 -1000 -1000 -10 1
17 2 Car -1 -1 -1 -44.82 212.05 189.68 381.60 -1 -1 -1 -1000 -1000 -1000 -10 1
18 8 Car -1 -1 -1 404.11 173.28 467.24 209.29 -1 -1 -1 -1000 -1000 -1000 -10 1
18 7 Car -1 -1 -1 221.70 167.46 416.08 325.18 -1 -1 -1 -1000 -1000 -1000 -10 1
19 8 Car -1 -1 -1 400.94 173.03 464.04 209.59 -1 -1 -1 -1000 -1000 -1000 -10 1
19 7 Car -1 -1 -1 198.17 166.42 405.80 335.34 -1 -1 -1 -1000 -1000 -1000 -10 1
20 8 Car -1 -1 -1 394.22 171.01 459.65 209.37 -1 -1 -1 -1000 -1000 -1000 -10 1
20 7 Car -1 -1 -1 149.33 163.60 386.22 354.70 -1 -1 -1 -1000 -1000 -1000 -10 1
21 12 Car -1 -1 -1 1109.47 154.21 1253.30 216.55 -1 -1 -1 -1000 -1000 -1000 -10 1
21 8 Car -1 -1 -1 388.95 170.66 457.21 209.90 -1 -1 -1 -1000 -1000 -1000 -10 1
21 7 Car -1 -1 -1 111.41 162.50 355.10 361.57 -1 -1 -1 -1000 -1000 -1000 -10 1
22 15 Car -1 -1 -1 275.73 173.34 407.84 240.97 -1 -1 -1 -1000 -1000 -1000 -10 1
22 14 Car -1 -1 -1 44.23 140.17 337.20 377.69 -1 -1 -1 -1000 -1000 -1000 -10 1
22 12 Car -1 -1 -1 1120.51 155.75 1258.44 217.56 -1 -1 -1 -1000 -1000 -1000 -10 1
22 8 Car -1 -1 -1 383.86 170.28 454.75 210.89 -1 -1 -1 -1000 -1000 -1000 -10 1
23 15 Car -1 -1 -1 272.88 175.10 398.88 242.63 -1 -1 -1 -1000 -1000 -1000 -10 1
23 14 Car -1 -1 -1 8.06 142.89 314.51 381.88 -1 -1 -1 -1000 -1000 -1000 -10 1
23 8 Car -1 -1 -1 376.87 173.04 452.51 215.22 -1 -1 -1 -1000 -1000 -1000 -10 1
24 15 Car -1 -1 -1 269.32 177.53 390.78 244.91 -1 -1 -1 -1000 -1000 -1000 -10 1
24 14 Car -1 -1 -1 -6.22 149.37 296.98 382.97 -1 -1 -1 -1000 -1000 -1000 -10 1
24 8 Car -1 -1 -1 367.36 173.65 447.01 217.51 -1 -1 -1 -1000 -1000 -1000 -10 1
25 15 Car -1 -1 -1 263.44 177.45 385.72 248.24 -1 -1 -1 -1000 -1000 -1000 -10 1
25 14 Car -1 -1 -1 -14.14 138.69 283.48 377.15 -1 -1 -1 -1000 -1000 -1000 -10 1
25 8 Car -1 -1 -1 362.41 178.55 445.81 222.98 -1 -1 -1 -1000 -1000 -1000 -10 1
26 15 Car -1 -1 -1 254.50 176.73 380.10 250.93 -1 -1 -1 -1000 -1000 -1000 -10 1
26 14 Car -1 -1 -1 -19.99 150.75 253.68 380.38 -1 -1 -1 -1000 -1000 -1000 -10 1
26 8 Car -1 -1 -1 358.13 176.76 442.22 221.86 -1 -1 -1 -1000 -1000 -1000 -10 1
27 15 Car -1 -1 -1 244.04 179.99 375.62 255.24 -1 -1 -1 -1000 -1000 -1000 -10 1
27 14 Car -1 -1 -1 -22.35 156.03 227.47 376.85 -1 -1 -1 -1000 -1000 -1000 -10 1
27 8 Car -1 -1 -1 355.33 176.11 439.13 222.16 -1 -1 -1 -1000 -1000 -1000 -10 1
28 15 Car -1 -1 -1 236.84 180.46 374.22 258.68 -1 -1 -1 -1000 -1000 -1000 -10 1
28 14 Car -1 -1 -1 -24.56 153.30 198.69 368.55 -1 -1 -1 -1000 -1000 -1000 -10 1
28 8 Car -1 -1 -1 350.89 179.02 436.98 225.13 -1 -1 -1 -1000 -1000 -1000 -10 1
29 15 Car -1 -1 -1 230.82 185.32 369.75 264.46 -1 -1 -1 -1000 -1000 -1000 -10 1
29 14 Car -1 -1 -1 -15.74 154.45 182.96 364.06 -1 -1 -1 -1000 -1000 -1000 -10 1
29 8 Car -1 -1 -1 348.57 185.03 433.26 231.72 -1 -1 -1 -1000 -1000 -1000 -10 1
30 15 Car -1 -1 -1 223.21 191.82 364.27 271.51 -1 -1 -1 -1000 -1000 -1000 -10 1
30 14 Car -1 -1 -1 -16.89 163.21 160.03 371.36 -1 -1 -1 -1000 -1000 -1000 -10 1
30 8 Car -1 -1 -1 343.80 192.65 430.59 240.98 -1 -1 -1 -1000 -1000 -1000 -10 1
31 15 Car -1 -1 -1 212.89 201.99 359.15 284.92 -1 -1 -1 -1000 -1000 -1000 -10 1
31 14 Car -1 -1 -1 -16.54 172.98 147.30 374.00 -1 -1 -1 -1000 -1000 -1000 -10 1
31 8 Car -1 -1 -1 339.44 199.89 427.88 250.90 -1 -1 -1 -1000 -1000 -1000 -10 1
32 15 Car -1 -1 -1 202.17 208.07 356.27 298.77 -1 -1 -1 -1000 -1000 -1000 -10 1
32 14 Car -1 -1 -1 -19.08 183.28 123.97 375.25 -1 -1 -1 -1000 -1000 -1000 -10 1
32 8 Car -1 -1 -1 335.45 208.32 425.02 260.80 -1 -1 -1 -1000 -1000 -1000 -10 1
33 15 Car -1 -1 -1 189.15 211.35 350.78 308.85 -1 -1 -1 -1000 -1000 -1000 -10 1
33 8 Car -1 -1 -1 329.64 214.37 422.00 268.88 -1 -1 -1 -1000 -1000 -1000 -10 1
34 15 Car -1 -1 -1 180.27 213.83 349.21 317.00 -1 -1 -1 -1000 -1000 -1000 -10 1
34 8 Car -1 -1 -1 326.38 219.71 423.14 274.04 -1 -1 -1 -1000 -1000 -1000 -10 1
35 15 Car -1 -1 -1 170.64 217.39 347.03 325.35 -1 -1 -1 -1000 -1000 -1000 -10 1
35 8 Car -1 -1 -1 320.80 222.43 421.38 277.14 -1 -1 -1 -1000 -1000 -1000 -10 1
36 15 Car -1 -1 -1 160.38 224.59 342.65 330.61 -1 -1 -1 -1000 -1000 -1000 -10 1
36 8 Car -1 -1 -1 315.03 223.76 415.11 279.68 -1 -1 -1 -1000 -1000 -1000 -10 1
37 15 Car -1 -1 -1 152.53 228.47 336.17 333.77 -1 -1 -1 -1000 -1000 -1000 -10 1
37 8 Car -1 -1 -1 313.74 225.02 412.81 282.22 -1 -1 -1 -1000 -1000 -1000 -10 1
38 15 Car -1 -1 -1 147.50 226.45 332.55 333.24 -1 -1 -1 -1000 -1000 -1000 -10 1
38 8 Car -1 -1 -1 314.83 224.65 417.12 281.17 -1 -1 -1 -1000 -1000 -1000 -10 1
39 15 Car -1 -1 -1 136.96 215.97 333.44 331.11 -1 -1 -1 -1000 -1000 -1000 -10 1
39 8 Car -1 -1 -1 311.83 220.87 416.11 279.02 -1 -1 -1 -1000 -1000 -1000 -10 1
40 15 Car -1 -1 -1 125.73 208.19 332.78 329.08 -1 -1 -1 -1000 -1000 -1000 -10 1
40 8 Car -1 -1 -1 311.39 214.31 419.83 270.05 -1 -1 -1 -1000 -1000 -1000 -10 1
41 15 Car -1 -1 -1 117.94 202.18 331.55 326.99 -1 -1 -1 -1000 -1000 -1000 -10 1
41 8 Car -1 -1 -1 318.24 208.20 426.59 266.65 -1 -1 -1 -1000 -1000 -1000 -10 1
42 15 Car -1 -1 -1 114.01 199.35 333.93 326.99 -1 -1 -1 -1000 -1000 -1000 -10 1
42 8 Car -1 -1 -1 318.99 205.45 431.59 263.59 -1 -1 -1 -1000 -1000 -1000 -10 1
43 15 Car -1 -1 -1 108.58 198.10 336.23 328.80 -1 -1 -1 -1000 -1000 -1000 -10 1
43 8 Car -1 -1 -1 318.93 204.37 434.94 262.03 -1 -1 -1 -1000 -1000 -1000 -10 1
44 15 Car -1 -1 -1 103.77 197.45 338.13 330.83 -1 -1 -1 -1000 -1000 -1000 -10 1
44 8 Car -1 -1 -1 318.52 204.96 437.73 262.06 -1 -1 -1 -1000 -1000 -1000 -10 1
45 15 Car -1 -1 -1 98.28 198.16 339.50 334.22 -1 -1 -1 -1000 -1000 -1000 -10 1
45 8 Car -1 -1 -1 318.37 204.90 441.41 262.33 -1 -1 -1 -1000 -1000 -1000 -10 1
46 15 Car -1 -1 -1 93.07 198.41 340.96 337.00 -1 -1 -1 -1000 -1000 -1000 -10 1
46 8 Car -1 -1 -1 324.25 204.40 448.31 261.73 -1 -1 -1 -1000 -1000 -1000 -10 1
47 15 Car -1 -1 -1 85.98 199.40 342.28 341.55 -1 -1 -1 -1000 -1000 -1000 -10 1
47 8 Car -1 -1 -1 329.35 204.32 454.93 261.72 -1 -1 -1 -1000 -1000 -1000 -10 1
48 15 Car -1 -1 -1 79.57 200.56 344.21 345.18 -1 -1 -1 -1000 -1000 -1000 -10 1
48 8 Car -1 -1 -1 332.93 203.58 460.90 261.84 -1 -1 -1 -1000 -1000 -1000 -10 1
49 15 Car -1 -1 -1 68.05 204.58 343.98 348.53 -1 -1 -1 -1000 -1000 -1000 -10 1
49 8 Car -1 -1 -1 335.96 203.50 467.25 262.18 -1 -1 -1 -1000 -1000 -1000 -10 1
50 15 Car -1 -1 -1 59.72 205.23 346.70 352.58 -1 -1 -1 -1000 -1000 -1000 -10 1
50 8 Car -1 -1 -1 341.49 202.41 472.29 264.00 -1 -1 -1 -1000 -1000 -1000 -10 1
51 15 Car -1 -1 -1 48.49 206.47 351.42 359.93 -1 -1 -1 -1000 -1000 -1000 -10 1
51 8 Car -1 -1 -1 342.97 202.49 473.79 265.90 -1 -1 -1 -1000 -1000 -1000 -10 1
52 15 Car -1 -1 -1 36.98 207.53 354.81 366.66 -1 -1 -1 -1000 -1000 -1000 -10 1
52 8 Car -1 -1 -1 354.35 204.82 486.71 267.86 -1 -1 -1 -1000 -1000 -1000 -10 1
53 15 Car -1 -1 -1 20.35 205.67 360.23 369.35 -1 -1 -1 -1000 -1000 -1000 -10 1
53 8 Car -1 -1 -1 359.75 206.80 494.05 270.20 -1 -1 -1 -1000 -1000 -1000 -10 1
54 15 Car -1 -1 -1 9.11 205.96 364.36 371.54 -1 -1 -1 -1000 -1000 -1000 -10 1
54 8 Car -1 -1 -1 365.96 207.07 502.44 271.24 -1 -1 -1 -1000 -1000 -1000 -10 1
55 15 Car -1 -1 -1 0.49 204.71 368.68 371.50 -1 -1 -1 -1000 -1000 -1000 -10 1
55 8 Car -1 -1 -1 370.86 207.90 510.28 273.27 -1 -1 -1 -1000 -1000 -1000 -10 1
56 15 Car -1 -1 -1 -2.79 203.43 369.08 370.57 -1 -1 -1 -1000 -1000 -1000 -10 1
56 8 Car -1 -1 -1 376.14 208.73 518.86 275.97 -1 -1 -1 -1000 -1000 -1000 -10 1
57 15 Car -1 -1 -1 -5.23 203.64 371.88 371.58 -1 -1 -1 -1000 -1000 -1000 -10 1
57 8 Car -1 -1 -1 379.95 206.52 526.25 278.41 -1 -1 -1 -1000 -1000 -1000 -10 1
58 15 Car -1 -1 -1 -6.99 205.92 374.44 372.44 -1 -1 -1 -1000 -1000 -1000 -10 1
58 8 Car -1 -1 -1 383.65 207.51 532.40 283.13 -1 -1 -1 -1000 -1000 -1000 -10 1
59 15 Car -1 -1 -1 -8.56 207.29 374.76 371.58 -1 -1 -1 -1000 -1000 -1000 -10 1
59 8 Car -1 -1 -1 393.19 208.80 544.10 285.72 -1 -1 -1 -1000 -1000 -1000 -10 1
60 15 Car -1 -1 -1 -10.48 209.37 369.00 372.12 -1 -1 -1 -1000 -1000 -1000 -10 1
60 8 Car -1 -1 -1 398.14 209.13 552.07 287.28 -1 -1 -1 -1000 -1000 -1000 -10 1
61 15 Car -1 -1 -1 -8.93 209.33 361.33 371.37 -1 -1 -1 -1000 -1000 -1000 -10 1
61 8 Car -1 -1 -1 404.74 211.23 560.94 290.59 -1 -1 -1 -1000 -1000 -1000 -10 1
62 15 Car -1 -1 -1 -9.85 212.72 354.28 375.01 -1 -1 -1 -1000 -1000 -1000 -10 1
62 8 Car -1 -1 -1 409.79 212.03 568.77 292.94 -1 -1 -1 -1000 -1000 -1000 -10 1
63 15 Car -1 -1 -1 -12.68 215.13 346.01 377.88 -1 -1 -1 -1000 -1000 -1000 -10 1
63 8 Car -1 -1 -1 411.93 208.79 576.77 294.57 -1 -1 -1 -1000 -1000 -1000 -10 1
64 15 Car -1 -1 -1 -15.24 211.55 339.03 376.22 -1 -1 -1 -1000 -1000 -1000 -10 1
64 8 Car -1 -1 -1 413.56 205.89 584.25 295.92 -1 -1 -1 -1000 -1000 -1000 -10 1
65 15 Car -1 -1 -1 -23.15 210.92 314.66 374.39 -1 -1 -1 -1000 -1000 -1000 -10 1
65 8 Car -1 -1 -1 414.57 201.13 592.76 295.71 -1 -1 -1 -1000 -1000 -1000 -10 1
66 22 Car -1 -1 -1 690.00 179.65 744.50 217.47 -1 -1 -1 -1000 -1000 -1000 -10 1
66 15 Car -1 -1 -1 -20.71 208.28 290.07 371.77 -1 -1 -1 -1000 -1000 -1000 -10 1
66 8 Car -1 -1 -1 416.02 197.34 599.83 295.86 -1 -1 -1 -1000 -1000 -1000 -10 1
67 22 Car -1 -1 -1 698.85 176.12 749.28 210.31 -1 -1 -1 -1000 -1000 -1000 -10 1
67 15 Car -1 -1 -1 -27.90 208.96 258.75 372.26 -1 -1 -1 -1000 -1000 -1000 -10 1
67 8 Car -1 -1 -1 417.79 195.21 604.59 293.69 -1 -1 -1 -1000 -1000 -1000 -10 1
68 22 Car -1 -1 -1 705.00 173.36 754.22 206.30 -1 -1 -1 -1000 -1000 -1000 -10 1
68 15 Car -1 -1 -1 -39.53 212.84 208.71 375.52 -1 -1 -1 -1000 -1000 -1000 -10 1
68 8 Car -1 -1 -1 412.29 191.93 608.14 293.99 -1 -1 -1 -1000 -1000 -1000 -10 1
69 22 Car -1 -1 -1 714.74 171.36 763.17 203.47 -1 -1 -1 -1000 -1000 -1000 -10 1
69 8 Car -1 -1 -1 407.81 189.72 611.65 294.89 -1 -1 -1 -1000 -1000 -1000 -10 1
70 22 Car -1 -1 -1 720.41 166.55 769.78 199.75 -1 -1 -1 -1000 -1000 -1000 -10 1
70 8 Car -1 -1 -1 402.42 189.03 615.40 297.62 -1 -1 -1 -1000 -1000 -1000 -10 1
71 22 Car -1 -1 -1 725.02 163.74 775.47 197.70 -1 -1 -1 -1000 -1000 -1000 -10 1
71 8 Car -1 -1 -1 396.79 189.46 618.80 303.38 -1 -1 -1 -1000 -1000 -1000 -10 1
72 22 Car -1 -1 -1 727.40 161.02 780.48 196.54 -1 -1 -1 -1000 -1000 -1000 -10 1
72 8 Car -1 -1 -1 389.91 190.35 621.54 310.70 -1 -1 -1 -1000 -1000 -1000 -10 1
73 22 Car -1 -1 -1 726.86 158.32 783.25 196.49 -1 -1 -1 -1000 -1000 -1000 -10 1
73 8 Car -1 -1 -1 378.68 191.52 623.17 319.26 -1 -1 -1 -1000 -1000 -1000 -10 1
74 22 Car -1 -1 -1 727.26 160.53 786.80 199.79 -1 -1 -1 -1000 -1000 -1000 -10 1
74 8 Car -1 -1 -1 360.80 193.19 621.66 329.12 -1 -1 -1 -1000 -1000 -1000 -10 1
75 22 Car -1 -1 -1 730.99 162.90 788.77 202.00 -1 -1 -1 -1000 -1000 -1000 -10 1
75 8 Car -1 -1 -1 341.75 199.42 608.42 337.41 -1 -1 -1 -1000 -1000 -1000 -10 1
76 22 Car -1 -1 -1 729.97 164.21 786.01 203.12 -1 -1 -1 -1000 -1000 -1000 -10 1
76 8 Car -1 -1 -1 318.85 201.53 604.05 351.59 -1 -1 -1 -1000 -1000 -1000 -10 1
77 22 Car -1 -1 -1 726.64 166.18 782.67 205.39 -1 -1 -1 -1000 -1000 -1000 -10 1
77 8 Car -1 -1 -1 283.06 201.97 587.66 361.59 -1 -1 -1 -1000 -1000 -1000 -10 1
78 22 Car -1 -1 -1 726.80 167.79 781.75 205.88 -1 -1 -1 -1000 -1000 -1000 -10 1
78 8 Car -1 -1 -1 240.80 200.66 570.06 367.20 -1 -1 -1 -1000 -1000 -1000 -10 1
79 22 Car -1 -1 -1 724.15 167.68 778.48 205.79 -1 -1 -1 -1000 -1000 -1000 -10 1
79 8 Car -1 -1 -1 192.24 201.45 553.83 371.63 -1 -1 -1 -1000 -1000 -1000 -10 1
80 22 Car -1 -1 -1 719.01 167.49 774.70 206.23 -1 -1 -1 -1000 -1000 -1000 -10 1
80 8 Car -1 -1 -1 136.88 200.73 542.43 372.08 -1 -1 -1 -1000 -1000 -1000 -10 1
81 22 Car -1 -1 -1 712.11 169.78 768.36 208.44 -1 -1 -1 -1000 -1000 -1000 -10 1
81 8 Car -1 -1 -1 106.20 199.31 539.16 372.73 -1 -1 -1 -1000 -1000 -1000 -10 1
82 22 Car -1 -1 -1 709.27 173.12 764.82 211.49 -1 -1 -1 -1000 -1000 -1000 -10 1
82 8 Car -1 -1 -1 79.99 201.00 530.36 374.66 -1 -1 -1 -1000 -1000 -1000 -10 1
83 22 Car -1 -1 -1 704.02 177.19 760.26 216.14 -1 -1 -1 -1000 -1000 -1000 -10 1
83 8 Car -1 -1 -1 87.25 201.09 534.73 373.96 -1 -1 -1 -1000 -1000 -1000 -10 1
84 22 Car -1 -1 -1 697.38 180.38 753.31 219.26 -1 -1 -1 -1000 -1000 -1000 -10 1
84 8 Car -1 -1 -1 29.62 208.82 502.31 376.04 -1 -1 -1 -1000 -1000 -1000 -10 1
85 22 Car -1 -1 -1 687.59 182.20 745.22 223.01 -1 -1 -1 -1000 -1000 -1000 -10 1
85 8 Car -1 -1 -1 0.71 209.26 478.56 376.51 -1 -1 -1 -1000 -1000 -1000 -10 1
86 22 Car -1 -1 -1 678.10 182.89 735.44 224.71 -1 -1 -1 -1000 -1000 -1000 -10 1
86 8 Car -1 -1 -1 -24.56 219.96 448.98 381.00 -1 -1 -1 -1000 -1000 -1000 -10 1
87 22 Car -1 -1 -1 664.98 184.81 723.92 227.92 -1 -1 -1 -1000 -1000 -1000 -10 1
88 22 Car -1 -1 -1 652.55 184.32 711.00 227.48 -1 -1 -1 -1000 -1000 -1000 -10 1
89 22 Car -1 -1 -1 636.63 184.93 696.81 229.61 -1 -1 -1 -1000 -1000 -1000 -10 1
90 22 Car -1 -1 -1 620.43 185.02 682.38 230.99 -1 -1 -1 -1000 -1000 -1000 -10 1
91 22 Car -1 -1 -1 605.24 183.60 667.74 229.88 -1 -1 -1 -1000 -1000 -1000 -10 1
92 22 Car -1 -1 -1 589.15 185.96 653.09 232.95 -1 -1 -1 -1000 -1000 -1000 -10 1
93 22 Car -1 -1 -1 572.90 186.94 639.04 235.09 -1 -1 -1 -1000 -1000 -1000 -10 1
94 22 Car -1 -1 -1 558.70 186.88 626.57 236.63 -1 -1 -1 -1000 -1000 -1000 -10 1
95 22 Car -1 -1 -1 544.26 186.91 611.85 236.83 -1 -1 -1 -1000 -1000 -1000 -10 1
96 22 Car -1 -1 -1 530.74 185.37 600.05 235.52 -1 -1 -1 -1000 -1000 -1000 -10 1
97 22 Car -1 -1 -1 519.44 180.76 590.20 231.83 -1 -1 -1 -1000 -1000 -1000 -10 1
98 22 Car -1 -1 -1 513.21 175.14 583.28 226.04 -1 -1 -1 -1000 -1000 -1000 -10 1
99 22 Car -1 -1 -1 500.21 162.37 573.52 214.73 -1 -1 -1 -1000 -1000 -1000 -10 1
100 22 Car -1 -1 -1 492.25 155.04 566.71 207.88 -1 -1 -1 -1000 -1000 -1000 -10 1
101 22 Car -1 -1 -1 488.93 156.74 562.76 209.43 -1 -1 -1 -1000 -1000 -1000 -10 1
102 22 Car -1 -1 -1 482.00 165.98 560.93 218.53 -1 -1 -1 -1000 -1000 -1000 -10 1
103 22 Car -1 -1 -1 473.73 175.08 554.33 229.59 -1 -1 -1 -1000 -1000 -1000 -10 1
104 22 Car -1 -1 -1 467.55 183.10 550.20 240.77 -1 -1 -1 -1000 -1000 -1000 -10 1
105 22 Car -1 -1 -1 460.02 186.66 545.14 247.60 -1 -1 -1 -1000 -1000 -1000 -10 1
106 22 Car -1 -1 -1 453.77 184.30 541.39 246.72 -1 -1 -1 -1000 -1000 -1000 -10 1
107 22 Car -1 -1 -1 445.43 178.16 537.65 241.09 -1 -1 -1 -1000 -1000 -1000 -10 1
108 22 Car -1 -1 -1 437.71 175.93 534.71 238.73 -1 -1 -1 -1000 -1000 -1000 -10 1
109 22 Car -1 -1 -1 429.78 178.04 529.26 243.14 -1 -1 -1 -1000 -1000 -1000 -10 1
110 22 Car -1 -1 -1 420.91 184.78 526.49 252.35 -1 -1 -1 -1000 -1000 -1000 -10 1
111 22 Car -1 -1 -1 411.29 191.66 521.21 261.82 -1 -1 -1 -1000 -1000 -1000 -10 1
112 22 Car -1 -1 -1 402.73 194.03 516.94 266.39 -1 -1 -1 -1000 -1000 -1000 -10 1
113 22 Car -1 -1 -1 392.86 194.06 511.87 267.22 -1 -1 -1 -1000 -1000 -1000 -10 1
114 22 Car -1 -1 -1 383.09 193.46 506.80 269.75 -1 -1 -1 -1000 -1000 -1000 -10 1
115 22 Car -1 -1 -1 371.32 193.77 499.06 274.28 -1 -1 -1 -1000 -1000 -1000 -10 1
116 22 Car -1 -1 -1 357.59 194.61 494.08 280.39 -1 -1 -1 -1000 -1000 -1000 -10 1
117 22 Car -1 -1 -1 342.98 196.64 487.78 288.44 -1 -1 -1 -1000 -1000 -1000 -10 1
118 22 Car -1 -1 -1 324.99 198.22 481.29 297.58 -1 -1 -1 -1000 -1000 -1000 -10 1
119 22 Car -1 -1 -1 303.60 201.04 473.59 308.51 -1 -1 -1 -1000 -1000 -1000 -10 1
120 22 Car -1 -1 -1 284.72 202.25 469.21 318.77 -1 -1 -1 -1000 -1000 -1000 -10 1
121 22 Car -1 -1 -1 261.04 205.36 461.67 331.07 -1 -1 -1 -1000 -1000 -1000 -10 1
122 22 Car -1 -1 -1 230.46 206.49 446.05 340.63 -1 -1 -1 -1000 -1000 -1000 -10 1
123 22 Car -1 -1 -1 203.93 203.58 437.10 350.52 -1 -1 -1 -1000 -1000 -1000 -10 1
124 22 Car -1 -1 -1 167.38 200.39 422.43 358.53 -1 -1 -1 -1000 -1000 -1000 -10 1
125 22 Car -1 -1 -1 125.25 202.73 405.60 367.38 -1 -1 -1 -1000 -1000 -1000 -10 1
126 22 Car -1 -1 -1 67.48 204.00 384.21 371.67 -1 -1 -1 -1000 -1000 -1000 -10 1
127 22 Car -1 -1 -1 29.36 203.40 372.03 373.12 -1 -1 -1 -1000 -1000 -1000 -10 1
128 22 Car -1 -1 -1 4.51 205.30 366.56 372.84 -1 -1 -1 -1000 -1000 -1000 -10 1
129 22 Car -1 -1 -1 -8.75 205.53 357.30 374.17 -1 -1 -1 -1000 -1000 -1000 -10 1
130 22 Car -1 -1 -1 -19.23 208.21 341.87 376.58 -1 -1 -1 -1000 -1000 -1000 -10 1
131 22 Car -1 -1 -1 -22.41 214.99 317.37 378.65 -1 -1 -1 -1000 -1000 -1000 -10 1
132 22 Car -1 -1 -1 -31.15 218.43 285.11 381.20 -1 -1 -1 -1000 -1000 -1000 -10 1
133 22 Car -1 -1 -1 -38.43 226.80 245.34 384.36 -1 -1 -1 -1000 -1000 -1000 -10 1
155 29 Car -1 -1 -1 542.57 178.45 572.84 203.44 -1 -1 -1 -1000 -1000 -1000 -10 1
156 29 Car -1 -1 -1 541.47 178.85 572.24 203.94 -1 -1 -1 -1000 -1000 -1000 -10 1
157 29 Car -1 -1 -1 539.37 178.36 570.62 203.64 -1 -1 -1 -1000 -1000 -1000 -10 1
158 29 Car -1 -1 -1 537.74 179.11 569.49 204.04 -1 -1 -1 -1000 -1000 -1000 -10 1
159 29 Car -1 -1 -1 535.81 178.42 568.39 203.05 -1 -1 -1 -1000 -1000 -1000 -10 1
160 29 Car -1 -1 -1 534.81 178.42 567.10 202.23 -1 -1 -1 -1000 -1000 -1000 -10 1
177 33 Car -1 -1 -1 511.28 181.27 554.01 213.94 -1 -1 -1 -1000 -1000 -1000 -10 1
178 33 Car -1 -1 -1 506.35 180.74 551.88 214.90 -1 -1 -1 -1000 -1000 -1000 -10 1
179 33 Car -1 -1 -1 503.42 180.96 551.42 216.24 -1 -1 -1 -1000 -1000 -1000 -10 1
180 33 Car -1 -1 -1 499.85 179.44 549.69 215.22 -1 -1 -1 -1000 -1000 -1000 -10 1
181 33 Car -1 -1 -1 496.85 181.14 547.13 217.62 -1 -1 -1 -1000 -1000 -1000 -10 1
182 33 Car -1 -1 -1 494.37 185.83 545.81 222.46 -1 -1 -1 -1000 -1000 -1000 -10 1
183 33 Car -1 -1 -1 488.46 189.22 543.51 228.67 -1 -1 -1 -1000 -1000 -1000 -10 1
184 33 Car -1 -1 -1 483.16 190.38 541.28 232.42 -1 -1 -1 -1000 -1000 -1000 -10 1
185 33 Car -1 -1 -1 479.23 189.61 540.54 234.57 -1 -1 -1 -1000 -1000 -1000 -10 1
186 33 Car -1 -1 -1 478.95 192.03 541.95 238.09 -1 -1 -1 -1000 -1000 -1000 -10 1
187 33 Car -1 -1 -1 471.99 190.58 538.61 239.62 -1 -1 -1 -1000 -1000 -1000 -10 1
188 36 Car -1 -1 -1 548.96 181.72 582.19 208.12 -1 -1 -1 -1000 -1000 -1000 -10 1
188 33 Car -1 -1 -1 464.49 186.96 534.27 238.64 -1 -1 -1 -1000 -1000 -1000 -10 1
189 36 Car -1 -1 -1 547.69 180.05 581.55 206.39 -1 -1 -1 -1000 -1000 -1000 -10 1
189 33 Car -1 -1 -1 455.71 185.39 529.27 238.61 -1 -1 -1 -1000 -1000 -1000 -10 1
190 36 Car -1 -1 -1 546.28 179.79 581.26 207.12 -1 -1 -1 -1000 -1000 -1000 -10 1
190 33 Car -1 -1 -1 449.57 186.07 526.55 240.58 -1 -1 -1 -1000 -1000 -1000 -10 1
191 36 Car -1 -1 -1 545.64 180.83 582.12 209.71 -1 -1 -1 -1000 -1000 -1000 -10 1
191 33 Car -1 -1 -1 444.46 188.19 523.43 244.27 -1 -1 -1 -1000 -1000 -1000 -10 1
192 36 Car -1 -1 -1 542.44 182.46 581.85 213.18 -1 -1 -1 -1000 -1000 -1000 -10 1
192 33 Car -1 -1 -1 434.80 191.25 522.15 249.29 -1 -1 -1 -1000 -1000 -1000 -10 1
193 36 Car -1 -1 -1 540.39 182.75 581.67 214.15 -1 -1 -1 -1000 -1000 -1000 -10 1
193 33 Car -1 -1 -1 425.92 191.39 519.98 252.09 -1 -1 -1 -1000 -1000 -1000 -10 1
194 36 Car -1 -1 -1 539.11 182.26 581.75 214.49 -1 -1 -1 -1000 -1000 -1000 -10 1
194 33 Car -1 -1 -1 416.92 188.91 513.31 253.93 -1 -1 -1 -1000 -1000 -1000 -10 1
195 36 Car -1 -1 -1 535.79 179.84 580.27 211.56 -1 -1 -1 -1000 -1000 -1000 -10 1
195 33 Car -1 -1 -1 410.59 187.13 510.98 256.18 -1 -1 -1 -1000 -1000 -1000 -10 1
196 36 Car -1 -1 -1 534.42 181.90 580.18 214.83 -1 -1 -1 -1000 -1000 -1000 -10 1
196 33 Car -1 -1 -1 394.42 191.05 505.91 263.59 -1 -1 -1 -1000 -1000 -1000 -10 1
197 36 Car -1 -1 -1 531.39 181.01 579.69 215.35 -1 -1 -1 -1000 -1000 -1000 -10 1
197 33 Car -1 -1 -1 370.04 192.90 493.45 271.53 -1 -1 -1 -1000 -1000 -1000 -10 1
198 36 Car -1 -1 -1 527.25 181.43 578.46 217.33 -1 -1 -1 -1000 -1000 -1000 -10 1
198 33 Car -1 -1 -1 349.21 193.44 484.61 280.75 -1 -1 -1 -1000 -1000 -1000 -10 1
199 36 Car -1 -1 -1 524.94 181.80 578.09 218.76 -1 -1 -1 -1000 -1000 -1000 -10 1
199 33 Car -1 -1 -1 325.20 196.00 477.44 290.72 -1 -1 -1 -1000 -1000 -1000 -10 1
200 36 Car -1 -1 -1 523.11 182.58 578.41 221.52 -1 -1 -1 -1000 -1000 -1000 -10 1
200 33 Car -1 -1 -1 298.82 194.88 470.04 302.70 -1 -1 -1 -1000 -1000 -1000 -10 1
201 36 Car -1 -1 -1 520.86 182.24 579.35 223.21 -1 -1 -1 -1000 -1000 -1000 -10 1
201 33 Car -1 -1 -1 266.07 194.70 461.47 315.96 -1 -1 -1 -1000 -1000 -1000 -10 1
202 36 Car -1 -1 -1 518.34 181.77 577.94 224.00 -1 -1 -1 -1000 -1000 -1000 -10 1
202 33 Car -1 -1 -1 228.89 199.83 447.07 328.74 -1 -1 -1 -1000 -1000 -1000 -10 1
203 36 Car -1 -1 -1 513.06 180.03 575.45 222.77 -1 -1 -1 -1000 -1000 -1000 -10 1
203 33 Car -1 -1 -1 183.35 200.62 423.45 342.80 -1 -1 -1 -1000 -1000 -1000 -10 1
204 36 Car -1 -1 -1 512.88 179.05 573.64 222.48 -1 -1 -1 -1000 -1000 -1000 -10 1
204 33 Car -1 -1 -1 117.59 194.19 399.72 353.03 -1 -1 -1 -1000 -1000 -1000 -10 1
205 36 Car -1 -1 -1 515.54 177.45 574.19 220.14 -1 -1 -1 -1000 -1000 -1000 -10 1
205 33 Car -1 -1 -1 51.93 187.40 383.98 359.03 -1 -1 -1 -1000 -1000 -1000 -10 1
206 36 Car -1 -1 -1 508.83 179.92 567.51 223.61 -1 -1 -1 -1000 -1000 -1000 -10 1
206 33 Car -1 -1 -1 20.34 193.51 371.64 369.30 -1 -1 -1 -1000 -1000 -1000 -10 1
207 36 Car -1 -1 -1 496.86 182.98 560.24 230.13 -1 -1 -1 -1000 -1000 -1000 -10 1
207 33 Car -1 -1 -1 0.25 201.84 363.25 373.58 -1 -1 -1 -1000 -1000 -1000 -10 1
208 36 Car -1 -1 -1 489.02 184.63 555.72 234.64 -1 -1 -1 -1000 -1000 -1000 -10 1
208 33 Car -1 -1 -1 -12.54 204.28 351.09 376.60 -1 -1 -1 -1000 -1000 -1000 -10 1
209 36 Car -1 -1 -1 483.34 186.88 553.61 239.49 -1 -1 -1 -1000 -1000 -1000 -10 1
209 33 Car -1 -1 -1 -26.51 210.37 320.13 380.62 -1 -1 -1 -1000 -1000 -1000 -10 1
210 36 Car -1 -1 -1 476.16 186.38 550.57 242.29 -1 -1 -1 -1000 -1000 -1000 -10 1
210 33 Car -1 -1 -1 -38.65 219.65 276.32 385.19 -1 -1 -1 -1000 -1000 -1000 -10 1
211 39 Car -1 -1 -1 519.18 180.18 570.23 220.25 -1 -1 -1 -1000 -1000 -1000 -10 1
211 36 Car -1 -1 -1 466.98 184.84 547.97 246.19 -1 -1 -1 -1000 -1000 -1000 -10 1
211 33 Car -1 -1 -1 -50.53 221.25 219.88 384.26 -1 -1 -1 -1000 -1000 -1000 -10 1
212 39 Car -1 -1 -1 514.46 178.56 567.41 219.34 -1 -1 -1 -1000 -1000 -1000 -10 1
212 36 Car -1 -1 -1 456.65 185.30 543.71 251.65 -1 -1 -1 -1000 -1000 -1000 -10 1
213 39 Car -1 -1 -1 510.12 180.37 565.80 222.40 -1 -1 -1 -1000 -1000 -1000 -10 1
213 36 Car -1 -1 -1 442.58 187.39 539.03 257.68 -1 -1 -1 -1000 -1000 -1000 -10 1
214 39 Car -1 -1 -1 501.26 181.88 562.31 227.82 -1 -1 -1 -1000 -1000 -1000 -10 1
214 36 Car -1 -1 -1 431.80 189.34 533.52 264.25 -1 -1 -1 -1000 -1000 -1000 -10 1
215 39 Car -1 -1 -1 484.35 182.01 560.06 232.80 -1 -1 -1 -1000 -1000 -1000 -10 1
215 36 Car -1 -1 -1 416.93 190.76 526.53 270.75 -1 -1 -1 -1000 -1000 -1000 -10 1
216 39 Car -1 -1 -1 478.17 181.86 557.43 235.06 -1 -1 -1 -1000 -1000 -1000 -10 1
216 36 Car -1 -1 -1 401.69 190.38 519.79 277.68 -1 -1 -1 -1000 -1000 -1000 -10 1
217 39 Car -1 -1 -1 470.89 180.26 553.48 235.10 -1 -1 -1 -1000 -1000 -1000 -10 1
217 36 Car -1 -1 -1 379.48 189.84 508.80 285.64 -1 -1 -1 -1000 -1000 -1000 -10 1
218 39 Car -1 -1 -1 466.99 179.41 548.92 236.55 -1 -1 -1 -1000 -1000 -1000 -10 1
218 36 Car -1 -1 -1 356.89 190.63 500.74 294.25 -1 -1 -1 -1000 -1000 -1000 -10 1
219 39 Car -1 -1 -1 454.90 178.89 540.62 238.34 -1 -1 -1 -1000 -1000 -1000 -10 1
219 36 Car -1 -1 -1 329.47 192.21 489.41 306.95 -1 -1 -1 -1000 -1000 -1000 -10 1
220 39 Car -1 -1 -1 448.31 180.30 538.94 243.58 -1 -1 -1 -1000 -1000 -1000 -10 1
220 36 Car -1 -1 -1 293.73 197.93 476.24 327.61 -1 -1 -1 -1000 -1000 -1000 -10 1
221 39 Car -1 -1 -1 444.21 183.46 538.36 251.38 -1 -1 -1 -1000 -1000 -1000 -10 1
221 36 Car -1 -1 -1 252.21 204.89 460.48 351.94 -1 -1 -1 -1000 -1000 -1000 -10 1
222 39 Car -1 -1 -1 434.02 186.43 534.85 259.32 -1 -1 -1 -1000 -1000 -1000 -10 1
222 36 Car -1 -1 -1 195.04 205.11 439.66 365.06 -1 -1 -1 -1000 -1000 -1000 -10 1
223 39 Car -1 -1 -1 417.43 189.88 529.34 269.46 -1 -1 -1 -1000 -1000 -1000 -10 1
223 36 Car -1 -1 -1 108.51 205.27 412.60 372.03 -1 -1 -1 -1000 -1000 -1000 -10 1
224 39 Car -1 -1 -1 404.98 186.79 524.36 271.58 -1 -1 -1 -1000 -1000 -1000 -10 1
224 36 Car -1 -1 -1 39.68 204.17 393.20 374.04 -1 -1 -1 -1000 -1000 -1000 -10 1
225 39 Car -1 -1 -1 394.61 183.54 517.65 275.45 -1 -1 -1 -1000 -1000 -1000 -10 1
225 36 Car -1 -1 -1 8.31 202.75 379.23 374.27 -1 -1 -1 -1000 -1000 -1000 -10 1
226 39 Car -1 -1 -1 378.11 184.88 510.00 284.74 -1 -1 -1 -1000 -1000 -1000 -10 1
226 36 Car -1 -1 -1 -16.51 203.96 353.00 376.57 -1 -1 -1 -1000 -1000 -1000 -10 1
227 39 Car -1 -1 -1 357.51 190.11 500.34 297.99 -1 -1 -1 -1000 -1000 -1000 -10 1
227 36 Car -1 -1 -1 -21.76 212.73 324.04 373.94 -1 -1 -1 -1000 -1000 -1000 -10 1
228 39 Car -1 -1 -1 334.93 192.71 489.31 312.95 -1 -1 -1 -1000 -1000 -1000 -10 1
229 39 Car -1 -1 -1 307.58 195.10 477.31 328.51 -1 -1 -1 -1000 -1000 -1000 -10 1
230 39 Car -1 -1 -1 273.03 198.95 465.17 350.75 -1 -1 -1 -1000 -1000 -1000 -10 1
231 39 Car -1 -1 -1 229.26 199.80 451.06 364.50 -1 -1 -1 -1000 -1000 -1000 -10 1
232 39 Car -1 -1 -1 168.32 197.54 424.95 372.38 -1 -1 -1 -1000 -1000 -1000 -10 1
233 39 Car -1 -1 -1 96.75 195.46 401.28 375.00 -1 -1 -1 -1000 -1000 -1000 -10 1
234 39 Car -1 -1 -1 34.35 197.11 372.55 375.24 -1 -1 -1 -1000 -1000 -1000 -10 1
235 39 Car -1 -1 -1 1.13 198.55 343.72 378.63 -1 -1 -1 -1000 -1000 -1000 -10 1
236 39 Car -1 -1 -1 -19.97 201.16 296.16 378.04 -1 -1 -1 -1000 -1000 -1000 -10 1
248 41 Car -1 -1 -1 567.45 180.22 592.36 200.98 -1 -1 -1 -1000 -1000 -1000 -10 1
249 41 Car -1 -1 -1 567.43 179.86 594.15 201.77 -1 -1 -1 -1000 -1000 -1000 -10 1
250 41 Car -1 -1 -1 566.71 180.18 594.63 202.38 -1 -1 -1 -1000 -1000 -1000 -10 1
251 41 Car -1 -1 -1 564.18 180.94 593.00 203.47 -1 -1 -1 -1000 -1000 -1000 -10 1
252 41 Car -1 -1 -1 562.68 179.85 592.07 202.12 -1 -1 -1 -1000 -1000 -1000 -10 1
