0 1 Car -1 -1 -1 220.53 190.34 322.20 237.18 -1 -1 -1 -1000 -1000 -1000 -10 1
1 1 Car -1 -1 -1 248.15 193.83 347.38 232.86 -1 -1 -1 -1000 -1000 -1000 -10 1
2 2 Car -1 -1 -1 175.31 196.57 245.70 227.65 -1 -1 -1 -1000 -1000 -1000 -10 1
2 1 Car -1 -1 -1 277.22 192.67 358.87 224.60 -1 -1 -1 -1000 -1000 -1000 -10 1
3 1 Car -1 -1 -1 292.40 189.69 359.56 217.07 -1 -1 -1 -1000 -1000 -1000 -10 1
4 1 Car -1 -1 -1 310.79 189.45 369.49 214.06 -1 -1 -1 -1000 -1000 -1000 -10 1
5 1 Car -1 -1 -1 326.03 189.76 382.63 213.98 -1 -1 -1 -1000 -1000 -1000 -10 1
6 1 Car -1 -1 -1 339.93 189.92 390.13 212.03 -1 -1 -1 -1000 -1000 -1000 -10 1
7 1 Car -1 -1 -1 352.55 190.40 399.59 210.70 -1 -1 -1 -1000 -1000 -1000 -10 1
8 1 Car -1 -1 -1 362.66 191.56 408.21 211.31 -1 -1 -1 -1000 -1000 -1000 -10 1
9 1 Car -1 -1 -1 371.21 190.83 414.49 209.84 -1 -1 -1 -1000 -1000 -1000 -10 1
10 1 Car -1 -1 -1 386.61 189.59 428.14 208.31 -1 -1 -1 -1000 -1000 -1000 -10 1
11 1 Car -1 -1 -1 397.18 188.84 435.12 206.36 -1 -1 -1 -1000 -1000 -1000 -10 1
12 1 Car -1 -1 -1 402.71 188.44 438.23 204.87 -1 -1 -1 -1000 -1000 -1000 -10 1
25 13 Car -1 -1 -1 261.82 192.28 329.97 225.20 -1 -1 -1 -1000 -1000 -1000 -10 1
27 14 Car -1 -1 -1 288.91 189.58 346.82 217.08 -1 -1 -1 -1000 -1000 -1000 -10 1
28 14 Car -1 -1 -1 266.89 190.62 328.59 220.18 -1 -1 -1 -1000 -1000 -1000 -10 1
29 14 Car -1 -1 -1 238.98 191.22 302.32 222.30 -1 -1 -1 -1000 -1000 -1000 -10 1
30 14 Car -1 -1 -1 210.45 193.21 273.21 225.38 -1 -1 -1 -1000 -1000 -1000 -10 1
31 14 Car -1 -1 -1 179.13 194.81 245.99 227.84 -1 -1 -1 -1000 -1000 -1000 -10 1
32 14 Car -1 -1 -1 132.80 194.32 208.25 231.19 -1 -1 -1 -1000 -1000 -1000 -10 1
33 14 Car -1 -1 -1 86.30 196.29 166.83 234.36 -1 -1 -1 -1000 -1000 -1000 -10 1
34 14 Car -1 -1 -1 22.77 195.60 118.16 237.29 -1 -1 -1 -1000 -1000 -1000 -10 1
388 43 Car -1 -1 -1 415.37 182.38 446.29 200.93 -1 -1 -1 -1000 -1000 -1000 -10 1
389 43 Car -1 -1 -1 394.35 182.53 429.95 202.65 -1 -1 -1 -1000 -1000 -1000 -10 1
390 43 Car -1 -1 -1 363.20 183.60 404.69 206.36 -1 -1 -1 -1000 -1000 -1000 -10 1
391 43 Car -1 -1 -1 329.13 187.40 377.19 213.77 -1 -1 -1 -1000 -1000 -1000 -10 1
392 43 Car -1 -1 -1 281.91 188.92 340.98 219.93 -1 -1 -1 -1000 -1000 -1000 -10 1
425 45 Car -1 -1 -1 670.29 163.66 738.95 218.61 -1 -1 -1 -1000 -1000 -1000 -10 1
426 45 Car -1 -1 -1 675.10 161.13 750.67 220.61 -1 -1 -1 -1000 -1000 -1000 -10 1
427 45 Car -1 -1 -1 683.35 163.73 762.70 225.42 -1 -1 -1 -1000 -1000 -1000 -10 1
428 45 Car -1 -1 -1 691.34 161.53 782.65 231.68 -1 -1 -1 -1000 -1000 -1000 -10 1
429 45 Car -1 -1 -1 703.05 164.85 795.65 237.12 -1 -1 -1 -1000 -1000 -1000 -10 1
430 45 Car -1 -1 -1 714.99 164.97 825.72 247.03 -1 -1 -1 -1000 -1000 -1000 -10 1
431 46 Car -1 -1 -1 732.40 164.35 876.41 263.52 -1 -1 -1 -1000 -1000 -1000 -10 1
431 45 Car -1 -1 -1 730.87 163.22 865.33 261.30 -1 -1 -1 -1000 -1000 -1000 -10 1
432 47 Car -1 -1 -1 8.91 199.32 312.50 378.51 -1 -1 -1 -1000 -1000 -1000 -10 1
432 46 Car -1 -1 -1 767.17 166.48 939.76 285.30 -1 -1 -1 -1000 -1000 -1000 -10 1
433 47 Car -1 -1 -1 5.89 193.78 346.07 380.41 -1 -1 -1 -1000 -1000 -1000 -10 1
433 46 Car -1 -1 -1 796.46 169.36 1046.38 333.20 -1 -1 -1 -1000 -1000 -1000 -10 1
434 47 Car -1 -1 -1 1.27 188.56 376.10 380.93 -1 -1 -1 -1000 -1000 -1000 -10 1
434 46 Car -1 -1 -1 839.41 174.47 1163.68 365.12 -1 -1 -1 -1000 -1000 -1000 -10 1
435 47 Car -1 -1 -1 11.26 189.64 398.05 380.45 -1 -1 -1 -1000 -1000 -1000 -10 1
435 46 Car -1 -1 -1 891.78 170.60 1237.59 361.93 -1 -1 -1 -1000 -1000 -1000 -10 1
436 47 Car -1 -1 -1 59.93 190.46 427.34 378.26 -1 -1 -1 -1000 -1000 -1000 -10 1
437 47 Car -1 -1 -1 118.21 187.61 442.88 366.76 -1 -1 -1 -1000 -1000 -1000 -10 1
438 47 Car -1 -1 -1 165.44 183.41 463.40 350.28 -1 -1 -1 -1000 -1000 -1000 -10 1
439 47 Car -1 -1 -1 206.01 181.07 480.43 335.10 -1 -1 -1 -1000 -1000 -1000 -10 1
440 47 Car -1 -1 -1 241.68 180.68 490.19 322.26 -1 -1 -1 -1000 -1000 -1000 -10 1
441 47 Car -1 -1 -1 273.42 182.02 495.77 308.62 -1 -1 -1 -1000 -1000 -1000 -10 1
442 47 Car -1 -1 -1 302.38 181.57 500.63 295.85 -1 -1 -1 -1000 -1000 -1000 -10 1
443 47 Car -1 -1 -1 332.05 182.12 505.38 282.84 -1 -1 -1 -1000 -1000 -1000 -10 1
444 47 Car -1 -1 -1 353.94 183.38 508.79 272.63 -1 -1 -1 -1000 -1000 -1000 -10 1
445 47 Car -1 -1 -1 374.64 182.68 513.64 263.82 -1 -1 -1 -1000 -1000 -1000 -10 1
446 47 Car -1 -1 -1 392.14 181.43 518.20 255.79 -1 -1 -1 -1000 -1000 -1000 -10 1
447 47 Car -1 -1 -1 407.13 183.30 519.58 251.22 -1 -1 -1 -1000 -1000 -1000 -10 1
448 47 Car -1 -1 -1 423.74 184.41 523.27 245.57 -1 -1 -1 -1000 -1000 -1000 -10 1
449 47 Car -1 -1 -1 439.66 187.37 524.77 240.65 -1 -1 -1 -1000 -1000 -1000 -10 1
450 47 Car -1 -1 -1 454.05 188.39 525.60 234.92 -1 -1 -1 -1000 -1000 -1000 -10 1
454 51 Car -1 -1 -1 484.58 182.38 553.07 229.14 -1 -1 -1 -1000 -1000 -1000 -10 1
455 51 Car -1 -1 -1 493.50 180.27 556.03 224.51 -1 -1 -1 -1000 -1000 -1000 -10 1
456 51 Car -1 -1 -1 500.90 179.21 560.02 222.48 -1 -1 -1 -1000 -1000 -1000 -10 1
457 51 Car -1 -1 -1 508.31 179.31 565.10 221.81 -1 -1 -1 -1000 -1000 -1000 -10 1
458 51 Car -1 -1 -1 516.81 177.02 572.49 217.80 -1 -1 -1 -1000 -1000 -1000 -10 1
459 51 Car -1 -1 -1 521.96 178.21 574.37 217.96 -1 -1 -1 -1000 -1000 -1000 -10 1
460 51 Car -1 -1 -1 526.00 177.96 576.11 216.73 -1 -1 -1 -1000 -1000 -1000 -10 1
461 51 Car -1 -1 -1 530.28 179.16 579.37 216.04 -1 -1 -1 -1000 -1000 -1000 -10 1
462 51 Car -1 -1 -1 535.41 178.53 582.66 213.76 -1 -1 -1 -1000 -1000 -1000 -10 1
463 51 Car -1 -1 -1 541.28 177.30 586.87 210.69 -1 -1 -1 -1000 -1000 -1000 -10 1
464 51 Car -1 -1 -1 548.72 176.37 592.16 208.12 -1 -1 -1 -1000 -1000 -1000 -10 1
465 51 Car -1 -1 -1 552.65 176.11 593.81 206.17 -1 -1 -1 -1000 -1000 -1000 -10 1
466 51 Car -1 -1 -1 555.78 175.61 593.87 203.57 -1 -1 -1 -1000 -1000 -1000 -10 1
467 51 Car -1 -1 -1 557.31 175.71 594.19 202.55 -1 -1 -1 -1000 -1000 -1000 -10 1
468 51 Car -1 -1 -1 558.85 176.31 594.11 201.91 -1 -1 -1 -1000 -1000 -1000 -10 1
469 51 Car -1 -1 -1 560.09 176.65 594.09 201.27 -1 -1 -1 -1000 -1000 -1000 -10 1
470 51 Car -1 -1 -1 561.55 177.14 594.12 200.68 -1 -1 -1 -1000 -1000 -1000 -10 1
471 51 Car -1 -1 -1 564.39 177.59 595.21 199.86 -1 -1 -1 -1000 -1000 -1000 -10 1
472 51 Car -1 -1 -1 567.30 178.14 596.61 199.25 -1 -1 -1 -1000 -1000 -1000 -10 1
473 51 Car -1 -1 -1 568.87 178.28 596.62 198.39 -1 -1 -1 -1000 -1000 -1000 -10 1
474 51 Car -1 -1 -1 571.20 179.02 596.11 197.54 -1 -1 -1 -1000 -1000 -1000 -10 1
475 51 Car -1 -1 -1 573.41 179.61 595.83 196.57 -1 -1 -1 -1000 -1000 -1000 -10 1
476 51 Car -1 -1 -1 575.08 179.74 595.57 195.50 -1 -1 -1 -1000 -1000 -1000 -10 1
477 51 Car -1 -1 -1 576.70 180.15 595.61 194.83 -1 -1 -1 -1000 -1000 -1000 -10 1
481 62 Car -1 -1 -1 572.68 176.54 597.59 194.89 -1 -1 -1 -1000 -1000 -1000 -10 1
482 62 Car -1 -1 -1 572.12 175.53 597.85 193.94 -1 -1 -1 -1000 -1000 -1000 -10 1
483 62 Car -1 -1 -1 573.31 174.75 599.45 193.15 -1 -1 -1 -1000 -1000 -1000 -10 1
484 62 Car -1 -1 -1 574.23 174.78 600.29 192.91 -1 -1 -1 -1000 -1000 -1000 -10 1
485 62 Car -1 -1 -1 576.86 176.89 601.79 194.75 -1 -1 -1 -1000 -1000 -1000 -10 1
486 62 Car -1 -1 -1 578.40 177.37 602.43 194.99 -1 -1 -1 -1000 -1000 -1000 -10 1
487 62 Car -1 -1 -1 579.05 176.99 602.38 194.40 -1 -1 -1 -1000 -1000 -1000 -10 1
488 62 Car -1 -1 -1 579.41 176.66 602.31 193.93 -1 -1 -1 -1000 -1000 -1000 -10 1
489 62 Car -1 -1 -1 579.63 176.78 602.14 193.79 -1 -1 -1 -1000 -1000 -1000 -10 1
490 62 Car -1 -1 -1 580.31 177.01 602.39 193.74 -1 -1 -1 -1000 -1000 -1000 -10 1
491 62 Car -1 -1 -1 580.15 176.92 601.97 193.57 -1 -1 -1 -1000 -1000 -1000 -10 1
492 62 Car -1 -1 -1 580.58 176.81 602.11 193.29 -1 -1 -1 -1000 -1000 -1000 -10 1
493 62 Car -1 -1 -1 581.34 176.70 602.64 193.12 -1 -1 -1 -1000 -1000 -1000 -10 1
494 62 Car -1 -1 -1 581.99 176.64 603.01 192.91 -1 -1 -1 -1000 -1000 -1000 -10 1
495 62 Car -1 -1 -1 582.27 176.59 603.05 192.63 -1 -1 -1 -1000 -1000 -1000 -10 1
496 62 Car -1 -1 -1 582.47 176.70 602.98 192.54 -1 -1 -1 -1000 -1000 -1000 -10 1
497 62 Car -1 -1 -1 583.00 176.67 603.34 192.36 -1 -1 -1 -1000 -1000 -1000 -10 1
498 62 Car -1 -1 -1 582.51 176.74 602.65 192.31 -1 -1 -1 -1000 -1000 -1000 -10 1
499 62 Car -1 -1 -1 582.45 176.39 602.56 191.93 -1 -1 -1 -1000 -1000 -1000 -10 1
500 62 Car -1 -1 -1 582.04 176.20 602.26 191.80 -1 -1 -1 -1000 -1000 -1000 -10 1
501 62 Car -1 -1 -1 582.35 176.42 602.50 191.92 -1 -1 -1 -1000 -1000 -1000 -10 1
502 62 Car -1 -1 -1 582.81 176.55 602.86 191.97 -1 -1 -1 -1000 -1000 -1000 -10 1
503 62 Car -1 -1 -1 582.82 176.65 602.75 192.03 -1 -1 -1 -1000 -1000 -1000 -10 1
504 62 Car -1 -1 -1 582.38 176.47 602.25 191.76 -1 -1 -1 -1000 -1000 -1000 -10 1
505 62 Car -1 -1 -1 583.74 176.14 603.66 191.47 -1 -1 -1 -1000 -1000 -1000 -10 1
506 62 Car -1 -1 -1 583.30 175.52 603.29 190.95 -1 -1 -1 -1000 -1000 -1000 -10 1
507 62 Car -1 -1 -1 582.89 175.51 602.96 191.02 -1 -1 -1 -1000 -1000 -1000 -10 1
508 62 Car -1 -1 -1 581.89 175.97 602.04 191.58 -1 -1 -1 -1000 -1000 -1000 -10 1
509 62 Car -1 -1 -1 580.68 175.98 600.90 191.71 -1 -1 -1 -1000 -1000 -1000 -10 1
510 62 Car -1 -1 -1 578.43 175.67 598.84 191.52 -1 -1 -1 -1000 -1000 -1000 -10 1
511 62 Car -1 -1 -1 577.73 175.73 598.28 191.63 -1 -1 -1 -1000 -1000 -1000 -10 1
512 62 Car -1 -1 -1 578.35 176.16 598.81 192.01 -1 -1 -1 -1000 -1000 -1000 -10 1
513 62 Car -1 -1 -1 578.12 176.35 598.58 192.18 -1 -1 -1 -1000 -1000 -1000 -10 1
514 62 Car -1 -1 -1 577.35 176.28 597.79 192.12 -1 -1 -1 -1000 -1000 -1000 -10 1
515 62 Car -1 -1 -1 575.81 175.62 596.20 191.51 -1 -1 -1 -1000 -1000 -1000 -10 1
516 62 Car -1 -1 -1 577.70 176.20 598.52 192.49 -1 -1 -1 -1000 -1000 -1000 -10 1
562 76 Car -1 -1 -1 11.59 203.35 187.90 375.78 -1 -1 -1 -1000 -1000 -1000 -10 1
563 76 Car -1 -1 -1 11.75 198.11 218.10 380.29 -1 -1 -1 -1000 -1000 -1000 -10 1
564 76 Car -1 -1 -1 11.12 194.42 245.55 381.52 -1 -1 -1 -1000 -1000 -1000 -10 1
565 76 Car -1 -1 -1 15.00 196.61 262.14 378.12 -1 -1 -1 -1000 -1000 -1000 -10 1
566 76 Car -1 -1 -1 13.08 195.56 281.31 379.68 -1 -1 -1 -1000 -1000 -1000 -10 1
567 76 Car -1 -1 -1 8.40 193.81 301.93 379.70 -1 -1 -1 -1000 -1000 -1000 -10 1
568 76 Car -1 -1 -1 9.29 193.74 317.92 379.13 -1 -1 -1 -1000 -1000 -1000 -10 1
569 76 Car -1 -1 -1 6.70 192.79 329.35 378.61 -1 -1 -1 -1000 -1000 -1000 -10 1
570 76 Car -1 -1 -1 6.08 193.46 341.31 377.71 -1 -1 -1 -1000 -1000 -1000 -10 1
571 76 Car -1 -1 -1 6.23 194.04 351.66 377.33 -1 -1 -1 -1000 -1000 -1000 -10 1
572 76 Car -1 -1 -1 17.13 191.76 364.60 371.26 -1 -1 -1 -1000 -1000 -1000 -10 1
573 76 Car -1 -1 -1 39.55 190.29 379.46 363.69 -1 -1 -1 -1000 -1000 -1000 -10 1
574 76 Car -1 -1 -1 54.99 186.58 394.57 351.51 -1 -1 -1 -1000 -1000 -1000 -10 1
575 77 Car -1 -1 -1 357.99 152.74 421.77 199.15 -1 -1 -1 -1000 -1000 -1000 -10 1
575 76 Car -1 -1 -1 95.20 183.73 413.29 341.78 -1 -1 -1 -1000 -1000 -1000 -10 1
576 76 Car -1 -1 -1 125.48 183.85 425.77 332.53 -1 -1 -1 -1000 -1000 -1000 -10 1
578 80 Car -1 -1 -1 -7.05 38.20 277.07 382.88 -1 -1 -1 -1000 -1000 -1000 -10 1
579 80 Car -1 -1 -1 -11.39 34.82 302.98 392.61 -1 -1 -1 -1000 -1000 -1000 -10 1
580 80 Car -1 -1 -1 -4.80 48.49 319.66 392.38 -1 -1 -1 -1000 -1000 -1000 -10 1
580 76 Car -1 -1 -1 218.69 179.63 444.79 298.83 -1 -1 -1 -1000 -1000 -1000 -10 1
581 80 Car -1 -1 -1 -0.42 61.60 330.41 391.38 -1 -1 -1 -1000 -1000 -1000 -10 1
581 76 Car -1 -1 -1 241.50 182.56 449.86 294.40 -1 -1 -1 -1000 -1000 -1000 -10 1
582 80 Car -1 -1 -1 5.04 79.56 342.01 391.71 -1 -1 -1 -1000 -1000 -1000 -10 1
582 76 Car -1 -1 -1 249.82 184.04 450.69 290.99 -1 -1 -1 -1000 -1000 -1000 -10 1
583 80 Car -1 -1 -1 33.48 88.95 363.78 381.26 -1 -1 -1 -1000 -1000 -1000 -10 1
583 76 Car -1 -1 -1 258.73 185.34 450.99 286.21 -1 -1 -1 -1000 -1000 -1000 -10 1
584 76 Car -1 -1 -1 270.98 181.84 456.09 277.58 -1 -1 -1 -1000 -1000 -1000 -10 1
585 82 Car -1 -1 -1 146.71 110.20 370.66 333.43 -1 -1 -1 -1000 -1000 -1000 -10 1
586 82 Car -1 -1 -1 173.28 114.64 385.02 322.97 -1 -1 -1 -1000 -1000 -1000 -10 1
587 82 Car -1 -1 -1 192.70 118.96 392.19 311.15 -1 -1 -1 -1000 -1000 -1000 -10 1
588 82 Car -1 -1 -1 210.44 121.20 405.16 303.88 -1 -1 -1 -1000 -1000 -1000 -10 1
588 76 Car -1 -1 -1 330.17 180.79 471.18 258.38 -1 -1 -1 -1000 -1000 -1000 -10 1
589 82 Car -1 -1 -1 228.32 126.25 418.41 300.88 -1 -1 -1 -1000 -1000 -1000 -10 1
589 76 Car -1 -1 -1 339.89 180.91 471.09 255.13 -1 -1 -1 -1000 -1000 -1000 -10 1
590 82 Car -1 -1 -1 249.57 134.88 426.57 291.82 -1 -1 -1 -1000 -1000 -1000 -10 1
590 76 Car -1 -1 -1 349.70 178.28 472.52 249.81 -1 -1 -1 -1000 -1000 -1000 -10 1
591 82 Car -1 -1 -1 264.40 135.96 438.56 281.37 -1 -1 -1 -1000 -1000 -1000 -10 1
591 76 Car -1 -1 -1 345.84 169.37 468.45 244.55 -1 -1 -1 -1000 -1000 -1000 -10 1
592 82 Car -1 -1 -1 279.53 135.12 448.61 274.15 -1 -1 -1 -1000 -1000 -1000 -10 1
593 82 Car -1 -1 -1 292.89 136.76 452.84 270.56 -1 -1 -1 -1000 -1000 -1000 -10 1
594 83 Car -1 -1 -1 290.24 131.83 459.96 275.63 -1 -1 -1 -1000 -1000 -1000 -10 1
595 83 Car -1 -1 -1 302.99 137.86 459.09 270.29 -1 -1 -1 -1000 -1000 -1000 -10 1
596 83 Car -1 -1 -1 312.83 130.70 472.16 263.82 -1 -1 -1 -1000 -1000 -1000 -10 1
597 83 Car -1 -1 -1 325.75 133.40 474.62 257.93 -1 -1 -1 -1000 -1000 -1000 -10 1
597 82 Car -1 -1 -1 341.47 138.61 476.04 245.94 -1 -1 -1 -1000 -1000 -1000 -10 1
598 83 Car -1 -1 -1 337.55 133.60 478.64 252.90 -1 -1 -1 -1000 -1000 -1000 -10 1
598 82 Car -1 -1 -1 347.82 142.63 473.12 245.13 -1 -1 -1 -1000 -1000 -1000 -10 1
599 83 Car -1 -1 -1 345.10 136.56 477.21 249.77 -1 -1 -1 -1000 -1000 -1000 -10 1
599 82 Car -1 -1 -1 351.79 141.97 472.04 242.89 -1 -1 -1 -1000 -1000 -1000 -10 1
600 83 Car -1 -1 -1 353.47 136.38 480.21 247.32 -1 -1 -1 -1000 -1000 -1000 -10 1
600 82 Car -1 -1 -1 358.96 142.34 475.37 239.98 -1 -1 -1 -1000 -1000 -1000 -10 1
601 83 Car -1 -1 -1 358.97 133.76 482.48 245.21 -1 -1 -1 -1000 -1000 -1000 -10 1
601 82 Car -1 -1 -1 365.75 144.93 475.47 238.91 -1 -1 -1 -1000 -1000 -1000 -10 1
602 83 Car -1 -1 -1 365.90 134.03 487.31 246.76 -1 -1 -1 -1000 -1000 -1000 -10 1
602 82 Car -1 -1 -1 375.64 147.42 479.09 236.43 -1 -1 -1 -1000 -1000 -1000 -10 1
603 83 Car -1 -1 -1 374.40 137.09 492.37 247.28 -1 -1 -1 -1000 -1000 -1000 -10 1
603 82 Car -1 -1 -1 384.42 146.78 482.50 235.41 -1 -1 -1 -1000 -1000 -1000 -10 1
604 83 Car -1 -1 -1 382.49 141.11 494.68 245.40 -1 -1 -1 -1000 -1000 -1000 -10 1
605 83 Car -1 -1 -1 387.96 142.97 496.95 241.57 -1 -1 -1 -1000 -1000 -1000 -10 1
606 83 Car -1 -1 -1 392.52 145.04 498.71 239.37 -1 -1 -1 -1000 -1000 -1000 -10 1
607 83 Car -1 -1 -1 398.13 148.89 503.92 239.28 -1 -1 -1 -1000 -1000 -1000 -10 1
608 83 Car -1 -1 -1 405.84 149.19 507.51 235.36 -1 -1 -1 -1000 -1000 -1000 -10 1
609 83 Car -1 -1 -1 419.79 153.62 512.49 232.66 -1 -1 -1 -1000 -1000 -1000 -10 1
610 83 Car -1 -1 -1 428.48 157.20 514.08 230.01 -1 -1 -1 -1000 -1000 -1000 -10 1
611 83 Car -1 -1 -1 435.25 160.50 513.97 228.67 -1 -1 -1 -1000 -1000 -1000 -10 1
612 83 Car -1 -1 -1 439.55 163.37 512.85 227.12 -1 -1 -1 -1000 -1000 -1000 -10 1
613 83 Car -1 -1 -1 437.87 160.13 513.97 225.66 -1 -1 -1 -1000 -1000 -1000 -10 1
614 83 Car -1 -1 -1 441.72 162.23 512.50 223.46 -1 -1 -1 -1000 -1000 -1000 -10 1
615 83 Car -1 -1 -1 444.92 164.62 510.40 221.29 -1 -1 -1 -1000 -1000 -1000 -10 1
616 83 Car -1 -1 -1 447.22 165.78 508.23 217.75 -1 -1 -1 -1000 -1000 -1000 -10 1
617 85 Car -1 -1 -1 447.01 157.49 516.29 220.93 -1 -1 -1 -1000 -1000 -1000 -10 1
617 83 Car -1 -1 -1 456.71 164.20 510.79 210.81 -1 -1 -1 -1000 -1000 -1000 -10 1
618 85 Car -1 -1 -1 449.73 155.16 517.07 217.45 -1 -1 -1 -1000 -1000 -1000 -10 1
618 83 Car -1 -1 -1 457.20 162.89 510.62 209.88 -1 -1 -1 -1000 -1000 -1000 -10 1
619 85 Car -1 -1 -1 450.84 154.98 516.07 214.76 -1 -1 -1 -1000 -1000 -1000 -10 1
620 85 Car -1 -1 -1 449.47 156.16 515.58 216.00 -1 -1 -1 -1000 -1000 -1000 -10 1
621 85 Car -1 -1 -1 453.03 154.90 517.64 213.63 -1 -1 -1 -1000 -1000 -1000 -10 1
622 85 Car -1 -1 -1 455.82 154.54 518.64 212.03 -1 -1 -1 -1000 -1000 -1000 -10 1
623 85 Car -1 -1 -1 458.09 154.66 519.01 210.83 -1 -1 -1 -1000 -1000 -1000 -10 1
624 85 Car -1 -1 -1 459.52 154.71 518.96 210.14 -1 -1 -1 -1000 -1000 -1000 -10 1
625 85 Car -1 -1 -1 461.69 157.82 520.55 212.24 -1 -1 -1 -1000 -1000 -1000 -10 1
626 90 Car -1 -1 -1 360.23 156.09 412.09 195.18 -1 -1 -1 -1000 -1000 -1000 -10 1
626 85 Car -1 -1 -1 466.73 161.61 527.08 215.53 -1 -1 -1 -1000 -1000 -1000 -10 1
627 90 Car -1 -1 -1 342.79 156.33 396.33 197.82 -1 -1 -1 -1000 -1000 -1000 -10 1
627 85 Car -1 -1 -1 471.21 161.91 529.90 214.22 -1 -1 -1 -1000 -1000 -1000 -10 1
628 90 Car -1 -1 -1 320.36 156.60 381.42 202.65 -1 -1 -1 -1000 -1000 -1000 -10 1
628 85 Car -1 -1 -1 477.47 160.48 533.94 210.74 -1 -1 -1 -1000 -1000 -1000 -10 1
629 92 Car -1 -1 -1 277.39 150.32 357.39 202.62 -1 -1 -1 -1000 -1000 -1000 -10 1
629 90 Car -1 -1 -1 288.44 153.34 356.95 203.60 -1 -1 -1 -1000 -1000 -1000 -10 1
629 85 Car -1 -1 -1 479.57 157.91 535.60 206.43 -1 -1 -1 -1000 -1000 -1000 -10 1
630 92 Car -1 -1 -1 237.66 146.77 328.04 206.29 -1 -1 -1 -1000 -1000 -1000 -10 1
630 90 Car -1 -1 -1 249.60 152.86 325.71 207.00 -1 -1 -1 -1000 -1000 -1000 -10 1
630 85 Car -1 -1 -1 482.99 156.73 539.59 203.72 -1 -1 -1 -1000 -1000 -1000 -10 1
631 92 Car -1 -1 -1 179.44 144.48 288.90 211.84 -1 -1 -1 -1000 -1000 -1000 -10 1
631 90 Car -1 -1 -1 193.76 148.80 288.89 213.14 -1 -1 -1 -1000 -1000 -1000 -10 1
631 85 Car -1 -1 -1 486.34 156.47 541.99 202.52 -1 -1 -1 -1000 -1000 -1000 -10 1
632 92 Car -1 -1 -1 101.21 143.60 230.13 219.84 -1 -1 -1 -1000 -1000 -1000 -10 1
632 85 Car -1 -1 -1 489.64 158.19 543.35 203.37 -1 -1 -1 -1000 -1000 -1000 -10 1
633 92 Car -1 -1 -1 18.69 143.66 160.31 229.21 -1 -1 -1 -1000 -1000 -1000 -10 1
633 85 Car -1 -1 -1 492.01 160.43 545.73 205.91 -1 -1 -1 -1000 -1000 -1000 -10 1
634 85 Car -1 -1 -1 493.20 161.39 546.38 205.98 -1 -1 -1 -1000 -1000 -1000 -10 1
635 85 Car -1 -1 -1 495.84 162.10 547.91 205.82 -1 -1 -1 -1000 -1000 -1000 -10 1
636 85 Car -1 -1 -1 500.06 160.63 550.02 203.43 -1 -1 -1 -1000 -1000 -1000 -10 1
637 85 Car -1 -1 -1 502.46 159.84 550.54 201.86 -1 -1 -1 -1000 -1000 -1000 -10 1
638 85 Car -1 -1 -1 505.02 160.82 552.31 202.30 -1 -1 -1 -1000 -1000 -1000 -10 1
639 85 Car -1 -1 -1 507.73 161.79 554.34 202.90 -1 -1 -1 -1000 -1000 -1000 -10 1
640 95 Car -1 -1 -1 517.47 160.47 559.75 202.50 -1 -1 -1 -1000 -1000 -1000 -10 1
640 85 Car -1 -1 -1 510.16 161.28 556.35 202.22 -1 -1 -1 -1000 -1000 -1000 -10 1
641 95 Car -1 -1 -1 521.58 159.96 562.06 200.27 -1 -1 -1 -1000 -1000 -1000 -10 1
641 85 Car -1 -1 -1 513.54 159.86 557.87 199.75 -1 -1 -1 -1000 -1000 -1000 -10 1
642 95 Car -1 -1 -1 523.91 162.16 564.20 201.88 -1 -1 -1 -1000 -1000 -1000 -10 1
642 85 Car -1 -1 -1 517.63 162.60 561.03 202.11 -1 -1 -1 -1000 -1000 -1000 -10 1
643 95 Car -1 -1 -1 527.48 164.84 565.53 202.12 -1 -1 -1 -1000 -1000 -1000 -10 1
649 98 Car -1 -1 -1 539.77 164.46 573.86 201.08 -1 -1 -1 -1000 -1000 -1000 -10 1
650 98 Car -1 -1 -1 540.22 163.51 574.95 200.78 -1 -1 -1 -1000 -1000 -1000 -10 1
651 102 Car -1 -1 -1 166.63 172.85 263.02 215.74 -1 -1 -1 -1000 -1000 -1000 -10 1
651 98 Car -1 -1 -1 537.24 162.69 572.90 200.71 -1 -1 -1 -1000 -1000 -1000 -10 1
652 98 Car -1 -1 -1 538.09 160.99 573.73 199.11 -1 -1 -1 -1000 -1000 -1000 -10 1
653 98 Car -1 -1 -1 538.50 160.41 574.16 198.50 -1 -1 -1 -1000 -1000 -1000 -10 1
654 105 Car -1 -1 -1 537.00 162.51 572.98 199.01 -1 -1 -1 -1000 -1000 -1000 -10 1
654 98 Car -1 -1 -1 538.77 160.97 574.45 198.99 -1 -1 -1 -1000 -1000 -1000 -10 1
655 105 Car -1 -1 -1 539.07 163.92 573.25 198.72 -1 -1 -1 -1000 -1000 -1000 -10 1
655 98 Car -1 -1 -1 539.08 160.98 574.64 198.67 -1 -1 -1 -1000 -1000 -1000 -10 1
656 105 Car -1 -1 -1 539.75 164.87 573.03 198.50 -1 -1 -1 -1000 -1000 -1000 -10 1
656 98 Car -1 -1 -1 540.90 160.74 575.85 197.73 -1 -1 -1 -1000 -1000 -1000 -10 1
657 105 Car -1 -1 -1 542.99 165.12 574.33 196.72 -1 -1 -1 -1000 -1000 -1000 -10 1
657 98 Car -1 -1 -1 542.79 160.65 576.69 196.60 -1 -1 -1 -1000 -1000 -1000 -10 1
658 105 Car -1 -1 -1 545.93 166.70 576.27 197.28 -1 -1 -1 -1000 -1000 -1000 -10 1
658 98 Car -1 -1 -1 544.56 161.50 577.53 196.41 -1 -1 -1 -1000 -1000 -1000 -10 1
659 105 Car -1 -1 -1 549.33 167.22 578.96 197.49 -1 -1 -1 -1000 -1000 -1000 -10 1
659 98 Car -1 -1 -1 545.72 162.00 577.85 196.15 -1 -1 -1 -1000 -1000 -1000 -10 1
660 105 Car -1 -1 -1 549.17 167.07 578.05 196.86 -1 -1 -1 -1000 -1000 -1000 -10 1
660 98 Car -1 -1 -1 546.03 160.93 577.71 194.92 -1 -1 -1 -1000 -1000 -1000 -10 1
661 98 Car -1 -1 -1 547.09 160.04 579.02 194.26 -1 -1 -1 -1000 -1000 -1000 -10 1
662 98 Car -1 -1 -1 548.82 159.55 580.35 193.12 -1 -1 -1 -1000 -1000 -1000 -10 1
663 98 Car -1 -1 -1 550.30 158.43 582.99 191.08 -1 -1 -1 -1000 -1000 -1000 -10 1
664 105 Car -1 -1 -1 554.08 167.24 581.10 194.24 -1 -1 -1 -1000 -1000 -1000 -10 1
664 98 Car -1 -1 -1 552.10 158.49 584.83 190.12 -1 -1 -1 -1000 -1000 -1000 -10 1
665 109 Car -1 -1 -1 556.21 162.69 584.56 191.51 -1 -1 -1 -1000 -1000 -1000 -10 1
665 105 Car -1 -1 -1 555.94 166.79 582.34 192.97 -1 -1 -1 -1000 -1000 -1000 -10 1
665 98 Car -1 -1 -1 553.76 158.40 586.16 189.11 -1 -1 -1 -1000 -1000 -1000 -10 1
666 109 Car -1 -1 -1 557.64 164.10 585.48 192.60 -1 -1 -1 -1000 -1000 -1000 -10 1
666 105 Car -1 -1 -1 556.90 168.76 583.02 194.40 -1 -1 -1 -1000 -1000 -1000 -10 1
666 98 Car -1 -1 -1 555.08 159.34 587.08 189.40 -1 -1 -1 -1000 -1000 -1000 -10 1
667 109 Car -1 -1 -1 558.88 165.51 586.46 193.35 -1 -1 -1 -1000 -1000 -1000 -10 1
668 109 Car -1 -1 -1 560.98 165.19 587.91 192.87 -1 -1 -1 -1000 -1000 -1000 -10 1
669 109 Car -1 -1 -1 562.44 163.01 588.89 190.70 -1 -1 -1 -1000 -1000 -1000 -10 1
670 109 Car -1 -1 -1 563.79 163.02 589.72 190.54 -1 -1 -1 -1000 -1000 -1000 -10 1
671 109 Car -1 -1 -1 565.45 164.41 590.92 191.67 -1 -1 -1 -1000 -1000 -1000 -10 1
672 109 Car -1 -1 -1 566.95 165.55 592.33 192.82 -1 -1 -1 -1000 -1000 -1000 -10 1
673 109 Car -1 -1 -1 566.97 166.20 592.14 193.39 -1 -1 -1 -1000 -1000 -1000 -10 1
674 123 Car -1 -1 -1 560.89 160.16 590.31 188.75 -1 -1 -1 -1000 -1000 -1000 -10 1
674 109 Car -1 -1 -1 567.68 166.39 593.11 193.78 -1 -1 -1 -1000 -1000 -1000 -10 1
675 123 Car -1 -1 -1 561.30 160.37 590.91 188.97 -1 -1 -1 -1000 -1000 -1000 -10 1
675 109 Car -1 -1 -1 567.82 166.35 593.50 193.96 -1 -1 -1 -1000 -1000 -1000 -10 1
676 123 Car -1 -1 -1 562.25 160.23 591.56 188.26 -1 -1 -1 -1000 -1000 -1000 -10 1
676 109 Car -1 -1 -1 568.74 165.40 594.42 192.95 -1 -1 -1 -1000 -1000 -1000 -10 1
677 123 Car -1 -1 -1 561.64 159.59 591.22 187.69 -1 -1 -1 -1000 -1000 -1000 -10 1
677 109 Car -1 -1 -1 567.65 164.47 593.52 192.13 -1 -1 -1 -1000 -1000 -1000 -10 1
678 123 Car -1 -1 -1 563.89 162.48 592.62 190.52 -1 -1 -1 -1000 -1000 -1000 -10 1
678 109 Car -1 -1 -1 567.67 166.02 593.74 193.56 -1 -1 -1 -1000 -1000 -1000 -10 1
679 123 Car -1 -1 -1 561.97 160.93 590.98 188.86 -1 -1 -1 -1000 -1000 -1000 -10 1
679 109 Car -1 -1 -1 566.23 165.22 592.26 192.71 -1 -1 -1 -1000 -1000 -1000 -10 1
680 123 Car -1 -1 -1 560.73 159.35 589.59 186.95 -1 -1 -1 -1000 -1000 -1000 -10 1
680 109 Car -1 -1 -1 564.95 163.79 590.42 190.95 -1 -1 -1 -1000 -1000 -1000 -10 1
681 123 Car -1 -1 -1 560.06 158.32 588.90 185.79 -1 -1 -1 -1000 -1000 -1000 -10 1
681 109 Car -1 -1 -1 564.05 163.13 589.16 189.94 -1 -1 -1 -1000 -1000 -1000 -10 1
682 123 Car -1 -1 -1 559.96 158.30 588.36 185.47 -1 -1 -1 -1000 -1000 -1000 -10 1
682 109 Car -1 -1 -1 563.72 162.97 588.35 189.38 -1 -1 -1 -1000 -1000 -1000 -10 1
683 123 Car -1 -1 -1 559.75 159.23 588.04 186.32 -1 -1 -1 -1000 -1000 -1000 -10 1
683 109 Car -1 -1 -1 563.26 163.79 587.71 190.05 -1 -1 -1 -1000 -1000 -1000 -10 1
684 123 Car -1 -1 -1 560.37 161.26 588.72 188.11 -1 -1 -1 -1000 -1000 -1000 -10 1
684 109 Car -1 -1 -1 563.93 165.13 588.76 191.55 -1 -1 -1 -1000 -1000 -1000 -10 1
685 123 Car -1 -1 -1 560.92 161.82 589.03 188.27 -1 -1 -1 -1000 -1000 -1000 -10 1
685 109 Car -1 -1 -1 564.13 165.31 589.13 191.60 -1 -1 -1 -1000 -1000 -1000 -10 1
686 123 Car -1 -1 -1 562.47 162.32 590.03 187.78 -1 -1 -1 -1000 -1000 -1000 -10 1
686 109 Car -1 -1 -1 565.44 166.15 590.12 191.91 -1 -1 -1 -1000 -1000 -1000 -10 1
687 123 Car -1 -1 -1 562.72 161.58 589.98 186.77 -1 -1 -1 -1000 -1000 -1000 -10 1
687 109 Car -1 -1 -1 566.21 165.87 590.69 191.36 -1 -1 -1 -1000 -1000 -1000 -10 1
688 123 Car -1 -1 -1 563.72 160.98 590.76 186.00 -1 -1 -1 -1000 -1000 -1000 -10 1
688 109 Car -1 -1 -1 568.17 165.34 592.54 190.65 -1 -1 -1 -1000 -1000 -1000 -10 1
689 123 Car -1 -1 -1 564.25 160.20 591.21 185.24 -1 -1 -1 -1000 -1000 -1000 -10 1
689 109 Car -1 -1 -1 568.77 164.66 593.15 189.92 -1 -1 -1 -1000 -1000 -1000 -10 1
690 125 Car -1 -1 -1 245.12 173.50 315.48 206.94 -1 -1 -1 -1000 -1000 -1000 -10 1
690 123 Car -1 -1 -1 565.78 161.18 592.58 185.86 -1 -1 -1 -1000 -1000 -1000 -10 1
690 109 Car -1 -1 -1 570.99 164.91 595.51 190.10 -1 -1 -1 -1000 -1000 -1000 -10 1
691 125 Car -1 -1 -1 190.76 173.83 279.97 210.91 -1 -1 -1 -1000 -1000 -1000 -10 1
691 123 Car -1 -1 -1 567.56 163.07 594.35 187.46 -1 -1 -1 -1000 -1000 -1000 -10 1
691 109 Car -1 -1 -1 573.63 166.00 598.65 191.62 -1 -1 -1 -1000 -1000 -1000 -10 1
692 125 Car -1 -1 -1 110.13 178.07 225.18 221.55 -1 -1 -1 -1000 -1000 -1000 -10 1
692 123 Car -1 -1 -1 568.89 165.97 595.32 190.03 -1 -1 -1 -1000 -1000 -1000 -10 1
693 125 Car -1 -1 -1 15.82 180.65 149.64 229.42 -1 -1 -1 -1000 -1000 -1000 -10 1
693 123 Car -1 -1 -1 569.41 167.20 595.66 190.89 -1 -1 -1 -1000 -1000 -1000 -10 1
694 123 Car -1 -1 -1 569.65 167.17 595.66 190.37 -1 -1 -1 -1000 -1000 -1000 -10 1
695 123 Car -1 -1 -1 571.08 166.17 596.80 189.03 -1 -1 -1 -1000 -1000 -1000 -10 1
695 109 Car -1 -1 -1 576.20 168.25 601.10 193.72 -1 -1 -1 -1000 -1000 -1000 -10 1
696 123 Car -1 -1 -1 571.52 167.76 597.04 190.04 -1 -1 -1 -1000 -1000 -1000 -10 1
696 109 Car -1 -1 -1 576.30 169.54 601.03 194.72 -1 -1 -1 -1000 -1000 -1000 -10 1
697 123 Car -1 -1 -1 571.66 168.21 597.40 190.79 -1 -1 -1 -1000 -1000 -1000 -10 1
698 123 Car -1 -1 -1 571.76 168.98 597.40 191.76 -1 -1 -1 -1000 -1000 -1000 -10 1
699 123 Car -1 -1 -1 571.75 169.36 597.35 192.19 -1 -1 -1 -1000 -1000 -1000 -10 1
700 123 Car -1 -1 -1 571.69 169.00 597.38 192.11 -1 -1 -1 -1000 -1000 -1000 -10 1
701 123 Car -1 -1 -1 571.90 168.35 597.65 191.62 -1 -1 -1 -1000 -1000 -1000 -10 1
702 123 Car -1 -1 -1 572.00 167.57 598.14 191.25 -1 -1 -1 -1000 -1000 -1000 -10 1
703 123 Car -1 -1 -1 572.09 165.51 598.40 189.12 -1 -1 -1 -1000 -1000 -1000 -10 1
704 123 Car -1 -1 -1 572.42 164.20 598.98 187.80 -1 -1 -1 -1000 -1000 -1000 -10 1
705 129 Car -1 -1 -1 579.07 168.23 604.30 193.79 -1 -1 -1 -1000 -1000 -1000 -10 1
705 123 Car -1 -1 -1 574.37 165.98 600.37 189.92 -1 -1 -1 -1000 -1000 -1000 -10 1
706 129 Car -1 -1 -1 579.91 168.83 605.18 194.24 -1 -1 -1 -1000 -1000 -1000 -10 1
706 123 Car -1 -1 -1 574.86 166.78 600.43 190.88 -1 -1 -1 -1000 -1000 -1000 -10 1
707 129 Car -1 -1 -1 580.66 169.95 606.12 195.47 -1 -1 -1 -1000 -1000 -1000 -10 1
707 123 Car -1 -1 -1 575.68 168.37 601.10 192.68 -1 -1 -1 -1000 -1000 -1000 -10 1
708 129 Car -1 -1 -1 581.09 171.03 606.05 195.99 -1 -1 -1 -1000 -1000 -1000 -10 1
710 130 Car -1 -1 -1 574.14 165.33 601.63 188.25 -1 -1 -1 -1000 -1000 -1000 -10 1
711 130 Car -1 -1 -1 575.09 164.18 603.24 187.57 -1 -1 -1 -1000 -1000 -1000 -10 1
712 130 Car -1 -1 -1 575.79 163.53 604.29 187.16 -1 -1 -1 -1000 -1000 -1000 -10 1
713 130 Car -1 -1 -1 576.25 163.32 604.52 186.89 -1 -1 -1 -1000 -1000 -1000 -10 1
714 130 Car -1 -1 -1 578.05 167.38 605.32 191.13 -1 -1 -1 -1000 -1000 -1000 -10 1
714 129 Car -1 -1 -1 581.85 168.57 607.24 193.78 -1 -1 -1 -1000 -1000 -1000 -10 1
715 130 Car -1 -1 -1 576.60 166.59 603.76 189.81 -1 -1 -1 -1000 -1000 -1000 -10 1
715 129 Car -1 -1 -1 581.57 169.19 607.04 194.32 -1 -1 -1 -1000 -1000 -1000 -10 1
716 130 Car -1 -1 -1 575.32 166.37 602.48 189.11 -1 -1 -1 -1000 -1000 -1000 -10 1
716 129 Car -1 -1 -1 581.12 169.69 606.59 194.94 -1 -1 -1 -1000 -1000 -1000 -10 1
717 130 Car -1 -1 -1 574.21 165.75 601.36 188.24 -1 -1 -1 -1000 -1000 -1000 -10 1
718 130 Car -1 -1 -1 574.09 165.49 601.52 188.08 -1 -1 -1 -1000 -1000 -1000 -10 1
720 129 Car -1 -1 -1 579.51 168.74 605.33 194.50 -1 -1 -1 -1000 -1000 -1000 -10 1
721 129 Car -1 -1 -1 579.40 168.68 605.37 194.28 -1 -1 -1 -1000 -1000 -1000 -10 1
722 130 Car -1 -1 -1 571.43 164.99 599.27 187.72 -1 -1 -1 -1000 -1000 -1000 -10 1
722 129 Car -1 -1 -1 578.75 169.06 604.85 194.48 -1 -1 -1 -1000 -1000 -1000 -10 1
723 130 Car -1 -1 -1 570.65 165.59 598.32 187.97 -1 -1 -1 -1000 -1000 -1000 -10 1
724 130 Car -1 -1 -1 569.06 166.71 596.25 188.16 -1 -1 -1 -1000 -1000 -1000 -10 1
725 130 Car -1 -1 -1 567.80 167.00 594.54 187.67 -1 -1 -1 -1000 -1000 -1000 -10 1
726 130 Car -1 -1 -1 567.13 167.49 593.45 187.55 -1 -1 -1 -1000 -1000 -1000 -10 1
727 130 Car -1 -1 -1 566.91 167.90 592.80 187.33 -1 -1 -1 -1000 -1000 -1000 -10 1
728 130 Car -1 -1 -1 566.67 167.87 592.27 187.01 -1 -1 -1 -1000 -1000 -1000 -10 1
729 130 Car -1 -1 -1 566.80 168.25 592.06 187.20 -1 -1 -1 -1000 -1000 -1000 -10 1
730 130 Car -1 -1 -1 567.27 168.15 592.15 186.88 -1 -1 -1 -1000 -1000 -1000 -10 1
731 130 Car -1 -1 -1 567.84 167.96 592.61 186.64 -1 -1 -1 -1000 -1000 -1000 -10 1
732 130 Car -1 -1 -1 568.52 168.04 593.30 186.61 -1 -1 -1 -1000 -1000 -1000 -10 1
733 130 Car -1 -1 -1 569.37 168.12 594.07 186.54 -1 -1 -1 -1000 -1000 -1000 -10 1
734 130 Car -1 -1 -1 570.18 168.40 594.73 186.49 -1 -1 -1 -1000 -1000 -1000 -10 1
735 130 Car -1 -1 -1 571.25 168.60 595.63 186.40 -1 -1 -1 -1000 -1000 -1000 -10 1
736 130 Car -1 -1 -1 571.67 169.28 595.84 186.90 -1 -1 -1 -1000 -1000 -1000 -10 1
737 130 Car -1 -1 -1 572.44 170.14 596.73 187.87 -1 -1 -1 -1000 -1000 -1000 -10 1
738 130 Car -1 -1 -1 572.48 169.88 596.79 187.64 -1 -1 -1 -1000 -1000 -1000 -10 1
739 130 Car -1 -1 -1 572.18 169.85 596.42 187.46 -1 -1 -1 -1000 -1000 -1000 -10 1
740 130 Car -1 -1 -1 572.05 169.74 596.21 187.17 -1 -1 -1 -1000 -1000 -1000 -10 1
741 130 Car -1 -1 -1 571.71 169.77 595.64 187.04 -1 -1 -1 -1000 -1000 -1000 -10 1
742 130 Car -1 -1 -1 570.73 169.08 594.66 186.28 -1 -1 -1 -1000 -1000 -1000 -10 1
743 130 Car -1 -1 -1 570.14 168.94 593.98 185.88 -1 -1 -1 -1000 -1000 -1000 -10 1
744 130 Car -1 -1 -1 570.56 169.68 594.15 186.41 -1 -1 -1 -1000 -1000 -1000 -10 1
745 130 Car -1 -1 -1 570.81 170.47 594.19 186.96 -1 -1 -1 -1000 -1000 -1000 -10 1
746 130 Car -1 -1 -1 570.44 170.15 593.69 186.35 -1 -1 -1 -1000 -1000 -1000 -10 1
747 130 Car -1 -1 -1 569.57 168.66 592.61 184.63 -1 -1 -1 -1000 -1000 -1000 -10 1
748 130 Car -1 -1 -1 569.50 168.34 592.32 184.16 -1 -1 -1 -1000 -1000 -1000 -10 1
749 130 Car -1 -1 -1 569.19 168.59 591.85 184.38 -1 -1 -1 -1000 -1000 -1000 -10 1
750 130 Car -1 -1 -1 569.12 169.30 591.71 185.09 -1 -1 -1 -1000 -1000 -1000 -10 1
751 130 Car -1 -1 -1 569.01 168.71 591.56 184.50 -1 -1 -1 -1000 -1000 -1000 -10 1
752 130 Car -1 -1 -1 568.56 168.30 591.14 184.20 -1 -1 -1 -1000 -1000 -1000 -10 1
753 130 Car -1 -1 -1 568.42 167.94 590.97 183.89 -1 -1 -1 -1000 -1000 -1000 -10 1
754 130 Car -1 -1 -1 567.88 167.96 590.49 183.94 -1 -1 -1 -1000 -1000 -1000 -10 1
755 130 Car -1 -1 -1 567.24 167.68 589.93 183.71 -1 -1 -1 -1000 -1000 -1000 -10 1
756 130 Car -1 -1 -1 567.04 168.19 589.69 184.17 -1 -1 -1 -1000 -1000 -1000 -10 1
757 130 Car -1 -1 -1 567.17 168.72 589.64 184.60 -1 -1 -1 -1000 -1000 -1000 -10 1
758 130 Car -1 -1 -1 566.86 168.34 589.24 184.26 -1 -1 -1 -1000 -1000 -1000 -10 1
759 130 Car -1 -1 -1 566.38 168.19 588.58 184.15 -1 -1 -1 -1000 -1000 -1000 -10 1
762 140 Car -1 -1 -1 568.67 170.83 590.25 189.59 -1 -1 -1 -1000 -1000 -1000 -10 1
763 140 Car -1 -1 -1 566.93 167.96 589.01 186.10 -1 -1 -1 -1000 -1000 -1000 -10 1
764 140 Car -1 -1 -1 568.56 170.78 590.31 189.03 -1 -1 -1 -1000 -1000 -1000 -10 1
765 140 Car -1 -1 -1 569.60 172.05 590.92 190.03 -1 -1 -1 -1000 -1000 -1000 -10 1
766 140 Car -1 -1 -1 567.89 169.51 589.50 186.89 -1 -1 -1 -1000 -1000 -1000 -10 1
767 140 Car -1 -1 -1 566.86 166.82 588.70 183.94 -1 -1 -1 -1000 -1000 -1000 -10 1
769 141 Car -1 -1 -1 571.01 171.36 592.06 189.30 -1 -1 -1 -1000 -1000 -1000 -10 1
775 142 Car -1 -1 -1 377.40 157.42 428.24 196.74 -1 -1 -1 -1000 -1000 -1000 -10 1
776 143 Car -1 -1 -1 574.08 175.20 594.95 193.03 -1 -1 -1 -1000 -1000 -1000 -10 1
776 142 Car -1 -1 -1 356.27 154.42 415.75 198.44 -1 -1 -1 -1000 -1000 -1000 -10 1
777 142 Car -1 -1 -1 333.55 154.28 399.70 202.95 -1 -1 -1 -1000 -1000 -1000 -10 1
778 142 Car -1 -1 -1 304.51 151.34 379.87 205.73 -1 -1 -1 -1000 -1000 -1000 -10 1
779 142 Car -1 -1 -1 264.29 147.75 353.70 209.50 -1 -1 -1 -1000 -1000 -1000 -10 1
780 143 Car -1 -1 -1 574.62 173.36 595.14 191.38 -1 -1 -1 -1000 -1000 -1000 -10 1
780 142 Car -1 -1 -1 207.62 145.56 311.97 212.68 -1 -1 -1 -1000 -1000 -1000 -10 1
781 143 Car -1 -1 -1 574.99 173.47 595.35 191.45 -1 -1 -1 -1000 -1000 -1000 -10 1
782 143 Car -1 -1 -1 578.34 173.92 598.80 191.62 -1 -1 -1 -1000 -1000 -1000 -10 1
785 145 Car -1 -1 -1 576.00 171.19 596.44 188.40 -1 -1 -1 -1000 -1000 -1000 -10 1
786 148 Car -1 -1 -1 230.42 174.52 305.15 211.79 -1 -1 -1 -1000 -1000 -1000 -10 1
786 145 Car -1 -1 -1 577.09 171.77 597.02 188.70 -1 -1 -1 -1000 -1000 -1000 -10 1
787 148 Car -1 -1 -1 154.39 168.54 260.21 215.02 -1 -1 -1 -1000 -1000 -1000 -10 1
787 145 Car -1 -1 -1 576.32 171.81 596.16 188.67 -1 -1 -1 -1000 -1000 -1000 -10 1
788 148 Car -1 -1 -1 59.27 172.81 188.46 224.47 -1 -1 -1 -1000 -1000 -1000 -10 1
788 145 Car -1 -1 -1 576.39 171.84 596.27 188.89 -1 -1 -1 -1000 -1000 -1000 -10 1
