0 5 Car -1 -1 -1 402.78 170.57 458.21 198.13 -1 -1 -1 -1000 -1000 -1000 -10 1
0 4 Car -1 -1 -1 790.16 167.12 882.94 208.29 -1 -1 -1 -1000 -1000 -1000 -10 1
0 3 Car -1 -1 -1 438.20 173.40 472.91 193.70 -1 -1 -1 -1000 -1000 -1000 -10 1
0 2 Car -1 -1 -1 776.34 178.15 870.62 234.74 -1 -1 -1 -1000 -1000 -1000 -10 1
0 1 Car -1 -1 -1 788.97 155.06 893.04 194.33 -1 -1 -1 -1000 -1000 -1000 -10 1
1 5 Car -1 -1 -1 393.20 168.86 460.50 199.20 -1 -1 -1 -1000 -1000 -1000 -10 1
1 3 Car -1 -1 -1 434.46 170.48 470.74 191.73 -1 -1 -1 -1000 -1000 -1000 -10 1
1 2 Car -1 -1 -1 769.23 180.61 871.19 234.62 -1 -1 -1 -1000 -1000 -1000 -10 1
1 1 Car -1 -1 -1 791.04 150.86 904.43 192.55 -1 -1 -1 -1000 -1000 -1000 -10 1
2 5 Car -1 -1 -1 383.91 169.90 452.05 198.30 -1 -1 -1 -1000 -1000 -1000 -10 1
2 2 Car -1 -1 -1 766.28 176.80 868.74 230.50 -1 -1 -1 -1000 -1000 -1000 -10 1
2 1 Car -1 -1 -1 815.53 153.30 917.73 193.82 -1 -1 -1 -1000 -1000 -1000 -10 1
3 5 Car -1 -1 -1 379.96 171.12 444.49 201.37 -1 -1 -1 -1000 -1000 -1000 -10 1
3 2 Car -1 -1 -1 764.05 175.19 863.87 228.88 -1 -1 -1 -1000 -1000 -1000 -10 1
3 1 Car -1 -1 -1 830.81 153.25 927.87 192.93 -1 -1 -1 -1000 -1000 -1000 -10 1
4 5 Car -1 -1 -1 373.39 170.52 434.80 201.47 -1 -1 -1 -1000 -1000 -1000 -10 1
4 2 Car -1 -1 -1 764.19 179.80 858.64 231.02 -1 -1 -1 -1000 -1000 -1000 -10 1
4 1 Car -1 -1 -1 804.32 151.92 906.62 194.30 -1 -1 -1 -1000 -1000 -1000 -10 1
5 5 Car -1 -1 -1 366.87 175.33 426.83 205.64 -1 -1 -1 -1000 -1000 -1000 -10 1
5 2 Car -1 -1 -1 762.73 182.54 853.46 231.80 -1 -1 -1 -1000 -1000 -1000 -10 1
5 1 Car -1 -1 -1 810.52 159.69 899.33 196.56 -1 -1 -1 -1000 -1000 -1000 -10 1
6 2 Car -1 -1 -1 758.75 181.51 847.49 230.22 -1 -1 -1 -1000 -1000 -1000 -10 1
6 1 Car -1 -1 -1 807.14 163.41 887.79 197.82 -1 -1 -1 -1000 -1000 -1000 -10 1
7 2 Car -1 -1 -1 754.82 180.18 841.04 227.38 -1 -1 -1 -1000 -1000 -1000 -10 1
8 10 Car -1 -1 -1 329.89 171.40 396.27 206.91 -1 -1 -1 -1000 -1000 -1000 -10 1
8 2 Car -1 -1 -1 753.79 177.67 832.46 223.57 -1 -1 -1 -1000 -1000 -1000 -10 1
9 5 Car -1 -1 -1 327.87 171.12 393.01 203.78 -1 -1 -1 -1000 -1000 -1000 -10 1
9 2 Car -1 -1 -1 753.90 173.93 826.99 218.22 -1 -1 -1 -1000 -1000 -1000 -10 1
10 12 Car -1 -1 -1 856.69 143.62 989.39 186.02 -1 -1 -1 -1000 -1000 -1000 -10 1
10 5 Car -1 -1 -1 323.45 170.56 389.32 203.81 -1 -1 -1 -1000 -1000 -1000 -10 1
10 2 Car -1 -1 -1 752.53 172.16 822.01 215.84 -1 -1 -1 -1000 -1000 -1000 -10 1
10 1 Car -1 -1 -1 799.14 160.85 872.32 191.18 -1 -1 -1 -1000 -1000 -1000 -10 1
11 12 Car -1 -1 -1 872.19 140.84 1009.42 185.48 -1 -1 -1 -1000 -1000 -1000 -10 1
11 5 Car -1 -1 -1 314.49 170.22 388.12 204.56 -1 -1 -1 -1000 -1000 -1000 -10 1
11 2 Car -1 -1 -1 751.24 172.47 817.18 215.64 -1 -1 -1 -1000 -1000 -1000 -10 1
12 5 Car -1 -1 -1 303.41 171.18 379.77 207.11 -1 -1 -1 -1000 -1000 -1000 -10 1
12 2 Car -1 -1 -1 750.87 173.62 813.78 216.13 -1 -1 -1 -1000 -1000 -1000 -10 1
13 5 Car -1 -1 -1 291.71 170.64 373.75 210.77 -1 -1 -1 -1000 -1000 -1000 -10 1
13 2 Car -1 -1 -1 747.90 175.67 810.18 218.26 -1 -1 -1 -1000 -1000 -1000 -10 1
14 5 Car -1 -1 -1 283.45 169.49 373.36 211.58 -1 -1 -1 -1000 -1000 -1000 -10 1
14 2 Car -1 -1 -1 745.41 177.62 806.98 220.25 -1 -1 -1 -1000 -1000 -1000 -10 1
15 17 Car -1 -1 -1 437.54 181.54 470.84 201.61 -1 -1 -1 -1000 -1000 -1000 -10 1
15 5 Car -1 -1 -1 274.12 170.99 370.23 213.72 -1 -1 -1 -1000 -1000 -1000 -10 1
15 2 Car -1 -1 -1 742.53 178.31 803.27 220.74 -1 -1 -1 -1000 -1000 -1000 -10 1
16 5 Car -1 -1 -1 263.71 170.81 362.94 217.05 -1 -1 -1 -1000 -1000 -1000 -10 1
16 2 Car -1 -1 -1 741.21 178.08 800.46 220.19 -1 -1 -1 -1000 -1000 -1000 -10 1
17 18 Car -1 -1 -1 824.20 159.89 928.10 192.26 -1 -1 -1 -1000 -1000 -1000 -10 1
17 5 Car -1 -1 -1 252.08 170.87 357.32 217.07 -1 -1 -1 -1000 -1000 -1000 -10 1
17 2 Car -1 -1 -1 739.44 177.12 797.94 219.16 -1 -1 -1 -1000 -1000 -1000 -10 1
18 18 Car -1 -1 -1 828.47 159.58 932.33 190.82 -1 -1 -1 -1000 -1000 -1000 -10 1
18 5 Car -1 -1 -1 242.92 168.76 348.74 217.55 -1 -1 -1 -1000 -1000 -1000 -10 1
18 2 Car -1 -1 -1 738.22 176.68 795.13 217.87 -1 -1 -1 -1000 -1000 -1000 -10 1
19 21 Car -1 -1 -1 843.46 162.50 931.06 196.60 -1 -1 -1 -1000 -1000 -1000 -10 1
19 18 Car -1 -1 -1 834.41 160.87 932.57 192.44 -1 -1 -1 -1000 -1000 -1000 -10 1
19 5 Car -1 -1 -1 228.56 169.75 338.17 220.00 -1 -1 -1 -1000 -1000 -1000 -10 1
19 2 Car -1 -1 -1 737.24 176.29 792.69 216.94 -1 -1 -1 -1000 -1000 -1000 -10 1
20 21 Car -1 -1 -1 842.71 160.50 934.71 195.82 -1 -1 -1 -1000 -1000 -1000 -10 1
20 18 Car -1 -1 -1 839.70 158.13 945.84 191.57 -1 -1 -1 -1000 -1000 -1000 -10 1
20 5 Car -1 -1 -1 213.72 171.25 328.82 221.68 -1 -1 -1 -1000 -1000 -1000 -10 1
20 2 Car -1 -1 -1 737.07 176.24 791.16 216.56 -1 -1 -1 -1000 -1000 -1000 -10 1
21 23 Car -1 -1 -1 408.02 184.08 466.47 219.59 -1 -1 -1 -1000 -1000 -1000 -10 1
21 21 Car -1 -1 -1 842.10 158.94 944.28 197.72 -1 -1 -1 -1000 -1000 -1000 -10 1
21 18 Car -1 -1 -1 842.52 156.99 956.01 192.33 -1 -1 -1 -1000 -1000 -1000 -10 1
21 5 Car -1 -1 -1 198.73 174.16 320.40 226.18 -1 -1 -1 -1000 -1000 -1000 -10 1
21 2 Car -1 -1 -1 735.42 177.73 789.60 218.72 -1 -1 -1 -1000 -1000 -1000 -10 1
22 23 Car -1 -1 -1 389.94 182.28 454.48 220.67 -1 -1 -1 -1000 -1000 -1000 -10 1
22 5 Car -1 -1 -1 182.13 175.37 309.66 229.18 -1 -1 -1 -1000 -1000 -1000 -10 1
22 2 Car -1 -1 -1 733.56 178.08 787.44 219.27 -1 -1 -1 -1000 -1000 -1000 -10 1
23 23 Car -1 -1 -1 369.93 181.18 444.21 225.54 -1 -1 -1 -1000 -1000 -1000 -10 1
23 5 Car -1 -1 -1 162.94 176.14 296.76 231.63 -1 -1 -1 -1000 -1000 -1000 -10 1
23 2 Car -1 -1 -1 732.04 178.85 785.65 219.84 -1 -1 -1 -1000 -1000 -1000 -10 1
24 23 Car -1 -1 -1 346.37 184.28 428.97 228.96 -1 -1 -1 -1000 -1000 -1000 -10 1
24 5 Car -1 -1 -1 141.38 174.12 284.32 233.34 -1 -1 -1 -1000 -1000 -1000 -10 1
24 2 Car -1 -1 -1 730.83 179.44 783.15 220.35 -1 -1 -1 -1000 -1000 -1000 -10 1
25 23 Car -1 -1 -1 311.87 184.42 409.38 233.00 -1 -1 -1 -1000 -1000 -1000 -10 1
25 5 Car -1 -1 -1 118.85 173.21 268.05 233.60 -1 -1 -1 -1000 -1000 -1000 -10 1
25 2 Car -1 -1 -1 727.76 179.63 779.33 220.68 -1 -1 -1 -1000 -1000 -1000 -10 1
26 23 Car -1 -1 -1 281.80 185.04 387.48 238.72 -1 -1 -1 -1000 -1000 -1000 -10 1
26 5 Car -1 -1 -1 101.96 171.90 255.13 234.96 -1 -1 -1 -1000 -1000 -1000 -10 1
26 2 Car -1 -1 -1 724.31 179.63 775.16 220.66 -1 -1 -1 -1000 -1000 -1000 -10 1
27 23 Car -1 -1 -1 232.28 186.42 358.42 247.51 -1 -1 -1 -1000 -1000 -1000 -10 1
27 5 Car -1 -1 -1 77.80 168.30 239.33 235.18 -1 -1 -1 -1000 -1000 -1000 -10 1
27 2 Car -1 -1 -1 719.65 179.90 771.23 221.16 -1 -1 -1 -1000 -1000 -1000 -10 1
28 28 Car -1 -1 -1 375.42 178.97 434.38 212.05 -1 -1 -1 -1000 -1000 -1000 -10 1
28 27 Car -1 -1 -1 33.50 162.91 208.64 242.15 -1 -1 -1 -1000 -1000 -1000 -10 1
28 23 Car -1 -1 -1 168.11 183.52 323.63 255.86 -1 -1 -1 -1000 -1000 -1000 -10 1
29 27 Car -1 -1 -1 26.33 164.82 245.33 262.98 -1 -1 -1 -1000 -1000 -1000 -10 1
30 27 Car -1 -1 -1 -2.76 171.15 234.72 285.76 -1 -1 -1 -1000 -1000 -1000 -10 1
31 27 Car -1 -1 -1 -18.76 167.98 198.49 284.59 -1 -1 -1 -1000 -1000 -1000 -10 1
31 2 Car -1 -1 -1 705.61 174.13 756.60 213.64 -1 -1 -1 -1000 -1000 -1000 -10 1
32 32 Car -1 -1 -1 413.51 175.71 464.78 205.96 -1 -1 -1 -1000 -1000 -1000 -10 1
32 28 Car -1 -1 -1 304.12 180.04 380.49 221.19 -1 -1 -1 -1000 -1000 -1000 -10 1
32 2 Car -1 -1 -1 703.81 175.53 754.61 214.49 -1 -1 -1 -1000 -1000 -1000 -10 1
33 32 Car -1 -1 -1 387.66 178.59 452.52 216.16 -1 -1 -1 -1000 -1000 -1000 -10 1
33 28 Car -1 -1 -1 276.69 178.77 361.87 224.24 -1 -1 -1 -1000 -1000 -1000 -10 1
33 2 Car -1 -1 -1 701.92 175.92 752.38 214.70 -1 -1 -1 -1000 -1000 -1000 -10 1
34 32 Car -1 -1 -1 357.81 177.39 437.60 220.87 -1 -1 -1 -1000 -1000 -1000 -10 1
34 28 Car -1 -1 -1 245.50 179.03 343.99 227.77 -1 -1 -1 -1000 -1000 -1000 -10 1
34 2 Car -1 -1 -1 701.81 175.63 750.79 213.88 -1 -1 -1 -1000 -1000 -1000 -10 1
35 32 Car -1 -1 -1 333.86 178.20 423.76 224.57 -1 -1 -1 -1000 -1000 -1000 -10 1
35 28 Car -1 -1 -1 210.15 182.12 323.47 231.61 -1 -1 -1 -1000 -1000 -1000 -10 1
35 2 Car -1 -1 -1 697.25 177.02 745.34 215.83 -1 -1 -1 -1000 -1000 -1000 -10 1
36 36 Car -1 -1 -1 -7.34 185.66 83.12 234.06 -1 -1 -1 -1000 -1000 -1000 -10 1
36 32 Car -1 -1 -1 303.91 178.82 405.62 228.94 -1 -1 -1 -1000 -1000 -1000 -10 1
36 28 Car -1 -1 -1 175.09 183.75 295.15 235.43 -1 -1 -1 -1000 -1000 -1000 -10 1
36 2 Car -1 -1 -1 695.27 177.35 743.21 216.85 -1 -1 -1 -1000 -1000 -1000 -10 1
37 38 Car -1 -1 -1 596.11 171.81 626.16 196.02 -1 -1 -1 -1000 -1000 -1000 -10 1
37 36 Car -1 -1 -1 -13.33 186.81 58.91 231.82 -1 -1 -1 -1000 -1000 -1000 -10 1
37 32 Car -1 -1 -1 267.30 178.31 381.98 235.04 -1 -1 -1 -1000 -1000 -1000 -10 1
37 28 Car -1 -1 -1 121.66 185.26 260.24 241.81 -1 -1 -1 -1000 -1000 -1000 -10 1
37 2 Car -1 -1 -1 693.23 176.70 740.55 216.70 -1 -1 -1 -1000 -1000 -1000 -10 1
38 38 Car -1 -1 -1 596.69 169.86 626.29 193.36 -1 -1 -1 -1000 -1000 -1000 -10 1
38 32 Car -1 -1 -1 219.87 182.28 343.62 244.94 -1 -1 -1 -1000 -1000 -1000 -10 1
38 28 Car -1 -1 -1 56.25 186.82 213.54 248.28 -1 -1 -1 -1000 -1000 -1000 -10 1
38 2 Car -1 -1 -1 694.36 175.35 740.57 213.60 -1 -1 -1 -1000 -1000 -1000 -10 1
39 38 Car -1 -1 -1 594.91 171.97 624.58 195.84 -1 -1 -1 -1000 -1000 -1000 -10 1
39 32 Car -1 -1 -1 157.03 182.47 304.57 254.02 -1 -1 -1 -1000 -1000 -1000 -10 1
39 28 Car -1 -1 -1 10.09 186.76 172.35 251.97 -1 -1 -1 -1000 -1000 -1000 -10 1
39 2 Car -1 -1 -1 694.83 174.66 740.19 211.65 -1 -1 -1 -1000 -1000 -1000 -10 1
40 38 Car -1 -1 -1 595.36 172.32 624.78 196.31 -1 -1 -1 -1000 -1000 -1000 -10 1
40 32 Car -1 -1 -1 72.81 189.26 245.04 266.47 -1 -1 -1 -1000 -1000 -1000 -10 1
40 28 Car -1 -1 -1 -16.45 191.13 137.31 257.71 -1 -1 -1 -1000 -1000 -1000 -10 1
40 2 Car -1 -1 -1 692.68 175.48 737.09 212.72 -1 -1 -1 -1000 -1000 -1000 -10 1
41 38 Car -1 -1 -1 594.65 172.22 624.38 196.80 -1 -1 -1 -1000 -1000 -1000 -10 1
41 32 Car -1 -1 -1 9.89 200.68 197.50 290.24 -1 -1 -1 -1000 -1000 -1000 -10 1
41 2 Car -1 -1 -1 694.76 174.66 738.21 211.08 -1 -1 -1 -1000 -1000 -1000 -10 1
42 40 Car -1 -1 -1 133.08 172.43 274.22 240.86 -1 -1 -1 -1000 -1000 -1000 -10 1
42 38 Car -1 -1 -1 594.20 169.86 624.34 194.37 -1 -1 -1 -1000 -1000 -1000 -10 1
42 32 Car -1 -1 -1 -28.63 206.18 132.90 300.21 -1 -1 -1 -1000 -1000 -1000 -10 1
42 2 Car -1 -1 -1 692.28 175.35 735.76 211.07 -1 -1 -1 -1000 -1000 -1000 -10 1
43 41 Car -1 -1 -1 229.62 174.87 349.56 238.44 -1 -1 -1 -1000 -1000 -1000 -10 1
43 40 Car -1 -1 -1 76.05 174.92 236.21 249.20 -1 -1 -1 -1000 -1000 -1000 -10 1
43 38 Car -1 -1 -1 593.66 169.13 624.23 193.58 -1 -1 -1 -1000 -1000 -1000 -10 1
43 2 Car -1 -1 -1 690.47 175.25 734.66 211.03 -1 -1 -1 -1000 -1000 -1000 -10 1
44 43 Car -1 -1 -1 323.61 177.16 387.54 214.76 -1 -1 -1 -1000 -1000 -1000 -10 1
44 41 Car -1 -1 -1 179.98 180.61 315.97 248.94 -1 -1 -1 -1000 -1000 -1000 -10 1
44 40 Car -1 -1 -1 14.98 177.92 194.48 256.67 -1 -1 -1 -1000 -1000 -1000 -10 1
44 38 Car -1 -1 -1 593.99 168.82 624.94 193.10 -1 -1 -1 -1000 -1000 -1000 -10 1
44 2 Car -1 -1 -1 688.92 175.40 734.13 211.67 -1 -1 -1 -1000 -1000 -1000 -10 1
45 43 Car -1 -1 -1 299.91 178.71 374.33 220.62 -1 -1 -1 -1000 -1000 -1000 -10 1
45 41 Car -1 -1 -1 118.17 185.51 274.90 258.89 -1 -1 -1 -1000 -1000 -1000 -10 1
45 40 Car -1 -1 -1 -18.18 183.40 154.53 264.25 -1 -1 -1 -1000 -1000 -1000 -10 1
45 38 Car -1 -1 -1 593.47 169.51 624.85 193.68 -1 -1 -1 -1000 -1000 -1000 -10 1
45 2 Car -1 -1 -1 689.93 175.09 734.73 210.85 -1 -1 -1 -1000 -1000 -1000 -10 1
46 43 Car -1 -1 -1 277.02 176.30 361.59 221.76 -1 -1 -1 -1000 -1000 -1000 -10 1
46 41 Car -1 -1 -1 32.41 187.33 227.80 276.59 -1 -1 -1 -1000 -1000 -1000 -10 1
46 38 Car -1 -1 -1 591.88 169.99 623.83 193.99 -1 -1 -1 -1000 -1000 -1000 -10 1
46 2 Car -1 -1 -1 688.35 175.18 734.63 211.51 -1 -1 -1 -1000 -1000 -1000 -10 1
47 43 Car -1 -1 -1 254.46 178.27 347.16 226.87 -1 -1 -1 -1000 -1000 -1000 -10 1
47 41 Car -1 -1 -1 -14.02 195.00 179.77 292.31 -1 -1 -1 -1000 -1000 -1000 -10 1
47 38 Car -1 -1 -1 590.78 171.27 622.74 194.98 -1 -1 -1 -1000 -1000 -1000 -10 1
47 2 Car -1 -1 -1 689.93 177.13 736.27 213.29 -1 -1 -1 -1000 -1000 -1000 -10 1
48 43 Car -1 -1 -1 224.42 182.32 329.69 232.92 -1 -1 -1 -1000 -1000 -1000 -10 1
48 38 Car -1 -1 -1 592.80 172.45 625.07 198.01 -1 -1 -1 -1000 -1000 -1000 -10 1
48 2 Car -1 -1 -1 689.67 177.73 735.28 213.29 -1 -1 -1 -1000 -1000 -1000 -10 1
49 43 Car -1 -1 -1 191.04 181.72 308.86 238.18 -1 -1 -1 -1000 -1000 -1000 -10 1
49 38 Car -1 -1 -1 593.91 173.81 625.68 200.31 -1 -1 -1 -1000 -1000 -1000 -10 1
49 2 Car -1 -1 -1 694.31 178.16 738.18 212.59 -1 -1 -1 -1000 -1000 -1000 -10 1
50 46 Car -1 -1 -1 409.02 166.51 470.77 211.96 -1 -1 -1 -1000 -1000 -1000 -10 1
50 43 Car -1 -1 -1 148.35 180.07 282.78 243.48 -1 -1 -1 -1000 -1000 -1000 -10 1
50 38 Car -1 -1 -1 584.99 174.44 615.80 200.45 -1 -1 -1 -1000 -1000 -1000 -10 1
50 2 Car -1 -1 -1 697.92 178.75 740.44 212.52 -1 -1 -1 -1000 -1000 -1000 -10 1
51 43 Car -1 -1 -1 99.26 184.86 246.30 248.12 -1 -1 -1 -1000 -1000 -1000 -10 1
51 38 Car -1 -1 -1 587.22 175.12 619.21 201.90 -1 -1 -1 -1000 -1000 -1000 -10 1
51 2 Car -1 -1 -1 701.19 178.71 743.02 212.00 -1 -1 -1 -1000 -1000 -1000 -10 1
52 43 Car -1 -1 -1 36.54 186.98 200.87 256.11 -1 -1 -1 -1000 -1000 -1000 -10 1
52 2 Car -1 -1 -1 705.66 178.79 746.91 211.79 -1 -1 -1 -1000 -1000 -1000 -10 1
53 48 Car -1 -1 -1 225.02 181.41 285.79 217.09 -1 -1 -1 -1000 -1000 -1000 -10 1
53 43 Car -1 -1 -1 -7.44 191.98 158.31 264.08 -1 -1 -1 -1000 -1000 -1000 -10 1
53 2 Car -1 -1 -1 705.41 177.91 748.65 213.00 -1 -1 -1 -1000 -1000 -1000 -10 1
54 48 Car -1 -1 -1 217.48 182.91 277.03 218.28 -1 -1 -1 -1000 -1000 -1000 -10 1
54 46 Car -1 -1 -1 358.34 173.75 440.50 224.49 -1 -1 -1 -1000 -1000 -1000 -10 1
54 43 Car -1 -1 -1 -30.77 191.71 111.21 265.40 -1 -1 -1 -1000 -1000 -1000 -10 1
54 2 Car -1 -1 -1 715.65 175.77 757.32 211.24 -1 -1 -1 -1000 -1000 -1000 -10 1
55 48 Car -1 -1 -1 207.40 182.21 268.60 217.93 -1 -1 -1 -1000 -1000 -1000 -10 1
55 46 Car -1 -1 -1 337.39 173.02 430.02 226.35 -1 -1 -1 -1000 -1000 -1000 -10 1
55 38 Car -1 -1 -1 591.98 171.10 630.09 202.76 -1 -1 -1 -1000 -1000 -1000 -10 1
55 2 Car -1 -1 -1 721.32 173.13 763.54 208.71 -1 -1 -1 -1000 -1000 -1000 -10 1
56 48 Car -1 -1 -1 198.34 183.51 260.02 218.55 -1 -1 -1 -1000 -1000 -1000 -10 1
56 46 Car -1 -1 -1 321.79 171.69 420.54 228.65 -1 -1 -1 -1000 -1000 -1000 -10 1
56 38 Car -1 -1 -1 593.20 169.57 633.88 203.49 -1 -1 -1 -1000 -1000 -1000 -10 1
56 2 Car -1 -1 -1 729.78 173.10 771.76 207.69 -1 -1 -1 -1000 -1000 -1000 -10 1
57 52 Car -1 -1 -1 523.12 165.42 558.44 197.47 -1 -1 -1 -1000 -1000 -1000 -10 1
57 48 Car -1 -1 -1 183.35 182.20 249.91 219.30 -1 -1 -1 -1000 -1000 -1000 -10 1
57 46 Car -1 -1 -1 293.13 170.83 404.26 231.95 -1 -1 -1 -1000 -1000 -1000 -10 1
57 38 Car -1 -1 -1 595.70 166.65 637.28 202.53 -1 -1 -1 -1000 -1000 -1000 -10 1
57 2 Car -1 -1 -1 740.21 171.36 782.21 204.51 -1 -1 -1 -1000 -1000 -1000 -10 1
58 55 Car -1 -1 -1 264.53 165.68 389.36 236.69 -1 -1 -1 -1000 -1000 -1000 -10 1
58 48 Car -1 -1 -1 173.32 182.54 241.39 221.15 -1 -1 -1 -1000 -1000 -1000 -10 1
58 46 Car -1 -1 -1 268.39 167.53 390.85 233.43 -1 -1 -1 -1000 -1000 -1000 -10 1
58 38 Car -1 -1 -1 594.19 165.74 635.79 202.56 -1 -1 -1 -1000 -1000 -1000 -10 1
58 2 Car -1 -1 -1 748.68 171.25 791.79 203.59 -1 -1 -1 -1000 -1000 -1000 -10 1
59 55 Car -1 -1 -1 230.92 160.92 365.76 239.57 -1 -1 -1 -1000 -1000 -1000 -10 1
59 48 Car -1 -1 -1 160.58 180.92 235.31 222.09 -1 -1 -1 -1000 -1000 -1000 -10 1
59 46 Car -1 -1 -1 237.08 167.32 371.02 237.28 -1 -1 -1 -1000 -1000 -1000 -10 1
59 38 Car -1 -1 -1 593.75 166.58 636.68 204.27 -1 -1 -1 -1000 -1000 -1000 -10 1
59 2 Car -1 -1 -1 758.92 169.10 805.67 200.31 -1 -1 -1 -1000 -1000 -1000 -10 1
60 55 Car -1 -1 -1 190.22 159.83 344.44 248.27 -1 -1 -1 -1000 -1000 -1000 -10 1
60 48 Car -1 -1 -1 150.99 179.11 225.58 222.04 -1 -1 -1 -1000 -1000 -1000 -10 1
60 46 Car -1 -1 -1 202.79 168.39 347.38 243.33 -1 -1 -1 -1000 -1000 -1000 -10 1
60 38 Car -1 -1 -1 593.11 164.51 637.35 203.22 -1 -1 -1 -1000 -1000 -1000 -10 1
60 2 Car -1 -1 -1 766.60 167.23 813.69 198.13 -1 -1 -1 -1000 -1000 -1000 -10 1
61 55 Car -1 -1 -1 141.42 158.37 318.51 257.82 -1 -1 -1 -1000 -1000 -1000 -10 1
61 38 Car -1 -1 -1 592.23 163.81 637.69 203.66 -1 -1 -1 -1000 -1000 -1000 -10 1
61 2 Car -1 -1 -1 777.98 168.13 829.55 196.78 -1 -1 -1 -1000 -1000 -1000 -10 1
62 55 Car -1 -1 -1 86.40 159.61 289.90 265.66 -1 -1 -1 -1000 -1000 -1000 -10 1
62 38 Car -1 -1 -1 590.51 163.95 637.96 204.76 -1 -1 -1 -1000 -1000 -1000 -10 1
62 2 Car -1 -1 -1 791.51 169.39 841.76 198.19 -1 -1 -1 -1000 -1000 -1000 -10 1
63 55 Car -1 -1 -1 19.61 161.93 252.46 281.53 -1 -1 -1 -1000 -1000 -1000 -10 1
63 38 Car -1 -1 -1 590.38 162.86 639.11 205.57 -1 -1 -1 -1000 -1000 -1000 -10 1
63 2 Car -1 -1 -1 805.91 169.23 859.03 197.93 -1 -1 -1 -1000 -1000 -1000 -10 1
64 57 Car -1 -1 -1 330.36 176.90 417.49 223.41 -1 -1 -1 -1000 -1000 -1000 -10 1
64 55 Car -1 -1 -1 -15.89 166.83 220.60 294.05 -1 -1 -1 -1000 -1000 -1000 -10 1
64 38 Car -1 -1 -1 590.28 162.32 639.97 206.94 -1 -1 -1 -1000 -1000 -1000 -10 1
64 2 Car -1 -1 -1 817.82 170.23 870.73 198.00 -1 -1 -1 -1000 -1000 -1000 -10 1
65 57 Car -1 -1 -1 309.24 179.71 405.41 228.60 -1 -1 -1 -1000 -1000 -1000 -10 1
65 55 Car -1 -1 -1 -33.40 168.58 184.78 296.60 -1 -1 -1 -1000 -1000 -1000 -10 1
65 38 Car -1 -1 -1 589.88 162.17 640.47 208.29 -1 -1 -1 -1000 -1000 -1000 -10 1
65 2 Car -1 -1 -1 829.83 170.99 881.46 197.17 -1 -1 -1 -1000 -1000 -1000 -10 1
66 60 Car -1 -1 -1 402.26 168.49 477.52 203.73 -1 -1 -1 -1000 -1000 -1000 -10 1
66 59 Car -1 -1 -1 897.63 163.29 974.81 194.02 -1 -1 -1 -1000 -1000 -1000 -10 1
66 57 Car -1 -1 -1 282.73 181.30 390.00 232.77 -1 -1 -1 -1000 -1000 -1000 -10 1
66 38 Car -1 -1 -1 588.58 162.24 640.01 209.36 -1 -1 -1 -1000 -1000 -1000 -10 1
66 2 Car -1 -1 -1 842.46 171.05 897.84 197.83 -1 -1 -1 -1000 -1000 -1000 -10 1
67 60 Car -1 -1 -1 387.83 162.98 478.75 205.68 -1 -1 -1 -1000 -1000 -1000 -10 1
67 59 Car -1 -1 -1 881.28 164.45 958.31 194.56 -1 -1 -1 -1000 -1000 -1000 -10 1
67 57 Car -1 -1 -1 253.17 181.64 372.68 236.46 -1 -1 -1 -1000 -1000 -1000 -10 1
67 38 Car -1 -1 -1 588.90 161.91 641.56 210.06 -1 -1 -1 -1000 -1000 -1000 -10 1
67 2 Car -1 -1 -1 857.77 170.32 917.13 197.32 -1 -1 -1 -1000 -1000 -1000 -10 1
68 60 Car -1 -1 -1 370.18 166.98 459.69 209.11 -1 -1 -1 -1000 -1000 -1000 -10 1
68 59 Car -1 -1 -1 883.64 163.19 958.41 193.95 -1 -1 -1 -1000 -1000 -1000 -10 1
68 57 Car -1 -1 -1 193.11 182.61 332.30 245.88 -1 -1 -1 -1000 -1000 -1000 -10 1
68 38 Car -1 -1 -1 586.82 162.45 640.17 210.75 -1 -1 -1 -1000 -1000 -1000 -10 1
69 59 Car -1 -1 -1 883.99 163.33 959.13 194.32 -1 -1 -1 -1000 -1000 -1000 -10 1
69 57 Car -1 -1 -1 138.80 183.02 297.55 253.01 -1 -1 -1 -1000 -1000 -1000 -10 1
69 38 Car -1 -1 -1 585.04 163.96 639.34 212.48 -1 -1 -1 -1000 -1000 -1000 -10 1
70 64 Car -1 -1 -1 -5.38 185.55 82.95 241.51 -1 -1 -1 -1000 -1000 -1000 -10 1
70 57 Car -1 -1 -1 79.08 184.44 264.59 264.61 -1 -1 -1 -1000 -1000 -1000 -10 1
70 38 Car -1 -1 -1 585.56 165.01 640.90 214.45 -1 -1 -1 -1000 -1000 -1000 -10 1
71 57 Car -1 -1 -1 19.58 189.90 220.39 273.59 -1 -1 -1 -1000 -1000 -1000 -10 1
71 38 Car -1 -1 -1 586.54 165.03 642.90 215.36 -1 -1 -1 -1000 -1000 -1000 -10 1
72 65 Car -1 -1 -1 282.68 174.31 410.08 226.39 -1 -1 -1 -1000 -1000 -1000 -10 1
72 57 Car -1 -1 -1 -14.47 194.57 185.85 287.77 -1 -1 -1 -1000 -1000 -1000 -10 1
72 38 Car -1 -1 -1 586.25 166.00 644.03 217.64 -1 -1 -1 -1000 -1000 -1000 -10 1
73 67 Car -1 -1 -1 1007.25 161.39 1109.70 198.20 -1 -1 -1 -1000 -1000 -1000 -10 1
73 65 Car -1 -1 -1 255.81 172.47 396.23 232.60 -1 -1 -1 -1000 -1000 -1000 -10 1
73 59 Car -1 -1 -1 836.13 161.62 898.93 187.43 -1 -1 -1 -1000 -1000 -1000 -10 1
73 57 Car -1 -1 -1 -35.93 197.50 142.90 296.38 -1 -1 -1 -1000 -1000 -1000 -10 1
73 38 Car -1 -1 -1 586.51 167.71 645.86 220.70 -1 -1 -1 -1000 -1000 -1000 -10 1
74 67 Car -1 -1 -1 1023.03 163.39 1119.64 197.81 -1 -1 -1 -1000 -1000 -1000 -10 1
74 65 Car -1 -1 -1 224.86 174.55 374.50 240.46 -1 -1 -1 -1000 -1000 -1000 -10 1
74 38 Car -1 -1 -1 585.72 168.15 646.28 222.09 -1 -1 -1 -1000 -1000 -1000 -10 1
75 67 Car -1 -1 -1 1052.44 162.90 1155.03 198.65 -1 -1 -1 -1000 -1000 -1000 -10 1
75 65 Car -1 -1 -1 187.66 178.78 348.32 249.09 -1 -1 -1 -1000 -1000 -1000 -10 1
75 38 Car -1 -1 -1 584.10 167.66 646.01 222.56 -1 -1 -1 -1000 -1000 -1000 -10 1
76 67 Car -1 -1 -1 1081.74 163.12 1190.51 199.84 -1 -1 -1 -1000 -1000 -1000 -10 1
76 65 Car -1 -1 -1 138.78 182.60 315.31 258.21 -1 -1 -1 -1000 -1000 -1000 -10 1
76 38 Car -1 -1 -1 582.06 168.09 644.28 223.68 -1 -1 -1 -1000 -1000 -1000 -10 1
77 69 Car -1 -1 -1 -3.36 175.88 95.18 222.05 -1 -1 -1 -1000 -1000 -1000 -10 1
77 67 Car -1 -1 -1 1102.61 162.40 1218.11 200.71 -1 -1 -1 -1000 -1000 -1000 -10 1
77 65 Car -1 -1 -1 75.80 184.48 285.49 271.81 -1 -1 -1 -1000 -1000 -1000 -10 1
77 59 Car -1 -1 -1 793.01 162.52 859.16 188.57 -1 -1 -1 -1000 -1000 -1000 -10 1
77 38 Car -1 -1 -1 578.91 166.97 642.77 224.35 -1 -1 -1 -1000 -1000 -1000 -10 1
78 67 Car -1 -1 -1 1122.00 156.71 1244.63 199.30 -1 -1 -1 -1000 -1000 -1000 -10 1
78 65 Car -1 -1 -1 27.13 185.76 251.56 276.17 -1 -1 -1 -1000 -1000 -1000 -10 1
78 59 Car -1 -1 -1 776.83 159.79 843.81 186.46 -1 -1 -1 -1000 -1000 -1000 -10 1
78 38 Car -1 -1 -1 577.10 168.01 642.25 226.89 -1 -1 -1 -1000 -1000 -1000 -10 1
79 67 Car -1 -1 -1 1146.46 154.22 1257.27 197.73 -1 -1 -1 -1000 -1000 -1000 -10 1
79 65 Car -1 -1 -1 3.27 183.95 231.02 274.97 -1 -1 -1 -1000 -1000 -1000 -10 1
79 59 Car -1 -1 -1 764.42 158.49 833.72 186.06 -1 -1 -1 -1000 -1000 -1000 -10 1
79 38 Car -1 -1 -1 575.34 168.06 642.20 228.79 -1 -1 -1 -1000 -1000 -1000 -10 1
80 67 Car -1 -1 -1 1177.65 150.58 1267.94 194.34 -1 -1 -1 -1000 -1000 -1000 -10 1
80 65 Car -1 -1 -1 -9.26 180.83 214.28 270.22 -1 -1 -1 -1000 -1000 -1000 -10 1
80 59 Car -1 -1 -1 754.61 158.85 824.91 187.05 -1 -1 -1 -1000 -1000 -1000 -10 1
80 38 Car -1 -1 -1 571.73 168.93 643.20 230.06 -1 -1 -1 -1000 -1000 -1000 -10 1
81 73 Car -1 -1 -1 -5.23 200.25 269.84 380.58 -1 -1 -1 -1000 -1000 -1000 -10 1
81 59 Car -1 -1 -1 746.39 160.35 816.18 189.16 -1 -1 -1 -1000 -1000 -1000 -10 1
81 38 Car -1 -1 -1 568.36 169.16 643.13 230.57 -1 -1 -1 -1000 -1000 -1000 -10 1
82 73 Car -1 -1 -1 -1.72 215.23 282.53 384.23 -1 -1 -1 -1000 -1000 -1000 -10 1
82 59 Car -1 -1 -1 736.33 160.73 805.87 189.19 -1 -1 -1 -1000 -1000 -1000 -10 1
82 38 Car -1 -1 -1 566.68 169.18 645.20 231.58 -1 -1 -1 -1000 -1000 -1000 -10 1
83 75 Car -1 -1 -1 -24.50 207.91 138.76 305.19 -1 -1 -1 -1000 -1000 -1000 -10 1
83 73 Car -1 -1 -1 2.87 218.51 297.73 382.01 -1 -1 -1 -1000 -1000 -1000 -10 1
83 38 Car -1 -1 -1 565.91 169.83 648.12 233.55 -1 -1 -1 -1000 -1000 -1000 -10 1
84 73 Car -1 -1 -1 1.30 217.68 302.68 379.55 -1 -1 -1 -1000 -1000 -1000 -10 1
84 38 Car -1 -1 -1 565.56 170.38 651.09 235.93 -1 -1 -1 -1000 -1000 -1000 -10 1
85 73 Car -1 -1 -1 -0.83 214.75 310.30 375.31 -1 -1 -1 -1000 -1000 -1000 -10 1
85 38 Car -1 -1 -1 566.31 170.87 655.31 238.59 -1 -1 -1 -1000 -1000 -1000 -10 1
86 73 Car -1 -1 -1 -2.94 208.66 320.63 374.29 -1 -1 -1 -1000 -1000 -1000 -10 1
86 38 Car -1 -1 -1 565.69 170.76 659.05 241.01 -1 -1 -1 -1000 -1000 -1000 -10 1
87 73 Car -1 -1 -1 1.61 206.79 328.54 374.31 -1 -1 -1 -1000 -1000 -1000 -10 1
87 38 Car -1 -1 -1 564.40 170.31 660.13 242.69 -1 -1 -1 -1000 -1000 -1000 -10 1
88 73 Car -1 -1 -1 3.48 204.82 342.87 374.59 -1 -1 -1 -1000 -1000 -1000 -10 1
88 38 Car -1 -1 -1 559.76 170.29 656.58 246.65 -1 -1 -1 -1000 -1000 -1000 -10 1
89 73 Car -1 -1 -1 3.59 205.49 350.17 375.33 -1 -1 -1 -1000 -1000 -1000 -10 1
89 38 Car -1 -1 -1 558.62 169.87 656.99 249.44 -1 -1 -1 -1000 -1000 -1000 -10 1
90 73 Car -1 -1 -1 1.60 201.08 362.44 373.93 -1 -1 -1 -1000 -1000 -1000 -10 1
90 38 Car -1 -1 -1 557.73 169.34 657.68 251.24 -1 -1 -1 -1000 -1000 -1000 -10 1
91 73 Car -1 -1 -1 -1.12 199.67 372.95 372.04 -1 -1 -1 -1000 -1000 -1000 -10 1
91 38 Car -1 -1 -1 555.73 168.82 657.59 252.92 -1 -1 -1 -1000 -1000 -1000 -10 1
92 73 Car -1 -1 -1 -4.47 200.43 379.41 372.99 -1 -1 -1 -1000 -1000 -1000 -10 1
92 38 Car -1 -1 -1 553.56 167.42 655.93 253.26 -1 -1 -1 -1000 -1000 -1000 -10 1
93 73 Car -1 -1 -1 -1.92 194.41 382.08 370.20 -1 -1 -1 -1000 -1000 -1000 -10 1
93 38 Car -1 -1 -1 553.92 168.01 660.44 251.85 -1 -1 -1 -1000 -1000 -1000 -10 1
94 73 Car -1 -1 -1 -4.34 194.62 390.23 372.63 -1 -1 -1 -1000 -1000 -1000 -10 1
94 38 Car -1 -1 -1 556.43 171.70 664.41 256.13 -1 -1 -1 -1000 -1000 -1000 -10 1
95 73 Car -1 -1 -1 -6.51 193.72 400.66 374.16 -1 -1 -1 -1000 -1000 -1000 -10 1
95 38 Car -1 -1 -1 552.97 172.83 663.20 259.98 -1 -1 -1 -1000 -1000 -1000 -10 1
96 73 Car -1 -1 -1 -10.58 193.25 412.37 374.77 -1 -1 -1 -1000 -1000 -1000 -10 1
96 38 Car -1 -1 -1 551.10 172.24 663.28 261.87 -1 -1 -1 -1000 -1000 -1000 -10 1
97 73 Car -1 -1 -1 -6.62 193.01 411.12 373.88 -1 -1 -1 -1000 -1000 -1000 -10 1
97 38 Car -1 -1 -1 551.42 169.10 668.49 262.22 -1 -1 -1 -1000 -1000 -1000 -10 1
98 73 Car -1 -1 -1 -9.28 191.80 408.79 373.46 -1 -1 -1 -1000 -1000 -1000 -10 1
98 38 Car -1 -1 -1 549.58 167.28 670.87 263.67 -1 -1 -1 -1000 -1000 -1000 -10 1
99 73 Car -1 -1 -1 -7.96 190.56 409.57 372.90 -1 -1 -1 -1000 -1000 -1000 -10 1
99 38 Car -1 -1 -1 544.88 167.56 671.53 268.22 -1 -1 -1 -1000 -1000 -1000 -10 1
100 81 Car -1 -1 -1 810.14 165.44 883.47 193.01 -1 -1 -1 -1000 -1000 -1000 -10 1
100 73 Car -1 -1 -1 -11.51 190.36 416.78 370.78 -1 -1 -1 -1000 -1000 -1000 -10 1
100 38 Car -1 -1 -1 543.90 166.19 675.19 270.06 -1 -1 -1 -1000 -1000 -1000 -10 1
101 73 Car -1 -1 -1 -12.21 189.70 424.51 370.28 -1 -1 -1 -1000 -1000 -1000 -10 1
101 38 Car -1 -1 -1 536.96 165.19 677.00 273.93 -1 -1 -1 -1000 -1000 -1000 -10 1
102 73 Car -1 -1 -1 -12.19 189.83 424.44 371.68 -1 -1 -1 -1000 -1000 -1000 -10 1
102 38 Car -1 -1 -1 536.33 164.57 681.54 276.87 -1 -1 -1 -1000 -1000 -1000 -10 1
103 73 Car -1 -1 -1 -17.08 188.08 425.16 371.54 -1 -1 -1 -1000 -1000 -1000 -10 1
103 38 Car -1 -1 -1 534.65 164.26 683.31 278.62 -1 -1 -1 -1000 -1000 -1000 -10 1
104 82 Car -1 -1 -1 460.99 170.97 562.19 210.09 -1 -1 -1 -1000 -1000 -1000 -10 1
104 73 Car -1 -1 -1 -18.14 187.70 429.96 371.69 -1 -1 -1 -1000 -1000 -1000 -10 1
104 38 Car -1 -1 -1 533.64 164.11 685.71 280.09 -1 -1 -1 -1000 -1000 -1000 -10 1
105 82 Car -1 -1 -1 447.00 174.14 552.14 213.89 -1 -1 -1 -1000 -1000 -1000 -10 1
105 73 Car -1 -1 -1 -13.21 187.88 429.72 370.82 -1 -1 -1 -1000 -1000 -1000 -10 1
105 38 Car -1 -1 -1 533.29 164.33 688.37 282.68 -1 -1 -1 -1000 -1000 -1000 -10 1
106 73 Car -1 -1 -1 -15.38 184.65 433.06 371.13 -1 -1 -1 -1000 -1000 -1000 -10 1
106 38 Car -1 -1 -1 532.26 164.25 689.57 284.83 -1 -1 -1 -1000 -1000 -1000 -10 1
107 73 Car -1 -1 -1 -12.42 183.35 437.46 371.78 -1 -1 -1 -1000 -1000 -1000 -10 1
107 38 Car -1 -1 -1 531.59 164.97 692.41 288.31 -1 -1 -1 -1000 -1000 -1000 -10 1
108 73 Car -1 -1 -1 -8.77 182.39 440.93 372.26 -1 -1 -1 -1000 -1000 -1000 -10 1
108 38 Car -1 -1 -1 530.05 165.72 693.80 291.49 -1 -1 -1 -1000 -1000 -1000 -10 1
109 73 Car -1 -1 -1 -2.66 179.70 444.88 372.02 -1 -1 -1 -1000 -1000 -1000 -10 1
109 38 Car -1 -1 -1 529.53 168.02 696.34 296.34 -1 -1 -1 -1000 -1000 -1000 -10 1
110 73 Car -1 -1 -1 0.72 180.21 448.02 372.76 -1 -1 -1 -1000 -1000 -1000 -10 1
110 38 Car -1 -1 -1 529.26 167.96 696.67 299.28 -1 -1 -1 -1000 -1000 -1000 -10 1
111 82 Car -1 -1 -1 349.78 176.85 466.86 222.29 -1 -1 -1 -1000 -1000 -1000 -10 1
111 73 Car -1 -1 -1 5.11 181.06 449.17 373.14 -1 -1 -1 -1000 -1000 -1000 -10 1
111 38 Car -1 -1 -1 527.87 167.72 693.83 299.20 -1 -1 -1 -1000 -1000 -1000 -10 1
112 82 Car -1 -1 -1 337.95 177.73 455.48 224.68 -1 -1 -1 -1000 -1000 -1000 -10 1
112 73 Car -1 -1 -1 10.53 180.44 452.18 372.96 -1 -1 -1 -1000 -1000 -1000 -10 1
112 38 Car -1 -1 -1 528.37 168.61 694.21 300.29 -1 -1 -1 -1000 -1000 -1000 -10 1
113 82 Car -1 -1 -1 316.18 174.84 437.21 225.39 -1 -1 -1 -1000 -1000 -1000 -10 1
113 73 Car -1 -1 -1 10.87 179.15 450.62 372.42 -1 -1 -1 -1000 -1000 -1000 -10 1
113 38 Car -1 -1 -1 528.12 169.00 691.85 306.15 -1 -1 -1 -1000 -1000 -1000 -10 1
114 73 Car -1 -1 -1 12.04 178.97 449.10 372.66 -1 -1 -1 -1000 -1000 -1000 -10 1
114 38 Car -1 -1 -1 525.33 165.91 692.67 304.99 -1 -1 -1 -1000 -1000 -1000 -10 1
115 73 Car -1 -1 -1 13.18 177.14 450.60 372.42 -1 -1 -1 -1000 -1000 -1000 -10 1
115 38 Car -1 -1 -1 524.13 165.71 699.31 310.50 -1 -1 -1 -1000 -1000 -1000 -10 1
116 73 Car -1 -1 -1 10.45 179.19 446.08 373.59 -1 -1 -1 -1000 -1000 -1000 -10 1
116 38 Car -1 -1 -1 521.55 164.41 706.28 310.91 -1 -1 -1 -1000 -1000 -1000 -10 1
117 73 Car -1 -1 -1 11.49 179.08 448.85 373.52 -1 -1 -1 -1000 -1000 -1000 -10 1
117 38 Car -1 -1 -1 518.63 163.86 708.81 310.62 -1 -1 -1 -1000 -1000 -1000 -10 1
118 87 Car -1 -1 -1 400.72 176.32 485.49 209.18 -1 -1 -1 -1000 -1000 -1000 -10 1
118 73 Car -1 -1 -1 6.07 179.28 445.33 373.58 -1 -1 -1 -1000 -1000 -1000 -10 1
118 38 Car -1 -1 -1 517.04 163.42 707.16 311.35 -1 -1 -1 -1000 -1000 -1000 -10 1
119 87 Car -1 -1 -1 374.75 175.51 460.28 208.96 -1 -1 -1 -1000 -1000 -1000 -10 1
119 73 Car -1 -1 -1 -2.69 182.79 435.39 375.09 -1 -1 -1 -1000 -1000 -1000 -10 1
120 88 Car -1 -1 -1 519.85 161.32 702.10 317.26 -1 -1 -1 -1000 -1000 -1000 -10 1
120 87 Car -1 -1 -1 354.42 180.42 434.85 213.01 -1 -1 -1 -1000 -1000 -1000 -10 1
120 73 Car -1 -1 -1 -9.21 184.44 431.42 373.29 -1 -1 -1 -1000 -1000 -1000 -10 1
121 88 Car -1 -1 -1 518.83 161.76 704.03 322.13 -1 -1 -1 -1000 -1000 -1000 -10 1
121 73 Car -1 -1 -1 -11.82 183.87 433.41 373.20 -1 -1 -1 -1000 -1000 -1000 -10 1
122 88 Car -1 -1 -1 518.35 161.96 702.87 326.36 -1 -1 -1 -1000 -1000 -1000 -10 1
122 73 Car -1 -1 -1 -17.74 186.48 430.24 374.68 -1 -1 -1 -1000 -1000 -1000 -10 1
122 38 Car -1 -1 -1 512.97 157.67 709.92 328.73 -1 -1 -1 -1000 -1000 -1000 -10 1
123 88 Car -1 -1 -1 515.80 160.50 702.93 329.57 -1 -1 -1 -1000 -1000 -1000 -10 1
123 73 Car -1 -1 -1 -20.85 187.50 431.77 375.08 -1 -1 -1 -1000 -1000 -1000 -10 1
123 38 Car -1 -1 -1 510.83 154.96 710.39 332.64 -1 -1 -1 -1000 -1000 -1000 -10 1
124 88 Car -1 -1 -1 513.18 160.46 702.12 332.92 -1 -1 -1 -1000 -1000 -1000 -10 1
124 73 Car -1 -1 -1 -18.62 188.69 429.30 375.07 -1 -1 -1 -1000 -1000 -1000 -10 1
124 38 Car -1 -1 -1 507.85 153.57 710.14 336.03 -1 -1 -1 -1000 -1000 -1000 -10 1
125 88 Car -1 -1 -1 510.48 159.06 703.61 335.05 -1 -1 -1 -1000 -1000 -1000 -10 1
125 73 Car -1 -1 -1 -12.71 190.08 427.07 375.11 -1 -1 -1 -1000 -1000 -1000 -10 1
125 38 Car -1 -1 -1 506.09 152.69 713.01 339.40 -1 -1 -1 -1000 -1000 -1000 -10 1
126 88 Car -1 -1 -1 507.35 158.14 705.35 336.76 -1 -1 -1 -1000 -1000 -1000 -10 1
126 73 Car -1 -1 -1 -14.49 189.40 427.34 372.66 -1 -1 -1 -1000 -1000 -1000 -10 1
126 38 Car -1 -1 -1 502.55 151.12 715.25 341.77 -1 -1 -1 -1000 -1000 -1000 -10 1
127 88 Car -1 -1 -1 504.42 157.79 709.29 339.36 -1 -1 -1 -1000 -1000 -1000 -10 1
127 73 Car -1 -1 -1 -18.72 188.95 426.71 372.19 -1 -1 -1 -1000 -1000 -1000 -10 1
127 38 Car -1 -1 -1 500.37 149.86 720.17 344.78 -1 -1 -1 -1000 -1000 -1000 -10 1
128 88 Car -1 -1 -1 501.45 157.40 710.47 340.66 -1 -1 -1 -1000 -1000 -1000 -10 1
128 73 Car -1 -1 -1 -19.35 192.08 421.56 371.22 -1 -1 -1 -1000 -1000 -1000 -10 1
128 38 Car -1 -1 -1 497.58 149.10 722.14 347.81 -1 -1 -1 -1000 -1000 -1000 -10 1
129 88 Car -1 -1 -1 499.74 156.06 709.63 339.82 -1 -1 -1 -1000 -1000 -1000 -10 1
129 73 Car -1 -1 -1 -13.76 193.76 421.09 372.36 -1 -1 -1 -1000 -1000 -1000 -10 1
129 38 Car -1 -1 -1 493.35 147.88 721.59 349.07 -1 -1 -1 -1000 -1000 -1000 -10 1
130 88 Car -1 -1 -1 499.30 156.38 707.76 341.14 -1 -1 -1 -1000 -1000 -1000 -10 1
130 73 Car -1 -1 -1 -10.49 193.68 420.69 372.50 -1 -1 -1 -1000 -1000 -1000 -10 1
130 38 Car -1 -1 -1 492.59 146.45 722.71 350.15 -1 -1 -1 -1000 -1000 -1000 -10 1
131 88 Car -1 -1 -1 499.94 157.18 708.11 344.11 -1 -1 -1 -1000 -1000 -1000 -10 1
131 73 Car -1 -1 -1 -16.75 194.10 422.46 374.41 -1 -1 -1 -1000 -1000 -1000 -10 1
131 38 Car -1 -1 -1 491.20 145.70 722.78 352.09 -1 -1 -1 -1000 -1000 -1000 -10 1
132 88 Car -1 -1 -1 499.36 156.87 707.82 345.03 -1 -1 -1 -1000 -1000 -1000 -10 1
132 73 Car -1 -1 -1 -20.38 194.49 425.82 375.18 -1 -1 -1 -1000 -1000 -1000 -10 1
132 38 Car -1 -1 -1 489.32 146.06 722.83 354.14 -1 -1 -1 -1000 -1000 -1000 -10 1
133 88 Car -1 -1 -1 500.50 157.70 708.57 346.89 -1 -1 -1 -1000 -1000 -1000 -10 1
133 73 Car -1 -1 -1 -24.52 194.53 424.88 375.84 -1 -1 -1 -1000 -1000 -1000 -10 1
133 38 Car -1 -1 -1 489.62 147.98 724.21 357.11 -1 -1 -1 -1000 -1000 -1000 -10 1
134 88 Car -1 -1 -1 499.76 158.39 711.40 348.49 -1 -1 -1 -1000 -1000 -1000 -10 1
134 73 Car -1 -1 -1 -26.49 193.67 423.88 376.32 -1 -1 -1 -1000 -1000 -1000 -10 1
134 38 Car -1 -1 -1 490.09 148.66 727.61 358.76 -1 -1 -1 -1000 -1000 -1000 -10 1
135 88 Car -1 -1 -1 498.76 158.46 711.89 351.82 -1 -1 -1 -1000 -1000 -1000 -10 1
135 73 Car -1 -1 -1 -22.46 192.01 418.49 374.87 -1 -1 -1 -1000 -1000 -1000 -10 1
135 38 Car -1 -1 -1 490.26 150.12 729.45 361.09 -1 -1 -1 -1000 -1000 -1000 -10 1
136 88 Car -1 -1 -1 499.32 158.15 713.36 353.88 -1 -1 -1 -1000 -1000 -1000 -10 1
136 73 Car -1 -1 -1 -17.70 191.05 416.04 374.07 -1 -1 -1 -1000 -1000 -1000 -10 1
136 38 Car -1 -1 -1 491.71 151.38 732.28 363.35 -1 -1 -1 -1000 -1000 -1000 -10 1
137 88 Car -1 -1 -1 499.38 158.21 713.49 355.53 -1 -1 -1 -1000 -1000 -1000 -10 1
137 73 Car -1 -1 -1 -19.88 190.36 412.90 374.47 -1 -1 -1 -1000 -1000 -1000 -10 1
137 38 Car -1 -1 -1 491.40 151.63 732.33 364.54 -1 -1 -1 -1000 -1000 -1000 -10 1
138 88 Car -1 -1 -1 497.68 156.66 720.33 359.87 -1 -1 -1 -1000 -1000 -1000 -10 1
138 73 Car -1 -1 -1 -18.49 189.91 410.43 373.67 -1 -1 -1 -1000 -1000 -1000 -10 1
138 38 Car -1 -1 -1 486.10 152.48 731.10 365.33 -1 -1 -1 -1000 -1000 -1000 -10 1
139 88 Car -1 -1 -1 495.00 155.55 723.87 362.80 -1 -1 -1 -1000 -1000 -1000 -10 1
139 73 Car -1 -1 -1 -13.70 191.51 407.35 373.87 -1 -1 -1 -1000 -1000 -1000 -10 1
139 38 Car -1 -1 -1 483.28 152.94 732.28 365.77 -1 -1 -1 -1000 -1000 -1000 -10 1
140 73 Car -1 -1 -1 -11.64 193.17 403.63 374.15 -1 -1 -1 -1000 -1000 -1000 -10 1
140 38 Car -1 -1 -1 485.35 153.44 733.97 367.13 -1 -1 -1 -1000 -1000 -1000 -10 1
141 73 Car -1 -1 -1 -9.02 194.14 400.91 373.83 -1 -1 -1 -1000 -1000 -1000 -10 1
141 38 Car -1 -1 -1 486.27 153.30 734.19 368.00 -1 -1 -1 -1000 -1000 -1000 -10 1
142 73 Car -1 -1 -1 -7.07 194.40 399.48 373.25 -1 -1 -1 -1000 -1000 -1000 -10 1
142 38 Car -1 -1 -1 487.02 153.65 734.83 368.75 -1 -1 -1 -1000 -1000 -1000 -10 1
143 73 Car -1 -1 -1 -5.27 194.39 398.92 372.65 -1 -1 -1 -1000 -1000 -1000 -10 1
143 38 Car -1 -1 -1 486.94 153.80 735.39 369.01 -1 -1 -1 -1000 -1000 -1000 -10 1
144 73 Car -1 -1 -1 -4.20 194.23 398.31 372.16 -1 -1 -1 -1000 -1000 -1000 -10 1
144 38 Car -1 -1 -1 486.52 153.53 735.38 368.86 -1 -1 -1 -1000 -1000 -1000 -10 1
145 73 Car -1 -1 -1 -3.26 194.31 397.73 371.89 -1 -1 -1 -1000 -1000 -1000 -10 1
145 38 Car -1 -1 -1 486.22 153.21 735.71 368.83 -1 -1 -1 -1000 -1000 -1000 -10 1
146 73 Car -1 -1 -1 -2.43 194.59 397.00 371.86 -1 -1 -1 -1000 -1000 -1000 -10 1
146 38 Car -1 -1 -1 485.88 152.98 735.70 368.79 -1 -1 -1 -1000 -1000 -1000 -10 1
147 73 Car -1 -1 -1 -1.71 194.73 396.51 371.72 -1 -1 -1 -1000 -1000 -1000 -10 1
147 38 Car -1 -1 -1 485.79 153.00 735.88 368.84 -1 -1 -1 -1000 -1000 -1000 -10 1
148 73 Car -1 -1 -1 -1.70 194.75 396.28 371.59 -1 -1 -1 -1000 -1000 -1000 -10 1
148 38 Car -1 -1 -1 486.55 153.35 735.75 368.97 -1 -1 -1 -1000 -1000 -1000 -10 1
