0 6 Car -1 -1 -1 530.34 174.02 560.18 202.43 -1 -1 -1 -1000 -1000 -1000 -10 1
0 5 Car -1 -1 -1 438.61 176.68 486.34 208.99 -1 -1 -1 -1000 -1000 -1000 -10 1
0 4 Car -1 -1 -1 371.31 176.95 464.17 224.81 -1 -1 -1 -1000 -1000 -1000 -10 1
0 3 Car -1 -1 -1 235.55 185.03 391.14 262.13 -1 -1 -1 -1000 -1000 -1000 -10 1
0 2 Car -1 -1 -1 556.94 133.82 633.50 215.38 -1 -1 -1 -1000 -1000 -1000 -10 1
0 1 Car -1 -1 -1 554.20 130.16 637.85 219.98 -1 -1 -1 -1000 -1000 -1000 -10 1
1 7 Car -1 -1 -1 419.49 174.61 482.95 213.29 -1 -1 -1 -1000 -1000 -1000 -10 1
1 6 Car -1 -1 -1 531.53 173.93 561.42 203.32 -1 -1 -1 -1000 -1000 -1000 -10 1
1 5 Car -1 -1 -1 428.73 174.41 484.19 210.48 -1 -1 -1 -1000 -1000 -1000 -10 1
1 4 Car -1 -1 -1 368.33 176.79 464.88 226.75 -1 -1 -1 -1000 -1000 -1000 -10 1
1 3 Car -1 -1 -1 230.99 186.18 385.73 263.40 -1 -1 -1 -1000 -1000 -1000 -10 1
1 2 Car -1 -1 -1 556.26 128.69 647.20 218.65 -1 -1 -1 -1000 -1000 -1000 -10 1
1 1 Car -1 -1 -1 555.04 130.54 642.69 221.60 -1 -1 -1 -1000 -1000 -1000 -10 1
2 7 Car -1 -1 -1 416.20 174.63 480.59 214.47 -1 -1 -1 -1000 -1000 -1000 -10 1
2 6 Car -1 -1 -1 534.97 173.93 565.48 202.78 -1 -1 -1 -1000 -1000 -1000 -10 1
2 4 Car -1 -1 -1 364.86 175.86 465.93 228.80 -1 -1 -1 -1000 -1000 -1000 -10 1
2 3 Car -1 -1 -1 227.08 187.84 381.89 266.26 -1 -1 -1 -1000 -1000 -1000 -10 1
2 2 Car -1 -1 -1 556.58 128.23 649.30 217.61 -1 -1 -1 -1000 -1000 -1000 -10 1
2 1 Car -1 -1 -1 554.33 131.08 642.55 221.84 -1 -1 -1 -1000 -1000 -1000 -10 1
3 6 Car -1 -1 -1 529.79 173.06 565.48 204.25 -1 -1 -1 -1000 -1000 -1000 -10 1
3 4 Car -1 -1 -1 359.54 176.25 463.70 230.86 -1 -1 -1 -1000 -1000 -1000 -10 1
3 3 Car -1 -1 -1 222.36 192.17 372.12 267.07 -1 -1 -1 -1000 -1000 -1000 -10 1
3 1 Car -1 -1 -1 553.72 131.87 644.05 224.31 -1 -1 -1 -1000 -1000 -1000 -10 1
4 7 Car -1 -1 -1 422.80 177.36 484.34 214.81 -1 -1 -1 -1000 -1000 -1000 -10 1
4 6 Car -1 -1 -1 526.97 174.62 565.64 207.10 -1 -1 -1 -1000 -1000 -1000 -10 1
4 4 Car -1 -1 -1 356.86 176.59 459.82 233.64 -1 -1 -1 -1000 -1000 -1000 -10 1
4 3 Car -1 -1 -1 210.75 194.05 368.78 271.94 -1 -1 -1 -1000 -1000 -1000 -10 1
4 1 Car -1 -1 -1 554.25 131.79 646.14 225.39 -1 -1 -1 -1000 -1000 -1000 -10 1
5 7 Car -1 -1 -1 419.67 178.02 482.62 216.14 -1 -1 -1 -1000 -1000 -1000 -10 1
5 6 Car -1 -1 -1 525.39 175.01 565.68 208.13 -1 -1 -1 -1000 -1000 -1000 -10 1
5 4 Car -1 -1 -1 355.33 175.32 458.03 234.55 -1 -1 -1 -1000 -1000 -1000 -10 1
5 3 Car -1 -1 -1 196.18 193.75 367.09 277.74 -1 -1 -1 -1000 -1000 -1000 -10 1
5 1 Car -1 -1 -1 555.52 130.65 647.85 224.76 -1 -1 -1 -1000 -1000 -1000 -10 1
6 7 Car -1 -1 -1 413.61 180.15 477.11 219.29 -1 -1 -1 -1000 -1000 -1000 -10 1
6 6 Car -1 -1 -1 523.35 174.85 565.01 208.87 -1 -1 -1 -1000 -1000 -1000 -10 1
6 4 Car -1 -1 -1 355.78 177.21 454.13 236.49 -1 -1 -1 -1000 -1000 -1000 -10 1
6 3 Car -1 -1 -1 183.80 192.69 362.53 282.88 -1 -1 -1 -1000 -1000 -1000 -10 1
6 1 Car -1 -1 -1 556.84 130.58 648.74 223.83 -1 -1 -1 -1000 -1000 -1000 -10 1
7 7 Car -1 -1 -1 409.76 179.36 475.35 220.73 -1 -1 -1 -1000 -1000 -1000 -10 1
7 6 Car -1 -1 -1 521.72 174.47 566.48 210.36 -1 -1 -1 -1000 -1000 -1000 -10 1
7 4 Car -1 -1 -1 356.25 177.26 453.27 237.12 -1 -1 -1 -1000 -1000 -1000 -10 1
7 3 Car -1 -1 -1 172.76 193.01 358.58 286.66 -1 -1 -1 -1000 -1000 -1000 -10 1
7 1 Car -1 -1 -1 556.59 131.65 648.16 224.19 -1 -1 -1 -1000 -1000 -1000 -10 1
8 7 Car -1 -1 -1 408.49 178.03 474.27 220.82 -1 -1 -1 -1000 -1000 -1000 -10 1
8 6 Car -1 -1 -1 518.84 173.00 567.08 210.98 -1 -1 -1 -1000 -1000 -1000 -10 1
8 4 Car -1 -1 -1 354.38 177.65 449.49 237.32 -1 -1 -1 -1000 -1000 -1000 -10 1
8 3 Car -1 -1 -1 158.13 193.15 353.15 290.67 -1 -1 -1 -1000 -1000 -1000 -10 1
8 1 Car -1 -1 -1 558.29 132.87 649.20 224.86 -1 -1 -1 -1000 -1000 -1000 -10 1
9 7 Car -1 -1 -1 408.60 177.74 475.04 222.06 -1 -1 -1 -1000 -1000 -1000 -10 1
9 6 Car -1 -1 -1 515.27 172.06 567.93 212.63 -1 -1 -1 -1000 -1000 -1000 -10 1
9 4 Car -1 -1 -1 349.59 177.42 445.83 237.99 -1 -1 -1 -1000 -1000 -1000 -10 1
9 3 Car -1 -1 -1 143.82 193.38 343.13 293.77 -1 -1 -1 -1000 -1000 -1000 -10 1
9 1 Car -1 -1 -1 557.58 132.50 648.20 224.47 -1 -1 -1 -1000 -1000 -1000 -10 1
10 6 Car -1 -1 -1 507.84 170.29 565.48 213.28 -1 -1 -1 -1000 -1000 -1000 -10 1
10 4 Car -1 -1 -1 342.04 176.25 441.07 238.95 -1 -1 -1 -1000 -1000 -1000 -10 1
10 3 Car -1 -1 -1 130.58 195.97 332.47 295.08 -1 -1 -1 -1000 -1000 -1000 -10 1
10 1 Car -1 -1 -1 561.16 134.52 649.90 223.88 -1 -1 -1 -1000 -1000 -1000 -10 1
11 6 Car -1 -1 -1 504.59 168.49 564.50 212.88 -1 -1 -1 -1000 -1000 -1000 -10 1
11 4 Car -1 -1 -1 345.49 176.12 440.82 237.83 -1 -1 -1 -1000 -1000 -1000 -10 1
11 3 Car -1 -1 -1 111.81 196.14 325.12 301.27 -1 -1 -1 -1000 -1000 -1000 -10 1
11 1 Car -1 -1 -1 562.72 134.49 648.99 221.38 -1 -1 -1 -1000 -1000 -1000 -10 1
12 10 Car -1 -1 -1 562.99 132.88 649.91 211.12 -1 -1 -1 -1000 -1000 -1000 -10 1
12 6 Car -1 -1 -1 500.30 167.08 562.60 212.61 -1 -1 -1 -1000 -1000 -1000 -10 1
12 4 Car -1 -1 -1 332.25 175.39 432.90 241.51 -1 -1 -1 -1000 -1000 -1000 -10 1
12 3 Car -1 -1 -1 88.87 194.52 317.28 305.78 -1 -1 -1 -1000 -1000 -1000 -10 1
12 1 Car -1 -1 -1 564.31 132.69 649.53 218.20 -1 -1 -1 -1000 -1000 -1000 -10 1
13 10 Car -1 -1 -1 563.05 132.04 650.93 210.96 -1 -1 -1 -1000 -1000 -1000 -10 1
13 6 Car -1 -1 -1 496.95 166.48 561.12 212.91 -1 -1 -1 -1000 -1000 -1000 -10 1
13 4 Car -1 -1 -1 323.77 179.62 428.08 247.75 -1 -1 -1 -1000 -1000 -1000 -10 1
13 3 Car -1 -1 -1 67.25 195.45 309.78 312.39 -1 -1 -1 -1000 -1000 -1000 -10 1
13 1 Car -1 -1 -1 566.02 131.43 650.16 216.11 -1 -1 -1 -1000 -1000 -1000 -10 1
14 10 Car -1 -1 -1 563.54 130.40 652.46 209.77 -1 -1 -1 -1000 -1000 -1000 -10 1
14 6 Car -1 -1 -1 492.92 164.10 558.26 212.34 -1 -1 -1 -1000 -1000 -1000 -10 1
14 4 Car -1 -1 -1 318.11 179.41 427.43 248.85 -1 -1 -1 -1000 -1000 -1000 -10 1
14 3 Car -1 -1 -1 40.77 195.04 297.80 317.13 -1 -1 -1 -1000 -1000 -1000 -10 1
14 1 Car -1 -1 -1 567.32 130.10 650.09 213.29 -1 -1 -1 -1000 -1000 -1000 -10 1
15 10 Car -1 -1 -1 563.23 129.94 653.23 210.18 -1 -1 -1 -1000 -1000 -1000 -10 1
15 6 Car -1 -1 -1 489.73 163.37 556.40 213.34 -1 -1 -1 -1000 -1000 -1000 -10 1
15 4 Car -1 -1 -1 313.11 177.85 428.07 248.38 -1 -1 -1 -1000 -1000 -1000 -10 1
15 3 Car -1 -1 -1 12.51 195.12 289.14 323.36 -1 -1 -1 -1000 -1000 -1000 -10 1
15 1 Car -1 -1 -1 567.45 134.88 646.20 212.66 -1 -1 -1 -1000 -1000 -1000 -10 1
16 10 Car -1 -1 -1 562.38 132.89 653.15 213.30 -1 -1 -1 -1000 -1000 -1000 -10 1
16 6 Car -1 -1 -1 486.56 163.63 555.48 216.36 -1 -1 -1 -1000 -1000 -1000 -10 1
16 4 Car -1 -1 -1 307.78 178.78 430.29 250.48 -1 -1 -1 -1000 -1000 -1000 -10 1
16 3 Car -1 -1 -1 -1.14 199.81 280.26 331.16 -1 -1 -1 -1000 -1000 -1000 -10 1
16 1 Car -1 -1 -1 569.17 139.31 646.09 213.38 -1 -1 -1 -1000 -1000 -1000 -10 1
17 12 Car -1 -1 -1 482.01 165.83 558.42 220.98 -1 -1 -1 -1000 -1000 -1000 -10 1
17 10 Car -1 -1 -1 562.48 135.44 653.54 216.34 -1 -1 -1 -1000 -1000 -1000 -10 1
17 6 Car -1 -1 -1 484.90 163.93 555.57 218.30 -1 -1 -1 -1000 -1000 -1000 -10 1
17 4 Car -1 -1 -1 300.67 178.80 428.81 252.87 -1 -1 -1 -1000 -1000 -1000 -10 1
17 3 Car -1 -1 -1 -10.49 204.58 275.57 341.19 -1 -1 -1 -1000 -1000 -1000 -10 1
17 1 Car -1 -1 -1 569.41 138.86 646.40 213.10 -1 -1 -1 -1000 -1000 -1000 -10 1
18 12 Car -1 -1 -1 478.58 168.76 556.57 223.69 -1 -1 -1 -1000 -1000 -1000 -10 1
18 10 Car -1 -1 -1 563.50 138.15 654.31 217.01 -1 -1 -1 -1000 -1000 -1000 -10 1
18 6 Car -1 -1 -1 482.81 164.99 554.52 220.38 -1 -1 -1 -1000 -1000 -1000 -10 1
18 4 Car -1 -1 -1 296.48 183.40 424.20 259.52 -1 -1 -1 -1000 -1000 -1000 -10 1
18 3 Car -1 -1 -1 -17.50 208.11 269.48 352.53 -1 -1 -1 -1000 -1000 -1000 -10 1
18 1 Car -1 -1 -1 570.92 142.49 647.08 214.50 -1 -1 -1 -1000 -1000 -1000 -10 1
19 12 Car -1 -1 -1 475.17 168.62 555.70 225.73 -1 -1 -1 -1000 -1000 -1000 -10 1
19 10 Car -1 -1 -1 564.11 139.92 655.07 217.06 -1 -1 -1 -1000 -1000 -1000 -10 1
19 4 Car -1 -1 -1 284.56 185.78 415.73 262.79 -1 -1 -1 -1000 -1000 -1000 -10 1
19 3 Car -1 -1 -1 -22.51 210.41 257.82 359.49 -1 -1 -1 -1000 -1000 -1000 -10 1
19 1 Car -1 -1 -1 572.14 143.64 648.08 215.61 -1 -1 -1 -1000 -1000 -1000 -10 1
20 12 Car -1 -1 -1 471.85 170.07 554.58 230.21 -1 -1 -1 -1000 -1000 -1000 -10 1
20 10 Car -1 -1 -1 568.05 141.36 654.44 217.95 -1 -1 -1 -1000 -1000 -1000 -10 1
20 4 Car -1 -1 -1 279.02 189.08 413.77 267.49 -1 -1 -1 -1000 -1000 -1000 -10 1
20 3 Car -1 -1 -1 -25.81 212.73 243.77 363.56 -1 -1 -1 -1000 -1000 -1000 -10 1
20 1 Car -1 -1 -1 576.39 144.66 650.55 214.86 -1 -1 -1 -1000 -1000 -1000 -10 1
21 13 Car -1 -1 -1 375.43 177.93 462.87 238.32 -1 -1 -1 -1000 -1000 -1000 -10 1
21 12 Car -1 -1 -1 466.36 170.03 552.53 233.24 -1 -1 -1 -1000 -1000 -1000 -10 1
21 10 Car -1 -1 -1 572.00 141.08 657.79 219.37 -1 -1 -1 -1000 -1000 -1000 -10 1
21 4 Car -1 -1 -1 270.89 188.13 407.60 270.79 -1 -1 -1 -1000 -1000 -1000 -10 1
21 3 Car -1 -1 -1 -27.43 213.21 224.96 364.88 -1 -1 -1 -1000 -1000 -1000 -10 1
21 1 Car -1 -1 -1 578.20 144.88 652.81 216.65 -1 -1 -1 -1000 -1000 -1000 -10 1
22 13 Car -1 -1 -1 369.55 177.81 459.81 238.30 -1 -1 -1 -1000 -1000 -1000 -10 1
22 12 Car -1 -1 -1 460.10 168.26 550.53 235.60 -1 -1 -1 -1000 -1000 -1000 -10 1
22 10 Car -1 -1 -1 573.39 140.08 657.93 219.33 -1 -1 -1 -1000 -1000 -1000 -10 1
22 4 Car -1 -1 -1 264.86 187.26 401.21 271.11 -1 -1 -1 -1000 -1000 -1000 -10 1
22 3 Car -1 -1 -1 -25.97 214.27 205.61 364.17 -1 -1 -1 -1000 -1000 -1000 -10 1
22 1 Car -1 -1 -1 578.63 144.10 653.93 217.53 -1 -1 -1 -1000 -1000 -1000 -10 1
23 13 Car -1 -1 -1 367.00 179.88 456.04 238.79 -1 -1 -1 -1000 -1000 -1000 -10 1
23 12 Car -1 -1 -1 453.77 165.62 548.47 236.90 -1 -1 -1 -1000 -1000 -1000 -10 1
23 10 Car -1 -1 -1 572.81 140.43 655.81 220.11 -1 -1 -1 -1000 -1000 -1000 -10 1
23 3 Car -1 -1 -1 -25.18 216.74 189.16 367.78 -1 -1 -1 -1000 -1000 -1000 -10 1
23 1 Car -1 -1 -1 578.58 143.46 654.12 218.69 -1 -1 -1 -1000 -1000 -1000 -10 1
24 13 Car -1 -1 -1 361.87 183.24 449.96 239.11 -1 -1 -1 -1000 -1000 -1000 -10 1
24 12 Car -1 -1 -1 445.86 166.36 543.36 240.51 -1 -1 -1 -1000 -1000 -1000 -10 1
24 10 Car -1 -1 -1 573.45 140.05 655.19 220.36 -1 -1 -1 -1000 -1000 -1000 -10 1
24 3 Car -1 -1 -1 -26.60 225.72 166.84 372.27 -1 -1 -1 -1000 -1000 -1000 -10 1
24 1 Car -1 -1 -1 575.47 142.42 651.54 218.38 -1 -1 -1 -1000 -1000 -1000 -10 1
25 16 Car -1 -1 -1 429.96 162.58 541.65 241.65 -1 -1 -1 -1000 -1000 -1000 -10 1
25 13 Car -1 -1 -1 355.71 183.61 448.04 240.57 -1 -1 -1 -1000 -1000 -1000 -10 1
25 12 Car -1 -1 -1 441.32 162.78 539.80 239.09 -1 -1 -1 -1000 -1000 -1000 -10 1
25 10 Car -1 -1 -1 570.29 139.36 654.56 218.74 -1 -1 -1 -1000 -1000 -1000 -10 1
25 3 Car -1 -1 -1 -30.95 227.24 135.95 373.64 -1 -1 -1 -1000 -1000 -1000 -10 1
25 1 Car -1 -1 -1 572.88 143.81 649.00 219.50 -1 -1 -1 -1000 -1000 -1000 -10 1
26 16 Car -1 -1 -1 417.68 161.30 536.47 247.62 -1 -1 -1 -1000 -1000 -1000 -10 1
26 13 Car -1 -1 -1 346.85 182.22 446.76 241.65 -1 -1 -1 -1000 -1000 -1000 -10 1
26 12 Car -1 -1 -1 431.40 160.19 534.00 240.76 -1 -1 -1 -1000 -1000 -1000 -10 1
26 10 Car -1 -1 -1 568.49 138.62 654.68 217.64 -1 -1 -1 -1000 -1000 -1000 -10 1
26 4 Car -1 -1 -1 193.17 187.84 360.06 289.42 -1 -1 -1 -1000 -1000 -1000 -10 1
26 1 Car -1 -1 -1 572.36 144.12 648.85 220.07 -1 -1 -1 -1000 -1000 -1000 -10 1
27 16 Car -1 -1 -1 411.03 162.86 528.84 252.72 -1 -1 -1 -1000 -1000 -1000 -10 1
27 13 Car -1 -1 -1 344.57 184.93 441.85 243.06 -1 -1 -1 -1000 -1000 -1000 -10 1
27 10 Car -1 -1 -1 566.81 137.73 654.86 216.55 -1 -1 -1 -1000 -1000 -1000 -10 1
27 4 Car -1 -1 -1 171.04 189.23 352.20 295.22 -1 -1 -1 -1000 -1000 -1000 -10 1
27 1 Car -1 -1 -1 571.80 145.30 648.54 221.62 -1 -1 -1 -1000 -1000 -1000 -10 1
28 13 Car -1 -1 -1 343.03 184.22 443.16 243.50 -1 -1 -1 -1000 -1000 -1000 -10 1
28 10 Car -1 -1 -1 565.55 137.40 655.62 216.44 -1 -1 -1 -1000 -1000 -1000 -10 1
28 4 Car -1 -1 -1 148.28 190.39 341.00 299.97 -1 -1 -1 -1000 -1000 -1000 -10 1
28 1 Car -1 -1 -1 572.74 145.13 649.53 221.43 -1 -1 -1 -1000 -1000 -1000 -10 1
29 10 Car -1 -1 -1 564.87 137.40 655.46 216.79 -1 -1 -1 -1000 -1000 -1000 -10 1
29 4 Car -1 -1 -1 128.32 189.88 335.41 306.86 -1 -1 -1 -1000 -1000 -1000 -10 1
29 1 Car -1 -1 -1 573.68 148.11 648.85 222.67 -1 -1 -1 -1000 -1000 -1000 -10 1
30 10 Car -1 -1 -1 564.76 137.30 655.57 217.08 -1 -1 -1 -1000 -1000 -1000 -10 1
30 4 Car -1 -1 -1 106.60 190.25 325.71 312.22 -1 -1 -1 -1000 -1000 -1000 -10 1
30 1 Car -1 -1 -1 573.46 146.58 648.29 221.39 -1 -1 -1 -1000 -1000 -1000 -10 1
31 16 Car -1 -1 -1 353.01 161.87 503.74 276.43 -1 -1 -1 -1000 -1000 -1000 -10 1
31 10 Car -1 -1 -1 565.12 138.00 655.72 218.06 -1 -1 -1 -1000 -1000 -1000 -10 1
31 4 Car -1 -1 -1 77.47 192.39 314.61 320.31 -1 -1 -1 -1000 -1000 -1000 -10 1
31 1 Car -1 -1 -1 573.60 145.65 648.66 220.85 -1 -1 -1 -1000 -1000 -1000 -10 1
32 16 Car -1 -1 -1 318.27 162.60 490.15 292.11 -1 -1 -1 -1000 -1000 -1000 -10 1
32 10 Car -1 -1 -1 565.51 138.01 655.64 218.19 -1 -1 -1 -1000 -1000 -1000 -10 1
32 4 Car -1 -1 -1 35.53 195.55 288.62 328.59 -1 -1 -1 -1000 -1000 -1000 -10 1
32 1 Car -1 -1 -1 573.64 143.54 649.93 219.71 -1 -1 -1 -1000 -1000 -1000 -10 1
33 16 Car -1 -1 -1 289.40 167.24 471.12 302.45 -1 -1 -1 -1000 -1000 -1000 -10 1
33 10 Car -1 -1 -1 565.73 137.01 655.08 217.33 -1 -1 -1 -1000 -1000 -1000 -10 1
33 4 Car -1 -1 -1 16.21 196.28 275.48 335.04 -1 -1 -1 -1000 -1000 -1000 -10 1
33 1 Car -1 -1 -1 573.04 142.46 649.54 218.97 -1 -1 -1 -1000 -1000 -1000 -10 1
34 16 Car -1 -1 -1 260.89 166.59 457.24 314.39 -1 -1 -1 -1000 -1000 -1000 -10 1
34 10 Car -1 -1 -1 568.81 133.79 656.10 214.63 -1 -1 -1 -1000 -1000 -1000 -10 1
34 4 Car -1 -1 -1 -4.57 197.64 260.76 346.28 -1 -1 -1 -1000 -1000 -1000 -10 1
34 1 Car -1 -1 -1 573.26 140.08 650.00 217.12 -1 -1 -1 -1000 -1000 -1000 -10 1
35 16 Car -1 -1 -1 220.21 168.66 445.34 330.81 -1 -1 -1 -1000 -1000 -1000 -10 1
35 10 Car -1 -1 -1 570.41 131.82 656.02 213.52 -1 -1 -1 -1000 -1000 -1000 -10 1
35 4 Car -1 -1 -1 -6.46 196.22 249.84 349.52 -1 -1 -1 -1000 -1000 -1000 -10 1
35 1 Car -1 -1 -1 573.61 137.76 650.21 215.43 -1 -1 -1 -1000 -1000 -1000 -10 1
36 17 Car -1 -1 -1 130.52 145.56 440.21 364.53 -1 -1 -1 -1000 -1000 -1000 -10 1
36 16 Car -1 -1 -1 163.83 163.63 429.42 350.44 -1 -1 -1 -1000 -1000 -1000 -10 1
36 10 Car -1 -1 -1 571.88 130.26 657.24 214.39 -1 -1 -1 -1000 -1000 -1000 -10 1
36 4 Car -1 -1 -1 -10.28 196.09 242.95 349.82 -1 -1 -1 -1000 -1000 -1000 -10 1
36 1 Car -1 -1 -1 574.28 135.45 651.94 215.42 -1 -1 -1 -1000 -1000 -1000 -10 1
37 17 Car -1 -1 -1 39.29 123.63 421.47 375.57 -1 -1 -1 -1000 -1000 -1000 -10 1
37 10 Car -1 -1 -1 573.33 129.49 658.76 216.07 -1 -1 -1 -1000 -1000 -1000 -10 1
38 17 Car -1 -1 -1 -8.11 105.86 404.30 376.57 -1 -1 -1 -1000 -1000 -1000 -10 1
38 10 Car -1 -1 -1 572.81 131.27 659.17 219.58 -1 -1 -1 -1000 -1000 -1000 -10 1
39 17 Car -1 -1 -1 -27.68 91.46 408.28 374.26 -1 -1 -1 -1000 -1000 -1000 -10 1
39 10 Car -1 -1 -1 572.30 130.63 660.31 221.03 -1 -1 -1 -1000 -1000 -1000 -10 1
40 18 Car -1 -1 -1 356.99 175.15 482.50 231.41 -1 -1 -1 -1000 -1000 -1000 -10 1
40 17 Car -1 -1 -1 -40.57 93.09 388.60 365.23 -1 -1 -1 -1000 -1000 -1000 -10 1
40 16 Car -1 -1 -1 -4.73 110.94 362.59 348.38 -1 -1 -1 -1000 -1000 -1000 -10 1
40 10 Car -1 -1 -1 577.66 128.34 664.54 220.09 -1 -1 -1 -1000 -1000 -1000 -10 1
41 18 Car -1 -1 -1 354.86 175.26 480.07 231.39 -1 -1 -1 -1000 -1000 -1000 -10 1
41 17 Car -1 -1 -1 -46.85 81.89 371.35 364.73 -1 -1 -1 -1000 -1000 -1000 -10 1
41 16 Car -1 -1 -1 -18.02 101.05 348.55 351.85 -1 -1 -1 -1000 -1000 -1000 -10 1
41 10 Car -1 -1 -1 579.70 127.42 665.55 219.85 -1 -1 -1 -1000 -1000 -1000 -10 1
42 18 Car -1 -1 -1 354.86 177.40 475.96 233.19 -1 -1 -1 -1000 -1000 -1000 -10 1
42 17 Car -1 -1 -1 -59.54 65.41 343.95 369.10 -1 -1 -1 -1000 -1000 -1000 -10 1
42 16 Car -1 -1 -1 -22.36 96.39 313.87 357.73 -1 -1 -1 -1000 -1000 -1000 -10 1
42 10 Car -1 -1 -1 581.75 129.30 666.35 221.06 -1 -1 -1 -1000 -1000 -1000 -10 1
43 18 Car -1 -1 -1 352.47 178.78 468.01 233.40 -1 -1 -1 -1000 -1000 -1000 -10 1
43 17 Car -1 -1 -1 -72.93 67.13 289.22 371.48 -1 -1 -1 -1000 -1000 -1000 -10 1
43 16 Car -1 -1 -1 -36.20 109.14 260.83 369.41 -1 -1 -1 -1000 -1000 -1000 -10 1
43 10 Car -1 -1 -1 583.93 129.83 666.49 220.06 -1 -1 -1 -1000 -1000 -1000 -10 1
44 19 Car -1 -1 -1 139.32 196.35 345.14 293.14 -1 -1 -1 -1000 -1000 -1000 -10 1
44 18 Car -1 -1 -1 349.22 180.07 461.95 235.18 -1 -1 -1 -1000 -1000 -1000 -10 1
44 10 Car -1 -1 -1 586.54 129.43 667.96 218.83 -1 -1 -1 -1000 -1000 -1000 -10 1
45 19 Car -1 -1 -1 125.80 202.32 335.66 298.29 -1 -1 -1 -1000 -1000 -1000 -10 1
45 18 Car -1 -1 -1 337.03 179.93 456.69 237.89 -1 -1 -1 -1000 -1000 -1000 -10 1
45 10 Car -1 -1 -1 589.25 130.62 669.88 219.15 -1 -1 -1 -1000 -1000 -1000 -10 1
46 19 Car -1 -1 -1 101.56 197.33 331.97 302.76 -1 -1 -1 -1000 -1000 -1000 -10 1
46 18 Car -1 -1 -1 330.10 181.02 454.03 241.21 -1 -1 -1 -1000 -1000 -1000 -10 1
46 10 Car -1 -1 -1 592.53 131.32 673.77 219.39 -1 -1 -1 -1000 -1000 -1000 -10 1
47 19 Car -1 -1 -1 68.35 197.45 325.06 310.81 -1 -1 -1 -1000 -1000 -1000 -10 1
47 18 Car -1 -1 -1 324.48 181.16 450.96 241.94 -1 -1 -1 -1000 -1000 -1000 -10 1
47 10 Car -1 -1 -1 595.55 131.76 677.72 219.31 -1 -1 -1 -1000 -1000 -1000 -10 1
48 19 Car -1 -1 -1 52.62 199.59 316.31 317.66 -1 -1 -1 -1000 -1000 -1000 -10 1
48 18 Car -1 -1 -1 317.84 180.72 447.91 243.75 -1 -1 -1 -1000 -1000 -1000 -10 1
48 10 Car -1 -1 -1 596.94 132.66 679.59 218.79 -1 -1 -1 -1000 -1000 -1000 -10 1
49 19 Car -1 -1 -1 25.11 199.17 308.44 324.91 -1 -1 -1 -1000 -1000 -1000 -10 1
49 18 Car -1 -1 -1 310.89 180.42 447.27 246.69 -1 -1 -1 -1000 -1000 -1000 -10 1
50 19 Car -1 -1 -1 7.37 203.43 295.13 330.25 -1 -1 -1 -1000 -1000 -1000 -10 1
50 18 Car -1 -1 -1 310.70 183.55 448.61 248.75 -1 -1 -1 -1000 -1000 -1000 -10 1
51 22 Car -1 -1 -1 605.68 134.33 693.56 217.39 -1 -1 -1 -1000 -1000 -1000 -10 1
51 19 Car -1 -1 -1 -6.24 204.88 284.43 333.91 -1 -1 -1 -1000 -1000 -1000 -10 1
51 18 Car -1 -1 -1 304.03 184.95 446.09 250.70 -1 -1 -1 -1000 -1000 -1000 -10 1
52 22 Car -1 -1 -1 611.52 136.14 697.39 216.05 -1 -1 -1 -1000 -1000 -1000 -10 1
52 19 Car -1 -1 -1 -13.25 207.69 279.24 343.83 -1 -1 -1 -1000 -1000 -1000 -10 1
52 18 Car -1 -1 -1 299.86 182.15 444.46 250.65 -1 -1 -1 -1000 -1000 -1000 -10 1
53 22 Car -1 -1 -1 615.18 136.27 702.10 213.92 -1 -1 -1 -1000 -1000 -1000 -10 1
53 19 Car -1 -1 -1 -19.21 211.00 272.19 354.14 -1 -1 -1 -1000 -1000 -1000 -10 1
53 18 Car -1 -1 -1 295.01 181.83 443.45 253.29 -1 -1 -1 -1000 -1000 -1000 -10 1
54 22 Car -1 -1 -1 617.74 131.24 707.45 214.34 -1 -1 -1 -1000 -1000 -1000 -10 1
54 19 Car -1 -1 -1 -24.01 212.76 258.83 361.35 -1 -1 -1 -1000 -1000 -1000 -10 1
54 18 Car -1 -1 -1 291.40 187.49 441.18 258.12 -1 -1 -1 -1000 -1000 -1000 -10 1
55 22 Car -1 -1 -1 620.62 130.03 710.03 215.22 -1 -1 -1 -1000 -1000 -1000 -10 1
55 19 Car -1 -1 -1 -25.71 215.24 245.42 365.57 -1 -1 -1 -1000 -1000 -1000 -10 1
55 18 Car -1 -1 -1 281.53 188.58 433.28 261.77 -1 -1 -1 -1000 -1000 -1000 -10 1
56 22 Car -1 -1 -1 621.53 129.18 711.86 213.88 -1 -1 -1 -1000 -1000 -1000 -10 1
56 19 Car -1 -1 -1 -26.91 217.20 228.06 366.16 -1 -1 -1 -1000 -1000 -1000 -10 1
56 18 Car -1 -1 -1 271.98 191.24 427.55 265.24 -1 -1 -1 -1000 -1000 -1000 -10 1
57 22 Car -1 -1 -1 624.10 133.00 715.14 216.14 -1 -1 -1 -1000 -1000 -1000 -10 1
57 19 Car -1 -1 -1 -26.60 221.52 214.04 369.59 -1 -1 -1 -1000 -1000 -1000 -10 1
57 18 Car -1 -1 -1 265.29 193.26 422.41 268.32 -1 -1 -1 -1000 -1000 -1000 -10 1
58 22 Car -1 -1 -1 629.72 136.74 720.90 217.95 -1 -1 -1 -1000 -1000 -1000 -10 1
58 19 Car -1 -1 -1 -27.88 224.74 191.01 371.23 -1 -1 -1 -1000 -1000 -1000 -10 1
58 18 Car -1 -1 -1 255.33 193.70 417.99 273.94 -1 -1 -1 -1000 -1000 -1000 -10 1
59 22 Car -1 -1 -1 633.86 139.92 725.14 218.35 -1 -1 -1 -1000 -1000 -1000 -10 1
59 19 Car -1 -1 -1 -28.16 226.72 167.21 371.42 -1 -1 -1 -1000 -1000 -1000 -10 1
59 18 Car -1 -1 -1 240.89 193.33 409.55 277.11 -1 -1 -1 -1000 -1000 -1000 -10 1
60 22 Car -1 -1 -1 636.92 140.75 729.47 215.63 -1 -1 -1 -1000 -1000 -1000 -10 1
60 19 Car -1 -1 -1 -31.68 224.56 139.86 367.82 -1 -1 -1 -1000 -1000 -1000 -10 1
60 18 Car -1 -1 -1 224.82 192.70 401.62 281.89 -1 -1 -1 -1000 -1000 -1000 -10 1
61 19 Car -1 -1 -1 -31.30 230.98 112.71 370.48 -1 -1 -1 -1000 -1000 -1000 -10 1
61 18 Car -1 -1 -1 206.98 193.58 395.34 287.51 -1 -1 -1 -1000 -1000 -1000 -10 1
62 25 Car -1 -1 -1 648.10 145.49 721.42 215.58 -1 -1 -1 -1000 -1000 -1000 -10 1
62 18 Car -1 -1 -1 195.81 195.75 389.77 292.18 -1 -1 -1 -1000 -1000 -1000 -10 1
63 25 Car -1 -1 -1 651.86 145.08 731.52 215.58 -1 -1 -1 -1000 -1000 -1000 -10 1
63 18 Car -1 -1 -1 181.16 198.55 380.75 296.78 -1 -1 -1 -1000 -1000 -1000 -10 1
64 25 Car -1 -1 -1 653.75 143.45 736.79 215.37 -1 -1 -1 -1000 -1000 -1000 -10 1
64 18 Car -1 -1 -1 161.78 195.95 375.11 301.36 -1 -1 -1 -1000 -1000 -1000 -10 1
65 25 Car -1 -1 -1 657.03 143.74 741.88 215.03 -1 -1 -1 -1000 -1000 -1000 -10 1
65 18 Car -1 -1 -1 139.23 194.84 366.19 307.74 -1 -1 -1 -1000 -1000 -1000 -10 1
66 25 Car -1 -1 -1 659.82 143.57 745.73 213.89 -1 -1 -1 -1000 -1000 -1000 -10 1
66 18 Car -1 -1 -1 111.45 192.28 356.11 313.86 -1 -1 -1 -1000 -1000 -1000 -10 1
67 25 Car -1 -1 -1 661.09 142.43 749.24 212.37 -1 -1 -1 -1000 -1000 -1000 -10 1
67 18 Car -1 -1 -1 79.47 194.05 339.97 322.18 -1 -1 -1 -1000 -1000 -1000 -10 1
68 25 Car -1 -1 -1 661.97 141.44 750.95 210.92 -1 -1 -1 -1000 -1000 -1000 -10 1
68 18 Car -1 -1 -1 51.14 201.78 321.97 331.60 -1 -1 -1 -1000 -1000 -1000 -10 1
69 26 Car -1 -1 -1 667.56 140.13 749.69 210.66 -1 -1 -1 -1000 -1000 -1000 -10 1
69 25 Car -1 -1 -1 663.73 140.57 754.90 209.68 -1 -1 -1 -1000 -1000 -1000 -10 1
69 18 Car -1 -1 -1 20.20 206.13 305.74 340.67 -1 -1 -1 -1000 -1000 -1000 -10 1
70 26 Car -1 -1 -1 669.47 141.58 750.52 212.84 -1 -1 -1 -1000 -1000 -1000 -10 1
70 25 Car -1 -1 -1 668.08 141.61 753.79 210.41 -1 -1 -1 -1000 -1000 -1000 -10 1
70 18 Car -1 -1 -1 2.93 204.27 296.29 348.80 -1 -1 -1 -1000 -1000 -1000 -10 1
71 26 Car -1 -1 -1 670.58 143.92 749.37 214.66 -1 -1 -1 -1000 -1000 -1000 -10 1
71 18 Car -1 -1 -1 -8.93 203.86 282.73 353.61 -1 -1 -1 -1000 -1000 -1000 -10 1
72 26 Car -1 -1 -1 671.51 146.41 747.41 215.15 -1 -1 -1 -1000 -1000 -1000 -10 1
72 18 Car -1 -1 -1 -16.25 206.00 268.22 359.99 -1 -1 -1 -1000 -1000 -1000 -10 1
73 26 Car -1 -1 -1 671.08 146.01 746.66 214.60 -1 -1 -1 -1000 -1000 -1000 -10 1
73 18 Car -1 -1 -1 -22.52 204.73 252.20 362.64 -1 -1 -1 -1000 -1000 -1000 -10 1
74 26 Car -1 -1 -1 671.90 147.68 746.16 215.27 -1 -1 -1 -1000 -1000 -1000 -10 1
74 18 Car -1 -1 -1 -26.30 203.80 225.39 363.80 -1 -1 -1 -1000 -1000 -1000 -10 1
75 26 Car -1 -1 -1 673.29 150.40 745.12 215.07 -1 -1 -1 -1000 -1000 -1000 -10 1
75 18 Car -1 -1 -1 -30.14 207.54 201.22 368.53 -1 -1 -1 -1000 -1000 -1000 -10 1
76 26 Car -1 -1 -1 673.96 150.81 745.62 214.78 -1 -1 -1 -1000 -1000 -1000 -10 1
76 18 Car -1 -1 -1 -35.64 196.86 171.02 363.47 -1 -1 -1 -1000 -1000 -1000 -10 1
77 26 Car -1 -1 -1 675.48 151.75 746.39 214.82 -1 -1 -1 -1000 -1000 -1000 -10 1
77 25 Car -1 -1 -1 674.88 148.01 759.46 211.11 -1 -1 -1 -1000 -1000 -1000 -10 1
77 18 Car -1 -1 -1 -37.72 207.75 137.60 371.54 -1 -1 -1 -1000 -1000 -1000 -10 1
78 26 Car -1 -1 -1 676.55 150.27 747.81 214.93 -1 -1 -1 -1000 -1000 -1000 -10 1
78 25 Car -1 -1 -1 675.99 146.79 760.52 210.81 -1 -1 -1 -1000 -1000 -1000 -10 1
79 26 Car -1 -1 -1 676.47 151.99 746.49 215.01 -1 -1 -1 -1000 -1000 -1000 -10 1
79 25 Car -1 -1 -1 675.95 147.20 761.33 210.67 -1 -1 -1 -1000 -1000 -1000 -10 1
80 26 Car -1 -1 -1 676.76 150.98 747.98 213.99 -1 -1 -1 -1000 -1000 -1000 -10 1
80 25 Car -1 -1 -1 675.62 146.35 763.14 209.91 -1 -1 -1 -1000 -1000 -1000 -10 1
81 26 Car -1 -1 -1 675.12 152.30 746.25 213.71 -1 -1 -1 -1000 -1000 -1000 -10 1
81 25 Car -1 -1 -1 672.34 147.33 760.39 209.90 -1 -1 -1 -1000 -1000 -1000 -10 1
82 26 Car -1 -1 -1 676.77 155.87 744.51 217.71 -1 -1 -1 -1000 -1000 -1000 -10 1
82 25 Car -1 -1 -1 669.80 148.68 758.52 209.98 -1 -1 -1 -1000 -1000 -1000 -10 1
83 26 Car -1 -1 -1 677.38 154.60 742.99 217.28 -1 -1 -1 -1000 -1000 -1000 -10 1
83 25 Car -1 -1 -1 667.47 148.60 756.36 209.90 -1 -1 -1 -1000 -1000 -1000 -10 1
84 26 Car -1 -1 -1 677.77 150.62 742.81 213.39 -1 -1 -1 -1000 -1000 -1000 -10 1
84 25 Car -1 -1 -1 665.66 148.76 754.25 210.55 -1 -1 -1 -1000 -1000 -1000 -10 1
85 25 Car -1 -1 -1 661.61 150.18 752.09 212.20 -1 -1 -1 -1000 -1000 -1000 -10 1
86 27 Car -1 -1 -1 587.22 171.83 657.16 206.63 -1 -1 -1 -1000 -1000 -1000 -10 1
86 25 Car -1 -1 -1 659.68 150.15 750.82 212.97 -1 -1 -1 -1000 -1000 -1000 -10 1
87 27 Car -1 -1 -1 585.64 170.48 659.37 206.35 -1 -1 -1 -1000 -1000 -1000 -10 1
87 25 Car -1 -1 -1 656.67 150.42 749.21 213.51 -1 -1 -1 -1000 -1000 -1000 -10 1
88 27 Car -1 -1 -1 579.56 170.13 654.92 206.68 -1 -1 -1 -1000 -1000 -1000 -10 1
88 25 Car -1 -1 -1 656.49 149.58 749.15 212.68 -1 -1 -1 -1000 -1000 -1000 -10 1
89 27 Car -1 -1 -1 571.02 172.31 649.12 209.10 -1 -1 -1 -1000 -1000 -1000 -10 1
89 25 Car -1 -1 -1 654.05 147.99 747.98 211.44 -1 -1 -1 -1000 -1000 -1000 -10 1
90 27 Car -1 -1 -1 564.97 172.49 642.17 209.06 -1 -1 -1 -1000 -1000 -1000 -10 1
90 25 Car -1 -1 -1 652.37 149.50 745.59 213.35 -1 -1 -1 -1000 -1000 -1000 -10 1
91 27 Car -1 -1 -1 558.83 172.50 636.91 210.03 -1 -1 -1 -1000 -1000 -1000 -10 1
91 25 Car -1 -1 -1 651.37 150.37 744.96 214.46 -1 -1 -1 -1000 -1000 -1000 -10 1
92 27 Car -1 -1 -1 552.14 174.39 632.00 213.94 -1 -1 -1 -1000 -1000 -1000 -10 1
92 25 Car -1 -1 -1 649.65 150.04 743.71 215.53 -1 -1 -1 -1000 -1000 -1000 -10 1
93 27 Car -1 -1 -1 546.26 179.08 628.80 218.96 -1 -1 -1 -1000 -1000 -1000 -10 1
94 27 Car -1 -1 -1 540.69 182.62 625.63 222.80 -1 -1 -1 -1000 -1000 -1000 -10 1
95 30 Car -1 -1 -1 659.34 162.89 730.67 224.71 -1 -1 -1 -1000 -1000 -1000 -10 1
95 27 Car -1 -1 -1 535.32 184.10 621.28 223.94 -1 -1 -1 -1000 -1000 -1000 -10 1
96 27 Car -1 -1 -1 528.70 183.36 614.52 222.86 -1 -1 -1 -1000 -1000 -1000 -10 1
97 27 Car -1 -1 -1 520.24 184.04 610.11 222.81 -1 -1 -1 -1000 -1000 -1000 -10 1
98 27 Car -1 -1 -1 516.95 183.44 607.00 222.64 -1 -1 -1 -1000 -1000 -1000 -10 1
99 27 Car -1 -1 -1 512.63 182.18 603.42 222.32 -1 -1 -1 -1000 -1000 -1000 -10 1
100 31 Car -1 -1 -1 646.01 145.91 719.88 213.40 -1 -1 -1 -1000 -1000 -1000 -10 1
100 27 Car -1 -1 -1 506.79 181.41 598.54 222.51 -1 -1 -1 -1000 -1000 -1000 -10 1
101 31 Car -1 -1 -1 644.89 143.26 719.57 212.47 -1 -1 -1 -1000 -1000 -1000 -10 1
101 27 Car -1 -1 -1 501.80 180.15 594.19 223.41 -1 -1 -1 -1000 -1000 -1000 -10 1
102 31 Car -1 -1 -1 644.46 141.37 718.48 211.31 -1 -1 -1 -1000 -1000 -1000 -10 1
102 27 Car -1 -1 -1 493.48 181.74 588.73 225.24 -1 -1 -1 -1000 -1000 -1000 -10 1
103 31 Car -1 -1 -1 643.89 140.74 719.13 211.75 -1 -1 -1 -1000 -1000 -1000 -10 1
103 27 Car -1 -1 -1 488.99 181.34 585.74 224.71 -1 -1 -1 -1000 -1000 -1000 -10 1
104 31 Car -1 -1 -1 641.31 140.82 719.22 211.97 -1 -1 -1 -1000 -1000 -1000 -10 1
104 27 Car -1 -1 -1 481.32 178.47 580.88 223.08 -1 -1 -1 -1000 -1000 -1000 -10 1
105 31 Car -1 -1 -1 637.40 138.22 715.86 210.77 -1 -1 -1 -1000 -1000 -1000 -10 1
105 27 Car -1 -1 -1 472.91 176.62 575.27 221.94 -1 -1 -1 -1000 -1000 -1000 -10 1
106 31 Car -1 -1 -1 636.24 135.82 713.88 208.45 -1 -1 -1 -1000 -1000 -1000 -10 1
106 27 Car -1 -1 -1 467.63 175.28 572.42 221.38 -1 -1 -1 -1000 -1000 -1000 -10 1
107 31 Car -1 -1 -1 635.32 134.67 711.86 207.19 -1 -1 -1 -1000 -1000 -1000 -10 1
107 27 Car -1 -1 -1 461.72 176.43 569.11 221.82 -1 -1 -1 -1000 -1000 -1000 -10 1
108 31 Car -1 -1 -1 633.37 132.76 709.10 206.11 -1 -1 -1 -1000 -1000 -1000 -10 1
108 27 Car -1 -1 -1 455.98 173.84 566.47 219.83 -1 -1 -1 -1000 -1000 -1000 -10 1
109 31 Car -1 -1 -1 631.43 131.91 705.28 205.26 -1 -1 -1 -1000 -1000 -1000 -10 1
109 27 Car -1 -1 -1 447.03 172.68 561.17 218.20 -1 -1 -1 -1000 -1000 -1000 -10 1
110 33 Car -1 -1 -1 629.77 137.16 703.17 204.09 -1 -1 -1 -1000 -1000 -1000 -10 1
110 31 Car -1 -1 -1 630.08 131.73 703.10 204.85 -1 -1 -1 -1000 -1000 -1000 -10 1
110 27 Car -1 -1 -1 440.87 171.06 556.66 217.34 -1 -1 -1 -1000 -1000 -1000 -10 1
111 33 Car -1 -1 -1 631.09 138.29 704.74 205.06 -1 -1 -1 -1000 -1000 -1000 -10 1
111 31 Car -1 -1 -1 631.13 133.04 702.28 204.41 -1 -1 -1 -1000 -1000 -1000 -10 1
111 27 Car -1 -1 -1 434.31 172.50 552.97 219.45 -1 -1 -1 -1000 -1000 -1000 -10 1
112 33 Car -1 -1 -1 628.27 138.53 702.98 204.87 -1 -1 -1 -1000 -1000 -1000 -10 1
112 31 Car -1 -1 -1 630.53 135.45 699.95 203.83 -1 -1 -1 -1000 -1000 -1000 -10 1
112 27 Car -1 -1 -1 428.81 172.88 551.63 221.00 -1 -1 -1 -1000 -1000 -1000 -10 1
113 31 Car -1 -1 -1 632.38 135.39 701.45 203.46 -1 -1 -1 -1000 -1000 -1000 -10 1
113 27 Car -1 -1 -1 420.72 172.87 547.76 222.78 -1 -1 -1 -1000 -1000 -1000 -10 1
114 31 Car -1 -1 -1 633.37 134.95 702.62 203.96 -1 -1 -1 -1000 -1000 -1000 -10 1
114 27 Car -1 -1 -1 415.98 172.73 545.22 224.46 -1 -1 -1 -1000 -1000 -1000 -10 1
115 31 Car -1 -1 -1 633.54 135.62 703.66 205.56 -1 -1 -1 -1000 -1000 -1000 -10 1
115 27 Car -1 -1 -1 409.19 174.65 540.60 227.16 -1 -1 -1 -1000 -1000 -1000 -10 1
116 31 Car -1 -1 -1 631.59 135.70 702.44 206.71 -1 -1 -1 -1000 -1000 -1000 -10 1
116 27 Car -1 -1 -1 401.32 176.48 537.12 228.86 -1 -1 -1 -1000 -1000 -1000 -10 1
117 31 Car -1 -1 -1 630.44 136.36 700.85 207.25 -1 -1 -1 -1000 -1000 -1000 -10 1
117 27 Car -1 -1 -1 396.01 176.21 535.30 230.69 -1 -1 -1 -1000 -1000 -1000 -10 1
118 31 Car -1 -1 -1 628.68 137.04 698.61 207.27 -1 -1 -1 -1000 -1000 -1000 -10 1
118 27 Car -1 -1 -1 391.12 175.87 531.07 231.01 -1 -1 -1 -1000 -1000 -1000 -10 1
119 31 Car -1 -1 -1 627.31 137.98 696.12 206.64 -1 -1 -1 -1000 -1000 -1000 -10 1
119 27 Car -1 -1 -1 381.98 174.27 524.40 233.31 -1 -1 -1 -1000 -1000 -1000 -10 1
120 31 Car -1 -1 -1 626.51 140.84 694.75 206.63 -1 -1 -1 -1000 -1000 -1000 -10 1
120 27 Car -1 -1 -1 373.83 173.58 519.66 234.72 -1 -1 -1 -1000 -1000 -1000 -10 1
121 31 Car -1 -1 -1 627.54 143.56 694.10 205.60 -1 -1 -1 -1000 -1000 -1000 -10 1
121 27 Car -1 -1 -1 363.84 173.41 514.60 236.90 -1 -1 -1 -1000 -1000 -1000 -10 1
122 35 Car -1 -1 -1 634.09 156.58 690.72 205.02 -1 -1 -1 -1000 -1000 -1000 -10 1
122 31 Car -1 -1 -1 628.14 148.04 692.31 206.34 -1 -1 -1 -1000 -1000 -1000 -10 1
122 27 Car -1 -1 -1 354.01 173.69 508.42 239.12 -1 -1 -1 -1000 -1000 -1000 -10 1
123 36 Car -1 -1 -1 90.13 178.12 208.15 225.96 -1 -1 -1 -1000 -1000 -1000 -10 1
123 27 Car -1 -1 -1 343.84 173.07 503.74 242.25 -1 -1 -1 -1000 -1000 -1000 -10 1
124 36 Car -1 -1 -1 71.92 176.39 199.29 225.63 -1 -1 -1 -1000 -1000 -1000 -10 1
124 27 Car -1 -1 -1 337.93 170.29 501.98 244.57 -1 -1 -1 -1000 -1000 -1000 -10 1
125 27 Car -1 -1 -1 331.14 171.76 496.94 247.73 -1 -1 -1 -1000 -1000 -1000 -10 1
126 27 Car -1 -1 -1 320.95 173.38 489.41 252.09 -1 -1 -1 -1000 -1000 -1000 -10 1
127 37 Car -1 -1 -1 130.51 175.65 246.27 228.81 -1 -1 -1 -1000 -1000 -1000 -10 1
127 27 Car -1 -1 -1 306.37 175.70 482.72 255.63 -1 -1 -1 -1000 -1000 -1000 -10 1
128 37 Car -1 -1 -1 120.03 175.74 238.56 228.59 -1 -1 -1 -1000 -1000 -1000 -10 1
128 36 Car -1 -1 -1 2.76 179.04 146.41 233.78 -1 -1 -1 -1000 -1000 -1000 -10 1
128 27 Car -1 -1 -1 292.31 177.14 473.77 260.11 -1 -1 -1 -1000 -1000 -1000 -10 1
129 37 Car -1 -1 -1 101.87 177.52 223.72 230.62 -1 -1 -1 -1000 -1000 -1000 -10 1
129 36 Car -1 -1 -1 -8.35 177.84 128.10 231.19 -1 -1 -1 -1000 -1000 -1000 -10 1
129 27 Car -1 -1 -1 282.61 176.32 468.10 260.73 -1 -1 -1 -1000 -1000 -1000 -10 1
130 37 Car -1 -1 -1 87.98 174.53 215.16 230.23 -1 -1 -1 -1000 -1000 -1000 -10 1
130 36 Car -1 -1 -1 -15.40 178.35 107.52 230.16 -1 -1 -1 -1000 -1000 -1000 -10 1
130 27 Car -1 -1 -1 268.55 175.18 462.95 264.05 -1 -1 -1 -1000 -1000 -1000 -10 1
131 37 Car -1 -1 -1 70.21 175.01 200.42 230.76 -1 -1 -1 -1000 -1000 -1000 -10 1
131 36 Car -1 -1 -1 -18.26 181.62 91.37 234.88 -1 -1 -1 -1000 -1000 -1000 -10 1
131 27 Car -1 -1 -1 248.46 178.11 452.75 269.63 -1 -1 -1 -1000 -1000 -1000 -10 1
132 38 Car -1 -1 -1 622.79 150.84 675.87 200.52 -1 -1 -1 -1000 -1000 -1000 -10 1
132 37 Car -1 -1 -1 49.41 175.50 184.72 233.77 -1 -1 -1 -1000 -1000 -1000 -10 1
132 27 Car -1 -1 -1 233.01 181.42 445.73 272.41 -1 -1 -1 -1000 -1000 -1000 -10 1
133 38 Car -1 -1 -1 617.73 149.12 672.57 200.80 -1 -1 -1 -1000 -1000 -1000 -10 1
133 37 Car -1 -1 -1 35.13 171.78 174.67 230.93 -1 -1 -1 -1000 -1000 -1000 -10 1
133 27 Car -1 -1 -1 216.55 182.29 435.25 275.25 -1 -1 -1 -1000 -1000 -1000 -10 1
134 38 Car -1 -1 -1 613.49 147.23 669.52 201.15 -1 -1 -1 -1000 -1000 -1000 -10 1
134 37 Car -1 -1 -1 17.30 172.62 160.67 234.30 -1 -1 -1 -1000 -1000 -1000 -10 1
134 27 Car -1 -1 -1 204.25 183.67 428.27 277.89 -1 -1 -1 -1000 -1000 -1000 -10 1
135 39 Car -1 -1 -1 620.24 153.10 667.73 200.50 -1 -1 -1 -1000 -1000 -1000 -10 1
135 38 Car -1 -1 -1 611.06 146.30 667.74 201.67 -1 -1 -1 -1000 -1000 -1000 -10 1
135 37 Car -1 -1 -1 1.49 177.08 141.15 238.81 -1 -1 -1 -1000 -1000 -1000 -10 1
135 27 Car -1 -1 -1 168.38 182.54 415.69 287.45 -1 -1 -1 -1000 -1000 -1000 -10 1
136 39 Car -1 -1 -1 619.15 151.08 668.35 201.47 -1 -1 -1 -1000 -1000 -1000 -10 1
136 38 Car -1 -1 -1 609.44 143.73 667.77 201.89 -1 -1 -1 -1000 -1000 -1000 -10 1
136 37 Car -1 -1 -1 -10.24 172.30 128.90 238.99 -1 -1 -1 -1000 -1000 -1000 -10 1
136 27 Car -1 -1 -1 136.41 183.37 404.71 296.89 -1 -1 -1 -1000 -1000 -1000 -10 1
137 39 Car -1 -1 -1 616.53 147.05 668.06 201.13 -1 -1 -1 -1000 -1000 -1000 -10 1
137 38 Car -1 -1 -1 608.12 141.00 668.71 202.47 -1 -1 -1 -1000 -1000 -1000 -10 1
137 37 Car -1 -1 -1 -13.41 176.20 123.45 243.24 -1 -1 -1 -1000 -1000 -1000 -10 1
137 27 Car -1 -1 -1 107.16 185.65 397.00 306.07 -1 -1 -1 -1000 -1000 -1000 -10 1
138 39 Car -1 -1 -1 612.55 145.16 666.67 202.49 -1 -1 -1 -1000 -1000 -1000 -10 1
138 38 Car -1 -1 -1 606.11 138.04 668.96 202.71 -1 -1 -1 -1000 -1000 -1000 -10 1
138 27 Car -1 -1 -1 75.15 184.19 385.02 314.89 -1 -1 -1 -1000 -1000 -1000 -10 1
139 39 Car -1 -1 -1 608.54 144.98 664.54 204.36 -1 -1 -1 -1000 -1000 -1000 -10 1
139 38 Car -1 -1 -1 604.38 138.84 668.38 204.60 -1 -1 -1 -1000 -1000 -1000 -10 1
139 27 Car -1 -1 -1 38.70 185.14 374.00 323.97 -1 -1 -1 -1000 -1000 -1000 -10 1
140 39 Car -1 -1 -1 607.22 143.31 664.60 204.47 -1 -1 -1 -1000 -1000 -1000 -10 1
140 38 Car -1 -1 -1 603.30 138.95 668.32 206.06 -1 -1 -1 -1000 -1000 -1000 -10 1
140 27 Car -1 -1 -1 12.30 188.27 364.90 339.69 -1 -1 -1 -1000 -1000 -1000 -10 1
141 41 Car -1 -1 -1 514.73 173.21 567.30 202.36 -1 -1 -1 -1000 -1000 -1000 -10 1
141 39 Car -1 -1 -1 605.10 142.74 662.84 205.25 -1 -1 -1 -1000 -1000 -1000 -10 1
141 38 Car -1 -1 -1 602.71 138.33 669.04 206.67 -1 -1 -1 -1000 -1000 -1000 -10 1
141 27 Car -1 -1 -1 0.91 187.99 360.79 350.05 -1 -1 -1 -1000 -1000 -1000 -10 1
142 39 Car -1 -1 -1 602.66 142.80 662.00 206.29 -1 -1 -1 -1000 -1000 -1000 -10 1
142 38 Car -1 -1 -1 601.07 137.39 669.00 207.00 -1 -1 -1 -1000 -1000 -1000 -10 1
142 27 Car -1 -1 -1 -11.11 187.34 348.01 356.01 -1 -1 -1 -1000 -1000 -1000 -10 1
143 39 Car -1 -1 -1 601.02 142.47 660.07 205.35 -1 -1 -1 -1000 -1000 -1000 -10 1
143 38 Car -1 -1 -1 600.58 138.26 668.53 207.00 -1 -1 -1 -1000 -1000 -1000 -10 1
143 27 Car -1 -1 -1 -13.71 183.98 339.71 359.46 -1 -1 -1 -1000 -1000 -1000 -10 1
144 39 Car -1 -1 -1 600.05 141.88 659.65 204.44 -1 -1 -1 -1000 -1000 -1000 -10 1
144 38 Car -1 -1 -1 600.52 138.70 668.04 206.65 -1 -1 -1 -1000 -1000 -1000 -10 1
144 27 Car -1 -1 -1 -18.96 183.70 323.64 360.85 -1 -1 -1 -1000 -1000 -1000 -10 1
145 39 Car -1 -1 -1 598.09 140.55 659.20 203.79 -1 -1 -1 -1000 -1000 -1000 -10 1
145 38 Car -1 -1 -1 600.27 137.79 668.77 206.36 -1 -1 -1 -1000 -1000 -1000 -10 1
145 27 Car -1 -1 -1 -21.59 178.58 306.27 361.37 -1 -1 -1 -1000 -1000 -1000 -10 1
146 38 Car -1 -1 -1 599.97 137.37 668.91 206.47 -1 -1 -1 -1000 -1000 -1000 -10 1
146 27 Car -1 -1 -1 -21.58 179.92 285.11 362.90 -1 -1 -1 -1000 -1000 -1000 -10 1
147 41 Car -1 -1 -1 484.27 172.73 536.66 203.95 -1 -1 -1 -1000 -1000 -1000 -10 1
147 38 Car -1 -1 -1 598.59 137.35 667.85 207.42 -1 -1 -1 -1000 -1000 -1000 -10 1
147 27 Car -1 -1 -1 -26.73 176.91 261.16 364.14 -1 -1 -1 -1000 -1000 -1000 -10 1
148 44 Car -1 -1 -1 94.86 155.76 204.02 199.20 -1 -1 -1 -1000 -1000 -1000 -10 1
148 41 Car -1 -1 -1 485.21 173.17 537.04 204.15 -1 -1 -1 -1000 -1000 -1000 -10 1
148 38 Car -1 -1 -1 597.27 136.76 666.66 208.17 -1 -1 -1 -1000 -1000 -1000 -10 1
148 27 Car -1 -1 -1 -22.71 173.00 237.06 363.54 -1 -1 -1 -1000 -1000 -1000 -10 1
149 44 Car -1 -1 -1 109.33 152.25 217.35 192.81 -1 -1 -1 -1000 -1000 -1000 -10 1
149 41 Car -1 -1 -1 482.91 174.11 534.94 205.98 -1 -1 -1 -1000 -1000 -1000 -10 1
149 38 Car -1 -1 -1 595.35 136.62 666.27 209.45 -1 -1 -1 -1000 -1000 -1000 -10 1
149 27 Car -1 -1 -1 -29.83 171.59 201.67 366.38 -1 -1 -1 -1000 -1000 -1000 -10 1
150 44 Car -1 -1 -1 119.94 151.56 220.00 189.87 -1 -1 -1 -1000 -1000 -1000 -10 1
150 41 Car -1 -1 -1 476.93 174.83 532.01 207.22 -1 -1 -1 -1000 -1000 -1000 -10 1
150 38 Car -1 -1 -1 592.81 136.01 665.00 210.39 -1 -1 -1 -1000 -1000 -1000 -10 1
150 27 Car -1 -1 -1 -37.71 173.76 166.30 369.35 -1 -1 -1 -1000 -1000 -1000 -10 1
151 44 Car -1 -1 -1 127.13 152.47 215.99 188.64 -1 -1 -1 -1000 -1000 -1000 -10 1
151 41 Car -1 -1 -1 473.48 176.31 531.07 208.96 -1 -1 -1 -1000 -1000 -1000 -10 1
151 38 Car -1 -1 -1 588.78 137.46 662.86 210.65 -1 -1 -1 -1000 -1000 -1000 -10 1
152 44 Car -1 -1 -1 112.53 152.24 206.24 188.17 -1 -1 -1 -1000 -1000 -1000 -10 1
152 41 Car -1 -1 -1 468.32 177.62 527.49 210.71 -1 -1 -1 -1000 -1000 -1000 -10 1
152 38 Car -1 -1 -1 587.79 136.75 662.35 211.58 -1 -1 -1 -1000 -1000 -1000 -10 1
153 46 Car -1 -1 -1 53.04 165.17 158.77 195.71 -1 -1 -1 -1000 -1000 -1000 -10 1
153 44 Car -1 -1 -1 101.72 152.50 200.44 189.12 -1 -1 -1 -1000 -1000 -1000 -10 1
153 41 Car -1 -1 -1 462.36 179.41 522.51 212.87 -1 -1 -1 -1000 -1000 -1000 -10 1
153 38 Car -1 -1 -1 587.60 139.23 661.97 214.14 -1 -1 -1 -1000 -1000 -1000 -10 1
154 46 Car -1 -1 -1 38.84 165.79 144.13 196.12 -1 -1 -1 -1000 -1000 -1000 -10 1
154 44 Car -1 -1 -1 88.83 159.18 184.77 194.79 -1 -1 -1 -1000 -1000 -1000 -10 1
154 41 Car -1 -1 -1 456.56 180.84 515.86 213.78 -1 -1 -1 -1000 -1000 -1000 -10 1
154 38 Car -1 -1 -1 583.36 138.78 659.71 213.38 -1 -1 -1 -1000 -1000 -1000 -10 1
155 46 Car -1 -1 -1 13.60 164.89 121.69 196.88 -1 -1 -1 -1000 -1000 -1000 -10 1
155 44 Car -1 -1 -1 67.34 160.10 168.56 196.62 -1 -1 -1 -1000 -1000 -1000 -10 1
155 41 Car -1 -1 -1 450.29 182.27 511.70 216.83 -1 -1 -1 -1000 -1000 -1000 -10 1
155 38 Car -1 -1 -1 577.74 139.81 655.68 213.78 -1 -1 -1 -1000 -1000 -1000 -10 1
156 46 Car -1 -1 -1 -0.46 166.15 108.82 199.15 -1 -1 -1 -1000 -1000 -1000 -10 1
156 41 Car -1 -1 -1 443.87 181.56 505.78 217.14 -1 -1 -1 -1000 -1000 -1000 -10 1
156 38 Car -1 -1 -1 574.71 138.34 653.79 212.95 -1 -1 -1 -1000 -1000 -1000 -10 1
157 46 Car -1 -1 -1 -7.26 165.63 107.63 201.42 -1 -1 -1 -1000 -1000 -1000 -10 1
157 41 Car -1 -1 -1 435.18 181.22 498.85 217.59 -1 -1 -1 -1000 -1000 -1000 -10 1
157 38 Car -1 -1 -1 570.99 135.53 652.25 211.21 -1 -1 -1 -1000 -1000 -1000 -10 1
158 48 Car -1 -1 -1 496.49 175.13 535.20 206.72 -1 -1 -1 -1000 -1000 -1000 -10 1
158 46 Car -1 -1 -1 -0.95 162.43 114.15 201.12 -1 -1 -1 -1000 -1000 -1000 -10 1
158 41 Car -1 -1 -1 429.93 181.38 496.19 218.66 -1 -1 -1 -1000 -1000 -1000 -10 1
158 38 Car -1 -1 -1 568.23 134.67 652.02 210.12 -1 -1 -1 -1000 -1000 -1000 -10 1
159 49 Car -1 -1 -1 578.22 150.11 638.70 211.36 -1 -1 -1 -1000 -1000 -1000 -10 1
159 48 Car -1 -1 -1 493.80 173.14 533.09 205.58 -1 -1 -1 -1000 -1000 -1000 -10 1
159 46 Car -1 -1 -1 -8.96 164.11 97.83 202.52 -1 -1 -1 -1000 -1000 -1000 -10 1
159 41 Car -1 -1 -1 424.89 181.04 493.08 219.59 -1 -1 -1 -1000 -1000 -1000 -10 1
159 38 Car -1 -1 -1 565.89 133.94 647.34 210.02 -1 -1 -1 -1000 -1000 -1000 -10 1
160 49 Car -1 -1 -1 574.93 146.40 639.71 211.45 -1 -1 -1 -1000 -1000 -1000 -10 1
160 48 Car -1 -1 -1 495.34 171.82 534.74 204.61 -1 -1 -1 -1000 -1000 -1000 -10 1
160 46 Car -1 -1 -1 -9.61 160.65 104.81 204.00 -1 -1 -1 -1000 -1000 -1000 -10 1
160 41 Car -1 -1 -1 419.55 180.87 489.63 220.93 -1 -1 -1 -1000 -1000 -1000 -10 1
160 38 Car -1 -1 -1 564.18 134.50 644.96 211.61 -1 -1 -1 -1000 -1000 -1000 -10 1
161 49 Car -1 -1 -1 571.03 142.43 638.78 211.03 -1 -1 -1 -1000 -1000 -1000 -10 1
161 48 Car -1 -1 -1 498.76 171.40 538.09 204.89 -1 -1 -1 -1000 -1000 -1000 -10 1
161 46 Car -1 -1 -1 -6.69 159.09 108.84 204.77 -1 -1 -1 -1000 -1000 -1000 -10 1
161 41 Car -1 -1 -1 413.58 181.42 484.78 222.13 -1 -1 -1 -1000 -1000 -1000 -10 1
161 38 Car -1 -1 -1 564.11 133.96 644.47 211.72 -1 -1 -1 -1000 -1000 -1000 -10 1
162 49 Car -1 -1 -1 567.34 140.10 635.78 210.29 -1 -1 -1 -1000 -1000 -1000 -10 1
162 48 Car -1 -1 -1 499.90 171.88 538.60 204.78 -1 -1 -1 -1000 -1000 -1000 -10 1
162 41 Car -1 -1 -1 408.20 184.31 481.62 224.61 -1 -1 -1 -1000 -1000 -1000 -10 1
162 38 Car -1 -1 -1 561.00 131.02 642.46 210.52 -1 -1 -1 -1000 -1000 -1000 -10 1
163 49 Car -1 -1 -1 565.11 139.86 635.08 212.48 -1 -1 -1 -1000 -1000 -1000 -10 1
163 48 Car -1 -1 -1 498.27 172.95 537.78 206.12 -1 -1 -1 -1000 -1000 -1000 -10 1
163 41 Car -1 -1 -1 401.45 185.46 479.43 226.25 -1 -1 -1 -1000 -1000 -1000 -10 1
163 38 Car -1 -1 -1 558.18 131.81 639.41 213.37 -1 -1 -1 -1000 -1000 -1000 -10 1
164 49 Car -1 -1 -1 563.09 140.02 633.63 214.06 -1 -1 -1 -1000 -1000 -1000 -10 1
164 48 Car -1 -1 -1 483.37 172.61 526.46 206.58 -1 -1 -1 -1000 -1000 -1000 -10 1
164 41 Car -1 -1 -1 395.36 186.52 476.10 228.80 -1 -1 -1 -1000 -1000 -1000 -10 1
164 38 Car -1 -1 -1 555.22 131.46 637.52 214.42 -1 -1 -1 -1000 -1000 -1000 -10 1
165 49 Car -1 -1 -1 560.63 140.60 633.20 216.92 -1 -1 -1 -1000 -1000 -1000 -10 1
165 48 Car -1 -1 -1 475.17 173.49 521.23 207.73 -1 -1 -1 -1000 -1000 -1000 -10 1
165 41 Car -1 -1 -1 387.97 185.99 470.76 229.96 -1 -1 -1 -1000 -1000 -1000 -10 1
165 38 Car -1 -1 -1 552.21 132.50 635.36 217.18 -1 -1 -1 -1000 -1000 -1000 -10 1
166 49 Car -1 -1 -1 558.90 141.97 631.56 218.71 -1 -1 -1 -1000 -1000 -1000 -10 1
166 48 Car -1 -1 -1 470.30 174.62 517.39 208.25 -1 -1 -1 -1000 -1000 -1000 -10 1
166 41 Car -1 -1 -1 384.75 186.84 467.58 231.55 -1 -1 -1 -1000 -1000 -1000 -10 1
167 49 Car -1 -1 -1 557.48 141.81 630.99 219.30 -1 -1 -1 -1000 -1000 -1000 -10 1
167 48 Car -1 -1 -1 466.15 176.55 514.03 210.43 -1 -1 -1 -1000 -1000 -1000 -10 1
167 41 Car -1 -1 -1 376.68 185.00 465.46 230.76 -1 -1 -1 -1000 -1000 -1000 -10 1
168 49 Car -1 -1 -1 561.45 142.72 632.13 217.68 -1 -1 -1 -1000 -1000 -1000 -10 1
168 48 Car -1 -1 -1 464.75 178.32 512.49 211.88 -1 -1 -1 -1000 -1000 -1000 -10 1
168 41 Car -1 -1 -1 368.04 183.76 458.12 230.57 -1 -1 -1 -1000 -1000 -1000 -10 1
169 49 Car -1 -1 -1 557.91 141.61 629.85 217.78 -1 -1 -1 -1000 -1000 -1000 -10 1
169 48 Car -1 -1 -1 463.05 178.58 511.57 212.72 -1 -1 -1 -1000 -1000 -1000 -10 1
169 41 Car -1 -1 -1 361.95 183.25 454.55 231.99 -1 -1 -1 -1000 -1000 -1000 -10 1
169 38 Car -1 -1 -1 547.84 133.17 631.84 219.00 -1 -1 -1 -1000 -1000 -1000 -10 1
170 49 Car -1 -1 -1 558.14 142.89 630.42 220.00 -1 -1 -1 -1000 -1000 -1000 -10 1
170 48 Car -1 -1 -1 460.78 180.08 510.50 214.75 -1 -1 -1 -1000 -1000 -1000 -10 1
170 41 Car -1 -1 -1 358.04 183.50 451.52 234.66 -1 -1 -1 -1000 -1000 -1000 -10 1
170 38 Car -1 -1 -1 546.54 134.86 631.03 221.44 -1 -1 -1 -1000 -1000 -1000 -10 1
171 49 Car -1 -1 -1 556.66 141.89 630.42 220.79 -1 -1 -1 -1000 -1000 -1000 -10 1
171 48 Car -1 -1 -1 457.99 180.04 508.77 215.40 -1 -1 -1 -1000 -1000 -1000 -10 1
171 41 Car -1 -1 -1 352.83 183.31 448.00 236.79 -1 -1 -1 -1000 -1000 -1000 -10 1
171 38 Car -1 -1 -1 545.16 135.78 630.46 223.66 -1 -1 -1 -1000 -1000 -1000 -10 1
172 49 Car -1 -1 -1 555.24 141.03 629.36 221.03 -1 -1 -1 -1000 -1000 -1000 -10 1
172 48 Car -1 -1 -1 463.74 177.82 513.68 212.85 -1 -1 -1 -1000 -1000 -1000 -10 1
172 41 Car -1 -1 -1 350.02 184.12 445.58 239.19 -1 -1 -1 -1000 -1000 -1000 -10 1
172 38 Car -1 -1 -1 543.81 136.42 629.47 225.14 -1 -1 -1 -1000 -1000 -1000 -10 1
173 54 Car -1 -1 -1 546.81 135.51 631.83 224.69 -1 -1 -1 -1000 -1000 -1000 -10 1
173 49 Car -1 -1 -1 568.14 141.13 634.86 220.12 -1 -1 -1 -1000 -1000 -1000 -10 1
173 48 Car -1 -1 -1 464.53 177.59 514.85 212.88 -1 -1 -1 -1000 -1000 -1000 -10 1
173 41 Car -1 -1 -1 344.78 184.40 442.75 241.56 -1 -1 -1 -1000 -1000 -1000 -10 1
173 38 Car -1 -1 -1 542.89 136.64 629.78 226.84 -1 -1 -1 -1000 -1000 -1000 -10 1
174 54 Car -1 -1 -1 545.85 133.62 632.49 223.17 -1 -1 -1 -1000 -1000 -1000 -10 1
174 49 Car -1 -1 -1 559.10 142.18 627.65 222.63 -1 -1 -1 -1000 -1000 -1000 -10 1
174 48 Car -1 -1 -1 460.84 177.62 511.20 213.12 -1 -1 -1 -1000 -1000 -1000 -10 1
174 41 Car -1 -1 -1 339.63 185.36 438.12 243.50 -1 -1 -1 -1000 -1000 -1000 -10 1
174 38 Car -1 -1 -1 542.50 136.25 630.25 227.75 -1 -1 -1 -1000 -1000 -1000 -10 1
175 54 Car -1 -1 -1 545.10 133.63 633.14 224.03 -1 -1 -1 -1000 -1000 -1000 -10 1
175 48 Car -1 -1 -1 460.36 177.71 511.95 213.64 -1 -1 -1 -1000 -1000 -1000 -10 1
175 41 Car -1 -1 -1 333.54 186.00 433.33 245.51 -1 -1 -1 -1000 -1000 -1000 -10 1
175 38 Car -1 -1 -1 541.47 136.96 629.50 228.80 -1 -1 -1 -1000 -1000 -1000 -10 1
176 54 Car -1 -1 -1 540.54 134.23 628.72 224.45 -1 -1 -1 -1000 -1000 -1000 -10 1
176 48 Car -1 -1 -1 468.99 176.76 520.34 211.91 -1 -1 -1 -1000 -1000 -1000 -10 1
176 41 Car -1 -1 -1 328.61 186.63 431.69 245.76 -1 -1 -1 -1000 -1000 -1000 -10 1
176 38 Car -1 -1 -1 540.33 136.45 629.56 230.15 -1 -1 -1 -1000 -1000 -1000 -10 1
