0 2 Car -1 -1 -1 991.46 128.42 1225.18 238.13 -1 -1 -1 -1000 -1000 -1000 -10 1
0 1 Car -1 -1 -1 549.72 189.01 679.54 301.28 -1 -1 -1 -1000 -1000 -1000 -10 1
1 3 Car -1 -1 -1 1012.81 130.63 1210.96 224.77 -1 -1 -1 -1000 -1000 -1000 -10 1
1 2 Car -1 -1 -1 988.49 122.69 1228.69 236.63 -1 -1 -1 -1000 -1000 -1000 -10 1
1 1 Car -1 -1 -1 555.58 191.92 680.34 301.45 -1 -1 -1 -1000 -1000 -1000 -10 1
2 4 Car -1 -1 -1 86.00 176.80 263.44 356.84 -1 -1 -1 -1000 -1000 -1000 -10 1
2 3 Car -1 -1 -1 1018.59 132.01 1203.79 220.21 -1 -1 -1 -1000 -1000 -1000 -10 1
2 2 Car -1 -1 -1 1008.66 129.90 1216.88 230.80 -1 -1 -1 -1000 -1000 -1000 -10 1
2 1 Car -1 -1 -1 555.33 190.60 679.99 301.44 -1 -1 -1 -1000 -1000 -1000 -10 1
3 2 Car -1 -1 -1 1011.09 129.90 1223.71 231.15 -1 -1 -1 -1000 -1000 -1000 -10 1
3 1 Car -1 -1 -1 552.15 186.33 679.40 298.37 -1 -1 -1 -1000 -1000 -1000 -10 1
4 2 Car -1 -1 -1 1033.58 139.76 1228.18 235.85 -1 -1 -1 -1000 -1000 -1000 -10 1
4 1 Car -1 -1 -1 550.54 187.21 675.90 298.33 -1 -1 -1 -1000 -1000 -1000 -10 1
5 2 Car -1 -1 -1 1056.08 139.75 1223.55 225.67 -1 -1 -1 -1000 -1000 -1000 -10 1
5 1 Car -1 -1 -1 551.10 187.11 674.43 296.36 -1 -1 -1 -1000 -1000 -1000 -10 1
6 2 Car -1 -1 -1 1066.82 134.60 1228.14 222.29 -1 -1 -1 -1000 -1000 -1000 -10 1
6 1 Car -1 -1 -1 552.79 186.97 676.14 295.18 -1 -1 -1 -1000 -1000 -1000 -10 1
7 1 Car -1 -1 -1 554.68 185.27 675.17 291.28 -1 -1 -1 -1000 -1000 -1000 -10 1
8 5 Car -1 -1 -1 123.46 167.62 287.69 380.71 -1 -1 -1 -1000 -1000 -1000 -10 1
8 1 Car -1 -1 -1 557.98 184.79 678.48 288.31 -1 -1 -1 -1000 -1000 -1000 -10 1
9 1 Car -1 -1 -1 559.55 184.28 677.06 284.51 -1 -1 -1 -1000 -1000 -1000 -10 1
10 1 Car -1 -1 -1 561.58 184.65 677.32 283.17 -1 -1 -1 -1000 -1000 -1000 -10 1
11 1 Car -1 -1 -1 562.26 184.94 676.80 282.28 -1 -1 -1 -1000 -1000 -1000 -10 1
12 1 Car -1 -1 -1 562.34 184.32 675.51 281.79 -1 -1 -1 -1000 -1000 -1000 -10 1
13 1 Car -1 -1 -1 562.78 184.26 673.97 281.33 -1 -1 -1 -1000 -1000 -1000 -10 1
14 1 Car -1 -1 -1 563.46 184.24 675.07 281.04 -1 -1 -1 -1000 -1000 -1000 -10 1
15 1 Car -1 -1 -1 564.41 182.62 675.55 280.02 -1 -1 -1 -1000 -1000 -1000 -10 1
16 1 Car -1 -1 -1 563.84 184.63 675.43 279.79 -1 -1 -1 -1000 -1000 -1000 -10 1
17 1 Car -1 -1 -1 564.45 183.58 674.31 278.95 -1 -1 -1 -1000 -1000 -1000 -10 1
18 1 Car -1 -1 -1 564.68 182.44 672.41 277.91 -1 -1 -1 -1000 -1000 -1000 -10 1
19 1 Car -1 -1 -1 565.13 182.20 670.92 277.90 -1 -1 -1 -1000 -1000 -1000 -10 1
20 1 Car -1 -1 -1 564.53 182.14 670.50 277.87 -1 -1 -1 -1000 -1000 -1000 -10 1
21 1 Car -1 -1 -1 563.83 181.06 669.74 275.89 -1 -1 -1 -1000 -1000 -1000 -10 1
22 1 Car -1 -1 -1 563.07 179.11 669.87 272.17 -1 -1 -1 -1000 -1000 -1000 -10 1
23 1 Car -1 -1 -1 563.05 178.01 669.13 269.45 -1 -1 -1 -1000 -1000 -1000 -10 1
24 1 Car -1 -1 -1 564.15 178.26 670.59 268.28 -1 -1 -1 -1000 -1000 -1000 -10 1
25 13 Car -1 -1 -1 79.16 196.06 228.50 249.79 -1 -1 -1 -1000 -1000 -1000 -10 1
25 1 Car -1 -1 -1 563.48 176.82 669.47 264.95 -1 -1 -1 -1000 -1000 -1000 -10 1
26 13 Car -1 -1 -1 33.65 195.08 204.59 258.73 -1 -1 -1 -1000 -1000 -1000 -10 1
26 1 Car -1 -1 -1 563.87 178.58 668.14 264.16 -1 -1 -1 -1000 -1000 -1000 -10 1
27 1 Car -1 -1 -1 565.52 179.94 666.90 262.99 -1 -1 -1 -1000 -1000 -1000 -10 1
28 1 Car -1 -1 -1 566.25 180.68 665.88 261.42 -1 -1 -1 -1000 -1000 -1000 -10 1
29 1 Car -1 -1 -1 569.67 176.22 662.31 253.89 -1 -1 -1 -1000 -1000 -1000 -10 1
30 1 Car -1 -1 -1 570.09 175.32 657.30 251.35 -1 -1 -1 -1000 -1000 -1000 -10 1
31 1 Car -1 -1 -1 570.32 171.80 652.34 245.85 -1 -1 -1 -1000 -1000 -1000 -10 1
32 1 Car -1 -1 -1 571.59 171.31 649.53 243.03 -1 -1 -1 -1000 -1000 -1000 -10 1
33 1 Car -1 -1 -1 571.25 170.54 645.43 240.33 -1 -1 -1 -1000 -1000 -1000 -10 1
34 1 Car -1 -1 -1 570.65 172.09 643.68 240.30 -1 -1 -1 -1000 -1000 -1000 -10 1
35 1 Car -1 -1 -1 566.73 174.20 640.53 241.06 -1 -1 -1 -1000 -1000 -1000 -10 1
36 1 Car -1 -1 -1 565.39 177.05 639.52 241.68 -1 -1 -1 -1000 -1000 -1000 -10 1
37 1 Car -1 -1 -1 563.92 176.08 636.53 239.05 -1 -1 -1 -1000 -1000 -1000 -10 1
38 18 Car -1 -1 -1 -13.12 198.37 157.06 271.99 -1 -1 -1 -1000 -1000 -1000 -10 1
38 1 Car -1 -1 -1 561.33 175.52 632.59 236.56 -1 -1 -1 -1000 -1000 -1000 -10 1
39 18 Car -1 -1 -1 -23.09 209.23 137.00 291.60 -1 -1 -1 -1000 -1000 -1000 -10 1
39 1 Car -1 -1 -1 559.30 174.89 628.66 234.01 -1 -1 -1 -1000 -1000 -1000 -10 1
40 1 Car -1 -1 -1 556.84 176.12 625.17 233.52 -1 -1 -1 -1000 -1000 -1000 -10 1
41 1 Car -1 -1 -1 557.40 176.32 623.66 232.16 -1 -1 -1 -1000 -1000 -1000 -10 1
42 1 Car -1 -1 -1 557.17 177.36 622.24 232.10 -1 -1 -1 -1000 -1000 -1000 -10 1
43 1 Car -1 -1 -1 555.62 177.23 620.42 232.17 -1 -1 -1 -1000 -1000 -1000 -10 1
44 1 Car -1 -1 -1 552.41 176.67 617.18 231.90 -1 -1 -1 -1000 -1000 -1000 -10 1
45 1 Car -1 -1 -1 550.85 176.17 616.06 231.66 -1 -1 -1 -1000 -1000 -1000 -10 1
46 1 Car -1 -1 -1 546.34 176.35 613.23 231.20 -1 -1 -1 -1000 -1000 -1000 -10 1
47 22 Car -1 -1 -1 159.12 188.09 291.86 234.68 -1 -1 -1 -1000 -1000 -1000 -10 1
47 1 Car -1 -1 -1 541.75 177.13 608.95 230.67 -1 -1 -1 -1000 -1000 -1000 -10 1
48 22 Car -1 -1 -1 130.29 193.59 267.03 240.18 -1 -1 -1 -1000 -1000 -1000 -10 1
48 1 Car -1 -1 -1 538.12 178.50 604.80 230.99 -1 -1 -1 -1000 -1000 -1000 -10 1
49 23 Car -1 -1 -1 970.64 158.03 1127.36 201.59 -1 -1 -1 -1000 -1000 -1000 -10 1
49 1 Car -1 -1 -1 535.95 181.04 601.37 232.89 -1 -1 -1 -1000 -1000 -1000 -10 1
50 23 Car -1 -1 -1 988.35 156.03 1145.09 201.12 -1 -1 -1 -1000 -1000 -1000 -10 1
50 1 Car -1 -1 -1 535.03 182.69 598.93 234.89 -1 -1 -1 -1000 -1000 -1000 -10 1
51 25 Car -1 -1 -1 1146.36 146.03 1240.22 205.80 -1 -1 -1 -1000 -1000 -1000 -10 1
51 23 Car -1 -1 -1 998.19 157.08 1155.68 203.17 -1 -1 -1 -1000 -1000 -1000 -10 1
51 1 Car -1 -1 -1 528.73 183.18 592.38 233.16 -1 -1 -1 -1000 -1000 -1000 -10 1
52 25 Car -1 -1 -1 1156.93 141.31 1236.44 199.52 -1 -1 -1 -1000 -1000 -1000 -10 1
52 24 Car -1 -1 -1 323.78 180.27 459.91 241.82 -1 -1 -1 -1000 -1000 -1000 -10 1
52 23 Car -1 -1 -1 1018.28 156.89 1172.47 203.82 -1 -1 -1 -1000 -1000 -1000 -10 1
52 1 Car -1 -1 -1 524.57 184.39 587.42 232.35 -1 -1 -1 -1000 -1000 -1000 -10 1
53 24 Car -1 -1 -1 318.02 181.28 453.33 241.35 -1 -1 -1 -1000 -1000 -1000 -10 1
53 23 Car -1 -1 -1 1026.29 158.37 1180.47 206.43 -1 -1 -1 -1000 -1000 -1000 -10 1
53 1 Car -1 -1 -1 524.33 185.31 586.65 232.19 -1 -1 -1 -1000 -1000 -1000 -10 1
54 24 Car -1 -1 -1 312.28 181.23 448.77 244.95 -1 -1 -1 -1000 -1000 -1000 -10 1
54 1 Car -1 -1 -1 522.95 186.12 584.97 231.81 -1 -1 -1 -1000 -1000 -1000 -10 1
55 27 Car -1 -1 -1 -13.03 201.27 68.71 279.28 -1 -1 -1 -1000 -1000 -1000 -10 1
55 1 Car -1 -1 -1 523.49 187.39 584.35 232.31 -1 -1 -1 -1000 -1000 -1000 -10 1
56 1 Car -1 -1 -1 520.15 188.18 579.76 232.65 -1 -1 -1 -1000 -1000 -1000 -10 1
57 1 Car -1 -1 -1 516.54 185.83 575.31 231.27 -1 -1 -1 -1000 -1000 -1000 -10 1
58 1 Car -1 -1 -1 516.41 186.43 574.33 232.15 -1 -1 -1 -1000 -1000 -1000 -10 1
59 31 Car -1 -1 -1 1065.41 148.74 1229.99 215.06 -1 -1 -1 -1000 -1000 -1000 -10 1
59 1 Car -1 -1 -1 515.15 187.48 570.99 231.10 -1 -1 -1 -1000 -1000 -1000 -10 1
60 31 Car -1 -1 -1 1085.41 149.42 1240.18 215.68 -1 -1 -1 -1000 -1000 -1000 -10 1
60 1 Car -1 -1 -1 512.00 187.37 566.45 229.90 -1 -1 -1 -1000 -1000 -1000 -10 1
61 31 Car -1 -1 -1 1100.98 145.68 1247.81 213.72 -1 -1 -1 -1000 -1000 -1000 -10 1
61 1 Car -1 -1 -1 512.02 186.96 565.53 229.13 -1 -1 -1 -1000 -1000 -1000 -10 1
62 31 Car -1 -1 -1 1120.62 147.19 1246.89 212.20 -1 -1 -1 -1000 -1000 -1000 -10 1
62 1 Car -1 -1 -1 511.15 185.51 563.52 227.09 -1 -1 -1 -1000 -1000 -1000 -10 1
63 32 Car -1 -1 -1 68.14 200.13 216.83 260.85 -1 -1 -1 -1000 -1000 -1000 -10 1
63 1 Car -1 -1 -1 508.98 183.21 561.94 224.75 -1 -1 -1 -1000 -1000 -1000 -10 1
64 32 Car -1 -1 -1 22.41 196.43 219.49 273.48 -1 -1 -1 -1000 -1000 -1000 -10 1
64 1 Car -1 -1 -1 508.26 183.04 560.07 223.30 -1 -1 -1 -1000 -1000 -1000 -10 1
65 32 Car -1 -1 -1 -17.53 210.45 204.00 314.45 -1 -1 -1 -1000 -1000 -1000 -10 1
65 1 Car -1 -1 -1 510.66 181.72 564.05 220.35 -1 -1 -1 -1000 -1000 -1000 -10 1
66 35 Car -1 -1 -1 170.67 185.28 359.47 314.61 -1 -1 -1 -1000 -1000 -1000 -10 1
66 1 Car -1 -1 -1 513.54 181.17 565.36 219.38 -1 -1 -1 -1000 -1000 -1000 -10 1
67 35 Car -1 -1 -1 154.45 186.44 355.54 326.47 -1 -1 -1 -1000 -1000 -1000 -10 1
67 1 Car -1 -1 -1 518.26 179.72 569.48 218.52 -1 -1 -1 -1000 -1000 -1000 -10 1
68 35 Car -1 -1 -1 144.56 189.61 351.31 333.66 -1 -1 -1 -1000 -1000 -1000 -10 1
68 1 Car -1 -1 -1 522.74 180.27 571.15 217.94 -1 -1 -1 -1000 -1000 -1000 -10 1
69 35 Car -1 -1 -1 118.62 190.52 346.90 347.95 -1 -1 -1 -1000 -1000 -1000 -10 1
69 1 Car -1 -1 -1 531.84 181.18 579.15 217.32 -1 -1 -1 -1000 -1000 -1000 -10 1
70 35 Car -1 -1 -1 87.80 189.79 328.59 353.78 -1 -1 -1 -1000 -1000 -1000 -10 1
70 1 Car -1 -1 -1 537.64 179.05 586.55 213.57 -1 -1 -1 -1000 -1000 -1000 -10 1
71 35 Car -1 -1 -1 57.37 188.04 315.29 354.52 -1 -1 -1 -1000 -1000 -1000 -10 1
71 1 Car -1 -1 -1 544.77 178.60 592.25 212.66 -1 -1 -1 -1000 -1000 -1000 -10 1
72 38 Car -1 -1 -1 359.37 176.52 424.75 205.13 -1 -1 -1 -1000 -1000 -1000 -10 1
72 35 Car -1 -1 -1 25.32 183.36 298.05 361.13 -1 -1 -1 -1000 -1000 -1000 -10 1
72 1 Car -1 -1 -1 551.06 175.36 597.56 209.42 -1 -1 -1 -1000 -1000 -1000 -10 1
73 38 Car -1 -1 -1 361.37 173.91 424.90 201.46 -1 -1 -1 -1000 -1000 -1000 -10 1
73 35 Car -1 -1 -1 2.53 180.68 271.83 359.96 -1 -1 -1 -1000 -1000 -1000 -10 1
73 1 Car -1 -1 -1 565.71 171.31 611.12 204.74 -1 -1 -1 -1000 -1000 -1000 -10 1
74 38 Car -1 -1 -1 363.67 172.68 428.28 200.34 -1 -1 -1 -1000 -1000 -1000 -10 1
74 36 Car -1 -1 -1 636.82 160.82 680.10 190.21 -1 -1 -1 -1000 -1000 -1000 -10 1
74 35 Car -1 -1 -1 -13.01 173.78 252.54 359.42 -1 -1 -1 -1000 -1000 -1000 -10 1
74 1 Car -1 -1 -1 576.31 167.73 620.03 200.55 -1 -1 -1 -1000 -1000 -1000 -10 1
75 38 Car -1 -1 -1 362.46 173.75 426.28 201.90 -1 -1 -1 -1000 -1000 -1000 -10 1
75 36 Car -1 -1 -1 642.78 162.55 689.63 195.05 -1 -1 -1 -1000 -1000 -1000 -10 1
75 35 Car -1 -1 -1 -25.28 171.47 215.80 355.49 -1 -1 -1 -1000 -1000 -1000 -10 1
75 1 Car -1 -1 -1 574.10 170.71 618.59 203.89 -1 -1 -1 -1000 -1000 -1000 -10 1
76 38 Car -1 -1 -1 364.71 174.57 430.06 204.05 -1 -1 -1 -1000 -1000 -1000 -10 1
76 36 Car -1 -1 -1 644.79 163.63 690.84 196.72 -1 -1 -1 -1000 -1000 -1000 -10 1
76 35 Car -1 -1 -1 -32.36 161.51 192.30 355.89 -1 -1 -1 -1000 -1000 -1000 -10 1
76 1 Car -1 -1 -1 579.45 173.24 623.18 205.95 -1 -1 -1 -1000 -1000 -1000 -10 1
77 41 Car -1 -1 -1 410.35 173.29 468.15 201.77 -1 -1 -1 -1000 -1000 -1000 -10 1
77 38 Car -1 -1 -1 365.90 175.63 433.98 206.70 -1 -1 -1 -1000 -1000 -1000 -10 1
77 36 Car -1 -1 -1 649.88 165.09 694.91 198.63 -1 -1 -1 -1000 -1000 -1000 -10 1
77 35 Car -1 -1 -1 -34.83 162.50 170.25 356.41 -1 -1 -1 -1000 -1000 -1000 -10 1
77 1 Car -1 -1 -1 585.78 174.68 629.45 207.18 -1 -1 -1 -1000 -1000 -1000 -10 1
78 41 Car -1 -1 -1 420.90 173.89 475.60 201.75 -1 -1 -1 -1000 -1000 -1000 -10 1
78 38 Car -1 -1 -1 364.82 177.06 435.30 209.50 -1 -1 -1 -1000 -1000 -1000 -10 1
78 1 Car -1 -1 -1 590.22 172.00 633.29 204.43 -1 -1 -1 -1000 -1000 -1000 -10 1
79 41 Car -1 -1 -1 428.75 174.32 480.75 201.10 -1 -1 -1 -1000 -1000 -1000 -10 1
79 38 Car -1 -1 -1 360.17 177.41 433.99 211.37 -1 -1 -1 -1000 -1000 -1000 -10 1
79 1 Car -1 -1 -1 594.42 172.07 636.27 204.20 -1 -1 -1 -1000 -1000 -1000 -10 1
80 43 Car -1 -1 -1 471.01 175.70 509.92 198.36 -1 -1 -1 -1000 -1000 -1000 -10 1
80 41 Car -1 -1 -1 433.40 175.34 482.86 201.36 -1 -1 -1 -1000 -1000 -1000 -10 1
80 38 Car -1 -1 -1 355.96 178.31 430.99 213.15 -1 -1 -1 -1000 -1000 -1000 -10 1
80 1 Car -1 -1 -1 599.91 174.99 641.27 206.67 -1 -1 -1 -1000 -1000 -1000 -10 1
81 41 Car -1 -1 -1 437.66 176.91 485.92 203.04 -1 -1 -1 -1000 -1000 -1000 -10 1
81 38 Car -1 -1 -1 356.70 181.21 435.20 214.80 -1 -1 -1 -1000 -1000 -1000 -10 1
81 36 Car -1 -1 -1 677.55 167.53 742.73 209.02 -1 -1 -1 -1000 -1000 -1000 -10 1
81 1 Car -1 -1 -1 604.60 177.50 646.39 208.93 -1 -1 -1 -1000 -1000 -1000 -10 1
82 41 Car -1 -1 -1 440.24 177.74 488.03 203.78 -1 -1 -1 -1000 -1000 -1000 -10 1
82 38 Car -1 -1 -1 354.31 185.48 436.62 217.43 -1 -1 -1 -1000 -1000 -1000 -10 1
82 36 Car -1 -1 -1 674.70 170.13 741.26 210.99 -1 -1 -1 -1000 -1000 -1000 -10 1
82 1 Car -1 -1 -1 608.91 179.39 650.59 210.97 -1 -1 -1 -1000 -1000 -1000 -10 1
