0 2 Car -1 -1 -1 1051.49 178.22 1197.05 224.47 -1 -1 -1 -1000 -1000 -1000 -10 1
0 1 Car -1 -1 -1 560.63 161.99 602.53 201.13 -1 -1 -1 -1000 -1000 -1000 -10 1
1 3 Car -1 -1 -1 909.97 184.34 1009.54 219.68 -1 -1 -1 -1000 -1000 -1000 -10 1
1 2 Car -1 -1 -1 1057.52 186.00 1196.53 226.55 -1 -1 -1 -1000 -1000 -1000 -10 1
1 1 Car -1 -1 -1 563.86 160.62 603.17 197.48 -1 -1 -1 -1000 -1000 -1000 -10 1
2 5 Car -1 -1 -1 571.70 164.44 618.25 212.37 -1 -1 -1 -1000 -1000 -1000 -10 1
2 4 Car -1 -1 -1 557.25 161.93 597.74 204.49 -1 -1 -1 -1000 -1000 -1000 -10 1
2 3 Car -1 -1 -1 906.70 183.78 1014.37 221.13 -1 -1 -1 -1000 -1000 -1000 -10 1
2 2 Car -1 -1 -1 1073.36 182.48 1225.33 229.57 -1 -1 -1 -1000 -1000 -1000 -10 1
2 1 Car -1 -1 -1 563.38 162.27 605.42 201.79 -1 -1 -1 -1000 -1000 -1000 -10 1
3 2 Car -1 -1 -1 1079.36 183.70 1233.03 232.26 -1 -1 -1 -1000 -1000 -1000 -10 1
3 1 Car -1 -1 -1 563.64 161.97 609.94 205.06 -1 -1 -1 -1000 -1000 -1000 -10 1
4 3 Car -1 -1 -1 911.88 185.02 1017.86 220.90 -1 -1 -1 -1000 -1000 -1000 -10 1
4 2 Car -1 -1 -1 1084.22 182.02 1236.87 231.42 -1 -1 -1 -1000 -1000 -1000 -10 1
4 1 Car -1 -1 -1 563.95 161.54 617.44 212.54 -1 -1 -1 -1000 -1000 -1000 -10 1
5 3 Car -1 -1 -1 924.02 184.75 1032.68 221.51 -1 -1 -1 -1000 -1000 -1000 -10 1
5 2 Car -1 -1 -1 1088.49 181.90 1234.70 231.77 -1 -1 -1 -1000 -1000 -1000 -10 1
5 1 Car -1 -1 -1 565.50 161.47 622.55 214.99 -1 -1 -1 -1000 -1000 -1000 -10 1
6 3 Car -1 -1 -1 924.28 185.91 1022.70 221.78 -1 -1 -1 -1000 -1000 -1000 -10 1
6 2 Car -1 -1 -1 1091.53 181.66 1234.90 232.49 -1 -1 -1 -1000 -1000 -1000 -10 1
6 1 Car -1 -1 -1 561.69 161.19 623.72 216.71 -1 -1 -1 -1000 -1000 -1000 -10 1
7 2 Car -1 -1 -1 1101.83 182.54 1237.21 232.90 -1 -1 -1 -1000 -1000 -1000 -10 1
7 1 Car -1 -1 -1 558.92 162.34 625.27 218.73 -1 -1 -1 -1000 -1000 -1000 -10 1
8 2 Car -1 -1 -1 1110.57 181.01 1240.22 229.56 -1 -1 -1 -1000 -1000 -1000 -10 1
8 1 Car -1 -1 -1 561.83 161.76 626.60 217.71 -1 -1 -1 -1000 -1000 -1000 -10 1
9 2 Car -1 -1 -1 1114.71 179.01 1240.06 227.16 -1 -1 -1 -1000 -1000 -1000 -10 1
9 1 Car -1 -1 -1 564.40 161.42 631.60 217.90 -1 -1 -1 -1000 -1000 -1000 -10 1
10 2 Car -1 -1 -1 1120.08 180.34 1237.34 227.16 -1 -1 -1 -1000 -1000 -1000 -10 1
10 1 Car -1 -1 -1 567.53 161.07 640.67 216.09 -1 -1 -1 -1000 -1000 -1000 -10 1
11 2 Car -1 -1 -1 1122.58 180.09 1232.44 226.47 -1 -1 -1 -1000 -1000 -1000 -10 1
11 1 Car -1 -1 -1 567.83 163.01 645.94 217.44 -1 -1 -1 -1000 -1000 -1000 -10 1
12 2 Car -1 -1 -1 1128.37 181.94 1232.61 229.53 -1 -1 -1 -1000 -1000 -1000 -10 1
12 1 Car -1 -1 -1 574.38 165.37 653.60 218.87 -1 -1 -1 -1000 -1000 -1000 -10 1
13 7 Car -1 -1 -1 931.12 184.63 1042.14 225.77 -1 -1 -1 -1000 -1000 -1000 -10 1
13 2 Car -1 -1 -1 1131.88 176.48 1232.07 225.87 -1 -1 -1 -1000 -1000 -1000 -10 1
14 7 Car -1 -1 -1 945.64 184.31 1053.15 225.23 -1 -1 -1 -1000 -1000 -1000 -10 1
14 2 Car -1 -1 -1 1136.44 178.06 1231.74 230.64 -1 -1 -1 -1000 -1000 -1000 -10 1
15 7 Car -1 -1 -1 951.17 186.08 1055.64 225.95 -1 -1 -1 -1000 -1000 -1000 -10 1
15 2 Car -1 -1 -1 1146.02 171.29 1235.19 227.55 -1 -1 -1 -1000 -1000 -1000 -10 1
16 7 Car -1 -1 -1 953.65 187.40 1055.14 226.37 -1 -1 -1 -1000 -1000 -1000 -10 1
16 2 Car -1 -1 -1 1137.49 174.63 1232.39 234.32 -1 -1 -1 -1000 -1000 -1000 -10 1
16 1 Car -1 -1 -1 581.93 170.13 681.52 224.22 -1 -1 -1 -1000 -1000 -1000 -10 1
17 7 Car -1 -1 -1 959.22 187.25 1055.69 225.28 -1 -1 -1 -1000 -1000 -1000 -10 1
17 1 Car -1 -1 -1 582.80 169.73 686.10 224.19 -1 -1 -1 -1000 -1000 -1000 -10 1
18 7 Car -1 -1 -1 955.85 184.60 1055.51 223.75 -1 -1 -1 -1000 -1000 -1000 -10 1
19 7 Car -1 -1 -1 960.65 183.05 1058.39 222.07 -1 -1 -1 -1000 -1000 -1000 -10 1
20 7 Car -1 -1 -1 963.06 183.19 1058.72 222.01 -1 -1 -1 -1000 -1000 -1000 -10 1
21 7 Car -1 -1 -1 961.43 182.68 1059.81 222.09 -1 -1 -1 -1000 -1000 -1000 -10 1
21 1 Car -1 -1 -1 605.27 169.48 730.74 224.02 -1 -1 -1 -1000 -1000 -1000 -10 1
22 16 Car -1 -1 -1 1098.49 185.21 1233.59 233.91 -1 -1 -1 -1000 -1000 -1000 -10 1
22 7 Car -1 -1 -1 963.08 181.58 1061.85 221.35 -1 -1 -1 -1000 -1000 -1000 -10 1
22 1 Car -1 -1 -1 609.95 168.36 737.96 225.60 -1 -1 -1 -1000 -1000 -1000 -10 1
23 17 Car -1 -1 -1 1019.21 182.38 1151.08 230.21 -1 -1 -1 -1000 -1000 -1000 -10 1
23 16 Car -1 -1 -1 1101.06 183.68 1232.73 232.32 -1 -1 -1 -1000 -1000 -1000 -10 1
23 7 Car -1 -1 -1 971.08 181.14 1074.51 222.52 -1 -1 -1 -1000 -1000 -1000 -10 1
23 1 Car -1 -1 -1 611.38 166.15 740.94 227.92 -1 -1 -1 -1000 -1000 -1000 -10 1
24 17 Car -1 -1 -1 1028.91 181.41 1157.62 224.97 -1 -1 -1 -1000 -1000 -1000 -10 1
24 16 Car -1 -1 -1 1104.12 186.11 1232.06 233.98 -1 -1 -1 -1000 -1000 -1000 -10 1
24 7 Car -1 -1 -1 972.48 179.59 1078.53 221.28 -1 -1 -1 -1000 -1000 -1000 -10 1
24 1 Car -1 -1 -1 614.55 165.34 748.48 231.24 -1 -1 -1 -1000 -1000 -1000 -10 1
25 17 Car -1 -1 -1 1033.99 181.57 1161.31 223.34 -1 -1 -1 -1000 -1000 -1000 -10 1
25 16 Car -1 -1 -1 1105.96 187.07 1232.70 234.68 -1 -1 -1 -1000 -1000 -1000 -10 1
25 7 Car -1 -1 -1 973.04 178.01 1080.31 220.35 -1 -1 -1 -1000 -1000 -1000 -10 1
26 17 Car -1 -1 -1 1038.10 182.08 1166.67 222.83 -1 -1 -1 -1000 -1000 -1000 -10 1
26 16 Car -1 -1 -1 1101.64 188.31 1231.32 237.62 -1 -1 -1 -1000 -1000 -1000 -10 1
26 7 Car -1 -1 -1 972.45 176.83 1082.25 220.64 -1 -1 -1 -1000 -1000 -1000 -10 1
27 17 Car -1 -1 -1 1038.28 181.86 1168.07 223.23 -1 -1 -1 -1000 -1000 -1000 -10 1
27 16 Car -1 -1 -1 1103.71 188.69 1232.89 237.73 -1 -1 -1 -1000 -1000 -1000 -10 1
27 7 Car -1 -1 -1 971.61 175.99 1083.11 219.89 -1 -1 -1 -1000 -1000 -1000 -10 1
28 17 Car -1 -1 -1 1036.48 182.70 1163.16 224.78 -1 -1 -1 -1000 -1000 -1000 -10 1
28 16 Car -1 -1 -1 1116.42 186.25 1235.06 232.59 -1 -1 -1 -1000 -1000 -1000 -10 1
28 7 Car -1 -1 -1 974.03 175.31 1088.23 219.40 -1 -1 -1 -1000 -1000 -1000 -10 1
29 17 Car -1 -1 -1 1036.46 183.55 1161.55 227.05 -1 -1 -1 -1000 -1000 -1000 -10 1
29 16 Car -1 -1 -1 1121.02 185.05 1235.70 229.89 -1 -1 -1 -1000 -1000 -1000 -10 1
29 7 Car -1 -1 -1 974.62 175.27 1089.67 219.66 -1 -1 -1 -1000 -1000 -1000 -10 1
30 17 Car -1 -1 -1 1047.05 184.07 1174.39 229.17 -1 -1 -1 -1000 -1000 -1000 -10 1
30 7 Car -1 -1 -1 974.95 175.87 1091.93 221.37 -1 -1 -1 -1000 -1000 -1000 -10 1
31 17 Car -1 -1 -1 1051.92 183.69 1184.97 227.95 -1 -1 -1 -1000 -1000 -1000 -10 1
31 7 Car -1 -1 -1 975.47 175.52 1093.43 222.58 -1 -1 -1 -1000 -1000 -1000 -10 1
32 17 Car -1 -1 -1 1052.63 183.19 1190.57 229.98 -1 -1 -1 -1000 -1000 -1000 -10 1
32 7 Car -1 -1 -1 975.33 175.96 1097.54 223.76 -1 -1 -1 -1000 -1000 -1000 -10 1
33 17 Car -1 -1 -1 1053.59 182.81 1195.16 231.74 -1 -1 -1 -1000 -1000 -1000 -10 1
33 7 Car -1 -1 -1 979.75 176.97 1103.98 225.47 -1 -1 -1 -1000 -1000 -1000 -10 1
34 20 Car -1 -1 -1 738.95 164.39 877.46 233.26 -1 -1 -1 -1000 -1000 -1000 -10 1
34 17 Car -1 -1 -1 1050.67 183.06 1196.49 234.08 -1 -1 -1 -1000 -1000 -1000 -10 1
34 7 Car -1 -1 -1 982.79 177.74 1109.82 226.34 -1 -1 -1 -1000 -1000 -1000 -10 1
35 20 Car -1 -1 -1 747.11 166.83 904.28 242.07 -1 -1 -1 -1000 -1000 -1000 -10 1
35 17 Car -1 -1 -1 1053.41 183.80 1197.10 232.51 -1 -1 -1 -1000 -1000 -1000 -10 1
35 7 Car -1 -1 -1 983.52 180.13 1111.99 228.34 -1 -1 -1 -1000 -1000 -1000 -10 1
36 21 Car -1 -1 -1 524.34 175.06 566.89 205.12 -1 -1 -1 -1000 -1000 -1000 -10 1
36 20 Car -1 -1 -1 757.76 167.59 912.89 243.94 -1 -1 -1 -1000 -1000 -1000 -10 1
36 17 Car -1 -1 -1 1063.30 182.32 1205.08 231.26 -1 -1 -1 -1000 -1000 -1000 -10 1
36 7 Car -1 -1 -1 986.82 182.08 1112.70 231.29 -1 -1 -1 -1000 -1000 -1000 -10 1
37 21 Car -1 -1 -1 522.09 175.56 565.15 205.83 -1 -1 -1 -1000 -1000 -1000 -10 1
37 20 Car -1 -1 -1 780.62 165.79 924.93 235.27 -1 -1 -1 -1000 -1000 -1000 -10 1
37 17 Car -1 -1 -1 1066.68 181.66 1208.46 230.19 -1 -1 -1 -1000 -1000 -1000 -10 1
37 7 Car -1 -1 -1 989.80 182.74 1115.73 231.59 -1 -1 -1 -1000 -1000 -1000 -10 1
38 21 Car -1 -1 -1 521.77 176.78 564.20 208.07 -1 -1 -1 -1000 -1000 -1000 -10 1
38 20 Car -1 -1 -1 785.41 167.96 945.31 243.86 -1 -1 -1 -1000 -1000 -1000 -10 1
38 17 Car -1 -1 -1 1069.25 182.07 1211.56 231.52 -1 -1 -1 -1000 -1000 -1000 -10 1
38 7 Car -1 -1 -1 992.47 182.64 1117.85 231.13 -1 -1 -1 -1000 -1000 -1000 -10 1
39 21 Car -1 -1 -1 521.62 177.23 563.44 208.87 -1 -1 -1 -1000 -1000 -1000 -10 1
39 20 Car -1 -1 -1 787.44 176.35 947.42 257.74 -1 -1 -1 -1000 -1000 -1000 -10 1
39 17 Car -1 -1 -1 1069.34 182.51 1213.25 232.49 -1 -1 -1 -1000 -1000 -1000 -10 1
39 7 Car -1 -1 -1 1001.14 182.46 1121.78 230.50 -1 -1 -1 -1000 -1000 -1000 -10 1
40 20 Car -1 -1 -1 811.10 170.65 973.44 253.14 -1 -1 -1 -1000 -1000 -1000 -10 1
40 17 Car -1 -1 -1 1068.20 183.63 1213.62 234.05 -1 -1 -1 -1000 -1000 -1000 -10 1
40 7 Car -1 -1 -1 1005.50 189.11 1126.54 238.46 -1 -1 -1 -1000 -1000 -1000 -10 1
41 17 Car -1 -1 -1 1070.24 184.30 1214.47 235.49 -1 -1 -1 -1000 -1000 -1000 -10 1
41 7 Car -1 -1 -1 995.66 184.17 1120.62 233.20 -1 -1 -1 -1000 -1000 -1000 -10 1
42 17 Car -1 -1 -1 1071.84 183.60 1216.53 235.15 -1 -1 -1 -1000 -1000 -1000 -10 1
42 7 Car -1 -1 -1 1002.13 181.00 1132.19 229.76 -1 -1 -1 -1000 -1000 -1000 -10 1
43 17 Car -1 -1 -1 1081.49 183.87 1221.62 234.97 -1 -1 -1 -1000 -1000 -1000 -10 1
43 7 Car -1 -1 -1 1001.67 184.35 1137.25 233.65 -1 -1 -1 -1000 -1000 -1000 -10 1
44 7 Car -1 -1 -1 993.48 185.15 1130.14 236.74 -1 -1 -1 -1000 -1000 -1000 -10 1
45 7 Car -1 -1 -1 1021.65 185.62 1160.24 237.95 -1 -1 -1 -1000 -1000 -1000 -10 1
46 7 Car -1 -1 -1 1060.14 183.08 1195.85 235.45 -1 -1 -1 -1000 -1000 -1000 -10 1
47 7 Car -1 -1 -1 1072.73 181.55 1209.41 236.31 -1 -1 -1 -1000 -1000 -1000 -10 1
48 33 Car -1 -1 -1 495.82 181.24 547.16 217.03 -1 -1 -1 -1000 -1000 -1000 -10 1
48 7 Car -1 -1 -1 1075.71 186.54 1212.99 244.82 -1 -1 -1 -1000 -1000 -1000 -10 1
49 35 Car -1 -1 -1 971.96 170.85 1163.71 258.05 -1 -1 -1 -1000 -1000 -1000 -10 1
49 33 Car -1 -1 -1 491.08 180.71 541.43 216.94 -1 -1 -1 -1000 -1000 -1000 -10 1
49 7 Car -1 -1 -1 1101.26 182.06 1233.87 246.36 -1 -1 -1 -1000 -1000 -1000 -10 1
50 35 Car -1 -1 -1 983.21 164.99 1178.66 251.04 -1 -1 -1 -1000 -1000 -1000 -10 1
50 33 Car -1 -1 -1 487.13 180.86 537.28 217.33 -1 -1 -1 -1000 -1000 -1000 -10 1
51 35 Car -1 -1 -1 1002.97 163.64 1209.54 250.92 -1 -1 -1 -1000 -1000 -1000 -10 1
51 33 Car -1 -1 -1 485.30 181.95 534.06 218.40 -1 -1 -1 -1000 -1000 -1000 -10 1
52 35 Car -1 -1 -1 1019.24 163.49 1227.84 249.68 -1 -1 -1 -1000 -1000 -1000 -10 1
52 33 Car -1 -1 -1 487.66 184.00 535.58 221.23 -1 -1 -1 -1000 -1000 -1000 -10 1
53 35 Car -1 -1 -1 1039.66 166.10 1241.59 251.39 -1 -1 -1 -1000 -1000 -1000 -10 1
53 33 Car -1 -1 -1 484.82 183.87 532.75 223.53 -1 -1 -1 -1000 -1000 -1000 -10 1
54 35 Car -1 -1 -1 1060.85 168.36 1246.97 252.62 -1 -1 -1 -1000 -1000 -1000 -10 1
54 33 Car -1 -1 -1 477.71 179.60 528.27 221.71 -1 -1 -1 -1000 -1000 -1000 -10 1
55 35 Car -1 -1 -1 1063.94 167.37 1241.64 251.61 -1 -1 -1 -1000 -1000 -1000 -10 1
55 33 Car -1 -1 -1 469.72 184.30 522.82 233.12 -1 -1 -1 -1000 -1000 -1000 -10 1
56 37 Car -1 -1 -1 401.43 179.85 483.66 265.55 -1 -1 -1 -1000 -1000 -1000 -10 1
56 35 Car -1 -1 -1 1078.04 170.24 1238.60 250.30 -1 -1 -1 -1000 -1000 -1000 -10 1
56 33 Car -1 -1 -1 462.67 187.88 521.78 246.52 -1 -1 -1 -1000 -1000 -1000 -10 1
57 37 Car -1 -1 -1 375.08 178.94 456.74 264.24 -1 -1 -1 -1000 -1000 -1000 -10 1
57 35 Car -1 -1 -1 1081.81 169.95 1231.03 246.43 -1 -1 -1 -1000 -1000 -1000 -10 1
58 35 Car -1 -1 -1 1083.72 172.82 1227.83 248.39 -1 -1 -1 -1000 -1000 -1000 -10 1
59 35 Car -1 -1 -1 1097.90 174.01 1238.02 251.30 -1 -1 -1 -1000 -1000 -1000 -10 1
60 35 Car -1 -1 -1 1099.99 175.94 1231.40 249.20 -1 -1 -1 -1000 -1000 -1000 -10 1
61 35 Car -1 -1 -1 1098.95 177.18 1226.93 248.04 -1 -1 -1 -1000 -1000 -1000 -10 1
62 35 Car -1 -1 -1 1114.25 173.67 1232.09 241.44 -1 -1 -1 -1000 -1000 -1000 -10 1
63 35 Car -1 -1 -1 1123.75 176.12 1233.84 238.21 -1 -1 -1 -1000 -1000 -1000 -10 1
64 39 Car -1 -1 -1 1032.65 180.72 1161.26 231.22 -1 -1 -1 -1000 -1000 -1000 -10 1
64 35 Car -1 -1 -1 1108.58 180.68 1218.89 239.94 -1 -1 -1 -1000 -1000 -1000 -10 1
65 39 Car -1 -1 -1 1018.10 183.23 1152.48 237.18 -1 -1 -1 -1000 -1000 -1000 -10 1
65 35 Car -1 -1 -1 1107.48 182.84 1216.56 240.35 -1 -1 -1 -1000 -1000 -1000 -10 1
66 35 Car -1 -1 -1 1106.14 186.78 1217.81 241.70 -1 -1 -1 -1000 -1000 -1000 -10 1
67 35 Car -1 -1 -1 1102.97 187.92 1216.56 240.95 -1 -1 -1 -1000 -1000 -1000 -10 1
68 35 Car -1 -1 -1 1101.77 188.33 1216.37 239.76 -1 -1 -1 -1000 -1000 -1000 -10 1
69 35 Car -1 -1 -1 1111.05 187.63 1224.48 238.12 -1 -1 -1 -1000 -1000 -1000 -10 1
70 35 Car -1 -1 -1 1110.97 189.53 1223.59 241.61 -1 -1 -1 -1000 -1000 -1000 -10 1
71 44 Car -1 -1 -1 408.52 177.88 515.31 250.08 -1 -1 -1 -1000 -1000 -1000 -10 1
71 35 Car -1 -1 -1 1112.28 189.25 1224.40 242.52 -1 -1 -1 -1000 -1000 -1000 -10 1
72 44 Car -1 -1 -1 402.03 180.14 513.69 255.37 -1 -1 -1 -1000 -1000 -1000 -10 1
72 35 Car -1 -1 -1 1107.14 186.62 1222.13 241.40 -1 -1 -1 -1000 -1000 -1000 -10 1
73 44 Car -1 -1 -1 394.97 179.43 509.34 256.77 -1 -1 -1 -1000 -1000 -1000 -10 1
73 35 Car -1 -1 -1 1099.90 187.63 1219.23 244.17 -1 -1 -1 -1000 -1000 -1000 -10 1
74 44 Car -1 -1 -1 386.86 178.18 506.04 257.27 -1 -1 -1 -1000 -1000 -1000 -10 1
74 35 Car -1 -1 -1 1093.53 185.77 1217.77 244.18 -1 -1 -1 -1000 -1000 -1000 -10 1
75 44 Car -1 -1 -1 380.01 178.77 503.49 258.98 -1 -1 -1 -1000 -1000 -1000 -10 1
75 35 Car -1 -1 -1 1082.23 184.80 1214.05 243.29 -1 -1 -1 -1000 -1000 -1000 -10 1
76 44 Car -1 -1 -1 371.99 179.52 499.61 262.04 -1 -1 -1 -1000 -1000 -1000 -10 1
76 35 Car -1 -1 -1 1061.21 182.44 1202.28 246.86 -1 -1 -1 -1000 -1000 -1000 -10 1
77 44 Car -1 -1 -1 365.73 181.01 496.25 264.84 -1 -1 -1 -1000 -1000 -1000 -10 1
77 35 Car -1 -1 -1 1039.67 188.84 1187.42 255.23 -1 -1 -1 -1000 -1000 -1000 -10 1
78 44 Car -1 -1 -1 362.42 179.66 493.80 267.29 -1 -1 -1 -1000 -1000 -1000 -10 1
79 44 Car -1 -1 -1 353.70 182.06 486.98 270.92 -1 -1 -1 -1000 -1000 -1000 -10 1
80 44 Car -1 -1 -1 343.76 180.49 483.33 274.96 -1 -1 -1 -1000 -1000 -1000 -10 1
81 44 Car -1 -1 -1 333.61 180.08 481.23 281.81 -1 -1 -1 -1000 -1000 -1000 -10 1
82 44 Car -1 -1 -1 318.80 180.96 474.05 287.00 -1 -1 -1 -1000 -1000 -1000 -10 1
83 44 Car -1 -1 -1 308.60 184.49 469.09 291.80 -1 -1 -1 -1000 -1000 -1000 -10 1
84 44 Car -1 -1 -1 294.11 186.84 459.71 297.28 -1 -1 -1 -1000 -1000 -1000 -10 1
85 44 Car -1 -1 -1 282.78 187.14 455.04 301.12 -1 -1 -1 -1000 -1000 -1000 -10 1
86 44 Car -1 -1 -1 266.93 185.45 448.14 306.36 -1 -1 -1 -1000 -1000 -1000 -10 1
87 44 Car -1 -1 -1 250.60 185.48 443.48 313.29 -1 -1 -1 -1000 -1000 -1000 -10 1
88 50 Car -1 -1 -1 1103.13 180.99 1224.25 228.48 -1 -1 -1 -1000 -1000 -1000 -10 1
88 44 Car -1 -1 -1 230.71 190.16 432.41 323.67 -1 -1 -1 -1000 -1000 -1000 -10 1
89 50 Car -1 -1 -1 1102.14 183.55 1221.11 232.01 -1 -1 -1 -1000 -1000 -1000 -10 1
89 44 Car -1 -1 -1 209.17 189.93 424.92 330.95 -1 -1 -1 -1000 -1000 -1000 -10 1
90 50 Car -1 -1 -1 1103.27 185.32 1222.27 234.91 -1 -1 -1 -1000 -1000 -1000 -10 1
90 44 Car -1 -1 -1 185.56 191.33 418.47 343.56 -1 -1 -1 -1000 -1000 -1000 -10 1
91 50 Car -1 -1 -1 1104.19 185.89 1222.57 236.43 -1 -1 -1 -1000 -1000 -1000 -10 1
91 44 Car -1 -1 -1 159.45 194.82 403.68 353.01 -1 -1 -1 -1000 -1000 -1000 -10 1
92 50 Car -1 -1 -1 1105.29 186.97 1223.11 238.31 -1 -1 -1 -1000 -1000 -1000 -10 1
92 44 Car -1 -1 -1 121.59 193.51 395.34 361.27 -1 -1 -1 -1000 -1000 -1000 -10 1
93 50 Car -1 -1 -1 1106.05 187.35 1223.36 239.49 -1 -1 -1 -1000 -1000 -1000 -10 1
93 44 Car -1 -1 -1 77.90 192.02 379.40 365.99 -1 -1 -1 -1000 -1000 -1000 -10 1
94 50 Car -1 -1 -1 1105.27 187.59 1221.93 239.52 -1 -1 -1 -1000 -1000 -1000 -10 1
94 44 Car -1 -1 -1 39.08 190.01 371.84 368.61 -1 -1 -1 -1000 -1000 -1000 -10 1
95 50 Car -1 -1 -1 1105.62 187.99 1222.90 239.68 -1 -1 -1 -1000 -1000 -1000 -10 1
95 44 Car -1 -1 -1 13.81 190.51 370.85 371.10 -1 -1 -1 -1000 -1000 -1000 -10 1
96 50 Car -1 -1 -1 1104.36 187.82 1222.73 239.18 -1 -1 -1 -1000 -1000 -1000 -10 1
96 44 Car -1 -1 -1 1.04 189.36 363.52 370.90 -1 -1 -1 -1000 -1000 -1000 -10 1
97 50 Car -1 -1 -1 1102.83 187.67 1222.35 238.71 -1 -1 -1 -1000 -1000 -1000 -10 1
97 44 Car -1 -1 -1 -6.53 190.16 359.71 371.93 -1 -1 -1 -1000 -1000 -1000 -10 1
98 50 Car -1 -1 -1 1100.90 187.17 1220.68 237.69 -1 -1 -1 -1000 -1000 -1000 -10 1
98 44 Car -1 -1 -1 -8.46 193.75 357.24 371.34 -1 -1 -1 -1000 -1000 -1000 -10 1
99 50 Car -1 -1 -1 1101.32 187.07 1222.19 237.36 -1 -1 -1 -1000 -1000 -1000 -10 1
99 44 Car -1 -1 -1 -15.43 194.68 346.94 372.69 -1 -1 -1 -1000 -1000 -1000 -10 1
100 50 Car -1 -1 -1 1102.02 187.76 1223.62 238.10 -1 -1 -1 -1000 -1000 -1000 -10 1
100 44 Car -1 -1 -1 -19.97 196.45 334.65 373.44 -1 -1 -1 -1000 -1000 -1000 -10 1
101 50 Car -1 -1 -1 1102.04 188.89 1224.95 238.75 -1 -1 -1 -1000 -1000 -1000 -10 1
101 44 Car -1 -1 -1 -29.73 198.52 307.52 371.95 -1 -1 -1 -1000 -1000 -1000 -10 1
102 56 Car -1 -1 -1 1030.37 183.72 1167.10 240.92 -1 -1 -1 -1000 -1000 -1000 -10 1
102 50 Car -1 -1 -1 1101.78 189.80 1226.02 239.53 -1 -1 -1 -1000 -1000 -1000 -10 1
102 44 Car -1 -1 -1 -34.22 200.76 279.39 373.19 -1 -1 -1 -1000 -1000 -1000 -10 1
103 50 Car -1 -1 -1 1102.60 189.54 1226.96 239.07 -1 -1 -1 -1000 -1000 -1000 -10 1
103 44 Car -1 -1 -1 -41.14 208.52 237.93 377.49 -1 -1 -1 -1000 -1000 -1000 -10 1
104 50 Car -1 -1 -1 1101.02 188.16 1226.56 238.30 -1 -1 -1 -1000 -1000 -1000 -10 1
105 50 Car -1 -1 -1 1103.32 183.70 1226.82 235.00 -1 -1 -1 -1000 -1000 -1000 -10 1
106 50 Car -1 -1 -1 1107.05 181.95 1227.82 233.64 -1 -1 -1 -1000 -1000 -1000 -10 1
107 57 Car -1 -1 -1 615.40 176.20 653.68 204.36 -1 -1 -1 -1000 -1000 -1000 -10 1
107 50 Car -1 -1 -1 1111.84 182.49 1230.15 232.72 -1 -1 -1 -1000 -1000 -1000 -10 1
108 57 Car -1 -1 -1 614.90 175.88 652.54 203.56 -1 -1 -1 -1000 -1000 -1000 -10 1
109 57 Car -1 -1 -1 616.09 176.36 653.26 203.91 -1 -1 -1 -1000 -1000 -1000 -10 1
110 57 Car -1 -1 -1 617.79 176.15 654.87 204.23 -1 -1 -1 -1000 -1000 -1000 -10 1
111 57 Car -1 -1 -1 621.82 175.74 657.34 204.62 -1 -1 -1 -1000 -1000 -1000 -10 1
112 57 Car -1 -1 -1 622.32 176.24 659.69 205.05 -1 -1 -1 -1000 -1000 -1000 -10 1
113 57 Car -1 -1 -1 623.19 176.17 662.16 205.05 -1 -1 -1 -1000 -1000 -1000 -10 1
116 60 Car -1 -1 -1 1136.21 213.56 1226.26 368.52 -1 -1 -1 -1000 -1000 -1000 -10 1
120 57 Car -1 -1 -1 628.03 175.41 671.12 206.51 -1 -1 -1 -1000 -1000 -1000 -10 1
129 65 Car -1 -1 -1 1115.89 162.32 1225.81 365.98 -1 -1 -1 -1000 -1000 -1000 -10 1
137 69 Car -1 -1 -1 620.78 174.63 673.28 213.09 -1 -1 -1 -1000 -1000 -1000 -10 1
138 69 Car -1 -1 -1 618.95 175.05 669.35 212.62 -1 -1 -1 -1000 -1000 -1000 -10 1
139 69 Car -1 -1 -1 614.31 175.23 663.86 212.83 -1 -1 -1 -1000 -1000 -1000 -10 1
140 69 Car -1 -1 -1 610.84 174.47 662.04 212.87 -1 -1 -1 -1000 -1000 -1000 -10 1
141 69 Car -1 -1 -1 610.53 174.05 661.53 212.61 -1 -1 -1 -1000 -1000 -1000 -10 1
142 69 Car -1 -1 -1 610.99 173.55 661.76 212.49 -1 -1 -1 -1000 -1000 -1000 -10 1
143 69 Car -1 -1 -1 611.33 173.26 661.08 211.58 -1 -1 -1 -1000 -1000 -1000 -10 1
144 69 Car -1 -1 -1 611.28 172.98 660.81 211.19 -1 -1 -1 -1000 -1000 -1000 -10 1
145 69 Car -1 -1 -1 612.82 172.95 662.79 211.51 -1 -1 -1 -1000 -1000 -1000 -10 1
146 69 Car -1 -1 -1 615.77 174.30 665.05 212.26 -1 -1 -1 -1000 -1000 -1000 -10 1
147 69 Car -1 -1 -1 617.28 175.95 668.03 214.48 -1 -1 -1 -1000 -1000 -1000 -10 1
148 69 Car -1 -1 -1 619.00 177.59 669.80 216.60 -1 -1 -1 -1000 -1000 -1000 -10 1
149 69 Car -1 -1 -1 618.96 179.19 670.03 218.28 -1 -1 -1 -1000 -1000 -1000 -10 1
150 69 Car -1 -1 -1 620.92 179.06 672.94 219.15 -1 -1 -1 -1000 -1000 -1000 -10 1
151 69 Car -1 -1 -1 622.19 179.67 674.19 220.12 -1 -1 -1 -1000 -1000 -1000 -10 1
152 69 Car -1 -1 -1 623.39 179.75 675.62 220.27 -1 -1 -1 -1000 -1000 -1000 -10 1
153 69 Car -1 -1 -1 625.52 179.94 678.79 221.12 -1 -1 -1 -1000 -1000 -1000 -10 1
154 69 Car -1 -1 -1 626.58 177.90 681.01 219.77 -1 -1 -1 -1000 -1000 -1000 -10 1
155 69 Car -1 -1 -1 627.45 177.15 683.19 219.94 -1 -1 -1 -1000 -1000 -1000 -10 1
156 69 Car -1 -1 -1 628.72 175.32 685.79 218.75 -1 -1 -1 -1000 -1000 -1000 -10 1
157 69 Car -1 -1 -1 629.70 174.73 687.98 218.79 -1 -1 -1 -1000 -1000 -1000 -10 1
161 69 Car -1 -1 -1 632.90 179.06 692.37 222.42 -1 -1 -1 -1000 -1000 -1000 -10 1
162 69 Car -1 -1 -1 634.61 179.31 694.42 222.38 -1 -1 -1 -1000 -1000 -1000 -10 1
163 69 Car -1 -1 -1 635.19 177.86 695.43 221.30 -1 -1 -1 -1000 -1000 -1000 -10 1
164 69 Car -1 -1 -1 636.13 176.42 696.78 220.32 -1 -1 -1 -1000 -1000 -1000 -10 1
165 69 Car -1 -1 -1 637.10 174.79 697.87 219.57 -1 -1 -1 -1000 -1000 -1000 -10 1
166 69 Car -1 -1 -1 637.38 173.52 698.96 219.11 -1 -1 -1 -1000 -1000 -1000 -10 1
167 69 Car -1 -1 -1 637.60 173.15 699.76 219.39 -1 -1 -1 -1000 -1000 -1000 -10 1
168 69 Car -1 -1 -1 638.56 172.18 701.21 219.41 -1 -1 -1 -1000 -1000 -1000 -10 1
169 69 Car -1 -1 -1 638.89 171.73 702.59 220.13 -1 -1 -1 -1000 -1000 -1000 -10 1
170 69 Car -1 -1 -1 637.70 172.01 703.50 221.79 -1 -1 -1 -1000 -1000 -1000 -10 1
171 69 Car -1 -1 -1 639.44 173.01 706.12 223.84 -1 -1 -1 -1000 -1000 -1000 -10 1
