0 4 Car -1 -1 -1 1089.69 183.53 1230.05 231.86 -1 -1 -1 -1000 -1000 -1000 -10 1
0 3 Car -1 -1 -1 953.23 186.38 1070.47 225.96 -1 -1 -1 -1000 -1000 -1000 -10 1
0 2 Car -1 -1 -1 603.06 171.91 637.99 202.23 -1 -1 -1 -1000 -1000 -1000 -10 1
0 1 Car -1 -1 -1 1031.12 186.17 1160.25 227.43 -1 -1 -1 -1000 -1000 -1000 -10 1
1 4 Car -1 -1 -1 1090.39 183.59 1230.10 231.87 -1 -1 -1 -1000 -1000 -1000 -10 1
1 3 Car -1 -1 -1 953.44 186.51 1070.24 226.19 -1 -1 -1 -1000 -1000 -1000 -10 1
1 2 Car -1 -1 -1 601.94 171.56 638.19 202.48 -1 -1 -1 -1000 -1000 -1000 -10 1
1 1 Car -1 -1 -1 1030.99 186.05 1160.57 227.32 -1 -1 -1 -1000 -1000 -1000 -10 1
2 4 Car -1 -1 -1 1090.26 183.58 1229.91 231.79 -1 -1 -1 -1000 -1000 -1000 -10 1
2 3 Car -1 -1 -1 956.49 182.40 1074.08 225.57 -1 -1 -1 -1000 -1000 -1000 -10 1
2 2 Car -1 -1 -1 601.51 171.09 637.89 201.81 -1 -1 -1 -1000 -1000 -1000 -10 1
2 1 Car -1 -1 -1 1031.21 186.10 1160.44 227.15 -1 -1 -1 -1000 -1000 -1000 -10 1
3 4 Car -1 -1 -1 1090.75 183.54 1229.87 231.71 -1 -1 -1 -1000 -1000 -1000 -10 1
3 3 Car -1 -1 -1 958.52 181.52 1073.59 225.80 -1 -1 -1 -1000 -1000 -1000 -10 1
3 2 Car -1 -1 -1 602.12 171.60 638.73 202.30 -1 -1 -1 -1000 -1000 -1000 -10 1
3 1 Car -1 -1 -1 1031.18 186.05 1160.78 227.20 -1 -1 -1 -1000 -1000 -1000 -10 1
4 4 Car -1 -1 -1 1090.94 183.52 1229.89 231.74 -1 -1 -1 -1000 -1000 -1000 -10 1
4 3 Car -1 -1 -1 960.37 181.66 1071.63 225.84 -1 -1 -1 -1000 -1000 -1000 -10 1
4 2 Car -1 -1 -1 601.65 171.35 638.81 202.36 -1 -1 -1 -1000 -1000 -1000 -10 1
4 1 Car -1 -1 -1 1031.29 186.13 1160.92 227.19 -1 -1 -1 -1000 -1000 -1000 -10 1
5 4 Car -1 -1 -1 1090.57 183.48 1229.70 231.63 -1 -1 -1 -1000 -1000 -1000 -10 1
5 3 Car -1 -1 -1 960.47 181.61 1070.72 226.14 -1 -1 -1 -1000 -1000 -1000 -10 1
5 2 Car -1 -1 -1 601.44 171.11 639.05 202.47 -1 -1 -1 -1000 -1000 -1000 -10 1
5 1 Car -1 -1 -1 1030.99 185.90 1161.01 227.20 -1 -1 -1 -1000 -1000 -1000 -10 1
6 4 Car -1 -1 -1 1090.52 183.56 1229.70 231.75 -1 -1 -1 -1000 -1000 -1000 -10 1
6 3 Car -1 -1 -1 960.39 181.49 1070.81 226.65 -1 -1 -1 -1000 -1000 -1000 -10 1
6 2 Car -1 -1 -1 601.15 171.05 640.27 203.12 -1 -1 -1 -1000 -1000 -1000 -10 1
6 1 Car -1 -1 -1 1031.02 185.90 1161.21 227.32 -1 -1 -1 -1000 -1000 -1000 -10 1
7 4 Car -1 -1 -1 1090.36 183.48 1229.72 231.73 -1 -1 -1 -1000 -1000 -1000 -10 1
7 3 Car -1 -1 -1 960.54 181.51 1070.41 227.15 -1 -1 -1 -1000 -1000 -1000 -10 1
7 2 Car -1 -1 -1 601.18 171.40 640.45 203.56 -1 -1 -1 -1000 -1000 -1000 -10 1
7 1 Car -1 -1 -1 1031.19 186.00 1161.33 227.30 -1 -1 -1 -1000 -1000 -1000 -10 1
8 4 Car -1 -1 -1 1090.24 183.43 1229.75 231.63 -1 -1 -1 -1000 -1000 -1000 -10 1
8 3 Car -1 -1 -1 960.39 181.39 1069.95 227.24 -1 -1 -1 -1000 -1000 -1000 -10 1
8 2 Car -1 -1 -1 600.73 171.88 641.27 202.70 -1 -1 -1 -1000 -1000 -1000 -10 1
8 1 Car -1 -1 -1 1031.14 185.99 1161.16 227.19 -1 -1 -1 -1000 -1000 -1000 -10 1
9 4 Car -1 -1 -1 1089.95 183.31 1229.31 231.41 -1 -1 -1 -1000 -1000 -1000 -10 1
9 3 Car -1 -1 -1 960.04 180.94 1069.15 226.79 -1 -1 -1 -1000 -1000 -1000 -10 1
9 2 Car -1 -1 -1 598.49 171.88 640.55 201.96 -1 -1 -1 -1000 -1000 -1000 -10 1
9 1 Car -1 -1 -1 1031.32 185.89 1161.05 226.94 -1 -1 -1 -1000 -1000 -1000 -10 1
10 4 Car -1 -1 -1 1090.14 183.36 1229.45 231.44 -1 -1 -1 -1000 -1000 -1000 -10 1
10 3 Car -1 -1 -1 960.32 180.96 1069.14 226.82 -1 -1 -1 -1000 -1000 -1000 -10 1
10 1 Car -1 -1 -1 1031.52 185.92 1161.11 227.04 -1 -1 -1 -1000 -1000 -1000 -10 1
11 4 Car -1 -1 -1 1090.08 183.39 1229.65 231.45 -1 -1 -1 -1000 -1000 -1000 -10 1
11 3 Car -1 -1 -1 961.08 181.05 1068.99 226.86 -1 -1 -1 -1000 -1000 -1000 -10 1
11 1 Car -1 -1 -1 1031.95 186.04 1161.15 227.03 -1 -1 -1 -1000 -1000 -1000 -10 1
12 4 Car -1 -1 -1 1090.09 183.47 1229.87 231.55 -1 -1 -1 -1000 -1000 -1000 -10 1
12 3 Car -1 -1 -1 961.55 180.97 1068.74 226.57 -1 -1 -1 -1000 -1000 -1000 -10 1
12 1 Car -1 -1 -1 1032.02 186.19 1160.56 227.01 -1 -1 -1 -1000 -1000 -1000 -10 1
13 4 Car -1 -1 -1 1090.14 183.45 1230.01 231.48 -1 -1 -1 -1000 -1000 -1000 -10 1
13 3 Car -1 -1 -1 962.89 181.41 1069.14 227.16 -1 -1 -1 -1000 -1000 -1000 -10 1
13 1 Car -1 -1 -1 1032.10 186.41 1160.18 227.00 -1 -1 -1 -1000 -1000 -1000 -10 1
14 5 Car -1 -1 -1 591.55 164.32 651.25 286.45 -1 -1 -1 -1000 -1000 -1000 -10 1
14 4 Car -1 -1 -1 1090.10 183.48 1230.03 231.53 -1 -1 -1 -1000 -1000 -1000 -10 1
14 3 Car -1 -1 -1 962.71 181.87 1068.91 227.45 -1 -1 -1 -1000 -1000 -1000 -10 1
14 1 Car -1 -1 -1 1032.26 186.42 1159.91 226.97 -1 -1 -1 -1000 -1000 -1000 -10 1
15 5 Car -1 -1 -1 585.65 160.67 644.53 278.98 -1 -1 -1 -1000 -1000 -1000 -10 1
15 4 Car -1 -1 -1 1090.29 183.57 1230.20 231.64 -1 -1 -1 -1000 -1000 -1000 -10 1
15 3 Car -1 -1 -1 962.06 182.17 1068.83 227.66 -1 -1 -1 -1000 -1000 -1000 -10 1
15 1 Car -1 -1 -1 1032.55 186.40 1160.04 226.93 -1 -1 -1 -1000 -1000 -1000 -10 1
16 5 Car -1 -1 -1 576.56 159.96 636.56 279.99 -1 -1 -1 -1000 -1000 -1000 -10 1
16 4 Car -1 -1 -1 1090.48 183.58 1230.49 231.69 -1 -1 -1 -1000 -1000 -1000 -10 1
16 3 Car -1 -1 -1 961.55 181.72 1068.65 226.55 -1 -1 -1 -1000 -1000 -1000 -10 1
16 1 Car -1 -1 -1 1032.58 186.45 1159.87 226.87 -1 -1 -1 -1000 -1000 -1000 -10 1
17 5 Car -1 -1 -1 566.23 159.95 630.65 280.13 -1 -1 -1 -1000 -1000 -1000 -10 1
17 4 Car -1 -1 -1 1090.63 183.64 1230.65 231.81 -1 -1 -1 -1000 -1000 -1000 -10 1
17 3 Car -1 -1 -1 961.49 181.55 1068.40 226.10 -1 -1 -1 -1000 -1000 -1000 -10 1
17 1 Car -1 -1 -1 1032.59 186.52 1159.57 226.94 -1 -1 -1 -1000 -1000 -1000 -10 1
18 5 Car -1 -1 -1 561.97 161.92 626.60 278.20 -1 -1 -1 -1000 -1000 -1000 -10 1
18 4 Car -1 -1 -1 1090.43 183.68 1230.37 231.93 -1 -1 -1 -1000 -1000 -1000 -10 1
18 3 Car -1 -1 -1 962.00 181.86 1068.69 226.61 -1 -1 -1 -1000 -1000 -1000 -10 1
18 1 Car -1 -1 -1 1032.18 186.55 1159.45 226.99 -1 -1 -1 -1000 -1000 -1000 -10 1
19 5 Car -1 -1 -1 557.79 163.44 622.03 277.39 -1 -1 -1 -1000 -1000 -1000 -10 1
19 4 Car -1 -1 -1 1090.82 183.76 1230.60 232.10 -1 -1 -1 -1000 -1000 -1000 -10 1
19 3 Car -1 -1 -1 961.69 181.95 1068.86 226.97 -1 -1 -1 -1000 -1000 -1000 -10 1
19 1 Car -1 -1 -1 1032.40 186.56 1159.93 227.02 -1 -1 -1 -1000 -1000 -1000 -10 1
20 5 Car -1 -1 -1 552.39 165.78 614.56 276.45 -1 -1 -1 -1000 -1000 -1000 -10 1
20 4 Car -1 -1 -1 1090.60 183.66 1230.36 231.94 -1 -1 -1 -1000 -1000 -1000 -10 1
20 3 Car -1 -1 -1 961.75 181.95 1069.04 227.03 -1 -1 -1 -1000 -1000 -1000 -10 1
20 1 Car -1 -1 -1 1032.68 186.50 1160.05 227.00 -1 -1 -1 -1000 -1000 -1000 -10 1
21 5 Car -1 -1 -1 546.48 166.86 606.79 276.32 -1 -1 -1 -1000 -1000 -1000 -10 1
21 4 Car -1 -1 -1 1090.71 183.66 1230.30 231.96 -1 -1 -1 -1000 -1000 -1000 -10 1
21 3 Car -1 -1 -1 961.80 181.90 1068.92 226.94 -1 -1 -1 -1000 -1000 -1000 -10 1
21 1 Car -1 -1 -1 1032.80 186.41 1159.81 227.04 -1 -1 -1 -1000 -1000 -1000 -10 1
22 6 Car -1 -1 -1 599.34 171.69 636.59 205.43 -1 -1 -1 -1000 -1000 -1000 -10 1
22 5 Car -1 -1 -1 544.05 168.61 601.72 276.17 -1 -1 -1 -1000 -1000 -1000 -10 1
22 4 Car -1 -1 -1 1090.47 183.64 1230.31 231.99 -1 -1 -1 -1000 -1000 -1000 -10 1
22 3 Car -1 -1 -1 961.54 181.54 1068.65 226.58 -1 -1 -1 -1000 -1000 -1000 -10 1
22 1 Car -1 -1 -1 1032.94 186.34 1160.28 227.08 -1 -1 -1 -1000 -1000 -1000 -10 1
23 6 Car -1 -1 -1 599.23 171.31 636.58 203.69 -1 -1 -1 -1000 -1000 -1000 -10 1
23 4 Car -1 -1 -1 1090.51 183.67 1230.50 232.10 -1 -1 -1 -1000 -1000 -1000 -10 1
23 3 Car -1 -1 -1 960.66 181.19 1068.29 226.37 -1 -1 -1 -1000 -1000 -1000 -10 1
23 1 Car -1 -1 -1 1032.28 186.30 1160.38 227.07 -1 -1 -1 -1000 -1000 -1000 -10 1
24 6 Car -1 -1 -1 599.50 171.71 636.49 202.96 -1 -1 -1 -1000 -1000 -1000 -10 1
24 4 Car -1 -1 -1 1090.22 183.70 1230.44 232.18 -1 -1 -1 -1000 -1000 -1000 -10 1
24 3 Car -1 -1 -1 957.09 183.63 1068.45 227.32 -1 -1 -1 -1000 -1000 -1000 -10 1
24 1 Car -1 -1 -1 1031.73 186.33 1160.59 227.11 -1 -1 -1 -1000 -1000 -1000 -10 1
25 6 Car -1 -1 -1 599.16 171.88 636.40 202.74 -1 -1 -1 -1000 -1000 -1000 -10 1
25 4 Car -1 -1 -1 1090.30 183.61 1230.58 232.07 -1 -1 -1 -1000 -1000 -1000 -10 1
25 3 Car -1 -1 -1 958.87 182.25 1069.60 226.38 -1 -1 -1 -1000 -1000 -1000 -10 1
25 1 Car -1 -1 -1 1031.08 186.29 1160.59 227.14 -1 -1 -1 -1000 -1000 -1000 -10 1
26 6 Car -1 -1 -1 601.33 173.79 638.10 204.45 -1 -1 -1 -1000 -1000 -1000 -10 1
26 4 Car -1 -1 -1 1090.11 183.58 1230.35 232.01 -1 -1 -1 -1000 -1000 -1000 -10 1
26 3 Car -1 -1 -1 959.95 181.64 1069.80 226.01 -1 -1 -1 -1000 -1000 -1000 -10 1
26 1 Car -1 -1 -1 1030.90 186.29 1160.77 227.14 -1 -1 -1 -1000 -1000 -1000 -10 1
27 6 Car -1 -1 -1 601.52 174.40 638.06 205.01 -1 -1 -1 -1000 -1000 -1000 -10 1
27 4 Car -1 -1 -1 1090.12 183.56 1230.24 231.96 -1 -1 -1 -1000 -1000 -1000 -10 1
27 3 Car -1 -1 -1 960.43 181.53 1069.80 226.15 -1 -1 -1 -1000 -1000 -1000 -10 1
27 1 Car -1 -1 -1 1030.87 186.22 1160.64 227.20 -1 -1 -1 -1000 -1000 -1000 -10 1
28 6 Car -1 -1 -1 602.35 174.24 638.90 204.76 -1 -1 -1 -1000 -1000 -1000 -10 1
28 4 Car -1 -1 -1 1089.94 183.50 1230.08 231.88 -1 -1 -1 -1000 -1000 -1000 -10 1
28 3 Car -1 -1 -1 960.61 181.41 1069.58 226.16 -1 -1 -1 -1000 -1000 -1000 -10 1
28 1 Car -1 -1 -1 1031.35 186.23 1160.93 227.21 -1 -1 -1 -1000 -1000 -1000 -10 1
29 6 Car -1 -1 -1 602.67 174.36 639.24 204.79 -1 -1 -1 -1000 -1000 -1000 -10 1
29 4 Car -1 -1 -1 1090.03 183.47 1230.09 231.86 -1 -1 -1 -1000 -1000 -1000 -10 1
29 3 Car -1 -1 -1 956.85 183.89 1069.13 227.04 -1 -1 -1 -1000 -1000 -1000 -10 1
29 1 Car -1 -1 -1 1031.35 186.17 1160.98 227.22 -1 -1 -1 -1000 -1000 -1000 -10 1
30 6 Car -1 -1 -1 600.02 172.55 637.86 202.14 -1 -1 -1 -1000 -1000 -1000 -10 1
30 4 Car -1 -1 -1 1090.05 183.48 1230.04 231.93 -1 -1 -1 -1000 -1000 -1000 -10 1
30 3 Car -1 -1 -1 958.33 182.59 1069.91 226.18 -1 -1 -1 -1000 -1000 -1000 -10 1
30 1 Car -1 -1 -1 1031.13 186.07 1161.10 227.22 -1 -1 -1 -1000 -1000 -1000 -10 1
31 6 Car -1 -1 -1 601.44 173.46 639.04 203.27 -1 -1 -1 -1000 -1000 -1000 -10 1
31 4 Car -1 -1 -1 1090.20 183.50 1230.15 231.92 -1 -1 -1 -1000 -1000 -1000 -10 1
31 3 Car -1 -1 -1 959.23 182.28 1070.32 226.26 -1 -1 -1 -1000 -1000 -1000 -10 1
31 1 Car -1 -1 -1 1031.09 186.18 1160.94 227.24 -1 -1 -1 -1000 -1000 -1000 -10 1
32 6 Car -1 -1 -1 601.83 173.42 639.40 203.56 -1 -1 -1 -1000 -1000 -1000 -10 1
32 4 Car -1 -1 -1 1090.13 183.52 1230.09 231.92 -1 -1 -1 -1000 -1000 -1000 -10 1
32 3 Car -1 -1 -1 956.32 184.39 1069.41 227.11 -1 -1 -1 -1000 -1000 -1000 -10 1
32 1 Car -1 -1 -1 1031.07 186.20 1160.89 227.27 -1 -1 -1 -1000 -1000 -1000 -10 1
33 6 Car -1 -1 -1 602.05 173.53 639.49 203.84 -1 -1 -1 -1000 -1000 -1000 -10 1
33 4 Car -1 -1 -1 1090.10 183.52 1230.07 231.88 -1 -1 -1 -1000 -1000 -1000 -10 1
33 3 Car -1 -1 -1 958.33 182.96 1070.24 226.34 -1 -1 -1 -1000 -1000 -1000 -10 1
33 1 Car -1 -1 -1 1031.09 186.13 1160.82 227.16 -1 -1 -1 -1000 -1000 -1000 -10 1
34 6 Car -1 -1 -1 601.58 173.51 638.89 203.93 -1 -1 -1 -1000 -1000 -1000 -10 1
34 4 Car -1 -1 -1 1090.18 183.49 1230.00 231.82 -1 -1 -1 -1000 -1000 -1000 -10 1
34 3 Car -1 -1 -1 959.30 182.27 1070.05 226.19 -1 -1 -1 -1000 -1000 -1000 -10 1
34 1 Car -1 -1 -1 1031.20 186.07 1160.93 227.15 -1 -1 -1 -1000 -1000 -1000 -10 1
35 6 Car -1 -1 -1 601.36 173.15 638.58 203.75 -1 -1 -1 -1000 -1000 -1000 -10 1
35 4 Car -1 -1 -1 1090.41 183.50 1230.08 231.84 -1 -1 -1 -1000 -1000 -1000 -10 1
35 3 Car -1 -1 -1 960.55 181.65 1070.69 226.04 -1 -1 -1 -1000 -1000 -1000 -10 1
35 1 Car -1 -1 -1 1030.83 186.00 1160.77 227.19 -1 -1 -1 -1000 -1000 -1000 -10 1
36 6 Car -1 -1 -1 601.82 172.68 638.68 203.28 -1 -1 -1 -1000 -1000 -1000 -10 1
36 4 Car -1 -1 -1 1090.34 183.55 1229.98 231.90 -1 -1 -1 -1000 -1000 -1000 -10 1
36 3 Car -1 -1 -1 960.94 181.44 1070.22 226.09 -1 -1 -1 -1000 -1000 -1000 -10 1
36 1 Car -1 -1 -1 1031.01 186.08 1160.92 227.22 -1 -1 -1 -1000 -1000 -1000 -10 1
37 6 Car -1 -1 -1 601.94 172.04 638.58 202.54 -1 -1 -1 -1000 -1000 -1000 -10 1
37 4 Car -1 -1 -1 1090.44 183.53 1229.98 231.84 -1 -1 -1 -1000 -1000 -1000 -10 1
37 3 Car -1 -1 -1 961.49 181.41 1069.97 226.17 -1 -1 -1 -1000 -1000 -1000 -10 1
37 1 Car -1 -1 -1 1031.14 186.08 1161.14 227.21 -1 -1 -1 -1000 -1000 -1000 -10 1
38 6 Car -1 -1 -1 602.09 171.67 638.40 201.92 -1 -1 -1 -1000 -1000 -1000 -10 1
38 4 Car -1 -1 -1 1090.44 183.45 1229.89 231.75 -1 -1 -1 -1000 -1000 -1000 -10 1
38 3 Car -1 -1 -1 961.95 181.44 1069.55 226.26 -1 -1 -1 -1000 -1000 -1000 -10 1
38 1 Car -1 -1 -1 1031.05 186.10 1160.97 227.26 -1 -1 -1 -1000 -1000 -1000 -10 1
39 6 Car -1 -1 -1 602.92 171.42 638.85 201.46 -1 -1 -1 -1000 -1000 -1000 -10 1
39 4 Car -1 -1 -1 1090.23 183.46 1229.88 231.70 -1 -1 -1 -1000 -1000 -1000 -10 1
39 3 Car -1 -1 -1 962.07 181.41 1069.91 226.40 -1 -1 -1 -1000 -1000 -1000 -10 1
39 1 Car -1 -1 -1 1031.22 186.14 1160.93 227.26 -1 -1 -1 -1000 -1000 -1000 -10 1
40 6 Car -1 -1 -1 603.01 171.12 638.46 200.95 -1 -1 -1 -1000 -1000 -1000 -10 1
40 4 Car -1 -1 -1 1090.08 183.37 1229.86 231.60 -1 -1 -1 -1000 -1000 -1000 -10 1
40 3 Car -1 -1 -1 962.40 181.29 1069.57 226.47 -1 -1 -1 -1000 -1000 -1000 -10 1
40 1 Car -1 -1 -1 1031.35 186.09 1161.02 227.21 -1 -1 -1 -1000 -1000 -1000 -10 1
41 6 Car -1 -1 -1 603.01 171.88 638.21 201.68 -1 -1 -1 -1000 -1000 -1000 -10 1
41 4 Car -1 -1 -1 1090.32 183.41 1229.88 231.65 -1 -1 -1 -1000 -1000 -1000 -10 1
41 3 Car -1 -1 -1 962.90 181.16 1069.47 226.41 -1 -1 -1 -1000 -1000 -1000 -10 1
41 1 Car -1 -1 -1 1031.23 186.14 1160.90 227.28 -1 -1 -1 -1000 -1000 -1000 -10 1
42 6 Car -1 -1 -1 603.27 172.18 638.36 202.00 -1 -1 -1 -1000 -1000 -1000 -10 1
42 4 Car -1 -1 -1 1090.55 183.49 1230.14 231.74 -1 -1 -1 -1000 -1000 -1000 -10 1
42 3 Car -1 -1 -1 962.36 180.98 1069.64 226.61 -1 -1 -1 -1000 -1000 -1000 -10 1
42 1 Car -1 -1 -1 1031.25 186.17 1160.97 227.30 -1 -1 -1 -1000 -1000 -1000 -10 1
43 6 Car -1 -1 -1 603.29 172.21 638.32 202.01 -1 -1 -1 -1000 -1000 -1000 -10 1
43 4 Car -1 -1 -1 1090.40 183.46 1229.90 231.75 -1 -1 -1 -1000 -1000 -1000 -10 1
43 3 Car -1 -1 -1 962.80 180.56 1069.33 226.39 -1 -1 -1 -1000 -1000 -1000 -10 1
43 1 Car -1 -1 -1 1031.22 186.12 1161.01 227.33 -1 -1 -1 -1000 -1000 -1000 -10 1
44 6 Car -1 -1 -1 603.25 172.06 638.26 201.89 -1 -1 -1 -1000 -1000 -1000 -10 1
44 4 Car -1 -1 -1 1090.35 183.46 1229.76 231.74 -1 -1 -1 -1000 -1000 -1000 -10 1
44 3 Car -1 -1 -1 963.12 180.42 1069.06 226.48 -1 -1 -1 -1000 -1000 -1000 -10 1
44 1 Car -1 -1 -1 1031.39 186.10 1161.07 227.32 -1 -1 -1 -1000 -1000 -1000 -10 1
45 6 Car -1 -1 -1 603.22 171.92 638.22 201.82 -1 -1 -1 -1000 -1000 -1000 -10 1
45 4 Car -1 -1 -1 1090.33 183.49 1229.71 231.76 -1 -1 -1 -1000 -1000 -1000 -10 1
45 3 Car -1 -1 -1 963.93 180.60 1068.83 226.67 -1 -1 -1 -1000 -1000 -1000 -10 1
45 1 Car -1 -1 -1 1031.22 186.15 1161.05 227.38 -1 -1 -1 -1000 -1000 -1000 -10 1
46 6 Car -1 -1 -1 603.48 171.82 638.40 201.71 -1 -1 -1 -1000 -1000 -1000 -10 1
46 4 Car -1 -1 -1 1090.41 183.45 1229.78 231.72 -1 -1 -1 -1000 -1000 -1000 -10 1
46 3 Car -1 -1 -1 964.83 180.59 1068.89 226.61 -1 -1 -1 -1000 -1000 -1000 -10 1
46 1 Car -1 -1 -1 1031.30 186.16 1161.10 227.36 -1 -1 -1 -1000 -1000 -1000 -10 1
47 6 Car -1 -1 -1 603.70 171.86 638.56 201.70 -1 -1 -1 -1000 -1000 -1000 -10 1
47 4 Car -1 -1 -1 1091.05 183.24 1227.50 231.48 -1 -1 -1 -1000 -1000 -1000 -10 1
47 3 Car -1 -1 -1 965.80 181.98 1071.85 226.84 -1 -1 -1 -1000 -1000 -1000 -10 1
47 1 Car -1 -1 -1 1030.93 186.04 1160.75 227.36 -1 -1 -1 -1000 -1000 -1000 -10 1
48 6 Car -1 -1 -1 603.97 172.07 638.83 201.93 -1 -1 -1 -1000 -1000 -1000 -10 1
48 4 Car -1 -1 -1 1091.29 183.36 1228.52 231.58 -1 -1 -1 -1000 -1000 -1000 -10 1
48 3 Car -1 -1 -1 966.15 182.82 1073.50 226.84 -1 -1 -1 -1000 -1000 -1000 -10 1
48 1 Car -1 -1 -1 1030.91 186.05 1160.66 227.37 -1 -1 -1 -1000 -1000 -1000 -10 1
49 6 Car -1 -1 -1 604.10 172.25 638.97 202.11 -1 -1 -1 -1000 -1000 -1000 -10 1
49 4 Car -1 -1 -1 1091.10 183.40 1228.98 231.56 -1 -1 -1 -1000 -1000 -1000 -10 1
49 3 Car -1 -1 -1 965.87 183.43 1073.99 226.84 -1 -1 -1 -1000 -1000 -1000 -10 1
49 1 Car -1 -1 -1 1031.16 186.02 1160.95 227.44 -1 -1 -1 -1000 -1000 -1000 -10 1
50 6 Car -1 -1 -1 603.84 172.51 638.71 202.36 -1 -1 -1 -1000 -1000 -1000 -10 1
50 4 Car -1 -1 -1 1090.78 183.33 1229.21 231.49 -1 -1 -1 -1000 -1000 -1000 -10 1
50 3 Car -1 -1 -1 965.02 183.66 1074.03 226.59 -1 -1 -1 -1000 -1000 -1000 -10 1
50 1 Car -1 -1 -1 1031.16 185.96 1160.76 227.44 -1 -1 -1 -1000 -1000 -1000 -10 1
51 6 Car -1 -1 -1 603.54 172.61 638.43 202.45 -1 -1 -1 -1000 -1000 -1000 -10 1
51 4 Car -1 -1 -1 1090.87 183.38 1229.57 231.60 -1 -1 -1 -1000 -1000 -1000 -10 1
51 3 Car -1 -1 -1 964.22 184.01 1074.49 226.44 -1 -1 -1 -1000 -1000 -1000 -10 1
51 1 Car -1 -1 -1 1030.96 186.00 1160.51 227.49 -1 -1 -1 -1000 -1000 -1000 -10 1
52 6 Car -1 -1 -1 603.49 172.81 638.45 202.66 -1 -1 -1 -1000 -1000 -1000 -10 1
52 4 Car -1 -1 -1 1090.66 183.43 1229.64 231.67 -1 -1 -1 -1000 -1000 -1000 -10 1
52 3 Car -1 -1 -1 962.73 183.23 1073.18 226.57 -1 -1 -1 -1000 -1000 -1000 -10 1
52 1 Car -1 -1 -1 1031.22 186.08 1160.66 227.43 -1 -1 -1 -1000 -1000 -1000 -10 1
53 6 Car -1 -1 -1 603.21 172.95 638.19 202.84 -1 -1 -1 -1000 -1000 -1000 -10 1
53 4 Car -1 -1 -1 1090.56 183.41 1229.72 231.70 -1 -1 -1 -1000 -1000 -1000 -10 1
53 3 Car -1 -1 -1 962.08 182.90 1072.69 226.97 -1 -1 -1 -1000 -1000 -1000 -10 1
53 1 Car -1 -1 -1 1031.39 186.13 1160.87 227.41 -1 -1 -1 -1000 -1000 -1000 -10 1
54 6 Car -1 -1 -1 602.93 172.77 637.89 202.64 -1 -1 -1 -1000 -1000 -1000 -10 1
54 4 Car -1 -1 -1 1090.91 183.44 1230.01 231.74 -1 -1 -1 -1000 -1000 -1000 -10 1
54 3 Car -1 -1 -1 961.83 182.26 1072.53 226.75 -1 -1 -1 -1000 -1000 -1000 -10 1
54 1 Car -1 -1 -1 1031.46 186.16 1160.78 227.34 -1 -1 -1 -1000 -1000 -1000 -10 1
55 6 Car -1 -1 -1 602.87 172.66 637.93 202.63 -1 -1 -1 -1000 -1000 -1000 -10 1
55 4 Car -1 -1 -1 1090.83 183.41 1230.06 231.78 -1 -1 -1 -1000 -1000 -1000 -10 1
55 3 Car -1 -1 -1 962.37 182.16 1072.53 227.03 -1 -1 -1 -1000 -1000 -1000 -10 1
55 1 Car -1 -1 -1 1031.37 186.10 1160.69 227.30 -1 -1 -1 -1000 -1000 -1000 -10 1
56 6 Car -1 -1 -1 602.95 172.57 638.19 202.60 -1 -1 -1 -1000 -1000 -1000 -10 1
56 4 Car -1 -1 -1 1090.69 183.31 1229.95 231.72 -1 -1 -1 -1000 -1000 -1000 -10 1
56 3 Car -1 -1 -1 962.29 181.92 1072.36 227.07 -1 -1 -1 -1000 -1000 -1000 -10 1
56 1 Car -1 -1 -1 1031.44 186.07 1161.00 227.28 -1 -1 -1 -1000 -1000 -1000 -10 1
57 6 Car -1 -1 -1 602.62 172.68 638.02 202.72 -1 -1 -1 -1000 -1000 -1000 -10 1
57 4 Car -1 -1 -1 1089.91 183.14 1229.50 231.59 -1 -1 -1 -1000 -1000 -1000 -10 1
57 3 Car -1 -1 -1 962.51 181.63 1072.10 227.14 -1 -1 -1 -1000 -1000 -1000 -10 1
57 1 Car -1 -1 -1 1031.18 186.18 1160.73 227.41 -1 -1 -1 -1000 -1000 -1000 -10 1
58 6 Car -1 -1 -1 602.38 172.84 637.77 202.94 -1 -1 -1 -1000 -1000 -1000 -10 1
58 4 Car -1 -1 -1 1090.15 183.07 1229.75 231.50 -1 -1 -1 -1000 -1000 -1000 -10 1
58 3 Car -1 -1 -1 962.03 181.40 1071.75 227.16 -1 -1 -1 -1000 -1000 -1000 -10 1
58 1 Car -1 -1 -1 1031.13 186.23 1160.67 227.43 -1 -1 -1 -1000 -1000 -1000 -10 1
59 6 Car -1 -1 -1 602.44 172.53 637.79 202.74 -1 -1 -1 -1000 -1000 -1000 -10 1
59 4 Car -1 -1 -1 1091.06 183.24 1227.83 231.58 -1 -1 -1 -1000 -1000 -1000 -10 1
59 3 Car -1 -1 -1 961.23 181.28 1071.59 227.12 -1 -1 -1 -1000 -1000 -1000 -10 1
59 1 Car -1 -1 -1 1031.15 186.23 1160.69 227.42 -1 -1 -1 -1000 -1000 -1000 -10 1
60 6 Car -1 -1 -1 602.64 172.40 637.91 202.65 -1 -1 -1 -1000 -1000 -1000 -10 1
60 4 Car -1 -1 -1 1090.42 183.13 1228.17 231.48 -1 -1 -1 -1000 -1000 -1000 -10 1
60 3 Car -1 -1 -1 961.15 181.15 1071.48 227.12 -1 -1 -1 -1000 -1000 -1000 -10 1
60 1 Car -1 -1 -1 1031.44 186.22 1161.02 227.43 -1 -1 -1 -1000 -1000 -1000 -10 1
61 6 Car -1 -1 -1 602.66 172.19 637.81 202.62 -1 -1 -1 -1000 -1000 -1000 -10 1
61 4 Car -1 -1 -1 1090.59 183.05 1226.32 231.61 -1 -1 -1 -1000 -1000 -1000 -10 1
61 3 Car -1 -1 -1 961.76 181.22 1071.52 227.46 -1 -1 -1 -1000 -1000 -1000 -10 1
61 1 Car -1 -1 -1 1031.42 186.26 1160.75 227.48 -1 -1 -1 -1000 -1000 -1000 -10 1
62 6 Car -1 -1 -1 602.35 171.94 637.57 202.62 -1 -1 -1 -1000 -1000 -1000 -10 1
62 4 Car -1 -1 -1 1090.65 183.04 1228.29 231.57 -1 -1 -1 -1000 -1000 -1000 -10 1
62 3 Car -1 -1 -1 961.47 181.14 1071.85 227.68 -1 -1 -1 -1000 -1000 -1000 -10 1
62 1 Car -1 -1 -1 1031.36 186.27 1160.51 227.46 -1 -1 -1 -1000 -1000 -1000 -10 1
63 6 Car -1 -1 -1 601.46 171.62 636.68 202.45 -1 -1 -1 -1000 -1000 -1000 -10 1
63 4 Car -1 -1 -1 1090.14 183.16 1225.76 230.95 -1 -1 -1 -1000 -1000 -1000 -10 1
63 3 Car -1 -1 -1 961.03 181.02 1071.99 227.83 -1 -1 -1 -1000 -1000 -1000 -10 1
63 1 Car -1 -1 -1 1031.79 186.17 1161.30 227.26 -1 -1 -1 -1000 -1000 -1000 -10 1
64 6 Car -1 -1 -1 600.94 171.28 636.21 202.40 -1 -1 -1 -1000 -1000 -1000 -10 1
64 4 Car -1 -1 -1 1090.82 184.57 1225.55 232.38 -1 -1 -1 -1000 -1000 -1000 -10 1
64 3 Car -1 -1 -1 960.34 180.77 1071.42 227.83 -1 -1 -1 -1000 -1000 -1000 -10 1
64 1 Car -1 -1 -1 1032.93 186.45 1161.85 227.29 -1 -1 -1 -1000 -1000 -1000 -10 1
65 6 Car -1 -1 -1 600.59 170.92 635.88 202.23 -1 -1 -1 -1000 -1000 -1000 -10 1
65 4 Car -1 -1 -1 1104.97 187.65 1231.02 236.37 -1 -1 -1 -1000 -1000 -1000 -10 1
65 3 Car -1 -1 -1 960.00 180.41 1071.22 227.74 -1 -1 -1 -1000 -1000 -1000 -10 1
65 1 Car -1 -1 -1 1033.27 186.27 1161.29 227.52 -1 -1 -1 -1000 -1000 -1000 -10 1
66 6 Car -1 -1 -1 600.67 171.16 635.99 202.60 -1 -1 -1 -1000 -1000 -1000 -10 1
66 4 Car -1 -1 -1 1122.52 188.85 1236.61 239.64 -1 -1 -1 -1000 -1000 -1000 -10 1
66 3 Car -1 -1 -1 959.55 180.97 1071.19 228.49 -1 -1 -1 -1000 -1000 -1000 -10 1
66 1 Car -1 -1 -1 1034.30 186.02 1162.48 227.69 -1 -1 -1 -1000 -1000 -1000 -10 1
67 6 Car -1 -1 -1 601.07 171.11 636.27 202.70 -1 -1 -1 -1000 -1000 -1000 -10 1
67 3 Car -1 -1 -1 960.88 182.28 1074.59 228.25 -1 -1 -1 -1000 -1000 -1000 -10 1
67 1 Car -1 -1 -1 1032.34 183.67 1160.90 227.91 -1 -1 -1 -1000 -1000 -1000 -10 1
68 6 Car -1 -1 -1 601.39 171.28 636.73 203.17 -1 -1 -1 -1000 -1000 -1000 -10 1
68 3 Car -1 -1 -1 961.18 182.36 1075.65 228.05 -1 -1 -1 -1000 -1000 -1000 -10 1
69 6 Car -1 -1 -1 601.37 171.26 636.97 203.36 -1 -1 -1 -1000 -1000 -1000 -10 1
69 3 Car -1 -1 -1 956.38 183.97 1072.00 228.57 -1 -1 -1 -1000 -1000 -1000 -10 1
70 6 Car -1 -1 -1 600.77 171.61 636.70 203.85 -1 -1 -1 -1000 -1000 -1000 -10 1
70 3 Car -1 -1 -1 954.80 184.75 1070.00 229.83 -1 -1 -1 -1000 -1000 -1000 -10 1
71 6 Car -1 -1 -1 600.78 171.87 636.79 204.11 -1 -1 -1 -1000 -1000 -1000 -10 1
71 3 Car -1 -1 -1 954.44 184.30 1069.18 230.02 -1 -1 -1 -1000 -1000 -1000 -10 1
71 1 Car -1 -1 -1 1031.13 182.10 1153.65 230.82 -1 -1 -1 -1000 -1000 -1000 -10 1
72 9 Car -1 -1 -1 1107.99 183.56 1222.38 229.63 -1 -1 -1 -1000 -1000 -1000 -10 1
72 6 Car -1 -1 -1 600.77 172.05 636.75 204.18 -1 -1 -1 -1000 -1000 -1000 -10 1
72 3 Car -1 -1 -1 957.73 182.18 1080.06 231.26 -1 -1 -1 -1000 -1000 -1000 -10 1
72 1 Car -1 -1 -1 1031.81 181.37 1151.01 230.61 -1 -1 -1 -1000 -1000 -1000 -10 1
73 9 Car -1 -1 -1 1103.03 182.96 1217.59 230.01 -1 -1 -1 -1000 -1000 -1000 -10 1
73 6 Car -1 -1 -1 600.98 172.45 636.99 204.31 -1 -1 -1 -1000 -1000 -1000 -10 1
73 1 Car -1 -1 -1 1037.84 183.81 1159.32 233.98 -1 -1 -1 -1000 -1000 -1000 -10 1
74 9 Car -1 -1 -1 1099.79 182.23 1218.81 231.80 -1 -1 -1 -1000 -1000 -1000 -10 1
74 6 Car -1 -1 -1 599.45 171.66 636.84 202.35 -1 -1 -1 -1000 -1000 -1000 -10 1
74 1 Car -1 -1 -1 1028.33 183.70 1150.22 237.60 -1 -1 -1 -1000 -1000 -1000 -10 1
75 9 Car -1 -1 -1 1101.94 181.48 1221.32 230.94 -1 -1 -1 -1000 -1000 -1000 -10 1
75 6 Car -1 -1 -1 598.84 171.44 636.96 201.54 -1 -1 -1 -1000 -1000 -1000 -10 1
75 1 Car -1 -1 -1 1029.74 182.72 1155.56 232.28 -1 -1 -1 -1000 -1000 -1000 -10 1
76 9 Car -1 -1 -1 1100.17 181.45 1221.82 230.51 -1 -1 -1 -1000 -1000 -1000 -10 1
76 6 Car -1 -1 -1 599.90 172.62 637.36 203.23 -1 -1 -1 -1000 -1000 -1000 -10 1
76 1 Car -1 -1 -1 1031.70 180.53 1162.11 228.22 -1 -1 -1 -1000 -1000 -1000 -10 1
77 9 Car -1 -1 -1 1103.07 181.44 1224.94 230.17 -1 -1 -1 -1000 -1000 -1000 -10 1
77 6 Car -1 -1 -1 599.02 171.77 637.13 201.98 -1 -1 -1 -1000 -1000 -1000 -10 1
77 1 Car -1 -1 -1 1030.48 179.89 1161.18 225.79 -1 -1 -1 -1000 -1000 -1000 -10 1
78 9 Car -1 -1 -1 1101.41 182.54 1224.13 231.57 -1 -1 -1 -1000 -1000 -1000 -10 1
78 6 Car -1 -1 -1 597.77 171.65 636.97 201.43 -1 -1 -1 -1000 -1000 -1000 -10 1
78 1 Car -1 -1 -1 1029.61 180.79 1162.84 225.48 -1 -1 -1 -1000 -1000 -1000 -10 1
79 9 Car -1 -1 -1 1099.88 183.06 1222.93 232.23 -1 -1 -1 -1000 -1000 -1000 -10 1
79 6 Car -1 -1 -1 597.56 173.73 636.13 204.07 -1 -1 -1 -1000 -1000 -1000 -10 1
79 1 Car -1 -1 -1 1029.44 183.07 1159.51 226.69 -1 -1 -1 -1000 -1000 -1000 -10 1
80 9 Car -1 -1 -1 1098.62 182.95 1222.66 232.24 -1 -1 -1 -1000 -1000 -1000 -10 1
80 6 Car -1 -1 -1 598.47 172.37 636.80 203.28 -1 -1 -1 -1000 -1000 -1000 -10 1
80 1 Car -1 -1 -1 1029.17 184.77 1159.57 227.89 -1 -1 -1 -1000 -1000 -1000 -10 1
81 12 Car -1 -1 -1 965.43 176.43 1078.25 222.08 -1 -1 -1 -1000 -1000 -1000 -10 1
81 9 Car -1 -1 -1 1097.80 182.69 1223.48 231.70 -1 -1 -1 -1000 -1000 -1000 -10 1
81 6 Car -1 -1 -1 598.48 172.08 636.65 203.25 -1 -1 -1 -1000 -1000 -1000 -10 1
81 1 Car -1 -1 -1 1029.44 184.68 1161.48 227.72 -1 -1 -1 -1000 -1000 -1000 -10 1
82 12 Car -1 -1 -1 968.80 180.14 1082.30 225.10 -1 -1 -1 -1000 -1000 -1000 -10 1
82 9 Car -1 -1 -1 1094.28 182.93 1225.15 232.15 -1 -1 -1 -1000 -1000 -1000 -10 1
82 6 Car -1 -1 -1 597.43 172.76 636.09 204.60 -1 -1 -1 -1000 -1000 -1000 -10 1
82 1 Car -1 -1 -1 1029.59 184.82 1162.40 228.02 -1 -1 -1 -1000 -1000 -1000 -10 1
83 12 Car -1 -1 -1 957.13 180.73 1071.38 227.14 -1 -1 -1 -1000 -1000 -1000 -10 1
83 9 Car -1 -1 -1 1092.75 183.33 1226.83 232.63 -1 -1 -1 -1000 -1000 -1000 -10 1
83 1 Car -1 -1 -1 1029.61 185.23 1162.03 228.02 -1 -1 -1 -1000 -1000 -1000 -10 1
84 13 Car -1 -1 -1 549.37 162.40 614.22 291.00 -1 -1 -1 -1000 -1000 -1000 -10 1
84 12 Car -1 -1 -1 954.47 181.85 1068.11 228.25 -1 -1 -1 -1000 -1000 -1000 -10 1
84 9 Car -1 -1 -1 1092.22 183.26 1227.98 232.55 -1 -1 -1 -1000 -1000 -1000 -10 1
84 1 Car -1 -1 -1 1029.60 185.31 1161.73 228.02 -1 -1 -1 -1000 -1000 -1000 -10 1
85 13 Car -1 -1 -1 554.39 160.63 619.48 291.34 -1 -1 -1 -1000 -1000 -1000 -10 1
85 12 Car -1 -1 -1 961.60 182.27 1073.04 226.50 -1 -1 -1 -1000 -1000 -1000 -10 1
85 9 Car -1 -1 -1 1092.81 183.02 1225.12 231.92 -1 -1 -1 -1000 -1000 -1000 -10 1
85 1 Car -1 -1 -1 1029.87 185.40 1161.45 228.03 -1 -1 -1 -1000 -1000 -1000 -10 1
86 13 Car -1 -1 -1 559.61 159.65 625.30 292.66 -1 -1 -1 -1000 -1000 -1000 -10 1
86 12 Car -1 -1 -1 962.87 181.52 1072.76 226.18 -1 -1 -1 -1000 -1000 -1000 -10 1
86 9 Car -1 -1 -1 1092.14 183.14 1226.93 232.11 -1 -1 -1 -1000 -1000 -1000 -10 1
86 1 Car -1 -1 -1 1030.15 185.57 1161.17 227.98 -1 -1 -1 -1000 -1000 -1000 -10 1
87 12 Car -1 -1 -1 956.95 182.90 1070.08 226.77 -1 -1 -1 -1000 -1000 -1000 -10 1
87 9 Car -1 -1 -1 1091.51 183.15 1228.22 232.09 -1 -1 -1 -1000 -1000 -1000 -10 1
87 1 Car -1 -1 -1 1030.67 185.64 1161.17 227.84 -1 -1 -1 -1000 -1000 -1000 -10 1
88 12 Car -1 -1 -1 953.62 183.87 1070.35 227.05 -1 -1 -1 -1000 -1000 -1000 -10 1
88 9 Car -1 -1 -1 1090.81 183.13 1228.84 232.09 -1 -1 -1 -1000 -1000 -1000 -10 1
88 1 Car -1 -1 -1 1030.88 185.67 1161.08 227.76 -1 -1 -1 -1000 -1000 -1000 -10 1
89 12 Car -1 -1 -1 952.29 184.62 1070.63 227.44 -1 -1 -1 -1000 -1000 -1000 -10 1
89 9 Car -1 -1 -1 1090.46 183.14 1229.32 232.10 -1 -1 -1 -1000 -1000 -1000 -10 1
89 1 Car -1 -1 -1 1031.03 185.80 1160.92 227.73 -1 -1 -1 -1000 -1000 -1000 -10 1
91 12 Car -1 -1 -1 958.22 183.10 1070.15 227.46 -1 -1 -1 -1000 -1000 -1000 -10 1
91 9 Car -1 -1 -1 1090.00 183.18 1229.76 231.99 -1 -1 -1 -1000 -1000 -1000 -10 1
91 1 Car -1 -1 -1 1031.54 185.96 1160.94 227.45 -1 -1 -1 -1000 -1000 -1000 -10 1
92 12 Car -1 -1 -1 959.64 182.08 1070.48 227.32 -1 -1 -1 -1000 -1000 -1000 -10 1
92 9 Car -1 -1 -1 1089.92 183.22 1229.93 231.96 -1 -1 -1 -1000 -1000 -1000 -10 1
92 1 Car -1 -1 -1 1031.69 186.01 1160.86 227.41 -1 -1 -1 -1000 -1000 -1000 -10 1
93 12 Car -1 -1 -1 961.02 181.33 1070.31 227.14 -1 -1 -1 -1000 -1000 -1000 -10 1
93 9 Car -1 -1 -1 1089.66 183.20 1229.98 231.91 -1 -1 -1 -1000 -1000 -1000 -10 1
93 1 Car -1 -1 -1 1031.62 185.98 1160.72 227.35 -1 -1 -1 -1000 -1000 -1000 -10 1
94 12 Car -1 -1 -1 961.74 180.99 1070.00 227.14 -1 -1 -1 -1000 -1000 -1000 -10 1
94 9 Car -1 -1 -1 1089.71 183.23 1230.04 231.91 -1 -1 -1 -1000 -1000 -1000 -10 1
94 1 Car -1 -1 -1 1031.65 185.95 1160.64 227.27 -1 -1 -1 -1000 -1000 -1000 -10 1
95 12 Car -1 -1 -1 961.95 180.86 1069.85 227.22 -1 -1 -1 -1000 -1000 -1000 -10 1
95 9 Car -1 -1 -1 1089.89 183.27 1230.19 231.97 -1 -1 -1 -1000 -1000 -1000 -10 1
95 1 Car -1 -1 -1 1031.42 186.17 1160.29 227.35 -1 -1 -1 -1000 -1000 -1000 -10 1
96 12 Car -1 -1 -1 961.80 180.75 1069.82 227.27 -1 -1 -1 -1000 -1000 -1000 -10 1
96 9 Car -1 -1 -1 1089.82 183.26 1230.32 231.90 -1 -1 -1 -1000 -1000 -1000 -10 1
96 1 Car -1 -1 -1 1031.57 186.16 1160.31 227.23 -1 -1 -1 -1000 -1000 -1000 -10 1
97 12 Car -1 -1 -1 961.63 180.72 1070.14 227.36 -1 -1 -1 -1000 -1000 -1000 -10 1
97 9 Car -1 -1 -1 1089.78 183.27 1230.18 231.91 -1 -1 -1 -1000 -1000 -1000 -10 1
97 1 Car -1 -1 -1 1031.57 186.20 1160.22 227.24 -1 -1 -1 -1000 -1000 -1000 -10 1
98 17 Car -1 -1 -1 598.85 171.36 642.01 204.24 -1 -1 -1 -1000 -1000 -1000 -10 1
98 12 Car -1 -1 -1 961.09 180.78 1070.34 227.61 -1 -1 -1 -1000 -1000 -1000 -10 1
98 9 Car -1 -1 -1 1089.91 183.31 1230.23 231.96 -1 -1 -1 -1000 -1000 -1000 -10 1
98 1 Car -1 -1 -1 1031.67 186.23 1160.07 227.25 -1 -1 -1 -1000 -1000 -1000 -10 1
99 17 Car -1 -1 -1 600.27 170.41 643.36 203.54 -1 -1 -1 -1000 -1000 -1000 -10 1
99 12 Car -1 -1 -1 960.82 180.54 1070.29 227.32 -1 -1 -1 -1000 -1000 -1000 -10 1
99 9 Car -1 -1 -1 1090.05 183.28 1230.29 231.94 -1 -1 -1 -1000 -1000 -1000 -10 1
99 1 Car -1 -1 -1 1031.77 186.15 1160.19 227.19 -1 -1 -1 -1000 -1000 -1000 -10 1
100 17 Car -1 -1 -1 597.27 170.31 642.13 202.38 -1 -1 -1 -1000 -1000 -1000 -10 1
100 12 Car -1 -1 -1 960.80 180.57 1070.31 227.34 -1 -1 -1 -1000 -1000 -1000 -10 1
100 9 Car -1 -1 -1 1089.97 183.31 1230.24 231.93 -1 -1 -1 -1000 -1000 -1000 -10 1
100 1 Car -1 -1 -1 1031.89 186.26 1160.12 227.26 -1 -1 -1 -1000 -1000 -1000 -10 1
101 12 Car -1 -1 -1 961.04 180.65 1070.39 227.38 -1 -1 -1 -1000 -1000 -1000 -10 1
101 9 Car -1 -1 -1 1090.16 183.32 1230.16 231.92 -1 -1 -1 -1000 -1000 -1000 -10 1
101 1 Car -1 -1 -1 1031.87 186.21 1160.09 227.26 -1 -1 -1 -1000 -1000 -1000 -10 1
102 12 Car -1 -1 -1 960.84 180.80 1070.76 227.47 -1 -1 -1 -1000 -1000 -1000 -10 1
102 9 Car -1 -1 -1 1090.26 183.33 1230.27 231.93 -1 -1 -1 -1000 -1000 -1000 -10 1
102 1 Car -1 -1 -1 1031.73 186.12 1159.99 227.27 -1 -1 -1 -1000 -1000 -1000 -10 1
103 12 Car -1 -1 -1 960.75 180.66 1070.99 227.22 -1 -1 -1 -1000 -1000 -1000 -10 1
103 9 Car -1 -1 -1 1090.02 183.33 1230.23 231.93 -1 -1 -1 -1000 -1000 -1000 -10 1
103 1 Car -1 -1 -1 1031.75 186.06 1160.14 227.23 -1 -1 -1 -1000 -1000 -1000 -10 1
104 12 Car -1 -1 -1 960.62 180.70 1071.10 227.22 -1 -1 -1 -1000 -1000 -1000 -10 1
104 9 Car -1 -1 -1 1089.87 183.31 1230.22 231.93 -1 -1 -1 -1000 -1000 -1000 -10 1
104 1 Car -1 -1 -1 1031.86 186.12 1160.27 227.23 -1 -1 -1 -1000 -1000 -1000 -10 1
105 12 Car -1 -1 -1 960.41 180.68 1071.16 227.32 -1 -1 -1 -1000 -1000 -1000 -10 1
105 9 Car -1 -1 -1 1089.90 183.34 1230.32 231.99 -1 -1 -1 -1000 -1000 -1000 -10 1
105 1 Car -1 -1 -1 1031.99 186.18 1160.51 227.26 -1 -1 -1 -1000 -1000 -1000 -10 1
106 12 Car -1 -1 -1 960.92 181.45 1071.39 228.39 -1 -1 -1 -1000 -1000 -1000 -10 1
106 9 Car -1 -1 -1 1089.96 183.41 1230.40 232.08 -1 -1 -1 -1000 -1000 -1000 -10 1
106 1 Car -1 -1 -1 1031.96 186.17 1160.42 227.26 -1 -1 -1 -1000 -1000 -1000 -10 1
107 12 Car -1 -1 -1 959.83 181.32 1071.06 228.14 -1 -1 -1 -1000 -1000 -1000 -10 1
107 9 Car -1 -1 -1 1089.78 183.32 1230.25 231.95 -1 -1 -1 -1000 -1000 -1000 -10 1
107 1 Car -1 -1 -1 1031.87 186.19 1160.30 227.27 -1 -1 -1 -1000 -1000 -1000 -10 1
108 12 Car -1 -1 -1 959.59 181.46 1069.02 228.23 -1 -1 -1 -1000 -1000 -1000 -10 1
108 9 Car -1 -1 -1 1089.92 183.38 1230.33 232.04 -1 -1 -1 -1000 -1000 -1000 -10 1
108 1 Car -1 -1 -1 1031.89 186.20 1160.32 227.27 -1 -1 -1 -1000 -1000 -1000 -10 1
109 12 Car -1 -1 -1 956.94 183.52 1068.32 228.32 -1 -1 -1 -1000 -1000 -1000 -10 1
109 9 Car -1 -1 -1 1090.05 183.43 1230.40 232.05 -1 -1 -1 -1000 -1000 -1000 -10 1
109 1 Car -1 -1 -1 1031.86 186.24 1160.37 227.26 -1 -1 -1 -1000 -1000 -1000 -10 1
110 12 Car -1 -1 -1 958.54 182.37 1069.98 227.92 -1 -1 -1 -1000 -1000 -1000 -10 1
110 9 Car -1 -1 -1 1090.18 183.43 1230.39 232.03 -1 -1 -1 -1000 -1000 -1000 -10 1
110 1 Car -1 -1 -1 1031.79 186.18 1160.15 227.21 -1 -1 -1 -1000 -1000 -1000 -10 1
111 12 Car -1 -1 -1 959.22 182.81 1068.01 228.42 -1 -1 -1 -1000 -1000 -1000 -10 1
111 9 Car -1 -1 -1 1089.93 183.36 1230.26 231.93 -1 -1 -1 -1000 -1000 -1000 -10 1
111 1 Car -1 -1 -1 1031.77 186.12 1160.40 227.28 -1 -1 -1 -1000 -1000 -1000 -10 1
112 12 Car -1 -1 -1 956.64 184.42 1068.09 228.75 -1 -1 -1 -1000 -1000 -1000 -10 1
112 9 Car -1 -1 -1 1090.02 183.42 1230.23 231.96 -1 -1 -1 -1000 -1000 -1000 -10 1
112 1 Car -1 -1 -1 1031.77 186.18 1160.37 227.38 -1 -1 -1 -1000 -1000 -1000 -10 1
113 12 Car -1 -1 -1 955.43 185.33 1068.35 228.60 -1 -1 -1 -1000 -1000 -1000 -10 1
113 9 Car -1 -1 -1 1089.76 183.46 1230.10 232.00 -1 -1 -1 -1000 -1000 -1000 -10 1
113 1 Car -1 -1 -1 1031.74 186.21 1160.40 227.39 -1 -1 -1 -1000 -1000 -1000 -10 1
114 21 Car -1 -1 -1 578.45 151.01 636.60 271.09 -1 -1 -1 -1000 -1000 -1000 -10 1
114 12 Car -1 -1 -1 957.75 184.84 1069.86 229.07 -1 -1 -1 -1000 -1000 -1000 -10 1
114 9 Car -1 -1 -1 1089.63 183.43 1230.27 231.98 -1 -1 -1 -1000 -1000 -1000 -10 1
114 1 Car -1 -1 -1 1031.79 186.19 1160.47 227.39 -1 -1 -1 -1000 -1000 -1000 -10 1
115 12 Car -1 -1 -1 958.58 182.98 1070.79 228.30 -1 -1 -1 -1000 -1000 -1000 -10 1
115 9 Car -1 -1 -1 1089.88 183.51 1230.43 232.10 -1 -1 -1 -1000 -1000 -1000 -10 1
115 1 Car -1 -1 -1 1031.63 186.23 1160.14 227.50 -1 -1 -1 -1000 -1000 -1000 -10 1
116 12 Car -1 -1 -1 959.09 182.16 1070.88 228.09 -1 -1 -1 -1000 -1000 -1000 -10 1
116 9 Car -1 -1 -1 1090.76 183.51 1228.32 232.08 -1 -1 -1 -1000 -1000 -1000 -10 1
116 1 Car -1 -1 -1 1031.54 186.17 1160.34 227.53 -1 -1 -1 -1000 -1000 -1000 -10 1
117 12 Car -1 -1 -1 959.98 181.30 1070.94 228.15 -1 -1 -1 -1000 -1000 -1000 -10 1
117 9 Car -1 -1 -1 1090.59 183.46 1228.99 231.99 -1 -1 -1 -1000 -1000 -1000 -10 1
117 1 Car -1 -1 -1 1031.60 186.10 1160.57 227.61 -1 -1 -1 -1000 -1000 -1000 -10 1
118 12 Car -1 -1 -1 955.05 183.16 1070.07 229.81 -1 -1 -1 -1000 -1000 -1000 -10 1
118 9 Car -1 -1 -1 1090.98 183.37 1229.62 231.90 -1 -1 -1 -1000 -1000 -1000 -10 1
118 1 Car -1 -1 -1 1031.63 186.11 1160.51 227.73 -1 -1 -1 -1000 -1000 -1000 -10 1
119 12 Car -1 -1 -1 952.46 184.75 1070.23 230.08 -1 -1 -1 -1000 -1000 -1000 -10 1
119 9 Car -1 -1 -1 1090.68 183.27 1229.74 231.86 -1 -1 -1 -1000 -1000 -1000 -10 1
119 1 Car -1 -1 -1 1031.46 185.96 1160.75 227.75 -1 -1 -1 -1000 -1000 -1000 -10 1
120 12 Car -1 -1 -1 951.14 184.40 1070.02 229.45 -1 -1 -1 -1000 -1000 -1000 -10 1
120 9 Car -1 -1 -1 1090.28 183.34 1229.73 232.07 -1 -1 -1 -1000 -1000 -1000 -10 1
120 1 Car -1 -1 -1 1030.93 185.77 1160.78 227.80 -1 -1 -1 -1000 -1000 -1000 -10 1
121 12 Car -1 -1 -1 947.04 184.23 1067.01 229.13 -1 -1 -1 -1000 -1000 -1000 -10 1
121 9 Car -1 -1 -1 1090.33 183.28 1229.80 232.14 -1 -1 -1 -1000 -1000 -1000 -10 1
121 1 Car -1 -1 -1 1030.77 185.64 1161.11 227.78 -1 -1 -1 -1000 -1000 -1000 -10 1
122 12 Car -1 -1 -1 953.18 181.22 1069.82 226.66 -1 -1 -1 -1000 -1000 -1000 -10 1
122 9 Car -1 -1 -1 1089.86 183.10 1229.45 231.95 -1 -1 -1 -1000 -1000 -1000 -10 1
122 1 Car -1 -1 -1 1030.45 185.30 1161.32 227.71 -1 -1 -1 -1000 -1000 -1000 -10 1
123 12 Car -1 -1 -1 952.02 183.13 1068.96 228.34 -1 -1 -1 -1000 -1000 -1000 -10 1
123 9 Car -1 -1 -1 1090.57 183.01 1229.63 231.70 -1 -1 -1 -1000 -1000 -1000 -10 1
123 1 Car -1 -1 -1 1030.31 185.43 1160.63 227.79 -1 -1 -1 -1000 -1000 -1000 -10 1
125 9 Car -1 -1 -1 1089.76 182.81 1225.59 231.37 -1 -1 -1 -1000 -1000 -1000 -10 1
125 1 Car -1 -1 -1 1030.41 183.92 1160.03 227.57 -1 -1 -1 -1000 -1000 -1000 -10 1
126 9 Car -1 -1 -1 1090.59 183.25 1222.73 231.41 -1 -1 -1 -1000 -1000 -1000 -10 1
126 1 Car -1 -1 -1 1032.38 183.87 1161.52 228.30 -1 -1 -1 -1000 -1000 -1000 -10 1
127 9 Car -1 -1 -1 1093.39 182.87 1216.79 230.00 -1 -1 -1 -1000 -1000 -1000 -10 1
127 1 Car -1 -1 -1 1033.05 185.74 1165.14 231.77 -1 -1 -1 -1000 -1000 -1000 -10 1
128 26 Car -1 -1 -1 1007.12 154.05 1110.30 362.68 -1 -1 -1 -1000 -1000 -1000 -10 1
128 24 Car -1 -1 -1 598.23 170.93 638.25 203.99 -1 -1 -1 -1000 -1000 -1000 -10 1
128 9 Car -1 -1 -1 1097.77 182.58 1208.69 228.44 -1 -1 -1 -1000 -1000 -1000 -10 1
128 1 Car -1 -1 -1 1036.24 188.00 1168.99 234.25 -1 -1 -1 -1000 -1000 -1000 -10 1
130 28 Car -1 -1 -1 952.54 185.73 1066.44 231.05 -1 -1 -1 -1000 -1000 -1000 -10 1
130 27 Car -1 -1 -1 579.41 169.79 612.21 221.87 -1 -1 -1 -1000 -1000 -1000 -10 1
130 26 Car -1 -1 -1 1044.99 146.95 1151.54 369.73 -1 -1 -1 -1000 -1000 -1000 -10 1
130 24 Car -1 -1 -1 597.86 171.25 636.27 203.55 -1 -1 -1 -1000 -1000 -1000 -10 1
130 9 Car -1 -1 -1 1102.95 182.36 1215.73 228.59 -1 -1 -1 -1000 -1000 -1000 -10 1
130 1 Car -1 -1 -1 1030.85 184.26 1163.41 230.83 -1 -1 -1 -1000 -1000 -1000 -10 1
131 28 Car -1 -1 -1 960.75 183.10 1067.00 228.06 -1 -1 -1 -1000 -1000 -1000 -10 1
131 26 Car -1 -1 -1 1054.19 137.43 1175.64 381.23 -1 -1 -1 -1000 -1000 -1000 -10 1
131 24 Car -1 -1 -1 598.48 171.55 636.30 203.45 -1 -1 -1 -1000 -1000 -1000 -10 1
131 9 Car -1 -1 -1 1095.14 185.14 1216.57 231.63 -1 -1 -1 -1000 -1000 -1000 -10 1
131 1 Car -1 -1 -1 1029.82 185.17 1161.25 231.41 -1 -1 -1 -1000 -1000 -1000 -10 1
132 28 Car -1 -1 -1 965.33 184.33 1072.15 226.93 -1 -1 -1 -1000 -1000 -1000 -10 1
132 26 Car -1 -1 -1 1064.66 138.77 1192.55 382.41 -1 -1 -1 -1000 -1000 -1000 -10 1
132 24 Car -1 -1 -1 598.95 171.89 636.46 203.59 -1 -1 -1 -1000 -1000 -1000 -10 1
132 9 Car -1 -1 -1 1112.77 185.98 1223.05 233.00 -1 -1 -1 -1000 -1000 -1000 -10 1
132 1 Car -1 -1 -1 1029.55 185.06 1160.14 229.68 -1 -1 -1 -1000 -1000 -1000 -10 1
133 28 Car -1 -1 -1 967.11 183.79 1073.76 224.46 -1 -1 -1 -1000 -1000 -1000 -10 1
133 26 Car -1 -1 -1 1079.22 139.44 1207.96 381.22 -1 -1 -1 -1000 -1000 -1000 -10 1
133 24 Car -1 -1 -1 598.06 171.26 636.54 202.18 -1 -1 -1 -1000 -1000 -1000 -10 1
133 1 Car -1 -1 -1 1029.60 185.28 1159.84 229.15 -1 -1 -1 -1000 -1000 -1000 -10 1
134 30 Car -1 -1 -1 933.23 168.40 1007.35 290.54 -1 -1 -1 -1000 -1000 -1000 -10 1
134 28 Car -1 -1 -1 968.79 184.77 1075.97 224.90 -1 -1 -1 -1000 -1000 -1000 -10 1
134 26 Car -1 -1 -1 1091.68 147.95 1213.64 379.84 -1 -1 -1 -1000 -1000 -1000 -10 1
134 24 Car -1 -1 -1 597.27 171.04 636.28 201.40 -1 -1 -1 -1000 -1000 -1000 -10 1
134 1 Car -1 -1 -1 1030.17 185.56 1161.93 228.39 -1 -1 -1 -1000 -1000 -1000 -10 1
135 30 Car -1 -1 -1 935.24 167.01 1009.88 291.64 -1 -1 -1 -1000 -1000 -1000 -10 1
135 28 Car -1 -1 -1 969.28 182.02 1065.84 220.88 -1 -1 -1 -1000 -1000 -1000 -10 1
135 26 Car -1 -1 -1 1116.60 152.19 1229.63 377.72 -1 -1 -1 -1000 -1000 -1000 -10 1
135 24 Car -1 -1 -1 598.74 171.47 637.68 202.23 -1 -1 -1 -1000 -1000 -1000 -10 1
135 1 Car -1 -1 -1 1030.48 185.69 1161.67 228.07 -1 -1 -1 -1000 -1000 -1000 -10 1
136 30 Car -1 -1 -1 938.64 161.23 1019.74 292.56 -1 -1 -1 -1000 -1000 -1000 -10 1
136 28 Car -1 -1 -1 955.77 182.38 1058.80 225.99 -1 -1 -1 -1000 -1000 -1000 -10 1
136 24 Car -1 -1 -1 599.53 171.74 638.21 202.82 -1 -1 -1 -1000 -1000 -1000 -10 1
136 9 Car -1 -1 -1 1111.32 185.52 1223.86 236.26 -1 -1 -1 -1000 -1000 -1000 -10 1
136 1 Car -1 -1 -1 1030.90 185.75 1162.90 228.21 -1 -1 -1 -1000 -1000 -1000 -10 1
137 28 Car -1 -1 -1 950.87 185.49 1058.60 234.08 -1 -1 -1 -1000 -1000 -1000 -10 1
137 24 Car -1 -1 -1 598.49 171.30 638.03 201.83 -1 -1 -1 -1000 -1000 -1000 -10 1
137 9 Car -1 -1 -1 1109.92 189.77 1221.82 242.32 -1 -1 -1 -1000 -1000 -1000 -10 1
137 1 Car -1 -1 -1 1030.30 185.45 1162.93 228.87 -1 -1 -1 -1000 -1000 -1000 -10 1
138 28 Car -1 -1 -1 949.24 189.80 1059.64 243.71 -1 -1 -1 -1000 -1000 -1000 -10 1
138 24 Car -1 -1 -1 597.90 171.21 638.11 201.29 -1 -1 -1 -1000 -1000 -1000 -10 1
138 9 Car -1 -1 -1 1099.17 187.86 1220.04 240.93 -1 -1 -1 -1000 -1000 -1000 -10 1
138 1 Car -1 -1 -1 1029.45 185.10 1162.53 228.98 -1 -1 -1 -1000 -1000 -1000 -10 1
139 28 Car -1 -1 -1 951.57 187.44 1062.05 246.47 -1 -1 -1 -1000 -1000 -1000 -10 1
139 26 Car -1 -1 -1 1119.57 144.93 1221.52 383.83 -1 -1 -1 -1000 -1000 -1000 -10 1
139 24 Car -1 -1 -1 597.86 171.40 638.42 200.81 -1 -1 -1 -1000 -1000 -1000 -10 1
139 1 Car -1 -1 -1 1030.30 184.02 1163.89 228.44 -1 -1 -1 -1000 -1000 -1000 -10 1
140 24 Car -1 -1 -1 599.32 172.19 638.53 201.71 -1 -1 -1 -1000 -1000 -1000 -10 1
140 1 Car -1 -1 -1 1029.32 183.53 1160.18 228.89 -1 -1 -1 -1000 -1000 -1000 -10 1
141 24 Car -1 -1 -1 600.42 172.65 638.64 202.30 -1 -1 -1 -1000 -1000 -1000 -10 1
141 1 Car -1 -1 -1 1039.39 182.21 1172.89 231.26 -1 -1 -1 -1000 -1000 -1000 -10 1
142 24 Car -1 -1 -1 600.86 172.89 638.34 202.65 -1 -1 -1 -1000 -1000 -1000 -10 1
142 1 Car -1 -1 -1 1035.59 182.27 1168.20 234.44 -1 -1 -1 -1000 -1000 -1000 -10 1
143 24 Car -1 -1 -1 600.69 172.85 637.74 202.75 -1 -1 -1 -1000 -1000 -1000 -10 1
143 1 Car -1 -1 -1 1026.71 176.89 1156.35 229.62 -1 -1 -1 -1000 -1000 -1000 -10 1
144 24 Car -1 -1 -1 600.45 172.78 637.19 202.94 -1 -1 -1 -1000 -1000 -1000 -10 1
144 1 Car -1 -1 -1 1032.23 179.12 1159.72 231.68 -1 -1 -1 -1000 -1000 -1000 -10 1
145 34 Car -1 -1 -1 1089.94 184.32 1222.84 233.81 -1 -1 -1 -1000 -1000 -1000 -10 1
145 24 Car -1 -1 -1 599.92 172.72 636.37 202.96 -1 -1 -1 -1000 -1000 -1000 -10 1
145 1 Car -1 -1 -1 1034.59 184.75 1165.09 236.65 -1 -1 -1 -1000 -1000 -1000 -10 1
146 34 Car -1 -1 -1 1091.60 182.49 1224.18 232.20 -1 -1 -1 -1000 -1000 -1000 -10 1
146 24 Car -1 -1 -1 599.60 171.95 635.88 202.37 -1 -1 -1 -1000 -1000 -1000 -10 1
146 1 Car -1 -1 -1 1029.59 183.57 1162.41 235.19 -1 -1 -1 -1000 -1000 -1000 -10 1
147 34 Car -1 -1 -1 1097.77 181.77 1226.37 231.29 -1 -1 -1 -1000 -1000 -1000 -10 1
147 24 Car -1 -1 -1 598.94 171.40 635.08 201.77 -1 -1 -1 -1000 -1000 -1000 -10 1
147 1 Car -1 -1 -1 1026.04 183.95 1159.55 235.34 -1 -1 -1 -1000 -1000 -1000 -10 1
148 34 Car -1 -1 -1 1101.97 180.18 1226.42 229.40 -1 -1 -1 -1000 -1000 -1000 -10 1
148 24 Car -1 -1 -1 598.78 171.37 634.87 201.72 -1 -1 -1 -1000 -1000 -1000 -10 1
148 1 Car -1 -1 -1 1026.86 184.00 1161.28 235.34 -1 -1 -1 -1000 -1000 -1000 -10 1
149 34 Car -1 -1 -1 1100.10 180.30 1225.19 230.27 -1 -1 -1 -1000 -1000 -1000 -10 1
149 24 Car -1 -1 -1 597.94 171.57 635.05 200.76 -1 -1 -1 -1000 -1000 -1000 -10 1
149 1 Car -1 -1 -1 1026.54 184.78 1163.29 235.76 -1 -1 -1 -1000 -1000 -1000 -10 1
150 34 Car -1 -1 -1 1108.45 180.97 1226.94 230.92 -1 -1 -1 -1000 -1000 -1000 -10 1
150 24 Car -1 -1 -1 599.84 170.52 635.90 199.63 -1 -1 -1 -1000 -1000 -1000 -10 1
150 1 Car -1 -1 -1 1029.71 183.02 1163.48 233.27 -1 -1 -1 -1000 -1000 -1000 -10 1
151 34 Car -1 -1 -1 1094.30 185.93 1224.48 240.07 -1 -1 -1 -1000 -1000 -1000 -10 1
151 24 Car -1 -1 -1 601.54 170.02 637.15 199.24 -1 -1 -1 -1000 -1000 -1000 -10 1
151 1 Car -1 -1 -1 1029.93 181.76 1162.47 231.35 -1 -1 -1 -1000 -1000 -1000 -10 1
152 39 Car -1 -1 -1 950.83 184.98 1070.98 226.66 -1 -1 -1 -1000 -1000 -1000 -10 1
152 34 Car -1 -1 -1 1086.87 188.18 1222.31 245.52 -1 -1 -1 -1000 -1000 -1000 -10 1
152 24 Car -1 -1 -1 602.97 170.10 638.64 199.58 -1 -1 -1 -1000 -1000 -1000 -10 1
152 1 Car -1 -1 -1 1029.21 182.22 1161.08 230.31 -1 -1 -1 -1000 -1000 -1000 -10 1
153 39 Car -1 -1 -1 950.60 184.87 1071.13 225.50 -1 -1 -1 -1000 -1000 -1000 -10 1
153 24 Car -1 -1 -1 603.74 169.60 639.57 199.35 -1 -1 -1 -1000 -1000 -1000 -10 1
153 1 Car -1 -1 -1 1030.05 182.97 1159.72 229.35 -1 -1 -1 -1000 -1000 -1000 -10 1
154 39 Car -1 -1 -1 950.75 185.18 1071.29 225.17 -1 -1 -1 -1000 -1000 -1000 -10 1
154 24 Car -1 -1 -1 604.61 168.95 641.18 199.28 -1 -1 -1 -1000 -1000 -1000 -10 1
154 1 Car -1 -1 -1 1031.49 184.06 1159.90 229.55 -1 -1 -1 -1000 -1000 -1000 -10 1
155 39 Car -1 -1 -1 950.99 185.95 1071.34 225.91 -1 -1 -1 -1000 -1000 -1000 -10 1
155 24 Car -1 -1 -1 605.23 168.76 642.28 199.45 -1 -1 -1 -1000 -1000 -1000 -10 1
155 1 Car -1 -1 -1 1033.07 184.88 1161.01 229.32 -1 -1 -1 -1000 -1000 -1000 -10 1
156 39 Car -1 -1 -1 954.07 183.12 1074.75 225.51 -1 -1 -1 -1000 -1000 -1000 -10 1
156 34 Car -1 -1 -1 1096.56 184.13 1231.41 237.73 -1 -1 -1 -1000 -1000 -1000 -10 1
156 24 Car -1 -1 -1 604.62 168.68 641.89 199.67 -1 -1 -1 -1000 -1000 -1000 -10 1
156 1 Car -1 -1 -1 1032.80 185.23 1160.33 228.87 -1 -1 -1 -1000 -1000 -1000 -10 1
157 39 Car -1 -1 -1 955.39 182.16 1074.70 226.14 -1 -1 -1 -1000 -1000 -1000 -10 1
157 34 Car -1 -1 -1 1093.51 184.88 1227.87 237.54 -1 -1 -1 -1000 -1000 -1000 -10 1
157 24 Car -1 -1 -1 604.71 168.62 642.63 200.17 -1 -1 -1 -1000 -1000 -1000 -10 1
157 1 Car -1 -1 -1 1033.04 185.69 1160.35 228.51 -1 -1 -1 -1000 -1000 -1000 -10 1
158 39 Car -1 -1 -1 956.51 181.55 1074.54 226.76 -1 -1 -1 -1000 -1000 -1000 -10 1
158 34 Car -1 -1 -1 1094.81 183.56 1229.17 235.21 -1 -1 -1 -1000 -1000 -1000 -10 1
158 24 Car -1 -1 -1 605.55 168.87 643.53 200.41 -1 -1 -1 -1000 -1000 -1000 -10 1
158 1 Car -1 -1 -1 1032.79 186.01 1160.01 228.16 -1 -1 -1 -1000 -1000 -1000 -10 1
159 39 Car -1 -1 -1 957.38 181.11 1073.71 226.96 -1 -1 -1 -1000 -1000 -1000 -10 1
159 34 Car -1 -1 -1 1094.82 182.84 1230.90 234.17 -1 -1 -1 -1000 -1000 -1000 -10 1
159 24 Car -1 -1 -1 606.23 168.98 643.89 200.54 -1 -1 -1 -1000 -1000 -1000 -10 1
159 1 Car -1 -1 -1 1032.35 186.03 1159.81 227.86 -1 -1 -1 -1000 -1000 -1000 -10 1
160 39 Car -1 -1 -1 958.17 180.87 1073.00 227.24 -1 -1 -1 -1000 -1000 -1000 -10 1
160 34 Car -1 -1 -1 1092.22 182.39 1229.17 232.95 -1 -1 -1 -1000 -1000 -1000 -10 1
160 24 Car -1 -1 -1 606.79 168.49 643.58 200.26 -1 -1 -1 -1000 -1000 -1000 -10 1
160 1 Car -1 -1 -1 1032.21 185.90 1160.07 227.63 -1 -1 -1 -1000 -1000 -1000 -10 1
161 39 Car -1 -1 -1 958.50 180.91 1072.28 227.56 -1 -1 -1 -1000 -1000 -1000 -10 1
161 34 Car -1 -1 -1 1091.21 182.51 1229.21 232.67 -1 -1 -1 -1000 -1000 -1000 -10 1
161 24 Car -1 -1 -1 607.18 168.29 643.20 200.09 -1 -1 -1 -1000 -1000 -1000 -10 1
161 1 Car -1 -1 -1 1032.06 186.05 1159.99 227.62 -1 -1 -1 -1000 -1000 -1000 -10 1
162 39 Car -1 -1 -1 959.30 180.85 1071.85 227.58 -1 -1 -1 -1000 -1000 -1000 -10 1
162 34 Car -1 -1 -1 1091.68 182.09 1226.57 231.97 -1 -1 -1 -1000 -1000 -1000 -10 1
162 24 Car -1 -1 -1 605.94 168.84 641.59 200.42 -1 -1 -1 -1000 -1000 -1000 -10 1
162 1 Car -1 -1 -1 1032.01 186.13 1159.99 227.52 -1 -1 -1 -1000 -1000 -1000 -10 1
163 39 Car -1 -1 -1 960.00 180.82 1071.43 227.63 -1 -1 -1 -1000 -1000 -1000 -10 1
163 34 Car -1 -1 -1 1091.74 182.57 1228.13 232.06 -1 -1 -1 -1000 -1000 -1000 -10 1
163 24 Car -1 -1 -1 603.25 168.98 639.25 201.24 -1 -1 -1 -1000 -1000 -1000 -10 1
163 1 Car -1 -1 -1 1031.96 186.09 1159.92 227.35 -1 -1 -1 -1000 -1000 -1000 -10 1
164 39 Car -1 -1 -1 960.27 180.82 1071.25 227.73 -1 -1 -1 -1000 -1000 -1000 -10 1
164 34 Car -1 -1 -1 1091.70 182.92 1228.97 232.10 -1 -1 -1 -1000 -1000 -1000 -10 1
164 24 Car -1 -1 -1 602.47 168.94 638.71 201.68 -1 -1 -1 -1000 -1000 -1000 -10 1
164 1 Car -1 -1 -1 1031.88 186.09 1159.93 227.23 -1 -1 -1 -1000 -1000 -1000 -10 1
165 39 Car -1 -1 -1 960.71 180.83 1070.75 227.63 -1 -1 -1 -1000 -1000 -1000 -10 1
165 34 Car -1 -1 -1 1091.38 183.03 1229.30 232.00 -1 -1 -1 -1000 -1000 -1000 -10 1
165 24 Car -1 -1 -1 600.81 168.87 637.28 202.15 -1 -1 -1 -1000 -1000 -1000 -10 1
165 1 Car -1 -1 -1 1031.76 186.19 1159.88 227.21 -1 -1 -1 -1000 -1000 -1000 -10 1
166 39 Car -1 -1 -1 961.11 180.91 1070.49 227.72 -1 -1 -1 -1000 -1000 -1000 -10 1
166 34 Car -1 -1 -1 1090.94 183.11 1229.56 231.86 -1 -1 -1 -1000 -1000 -1000 -10 1
166 24 Car -1 -1 -1 601.09 169.65 637.93 202.74 -1 -1 -1 -1000 -1000 -1000 -10 1
166 1 Car -1 -1 -1 1031.91 186.16 1160.11 227.11 -1 -1 -1 -1000 -1000 -1000 -10 1
167 39 Car -1 -1 -1 961.25 180.87 1070.12 227.64 -1 -1 -1 -1000 -1000 -1000 -10 1
167 34 Car -1 -1 -1 1090.50 183.21 1229.49 231.81 -1 -1 -1 -1000 -1000 -1000 -10 1
167 24 Car -1 -1 -1 598.89 170.07 637.61 202.26 -1 -1 -1 -1000 -1000 -1000 -10 1
167 1 Car -1 -1 -1 1031.90 186.15 1159.99 227.06 -1 -1 -1 -1000 -1000 -1000 -10 1
168 39 Car -1 -1 -1 961.32 180.69 1069.63 227.42 -1 -1 -1 -1000 -1000 -1000 -10 1
168 34 Car -1 -1 -1 1090.58 183.27 1229.82 231.78 -1 -1 -1 -1000 -1000 -1000 -10 1
168 24 Car -1 -1 -1 597.24 170.50 636.89 201.87 -1 -1 -1 -1000 -1000 -1000 -10 1
168 1 Car -1 -1 -1 1032.00 186.22 1160.10 227.04 -1 -1 -1 -1000 -1000 -1000 -10 1
169 39 Car -1 -1 -1 961.68 180.74 1069.62 227.44 -1 -1 -1 -1000 -1000 -1000 -10 1
169 34 Car -1 -1 -1 1090.42 183.39 1229.97 231.75 -1 -1 -1 -1000 -1000 -1000 -10 1
169 24 Car -1 -1 -1 597.40 170.87 637.66 201.56 -1 -1 -1 -1000 -1000 -1000 -10 1
169 1 Car -1 -1 -1 1031.87 186.29 1160.04 227.09 -1 -1 -1 -1000 -1000 -1000 -10 1
170 39 Car -1 -1 -1 961.70 180.79 1069.32 227.45 -1 -1 -1 -1000 -1000 -1000 -10 1
170 34 Car -1 -1 -1 1090.24 183.34 1229.90 231.62 -1 -1 -1 -1000 -1000 -1000 -10 1
170 24 Car -1 -1 -1 595.11 171.35 636.79 201.27 -1 -1 -1 -1000 -1000 -1000 -10 1
170 1 Car -1 -1 -1 1031.80 186.28 1160.13 227.04 -1 -1 -1 -1000 -1000 -1000 -10 1
171 39 Car -1 -1 -1 961.72 180.87 1069.42 227.59 -1 -1 -1 -1000 -1000 -1000 -10 1
171 34 Car -1 -1 -1 1090.16 183.44 1229.91 231.61 -1 -1 -1 -1000 -1000 -1000 -10 1
171 24 Car -1 -1 -1 592.15 171.51 636.17 200.91 -1 -1 -1 -1000 -1000 -1000 -10 1
171 1 Car -1 -1 -1 1031.82 186.41 1159.90 227.09 -1 -1 -1 -1000 -1000 -1000 -10 1
172 39 Car -1 -1 -1 961.50 180.86 1069.33 227.61 -1 -1 -1 -1000 -1000 -1000 -10 1
172 34 Car -1 -1 -1 1089.79 183.49 1229.81 231.63 -1 -1 -1 -1000 -1000 -1000 -10 1
172 24 Car -1 -1 -1 591.13 171.48 636.45 200.53 -1 -1 -1 -1000 -1000 -1000 -10 1
172 1 Car -1 -1 -1 1031.90 186.38 1159.90 227.00 -1 -1 -1 -1000 -1000 -1000 -10 1
173 39 Car -1 -1 -1 961.75 180.70 1069.43 227.51 -1 -1 -1 -1000 -1000 -1000 -10 1
173 34 Car -1 -1 -1 1089.78 183.54 1229.80 231.63 -1 -1 -1 -1000 -1000 -1000 -10 1
173 24 Car -1 -1 -1 590.17 171.60 636.80 200.53 -1 -1 -1 -1000 -1000 -1000 -10 1
173 1 Car -1 -1 -1 1031.77 186.32 1159.93 226.99 -1 -1 -1 -1000 -1000 -1000 -10 1
174 39 Car -1 -1 -1 961.88 180.56 1069.85 227.44 -1 -1 -1 -1000 -1000 -1000 -10 1
174 34 Car -1 -1 -1 1089.92 183.59 1229.91 231.69 -1 -1 -1 -1000 -1000 -1000 -10 1
174 24 Car -1 -1 -1 593.38 172.25 639.07 201.39 -1 -1 -1 -1000 -1000 -1000 -10 1
174 1 Car -1 -1 -1 1031.77 186.33 1160.12 227.01 -1 -1 -1 -1000 -1000 -1000 -10 1
175 39 Car -1 -1 -1 961.88 180.51 1069.79 227.47 -1 -1 -1 -1000 -1000 -1000 -10 1
175 34 Car -1 -1 -1 1089.89 183.53 1229.80 231.64 -1 -1 -1 -1000 -1000 -1000 -10 1
175 24 Car -1 -1 -1 596.03 172.38 641.14 201.89 -1 -1 -1 -1000 -1000 -1000 -10 1
175 1 Car -1 -1 -1 1031.83 186.27 1160.34 226.98 -1 -1 -1 -1000 -1000 -1000 -10 1
176 39 Car -1 -1 -1 962.24 180.56 1069.67 227.56 -1 -1 -1 -1000 -1000 -1000 -10 1
176 34 Car -1 -1 -1 1090.03 183.56 1229.93 231.68 -1 -1 -1 -1000 -1000 -1000 -10 1
176 24 Car -1 -1 -1 597.90 172.19 643.06 202.31 -1 -1 -1 -1000 -1000 -1000 -10 1
176 1 Car -1 -1 -1 1031.74 186.38 1160.21 227.01 -1 -1 -1 -1000 -1000 -1000 -10 1
177 39 Car -1 -1 -1 962.20 180.40 1069.53 227.48 -1 -1 -1 -1000 -1000 -1000 -10 1
177 34 Car -1 -1 -1 1089.92 183.60 1229.90 231.70 -1 -1 -1 -1000 -1000 -1000 -10 1
177 24 Car -1 -1 -1 598.86 171.99 643.55 202.99 -1 -1 -1 -1000 -1000 -1000 -10 1
177 1 Car -1 -1 -1 1031.71 186.31 1160.21 226.94 -1 -1 -1 -1000 -1000 -1000 -10 1
178 39 Car -1 -1 -1 962.26 180.39 1069.04 227.42 -1 -1 -1 -1000 -1000 -1000 -10 1
178 34 Car -1 -1 -1 1089.90 183.60 1229.89 231.67 -1 -1 -1 -1000 -1000 -1000 -10 1
178 24 Car -1 -1 -1 598.21 171.25 639.74 203.20 -1 -1 -1 -1000 -1000 -1000 -10 1
178 1 Car -1 -1 -1 1031.62 186.39 1160.10 226.98 -1 -1 -1 -1000 -1000 -1000 -10 1
179 39 Car -1 -1 -1 962.32 180.39 1068.71 227.39 -1 -1 -1 -1000 -1000 -1000 -10 1
179 34 Car -1 -1 -1 1090.17 183.64 1230.06 231.72 -1 -1 -1 -1000 -1000 -1000 -10 1
179 24 Car -1 -1 -1 600.20 171.50 641.56 203.62 -1 -1 -1 -1000 -1000 -1000 -10 1
179 1 Car -1 -1 -1 1031.79 186.41 1160.23 227.06 -1 -1 -1 -1000 -1000 -1000 -10 1
180 39 Car -1 -1 -1 962.16 180.50 1068.82 227.47 -1 -1 -1 -1000 -1000 -1000 -10 1
180 34 Car -1 -1 -1 1090.09 183.58 1230.16 231.62 -1 -1 -1 -1000 -1000 -1000 -10 1
180 24 Car -1 -1 -1 595.45 171.01 634.05 203.47 -1 -1 -1 -1000 -1000 -1000 -10 1
180 1 Car -1 -1 -1 1031.77 186.38 1160.26 227.03 -1 -1 -1 -1000 -1000 -1000 -10 1
181 39 Car -1 -1 -1 962.06 180.57 1068.88 227.49 -1 -1 -1 -1000 -1000 -1000 -10 1
181 34 Car -1 -1 -1 1090.30 183.57 1230.38 231.66 -1 -1 -1 -1000 -1000 -1000 -10 1
181 24 Car -1 -1 -1 600.70 171.35 640.18 203.92 -1 -1 -1 -1000 -1000 -1000 -10 1
181 1 Car -1 -1 -1 1031.65 186.38 1160.18 227.03 -1 -1 -1 -1000 -1000 -1000 -10 1
182 39 Car -1 -1 -1 961.62 180.76 1069.25 227.69 -1 -1 -1 -1000 -1000 -1000 -10 1
182 34 Car -1 -1 -1 1090.31 183.61 1230.18 231.73 -1 -1 -1 -1000 -1000 -1000 -10 1
182 24 Car -1 -1 -1 602.02 171.43 641.77 203.77 -1 -1 -1 -1000 -1000 -1000 -10 1
182 1 Car -1 -1 -1 1031.69 186.40 1160.36 227.03 -1 -1 -1 -1000 -1000 -1000 -10 1
183 39 Car -1 -1 -1 961.33 180.77 1069.37 227.68 -1 -1 -1 -1000 -1000 -1000 -10 1
183 34 Car -1 -1 -1 1090.14 183.56 1230.23 231.68 -1 -1 -1 -1000 -1000 -1000 -10 1
183 24 Car -1 -1 -1 602.35 171.28 641.84 203.57 -1 -1 -1 -1000 -1000 -1000 -10 1
183 1 Car -1 -1 -1 1031.62 186.37 1160.40 227.05 -1 -1 -1 -1000 -1000 -1000 -10 1
184 39 Car -1 -1 -1 961.27 180.54 1069.38 227.30 -1 -1 -1 -1000 -1000 -1000 -10 1
184 34 Car -1 -1 -1 1090.14 183.55 1230.24 231.68 -1 -1 -1 -1000 -1000 -1000 -10 1
184 24 Car -1 -1 -1 601.55 171.03 640.70 203.29 -1 -1 -1 -1000 -1000 -1000 -10 1
184 1 Car -1 -1 -1 1031.65 186.35 1160.50 227.01 -1 -1 -1 -1000 -1000 -1000 -10 1
185 39 Car -1 -1 -1 961.34 180.54 1069.48 227.32 -1 -1 -1 -1000 -1000 -1000 -10 1
185 34 Car -1 -1 -1 1090.31 183.57 1230.34 231.70 -1 -1 -1 -1000 -1000 -1000 -10 1
185 24 Car -1 -1 -1 601.08 170.83 640.11 202.90 -1 -1 -1 -1000 -1000 -1000 -10 1
185 1 Car -1 -1 -1 1031.42 186.42 1160.22 227.08 -1 -1 -1 -1000 -1000 -1000 -10 1
186 39 Car -1 -1 -1 961.34 180.51 1069.52 227.29 -1 -1 -1 -1000 -1000 -1000 -10 1
186 34 Car -1 -1 -1 1090.03 183.50 1230.07 231.65 -1 -1 -1 -1000 -1000 -1000 -10 1
186 24 Car -1 -1 -1 601.98 170.88 641.30 202.73 -1 -1 -1 -1000 -1000 -1000 -10 1
186 1 Car -1 -1 -1 1031.66 186.43 1160.26 227.03 -1 -1 -1 -1000 -1000 -1000 -10 1
187 39 Car -1 -1 -1 961.26 180.55 1069.57 227.33 -1 -1 -1 -1000 -1000 -1000 -10 1
187 34 Car -1 -1 -1 1090.06 183.43 1229.87 231.58 -1 -1 -1 -1000 -1000 -1000 -10 1
187 24 Car -1 -1 -1 602.92 170.75 642.53 202.90 -1 -1 -1 -1000 -1000 -1000 -10 1
187 1 Car -1 -1 -1 1031.83 186.46 1160.21 227.03 -1 -1 -1 -1000 -1000 -1000 -10 1
188 39 Car -1 -1 -1 961.12 180.51 1069.56 227.27 -1 -1 -1 -1000 -1000 -1000 -10 1
188 34 Car -1 -1 -1 1090.66 183.46 1230.01 231.71 -1 -1 -1 -1000 -1000 -1000 -10 1
188 24 Car -1 -1 -1 600.08 170.99 640.92 202.05 -1 -1 -1 -1000 -1000 -1000 -10 1
188 1 Car -1 -1 -1 1031.72 186.47 1159.95 227.02 -1 -1 -1 -1000 -1000 -1000 -10 1
189 39 Car -1 -1 -1 961.30 180.54 1069.76 227.19 -1 -1 -1 -1000 -1000 -1000 -10 1
189 34 Car -1 -1 -1 1091.06 183.42 1230.18 231.69 -1 -1 -1 -1000 -1000 -1000 -10 1
189 1 Car -1 -1 -1 1031.90 186.42 1160.11 226.96 -1 -1 -1 -1000 -1000 -1000 -10 1
190 39 Car -1 -1 -1 961.38 180.63 1069.90 227.24 -1 -1 -1 -1000 -1000 -1000 -10 1
190 34 Car -1 -1 -1 1091.09 183.44 1230.20 231.77 -1 -1 -1 -1000 -1000 -1000 -10 1
190 1 Car -1 -1 -1 1031.87 186.41 1160.11 226.98 -1 -1 -1 -1000 -1000 -1000 -10 1
191 39 Car -1 -1 -1 961.34 180.72 1070.07 227.29 -1 -1 -1 -1000 -1000 -1000 -10 1
191 34 Car -1 -1 -1 1090.74 183.42 1229.75 231.67 -1 -1 -1 -1000 -1000 -1000 -10 1
191 1 Car -1 -1 -1 1031.78 186.46 1160.24 227.01 -1 -1 -1 -1000 -1000 -1000 -10 1
192 39 Car -1 -1 -1 961.31 180.68 1070.01 227.34 -1 -1 -1 -1000 -1000 -1000 -10 1
192 34 Car -1 -1 -1 1091.30 183.15 1227.49 231.26 -1 -1 -1 -1000 -1000 -1000 -10 1
192 1 Car -1 -1 -1 1031.78 186.38 1160.29 226.93 -1 -1 -1 -1000 -1000 -1000 -10 1
193 39 Car -1 -1 -1 961.64 180.62 1069.91 227.13 -1 -1 -1 -1000 -1000 -1000 -10 1
193 34 Car -1 -1 -1 1092.03 182.99 1225.81 230.92 -1 -1 -1 -1000 -1000 -1000 -10 1
193 1 Car -1 -1 -1 1031.72 186.44 1160.02 227.03 -1 -1 -1 -1000 -1000 -1000 -10 1
194 39 Car -1 -1 -1 961.44 180.71 1069.72 227.22 -1 -1 -1 -1000 -1000 -1000 -10 1
194 34 Car -1 -1 -1 1091.63 183.32 1227.13 231.28 -1 -1 -1 -1000 -1000 -1000 -10 1
194 1 Car -1 -1 -1 1031.77 186.37 1160.22 227.00 -1 -1 -1 -1000 -1000 -1000 -10 1
195 39 Car -1 -1 -1 961.58 180.78 1069.69 227.22 -1 -1 -1 -1000 -1000 -1000 -10 1
195 34 Car -1 -1 -1 1091.77 183.50 1228.20 231.50 -1 -1 -1 -1000 -1000 -1000 -10 1
195 1 Car -1 -1 -1 1031.85 186.43 1160.17 227.00 -1 -1 -1 -1000 -1000 -1000 -10 1
196 47 Car -1 -1 -1 13.19 192.01 349.16 374.37 -1 -1 -1 -1000 -1000 -1000 -10 1
196 39 Car -1 -1 -1 961.38 180.84 1069.70 227.31 -1 -1 -1 -1000 -1000 -1000 -10 1
196 34 Car -1 -1 -1 1092.84 183.24 1226.45 231.21 -1 -1 -1 -1000 -1000 -1000 -10 1
196 1 Car -1 -1 -1 1032.02 186.41 1160.49 226.95 -1 -1 -1 -1000 -1000 -1000 -10 1
197 47 Car -1 -1 -1 13.55 188.07 361.16 371.93 -1 -1 -1 -1000 -1000 -1000 -10 1
197 39 Car -1 -1 -1 961.38 181.07 1069.87 227.52 -1 -1 -1 -1000 -1000 -1000 -10 1
197 34 Car -1 -1 -1 1092.73 183.38 1227.71 231.45 -1 -1 -1 -1000 -1000 -1000 -10 1
197 1 Car -1 -1 -1 1031.96 186.38 1160.57 226.94 -1 -1 -1 -1000 -1000 -1000 -10 1
198 47 Car -1 -1 -1 15.84 188.98 391.37 373.07 -1 -1 -1 -1000 -1000 -1000 -10 1
198 39 Car -1 -1 -1 961.53 181.03 1069.87 227.46 -1 -1 -1 -1000 -1000 -1000 -10 1
198 34 Car -1 -1 -1 1092.25 183.43 1228.32 231.58 -1 -1 -1 -1000 -1000 -1000 -10 1
198 1 Car -1 -1 -1 1032.01 186.33 1160.73 226.88 -1 -1 -1 -1000 -1000 -1000 -10 1
199 47 Car -1 -1 -1 8.81 187.71 409.02 373.10 -1 -1 -1 -1000 -1000 -1000 -10 1
199 39 Car -1 -1 -1 961.51 181.14 1069.79 227.62 -1 -1 -1 -1000 -1000 -1000 -10 1
199 34 Car -1 -1 -1 1092.84 183.17 1226.31 231.32 -1 -1 -1 -1000 -1000 -1000 -10 1
199 1 Car -1 -1 -1 1031.87 186.37 1160.81 227.00 -1 -1 -1 -1000 -1000 -1000 -10 1
200 47 Car -1 -1 -1 3.70 185.88 426.26 373.22 -1 -1 -1 -1000 -1000 -1000 -10 1
200 39 Car -1 -1 -1 961.42 181.12 1070.04 227.64 -1 -1 -1 -1000 -1000 -1000 -10 1
200 34 Car -1 -1 -1 1093.64 183.11 1225.02 231.23 -1 -1 -1 -1000 -1000 -1000 -10 1
200 1 Car -1 -1 -1 1031.93 186.31 1160.87 226.98 -1 -1 -1 -1000 -1000 -1000 -10 1
201 47 Car -1 -1 -1 -4.56 186.76 438.04 373.54 -1 -1 -1 -1000 -1000 -1000 -10 1
201 39 Car -1 -1 -1 961.38 180.78 1070.13 227.31 -1 -1 -1 -1000 -1000 -1000 -10 1
201 34 Car -1 -1 -1 1093.76 183.16 1223.99 231.34 -1 -1 -1 -1000 -1000 -1000 -10 1
201 1 Car -1 -1 -1 1032.03 186.35 1161.08 227.01 -1 -1 -1 -1000 -1000 -1000 -10 1
