0 1 Car -1 -1 -1 319.50 197.00 453.40 281.36 -1 -1 -1 -1000 -1000 -1000 -10 0.96
0 2 Car -1 -1 -1 2.32 210.17 357.69 371.70 -1 -1 -1 -1000 -1000 -1000 -10 0.96
0 3 Car -1 -1 -1 407.44 175.74 505.98 236.78 -1 -1 -1 -1000 -1000 -1000 -10 0.90
0 4 Car -1 -1 -1 482.25 183.19 516.59 201.47 -1 -1 -1 -1000 -1000 -1000 -10 0.42
1 1 Car -1 -1 -1 301.87 195.05 447.43 284.88 -1 -1 -1 -1000 -1000 -1000 -10 0.98
1 3 Car -1 -1 -1 401.48 174.11 501.44 237.63 -1 -1 -1 -1000 -1000 -1000 -10 0.93
1 2 Car -1 -1 -1 2.71 211.63 334.16 370.04 -1 -1 -1 -1000 -1000 -1000 -10 0.91
1 4 Car -1 -1 -1 478.52 180.73 511.45 200.88 -1 -1 -1 -1000 -1000 -1000 -10 0.55
2 1 Car -1 -1 -1 285.69 195.57 438.18 292.41 -1 -1 -1 -1000 -1000 -1000 -10 0.97
2 3 Car -1 -1 -1 390.79 171.51 499.42 239.58 -1 -1 -1 -1000 -1000 -1000 -10 0.95
2 2 Car -1 -1 -1 -0.17 210.34 306.70 371.28 -1 -1 -1 -1000 -1000 -1000 -10 0.94
2 4 Car -1 -1 -1 480.64 180.54 508.96 200.75 -1 -1 -1 -1000 -1000 -1000 -10 0.60
2 5 Car -1 -1 -1 918.01 167.12 980.34 197.72 -1 -1 -1 -1000 -1000 -1000 -10 0.45
3 1 Car -1 -1 -1 264.09 195.54 430.72 299.46 -1 -1 -1 -1000 -1000 -1000 -10 0.97
3 2 Car -1 -1 -1 0.01 211.44 275.46 370.06 -1 -1 -1 -1000 -1000 -1000 -10 0.94
3 3 Car -1 -1 -1 389.77 170.83 498.42 241.02 -1 -1 -1 -1000 -1000 -1000 -10 0.94
3 5 Car -1 -1 -1 931.35 165.39 989.35 199.67 -1 -1 -1 -1000 -1000 -1000 -10 0.69
3 4 Car -1 -1 -1 477.95 180.08 504.04 200.81 -1 -1 -1 -1000 -1000 -1000 -10 0.63
4 1 Car -1 -1 -1 235.74 196.50 421.14 307.45 -1 -1 -1 -1000 -1000 -1000 -10 0.96
4 3 Car -1 -1 -1 386.27 171.18 494.07 244.06 -1 -1 -1 -1000 -1000 -1000 -10 0.94
4 2 Car -1 -1 -1 0.93 219.74 235.83 369.42 -1 -1 -1 -1000 -1000 -1000 -10 0.91
4 4 Car -1 -1 -1 471.89 179.38 501.46 201.92 -1 -1 -1 -1000 -1000 -1000 -10 0.63
4 5 Car -1 -1 -1 936.03 164.76 1000.92 199.81 -1 -1 -1 -1000 -1000 -1000 -10 0.60
4 6 Car -1 -1 -1 493.37 176.81 514.32 194.04 -1 -1 -1 -1000 -1000 -1000 -10 0.45
5 1 Car -1 -1 -1 210.83 194.79 412.57 316.90 -1 -1 -1 -1000 -1000 -1000 -10 0.96
5 3 Car -1 -1 -1 376.43 169.70 489.95 246.81 -1 -1 -1 -1000 -1000 -1000 -10 0.95
5 5 Car -1 -1 -1 939.89 163.94 1013.89 205.99 -1 -1 -1 -1000 -1000 -1000 -10 0.79
5 4 Car -1 -1 -1 466.32 178.25 500.64 202.94 -1 -1 -1 -1000 -1000 -1000 -10 0.74
5 6 Car -1 -1 -1 493.48 176.30 513.37 194.26 -1 -1 -1 -1000 -1000 -1000 -10 0.70
5 2 Car -1 -1 -1 -4.39 225.81 186.54 370.57 -1 -1 -1 -1000 -1000 -1000 -10 0.68
5 7 Car -1 -1 -1 992.28 163.10 1069.04 198.94 -1 -1 -1 -1000 -1000 -1000 -10 0.48
6 1 Car -1 -1 -1 175.15 196.54 402.82 329.67 -1 -1 -1 -1000 -1000 -1000 -10 0.96
6 3 Car -1 -1 -1 370.87 168.34 487.41 248.92 -1 -1 -1 -1000 -1000 -1000 -10 0.95
6 5 Car -1 -1 -1 947.75 164.11 1027.84 206.46 -1 -1 -1 -1000 -1000 -1000 -10 0.80
6 7 Car -1 -1 -1 1012.99 161.42 1086.34 201.47 -1 -1 -1 -1000 -1000 -1000 -10 0.77
6 4 Car -1 -1 -1 463.00 177.92 501.48 203.11 -1 -1 -1 -1000 -1000 -1000 -10 0.75
6 6 Car -1 -1 -1 492.62 175.87 513.22 194.31 -1 -1 -1 -1000 -1000 -1000 -10 0.71
6 2 Car -1 -1 -1 -0.64 240.16 112.99 371.52 -1 -1 -1 -1000 -1000 -1000 -10 0.52
7 3 Car -1 -1 -1 364.86 166.24 485.25 251.63 -1 -1 -1 -1000 -1000 -1000 -10 0.95
7 1 Car -1 -1 -1 140.80 195.09 391.28 339.97 -1 -1 -1 -1000 -1000 -1000 -10 0.95
7 4 Car -1 -1 -1 461.09 176.70 498.40 202.17 -1 -1 -1 -1000 -1000 -1000 -10 0.84
7 5 Car -1 -1 -1 959.05 162.42 1039.42 206.44 -1 -1 -1 -1000 -1000 -1000 -10 0.74
7 7 Car -1 -1 -1 1024.72 159.89 1105.28 202.24 -1 -1 -1 -1000 -1000 -1000 -10 0.69
7 6 Car -1 -1 -1 491.11 175.11 513.93 193.37 -1 -1 -1 -1000 -1000 -1000 -10 0.63
8 3 Car -1 -1 -1 361.88 163.32 480.42 254.34 -1 -1 -1 -1000 -1000 -1000 -10 0.97
8 1 Car -1 -1 -1 93.61 194.07 376.42 356.65 -1 -1 -1 -1000 -1000 -1000 -10 0.95
8 5 Car -1 -1 -1 968.50 160.86 1052.39 203.67 -1 -1 -1 -1000 -1000 -1000 -10 0.79
8 4 Car -1 -1 -1 456.80 174.47 496.61 202.07 -1 -1 -1 -1000 -1000 -1000 -10 0.69
8 6 Car -1 -1 -1 491.54 173.26 513.94 192.40 -1 -1 -1 -1000 -1000 -1000 -10 0.64
8 7 Car -1 -1 -1 1035.31 158.04 1117.83 203.64 -1 -1 -1 -1000 -1000 -1000 -10 0.64
9 3 Car -1 -1 -1 355.08 162.32 477.63 257.24 -1 -1 -1 -1000 -1000 -1000 -10 0.95
9 1 Car -1 -1 -1 37.85 192.77 361.67 373.24 -1 -1 -1 -1000 -1000 -1000 -10 0.94
9 5 Car -1 -1 -1 975.83 159.80 1061.11 204.01 -1 -1 -1 -1000 -1000 -1000 -10 0.89
9 7 Car -1 -1 -1 1043.22 157.23 1134.00 204.71 -1 -1 -1 -1000 -1000 -1000 -10 0.73
9 4 Car -1 -1 -1 456.02 173.51 495.11 200.59 -1 -1 -1 -1000 -1000 -1000 -10 0.71
9 6 Car -1 -1 -1 491.12 171.79 515.14 191.36 -1 -1 -1 -1000 -1000 -1000 -10 0.71
10 1 Car -1 -1 -1 -0.74 194.39 346.60 371.23 -1 -1 -1 -1000 -1000 -1000 -10 0.97
10 3 Car -1 -1 -1 341.50 158.09 471.10 261.78 -1 -1 -1 -1000 -1000 -1000 -10 0.95
10 5 Car -1 -1 -1 985.03 158.87 1074.87 206.39 -1 -1 -1 -1000 -1000 -1000 -10 0.88
10 4 Car -1 -1 -1 450.56 172.85 493.27 201.27 -1 -1 -1 -1000 -1000 -1000 -10 0.73
10 6 Car -1 -1 -1 490.79 171.45 515.14 190.82 -1 -1 -1 -1000 -1000 -1000 -10 0.73
10 7 Car -1 -1 -1 1062.78 157.10 1144.97 200.37 -1 -1 -1 -1000 -1000 -1000 -10 0.68
10 8 Car -1 -1 -1 1112.25 156.10 1227.93 208.34 -1 -1 -1 -1000 -1000 -1000 -10 0.49
11 1 Car -1 -1 -1 3.11 195.91 326.10 370.27 -1 -1 -1 -1000 -1000 -1000 -10 0.97
11 3 Car -1 -1 -1 329.38 157.84 466.66 268.15 -1 -1 -1 -1000 -1000 -1000 -10 0.97
11 5 Car -1 -1 -1 996.44 158.37 1088.16 206.47 -1 -1 -1 -1000 -1000 -1000 -10 0.92
11 7 Car -1 -1 -1 1069.64 155.55 1162.19 206.07 -1 -1 -1 -1000 -1000 -1000 -10 0.79
11 6 Car -1 -1 -1 490.44 171.32 515.82 191.46 -1 -1 -1 -1000 -1000 -1000 -10 0.73
11 4 Car -1 -1 -1 446.65 173.82 493.98 202.24 -1 -1 -1 -1000 -1000 -1000 -10 0.71
11 8 Car -1 -1 -1 1120.21 156.74 1235.67 212.80 -1 -1 -1 -1000 -1000 -1000 -10 0.63
12 1 Car -1 -1 -1 3.82 197.87 302.67 368.60 -1 -1 -1 -1000 -1000 -1000 -10 0.97
12 3 Car -1 -1 -1 320.40 157.89 460.63 275.51 -1 -1 -1 -1000 -1000 -1000 -10 0.96
12 4 Car -1 -1 -1 443.45 174.33 490.83 203.14 -1 -1 -1 -1000 -1000 -1000 -10 0.85
12 5 Car -1 -1 -1 1008.29 158.03 1098.52 207.40 -1 -1 -1 -1000 -1000 -1000 -10 0.85
12 7 Car -1 -1 -1 1079.61 156.12 1175.89 207.47 -1 -1 -1 -1000 -1000 -1000 -10 0.76
12 6 Car -1 -1 -1 490.16 171.79 516.10 192.14 -1 -1 -1 -1000 -1000 -1000 -10 0.74
12 8 Car -1 -1 -1 1136.09 157.65 1235.76 212.37 -1 -1 -1 -1000 -1000 -1000 -10 0.72
13 1 Car -1 -1 -1 0.94 204.06 275.27 368.34 -1 -1 -1 -1000 -1000 -1000 -10 0.96
13 3 Car -1 -1 -1 309.65 159.61 455.14 282.45 -1 -1 -1 -1000 -1000 -1000 -10 0.96
13 4 Car -1 -1 -1 439.70 175.88 487.94 204.08 -1 -1 -1 -1000 -1000 -1000 -10 0.86
13 5 Car -1 -1 -1 1018.20 160.13 1110.95 209.90 -1 -1 -1 -1000 -1000 -1000 -10 0.82
13 7 Car -1 -1 -1 1086.59 157.60 1192.60 212.96 -1 -1 -1 -1000 -1000 -1000 -10 0.80
13 6 Car -1 -1 -1 490.02 172.54 515.54 192.86 -1 -1 -1 -1000 -1000 -1000 -10 0.69
13 8 Car -1 -1 -1 1157.98 159.35 1236.20 211.92 -1 -1 -1 -1000 -1000 -1000 -10 0.68
14 1 Car -1 -1 -1 -2.08 202.27 253.29 370.75 -1 -1 -1 -1000 -1000 -1000 -10 0.96
14 3 Car -1 -1 -1 294.58 160.12 446.90 289.91 -1 -1 -1 -1000 -1000 -1000 -10 0.96
14 5 Car -1 -1 -1 1027.65 160.17 1126.05 210.33 -1 -1 -1 -1000 -1000 -1000 -10 0.91
14 4 Car -1 -1 -1 436.78 175.92 485.09 205.47 -1 -1 -1 -1000 -1000 -1000 -10 0.75
14 7 Car -1 -1 -1 1104.25 159.11 1205.77 209.94 -1 -1 -1 -1000 -1000 -1000 -10 0.71
14 8 Car -1 -1 -1 1166.93 159.12 1236.23 212.17 -1 -1 -1 -1000 -1000 -1000 -10 0.69
14 6 Car -1 -1 -1 488.63 172.11 516.14 193.99 -1 -1 -1 -1000 -1000 -1000 -10 0.63
15 1 Car -1 -1 -1 -0.55 210.81 214.43 369.70 -1 -1 -1 -1000 -1000 -1000 -10 0.95
15 3 Car -1 -1 -1 280.79 158.56 436.64 298.20 -1 -1 -1 -1000 -1000 -1000 -10 0.94
15 5 Car -1 -1 -1 1038.44 159.74 1139.15 211.28 -1 -1 -1 -1000 -1000 -1000 -10 0.91
15 4 Car -1 -1 -1 430.83 175.62 482.02 206.25 -1 -1 -1 -1000 -1000 -1000 -10 0.77
15 7 Car -1 -1 -1 1109.97 159.28 1223.00 209.93 -1 -1 -1 -1000 -1000 -1000 -10 0.70
15 8 Car -1 -1 -1 1182.11 158.07 1236.06 213.48 -1 -1 -1 -1000 -1000 -1000 -10 0.63
15 6 Car -1 -1 -1 487.28 172.02 515.47 194.09 -1 -1 -1 -1000 -1000 -1000 -10 0.56
15 9 Car -1 -1 -1 365.36 171.89 429.57 216.23 -1 -1 -1 -1000 -1000 -1000 -10 0.40
16 3 Car -1 -1 -1 262.23 159.22 425.43 305.56 -1 -1 -1 -1000 -1000 -1000 -10 0.94
16 5 Car -1 -1 -1 1048.50 160.01 1152.05 212.26 -1 -1 -1 -1000 -1000 -1000 -10 0.91
16 1 Car -1 -1 -1 0.71 208.86 173.64 372.34 -1 -1 -1 -1000 -1000 -1000 -10 0.88
16 4 Car -1 -1 -1 426.75 177.07 478.39 207.67 -1 -1 -1 -1000 -1000 -1000 -10 0.84
16 9 Car -1 -1 -1 356.22 171.05 423.65 222.74 -1 -1 -1 -1000 -1000 -1000 -10 0.82
16 7 Car -1 -1 -1 1127.43 160.11 1236.55 209.38 -1 -1 -1 -1000 -1000 -1000 -10 0.72
16 6 Car -1 -1 -1 485.39 173.25 514.17 195.33 -1 -1 -1 -1000 -1000 -1000 -10 0.64
16 8 Car -1 -1 -1 1196.44 161.36 1237.60 210.14 -1 -1 -1 -1000 -1000 -1000 -10 0.58
17 3 Car -1 -1 -1 241.54 159.61 415.27 320.36 -1 -1 -1 -1000 -1000 -1000 -10 0.93
17 5 Car -1 -1 -1 1057.63 160.28 1165.65 212.70 -1 -1 -1 -1000 -1000 -1000 -10 0.92
17 4 Car -1 -1 -1 421.05 178.29 476.31 208.74 -1 -1 -1 -1000 -1000 -1000 -10 0.89
17 9 Car -1 -1 -1 344.26 170.25 419.44 226.10 -1 -1 -1 -1000 -1000 -1000 -10 0.77
17 1 Car -1 -1 -1 -0.28 217.11 128.01 371.83 -1 -1 -1 -1000 -1000 -1000 -10 0.73
17 6 Car -1 -1 -1 485.10 173.39 513.69 195.49 -1 -1 -1 -1000 -1000 -1000 -10 0.71
17 7 Car -1 -1 -1 1162.23 159.92 1240.80 209.44 -1 -1 -1 -1000 -1000 -1000 -10 0.55
17 8 Car -1 -1 -1 1219.18 162.07 1237.68 209.22 -1 -1 -1 -1000 -1000 -1000 -10 0.54
18 3 Car -1 -1 -1 219.87 161.86 404.81 333.54 -1 -1 -1 -1000 -1000 -1000 -10 0.95
18 5 Car -1 -1 -1 1067.50 159.36 1180.70 213.59 -1 -1 -1 -1000 -1000 -1000 -10 0.91
18 4 Car -1 -1 -1 415.60 177.77 472.62 209.91 -1 -1 -1 -1000 -1000 -1000 -10 0.90
18 9 Car -1 -1 -1 333.79 170.86 415.14 230.29 -1 -1 -1 -1000 -1000 -1000 -10 0.87
18 6 Car -1 -1 -1 482.79 173.64 512.83 195.21 -1 -1 -1 -1000 -1000 -1000 -10 0.70
18 1 Car -1 -1 -1 -3.22 215.92 68.98 372.56 -1 -1 -1 -1000 -1000 -1000 -10 0.46
18 8 Car -1 -1 -1 1234.14 162.08 1237.00 209.38 -1 -1 -1 -1000 -1000 -1000 -10 0.45
18 7 Car -1 -1 -1 1185.28 163.13 1240.32 207.35 -1 -1 -1 -1000 -1000 -1000 -10 0.45
19 3 Car -1 -1 -1 193.86 162.46 391.98 348.29 -1 -1 -1 -1000 -1000 -1000 -10 0.94
19 9 Car -1 -1 -1 325.01 170.35 409.07 231.32 -1 -1 -1 -1000 -1000 -1000 -10 0.92
19 5 Car -1 -1 -1 1076.15 158.06 1195.19 214.60 -1 -1 -1 -1000 -1000 -1000 -10 0.91
19 4 Car -1 -1 -1 411.13 178.38 468.49 210.54 -1 -1 -1 -1000 -1000 -1000 -10 0.87
19 6 Car -1 -1 -1 481.47 173.45 510.68 196.08 -1 -1 -1 -1000 -1000 -1000 -10 0.65
19 7 Car -1 -1 -1 1202.53 160.43 1239.32 211.08 -1 -1 -1 -1000 -1000 -1000 -10 0.63
20 3 Car -1 -1 -1 161.54 160.84 377.69 365.92 -1 -1 -1 -1000 -1000 -1000 -10 0.93
20 9 Car -1 -1 -1 318.84 170.32 404.77 233.75 -1 -1 -1 -1000 -1000 -1000 -10 0.92
20 5 Car -1 -1 -1 1085.33 157.55 1209.91 215.45 -1 -1 -1 -1000 -1000 -1000 -10 0.85
20 4 Car -1 -1 -1 405.47 178.56 466.03 212.83 -1 -1 -1 -1000 -1000 -1000 -10 0.80
20 6 Car -1 -1 -1 480.39 174.15 510.87 197.26 -1 -1 -1 -1000 -1000 -1000 -10 0.74
20 7 Car -1 -1 -1 1219.35 157.29 1238.16 214.67 -1 -1 -1 -1000 -1000 -1000 -10 0.53
20 10 Car -1 -1 -1 1159.96 155.41 1234.91 215.76 -1 -1 -1 -1000 -1000 -1000 -10 0.44
21 9 Car -1 -1 -1 310.56 170.60 399.74 237.03 -1 -1 -1 -1000 -1000 -1000 -10 0.94
21 3 Car -1 -1 -1 129.45 162.14 362.69 372.07 -1 -1 -1 -1000 -1000 -1000 -10 0.92
21 5 Car -1 -1 -1 1093.69 157.71 1231.22 215.57 -1 -1 -1 -1000 -1000 -1000 -10 0.89
21 4 Car -1 -1 -1 398.19 178.61 464.85 213.45 -1 -1 -1 -1000 -1000 -1000 -10 0.85
21 10 Car -1 -1 -1 1174.42 155.41 1236.05 215.20 -1 -1 -1 -1000 -1000 -1000 -10 0.77
21 6 Car -1 -1 -1 479.46 174.47 509.68 196.89 -1 -1 -1 -1000 -1000 -1000 -10 0.76
22 9 Car -1 -1 -1 301.48 171.88 394.24 238.43 -1 -1 -1 -1000 -1000 -1000 -10 0.97
22 5 Car -1 -1 -1 1104.39 157.63 1236.28 215.98 -1 -1 -1 -1000 -1000 -1000 -10 0.94
22 3 Car -1 -1 -1 88.28 163.31 342.70 370.87 -1 -1 -1 -1000 -1000 -1000 -10 0.91
22 4 Car -1 -1 -1 395.60 178.94 460.19 213.59 -1 -1 -1 -1000 -1000 -1000 -10 0.88
22 10 Car -1 -1 -1 1187.79 157.34 1237.01 220.72 -1 -1 -1 -1000 -1000 -1000 -10 0.73
22 6 Car -1 -1 -1 478.31 174.82 509.22 197.68 -1 -1 -1 -1000 -1000 -1000 -10 0.66
23 9 Car -1 -1 -1 294.28 171.95 391.15 240.45 -1 -1 -1 -1000 -1000 -1000 -10 0.96
23 5 Car -1 -1 -1 1113.60 158.28 1236.59 219.66 -1 -1 -1 -1000 -1000 -1000 -10 0.92
23 4 Car -1 -1 -1 387.92 180.32 456.72 215.67 -1 -1 -1 -1000 -1000 -1000 -10 0.85
23 3 Car -1 -1 -1 32.02 155.81 328.98 370.82 -1 -1 -1 -1000 -1000 -1000 -10 0.83
23 10 Car -1 -1 -1 1196.89 158.61 1237.16 221.47 -1 -1 -1 -1000 -1000 -1000 -10 0.74
23 6 Car -1 -1 -1 475.69 176.64 508.58 199.31 -1 -1 -1 -1000 -1000 -1000 -10 0.55
24 9 Car -1 -1 -1 284.30 173.68 387.15 243.54 -1 -1 -1 -1000 -1000 -1000 -10 0.97
24 3 Car -1 -1 -1 -0.30 155.06 307.17 371.51 -1 -1 -1 -1000 -1000 -1000 -10 0.92
24 5 Car -1 -1 -1 1126.21 157.54 1235.59 219.92 -1 -1 -1 -1000 -1000 -1000 -10 0.88
24 4 Car -1 -1 -1 381.92 181.50 452.84 217.64 -1 -1 -1 -1000 -1000 -1000 -10 0.85
24 6 Car -1 -1 -1 475.60 177.29 507.77 200.19 -1 -1 -1 -1000 -1000 -1000 -10 0.75
24 10 Car -1 -1 -1 1211.22 164.06 1237.33 222.23 -1 -1 -1 -1000 -1000 -1000 -10 0.43
25 9 Car -1 -1 -1 273.65 174.76 381.48 245.46 -1 -1 -1 -1000 -1000 -1000 -10 0.96
25 4 Car -1 -1 -1 377.78 181.20 448.98 219.38 -1 -1 -1 -1000 -1000 -1000 -10 0.92
25 5 Car -1 -1 -1 1135.06 156.00 1235.19 216.88 -1 -1 -1 -1000 -1000 -1000 -10 0.90
25 3 Car -1 -1 -1 4.11 148.15 286.52 378.31 -1 -1 -1 -1000 -1000 -1000 -10 0.90
25 6 Car -1 -1 -1 475.52 177.45 507.64 200.59 -1 -1 -1 -1000 -1000 -1000 -10 0.77
25 10 Car -1 -1 -1 1219.38 165.74 1237.78 220.65 -1 -1 -1 -1000 -1000 -1000 -10 0.48
26 9 Car -1 -1 -1 262.95 176.22 379.55 249.35 -1 -1 -1 -1000 -1000 -1000 -10 0.96
26 4 Car -1 -1 -1 373.28 182.46 445.77 220.46 -1 -1 -1 -1000 -1000 -1000 -10 0.93
26 5 Car -1 -1 -1 1143.66 154.27 1237.17 215.70 -1 -1 -1 -1000 -1000 -1000 -10 0.91
26 3 Car -1 -1 -1 3.83 142.75 255.66 376.16 -1 -1 -1 -1000 -1000 -1000 -10 0.87
26 6 Car -1 -1 -1 473.82 177.88 506.95 200.82 -1 -1 -1 -1000 -1000 -1000 -10 0.78
26 10 Car -1 -1 -1 1226.71 159.82 1237.78 219.37 -1 -1 -1 -1000 -1000 -1000 -10 0.53
27 9 Car -1 -1 -1 253.89 176.48 376.34 251.24 -1 -1 -1 -1000 -1000 -1000 -10 0.95
27 4 Car -1 -1 -1 370.62 182.88 442.60 221.31 -1 -1 -1 -1000 -1000 -1000 -10 0.89
27 5 Car -1 -1 -1 1150.99 151.23 1237.48 213.90 -1 -1 -1 -1000 -1000 -1000 -10 0.88
27 3 Car -1 -1 -1 3.68 147.05 225.45 379.46 -1 -1 -1 -1000 -1000 -1000 -10 0.87
27 6 Car -1 -1 -1 474.44 177.79 505.75 200.42 -1 -1 -1 -1000 -1000 -1000 -10 0.76
27 10 Car -1 -1 -1 1228.06 156.00 1238.31 215.66 -1 -1 -1 -1000 -1000 -1000 -10 0.44
28 9 Car -1 -1 -1 245.40 177.82 371.16 254.98 -1 -1 -1 -1000 -1000 -1000 -10 0.98
28 4 Car -1 -1 -1 364.58 184.15 438.39 223.45 -1 -1 -1 -1000 -1000 -1000 -10 0.90
28 5 Car -1 -1 -1 1159.00 147.09 1237.19 210.46 -1 -1 -1 -1000 -1000 -1000 -10 0.86
28 6 Car -1 -1 -1 472.88 178.10 506.47 201.31 -1 -1 -1 -1000 -1000 -1000 -10 0.67
28 3 Car -1 -1 -1 4.03 156.91 208.94 369.38 -1 -1 -1 -1000 -1000 -1000 -10 0.67
28 10 Car -1 -1 -1 1233.70 149.57 1237.10 213.88 -1 -1 -1 -1000 -1000 -1000 -10 0.43
29 9 Car -1 -1 -1 234.24 180.25 369.37 258.95 -1 -1 -1 -1000 -1000 -1000 -10 0.95
29 4 Car -1 -1 -1 360.38 185.44 436.48 226.56 -1 -1 -1 -1000 -1000 -1000 -10 0.92
29 5 Car -1 -1 -1 1165.77 150.97 1238.27 211.08 -1 -1 -1 -1000 -1000 -1000 -10 0.83
29 3 Car -1 -1 -1 4.73 150.31 192.69 368.61 -1 -1 -1 -1000 -1000 -1000 -10 0.75
29 6 Car -1 -1 -1 470.86 179.46 505.41 204.39 -1 -1 -1 -1000 -1000 -1000 -10 0.64
30 9 Car -1 -1 -1 228.73 185.36 364.75 264.28 -1 -1 -1 -1000 -1000 -1000 -10 0.97
30 4 Car -1 -1 -1 356.20 191.82 432.31 231.67 -1 -1 -1 -1000 -1000 -1000 -10 0.90
30 6 Car -1 -1 -1 468.86 184.67 504.50 209.47 -1 -1 -1 -1000 -1000 -1000 -10 0.81
30 5 Car -1 -1 -1 1174.95 158.82 1236.80 219.41 -1 -1 -1 -1000 -1000 -1000 -10 0.79
30 3 Car -1 -1 -1 2.28 160.21 164.73 366.32 -1 -1 -1 -1000 -1000 -1000 -10 0.68
31 9 Car -1 -1 -1 221.81 192.58 362.07 273.75 -1 -1 -1 -1000 -1000 -1000 -10 0.95
31 4 Car -1 -1 -1 350.68 199.41 430.34 242.29 -1 -1 -1 -1000 -1000 -1000 -10 0.93
31 5 Car -1 -1 -1 1188.24 168.26 1236.93 227.28 -1 -1 -1 -1000 -1000 -1000 -10 0.82
31 6 Car -1 -1 -1 468.42 193.01 504.67 218.12 -1 -1 -1 -1000 -1000 -1000 -10 0.76
31 3 Car -1 -1 -1 0.74 162.23 143.29 371.88 -1 -1 -1 -1000 -1000 -1000 -10 0.66
32 9 Car -1 -1 -1 209.88 202.83 359.92 286.42 -1 -1 -1 -1000 -1000 -1000 -10 0.96
32 4 Car -1 -1 -1 346.80 209.04 427.24 253.07 -1 -1 -1 -1000 -1000 -1000 -10 0.87
32 5 Car -1 -1 -1 1197.13 174.40 1237.23 236.59 -1 -1 -1 -1000 -1000 -1000 -10 0.72
32 6 Car -1 -1 -1 470.02 203.92 503.16 227.36 -1 -1 -1 -1000 -1000 -1000 -10 0.64
32 3 Car -1 -1 -1 0.19 164.39 120.43 369.80 -1 -1 -1 -1000 -1000 -1000 -10 0.60
33 9 Car -1 -1 -1 199.99 211.93 354.77 298.45 -1 -1 -1 -1000 -1000 -1000 -10 0.97
33 4 Car -1 -1 -1 340.41 216.95 426.04 261.65 -1 -1 -1 -1000 -1000 -1000 -10 0.88
33 5 Car -1 -1 -1 1203.42 179.14 1238.89 239.50 -1 -1 -1 -1000 -1000 -1000 -10 0.71
33 6 Car -1 -1 -1 468.24 208.91 504.19 234.17 -1 -1 -1 -1000 -1000 -1000 -10 0.69
33 3 Car -1 -1 -1 -2.73 173.03 92.36 369.04 -1 -1 -1 -1000 -1000 -1000 -10 0.63
34 9 Car -1 -1 -1 189.26 217.51 351.60 302.93 -1 -1 -1 -1000 -1000 -1000 -10 0.95
34 4 Car -1 -1 -1 334.59 222.65 424.03 267.17 -1 -1 -1 -1000 -1000 -1000 -10 0.91
34 6 Car -1 -1 -1 469.64 214.21 503.18 239.98 -1 -1 -1 -1000 -1000 -1000 -10 0.71
34 5 Car -1 -1 -1 1213.27 187.74 1237.78 237.34 -1 -1 -1 -1000 -1000 -1000 -10 0.65
34 3 Car -1 -1 -1 -2.31 191.07 68.17 366.42 -1 -1 -1 -1000 -1000 -1000 -10 0.55
35 9 Car -1 -1 -1 181.50 222.87 348.62 312.26 -1 -1 -1 -1000 -1000 -1000 -10 0.95
35 4 Car -1 -1 -1 331.95 226.31 423.14 271.58 -1 -1 -1 -1000 -1000 -1000 -10 0.90
35 6 Car -1 -1 -1 467.94 217.62 504.50 244.50 -1 -1 -1 -1000 -1000 -1000 -10 0.71
36 9 Car -1 -1 -1 172.56 225.41 344.28 317.62 -1 -1 -1 -1000 -1000 -1000 -10 0.97
36 4 Car -1 -1 -1 327.99 229.78 420.30 276.03 -1 -1 -1 -1000 -1000 -1000 -10 0.91
36 6 Car -1 -1 -1 469.32 219.82 504.29 246.90 -1 -1 -1 -1000 -1000 -1000 -10 0.73
37 9 Car -1 -1 -1 161.21 228.45 340.78 322.51 -1 -1 -1 -1000 -1000 -1000 -10 0.94
37 4 Car -1 -1 -1 322.93 232.11 419.79 279.70 -1 -1 -1 -1000 -1000 -1000 -10 0.94
37 6 Car -1 -1 -1 470.27 222.24 504.96 249.08 -1 -1 -1 -1000 -1000 -1000 -10 0.81
38 9 Car -1 -1 -1 153.93 229.51 338.39 327.64 -1 -1 -1 -1000 -1000 -1000 -10 0.94
38 4 Car -1 -1 -1 320.50 231.79 420.10 281.48 -1 -1 -1 -1000 -1000 -1000 -10 0.94
38 6 Car -1 -1 -1 470.12 222.95 506.45 250.21 -1 -1 -1 -1000 -1000 -1000 -10 0.73
39 9 Car -1 -1 -1 143.05 225.21 335.47 325.73 -1 -1 -1 -1000 -1000 -1000 -10 0.94
39 4 Car -1 -1 -1 320.00 228.61 419.56 279.88 -1 -1 -1 -1000 -1000 -1000 -10 0.93
39 6 Car -1 -1 -1 472.62 219.69 508.90 246.99 -1 -1 -1 -1000 -1000 -1000 -10 0.74
41 11 Car -1 -1 -1 130.63 213.99 330.85 321.17 -1 -1 -1 -1000 -1000 -1000 -10 0.96
41 12 Car -1 -1 -1 317.13 216.59 423.39 268.86 -1 -1 -1 -1000 -1000 -1000 -10 0.94
41 13 Car -1 -1 -1 477.95 206.92 514.46 235.19 -1 -1 -1 -1000 -1000 -1000 -10 0.67
42 11 Car -1 -1 -1 123.45 207.46 331.61 319.46 -1 -1 -1 -1000 -1000 -1000 -10 0.95
42 12 Car -1 -1 -1 318.89 210.24 423.27 263.88 -1 -1 -1 -1000 -1000 -1000 -10 0.95
42 13 Car -1 -1 -1 481.42 201.34 518.52 229.56 -1 -1 -1 -1000 -1000 -1000 -10 0.71
43 11 Car -1 -1 -1 115.37 205.58 331.73 320.35 -1 -1 -1 -1000 -1000 -1000 -10 0.96
43 12 Car -1 -1 -1 320.95 206.30 428.07 260.50 -1 -1 -1 -1000 -1000 -1000 -10 0.94
43 13 Car -1 -1 -1 485.79 197.34 522.08 226.21 -1 -1 -1 -1000 -1000 -1000 -10 0.70
44 11 Car -1 -1 -1 111.18 202.08 335.31 317.40 -1 -1 -1 -1000 -1000 -1000 -10 0.97
44 12 Car -1 -1 -1 323.43 204.22 431.36 259.24 -1 -1 -1 -1000 -1000 -1000 -10 0.94
44 13 Car -1 -1 -1 491.28 195.19 528.24 222.38 -1 -1 -1 -1000 -1000 -1000 -10 0.78
45 11 Car -1 -1 -1 105.25 201.59 334.51 324.67 -1 -1 -1 -1000 -1000 -1000 -10 0.96
45 12 Car -1 -1 -1 322.08 203.66 436.59 259.75 -1 -1 -1 -1000 -1000 -1000 -10 0.94
45 13 Car -1 -1 -1 497.33 193.59 533.97 222.23 -1 -1 -1 -1000 -1000 -1000 -10 0.66
46 11 Car -1 -1 -1 100.04 201.83 338.75 325.42 -1 -1 -1 -1000 -1000 -1000 -10 0.97
46 12 Car -1 -1 -1 325.40 204.03 441.21 260.31 -1 -1 -1 -1000 -1000 -1000 -10 0.93
46 13 Car -1 -1 -1 503.85 193.46 540.59 221.95 -1 -1 -1 -1000 -1000 -1000 -10 0.78
47 11 Car -1 -1 -1 91.24 202.77 340.51 331.87 -1 -1 -1 -1000 -1000 -1000 -10 0.97
47 12 Car -1 -1 -1 332.93 203.82 446.53 261.90 -1 -1 -1 -1000 -1000 -1000 -10 0.95
47 13 Car -1 -1 -1 509.49 193.68 549.84 221.91 -1 -1 -1 -1000 -1000 -1000 -10 0.80
48 11 Car -1 -1 -1 86.46 201.85 345.14 333.58 -1 -1 -1 -1000 -1000 -1000 -10 0.96
48 12 Car -1 -1 -1 335.75 203.48 454.01 262.49 -1 -1 -1 -1000 -1000 -1000 -10 0.94
48 13 Car -1 -1 -1 517.04 193.38 556.64 222.25 -1 -1 -1 -1000 -1000 -1000 -10 0.78
49 11 Car -1 -1 -1 83.64 203.68 346.17 338.08 -1 -1 -1 -1000 -1000 -1000 -10 0.96
49 12 Car -1 -1 -1 341.45 203.26 460.46 262.96 -1 -1 -1 -1000 -1000 -1000 -10 0.94
49 13 Car -1 -1 -1 524.77 193.38 564.75 221.64 -1 -1 -1 -1000 -1000 -1000 -10 0.75
50 11 Car -1 -1 -1 66.54 203.60 349.64 346.00 -1 -1 -1 -1000 -1000 -1000 -10 0.96
50 12 Car -1 -1 -1 346.28 205.00 465.63 264.35 -1 -1 -1 -1000 -1000 -1000 -10 0.92
50 13 Car -1 -1 -1 532.20 193.18 572.38 222.75 -1 -1 -1 -1000 -1000 -1000 -10 0.79
51 11 Car -1 -1 -1 53.92 201.37 354.24 349.57 -1 -1 -1 -1000 -1000 -1000 -10 0.96
51 12 Car -1 -1 -1 351.48 205.21 473.52 266.19 -1 -1 -1 -1000 -1000 -1000 -10 0.95
51 13 Car -1 -1 -1 539.89 193.92 580.44 224.28 -1 -1 -1 -1000 -1000 -1000 -10 0.83
52 11 Car -1 -1 -1 44.75 205.64 355.23 359.90 -1 -1 -1 -1000 -1000 -1000 -10 0.96
52 12 Car -1 -1 -1 358.33 206.83 481.79 267.83 -1 -1 -1 -1000 -1000 -1000 -10 0.91
52 13 Car -1 -1 -1 549.20 196.26 588.66 226.60 -1 -1 -1 -1000 -1000 -1000 -10 0.78
53 12 Car -1 -1 -1 361.56 209.17 488.95 271.51 -1 -1 -1 -1000 -1000 -1000 -10 0.97
53 11 Car -1 -1 -1 25.46 206.36 359.24 367.09 -1 -1 -1 -1000 -1000 -1000 -10 0.96
53 13 Car -1 -1 -1 557.78 196.78 597.24 227.56 -1 -1 -1 -1000 -1000 -1000 -10 0.80
54 11 Car -1 -1 -1 7.36 205.89 362.05 368.28 -1 -1 -1 -1000 -1000 -1000 -10 0.95
54 12 Car -1 -1 -1 367.66 209.01 496.46 273.17 -1 -1 -1 -1000 -1000 -1000 -10 0.95
54 13 Car -1 -1 -1 568.08 197.73 607.51 227.51 -1 -1 -1 -1000 -1000 -1000 -10 0.85
55 11 Car -1 -1 -1 -3.48 205.12 364.12 369.04 -1 -1 -1 -1000 -1000 -1000 -10 0.96
55 12 Car -1 -1 -1 371.41 208.59 503.80 273.59 -1 -1 -1 -1000 -1000 -1000 -10 0.94
55 13 Car -1 -1 -1 576.00 196.39 617.63 227.39 -1 -1 -1 -1000 -1000 -1000 -10 0.82
56 11 Car -1 -1 -1 -2.12 206.16 363.69 367.74 -1 -1 -1 -1000 -1000 -1000 -10 0.96
56 12 Car -1 -1 -1 377.03 209.40 511.59 276.46 -1 -1 -1 -1000 -1000 -1000 -10 0.96
56 13 Car -1 -1 -1 585.57 196.23 626.89 227.71 -1 -1 -1 -1000 -1000 -1000 -10 0.74
57 12 Car -1 -1 -1 382.07 208.91 520.80 278.76 -1 -1 -1 -1000 -1000 -1000 -10 0.96
57 11 Car -1 -1 -1 -2.39 205.20 363.98 368.56 -1 -1 -1 -1000 -1000 -1000 -10 0.96
57 13 Car -1 -1 -1 594.94 197.02 637.34 228.74 -1 -1 -1 -1000 -1000 -1000 -10 0.86
58 11 Car -1 -1 -1 0.98 210.33 360.69 370.01 -1 -1 -1 -1000 -1000 -1000 -10 0.96
58 12 Car -1 -1 -1 384.15 209.49 529.35 280.48 -1 -1 -1 -1000 -1000 -1000 -10 0.96
58 13 Car -1 -1 -1 606.14 198.13 648.77 229.35 -1 -1 -1 -1000 -1000 -1000 -10 0.86
59 12 Car -1 -1 -1 389.57 211.23 537.23 284.02 -1 -1 -1 -1000 -1000 -1000 -10 0.97
59 11 Car -1 -1 -1 -0.47 210.13 361.66 370.66 -1 -1 -1 -1000 -1000 -1000 -10 0.96
59 13 Car -1 -1 -1 615.63 200.12 658.97 231.07 -1 -1 -1 -1000 -1000 -1000 -10 0.76
60 11 Car -1 -1 -1 -2.06 209.99 363.02 371.41 -1 -1 -1 -1000 -1000 -1000 -10 0.96
60 12 Car -1 -1 -1 395.54 210.96 547.13 286.81 -1 -1 -1 -1000 -1000 -1000 -10 0.96
60 13 Car -1 -1 -1 627.73 200.44 671.41 231.63 -1 -1 -1 -1000 -1000 -1000 -10 0.85
61 12 Car -1 -1 -1 398.03 211.40 554.64 290.18 -1 -1 -1 -1000 -1000 -1000 -10 0.96
61 11 Car -1 -1 -1 1.84 210.04 358.53 371.14 -1 -1 -1 -1000 -1000 -1000 -10 0.94
61 13 Car -1 -1 -1 637.04 200.01 683.91 230.98 -1 -1 -1 -1000 -1000 -1000 -10 0.74
62 12 Car -1 -1 -1 401.92 210.14 564.48 292.17 -1 -1 -1 -1000 -1000 -1000 -10 0.97
62 11 Car -1 -1 -1 2.91 211.65 349.60 369.90 -1 -1 -1 -1000 -1000 -1000 -10 0.95
62 13 Car -1 -1 -1 647.12 199.14 693.09 231.30 -1 -1 -1 -1000 -1000 -1000 -10 0.77
63 12 Car -1 -1 -1 406.55 209.53 573.84 294.10 -1 -1 -1 -1000 -1000 -1000 -10 0.96
63 11 Car -1 -1 -1 -2.52 217.70 340.41 370.46 -1 -1 -1 -1000 -1000 -1000 -10 0.95
63 13 Car -1 -1 -1 657.80 197.83 704.29 230.26 -1 -1 -1 -1000 -1000 -1000 -10 0.82
64 12 Car -1 -1 -1 408.25 209.13 581.60 296.03 -1 -1 -1 -1000 -1000 -1000 -10 0.96
64 11 Car -1 -1 -1 -0.55 226.08 323.43 369.93 -1 -1 -1 -1000 -1000 -1000 -10 0.93
64 13 Car -1 -1 -1 669.99 196.26 714.74 230.64 -1 -1 -1 -1000 -1000 -1000 -10 0.87
65 12 Car -1 -1 -1 409.20 206.67 589.25 297.82 -1 -1 -1 -1000 -1000 -1000 -10 0.97
65 11 Car -1 -1 -1 -1.45 226.42 316.26 369.75 -1 -1 -1 -1000 -1000 -1000 -10 0.82
65 13 Car -1 -1 -1 677.85 192.65 723.61 227.59 -1 -1 -1 -1000 -1000 -1000 -10 0.82
66 12 Car -1 -1 -1 411.18 202.56 595.43 299.65 -1 -1 -1 -1000 -1000 -1000 -10 0.97
66 11 Car -1 -1 -1 3.05 219.41 287.45 369.38 -1 -1 -1 -1000 -1000 -1000 -10 0.86
66 13 Car -1 -1 -1 687.79 186.96 734.07 222.16 -1 -1 -1 -1000 -1000 -1000 -10 0.82
67 12 Car -1 -1 -1 411.52 197.68 603.18 297.52 -1 -1 -1 -1000 -1000 -1000 -10 0.97
67 13 Car -1 -1 -1 695.97 181.89 743.80 217.51 -1 -1 -1 -1000 -1000 -1000 -10 0.81
67 11 Car -1 -1 -1 0.72 217.32 251.59 370.71 -1 -1 -1 -1000 -1000 -1000 -10 0.78
68 12 Car -1 -1 -1 410.41 192.39 609.53 296.60 -1 -1 -1 -1000 -1000 -1000 -10 0.98
68 13 Car -1 -1 -1 702.91 176.69 752.07 212.41 -1 -1 -1 -1000 -1000 -1000 -10 0.85
68 11 Car -1 -1 -1 -1.22 215.71 199.28 372.72 -1 -1 -1 -1000 -1000 -1000 -10 0.69
69 12 Car -1 -1 -1 407.12 189.95 612.71 296.56 -1 -1 -1 -1000 -1000 -1000 -10 0.98
69 13 Car -1 -1 -1 710.05 172.12 758.45 208.20 -1 -1 -1 -1000 -1000 -1000 -10 0.82
69 11 Car -1 -1 -1 -4.80 217.42 132.82 370.95 -1 -1 -1 -1000 -1000 -1000 -10 0.47
70 12 Car -1 -1 -1 403.50 185.06 617.30 295.68 -1 -1 -1 -1000 -1000 -1000 -10 0.98
70 13 Car -1 -1 -1 715.16 168.07 765.74 205.55 -1 -1 -1 -1000 -1000 -1000 -10 0.82
71 12 Car -1 -1 -1 398.33 183.42 620.94 297.58 -1 -1 -1 -1000 -1000 -1000 -10 0.98
71 13 Car -1 -1 -1 722.33 165.84 770.21 203.07 -1 -1 -1 -1000 -1000 -1000 -10 0.83
72 12 Car -1 -1 -1 388.56 183.23 624.28 304.93 -1 -1 -1 -1000 -1000 -1000 -10 0.98
72 13 Car -1 -1 -1 725.44 163.38 777.48 201.21 -1 -1 -1 -1000 -1000 -1000 -10 0.90
73 12 Car -1 -1 -1 379.82 185.24 625.25 311.67 -1 -1 -1 -1000 -1000 -1000 -10 0.98
73 13 Car -1 -1 -1 729.18 162.89 781.80 201.08 -1 -1 -1 -1000 -1000 -1000 -10 0.90
74 12 Car -1 -1 -1 365.09 188.21 623.18 323.46 -1 -1 -1 -1000 -1000 -1000 -10 0.97
74 13 Car -1 -1 -1 729.50 163.47 782.65 201.75 -1 -1 -1 -1000 -1000 -1000 -10 0.86
75 12 Car -1 -1 -1 344.15 189.99 621.12 336.13 -1 -1 -1 -1000 -1000 -1000 -10 0.97
75 13 Car -1 -1 -1 731.52 164.93 784.59 203.49 -1 -1 -1 -1000 -1000 -1000 -10 0.84
76 12 Car -1 -1 -1 318.79 190.27 615.82 344.95 -1 -1 -1 -1000 -1000 -1000 -10 0.97
76 13 Car -1 -1 -1 730.67 166.18 784.84 205.68 -1 -1 -1 -1000 -1000 -1000 -10 0.91
77 12 Car -1 -1 -1 285.07 191.17 611.53 359.43 -1 -1 -1 -1000 -1000 -1000 -10 0.97
77 13 Car -1 -1 -1 729.03 167.97 782.42 208.31 -1 -1 -1 -1000 -1000 -1000 -10 0.85
78 12 Car -1 -1 -1 247.03 191.00 602.19 367.64 -1 -1 -1 -1000 -1000 -1000 -10 0.95
78 13 Car -1 -1 -1 728.48 168.46 779.79 208.10 -1 -1 -1 -1000 -1000 -1000 -10 0.87
80 14 Car -1 -1 -1 138.91 195.91 579.16 369.54 -1 -1 -1 -1000 -1000 -1000 -10 0.93
80 15 Car -1 -1 -1 720.99 165.48 775.86 207.47 -1 -1 -1 -1000 -1000 -1000 -10 0.83
81 14 Car -1 -1 -1 73.54 198.04 574.46 367.62 -1 -1 -1 -1000 -1000 -1000 -10 0.86
81 15 Car -1 -1 -1 719.71 166.01 771.94 206.88 -1 -1 -1 -1000 -1000 -1000 -10 0.85
82 14 Car -1 -1 -1 3.02 197.91 567.16 367.96 -1 -1 -1 -1000 -1000 -1000 -10 0.92
82 15 Car -1 -1 -1 714.64 167.21 769.05 209.10 -1 -1 -1 -1000 -1000 -1000 -10 0.78
83 14 Car -1 -1 -1 -3.35 203.42 542.89 369.72 -1 -1 -1 -1000 -1000 -1000 -10 0.92
83 15 Car -1 -1 -1 709.36 170.19 764.06 214.27 -1 -1 -1 -1000 -1000 -1000 -10 0.82
84 14 Car -1 -1 -1 -8.54 205.03 524.54 369.01 -1 -1 -1 -1000 -1000 -1000 -10 0.91
84 15 Car -1 -1 -1 704.26 174.00 759.16 218.78 -1 -1 -1 -1000 -1000 -1000 -10 0.90
85 15 Car -1 -1 -1 695.68 177.09 751.97 222.45 -1 -1 -1 -1000 -1000 -1000 -10 0.87
85 14 Car -1 -1 -1 -12.82 213.16 506.17 368.20 -1 -1 -1 -1000 -1000 -1000 -10 0.87
86 15 Car -1 -1 -1 686.66 179.34 742.91 224.00 -1 -1 -1 -1000 -1000 -1000 -10 0.87
86 14 Car -1 -1 -1 -12.07 219.31 481.71 369.14 -1 -1 -1 -1000 -1000 -1000 -10 0.83
87 15 Car -1 -1 -1 675.49 181.62 731.70 226.32 -1 -1 -1 -1000 -1000 -1000 -10 0.90
87 14 Car -1 -1 -1 -10.49 225.78 441.26 370.73 -1 -1 -1 -1000 -1000 -1000 -10 0.77
88 15 Car -1 -1 -1 662.93 182.62 720.07 229.23 -1 -1 -1 -1000 -1000 -1000 -10 0.87
88 14 Car -1 -1 -1 -7.29 223.57 391.37 373.04 -1 -1 -1 -1000 -1000 -1000 -10 0.52
89 15 Car -1 -1 -1 649.40 183.62 706.78 231.93 -1 -1 -1 -1000 -1000 -1000 -10 0.90
89 14 Car -1 -1 -1 1.80 226.51 297.04 369.81 -1 -1 -1 -1000 -1000 -1000 -10 0.41
90 15 Car -1 -1 -1 635.17 184.50 694.24 233.34 -1 -1 -1 -1000 -1000 -1000 -10 0.93
91 15 Car -1 -1 -1 619.92 183.29 679.75 232.91 -1 -1 -1 -1000 -1000 -1000 -10 0.93
92 15 Car -1 -1 -1 604.17 184.01 664.85 233.52 -1 -1 -1 -1000 -1000 -1000 -10 0.94
93 15 Car -1 -1 -1 588.41 184.02 650.95 235.44 -1 -1 -1 -1000 -1000 -1000 -10 0.93
94 15 Car -1 -1 -1 573.26 186.04 635.67 237.45 -1 -1 -1 -1000 -1000 -1000 -10 0.90
95 15 Car -1 -1 -1 559.23 186.46 622.41 238.62 -1 -1 -1 -1000 -1000 -1000 -10 0.92
96 15 Car -1 -1 -1 546.57 186.49 611.59 238.10 -1 -1 -1 -1000 -1000 -1000 -10 0.91
97 15 Car -1 -1 -1 534.88 182.34 601.77 237.25 -1 -1 -1 -1000 -1000 -1000 -10 0.94
98 15 Car -1 -1 -1 524.56 177.30 591.45 232.09 -1 -1 -1 -1000 -1000 -1000 -10 0.94
99 15 Car -1 -1 -1 514.34 168.34 584.38 223.97 -1 -1 -1 -1000 -1000 -1000 -10 0.93
101 16 Car -1 -1 -1 497.62 150.97 570.78 210.23 -1 -1 -1 -1000 -1000 -1000 -10 0.92
102 16 Car -1 -1 -1 490.00 155.23 564.34 217.28 -1 -1 -1 -1000 -1000 -1000 -10 0.91
103 16 Car -1 -1 -1 484.00 165.72 559.49 230.19 -1 -1 -1 -1000 -1000 -1000 -10 0.94
104 16 Car -1 -1 -1 474.35 175.28 556.24 242.47 -1 -1 -1 -1000 -1000 -1000 -10 0.94
105 16 Car -1 -1 -1 467.93 183.84 551.81 249.52 -1 -1 -1 -1000 -1000 -1000 -10 0.96
106 16 Car -1 -1 -1 463.17 186.45 547.24 252.44 -1 -1 -1 -1000 -1000 -1000 -10 0.89
106 17 Pedestrian -1 -1 -1 804.44 180.30 815.32 212.19 -1 -1 -1 -1000 -1000 -1000 -10 0.48
107 16 Car -1 -1 -1 454.42 178.45 541.45 247.51 -1 -1 -1 -1000 -1000 -1000 -10 0.96
107 17 Pedestrian -1 -1 -1 804.85 173.83 815.40 210.86 -1 -1 -1 -1000 -1000 -1000 -10 0.53
108 16 Car -1 -1 -1 447.27 168.61 535.37 241.47 -1 -1 -1 -1000 -1000 -1000 -10 0.97
108 17 Pedestrian -1 -1 -1 807.53 165.07 817.56 199.45 -1 -1 -1 -1000 -1000 -1000 -10 0.66
109 16 Car -1 -1 -1 439.51 167.18 532.89 240.89 -1 -1 -1 -1000 -1000 -1000 -10 0.95
109 17 Pedestrian -1 -1 -1 809.82 161.85 822.10 198.93 -1 -1 -1 -1000 -1000 -1000 -10 0.46
110 16 Car -1 -1 -1 430.44 171.95 529.22 247.72 -1 -1 -1 -1000 -1000 -1000 -10 0.96
110 17 Pedestrian -1 -1 -1 813.89 166.21 826.04 203.18 -1 -1 -1 -1000 -1000 -1000 -10 0.58
111 16 Car -1 -1 -1 419.51 179.23 525.82 259.97 -1 -1 -1 -1000 -1000 -1000 -10 0.94
111 17 Pedestrian -1 -1 -1 815.08 170.58 827.34 210.48 -1 -1 -1 -1000 -1000 -1000 -10 0.57
112 16 Car -1 -1 -1 413.50 184.78 520.99 266.01 -1 -1 -1 -1000 -1000 -1000 -10 0.97
112 17 Pedestrian -1 -1 -1 817.91 178.13 830.38 213.66 -1 -1 -1 -1000 -1000 -1000 -10 0.57
113 16 Car -1 -1 -1 404.29 188.72 515.48 273.68 -1 -1 -1 -1000 -1000 -1000 -10 0.96
113 17 Pedestrian -1 -1 -1 823.25 178.82 834.30 216.91 -1 -1 -1 -1000 -1000 -1000 -10 0.68
113 18 Pedestrian -1 -1 -1 840.43 179.94 855.16 215.00 -1 -1 -1 -1000 -1000 -1000 -10 0.47
114 16 Car -1 -1 -1 393.73 187.31 510.77 276.43 -1 -1 -1 -1000 -1000 -1000 -10 0.98
114 17 Pedestrian -1 -1 -1 826.91 177.48 839.25 214.42 -1 -1 -1 -1000 -1000 -1000 -10 0.51
115 16 Car -1 -1 -1 382.01 184.79 504.90 279.16 -1 -1 -1 -1000 -1000 -1000 -10 0.97
115 17 Pedestrian -1 -1 -1 831.06 172.52 843.23 212.78 -1 -1 -1 -1000 -1000 -1000 -10 0.61
115 19 Pedestrian -1 -1 -1 848.97 174.23 863.66 211.55 -1 -1 -1 -1000 -1000 -1000 -10 0.47
115 20 Car -1 -1 -1 569.37 178.65 585.72 191.99 -1 -1 -1 -1000 -1000 -1000 -10 0.43
116 16 Car -1 -1 -1 367.44 184.25 498.90 281.86 -1 -1 -1 -1000 -1000 -1000 -10 0.98
116 20 Car -1 -1 -1 567.34 176.70 584.72 191.73 -1 -1 -1 -1000 -1000 -1000 -10 0.63
116 19 Pedestrian -1 -1 -1 852.85 171.28 867.70 213.23 -1 -1 -1 -1000 -1000 -1000 -10 0.55
116 17 Pedestrian -1 -1 -1 836.41 168.68 850.20 212.02 -1 -1 -1 -1000 -1000 -1000 -10 0.53
117 16 Car -1 -1 -1 354.89 185.06 493.33 288.00 -1 -1 -1 -1000 -1000 -1000 -10 0.98
117 19 Pedestrian -1 -1 -1 858.82 168.90 876.12 211.83 -1 -1 -1 -1000 -1000 -1000 -10 0.62
117 20 Car -1 -1 -1 566.04 177.98 584.10 192.63 -1 -1 -1 -1000 -1000 -1000 -10 0.58
117 17 Pedestrian -1 -1 -1 844.35 169.36 857.71 210.55 -1 -1 -1 -1000 -1000 -1000 -10 0.56
118 16 Car -1 -1 -1 336.47 188.97 488.36 297.74 -1 -1 -1 -1000 -1000 -1000 -10 0.97
118 20 Car -1 -1 -1 562.92 178.99 580.65 192.97 -1 -1 -1 -1000 -1000 -1000 -10 0.68
118 17 Pedestrian -1 -1 -1 848.47 170.71 861.80 214.20 -1 -1 -1 -1000 -1000 -1000 -10 0.66
118 19 Pedestrian -1 -1 -1 864.22 168.70 879.66 211.75 -1 -1 -1 -1000 -1000 -1000 -10 0.57
119 16 Car -1 -1 -1 316.61 190.56 480.38 305.64 -1 -1 -1 -1000 -1000 -1000 -10 0.98
119 19 Pedestrian -1 -1 -1 870.04 170.52 888.24 216.37 -1 -1 -1 -1000 -1000 -1000 -10 0.60
119 20 Car -1 -1 -1 562.69 179.30 579.91 194.52 -1 -1 -1 -1000 -1000 -1000 -10 0.57
119 17 Pedestrian -1 -1 -1 853.27 172.29 866.91 215.09 -1 -1 -1 -1000 -1000 -1000 -10 0.56
120 16 Car -1 -1 -1 299.90 191.43 472.65 313.39 -1 -1 -1 -1000 -1000 -1000 -10 0.98
120 19 Pedestrian -1 -1 -1 878.55 173.15 894.57 219.48 -1 -1 -1 -1000 -1000 -1000 -10 0.63
120 20 Car -1 -1 -1 560.65 181.23 579.10 195.02 -1 -1 -1 -1000 -1000 -1000 -10 0.54
120 17 Pedestrian -1 -1 -1 860.50 172.39 875.41 216.09 -1 -1 -1 -1000 -1000 -1000 -10 0.48
121 16 Car -1 -1 -1 275.14 193.76 466.69 324.98 -1 -1 -1 -1000 -1000 -1000 -10 0.98
121 20 Car -1 -1 -1 561.11 181.45 577.42 196.23 -1 -1 -1 -1000 -1000 -1000 -10 0.74
121 19 Pedestrian -1 -1 -1 886.41 173.50 902.71 219.85 -1 -1 -1 -1000 -1000 -1000 -10 0.68
121 17 Pedestrian -1 -1 -1 868.87 174.66 883.09 218.31 -1 -1 -1 -1000 -1000 -1000 -10 0.52
122 16 Car -1 -1 -1 250.63 195.02 458.09 332.93 -1 -1 -1 -1000 -1000 -1000 -10 0.98
122 20 Car -1 -1 -1 560.10 181.39 577.14 196.18 -1 -1 -1 -1000 -1000 -1000 -10 0.74
122 19 Pedestrian -1 -1 -1 895.43 174.71 916.20 219.85 -1 -1 -1 -1000 -1000 -1000 -10 0.57
122 17 Pedestrian -1 -1 -1 877.59 176.42 894.73 218.51 -1 -1 -1 -1000 -1000 -1000 -10 0.43
122 21 Cyclist -1 -1 -1 875.04 176.89 892.91 218.09 -1 -1 -1 -1000 -1000 -1000 -10 0.44
123 16 Car -1 -1 -1 220.21 191.10 451.80 344.36 -1 -1 -1 -1000 -1000 -1000 -10 0.98
123 20 Car -1 -1 -1 559.87 179.61 577.14 194.26 -1 -1 -1 -1000 -1000 -1000 -10 0.56
123 19 Pedestrian -1 -1 -1 905.91 174.10 929.38 218.84 -1 -1 -1 -1000 -1000 -1000 -10 0.50
123 17 Pedestrian -1 -1 -1 888.44 172.68 907.62 219.68 -1 -1 -1 -1000 -1000 -1000 -10 0.49
124 16 Car -1 -1 -1 179.37 189.33 444.35 361.01 -1 -1 -1 -1000 -1000 -1000 -10 0.97
124 20 Car -1 -1 -1 559.83 178.25 577.91 193.93 -1 -1 -1 -1000 -1000 -1000 -10 0.71
124 17 Pedestrian -1 -1 -1 901.78 172.08 919.04 219.91 -1 -1 -1 -1000 -1000 -1000 -10 0.52
124 19 Pedestrian -1 -1 -1 920.02 173.52 938.57 218.81 -1 -1 -1 -1000 -1000 -1000 -10 0.49
125 16 Car -1 -1 -1 137.99 190.14 432.39 368.32 -1 -1 -1 -1000 -1000 -1000 -10 0.97
125 20 Car -1 -1 -1 559.94 178.74 578.24 193.77 -1 -1 -1 -1000 -1000 -1000 -10 0.71
125 17 Pedestrian -1 -1 -1 913.77 170.58 931.06 221.85 -1 -1 -1 -1000 -1000 -1000 -10 0.62
125 19 Pedestrian -1 -1 -1 932.65 172.22 950.46 221.05 -1 -1 -1 -1000 -1000 -1000 -10 0.62
126 16 Car -1 -1 -1 83.25 193.20 416.89 364.96 -1 -1 -1 -1000 -1000 -1000 -10 0.97
126 17 Pedestrian -1 -1 -1 927.86 173.16 946.48 227.77 -1 -1 -1 -1000 -1000 -1000 -10 0.65
126 19 Pedestrian -1 -1 -1 946.69 174.11 966.41 226.88 -1 -1 -1 -1000 -1000 -1000 -10 0.63
126 20 Car -1 -1 -1 560.52 179.84 578.62 194.03 -1 -1 -1 -1000 -1000 -1000 -10 0.54
127 16 Car -1 -1 -1 17.98 198.94 405.22 365.81 -1 -1 -1 -1000 -1000 -1000 -10 0.97
127 17 Pedestrian -1 -1 -1 942.45 175.73 962.50 231.81 -1 -1 -1 -1000 -1000 -1000 -10 0.58
127 20 Car -1 -1 -1 560.30 181.29 579.66 195.90 -1 -1 -1 -1000 -1000 -1000 -10 0.57
127 19 Pedestrian -1 -1 -1 961.33 176.21 982.50 231.48 -1 -1 -1 -1000 -1000 -1000 -10 0.57
128 16 Car -1 -1 -1 0.17 199.67 391.85 366.14 -1 -1 -1 -1000 -1000 -1000 -10 0.97
128 17 Pedestrian -1 -1 -1 955.53 176.72 974.67 232.23 -1 -1 -1 -1000 -1000 -1000 -10 0.67
128 19 Pedestrian -1 -1 -1 976.31 176.90 999.81 234.65 -1 -1 -1 -1000 -1000 -1000 -10 0.64
128 20 Car -1 -1 -1 561.34 182.21 580.93 197.58 -1 -1 -1 -1000 -1000 -1000 -10 0.60
129 16 Car -1 -1 -1 1.36 196.52 367.88 369.83 -1 -1 -1 -1000 -1000 -1000 -10 0.97
129 19 Pedestrian -1 -1 -1 997.04 178.97 1024.65 236.74 -1 -1 -1 -1000 -1000 -1000 -10 0.68
129 20 Car -1 -1 -1 562.41 183.23 581.05 198.08 -1 -1 -1 -1000 -1000 -1000 -10 0.62
129 17 Pedestrian -1 -1 -1 972.04 175.48 994.84 235.80 -1 -1 -1 -1000 -1000 -1000 -10 0.57
130 16 Car -1 -1 -1 0.92 202.59 351.86 370.71 -1 -1 -1 -1000 -1000 -1000 -10 0.96
130 17 Pedestrian -1 -1 -1 988.14 172.18 1011.72 239.66 -1 -1 -1 -1000 -1000 -1000 -10 0.66
130 19 Pedestrian -1 -1 -1 1019.59 179.21 1048.25 238.12 -1 -1 -1 -1000 -1000 -1000 -10 0.65
130 20 Car -1 -1 -1 563.57 183.31 581.84 198.14 -1 -1 -1 -1000 -1000 -1000 -10 0.63
131 16 Car -1 -1 -1 -1.11 202.67 323.21 371.17 -1 -1 -1 -1000 -1000 -1000 -10 0.95
131 20 Car -1 -1 -1 563.26 182.42 581.64 197.05 -1 -1 -1 -1000 -1000 -1000 -10 0.70
131 19 Pedestrian -1 -1 -1 1043.75 179.40 1072.01 238.83 -1 -1 -1 -1000 -1000 -1000 -10 0.65
131 17 Pedestrian -1 -1 -1 1008.07 172.66 1036.32 242.77 -1 -1 -1 -1000 -1000 -1000 -10 0.57
132 16 Car -1 -1 -1 -2.16 210.07 292.91 370.62 -1 -1 -1 -1000 -1000 -1000 -10 0.91
132 19 Pedestrian -1 -1 -1 1072.20 178.65 1105.03 245.87 -1 -1 -1 -1000 -1000 -1000 -10 0.71
132 20 Car -1 -1 -1 564.09 181.84 582.34 196.47 -1 -1 -1 -1000 -1000 -1000 -10 0.71
132 17 Pedestrian -1 -1 -1 1031.66 170.40 1060.29 245.49 -1 -1 -1 -1000 -1000 -1000 -10 0.63
133 16 Car -1 -1 -1 1.87 217.58 242.35 371.04 -1 -1 -1 -1000 -1000 -1000 -10 0.86
133 17 Pedestrian -1 -1 -1 1057.00 172.11 1089.20 251.45 -1 -1 -1 -1000 -1000 -1000 -10 0.66
133 20 Car -1 -1 -1 564.47 181.97 582.67 195.77 -1 -1 -1 -1000 -1000 -1000 -10 0.63
133 19 Pedestrian -1 -1 -1 1098.17 179.04 1134.39 246.65 -1 -1 -1 -1000 -1000 -1000 -10 0.53
134 17 Pedestrian -1 -1 -1 1090.40 166.78 1125.13 260.26 -1 -1 -1 -1000 -1000 -1000 -10 0.70
134 16 Car -1 -1 -1 1.08 221.44 173.65 374.99 -1 -1 -1 -1000 -1000 -1000 -10 0.55
134 20 Car -1 -1 -1 564.79 181.42 584.99 198.48 -1 -1 -1 -1000 -1000 -1000 -10 0.54
134 19 Pedestrian -1 -1 -1 1129.48 178.57 1172.62 253.77 -1 -1 -1 -1000 -1000 -1000 -10 0.51
135 17 Pedestrian -1 -1 -1 1124.94 167.78 1161.29 265.36 -1 -1 -1 -1000 -1000 -1000 -10 0.66
135 19 Pedestrian -1 -1 -1 1165.62 176.18 1206.22 257.52 -1 -1 -1 -1000 -1000 -1000 -10 0.61
135 20 Car -1 -1 -1 564.34 181.58 585.52 199.64 -1 -1 -1 -1000 -1000 -1000 -10 0.57
136 17 Pedestrian -1 -1 -1 1164.34 165.95 1199.96 268.60 -1 -1 -1 -1000 -1000 -1000 -10 0.63
136 19 Pedestrian -1 -1 -1 1201.16 173.56 1233.04 267.35 -1 -1 -1 -1000 -1000 -1000 -10 0.59
136 20 Car -1 -1 -1 563.69 182.89 586.00 200.79 -1 -1 -1 -1000 -1000 -1000 -10 0.48
137 20 Car -1 -1 -1 564.78 181.71 585.70 199.99 -1 -1 -1 -1000 -1000 -1000 -10 0.57
138 20 Car -1 -1 -1 564.88 181.60 585.60 199.91 -1 -1 -1 -1000 -1000 -1000 -10 0.62
139 20 Car -1 -1 -1 564.49 181.56 586.02 199.48 -1 -1 -1 -1000 -1000 -1000 -10 0.66
140 20 Car -1 -1 -1 563.66 181.17 586.53 200.39 -1 -1 -1 -1000 -1000 -1000 -10 0.60
141 20 Car -1 -1 -1 564.20 181.32 586.15 199.48 -1 -1 -1 -1000 -1000 -1000 -10 0.64
142 20 Car -1 -1 -1 563.24 180.20 586.57 199.43 -1 -1 -1 -1000 -1000 -1000 -10 0.61
143 20 Car -1 -1 -1 562.31 180.33 585.27 198.97 -1 -1 -1 -1000 -1000 -1000 -10 0.66
144 20 Car -1 -1 -1 561.44 180.60 584.08 199.03 -1 -1 -1 -1000 -1000 -1000 -10 0.78
145 20 Car -1 -1 -1 560.22 180.48 582.23 197.16 -1 -1 -1 -1000 -1000 -1000 -10 0.71
146 20 Car -1 -1 -1 560.04 180.08 582.10 197.43 -1 -1 -1 -1000 -1000 -1000 -10 0.65
147 20 Car -1 -1 -1 558.23 179.36 581.83 197.81 -1 -1 -1 -1000 -1000 -1000 -10 0.66
148 20 Car -1 -1 -1 557.15 179.36 581.79 197.95 -1 -1 -1 -1000 -1000 -1000 -10 0.76
149 20 Car -1 -1 -1 556.13 180.31 579.69 198.29 -1 -1 -1 -1000 -1000 -1000 -10 0.78
150 20 Car -1 -1 -1 556.17 180.25 579.33 198.10 -1 -1 -1 -1000 -1000 -1000 -10 0.77
151 20 Car -1 -1 -1 554.84 179.61 579.44 197.61 -1 -1 -1 -1000 -1000 -1000 -10 0.65
152 20 Car -1 -1 -1 551.73 179.53 578.38 197.06 -1 -1 -1 -1000 -1000 -1000 -10 0.74
153 20 Car -1 -1 -1 551.68 177.85 577.06 196.20 -1 -1 -1 -1000 -1000 -1000 -10 0.65
154 20 Car -1 -1 -1 551.35 178.28 575.26 197.76 -1 -1 -1 -1000 -1000 -1000 -10 0.61
155 20 Car -1 -1 -1 550.26 180.21 573.08 198.13 -1 -1 -1 -1000 -1000 -1000 -10 0.75
156 20 Car -1 -1 -1 549.19 180.19 572.30 199.44 -1 -1 -1 -1000 -1000 -1000 -10 0.81
157 20 Car -1 -1 -1 548.89 180.41 570.20 200.22 -1 -1 -1 -1000 -1000 -1000 -10 0.61
158 20 Car -1 -1 -1 544.92 180.03 569.24 200.84 -1 -1 -1 -1000 -1000 -1000 -10 0.78
159 20 Car -1 -1 -1 543.49 178.95 568.86 201.38 -1 -1 -1 -1000 -1000 -1000 -10 0.75
160 20 Car -1 -1 -1 541.27 178.96 566.07 199.90 -1 -1 -1 -1000 -1000 -1000 -10 0.79
161 20 Car -1 -1 -1 539.75 178.47 565.06 199.47 -1 -1 -1 -1000 -1000 -1000 -10 0.75
162 20 Car -1 -1 -1 539.58 178.79 564.05 200.52 -1 -1 -1 -1000 -1000 -1000 -10 0.71
163 20 Car -1 -1 -1 536.65 178.20 562.63 201.47 -1 -1 -1 -1000 -1000 -1000 -10 0.82
164 20 Car -1 -1 -1 532.78 179.99 560.34 201.75 -1 -1 -1 -1000 -1000 -1000 -10 0.58
165 20 Car -1 -1 -1 530.78 180.90 559.67 203.17 -1 -1 -1 -1000 -1000 -1000 -10 0.70
166 20 Car -1 -1 -1 529.15 179.80 559.72 204.81 -1 -1 -1 -1000 -1000 -1000 -10 0.79
166 22 Car -1 -1 -1 577.62 178.68 593.45 190.89 -1 -1 -1 -1000 -1000 -1000 -10 0.42
167 20 Car -1 -1 -1 528.87 179.10 559.47 205.70 -1 -1 -1 -1000 -1000 -1000 -10 0.71
167 22 Car -1 -1 -1 576.77 177.83 593.58 191.59 -1 -1 -1 -1000 -1000 -1000 -10 0.62
168 20 Car -1 -1 -1 526.75 180.29 558.12 207.20 -1 -1 -1 -1000 -1000 -1000 -10 0.78
168 22 Car -1 -1 -1 576.15 178.22 594.14 192.93 -1 -1 -1 -1000 -1000 -1000 -10 0.68
169 20 Car -1 -1 -1 526.27 180.53 557.80 207.65 -1 -1 -1 -1000 -1000 -1000 -10 0.82
169 22 Car -1 -1 -1 575.78 178.61 593.78 192.82 -1 -1 -1 -1000 -1000 -1000 -10 0.68
170 20 Car -1 -1 -1 525.31 180.67 557.82 207.87 -1 -1 -1 -1000 -1000 -1000 -10 0.81
170 22 Car -1 -1 -1 574.93 178.50 592.93 193.00 -1 -1 -1 -1000 -1000 -1000 -10 0.74
171 20 Car -1 -1 -1 523.92 180.84 556.75 207.14 -1 -1 -1 -1000 -1000 -1000 -10 0.71
171 22 Car -1 -1 -1 573.48 176.73 593.10 192.75 -1 -1 -1 -1000 -1000 -1000 -10 0.69
172 20 Car -1 -1 -1 521.44 180.77 555.68 208.51 -1 -1 -1 -1000 -1000 -1000 -10 0.73
172 22 Car -1 -1 -1 571.16 176.84 595.10 193.26 -1 -1 -1 -1000 -1000 -1000 -10 0.62
173 20 Car -1 -1 -1 519.34 182.34 557.06 210.99 -1 -1 -1 -1000 -1000 -1000 -10 0.81
173 22 Car -1 -1 -1 571.31 176.63 594.18 194.62 -1 -1 -1 -1000 -1000 -1000 -10 0.64
174 20 Car -1 -1 -1 518.59 182.15 556.21 212.11 -1 -1 -1 -1000 -1000 -1000 -10 0.85
174 22 Car -1 -1 -1 569.61 177.42 593.06 193.95 -1 -1 -1 -1000 -1000 -1000 -10 0.65
175 20 Car -1 -1 -1 517.94 181.12 555.36 211.53 -1 -1 -1 -1000 -1000 -1000 -10 0.81
175 22 Car -1 -1 -1 568.74 176.96 593.72 193.16 -1 -1 -1 -1000 -1000 -1000 -10 0.67
176 20 Car -1 -1 -1 516.24 180.06 556.19 211.47 -1 -1 -1 -1000 -1000 -1000 -10 0.64
176 22 Car -1 -1 -1 566.84 176.30 593.60 192.82 -1 -1 -1 -1000 -1000 -1000 -10 0.62
177 20 Car -1 -1 -1 512.97 179.22 556.32 213.11 -1 -1 -1 -1000 -1000 -1000 -10 0.80
177 22 Car -1 -1 -1 567.82 177.24 592.94 193.09 -1 -1 -1 -1000 -1000 -1000 -10 0.66
178 20 Car -1 -1 -1 511.28 180.85 556.71 214.79 -1 -1 -1 -1000 -1000 -1000 -10 0.89
178 22 Car -1 -1 -1 568.26 177.20 592.90 194.70 -1 -1 -1 -1000 -1000 -1000 -10 0.75
179 20 Car -1 -1 -1 509.13 181.39 555.93 215.81 -1 -1 -1 -1000 -1000 -1000 -10 0.75
179 22 Car -1 -1 -1 567.24 177.88 592.27 194.51 -1 -1 -1 -1000 -1000 -1000 -10 0.70
180 20 Car -1 -1 -1 505.54 179.75 554.70 217.45 -1 -1 -1 -1000 -1000 -1000 -10 0.83
180 22 Car -1 -1 -1 567.73 176.53 590.72 194.78 -1 -1 -1 -1000 -1000 -1000 -10 0.66
181 20 Car -1 -1 -1 501.12 178.43 552.69 216.63 -1 -1 -1 -1000 -1000 -1000 -10 0.90
181 22 Car -1 -1 -1 564.03 174.35 589.90 194.07 -1 -1 -1 -1000 -1000 -1000 -10 0.61
182 20 Car -1 -1 -1 498.44 178.11 551.97 216.69 -1 -1 -1 -1000 -1000 -1000 -10 0.92
182 22 Car -1 -1 -1 563.51 173.56 587.49 192.64 -1 -1 -1 -1000 -1000 -1000 -10 0.64
183 20 Car -1 -1 -1 494.00 180.74 549.75 221.19 -1 -1 -1 -1000 -1000 -1000 -10 0.92
183 22 Car -1 -1 -1 561.36 174.68 588.56 196.52 -1 -1 -1 -1000 -1000 -1000 -10 0.68
184 20 Car -1 -1 -1 491.05 184.64 546.61 225.71 -1 -1 -1 -1000 -1000 -1000 -10 0.92
184 22 Car -1 -1 -1 558.94 178.62 588.56 201.27 -1 -1 -1 -1000 -1000 -1000 -10 0.67
185 20 Car -1 -1 -1 485.58 187.66 545.16 231.16 -1 -1 -1 -1000 -1000 -1000 -10 0.91
185 22 Car -1 -1 -1 558.02 181.71 586.29 204.90 -1 -1 -1 -1000 -1000 -1000 -10 0.80
186 20 Car -1 -1 -1 483.40 187.40 542.93 232.54 -1 -1 -1 -1000 -1000 -1000 -10 0.89
186 22 Car -1 -1 -1 555.75 181.72 587.84 205.46 -1 -1 -1 -1000 -1000 -1000 -10 0.77
187 20 Car -1 -1 -1 477.50 188.68 540.63 234.70 -1 -1 -1 -1000 -1000 -1000 -10 0.87
187 22 Car -1 -1 -1 553.21 182.68 586.70 206.49 -1 -1 -1 -1000 -1000 -1000 -10 0.62
187 23 Pedestrian -1 -1 -1 434.26 178.16 454.33 231.45 -1 -1 -1 -1000 -1000 -1000 -10 0.48
188 20 Car -1 -1 -1 471.23 189.78 540.03 238.41 -1 -1 -1 -1000 -1000 -1000 -10 0.91
188 22 Car -1 -1 -1 552.00 185.08 584.68 209.88 -1 -1 -1 -1000 -1000 -1000 -10 0.84
188 23 Pedestrian -1 -1 -1 427.43 183.10 446.46 235.98 -1 -1 -1 -1000 -1000 -1000 -10 0.57
189 20 Car -1 -1 -1 466.30 191.17 536.77 241.37 -1 -1 -1 -1000 -1000 -1000 -10 0.94
189 22 Car -1 -1 -1 549.71 185.90 584.70 211.07 -1 -1 -1 -1000 -1000 -1000 -10 0.65
189 23 Pedestrian -1 -1 -1 417.30 182.76 440.01 242.11 -1 -1 -1 -1000 -1000 -1000 -10 0.61
190 20 Car -1 -1 -1 461.65 189.22 533.77 241.48 -1 -1 -1 -1000 -1000 -1000 -10 0.89
190 22 Car -1 -1 -1 550.51 184.64 580.84 209.45 -1 -1 -1 -1000 -1000 -1000 -10 0.78
190 23 Pedestrian -1 -1 -1 405.83 180.32 428.69 240.13 -1 -1 -1 -1000 -1000 -1000 -10 0.47
191 20 Car -1 -1 -1 453.26 185.62 530.60 239.69 -1 -1 -1 -1000 -1000 -1000 -10 0.95
191 22 Car -1 -1 -1 549.06 181.37 579.76 206.41 -1 -1 -1 -1000 -1000 -1000 -10 0.85
191 24 Cyclist -1 -1 -1 381.11 177.34 415.46 245.37 -1 -1 -1 -1000 -1000 -1000 -10 0.50
192 20 Car -1 -1 -1 446.10 182.99 527.43 241.44 -1 -1 -1 -1000 -1000 -1000 -10 0.95
192 22 Car -1 -1 -1 546.31 180.40 578.08 205.42 -1 -1 -1 -1000 -1000 -1000 -10 0.71
192 24 Cyclist -1 -1 -1 362.63 174.15 401.78 250.22 -1 -1 -1 -1000 -1000 -1000 -10 0.69
193 20 Car -1 -1 -1 440.24 185.94 525.46 247.26 -1 -1 -1 -1000 -1000 -1000 -10 0.96
193 22 Car -1 -1 -1 546.07 180.95 578.24 208.54 -1 -1 -1 -1000 -1000 -1000 -10 0.66
193 24 Cyclist -1 -1 -1 341.55 177.24 385.42 261.21 -1 -1 -1 -1000 -1000 -1000 -10 0.55
194 20 Car -1 -1 -1 431.69 188.20 524.47 252.88 -1 -1 -1 -1000 -1000 -1000 -10 0.94
194 22 Car -1 -1 -1 545.19 183.30 576.88 211.03 -1 -1 -1 -1000 -1000 -1000 -10 0.87
194 24 Cyclist -1 -1 -1 317.06 179.82 369.54 268.23 -1 -1 -1 -1000 -1000 -1000 -10 0.74
195 20 Car -1 -1 -1 421.48 187.77 519.55 255.37 -1 -1 -1 -1000 -1000 -1000 -10 0.94
195 22 Car -1 -1 -1 543.14 183.26 576.56 211.58 -1 -1 -1 -1000 -1000 -1000 -10 0.84
195 24 Cyclist -1 -1 -1 280.54 179.80 344.70 276.55 -1 -1 -1 -1000 -1000 -1000 -10 0.81
196 20 Car -1 -1 -1 410.70 186.06 514.94 257.41 -1 -1 -1 -1000 -1000 -1000 -10 0.94
196 24 Cyclist -1 -1 -1 247.41 177.00 322.94 286.18 -1 -1 -1 -1000 -1000 -1000 -10 0.80
196 22 Car -1 -1 -1 541.31 182.04 575.30 210.86 -1 -1 -1 -1000 -1000 -1000 -10 0.78
197 20 Car -1 -1 -1 399.58 186.94 511.17 261.62 -1 -1 -1 -1000 -1000 -1000 -10 0.97
197 22 Car -1 -1 -1 539.55 180.31 575.16 211.42 -1 -1 -1 -1000 -1000 -1000 -10 0.83
197 24 Cyclist -1 -1 -1 205.40 174.83 287.53 297.80 -1 -1 -1 -1000 -1000 -1000 -10 0.78
197 25 Car -1 -1 -1 559.59 178.25 584.46 201.07 -1 -1 -1 -1000 -1000 -1000 -10 0.63
198 20 Car -1 -1 -1 384.27 186.02 505.89 268.74 -1 -1 -1 -1000 -1000 -1000 -10 0.96
198 22 Car -1 -1 -1 537.20 180.19 575.46 211.41 -1 -1 -1 -1000 -1000 -1000 -10 0.82
198 25 Car -1 -1 -1 558.87 177.94 584.62 202.20 -1 -1 -1 -1000 -1000 -1000 -10 0.76
198 24 Cyclist -1 -1 -1 144.90 174.95 246.78 313.38 -1 -1 -1 -1000 -1000 -1000 -10 0.61
199 20 Car -1 -1 -1 370.65 187.80 502.49 275.99 -1 -1 -1 -1000 -1000 -1000 -10 0.97
199 22 Car -1 -1 -1 534.00 179.32 574.72 213.86 -1 -1 -1 -1000 -1000 -1000 -10 0.83
199 24 Cyclist -1 -1 -1 50.67 171.57 186.09 347.50 -1 -1 -1 -1000 -1000 -1000 -10 0.81
199 25 Car -1 -1 -1 558.43 178.52 584.36 202.60 -1 -1 -1 -1000 -1000 -1000 -10 0.64
200 20 Car -1 -1 -1 353.28 188.90 496.91 282.70 -1 -1 -1 -1000 -1000 -1000 -10 0.98
200 22 Car -1 -1 -1 532.33 180.40 573.79 215.36 -1 -1 -1 -1000 -1000 -1000 -10 0.89
200 25 Car -1 -1 -1 557.61 178.61 585.27 205.64 -1 -1 -1 -1000 -1000 -1000 -10 0.60
200 24 Cyclist -1 -1 -1 1.34 174.82 111.12 367.20 -1 -1 -1 -1000 -1000 -1000 -10 0.49
201 20 Car -1 -1 -1 332.76 187.70 492.04 291.79 -1 -1 -1 -1000 -1000 -1000 -10 0.97
201 22 Car -1 -1 -1 530.10 179.28 573.94 217.45 -1 -1 -1 -1000 -1000 -1000 -10 0.85
201 25 Car -1 -1 -1 555.10 179.04 584.22 206.84 -1 -1 -1 -1000 -1000 -1000 -10 0.72
202 20 Car -1 -1 -1 308.96 189.23 485.53 299.70 -1 -1 -1 -1000 -1000 -1000 -10 0.98
202 22 Car -1 -1 -1 526.69 180.94 572.09 218.93 -1 -1 -1 -1000 -1000 -1000 -10 0.87
202 25 Car -1 -1 -1 553.40 178.49 584.32 207.78 -1 -1 -1 -1000 -1000 -1000 -10 0.82
203 20 Car -1 -1 -1 280.01 191.25 476.53 312.46 -1 -1 -1 -1000 -1000 -1000 -10 0.97
203 22 Car -1 -1 -1 524.16 180.44 571.52 221.79 -1 -1 -1 -1000 -1000 -1000 -10 0.88
203 25 Car -1 -1 -1 552.39 179.30 583.40 208.49 -1 -1 -1 -1000 -1000 -1000 -10 0.76
204 20 Car -1 -1 -1 241.68 190.65 469.42 328.08 -1 -1 -1 -1000 -1000 -1000 -10 0.96
204 22 Car -1 -1 -1 521.09 181.20 569.65 222.03 -1 -1 -1 -1000 -1000 -1000 -10 0.93
204 25 Car -1 -1 -1 547.88 178.83 582.13 209.98 -1 -1 -1 -1000 -1000 -1000 -10 0.80
205 20 Car -1 -1 -1 200.19 189.49 455.53 344.67 -1 -1 -1 -1000 -1000 -1000 -10 0.94
205 22 Car -1 -1 -1 516.92 180.86 567.02 223.14 -1 -1 -1 -1000 -1000 -1000 -10 0.91
205 25 Car -1 -1 -1 546.68 178.52 580.33 208.94 -1 -1 -1 -1000 -1000 -1000 -10 0.77
206 20 Car -1 -1 -1 147.18 188.94 438.69 360.93 -1 -1 -1 -1000 -1000 -1000 -10 0.93
206 22 Car -1 -1 -1 511.29 178.18 565.42 222.16 -1 -1 -1 -1000 -1000 -1000 -10 0.92
206 25 Car -1 -1 -1 541.63 175.82 578.62 208.08 -1 -1 -1 -1000 -1000 -1000 -10 0.75
207 20 Car -1 -1 -1 67.45 188.72 426.02 368.74 -1 -1 -1 -1000 -1000 -1000 -10 0.94
207 22 Car -1 -1 -1 505.95 176.63 563.45 223.30 -1 -1 -1 -1000 -1000 -1000 -10 0.90
207 25 Car -1 -1 -1 537.52 173.85 577.10 207.25 -1 -1 -1 -1000 -1000 -1000 -10 0.79
207 26 Cyclist -1 -1 -1 798.62 166.08 820.46 205.88 -1 -1 -1 -1000 -1000 -1000 -10 0.55
208 20 Car -1 -1 -1 -6.17 189.18 414.02 369.33 -1 -1 -1 -1000 -1000 -1000 -10 0.95
208 22 Car -1 -1 -1 500.59 175.91 561.47 224.09 -1 -1 -1 -1000 -1000 -1000 -10 0.87
208 25 Car -1 -1 -1 536.84 173.59 575.96 206.64 -1 -1 -1 -1000 -1000 -1000 -10 0.83
208 26 Cyclist -1 -1 -1 805.10 162.88 828.55 207.28 -1 -1 -1 -1000 -1000 -1000 -10 0.68
209 20 Car -1 -1 -1 -0.80 191.32 384.99 367.31 -1 -1 -1 -1000 -1000 -1000 -10 0.96
209 22 Car -1 -1 -1 495.90 176.80 557.85 227.23 -1 -1 -1 -1000 -1000 -1000 -10 0.92
209 25 Car -1 -1 -1 531.02 173.21 574.27 208.24 -1 -1 -1 -1000 -1000 -1000 -10 0.79
209 26 Cyclist -1 -1 -1 813.42 162.91 835.12 207.88 -1 -1 -1 -1000 -1000 -1000 -10 0.54
210 20 Car -1 -1 -1 -3.82 188.95 357.38 369.69 -1 -1 -1 -1000 -1000 -1000 -10 0.96
210 22 Car -1 -1 -1 490.02 178.85 556.63 232.92 -1 -1 -1 -1000 -1000 -1000 -10 0.90
210 25 Car -1 -1 -1 527.11 174.42 573.73 212.53 -1 -1 -1 -1000 -1000 -1000 -10 0.78
210 26 Cyclist -1 -1 -1 821.33 163.99 843.11 208.64 -1 -1 -1 -1000 -1000 -1000 -10 0.43
210 27 Pedestrian -1 -1 -1 821.33 163.99 843.11 208.64 -1 -1 -1 -1000 -1000 -1000 -10 0.46
211 20 Car -1 -1 -1 -4.06 198.87 325.74 367.48 -1 -1 -1 -1000 -1000 -1000 -10 0.95
211 22 Car -1 -1 -1 483.63 181.06 554.92 237.86 -1 -1 -1 -1000 -1000 -1000 -10 0.94
211 25 Car -1 -1 -1 524.97 177.22 573.17 216.27 -1 -1 -1 -1000 -1000 -1000 -10 0.88
211 26 Cyclist -1 -1 -1 825.75 166.20 861.85 212.12 -1 -1 -1 -1000 -1000 -1000 -10 0.78
212 22 Car -1 -1 -1 478.36 182.00 552.48 242.16 -1 -1 -1 -1000 -1000 -1000 -10 0.93
212 20 Car -1 -1 -1 -2.14 210.52 285.13 369.81 -1 -1 -1 -1000 -1000 -1000 -10 0.92
212 25 Car -1 -1 -1 525.27 177.97 571.34 217.73 -1 -1 -1 -1000 -1000 -1000 -10 0.86
212 26 Cyclist -1 -1 -1 838.16 165.55 865.98 213.94 -1 -1 -1 -1000 -1000 -1000 -10 0.66
212 28 Cyclist -1 -1 -1 1002.95 162.36 1065.58 223.55 -1 -1 -1 -1000 -1000 -1000 -10 0.67
213 22 Car -1 -1 -1 470.20 181.37 549.14 245.16 -1 -1 -1 -1000 -1000 -1000 -10 0.97
213 25 Car -1 -1 -1 520.59 176.88 570.56 218.36 -1 -1 -1 -1000 -1000 -1000 -10 0.89
213 20 Car -1 -1 -1 -0.88 227.01 214.88 369.29 -1 -1 -1 -1000 -1000 -1000 -10 0.84
213 28 Cyclist -1 -1 -1 1012.53 153.97 1072.15 223.82 -1 -1 -1 -1000 -1000 -1000 -10 0.73
213 26 Cyclist -1 -1 -1 846.68 163.64 879.63 215.42 -1 -1 -1 -1000 -1000 -1000 -10 0.67
214 22 Car -1 -1 -1 462.14 179.84 545.29 248.07 -1 -1 -1 -1000 -1000 -1000 -10 0.93
214 25 Car -1 -1 -1 518.29 175.78 570.04 218.50 -1 -1 -1 -1000 -1000 -1000 -10 0.88
214 28 Cyclist -1 -1 -1 1016.45 146.29 1084.54 224.98 -1 -1 -1 -1000 -1000 -1000 -10 0.86
214 26 Cyclist -1 -1 -1 857.64 160.79 892.28 216.48 -1 -1 -1 -1000 -1000 -1000 -10 0.61
214 20 Car -1 -1 -1 -5.05 221.22 133.34 375.01 -1 -1 -1 -1000 -1000 -1000 -10 0.42
215 22 Car -1 -1 -1 453.03 179.91 541.86 253.81 -1 -1 -1 -1000 -1000 -1000 -10 0.95
215 25 Car -1 -1 -1 512.16 175.68 568.64 220.74 -1 -1 -1 -1000 -1000 -1000 -10 0.88
215 28 Cyclist -1 -1 -1 1024.66 148.37 1099.15 228.95 -1 -1 -1 -1000 -1000 -1000 -10 0.81
215 29 Pedestrian -1 -1 -1 873.19 160.83 900.01 219.63 -1 -1 -1 -1000 -1000 -1000 -10 0.49
216 22 Car -1 -1 -1 440.01 180.70 536.95 261.58 -1 -1 -1 -1000 -1000 -1000 -10 0.95
216 25 Car -1 -1 -1 507.36 177.12 566.27 223.90 -1 -1 -1 -1000 -1000 -1000 -10 0.92
216 28 Cyclist -1 -1 -1 1034.93 148.93 1110.63 229.85 -1 -1 -1 -1000 -1000 -1000 -10 0.86
216 29 Pedestrian -1 -1 -1 885.94 162.84 910.63 222.70 -1 -1 -1 -1000 -1000 -1000 -10 0.59
217 22 Car -1 -1 -1 427.35 182.59 532.87 268.40 -1 -1 -1 -1000 -1000 -1000 -10 0.96
217 25 Car -1 -1 -1 501.95 178.89 563.56 228.51 -1 -1 -1 -1000 -1000 -1000 -10 0.87
217 28 Cyclist -1 -1 -1 1053.56 146.46 1115.35 233.10 -1 -1 -1 -1000 -1000 -1000 -10 0.59
217 29 Pedestrian -1 -1 -1 896.00 162.95 923.80 229.35 -1 -1 -1 -1000 -1000 -1000 -10 0.57
218 22 Car -1 -1 -1 410.24 182.03 526.59 276.59 -1 -1 -1 -1000 -1000 -1000 -10 0.97
218 25 Car -1 -1 -1 496.31 179.06 560.68 230.39 -1 -1 -1 -1000 -1000 -1000 -10 0.89
218 28 Cyclist -1 -1 -1 1066.81 145.54 1125.42 233.87 -1 -1 -1 -1000 -1000 -1000 -10 0.68
218 29 Pedestrian -1 -1 -1 910.52 161.83 939.76 227.30 -1 -1 -1 -1000 -1000 -1000 -10 0.44
218 30 Cyclist -1 -1 -1 909.51 163.07 941.05 229.07 -1 -1 -1 -1000 -1000 -1000 -10 0.41
219 22 Car -1 -1 -1 392.14 181.86 519.90 283.49 -1 -1 -1 -1000 -1000 -1000 -10 0.98
219 25 Car -1 -1 -1 487.10 177.81 556.58 231.43 -1 -1 -1 -1000 -1000 -1000 -10 0.94
219 28 Cyclist -1 -1 -1 1070.18 142.93 1138.52 236.94 -1 -1 -1 -1000 -1000 -1000 -10 0.68
219 29 Pedestrian -1 -1 -1 924.53 158.50 956.96 230.52 -1 -1 -1 -1000 -1000 -1000 -10 0.50
220 22 Car -1 -1 -1 368.76 182.25 511.64 290.94 -1 -1 -1 -1000 -1000 -1000 -10 0.98
220 25 Car -1 -1 -1 481.44 176.32 552.30 233.55 -1 -1 -1 -1000 -1000 -1000 -10 0.92
220 29 Pedestrian -1 -1 -1 939.09 159.53 974.87 229.20 -1 -1 -1 -1000 -1000 -1000 -10 0.43
221 22 Car -1 -1 -1 343.19 182.16 504.81 304.62 -1 -1 -1 -1000 -1000 -1000 -10 0.97
221 25 Car -1 -1 -1 473.17 174.65 547.10 235.23 -1 -1 -1 -1000 -1000 -1000 -10 0.96
221 31 Cyclist -1 -1 -1 958.28 160.13 994.66 226.85 -1 -1 -1 -1000 -1000 -1000 -10 0.65
222 22 Car -1 -1 -1 311.44 182.80 492.93 320.08 -1 -1 -1 -1000 -1000 -1000 -10 0.97
222 25 Car -1 -1 -1 464.79 172.90 542.98 237.63 -1 -1 -1 -1000 -1000 -1000 -10 0.94
222 32 Pedestrian -1 -1 -1 985.86 151.91 1019.93 229.13 -1 -1 -1 -1000 -1000 -1000 -10 0.41
223 25 Car -1 -1 -1 457.23 175.18 538.81 242.84 -1 -1 -1 -1000 -1000 -1000 -10 0.96
223 22 Car -1 -1 -1 268.80 184.74 481.39 341.99 -1 -1 -1 -1000 -1000 -1000 -10 0.96
223 32 Pedestrian -1 -1 -1 1011.57 147.68 1049.34 232.60 -1 -1 -1 -1000 -1000 -1000 -10 0.62
223 33 Pedestrian -1 -1 -1 1119.59 132.75 1181.97 231.76 -1 -1 -1 -1000 -1000 -1000 -10 0.45
223 34 Cyclist -1 -1 -1 1121.23 133.77 1187.44 235.11 -1 -1 -1 -1000 -1000 -1000 -10 0.42
224 22 Car -1 -1 -1 215.90 187.38 471.14 369.53 -1 -1 -1 -1000 -1000 -1000 -10 0.94
224 25 Car -1 -1 -1 448.87 180.03 534.50 252.30 -1 -1 -1 -1000 -1000 -1000 -10 0.94
224 32 Pedestrian -1 -1 -1 1038.59 150.03 1083.65 237.98 -1 -1 -1 -1000 -1000 -1000 -10 0.56
225 22 Car -1 -1 -1 134.54 194.81 459.77 371.24 -1 -1 -1 -1000 -1000 -1000 -10 0.95
225 25 Car -1 -1 -1 439.89 186.76 532.11 261.29 -1 -1 -1 -1000 -1000 -1000 -10 0.95
225 32 Pedestrian -1 -1 -1 1073.62 154.71 1119.90 253.89 -1 -1 -1 -1000 -1000 -1000 -10 0.70
226 25 Car -1 -1 -1 427.20 187.36 525.75 269.63 -1 -1 -1 -1000 -1000 -1000 -10 0.96
226 22 Car -1 -1 -1 29.01 202.88 432.76 370.52 -1 -1 -1 -1000 -1000 -1000 -10 0.93
226 32 Pedestrian -1 -1 -1 1116.02 155.59 1162.72 260.88 -1 -1 -1 -1000 -1000 -1000 -10 0.65
227 25 Car -1 -1 -1 414.12 183.00 520.62 273.29 -1 -1 -1 -1000 -1000 -1000 -10 0.97
227 22 Car -1 -1 -1 2.80 204.18 412.65 369.88 -1 -1 -1 -1000 -1000 -1000 -10 0.96
227 32 Pedestrian -1 -1 -1 1160.94 153.72 1210.70 262.76 -1 -1 -1 -1000 -1000 -1000 -10 0.70
228 25 Car -1 -1 -1 397.47 179.96 514.12 277.28 -1 -1 -1 -1000 -1000 -1000 -10 0.97
228 22 Car -1 -1 -1 4.48 205.19 379.44 368.58 -1 -1 -1 -1000 -1000 -1000 -10 0.93
229 25 Car -1 -1 -1 380.61 179.88 507.12 285.91 -1 -1 -1 -1000 -1000 -1000 -10 0.97
229 22 Car -1 -1 -1 -1.03 207.27 338.96 366.38 -1 -1 -1 -1000 -1000 -1000 -10 0.90
230 25 Car -1 -1 -1 360.43 182.48 496.82 298.94 -1 -1 -1 -1000 -1000 -1000 -10 0.96
230 22 Car -1 -1 -1 -0.29 216.11 267.68 372.51 -1 -1 -1 -1000 -1000 -1000 -10 0.80
231 25 Car -1 -1 -1 331.32 185.09 494.44 318.19 -1 -1 -1 -1000 -1000 -1000 -10 0.95
232 25 Car -1 -1 -1 297.95 187.82 481.14 338.40 -1 -1 -1 -1000 -1000 -1000 -10 0.96
233 25 Car -1 -1 -1 250.95 187.93 468.06 362.21 -1 -1 -1 -1000 -1000 -1000 -10 0.95
234 25 Car -1 -1 -1 195.54 187.79 453.04 369.08 -1 -1 -1 -1000 -1000 -1000 -10 0.96
235 25 Car -1 -1 -1 119.75 187.98 435.18 369.54 -1 -1 -1 -1000 -1000 -1000 -10 0.92
235 35 Car -1 -1 -1 573.83 173.28 594.30 187.75 -1 -1 -1 -1000 -1000 -1000 -10 0.54
236 25 Car -1 -1 -1 14.24 189.12 416.73 368.86 -1 -1 -1 -1000 -1000 -1000 -10 0.89
236 35 Car -1 -1 -1 575.33 174.19 593.05 189.49 -1 -1 -1 -1000 -1000 -1000 -10 0.76
237 25 Car -1 -1 -1 3.42 199.41 381.24 366.41 -1 -1 -1 -1000 -1000 -1000 -10 0.91
237 35 Car -1 -1 -1 574.89 175.56 593.80 190.61 -1 -1 -1 -1000 -1000 -1000 -10 0.59
237 36 Pedestrian -1 -1 -1 467.50 172.31 484.48 221.63 -1 -1 -1 -1000 -1000 -1000 -10 0.41
238 25 Car -1 -1 -1 -2.83 197.38 324.90 368.40 -1 -1 -1 -1000 -1000 -1000 -10 0.87
238 35 Car -1 -1 -1 574.88 176.31 594.41 192.59 -1 -1 -1 -1000 -1000 -1000 -10 0.69
238 36 Pedestrian -1 -1 -1 463.60 174.73 481.01 224.57 -1 -1 -1 -1000 -1000 -1000 -10 0.50
238 37 Cyclist -1 -1 -1 278.76 178.42 346.19 285.17 -1 -1 -1 -1000 -1000 -1000 -10 0.85
239 37 Cyclist -1 -1 -1 240.08 178.16 321.88 294.85 -1 -1 -1 -1000 -1000 -1000 -10 0.89
239 25 Car -1 -1 -1 0.87 213.49 258.83 367.48 -1 -1 -1 -1000 -1000 -1000 -10 0.84
239 35 Car -1 -1 -1 575.43 176.41 595.13 192.81 -1 -1 -1 -1000 -1000 -1000 -10 0.66
239 36 Pedestrian -1 -1 -1 457.55 174.76 478.93 226.67 -1 -1 -1 -1000 -1000 -1000 -10 0.66
240 37 Cyclist -1 -1 -1 192.00 181.03 293.20 313.90 -1 -1 -1 -1000 -1000 -1000 -10 0.84
240 35 Car -1 -1 -1 575.88 176.20 594.58 192.81 -1 -1 -1 -1000 -1000 -1000 -10 0.63
240 36 Pedestrian -1 -1 -1 447.99 172.79 472.42 230.98 -1 -1 -1 -1000 -1000 -1000 -10 0.60
241 37 Cyclist -1 -1 -1 130.01 180.70 254.72 338.62 -1 -1 -1 -1000 -1000 -1000 -10 0.87
241 35 Car -1 -1 -1 575.60 176.70 597.80 193.50 -1 -1 -1 -1000 -1000 -1000 -10 0.59
241 36 Pedestrian -1 -1 -1 438.94 173.61 466.48 236.68 -1 -1 -1 -1000 -1000 -1000 -10 0.46
241 38 Cyclist -1 -1 -1 438.94 173.61 466.48 236.68 -1 -1 -1 -1000 -1000 -1000 -10 0.54
242 37 Cyclist -1 -1 -1 39.97 181.26 211.86 368.94 -1 -1 -1 -1000 -1000 -1000 -10 0.84
242 36 Pedestrian -1 -1 -1 429.89 175.34 458.67 241.15 -1 -1 -1 -1000 -1000 -1000 -10 0.67
242 35 Car -1 -1 -1 575.72 179.81 598.25 196.28 -1 -1 -1 -1000 -1000 -1000 -10 0.61
243 37 Cyclist -1 -1 -1 1.10 193.47 150.43 371.55 -1 -1 -1 -1000 -1000 -1000 -10 0.79
243 35 Car -1 -1 -1 574.52 179.93 599.17 197.82 -1 -1 -1 -1000 -1000 -1000 -10 0.71
243 39 Cyclist -1 -1 -1 416.76 176.92 448.45 247.15 -1 -1 -1 -1000 -1000 -1000 -10 0.65
244 35 Car -1 -1 -1 575.38 179.49 598.18 196.75 -1 -1 -1 -1000 -1000 -1000 -10 0.60
244 39 Cyclist -1 -1 -1 406.15 176.87 436.62 249.98 -1 -1 -1 -1000 -1000 -1000 -10 0.46
244 40 Cyclist -1 -1 -1 842.90 166.87 868.64 205.11 -1 -1 -1 -1000 -1000 -1000 -10 0.60
244 41 Pedestrian -1 -1 -1 406.15 176.87 436.62 249.98 -1 -1 -1 -1000 -1000 -1000 -10 0.49
245 35 Car -1 -1 -1 574.93 175.95 599.88 194.16 -1 -1 -1 -1000 -1000 -1000 -10 0.71
245 40 Cyclist -1 -1 -1 854.84 161.81 880.96 208.01 -1 -1 -1 -1000 -1000 -1000 -10 0.67
245 41 Pedestrian -1 -1 -1 394.97 175.44 423.59 250.66 -1 -1 -1 -1000 -1000 -1000 -10 0.59
246 35 Car -1 -1 -1 573.58 175.91 601.12 193.29 -1 -1 -1 -1000 -1000 -1000 -10 0.72
246 40 Cyclist -1 -1 -1 868.06 164.14 896.49 207.32 -1 -1 -1 -1000 -1000 -1000 -10 0.72
246 41 Pedestrian -1 -1 -1 372.04 173.83 408.45 258.67 -1 -1 -1 -1000 -1000 -1000 -10 0.55
247 35 Car -1 -1 -1 572.77 175.82 601.45 193.95 -1 -1 -1 -1000 -1000 -1000 -10 0.74
247 40 Cyclist -1 -1 -1 881.05 162.26 910.16 207.38 -1 -1 -1 -1000 -1000 -1000 -10 0.67
247 41 Pedestrian -1 -1 -1 352.47 171.91 396.02 262.54 -1 -1 -1 -1000 -1000 -1000 -10 0.44
247 42 Cyclist -1 -1 -1 346.65 173.93 395.46 266.62 -1 -1 -1 -1000 -1000 -1000 -10 0.55
248 42 Cyclist -1 -1 -1 320.69 172.98 382.01 275.23 -1 -1 -1 -1000 -1000 -1000 -10 0.75
248 35 Car -1 -1 -1 574.50 176.00 600.38 194.70 -1 -1 -1 -1000 -1000 -1000 -10 0.75
248 40 Cyclist -1 -1 -1 898.86 161.49 927.79 207.79 -1 -1 -1 -1000 -1000 -1000 -10 0.63
249 42 Cyclist -1 -1 -1 291.08 176.00 357.52 288.39 -1 -1 -1 -1000 -1000 -1000 -10 0.76
249 35 Car -1 -1 -1 572.66 176.00 600.90 195.04 -1 -1 -1 -1000 -1000 -1000 -10 0.70
249 40 Cyclist -1 -1 -1 915.19 159.45 943.47 209.33 -1 -1 -1 -1000 -1000 -1000 -10 0.48
250 40 Cyclist -1 -1 -1 927.98 158.06 969.48 211.79 -1 -1 -1 -1000 -1000 -1000 -10 0.84
250 42 Cyclist -1 -1 -1 250.74 179.32 335.65 299.93 -1 -1 -1 -1000 -1000 -1000 -10 0.76
250 35 Car -1 -1 -1 572.29 175.77 598.50 194.93 -1 -1 -1 -1000 -1000 -1000 -10 0.61
251 42 Cyclist -1 -1 -1 208.13 175.06 307.60 313.33 -1 -1 -1 -1000 -1000 -1000 -10 0.82
251 35 Car -1 -1 -1 571.29 175.86 598.95 197.53 -1 -1 -1 -1000 -1000 -1000 -10 0.73
251 40 Cyclist -1 -1 -1 947.25 158.52 988.72 214.55 -1 -1 -1 -1000 -1000 -1000 -10 0.69
252 40 Cyclist -1 -1 -1 964.60 160.17 1017.63 220.09 -1 -1 -1 -1000 -1000 -1000 -10 0.85
252 35 Car -1 -1 -1 569.45 177.86 597.68 199.53 -1 -1 -1 -1000 -1000 -1000 -10 0.79
252 42 Cyclist -1 -1 -1 150.97 175.07 271.66 343.09 -1 -1 -1 -1000 -1000 -1000 -10 0.75
253 42 Cyclist -1 -1 -1 43.33 170.16 240.54 364.74 -1 -1 -1 -1000 -1000 -1000 -10 0.86
253 40 Cyclist -1 -1 -1 986.91 157.03 1042.68 224.38 -1 -1 -1 -1000 -1000 -1000 -10 0.82
253 35 Car -1 -1 -1 568.74 178.10 596.83 200.66 -1 -1 -1 -1000 -1000 -1000 -10 0.68
254 42 Cyclist -1 -1 -1 -4.98 176.81 164.04 365.45 -1 -1 -1 -1000 -1000 -1000 -10 0.83
254 40 Cyclist -1 -1 -1 1010.06 155.27 1074.12 225.50 -1 -1 -1 -1000 -1000 -1000 -10 0.80
254 35 Car -1 -1 -1 568.13 178.26 594.11 199.93 -1 -1 -1 -1000 -1000 -1000 -10 0.76
255 40 Cyclist -1 -1 -1 1036.94 154.62 1116.06 231.02 -1 -1 -1 -1000 -1000 -1000 -10 0.85
255 35 Car -1 -1 -1 566.20 177.15 593.66 199.55 -1 -1 -1 -1000 -1000 -1000 -10 0.77
256 40 Cyclist -1 -1 -1 1068.11 152.51 1155.08 235.91 -1 -1 -1 -1000 -1000 -1000 -10 0.85
256 35 Car -1 -1 -1 565.50 175.36 594.03 198.66 -1 -1 -1 -1000 -1000 -1000 -10 0.62
