0 1 Car -1 -1 -1 482.85 171.38 663.59 240.86 -1 -1 -1 -1000 -1000 -1000 -10 0.97
0 2 Car -1 -1 -1 1195.36 160.94 1236.10 217.34 -1 -1 -1 -1000 -1000 -1000 -10 0.69
0 3 Car -1 -1 -1 2.98 198.03 46.34 258.61 -1 -1 -1 -1000 -1000 -1000 -10 0.62
1 1 Car -1 -1 -1 538.62 173.22 715.86 238.54 -1 -1 -1 -1000 -1000 -1000 -10 0.92
1 3 Car -1 -1 -1 0.72 190.54 96.93 258.26 -1 -1 -1 -1000 -1000 -1000 -10 0.90
2 3 Car -1 -1 -1 0.59 187.71 149.40 259.91 -1 -1 -1 -1000 -1000 -1000 -10 0.95
2 1 Car -1 -1 -1 597.90 171.55 771.29 238.62 -1 -1 -1 -1000 -1000 -1000 -10 0.95
3 1 Car -1 -1 -1 648.80 170.35 830.17 238.22 -1 -1 -1 -1000 -1000 -1000 -10 0.95
3 3 Car -1 -1 -1 2.35 184.66 197.08 258.39 -1 -1 -1 -1000 -1000 -1000 -10 0.93
4 1 Car -1 -1 -1 704.41 167.62 884.08 235.43 -1 -1 -1 -1000 -1000 -1000 -10 0.94
4 3 Car -1 -1 -1 44.87 185.03 253.14 255.59 -1 -1 -1 -1000 -1000 -1000 -10 0.89
5 1 Car -1 -1 -1 754.88 166.53 941.83 235.83 -1 -1 -1 -1000 -1000 -1000 -10 0.94
5 3 Car -1 -1 -1 97.10 181.90 303.35 252.95 -1 -1 -1 -1000 -1000 -1000 -10 0.89
6 1 Car -1 -1 -1 811.98 164.25 993.59 232.03 -1 -1 -1 -1000 -1000 -1000 -10 0.92
6 3 Car -1 -1 -1 157.78 180.70 358.18 251.69 -1 -1 -1 -1000 -1000 -1000 -10 0.90
7 1 Car -1 -1 -1 860.63 161.52 1045.98 231.75 -1 -1 -1 -1000 -1000 -1000 -10 0.91
7 3 Car -1 -1 -1 209.71 177.97 414.54 249.10 -1 -1 -1 -1000 -1000 -1000 -10 0.81
8 1 Car -1 -1 -1 912.32 162.00 1102.70 230.93 -1 -1 -1 -1000 -1000 -1000 -10 0.93
8 3 Car -1 -1 -1 267.60 177.13 458.24 249.41 -1 -1 -1 -1000 -1000 -1000 -10 0.92
9 1 Car -1 -1 -1 966.66 158.49 1155.89 229.27 -1 -1 -1 -1000 -1000 -1000 -10 0.93
9 3 Car -1 -1 -1 321.42 176.58 520.43 247.55 -1 -1 -1 -1000 -1000 -1000 -10 0.87
10 1 Car -1 -1 -1 1034.58 158.31 1219.81 228.10 -1 -1 -1 -1000 -1000 -1000 -10 0.89
10 3 Car -1 -1 -1 360.63 174.60 567.22 244.89 -1 -1 -1 -1000 -1000 -1000 -10 0.79
11 3 Car -1 -1 -1 427.11 174.32 618.02 242.44 -1 -1 -1 -1000 -1000 -1000 -10 0.94
11 1 Car -1 -1 -1 1068.83 157.89 1240.30 227.49 -1 -1 -1 -1000 -1000 -1000 -10 0.93
12 3 Car -1 -1 -1 481.23 173.21 670.66 242.93 -1 -1 -1 -1000 -1000 -1000 -10 0.92
12 1 Car -1 -1 -1 1123.21 155.98 1238.89 224.01 -1 -1 -1 -1000 -1000 -1000 -10 0.90
13 3 Car -1 -1 -1 537.39 171.03 722.65 240.22 -1 -1 -1 -1000 -1000 -1000 -10 0.91
13 1 Car -1 -1 -1 1172.87 153.19 1237.90 219.33 -1 -1 -1 -1000 -1000 -1000 -10 0.79
14 3 Car -1 -1 -1 589.52 170.46 772.45 239.33 -1 -1 -1 -1000 -1000 -1000 -10 0.93
14 4 Car -1 -1 -1 -0.40 210.42 13.72 277.46 -1 -1 -1 -1000 -1000 -1000 -10 0.41
15 3 Car -1 -1 -1 641.21 167.64 829.30 240.29 -1 -1 -1 -1000 -1000 -1000 -10 0.95
15 4 Car -1 -1 -1 -0.57 198.95 36.42 281.50 -1 -1 -1 -1000 -1000 -1000 -10 0.67
16 3 Car -1 -1 -1 691.02 165.53 881.83 236.59 -1 -1 -1 -1000 -1000 -1000 -10 0.92
16 4 Car -1 -1 -1 -0.63 192.61 52.41 286.39 -1 -1 -1 -1000 -1000 -1000 -10 0.77
17 3 Car -1 -1 -1 746.56 164.84 940.99 236.57 -1 -1 -1 -1000 -1000 -1000 -10 0.93
17 4 Car -1 -1 -1 -1.58 185.08 73.68 287.91 -1 -1 -1 -1000 -1000 -1000 -10 0.83
18 3 Car -1 -1 -1 793.00 161.74 989.19 234.28 -1 -1 -1 -1000 -1000 -1000 -10 0.91
18 4 Car -1 -1 -1 0.19 183.41 82.58 289.68 -1 -1 -1 -1000 -1000 -1000 -10 0.85
19 3 Car -1 -1 -1 844.86 160.32 1044.47 233.62 -1 -1 -1 -1000 -1000 -1000 -10 0.93
19 4 Car -1 -1 -1 0.47 179.03 96.79 294.02 -1 -1 -1 -1000 -1000 -1000 -10 0.88
20 3 Car -1 -1 -1 897.23 160.62 1100.95 232.50 -1 -1 -1 -1000 -1000 -1000 -10 0.94
20 4 Car -1 -1 -1 -2.58 178.83 114.03 301.17 -1 -1 -1 -1000 -1000 -1000 -10 0.93
21 3 Car -1 -1 -1 948.31 156.95 1151.55 230.77 -1 -1 -1 -1000 -1000 -1000 -10 0.94
21 4 Car -1 -1 -1 -1.74 185.81 136.53 263.38 -1 -1 -1 -1000 -1000 -1000 -10 0.88
21 5 Car -1 -1 -1 -2.91 182.36 131.12 305.56 -1 -1 -1 -1000 -1000 -1000 -10 0.88
22 5 Car -1 -1 -1 -2.64 180.55 138.67 314.67 -1 -1 -1 -1000 -1000 -1000 -10 0.92
22 3 Car -1 -1 -1 991.99 156.28 1200.65 230.09 -1 -1 -1 -1000 -1000 -1000 -10 0.83
22 4 Car -1 -1 -1 18.10 193.37 195.16 255.50 -1 -1 -1 -1000 -1000 -1000 -10 0.71
23 5 Car -1 -1 -1 -4.04 176.98 146.54 318.70 -1 -1 -1 -1000 -1000 -1000 -10 0.97
23 3 Car -1 -1 -1 1039.34 156.16 1239.26 230.11 -1 -1 -1 -1000 -1000 -1000 -10 0.90
23 4 Car -1 -1 -1 71.38 194.42 250.85 252.73 -1 -1 -1 -1000 -1000 -1000 -10 0.84
24 5 Car -1 -1 -1 -3.24 174.16 147.89 322.32 -1 -1 -1 -1000 -1000 -1000 -10 0.95
24 4 Car -1 -1 -1 143.67 192.41 302.94 249.31 -1 -1 -1 -1000 -1000 -1000 -10 0.94
24 3 Car -1 -1 -1 1093.76 158.04 1238.92 227.49 -1 -1 -1 -1000 -1000 -1000 -10 0.87
25 5 Car -1 -1 -1 -4.09 173.37 154.43 330.40 -1 -1 -1 -1000 -1000 -1000 -10 0.96
25 4 Car -1 -1 -1 199.38 191.18 356.50 248.24 -1 -1 -1 -1000 -1000 -1000 -10 0.85
25 3 Car -1 -1 -1 1142.18 154.65 1238.01 225.67 -1 -1 -1 -1000 -1000 -1000 -10 0.84
26 5 Car -1 -1 -1 -4.65 171.27 155.17 340.44 -1 -1 -1 -1000 -1000 -1000 -10 0.95
26 4 Car -1 -1 -1 261.14 186.63 418.85 246.37 -1 -1 -1 -1000 -1000 -1000 -10 0.79
26 3 Car -1 -1 -1 1196.03 152.61 1237.07 219.98 -1 -1 -1 -1000 -1000 -1000 -10 0.75
27 5 Car -1 -1 -1 -4.79 174.10 149.14 352.45 -1 -1 -1 -1000 -1000 -1000 -10 0.91
27 4 Car -1 -1 -1 321.49 182.53 458.92 244.27 -1 -1 -1 -1000 -1000 -1000 -10 0.76
28 5 Car -1 -1 -1 -2.18 181.75 138.97 360.65 -1 -1 -1 -1000 -1000 -1000 -10 0.88
28 4 Car -1 -1 -1 356.96 183.41 523.42 243.72 -1 -1 -1 -1000 -1000 -1000 -10 0.81
28 6 Car -1 -1 -1 0.53 192.19 197.66 272.30 -1 -1 -1 -1000 -1000 -1000 -10 0.86
28 7 Cyclist -1 -1 -1 301.63 187.72 331.17 221.76 -1 -1 -1 -1000 -1000 -1000 -10 0.56
29 4 Car -1 -1 -1 433.08 184.48 578.93 242.10 -1 -1 -1 -1000 -1000 -1000 -10 0.94
29 5 Car -1 -1 -1 -3.01 178.23 131.72 372.07 -1 -1 -1 -1000 -1000 -1000 -10 0.87
29 6 Car -1 -1 -1 48.78 195.76 249.40 267.24 -1 -1 -1 -1000 -1000 -1000 -10 0.83
29 7 Cyclist -1 -1 -1 305.94 185.79 327.26 222.90 -1 -1 -1 -1000 -1000 -1000 -10 0.63
30 4 Car -1 -1 -1 488.34 182.38 633.05 241.13 -1 -1 -1 -1000 -1000 -1000 -10 0.91
30 6 Car -1 -1 -1 88.14 192.99 295.79 264.87 -1 -1 -1 -1000 -1000 -1000 -10 0.86
30 5 Car -1 -1 -1 -2.20 178.07 122.61 371.91 -1 -1 -1 -1000 -1000 -1000 -10 0.85
30 7 Cyclist -1 -1 -1 306.97 186.27 325.48 222.40 -1 -1 -1 -1000 -1000 -1000 -10 0.54
31 6 Car -1 -1 -1 129.45 191.51 338.97 263.92 -1 -1 -1 -1000 -1000 -1000 -10 0.93
31 4 Car -1 -1 -1 548.98 180.02 687.88 239.21 -1 -1 -1 -1000 -1000 -1000 -10 0.90
31 5 Car -1 -1 -1 0.82 170.51 119.16 371.53 -1 -1 -1 -1000 -1000 -1000 -10 0.79
31 7 Cyclist -1 -1 -1 303.92 184.42 327.44 226.71 -1 -1 -1 -1000 -1000 -1000 -10 0.41
32 4 Car -1 -1 -1 603.35 178.96 743.26 237.38 -1 -1 -1 -1000 -1000 -1000 -10 0.92
32 6 Car -1 -1 -1 179.42 190.84 368.24 265.08 -1 -1 -1 -1000 -1000 -1000 -10 0.88
32 5 Car -1 -1 -1 -0.16 160.38 120.02 373.75 -1 -1 -1 -1000 -1000 -1000 -10 0.74
33 4 Car -1 -1 -1 655.23 177.32 799.92 238.41 -1 -1 -1 -1000 -1000 -1000 -10 0.93
33 6 Car -1 -1 -1 225.05 185.48 438.66 262.84 -1 -1 -1 -1000 -1000 -1000 -10 0.90
33 5 Car -1 -1 -1 2.26 160.16 117.35 374.24 -1 -1 -1 -1000 -1000 -1000 -10 0.85
34 4 Car -1 -1 -1 707.80 175.98 857.73 235.28 -1 -1 -1 -1000 -1000 -1000 -10 0.92
34 5 Car -1 -1 -1 0.30 167.66 111.73 373.84 -1 -1 -1 -1000 -1000 -1000 -10 0.89
34 6 Car -1 -1 -1 276.26 182.42 479.98 260.10 -1 -1 -1 -1000 -1000 -1000 -10 0.84
35 4 Car -1 -1 -1 760.69 175.49 912.07 234.32 -1 -1 -1 -1000 -1000 -1000 -10 0.96
35 5 Car -1 -1 -1 1.35 162.00 102.75 372.07 -1 -1 -1 -1000 -1000 -1000 -10 0.85
35 6 Car -1 -1 -1 335.11 183.52 538.22 256.54 -1 -1 -1 -1000 -1000 -1000 -10 0.83
36 4 Car -1 -1 -1 812.67 174.58 968.83 233.65 -1 -1 -1 -1000 -1000 -1000 -10 0.93
36 5 Car -1 -1 -1 -0.60 156.19 90.09 370.65 -1 -1 -1 -1000 -1000 -1000 -10 0.82
36 6 Car -1 -1 -1 368.37 183.28 582.59 256.56 -1 -1 -1 -1000 -1000 -1000 -10 0.78
36 8 Cyclist -1 -1 -1 303.66 186.97 329.25 222.52 -1 -1 -1 -1000 -1000 -1000 -10 0.45
37 4 Car -1 -1 -1 867.69 171.08 1022.42 231.65 -1 -1 -1 -1000 -1000 -1000 -10 0.94
37 6 Car -1 -1 -1 437.71 181.94 630.21 253.33 -1 -1 -1 -1000 -1000 -1000 -10 0.93
37 5 Car -1 -1 -1 -1.06 147.87 75.34 371.15 -1 -1 -1 -1000 -1000 -1000 -10 0.68
37 8 Cyclist -1 -1 -1 306.69 186.07 326.33 222.41 -1 -1 -1 -1000 -1000 -1000 -10 0.61
38 4 Car -1 -1 -1 920.32 170.52 1077.62 230.10 -1 -1 -1 -1000 -1000 -1000 -10 0.92
38 6 Car -1 -1 -1 489.52 180.76 686.85 254.04 -1 -1 -1 -1000 -1000 -1000 -10 0.90
38 5 Car -1 -1 -1 0.85 193.13 56.42 255.53 -1 -1 -1 -1000 -1000 -1000 -10 0.60
38 8 Cyclist -1 -1 -1 307.97 186.32 324.96 221.99 -1 -1 -1 -1000 -1000 -1000 -10 0.55
38 9 Car -1 -1 -1 -1.86 168.76 52.11 365.58 -1 -1 -1 -1000 -1000 -1000 -10 0.54
39 6 Car -1 -1 -1 543.49 180.56 740.78 252.28 -1 -1 -1 -1000 -1000 -1000 -10 0.94
39 4 Car -1 -1 -1 970.16 168.37 1130.40 228.01 -1 -1 -1 -1000 -1000 -1000 -10 0.92
39 5 Car -1 -1 -1 1.97 191.11 96.64 256.89 -1 -1 -1 -1000 -1000 -1000 -10 0.87
39 8 Cyclist -1 -1 -1 308.36 186.39 324.65 221.76 -1 -1 -1 -1000 -1000 -1000 -10 0.53
40 5 Car -1 -1 -1 2.00 190.15 139.84 257.81 -1 -1 -1 -1000 -1000 -1000 -10 0.96
40 6 Car -1 -1 -1 596.01 180.34 790.07 251.69 -1 -1 -1 -1000 -1000 -1000 -10 0.89
40 4 Car -1 -1 -1 1022.82 167.63 1185.31 227.48 -1 -1 -1 -1000 -1000 -1000 -10 0.85
40 8 Cyclist -1 -1 -1 308.55 186.65 324.14 221.85 -1 -1 -1 -1000 -1000 -1000 -10 0.51
41 5 Car -1 -1 -1 3.05 186.16 185.48 256.89 -1 -1 -1 -1000 -1000 -1000 -10 0.94
41 4 Car -1 -1 -1 1070.85 165.79 1238.70 226.85 -1 -1 -1 -1000 -1000 -1000 -10 0.92
41 6 Car -1 -1 -1 650.81 177.14 850.09 249.76 -1 -1 -1 -1000 -1000 -1000 -10 0.92
41 8 Cyclist -1 -1 -1 308.45 186.12 324.80 222.15 -1 -1 -1 -1000 -1000 -1000 -10 0.53
42 6 Car -1 -1 -1 702.83 177.25 901.01 248.06 -1 -1 -1 -1000 -1000 -1000 -10 0.92
42 4 Car -1 -1 -1 1122.98 163.55 1239.38 224.63 -1 -1 -1 -1000 -1000 -1000 -10 0.91
42 5 Car -1 -1 -1 37.99 187.37 228.66 255.00 -1 -1 -1 -1000 -1000 -1000 -10 0.90
42 8 Cyclist -1 -1 -1 308.28 185.88 324.83 222.37 -1 -1 -1 -1000 -1000 -1000 -10 0.56
43 6 Car -1 -1 -1 754.36 173.76 957.66 246.06 -1 -1 -1 -1000 -1000 -1000 -10 0.93
43 5 Car -1 -1 -1 82.61 187.41 270.53 252.73 -1 -1 -1 -1000 -1000 -1000 -10 0.89
43 4 Car -1 -1 -1 1178.36 164.39 1238.39 221.41 -1 -1 -1 -1000 -1000 -1000 -10 0.81
43 8 Cyclist -1 -1 -1 308.10 185.75 324.86 222.46 -1 -1 -1 -1000 -1000 -1000 -10 0.56
44 6 Car -1 -1 -1 809.45 172.71 1011.69 246.59 -1 -1 -1 -1000 -1000 -1000 -10 0.93
44 5 Car -1 -1 -1 128.58 183.50 318.27 251.10 -1 -1 -1 -1000 -1000 -1000 -10 0.85
44 10 Pedestrian -1 -1 -1 308.27 185.36 323.99 223.74 -1 -1 -1 -1000 -1000 -1000 -10 0.46
45 6 Car -1 -1 -1 861.15 172.75 1068.01 245.52 -1 -1 -1 -1000 -1000 -1000 -10 0.92
45 5 Car -1 -1 -1 178.97 183.13 360.50 249.85 -1 -1 -1 -1000 -1000 -1000 -10 0.90
46 6 Car -1 -1 -1 911.07 171.31 1133.94 246.09 -1 -1 -1 -1000 -1000 -1000 -10 0.90
46 5 Car -1 -1 -1 224.54 180.98 407.58 245.42 -1 -1 -1 -1000 -1000 -1000 -10 0.72
47 5 Car -1 -1 -1 272.84 179.10 453.03 247.71 -1 -1 -1 -1000 -1000 -1000 -10 0.91
47 6 Car -1 -1 -1 971.22 166.97 1182.39 244.12 -1 -1 -1 -1000 -1000 -1000 -10 0.90
48 6 Car -1 -1 -1 1021.95 166.80 1240.12 243.36 -1 -1 -1 -1000 -1000 -1000 -10 0.91
48 5 Car -1 -1 -1 319.94 177.89 498.77 246.45 -1 -1 -1 -1000 -1000 -1000 -10 0.87
49 6 Car -1 -1 -1 1071.78 166.69 1238.01 242.91 -1 -1 -1 -1000 -1000 -1000 -10 0.90
49 5 Car -1 -1 -1 351.43 179.31 545.17 244.68 -1 -1 -1 -1000 -1000 -1000 -10 0.88
50 5 Car -1 -1 -1 419.24 177.12 593.15 239.73 -1 -1 -1 -1000 -1000 -1000 -10 0.92
50 6 Car -1 -1 -1 1125.83 166.67 1239.00 242.28 -1 -1 -1 -1000 -1000 -1000 -10 0.86
51 5 Car -1 -1 -1 464.06 176.60 641.10 239.26 -1 -1 -1 -1000 -1000 -1000 -10 0.88
51 6 Car -1 -1 -1 1181.92 165.97 1236.89 236.04 -1 -1 -1 -1000 -1000 -1000 -10 0.72
52 5 Car -1 -1 -1 519.00 174.25 687.83 237.68 -1 -1 -1 -1000 -1000 -1000 -10 0.94
53 5 Car -1 -1 -1 565.30 173.12 735.89 237.55 -1 -1 -1 -1000 -1000 -1000 -10 0.93
54 5 Car -1 -1 -1 614.10 171.83 787.63 236.95 -1 -1 -1 -1000 -1000 -1000 -10 0.94
55 5 Car -1 -1 -1 663.54 168.96 837.79 234.73 -1 -1 -1 -1000 -1000 -1000 -10 0.95
56 5 Car -1 -1 -1 714.23 167.78 887.86 233.51 -1 -1 -1 -1000 -1000 -1000 -10 0.92
57 5 Car -1 -1 -1 761.37 167.14 941.69 233.51 -1 -1 -1 -1000 -1000 -1000 -10 0.91
58 5 Car -1 -1 -1 808.88 165.31 988.83 230.34 -1 -1 -1 -1000 -1000 -1000 -10 0.92
59 5 Car -1 -1 -1 858.02 162.75 1038.70 230.04 -1 -1 -1 -1000 -1000 -1000 -10 0.90
60 5 Car -1 -1 -1 905.33 162.84 1092.88 229.73 -1 -1 -1 -1000 -1000 -1000 -10 0.89
61 5 Car -1 -1 -1 957.72 159.54 1141.17 228.71 -1 -1 -1 -1000 -1000 -1000 -10 0.89
62 5 Car -1 -1 -1 1004.53 159.12 1195.91 227.51 -1 -1 -1 -1000 -1000 -1000 -10 0.87
63 5 Car -1 -1 -1 1047.48 160.43 1238.10 224.29 -1 -1 -1 -1000 -1000 -1000 -10 0.89
64 5 Car -1 -1 -1 1101.08 160.17 1237.20 224.43 -1 -1 -1 -1000 -1000 -1000 -10 0.89
65 5 Car -1 -1 -1 1146.05 157.31 1239.37 223.35 -1 -1 -1 -1000 -1000 -1000 -10 0.87
66 5 Car -1 -1 -1 1195.93 153.52 1236.43 218.98 -1 -1 -1 -1000 -1000 -1000 -10 0.72
86 11 Car -1 -1 -1 1202.08 156.23 1240.51 191.48 -1 -1 -1 -1000 -1000 -1000 -10 0.69
87 11 Car -1 -1 -1 1171.35 156.42 1240.51 192.26 -1 -1 -1 -1000 -1000 -1000 -10 0.82
88 11 Car -1 -1 -1 1137.25 156.22 1240.46 193.66 -1 -1 -1 -1000 -1000 -1000 -10 0.85
89 11 Car -1 -1 -1 1101.50 158.13 1223.39 195.26 -1 -1 -1 -1000 -1000 -1000 -10 0.86
90 11 Car -1 -1 -1 1069.70 158.11 1186.30 197.16 -1 -1 -1 -1000 -1000 -1000 -10 0.89
91 11 Car -1 -1 -1 1040.78 159.11 1152.73 197.97 -1 -1 -1 -1000 -1000 -1000 -10 0.90
92 11 Car -1 -1 -1 1003.24 161.72 1120.77 199.77 -1 -1 -1 -1000 -1000 -1000 -10 0.84
93 11 Car -1 -1 -1 973.67 163.27 1085.80 199.64 -1 -1 -1 -1000 -1000 -1000 -10 0.88
94 11 Car -1 -1 -1 941.35 163.89 1050.55 200.28 -1 -1 -1 -1000 -1000 -1000 -10 0.90
95 11 Car -1 -1 -1 909.00 166.31 1019.92 202.18 -1 -1 -1 -1000 -1000 -1000 -10 0.84
96 11 Car -1 -1 -1 882.23 167.50 984.80 202.23 -1 -1 -1 -1000 -1000 -1000 -10 0.88
97 11 Car -1 -1 -1 849.44 168.64 953.91 203.66 -1 -1 -1 -1000 -1000 -1000 -10 0.86
98 11 Car -1 -1 -1 814.76 171.78 918.55 204.56 -1 -1 -1 -1000 -1000 -1000 -10 0.81
99 11 Car -1 -1 -1 783.77 172.14 887.60 205.22 -1 -1 -1 -1000 -1000 -1000 -10 0.86
100 11 Car -1 -1 -1 754.33 173.50 854.35 206.73 -1 -1 -1 -1000 -1000 -1000 -10 0.84
101 11 Car -1 -1 -1 721.57 175.23 820.12 209.40 -1 -1 -1 -1000 -1000 -1000 -10 0.88
102 11 Car -1 -1 -1 690.41 176.04 790.01 210.07 -1 -1 -1 -1000 -1000 -1000 -10 0.87
103 11 Car -1 -1 -1 657.65 177.28 757.64 211.80 -1 -1 -1 -1000 -1000 -1000 -10 0.86
104 11 Car -1 -1 -1 628.97 180.42 724.54 211.96 -1 -1 -1 -1000 -1000 -1000 -10 0.85
105 11 Car -1 -1 -1 598.31 181.15 692.64 213.81 -1 -1 -1 -1000 -1000 -1000 -10 0.86
106 11 Car -1 -1 -1 568.28 182.83 660.52 214.46 -1 -1 -1 -1000 -1000 -1000 -10 0.75
107 11 Car -1 -1 -1 533.49 184.12 628.33 216.04 -1 -1 -1 -1000 -1000 -1000 -10 0.83
108 11 Car -1 -1 -1 500.30 184.88 598.11 217.83 -1 -1 -1 -1000 -1000 -1000 -10 0.88
109 11 Car -1 -1 -1 475.06 184.82 568.05 219.16 -1 -1 -1 -1000 -1000 -1000 -10 0.85
110 11 Car -1 -1 -1 437.44 185.64 536.54 219.08 -1 -1 -1 -1000 -1000 -1000 -10 0.67
110 12 Cyclist -1 -1 -1 305.43 186.78 327.62 221.89 -1 -1 -1 -1000 -1000 -1000 -10 0.41
111 11 Car -1 -1 -1 403.10 187.12 501.70 222.56 -1 -1 -1 -1000 -1000 -1000 -10 0.82
111 12 Cyclist -1 -1 -1 307.10 186.23 325.38 222.24 -1 -1 -1 -1000 -1000 -1000 -10 0.61
112 11 Car -1 -1 -1 386.87 188.82 494.44 222.21 -1 -1 -1 -1000 -1000 -1000 -10 0.70
112 12 Cyclist -1 -1 -1 305.66 186.09 325.95 221.81 -1 -1 -1 -1000 -1000 -1000 -10 0.64
113 12 Cyclist -1 -1 -1 306.04 185.39 325.13 222.22 -1 -1 -1 -1000 -1000 -1000 -10 0.58
113 11 Car -1 -1 -1 345.35 181.17 434.40 221.02 -1 -1 -1 -1000 -1000 -1000 -10 0.42
114 11 Car -1 -1 -1 301.72 182.62 424.48 227.15 -1 -1 -1 -1000 -1000 -1000 -10 0.63
115 11 Car -1 -1 -1 270.10 191.25 377.50 226.58 -1 -1 -1 -1000 -1000 -1000 -10 0.85
116 11 Car -1 -1 -1 245.16 194.43 346.93 225.74 -1 -1 -1 -1000 -1000 -1000 -10 0.76
117 11 Car -1 -1 -1 210.30 194.98 315.14 231.21 -1 -1 -1 -1000 -1000 -1000 -10 0.87
118 11 Car -1 -1 -1 178.12 195.14 282.39 232.33 -1 -1 -1 -1000 -1000 -1000 -10 0.89
119 11 Car -1 -1 -1 140.39 198.06 253.18 233.55 -1 -1 -1 -1000 -1000 -1000 -10 0.79
120 11 Car -1 -1 -1 110.00 199.92 218.94 234.17 -1 -1 -1 -1000 -1000 -1000 -10 0.82
121 11 Car -1 -1 -1 76.20 199.24 186.11 236.56 -1 -1 -1 -1000 -1000 -1000 -10 0.84
122 11 Car -1 -1 -1 41.71 201.33 155.65 238.30 -1 -1 -1 -1000 -1000 -1000 -10 0.92
124 11 Car -1 -1 -1 1.05 202.81 89.44 240.04 -1 -1 -1 -1000 -1000 -1000 -10 0.84
125 11 Car -1 -1 -1 2.50 206.35 56.18 239.86 -1 -1 -1 -1000 -1000 -1000 -10 0.77
126 11 Car -1 -1 -1 1.81 204.76 31.27 237.02 -1 -1 -1 -1000 -1000 -1000 -10 0.55
