0 1 Car -1 -1 -1 556.23 191.26 682.94 303.80 -1 -1 -1 -1000 -1000 -1000 -10 0.97
0 2 Car -1 -1 -1 996.99 126.54 1222.50 232.19 -1 -1 -1 -1000 -1000 -1000 -10 0.82
0 3 Pedestrian -1 -1 -1 506.52 166.68 531.36 238.55 -1 -1 -1 -1000 -1000 -1000 -10 0.75
0 4 Pedestrian -1 -1 -1 484.90 175.55 514.44 259.75 -1 -1 -1 -1000 -1000 -1000 -10 0.71
0 5 Pedestrian -1 -1 -1 382.50 171.87 448.82 333.39 -1 -1 -1 -1000 -1000 -1000 -10 0.68
0 6 Pedestrian -1 -1 -1 185.58 159.46 278.32 367.39 -1 -1 -1 -1000 -1000 -1000 -10 0.64
0 7 Pedestrian -1 -1 -1 462.45 168.73 491.45 252.48 -1 -1 -1 -1000 -1000 -1000 -10 0.61
0 8 Pedestrian -1 -1 -1 153.79 185.90 179.74 256.92 -1 -1 -1 -1000 -1000 -1000 -10 0.47
0 9 Pedestrian -1 -1 -1 422.17 170.13 462.40 281.63 -1 -1 -1 -1000 -1000 -1000 -10 0.44
0 10 Pedestrian -1 -1 -1 936.53 152.55 967.54 230.67 -1 -1 -1 -1000 -1000 -1000 -10 0.43
1 1 Car -1 -1 -1 556.30 190.98 681.56 304.00 -1 -1 -1 -1000 -1000 -1000 -10 0.97
1 2 Car -1 -1 -1 1007.37 121.96 1219.92 236.91 -1 -1 -1 -1000 -1000 -1000 -10 0.91
1 5 Pedestrian -1 -1 -1 364.48 166.52 436.55 353.81 -1 -1 -1 -1000 -1000 -1000 -10 0.84
1 7 Pedestrian -1 -1 -1 457.31 169.55 489.10 257.67 -1 -1 -1 -1000 -1000 -1000 -10 0.78
1 4 Pedestrian -1 -1 -1 480.56 177.21 511.08 264.29 -1 -1 -1 -1000 -1000 -1000 -10 0.77
1 3 Pedestrian -1 -1 -1 502.54 168.40 529.19 243.48 -1 -1 -1 -1000 -1000 -1000 -10 0.76
1 9 Pedestrian -1 -1 -1 409.40 172.89 452.74 292.40 -1 -1 -1 -1000 -1000 -1000 -10 0.74
1 6 Pedestrian -1 -1 -1 110.23 162.03 261.44 364.63 -1 -1 -1 -1000 -1000 -1000 -10 0.63
1 10 Pedestrian -1 -1 -1 945.62 149.72 981.87 232.98 -1 -1 -1 -1000 -1000 -1000 -10 0.63
1 8 Pedestrian -1 -1 -1 142.21 187.57 168.38 270.32 -1 -1 -1 -1000 -1000 -1000 -10 0.43
1 11 Car -1 -1 -1 551.81 181.42 601.31 215.71 -1 -1 -1 -1000 -1000 -1000 -10 0.63
1 12 Cyclist -1 -1 -1 262.41 183.86 284.31 221.12 -1 -1 -1 -1000 -1000 -1000 -10 0.48
2 1 Car -1 -1 -1 557.18 191.72 680.08 304.43 -1 -1 -1 -1000 -1000 -1000 -10 0.98
2 2 Car -1 -1 -1 1013.53 119.17 1221.39 239.30 -1 -1 -1 -1000 -1000 -1000 -10 0.90
2 3 Pedestrian -1 -1 -1 501.00 167.76 528.90 245.70 -1 -1 -1 -1000 -1000 -1000 -10 0.81
2 5 Pedestrian -1 -1 -1 347.07 167.93 422.99 366.24 -1 -1 -1 -1000 -1000 -1000 -10 0.80
2 9 Pedestrian -1 -1 -1 396.21 173.98 443.54 299.65 -1 -1 -1 -1000 -1000 -1000 -10 0.75
2 4 Pedestrian -1 -1 -1 476.25 176.08 507.48 267.86 -1 -1 -1 -1000 -1000 -1000 -10 0.72
2 7 Pedestrian -1 -1 -1 452.47 167.79 486.56 261.54 -1 -1 -1 -1000 -1000 -1000 -10 0.71
2 11 Car -1 -1 -1 549.46 180.65 604.95 217.62 -1 -1 -1 -1000 -1000 -1000 -10 0.70
2 10 Pedestrian -1 -1 -1 960.05 150.30 997.85 237.10 -1 -1 -1 -1000 -1000 -1000 -10 0.64
2 12 Cyclist -1 -1 -1 258.26 184.83 280.92 222.11 -1 -1 -1 -1000 -1000 -1000 -10 0.63
2 6 Pedestrian -1 -1 -1 26.70 161.12 237.72 366.19 -1 -1 -1 -1000 -1000 -1000 -10 0.55
2 13 Car -1 -1 -1 792.33 174.97 851.05 197.53 -1 -1 -1 -1000 -1000 -1000 -10 0.48
3 1 Car -1 -1 -1 557.96 188.98 678.95 301.90 -1 -1 -1 -1000 -1000 -1000 -10 0.97
3 2 Car -1 -1 -1 1029.34 118.65 1219.12 239.99 -1 -1 -1 -1000 -1000 -1000 -10 0.83
3 5 Pedestrian -1 -1 -1 324.20 169.64 407.71 365.06 -1 -1 -1 -1000 -1000 -1000 -10 0.81
3 3 Pedestrian -1 -1 -1 496.85 166.83 526.42 245.73 -1 -1 -1 -1000 -1000 -1000 -10 0.80
3 13 Car -1 -1 -1 795.42 174.09 862.20 198.82 -1 -1 -1 -1000 -1000 -1000 -10 0.79
3 7 Pedestrian -1 -1 -1 448.48 169.86 482.37 264.67 -1 -1 -1 -1000 -1000 -1000 -10 0.79
3 9 Pedestrian -1 -1 -1 382.43 172.64 434.17 307.45 -1 -1 -1 -1000 -1000 -1000 -10 0.75
3 11 Car -1 -1 -1 547.59 180.25 599.77 218.39 -1 -1 -1 -1000 -1000 -1000 -10 0.75
3 4 Pedestrian -1 -1 -1 472.45 177.75 503.61 271.20 -1 -1 -1 -1000 -1000 -1000 -10 0.74
3 10 Pedestrian -1 -1 -1 975.65 152.53 1013.10 238.57 -1 -1 -1 -1000 -1000 -1000 -10 0.66
3 12 Cyclist -1 -1 -1 250.72 184.64 274.99 222.19 -1 -1 -1 -1000 -1000 -1000 -10 0.63
3 6 Pedestrian -1 -1 -1 -9.76 150.52 182.40 368.66 -1 -1 -1 -1000 -1000 -1000 -10 0.41
3 14 Pedestrian -1 -1 -1 146.04 180.69 179.40 262.85 -1 -1 -1 -1000 -1000 -1000 -10 0.51
4 1 Car -1 -1 -1 557.31 189.42 678.54 301.49 -1 -1 -1 -1000 -1000 -1000 -10 0.97
4 2 Car -1 -1 -1 1037.13 119.15 1220.51 240.33 -1 -1 -1 -1000 -1000 -1000 -10 0.88
4 13 Car -1 -1 -1 798.56 173.69 859.98 199.29 -1 -1 -1 -1000 -1000 -1000 -10 0.80
4 11 Car -1 -1 -1 545.38 179.42 600.76 218.61 -1 -1 -1 -1000 -1000 -1000 -10 0.77
4 3 Pedestrian -1 -1 -1 493.25 166.42 522.90 247.01 -1 -1 -1 -1000 -1000 -1000 -10 0.76
4 9 Pedestrian -1 -1 -1 369.88 169.14 423.10 312.60 -1 -1 -1 -1000 -1000 -1000 -10 0.76
4 5 Pedestrian -1 -1 -1 293.61 169.85 392.27 364.19 -1 -1 -1 -1000 -1000 -1000 -10 0.75
4 7 Pedestrian -1 -1 -1 443.71 166.51 478.97 267.29 -1 -1 -1 -1000 -1000 -1000 -10 0.75
4 12 Cyclist -1 -1 -1 242.78 182.84 268.22 221.71 -1 -1 -1 -1000 -1000 -1000 -10 0.68
4 14 Pedestrian -1 -1 -1 135.40 179.17 166.70 261.60 -1 -1 -1 -1000 -1000 -1000 -10 0.66
4 4 Pedestrian -1 -1 -1 467.03 176.85 501.07 272.50 -1 -1 -1 -1000 -1000 -1000 -10 0.65
4 10 Pedestrian -1 -1 -1 994.67 152.06 1031.44 242.72 -1 -1 -1 -1000 -1000 -1000 -10 0.64
4 6 Pedestrian -1 -1 -1 2.30 177.68 154.97 364.40 -1 -1 -1 -1000 -1000 -1000 -10 0.52
4 15 Car -1 -1 -1 396.18 184.15 434.40 206.83 -1 -1 -1 -1000 -1000 -1000 -10 0.60
4 16 Pedestrian -1 -1 -1 479.08 168.64 505.70 249.89 -1 -1 -1 -1000 -1000 -1000 -10 0.44
5 1 Car -1 -1 -1 555.91 190.28 676.42 300.08 -1 -1 -1 -1000 -1000 -1000 -10 0.96
5 2 Car -1 -1 -1 1054.74 117.97 1217.60 240.57 -1 -1 -1 -1000 -1000 -1000 -10 0.86
5 4 Pedestrian -1 -1 -1 459.10 174.84 495.24 276.96 -1 -1 -1 -1000 -1000 -1000 -10 0.82
5 13 Car -1 -1 -1 802.48 173.62 862.66 197.91 -1 -1 -1 -1000 -1000 -1000 -10 0.74
5 3 Pedestrian -1 -1 -1 492.94 163.75 522.12 241.68 -1 -1 -1 -1000 -1000 -1000 -10 0.73
5 5 Pedestrian -1 -1 -1 269.40 164.77 377.80 362.98 -1 -1 -1 -1000 -1000 -1000 -10 0.72
5 15 Car -1 -1 -1 385.18 183.95 429.78 207.19 -1 -1 -1 -1000 -1000 -1000 -10 0.72
5 9 Pedestrian -1 -1 -1 356.66 167.62 413.05 320.45 -1 -1 -1 -1000 -1000 -1000 -10 0.71
5 14 Pedestrian -1 -1 -1 120.69 181.36 151.43 259.96 -1 -1 -1 -1000 -1000 -1000 -10 0.70
5 11 Car -1 -1 -1 545.31 177.81 601.19 219.46 -1 -1 -1 -1000 -1000 -1000 -10 0.70
5 7 Pedestrian -1 -1 -1 435.08 164.13 473.54 271.84 -1 -1 -1 -1000 -1000 -1000 -10 0.69
5 16 Pedestrian -1 -1 -1 476.97 166.28 506.85 252.02 -1 -1 -1 -1000 -1000 -1000 -10 0.68
5 12 Cyclist -1 -1 -1 236.92 183.42 263.27 221.32 -1 -1 -1 -1000 -1000 -1000 -10 0.68
5 10 Pedestrian -1 -1 -1 1012.35 145.88 1052.34 243.03 -1 -1 -1 -1000 -1000 -1000 -10 0.64
5 6 Pedestrian -1 -1 -1 -1.53 168.80 112.75 366.03 -1 -1 -1 -1000 -1000 -1000 -10 0.42
6 1 Car -1 -1 -1 556.00 186.86 679.75 296.19 -1 -1 -1 -1000 -1000 -1000 -10 0.96
6 2 Car -1 -1 -1 1071.15 118.16 1216.88 239.88 -1 -1 -1 -1000 -1000 -1000 -10 0.89
6 4 Pedestrian -1 -1 -1 450.42 171.29 488.72 280.42 -1 -1 -1 -1000 -1000 -1000 -10 0.79
6 15 Car -1 -1 -1 377.98 180.97 424.21 207.96 -1 -1 -1 -1000 -1000 -1000 -10 0.76
6 13 Car -1 -1 -1 807.45 170.66 865.12 195.89 -1 -1 -1 -1000 -1000 -1000 -10 0.76
6 14 Pedestrian -1 -1 -1 102.07 178.92 138.92 263.37 -1 -1 -1 -1000 -1000 -1000 -10 0.74
6 16 Pedestrian -1 -1 -1 473.58 164.45 503.87 254.28 -1 -1 -1 -1000 -1000 -1000 -10 0.71
6 12 Cyclist -1 -1 -1 228.68 181.92 256.26 220.55 -1 -1 -1 -1000 -1000 -1000 -10 0.69
6 11 Car -1 -1 -1 546.92 176.67 598.32 218.59 -1 -1 -1 -1000 -1000 -1000 -10 0.68
6 3 Pedestrian -1 -1 -1 493.76 162.71 520.53 235.90 -1 -1 -1 -1000 -1000 -1000 -10 0.68
6 7 Pedestrian -1 -1 -1 427.14 162.51 466.26 274.17 -1 -1 -1 -1000 -1000 -1000 -10 0.67
6 9 Pedestrian -1 -1 -1 339.59 163.82 399.52 332.06 -1 -1 -1 -1000 -1000 -1000 -10 0.67
6 5 Pedestrian -1 -1 -1 225.78 164.23 360.32 363.26 -1 -1 -1 -1000 -1000 -1000 -10 0.60
6 6 Pedestrian -1 -1 -1 48.44 193.58 85.37 271.81 -1 -1 -1 -1000 -1000 -1000 -10 0.48
6 17 Car -1 -1 -1 986.80 164.57 1093.50 217.83 -1 -1 -1 -1000 -1000 -1000 -10 0.47
7 1 Car -1 -1 -1 557.29 186.35 678.38 293.64 -1 -1 -1 -1000 -1000 -1000 -10 0.96
7 13 Car -1 -1 -1 809.26 166.73 871.27 192.79 -1 -1 -1 -1000 -1000 -1000 -10 0.81
7 4 Pedestrian -1 -1 -1 441.70 169.42 482.25 281.96 -1 -1 -1 -1000 -1000 -1000 -10 0.75
7 16 Pedestrian -1 -1 -1 471.71 160.85 504.65 252.22 -1 -1 -1 -1000 -1000 -1000 -10 0.74
7 14 Pedestrian -1 -1 -1 86.33 177.59 124.79 266.64 -1 -1 -1 -1000 -1000 -1000 -10 0.74
7 2 Car -1 -1 -1 1099.06 108.16 1219.01 235.68 -1 -1 -1 -1000 -1000 -1000 -10 0.73
7 3 Pedestrian -1 -1 -1 494.03 160.37 520.25 235.39 -1 -1 -1 -1000 -1000 -1000 -10 0.70
7 15 Car -1 -1 -1 371.34 177.64 422.02 206.01 -1 -1 -1 -1000 -1000 -1000 -10 0.69
7 9 Pedestrian -1 -1 -1 322.87 161.24 385.95 342.28 -1 -1 -1 -1000 -1000 -1000 -10 0.69
7 6 Pedestrian -1 -1 -1 30.33 188.48 65.40 277.12 -1 -1 -1 -1000 -1000 -1000 -10 0.64
7 7 Pedestrian -1 -1 -1 421.04 159.48 463.79 277.21 -1 -1 -1 -1000 -1000 -1000 -10 0.63
7 5 Pedestrian -1 -1 -1 157.61 161.51 344.38 365.92 -1 -1 -1 -1000 -1000 -1000 -10 0.56
7 11 Car -1 -1 -1 546.29 171.86 600.16 217.36 -1 -1 -1 -1000 -1000 -1000 -10 0.52
7 17 Car -1 -1 -1 994.72 161.06 1108.87 220.06 -1 -1 -1 -1000 -1000 -1000 -10 0.46
7 18 Pedestrian -1 -1 -1 176.28 162.24 340.86 365.10 -1 -1 -1 -1000 -1000 -1000 -10 0.56
8 1 Car -1 -1 -1 558.94 182.82 676.51 290.58 -1 -1 -1 -1000 -1000 -1000 -10 0.96
8 13 Car -1 -1 -1 816.82 165.51 871.95 192.25 -1 -1 -1 -1000 -1000 -1000 -10 0.81
8 16 Pedestrian -1 -1 -1 471.60 159.02 504.92 253.90 -1 -1 -1 -1000 -1000 -1000 -10 0.75
8 4 Pedestrian -1 -1 -1 433.42 171.47 475.44 285.94 -1 -1 -1 -1000 -1000 -1000 -10 0.75
8 14 Pedestrian -1 -1 -1 69.83 177.06 110.29 267.51 -1 -1 -1 -1000 -1000 -1000 -10 0.72
8 9 Pedestrian -1 -1 -1 298.51 160.71 372.13 351.39 -1 -1 -1 -1000 -1000 -1000 -10 0.71
8 6 Pedestrian -1 -1 -1 10.07 187.71 47.47 279.58 -1 -1 -1 -1000 -1000 -1000 -10 0.66
8 3 Pedestrian -1 -1 -1 490.59 158.63 517.69 237.67 -1 -1 -1 -1000 -1000 -1000 -10 0.65
8 11 Car -1 -1 -1 545.08 171.74 601.24 216.15 -1 -1 -1 -1000 -1000 -1000 -10 0.65
8 7 Pedestrian -1 -1 -1 413.05 161.11 457.09 280.43 -1 -1 -1 -1000 -1000 -1000 -10 0.63
8 18 Pedestrian -1 -1 -1 230.30 161.97 325.35 365.13 -1 -1 -1 -1000 -1000 -1000 -10 0.55
8 5 Pedestrian -1 -1 -1 96.56 168.52 313.39 365.93 -1 -1 -1 -1000 -1000 -1000 -10 0.50
8 15 Car -1 -1 -1 365.63 175.39 418.28 206.74 -1 -1 -1 -1000 -1000 -1000 -10 0.50
9 1 Car -1 -1 -1 559.99 182.63 677.00 289.46 -1 -1 -1 -1000 -1000 -1000 -10 0.97
9 15 Car -1 -1 -1 349.96 177.33 412.00 209.34 -1 -1 -1 -1000 -1000 -1000 -10 0.78
9 13 Car -1 -1 -1 819.09 164.24 878.12 192.48 -1 -1 -1 -1000 -1000 -1000 -10 0.78
9 4 Pedestrian -1 -1 -1 424.27 170.65 468.75 289.10 -1 -1 -1 -1000 -1000 -1000 -10 0.77
9 3 Pedestrian -1 -1 -1 490.46 160.52 516.71 236.84 -1 -1 -1 -1000 -1000 -1000 -10 0.75
9 16 Pedestrian -1 -1 -1 467.57 156.76 502.36 256.79 -1 -1 -1 -1000 -1000 -1000 -10 0.73
9 18 Pedestrian -1 -1 -1 192.36 159.91 301.96 366.88 -1 -1 -1 -1000 -1000 -1000 -10 0.69
9 11 Car -1 -1 -1 546.84 171.47 599.27 211.12 -1 -1 -1 -1000 -1000 -1000 -10 0.65
9 14 Pedestrian -1 -1 -1 46.28 172.93 95.41 271.40 -1 -1 -1 -1000 -1000 -1000 -10 0.64
9 9 Pedestrian -1 -1 -1 270.43 159.96 354.14 360.31 -1 -1 -1 -1000 -1000 -1000 -10 0.63
9 7 Pedestrian -1 -1 -1 404.53 157.48 450.36 285.48 -1 -1 -1 -1000 -1000 -1000 -10 0.60
9 6 Pedestrian -1 -1 -1 2.17 170.12 24.68 295.91 -1 -1 -1 -1000 -1000 -1000 -10 0.46
10 1 Car -1 -1 -1 560.68 183.60 676.56 288.13 -1 -1 -1 -1000 -1000 -1000 -10 0.96
10 13 Car -1 -1 -1 820.85 164.26 884.33 192.44 -1 -1 -1 -1000 -1000 -1000 -10 0.81
10 4 Pedestrian -1 -1 -1 414.39 171.54 462.69 295.53 -1 -1 -1 -1000 -1000 -1000 -10 0.80
10 16 Pedestrian -1 -1 -1 465.87 159.79 502.46 259.26 -1 -1 -1 -1000 -1000 -1000 -10 0.79
10 9 Pedestrian -1 -1 -1 236.76 161.86 334.16 365.20 -1 -1 -1 -1000 -1000 -1000 -10 0.72
10 18 Pedestrian -1 -1 -1 143.04 154.91 282.24 365.25 -1 -1 -1 -1000 -1000 -1000 -10 0.72
10 3 Pedestrian -1 -1 -1 486.50 159.88 514.44 236.51 -1 -1 -1 -1000 -1000 -1000 -10 0.71
10 11 Car -1 -1 -1 548.68 170.42 597.60 210.37 -1 -1 -1 -1000 -1000 -1000 -10 0.65
10 15 Car -1 -1 -1 345.66 178.35 400.55 208.60 -1 -1 -1 -1000 -1000 -1000 -10 0.59
10 7 Pedestrian -1 -1 -1 394.64 155.69 444.04 287.40 -1 -1 -1 -1000 -1000 -1000 -10 0.51
11 1 Car -1 -1 -1 562.69 181.70 676.95 286.18 -1 -1 -1 -1000 -1000 -1000 -10 0.96
11 16 Pedestrian -1 -1 -1 461.31 156.90 500.32 262.68 -1 -1 -1 -1000 -1000 -1000 -10 0.85
11 4 Pedestrian -1 -1 -1 401.99 170.10 452.88 302.24 -1 -1 -1 -1000 -1000 -1000 -10 0.82
11 13 Car -1 -1 -1 823.67 164.53 888.96 191.93 -1 -1 -1 -1000 -1000 -1000 -10 0.80
11 9 Pedestrian -1 -1 -1 204.95 154.54 312.26 365.04 -1 -1 -1 -1000 -1000 -1000 -10 0.77
11 3 Pedestrian -1 -1 -1 485.31 158.44 513.77 237.40 -1 -1 -1 -1000 -1000 -1000 -10 0.72
11 15 Car -1 -1 -1 334.12 179.64 391.59 207.71 -1 -1 -1 -1000 -1000 -1000 -10 0.70
11 18 Pedestrian -1 -1 -1 94.15 153.94 239.21 365.99 -1 -1 -1 -1000 -1000 -1000 -10 0.69
11 7 Pedestrian -1 -1 -1 381.49 151.20 434.66 292.01 -1 -1 -1 -1000 -1000 -1000 -10 0.53
11 11 Car -1 -1 -1 551.32 171.27 594.63 208.83 -1 -1 -1 -1000 -1000 -1000 -10 0.45
11 19 Car -1 -1 -1 427.99 175.61 466.30 197.66 -1 -1 -1 -1000 -1000 -1000 -10 0.60
11 20 Pedestrian -1 -1 -1 1.14 170.56 56.36 280.98 -1 -1 -1 -1000 -1000 -1000 -10 0.56
12 1 Car -1 -1 -1 563.67 180.66 676.20 285.62 -1 -1 -1 -1000 -1000 -1000 -10 0.97
12 15 Car -1 -1 -1 326.29 179.15 389.20 208.87 -1 -1 -1 -1000 -1000 -1000 -10 0.85
12 16 Pedestrian -1 -1 -1 455.41 155.62 498.57 265.77 -1 -1 -1 -1000 -1000 -1000 -10 0.84
12 4 Pedestrian -1 -1 -1 386.32 168.76 445.76 312.14 -1 -1 -1 -1000 -1000 -1000 -10 0.81
12 13 Car -1 -1 -1 832.32 164.41 886.70 192.06 -1 -1 -1 -1000 -1000 -1000 -10 0.69
12 3 Pedestrian -1 -1 -1 480.69 159.72 512.33 237.06 -1 -1 -1 -1000 -1000 -1000 -10 0.67
12 19 Car -1 -1 -1 424.00 174.95 462.98 196.82 -1 -1 -1 -1000 -1000 -1000 -10 0.66
12 9 Pedestrian -1 -1 -1 147.70 153.97 285.30 365.91 -1 -1 -1 -1000 -1000 -1000 -10 0.65
12 18 Pedestrian -1 -1 -1 22.46 156.22 211.27 363.31 -1 -1 -1 -1000 -1000 -1000 -10 0.64
12 7 Pedestrian -1 -1 -1 368.17 149.91 424.66 292.72 -1 -1 -1 -1000 -1000 -1000 -10 0.54
12 11 Car -1 -1 -1 550.90 170.74 594.94 209.44 -1 -1 -1 -1000 -1000 -1000 -10 0.47
13 1 Car -1 -1 -1 564.32 180.74 675.52 283.91 -1 -1 -1 -1000 -1000 -1000 -10 0.97
13 16 Pedestrian -1 -1 -1 447.42 156.48 492.10 270.17 -1 -1 -1 -1000 -1000 -1000 -10 0.84
13 19 Car -1 -1 -1 417.28 175.07 459.76 197.91 -1 -1 -1 -1000 -1000 -1000 -10 0.81
13 15 Car -1 -1 -1 317.58 179.92 385.05 210.10 -1 -1 -1 -1000 -1000 -1000 -10 0.80
13 4 Pedestrian -1 -1 -1 367.01 168.03 433.85 321.46 -1 -1 -1 -1000 -1000 -1000 -10 0.78
13 13 Car -1 -1 -1 832.30 162.72 888.83 193.31 -1 -1 -1 -1000 -1000 -1000 -10 0.61
13 7 Pedestrian -1 -1 -1 350.44 150.47 411.76 299.86 -1 -1 -1 -1000 -1000 -1000 -10 0.58
13 11 Car -1 -1 -1 558.55 169.70 601.99 204.26 -1 -1 -1 -1000 -1000 -1000 -10 0.57
13 3 Pedestrian -1 -1 -1 475.52 158.60 510.14 239.20 -1 -1 -1 -1000 -1000 -1000 -10 0.53
13 21 Cyclist -1 -1 -1 478.84 159.13 512.02 237.88 -1 -1 -1 -1000 -1000 -1000 -10 0.47
14 1 Car -1 -1 -1 565.77 178.40 677.02 281.84 -1 -1 -1 -1000 -1000 -1000 -10 0.94
14 16 Pedestrian -1 -1 -1 442.31 154.98 487.92 273.70 -1 -1 -1 -1000 -1000 -1000 -10 0.81
14 19 Car -1 -1 -1 411.36 175.80 457.97 199.36 -1 -1 -1 -1000 -1000 -1000 -10 0.80
14 15 Car -1 -1 -1 307.07 178.29 384.45 212.99 -1 -1 -1 -1000 -1000 -1000 -10 0.79
14 3 Pedestrian -1 -1 -1 475.95 158.31 508.18 240.13 -1 -1 -1 -1000 -1000 -1000 -10 0.74
14 4 Pedestrian -1 -1 -1 349.03 168.90 420.82 328.25 -1 -1 -1 -1000 -1000 -1000 -10 0.73
14 11 Car -1 -1 -1 558.99 170.56 601.47 202.08 -1 -1 -1 -1000 -1000 -1000 -10 0.68
14 7 Pedestrian -1 -1 -1 335.15 152.96 396.70 297.12 -1 -1 -1 -1000 -1000 -1000 -10 0.59
14 13 Car -1 -1 -1 832.30 161.92 902.61 191.27 -1 -1 -1 -1000 -1000 -1000 -10 0.44
14 22 Cyclist -1 -1 -1 161.12 174.02 202.33 221.60 -1 -1 -1 -1000 -1000 -1000 -10 0.65
14 23 Car -1 -1 -1 0.60 182.83 58.14 220.87 -1 -1 -1 -1000 -1000 -1000 -10 0.47
15 1 Car -1 -1 -1 566.86 179.70 673.23 280.70 -1 -1 -1 -1000 -1000 -1000 -10 0.95
15 16 Pedestrian -1 -1 -1 434.94 155.13 481.07 280.28 -1 -1 -1 -1000 -1000 -1000 -10 0.84
15 15 Car -1 -1 -1 296.61 179.66 374.26 216.02 -1 -1 -1 -1000 -1000 -1000 -10 0.82
15 4 Pedestrian -1 -1 -1 329.35 168.34 402.83 351.00 -1 -1 -1 -1000 -1000 -1000 -10 0.77
15 3 Pedestrian -1 -1 -1 473.00 157.52 504.16 244.91 -1 -1 -1 -1000 -1000 -1000 -10 0.73
15 19 Car -1 -1 -1 406.88 175.42 454.26 199.30 -1 -1 -1 -1000 -1000 -1000 -10 0.73
15 22 Cyclist -1 -1 -1 154.25 174.05 194.48 221.99 -1 -1 -1 -1000 -1000 -1000 -10 0.67
15 11 Car -1 -1 -1 561.69 170.61 598.44 200.86 -1 -1 -1 -1000 -1000 -1000 -10 0.65
15 13 Car -1 -1 -1 835.53 161.39 907.11 190.80 -1 -1 -1 -1000 -1000 -1000 -10 0.65
15 23 Car -1 -1 -1 -1.01 180.82 43.96 230.72 -1 -1 -1 -1000 -1000 -1000 -10 0.63
15 7 Pedestrian -1 -1 -1 316.17 159.36 377.26 291.25 -1 -1 -1 -1000 -1000 -1000 -10 0.55
16 1 Car -1 -1 -1 566.59 178.96 673.18 280.13 -1 -1 -1 -1000 -1000 -1000 -10 0.96
16 16 Pedestrian -1 -1 -1 425.71 155.50 475.28 286.73 -1 -1 -1 -1000 -1000 -1000 -10 0.82
16 19 Car -1 -1 -1 397.61 174.71 450.67 200.49 -1 -1 -1 -1000 -1000 -1000 -10 0.74
16 11 Car -1 -1 -1 559.67 170.71 593.58 196.87 -1 -1 -1 -1000 -1000 -1000 -10 0.74
16 3 Pedestrian -1 -1 -1 468.91 157.43 501.04 245.81 -1 -1 -1 -1000 -1000 -1000 -10 0.74
16 4 Pedestrian -1 -1 -1 302.86 164.74 383.28 355.20 -1 -1 -1 -1000 -1000 -1000 -10 0.71
16 22 Cyclist -1 -1 -1 148.48 174.19 184.19 222.34 -1 -1 -1 -1000 -1000 -1000 -10 0.71
16 15 Car -1 -1 -1 282.43 178.08 365.32 219.10 -1 -1 -1 -1000 -1000 -1000 -10 0.67
16 7 Pedestrian -1 -1 -1 286.65 158.38 353.24 292.75 -1 -1 -1 -1000 -1000 -1000 -10 0.53
16 13 Car -1 -1 -1 831.95 160.75 911.25 191.44 -1 -1 -1 -1000 -1000 -1000 -10 0.43
16 24 Pedestrian -1 -1 -1 511.24 161.94 535.10 226.62 -1 -1 -1 -1000 -1000 -1000 -10 0.52
17 1 Car -1 -1 -1 567.08 179.10 671.92 278.67 -1 -1 -1 -1000 -1000 -1000 -10 0.97
17 16 Pedestrian -1 -1 -1 416.83 157.16 468.28 292.42 -1 -1 -1 -1000 -1000 -1000 -10 0.85
17 19 Car -1 -1 -1 390.13 173.91 447.98 201.81 -1 -1 -1 -1000 -1000 -1000 -10 0.79
17 3 Pedestrian -1 -1 -1 467.97 158.01 500.28 245.54 -1 -1 -1 -1000 -1000 -1000 -10 0.77
17 11 Car -1 -1 -1 560.06 170.32 592.33 196.06 -1 -1 -1 -1000 -1000 -1000 -10 0.72
17 24 Pedestrian -1 -1 -1 511.05 162.42 533.83 228.40 -1 -1 -1 -1000 -1000 -1000 -10 0.66
17 22 Cyclist -1 -1 -1 140.03 174.05 176.25 222.98 -1 -1 -1 -1000 -1000 -1000 -10 0.63
17 13 Car -1 -1 -1 847.26 160.91 903.38 192.22 -1 -1 -1 -1000 -1000 -1000 -10 0.46
17 7 Pedestrian -1 -1 -1 255.74 156.04 338.27 309.51 -1 -1 -1 -1000 -1000 -1000 -10 0.44
17 25 Cyclist -1 -1 -1 259.92 158.38 379.59 360.26 -1 -1 -1 -1000 -1000 -1000 -10 0.63
17 26 Pedestrian -1 -1 -1 350.08 162.25 367.02 212.57 -1 -1 -1 -1000 -1000 -1000 -10 0.41
18 1 Car -1 -1 -1 566.69 179.82 672.01 277.64 -1 -1 -1 -1000 -1000 -1000 -10 0.97
18 16 Pedestrian -1 -1 -1 407.04 155.94 462.45 301.60 -1 -1 -1 -1000 -1000 -1000 -10 0.86
18 3 Pedestrian -1 -1 -1 464.32 157.01 497.17 249.47 -1 -1 -1 -1000 -1000 -1000 -10 0.73
18 19 Car -1 -1 -1 383.29 175.02 441.29 204.89 -1 -1 -1 -1000 -1000 -1000 -10 0.73
18 11 Car -1 -1 -1 554.32 171.10 592.34 196.70 -1 -1 -1 -1000 -1000 -1000 -10 0.72
18 26 Pedestrian -1 -1 -1 349.31 166.07 366.08 213.39 -1 -1 -1 -1000 -1000 -1000 -10 0.65
18 24 Pedestrian -1 -1 -1 509.32 162.74 529.82 227.41 -1 -1 -1 -1000 -1000 -1000 -10 0.64
18 13 Car -1 -1 -1 850.35 162.78 916.00 189.70 -1 -1 -1 -1000 -1000 -1000 -10 0.63
18 22 Cyclist -1 -1 -1 134.68 175.52 167.43 226.93 -1 -1 -1 -1000 -1000 -1000 -10 0.56
18 7 Pedestrian -1 -1 -1 219.23 149.11 344.19 362.66 -1 -1 -1 -1000 -1000 -1000 -10 0.44
18 27 Pedestrian -1 -1 -1 432.67 160.30 475.42 274.02 -1 -1 -1 -1000 -1000 -1000 -10 0.43
19 1 Car -1 -1 -1 567.80 180.45 669.57 276.45 -1 -1 -1 -1000 -1000 -1000 -10 0.97
19 16 Pedestrian -1 -1 -1 395.44 157.32 451.62 309.07 -1 -1 -1 -1000 -1000 -1000 -10 0.82
19 27 Pedestrian -1 -1 -1 428.50 159.65 471.86 276.48 -1 -1 -1 -1000 -1000 -1000 -10 0.77
19 13 Car -1 -1 -1 842.63 161.20 929.96 190.95 -1 -1 -1 -1000 -1000 -1000 -10 0.76
19 3 Pedestrian -1 -1 -1 460.13 158.58 493.14 253.03 -1 -1 -1 -1000 -1000 -1000 -10 0.76
19 19 Car -1 -1 -1 373.81 175.63 434.35 207.40 -1 -1 -1 -1000 -1000 -1000 -10 0.70
19 11 Car -1 -1 -1 553.29 170.57 592.13 197.72 -1 -1 -1 -1000 -1000 -1000 -10 0.69
19 24 Pedestrian -1 -1 -1 506.98 163.53 529.67 232.34 -1 -1 -1 -1000 -1000 -1000 -10 0.61
19 26 Pedestrian -1 -1 -1 343.81 166.40 363.80 216.02 -1 -1 -1 -1000 -1000 -1000 -10 0.61
19 28 Car -1 -1 -1 223.94 183.15 322.99 229.15 -1 -1 -1 -1000 -1000 -1000 -10 0.72
19 29 Pedestrian -1 -1 -1 126.59 176.10 154.10 230.35 -1 -1 -1 -1000 -1000 -1000 -10 0.42
20 1 Car -1 -1 -1 568.24 177.42 669.76 273.62 -1 -1 -1 -1000 -1000 -1000 -10 0.98
20 28 Car -1 -1 -1 218.29 187.49 306.04 230.27 -1 -1 -1 -1000 -1000 -1000 -10 0.84
20 16 Pedestrian -1 -1 -1 383.27 158.95 440.50 315.31 -1 -1 -1 -1000 -1000 -1000 -10 0.83
20 13 Car -1 -1 -1 848.70 160.09 932.70 191.05 -1 -1 -1 -1000 -1000 -1000 -10 0.79
20 27 Pedestrian -1 -1 -1 423.14 161.51 468.76 281.22 -1 -1 -1 -1000 -1000 -1000 -10 0.77
20 3 Pedestrian -1 -1 -1 452.11 157.48 487.12 255.64 -1 -1 -1 -1000 -1000 -1000 -10 0.77
20 24 Pedestrian -1 -1 -1 502.81 163.23 528.09 234.95 -1 -1 -1 -1000 -1000 -1000 -10 0.77
20 19 Car -1 -1 -1 365.86 175.74 419.31 207.66 -1 -1 -1 -1000 -1000 -1000 -10 0.72
20 11 Car -1 -1 -1 551.19 169.86 587.71 197.58 -1 -1 -1 -1000 -1000 -1000 -10 0.72
20 26 Pedestrian -1 -1 -1 340.69 167.22 359.40 216.26 -1 -1 -1 -1000 -1000 -1000 -10 0.55
20 30 Cyclist -1 -1 -1 82.18 144.66 297.25 367.62 -1 -1 -1 -1000 -1000 -1000 -10 0.57
20 31 Pedestrian -1 -1 -1 527.08 167.68 549.25 226.90 -1 -1 -1 -1000 -1000 -1000 -10 0.41
21 1 Car -1 -1 -1 568.80 177.36 669.29 271.58 -1 -1 -1 -1000 -1000 -1000 -10 0.97
21 28 Car -1 -1 -1 194.70 186.84 293.84 231.55 -1 -1 -1 -1000 -1000 -1000 -10 0.85
21 27 Pedestrian -1 -1 -1 415.07 159.66 462.65 282.98 -1 -1 -1 -1000 -1000 -1000 -10 0.85
21 16 Pedestrian -1 -1 -1 367.38 157.83 426.16 323.73 -1 -1 -1 -1000 -1000 -1000 -10 0.82
21 30 Cyclist -1 -1 -1 5.29 141.88 266.88 362.63 -1 -1 -1 -1000 -1000 -1000 -10 0.77
21 3 Pedestrian -1 -1 -1 446.80 154.74 483.75 257.53 -1 -1 -1 -1000 -1000 -1000 -10 0.76
21 13 Car -1 -1 -1 852.62 159.64 935.16 190.96 -1 -1 -1 -1000 -1000 -1000 -10 0.75
21 24 Pedestrian -1 -1 -1 501.51 162.12 527.54 235.46 -1 -1 -1 -1000 -1000 -1000 -10 0.66
21 19 Car -1 -1 -1 354.73 175.97 406.94 206.98 -1 -1 -1 -1000 -1000 -1000 -10 0.66
21 31 Pedestrian -1 -1 -1 523.15 162.37 547.11 228.22 -1 -1 -1 -1000 -1000 -1000 -10 0.56
21 11 Car -1 -1 -1 549.54 168.15 587.99 196.13 -1 -1 -1 -1000 -1000 -1000 -10 0.46
21 26 Pedestrian -1 -1 -1 336.73 165.25 355.46 217.56 -1 -1 -1 -1000 -1000 -1000 -10 0.46
22 1 Car -1 -1 -1 569.62 174.44 670.08 268.78 -1 -1 -1 -1000 -1000 -1000 -10 0.96
22 28 Car -1 -1 -1 172.56 186.12 277.61 232.27 -1 -1 -1 -1000 -1000 -1000 -10 0.87
22 27 Pedestrian -1 -1 -1 405.58 159.36 456.58 289.39 -1 -1 -1 -1000 -1000 -1000 -10 0.79
22 16 Pedestrian -1 -1 -1 350.93 154.29 411.80 333.92 -1 -1 -1 -1000 -1000 -1000 -10 0.75
22 3 Pedestrian -1 -1 -1 439.73 152.93 476.80 258.74 -1 -1 -1 -1000 -1000 -1000 -10 0.73
22 13 Car -1 -1 -1 859.79 159.14 943.90 189.10 -1 -1 -1 -1000 -1000 -1000 -10 0.67
22 30 Cyclist -1 -1 -1 -2.92 142.85 213.66 361.18 -1 -1 -1 -1000 -1000 -1000 -10 0.67
22 31 Pedestrian -1 -1 -1 522.58 160.81 545.49 228.69 -1 -1 -1 -1000 -1000 -1000 -10 0.65
22 24 Pedestrian -1 -1 -1 498.44 157.16 524.70 233.04 -1 -1 -1 -1000 -1000 -1000 -10 0.61
22 11 Car -1 -1 -1 550.78 166.77 580.68 192.25 -1 -1 -1 -1000 -1000 -1000 -10 0.56
22 26 Pedestrian -1 -1 -1 333.41 161.13 351.78 215.10 -1 -1 -1 -1000 -1000 -1000 -10 0.53
23 1 Car -1 -1 -1 571.29 174.44 668.37 266.50 -1 -1 -1 -1000 -1000 -1000 -10 0.95
23 27 Pedestrian -1 -1 -1 392.74 157.05 446.55 294.38 -1 -1 -1 -1000 -1000 -1000 -10 0.86
23 28 Car -1 -1 -1 144.93 187.23 263.16 237.68 -1 -1 -1 -1000 -1000 -1000 -10 0.84
23 3 Pedestrian -1 -1 -1 433.98 151.73 473.45 261.27 -1 -1 -1 -1000 -1000 -1000 -10 0.80
23 13 Car -1 -1 -1 861.82 157.18 949.62 188.13 -1 -1 -1 -1000 -1000 -1000 -10 0.78
23 16 Pedestrian -1 -1 -1 328.13 147.50 396.22 334.17 -1 -1 -1 -1000 -1000 -1000 -10 0.74
23 11 Car -1 -1 -1 550.05 167.20 579.10 189.97 -1 -1 -1 -1000 -1000 -1000 -10 0.73
23 24 Pedestrian -1 -1 -1 493.92 158.39 522.45 238.50 -1 -1 -1 -1000 -1000 -1000 -10 0.69
23 31 Pedestrian -1 -1 -1 518.51 159.99 543.15 231.13 -1 -1 -1 -1000 -1000 -1000 -10 0.66
23 32 Car -1 -1 -1 617.86 161.06 657.51 183.77 -1 -1 -1 -1000 -1000 -1000 -10 0.42
24 1 Car -1 -1 -1 572.04 173.69 667.03 263.41 -1 -1 -1 -1000 -1000 -1000 -10 0.96
24 27 Pedestrian -1 -1 -1 378.65 154.66 437.62 303.17 -1 -1 -1 -1000 -1000 -1000 -10 0.86
24 28 Car -1 -1 -1 114.06 189.99 243.62 242.57 -1 -1 -1 -1000 -1000 -1000 -10 0.85
24 3 Pedestrian -1 -1 -1 425.50 151.84 467.69 266.70 -1 -1 -1 -1000 -1000 -1000 -10 0.81
24 32 Car -1 -1 -1 618.33 158.91 657.31 185.48 -1 -1 -1 -1000 -1000 -1000 -10 0.74
24 13 Car -1 -1 -1 861.06 155.37 951.98 187.84 -1 -1 -1 -1000 -1000 -1000 -10 0.70
24 16 Pedestrian -1 -1 -1 301.64 149.79 376.75 347.16 -1 -1 -1 -1000 -1000 -1000 -10 0.69
24 24 Pedestrian -1 -1 -1 492.30 154.41 521.56 241.92 -1 -1 -1 -1000 -1000 -1000 -10 0.69
24 31 Pedestrian -1 -1 -1 516.62 157.39 543.41 233.51 -1 -1 -1 -1000 -1000 -1000 -10 0.65
24 11 Car -1 -1 -1 551.75 166.06 577.82 190.40 -1 -1 -1 -1000 -1000 -1000 -10 0.50
24 33 Car -1 -1 -1 320.95 172.11 388.80 211.26 -1 -1 -1 -1000 -1000 -1000 -10 0.62
25 1 Car -1 -1 -1 572.94 173.83 666.00 262.69 -1 -1 -1 -1000 -1000 -1000 -10 0.97
25 28 Car -1 -1 -1 80.88 192.20 220.88 249.85 -1 -1 -1 -1000 -1000 -1000 -10 0.93
25 27 Pedestrian -1 -1 -1 366.77 156.18 426.04 310.44 -1 -1 -1 -1000 -1000 -1000 -10 0.84
25 33 Car -1 -1 -1 310.11 175.34 382.25 212.35 -1 -1 -1 -1000 -1000 -1000 -10 0.78
25 3 Pedestrian -1 -1 -1 416.35 152.09 461.88 269.47 -1 -1 -1 -1000 -1000 -1000 -10 0.76
25 13 Car -1 -1 -1 869.60 154.58 957.29 187.54 -1 -1 -1 -1000 -1000 -1000 -10 0.72
25 32 Car -1 -1 -1 617.34 158.78 658.63 186.23 -1 -1 -1 -1000 -1000 -1000 -10 0.72
25 16 Pedestrian -1 -1 -1 273.92 150.53 358.31 361.36 -1 -1 -1 -1000 -1000 -1000 -10 0.70
25 11 Car -1 -1 -1 548.44 165.99 575.39 190.18 -1 -1 -1 -1000 -1000 -1000 -10 0.62
25 31 Pedestrian -1 -1 -1 513.71 160.67 540.20 234.91 -1 -1 -1 -1000 -1000 -1000 -10 0.62
25 24 Pedestrian -1 -1 -1 488.96 155.71 519.22 240.20 -1 -1 -1 -1000 -1000 -1000 -10 0.44
25 34 Pedestrian -1 -1 -1 749.98 154.05 786.71 257.29 -1 -1 -1 -1000 -1000 -1000 -10 0.58
25 35 Car -1 -1 -1 949.00 153.68 1040.02 195.57 -1 -1 -1 -1000 -1000 -1000 -10 0.57
27 1 Car -1 -1 -1 573.77 175.71 664.01 261.04 -1 -1 -1 -1000 -1000 -1000 -10 0.96
27 28 Car -1 -1 -1 4.32 196.45 166.67 263.96 -1 -1 -1 -1000 -1000 -1000 -10 0.92
27 33 Car -1 -1 -1 279.69 176.44 361.89 218.78 -1 -1 -1 -1000 -1000 -1000 -10 0.81
27 27 Pedestrian -1 -1 -1 331.23 157.59 400.54 331.80 -1 -1 -1 -1000 -1000 -1000 -10 0.81
27 3 Pedestrian -1 -1 -1 402.54 156.05 451.50 280.67 -1 -1 -1 -1000 -1000 -1000 -10 0.79
27 34 Pedestrian -1 -1 -1 759.69 157.15 799.39 269.14 -1 -1 -1 -1000 -1000 -1000 -10 0.75
27 16 Pedestrian -1 -1 -1 191.98 152.44 309.96 366.77 -1 -1 -1 -1000 -1000 -1000 -10 0.68
27 24 Pedestrian -1 -1 -1 510.33 166.74 534.75 237.45 -1 -1 -1 -1000 -1000 -1000 -10 0.63
27 36 Pedestrian -1 -1 -1 481.70 162.48 510.68 249.52 -1 -1 -1 -1000 -1000 -1000 -10 0.61
27 37 Pedestrian -1 -1 -1 826.62 151.89 886.10 298.20 -1 -1 -1 -1000 -1000 -1000 -10 0.54
28 1 Car -1 -1 -1 574.30 176.94 661.85 258.91 -1 -1 -1 -1000 -1000 -1000 -10 0.97
28 28 Car -1 -1 -1 0.59 195.03 133.42 272.44 -1 -1 -1 -1000 -1000 -1000 -10 0.94
28 3 Pedestrian -1 -1 -1 390.43 155.27 441.64 287.80 -1 -1 -1 -1000 -1000 -1000 -10 0.80
28 33 Car -1 -1 -1 265.17 175.32 350.84 221.71 -1 -1 -1 -1000 -1000 -1000 -10 0.80
28 34 Pedestrian -1 -1 -1 765.32 155.08 808.61 273.39 -1 -1 -1 -1000 -1000 -1000 -10 0.80
28 27 Pedestrian -1 -1 -1 313.95 159.83 387.11 343.82 -1 -1 -1 -1000 -1000 -1000 -10 0.79
28 24 Pedestrian -1 -1 -1 506.40 167.18 531.96 242.95 -1 -1 -1 -1000 -1000 -1000 -10 0.71
28 36 Pedestrian -1 -1 -1 475.63 159.10 509.77 254.01 -1 -1 -1 -1000 -1000 -1000 -10 0.68
28 37 Pedestrian -1 -1 -1 838.05 152.53 897.81 305.16 -1 -1 -1 -1000 -1000 -1000 -10 0.68
28 16 Pedestrian -1 -1 -1 126.81 151.47 290.85 367.68 -1 -1 -1 -1000 -1000 -1000 -10 0.62
28 38 Car -1 -1 -1 545.70 169.84 570.26 190.84 -1 -1 -1 -1000 -1000 -1000 -10 0.49
28 39 Car -1 -1 -1 614.64 162.75 662.08 187.74 -1 -1 -1 -1000 -1000 -1000 -10 0.42
29 1 Car -1 -1 -1 575.51 176.34 659.91 257.02 -1 -1 -1 -1000 -1000 -1000 -10 0.95
29 28 Car -1 -1 -1 0.12 194.02 96.75 280.64 -1 -1 -1 -1000 -1000 -1000 -10 0.82
29 34 Pedestrian -1 -1 -1 772.67 155.03 817.07 279.04 -1 -1 -1 -1000 -1000 -1000 -10 0.81
29 33 Car -1 -1 -1 243.50 175.24 326.70 222.97 -1 -1 -1 -1000 -1000 -1000 -10 0.80
29 3 Pedestrian -1 -1 -1 378.30 154.73 430.54 295.45 -1 -1 -1 -1000 -1000 -1000 -10 0.78
29 27 Pedestrian -1 -1 -1 288.05 158.53 367.34 353.38 -1 -1 -1 -1000 -1000 -1000 -10 0.77
29 24 Pedestrian -1 -1 -1 501.51 165.20 529.15 245.52 -1 -1 -1 -1000 -1000 -1000 -10 0.74
29 39 Car -1 -1 -1 612.05 161.69 664.42 188.94 -1 -1 -1 -1000 -1000 -1000 -10 0.73
29 36 Pedestrian -1 -1 -1 471.10 155.54 506.67 256.43 -1 -1 -1 -1000 -1000 -1000 -10 0.70
29 37 Pedestrian -1 -1 -1 850.92 147.74 915.04 311.21 -1 -1 -1 -1000 -1000 -1000 -10 0.60
29 38 Car -1 -1 -1 543.83 170.07 569.19 189.92 -1 -1 -1 -1000 -1000 -1000 -10 0.54
29 16 Pedestrian -1 -1 -1 23.18 148.21 271.88 363.59 -1 -1 -1 -1000 -1000 -1000 -10 0.41
29 40 Car -1 -1 -1 573.54 170.35 625.80 219.54 -1 -1 -1 -1000 -1000 -1000 -10 0.45
30 1 Car -1 -1 -1 574.56 176.52 656.96 253.68 -1 -1 -1 -1000 -1000 -1000 -10 0.92
30 33 Car -1 -1 -1 220.56 179.71 327.64 225.42 -1 -1 -1 -1000 -1000 -1000 -10 0.81
30 34 Pedestrian -1 -1 -1 781.04 150.44 831.34 284.93 -1 -1 -1 -1000 -1000 -1000 -10 0.80
30 3 Pedestrian -1 -1 -1 363.91 151.99 421.81 299.89 -1 -1 -1 -1000 -1000 -1000 -10 0.78
30 24 Pedestrian -1 -1 -1 497.18 164.25 525.69 246.90 -1 -1 -1 -1000 -1000 -1000 -10 0.77
30 36 Pedestrian -1 -1 -1 465.98 154.69 503.69 257.52 -1 -1 -1 -1000 -1000 -1000 -10 0.73
30 27 Pedestrian -1 -1 -1 262.60 159.83 346.49 360.48 -1 -1 -1 -1000 -1000 -1000 -10 0.72
30 38 Car -1 -1 -1 541.39 169.11 566.90 190.26 -1 -1 -1 -1000 -1000 -1000 -10 0.71
30 40 Car -1 -1 -1 567.76 168.36 622.93 221.92 -1 -1 -1 -1000 -1000 -1000 -10 0.70
30 37 Pedestrian -1 -1 -1 863.90 146.84 933.02 319.32 -1 -1 -1 -1000 -1000 -1000 -10 0.62
30 39 Car -1 -1 -1 610.80 160.84 664.39 188.59 -1 -1 -1 -1000 -1000 -1000 -10 0.58
30 41 Car -1 -1 -1 406.97 174.94 449.32 198.90 -1 -1 -1 -1000 -1000 -1000 -10 0.72
30 42 Cyclist -1 -1 -1 -4.72 147.18 215.32 363.98 -1 -1 -1 -1000 -1000 -1000 -10 0.43
30 43 Pedestrian -1 -1 -1 909.90 166.93 994.28 353.33 -1 -1 -1 -1000 -1000 -1000 -10 0.42
31 1 Car -1 -1 -1 572.96 176.84 656.05 251.96 -1 -1 -1 -1000 -1000 -1000 -10 0.96
31 40 Car -1 -1 -1 565.40 170.07 620.34 218.77 -1 -1 -1 -1000 -1000 -1000 -10 0.79
31 36 Pedestrian -1 -1 -1 460.35 152.83 501.55 259.84 -1 -1 -1 -1000 -1000 -1000 -10 0.79
31 24 Pedestrian -1 -1 -1 492.78 163.77 521.97 249.75 -1 -1 -1 -1000 -1000 -1000 -10 0.76
31 34 Pedestrian -1 -1 -1 790.37 148.67 845.32 287.70 -1 -1 -1 -1000 -1000 -1000 -10 0.75
31 3 Pedestrian -1 -1 -1 351.69 151.62 410.61 307.11 -1 -1 -1 -1000 -1000 -1000 -10 0.75
31 38 Car -1 -1 -1 540.03 169.22 566.86 191.08 -1 -1 -1 -1000 -1000 -1000 -10 0.74
31 33 Car -1 -1 -1 199.87 181.99 302.66 229.86 -1 -1 -1 -1000 -1000 -1000 -10 0.72
31 41 Car -1 -1 -1 397.71 176.56 447.38 202.16 -1 -1 -1 -1000 -1000 -1000 -10 0.70
31 27 Pedestrian -1 -1 -1 223.06 156.95 324.88 363.17 -1 -1 -1 -1000 -1000 -1000 -10 0.68
31 39 Car -1 -1 -1 609.35 161.89 665.82 188.21 -1 -1 -1 -1000 -1000 -1000 -10 0.68
31 43 Pedestrian -1 -1 -1 948.58 171.47 1039.81 362.73 -1 -1 -1 -1000 -1000 -1000 -10 0.66
31 37 Pedestrian -1 -1 -1 881.72 144.99 953.38 328.71 -1 -1 -1 -1000 -1000 -1000 -10 0.55
32 1 Car -1 -1 -1 572.90 176.37 654.70 251.43 -1 -1 -1 -1000 -1000 -1000 -10 0.95
32 41 Car -1 -1 -1 390.08 177.91 441.61 203.48 -1 -1 -1 -1000 -1000 -1000 -10 0.86
32 40 Car -1 -1 -1 564.11 171.14 618.71 217.48 -1 -1 -1 -1000 -1000 -1000 -10 0.82
32 33 Car -1 -1 -1 177.53 184.83 285.21 233.56 -1 -1 -1 -1000 -1000 -1000 -10 0.81
32 34 Pedestrian -1 -1 -1 800.89 151.36 858.29 297.77 -1 -1 -1 -1000 -1000 -1000 -10 0.76
32 38 Car -1 -1 -1 538.58 168.86 567.65 191.41 -1 -1 -1 -1000 -1000 -1000 -10 0.71
32 36 Pedestrian -1 -1 -1 457.71 154.57 496.77 258.93 -1 -1 -1 -1000 -1000 -1000 -10 0.70
32 24 Pedestrian -1 -1 -1 488.31 164.09 518.75 254.21 -1 -1 -1 -1000 -1000 -1000 -10 0.69
32 3 Pedestrian -1 -1 -1 335.36 152.94 396.87 320.35 -1 -1 -1 -1000 -1000 -1000 -10 0.69
32 27 Pedestrian -1 -1 -1 186.64 163.27 299.94 363.03 -1 -1 -1 -1000 -1000 -1000 -10 0.68
32 37 Pedestrian -1 -1 -1 899.72 145.30 973.57 343.35 -1 -1 -1 -1000 -1000 -1000 -10 0.63
32 43 Pedestrian -1 -1 -1 970.86 172.25 1101.84 362.64 -1 -1 -1 -1000 -1000 -1000 -10 0.59
32 39 Car -1 -1 -1 609.83 161.76 665.67 188.79 -1 -1 -1 -1000 -1000 -1000 -10 0.58
33 1 Car -1 -1 -1 571.46 177.03 652.73 249.94 -1 -1 -1 -1000 -1000 -1000 -10 0.95
33 40 Car -1 -1 -1 560.62 171.68 616.10 217.48 -1 -1 -1 -1000 -1000 -1000 -10 0.88
33 3 Pedestrian -1 -1 -1 320.44 151.47 387.98 329.99 -1 -1 -1 -1000 -1000 -1000 -10 0.76
33 33 Car -1 -1 -1 148.70 183.61 269.27 236.49 -1 -1 -1 -1000 -1000 -1000 -10 0.76
33 24 Pedestrian -1 -1 -1 483.95 165.51 515.28 255.97 -1 -1 -1 -1000 -1000 -1000 -10 0.75
33 36 Pedestrian -1 -1 -1 452.21 154.74 493.26 264.74 -1 -1 -1 -1000 -1000 -1000 -10 0.74
33 34 Pedestrian -1 -1 -1 810.89 152.65 871.37 304.75 -1 -1 -1 -1000 -1000 -1000 -10 0.73
33 41 Car -1 -1 -1 382.90 179.48 435.25 204.77 -1 -1 -1 -1000 -1000 -1000 -10 0.70
33 38 Car -1 -1 -1 537.18 168.60 563.84 191.92 -1 -1 -1 -1000 -1000 -1000 -10 0.69
33 27 Pedestrian -1 -1 -1 140.72 155.41 269.27 364.77 -1 -1 -1 -1000 -1000 -1000 -10 0.67
33 37 Pedestrian -1 -1 -1 916.37 147.30 995.47 349.60 -1 -1 -1 -1000 -1000 -1000 -10 0.59
33 39 Car -1 -1 -1 611.06 162.30 664.73 190.13 -1 -1 -1 -1000 -1000 -1000 -10 0.53
33 43 Pedestrian -1 -1 -1 996.02 171.44 1176.36 363.60 -1 -1 -1 -1000 -1000 -1000 -10 0.50
34 1 Car -1 -1 -1 570.79 178.45 650.78 250.11 -1 -1 -1 -1000 -1000 -1000 -10 0.96
34 36 Pedestrian -1 -1 -1 443.34 154.28 488.12 274.09 -1 -1 -1 -1000 -1000 -1000 -10 0.82
34 41 Car -1 -1 -1 374.75 181.94 427.95 209.02 -1 -1 -1 -1000 -1000 -1000 -10 0.82
34 24 Pedestrian -1 -1 -1 478.98 166.79 512.51 261.99 -1 -1 -1 -1000 -1000 -1000 -10 0.78
34 33 Car -1 -1 -1 132.03 188.80 254.02 246.43 -1 -1 -1 -1000 -1000 -1000 -10 0.76
34 40 Car -1 -1 -1 558.57 173.86 611.67 217.86 -1 -1 -1 -1000 -1000 -1000 -10 0.75
34 34 Pedestrian -1 -1 -1 823.87 156.10 888.48 316.54 -1 -1 -1 -1000 -1000 -1000 -10 0.73
34 3 Pedestrian -1 -1 -1 297.06 151.22 373.42 345.54 -1 -1 -1 -1000 -1000 -1000 -10 0.73
34 38 Car -1 -1 -1 536.40 171.00 563.04 194.36 -1 -1 -1 -1000 -1000 -1000 -10 0.72
34 37 Pedestrian -1 -1 -1 938.06 147.04 1019.75 357.56 -1 -1 -1 -1000 -1000 -1000 -10 0.61
34 27 Pedestrian -1 -1 -1 63.02 152.42 247.35 366.80 -1 -1 -1 -1000 -1000 -1000 -10 0.60
34 39 Car -1 -1 -1 607.55 164.40 661.13 192.73 -1 -1 -1 -1000 -1000 -1000 -10 0.53
35 1 Car -1 -1 -1 570.71 180.09 649.08 249.65 -1 -1 -1 -1000 -1000 -1000 -10 0.93
35 40 Car -1 -1 -1 557.94 176.96 608.94 218.08 -1 -1 -1 -1000 -1000 -1000 -10 0.84
35 33 Car -1 -1 -1 94.07 189.46 231.57 253.38 -1 -1 -1 -1000 -1000 -1000 -10 0.84
35 41 Car -1 -1 -1 363.71 183.64 421.52 210.97 -1 -1 -1 -1000 -1000 -1000 -10 0.83
35 24 Pedestrian -1 -1 -1 471.79 169.34 505.86 267.19 -1 -1 -1 -1000 -1000 -1000 -10 0.80
35 36 Pedestrian -1 -1 -1 439.62 160.05 483.22 273.95 -1 -1 -1 -1000 -1000 -1000 -10 0.76
35 3 Pedestrian -1 -1 -1 273.74 151.14 358.45 360.12 -1 -1 -1 -1000 -1000 -1000 -10 0.73
35 34 Pedestrian -1 -1 -1 842.14 158.30 908.52 329.66 -1 -1 -1 -1000 -1000 -1000 -10 0.72
35 38 Car -1 -1 -1 537.76 175.98 560.01 195.54 -1 -1 -1 -1000 -1000 -1000 -10 0.63
35 37 Pedestrian -1 -1 -1 968.86 152.01 1050.09 360.15 -1 -1 -1 -1000 -1000 -1000 -10 0.51
35 27 Pedestrian -1 -1 -1 2.52 156.23 200.79 362.88 -1 -1 -1 -1000 -1000 -1000 -10 0.50
35 39 Car -1 -1 -1 607.54 168.08 653.20 191.55 -1 -1 -1 -1000 -1000 -1000 -10 0.45
36 1 Car -1 -1 -1 569.40 179.74 644.49 248.20 -1 -1 -1 -1000 -1000 -1000 -10 0.96
36 41 Car -1 -1 -1 353.90 183.98 415.94 211.45 -1 -1 -1 -1000 -1000 -1000 -10 0.88
36 33 Car -1 -1 -1 39.95 190.26 209.99 261.07 -1 -1 -1 -1000 -1000 -1000 -10 0.86
36 40 Car -1 -1 -1 554.81 177.00 606.68 217.41 -1 -1 -1 -1000 -1000 -1000 -10 0.82
36 36 Pedestrian -1 -1 -1 433.27 160.66 475.19 274.48 -1 -1 -1 -1000 -1000 -1000 -10 0.80
36 34 Pedestrian -1 -1 -1 859.85 153.91 929.21 342.45 -1 -1 -1 -1000 -1000 -1000 -10 0.74
36 24 Pedestrian -1 -1 -1 466.72 170.25 501.73 271.23 -1 -1 -1 -1000 -1000 -1000 -10 0.73
36 3 Pedestrian -1 -1 -1 248.64 150.92 337.32 361.07 -1 -1 -1 -1000 -1000 -1000 -10 0.72
36 39 Car -1 -1 -1 606.88 167.84 653.12 191.33 -1 -1 -1 -1000 -1000 -1000 -10 0.63
36 38 Car -1 -1 -1 536.49 174.63 557.25 194.20 -1 -1 -1 -1000 -1000 -1000 -10 0.61
36 37 Pedestrian -1 -1 -1 1002.12 151.49 1085.72 360.93 -1 -1 -1 -1000 -1000 -1000 -10 0.47
37 1 Car -1 -1 -1 568.30 179.65 641.02 245.75 -1 -1 -1 -1000 -1000 -1000 -10 0.91
37 33 Car -1 -1 -1 3.85 196.36 177.18 267.43 -1 -1 -1 -1000 -1000 -1000 -10 0.88
37 40 Car -1 -1 -1 551.49 175.37 601.88 215.06 -1 -1 -1 -1000 -1000 -1000 -10 0.88
37 41 Car -1 -1 -1 343.88 184.22 410.36 212.29 -1 -1 -1 -1000 -1000 -1000 -10 0.88
37 36 Pedestrian -1 -1 -1 424.99 160.04 468.17 275.85 -1 -1 -1 -1000 -1000 -1000 -10 0.77
37 24 Pedestrian -1 -1 -1 458.93 168.50 495.56 275.81 -1 -1 -1 -1000 -1000 -1000 -10 0.75
37 3 Pedestrian -1 -1 -1 213.00 148.69 311.85 363.01 -1 -1 -1 -1000 -1000 -1000 -10 0.74
37 38 Car -1 -1 -1 535.09 173.60 556.65 194.80 -1 -1 -1 -1000 -1000 -1000 -10 0.72
37 34 Pedestrian -1 -1 -1 880.32 144.19 954.96 352.72 -1 -1 -1 -1000 -1000 -1000 -10 0.66
37 39 Car -1 -1 -1 601.88 166.32 650.99 191.24 -1 -1 -1 -1000 -1000 -1000 -10 0.48
37 37 Pedestrian -1 -1 -1 1028.00 142.47 1121.47 362.20 -1 -1 -1 -1000 -1000 -1000 -10 0.44
37 44 Pedestrian -1 -1 -1 1037.01 148.40 1127.66 363.59 -1 -1 -1 -1000 -1000 -1000 -10 0.44
38 1 Car -1 -1 -1 566.83 177.81 639.57 243.36 -1 -1 -1 -1000 -1000 -1000 -10 0.95
38 33 Car -1 -1 -1 1.60 197.22 146.51 277.03 -1 -1 -1 -1000 -1000 -1000 -10 0.95
38 41 Car -1 -1 -1 331.89 184.09 400.53 212.83 -1 -1 -1 -1000 -1000 -1000 -10 0.87
38 40 Car -1 -1 -1 548.80 173.98 598.36 213.84 -1 -1 -1 -1000 -1000 -1000 -10 0.86
38 38 Car -1 -1 -1 533.25 172.54 556.55 194.28 -1 -1 -1 -1000 -1000 -1000 -10 0.77
38 24 Pedestrian -1 -1 -1 450.36 168.97 489.14 280.74 -1 -1 -1 -1000 -1000 -1000 -10 0.77
38 3 Pedestrian -1 -1 -1 163.73 144.34 276.97 367.79 -1 -1 -1 -1000 -1000 -1000 -10 0.70
38 36 Pedestrian -1 -1 -1 415.93 158.16 461.44 278.27 -1 -1 -1 -1000 -1000 -1000 -10 0.69
38 34 Pedestrian -1 -1 -1 903.85 146.90 985.02 364.42 -1 -1 -1 -1000 -1000 -1000 -10 0.66
38 44 Pedestrian -1 -1 -1 1071.14 143.59 1185.45 368.33 -1 -1 -1 -1000 -1000 -1000 -10 0.46
38 39 Car -1 -1 -1 603.59 163.64 649.58 189.42 -1 -1 -1 -1000 -1000 -1000 -10 0.44
39 1 Car -1 -1 -1 564.36 177.04 636.64 240.35 -1 -1 -1 -1000 -1000 -1000 -10 0.92
39 33 Car -1 -1 -1 -1.63 197.19 112.87 285.34 -1 -1 -1 -1000 -1000 -1000 -10 0.91
39 40 Car -1 -1 -1 545.91 174.51 593.15 213.21 -1 -1 -1 -1000 -1000 -1000 -10 0.86
39 41 Car -1 -1 -1 320.92 184.30 393.17 213.96 -1 -1 -1 -1000 -1000 -1000 -10 0.79
39 24 Pedestrian -1 -1 -1 444.43 169.65 485.75 287.08 -1 -1 -1 -1000 -1000 -1000 -10 0.74
39 38 Car -1 -1 -1 533.17 172.61 553.42 193.14 -1 -1 -1 -1000 -1000 -1000 -10 0.69
39 3 Pedestrian -1 -1 -1 93.29 137.30 247.80 366.73 -1 -1 -1 -1000 -1000 -1000 -10 0.67
39 34 Pedestrian -1 -1 -1 934.92 150.00 1022.75 361.41 -1 -1 -1 -1000 -1000 -1000 -10 0.61
39 44 Pedestrian -1 -1 -1 1115.09 134.74 1218.12 369.45 -1 -1 -1 -1000 -1000 -1000 -10 0.56
39 36 Pedestrian -1 -1 -1 407.08 164.53 454.05 284.96 -1 -1 -1 -1000 -1000 -1000 -10 0.54
39 39 Car -1 -1 -1 603.38 163.39 657.00 189.41 -1 -1 -1 -1000 -1000 -1000 -10 0.45
40 1 Car -1 -1 -1 563.01 175.62 633.67 238.93 -1 -1 -1 -1000 -1000 -1000 -10 0.89
40 41 Car -1 -1 -1 306.26 183.52 380.62 215.88 -1 -1 -1 -1000 -1000 -1000 -10 0.84
40 38 Car -1 -1 -1 531.30 171.69 553.80 193.62 -1 -1 -1 -1000 -1000 -1000 -10 0.78
40 40 Car -1 -1 -1 544.33 175.10 587.49 211.46 -1 -1 -1 -1000 -1000 -1000 -10 0.77
40 24 Pedestrian -1 -1 -1 431.97 165.38 476.97 292.30 -1 -1 -1 -1000 -1000 -1000 -10 0.75
40 33 Car -1 -1 -1 -0.78 200.31 73.49 288.51 -1 -1 -1 -1000 -1000 -1000 -10 0.72
40 36 Pedestrian -1 -1 -1 401.30 159.99 444.83 283.73 -1 -1 -1 -1000 -1000 -1000 -10 0.67
40 34 Pedestrian -1 -1 -1 963.01 142.44 1063.74 361.77 -1 -1 -1 -1000 -1000 -1000 -10 0.53
40 3 Pedestrian -1 -1 -1 18.90 145.59 199.61 365.80 -1 -1 -1 -1000 -1000 -1000 -10 0.47
40 45 Cyclist -1 -1 -1 689.26 161.97 716.30 205.45 -1 -1 -1 -1000 -1000 -1000 -10 0.40
41 1 Car -1 -1 -1 560.65 175.37 630.19 238.06 -1 -1 -1 -1000 -1000 -1000 -10 0.95
41 41 Car -1 -1 -1 290.87 183.95 373.13 218.54 -1 -1 -1 -1000 -1000 -1000 -10 0.85
41 24 Pedestrian -1 -1 -1 422.80 168.07 469.78 297.60 -1 -1 -1 -1000 -1000 -1000 -10 0.80
41 45 Cyclist -1 -1 -1 685.20 161.97 713.20 206.17 -1 -1 -1 -1000 -1000 -1000 -10 0.73
41 40 Car -1 -1 -1 541.14 175.03 583.97 211.84 -1 -1 -1 -1000 -1000 -1000 -10 0.70
41 38 Car -1 -1 -1 531.11 171.15 554.73 193.45 -1 -1 -1 -1000 -1000 -1000 -10 0.65
41 36 Pedestrian -1 -1 -1 393.62 158.94 437.72 290.48 -1 -1 -1 -1000 -1000 -1000 -10 0.57
42 1 Car -1 -1 -1 558.22 175.76 627.83 236.79 -1 -1 -1 -1000 -1000 -1000 -10 0.95
42 41 Car -1 -1 -1 276.93 184.50 362.81 219.52 -1 -1 -1 -1000 -1000 -1000 -10 0.89
42 24 Pedestrian -1 -1 -1 409.02 170.19 460.55 304.12 -1 -1 -1 -1000 -1000 -1000 -10 0.73
42 45 Cyclist -1 -1 -1 680.94 162.36 710.02 209.20 -1 -1 -1 -1000 -1000 -1000 -10 0.73
42 40 Car -1 -1 -1 539.65 175.50 580.21 210.92 -1 -1 -1 -1000 -1000 -1000 -10 0.66
42 38 Car -1 -1 -1 529.26 171.03 554.84 194.35 -1 -1 -1 -1000 -1000 -1000 -10 0.64
42 36 Pedestrian -1 -1 -1 381.44 161.35 427.60 295.69 -1 -1 -1 -1000 -1000 -1000 -10 0.58
42 46 Car -1 -1 -1 406.19 172.10 486.57 226.38 -1 -1 -1 -1000 -1000 -1000 -10 0.63
42 47 Pedestrian -1 -1 -1 1011.92 134.62 1122.30 369.38 -1 -1 -1 -1000 -1000 -1000 -10 0.43
42 48 Car -1 -1 -1 653.02 167.55 700.31 200.24 -1 -1 -1 -1000 -1000 -1000 -10 0.41
43 1 Car -1 -1 -1 554.75 177.36 622.94 235.47 -1 -1 -1 -1000 -1000 -1000 -10 0.94
43 41 Car -1 -1 -1 259.54 186.97 349.53 222.92 -1 -1 -1 -1000 -1000 -1000 -10 0.87
43 40 Car -1 -1 -1 537.83 176.89 577.06 211.28 -1 -1 -1 -1000 -1000 -1000 -10 0.85
43 46 Car -1 -1 -1 393.19 173.37 483.94 229.52 -1 -1 -1 -1000 -1000 -1000 -10 0.79
43 24 Pedestrian -1 -1 -1 391.31 167.68 448.22 313.51 -1 -1 -1 -1000 -1000 -1000 -10 0.72
43 47 Pedestrian -1 -1 -1 1065.29 128.21 1191.32 367.80 -1 -1 -1 -1000 -1000 -1000 -10 0.69
43 48 Car -1 -1 -1 651.39 168.23 700.67 200.64 -1 -1 -1 -1000 -1000 -1000 -10 0.62
43 36 Pedestrian -1 -1 -1 369.82 161.89 423.46 304.20 -1 -1 -1 -1000 -1000 -1000 -10 0.60
43 45 Cyclist -1 -1 -1 681.13 162.92 703.31 208.90 -1 -1 -1 -1000 -1000 -1000 -10 0.56
44 41 Car -1 -1 -1 240.19 187.39 336.52 226.39 -1 -1 -1 -1000 -1000 -1000 -10 0.91
44 1 Car -1 -1 -1 551.84 176.78 621.68 236.19 -1 -1 -1 -1000 -1000 -1000 -10 0.90
44 46 Car -1 -1 -1 386.66 175.22 476.57 229.83 -1 -1 -1 -1000 -1000 -1000 -10 0.86
44 40 Car -1 -1 -1 534.13 176.51 573.85 211.24 -1 -1 -1 -1000 -1000 -1000 -10 0.85
44 24 Pedestrian -1 -1 -1 372.87 165.91 435.43 323.38 -1 -1 -1 -1000 -1000 -1000 -10 0.65
44 36 Pedestrian -1 -1 -1 360.17 164.09 417.03 317.19 -1 -1 -1 -1000 -1000 -1000 -10 0.62
44 48 Car -1 -1 -1 654.42 167.77 697.38 200.67 -1 -1 -1 -1000 -1000 -1000 -10 0.53
44 49 Pedestrian -1 -1 -1 679.01 163.23 697.54 207.87 -1 -1 -1 -1000 -1000 -1000 -10 0.46
45 1 Car -1 -1 -1 550.87 176.62 615.70 234.70 -1 -1 -1 -1000 -1000 -1000 -10 0.94
45 41 Car -1 -1 -1 216.37 187.83 324.42 229.70 -1 -1 -1 -1000 -1000 -1000 -10 0.86
45 46 Car -1 -1 -1 377.99 175.40 474.90 229.99 -1 -1 -1 -1000 -1000 -1000 -10 0.86
45 36 Pedestrian -1 -1 -1 337.24 156.30 409.84 333.02 -1 -1 -1 -1000 -1000 -1000 -10 0.70
45 40 Car -1 -1 -1 530.71 176.13 573.89 210.36 -1 -1 -1 -1000 -1000 -1000 -10 0.66
45 48 Car -1 -1 -1 654.24 166.84 692.26 200.95 -1 -1 -1 -1000 -1000 -1000 -10 0.46
46 1 Car -1 -1 -1 548.28 176.90 612.96 232.90 -1 -1 -1 -1000 -1000 -1000 -10 0.92
46 41 Car -1 -1 -1 192.56 187.75 310.46 232.33 -1 -1 -1 -1000 -1000 -1000 -10 0.92
46 46 Car -1 -1 -1 369.75 172.86 470.92 232.12 -1 -1 -1 -1000 -1000 -1000 -10 0.89
46 40 Car -1 -1 -1 529.13 174.21 571.11 209.67 -1 -1 -1 -1000 -1000 -1000 -10 0.81
46 36 Pedestrian -1 -1 -1 318.50 155.91 397.80 355.87 -1 -1 -1 -1000 -1000 -1000 -10 0.69
46 50 Cyclist -1 -1 -1 666.23 162.14 686.34 210.11 -1 -1 -1 -1000 -1000 -1000 -10 0.46
47 1 Car -1 -1 -1 545.11 176.67 608.17 232.88 -1 -1 -1 -1000 -1000 -1000 -10 0.91
47 46 Car -1 -1 -1 364.16 176.44 467.34 233.28 -1 -1 -1 -1000 -1000 -1000 -10 0.87
47 41 Car -1 -1 -1 166.07 188.21 291.36 236.82 -1 -1 -1 -1000 -1000 -1000 -10 0.87
47 40 Car -1 -1 -1 526.69 175.05 566.50 209.15 -1 -1 -1 -1000 -1000 -1000 -10 0.79
47 36 Pedestrian -1 -1 -1 290.69 153.94 379.80 366.29 -1 -1 -1 -1000 -1000 -1000 -10 0.72
47 50 Cyclist -1 -1 -1 662.47 163.58 683.52 210.26 -1 -1 -1 -1000 -1000 -1000 -10 0.45
47 51 Car -1 -1 -1 959.88 151.97 1105.11 200.73 -1 -1 -1 -1000 -1000 -1000 -10 0.78
47 52 Pedestrian -1 -1 -1 662.47 163.58 683.52 210.26 -1 -1 -1 -1000 -1000 -1000 -10 0.44
48 1 Car -1 -1 -1 542.12 178.68 603.78 233.17 -1 -1 -1 -1000 -1000 -1000 -10 0.95
48 51 Car -1 -1 -1 974.06 151.87 1113.80 200.68 -1 -1 -1 -1000 -1000 -1000 -10 0.89
48 41 Car -1 -1 -1 136.44 189.83 272.52 243.79 -1 -1 -1 -1000 -1000 -1000 -10 0.89
48 46 Car -1 -1 -1 364.57 177.96 465.94 235.42 -1 -1 -1 -1000 -1000 -1000 -10 0.88
48 40 Car -1 -1 -1 524.04 176.54 565.73 210.55 -1 -1 -1 -1000 -1000 -1000 -10 0.77
48 36 Pedestrian -1 -1 -1 254.49 155.90 362.35 364.09 -1 -1 -1 -1000 -1000 -1000 -10 0.72
48 53 Car -1 -1 -1 1134.84 150.55 1221.13 200.85 -1 -1 -1 -1000 -1000 -1000 -10 0.61
49 41 Car -1 -1 -1 100.22 193.62 255.26 251.10 -1 -1 -1 -1000 -1000 -1000 -10 0.90
49 46 Car -1 -1 -1 361.63 179.69 462.37 238.92 -1 -1 -1 -1000 -1000 -1000 -10 0.89
49 1 Car -1 -1 -1 540.37 178.75 602.26 232.92 -1 -1 -1 -1000 -1000 -1000 -10 0.89
49 40 Car -1 -1 -1 523.31 178.73 562.16 211.37 -1 -1 -1 -1000 -1000 -1000 -10 0.86
49 53 Car -1 -1 -1 1152.73 150.53 1218.91 206.82 -1 -1 -1 -1000 -1000 -1000 -10 0.84
49 51 Car -1 -1 -1 979.63 150.34 1130.29 202.54 -1 -1 -1 -1000 -1000 -1000 -10 0.83
49 36 Pedestrian -1 -1 -1 199.21 151.77 341.06 367.68 -1 -1 -1 -1000 -1000 -1000 -10 0.67
49 54 Car -1 -1 -1 1109.42 147.38 1223.75 196.28 -1 -1 -1 -1000 -1000 -1000 -10 0.40
50 1 Car -1 -1 -1 538.35 181.17 597.34 232.18 -1 -1 -1 -1000 -1000 -1000 -10 0.93
50 46 Car -1 -1 -1 351.70 179.77 455.74 242.26 -1 -1 -1 -1000 -1000 -1000 -10 0.89
50 51 Car -1 -1 -1 983.55 150.94 1142.00 206.60 -1 -1 -1 -1000 -1000 -1000 -10 0.86
50 53 Car -1 -1 -1 1166.41 149.05 1221.26 209.63 -1 -1 -1 -1000 -1000 -1000 -10 0.86
50 41 Car -1 -1 -1 65.04 196.99 237.98 260.09 -1 -1 -1 -1000 -1000 -1000 -10 0.79
50 54 Car -1 -1 -1 1124.10 147.02 1224.05 197.10 -1 -1 -1 -1000 -1000 -1000 -10 0.76
50 40 Car -1 -1 -1 521.76 180.55 561.21 211.27 -1 -1 -1 -1000 -1000 -1000 -10 0.71
50 36 Pedestrian -1 -1 -1 132.40 153.19 315.88 365.86 -1 -1 -1 -1000 -1000 -1000 -10 0.49
50 55 Cyclist -1 -1 -1 647.65 170.29 673.76 212.40 -1 -1 -1 -1000 -1000 -1000 -10 0.51
51 1 Car -1 -1 -1 534.86 181.88 593.29 232.00 -1 -1 -1 -1000 -1000 -1000 -10 0.92
51 46 Car -1 -1 -1 343.46 181.24 449.23 243.92 -1 -1 -1 -1000 -1000 -1000 -10 0.89
51 51 Car -1 -1 -1 998.43 152.96 1150.38 206.59 -1 -1 -1 -1000 -1000 -1000 -10 0.88
51 40 Car -1 -1 -1 519.62 182.51 556.90 211.81 -1 -1 -1 -1000 -1000 -1000 -10 0.77
51 53 Car -1 -1 -1 1181.83 147.91 1222.22 211.93 -1 -1 -1 -1000 -1000 -1000 -10 0.76
51 41 Car -1 -1 -1 14.44 196.93 212.23 268.21 -1 -1 -1 -1000 -1000 -1000 -10 0.73
51 54 Car -1 -1 -1 1139.10 149.23 1224.07 200.29 -1 -1 -1 -1000 -1000 -1000 -10 0.67
51 36 Pedestrian -1 -1 -1 42.84 158.50 259.92 368.11 -1 -1 -1 -1000 -1000 -1000 -10 0.47
51 55 Cyclist -1 -1 -1 644.95 168.88 671.14 213.63 -1 -1 -1 -1000 -1000 -1000 -10 0.44
51 56 Car -1 -1 -1 958.98 159.15 1083.15 208.37 -1 -1 -1 -1000 -1000 -1000 -10 0.40
52 1 Car -1 -1 -1 532.97 181.99 590.77 230.67 -1 -1 -1 -1000 -1000 -1000 -10 0.94
52 46 Car -1 -1 -1 339.76 181.48 444.87 245.36 -1 -1 -1 -1000 -1000 -1000 -10 0.91
52 51 Car -1 -1 -1 1011.56 153.59 1161.16 210.20 -1 -1 -1 -1000 -1000 -1000 -10 0.82
52 54 Car -1 -1 -1 1156.92 149.05 1221.81 202.08 -1 -1 -1 -1000 -1000 -1000 -10 0.76
52 53 Car -1 -1 -1 1203.57 149.60 1221.74 217.13 -1 -1 -1 -1000 -1000 -1000 -10 0.71
52 40 Car -1 -1 -1 518.71 183.20 556.12 211.40 -1 -1 -1 -1000 -1000 -1000 -10 0.70
52 56 Car -1 -1 -1 965.19 157.44 1099.75 210.34 -1 -1 -1 -1000 -1000 -1000 -10 0.46
52 57 Car -1 -1 -1 311.80 186.97 380.84 226.47 -1 -1 -1 -1000 -1000 -1000 -10 0.57
53 1 Car -1 -1 -1 530.15 180.90 586.05 229.61 -1 -1 -1 -1000 -1000 -1000 -10 0.92
53 46 Car -1 -1 -1 329.29 180.96 440.57 248.43 -1 -1 -1 -1000 -1000 -1000 -10 0.90
53 51 Car -1 -1 -1 1031.66 152.46 1178.32 207.51 -1 -1 -1 -1000 -1000 -1000 -10 0.81
53 57 Car -1 -1 -1 299.97 187.49 376.85 230.66 -1 -1 -1 -1000 -1000 -1000 -10 0.75
53 40 Car -1 -1 -1 516.85 183.07 551.93 211.54 -1 -1 -1 -1000 -1000 -1000 -10 0.73
53 54 Car -1 -1 -1 1166.78 146.50 1219.98 203.01 -1 -1 -1 -1000 -1000 -1000 -10 0.71
53 53 Car -1 -1 -1 1219.28 146.02 1220.42 212.76 -1 -1 -1 -1000 -1000 -1000 -10 0.41
53 58 Car -1 -1 -1 604.44 169.50 657.12 197.10 -1 -1 -1 -1000 -1000 -1000 -10 0.42
53 59 Pedestrian -1 -1 -1 8.01 155.49 149.17 356.64 -1 -1 -1 -1000 -1000 -1000 -10 0.41
53 60 Pedestrian -1 -1 -1 1015.29 142.58 1149.61 361.47 -1 -1 -1 -1000 -1000 -1000 -10 0.40
54 1 Car -1 -1 -1 527.09 182.39 582.39 229.12 -1 -1 -1 -1000 -1000 -1000 -10 0.89
54 46 Car -1 -1 -1 324.48 181.54 437.70 252.03 -1 -1 -1 -1000 -1000 -1000 -10 0.88
54 57 Car -1 -1 -1 283.74 188.95 370.03 232.13 -1 -1 -1 -1000 -1000 -1000 -10 0.83
54 58 Car -1 -1 -1 602.10 169.69 659.32 198.47 -1 -1 -1 -1000 -1000 -1000 -10 0.68
54 40 Car -1 -1 -1 515.90 183.60 550.95 211.60 -1 -1 -1 -1000 -1000 -1000 -10 0.65
54 54 Car -1 -1 -1 1179.07 146.65 1223.24 203.09 -1 -1 -1 -1000 -1000 -1000 -10 0.61
54 60 Pedestrian -1 -1 -1 1050.31 143.61 1214.08 360.52 -1 -1 -1 -1000 -1000 -1000 -10 0.47
54 61 Car -1 -1 -1 -1.28 205.57 111.78 299.31 -1 -1 -1 -1000 -1000 -1000 -10 0.74
54 62 Car -1 -1 -1 395.58 175.03 436.36 206.61 -1 -1 -1 -1000 -1000 -1000 -10 0.42
55 46 Car -1 -1 -1 313.42 182.61 434.04 253.58 -1 -1 -1 -1000 -1000 -1000 -10 0.83
55 1 Car -1 -1 -1 525.72 179.81 579.15 227.26 -1 -1 -1 -1000 -1000 -1000 -10 0.82
55 57 Car -1 -1 -1 267.92 190.02 356.81 232.39 -1 -1 -1 -1000 -1000 -1000 -10 0.81
55 61 Car -1 -1 -1 -0.21 211.60 59.07 293.52 -1 -1 -1 -1000 -1000 -1000 -10 0.71
55 40 Car -1 -1 -1 514.63 181.15 546.84 210.46 -1 -1 -1 -1000 -1000 -1000 -10 0.70
55 62 Car -1 -1 -1 386.58 173.34 430.16 210.03 -1 -1 -1 -1000 -1000 -1000 -10 0.70
55 58 Car -1 -1 -1 602.07 168.15 659.48 199.47 -1 -1 -1 -1000 -1000 -1000 -10 0.66
55 63 Car -1 -1 -1 425.79 181.83 450.72 199.33 -1 -1 -1 -1000 -1000 -1000 -10 0.43
56 1 Car -1 -1 -1 522.10 182.88 575.46 227.58 -1 -1 -1 -1000 -1000 -1000 -10 0.91
56 57 Car -1 -1 -1 252.11 191.79 342.40 236.04 -1 -1 -1 -1000 -1000 -1000 -10 0.87
56 46 Car -1 -1 -1 301.98 179.09 429.99 257.74 -1 -1 -1 -1000 -1000 -1000 -10 0.84
56 40 Car -1 -1 -1 513.78 181.28 546.13 209.92 -1 -1 -1 -1000 -1000 -1000 -10 0.73
56 58 Car -1 -1 -1 602.82 168.81 657.73 199.26 -1 -1 -1 -1000 -1000 -1000 -10 0.66
56 63 Car -1 -1 -1 420.65 181.96 450.09 200.88 -1 -1 -1 -1000 -1000 -1000 -10 0.60
56 62 Car -1 -1 -1 377.60 176.74 430.79 210.94 -1 -1 -1 -1000 -1000 -1000 -10 0.57
56 64 Car -1 -1 -1 1046.47 147.88 1209.77 209.83 -1 -1 -1 -1000 -1000 -1000 -10 0.62
56 65 Cyclist -1 -1 -1 57.03 195.39 100.19 253.07 -1 -1 -1 -1000 -1000 -1000 -10 0.46
57 1 Car -1 -1 -1 520.37 183.63 572.07 229.14 -1 -1 -1 -1000 -1000 -1000 -10 0.93
57 64 Car -1 -1 -1 1055.54 148.73 1224.54 216.81 -1 -1 -1 -1000 -1000 -1000 -10 0.90
57 46 Car -1 -1 -1 299.14 181.42 424.55 260.73 -1 -1 -1 -1000 -1000 -1000 -10 0.87
57 57 Car -1 -1 -1 228.81 191.69 327.01 238.22 -1 -1 -1 -1000 -1000 -1000 -10 0.77
57 40 Car -1 -1 -1 510.64 180.99 545.02 210.38 -1 -1 -1 -1000 -1000 -1000 -10 0.72
57 58 Car -1 -1 -1 601.89 168.87 658.29 199.22 -1 -1 -1 -1000 -1000 -1000 -10 0.67
57 63 Car -1 -1 -1 420.17 182.61 449.19 201.26 -1 -1 -1 -1000 -1000 -1000 -10 0.65
57 62 Car -1 -1 -1 387.17 184.31 429.70 206.73 -1 -1 -1 -1000 -1000 -1000 -10 0.55
57 65 Cyclist -1 -1 -1 31.57 193.81 79.90 257.60 -1 -1 -1 -1000 -1000 -1000 -10 0.52
58 46 Car -1 -1 -1 281.19 182.94 419.11 266.60 -1 -1 -1 -1000 -1000 -1000 -10 0.92
58 64 Car -1 -1 -1 1072.24 151.90 1221.91 221.17 -1 -1 -1 -1000 -1000 -1000 -10 0.87
58 57 Car -1 -1 -1 204.47 194.23 320.43 243.09 -1 -1 -1 -1000 -1000 -1000 -10 0.86
58 1 Car -1 -1 -1 519.13 183.47 569.82 230.20 -1 -1 -1 -1000 -1000 -1000 -10 0.82
58 40 Car -1 -1 -1 509.97 182.93 543.90 212.89 -1 -1 -1 -1000 -1000 -1000 -10 0.80
58 62 Car -1 -1 -1 389.70 186.62 424.72 207.76 -1 -1 -1 -1000 -1000 -1000 -10 0.69
58 65 Cyclist -1 -1 -1 6.88 195.23 58.53 261.72 -1 -1 -1 -1000 -1000 -1000 -10 0.67
58 63 Car -1 -1 -1 420.51 184.14 447.58 202.61 -1 -1 -1 -1000 -1000 -1000 -10 0.65
58 58 Car -1 -1 -1 603.09 169.56 657.31 198.88 -1 -1 -1 -1000 -1000 -1000 -10 0.49
58 66 Car -1 -1 -1 567.42 178.85 594.68 201.84 -1 -1 -1 -1000 -1000 -1000 -10 0.64
58 67 Pedestrian -1 -1 -1 608.92 173.18 628.32 226.20 -1 -1 -1 -1000 -1000 -1000 -10 0.55
58 68 Car -1 -1 -1 341.84 179.60 396.66 217.60 -1 -1 -1 -1000 -1000 -1000 -10 0.45
59 46 Car -1 -1 -1 275.36 181.92 403.60 269.98 -1 -1 -1 -1000 -1000 -1000 -10 0.90
59 64 Car -1 -1 -1 1084.35 152.38 1219.32 222.32 -1 -1 -1 -1000 -1000 -1000 -10 0.89
59 1 Car -1 -1 -1 514.51 187.41 564.42 230.63 -1 -1 -1 -1000 -1000 -1000 -10 0.84
59 57 Car -1 -1 -1 180.01 198.29 300.00 250.19 -1 -1 -1 -1000 -1000 -1000 -10 0.83
59 66 Car -1 -1 -1 566.50 178.89 595.58 203.76 -1 -1 -1 -1000 -1000 -1000 -10 0.79
59 40 Car -1 -1 -1 510.11 184.34 542.42 213.86 -1 -1 -1 -1000 -1000 -1000 -10 0.74
59 62 Car -1 -1 -1 390.37 188.58 423.30 208.96 -1 -1 -1 -1000 -1000 -1000 -10 0.71
59 67 Pedestrian -1 -1 -1 609.44 175.21 628.31 229.69 -1 -1 -1 -1000 -1000 -1000 -10 0.66
59 63 Car -1 -1 -1 421.33 185.82 446.00 203.72 -1 -1 -1 -1000 -1000 -1000 -10 0.60
59 58 Car -1 -1 -1 604.45 172.53 656.08 201.41 -1 -1 -1 -1000 -1000 -1000 -10 0.60
59 68 Car -1 -1 -1 336.42 184.41 395.12 219.56 -1 -1 -1 -1000 -1000 -1000 -10 0.44
59 69 Pedestrian -1 -1 -1 2.70 195.52 32.69 269.30 -1 -1 -1 -1000 -1000 -1000 -10 0.40
59 70 Car -1 -1 -1 323.74 182.28 385.12 221.76 -1 -1 -1 -1000 -1000 -1000 -10 0.40
60 64 Car -1 -1 -1 1103.75 148.39 1220.95 219.17 -1 -1 -1 -1000 -1000 -1000 -10 0.90
60 1 Car -1 -1 -1 513.77 187.66 561.62 230.45 -1 -1 -1 -1000 -1000 -1000 -10 0.90
60 46 Car -1 -1 -1 265.88 182.67 397.28 275.77 -1 -1 -1 -1000 -1000 -1000 -10 0.89
60 57 Car -1 -1 -1 156.02 199.53 283.90 253.28 -1 -1 -1 -1000 -1000 -1000 -10 0.84
60 40 Car -1 -1 -1 511.11 185.73 541.05 213.37 -1 -1 -1 -1000 -1000 -1000 -10 0.66
60 70 Car -1 -1 -1 322.95 187.66 385.83 223.61 -1 -1 -1 -1000 -1000 -1000 -10 0.60
60 66 Car -1 -1 -1 566.45 179.26 596.64 204.61 -1 -1 -1 -1000 -1000 -1000 -10 0.60
60 58 Car -1 -1 -1 605.61 172.68 655.05 203.44 -1 -1 -1 -1000 -1000 -1000 -10 0.58
60 67 Pedestrian -1 -1 -1 611.06 175.31 632.13 230.89 -1 -1 -1 -1000 -1000 -1000 -10 0.56
60 62 Car -1 -1 -1 388.48 188.94 422.31 210.79 -1 -1 -1 -1000 -1000 -1000 -10 0.55
60 63 Car -1 -1 -1 418.23 186.65 445.88 204.99 -1 -1 -1 -1000 -1000 -1000 -10 0.53
61 46 Car -1 -1 -1 256.15 181.32 390.15 278.29 -1 -1 -1 -1000 -1000 -1000 -10 0.92
61 57 Car -1 -1 -1 127.97 200.89 266.20 258.09 -1 -1 -1 -1000 -1000 -1000 -10 0.91
61 64 Car -1 -1 -1 1121.16 142.58 1220.85 217.10 -1 -1 -1 -1000 -1000 -1000 -10 0.87
61 1 Car -1 -1 -1 513.95 184.68 560.20 228.72 -1 -1 -1 -1000 -1000 -1000 -10 0.86
61 66 Car -1 -1 -1 568.13 177.84 599.03 203.03 -1 -1 -1 -1000 -1000 -1000 -10 0.70
61 62 Car -1 -1 -1 388.67 188.14 422.13 209.23 -1 -1 -1 -1000 -1000 -1000 -10 0.69
61 67 Pedestrian -1 -1 -1 612.06 173.90 632.06 229.91 -1 -1 -1 -1000 -1000 -1000 -10 0.69
61 70 Car -1 -1 -1 315.17 187.76 378.29 225.33 -1 -1 -1 -1000 -1000 -1000 -10 0.66
61 63 Car -1 -1 -1 416.88 184.90 446.04 203.80 -1 -1 -1 -1000 -1000 -1000 -10 0.65
61 58 Car -1 -1 -1 605.49 170.36 655.11 204.13 -1 -1 -1 -1000 -1000 -1000 -10 0.63
61 40 Car -1 -1 -1 511.69 185.88 540.75 211.85 -1 -1 -1 -1000 -1000 -1000 -10 0.57
62 57 Car -1 -1 -1 87.23 198.05 246.66 261.89 -1 -1 -1 -1000 -1000 -1000 -10 0.93
62 46 Car -1 -1 -1 245.02 184.73 388.18 280.81 -1 -1 -1 -1000 -1000 -1000 -10 0.87
62 64 Car -1 -1 -1 1142.46 140.28 1220.45 218.71 -1 -1 -1 -1000 -1000 -1000 -10 0.84
62 1 Car -1 -1 -1 514.41 182.77 556.87 223.55 -1 -1 -1 -1000 -1000 -1000 -10 0.83
62 62 Car -1 -1 -1 387.42 186.80 422.70 206.91 -1 -1 -1 -1000 -1000 -1000 -10 0.67
62 66 Car -1 -1 -1 569.24 175.04 601.26 200.98 -1 -1 -1 -1000 -1000 -1000 -10 0.62
62 67 Pedestrian -1 -1 -1 613.10 173.37 633.07 228.93 -1 -1 -1 -1000 -1000 -1000 -10 0.62
62 58 Car -1 -1 -1 605.94 169.50 662.36 202.54 -1 -1 -1 -1000 -1000 -1000 -10 0.57
62 63 Car -1 -1 -1 415.94 182.43 446.94 201.34 -1 -1 -1 -1000 -1000 -1000 -10 0.52
62 40 Car -1 -1 -1 512.90 182.97 540.36 212.68 -1 -1 -1 -1000 -1000 -1000 -10 0.46
63 57 Car -1 -1 -1 52.51 195.02 226.41 264.42 -1 -1 -1 -1000 -1000 -1000 -10 0.89
63 46 Car -1 -1 -1 231.09 180.64 378.15 278.13 -1 -1 -1 -1000 -1000 -1000 -10 0.84
63 66 Car -1 -1 -1 571.67 172.94 605.44 200.02 -1 -1 -1 -1000 -1000 -1000 -10 0.77
63 1 Car -1 -1 -1 513.77 180.01 560.36 221.77 -1 -1 -1 -1000 -1000 -1000 -10 0.73
63 64 Car -1 -1 -1 1164.70 146.23 1221.95 219.58 -1 -1 -1 -1000 -1000 -1000 -10 0.70
63 62 Car -1 -1 -1 387.03 183.37 423.73 203.33 -1 -1 -1 -1000 -1000 -1000 -10 0.70
63 58 Car -1 -1 -1 607.46 165.03 668.35 202.87 -1 -1 -1 -1000 -1000 -1000 -10 0.64
63 67 Pedestrian -1 -1 -1 616.04 171.21 636.51 226.33 -1 -1 -1 -1000 -1000 -1000 -10 0.58
63 63 Car -1 -1 -1 421.28 178.93 448.04 197.60 -1 -1 -1 -1000 -1000 -1000 -10 0.54
63 71 Car -1 -1 -1 198.12 171.99 302.99 254.89 -1 -1 -1 -1000 -1000 -1000 -10 0.58
63 72 Car -1 -1 -1 340.16 186.08 385.49 213.05 -1 -1 -1 -1000 -1000 -1000 -10 0.54
64 57 Car -1 -1 -1 2.25 197.95 192.89 274.53 -1 -1 -1 -1000 -1000 -1000 -10 0.92
64 1 Car -1 -1 -1 513.80 180.45 561.15 221.39 -1 -1 -1 -1000 -1000 -1000 -10 0.86
64 46 Car -1 -1 -1 205.62 183.88 372.67 282.51 -1 -1 -1 -1000 -1000 -1000 -10 0.82
64 72 Car -1 -1 -1 339.68 185.64 384.86 213.91 -1 -1 -1 -1000 -1000 -1000 -10 0.73
64 66 Car -1 -1 -1 573.57 172.45 608.11 199.30 -1 -1 -1 -1000 -1000 -1000 -10 0.69
64 62 Car -1 -1 -1 388.20 182.94 422.91 204.09 -1 -1 -1 -1000 -1000 -1000 -10 0.66
64 64 Car -1 -1 -1 1187.36 145.60 1223.31 221.26 -1 -1 -1 -1000 -1000 -1000 -10 0.66
64 67 Pedestrian -1 -1 -1 619.78 170.50 639.74 227.17 -1 -1 -1 -1000 -1000 -1000 -10 0.63
64 58 Car -1 -1 -1 610.93 165.24 680.56 203.15 -1 -1 -1 -1000 -1000 -1000 -10 0.62
64 71 Car -1 -1 -1 153.24 173.01 279.97 261.52 -1 -1 -1 -1000 -1000 -1000 -10 0.58
64 63 Car -1 -1 -1 418.46 178.29 450.15 198.55 -1 -1 -1 -1000 -1000 -1000 -10 0.50
64 73 Car -1 -1 -1 363.38 185.10 405.58 209.19 -1 -1 -1 -1000 -1000 -1000 -10 0.49
65 1 Car -1 -1 -1 516.03 181.80 561.97 222.54 -1 -1 -1 -1000 -1000 -1000 -10 0.90
65 57 Car -1 -1 -1 3.97 204.33 153.46 290.79 -1 -1 -1 -1000 -1000 -1000 -10 0.88
65 46 Car -1 -1 -1 200.63 185.13 362.62 295.96 -1 -1 -1 -1000 -1000 -1000 -10 0.86
65 72 Car -1 -1 -1 338.75 188.03 387.17 217.25 -1 -1 -1 -1000 -1000 -1000 -10 0.85
65 66 Car -1 -1 -1 576.59 173.59 614.46 201.11 -1 -1 -1 -1000 -1000 -1000 -10 0.78
65 62 Car -1 -1 -1 392.07 184.85 425.71 206.83 -1 -1 -1 -1000 -1000 -1000 -10 0.73
65 58 Car -1 -1 -1 616.57 166.68 689.49 206.25 -1 -1 -1 -1000 -1000 -1000 -10 0.72
65 73 Car -1 -1 -1 364.69 185.96 406.70 212.96 -1 -1 -1 -1000 -1000 -1000 -10 0.72
65 67 Pedestrian -1 -1 -1 623.62 172.99 643.50 231.79 -1 -1 -1 -1000 -1000 -1000 -10 0.67
65 63 Car -1 -1 -1 424.11 180.76 451.57 200.66 -1 -1 -1 -1000 -1000 -1000 -10 0.63
65 71 Car -1 -1 -1 91.45 174.69 234.35 275.68 -1 -1 -1 -1000 -1000 -1000 -10 0.58
65 74 Pedestrian -1 -1 -1 235.31 165.05 258.76 230.21 -1 -1 -1 -1000 -1000 -1000 -10 0.43
66 46 Car -1 -1 -1 199.59 187.45 355.75 301.67 -1 -1 -1 -1000 -1000 -1000 -10 0.93
66 1 Car -1 -1 -1 518.74 183.05 563.36 222.82 -1 -1 -1 -1000 -1000 -1000 -10 0.86
66 72 Car -1 -1 -1 336.57 191.43 388.20 220.33 -1 -1 -1 -1000 -1000 -1000 -10 0.85
66 66 Car -1 -1 -1 579.84 173.92 618.39 202.61 -1 -1 -1 -1000 -1000 -1000 -10 0.71
66 58 Car -1 -1 -1 616.63 167.70 697.81 207.47 -1 -1 -1 -1000 -1000 -1000 -10 0.71
66 73 Car -1 -1 -1 366.84 189.32 408.84 214.54 -1 -1 -1 -1000 -1000 -1000 -10 0.67
66 62 Car -1 -1 -1 391.60 187.40 427.08 209.76 -1 -1 -1 -1000 -1000 -1000 -10 0.67
66 57 Car -1 -1 -1 0.84 211.31 110.27 300.72 -1 -1 -1 -1000 -1000 -1000 -10 0.60
66 67 Pedestrian -1 -1 -1 627.95 176.20 647.24 234.89 -1 -1 -1 -1000 -1000 -1000 -10 0.56
66 63 Car -1 -1 -1 429.21 183.71 454.06 202.43 -1 -1 -1 -1000 -1000 -1000 -10 0.56
66 74 Pedestrian -1 -1 -1 236.75 170.83 256.63 225.20 -1 -1 -1 -1000 -1000 -1000 -10 0.53
66 71 Car -1 -1 -1 5.33 177.28 182.23 304.20 -1 -1 -1 -1000 -1000 -1000 -10 0.45
67 46 Car -1 -1 -1 185.06 191.83 347.43 311.88 -1 -1 -1 -1000 -1000 -1000 -10 0.91
67 1 Car -1 -1 -1 521.25 183.27 565.55 223.33 -1 -1 -1 -1000 -1000 -1000 -10 0.80
67 66 Car -1 -1 -1 584.05 175.56 622.05 205.52 -1 -1 -1 -1000 -1000 -1000 -10 0.78
67 72 Car -1 -1 -1 338.73 192.03 390.64 221.30 -1 -1 -1 -1000 -1000 -1000 -10 0.74
67 73 Car -1 -1 -1 368.18 189.51 410.33 216.77 -1 -1 -1 -1000 -1000 -1000 -10 0.69
67 62 Car -1 -1 -1 395.34 188.29 430.73 210.71 -1 -1 -1 -1000 -1000 -1000 -10 0.66
67 58 Car -1 -1 -1 623.80 168.59 705.20 207.63 -1 -1 -1 -1000 -1000 -1000 -10 0.64
67 63 Car -1 -1 -1 430.00 184.28 457.12 203.89 -1 -1 -1 -1000 -1000 -1000 -10 0.63
67 71 Car -1 -1 -1 0.05 173.05 110.81 339.26 -1 -1 -1 -1000 -1000 -1000 -10 0.60
67 67 Pedestrian -1 -1 -1 631.77 177.64 652.12 234.59 -1 -1 -1 -1000 -1000 -1000 -10 0.58
67 74 Pedestrian -1 -1 -1 235.15 173.19 252.22 224.02 -1 -1 -1 -1000 -1000 -1000 -10 0.45
68 46 Car -1 -1 -1 170.50 191.61 338.77 321.40 -1 -1 -1 -1000 -1000 -1000 -10 0.92
68 72 Car -1 -1 -1 339.74 192.68 392.66 222.03 -1 -1 -1 -1000 -1000 -1000 -10 0.84
68 1 Car -1 -1 -1 526.43 183.74 567.91 222.56 -1 -1 -1 -1000 -1000 -1000 -10 0.81
68 66 Car -1 -1 -1 589.43 176.31 622.89 205.83 -1 -1 -1 -1000 -1000 -1000 -10 0.75
68 62 Car -1 -1 -1 399.47 188.58 434.07 210.95 -1 -1 -1 -1000 -1000 -1000 -10 0.70
68 73 Car -1 -1 -1 371.16 189.86 414.00 217.21 -1 -1 -1 -1000 -1000 -1000 -10 0.70
68 58 Car -1 -1 -1 630.77 169.14 713.84 212.20 -1 -1 -1 -1000 -1000 -1000 -10 0.67
68 67 Pedestrian -1 -1 -1 637.63 176.21 659.94 236.88 -1 -1 -1 -1000 -1000 -1000 -10 0.67
68 63 Car -1 -1 -1 432.29 184.52 461.60 204.11 -1 -1 -1 -1000 -1000 -1000 -10 0.65
68 74 Pedestrian -1 -1 -1 234.76 173.24 251.19 222.95 -1 -1 -1 -1000 -1000 -1000 -10 0.54
68 71 Car -1 -1 -1 2.61 212.61 47.02 314.99 -1 -1 -1 -1000 -1000 -1000 -10 0.48
69 46 Car -1 -1 -1 155.98 192.53 329.63 327.01 -1 -1 -1 -1000 -1000 -1000 -10 0.91
69 1 Car -1 -1 -1 530.66 183.58 574.55 222.96 -1 -1 -1 -1000 -1000 -1000 -10 0.84
69 72 Car -1 -1 -1 342.63 192.37 395.98 222.43 -1 -1 -1 -1000 -1000 -1000 -10 0.83
69 66 Car -1 -1 -1 595.25 177.68 628.51 206.00 -1 -1 -1 -1000 -1000 -1000 -10 0.74
69 73 Car -1 -1 -1 374.04 189.95 417.78 217.33 -1 -1 -1 -1000 -1000 -1000 -10 0.68
69 62 Car -1 -1 -1 403.20 188.56 438.57 211.05 -1 -1 -1 -1000 -1000 -1000 -10 0.57
69 58 Car -1 -1 -1 639.68 170.16 720.52 213.27 -1 -1 -1 -1000 -1000 -1000 -10 0.57
69 63 Car -1 -1 -1 439.49 184.71 466.32 203.97 -1 -1 -1 -1000 -1000 -1000 -10 0.56
69 67 Pedestrian -1 -1 -1 644.02 173.69 669.29 240.22 -1 -1 -1 -1000 -1000 -1000 -10 0.55
69 74 Pedestrian -1 -1 -1 235.29 175.52 250.77 221.20 -1 -1 -1 -1000 -1000 -1000 -10 0.41
69 75 Car -1 -1 -1 629.04 171.93 685.49 208.11 -1 -1 -1 -1000 -1000 -1000 -10 0.41
70 46 Car -1 -1 -1 135.92 190.10 319.41 337.52 -1 -1 -1 -1000 -1000 -1000 -10 0.90
70 72 Car -1 -1 -1 345.02 191.75 400.82 221.25 -1 -1 -1 -1000 -1000 -1000 -10 0.88
70 1 Car -1 -1 -1 536.27 184.25 579.09 222.54 -1 -1 -1 -1000 -1000 -1000 -10 0.87
70 73 Car -1 -1 -1 377.99 189.18 422.63 216.82 -1 -1 -1 -1000 -1000 -1000 -10 0.76
70 75 Car -1 -1 -1 635.14 172.00 694.85 208.37 -1 -1 -1 -1000 -1000 -1000 -10 0.73
70 66 Car -1 -1 -1 602.15 179.72 635.22 206.81 -1 -1 -1 -1000 -1000 -1000 -10 0.71
70 63 Car -1 -1 -1 442.96 183.56 472.42 203.31 -1 -1 -1 -1000 -1000 -1000 -10 0.67
70 67 Pedestrian -1 -1 -1 650.99 173.11 678.79 246.23 -1 -1 -1 -1000 -1000 -1000 -10 0.65
70 62 Car -1 -1 -1 406.14 187.84 443.26 210.63 -1 -1 -1 -1000 -1000 -1000 -10 0.63
70 58 Car -1 -1 -1 647.90 170.21 727.41 213.36 -1 -1 -1 -1000 -1000 -1000 -10 0.50
70 74 Pedestrian -1 -1 -1 236.82 179.78 249.67 216.69 -1 -1 -1 -1000 -1000 -1000 -10 0.42
71 72 Car -1 -1 -1 348.63 189.86 404.94 219.92 -1 -1 -1 -1000 -1000 -1000 -10 0.86
71 46 Car -1 -1 -1 117.94 188.44 306.80 346.38 -1 -1 -1 -1000 -1000 -1000 -10 0.85
71 1 Car -1 -1 -1 543.51 182.36 584.74 220.29 -1 -1 -1 -1000 -1000 -1000 -10 0.84
71 62 Car -1 -1 -1 411.96 185.80 450.36 208.49 -1 -1 -1 -1000 -1000 -1000 -10 0.79
71 66 Car -1 -1 -1 608.26 176.70 642.56 205.71 -1 -1 -1 -1000 -1000 -1000 -10 0.74
71 67 Pedestrian -1 -1 -1 660.75 172.35 691.24 249.68 -1 -1 -1 -1000 -1000 -1000 -10 0.71
71 73 Car -1 -1 -1 380.70 187.69 428.69 213.72 -1 -1 -1 -1000 -1000 -1000 -10 0.70
71 75 Car -1 -1 -1 641.90 172.02 703.57 207.95 -1 -1 -1 -1000 -1000 -1000 -10 0.62
71 63 Car -1 -1 -1 446.59 181.08 478.21 202.54 -1 -1 -1 -1000 -1000 -1000 -10 0.59
71 58 Car -1 -1 -1 654.83 170.48 735.28 212.67 -1 -1 -1 -1000 -1000 -1000 -10 0.57
72 72 Car -1 -1 -1 351.98 184.27 409.47 214.77 -1 -1 -1 -1000 -1000 -1000 -10 0.87
72 46 Car -1 -1 -1 93.42 181.48 293.22 353.03 -1 -1 -1 -1000 -1000 -1000 -10 0.82
72 1 Car -1 -1 -1 551.45 176.47 592.74 215.02 -1 -1 -1 -1000 -1000 -1000 -10 0.78
72 66 Car -1 -1 -1 614.84 172.51 652.73 203.43 -1 -1 -1 -1000 -1000 -1000 -10 0.74
72 73 Car -1 -1 -1 383.90 182.79 432.59 209.38 -1 -1 -1 -1000 -1000 -1000 -10 0.74
72 63 Car -1 -1 -1 455.00 176.85 482.56 197.46 -1 -1 -1 -1000 -1000 -1000 -10 0.71
72 67 Pedestrian -1 -1 -1 672.22 171.22 703.29 249.78 -1 -1 -1 -1000 -1000 -1000 -10 0.69
72 58 Car -1 -1 -1 657.50 166.81 756.23 215.90 -1 -1 -1 -1000 -1000 -1000 -10 0.62
72 62 Car -1 -1 -1 417.22 180.65 455.24 203.69 -1 -1 -1 -1000 -1000 -1000 -10 0.60
72 75 Car -1 -1 -1 646.08 171.28 714.43 208.25 -1 -1 -1 -1000 -1000 -1000 -10 0.56
73 72 Car -1 -1 -1 355.13 179.51 412.51 210.36 -1 -1 -1 -1000 -1000 -1000 -10 0.88
73 1 Car -1 -1 -1 558.27 173.14 597.69 209.94 -1 -1 -1 -1000 -1000 -1000 -10 0.83
73 46 Car -1 -1 -1 52.02 172.16 274.05 355.59 -1 -1 -1 -1000 -1000 -1000 -10 0.83
73 62 Car -1 -1 -1 423.96 175.53 458.76 199.32 -1 -1 -1 -1000 -1000 -1000 -10 0.79
73 73 Car -1 -1 -1 392.24 176.91 436.89 204.44 -1 -1 -1 -1000 -1000 -1000 -10 0.71
73 63 Car -1 -1 -1 459.94 171.99 488.56 192.37 -1 -1 -1 -1000 -1000 -1000 -10 0.63
73 75 Car -1 -1 -1 653.91 166.31 729.44 206.47 -1 -1 -1 -1000 -1000 -1000 -10 0.61
73 66 Car -1 -1 -1 621.89 170.33 659.42 200.79 -1 -1 -1 -1000 -1000 -1000 -10 0.60
73 58 Car -1 -1 -1 666.51 163.04 754.77 212.39 -1 -1 -1 -1000 -1000 -1000 -10 0.58
73 67 Pedestrian -1 -1 -1 680.09 168.70 719.10 249.58 -1 -1 -1 -1000 -1000 -1000 -10 0.55
74 46 Car -1 -1 -1 7.42 166.28 257.12 361.60 -1 -1 -1 -1000 -1000 -1000 -10 0.88
74 72 Car -1 -1 -1 357.62 175.66 415.06 206.07 -1 -1 -1 -1000 -1000 -1000 -10 0.85
74 1 Car -1 -1 -1 564.24 170.10 604.33 206.28 -1 -1 -1 -1000 -1000 -1000 -10 0.83
74 73 Car -1 -1 -1 391.28 173.80 439.76 202.33 -1 -1 -1 -1000 -1000 -1000 -10 0.78
74 62 Car -1 -1 -1 426.38 172.46 464.12 195.86 -1 -1 -1 -1000 -1000 -1000 -10 0.75
74 63 Car -1 -1 -1 466.78 168.59 494.56 188.45 -1 -1 -1 -1000 -1000 -1000 -10 0.73
74 66 Car -1 -1 -1 629.61 166.06 667.69 198.20 -1 -1 -1 -1000 -1000 -1000 -10 0.72
74 58 Car -1 -1 -1 675.43 161.25 760.91 211.44 -1 -1 -1 -1000 -1000 -1000 -10 0.68
74 75 Car -1 -1 -1 661.34 164.59 736.65 202.36 -1 -1 -1 -1000 -1000 -1000 -10 0.62
74 67 Pedestrian -1 -1 -1 688.57 163.15 733.06 249.83 -1 -1 -1 -1000 -1000 -1000 -10 0.50
75 46 Car -1 -1 -1 0.48 168.25 225.94 366.86 -1 -1 -1 -1000 -1000 -1000 -10 0.93
75 1 Car -1 -1 -1 570.71 169.15 611.15 204.99 -1 -1 -1 -1000 -1000 -1000 -10 0.87
75 72 Car -1 -1 -1 359.87 175.39 420.44 205.57 -1 -1 -1 -1000 -1000 -1000 -10 0.86
75 73 Car -1 -1 -1 394.55 172.05 446.04 200.99 -1 -1 -1 -1000 -1000 -1000 -10 0.78
75 62 Car -1 -1 -1 430.64 171.39 467.38 195.19 -1 -1 -1 -1000 -1000 -1000 -10 0.74
75 63 Car -1 -1 -1 470.72 168.04 499.43 188.08 -1 -1 -1 -1000 -1000 -1000 -10 0.72
75 58 Car -1 -1 -1 684.87 162.10 774.36 210.57 -1 -1 -1 -1000 -1000 -1000 -10 0.68
75 66 Car -1 -1 -1 635.23 166.16 672.98 197.52 -1 -1 -1 -1000 -1000 -1000 -10 0.66
75 75 Car -1 -1 -1 666.58 163.97 746.47 201.45 -1 -1 -1 -1000 -1000 -1000 -10 0.62
76 72 Car -1 -1 -1 360.72 174.87 423.23 206.75 -1 -1 -1 -1000 -1000 -1000 -10 0.90
76 46 Car -1 -1 -1 2.61 164.71 199.77 370.13 -1 -1 -1 -1000 -1000 -1000 -10 0.89
76 66 Car -1 -1 -1 641.50 167.56 679.12 198.55 -1 -1 -1 -1000 -1000 -1000 -10 0.80
76 73 Car -1 -1 -1 396.79 172.53 448.53 202.88 -1 -1 -1 -1000 -1000 -1000 -10 0.75
76 63 Car -1 -1 -1 473.21 168.45 504.26 190.04 -1 -1 -1 -1000 -1000 -1000 -10 0.74
76 1 Car -1 -1 -1 577.20 170.75 617.06 205.72 -1 -1 -1 -1000 -1000 -1000 -10 0.74
76 62 Car -1 -1 -1 431.74 171.62 473.91 196.91 -1 -1 -1 -1000 -1000 -1000 -10 0.70
76 58 Car -1 -1 -1 685.75 162.89 781.62 212.43 -1 -1 -1 -1000 -1000 -1000 -10 0.61
76 75 Car -1 -1 -1 674.74 164.73 754.20 207.50 -1 -1 -1 -1000 -1000 -1000 -10 0.50
76 76 Cyclist -1 -1 -1 699.71 161.50 783.05 264.63 -1 -1 -1 -1000 -1000 -1000 -10 0.43
77 46 Car -1 -1 -1 1.74 160.36 162.85 367.31 -1 -1 -1 -1000 -1000 -1000 -10 0.87
77 72 Car -1 -1 -1 360.42 176.27 424.38 210.34 -1 -1 -1 -1000 -1000 -1000 -10 0.86
77 73 Car -1 -1 -1 396.66 174.78 451.38 205.59 -1 -1 -1 -1000 -1000 -1000 -10 0.84
77 66 Car -1 -1 -1 647.73 170.69 682.66 201.76 -1 -1 -1 -1000 -1000 -1000 -10 0.84
77 1 Car -1 -1 -1 582.63 175.07 621.92 208.36 -1 -1 -1 -1000 -1000 -1000 -10 0.83
77 62 Car -1 -1 -1 434.57 174.13 475.84 198.91 -1 -1 -1 -1000 -1000 -1000 -10 0.76
77 63 Car -1 -1 -1 477.63 170.95 508.25 192.61 -1 -1 -1 -1000 -1000 -1000 -10 0.65
77 76 Cyclist -1 -1 -1 705.51 162.06 800.37 273.71 -1 -1 -1 -1000 -1000 -1000 -10 0.60
77 58 Car -1 -1 -1 690.45 167.02 784.56 213.61 -1 -1 -1 -1000 -1000 -1000 -10 0.57
77 75 Car -1 -1 -1 678.19 167.43 758.95 207.92 -1 -1 -1 -1000 -1000 -1000 -10 0.43
77 77 Car -1 -1 -1 460.12 171.41 495.85 194.86 -1 -1 -1 -1000 -1000 -1000 -10 0.43
78 72 Car -1 -1 -1 359.80 178.36 427.08 211.76 -1 -1 -1 -1000 -1000 -1000 -10 0.91
78 1 Car -1 -1 -1 588.17 176.47 627.50 210.26 -1 -1 -1 -1000 -1000 -1000 -10 0.86
78 73 Car -1 -1 -1 399.72 175.90 453.60 208.05 -1 -1 -1 -1000 -1000 -1000 -10 0.77
78 62 Car -1 -1 -1 436.30 175.27 478.18 201.36 -1 -1 -1 -1000 -1000 -1000 -10 0.74
78 63 Car -1 -1 -1 479.01 172.23 511.37 194.89 -1 -1 -1 -1000 -1000 -1000 -10 0.73
78 66 Car -1 -1 -1 652.15 171.22 690.37 205.16 -1 -1 -1 -1000 -1000 -1000 -10 0.71
78 46 Car -1 -1 -1 -3.23 164.19 129.21 362.86 -1 -1 -1 -1000 -1000 -1000 -10 0.70
78 77 Car -1 -1 -1 461.00 173.33 500.58 197.43 -1 -1 -1 -1000 -1000 -1000 -10 0.68
78 58 Car -1 -1 -1 697.73 169.25 784.75 213.04 -1 -1 -1 -1000 -1000 -1000 -10 0.61
78 76 Cyclist -1 -1 -1 718.51 158.33 825.39 284.22 -1 -1 -1 -1000 -1000 -1000 -10 0.55
78 75 Car -1 -1 -1 711.02 169.62 840.43 228.08 -1 -1 -1 -1000 -1000 -1000 -10 0.40
78 78 Car -1 -1 -1 724.84 167.89 872.74 229.89 -1 -1 -1 -1000 -1000 -1000 -10 0.41
79 72 Car -1 -1 -1 358.19 179.13 426.05 212.76 -1 -1 -1 -1000 -1000 -1000 -10 0.87
79 1 Car -1 -1 -1 593.31 176.04 630.17 210.19 -1 -1 -1 -1000 -1000 -1000 -10 0.80
79 66 Car -1 -1 -1 655.93 173.06 694.80 206.03 -1 -1 -1 -1000 -1000 -1000 -10 0.79
79 63 Car -1 -1 -1 479.75 172.60 513.10 195.33 -1 -1 -1 -1000 -1000 -1000 -10 0.78
79 77 Car -1 -1 -1 461.98 174.15 500.24 197.47 -1 -1 -1 -1000 -1000 -1000 -10 0.77
79 62 Car -1 -1 -1 435.69 175.87 479.67 202.49 -1 -1 -1 -1000 -1000 -1000 -10 0.75
79 73 Car -1 -1 -1 400.97 175.58 453.97 208.77 -1 -1 -1 -1000 -1000 -1000 -10 0.75
79 58 Car -1 -1 -1 701.24 168.89 788.67 213.43 -1 -1 -1 -1000 -1000 -1000 -10 0.69
79 75 Car -1 -1 -1 717.33 167.92 849.23 229.77 -1 -1 -1 -1000 -1000 -1000 -10 0.67
79 76 Cyclist -1 -1 -1 728.27 158.89 854.29 291.22 -1 -1 -1 -1000 -1000 -1000 -10 0.65
79 78 Car -1 -1 -1 726.32 166.27 878.75 231.99 -1 -1 -1 -1000 -1000 -1000 -10 0.57
79 46 Car -1 -1 -1 -4.27 167.53 76.95 359.23 -1 -1 -1 -1000 -1000 -1000 -10 0.55
80 66 Car -1 -1 -1 659.82 173.53 698.71 206.81 -1 -1 -1 -1000 -1000 -1000 -10 0.86
80 1 Car -1 -1 -1 597.12 175.29 633.66 208.94 -1 -1 -1 -1000 -1000 -1000 -10 0.82
80 72 Car -1 -1 -1 356.55 178.45 423.50 213.46 -1 -1 -1 -1000 -1000 -1000 -10 0.81
80 62 Car -1 -1 -1 435.22 176.14 479.92 202.57 -1 -1 -1 -1000 -1000 -1000 -10 0.81
80 78 Car -1 -1 -1 726.20 163.84 894.15 239.42 -1 -1 -1 -1000 -1000 -1000 -10 0.72
80 77 Car -1 -1 -1 463.43 174.00 499.92 197.48 -1 -1 -1 -1000 -1000 -1000 -10 0.71
80 58 Car -1 -1 -1 704.44 168.48 793.36 214.00 -1 -1 -1 -1000 -1000 -1000 -10 0.70
80 73 Car -1 -1 -1 398.57 176.68 453.79 209.62 -1 -1 -1 -1000 -1000 -1000 -10 0.70
80 76 Cyclist -1 -1 -1 745.89 158.32 866.89 299.41 -1 -1 -1 -1000 -1000 -1000 -10 0.68
80 63 Car -1 -1 -1 480.74 172.67 514.22 195.31 -1 -1 -1 -1000 -1000 -1000 -10 0.63
80 75 Car -1 -1 -1 720.21 166.43 862.19 231.48 -1 -1 -1 -1000 -1000 -1000 -10 0.43
81 66 Car -1 -1 -1 664.41 174.02 702.87 207.20 -1 -1 -1 -1000 -1000 -1000 -10 0.88
81 72 Car -1 -1 -1 354.73 179.73 423.88 214.31 -1 -1 -1 -1000 -1000 -1000 -10 0.86
81 62 Car -1 -1 -1 435.79 176.29 481.74 202.93 -1 -1 -1 -1000 -1000 -1000 -10 0.83
81 73 Car -1 -1 -1 396.31 176.62 452.20 210.25 -1 -1 -1 -1000 -1000 -1000 -10 0.80
81 1 Car -1 -1 -1 602.30 176.43 637.31 207.38 -1 -1 -1 -1000 -1000 -1000 -10 0.79
81 63 Car -1 -1 -1 482.47 172.52 517.37 196.18 -1 -1 -1 -1000 -1000 -1000 -10 0.76
81 77 Car -1 -1 -1 464.84 174.25 502.76 197.24 -1 -1 -1 -1000 -1000 -1000 -10 0.71
81 78 Car -1 -1 -1 735.38 162.63 900.49 240.78 -1 -1 -1 -1000 -1000 -1000 -10 0.69
81 58 Car -1 -1 -1 707.44 167.16 805.65 215.22 -1 -1 -1 -1000 -1000 -1000 -10 0.67
81 76 Cyclist -1 -1 -1 763.22 155.19 880.52 310.53 -1 -1 -1 -1000 -1000 -1000 -10 0.50
82 72 Car -1 -1 -1 350.84 181.09 424.40 216.38 -1 -1 -1 -1000 -1000 -1000 -10 0.88
82 73 Car -1 -1 -1 394.62 178.91 453.03 211.74 -1 -1 -1 -1000 -1000 -1000 -10 0.85
82 66 Car -1 -1 -1 668.06 174.85 708.18 209.26 -1 -1 -1 -1000 -1000 -1000 -10 0.84
82 62 Car -1 -1 -1 434.95 177.97 482.43 205.38 -1 -1 -1 -1000 -1000 -1000 -10 0.82
82 63 Car -1 -1 -1 482.81 174.58 518.52 197.37 -1 -1 -1 -1000 -1000 -1000 -10 0.79
82 77 Car -1 -1 -1 465.65 175.07 503.39 199.83 -1 -1 -1 -1000 -1000 -1000 -10 0.76
82 78 Car -1 -1 -1 740.40 164.49 926.01 246.49 -1 -1 -1 -1000 -1000 -1000 -10 0.76
82 1 Car -1 -1 -1 606.78 177.17 643.30 209.74 -1 -1 -1 -1000 -1000 -1000 -10 0.69
82 58 Car -1 -1 -1 712.05 168.21 816.41 219.90 -1 -1 -1 -1000 -1000 -1000 -10 0.66
82 76 Cyclist -1 -1 -1 786.56 157.44 902.68 323.64 -1 -1 -1 -1000 -1000 -1000 -10 0.46
83 72 Car -1 -1 -1 345.83 183.54 423.33 221.26 -1 -1 -1 -1000 -1000 -1000 -10 0.94
83 73 Car -1 -1 -1 394.36 181.34 452.57 214.66 -1 -1 -1 -1000 -1000 -1000 -10 0.88
83 62 Car -1 -1 -1 433.61 179.85 483.42 207.99 -1 -1 -1 -1000 -1000 -1000 -10 0.85
83 66 Car -1 -1 -1 673.02 177.59 712.48 210.93 -1 -1 -1 -1000 -1000 -1000 -10 0.85
83 77 Car -1 -1 -1 465.03 177.41 505.01 202.71 -1 -1 -1 -1000 -1000 -1000 -10 0.82
83 1 Car -1 -1 -1 610.70 180.26 647.26 209.94 -1 -1 -1 -1000 -1000 -1000 -10 0.81
83 78 Car -1 -1 -1 753.75 162.78 966.39 250.30 -1 -1 -1 -1000 -1000 -1000 -10 0.71
83 58 Car -1 -1 -1 716.92 169.80 827.09 221.27 -1 -1 -1 -1000 -1000 -1000 -10 0.63
83 63 Car -1 -1 -1 482.37 175.90 520.00 200.75 -1 -1 -1 -1000 -1000 -1000 -10 0.61
83 76 Cyclist -1 -1 -1 801.52 153.06 948.89 342.81 -1 -1 -1 -1000 -1000 -1000 -10 0.45
84 72 Car -1 -1 -1 343.02 185.68 421.80 224.29 -1 -1 -1 -1000 -1000 -1000 -10 0.85
84 63 Car -1 -1 -1 485.50 178.26 520.67 201.90 -1 -1 -1 -1000 -1000 -1000 -10 0.82
84 66 Car -1 -1 -1 675.92 179.58 720.18 215.23 -1 -1 -1 -1000 -1000 -1000 -10 0.79
84 62 Car -1 -1 -1 435.25 182.02 481.06 210.21 -1 -1 -1 -1000 -1000 -1000 -10 0.77
84 73 Car -1 -1 -1 392.45 183.59 452.31 218.13 -1 -1 -1 -1000 -1000 -1000 -10 0.76
84 77 Car -1 -1 -1 465.12 178.43 505.47 205.84 -1 -1 -1 -1000 -1000 -1000 -10 0.76
84 1 Car -1 -1 -1 615.47 181.83 650.43 212.34 -1 -1 -1 -1000 -1000 -1000 -10 0.74
84 58 Car -1 -1 -1 725.63 171.33 841.71 226.56 -1 -1 -1 -1000 -1000 -1000 -10 0.73
84 78 Car -1 -1 -1 764.29 161.54 994.42 265.74 -1 -1 -1 -1000 -1000 -1000 -10 0.70
84 76 Cyclist -1 -1 -1 816.26 139.17 995.83 364.34 -1 -1 -1 -1000 -1000 -1000 -10 0.42
