0 3 Car -1 -1 -1 384.27 176.99 511.45 232.33 -1 -1 -1 -1000 -1000 -1000 -10 1
0 2 Car -1 -1 -1 322.59 195.49 454.83 284.88 -1 -1 -1 -1000 -1000 -1000 -10 1
0 1 Car -1 -1 -1 1.65 210.03 360.87 364.94 -1 -1 -1 -1000 -1000 -1000 -10 1
1 4 Car -1 -1 -1 386.79 172.90 505.42 237.47 -1 -1 -1 -1000 -1000 -1000 -10 1
1 3 Car -1 -1 -1 383.71 176.09 511.76 233.94 -1 -1 -1 -1000 -1000 -1000 -10 1
1 2 Car -1 -1 -1 304.08 197.77 442.50 286.13 -1 -1 -1 -1000 -1000 -1000 -10 1
1 1 Car -1 -1 -1 -4.97 208.34 341.34 368.75 -1 -1 -1 -1000 -1000 -1000 -10 1
2 4 Car -1 -1 -1 387.61 175.82 504.47 240.00 -1 -1 -1 -1000 -1000 -1000 -10 1
2 3 Car -1 -1 -1 379.59 176.21 509.83 236.42 -1 -1 -1 -1000 -1000 -1000 -10 1
2 2 Car -1 -1 -1 282.29 196.64 434.79 291.31 -1 -1 -1 -1000 -1000 -1000 -10 1
2 1 Car -1 -1 -1 -2.88 212.47 324.80 370.88 -1 -1 -1 -1000 -1000 -1000 -10 1
3 3 Car -1 -1 -1 377.07 174.55 511.03 239.76 -1 -1 -1 -1000 -1000 -1000 -10 1
3 2 Car -1 -1 -1 259.29 196.07 430.60 299.18 -1 -1 -1 -1000 -1000 -1000 -10 1
3 1 Car -1 -1 -1 -0.39 217.29 279.84 362.97 -1 -1 -1 -1000 -1000 -1000 -10 1
4 4 Car -1 -1 -1 385.81 170.27 505.45 241.56 -1 -1 -1 -1000 -1000 -1000 -10 1
4 3 Car -1 -1 -1 375.72 173.85 509.64 242.46 -1 -1 -1 -1000 -1000 -1000 -10 1
4 2 Car -1 -1 -1 231.91 196.47 427.82 313.67 -1 -1 -1 -1000 -1000 -1000 -10 1
4 1 Car -1 -1 -1 -7.76 224.51 254.88 368.27 -1 -1 -1 -1000 -1000 -1000 -10 1
5 4 Car -1 -1 -1 381.02 170.75 503.01 244.68 -1 -1 -1 -1000 -1000 -1000 -10 1
5 2 Car -1 -1 -1 206.53 196.13 420.43 323.69 -1 -1 -1 -1000 -1000 -1000 -10 1
5 1 Car -1 -1 -1 -6.94 230.06 215.63 360.61 -1 -1 -1 -1000 -1000 -1000 -10 1
6 4 Car -1 -1 -1 378.68 169.33 501.69 244.80 -1 -1 -1 -1000 -1000 -1000 -10 1
6 2 Car -1 -1 -1 178.40 192.47 412.39 332.00 -1 -1 -1 -1000 -1000 -1000 -10 1
6 1 Car -1 -1 -1 -19.65 241.69 151.39 357.85 -1 -1 -1 -1000 -1000 -1000 -10 1
7 4 Car -1 -1 -1 370.90 169.66 494.27 245.83 -1 -1 -1 -1000 -1000 -1000 -10 1
7 2 Car -1 -1 -1 144.91 191.87 401.18 343.29 -1 -1 -1 -1000 -1000 -1000 -10 1
8 4 Car -1 -1 -1 359.10 170.58 494.25 251.85 -1 -1 -1 -1000 -1000 -1000 -10 1
8 2 Car -1 -1 -1 109.49 195.84 384.32 351.70 -1 -1 -1 -1000 -1000 -1000 -10 1
9 2 Car -1 -1 -1 61.32 200.63 367.59 367.25 -1 -1 -1 -1000 -1000 -1000 -10 1
10 7 Car -1 -1 -1 337.86 158.95 479.86 256.92 -1 -1 -1 -1000 -1000 -1000 -10 1
10 2 Car -1 -1 -1 18.93 203.79 343.79 370.71 -1 -1 -1 -1000 -1000 -1000 -10 1
11 7 Car -1 -1 -1 330.37 160.43 474.89 263.82 -1 -1 -1 -1000 -1000 -1000 -10 1
11 2 Car -1 -1 -1 -7.05 200.76 336.09 375.89 -1 -1 -1 -1000 -1000 -1000 -10 1
12 8 Car -1 -1 -1 431.28 172.09 499.69 207.64 -1 -1 -1 -1000 -1000 -1000 -10 1
12 7 Car -1 -1 -1 318.94 159.74 471.56 268.00 -1 -1 -1 -1000 -1000 -1000 -10 1
12 2 Car -1 -1 -1 -19.95 198.35 324.99 376.75 -1 -1 -1 -1000 -1000 -1000 -10 1
13 8 Car -1 -1 -1 427.27 172.68 491.81 206.05 -1 -1 -1 -1000 -1000 -1000 -10 1
13 7 Car -1 -1 -1 305.70 161.67 460.21 272.80 -1 -1 -1 -1000 -1000 -1000 -10 1
13 2 Car -1 -1 -1 -29.34 199.16 303.65 375.54 -1 -1 -1 -1000 -1000 -1000 -10 1
14 8 Car -1 -1 -1 424.20 173.33 487.38 206.05 -1 -1 -1 -1000 -1000 -1000 -10 1
14 7 Car -1 -1 -1 293.73 165.60 453.18 282.76 -1 -1 -1 -1000 -1000 -1000 -10 1
14 2 Car -1 -1 -1 -34.72 202.15 283.19 378.91 -1 -1 -1 -1000 -1000 -1000 -10 1
15 8 Car -1 -1 -1 419.64 173.46 481.01 206.95 -1 -1 -1 -1000 -1000 -1000 -10 1
15 7 Car -1 -1 -1 277.85 165.27 443.99 289.49 -1 -1 -1 -1000 -1000 -1000 -10 1
15 2 Car -1 -1 -1 -38.75 203.49 259.05 379.59 -1 -1 -1 -1000 -1000 -1000 -10 1
16 8 Car -1 -1 -1 411.16 173.00 472.92 207.38 -1 -1 -1 -1000 -1000 -1000 -10 1
16 7 Car -1 -1 -1 249.27 170.75 428.31 309.15 -1 -1 -1 -1000 -1000 -1000 -10 1
16 2 Car -1 -1 -1 -48.58 208.66 207.32 381.40 -1 -1 -1 -1000 -1000 -1000 -10 1
17 8 Car -1 -1 -1 404.55 173.59 467.67 209.03 -1 -1 -1 -1000 -1000 -1000 -10 1
17 7 Car -1 -1 -1 224.07 168.08 415.78 322.60 -1 -1 -1 -1000 -1000 -1000 -10 1
18 8 Car -1 -1 -1 400.88 173.24 464.05 209.42 -1 -1 -1 -1000 -1000 -1000 -10 1
18 7 Car -1 -1 -1 198.56 167.03 405.24 334.37 -1 -1 -1 -1000 -1000 -1000 -10 1
19 8 Car -1 -1 -1 395.96 172.71 460.13 210.21 -1 -1 -1 -1000 -1000 -1000 -10 1
19 7 Car -1 -1 -1 165.48 163.97 393.43 347.10 -1 -1 -1 -1000 -1000 -1000 -10 1
20 8 Car -1 -1 -1 392.22 170.75 458.34 209.75 -1 -1 -1 -1000 -1000 -1000 -10 1
20 7 Car -1 -1 -1 134.35 160.95 384.39 360.83 -1 -1 -1 -1000 -1000 -1000 -10 1
21 15 Car -1 -1 -1 282.15 175.31 409.97 239.48 -1 -1 -1 -1000 -1000 -1000 -10 1
21 8 Car -1 -1 -1 388.13 170.46 456.85 210.14 -1 -1 -1 -1000 -1000 -1000 -10 1
21 7 Car -1 -1 -1 103.83 160.10 356.62 365.21 -1 -1 -1 -1000 -1000 -1000 -10 1
22 15 Car -1 -1 -1 277.07 173.04 406.21 240.98 -1 -1 -1 -1000 -1000 -1000 -10 1
22 13 Car -1 -1 -1 1120.54 155.65 1256.89 218.05 -1 -1 -1 -1000 -1000 -1000 -10 1
22 8 Car -1 -1 -1 383.51 170.13 454.71 211.04 -1 -1 -1 -1000 -1000 -1000 -10 1
23 16 Car -1 -1 -1 10.22 146.31 311.89 378.08 -1 -1 -1 -1000 -1000 -1000 -10 1
23 15 Car -1 -1 -1 273.55 174.76 397.86 242.60 -1 -1 -1 -1000 -1000 -1000 -10 1
23 8 Car -1 -1 -1 376.73 172.93 452.56 215.32 -1 -1 -1 -1000 -1000 -1000 -10 1
24 16 Car -1 -1 -1 -1.28 153.80 293.68 378.59 -1 -1 -1 -1000 -1000 -1000 -10 1
24 15 Car -1 -1 -1 269.66 177.18 390.11 244.86 -1 -1 -1 -1000 -1000 -1000 -10 1
24 8 Car -1 -1 -1 367.30 173.58 447.08 217.58 -1 -1 -1 -1000 -1000 -1000 -10 1
25 16 Car -1 -1 -1 -8.69 142.38 280.67 372.56 -1 -1 -1 -1000 -1000 -1000 -10 1
25 15 Car -1 -1 -1 263.78 177.26 385.06 248.10 -1 -1 -1 -1000 -1000 -1000 -10 1
25 8 Car -1 -1 -1 362.39 178.50 445.87 223.02 -1 -1 -1 -1000 -1000 -1000 -10 1
26 16 Car -1 -1 -1 -13.35 155.73 249.40 375.14 -1 -1 -1 -1000 -1000 -1000 -10 1
26 15 Car -1 -1 -1 254.91 176.66 379.48 250.73 -1 -1 -1 -1000 -1000 -1000 -10 1
26 8 Car -1 -1 -1 358.14 176.72 442.28 221.89 -1 -1 -1 -1000 -1000 -1000 -10 1
27 16 Car -1 -1 -1 -15.17 161.63 222.50 371.01 -1 -1 -1 -1000 -1000 -1000 -10 1
27 15 Car -1 -1 -1 244.45 179.96 375.04 254.99 -1 -1 -1 -1000 -1000 -1000 -10 1
27 8 Car -1 -1 -1 355.34 176.08 439.18 222.19 -1 -1 -1 -1000 -1000 -1000 -10 1
28 16 Car -1 -1 -1 -17.36 159.32 193.48 362.13 -1 -1 -1 -1000 -1000 -1000 -10 1
28 15 Car -1 -1 -1 237.25 180.49 373.64 258.41 -1 -1 -1 -1000 -1000 -1000 -10 1
28 8 Car -1 -1 -1 350.91 179.00 437.02 225.15 -1 -1 -1 -1000 -1000 -1000 -10 1
29 16 Car -1 -1 -1 -8.62 160.87 177.87 357.26 -1 -1 -1 -1000 -1000 -1000 -10 1
29 15 Car -1 -1 -1 231.15 185.33 369.25 264.20 -1 -1 -1 -1000 -1000 -1000 -10 1
29 8 Car -1 -1 -1 348.59 185.02 433.30 231.73 -1 -1 -1 -1000 -1000 -1000 -10 1
30 16 Car -1 -1 -1 -10.27 169.94 155.24 364.43 -1 -1 -1 -1000 -1000 -1000 -10 1
30 15 Car -1 -1 -1 223.49 191.81 363.86 271.26 -1 -1 -1 -1000 -1000 -1000 -10 1
30 8 Car -1 -1 -1 343.82 192.64 430.62 240.98 -1 -1 -1 -1000 -1000 -1000 -10 1
31 16 Car -1 -1 -1 -10.27 179.65 142.75 367.22 -1 -1 -1 -1000 -1000 -1000 -10 1
31 15 Car -1 -1 -1 213.18 201.98 358.76 284.64 -1 -1 -1 -1000 -1000 -1000 -10 1
31 8 Car -1 -1 -1 339.46 199.89 427.90 250.91 -1 -1 -1 -1000 -1000 -1000 -10 1
32 16 Car -1 -1 -1 -12.99 190.46 119.41 368.02 -1 -1 -1 -1000 -1000 -1000 -10 1
32 15 Car -1 -1 -1 202.50 208.10 355.85 298.45 -1 -1 -1 -1000 -1000 -1000 -10 1
32 8 Car -1 -1 -1 335.46 208.32 425.04 260.81 -1 -1 -1 -1000 -1000 -1000 -10 1
33 15 Car -1 -1 -1 189.50 211.41 350.35 308.52 -1 -1 -1 -1000 -1000 -1000 -10 1
33 8 Car -1 -1 -1 329.66 214.36 422.02 268.88 -1 -1 -1 -1000 -1000 -1000 -10 1
34 15 Car -1 -1 -1 180.61 213.91 348.80 316.68 -1 -1 -1 -1000 -1000 -1000 -10 1
34 8 Car -1 -1 -1 326.40 219.71 423.16 274.04 -1 -1 -1 -1000 -1000 -1000 -10 1
35 15 Car -1 -1 -1 170.97 217.48 346.64 325.04 -1 -1 -1 -1000 -1000 -1000 -10 1
35 8 Car -1 -1 -1 320.82 222.42 421.39 277.14 -1 -1 -1 -1000 -1000 -1000 -10 1
36 15 Car -1 -1 -1 160.67 224.66 342.30 330.34 -1 -1 -1 -1000 -1000 -1000 -10 1
36 8 Car -1 -1 -1 315.05 223.76 415.12 279.68 -1 -1 -1 -1000 -1000 -1000 -10 1
37 15 Car -1 -1 -1 152.78 228.53 335.86 333.53 -1 -1 -1 -1000 -1000 -1000 -10 1
37 8 Car -1 -1 -1 313.75 225.02 412.82 282.22 -1 -1 -1 -1000 -1000 -1000 -10 1
38 15 Car -1 -1 -1 147.72 226.51 332.28 333.03 -1 -1 -1 -1000 -1000 -1000 -10 1
38 8 Car -1 -1 -1 314.85 224.64 417.13 281.17 -1 -1 -1 -1000 -1000 -1000 -10 1
39 15 Car -1 -1 -1 137.20 216.05 333.16 330.91 -1 -1 -1 -1000 -1000 -1000 -10 1
39 8 Car -1 -1 -1 311.84 220.87 416.12 279.02 -1 -1 -1 -1000 -1000 -1000 -10 1
40 15 Car -1 -1 -1 125.97 208.28 332.50 328.88 -1 -1 -1 -1000 -1000 -1000 -10 1
40 8 Car -1 -1 -1 311.40 214.31 419.84 270.04 -1 -1 -1 -1000 -1000 -1000 -10 1
41 15 Car -1 -1 -1 118.17 202.27 331.29 326.81 -1 -1 -1 -1000 -1000 -1000 -10 1
41 8 Car -1 -1 -1 318.25 208.20 426.60 266.65 -1 -1 -1 -1000 -1000 -1000 -10 1
42 15 Car -1 -1 -1 114.23 199.45 333.67 326.81 -1 -1 -1 -1000 -1000 -1000 -10 1
42 8 Car -1 -1 -1 319.00 205.45 431.60 263.59 -1 -1 -1 -1000 -1000 -1000 -10 1
43 15 Car -1 -1 -1 108.79 198.20 335.99 328.64 -1 -1 -1 -1000 -1000 -1000 -10 1
43 8 Car -1 -1 -1 318.94 204.37 434.95 262.03 -1 -1 -1 -1000 -1000 -1000 -10 1
44 15 Car -1 -1 -1 103.97 197.54 337.89 330.68 -1 -1 -1 -1000 -1000 -1000 -10 1
44 8 Car -1 -1 -1 318.53 204.96 437.74 262.06 -1 -1 -1 -1000 -1000 -1000 -10 1
45 15 Car -1 -1 -1 98.47 198.25 339.28 334.08 -1 -1 -1 -1000 -1000 -1000 -10 1
45 8 Car -1 -1 -1 318.38 204.90 441.41 262.33 -1 -1 -1 -1000 -1000 -1000 -10 1
46 15 Car -1 -1 -1 93.25 198.50 340.75 336.86 -1 -1 -1 -1000 -1000 -1000 -10 1
46 8 Car -1 -1 -1 324.25 204.40 448.31 261.73 -1 -1 -1 -1000 -1000 -1000 -10 1
47 15 Car -1 -1 -1 86.16 199.49 342.08 341.42 -1 -1 -1 -1000 -1000 -1000 -10 1
47 8 Car -1 -1 -1 329.35 204.32 454.94 261.72 -1 -1 -1 -1000 -1000 -1000 -10 1
48 15 Car -1 -1 -1 79.75 200.64 344.01 345.06 -1 -1 -1 -1000 -1000 -1000 -10 1
48 8 Car -1 -1 -1 332.93 203.58 460.91 261.84 -1 -1 -1 -1000 -1000 -1000 -10 1
49 15 Car -1 -1 -1 68.22 204.65 343.79 348.41 -1 -1 -1 -1000 -1000 -1000 -10 1
49 8 Car -1 -1 -1 335.96 203.50 467.25 262.18 -1 -1 -1 -1000 -1000 -1000 -10 1
50 15 Car -1 -1 -1 59.89 205.31 346.51 352.47 -1 -1 -1 -1000 -1000 -1000 -10 1
50 8 Car -1 -1 -1 341.49 202.41 472.29 263.99 -1 -1 -1 -1000 -1000 -1000 -10 1
51 15 Car -1 -1 -1 48.66 206.54 351.23 359.83 -1 -1 -1 -1000 -1000 -1000 -10 1
51 8 Car -1 -1 -1 342.98 202.49 473.80 265.90 -1 -1 -1 -1000 -1000 -1000 -10 1
52 15 Car -1 -1 -1 37.15 207.60 354.63 366.55 -1 -1 -1 -1000 -1000 -1000 -10 1
52 8 Car -1 -1 -1 354.36 204.82 486.71 267.86 -1 -1 -1 -1000 -1000 -1000 -10 1
53 15 Car -1 -1 -1 20.53 205.75 360.03 369.24 -1 -1 -1 -1000 -1000 -1000 -10 1
53 8 Car -1 -1 -1 359.76 206.80 494.05 270.20 -1 -1 -1 -1000 -1000 -1000 -10 1
54 15 Car -1 -1 -1 9.28 206.03 364.17 371.44 -1 -1 -1 -1000 -1000 -1000 -10 1
54 8 Car -1 -1 -1 365.96 207.07 502.44 271.24 -1 -1 -1 -1000 -1000 -1000 -10 1
55 15 Car -1 -1 -1 0.66 204.79 368.50 371.41 -1 -1 -1 -1000 -1000 -1000 -10 1
55 8 Car -1 -1 -1 370.86 207.90 510.28 273.27 -1 -1 -1 -1000 -1000 -1000 -10 1
56 15 Car -1 -1 -1 -2.62 203.50 368.90 370.49 -1 -1 -1 -1000 -1000 -1000 -10 1
56 8 Car -1 -1 -1 376.14 208.73 518.87 275.97 -1 -1 -1 -1000 -1000 -1000 -10 1
57 15 Car -1 -1 -1 -5.07 203.70 371.71 371.50 -1 -1 -1 -1000 -1000 -1000 -10 1
57 8 Car -1 -1 -1 379.96 206.52 526.25 278.41 -1 -1 -1 -1000 -1000 -1000 -10 1
58 15 Car -1 -1 -1 -6.84 205.98 374.28 372.37 -1 -1 -1 -1000 -1000 -1000 -10 1
58 8 Car -1 -1 -1 383.65 207.51 532.40 283.13 -1 -1 -1 -1000 -1000 -1000 -10 1
59 15 Car -1 -1 -1 -8.42 207.35 374.61 371.51 -1 -1 -1 -1000 -1000 -1000 -10 1
59 8 Car -1 -1 -1 393.19 208.80 544.10 285.72 -1 -1 -1 -1000 -1000 -1000 -10 1
60 15 Car -1 -1 -1 -10.35 209.42 368.86 372.06 -1 -1 -1 -1000 -1000 -1000 -10 1
60 8 Car -1 -1 -1 398.14 209.13 552.07 287.28 -1 -1 -1 -1000 -1000 -1000 -10 1
61 15 Car -1 -1 -1 -8.81 209.38 361.20 371.31 -1 -1 -1 -1000 -1000 -1000 -10 1
61 8 Car -1 -1 -1 404.74 211.23 560.94 290.59 -1 -1 -1 -1000 -1000 -1000 -10 1
62 15 Car -1 -1 -1 -9.74 212.77 354.16 374.96 -1 -1 -1 -1000 -1000 -1000 -10 1
62 8 Car -1 -1 -1 409.79 212.03 568.77 292.94 -1 -1 -1 -1000 -1000 -1000 -10 1
63 15 Car -1 -1 -1 -12.57 215.17 345.90 377.82 -1 -1 -1 -1000 -1000 -1000 -10 1
63 8 Car -1 -1 -1 411.93 208.79 576.77 294.57 -1 -1 -1 -1000 -1000 -1000 -10 1
64 15 Car -1 -1 -1 -15.14 211.59 338.93 376.17 -1 -1 -1 -1000 -1000 -1000 -10 1
64 8 Car -1 -1 -1 413.56 205.89 584.25 295.92 -1 -1 -1 -1000 -1000 -1000 -10 1
65 15 Car -1 -1 -1 -23.07 210.96 314.57 374.35 -1 -1 -1 -1000 -1000 -1000 -10 1
65 8 Car -1 -1 -1 414.57 201.13 592.76 295.71 -1 -1 -1 -1000 -1000 -1000 -10 1
66 24 Car -1 -1 -1 690.00 179.65 744.50 217.47 -1 -1 -1 -1000 -1000 -1000 -10 1
66 15 Car -1 -1 -1 -20.64 208.31 289.99 371.73 -1 -1 -1 -1000 -1000 -1000 -10 1
66 8 Car -1 -1 -1 416.02 197.34 599.83 295.86 -1 -1 -1 -1000 -1000 -1000 -10 1
67 24 Car -1 -1 -1 698.85 176.12 749.28 210.31 -1 -1 -1 -1000 -1000 -1000 -10 1
67 15 Car -1 -1 -1 -27.84 209.00 258.68 372.22 -1 -1 -1 -1000 -1000 -1000 -10 1
67 8 Car -1 -1 -1 417.79 195.21 604.59 293.69 -1 -1 -1 -1000 -1000 -1000 -10 1
68 24 Car -1 -1 -1 705.00 173.36 754.22 206.30 -1 -1 -1 -1000 -1000 -1000 -10 1
68 15 Car -1 -1 -1 -39.48 212.87 208.65 375.49 -1 -1 -1 -1000 -1000 -1000 -10 1
68 8 Car -1 -1 -1 412.29 191.93 608.14 293.99 -1 -1 -1 -1000 -1000 -1000 -10 1
69 24 Car -1 -1 -1 714.74 171.36 763.17 203.47 -1 -1 -1 -1000 -1000 -1000 -10 1
69 8 Car -1 -1 -1 407.81 189.72 611.65 294.89 -1 -1 -1 -1000 -1000 -1000 -10 1
70 24 Car -1 -1 -1 720.41 166.55 769.78 199.75 -1 -1 -1 -1000 -1000 -1000 -10 1
70 8 Car -1 -1 -1 402.42 189.03 615.40 297.62 -1 -1 -1 -1000 -1000 -1000 -10 1
71 24 Car -1 -1 -1 725.02 163.74 775.47 197.70 -1 -1 -1 -1000 -1000 -1000 -10 1
71 8 Car -1 -1 -1 396.79 189.46 618.80 303.38 -1 -1 -1 -1000 -1000 -1000 -10 1
72 24 Car -1 -1 -1 727.40 161.02 780.48 196.54 -1 -1 -1 -1000 -1000 -1000 -10 1
72 8 Car -1 -1 -1 389.91 190.35 621.54 310.70 -1 -1 -1 -1000 -1000 -1000 -10 1
73 24 Car -1 -1 -1 726.86 158.32 783.25 196.49 -1 -1 -1 -1000 -1000 -1000 -10 1
73 8 Car -1 -1 -1 378.68 191.52 623.17 319.26 -1 -1 -1 -1000 -1000 -1000 -10 1
74 24 Car -1 -1 -1 727.26 160.53 786.80 199.79 -1 -1 -1 -1000 -1000 -1000 -10 1
74 8 Car -1 -1 -1 360.80 193.19 621.66 329.12 -1 -1 -1 -1000 -1000 -1000 -10 1
75 24 Car -1 -1 -1 730.99 162.90 788.77 202.00 -1 -1 -1 -1000 -1000 -1000 -10 1
75 8 Car -1 -1 -1 341.75 199.42 608.42 337.41 -1 -1 -1 -1000 -1000 -1000 -10 1
76 24 Car -1 -1 -1 729.97 164.21 786.01 203.12 -1 -1 -1 -1000 -1000 -1000 -10 1
76 8 Car -1 -1 -1 318.85 201.53 604.05 351.59 -1 -1 -1 -1000 -1000 -1000 -10 1
77 24 Car -1 -1 -1 726.64 166.18 782.67 205.39 -1 -1 -1 -1000 -1000 -1000 -10 1
77 8 Car -1 -1 -1 283.06 201.97 587.66 361.59 -1 -1 -1 -1000 -1000 -1000 -10 1
78 24 Car -1 -1 -1 726.80 167.79 781.75 205.88 -1 -1 -1 -1000 -1000 -1000 -10 1
78 8 Car -1 -1 -1 240.80 200.66 570.06 367.20 -1 -1 -1 -1000 -1000 -1000 -10 1
79 24 Car -1 -1 -1 724.15 167.68 778.48 205.79 -1 -1 -1 -1000 -1000 -1000 -10 1
79 8 Car -1 -1 -1 192.24 201.45 553.83 371.63 -1 -1 -1 -1000 -1000 -1000 -10 1
80 24 Car -1 -1 -1 719.01 167.49 774.70 206.23 -1 -1 -1 -1000 -1000 -1000 -10 1
80 8 Car -1 -1 -1 136.88 200.73 542.43 372.08 -1 -1 -1 -1000 -1000 -1000 -10 1
81 24 Car -1 -1 -1 712.11 169.78 768.36 208.44 -1 -1 -1 -1000 -1000 -1000 -10 1
81 8 Car -1 -1 -1 106.20 199.31 539.16 372.73 -1 -1 -1 -1000 -1000 -1000 -10 1
82 24 Car -1 -1 -1 709.27 173.12 764.82 211.49 -1 -1 -1 -1000 -1000 -1000 -10 1
82 8 Car -1 -1 -1 79.99 201.00 530.36 374.66 -1 -1 -1 -1000 -1000 -1000 -10 1
83 24 Car -1 -1 -1 704.02 177.19 760.26 216.14 -1 -1 -1 -1000 -1000 -1000 -10 1
83 8 Car -1 -1 -1 87.25 201.09 534.73 373.96 -1 -1 -1 -1000 -1000 -1000 -10 1
84 24 Car -1 -1 -1 697.38 180.38 753.31 219.26 -1 -1 -1 -1000 -1000 -1000 -10 1
84 8 Car -1 -1 -1 29.62 208.82 502.31 376.04 -1 -1 -1 -1000 -1000 -1000 -10 1
85 24 Car -1 -1 -1 687.59 182.20 745.22 223.01 -1 -1 -1 -1000 -1000 -1000 -10 1
85 8 Car -1 -1 -1 0.71 209.26 478.56 376.51 -1 -1 -1 -1000 -1000 -1000 -10 1
86 24 Car -1 -1 -1 678.10 182.89 735.44 224.71 -1 -1 -1 -1000 -1000 -1000 -10 1
86 8 Car -1 -1 -1 -24.56 219.96 448.98 381.00 -1 -1 -1 -1000 -1000 -1000 -10 1
87 24 Car -1 -1 -1 664.98 184.81 723.92 227.92 -1 -1 -1 -1000 -1000 -1000 -10 1
88 24 Car -1 -1 -1 652.55 184.32 711.00 227.48 -1 -1 -1 -1000 -1000 -1000 -10 1
89 24 Car -1 -1 -1 636.63 184.93 696.81 229.61 -1 -1 -1 -1000 -1000 -1000 -10 1
90 24 Car -1 -1 -1 620.43 185.02 682.38 230.99 -1 -1 -1 -1000 -1000 -1000 -10 1
91 24 Car -1 -1 -1 605.24 183.60 667.74 229.88 -1 -1 -1 -1000 -1000 -1000 -10 1
92 24 Car -1 -1 -1 589.15 185.96 653.09 232.95 -1 -1 -1 -1000 -1000 -1000 -10 1
93 24 Car -1 -1 -1 572.90 186.94 639.04 235.09 -1 -1 -1 -1000 -1000 -1000 -10 1
94 24 Car -1 -1 -1 558.70 186.88 626.57 236.63 -1 -1 -1 -1000 -1000 -1000 -10 1
95 24 Car -1 -1 -1 544.26 186.91 611.85 236.83 -1 -1 -1 -1000 -1000 -1000 -10 1
96 24 Car -1 -1 -1 530.74 185.37 600.05 235.52 -1 -1 -1 -1000 -1000 -1000 -10 1
97 24 Car -1 -1 -1 519.44 180.76 590.20 231.83 -1 -1 -1 -1000 -1000 -1000 -10 1
98 24 Car -1 -1 -1 513.21 175.14 583.28 226.04 -1 -1 -1 -1000 -1000 -1000 -10 1
99 24 Car -1 -1 -1 500.21 162.37 573.52 214.73 -1 -1 -1 -1000 -1000 -1000 -10 1
100 24 Car -1 -1 -1 492.25 155.04 566.71 207.88 -1 -1 -1 -1000 -1000 -1000 -10 1
101 24 Car -1 -1 -1 488.93 156.74 562.76 209.43 -1 -1 -1 -1000 -1000 -1000 -10 1
102 24 Car -1 -1 -1 482.00 165.98 560.93 218.53 -1 -1 -1 -1000 -1000 -1000 -10 1
103 24 Car -1 -1 -1 473.73 175.08 554.33 229.59 -1 -1 -1 -1000 -1000 -1000 -10 1
104 24 Car -1 -1 -1 467.55 183.10 550.20 240.77 -1 -1 -1 -1000 -1000 -1000 -10 1
105 24 Car -1 -1 -1 460.02 186.66 545.14 247.60 -1 -1 -1 -1000 -1000 -1000 -10 1
106 24 Car -1 -1 -1 453.77 184.30 541.39 246.72 -1 -1 -1 -1000 -1000 -1000 -10 1
107 24 Car -1 -1 -1 445.43 178.16 537.65 241.09 -1 -1 -1 -1000 -1000 -1000 -10 1
108 24 Car -1 -1 -1 437.71 175.93 534.71 238.73 -1 -1 -1 -1000 -1000 -1000 -10 1
109 24 Car -1 -1 -1 429.78 178.04 529.26 243.14 -1 -1 -1 -1000 -1000 -1000 -10 1
110 24 Car -1 -1 -1 420.91 184.78 526.49 252.35 -1 -1 -1 -1000 -1000 -1000 -10 1
111 24 Car -1 -1 -1 411.29 191.66 521.21 261.82 -1 -1 -1 -1000 -1000 -1000 -10 1
112 24 Car -1 -1 -1 402.73 194.03 516.94 266.39 -1 -1 -1 -1000 -1000 -1000 -10 1
113 24 Car -1 -1 -1 392.86 194.06 511.87 267.22 -1 -1 -1 -1000 -1000 -1000 -10 1
114 24 Car -1 -1 -1 383.09 193.46 506.80 269.75 -1 -1 -1 -1000 -1000 -1000 -10 1
115 24 Car -1 -1 -1 371.32 193.77 499.06 274.28 -1 -1 -1 -1000 -1000 -1000 -10 1
116 24 Car -1 -1 -1 357.59 194.61 494.08 280.39 -1 -1 -1 -1000 -1000 -1000 -10 1
117 24 Car -1 -1 -1 342.98 196.64 487.78 288.44 -1 -1 -1 -1000 -1000 -1000 -10 1
118 24 Car -1 -1 -1 324.99 198.22 481.29 297.58 -1 -1 -1 -1000 -1000 -1000 -10 1
119 24 Car -1 -1 -1 303.60 201.04 473.59 308.51 -1 -1 -1 -1000 -1000 -1000 -10 1
120 24 Car -1 -1 -1 284.72 202.25 469.21 318.77 -1 -1 -1 -1000 -1000 -1000 -10 1
121 24 Car -1 -1 -1 261.04 205.36 461.67 331.07 -1 -1 -1 -1000 -1000 -1000 -10 1
122 24 Car -1 -1 -1 230.46 206.49 446.05 340.63 -1 -1 -1 -1000 -1000 -1000 -10 1
123 24 Car -1 -1 -1 179.49 203.43 423.06 353.08 -1 -1 -1 -1000 -1000 -1000 -10 1
124 24 Car -1 -1 -1 131.22 205.19 403.73 364.24 -1 -1 -1 -1000 -1000 -1000 -10 1
125 24 Car -1 -1 -1 70.66 205.78 381.89 369.85 -1 -1 -1 -1000 -1000 -1000 -10 1
126 24 Car -1 -1 -1 31.15 204.69 369.93 372.01 -1 -1 -1 -1000 -1000 -1000 -10 1
127 24 Car -1 -1 -1 5.58 206.24 364.80 372.15 -1 -1 -1 -1000 -1000 -1000 -10 1
128 24 Car -1 -1 -1 -8.14 206.25 355.90 373.72 -1 -1 -1 -1000 -1000 -1000 -10 1
129 24 Car -1 -1 -1 -18.90 208.76 340.76 376.28 -1 -1 -1 -1000 -1000 -1000 -10 1
130 24 Car -1 -1 -1 -22.25 215.43 316.48 378.45 -1 -1 -1 -1000 -1000 -1000 -10 1
131 24 Car -1 -1 -1 -31.11 218.78 284.40 381.06 -1 -1 -1 -1000 -1000 -1000 -10 1
132 24 Car -1 -1 -1 -38.45 227.09 244.76 384.27 -1 -1 -1 -1000 -1000 -1000 -10 1
155 31 Car -1 -1 -1 542.57 178.45 572.84 203.44 -1 -1 -1 -1000 -1000 -1000 -10 1
156 31 Car -1 -1 -1 541.47 178.85 572.24 203.94 -1 -1 -1 -1000 -1000 -1000 -10 1
157 31 Car -1 -1 -1 539.37 178.36 570.62 203.64 -1 -1 -1 -1000 -1000 -1000 -10 1
158 31 Car -1 -1 -1 537.74 179.11 569.49 204.04 -1 -1 -1 -1000 -1000 -1000 -10 1
159 31 Car -1 -1 -1 535.81 178.42 568.39 203.05 -1 -1 -1 -1000 -1000 -1000 -10 1
160 31 Car -1 -1 -1 534.81 178.42 567.10 202.23 -1 -1 -1 -1000 -1000 -1000 -10 1
176 35 Car -1 -1 -1 510.72 181.71 554.00 214.32 -1 -1 -1 -1000 -1000 -1000 -10 1
177 35 Car -1 -1 -1 505.64 181.00 551.80 215.26 -1 -1 -1 -1000 -1000 -1000 -10 1
178 35 Car -1 -1 -1 502.81 181.14 551.42 216.59 -1 -1 -1 -1000 -1000 -1000 -10 1
179 35 Car -1 -1 -1 499.30 179.52 549.68 215.46 -1 -1 -1 -1000 -1000 -1000 -10 1
180 35 Car -1 -1 -1 496.39 181.25 547.09 217.87 -1 -1 -1 -1000 -1000 -1000 -10 1
181 35 Car -1 -1 -1 494.00 185.99 545.76 222.73 -1 -1 -1 -1000 -1000 -1000 -10 1
182 35 Car -1 -1 -1 488.05 189.35 543.51 229.00 -1 -1 -1 -1000 -1000 -1000 -10 1
183 35 Car -1 -1 -1 482.76 190.47 541.31 232.74 -1 -1 -1 -1000 -1000 -1000 -10 1
184 35 Car -1 -1 -1 478.84 189.65 540.60 234.87 -1 -1 -1 -1000 -1000 -1000 -10 1
185 35 Car -1 -1 -1 478.63 192.07 542.01 238.37 -1 -1 -1 -1000 -1000 -1000 -10 1
186 35 Car -1 -1 -1 471.67 190.58 538.68 239.88 -1 -1 -1 -1000 -1000 -1000 -10 1
187 38 Car -1 -1 -1 548.96 181.72 582.19 208.12 -1 -1 -1 -1000 -1000 -1000 -10 1
187 35 Car -1 -1 -1 464.17 186.94 534.34 238.88 -1 -1 -1 -1000 -1000 -1000 -10 1
188 38 Car -1 -1 -1 547.69 180.05 581.55 206.39 -1 -1 -1 -1000 -1000 -1000 -10 1
188 35 Car -1 -1 -1 455.40 185.36 529.33 238.82 -1 -1 -1 -1000 -1000 -1000 -10 1
189 38 Car -1 -1 -1 546.28 179.79 581.26 207.12 -1 -1 -1 -1000 -1000 -1000 -10 1
189 35 Car -1 -1 -1 449.28 186.03 526.61 240.78 -1 -1 -1 -1000 -1000 -1000 -10 1
190 38 Car -1 -1 -1 545.64 180.83 582.12 209.71 -1 -1 -1 -1000 -1000 -1000 -10 1
190 35 Car -1 -1 -1 444.20 188.16 523.48 244.45 -1 -1 -1 -1000 -1000 -1000 -10 1
191 38 Car -1 -1 -1 542.44 182.46 581.85 213.18 -1 -1 -1 -1000 -1000 -1000 -10 1
191 35 Car -1 -1 -1 434.54 191.21 522.23 249.47 -1 -1 -1 -1000 -1000 -1000 -10 1
192 38 Car -1 -1 -1 540.39 182.75 581.67 214.15 -1 -1 -1 -1000 -1000 -1000 -10 1
192 35 Car -1 -1 -1 425.66 191.35 520.07 252.27 -1 -1 -1 -1000 -1000 -1000 -10 1
193 38 Car -1 -1 -1 539.11 182.26 581.75 214.49 -1 -1 -1 -1000 -1000 -1000 -10 1
193 35 Car -1 -1 -1 416.67 188.86 513.40 254.09 -1 -1 -1 -1000 -1000 -1000 -10 1
194 38 Car -1 -1 -1 535.79 179.84 580.27 211.56 -1 -1 -1 -1000 -1000 -1000 -10 1
194 35 Car -1 -1 -1 410.36 187.07 511.07 256.34 -1 -1 -1 -1000 -1000 -1000 -10 1
195 38 Car -1 -1 -1 534.42 181.90 580.18 214.83 -1 -1 -1 -1000 -1000 -1000 -10 1
195 35 Car -1 -1 -1 394.18 190.98 506.01 263.75 -1 -1 -1 -1000 -1000 -1000 -10 1
196 38 Car -1 -1 -1 530.56 181.71 579.78 215.31 -1 -1 -1 -1000 -1000 -1000 -10 1
196 35 Car -1 -1 -1 380.70 191.93 501.07 268.91 -1 -1 -1 -1000 -1000 -1000 -10 1
197 38 Car -1 -1 -1 529.46 180.90 580.11 215.55 -1 -1 -1 -1000 -1000 -1000 -10 1
197 35 Car -1 -1 -1 363.58 192.60 493.12 274.11 -1 -1 -1 -1000 -1000 -1000 -10 1
198 38 Car -1 -1 -1 526.22 181.39 579.00 217.38 -1 -1 -1 -1000 -1000 -1000 -10 1
198 35 Car -1 -1 -1 345.98 192.91 485.54 282.08 -1 -1 -1 -1000 -1000 -1000 -10 1
199 38 Car -1 -1 -1 524.37 181.81 578.57 218.74 -1 -1 -1 -1000 -1000 -1000 -10 1
199 35 Car -1 -1 -1 323.44 195.53 478.58 291.43 -1 -1 -1 -1000 -1000 -1000 -10 1
200 38 Car -1 -1 -1 522.79 182.62 578.76 221.46 -1 -1 -1 -1000 -1000 -1000 -10 1
200 35 Car -1 -1 -1 297.84 194.54 471.03 303.07 -1 -1 -1 -1000 -1000 -1000 -10 1
201 38 Car -1 -1 -1 520.70 182.31 579.60 223.12 -1 -1 -1 -1000 -1000 -1000 -10 1
201 35 Car -1 -1 -1 265.50 194.46 462.27 316.15 -1 -1 -1 -1000 -1000 -1000 -10 1
202 38 Car -1 -1 -1 518.26 181.85 578.11 223.90 -1 -1 -1 -1000 -1000 -1000 -10 1
202 35 Car -1 -1 -1 228.54 199.66 447.71 328.84 -1 -1 -1 -1000 -1000 -1000 -10 1
203 38 Car -1 -1 -1 513.06 180.11 575.56 222.68 -1 -1 -1 -1000 -1000 -1000 -10 1
203 35 Car -1 -1 -1 183.13 200.50 423.95 342.85 -1 -1 -1 -1000 -1000 -1000 -10 1
204 38 Car -1 -1 -1 512.90 179.12 573.71 222.40 -1 -1 -1 -1000 -1000 -1000 -10 1
204 35 Car -1 -1 -1 117.45 194.10 400.13 353.05 -1 -1 -1 -1000 -1000 -1000 -10 1
205 38 Car -1 -1 -1 515.57 177.51 574.23 220.07 -1 -1 -1 -1000 -1000 -1000 -10 1
205 35 Car -1 -1 -1 51.83 187.33 384.32 359.04 -1 -1 -1 -1000 -1000 -1000 -10 1
206 38 Car -1 -1 -1 508.88 179.98 567.53 223.55 -1 -1 -1 -1000 -1000 -1000 -10 1
206 35 Car -1 -1 -1 20.28 193.45 371.92 369.31 -1 -1 -1 -1000 -1000 -1000 -10 1
207 38 Car -1 -1 -1 496.93 183.04 560.24 230.06 -1 -1 -1 -1000 -1000 -1000 -10 1
207 35 Car -1 -1 -1 0.21 201.79 363.49 373.58 -1 -1 -1 -1000 -1000 -1000 -10 1
208 38 Car -1 -1 -1 489.10 184.69 555.71 234.56 -1 -1 -1 -1000 -1000 -1000 -10 1
208 35 Car -1 -1 -1 -12.56 204.23 351.29 376.60 -1 -1 -1 -1000 -1000 -1000 -10 1
209 38 Car -1 -1 -1 483.43 186.94 553.58 239.42 -1 -1 -1 -1000 -1000 -1000 -10 1
209 35 Car -1 -1 -1 -26.51 210.33 320.30 380.62 -1 -1 -1 -1000 -1000 -1000 -10 1
210 38 Car -1 -1 -1 476.25 186.44 550.54 242.22 -1 -1 -1 -1000 -1000 -1000 -10 1
210 35 Car -1 -1 -1 -38.64 219.61 276.46 385.19 -1 -1 -1 -1000 -1000 -1000 -10 1
211 41 Car -1 -1 -1 519.18 180.18 570.23 220.25 -1 -1 -1 -1000 -1000 -1000 -10 1
211 38 Car -1 -1 -1 467.08 184.90 547.92 246.11 -1 -1 -1 -1000 -1000 -1000 -10 1
211 35 Car -1 -1 -1 -50.52 221.21 219.99 384.26 -1 -1 -1 -1000 -1000 -1000 -10 1
212 41 Car -1 -1 -1 514.46 178.56 567.41 219.34 -1 -1 -1 -1000 -1000 -1000 -10 1
212 38 Car -1 -1 -1 456.75 185.36 543.66 251.58 -1 -1 -1 -1000 -1000 -1000 -10 1
213 41 Car -1 -1 -1 510.12 180.37 565.80 222.40 -1 -1 -1 -1000 -1000 -1000 -10 1
213 38 Car -1 -1 -1 442.69 187.46 538.97 257.60 -1 -1 -1 -1000 -1000 -1000 -10 1
214 41 Car -1 -1 -1 501.26 181.88 562.31 227.82 -1 -1 -1 -1000 -1000 -1000 -10 1
214 38 Car -1 -1 -1 431.91 189.41 533.45 264.18 -1 -1 -1 -1000 -1000 -1000 -10 1
215 41 Car -1 -1 -1 484.35 182.01 560.06 232.80 -1 -1 -1 -1000 -1000 -1000 -10 1
215 38 Car -1 -1 -1 417.04 190.82 526.46 270.67 -1 -1 -1 -1000 -1000 -1000 -10 1
216 41 Car -1 -1 -1 478.17 181.86 557.43 235.06 -1 -1 -1 -1000 -1000 -1000 -10 1
216 38 Car -1 -1 -1 401.80 190.44 519.72 277.60 -1 -1 -1 -1000 -1000 -1000 -10 1
217 41 Car -1 -1 -1 470.89 180.26 553.48 235.10 -1 -1 -1 -1000 -1000 -1000 -10 1
217 38 Car -1 -1 -1 379.59 189.91 508.72 285.57 -1 -1 -1 -1000 -1000 -1000 -10 1
218 41 Car -1 -1 -1 466.99 179.41 548.92 236.55 -1 -1 -1 -1000 -1000 -1000 -10 1
218 38 Car -1 -1 -1 357.01 190.70 500.66 294.17 -1 -1 -1 -1000 -1000 -1000 -10 1
219 41 Car -1 -1 -1 454.90 178.89 540.62 238.34 -1 -1 -1 -1000 -1000 -1000 -10 1
219 38 Car -1 -1 -1 329.59 192.28 489.32 306.87 -1 -1 -1 -1000 -1000 -1000 -10 1
220 41 Car -1 -1 -1 448.31 180.30 538.94 243.58 -1 -1 -1 -1000 -1000 -1000 -10 1
220 38 Car -1 -1 -1 293.86 198.01 476.14 327.52 -1 -1 -1 -1000 -1000 -1000 -10 1
221 41 Car -1 -1 -1 444.21 183.46 538.36 251.38 -1 -1 -1 -1000 -1000 -1000 -10 1
221 38 Car -1 -1 -1 252.35 204.98 460.37 351.85 -1 -1 -1 -1000 -1000 -1000 -10 1
222 41 Car -1 -1 -1 434.02 186.43 534.85 259.32 -1 -1 -1 -1000 -1000 -1000 -10 1
222 38 Car -1 -1 -1 195.19 205.20 439.53 364.96 -1 -1 -1 -1000 -1000 -1000 -10 1
223 41 Car -1 -1 -1 417.43 189.88 529.34 269.46 -1 -1 -1 -1000 -1000 -1000 -10 1
223 38 Car -1 -1 -1 108.69 205.35 412.45 371.94 -1 -1 -1 -1000 -1000 -1000 -10 1
224 41 Car -1 -1 -1 404.98 186.79 524.36 271.58 -1 -1 -1 -1000 -1000 -1000 -10 1
224 38 Car -1 -1 -1 39.87 204.26 393.03 373.95 -1 -1 -1 -1000 -1000 -1000 -10 1
225 41 Car -1 -1 -1 394.61 183.54 517.65 275.45 -1 -1 -1 -1000 -1000 -1000 -10 1
225 38 Car -1 -1 -1 8.50 202.83 379.06 374.19 -1 -1 -1 -1000 -1000 -1000 -10 1
226 41 Car -1 -1 -1 378.11 184.88 510.00 284.74 -1 -1 -1 -1000 -1000 -1000 -10 1
226 38 Car -1 -1 -1 -16.33 204.03 352.84 376.48 -1 -1 -1 -1000 -1000 -1000 -10 1
227 41 Car -1 -1 -1 357.51 190.11 500.34 297.99 -1 -1 -1 -1000 -1000 -1000 -10 1
227 38 Car -1 -1 -1 -21.60 212.80 323.90 373.87 -1 -1 -1 -1000 -1000 -1000 -10 1
228 41 Car -1 -1 -1 334.93 192.71 489.31 312.95 -1 -1 -1 -1000 -1000 -1000 -10 1
229 41 Car -1 -1 -1 307.58 195.10 477.31 328.51 -1 -1 -1 -1000 -1000 -1000 -10 1
230 41 Car -1 -1 -1 273.03 198.95 465.17 350.75 -1 -1 -1 -1000 -1000 -1000 -10 1
231 41 Car -1 -1 -1 229.26 199.80 451.06 364.50 -1 -1 -1 -1000 -1000 -1000 -10 1
232 41 Car -1 -1 -1 168.32 197.54 424.95 372.38 -1 -1 -1 -1000 -1000 -1000 -10 1
233 41 Car -1 -1 -1 96.75 195.46 401.28 375.00 -1 -1 -1 -1000 -1000 -1000 -10 1
234 41 Car -1 -1 -1 34.35 197.11 372.55 375.24 -1 -1 -1 -1000 -1000 -1000 -10 1
235 41 Car -1 -1 -1 1.13 198.55 343.72 378.63 -1 -1 -1 -1000 -1000 -1000 -10 1
236 41 Car -1 -1 -1 -19.97 201.16 296.16 378.04 -1 -1 -1 -1000 -1000 -1000 -10 1
248 43 Car -1 -1 -1 567.45 180.22 592.36 200.98 -1 -1 -1 -1000 -1000 -1000 -10 1
249 43 Car -1 -1 -1 567.43 179.86 594.15 201.77 -1 -1 -1 -1000 -1000 -1000 -10 1
250 43 Car -1 -1 -1 566.71 180.18 594.63 202.38 -1 -1 -1 -1000 -1000 -1000 -10 1
251 43 Car -1 -1 -1 564.18 180.94 593.00 203.47 -1 -1 -1 -1000 -1000 -1000 -10 1
252 43 Car -1 -1 -1 562.68 179.85 592.07 202.12 -1 -1 -1 -1000 -1000 -1000 -10 1
