0 2 Car -1 -1 -1 376.21 170.16 490.21 256.05 -1 -1 -1 -1000 -1000 -1000 -10 1
0 1 Car -1 -1 -1 375.76 168.94 488.41 259.05 -1 -1 -1 -1000 -1000 -1000 -10 1
1 2 Car -1 -1 -1 397.86 168.93 501.67 246.50 -1 -1 -1 -1000 -1000 -1000 -10 1
1 1 Car -1 -1 -1 390.74 167.32 502.49 248.35 -1 -1 -1 -1000 -1000 -1000 -10 1
2 2 Car -1 -1 -1 409.74 171.30 506.47 244.67 -1 -1 -1 -1000 -1000 -1000 -10 1
2 1 Car -1 -1 -1 406.67 172.74 507.83 244.40 -1 -1 -1 -1000 -1000 -1000 -10 1
3 2 Car -1 -1 -1 423.38 173.36 511.14 241.52 -1 -1 -1 -1000 -1000 -1000 -10 1
3 1 Car -1 -1 -1 422.74 177.13 513.81 240.16 -1 -1 -1 -1000 -1000 -1000 -10 1
4 1 Car -1 -1 -1 436.39 179.86 517.39 234.73 -1 -1 -1 -1000 -1000 -1000 -10 1
7 2 Car -1 -1 -1 466.47 176.56 528.76 222.01 -1 -1 -1 -1000 -1000 -1000 -10 1
8 2 Car -1 -1 -1 474.86 177.68 531.24 219.02 -1 -1 -1 -1000 -1000 -1000 -10 1
9 2 Car -1 -1 -1 483.17 177.13 535.40 215.73 -1 -1 -1 -1000 -1000 -1000 -10 1
10 2 Car -1 -1 -1 490.24 176.68 538.35 212.02 -1 -1 -1 -1000 -1000 -1000 -10 1
11 2 Car -1 -1 -1 495.97 176.34 539.74 208.57 -1 -1 -1 -1000 -1000 -1000 -10 1
12 2 Car -1 -1 -1 501.22 176.15 541.37 206.11 -1 -1 -1 -1000 -1000 -1000 -10 1
13 2 Car -1 -1 -1 505.47 176.22 542.93 204.03 -1 -1 -1 -1000 -1000 -1000 -10 1
17 3 Car -1 -1 -1 518.30 176.86 554.52 205.62 -1 -1 -1 -1000 -1000 -1000 -10 1
18 3 Car -1 -1 -1 523.42 177.96 555.15 203.70 -1 -1 -1 -1000 -1000 -1000 -10 1
19 3 Car -1 -1 -1 527.93 178.96 557.55 203.14 -1 -1 -1 -1000 -1000 -1000 -10 1
20 3 Car -1 -1 -1 531.25 179.90 559.81 203.36 -1 -1 -1 -1000 -1000 -1000 -10 1
21 3 Car -1 -1 -1 531.63 178.63 560.81 201.29 -1 -1 -1 -1000 -1000 -1000 -10 1
22 3 Car -1 -1 -1 535.59 179.04 562.95 200.72 -1 -1 -1 -1000 -1000 -1000 -10 1
23 3 Car -1 -1 -1 540.47 178.21 565.36 198.53 -1 -1 -1 -1000 -1000 -1000 -10 1
24 3 Car -1 -1 -1 541.55 177.30 565.23 197.08 -1 -1 -1 -1000 -1000 -1000 -10 1
25 3 Car -1 -1 -1 541.86 177.32 564.82 196.62 -1 -1 -1 -1000 -1000 -1000 -10 1
26 3 Car -1 -1 -1 542.01 176.53 564.85 195.90 -1 -1 -1 -1000 -1000 -1000 -10 1
27 3 Car -1 -1 -1 542.40 176.25 565.08 195.59 -1 -1 -1 -1000 -1000 -1000 -10 1
28 3 Car -1 -1 -1 543.93 175.73 566.79 195.17 -1 -1 -1 -1000 -1000 -1000 -10 1
29 3 Car -1 -1 -1 542.31 174.35 566.13 193.32 -1 -1 -1 -1000 -1000 -1000 -10 1
30 3 Car -1 -1 -1 542.45 173.81 566.88 192.48 -1 -1 -1 -1000 -1000 -1000 -10 1
31 3 Car -1 -1 -1 543.03 173.78 567.75 192.00 -1 -1 -1 -1000 -1000 -1000 -10 1
32 9 Car -1 -1 -1 350.70 175.10 394.81 200.80 -1 -1 -1 -1000 -1000 -1000 -10 1
32 3 Car -1 -1 -1 543.52 173.74 568.28 191.38 -1 -1 -1 -1000 -1000 -1000 -10 1
33 9 Car -1 -1 -1 320.04 176.51 372.35 204.86 -1 -1 -1 -1000 -1000 -1000 -10 1
33 3 Car -1 -1 -1 544.55 173.06 569.20 190.25 -1 -1 -1 -1000 -1000 -1000 -10 1
34 9 Car -1 -1 -1 286.39 174.84 345.82 205.84 -1 -1 -1 -1000 -1000 -1000 -10 1
34 3 Car -1 -1 -1 546.08 174.09 569.79 191.64 -1 -1 -1 -1000 -1000 -1000 -10 1
35 9 Car -1 -1 -1 238.73 174.06 310.91 207.37 -1 -1 -1 -1000 -1000 -1000 -10 1
35 3 Car -1 -1 -1 546.32 172.27 570.62 189.62 -1 -1 -1 -1000 -1000 -1000 -10 1
36 9 Car -1 -1 -1 176.60 173.79 269.70 211.48 -1 -1 -1 -1000 -1000 -1000 -10 1
36 3 Car -1 -1 -1 546.69 173.00 570.16 190.48 -1 -1 -1 -1000 -1000 -1000 -10 1
37 3 Car -1 -1 -1 546.61 171.82 570.42 188.73 -1 -1 -1 -1000 -1000 -1000 -10 1
38 3 Car -1 -1 -1 547.91 172.38 570.97 189.32 -1 -1 -1 -1000 -1000 -1000 -10 1
39 3 Car -1 -1 -1 549.11 172.62 571.60 189.64 -1 -1 -1 -1000 -1000 -1000 -10 1
40 3 Car -1 -1 -1 549.49 173.12 571.44 190.07 -1 -1 -1 -1000 -1000 -1000 -10 1
41 3 Car -1 -1 -1 549.64 174.03 570.84 190.86 -1 -1 -1 -1000 -1000 -1000 -10 1
42 3 Car -1 -1 -1 549.81 174.49 570.64 191.24 -1 -1 -1 -1000 -1000 -1000 -10 1
43 3 Car -1 -1 -1 549.80 175.10 570.30 191.55 -1 -1 -1 -1000 -1000 -1000 -10 1
53 25 Car -1 -1 -1 346.41 167.38 402.38 200.23 -1 -1 -1 -1000 -1000 -1000 -10 1
54 26 Car -1 -1 -1 -3.95 99.45 383.59 373.50 -1 -1 -1 -1000 -1000 -1000 -10 1
54 25 Car -1 -1 -1 299.18 165.74 373.89 205.34 -1 -1 -1 -1000 -1000 -1000 -10 1
55 26 Car -1 -1 -1 42.77 107.49 427.45 377.12 -1 -1 -1 -1000 -1000 -1000 -10 1
56 28 Car -1 -1 -1 154.17 140.02 446.74 351.67 -1 -1 -1 -1000 -1000 -1000 -10 1
56 26 Car -1 -1 -1 125.02 123.31 466.77 359.37 -1 -1 -1 -1000 -1000 -1000 -10 1
57 28 Car -1 -1 -1 232.38 149.90 481.17 328.88 -1 -1 -1 -1000 -1000 -1000 -10 1
57 26 Car -1 -1 -1 200.86 131.99 500.88 339.01 -1 -1 -1 -1000 -1000 -1000 -10 1
58 28 Car -1 -1 -1 297.69 161.39 496.64 306.44 -1 -1 -1 -1000 -1000 -1000 -10 1
58 26 Car -1 -1 -1 263.91 140.22 519.79 319.98 -1 -1 -1 -1000 -1000 -1000 -10 1
59 28 Car -1 -1 -1 352.20 165.83 506.58 278.17 -1 -1 -1 -1000 -1000 -1000 -10 1
59 26 Car -1 -1 -1 317.65 142.49 531.29 297.02 -1 -1 -1 -1000 -1000 -1000 -10 1
60 26 Car -1 -1 -1 361.87 148.08 542.59 280.74 -1 -1 -1 -1000 -1000 -1000 -10 1
61 26 Car -1 -1 -1 400.75 153.20 546.07 265.71 -1 -1 -1 -1000 -1000 -1000 -10 1
63 33 Car -1 -1 -1 440.49 165.81 533.99 246.51 -1 -1 -1 -1000 -1000 -1000 -10 1
64 33 Car -1 -1 -1 464.18 171.63 541.52 238.86 -1 -1 -1 -1000 -1000 -1000 -10 1
65 33 Car -1 -1 -1 486.53 176.10 555.20 233.50 -1 -1 -1 -1000 -1000 -1000 -10 1
66 33 Car -1 -1 -1 500.50 177.06 557.50 224.60 -1 -1 -1 -1000 -1000 -1000 -10 1
69 35 Car -1 -1 -1 5.86 188.42 366.67 373.86 -1 -1 -1 -1000 -1000 -1000 -10 1
70 36 Car -1 -1 -1 521.68 170.97 573.78 214.72 -1 -1 -1 -1000 -1000 -1000 -10 1
70 35 Car -1 -1 -1 84.17 186.15 410.13 357.69 -1 -1 -1 -1000 -1000 -1000 -10 1
71 36 Car -1 -1 -1 529.45 170.37 579.10 212.59 -1 -1 -1 -1000 -1000 -1000 -10 1
71 35 Car -1 -1 -1 164.58 181.69 443.89 328.25 -1 -1 -1 -1000 -1000 -1000 -10 1
72 36 Car -1 -1 -1 536.77 169.42 581.25 208.56 -1 -1 -1 -1000 -1000 -1000 -10 1
72 35 Car -1 -1 -1 230.42 180.88 464.00 302.83 -1 -1 -1 -1000 -1000 -1000 -10 1
73 36 Car -1 -1 -1 540.58 168.56 582.99 206.59 -1 -1 -1 -1000 -1000 -1000 -10 1
73 35 Car -1 -1 -1 289.02 183.31 475.25 280.65 -1 -1 -1 -1000 -1000 -1000 -10 1
74 36 Car -1 -1 -1 544.67 167.42 584.25 203.61 -1 -1 -1 -1000 -1000 -1000 -10 1
74 35 Car -1 -1 -1 334.83 185.00 483.39 263.51 -1 -1 -1 -1000 -1000 -1000 -10 1
75 36 Car -1 -1 -1 549.05 164.46 587.18 200.40 -1 -1 -1 -1000 -1000 -1000 -10 1
75 35 Car -1 -1 -1 371.86 187.56 488.87 250.43 -1 -1 -1 -1000 -1000 -1000 -10 1
76 36 Car -1 -1 -1 553.71 166.66 587.96 200.25 -1 -1 -1 -1000 -1000 -1000 -10 1
77 36 Car -1 -1 -1 557.25 169.12 587.79 200.22 -1 -1 -1 -1000 -1000 -1000 -10 1
79 37 Car -1 -1 -1 427.85 185.40 507.69 236.55 -1 -1 -1 -1000 -1000 -1000 -10 1
80 37 Car -1 -1 -1 439.94 186.25 511.00 233.27 -1 -1 -1 -1000 -1000 -1000 -10 1
81 37 Car -1 -1 -1 447.87 184.96 514.30 230.15 -1 -1 -1 -1000 -1000 -1000 -10 1
81 36 Car -1 -1 -1 574.86 172.52 594.97 193.81 -1 -1 -1 -1000 -1000 -1000 -10 1
82 37 Car -1 -1 -1 457.90 184.48 518.37 225.92 -1 -1 -1 -1000 -1000 -1000 -10 1
83 37 Car -1 -1 -1 468.33 183.74 522.79 221.52 -1 -1 -1 -1000 -1000 -1000 -10 1
84 37 Car -1 -1 -1 475.93 183.89 526.37 219.44 -1 -1 -1 -1000 -1000 -1000 -10 1
85 47 Car -1 -1 -1 576.70 172.78 600.38 197.04 -1 -1 -1 -1000 -1000 -1000 -10 1
85 45 Car -1 -1 -1 571.68 173.01 597.69 197.67 -1 -1 -1 -1000 -1000 -1000 -10 1
85 37 Car -1 -1 -1 484.88 184.23 530.94 217.29 -1 -1 -1 -1000 -1000 -1000 -10 1
86 47 Car -1 -1 -1 577.11 172.63 599.63 195.92 -1 -1 -1 -1000 -1000 -1000 -10 1
86 37 Car -1 -1 -1 490.10 183.20 533.17 212.29 -1 -1 -1 -1000 -1000 -1000 -10 1
87 47 Car -1 -1 -1 577.19 172.28 599.21 194.94 -1 -1 -1 -1000 -1000 -1000 -10 1
87 37 Car -1 -1 -1 495.31 181.45 535.10 207.14 -1 -1 -1 -1000 -1000 -1000 -10 1
88 47 Car -1 -1 -1 577.58 171.57 598.80 193.26 -1 -1 -1 -1000 -1000 -1000 -10 1
88 37 Car -1 -1 -1 502.49 181.24 536.87 204.59 -1 -1 -1 -1000 -1000 -1000 -10 1
89 47 Car -1 -1 -1 578.62 171.62 599.06 192.23 -1 -1 -1 -1000 -1000 -1000 -10 1
91 56 Car -1 -1 -1 582.87 174.52 602.37 192.08 -1 -1 -1 -1000 -1000 -1000 -10 1
92 57 Car -1 -1 -1 509.14 178.02 544.93 205.41 -1 -1 -1 -1000 -1000 -1000 -10 1
92 56 Car -1 -1 -1 582.66 173.90 602.51 190.49 -1 -1 -1 -1000 -1000 -1000 -10 1
93 57 Car -1 -1 -1 512.57 178.29 545.92 204.34 -1 -1 -1 -1000 -1000 -1000 -10 1
93 56 Car -1 -1 -1 581.64 174.03 601.97 190.13 -1 -1 -1 -1000 -1000 -1000 -10 1
94 57 Car -1 -1 -1 515.58 179.05 547.24 203.59 -1 -1 -1 -1000 -1000 -1000 -10 1
94 56 Car -1 -1 -1 580.70 175.13 601.08 190.58 -1 -1 -1 -1000 -1000 -1000 -10 1
95 57 Car -1 -1 -1 517.76 179.10 547.62 202.09 -1 -1 -1 -1000 -1000 -1000 -10 1
95 56 Car -1 -1 -1 580.38 175.22 600.79 190.26 -1 -1 -1 -1000 -1000 -1000 -10 1
96 57 Car -1 -1 -1 522.43 179.11 550.57 200.51 -1 -1 -1 -1000 -1000 -1000 -10 1
96 56 Car -1 -1 -1 581.00 174.78 601.30 189.66 -1 -1 -1 -1000 -1000 -1000 -10 1
97 57 Car -1 -1 -1 526.07 179.39 552.96 199.45 -1 -1 -1 -1000 -1000 -1000 -10 1
97 56 Car -1 -1 -1 581.34 174.10 601.45 188.89 -1 -1 -1 -1000 -1000 -1000 -10 1
98 57 Car -1 -1 -1 528.91 179.91 554.94 198.97 -1 -1 -1 -1000 -1000 -1000 -10 1
98 56 Car -1 -1 -1 580.67 175.40 601.17 190.31 -1 -1 -1 -1000 -1000 -1000 -10 1
99 57 Car -1 -1 -1 530.24 180.27 555.98 198.80 -1 -1 -1 -1000 -1000 -1000 -10 1
99 56 Car -1 -1 -1 579.26 176.08 600.73 191.21 -1 -1 -1 -1000 -1000 -1000 -10 1
100 57 Car -1 -1 -1 531.44 180.35 556.92 198.55 -1 -1 -1 -1000 -1000 -1000 -10 1
100 56 Car -1 -1 -1 579.17 175.47 601.36 191.01 -1 -1 -1 -1000 -1000 -1000 -10 1
106 62 Car -1 -1 -1 543.62 178.19 569.97 193.40 -1 -1 -1 -1000 -1000 -1000 -10 1
107 62 Car -1 -1 -1 545.16 178.81 570.63 193.40 -1 -1 -1 -1000 -1000 -1000 -10 1
108 63 Car -1 -1 -1 575.59 173.46 600.23 191.59 -1 -1 -1 -1000 -1000 -1000 -10 1
108 62 Car -1 -1 -1 546.15 178.44 572.10 193.10 -1 -1 -1 -1000 -1000 -1000 -10 1
