0 2 Car -1 -1 -1 836.45 173.34 1043.19 325.39 -1 -1 -1 -1000 -1000 -1000 -10 1
0 1 Car -1 -1 -1 710.10 186.74 861.76 228.60 -1 -1 -1 -1000 -1000 -1000 -10 1
1 2 Car -1 -1 -1 834.77 176.28 1037.82 324.06 -1 -1 -1 -1000 -1000 -1000 -10 1
1 1 Car -1 -1 -1 685.08 186.90 833.18 229.46 -1 -1 -1 -1000 -1000 -1000 -10 1
2 2 Car -1 -1 -1 832.33 174.76 1028.21 321.30 -1 -1 -1 -1000 -1000 -1000 -10 1
2 1 Car -1 -1 -1 654.09 186.24 801.10 229.25 -1 -1 -1 -1000 -1000 -1000 -10 1
3 2 Car -1 -1 -1 828.52 171.39 1019.24 318.99 -1 -1 -1 -1000 -1000 -1000 -10 1
3 1 Car -1 -1 -1 621.87 188.79 762.87 228.70 -1 -1 -1 -1000 -1000 -1000 -10 1
4 2 Car -1 -1 -1 819.56 169.68 1008.59 322.47 -1 -1 -1 -1000 -1000 -1000 -10 1
4 1 Car -1 -1 -1 592.71 188.35 735.53 228.85 -1 -1 -1 -1000 -1000 -1000 -10 1
5 2 Car -1 -1 -1 811.00 169.67 990.21 320.18 -1 -1 -1 -1000 -1000 -1000 -10 1
5 1 Car -1 -1 -1 563.92 186.58 708.46 228.07 -1 -1 -1 -1000 -1000 -1000 -10 1
6 2 Car -1 -1 -1 796.97 168.86 972.43 317.58 -1 -1 -1 -1000 -1000 -1000 -10 1
6 1 Car -1 -1 -1 529.72 182.95 669.68 226.42 -1 -1 -1 -1000 -1000 -1000 -10 1
7 2 Car -1 -1 -1 786.30 168.42 957.03 313.66 -1 -1 -1 -1000 -1000 -1000 -10 1
7 1 Car -1 -1 -1 496.03 179.74 634.83 221.45 -1 -1 -1 -1000 -1000 -1000 -10 1
8 2 Car -1 -1 -1 776.89 167.68 940.71 312.42 -1 -1 -1 -1000 -1000 -1000 -10 1
8 1 Car -1 -1 -1 463.03 179.95 603.89 224.42 -1 -1 -1 -1000 -1000 -1000 -10 1
9 2 Car -1 -1 -1 755.18 167.06 918.97 311.84 -1 -1 -1 -1000 -1000 -1000 -10 1
9 1 Car -1 -1 -1 423.95 181.45 568.63 224.43 -1 -1 -1 -1000 -1000 -1000 -10 1
10 2 Car -1 -1 -1 736.80 170.48 897.27 314.16 -1 -1 -1 -1000 -1000 -1000 -10 1
10 1 Car -1 -1 -1 385.58 180.49 529.69 225.22 -1 -1 -1 -1000 -1000 -1000 -10 1
11 2 Car -1 -1 -1 710.35 169.38 873.72 312.65 -1 -1 -1 -1000 -1000 -1000 -10 1
11 1 Car -1 -1 -1 349.05 182.22 494.27 225.95 -1 -1 -1 -1000 -1000 -1000 -10 1
12 2 Car -1 -1 -1 684.58 171.73 854.42 314.22 -1 -1 -1 -1000 -1000 -1000 -10 1
12 1 Car -1 -1 -1 308.26 185.40 456.16 228.66 -1 -1 -1 -1000 -1000 -1000 -10 1
13 2 Car -1 -1 -1 657.04 173.63 826.86 312.88 -1 -1 -1 -1000 -1000 -1000 -10 1
13 1 Car -1 -1 -1 267.76 185.56 415.86 230.13 -1 -1 -1 -1000 -1000 -1000 -10 1
14 2 Car -1 -1 -1 630.81 171.80 801.34 309.50 -1 -1 -1 -1000 -1000 -1000 -10 1
14 1 Car -1 -1 -1 223.95 185.51 373.09 229.79 -1 -1 -1 -1000 -1000 -1000 -10 1
15 2 Car -1 -1 -1 582.57 171.55 752.97 307.33 -1 -1 -1 -1000 -1000 -1000 -10 1
15 1 Car -1 -1 -1 145.69 186.59 297.18 231.88 -1 -1 -1 -1000 -1000 -1000 -10 1
16 2 Car -1 -1 -1 541.85 174.98 715.65 311.88 -1 -1 -1 -1000 -1000 -1000 -10 1
16 1 Car -1 -1 -1 65.66 184.90 235.47 236.06 -1 -1 -1 -1000 -1000 -1000 -10 1
17 2 Car -1 -1 -1 505.17 173.24 685.64 311.94 -1 -1 -1 -1000 -1000 -1000 -10 1
17 1 Car -1 -1 -1 8.52 183.92 182.08 237.63 -1 -1 -1 -1000 -1000 -1000 -10 1
18 2 Car -1 -1 -1 477.79 171.63 662.71 308.53 -1 -1 -1 -1000 -1000 -1000 -10 1
18 1 Car -1 -1 -1 -19.01 184.69 149.30 241.25 -1 -1 -1 -1000 -1000 -1000 -10 1
19 2 Car -1 -1 -1 445.61 170.74 635.70 307.53 -1 -1 -1 -1000 -1000 -1000 -10 1
19 1 Car -1 -1 -1 -34.74 186.02 113.64 242.87 -1 -1 -1 -1000 -1000 -1000 -10 1
20 2 Car -1 -1 -1 418.37 169.50 614.71 306.64 -1 -1 -1 -1000 -1000 -1000 -10 1
20 1 Car -1 -1 -1 -41.50 181.94 86.36 241.53 -1 -1 -1 -1000 -1000 -1000 -10 1
21 2 Car -1 -1 -1 386.15 169.03 588.56 308.31 -1 -1 -1 -1000 -1000 -1000 -10 1
22 2 Car -1 -1 -1 362.75 168.00 569.26 308.36 -1 -1 -1 -1000 -1000 -1000 -10 1
23 9 Car -1 -1 -1 807.99 176.71 885.85 206.83 -1 -1 -1 -1000 -1000 -1000 -10 1
23 2 Car -1 -1 -1 334.58 167.14 546.97 309.11 -1 -1 -1 -1000 -1000 -1000 -10 1
24 9 Car -1 -1 -1 805.53 176.60 885.72 207.70 -1 -1 -1 -1000 -1000 -1000 -10 1
24 2 Car -1 -1 -1 311.30 166.39 527.84 309.58 -1 -1 -1 -1000 -1000 -1000 -10 1
25 9 Car -1 -1 -1 805.61 176.71 886.63 208.25 -1 -1 -1 -1000 -1000 -1000 -10 1
25 2 Car -1 -1 -1 284.00 167.21 505.16 313.90 -1 -1 -1 -1000 -1000 -1000 -10 1
26 9 Car -1 -1 -1 806.69 177.82 888.39 209.47 -1 -1 -1 -1000 -1000 -1000 -10 1
26 2 Car -1 -1 -1 259.62 169.75 482.79 316.68 -1 -1 -1 -1000 -1000 -1000 -10 1
27 9 Car -1 -1 -1 810.04 178.56 892.24 210.91 -1 -1 -1 -1000 -1000 -1000 -10 1
30 2 Car -1 -1 -1 163.25 181.46 409.46 330.79 -1 -1 -1 -1000 -1000 -1000 -10 1
31 9 Car -1 -1 -1 836.99 181.40 928.19 217.74 -1 -1 -1 -1000 -1000 -1000 -10 1
31 2 Car -1 -1 -1 141.81 182.76 395.66 333.98 -1 -1 -1 -1000 -1000 -1000 -10 1
32 9 Car -1 -1 -1 849.98 182.69 944.22 218.89 -1 -1 -1 -1000 -1000 -1000 -10 1
32 2 Car -1 -1 -1 122.04 183.84 382.18 337.06 -1 -1 -1 -1000 -1000 -1000 -10 1
33 9 Car -1 -1 -1 861.59 183.49 960.33 219.83 -1 -1 -1 -1000 -1000 -1000 -10 1
33 2 Car -1 -1 -1 106.21 186.67 372.54 339.20 -1 -1 -1 -1000 -1000 -1000 -10 1
34 9 Car -1 -1 -1 878.43 183.03 979.20 219.80 -1 -1 -1 -1000 -1000 -1000 -10 1
34 2 Car -1 -1 -1 90.31 185.04 362.75 340.17 -1 -1 -1 -1000 -1000 -1000 -10 1
35 9 Car -1 -1 -1 895.24 185.78 1000.13 222.47 -1 -1 -1 -1000 -1000 -1000 -10 1
35 2 Car -1 -1 -1 75.41 184.78 351.59 342.54 -1 -1 -1 -1000 -1000 -1000 -10 1
36 9 Car -1 -1 -1 919.92 183.68 1026.44 221.36 -1 -1 -1 -1000 -1000 -1000 -10 1
36 2 Car -1 -1 -1 60.50 188.38 339.11 342.94 -1 -1 -1 -1000 -1000 -1000 -10 1
37 9 Car -1 -1 -1 946.16 181.22 1055.88 220.12 -1 -1 -1 -1000 -1000 -1000 -10 1
37 2 Car -1 -1 -1 48.54 188.23 331.19 342.52 -1 -1 -1 -1000 -1000 -1000 -10 1
38 9 Car -1 -1 -1 971.75 182.67 1084.59 221.91 -1 -1 -1 -1000 -1000 -1000 -10 1
38 2 Car -1 -1 -1 38.85 191.51 323.94 342.66 -1 -1 -1 -1000 -1000 -1000 -10 1
39 9 Car -1 -1 -1 999.84 185.34 1119.18 225.35 -1 -1 -1 -1000 -1000 -1000 -10 1
39 2 Car -1 -1 -1 33.97 193.13 319.02 342.79 -1 -1 -1 -1000 -1000 -1000 -10 1
40 9 Car -1 -1 -1 1025.91 187.26 1151.49 227.90 -1 -1 -1 -1000 -1000 -1000 -10 1
40 2 Car -1 -1 -1 26.02 189.90 314.76 345.01 -1 -1 -1 -1000 -1000 -1000 -10 1
41 9 Car -1 -1 -1 1063.53 186.70 1194.64 228.40 -1 -1 -1 -1000 -1000 -1000 -10 1
41 2 Car -1 -1 -1 27.29 194.04 311.61 345.61 -1 -1 -1 -1000 -1000 -1000 -10 1
42 9 Car -1 -1 -1 1104.38 185.58 1237.74 229.48 -1 -1 -1 -1000 -1000 -1000 -10 1
42 2 Car -1 -1 -1 19.52 190.98 309.72 347.61 -1 -1 -1 -1000 -1000 -1000 -10 1
43 9 Car -1 -1 -1 1136.56 179.11 1261.31 223.51 -1 -1 -1 -1000 -1000 -1000 -10 1
43 2 Car -1 -1 -1 19.65 189.65 311.24 348.56 -1 -1 -1 -1000 -1000 -1000 -10 1
44 2 Car -1 -1 -1 21.25 186.88 312.88 348.12 -1 -1 -1 -1000 -1000 -1000 -10 1
45 2 Car -1 -1 -1 22.27 186.98 315.04 349.72 -1 -1 -1 -1000 -1000 -1000 -10 1
46 2 Car -1 -1 -1 26.14 186.53 317.48 348.88 -1 -1 -1 -1000 -1000 -1000 -10 1
47 17 Car -1 -1 -1 15.60 172.90 119.38 236.70 -1 -1 -1 -1000 -1000 -1000 -10 1
47 2 Car -1 -1 -1 35.64 185.78 321.40 344.29 -1 -1 -1 -1000 -1000 -1000 -10 1
48 2 Car -1 -1 -1 49.47 183.97 327.21 340.91 -1 -1 -1 -1000 -1000 -1000 -10 1
49 19 Car -1 -1 -1 68.47 175.08 189.05 225.43 -1 -1 -1 -1000 -1000 -1000 -10 1
49 2 Car -1 -1 -1 61.95 181.92 332.23 336.55 -1 -1 -1 -1000 -1000 -1000 -10 1
50 20 Car -1 -1 -1 119.86 175.39 217.98 215.69 -1 -1 -1 -1000 -1000 -1000 -10 1
50 19 Car -1 -1 -1 100.71 181.33 228.95 235.03 -1 -1 -1 -1000 -1000 -1000 -10 1
50 2 Car -1 -1 -1 74.13 178.93 338.41 333.34 -1 -1 -1 -1000 -1000 -1000 -10 1
51 20 Car -1 -1 -1 92.25 169.79 198.95 212.18 -1 -1 -1 -1000 -1000 -1000 -10 1
51 19 Car -1 -1 -1 147.82 176.78 265.32 226.60 -1 -1 -1 -1000 -1000 -1000 -10 1
51 2 Car -1 -1 -1 84.21 177.71 342.70 329.11 -1 -1 -1 -1000 -1000 -1000 -10 1
52 19 Car -1 -1 -1 184.59 169.38 285.61 215.54 -1 -1 -1 -1000 -1000 -1000 -10 1
52 2 Car -1 -1 -1 99.63 175.56 348.84 323.42 -1 -1 -1 -1000 -1000 -1000 -10 1
53 22 Car -1 -1 -1 11.84 180.38 108.17 228.17 -1 -1 -1 -1000 -1000 -1000 -10 1
53 19 Car -1 -1 -1 222.52 167.52 309.20 207.31 -1 -1 -1 -1000 -1000 -1000 -10 1
53 2 Car -1 -1 -1 116.04 173.73 354.65 320.88 -1 -1 -1 -1000 -1000 -1000 -10 1
54 22 Car -1 -1 -1 21.57 182.21 133.95 229.67 -1 -1 -1 -1000 -1000 -1000 -10 1
54 2 Car -1 -1 -1 129.09 173.24 366.08 320.41 -1 -1 -1 -1000 -1000 -1000 -10 1
55 22 Car -1 -1 -1 47.86 180.01 167.18 226.81 -1 -1 -1 -1000 -1000 -1000 -10 1
55 2 Car -1 -1 -1 146.48 173.79 378.01 319.99 -1 -1 -1 -1000 -1000 -1000 -10 1
56 22 Car -1 -1 -1 67.79 181.58 194.46 225.52 -1 -1 -1 -1000 -1000 -1000 -10 1
56 2 Car -1 -1 -1 165.60 172.77 386.14 315.25 -1 -1 -1 -1000 -1000 -1000 -10 1
57 22 Car -1 -1 -1 93.13 178.39 223.04 220.15 -1 -1 -1 -1000 -1000 -1000 -10 1
57 2 Car -1 -1 -1 182.93 172.62 397.01 313.32 -1 -1 -1 -1000 -1000 -1000 -10 1
58 22 Car -1 -1 -1 87.80 182.78 220.76 224.32 -1 -1 -1 -1000 -1000 -1000 -10 1
58 2 Car -1 -1 -1 203.57 172.13 410.32 312.44 -1 -1 -1 -1000 -1000 -1000 -10 1
59 27 Car -1 -1 -1 396.69 165.42 457.70 197.36 -1 -1 -1 -1000 -1000 -1000 -10 1
59 2 Car -1 -1 -1 223.08 170.51 422.66 310.53 -1 -1 -1 -1000 -1000 -1000 -10 1
60 2 Car -1 -1 -1 239.66 170.71 433.71 307.97 -1 -1 -1 -1000 -1000 -1000 -10 1
61 24 Car -1 -1 -1 447.65 164.94 508.88 196.61 -1 -1 -1 -1000 -1000 -1000 -10 1
61 2 Car -1 -1 -1 261.89 171.07 448.06 305.73 -1 -1 -1 -1000 -1000 -1000 -10 1
62 24 Car -1 -1 -1 475.12 164.77 533.10 196.65 -1 -1 -1 -1000 -1000 -1000 -10 1
62 2 Car -1 -1 -1 283.07 172.90 463.14 305.21 -1 -1 -1 -1000 -1000 -1000 -10 1
63 24 Car -1 -1 -1 495.28 162.73 556.45 195.00 -1 -1 -1 -1000 -1000 -1000 -10 1
63 2 Car -1 -1 -1 302.96 170.68 472.50 298.04 -1 -1 -1 -1000 -1000 -1000 -10 1
64 24 Car -1 -1 -1 516.90 165.61 574.49 197.44 -1 -1 -1 -1000 -1000 -1000 -10 1
64 2 Car -1 -1 -1 320.56 172.93 486.96 299.05 -1 -1 -1 -1000 -1000 -1000 -10 1
65 28 Car -1 -1 -1 267.38 184.49 390.23 229.16 -1 -1 -1 -1000 -1000 -1000 -10 1
65 24 Car -1 -1 -1 539.28 166.09 596.27 197.49 -1 -1 -1 -1000 -1000 -1000 -10 1
65 2 Car -1 -1 -1 341.03 176.06 501.63 299.01 -1 -1 -1 -1000 -1000 -1000 -10 1
66 28 Car -1 -1 -1 290.04 184.75 412.33 228.32 -1 -1 -1 -1000 -1000 -1000 -10 1
66 24 Car -1 -1 -1 565.51 165.61 622.03 197.96 -1 -1 -1 -1000 -1000 -1000 -10 1
66 2 Car -1 -1 -1 360.22 175.29 515.15 294.24 -1 -1 -1 -1000 -1000 -1000 -10 1
67 28 Car -1 -1 -1 306.37 183.95 429.67 227.71 -1 -1 -1 -1000 -1000 -1000 -10 1
67 24 Car -1 -1 -1 586.79 164.58 645.44 197.06 -1 -1 -1 -1000 -1000 -1000 -10 1
67 2 Car -1 -1 -1 381.27 176.54 531.16 291.13 -1 -1 -1 -1000 -1000 -1000 -10 1
68 36 Car -1 -1 -1 607.82 165.66 663.52 199.03 -1 -1 -1 -1000 -1000 -1000 -10 1
68 28 Car -1 -1 -1 314.46 185.97 436.71 229.82 -1 -1 -1 -1000 -1000 -1000 -10 1
68 24 Car -1 -1 -1 607.15 164.97 664.97 196.72 -1 -1 -1 -1000 -1000 -1000 -10 1
68 2 Car -1 -1 -1 402.87 175.16 548.87 287.16 -1 -1 -1 -1000 -1000 -1000 -10 1
69 36 Car -1 -1 -1 631.07 163.24 690.99 199.26 -1 -1 -1 -1000 -1000 -1000 -10 1
69 28 Car -1 -1 -1 318.48 185.31 444.73 230.66 -1 -1 -1 -1000 -1000 -1000 -10 1
69 24 Car -1 -1 -1 630.44 164.73 689.10 196.59 -1 -1 -1 -1000 -1000 -1000 -10 1
69 2 Car -1 -1 -1 421.05 176.28 564.45 285.97 -1 -1 -1 -1000 -1000 -1000 -10 1
70 36 Car -1 -1 -1 651.27 161.88 717.92 201.34 -1 -1 -1 -1000 -1000 -1000 -10 1
70 28 Car -1 -1 -1 337.06 184.70 461.67 230.38 -1 -1 -1 -1000 -1000 -1000 -10 1
70 24 Car -1 -1 -1 650.61 164.95 711.45 198.06 -1 -1 -1 -1000 -1000 -1000 -10 1
70 2 Car -1 -1 -1 444.48 174.10 585.36 280.69 -1 -1 -1 -1000 -1000 -1000 -10 1
71 36 Car -1 -1 -1 666.26 161.72 733.27 200.04 -1 -1 -1 -1000 -1000 -1000 -10 1
71 28 Car -1 -1 -1 348.10 182.84 469.96 231.28 -1 -1 -1 -1000 -1000 -1000 -10 1
71 24 Car -1 -1 -1 666.10 165.44 727.59 198.15 -1 -1 -1 -1000 -1000 -1000 -10 1
71 2 Car -1 -1 -1 465.10 176.11 603.34 281.74 -1 -1 -1 -1000 -1000 -1000 -10 1
72 36 Car -1 -1 -1 686.79 160.31 753.91 199.14 -1 -1 -1 -1000 -1000 -1000 -10 1
72 28 Car -1 -1 -1 357.63 182.19 479.79 232.13 -1 -1 -1 -1000 -1000 -1000 -10 1
72 24 Car -1 -1 -1 687.71 163.78 750.14 197.71 -1 -1 -1 -1000 -1000 -1000 -10 1
72 2 Car -1 -1 -1 487.56 176.87 623.56 279.86 -1 -1 -1 -1000 -1000 -1000 -10 1
73 28 Car -1 -1 -1 376.97 185.39 495.75 238.16 -1 -1 -1 -1000 -1000 -1000 -10 1
73 24 Car -1 -1 -1 706.49 166.10 769.59 200.56 -1 -1 -1 -1000 -1000 -1000 -10 1
73 2 Car -1 -1 -1 508.70 175.46 641.21 279.10 -1 -1 -1 -1000 -1000 -1000 -10 1
74 28 Car -1 -1 -1 358.50 184.42 493.75 243.09 -1 -1 -1 -1000 -1000 -1000 -10 1
74 24 Car -1 -1 -1 722.05 166.20 788.66 202.52 -1 -1 -1 -1000 -1000 -1000 -10 1
74 2 Car -1 -1 -1 528.91 179.20 659.30 281.80 -1 -1 -1 -1000 -1000 -1000 -10 1
75 28 Car -1 -1 -1 346.47 184.29 496.83 248.80 -1 -1 -1 -1000 -1000 -1000 -10 1
75 24 Car -1 -1 -1 734.93 162.62 806.03 201.52 -1 -1 -1 -1000 -1000 -1000 -10 1
75 2 Car -1 -1 -1 550.87 177.66 680.07 279.16 -1 -1 -1 -1000 -1000 -1000 -10 1
76 28 Car -1 -1 -1 338.12 183.09 502.08 252.28 -1 -1 -1 -1000 -1000 -1000 -10 1
76 24 Car -1 -1 -1 749.98 166.18 821.06 204.42 -1 -1 -1 -1000 -1000 -1000 -10 1
76 2 Car -1 -1 -1 570.22 177.55 700.65 278.58 -1 -1 -1 -1000 -1000 -1000 -10 1
77 28 Car -1 -1 -1 332.54 183.30 506.33 254.71 -1 -1 -1 -1000 -1000 -1000 -10 1
77 24 Car -1 -1 -1 760.20 167.68 830.93 205.38 -1 -1 -1 -1000 -1000 -1000 -10 1
77 2 Car -1 -1 -1 591.19 180.50 722.81 279.52 -1 -1 -1 -1000 -1000 -1000 -10 1
78 28 Car -1 -1 -1 326.49 183.44 508.38 256.92 -1 -1 -1 -1000 -1000 -1000 -10 1
78 24 Car -1 -1 -1 776.05 166.93 847.46 206.11 -1 -1 -1 -1000 -1000 -1000 -10 1
78 2 Car -1 -1 -1 611.03 180.64 742.76 278.02 -1 -1 -1 -1000 -1000 -1000 -10 1
79 28 Car -1 -1 -1 317.76 185.40 504.46 258.45 -1 -1 -1 -1000 -1000 -1000 -10 1
79 24 Car -1 -1 -1 785.92 167.47 861.38 207.03 -1 -1 -1 -1000 -1000 -1000 -10 1
79 2 Car -1 -1 -1 625.56 182.57 759.88 279.96 -1 -1 -1 -1000 -1000 -1000 -10 1
80 28 Car -1 -1 -1 310.26 189.84 496.88 259.64 -1 -1 -1 -1000 -1000 -1000 -10 1
80 24 Car -1 -1 -1 789.58 170.22 870.15 209.47 -1 -1 -1 -1000 -1000 -1000 -10 1
80 2 Car -1 -1 -1 645.22 184.43 778.85 280.86 -1 -1 -1 -1000 -1000 -1000 -10 1
81 46 Car -1 -1 -1 924.48 176.83 972.31 203.23 -1 -1 -1 -1000 -1000 -1000 -10 1
81 28 Car -1 -1 -1 304.49 192.74 492.83 261.70 -1 -1 -1 -1000 -1000 -1000 -10 1
81 24 Car -1 -1 -1 799.06 170.91 881.76 211.36 -1 -1 -1 -1000 -1000 -1000 -10 1
81 2 Car -1 -1 -1 665.10 185.56 799.33 281.73 -1 -1 -1 -1000 -1000 -1000 -10 1
82 28 Car -1 -1 -1 284.14 195.41 481.87 265.56 -1 -1 -1 -1000 -1000 -1000 -10 1
82 2 Car -1 -1 -1 683.65 186.04 816.97 281.18 -1 -1 -1 -1000 -1000 -1000 -10 1
83 47 Car -1 -1 -1 889.13 174.74 950.37 209.60 -1 -1 -1 -1000 -1000 -1000 -10 1
83 28 Car -1 -1 -1 256.18 196.51 468.54 270.41 -1 -1 -1 -1000 -1000 -1000 -10 1
83 2 Car -1 -1 -1 703.12 185.54 838.62 281.00 -1 -1 -1 -1000 -1000 -1000 -10 1
84 49 Car -1 -1 -1 794.23 174.07 900.26 221.31 -1 -1 -1 -1000 -1000 -1000 -10 1
84 47 Car -1 -1 -1 894.84 174.47 955.29 209.00 -1 -1 -1 -1000 -1000 -1000 -10 1
84 28 Car -1 -1 -1 224.51 197.13 459.55 278.79 -1 -1 -1 -1000 -1000 -1000 -10 1
84 2 Car -1 -1 -1 723.13 184.65 862.03 280.32 -1 -1 -1 -1000 -1000 -1000 -10 1
85 49 Car -1 -1 -1 799.97 175.61 903.44 219.40 -1 -1 -1 -1000 -1000 -1000 -10 1
85 47 Car -1 -1 -1 901.16 175.92 963.47 211.00 -1 -1 -1 -1000 -1000 -1000 -10 1
85 28 Car -1 -1 -1 182.72 196.45 448.50 286.03 -1 -1 -1 -1000 -1000 -1000 -10 1
85 2 Car -1 -1 -1 734.76 185.09 876.68 279.45 -1 -1 -1 -1000 -1000 -1000 -10 1
86 50 Car -1 -1 -1 1006.88 163.46 1063.49 200.64 -1 -1 -1 -1000 -1000 -1000 -10 1
86 49 Car -1 -1 -1 806.43 175.04 903.88 215.89 -1 -1 -1 -1000 -1000 -1000 -10 1
86 47 Car -1 -1 -1 905.07 176.99 969.61 214.14 -1 -1 -1 -1000 -1000 -1000 -10 1
86 28 Car -1 -1 -1 137.17 197.75 435.56 295.48 -1 -1 -1 -1000 -1000 -1000 -10 1
86 2 Car -1 -1 -1 752.42 182.86 896.08 276.35 -1 -1 -1 -1000 -1000 -1000 -10 1
87 51 Car -1 -1 -1 682.07 184.89 800.28 231.74 -1 -1 -1 -1000 -1000 -1000 -10 1
87 50 Car -1 -1 -1 1002.31 163.24 1059.17 200.07 -1 -1 -1 -1000 -1000 -1000 -10 1
87 49 Car -1 -1 -1 808.33 172.41 907.41 212.25 -1 -1 -1 -1000 -1000 -1000 -10 1
87 47 Car -1 -1 -1 907.10 176.79 972.32 215.26 -1 -1 -1 -1000 -1000 -1000 -10 1
87 28 Car -1 -1 -1 84.61 197.67 404.33 300.36 -1 -1 -1 -1000 -1000 -1000 -10 1
87 2 Car -1 -1 -1 762.49 180.78 912.07 275.01 -1 -1 -1 -1000 -1000 -1000 -10 1
88 51 Car -1 -1 -1 675.70 185.63 789.34 230.15 -1 -1 -1 -1000 -1000 -1000 -10 1
88 50 Car -1 -1 -1 1002.20 161.73 1060.78 198.72 -1 -1 -1 -1000 -1000 -1000 -10 1
88 47 Car -1 -1 -1 908.45 172.81 972.55 211.03 -1 -1 -1 -1000 -1000 -1000 -10 1
88 28 Car -1 -1 -1 26.73 199.17 371.73 304.00 -1 -1 -1 -1000 -1000 -1000 -10 1
88 2 Car -1 -1 -1 777.44 177.82 927.28 271.51 -1 -1 -1 -1000 -1000 -1000 -10 1
89 51 Car -1 -1 -1 662.50 185.34 776.04 229.55 -1 -1 -1 -1000 -1000 -1000 -10 1
89 50 Car -1 -1 -1 1000.63 159.06 1060.26 197.18 -1 -1 -1 -1000 -1000 -1000 -10 1
89 47 Car -1 -1 -1 906.72 171.98 968.32 210.18 -1 -1 -1 -1000 -1000 -1000 -10 1
89 28 Car -1 -1 -1 1.80 199.25 351.76 309.74 -1 -1 -1 -1000 -1000 -1000 -10 1
89 2 Car -1 -1 -1 787.00 176.79 936.35 266.95 -1 -1 -1 -1000 -1000 -1000 -10 1
90 51 Car -1 -1 -1 654.16 185.84 771.26 232.12 -1 -1 -1 -1000 -1000 -1000 -10 1
90 50 Car -1 -1 -1 992.93 161.11 1053.75 198.60 -1 -1 -1 -1000 -1000 -1000 -10 1
90 28 Car -1 -1 -1 -19.14 199.50 316.86 312.09 -1 -1 -1 -1000 -1000 -1000 -10 1
90 2 Car -1 -1 -1 799.06 173.84 950.81 265.56 -1 -1 -1 -1000 -1000 -1000 -10 1
91 51 Car -1 -1 -1 640.55 185.36 757.21 233.89 -1 -1 -1 -1000 -1000 -1000 -10 1
91 50 Car -1 -1 -1 984.46 162.19 1042.84 198.75 -1 -1 -1 -1000 -1000 -1000 -10 1
91 49 Car -1 -1 -1 797.85 172.40 892.13 214.80 -1 -1 -1 -1000 -1000 -1000 -10 1
91 28 Car -1 -1 -1 -32.73 197.20 276.28 310.88 -1 -1 -1 -1000 -1000 -1000 -10 1
91 2 Car -1 -1 -1 805.74 175.04 960.30 266.28 -1 -1 -1 -1000 -1000 -1000 -10 1
92 51 Car -1 -1 -1 625.52 184.65 745.22 235.15 -1 -1 -1 -1000 -1000 -1000 -10 1
92 50 Car -1 -1 -1 978.17 164.19 1035.73 201.58 -1 -1 -1 -1000 -1000 -1000 -10 1
92 49 Car -1 -1 -1 782.81 172.02 887.00 216.10 -1 -1 -1 -1000 -1000 -1000 -10 1
92 28 Car -1 -1 -1 -41.84 198.83 237.10 314.23 -1 -1 -1 -1000 -1000 -1000 -10 1
92 2 Car -1 -1 -1 812.94 177.09 967.11 271.42 -1 -1 -1 -1000 -1000 -1000 -10 1
93 51 Car -1 -1 -1 607.50 188.96 734.14 241.60 -1 -1 -1 -1000 -1000 -1000 -10 1
93 50 Car -1 -1 -1 970.67 166.00 1028.55 204.50 -1 -1 -1 -1000 -1000 -1000 -10 1
93 49 Car -1 -1 -1 771.69 170.71 872.69 215.16 -1 -1 -1 -1000 -1000 -1000 -10 1
93 28 Car -1 -1 -1 -53.49 200.72 179.77 319.23 -1 -1 -1 -1000 -1000 -1000 -10 1
93 2 Car -1 -1 -1 822.52 182.38 970.66 275.44 -1 -1 -1 -1000 -1000 -1000 -10 1
94 51 Car -1 -1 -1 588.29 191.39 720.25 245.81 -1 -1 -1 -1000 -1000 -1000 -10 1
94 50 Car -1 -1 -1 959.60 162.46 1016.47 201.18 -1 -1 -1 -1000 -1000 -1000 -10 1
94 2 Car -1 -1 -1 826.24 183.30 969.11 277.34 -1 -1 -1 -1000 -1000 -1000 -10 1
95 51 Car -1 -1 -1 565.74 193.27 701.45 250.05 -1 -1 -1 -1000 -1000 -1000 -10 1
95 50 Car -1 -1 -1 944.11 159.08 1000.76 197.51 -1 -1 -1 -1000 -1000 -1000 -10 1
95 2 Car -1 -1 -1 828.80 180.32 966.13 272.89 -1 -1 -1 -1000 -1000 -1000 -10 1
96 55 Car -1 -1 -1 707.13 174.81 814.50 226.24 -1 -1 -1 -1000 -1000 -1000 -10 1
96 51 Car -1 -1 -1 538.01 191.63 678.42 251.52 -1 -1 -1 -1000 -1000 -1000 -10 1
96 50 Car -1 -1 -1 927.50 161.42 985.60 200.13 -1 -1 -1 -1000 -1000 -1000 -10 1
96 2 Car -1 -1 -1 826.16 180.28 960.47 271.31 -1 -1 -1 -1000 -1000 -1000 -10 1
97 55 Car -1 -1 -1 684.39 172.94 796.33 225.16 -1 -1 -1 -1000 -1000 -1000 -10 1
97 51 Car -1 -1 -1 505.14 191.17 654.32 255.08 -1 -1 -1 -1000 -1000 -1000 -10 1
97 50 Car -1 -1 -1 906.64 160.80 968.74 203.04 -1 -1 -1 -1000 -1000 -1000 -10 1
97 2 Car -1 -1 -1 819.01 178.19 953.17 267.53 -1 -1 -1 -1000 -1000 -1000 -10 1
98 55 Car -1 -1 -1 659.85 170.73 775.52 224.39 -1 -1 -1 -1000 -1000 -1000 -10 1
98 51 Car -1 -1 -1 473.66 190.13 625.71 257.98 -1 -1 -1 -1000 -1000 -1000 -10 1
98 50 Car -1 -1 -1 884.58 158.62 944.52 202.01 -1 -1 -1 -1000 -1000 -1000 -10 1
98 2 Car -1 -1 -1 812.96 175.37 944.56 262.72 -1 -1 -1 -1000 -1000 -1000 -10 1
99 58 Car -1 -1 -1 860.12 159.26 916.14 197.21 -1 -1 -1 -1000 -1000 -1000 -10 1
99 55 Car -1 -1 -1 635.38 167.96 750.77 223.59 -1 -1 -1 -1000 -1000 -1000 -10 1
99 51 Car -1 -1 -1 436.66 188.28 598.09 262.25 -1 -1 -1 -1000 -1000 -1000 -10 1
99 50 Car -1 -1 -1 862.94 162.48 922.10 205.55 -1 -1 -1 -1000 -1000 -1000 -10 1
99 2 Car -1 -1 -1 802.77 174.77 931.61 261.48 -1 -1 -1 -1000 -1000 -1000 -10 1
100 60 Car -1 -1 -1 730.32 171.88 789.23 206.12 -1 -1 -1 -1000 -1000 -1000 -10 1
100 58 Car -1 -1 -1 848.63 158.38 900.15 193.40 -1 -1 -1 -1000 -1000 -1000 -10 1
100 51 Car -1 -1 -1 392.71 188.57 560.86 266.19 -1 -1 -1 -1000 -1000 -1000 -10 1
100 2 Car -1 -1 -1 791.63 172.94 917.36 260.17 -1 -1 -1 -1000 -1000 -1000 -10 1
101 60 Car -1 -1 -1 707.78 172.39 771.49 209.79 -1 -1 -1 -1000 -1000 -1000 -10 1
101 59 Car -1 -1 -1 575.27 164.28 708.14 228.22 -1 -1 -1 -1000 -1000 -1000 -10 1
101 58 Car -1 -1 -1 820.59 160.16 873.39 197.40 -1 -1 -1 -1000 -1000 -1000 -10 1
101 51 Car -1 -1 -1 351.01 192.11 522.53 271.93 -1 -1 -1 -1000 -1000 -1000 -10 1
101 2 Car -1 -1 -1 782.14 172.70 900.45 258.75 -1 -1 -1 -1000 -1000 -1000 -10 1
102 60 Car -1 -1 -1 680.57 173.86 744.86 213.29 -1 -1 -1 -1000 -1000 -1000 -10 1
102 59 Car -1 -1 -1 543.58 165.13 683.11 233.03 -1 -1 -1 -1000 -1000 -1000 -10 1
102 58 Car -1 -1 -1 801.16 166.65 855.13 204.62 -1 -1 -1 -1000 -1000 -1000 -10 1
102 51 Car -1 -1 -1 295.29 191.61 487.37 280.17 -1 -1 -1 -1000 -1000 -1000 -10 1
102 2 Car -1 -1 -1 765.58 175.27 878.59 258.14 -1 -1 -1 -1000 -1000 -1000 -10 1
103 60 Car -1 -1 -1 657.28 176.38 723.45 216.89 -1 -1 -1 -1000 -1000 -1000 -10 1
103 59 Car -1 -1 -1 512.56 165.27 656.49 236.49 -1 -1 -1 -1000 -1000 -1000 -10 1
103 58 Car -1 -1 -1 774.44 165.53 825.16 202.38 -1 -1 -1 -1000 -1000 -1000 -10 1
103 51 Car -1 -1 -1 233.18 194.04 448.19 293.24 -1 -1 -1 -1000 -1000 -1000 -10 1
103 2 Car -1 -1 -1 751.55 173.77 865.71 257.83 -1 -1 -1 -1000 -1000 -1000 -10 1
104 60 Car -1 -1 -1 630.11 177.99 697.33 219.42 -1 -1 -1 -1000 -1000 -1000 -10 1
104 58 Car -1 -1 -1 752.46 167.77 797.10 201.88 -1 -1 -1 -1000 -1000 -1000 -10 1
104 51 Car -1 -1 -1 157.58 195.64 401.07 308.67 -1 -1 -1 -1000 -1000 -1000 -10 1
104 2 Car -1 -1 -1 736.85 177.29 844.62 258.97 -1 -1 -1 -1000 -1000 -1000 -10 1
105 66 Car -1 -1 -1 446.64 167.22 584.99 249.30 -1 -1 -1 -1000 -1000 -1000 -10 1
105 60 Car -1 -1 -1 602.69 178.33 675.68 222.75 -1 -1 -1 -1000 -1000 -1000 -10 1
105 58 Car -1 -1 -1 730.17 167.58 772.08 200.16 -1 -1 -1 -1000 -1000 -1000 -10 1
105 51 Car -1 -1 -1 65.33 202.37 344.15 328.49 -1 -1 -1 -1000 -1000 -1000 -10 1
105 2 Car -1 -1 -1 718.57 177.41 822.31 258.30 -1 -1 -1 -1000 -1000 -1000 -10 1
106 66 Car -1 -1 -1 411.09 166.14 563.37 254.66 -1 -1 -1 -1000 -1000 -1000 -10 1
106 60 Car -1 -1 -1 576.11 181.53 652.76 225.32 -1 -1 -1 -1000 -1000 -1000 -10 1
106 58 Car -1 -1 -1 710.23 169.26 748.56 200.60 -1 -1 -1 -1000 -1000 -1000 -10 1
106 51 Car -1 -1 -1 11.89 205.76 299.33 344.92 -1 -1 -1 -1000 -1000 -1000 -10 1
106 2 Car -1 -1 -1 704.00 176.59 801.97 255.05 -1 -1 -1 -1000 -1000 -1000 -10 1
107 66 Car -1 -1 -1 369.01 166.58 532.16 260.18 -1 -1 -1 -1000 -1000 -1000 -10 1
107 60 Car -1 -1 -1 545.44 181.92 626.04 226.61 -1 -1 -1 -1000 -1000 -1000 -10 1
107 58 Car -1 -1 -1 685.45 167.88 721.29 197.58 -1 -1 -1 -1000 -1000 -1000 -10 1
107 51 Car -1 -1 -1 -24.17 210.37 249.89 357.96 -1 -1 -1 -1000 -1000 -1000 -10 1
107 2 Car -1 -1 -1 692.36 177.47 784.65 253.82 -1 -1 -1 -1000 -1000 -1000 -10 1
108 71 Car -1 -1 -1 608.39 176.46 660.04 207.84 -1 -1 -1 -1000 -1000 -1000 -10 1
108 66 Car -1 -1 -1 322.70 163.29 496.51 264.23 -1 -1 -1 -1000 -1000 -1000 -10 1
108 60 Car -1 -1 -1 515.22 181.82 600.12 227.70 -1 -1 -1 -1000 -1000 -1000 -10 1
108 58 Car -1 -1 -1 663.78 168.54 698.82 198.14 -1 -1 -1 -1000 -1000 -1000 -10 1
108 51 Car -1 -1 -1 -48.38 210.51 192.71 362.43 -1 -1 -1 -1000 -1000 -1000 -10 1
108 2 Car -1 -1 -1 672.80 178.14 763.85 254.17 -1 -1 -1 -1000 -1000 -1000 -10 1
109 71 Car -1 -1 -1 585.21 176.70 634.72 206.74 -1 -1 -1 -1000 -1000 -1000 -10 1
109 66 Car -1 -1 -1 271.47 163.39 461.83 270.64 -1 -1 -1 -1000 -1000 -1000 -10 1
109 60 Car -1 -1 -1 485.34 180.03 572.44 229.09 -1 -1 -1 -1000 -1000 -1000 -10 1
109 58 Car -1 -1 -1 638.97 167.14 673.45 196.61 -1 -1 -1 -1000 -1000 -1000 -10 1
109 2 Car -1 -1 -1 655.65 178.68 743.51 253.60 -1 -1 -1 -1000 -1000 -1000 -10 1
110 71 Car -1 -1 -1 562.44 177.42 613.71 209.16 -1 -1 -1 -1000 -1000 -1000 -10 1
110 66 Car -1 -1 -1 215.71 164.13 424.57 279.36 -1 -1 -1 -1000 -1000 -1000 -10 1
110 60 Car -1 -1 -1 455.36 180.92 546.33 231.72 -1 -1 -1 -1000 -1000 -1000 -10 1
110 58 Car -1 -1 -1 611.40 171.47 647.98 202.40 -1 -1 -1 -1000 -1000 -1000 -10 1
111 71 Car -1 -1 -1 540.50 178.52 591.75 210.48 -1 -1 -1 -1000 -1000 -1000 -10 1
111 66 Car -1 -1 -1 168.29 165.37 389.74 286.19 -1 -1 -1 -1000 -1000 -1000 -10 1
111 60 Car -1 -1 -1 425.75 181.03 520.64 235.37 -1 -1 -1 -1000 -1000 -1000 -10 1
111 58 Car -1 -1 -1 592.19 167.90 631.33 201.51 -1 -1 -1 -1000 -1000 -1000 -10 1
112 75 Car -1 -1 -1 66.33 163.81 358.29 314.19 -1 -1 -1 -1000 -1000 -1000 -10 1
112 74 Car -1 -1 -1 602.54 176.87 687.03 251.99 -1 -1 -1 -1000 -1000 -1000 -10 1
112 71 Car -1 -1 -1 522.68 178.78 575.68 211.63 -1 -1 -1 -1000 -1000 -1000 -10 1
112 60 Car -1 -1 -1 397.03 181.53 498.97 238.87 -1 -1 -1 -1000 -1000 -1000 -10 1
112 58 Car -1 -1 -1 572.75 166.85 612.87 199.82 -1 -1 -1 -1000 -1000 -1000 -10 1
113 75 Car -1 -1 -1 -0.75 160.26 314.74 327.09 -1 -1 -1 -1000 -1000 -1000 -10 1
113 74 Car -1 -1 -1 591.36 175.25 674.19 250.56 -1 -1 -1 -1000 -1000 -1000 -10 1
113 71 Car -1 -1 -1 506.17 179.31 561.07 212.95 -1 -1 -1 -1000 -1000 -1000 -10 1
113 60 Car -1 -1 -1 369.03 182.25 476.55 243.69 -1 -1 -1 -1000 -1000 -1000 -10 1
113 58 Car -1 -1 -1 562.39 164.50 603.45 199.32 -1 -1 -1 -1000 -1000 -1000 -10 1
114 77 Car -1 -1 -1 547.12 163.75 588.55 201.29 -1 -1 -1 -1000 -1000 -1000 -10 1
114 75 Car -1 -1 -1 -27.12 160.79 278.56 333.45 -1 -1 -1 -1000 -1000 -1000 -10 1
114 74 Car -1 -1 -1 581.12 175.58 664.84 251.20 -1 -1 -1 -1000 -1000 -1000 -10 1
114 71 Car -1 -1 -1 482.88 177.60 542.90 214.21 -1 -1 -1 -1000 -1000 -1000 -10 1
114 60 Car -1 -1 -1 326.18 183.54 446.17 249.71 -1 -1 -1 -1000 -1000 -1000 -10 1
114 58 Car -1 -1 -1 542.54 165.10 582.93 198.63 -1 -1 -1 -1000 -1000 -1000 -10 1
115 77 Car -1 -1 -1 535.50 163.02 576.33 200.26 -1 -1 -1 -1000 -1000 -1000 -10 1
115 75 Car -1 -1 -1 -40.47 161.65 248.27 346.56 -1 -1 -1 -1000 -1000 -1000 -10 1
115 74 Car -1 -1 -1 573.80 175.05 660.23 253.75 -1 -1 -1 -1000 -1000 -1000 -10 1
115 71 Car -1 -1 -1 471.78 178.43 533.86 216.66 -1 -1 -1 -1000 -1000 -1000 -10 1
115 60 Car -1 -1 -1 295.16 183.76 423.85 256.03 -1 -1 -1 -1000 -1000 -1000 -10 1
115 58 Car -1 -1 -1 533.33 165.69 574.74 201.23 -1 -1 -1 -1000 -1000 -1000 -10 1
116 77 Car -1 -1 -1 531.81 161.53 573.30 199.98 -1 -1 -1 -1000 -1000 -1000 -10 1
116 75 Car -1 -1 -1 -47.74 170.66 207.68 356.13 -1 -1 -1 -1000 -1000 -1000 -10 1
116 74 Car -1 -1 -1 571.66 175.50 659.36 255.65 -1 -1 -1 -1000 -1000 -1000 -10 1
116 71 Car -1 -1 -1 459.24 179.88 526.87 221.68 -1 -1 -1 -1000 -1000 -1000 -10 1
116 60 Car -1 -1 -1 268.68 186.57 405.52 262.01 -1 -1 -1 -1000 -1000 -1000 -10 1
117 77 Car -1 -1 -1 529.52 160.28 572.38 200.08 -1 -1 -1 -1000 -1000 -1000 -10 1
117 75 Car -1 -1 -1 -51.98 177.13 162.79 361.27 -1 -1 -1 -1000 -1000 -1000 -10 1
117 74 Car -1 -1 -1 573.18 176.43 659.09 254.01 -1 -1 -1 -1000 -1000 -1000 -10 1
117 71 Car -1 -1 -1 447.74 180.43 520.29 225.08 -1 -1 -1 -1000 -1000 -1000 -10 1
117 60 Car -1 -1 -1 237.06 189.87 387.72 272.82 -1 -1 -1 -1000 -1000 -1000 -10 1
118 77 Car -1 -1 -1 527.39 163.75 571.73 204.10 -1 -1 -1 -1000 -1000 -1000 -10 1
118 74 Car -1 -1 -1 576.47 177.29 659.64 252.30 -1 -1 -1 -1000 -1000 -1000 -10 1
118 71 Car -1 -1 -1 441.27 181.14 516.34 226.69 -1 -1 -1 -1000 -1000 -1000 -10 1
118 60 Car -1 -1 -1 202.41 193.18 369.38 281.68 -1 -1 -1 -1000 -1000 -1000 -10 1
119 78 Car -1 -1 -1 526.67 163.38 577.71 210.11 -1 -1 -1 -1000 -1000 -1000 -10 1
119 77 Car -1 -1 -1 524.68 164.57 571.27 206.60 -1 -1 -1 -1000 -1000 -1000 -10 1
119 74 Car -1 -1 -1 578.64 176.82 662.57 251.93 -1 -1 -1 -1000 -1000 -1000 -10 1
119 71 Car -1 -1 -1 432.80 183.40 511.66 227.43 -1 -1 -1 -1000 -1000 -1000 -10 1
119 60 Car -1 -1 -1 164.67 194.03 353.56 292.89 -1 -1 -1 -1000 -1000 -1000 -10 1
120 78 Car -1 -1 -1 524.36 163.27 577.10 210.57 -1 -1 -1 -1000 -1000 -1000 -10 1
120 77 Car -1 -1 -1 522.43 163.82 572.55 208.90 -1 -1 -1 -1000 -1000 -1000 -10 1
120 74 Car -1 -1 -1 583.14 175.58 665.87 250.20 -1 -1 -1 -1000 -1000 -1000 -10 1
120 71 Car -1 -1 -1 426.92 184.04 508.50 227.94 -1 -1 -1 -1000 -1000 -1000 -10 1
120 60 Car -1 -1 -1 118.45 195.09 330.57 305.11 -1 -1 -1 -1000 -1000 -1000 -10 1
121 78 Car -1 -1 -1 523.32 162.49 578.35 211.22 -1 -1 -1 -1000 -1000 -1000 -10 1
121 77 Car -1 -1 -1 522.30 162.56 574.84 209.29 -1 -1 -1 -1000 -1000 -1000 -10 1
121 74 Car -1 -1 -1 586.21 174.85 667.30 248.41 -1 -1 -1 -1000 -1000 -1000 -10 1
121 71 Car -1 -1 -1 419.15 184.29 504.61 229.16 -1 -1 -1 -1000 -1000 -1000 -10 1
121 60 Car -1 -1 -1 62.29 198.66 303.25 322.37 -1 -1 -1 -1000 -1000 -1000 -10 1
122 78 Car -1 -1 -1 523.24 162.52 579.63 211.64 -1 -1 -1 -1000 -1000 -1000 -10 1
122 77 Car -1 -1 -1 521.52 161.32 576.05 209.29 -1 -1 -1 -1000 -1000 -1000 -10 1
122 74 Car -1 -1 -1 589.14 174.68 668.46 247.06 -1 -1 -1 -1000 -1000 -1000 -10 1
122 71 Car -1 -1 -1 409.47 183.02 497.62 230.50 -1 -1 -1 -1000 -1000 -1000 -10 1
122 60 Car -1 -1 -1 16.64 203.51 278.41 339.16 -1 -1 -1 -1000 -1000 -1000 -10 1
123 78 Car -1 -1 -1 521.14 161.16 579.55 211.41 -1 -1 -1 -1000 -1000 -1000 -10 1
123 77 Car -1 -1 -1 520.94 160.47 576.29 208.83 -1 -1 -1 -1000 -1000 -1000 -10 1
123 74 Car -1 -1 -1 591.25 174.18 668.56 245.23 -1 -1 -1 -1000 -1000 -1000 -10 1
123 71 Car -1 -1 -1 398.10 184.00 490.91 233.12 -1 -1 -1 -1000 -1000 -1000 -10 1
123 60 Car -1 -1 -1 -2.29 208.28 252.58 352.72 -1 -1 -1 -1000 -1000 -1000 -10 1
124 78 Car -1 -1 -1 516.53 160.80 579.79 213.23 -1 -1 -1 -1000 -1000 -1000 -10 1
124 77 Car -1 -1 -1 519.37 160.56 575.60 208.52 -1 -1 -1 -1000 -1000 -1000 -10 1
124 74 Car -1 -1 -1 593.31 174.17 668.44 243.69 -1 -1 -1 -1000 -1000 -1000 -10 1
124 71 Car -1 -1 -1 384.73 183.02 480.64 234.64 -1 -1 -1 -1000 -1000 -1000 -10 1
124 60 Car -1 -1 -1 -18.30 207.17 221.10 358.38 -1 -1 -1 -1000 -1000 -1000 -10 1
125 78 Car -1 -1 -1 516.73 160.85 579.91 213.21 -1 -1 -1 -1000 -1000 -1000 -10 1
125 77 Car -1 -1 -1 518.39 160.69 576.18 209.07 -1 -1 -1 -1000 -1000 -1000 -10 1
125 74 Car -1 -1 -1 595.24 173.82 668.59 241.19 -1 -1 -1 -1000 -1000 -1000 -10 1
125 71 Car -1 -1 -1 368.64 182.83 469.59 238.31 -1 -1 -1 -1000 -1000 -1000 -10 1
125 60 Car -1 -1 -1 -32.41 210.32 187.77 367.22 -1 -1 -1 -1000 -1000 -1000 -10 1
126 78 Car -1 -1 -1 512.47 159.66 577.28 213.79 -1 -1 -1 -1000 -1000 -1000 -10 1
126 77 Car -1 -1 -1 512.07 161.26 572.42 211.06 -1 -1 -1 -1000 -1000 -1000 -10 1
126 74 Car -1 -1 -1 595.37 174.59 667.53 240.75 -1 -1 -1 -1000 -1000 -1000 -10 1
126 71 Car -1 -1 -1 349.26 184.62 455.13 242.83 -1 -1 -1 -1000 -1000 -1000 -10 1
126 60 Car -1 -1 -1 -48.24 219.56 134.17 377.77 -1 -1 -1 -1000 -1000 -1000 -10 1
127 78 Car -1 -1 -1 506.71 157.70 574.18 215.07 -1 -1 -1 -1000 -1000 -1000 -10 1
127 77 Car -1 -1 -1 503.94 160.58 568.18 213.42 -1 -1 -1 -1000 -1000 -1000 -10 1
127 74 Car -1 -1 -1 595.25 176.04 666.45 241.34 -1 -1 -1 -1000 -1000 -1000 -10 1
127 71 Car -1 -1 -1 329.32 186.38 446.29 248.85 -1 -1 -1 -1000 -1000 -1000 -10 1
128 78 Car -1 -1 -1 504.06 157.71 571.39 216.31 -1 -1 -1 -1000 -1000 -1000 -10 1
128 77 Car -1 -1 -1 497.42 161.45 564.63 215.94 -1 -1 -1 -1000 -1000 -1000 -10 1
128 74 Car -1 -1 -1 594.47 176.90 665.17 241.81 -1 -1 -1 -1000 -1000 -1000 -10 1
128 71 Car -1 -1 -1 301.69 188.10 431.44 256.08 -1 -1 -1 -1000 -1000 -1000 -10 1
129 77 Car -1 -1 -1 490.91 160.63 559.72 216.77 -1 -1 -1 -1000 -1000 -1000 -10 1
129 74 Car -1 -1 -1 591.51 176.82 662.74 241.72 -1 -1 -1 -1000 -1000 -1000 -10 1
129 71 Car -1 -1 -1 274.74 190.20 414.57 261.32 -1 -1 -1 -1000 -1000 -1000 -10 1
130 77 Car -1 -1 -1 481.63 158.58 558.47 219.08 -1 -1 -1 -1000 -1000 -1000 -10 1
130 74 Car -1 -1 -1 589.46 177.22 660.88 241.88 -1 -1 -1 -1000 -1000 -1000 -10 1
130 71 Car -1 -1 -1 236.87 191.26 395.90 272.06 -1 -1 -1 -1000 -1000 -1000 -10 1
131 77 Car -1 -1 -1 476.34 160.25 554.38 221.50 -1 -1 -1 -1000 -1000 -1000 -10 1
131 74 Car -1 -1 -1 587.76 177.32 659.39 242.01 -1 -1 -1 -1000 -1000 -1000 -10 1
131 71 Car -1 -1 -1 192.63 192.44 372.86 282.59 -1 -1 -1 -1000 -1000 -1000 -10 1
132 78 Car -1 -1 -1 483.35 163.61 556.27 220.93 -1 -1 -1 -1000 -1000 -1000 -10 1
132 77 Car -1 -1 -1 464.60 159.66 547.93 224.07 -1 -1 -1 -1000 -1000 -1000 -10 1
132 74 Car -1 -1 -1 587.44 177.88 657.92 241.23 -1 -1 -1 -1000 -1000 -1000 -10 1
132 71 Car -1 -1 -1 138.68 193.47 344.15 293.19 -1 -1 -1 -1000 -1000 -1000 -10 1
133 78 Car -1 -1 -1 482.88 161.91 554.76 215.75 -1 -1 -1 -1000 -1000 -1000 -10 1
133 77 Car -1 -1 -1 449.96 155.24 543.84 224.93 -1 -1 -1 -1000 -1000 -1000 -10 1
133 74 Car -1 -1 -1 585.85 177.29 652.74 238.55 -1 -1 -1 -1000 -1000 -1000 -10 1
133 71 Car -1 -1 -1 72.33 195.84 312.20 308.38 -1 -1 -1 -1000 -1000 -1000 -10 1
134 78 Car -1 -1 -1 469.01 163.43 545.29 219.12 -1 -1 -1 -1000 -1000 -1000 -10 1
134 77 Car -1 -1 -1 435.59 162.04 527.56 232.97 -1 -1 -1 -1000 -1000 -1000 -10 1
134 74 Car -1 -1 -1 584.24 177.01 649.67 236.54 -1 -1 -1 -1000 -1000 -1000 -10 1
134 71 Car -1 -1 -1 24.90 202.05 286.52 324.86 -1 -1 -1 -1000 -1000 -1000 -10 1
135 78 Car -1 -1 -1 439.84 158.67 531.58 225.12 -1 -1 -1 -1000 -1000 -1000 -10 1
135 77 Car -1 -1 -1 425.08 156.06 525.12 234.41 -1 -1 -1 -1000 -1000 -1000 -10 1
135 74 Car -1 -1 -1 584.19 178.67 651.60 238.08 -1 -1 -1 -1000 -1000 -1000 -10 1
135 71 Car -1 -1 -1 -6.05 207.40 259.21 341.98 -1 -1 -1 -1000 -1000 -1000 -10 1
136 84 Car -1 -1 -1 487.80 178.04 552.78 214.43 -1 -1 -1 -1000 -1000 -1000 -10 1
136 78 Car -1 -1 -1 439.28 164.28 536.94 228.62 -1 -1 -1 -1000 -1000 -1000 -10 1
136 77 Car -1 -1 -1 413.36 155.09 521.91 237.68 -1 -1 -1 -1000 -1000 -1000 -10 1
136 74 Car -1 -1 -1 584.35 180.24 651.04 238.08 -1 -1 -1 -1000 -1000 -1000 -10 1
136 71 Car -1 -1 -1 -25.86 207.06 225.83 349.78 -1 -1 -1 -1000 -1000 -1000 -10 1
137 84 Car -1 -1 -1 471.96 183.64 546.82 223.20 -1 -1 -1 -1000 -1000 -1000 -10 1
137 77 Car -1 -1 -1 402.11 157.03 516.04 243.86 -1 -1 -1 -1000 -1000 -1000 -10 1
137 74 Car -1 -1 -1 584.82 180.88 650.74 237.61 -1 -1 -1 -1000 -1000 -1000 -10 1
137 71 Car -1 -1 -1 -43.21 211.34 173.52 359.26 -1 -1 -1 -1000 -1000 -1000 -10 1
138 84 Car -1 -1 -1 465.57 182.81 542.37 225.85 -1 -1 -1 -1000 -1000 -1000 -10 1
138 77 Car -1 -1 -1 385.25 154.92 508.57 247.66 -1 -1 -1 -1000 -1000 -1000 -10 1
138 74 Car -1 -1 -1 583.57 180.59 650.51 237.63 -1 -1 -1 -1000 -1000 -1000 -10 1
139 85 Car -1 -1 -1 530.88 176.76 577.99 210.46 -1 -1 -1 -1000 -1000 -1000 -10 1
139 84 Car -1 -1 -1 455.72 181.17 539.55 225.79 -1 -1 -1 -1000 -1000 -1000 -10 1
139 77 Car -1 -1 -1 371.46 150.70 500.10 247.86 -1 -1 -1 -1000 -1000 -1000 -10 1
139 74 Car -1 -1 -1 582.50 179.28 651.09 236.41 -1 -1 -1 -1000 -1000 -1000 -10 1
140 85 Car -1 -1 -1 528.77 175.81 573.82 207.94 -1 -1 -1 -1000 -1000 -1000 -10 1
140 84 Car -1 -1 -1 452.39 181.12 538.35 226.21 -1 -1 -1 -1000 -1000 -1000 -10 1
140 77 Car -1 -1 -1 350.84 145.15 488.42 250.89 -1 -1 -1 -1000 -1000 -1000 -10 1
140 74 Car -1 -1 -1 581.86 178.42 651.13 235.21 -1 -1 -1 -1000 -1000 -1000 -10 1
141 85 Car -1 -1 -1 515.45 174.08 562.21 207.41 -1 -1 -1 -1000 -1000 -1000 -10 1
141 84 Car -1 -1 -1 448.62 180.59 532.44 227.20 -1 -1 -1 -1000 -1000 -1000 -10 1
141 74 Car -1 -1 -1 581.95 176.90 652.32 233.73 -1 -1 -1 -1000 -1000 -1000 -10 1
142 86 Car -1 -1 -1 287.58 130.56 472.86 269.12 -1 -1 -1 -1000 -1000 -1000 -10 1
142 85 Car -1 -1 -1 503.27 173.44 553.67 208.92 -1 -1 -1 -1000 -1000 -1000 -10 1
142 84 Car -1 -1 -1 439.54 180.10 528.95 227.44 -1 -1 -1 -1000 -1000 -1000 -10 1
142 74 Car -1 -1 -1 584.10 177.06 652.55 233.04 -1 -1 -1 -1000 -1000 -1000 -10 1
143 86 Car -1 -1 -1 255.54 128.78 462.81 281.71 -1 -1 -1 -1000 -1000 -1000 -10 1
143 84 Car -1 -1 -1 425.64 179.70 525.79 229.86 -1 -1 -1 -1000 -1000 -1000 -10 1
143 74 Car -1 -1 -1 584.24 176.33 650.79 231.70 -1 -1 -1 -1000 -1000 -1000 -10 1
144 86 Car -1 -1 -1 211.16 123.15 447.27 294.15 -1 -1 -1 -1000 -1000 -1000 -10 1
144 84 Car -1 -1 -1 418.39 181.97 523.96 233.18 -1 -1 -1 -1000 -1000 -1000 -10 1
144 74 Car -1 -1 -1 583.61 174.23 646.80 227.18 -1 -1 -1 -1000 -1000 -1000 -10 1
145 88 Car -1 -1 -1 521.02 175.07 573.00 212.27 -1 -1 -1 -1000 -1000 -1000 -10 1
145 86 Car -1 -1 -1 157.74 120.77 430.99 318.47 -1 -1 -1 -1000 -1000 -1000 -10 1
145 84 Car -1 -1 -1 409.08 183.01 516.27 237.88 -1 -1 -1 -1000 -1000 -1000 -10 1
145 74 Car -1 -1 -1 584.87 175.37 646.26 227.26 -1 -1 -1 -1000 -1000 -1000 -10 1
146 88 Car -1 -1 -1 518.68 176.46 571.82 214.18 -1 -1 -1 -1000 -1000 -1000 -10 1
146 86 Car -1 -1 -1 94.61 103.84 415.29 331.28 -1 -1 -1 -1000 -1000 -1000 -10 1
146 84 Car -1 -1 -1 396.31 183.53 508.19 242.34 -1 -1 -1 -1000 -1000 -1000 -10 1
146 74 Car -1 -1 -1 586.23 175.92 645.35 226.48 -1 -1 -1 -1000 -1000 -1000 -10 1
147 88 Car -1 -1 -1 516.39 177.14 570.18 214.84 -1 -1 -1 -1000 -1000 -1000 -10 1
147 86 Car -1 -1 -1 27.26 82.96 399.31 347.32 -1 -1 -1 -1000 -1000 -1000 -10 1
147 84 Car -1 -1 -1 381.60 184.88 499.43 248.28 -1 -1 -1 -1000 -1000 -1000 -10 1
147 74 Car -1 -1 -1 587.48 177.47 645.91 227.69 -1 -1 -1 -1000 -1000 -1000 -10 1
148 88 Car -1 -1 -1 514.50 178.71 569.36 216.68 -1 -1 -1 -1000 -1000 -1000 -10 1
148 86 Car -1 -1 -1 -8.21 66.16 381.76 353.15 -1 -1 -1 -1000 -1000 -1000 -10 1
148 84 Car -1 -1 -1 366.43 183.13 493.78 249.65 -1 -1 -1 -1000 -1000 -1000 -10 1
148 74 Car -1 -1 -1 587.63 177.02 644.98 226.12 -1 -1 -1 -1000 -1000 -1000 -10 1
149 88 Car -1 -1 -1 515.00 180.55 570.45 218.89 -1 -1 -1 -1000 -1000 -1000 -10 1
149 86 Car -1 -1 -1 -28.63 61.14 363.93 363.62 -1 -1 -1 -1000 -1000 -1000 -10 1
149 84 Car -1 -1 -1 347.10 185.41 483.44 256.94 -1 -1 -1 -1000 -1000 -1000 -10 1
149 74 Car -1 -1 -1 581.70 174.49 635.99 221.01 -1 -1 -1 -1000 -1000 -1000 -10 1
150 88 Car -1 -1 -1 514.58 180.90 571.77 219.80 -1 -1 -1 -1000 -1000 -1000 -10 1
150 86 Car -1 -1 -1 -43.21 50.21 336.58 363.32 -1 -1 -1 -1000 -1000 -1000 -10 1
150 84 Car -1 -1 -1 327.44 185.89 473.33 261.85 -1 -1 -1 -1000 -1000 -1000 -10 1
150 74 Car -1 -1 -1 586.25 176.56 640.31 222.36 -1 -1 -1 -1000 -1000 -1000 -10 1
151 88 Car -1 -1 -1 516.78 181.44 575.49 220.87 -1 -1 -1 -1000 -1000 -1000 -10 1
151 86 Car -1 -1 -1 -54.24 42.98 294.55 364.13 -1 -1 -1 -1000 -1000 -1000 -10 1
151 84 Car -1 -1 -1 305.71 190.57 460.56 269.37 -1 -1 -1 -1000 -1000 -1000 -10 1
151 74 Car -1 -1 -1 591.55 179.76 647.04 227.84 -1 -1 -1 -1000 -1000 -1000 -10 1
152 88 Car -1 -1 -1 521.92 182.68 579.71 222.18 -1 -1 -1 -1000 -1000 -1000 -10 1
152 86 Car -1 -1 -1 -64.20 36.92 234.20 361.73 -1 -1 -1 -1000 -1000 -1000 -10 1
152 84 Car -1 -1 -1 274.70 191.86 448.11 279.34 -1 -1 -1 -1000 -1000 -1000 -10 1
152 74 Car -1 -1 -1 593.76 180.76 650.19 230.27 -1 -1 -1 -1000 -1000 -1000 -10 1
153 88 Car -1 -1 -1 522.40 183.65 580.03 223.20 -1 -1 -1 -1000 -1000 -1000 -10 1
153 84 Car -1 -1 -1 237.99 193.49 434.67 289.08 -1 -1 -1 -1000 -1000 -1000 -10 1
153 74 Car -1 -1 -1 595.45 180.14 652.70 230.84 -1 -1 -1 -1000 -1000 -1000 -10 1
154 91 Car -1 -1 -1 578.01 178.38 617.15 210.13 -1 -1 -1 -1000 -1000 -1000 -10 1
154 88 Car -1 -1 -1 505.01 185.13 568.74 226.54 -1 -1 -1 -1000 -1000 -1000 -10 1
154 84 Car -1 -1 -1 188.14 194.04 414.70 302.74 -1 -1 -1 -1000 -1000 -1000 -10 1
154 74 Car -1 -1 -1 596.72 179.88 654.31 231.04 -1 -1 -1 -1000 -1000 -1000 -10 1
155 91 Car -1 -1 -1 575.13 176.80 612.86 206.95 -1 -1 -1 -1000 -1000 -1000 -10 1
155 88 Car -1 -1 -1 494.95 185.79 562.58 228.25 -1 -1 -1 -1000 -1000 -1000 -10 1
155 84 Car -1 -1 -1 126.67 197.53 388.46 321.12 -1 -1 -1 -1000 -1000 -1000 -10 1
155 74 Car -1 -1 -1 598.80 178.46 656.17 229.80 -1 -1 -1 -1000 -1000 -1000 -10 1
156 91 Car -1 -1 -1 577.74 172.71 612.77 201.40 -1 -1 -1 -1000 -1000 -1000 -10 1
156 88 Car -1 -1 -1 489.14 185.46 560.83 230.02 -1 -1 -1 -1000 -1000 -1000 -10 1
156 84 Car -1 -1 -1 52.30 204.97 357.26 345.06 -1 -1 -1 -1000 -1000 -1000 -10 1
156 74 Car -1 -1 -1 599.35 177.54 657.16 229.29 -1 -1 -1 -1000 -1000 -1000 -10 1
157 93 Car -1 -1 -1 528.48 180.63 587.59 212.83 -1 -1 -1 -1000 -1000 -1000 -10 1
157 88 Car -1 -1 -1 481.55 184.79 558.91 232.48 -1 -1 -1 -1000 -1000 -1000 -10 1
157 84 Car -1 -1 -1 22.41 205.46 340.55 354.49 -1 -1 -1 -1000 -1000 -1000 -10 1
157 74 Car -1 -1 -1 600.09 175.91 658.19 228.03 -1 -1 -1 -1000 -1000 -1000 -10 1
158 93 Car -1 -1 -1 528.11 179.09 585.10 212.19 -1 -1 -1 -1000 -1000 -1000 -10 1
158 88 Car -1 -1 -1 474.61 183.97 557.53 234.91 -1 -1 -1 -1000 -1000 -1000 -10 1
158 84 Car -1 -1 -1 0.25 204.25 316.12 361.25 -1 -1 -1 -1000 -1000 -1000 -10 1
158 74 Car -1 -1 -1 600.88 174.68 659.52 227.49 -1 -1 -1 -1000 -1000 -1000 -10 1
159 94 Car -1 -1 -1 569.74 175.49 609.61 206.39 -1 -1 -1 -1000 -1000 -1000 -10 1
159 93 Car -1 -1 -1 527.66 179.80 585.93 213.29 -1 -1 -1 -1000 -1000 -1000 -10 1
159 88 Car -1 -1 -1 463.52 183.32 551.49 238.21 -1 -1 -1 -1000 -1000 -1000 -10 1
159 84 Car -1 -1 -1 -16.69 204.24 281.93 365.51 -1 -1 -1 -1000 -1000 -1000 -10 1
159 74 Car -1 -1 -1 602.39 173.95 661.12 227.18 -1 -1 -1 -1000 -1000 -1000 -10 1
160 94 Car -1 -1 -1 564.88 174.54 604.25 204.80 -1 -1 -1 -1000 -1000 -1000 -10 1
160 93 Car -1 -1 -1 528.70 179.66 586.62 212.73 -1 -1 -1 -1000 -1000 -1000 -10 1
160 88 Car -1 -1 -1 451.64 183.92 544.77 242.66 -1 -1 -1 -1000 -1000 -1000 -10 1
160 84 Car -1 -1 -1 -34.53 206.10 231.94 367.42 -1 -1 -1 -1000 -1000 -1000 -10 1
160 74 Car -1 -1 -1 601.89 173.82 661.02 227.62 -1 -1 -1 -1000 -1000 -1000 -10 1
161 94 Car -1 -1 -1 561.32 175.95 600.36 206.34 -1 -1 -1 -1000 -1000 -1000 -10 1
161 93 Car -1 -1 -1 523.52 180.57 580.51 215.40 -1 -1 -1 -1000 -1000 -1000 -10 1
161 88 Car -1 -1 -1 436.63 184.60 539.03 247.78 -1 -1 -1 -1000 -1000 -1000 -10 1
161 74 Car -1 -1 -1 599.87 174.33 659.08 228.04 -1 -1 -1 -1000 -1000 -1000 -10 1
