0 1 Car -1 -1 -1 602.39 180.25 630.22 206.59 -1 -1 -1 -1000 -1000 -1000 -10 1
1 1 Car -1 -1 -1 602.72 178.56 631.35 205.06 -1 -1 -1 -1000 -1000 -1000 -10 1
2 1 Car -1 -1 -1 600.31 177.38 629.56 203.93 -1 -1 -1 -1000 -1000 -1000 -10 1
3 1 Car -1 -1 -1 592.69 177.15 622.49 204.21 -1 -1 -1 -1000 -1000 -1000 -10 1
4 1 Car -1 -1 -1 591.76 176.23 622.30 203.62 -1 -1 -1 -1000 -1000 -1000 -10 1
5 1 Car -1 -1 -1 590.25 176.79 621.26 204.49 -1 -1 -1 -1000 -1000 -1000 -10 1
11 5 Car -1 -1 -1 601.19 175.14 632.41 199.71 -1 -1 -1 -1000 -1000 -1000 -10 1
12 7 Car -1 -1 -1 970.09 186.72 1053.66 220.96 -1 -1 -1 -1000 -1000 -1000 -10 1
12 5 Car -1 -1 -1 602.24 175.40 632.33 199.42 -1 -1 -1 -1000 -1000 -1000 -10 1
13 5 Car -1 -1 -1 602.63 175.30 632.58 199.59 -1 -1 -1 -1000 -1000 -1000 -10 1
14 5 Car -1 -1 -1 602.85 175.21 632.35 199.44 -1 -1 -1 -1000 -1000 -1000 -10 1
15 5 Car -1 -1 -1 602.02 175.45 631.69 199.99 -1 -1 -1 -1000 -1000 -1000 -10 1
16 5 Car -1 -1 -1 602.39 175.45 631.88 200.16 -1 -1 -1 -1000 -1000 -1000 -10 1
17 10 Car -1 -1 -1 1155.91 172.60 1229.60 285.30 -1 -1 -1 -1000 -1000 -1000 -10 1
26 14 Car -1 -1 -1 177.78 169.64 354.00 353.32 -1 -1 -1 -1000 -1000 -1000 -10 1
27 14 Car -1 -1 -1 231.67 166.15 392.86 346.26 -1 -1 -1 -1000 -1000 -1000 -10 1
43 22 Car -1 -1 -1 590.47 180.82 617.76 213.75 -1 -1 -1 -1000 -1000 -1000 -10 1
47 23 Car -1 -1 -1 602.65 176.41 631.70 200.77 -1 -1 -1 -1000 -1000 -1000 -10 1
48 23 Car -1 -1 -1 601.90 176.70 631.03 201.52 -1 -1 -1 -1000 -1000 -1000 -10 1
49 23 Car -1 -1 -1 601.96 177.00 630.67 202.58 -1 -1 -1 -1000 -1000 -1000 -10 1
50 24 Car -1 -1 -1 568.25 174.99 596.70 229.77 -1 -1 -1 -1000 -1000 -1000 -10 1
51 25 Car -1 -1 -1 933.55 188.49 1011.53 224.78 -1 -1 -1 -1000 -1000 -1000 -10 1
51 24 Car -1 -1 -1 570.89 173.71 599.09 230.59 -1 -1 -1 -1000 -1000 -1000 -10 1
52 25 Car -1 -1 -1 934.17 188.43 1011.95 224.94 -1 -1 -1 -1000 -1000 -1000 -10 1
52 24 Car -1 -1 -1 574.67 173.11 602.00 229.09 -1 -1 -1 -1000 -1000 -1000 -10 1
53 25 Car -1 -1 -1 933.03 188.28 1010.73 224.91 -1 -1 -1 -1000 -1000 -1000 -10 1
53 24 Car -1 -1 -1 582.09 172.60 608.08 224.69 -1 -1 -1 -1000 -1000 -1000 -10 1
54 25 Car -1 -1 -1 932.93 188.38 1010.38 224.98 -1 -1 -1 -1000 -1000 -1000 -10 1
54 24 Car -1 -1 -1 586.85 173.00 611.39 221.62 -1 -1 -1 -1000 -1000 -1000 -10 1
55 25 Car -1 -1 -1 932.23 188.39 1009.86 225.01 -1 -1 -1 -1000 -1000 -1000 -10 1
55 24 Car -1 -1 -1 589.46 173.58 612.99 219.60 -1 -1 -1 -1000 -1000 -1000 -10 1
56 25 Car -1 -1 -1 932.19 188.28 1009.39 224.85 -1 -1 -1 -1000 -1000 -1000 -10 1
56 24 Car -1 -1 -1 591.65 174.82 614.23 218.88 -1 -1 -1 -1000 -1000 -1000 -10 1
57 25 Car -1 -1 -1 932.88 188.44 1009.82 224.92 -1 -1 -1 -1000 -1000 -1000 -10 1
57 24 Car -1 -1 -1 597.09 174.14 619.16 213.95 -1 -1 -1 -1000 -1000 -1000 -10 1
58 25 Car -1 -1 -1 933.26 188.36 1009.91 224.69 -1 -1 -1 -1000 -1000 -1000 -10 1
58 24 Car -1 -1 -1 597.14 174.95 618.66 212.49 -1 -1 -1 -1000 -1000 -1000 -10 1
59 25 Car -1 -1 -1 933.31 188.48 1010.15 224.93 -1 -1 -1 -1000 -1000 -1000 -10 1
59 24 Car -1 -1 -1 597.31 175.46 618.46 210.96 -1 -1 -1 -1000 -1000 -1000 -10 1
60 27 Car -1 -1 -1 600.48 174.56 632.32 197.93 -1 -1 -1 -1000 -1000 -1000 -10 1
60 25 Car -1 -1 -1 933.60 188.51 1010.41 224.93 -1 -1 -1 -1000 -1000 -1000 -10 1
60 24 Car -1 -1 -1 597.52 176.36 618.07 210.09 -1 -1 -1 -1000 -1000 -1000 -10 1
61 25 Car -1 -1 -1 933.60 188.75 1010.45 225.16 -1 -1 -1 -1000 -1000 -1000 -10 1
61 24 Car -1 -1 -1 600.48 176.72 621.19 208.04 -1 -1 -1 -1000 -1000 -1000 -10 1
62 25 Car -1 -1 -1 933.20 188.65 1010.09 225.03 -1 -1 -1 -1000 -1000 -1000 -10 1
62 24 Car -1 -1 -1 598.14 176.69 618.56 207.01 -1 -1 -1 -1000 -1000 -1000 -10 1
63 25 Car -1 -1 -1 932.93 188.55 1009.70 224.91 -1 -1 -1 -1000 -1000 -1000 -10 1
63 24 Car -1 -1 -1 600.81 177.02 621.34 206.01 -1 -1 -1 -1000 -1000 -1000 -10 1
64 25 Car -1 -1 -1 932.88 188.36 1009.69 224.72 -1 -1 -1 -1000 -1000 -1000 -10 1
64 24 Car -1 -1 -1 600.56 177.72 621.34 205.82 -1 -1 -1 -1000 -1000 -1000 -10 1
65 25 Car -1 -1 -1 933.07 188.54 1009.76 224.88 -1 -1 -1 -1000 -1000 -1000 -10 1
65 24 Car -1 -1 -1 602.32 177.52 623.21 204.91 -1 -1 -1 -1000 -1000 -1000 -10 1
66 25 Car -1 -1 -1 933.57 188.52 1010.09 224.90 -1 -1 -1 -1000 -1000 -1000 -10 1
66 24 Car -1 -1 -1 600.47 177.74 620.97 204.52 -1 -1 -1 -1000 -1000 -1000 -10 1
67 25 Car -1 -1 -1 933.82 188.38 1010.33 224.74 -1 -1 -1 -1000 -1000 -1000 -10 1
67 24 Car -1 -1 -1 598.12 177.47 618.25 204.34 -1 -1 -1 -1000 -1000 -1000 -10 1
68 25 Car -1 -1 -1 933.43 188.33 1009.88 224.69 -1 -1 -1 -1000 -1000 -1000 -10 1
68 24 Car -1 -1 -1 596.18 177.40 616.05 204.75 -1 -1 -1 -1000 -1000 -1000 -10 1
69 30 Car -1 -1 -1 600.51 175.00 634.51 197.49 -1 -1 -1 -1000 -1000 -1000 -10 1
69 25 Car -1 -1 -1 933.63 188.49 1009.98 224.72 -1 -1 -1 -1000 -1000 -1000 -10 1
70 30 Car -1 -1 -1 600.99 176.50 633.59 199.42 -1 -1 -1 -1000 -1000 -1000 -10 1
70 25 Car -1 -1 -1 934.75 188.65 1011.01 224.73 -1 -1 -1 -1000 -1000 -1000 -10 1
71 30 Car -1 -1 -1 601.18 176.99 632.79 200.20 -1 -1 -1 -1000 -1000 -1000 -10 1
71 25 Car -1 -1 -1 934.97 188.55 1011.55 224.68 -1 -1 -1 -1000 -1000 -1000 -10 1
72 30 Car -1 -1 -1 601.91 177.03 632.93 200.53 -1 -1 -1 -1000 -1000 -1000 -10 1
72 25 Car -1 -1 -1 935.43 188.11 1012.50 224.08 -1 -1 -1 -1000 -1000 -1000 -10 1
73 30 Car -1 -1 -1 602.01 176.58 632.66 200.32 -1 -1 -1 -1000 -1000 -1000 -10 1
73 25 Car -1 -1 -1 936.18 188.21 1013.28 224.00 -1 -1 -1 -1000 -1000 -1000 -10 1
74 30 Car -1 -1 -1 601.84 176.19 632.23 200.09 -1 -1 -1 -1000 -1000 -1000 -10 1
74 25 Car -1 -1 -1 935.11 188.43 1012.52 224.15 -1 -1 -1 -1000 -1000 -1000 -10 1
75 30 Car -1 -1 -1 601.18 176.54 631.45 200.48 -1 -1 -1 -1000 -1000 -1000 -10 1
75 25 Car -1 -1 -1 935.32 188.62 1012.81 224.11 -1 -1 -1 -1000 -1000 -1000 -10 1
76 30 Car -1 -1 -1 600.40 177.27 630.53 201.24 -1 -1 -1 -1000 -1000 -1000 -10 1
76 25 Car -1 -1 -1 955.29 186.96 1034.15 221.73 -1 -1 -1 -1000 -1000 -1000 -10 1
77 30 Car -1 -1 -1 602.01 176.12 633.23 199.72 -1 -1 -1 -1000 -1000 -1000 -10 1
77 25 Car -1 -1 -1 942.32 186.61 1021.24 221.58 -1 -1 -1 -1000 -1000 -1000 -10 1
78 25 Car -1 -1 -1 937.31 186.12 1015.64 221.05 -1 -1 -1 -1000 -1000 -1000 -10 1
80 34 Car -1 -1 -1 605.13 176.53 631.80 202.00 -1 -1 -1 -1000 -1000 -1000 -10 1
80 32 Car -1 -1 -1 969.18 188.19 1049.99 220.08 -1 -1 -1 -1000 -1000 -1000 -10 1
81 34 Car -1 -1 -1 605.77 174.79 634.20 199.28 -1 -1 -1 -1000 -1000 -1000 -10 1
82 34 Car -1 -1 -1 604.99 174.43 634.63 198.58 -1 -1 -1 -1000 -1000 -1000 -10 1
82 25 Car -1 -1 -1 936.64 188.54 1013.30 223.01 -1 -1 -1 -1000 -1000 -1000 -10 1
83 34 Car -1 -1 -1 602.04 178.14 630.75 203.41 -1 -1 -1 -1000 -1000 -1000 -10 1
83 25 Car -1 -1 -1 936.30 188.76 1011.53 223.59 -1 -1 -1 -1000 -1000 -1000 -10 1
84 34 Car -1 -1 -1 600.89 178.93 628.54 204.99 -1 -1 -1 -1000 -1000 -1000 -10 1
88 34 Car -1 -1 -1 606.90 178.28 634.32 204.57 -1 -1 -1 -1000 -1000 -1000 -10 1
89 34 Car -1 -1 -1 610.55 177.08 638.12 206.00 -1 -1 -1 -1000 -1000 -1000 -10 1
100 37 Car -1 -1 -1 933.85 185.13 1012.53 220.38 -1 -1 -1 -1000 -1000 -1000 -10 1
101 37 Car -1 -1 -1 937.10 185.71 1013.22 219.79 -1 -1 -1 -1000 -1000 -1000 -10 1
102 37 Car -1 -1 -1 937.80 186.16 1013.39 220.22 -1 -1 -1 -1000 -1000 -1000 -10 1
103 37 Car -1 -1 -1 955.15 188.00 1027.09 220.99 -1 -1 -1 -1000 -1000 -1000 -10 1
104 37 Car -1 -1 -1 964.90 189.85 1036.40 222.41 -1 -1 -1 -1000 -1000 -1000 -10 1
105 37 Car -1 -1 -1 972.21 190.41 1044.30 222.99 -1 -1 -1 -1000 -1000 -1000 -10 1
106 37 Car -1 -1 -1 975.67 192.53 1048.80 225.45 -1 -1 -1 -1000 -1000 -1000 -10 1
107 37 Car -1 -1 -1 974.43 193.95 1048.69 227.55 -1 -1 -1 -1000 -1000 -1000 -10 1
108 38 Car -1 -1 -1 932.54 187.36 1011.83 223.84 -1 -1 -1 -1000 -1000 -1000 -10 1
109 38 Car -1 -1 -1 933.50 187.84 1013.92 225.17 -1 -1 -1 -1000 -1000 -1000 -10 1
110 38 Car -1 -1 -1 933.71 187.54 1014.51 225.66 -1 -1 -1 -1000 -1000 -1000 -10 1
115 39 Car -1 -1 -1 601.78 175.41 631.32 199.08 -1 -1 -1 -1000 -1000 -1000 -10 1
119 39 Car -1 -1 -1 601.36 176.09 631.56 198.59 -1 -1 -1 -1000 -1000 -1000 -10 1
120 39 Car -1 -1 -1 602.49 176.22 632.54 198.43 -1 -1 -1 -1000 -1000 -1000 -10 1
121 39 Car -1 -1 -1 601.32 175.96 632.66 198.04 -1 -1 -1 -1000 -1000 -1000 -10 1
122 39 Car -1 -1 -1 602.30 175.58 633.32 198.33 -1 -1 -1 -1000 -1000 -1000 -10 1
123 39 Car -1 -1 -1 603.02 175.61 633.29 198.70 -1 -1 -1 -1000 -1000 -1000 -10 1
129 42 Car -1 -1 -1 606.53 174.94 635.54 202.83 -1 -1 -1 -1000 -1000 -1000 -10 1
134 44 Car -1 -1 -1 1113.14 175.23 1209.78 340.30 -1 -1 -1 -1000 -1000 -1000 -10 1
140 44 Car -1 -1 -1 1188.76 200.82 1233.26 340.69 -1 -1 -1 -1000 -1000 -1000 -10 1
141 44 Car -1 -1 -1 1196.55 212.07 1230.22 338.33 -1 -1 -1 -1000 -1000 -1000 -10 1
148 48 Car -1 -1 -1 577.67 167.38 659.56 227.21 -1 -1 -1 -1000 -1000 -1000 -10 1
149 48 Car -1 -1 -1 581.93 167.73 663.93 228.12 -1 -1 -1 -1000 -1000 -1000 -10 1
150 48 Car -1 -1 -1 565.06 167.62 646.00 228.56 -1 -1 -1 -1000 -1000 -1000 -10 1
154 48 Car -1 -1 -1 603.20 167.64 685.50 229.01 -1 -1 -1 -1000 -1000 -1000 -10 1
160 52 Car -1 -1 -1 615.51 167.84 695.74 230.10 -1 -1 -1 -1000 -1000 -1000 -10 1
161 53 Car -1 -1 -1 957.62 189.59 1027.28 225.82 -1 -1 -1 -1000 -1000 -1000 -10 1
161 52 Car -1 -1 -1 617.01 169.43 696.28 230.32 -1 -1 -1 -1000 -1000 -1000 -10 1
162 53 Car -1 -1 -1 966.22 188.39 1034.78 223.98 -1 -1 -1 -1000 -1000 -1000 -10 1
162 52 Car -1 -1 -1 639.68 168.73 720.04 234.09 -1 -1 -1 -1000 -1000 -1000 -10 1
163 52 Car -1 -1 -1 647.92 170.48 728.55 237.03 -1 -1 -1 -1000 -1000 -1000 -10 1
164 52 Car -1 -1 -1 651.00 170.16 738.13 238.75 -1 -1 -1 -1000 -1000 -1000 -10 1
165 52 Car -1 -1 -1 655.62 169.03 741.47 238.46 -1 -1 -1 -1000 -1000 -1000 -10 1
166 54 Car -1 -1 -1 964.86 189.56 1044.08 225.03 -1 -1 -1 -1000 -1000 -1000 -10 1
166 52 Car -1 -1 -1 658.52 169.83 743.40 238.54 -1 -1 -1 -1000 -1000 -1000 -10 1
167 54 Car -1 -1 -1 963.22 190.09 1044.52 225.50 -1 -1 -1 -1000 -1000 -1000 -10 1
170 52 Car -1 -1 -1 683.89 168.35 772.39 238.52 -1 -1 -1 -1000 -1000 -1000 -10 1
172 55 Car -1 -1 -1 938.60 187.95 1011.72 223.50 -1 -1 -1 -1000 -1000 -1000 -10 1
173 55 Car -1 -1 -1 939.18 188.23 1012.88 223.86 -1 -1 -1 -1000 -1000 -1000 -10 1
174 55 Car -1 -1 -1 939.21 188.17 1012.83 223.88 -1 -1 -1 -1000 -1000 -1000 -10 1
175 55 Car -1 -1 -1 938.66 188.12 1012.24 223.92 -1 -1 -1 -1000 -1000 -1000 -10 1
176 55 Car -1 -1 -1 937.83 188.39 1011.63 224.17 -1 -1 -1 -1000 -1000 -1000 -10 1
177 55 Car -1 -1 -1 938.45 188.45 1011.85 224.09 -1 -1 -1 -1000 -1000 -1000 -10 1
178 55 Car -1 -1 -1 939.21 188.51 1012.25 223.92 -1 -1 -1 -1000 -1000 -1000 -10 1
179 55 Car -1 -1 -1 939.83 188.34 1012.25 223.52 -1 -1 -1 -1000 -1000 -1000 -10 1
180 55 Car -1 -1 -1 940.43 188.61 1012.86 223.55 -1 -1 -1 -1000 -1000 -1000 -10 1
181 55 Car -1 -1 -1 940.02 188.47 1012.58 223.17 -1 -1 -1 -1000 -1000 -1000 -10 1
182 58 Car -1 -1 -1 970.81 191.24 1043.76 223.57 -1 -1 -1 -1000 -1000 -1000 -10 1
182 55 Car -1 -1 -1 939.34 188.37 1012.18 223.00 -1 -1 -1 -1000 -1000 -1000 -10 1
183 55 Car -1 -1 -1 939.62 188.24 1013.01 222.97 -1 -1 -1 -1000 -1000 -1000 -10 1
184 55 Car -1 -1 -1 938.90 187.67 1013.03 222.57 -1 -1 -1 -1000 -1000 -1000 -10 1
185 55 Car -1 -1 -1 937.17 188.16 1011.82 223.23 -1 -1 -1 -1000 -1000 -1000 -10 1
186 55 Car -1 -1 -1 936.87 188.69 1011.76 223.74 -1 -1 -1 -1000 -1000 -1000 -10 1
187 55 Car -1 -1 -1 937.24 188.70 1012.69 223.81 -1 -1 -1 -1000 -1000 -1000 -10 1
188 55 Car -1 -1 -1 954.27 189.29 1028.66 223.96 -1 -1 -1 -1000 -1000 -1000 -10 1
189 55 Car -1 -1 -1 941.78 188.01 1017.79 223.05 -1 -1 -1 -1000 -1000 -1000 -10 1
190 55 Car -1 -1 -1 935.07 188.05 1011.86 223.33 -1 -1 -1 -1000 -1000 -1000 -10 1
194 60 Car -1 -1 -1 0.14 150.45 41.50 232.00 -1 -1 -1 -1000 -1000 -1000 -10 1
195 60 Car -1 -1 -1 2.18 150.07 42.35 232.77 -1 -1 -1 -1000 -1000 -1000 -10 1
223 67 Car -1 -1 -1 600.64 174.77 637.20 198.07 -1 -1 -1 -1000 -1000 -1000 -10 1
224 67 Car -1 -1 -1 600.52 174.88 636.59 197.85 -1 -1 -1 -1000 -1000 -1000 -10 1
225 67 Car -1 -1 -1 600.83 174.98 636.07 197.59 -1 -1 -1 -1000 -1000 -1000 -10 1
226 67 Car -1 -1 -1 600.83 174.99 635.97 197.64 -1 -1 -1 -1000 -1000 -1000 -10 1
227 67 Car -1 -1 -1 600.76 175.23 635.87 197.80 -1 -1 -1 -1000 -1000 -1000 -10 1
228 67 Car -1 -1 -1 601.35 175.28 636.87 197.86 -1 -1 -1 -1000 -1000 -1000 -10 1
229 67 Car -1 -1 -1 601.95 175.22 637.91 197.80 -1 -1 -1 -1000 -1000 -1000 -10 1
230 71 Car -1 -1 -1 974.58 191.16 1063.91 226.51 -1 -1 -1 -1000 -1000 -1000 -10 1
230 67 Car -1 -1 -1 601.67 175.25 638.17 197.83 -1 -1 -1 -1000 -1000 -1000 -10 1
231 67 Car -1 -1 -1 601.22 175.39 637.97 197.84 -1 -1 -1 -1000 -1000 -1000 -10 1
232 67 Car -1 -1 -1 601.09 175.46 638.13 197.86 -1 -1 -1 -1000 -1000 -1000 -10 1
233 73 Car -1 -1 -1 960.59 189.84 1042.93 223.82 -1 -1 -1 -1000 -1000 -1000 -10 1
233 67 Car -1 -1 -1 601.20 175.56 637.63 197.78 -1 -1 -1 -1000 -1000 -1000 -10 1
234 73 Car -1 -1 -1 939.96 189.66 1020.04 223.90 -1 -1 -1 -1000 -1000 -1000 -10 1
234 67 Car -1 -1 -1 601.00 175.40 637.23 197.49 -1 -1 -1 -1000 -1000 -1000 -10 1
235 73 Car -1 -1 -1 933.91 189.49 1013.18 224.22 -1 -1 -1 -1000 -1000 -1000 -10 1
235 67 Car -1 -1 -1 600.99 175.39 637.57 197.33 -1 -1 -1 -1000 -1000 -1000 -10 1
236 74 Car -1 -1 -1 1079.73 160.06 1215.81 292.35 -1 -1 -1 -1000 -1000 -1000 -10 1
236 73 Car -1 -1 -1 932.28 189.57 1010.32 224.38 -1 -1 -1 -1000 -1000 -1000 -10 1
236 67 Car -1 -1 -1 600.92 175.46 638.11 197.21 -1 -1 -1 -1000 -1000 -1000 -10 1
237 74 Car -1 -1 -1 1091.65 163.71 1211.71 289.85 -1 -1 -1 -1000 -1000 -1000 -10 1
237 73 Car -1 -1 -1 932.59 189.58 1009.64 224.52 -1 -1 -1 -1000 -1000 -1000 -10 1
237 67 Car -1 -1 -1 600.18 175.28 638.44 197.14 -1 -1 -1 -1000 -1000 -1000 -10 1
238 73 Car -1 -1 -1 932.74 189.41 1009.37 224.54 -1 -1 -1 -1000 -1000 -1000 -10 1
238 67 Car -1 -1 -1 601.85 177.85 638.29 200.89 -1 -1 -1 -1000 -1000 -1000 -10 1
239 73 Car -1 -1 -1 933.44 189.22 1009.84 224.42 -1 -1 -1 -1000 -1000 -1000 -10 1
239 67 Car -1 -1 -1 601.21 178.91 636.10 202.89 -1 -1 -1 -1000 -1000 -1000 -10 1
240 73 Car -1 -1 -1 933.84 189.27 1009.86 224.58 -1 -1 -1 -1000 -1000 -1000 -10 1
240 67 Car -1 -1 -1 601.89 179.05 636.06 204.17 -1 -1 -1 -1000 -1000 -1000 -10 1
241 73 Car -1 -1 -1 934.07 189.24 1009.76 224.57 -1 -1 -1 -1000 -1000 -1000 -10 1
241 67 Car -1 -1 -1 600.38 176.06 635.15 201.12 -1 -1 -1 -1000 -1000 -1000 -10 1
242 73 Car -1 -1 -1 933.62 189.14 1009.39 224.63 -1 -1 -1 -1000 -1000 -1000 -10 1
242 67 Car -1 -1 -1 601.83 178.21 635.66 203.91 -1 -1 -1 -1000 -1000 -1000 -10 1
243 73 Car -1 -1 -1 934.30 189.05 1010.41 224.54 -1 -1 -1 -1000 -1000 -1000 -10 1
244 73 Car -1 -1 -1 934.56 189.01 1010.64 224.55 -1 -1 -1 -1000 -1000 -1000 -10 1
245 73 Car -1 -1 -1 934.33 188.91 1010.67 224.57 -1 -1 -1 -1000 -1000 -1000 -10 1
246 73 Car -1 -1 -1 934.04 188.99 1010.36 224.63 -1 -1 -1 -1000 -1000 -1000 -10 1
247 73 Car -1 -1 -1 933.93 188.90 1010.30 224.59 -1 -1 -1 -1000 -1000 -1000 -10 1
248 73 Car -1 -1 -1 934.31 188.91 1010.64 224.56 -1 -1 -1 -1000 -1000 -1000 -10 1
249 73 Car -1 -1 -1 934.45 188.87 1010.77 224.64 -1 -1 -1 -1000 -1000 -1000 -10 1
250 73 Car -1 -1 -1 934.08 188.96 1010.47 224.73 -1 -1 -1 -1000 -1000 -1000 -10 1
251 73 Car -1 -1 -1 933.81 189.09 1010.32 224.84 -1 -1 -1 -1000 -1000 -1000 -10 1
252 76 Car -1 -1 -1 603.54 175.02 632.59 199.77 -1 -1 -1 -1000 -1000 -1000 -10 1
252 73 Car -1 -1 -1 933.87 189.16 1010.48 224.86 -1 -1 -1 -1000 -1000 -1000 -10 1
253 76 Car -1 -1 -1 602.31 174.31 632.89 198.26 -1 -1 -1 -1000 -1000 -1000 -10 1
253 73 Car -1 -1 -1 934.36 188.86 1010.94 224.51 -1 -1 -1 -1000 -1000 -1000 -10 1
254 76 Car -1 -1 -1 601.69 174.33 632.82 197.52 -1 -1 -1 -1000 -1000 -1000 -10 1
254 73 Car -1 -1 -1 934.30 189.14 1010.95 224.84 -1 -1 -1 -1000 -1000 -1000 -10 1
255 76 Car -1 -1 -1 601.45 174.49 632.76 197.19 -1 -1 -1 -1000 -1000 -1000 -10 1
255 73 Car -1 -1 -1 934.51 189.07 1010.96 224.81 -1 -1 -1 -1000 -1000 -1000 -10 1
256 76 Car -1 -1 -1 601.18 174.43 632.97 197.01 -1 -1 -1 -1000 -1000 -1000 -10 1
256 73 Car -1 -1 -1 934.57 189.01 1011.09 224.75 -1 -1 -1 -1000 -1000 -1000 -10 1
257 76 Car -1 -1 -1 600.76 174.41 633.29 197.25 -1 -1 -1 -1000 -1000 -1000 -10 1
257 73 Car -1 -1 -1 934.67 189.15 1011.08 224.80 -1 -1 -1 -1000 -1000 -1000 -10 1
258 76 Car -1 -1 -1 600.76 174.43 633.53 197.71 -1 -1 -1 -1000 -1000 -1000 -10 1
258 73 Car -1 -1 -1 934.70 188.98 1011.06 224.63 -1 -1 -1 -1000 -1000 -1000 -10 1
259 76 Car -1 -1 -1 601.05 174.48 633.40 197.66 -1 -1 -1 -1000 -1000 -1000 -10 1
259 73 Car -1 -1 -1 934.71 189.01 1011.01 224.61 -1 -1 -1 -1000 -1000 -1000 -10 1
260 76 Car -1 -1 -1 601.50 174.44 633.61 197.53 -1 -1 -1 -1000 -1000 -1000 -10 1
260 73 Car -1 -1 -1 934.66 189.06 1011.07 224.77 -1 -1 -1 -1000 -1000 -1000 -10 1
261 76 Car -1 -1 -1 602.15 175.67 633.43 198.87 -1 -1 -1 -1000 -1000 -1000 -10 1
261 73 Car -1 -1 -1 934.56 189.05 1011.08 224.76 -1 -1 -1 -1000 -1000 -1000 -10 1
262 76 Car -1 -1 -1 603.17 175.98 633.62 199.43 -1 -1 -1 -1000 -1000 -1000 -10 1
262 73 Car -1 -1 -1 934.09 189.14 1010.79 224.95 -1 -1 -1 -1000 -1000 -1000 -10 1
263 76 Car -1 -1 -1 603.07 175.57 633.16 199.44 -1 -1 -1 -1000 -1000 -1000 -10 1
263 73 Car -1 -1 -1 934.31 189.19 1010.91 224.87 -1 -1 -1 -1000 -1000 -1000 -10 1
264 76 Car -1 -1 -1 604.16 175.26 634.30 199.61 -1 -1 -1 -1000 -1000 -1000 -10 1
264 73 Car -1 -1 -1 934.47 189.11 1010.99 224.89 -1 -1 -1 -1000 -1000 -1000 -10 1
265 76 Car -1 -1 -1 604.16 174.56 634.41 199.22 -1 -1 -1 -1000 -1000 -1000 -10 1
265 73 Car -1 -1 -1 934.51 189.03 1011.12 224.85 -1 -1 -1 -1000 -1000 -1000 -10 1
266 76 Car -1 -1 -1 602.50 175.07 632.47 200.04 -1 -1 -1 -1000 -1000 -1000 -10 1
266 73 Car -1 -1 -1 934.67 188.82 1011.09 224.64 -1 -1 -1 -1000 -1000 -1000 -10 1
267 76 Car -1 -1 -1 601.70 175.36 631.35 200.45 -1 -1 -1 -1000 -1000 -1000 -10 1
267 73 Car -1 -1 -1 934.86 188.85 1011.09 224.60 -1 -1 -1 -1000 -1000 -1000 -10 1
268 73 Car -1 -1 -1 934.68 188.92 1010.70 224.68 -1 -1 -1 -1000 -1000 -1000 -10 1
269 77 Car -1 -1 -1 596.10 175.02 623.75 217.87 -1 -1 -1 -1000 -1000 -1000 -10 1
269 73 Car -1 -1 -1 934.65 189.11 1010.76 224.87 -1 -1 -1 -1000 -1000 -1000 -10 1
270 77 Car -1 -1 -1 594.19 175.00 623.68 222.02 -1 -1 -1 -1000 -1000 -1000 -10 1
270 73 Car -1 -1 -1 934.88 188.85 1010.86 224.61 -1 -1 -1 -1000 -1000 -1000 -10 1
271 77 Car -1 -1 -1 595.94 174.43 625.01 224.77 -1 -1 -1 -1000 -1000 -1000 -10 1
271 73 Car -1 -1 -1 934.99 189.02 1010.95 224.75 -1 -1 -1 -1000 -1000 -1000 -10 1
272 77 Car -1 -1 -1 600.61 173.99 628.60 226.57 -1 -1 -1 -1000 -1000 -1000 -10 1
272 73 Car -1 -1 -1 935.06 189.21 1011.06 224.82 -1 -1 -1 -1000 -1000 -1000 -10 1
273 77 Car -1 -1 -1 603.22 172.96 630.71 227.68 -1 -1 -1 -1000 -1000 -1000 -10 1
273 73 Car -1 -1 -1 935.08 189.10 1011.16 224.72 -1 -1 -1 -1000 -1000 -1000 -10 1
274 77 Car -1 -1 -1 604.51 174.27 631.63 230.39 -1 -1 -1 -1000 -1000 -1000 -10 1
274 73 Car -1 -1 -1 935.07 189.01 1011.18 224.67 -1 -1 -1 -1000 -1000 -1000 -10 1
275 77 Car -1 -1 -1 605.32 174.86 631.95 231.66 -1 -1 -1 -1000 -1000 -1000 -10 1
275 73 Car -1 -1 -1 935.28 189.08 1011.38 224.71 -1 -1 -1 -1000 -1000 -1000 -10 1
276 73 Car -1 -1 -1 935.54 189.17 1011.44 224.78 -1 -1 -1 -1000 -1000 -1000 -10 1
277 73 Car -1 -1 -1 935.15 188.99 1011.12 224.68 -1 -1 -1 -1000 -1000 -1000 -10 1
278 73 Car -1 -1 -1 935.08 188.86 1010.97 224.62 -1 -1 -1 -1000 -1000 -1000 -10 1
279 73 Car -1 -1 -1 934.89 188.89 1010.56 224.51 -1 -1 -1 -1000 -1000 -1000 -10 1
280 73 Car -1 -1 -1 935.49 188.92 1010.91 224.52 -1 -1 -1 -1000 -1000 -1000 -10 1
281 73 Car -1 -1 -1 935.39 188.96 1010.86 224.52 -1 -1 -1 -1000 -1000 -1000 -10 1
282 73 Car -1 -1 -1 935.44 189.10 1010.92 224.61 -1 -1 -1 -1000 -1000 -1000 -10 1
283 73 Car -1 -1 -1 935.35 189.07 1010.88 224.56 -1 -1 -1 -1000 -1000 -1000 -10 1
284 73 Car -1 -1 -1 935.35 189.04 1010.96 224.69 -1 -1 -1 -1000 -1000 -1000 -10 1
285 86 Car -1 -1 -1 602.37 174.04 634.17 199.11 -1 -1 -1 -1000 -1000 -1000 -10 1
285 73 Car -1 -1 -1 935.70 188.87 1011.22 224.52 -1 -1 -1 -1000 -1000 -1000 -10 1
286 86 Car -1 -1 -1 602.11 174.12 633.85 199.18 -1 -1 -1 -1000 -1000 -1000 -10 1
286 73 Car -1 -1 -1 935.95 188.90 1011.47 224.48 -1 -1 -1 -1000 -1000 -1000 -10 1
287 86 Car -1 -1 -1 602.52 174.25 634.48 199.53 -1 -1 -1 -1000 -1000 -1000 -10 1
287 73 Car -1 -1 -1 936.19 188.87 1011.32 224.49 -1 -1 -1 -1000 -1000 -1000 -10 1
288 86 Car -1 -1 -1 604.61 174.84 636.65 200.11 -1 -1 -1 -1000 -1000 -1000 -10 1
288 73 Car -1 -1 -1 936.18 188.85 1011.02 224.47 -1 -1 -1 -1000 -1000 -1000 -10 1
289 86 Car -1 -1 -1 604.82 175.96 636.56 201.06 -1 -1 -1 -1000 -1000 -1000 -10 1
289 73 Car -1 -1 -1 936.73 188.68 1011.31 224.29 -1 -1 -1 -1000 -1000 -1000 -10 1
290 86 Car -1 -1 -1 602.91 174.87 634.45 199.98 -1 -1 -1 -1000 -1000 -1000 -10 1
290 73 Car -1 -1 -1 936.52 188.66 1011.20 224.40 -1 -1 -1 -1000 -1000 -1000 -10 1
291 86 Car -1 -1 -1 602.17 174.56 633.56 199.65 -1 -1 -1 -1000 -1000 -1000 -10 1
291 73 Car -1 -1 -1 937.03 188.61 1011.60 224.32 -1 -1 -1 -1000 -1000 -1000 -10 1
292 86 Car -1 -1 -1 602.64 174.34 633.84 199.35 -1 -1 -1 -1000 -1000 -1000 -10 1
292 73 Car -1 -1 -1 936.88 188.74 1011.63 224.39 -1 -1 -1 -1000 -1000 -1000 -10 1
293 86 Car -1 -1 -1 601.96 177.51 631.77 202.15 -1 -1 -1 -1000 -1000 -1000 -10 1
293 73 Car -1 -1 -1 937.32 188.75 1011.71 224.32 -1 -1 -1 -1000 -1000 -1000 -10 1
294 86 Car -1 -1 -1 602.58 175.26 632.73 199.45 -1 -1 -1 -1000 -1000 -1000 -10 1
294 73 Car -1 -1 -1 937.29 188.66 1011.66 224.18 -1 -1 -1 -1000 -1000 -1000 -10 1
295 86 Car -1 -1 -1 604.23 175.12 634.46 199.21 -1 -1 -1 -1000 -1000 -1000 -10 1
295 73 Car -1 -1 -1 936.91 188.69 1011.26 224.24 -1 -1 -1 -1000 -1000 -1000 -10 1
296 86 Car -1 -1 -1 604.23 174.96 634.28 198.82 -1 -1 -1 -1000 -1000 -1000 -10 1
296 73 Car -1 -1 -1 936.63 188.87 1011.18 224.43 -1 -1 -1 -1000 -1000 -1000 -10 1
297 86 Car -1 -1 -1 604.34 175.26 633.99 198.86 -1 -1 -1 -1000 -1000 -1000 -10 1
297 73 Car -1 -1 -1 936.73 188.83 1011.25 224.42 -1 -1 -1 -1000 -1000 -1000 -10 1
298 86 Car -1 -1 -1 604.18 175.67 633.31 199.03 -1 -1 -1 -1000 -1000 -1000 -10 1
298 73 Car -1 -1 -1 936.93 188.76 1011.57 224.42 -1 -1 -1 -1000 -1000 -1000 -10 1
299 73 Car -1 -1 -1 937.10 188.85 1011.84 224.46 -1 -1 -1 -1000 -1000 -1000 -10 1
300 73 Car -1 -1 -1 936.70 189.01 1011.41 224.50 -1 -1 -1 -1000 -1000 -1000 -10 1
301 73 Car -1 -1 -1 937.26 189.07 1011.97 224.38 -1 -1 -1 -1000 -1000 -1000 -10 1
302 86 Car -1 -1 -1 604.39 175.69 632.83 199.88 -1 -1 -1 -1000 -1000 -1000 -10 1
302 73 Car -1 -1 -1 937.24 189.42 1012.02 224.58 -1 -1 -1 -1000 -1000 -1000 -10 1
303 86 Car -1 -1 -1 603.92 175.63 632.48 200.45 -1 -1 -1 -1000 -1000 -1000 -10 1
303 73 Car -1 -1 -1 936.70 189.27 1011.98 224.38 -1 -1 -1 -1000 -1000 -1000 -10 1
304 86 Car -1 -1 -1 604.11 174.52 633.45 199.21 -1 -1 -1 -1000 -1000 -1000 -10 1
304 73 Car -1 -1 -1 936.86 188.75 1012.61 223.82 -1 -1 -1 -1000 -1000 -1000 -10 1
305 86 Car -1 -1 -1 604.05 174.23 633.63 198.59 -1 -1 -1 -1000 -1000 -1000 -10 1
305 73 Car -1 -1 -1 937.28 188.52 1013.07 223.56 -1 -1 -1 -1000 -1000 -1000 -10 1
306 86 Car -1 -1 -1 604.13 174.29 633.74 198.39 -1 -1 -1 -1000 -1000 -1000 -10 1
306 73 Car -1 -1 -1 934.59 187.87 1011.46 223.08 -1 -1 -1 -1000 -1000 -1000 -10 1
307 86 Car -1 -1 -1 603.95 174.99 633.30 199.21 -1 -1 -1 -1000 -1000 -1000 -10 1
307 73 Car -1 -1 -1 932.77 187.69 1010.04 223.00 -1 -1 -1 -1000 -1000 -1000 -10 1
308 86 Car -1 -1 -1 603.89 174.75 633.42 198.44 -1 -1 -1 -1000 -1000 -1000 -10 1
308 73 Car -1 -1 -1 933.03 187.63 1010.39 222.55 -1 -1 -1 -1000 -1000 -1000 -10 1
309 86 Car -1 -1 -1 603.94 174.64 633.51 197.95 -1 -1 -1 -1000 -1000 -1000 -10 1
309 73 Car -1 -1 -1 932.23 188.48 1009.62 223.57 -1 -1 -1 -1000 -1000 -1000 -10 1
310 95 Car -1 -1 -1 589.60 184.51 618.35 215.24 -1 -1 -1 -1000 -1000 -1000 -10 1
310 86 Car -1 -1 -1 603.57 175.77 632.44 199.08 -1 -1 -1 -1000 -1000 -1000 -10 1
310 73 Car -1 -1 -1 932.39 188.58 1009.64 223.83 -1 -1 -1 -1000 -1000 -1000 -10 1
311 95 Car -1 -1 -1 591.52 184.02 620.25 215.62 -1 -1 -1 -1000 -1000 -1000 -10 1
311 86 Car -1 -1 -1 603.79 176.02 632.42 199.42 -1 -1 -1 -1000 -1000 -1000 -10 1
311 73 Car -1 -1 -1 929.96 188.70 1008.67 225.00 -1 -1 -1 -1000 -1000 -1000 -10 1
312 95 Car -1 -1 -1 587.27 183.55 615.93 217.49 -1 -1 -1 -1000 -1000 -1000 -10 1
312 86 Car -1 -1 -1 603.24 176.30 631.18 199.76 -1 -1 -1 -1000 -1000 -1000 -10 1
312 73 Car -1 -1 -1 927.97 188.61 1007.74 225.34 -1 -1 -1 -1000 -1000 -1000 -10 1
313 95 Car -1 -1 -1 580.20 181.44 608.53 217.67 -1 -1 -1 -1000 -1000 -1000 -10 1
313 73 Car -1 -1 -1 929.91 189.26 1009.04 225.86 -1 -1 -1 -1000 -1000 -1000 -10 1
314 95 Car -1 -1 -1 569.87 180.36 597.68 219.00 -1 -1 -1 -1000 -1000 -1000 -10 1
315 95 Car -1 -1 -1 567.64 179.55 594.34 219.42 -1 -1 -1 -1000 -1000 -1000 -10 1
316 95 Car -1 -1 -1 565.79 177.85 591.21 218.25 -1 -1 -1 -1000 -1000 -1000 -10 1
317 95 Car -1 -1 -1 565.93 177.12 591.14 219.24 -1 -1 -1 -1000 -1000 -1000 -10 1
318 98 Car -1 -1 -1 602.16 175.96 630.48 200.84 -1 -1 -1 -1000 -1000 -1000 -10 1
319 98 Car -1 -1 -1 601.38 175.80 630.09 200.80 -1 -1 -1 -1000 -1000 -1000 -10 1
320 99 Car -1 -1 -1 924.59 183.63 1014.46 256.45 -1 -1 -1 -1000 -1000 -1000 -10 1
320 98 Car -1 -1 -1 600.92 175.59 629.78 200.51 -1 -1 -1 -1000 -1000 -1000 -10 1
321 99 Car -1 -1 -1 932.33 184.84 1020.96 255.38 -1 -1 -1 -1000 -1000 -1000 -10 1
321 98 Car -1 -1 -1 600.89 175.66 629.99 200.30 -1 -1 -1 -1000 -1000 -1000 -10 1
322 98 Car -1 -1 -1 600.77 175.69 630.33 200.44 -1 -1 -1 -1000 -1000 -1000 -10 1
323 101 Car -1 -1 -1 582.32 176.06 603.11 212.51 -1 -1 -1 -1000 -1000 -1000 -10 1
323 98 Car -1 -1 -1 600.72 175.73 630.77 200.61 -1 -1 -1 -1000 -1000 -1000 -10 1
324 101 Car -1 -1 -1 585.04 176.15 605.71 210.67 -1 -1 -1 -1000 -1000 -1000 -10 1
324 98 Car -1 -1 -1 600.89 175.68 631.34 200.58 -1 -1 -1 -1000 -1000 -1000 -10 1
325 101 Car -1 -1 -1 586.83 176.22 607.66 210.41 -1 -1 -1 -1000 -1000 -1000 -10 1
325 98 Car -1 -1 -1 601.09 175.79 631.67 200.74 -1 -1 -1 -1000 -1000 -1000 -10 1
326 101 Car -1 -1 -1 583.02 176.35 604.32 211.84 -1 -1 -1 -1000 -1000 -1000 -10 1
326 98 Car -1 -1 -1 600.70 175.94 631.57 200.97 -1 -1 -1 -1000 -1000 -1000 -10 1
327 102 Car -1 -1 -1 938.64 189.85 1008.83 225.50 -1 -1 -1 -1000 -1000 -1000 -10 1
327 98 Car -1 -1 -1 600.24 175.99 631.44 201.23 -1 -1 -1 -1000 -1000 -1000 -10 1
328 102 Car -1 -1 -1 936.28 188.05 1008.33 223.53 -1 -1 -1 -1000 -1000 -1000 -10 1
328 98 Car -1 -1 -1 600.02 175.84 631.31 201.10 -1 -1 -1 -1000 -1000 -1000 -10 1
329 102 Car -1 -1 -1 943.00 188.08 1017.68 224.10 -1 -1 -1 -1000 -1000 -1000 -10 1
329 98 Car -1 -1 -1 599.75 175.82 630.93 201.10 -1 -1 -1 -1000 -1000 -1000 -10 1
330 102 Car -1 -1 -1 949.95 187.91 1029.67 224.46 -1 -1 -1 -1000 -1000 -1000 -10 1
330 101 Car -1 -1 -1 591.33 175.87 612.69 212.44 -1 -1 -1 -1000 -1000 -1000 -10 1
330 98 Car -1 -1 -1 600.08 175.94 631.03 201.14 -1 -1 -1 -1000 -1000 -1000 -10 1
331 102 Car -1 -1 -1 948.62 186.76 1031.66 223.18 -1 -1 -1 -1000 -1000 -1000 -10 1
331 101 Car -1 -1 -1 593.04 176.43 614.70 212.69 -1 -1 -1 -1000 -1000 -1000 -10 1
331 98 Car -1 -1 -1 600.51 176.07 631.18 201.19 -1 -1 -1 -1000 -1000 -1000 -10 1
332 102 Car -1 -1 -1 937.80 188.04 1018.10 223.58 -1 -1 -1 -1000 -1000 -1000 -10 1
332 101 Car -1 -1 -1 590.70 176.44 612.55 212.75 -1 -1 -1 -1000 -1000 -1000 -10 1
333 102 Car -1 -1 -1 934.60 189.08 1013.45 224.06 -1 -1 -1 -1000 -1000 -1000 -10 1
333 101 Car -1 -1 -1 588.41 176.24 610.55 212.07 -1 -1 -1 -1000 -1000 -1000 -10 1
334 102 Car -1 -1 -1 933.83 189.29 1011.99 224.00 -1 -1 -1 -1000 -1000 -1000 -10 1
334 101 Car -1 -1 -1 586.72 177.20 608.98 212.37 -1 -1 -1 -1000 -1000 -1000 -10 1
335 102 Car -1 -1 -1 933.77 189.45 1011.10 223.96 -1 -1 -1 -1000 -1000 -1000 -10 1
335 101 Car -1 -1 -1 589.49 176.77 612.20 210.96 -1 -1 -1 -1000 -1000 -1000 -10 1
336 102 Car -1 -1 -1 933.61 189.72 1010.32 224.33 -1 -1 -1 -1000 -1000 -1000 -10 1
336 101 Car -1 -1 -1 592.84 176.27 615.92 209.52 -1 -1 -1 -1000 -1000 -1000 -10 1
337 102 Car -1 -1 -1 933.63 189.83 1010.12 224.34 -1 -1 -1 -1000 -1000 -1000 -10 1
337 101 Car -1 -1 -1 593.45 176.28 616.24 209.26 -1 -1 -1 -1000 -1000 -1000 -10 1
338 102 Car -1 -1 -1 933.74 189.89 1010.19 224.44 -1 -1 -1 -1000 -1000 -1000 -10 1
338 101 Car -1 -1 -1 596.21 177.18 618.88 209.40 -1 -1 -1 -1000 -1000 -1000 -10 1
339 102 Car -1 -1 -1 934.23 189.74 1010.62 224.39 -1 -1 -1 -1000 -1000 -1000 -10 1
339 101 Car -1 -1 -1 597.52 178.00 620.63 209.69 -1 -1 -1 -1000 -1000 -1000 -10 1
340 102 Car -1 -1 -1 934.26 189.63 1010.92 224.42 -1 -1 -1 -1000 -1000 -1000 -10 1
340 101 Car -1 -1 -1 599.42 178.57 623.35 209.97 -1 -1 -1 -1000 -1000 -1000 -10 1
341 102 Car -1 -1 -1 934.88 189.64 1011.28 224.45 -1 -1 -1 -1000 -1000 -1000 -10 1
341 101 Car -1 -1 -1 600.19 178.92 624.93 210.02 -1 -1 -1 -1000 -1000 -1000 -10 1
342 102 Car -1 -1 -1 934.94 189.51 1011.31 224.35 -1 -1 -1 -1000 -1000 -1000 -10 1
342 101 Car -1 -1 -1 599.55 179.58 624.98 210.53 -1 -1 -1 -1000 -1000 -1000 -10 1
343 102 Car -1 -1 -1 934.83 189.42 1011.31 224.43 -1 -1 -1 -1000 -1000 -1000 -10 1
344 102 Car -1 -1 -1 934.82 189.47 1011.21 224.43 -1 -1 -1 -1000 -1000 -1000 -10 1
345 102 Car -1 -1 -1 934.33 189.58 1010.65 224.53 -1 -1 -1 -1000 -1000 -1000 -10 1
346 102 Car -1 -1 -1 934.72 189.50 1011.11 224.46 -1 -1 -1 -1000 -1000 -1000 -10 1
346 101 Car -1 -1 -1 605.46 176.39 632.78 202.19 -1 -1 -1 -1000 -1000 -1000 -10 1
347 102 Car -1 -1 -1 935.30 189.29 1011.49 224.35 -1 -1 -1 -1000 -1000 -1000 -10 1
347 101 Car -1 -1 -1 606.05 176.30 633.46 201.63 -1 -1 -1 -1000 -1000 -1000 -10 1
348 102 Car -1 -1 -1 935.48 189.34 1011.56 224.50 -1 -1 -1 -1000 -1000 -1000 -10 1
348 101 Car -1 -1 -1 605.62 176.22 633.04 201.33 -1 -1 -1 -1000 -1000 -1000 -10 1
349 102 Car -1 -1 -1 935.47 189.39 1011.59 224.58 -1 -1 -1 -1000 -1000 -1000 -10 1
350 102 Car -1 -1 -1 935.24 189.22 1011.49 224.47 -1 -1 -1 -1000 -1000 -1000 -10 1
351 102 Car -1 -1 -1 935.73 189.17 1011.94 224.38 -1 -1 -1 -1000 -1000 -1000 -10 1
352 102 Car -1 -1 -1 936.35 189.23 1012.46 224.34 -1 -1 -1 -1000 -1000 -1000 -10 1
352 101 Car -1 -1 -1 606.85 178.55 634.40 204.48 -1 -1 -1 -1000 -1000 -1000 -10 1
353 102 Car -1 -1 -1 936.67 189.41 1012.68 224.49 -1 -1 -1 -1000 -1000 -1000 -10 1
353 101 Car -1 -1 -1 602.96 180.84 630.39 210.22 -1 -1 -1 -1000 -1000 -1000 -10 1
354 102 Car -1 -1 -1 937.25 189.49 1013.10 224.45 -1 -1 -1 -1000 -1000 -1000 -10 1
354 101 Car -1 -1 -1 600.85 179.97 628.17 212.16 -1 -1 -1 -1000 -1000 -1000 -10 1
355 102 Car -1 -1 -1 937.61 189.56 1013.23 224.42 -1 -1 -1 -1000 -1000 -1000 -10 1
355 101 Car -1 -1 -1 595.24 179.41 623.65 215.54 -1 -1 -1 -1000 -1000 -1000 -10 1
356 102 Car -1 -1 -1 937.50 189.40 1012.85 224.29 -1 -1 -1 -1000 -1000 -1000 -10 1
356 101 Car -1 -1 -1 599.50 177.37 627.52 213.00 -1 -1 -1 -1000 -1000 -1000 -10 1
357 102 Car -1 -1 -1 937.51 189.33 1012.63 224.22 -1 -1 -1 -1000 -1000 -1000 -10 1
357 101 Car -1 -1 -1 592.77 177.38 622.16 217.44 -1 -1 -1 -1000 -1000 -1000 -10 1
358 102 Car -1 -1 -1 937.11 189.33 1012.29 224.31 -1 -1 -1 -1000 -1000 -1000 -10 1
358 101 Car -1 -1 -1 587.17 175.77 616.92 220.39 -1 -1 -1 -1000 -1000 -1000 -10 1
359 102 Car -1 -1 -1 936.80 189.55 1012.08 224.46 -1 -1 -1 -1000 -1000 -1000 -10 1
359 101 Car -1 -1 -1 595.13 176.77 623.33 223.54 -1 -1 -1 -1000 -1000 -1000 -10 1
360 102 Car -1 -1 -1 937.29 189.76 1012.38 224.58 -1 -1 -1 -1000 -1000 -1000 -10 1
360 101 Car -1 -1 -1 603.32 178.18 630.56 226.46 -1 -1 -1 -1000 -1000 -1000 -10 1
361 102 Car -1 -1 -1 938.04 189.61 1012.68 224.32 -1 -1 -1 -1000 -1000 -1000 -10 1
362 102 Car -1 -1 -1 937.99 189.69 1012.43 224.33 -1 -1 -1 -1000 -1000 -1000 -10 1
363 102 Car -1 -1 -1 937.58 189.87 1012.01 224.46 -1 -1 -1 -1000 -1000 -1000 -10 1
364 102 Car -1 -1 -1 937.90 190.00 1012.16 224.54 -1 -1 -1 -1000 -1000 -1000 -10 1
365 102 Car -1 -1 -1 937.72 190.19 1012.06 224.70 -1 -1 -1 -1000 -1000 -1000 -10 1
366 102 Car -1 -1 -1 937.23 190.26 1011.71 224.76 -1 -1 -1 -1000 -1000 -1000 -10 1
367 102 Car -1 -1 -1 937.76 190.22 1012.06 224.72 -1 -1 -1 -1000 -1000 -1000 -10 1
368 102 Car -1 -1 -1 937.53 190.20 1011.88 224.87 -1 -1 -1 -1000 -1000 -1000 -10 1
369 102 Car -1 -1 -1 937.28 190.18 1011.81 224.92 -1 -1 -1 -1000 -1000 -1000 -10 1
370 102 Car -1 -1 -1 938.08 190.02 1012.25 224.74 -1 -1 -1 -1000 -1000 -1000 -10 1
371 102 Car -1 -1 -1 937.96 189.95 1011.96 224.78 -1 -1 -1 -1000 -1000 -1000 -10 1
372 102 Car -1 -1 -1 937.57 190.14 1011.58 224.95 -1 -1 -1 -1000 -1000 -1000 -10 1
373 102 Car -1 -1 -1 937.52 190.17 1011.59 224.82 -1 -1 -1 -1000 -1000 -1000 -10 1
374 102 Car -1 -1 -1 937.69 190.40 1011.74 224.96 -1 -1 -1 -1000 -1000 -1000 -10 1
375 102 Car -1 -1 -1 937.23 190.45 1011.32 224.97 -1 -1 -1 -1000 -1000 -1000 -10 1
376 102 Car -1 -1 -1 936.32 190.26 1010.72 224.92 -1 -1 -1 -1000 -1000 -1000 -10 1
377 109 Car -1 -1 -1 602.82 174.42 636.76 198.22 -1 -1 -1 -1000 -1000 -1000 -10 1
377 102 Car -1 -1 -1 936.92 189.98 1011.34 224.68 -1 -1 -1 -1000 -1000 -1000 -10 1
378 109 Car -1 -1 -1 602.94 174.94 636.78 198.12 -1 -1 -1 -1000 -1000 -1000 -10 1
378 102 Car -1 -1 -1 936.95 189.85 1011.44 224.57 -1 -1 -1 -1000 -1000 -1000 -10 1
379 109 Car -1 -1 -1 602.27 175.44 636.42 198.36 -1 -1 -1 -1000 -1000 -1000 -10 1
379 102 Car -1 -1 -1 937.33 189.89 1011.84 224.61 -1 -1 -1 -1000 -1000 -1000 -10 1
380 109 Car -1 -1 -1 602.23 175.91 635.29 198.94 -1 -1 -1 -1000 -1000 -1000 -10 1
380 102 Car -1 -1 -1 937.31 189.60 1011.83 224.42 -1 -1 -1 -1000 -1000 -1000 -10 1
381 109 Car -1 -1 -1 601.21 175.87 633.47 198.98 -1 -1 -1 -1000 -1000 -1000 -10 1
381 102 Car -1 -1 -1 937.17 189.43 1011.84 224.33 -1 -1 -1 -1000 -1000 -1000 -10 1
382 109 Car -1 -1 -1 600.96 175.87 632.99 199.29 -1 -1 -1 -1000 -1000 -1000 -10 1
382 102 Car -1 -1 -1 937.75 189.39 1012.02 224.23 -1 -1 -1 -1000 -1000 -1000 -10 1
383 109 Car -1 -1 -1 600.92 175.74 632.69 199.29 -1 -1 -1 -1000 -1000 -1000 -10 1
383 102 Car -1 -1 -1 937.50 189.41 1011.62 224.29 -1 -1 -1 -1000 -1000 -1000 -10 1
384 109 Car -1 -1 -1 601.30 175.64 633.22 199.40 -1 -1 -1 -1000 -1000 -1000 -10 1
384 102 Car -1 -1 -1 937.97 189.40 1011.89 224.19 -1 -1 -1 -1000 -1000 -1000 -10 1
385 109 Car -1 -1 -1 601.01 175.51 632.95 199.45 -1 -1 -1 -1000 -1000 -1000 -10 1
385 102 Car -1 -1 -1 938.29 189.36 1012.04 224.23 -1 -1 -1 -1000 -1000 -1000 -10 1
386 109 Car -1 -1 -1 600.77 175.22 633.09 198.54 -1 -1 -1 -1000 -1000 -1000 -10 1
386 102 Car -1 -1 -1 938.06 189.43 1011.67 224.24 -1 -1 -1 -1000 -1000 -1000 -10 1
387 109 Car -1 -1 -1 600.80 175.26 633.47 198.15 -1 -1 -1 -1000 -1000 -1000 -10 1
387 102 Car -1 -1 -1 938.23 189.45 1012.00 224.29 -1 -1 -1 -1000 -1000 -1000 -10 1
388 109 Car -1 -1 -1 600.77 175.41 633.83 198.06 -1 -1 -1 -1000 -1000 -1000 -10 1
388 102 Car -1 -1 -1 937.86 189.42 1011.64 224.36 -1 -1 -1 -1000 -1000 -1000 -10 1
389 109 Car -1 -1 -1 600.48 175.35 634.24 198.01 -1 -1 -1 -1000 -1000 -1000 -10 1
389 102 Car -1 -1 -1 937.56 189.24 1011.47 224.33 -1 -1 -1 -1000 -1000 -1000 -10 1
390 109 Car -1 -1 -1 600.71 175.39 634.89 197.95 -1 -1 -1 -1000 -1000 -1000 -10 1
390 102 Car -1 -1 -1 937.88 189.10 1011.72 224.18 -1 -1 -1 -1000 -1000 -1000 -10 1
391 109 Car -1 -1 -1 600.51 175.48 635.17 197.92 -1 -1 -1 -1000 -1000 -1000 -10 1
391 102 Car -1 -1 -1 938.01 189.18 1011.80 224.11 -1 -1 -1 -1000 -1000 -1000 -10 1
392 109 Car -1 -1 -1 600.62 175.58 635.52 197.87 -1 -1 -1 -1000 -1000 -1000 -10 1
392 102 Car -1 -1 -1 936.88 189.37 1010.85 224.32 -1 -1 -1 -1000 -1000 -1000 -10 1
393 109 Car -1 -1 -1 600.52 175.63 635.51 197.86 -1 -1 -1 -1000 -1000 -1000 -10 1
393 102 Car -1 -1 -1 937.48 189.31 1011.32 224.20 -1 -1 -1 -1000 -1000 -1000 -10 1
394 109 Car -1 -1 -1 600.44 175.64 635.17 197.72 -1 -1 -1 -1000 -1000 -1000 -10 1
394 102 Car -1 -1 -1 937.36 189.13 1011.29 223.96 -1 -1 -1 -1000 -1000 -1000 -10 1
395 109 Car -1 -1 -1 600.14 175.55 634.60 197.62 -1 -1 -1 -1000 -1000 -1000 -10 1
395 102 Car -1 -1 -1 936.98 189.08 1011.42 224.04 -1 -1 -1 -1000 -1000 -1000 -10 1
396 109 Car -1 -1 -1 599.54 175.56 633.86 197.56 -1 -1 -1 -1000 -1000 -1000 -10 1
396 102 Car -1 -1 -1 936.37 189.03 1011.38 224.10 -1 -1 -1 -1000 -1000 -1000 -10 1
397 109 Car -1 -1 -1 599.44 175.61 633.57 197.47 -1 -1 -1 -1000 -1000 -1000 -10 1
397 102 Car -1 -1 -1 936.42 189.15 1011.70 224.34 -1 -1 -1 -1000 -1000 -1000 -10 1
