0 4 Car -1 -1 -1 594.90 170.90 622.44 207.59 -1 -1 -1 -1000 -1000 -1000 -10 1
0 3 Car -1 -1 -1 953.15 182.51 1071.76 232.97 -1 -1 -1 -1000 -1000 -1000 -10 1
0 2 Car -1 -1 -1 1092.05 183.87 1229.20 231.98 -1 -1 -1 -1000 -1000 -1000 -10 1
0 1 Car -1 -1 -1 1030.42 185.56 1161.28 228.02 -1 -1 -1 -1000 -1000 -1000 -10 1
1 4 Car -1 -1 -1 596.32 170.62 623.50 206.26 -1 -1 -1 -1000 -1000 -1000 -10 1
1 3 Car -1 -1 -1 961.20 180.70 1070.67 229.04 -1 -1 -1 -1000 -1000 -1000 -10 1
1 2 Car -1 -1 -1 1094.32 183.69 1221.67 230.13 -1 -1 -1 -1000 -1000 -1000 -10 1
1 1 Car -1 -1 -1 1030.78 185.64 1160.85 227.80 -1 -1 -1 -1000 -1000 -1000 -10 1
2 4 Car -1 -1 -1 598.29 170.80 626.36 205.35 -1 -1 -1 -1000 -1000 -1000 -10 1
2 3 Car -1 -1 -1 965.12 182.82 1072.60 226.96 -1 -1 -1 -1000 -1000 -1000 -10 1
2 2 Car -1 -1 -1 1093.41 183.71 1227.10 231.54 -1 -1 -1 -1000 -1000 -1000 -10 1
2 1 Car -1 -1 -1 1030.91 185.50 1161.62 227.54 -1 -1 -1 -1000 -1000 -1000 -10 1
3 4 Car -1 -1 -1 598.26 170.82 626.77 205.18 -1 -1 -1 -1000 -1000 -1000 -10 1
3 3 Car -1 -1 -1 965.94 183.80 1072.82 226.28 -1 -1 -1 -1000 -1000 -1000 -10 1
3 2 Car -1 -1 -1 1094.24 183.89 1225.17 231.46 -1 -1 -1 -1000 -1000 -1000 -10 1
3 1 Car -1 -1 -1 1030.77 185.54 1161.42 227.28 -1 -1 -1 -1000 -1000 -1000 -10 1
4 4 Car -1 -1 -1 597.45 171.28 624.60 204.72 -1 -1 -1 -1000 -1000 -1000 -10 1
4 3 Car -1 -1 -1 964.54 181.62 1070.05 224.49 -1 -1 -1 -1000 -1000 -1000 -10 1
4 2 Car -1 -1 -1 1094.70 183.70 1224.25 231.28 -1 -1 -1 -1000 -1000 -1000 -10 1
4 1 Car -1 -1 -1 1030.85 185.59 1161.50 227.09 -1 -1 -1 -1000 -1000 -1000 -10 1
5 4 Car -1 -1 -1 593.99 170.41 619.44 203.02 -1 -1 -1 -1000 -1000 -1000 -10 1
5 3 Car -1 -1 -1 965.13 183.33 1071.31 225.67 -1 -1 -1 -1000 -1000 -1000 -10 1
5 2 Car -1 -1 -1 1094.02 183.49 1227.05 231.57 -1 -1 -1 -1000 -1000 -1000 -10 1
5 1 Car -1 -1 -1 1030.58 185.70 1161.32 227.13 -1 -1 -1 -1000 -1000 -1000 -10 1
6 4 Car -1 -1 -1 598.72 170.73 629.25 203.08 -1 -1 -1 -1000 -1000 -1000 -10 1
6 3 Car -1 -1 -1 965.19 183.92 1072.02 226.01 -1 -1 -1 -1000 -1000 -1000 -10 1
6 2 Car -1 -1 -1 1094.10 183.46 1229.11 231.76 -1 -1 -1 -1000 -1000 -1000 -10 1
6 1 Car -1 -1 -1 1030.49 185.74 1161.43 227.15 -1 -1 -1 -1000 -1000 -1000 -10 1
7 4 Car -1 -1 -1 594.85 170.46 623.68 203.03 -1 -1 -1 -1000 -1000 -1000 -10 1
7 3 Car -1 -1 -1 965.18 184.13 1072.12 226.03 -1 -1 -1 -1000 -1000 -1000 -10 1
7 2 Car -1 -1 -1 1091.09 183.50 1230.20 232.46 -1 -1 -1 -1000 -1000 -1000 -10 1
7 1 Car -1 -1 -1 1030.06 186.00 1161.34 227.71 -1 -1 -1 -1000 -1000 -1000 -10 1
8 3 Car -1 -1 -1 964.68 184.35 1072.67 226.19 -1 -1 -1 -1000 -1000 -1000 -10 1
8 2 Car -1 -1 -1 1090.37 189.93 1230.38 241.14 -1 -1 -1 -1000 -1000 -1000 -10 1
8 1 Car -1 -1 -1 1029.15 185.74 1161.96 228.34 -1 -1 -1 -1000 -1000 -1000 -10 1
9 3 Car -1 -1 -1 960.24 185.51 1067.52 228.60 -1 -1 -1 -1000 -1000 -1000 -10 1
9 2 Car -1 -1 -1 1090.15 186.40 1228.27 236.07 -1 -1 -1 -1000 -1000 -1000 -10 1
9 1 Car -1 -1 -1 1028.71 188.12 1163.44 233.32 -1 -1 -1 -1000 -1000 -1000 -10 1
10 3 Car -1 -1 -1 973.10 184.63 1069.67 226.18 -1 -1 -1 -1000 -1000 -1000 -10 1
13 2 Car -1 -1 -1 1092.54 183.31 1221.87 232.66 -1 -1 -1 -1000 -1000 -1000 -10 1
13 1 Car -1 -1 -1 1023.49 185.36 1166.62 235.93 -1 -1 -1 -1000 -1000 -1000 -10 1
14 2 Car -1 -1 -1 1092.61 182.93 1222.13 232.38 -1 -1 -1 -1000 -1000 -1000 -10 1
14 1 Car -1 -1 -1 1025.64 184.14 1164.79 232.19 -1 -1 -1 -1000 -1000 -1000 -10 1
15 7 Car -1 -1 -1 596.38 172.28 636.75 202.72 -1 -1 -1 -1000 -1000 -1000 -10 1
15 2 Car -1 -1 -1 1093.75 183.08 1225.64 232.21 -1 -1 -1 -1000 -1000 -1000 -10 1
15 1 Car -1 -1 -1 1027.37 183.93 1164.23 230.08 -1 -1 -1 -1000 -1000 -1000 -10 1
16 9 Car -1 -1 -1 963.60 183.25 1075.46 227.30 -1 -1 -1 -1000 -1000 -1000 -10 1
16 7 Car -1 -1 -1 603.25 173.92 640.76 203.48 -1 -1 -1 -1000 -1000 -1000 -10 1
16 2 Car -1 -1 -1 1093.59 183.18 1227.34 231.97 -1 -1 -1 -1000 -1000 -1000 -10 1
16 1 Car -1 -1 -1 1028.62 184.23 1163.39 228.97 -1 -1 -1 -1000 -1000 -1000 -10 1
17 9 Car -1 -1 -1 962.85 183.48 1075.62 227.18 -1 -1 -1 -1000 -1000 -1000 -10 1
17 7 Car -1 -1 -1 600.52 172.91 638.52 202.49 -1 -1 -1 -1000 -1000 -1000 -10 1
17 2 Car -1 -1 -1 1093.33 183.33 1228.03 231.89 -1 -1 -1 -1000 -1000 -1000 -10 1
17 1 Car -1 -1 -1 1029.29 184.60 1162.85 228.36 -1 -1 -1 -1000 -1000 -1000 -10 1
18 9 Car -1 -1 -1 961.46 181.53 1072.84 225.52 -1 -1 -1 -1000 -1000 -1000 -10 1
18 7 Car -1 -1 -1 599.12 172.57 637.87 202.19 -1 -1 -1 -1000 -1000 -1000 -10 1
18 2 Car -1 -1 -1 1093.08 183.40 1228.64 231.86 -1 -1 -1 -1000 -1000 -1000 -10 1
18 1 Car -1 -1 -1 1029.96 184.92 1162.60 227.88 -1 -1 -1 -1000 -1000 -1000 -10 1
19 9 Car -1 -1 -1 962.20 182.85 1074.02 226.19 -1 -1 -1 -1000 -1000 -1000 -10 1
19 7 Car -1 -1 -1 598.96 172.46 637.96 201.96 -1 -1 -1 -1000 -1000 -1000 -10 1
19 2 Car -1 -1 -1 1092.90 183.45 1228.87 231.77 -1 -1 -1 -1000 -1000 -1000 -10 1
19 1 Car -1 -1 -1 1030.26 185.11 1162.28 227.51 -1 -1 -1 -1000 -1000 -1000 -10 1
20 9 Car -1 -1 -1 962.26 183.37 1074.39 226.31 -1 -1 -1 -1000 -1000 -1000 -10 1
20 7 Car -1 -1 -1 598.79 172.18 637.97 201.85 -1 -1 -1 -1000 -1000 -1000 -10 1
20 2 Car -1 -1 -1 1092.65 183.51 1229.02 231.79 -1 -1 -1 -1000 -1000 -1000 -10 1
20 1 Car -1 -1 -1 1030.32 185.33 1161.95 227.35 -1 -1 -1 -1000 -1000 -1000 -10 1
21 9 Car -1 -1 -1 960.82 181.66 1071.83 225.11 -1 -1 -1 -1000 -1000 -1000 -10 1
21 7 Car -1 -1 -1 599.12 172.15 638.81 202.38 -1 -1 -1 -1000 -1000 -1000 -10 1
21 2 Car -1 -1 -1 1092.54 183.55 1229.26 231.80 -1 -1 -1 -1000 -1000 -1000 -10 1
21 1 Car -1 -1 -1 1030.46 185.46 1161.64 227.21 -1 -1 -1 -1000 -1000 -1000 -10 1
22 9 Car -1 -1 -1 961.46 182.92 1073.12 226.05 -1 -1 -1 -1000 -1000 -1000 -10 1
22 7 Car -1 -1 -1 603.15 175.06 649.13 210.23 -1 -1 -1 -1000 -1000 -1000 -10 1
22 2 Car -1 -1 -1 1092.16 183.54 1229.21 231.75 -1 -1 -1 -1000 -1000 -1000 -10 1
22 1 Car -1 -1 -1 1030.46 185.56 1161.37 227.13 -1 -1 -1 -1000 -1000 -1000 -10 1
23 9 Car -1 -1 -1 962.02 183.53 1073.96 226.41 -1 -1 -1 -1000 -1000 -1000 -10 1
23 2 Car -1 -1 -1 1092.16 183.54 1229.38 231.69 -1 -1 -1 -1000 -1000 -1000 -10 1
23 1 Car -1 -1 -1 1030.37 185.71 1160.98 227.13 -1 -1 -1 -1000 -1000 -1000 -10 1
24 9 Car -1 -1 -1 961.89 183.86 1074.18 226.39 -1 -1 -1 -1000 -1000 -1000 -10 1
24 2 Car -1 -1 -1 1092.12 183.55 1229.33 231.58 -1 -1 -1 -1000 -1000 -1000 -10 1
24 1 Car -1 -1 -1 1030.72 185.68 1161.32 226.97 -1 -1 -1 -1000 -1000 -1000 -10 1
25 9 Car -1 -1 -1 962.08 183.97 1074.49 226.25 -1 -1 -1 -1000 -1000 -1000 -10 1
25 2 Car -1 -1 -1 1091.74 183.55 1229.21 231.51 -1 -1 -1 -1000 -1000 -1000 -10 1
25 1 Car -1 -1 -1 1030.84 185.73 1161.40 226.91 -1 -1 -1 -1000 -1000 -1000 -10 1
26 14 Car -1 -1 -1 540.27 178.70 618.42 277.69 -1 -1 -1 -1000 -1000 -1000 -10 1
26 9 Car -1 -1 -1 962.06 184.10 1074.60 226.30 -1 -1 -1 -1000 -1000 -1000 -10 1
26 2 Car -1 -1 -1 1091.80 183.52 1229.40 231.44 -1 -1 -1 -1000 -1000 -1000 -10 1
26 1 Car -1 -1 -1 1030.70 185.74 1161.22 226.92 -1 -1 -1 -1000 -1000 -1000 -10 1
27 9 Car -1 -1 -1 961.54 184.08 1074.57 226.33 -1 -1 -1 -1000 -1000 -1000 -10 1
27 2 Car -1 -1 -1 1091.90 183.55 1229.38 231.49 -1 -1 -1 -1000 -1000 -1000 -10 1
27 1 Car -1 -1 -1 1030.68 185.78 1161.23 226.97 -1 -1 -1 -1000 -1000 -1000 -10 1
28 9 Car -1 -1 -1 960.86 181.98 1071.70 224.60 -1 -1 -1 -1000 -1000 -1000 -10 1
28 2 Car -1 -1 -1 1091.71 183.54 1229.38 231.47 -1 -1 -1 -1000 -1000 -1000 -10 1
28 1 Car -1 -1 -1 1030.82 185.80 1161.36 226.92 -1 -1 -1 -1000 -1000 -1000 -10 1
29 15 Car -1 -1 -1 598.80 172.87 637.23 202.20 -1 -1 -1 -1000 -1000 -1000 -10 1
29 9 Car -1 -1 -1 961.48 183.21 1073.05 225.70 -1 -1 -1 -1000 -1000 -1000 -10 1
29 2 Car -1 -1 -1 1091.72 183.63 1229.40 231.55 -1 -1 -1 -1000 -1000 -1000 -10 1
29 1 Car -1 -1 -1 1030.76 185.86 1161.40 226.93 -1 -1 -1 -1000 -1000 -1000 -10 1
30 15 Car -1 -1 -1 598.35 173.03 636.76 202.57 -1 -1 -1 -1000 -1000 -1000 -10 1
30 9 Car -1 -1 -1 961.82 183.70 1073.55 226.02 -1 -1 -1 -1000 -1000 -1000 -10 1
30 2 Car -1 -1 -1 1091.90 183.56 1229.57 231.53 -1 -1 -1 -1000 -1000 -1000 -10 1
30 1 Car -1 -1 -1 1030.65 185.83 1161.37 226.94 -1 -1 -1 -1000 -1000 -1000 -10 1
31 15 Car -1 -1 -1 598.87 172.77 637.23 202.15 -1 -1 -1 -1000 -1000 -1000 -10 1
31 9 Car -1 -1 -1 961.90 184.03 1073.86 226.05 -1 -1 -1 -1000 -1000 -1000 -10 1
31 2 Car -1 -1 -1 1091.98 183.53 1229.57 231.43 -1 -1 -1 -1000 -1000 -1000 -10 1
31 1 Car -1 -1 -1 1030.82 185.82 1161.36 226.85 -1 -1 -1 -1000 -1000 -1000 -10 1
32 15 Car -1 -1 -1 598.77 172.65 637.43 202.18 -1 -1 -1 -1000 -1000 -1000 -10 1
32 9 Car -1 -1 -1 961.73 184.11 1073.97 226.13 -1 -1 -1 -1000 -1000 -1000 -10 1
32 2 Car -1 -1 -1 1091.97 183.60 1229.51 231.55 -1 -1 -1 -1000 -1000 -1000 -10 1
32 1 Car -1 -1 -1 1030.71 185.80 1161.33 226.86 -1 -1 -1 -1000 -1000 -1000 -10 1
33 15 Car -1 -1 -1 598.61 172.62 637.64 202.30 -1 -1 -1 -1000 -1000 -1000 -10 1
33 9 Car -1 -1 -1 961.69 184.27 1074.27 226.19 -1 -1 -1 -1000 -1000 -1000 -10 1
33 2 Car -1 -1 -1 1092.07 183.58 1229.56 231.55 -1 -1 -1 -1000 -1000 -1000 -10 1
33 1 Car -1 -1 -1 1030.63 185.83 1161.20 226.90 -1 -1 -1 -1000 -1000 -1000 -10 1
34 15 Car -1 -1 -1 598.43 172.62 637.87 202.44 -1 -1 -1 -1000 -1000 -1000 -10 1
34 9 Car -1 -1 -1 961.58 184.33 1074.30 226.19 -1 -1 -1 -1000 -1000 -1000 -10 1
34 2 Car -1 -1 -1 1092.06 183.59 1229.44 231.58 -1 -1 -1 -1000 -1000 -1000 -10 1
34 1 Car -1 -1 -1 1030.73 185.81 1161.49 226.86 -1 -1 -1 -1000 -1000 -1000 -10 1
35 15 Car -1 -1 -1 598.23 172.48 638.00 202.46 -1 -1 -1 -1000 -1000 -1000 -10 1
35 9 Car -1 -1 -1 961.82 184.36 1074.38 225.92 -1 -1 -1 -1000 -1000 -1000 -10 1
35 2 Car -1 -1 -1 1092.09 183.54 1229.29 231.50 -1 -1 -1 -1000 -1000 -1000 -10 1
35 1 Car -1 -1 -1 1030.51 185.81 1161.27 226.84 -1 -1 -1 -1000 -1000 -1000 -10 1
36 15 Car -1 -1 -1 598.31 172.38 638.30 202.40 -1 -1 -1 -1000 -1000 -1000 -10 1
36 9 Car -1 -1 -1 961.68 184.34 1074.23 225.92 -1 -1 -1 -1000 -1000 -1000 -10 1
36 2 Car -1 -1 -1 1092.39 183.58 1229.46 231.54 -1 -1 -1 -1000 -1000 -1000 -10 1
36 1 Car -1 -1 -1 1030.66 185.81 1161.29 226.86 -1 -1 -1 -1000 -1000 -1000 -10 1
37 15 Car -1 -1 -1 598.42 172.31 638.59 202.34 -1 -1 -1 -1000 -1000 -1000 -10 1
37 9 Car -1 -1 -1 961.51 184.39 1074.12 225.95 -1 -1 -1 -1000 -1000 -1000 -10 1
37 2 Car -1 -1 -1 1092.09 183.60 1229.26 231.56 -1 -1 -1 -1000 -1000 -1000 -10 1
37 1 Car -1 -1 -1 1030.75 185.89 1161.33 226.92 -1 -1 -1 -1000 -1000 -1000 -10 1
38 15 Car -1 -1 -1 598.47 172.42 638.69 202.46 -1 -1 -1 -1000 -1000 -1000 -10 1
38 9 Car -1 -1 -1 961.59 184.39 1074.23 225.88 -1 -1 -1 -1000 -1000 -1000 -10 1
38 2 Car -1 -1 -1 1092.15 183.55 1229.39 231.53 -1 -1 -1 -1000 -1000 -1000 -10 1
38 1 Car -1 -1 -1 1030.67 185.80 1161.36 226.87 -1 -1 -1 -1000 -1000 -1000 -10 1
39 15 Car -1 -1 -1 598.17 172.48 638.42 202.55 -1 -1 -1 -1000 -1000 -1000 -10 1
39 9 Car -1 -1 -1 961.73 184.38 1074.04 225.75 -1 -1 -1 -1000 -1000 -1000 -10 1
39 2 Car -1 -1 -1 1092.33 183.58 1229.46 231.55 -1 -1 -1 -1000 -1000 -1000 -10 1
39 1 Car -1 -1 -1 1030.85 185.81 1161.45 226.85 -1 -1 -1 -1000 -1000 -1000 -10 1
40 15 Car -1 -1 -1 598.03 172.45 638.21 202.56 -1 -1 -1 -1000 -1000 -1000 -10 1
40 9 Car -1 -1 -1 961.81 184.40 1074.18 225.82 -1 -1 -1 -1000 -1000 -1000 -10 1
40 2 Car -1 -1 -1 1092.27 183.58 1229.55 231.55 -1 -1 -1 -1000 -1000 -1000 -10 1
40 1 Car -1 -1 -1 1030.91 185.87 1161.46 226.85 -1 -1 -1 -1000 -1000 -1000 -10 1
41 15 Car -1 -1 -1 597.77 172.47 637.85 202.52 -1 -1 -1 -1000 -1000 -1000 -10 1
41 9 Car -1 -1 -1 961.89 184.28 1074.28 225.81 -1 -1 -1 -1000 -1000 -1000 -10 1
41 2 Car -1 -1 -1 1091.90 183.51 1229.33 231.55 -1 -1 -1 -1000 -1000 -1000 -10 1
41 1 Car -1 -1 -1 1030.88 185.83 1161.56 226.87 -1 -1 -1 -1000 -1000 -1000 -10 1
42 15 Car -1 -1 -1 597.74 172.43 637.84 202.58 -1 -1 -1 -1000 -1000 -1000 -10 1
42 9 Car -1 -1 -1 961.03 182.29 1071.98 224.53 -1 -1 -1 -1000 -1000 -1000 -10 1
42 2 Car -1 -1 -1 1092.09 183.56 1229.44 231.58 -1 -1 -1 -1000 -1000 -1000 -10 1
42 1 Car -1 -1 -1 1030.72 185.87 1161.57 226.96 -1 -1 -1 -1000 -1000 -1000 -10 1
43 15 Car -1 -1 -1 597.77 172.28 637.70 202.53 -1 -1 -1 -1000 -1000 -1000 -10 1
43 9 Car -1 -1 -1 961.90 183.43 1073.20 225.56 -1 -1 -1 -1000 -1000 -1000 -10 1
43 2 Car -1 -1 -1 1092.16 183.56 1229.62 231.63 -1 -1 -1 -1000 -1000 -1000 -10 1
43 1 Car -1 -1 -1 1030.52 185.84 1161.33 226.95 -1 -1 -1 -1000 -1000 -1000 -10 1
44 15 Car -1 -1 -1 597.79 172.18 637.64 202.51 -1 -1 -1 -1000 -1000 -1000 -10 1
44 9 Car -1 -1 -1 962.06 183.86 1073.64 225.98 -1 -1 -1 -1000 -1000 -1000 -10 1
44 2 Car -1 -1 -1 1092.13 183.62 1229.54 231.69 -1 -1 -1 -1000 -1000 -1000 -10 1
44 1 Car -1 -1 -1 1030.49 185.80 1161.39 226.93 -1 -1 -1 -1000 -1000 -1000 -10 1
45 15 Car -1 -1 -1 598.11 172.13 637.87 202.50 -1 -1 -1 -1000 -1000 -1000 -10 1
45 9 Car -1 -1 -1 961.63 182.25 1071.92 225.01 -1 -1 -1 -1000 -1000 -1000 -10 1
45 2 Car -1 -1 -1 1092.16 183.58 1229.61 231.70 -1 -1 -1 -1000 -1000 -1000 -10 1
45 1 Car -1 -1 -1 1030.60 185.88 1161.54 226.99 -1 -1 -1 -1000 -1000 -1000 -10 1
46 15 Car -1 -1 -1 597.98 172.11 637.88 202.49 -1 -1 -1 -1000 -1000 -1000 -10 1
46 9 Car -1 -1 -1 962.67 183.35 1073.06 225.82 -1 -1 -1 -1000 -1000 -1000 -10 1
46 2 Car -1 -1 -1 1092.21 183.53 1229.68 231.65 -1 -1 -1 -1000 -1000 -1000 -10 1
46 1 Car -1 -1 -1 1030.61 185.77 1161.56 226.93 -1 -1 -1 -1000 -1000 -1000 -10 1
47 15 Car -1 -1 -1 597.66 172.15 637.70 202.60 -1 -1 -1 -1000 -1000 -1000 -10 1
47 9 Car -1 -1 -1 962.73 183.85 1073.68 226.14 -1 -1 -1 -1000 -1000 -1000 -10 1
47 2 Car -1 -1 -1 1092.16 183.52 1229.61 231.60 -1 -1 -1 -1000 -1000 -1000 -10 1
47 1 Car -1 -1 -1 1030.67 185.77 1161.57 226.89 -1 -1 -1 -1000 -1000 -1000 -10 1
48 15 Car -1 -1 -1 597.86 172.09 637.95 202.57 -1 -1 -1 -1000 -1000 -1000 -10 1
48 9 Car -1 -1 -1 962.69 184.05 1074.11 226.19 -1 -1 -1 -1000 -1000 -1000 -10 1
48 2 Car -1 -1 -1 1092.02 183.58 1229.56 231.64 -1 -1 -1 -1000 -1000 -1000 -10 1
48 1 Car -1 -1 -1 1030.49 185.85 1161.38 226.93 -1 -1 -1 -1000 -1000 -1000 -10 1
49 15 Car -1 -1 -1 598.29 171.99 638.36 202.49 -1 -1 -1 -1000 -1000 -1000 -10 1
49 9 Car -1 -1 -1 962.32 184.16 1074.27 226.30 -1 -1 -1 -1000 -1000 -1000 -10 1
49 2 Car -1 -1 -1 1091.93 183.57 1229.55 231.61 -1 -1 -1 -1000 -1000 -1000 -10 1
49 1 Car -1 -1 -1 1030.64 185.83 1161.54 226.94 -1 -1 -1 -1000 -1000 -1000 -10 1
50 15 Car -1 -1 -1 598.19 171.90 638.25 202.42 -1 -1 -1 -1000 -1000 -1000 -10 1
50 9 Car -1 -1 -1 962.08 184.19 1074.35 226.21 -1 -1 -1 -1000 -1000 -1000 -10 1
50 2 Car -1 -1 -1 1091.95 183.59 1229.53 231.67 -1 -1 -1 -1000 -1000 -1000 -10 1
50 1 Car -1 -1 -1 1030.52 185.82 1161.30 226.96 -1 -1 -1 -1000 -1000 -1000 -10 1
51 15 Car -1 -1 -1 598.05 171.83 638.06 202.33 -1 -1 -1 -1000 -1000 -1000 -10 1
51 9 Car -1 -1 -1 961.86 184.17 1074.31 226.15 -1 -1 -1 -1000 -1000 -1000 -10 1
51 2 Car -1 -1 -1 1092.02 183.55 1229.64 231.61 -1 -1 -1 -1000 -1000 -1000 -10 1
51 1 Car -1 -1 -1 1030.57 185.77 1161.32 226.96 -1 -1 -1 -1000 -1000 -1000 -10 1
52 15 Car -1 -1 -1 598.36 171.84 638.35 202.31 -1 -1 -1 -1000 -1000 -1000 -10 1
52 9 Car -1 -1 -1 961.43 184.11 1074.25 226.13 -1 -1 -1 -1000 -1000 -1000 -10 1
52 2 Car -1 -1 -1 1091.90 183.60 1229.60 231.66 -1 -1 -1 -1000 -1000 -1000 -10 1
52 1 Car -1 -1 -1 1030.68 185.77 1161.55 226.96 -1 -1 -1 -1000 -1000 -1000 -10 1
53 15 Car -1 -1 -1 599.54 171.71 638.91 201.74 -1 -1 -1 -1000 -1000 -1000 -10 1
53 9 Car -1 -1 -1 960.76 182.34 1071.84 224.97 -1 -1 -1 -1000 -1000 -1000 -10 1
53 2 Car -1 -1 -1 1092.04 183.60 1229.52 231.58 -1 -1 -1 -1000 -1000 -1000 -10 1
53 1 Car -1 -1 -1 1030.76 185.74 1161.67 226.97 -1 -1 -1 -1000 -1000 -1000 -10 1
54 15 Car -1 -1 -1 599.32 171.86 638.75 202.00 -1 -1 -1 -1000 -1000 -1000 -10 1
54 9 Car -1 -1 -1 961.61 183.37 1073.14 225.72 -1 -1 -1 -1000 -1000 -1000 -10 1
54 2 Car -1 -1 -1 1092.14 183.49 1229.58 231.54 -1 -1 -1 -1000 -1000 -1000 -10 1
54 1 Car -1 -1 -1 1030.69 185.84 1161.38 227.00 -1 -1 -1 -1000 -1000 -1000 -10 1
55 15 Car -1 -1 -1 599.07 171.83 638.48 202.03 -1 -1 -1 -1000 -1000 -1000 -10 1
55 9 Car -1 -1 -1 961.67 183.80 1073.89 226.11 -1 -1 -1 -1000 -1000 -1000 -10 1
55 2 Car -1 -1 -1 1091.95 183.48 1229.53 231.54 -1 -1 -1 -1000 -1000 -1000 -10 1
55 1 Car -1 -1 -1 1030.66 185.86 1161.43 227.01 -1 -1 -1 -1000 -1000 -1000 -10 1
56 15 Car -1 -1 -1 598.85 171.81 638.20 202.08 -1 -1 -1 -1000 -1000 -1000 -10 1
56 9 Car -1 -1 -1 961.65 183.93 1074.16 226.18 -1 -1 -1 -1000 -1000 -1000 -10 1
56 2 Car -1 -1 -1 1092.40 183.52 1229.76 231.61 -1 -1 -1 -1000 -1000 -1000 -10 1
56 1 Car -1 -1 -1 1030.70 185.81 1161.55 227.00 -1 -1 -1 -1000 -1000 -1000 -10 1
57 15 Car -1 -1 -1 599.44 171.41 638.31 201.33 -1 -1 -1 -1000 -1000 -1000 -10 1
57 9 Car -1 -1 -1 961.51 183.99 1074.24 226.21 -1 -1 -1 -1000 -1000 -1000 -10 1
57 2 Car -1 -1 -1 1092.22 183.49 1229.79 231.57 -1 -1 -1 -1000 -1000 -1000 -10 1
57 1 Car -1 -1 -1 1030.69 185.86 1161.81 226.93 -1 -1 -1 -1000 -1000 -1000 -10 1
58 15 Car -1 -1 -1 598.82 171.79 637.87 201.89 -1 -1 -1 -1000 -1000 -1000 -10 1
58 9 Car -1 -1 -1 961.44 184.03 1074.47 226.20 -1 -1 -1 -1000 -1000 -1000 -10 1
58 2 Car -1 -1 -1 1092.17 183.60 1229.87 231.64 -1 -1 -1 -1000 -1000 -1000 -10 1
58 1 Car -1 -1 -1 1030.44 185.93 1161.42 227.04 -1 -1 -1 -1000 -1000 -1000 -10 1
59 15 Car -1 -1 -1 600.01 171.63 638.56 201.48 -1 -1 -1 -1000 -1000 -1000 -10 1
59 9 Car -1 -1 -1 961.30 184.05 1074.60 226.17 -1 -1 -1 -1000 -1000 -1000 -10 1
59 2 Car -1 -1 -1 1091.80 183.59 1229.71 231.59 -1 -1 -1 -1000 -1000 -1000 -10 1
59 1 Car -1 -1 -1 1030.53 185.92 1161.50 227.07 -1 -1 -1 -1000 -1000 -1000 -10 1
60 15 Car -1 -1 -1 600.56 171.68 638.87 201.33 -1 -1 -1 -1000 -1000 -1000 -10 1
60 9 Car -1 -1 -1 961.10 184.06 1074.72 226.18 -1 -1 -1 -1000 -1000 -1000 -10 1
60 2 Car -1 -1 -1 1092.23 183.73 1228.34 231.82 -1 -1 -1 -1000 -1000 -1000 -10 1
60 1 Car -1 -1 -1 1030.37 185.77 1161.43 227.07 -1 -1 -1 -1000 -1000 -1000 -10 1
61 15 Car -1 -1 -1 600.93 171.87 638.97 201.37 -1 -1 -1 -1000 -1000 -1000 -10 1
61 9 Car -1 -1 -1 961.16 184.11 1074.86 226.22 -1 -1 -1 -1000 -1000 -1000 -10 1
61 2 Car -1 -1 -1 1090.98 184.96 1228.68 233.81 -1 -1 -1 -1000 -1000 -1000 -10 1
61 1 Car -1 -1 -1 1030.43 185.97 1161.13 227.30 -1 -1 -1 -1000 -1000 -1000 -10 1
62 15 Car -1 -1 -1 600.98 171.98 638.84 201.40 -1 -1 -1 -1000 -1000 -1000 -10 1
62 9 Car -1 -1 -1 961.47 184.14 1074.99 226.16 -1 -1 -1 -1000 -1000 -1000 -10 1
62 2 Car -1 -1 -1 1092.94 188.99 1230.62 239.67 -1 -1 -1 -1000 -1000 -1000 -10 1
62 1 Car -1 -1 -1 1030.79 186.11 1160.59 227.67 -1 -1 -1 -1000 -1000 -1000 -10 1
63 15 Car -1 -1 -1 601.25 172.02 638.92 201.33 -1 -1 -1 -1000 -1000 -1000 -10 1
63 9 Car -1 -1 -1 961.31 184.17 1074.76 226.29 -1 -1 -1 -1000 -1000 -1000 -10 1
63 2 Car -1 -1 -1 1092.12 193.24 1236.99 254.48 -1 -1 -1 -1000 -1000 -1000 -10 1
63 1 Car -1 -1 -1 1032.64 185.87 1163.11 228.15 -1 -1 -1 -1000 -1000 -1000 -10 1
64 15 Car -1 -1 -1 601.35 172.06 638.79 201.31 -1 -1 -1 -1000 -1000 -1000 -10 1
64 9 Car -1 -1 -1 961.09 184.22 1074.73 226.52 -1 -1 -1 -1000 -1000 -1000 -10 1
64 1 Car -1 -1 -1 1032.92 185.81 1163.35 228.43 -1 -1 -1 -1000 -1000 -1000 -10 1
65 15 Car -1 -1 -1 601.66 172.10 638.93 201.25 -1 -1 -1 -1000 -1000 -1000 -10 1
65 9 Car -1 -1 -1 961.28 184.43 1075.62 226.69 -1 -1 -1 -1000 -1000 -1000 -10 1
65 1 Car -1 -1 -1 1030.14 185.09 1159.22 229.28 -1 -1 -1 -1000 -1000 -1000 -10 1
66 15 Car -1 -1 -1 601.49 172.09 638.59 201.14 -1 -1 -1 -1000 -1000 -1000 -10 1
66 9 Car -1 -1 -1 962.08 184.66 1076.50 227.42 -1 -1 -1 -1000 -1000 -1000 -10 1
66 1 Car -1 -1 -1 1034.20 193.28 1167.43 245.19 -1 -1 -1 -1000 -1000 -1000 -10 1
67 15 Car -1 -1 -1 601.28 172.06 638.26 201.06 -1 -1 -1 -1000 -1000 -1000 -10 1
67 9 Car -1 -1 -1 960.79 182.71 1074.39 226.67 -1 -1 -1 -1000 -1000 -1000 -10 1
67 1 Car -1 -1 -1 1028.51 188.45 1159.55 241.05 -1 -1 -1 -1000 -1000 -1000 -10 1
68 15 Car -1 -1 -1 601.05 172.07 637.96 201.00 -1 -1 -1 -1000 -1000 -1000 -10 1
68 9 Car -1 -1 -1 961.57 182.52 1074.07 227.80 -1 -1 -1 -1000 -1000 -1000 -10 1
68 1 Car -1 -1 -1 1025.92 192.58 1159.66 251.23 -1 -1 -1 -1000 -1000 -1000 -10 1
69 16 Car -1 -1 -1 1091.99 182.74 1222.08 232.79 -1 -1 -1 -1000 -1000 -1000 -10 1
69 15 Car -1 -1 -1 601.19 172.23 638.06 201.12 -1 -1 -1 -1000 -1000 -1000 -10 1
69 9 Car -1 -1 -1 965.43 180.92 1075.59 228.05 -1 -1 -1 -1000 -1000 -1000 -10 1
70 16 Car -1 -1 -1 1092.42 183.66 1222.52 233.37 -1 -1 -1 -1000 -1000 -1000 -10 1
70 15 Car -1 -1 -1 601.15 172.19 638.20 201.14 -1 -1 -1 -1000 -1000 -1000 -10 1
71 16 Car -1 -1 -1 1092.45 184.11 1222.57 233.01 -1 -1 -1 -1000 -1000 -1000 -10 1
71 15 Car -1 -1 -1 601.17 172.11 638.32 201.16 -1 -1 -1 -1000 -1000 -1000 -10 1
72 16 Car -1 -1 -1 1089.87 183.32 1225.15 232.81 -1 -1 -1 -1000 -1000 -1000 -10 1
72 15 Car -1 -1 -1 601.20 171.95 638.53 200.98 -1 -1 -1 -1000 -1000 -1000 -10 1
72 1 Car -1 -1 -1 1029.93 182.98 1161.67 235.00 -1 -1 -1 -1000 -1000 -1000 -10 1
73 16 Car -1 -1 -1 1090.12 183.43 1227.13 233.03 -1 -1 -1 -1000 -1000 -1000 -10 1
73 15 Car -1 -1 -1 600.83 172.03 638.23 201.05 -1 -1 -1 -1000 -1000 -1000 -10 1
73 1 Car -1 -1 -1 1029.26 182.97 1161.82 231.83 -1 -1 -1 -1000 -1000 -1000 -10 1
74 16 Car -1 -1 -1 1090.28 183.35 1228.18 232.92 -1 -1 -1 -1000 -1000 -1000 -10 1
74 15 Car -1 -1 -1 600.92 172.07 638.28 201.06 -1 -1 -1 -1000 -1000 -1000 -10 1
74 1 Car -1 -1 -1 1029.40 183.45 1162.44 230.04 -1 -1 -1 -1000 -1000 -1000 -10 1
75 16 Car -1 -1 -1 1090.14 183.26 1228.57 232.70 -1 -1 -1 -1000 -1000 -1000 -10 1
75 15 Car -1 -1 -1 600.86 171.89 638.18 200.89 -1 -1 -1 -1000 -1000 -1000 -10 1
75 1 Car -1 -1 -1 1029.21 184.00 1162.24 229.18 -1 -1 -1 -1000 -1000 -1000 -10 1
76 16 Car -1 -1 -1 1090.00 182.78 1228.63 232.24 -1 -1 -1 -1000 -1000 -1000 -10 1
76 15 Car -1 -1 -1 600.89 171.54 638.13 200.57 -1 -1 -1 -1000 -1000 -1000 -10 1
76 1 Car -1 -1 -1 1030.14 184.38 1161.91 228.66 -1 -1 -1 -1000 -1000 -1000 -10 1
77 18 Car -1 -1 -1 955.26 184.86 1071.03 228.65 -1 -1 -1 -1000 -1000 -1000 -10 1
77 16 Car -1 -1 -1 1090.34 182.67 1228.78 232.02 -1 -1 -1 -1000 -1000 -1000 -10 1
77 15 Car -1 -1 -1 600.94 171.54 638.14 200.60 -1 -1 -1 -1000 -1000 -1000 -10 1
77 1 Car -1 -1 -1 1030.79 184.75 1161.41 228.33 -1 -1 -1 -1000 -1000 -1000 -10 1
78 18 Car -1 -1 -1 953.09 185.58 1069.63 227.69 -1 -1 -1 -1000 -1000 -1000 -10 1
78 16 Car -1 -1 -1 1091.13 183.10 1229.24 232.23 -1 -1 -1 -1000 -1000 -1000 -10 1
78 15 Car -1 -1 -1 601.06 171.54 638.30 200.62 -1 -1 -1 -1000 -1000 -1000 -10 1
78 1 Car -1 -1 -1 1031.05 184.88 1161.45 227.88 -1 -1 -1 -1000 -1000 -1000 -10 1
79 18 Car -1 -1 -1 956.53 182.94 1069.98 226.32 -1 -1 -1 -1000 -1000 -1000 -10 1
79 16 Car -1 -1 -1 1091.18 183.21 1229.42 232.20 -1 -1 -1 -1000 -1000 -1000 -10 1
79 15 Car -1 -1 -1 601.06 171.63 638.19 200.67 -1 -1 -1 -1000 -1000 -1000 -10 1
79 1 Car -1 -1 -1 1030.88 184.94 1161.53 227.70 -1 -1 -1 -1000 -1000 -1000 -10 1
80 18 Car -1 -1 -1 956.57 181.88 1069.96 226.16 -1 -1 -1 -1000 -1000 -1000 -10 1
80 16 Car -1 -1 -1 1091.27 183.23 1229.52 232.19 -1 -1 -1 -1000 -1000 -1000 -10 1
80 15 Car -1 -1 -1 600.67 171.50 637.73 200.57 -1 -1 -1 -1000 -1000 -1000 -10 1
80 1 Car -1 -1 -1 1030.69 185.08 1161.57 227.60 -1 -1 -1 -1000 -1000 -1000 -10 1
81 18 Car -1 -1 -1 954.81 184.17 1068.89 226.70 -1 -1 -1 -1000 -1000 -1000 -10 1
81 16 Car -1 -1 -1 1091.24 183.31 1229.50 232.11 -1 -1 -1 -1000 -1000 -1000 -10 1
81 15 Car -1 -1 -1 600.56 171.09 637.50 200.13 -1 -1 -1 -1000 -1000 -1000 -10 1
81 1 Car -1 -1 -1 1030.57 185.27 1161.67 227.46 -1 -1 -1 -1000 -1000 -1000 -10 1
82 18 Car -1 -1 -1 954.21 185.24 1068.65 226.38 -1 -1 -1 -1000 -1000 -1000 -10 1
82 16 Car -1 -1 -1 1091.30 183.38 1229.57 232.14 -1 -1 -1 -1000 -1000 -1000 -10 1
82 15 Car -1 -1 -1 600.82 170.67 637.58 199.79 -1 -1 -1 -1000 -1000 -1000 -10 1
82 1 Car -1 -1 -1 1030.50 185.38 1161.86 227.35 -1 -1 -1 -1000 -1000 -1000 -10 1
83 18 Car -1 -1 -1 958.00 184.71 1073.21 226.38 -1 -1 -1 -1000 -1000 -1000 -10 1
83 16 Car -1 -1 -1 1091.59 183.30 1229.63 231.96 -1 -1 -1 -1000 -1000 -1000 -10 1
83 15 Car -1 -1 -1 599.89 170.30 636.42 199.55 -1 -1 -1 -1000 -1000 -1000 -10 1
83 1 Car -1 -1 -1 1030.44 185.43 1161.71 227.25 -1 -1 -1 -1000 -1000 -1000 -10 1
84 18 Car -1 -1 -1 959.65 184.37 1074.99 226.27 -1 -1 -1 -1000 -1000 -1000 -10 1
84 16 Car -1 -1 -1 1091.40 183.31 1229.50 231.83 -1 -1 -1 -1000 -1000 -1000 -10 1
84 15 Car -1 -1 -1 599.61 170.34 636.03 199.82 -1 -1 -1 -1000 -1000 -1000 -10 1
84 1 Car -1 -1 -1 1030.40 185.34 1161.70 227.11 -1 -1 -1 -1000 -1000 -1000 -10 1
85 18 Car -1 -1 -1 960.11 184.21 1075.37 226.38 -1 -1 -1 -1000 -1000 -1000 -10 1
85 16 Car -1 -1 -1 1091.09 183.34 1229.31 231.75 -1 -1 -1 -1000 -1000 -1000 -10 1
85 15 Car -1 -1 -1 600.12 170.53 636.34 199.99 -1 -1 -1 -1000 -1000 -1000 -10 1
85 1 Car -1 -1 -1 1030.39 185.41 1161.37 227.11 -1 -1 -1 -1000 -1000 -1000 -10 1
86 18 Car -1 -1 -1 959.65 182.15 1072.89 225.21 -1 -1 -1 -1000 -1000 -1000 -10 1
86 16 Car -1 -1 -1 1091.24 183.38 1229.58 231.76 -1 -1 -1 -1000 -1000 -1000 -10 1
86 15 Car -1 -1 -1 600.91 170.60 637.02 200.05 -1 -1 -1 -1000 -1000 -1000 -10 1
86 1 Car -1 -1 -1 1030.32 185.47 1161.31 227.05 -1 -1 -1 -1000 -1000 -1000 -10 1
87 18 Car -1 -1 -1 960.42 183.16 1074.00 226.14 -1 -1 -1 -1000 -1000 -1000 -10 1
87 16 Car -1 -1 -1 1091.45 183.45 1229.70 231.85 -1 -1 -1 -1000 -1000 -1000 -10 1
87 15 Car -1 -1 -1 600.98 170.45 636.82 199.87 -1 -1 -1 -1000 -1000 -1000 -10 1
87 1 Car -1 -1 -1 1030.26 185.54 1161.31 227.09 -1 -1 -1 -1000 -1000 -1000 -10 1
88 18 Car -1 -1 -1 961.00 183.62 1074.52 226.40 -1 -1 -1 -1000 -1000 -1000 -10 1
88 16 Car -1 -1 -1 1091.31 183.43 1229.67 231.75 -1 -1 -1 -1000 -1000 -1000 -10 1
88 15 Car -1 -1 -1 601.55 170.79 637.21 200.21 -1 -1 -1 -1000 -1000 -1000 -10 1
88 1 Car -1 -1 -1 1030.30 185.72 1161.19 227.13 -1 -1 -1 -1000 -1000 -1000 -10 1
89 18 Car -1 -1 -1 961.08 183.84 1074.75 226.59 -1 -1 -1 -1000 -1000 -1000 -10 1
89 16 Car -1 -1 -1 1091.05 183.49 1229.56 231.77 -1 -1 -1 -1000 -1000 -1000 -10 1
89 15 Car -1 -1 -1 601.54 170.66 637.30 200.05 -1 -1 -1 -1000 -1000 -1000 -10 1
89 1 Car -1 -1 -1 1030.19 185.63 1161.19 227.08 -1 -1 -1 -1000 -1000 -1000 -10 1
90 18 Car -1 -1 -1 961.29 183.97 1074.68 226.65 -1 -1 -1 -1000 -1000 -1000 -10 1
90 16 Car -1 -1 -1 1091.33 183.45 1229.90 231.91 -1 -1 -1 -1000 -1000 -1000 -10 1
90 15 Car -1 -1 -1 601.01 170.84 636.68 200.18 -1 -1 -1 -1000 -1000 -1000 -10 1
90 1 Car -1 -1 -1 1030.40 185.67 1161.52 227.10 -1 -1 -1 -1000 -1000 -1000 -10 1
91 18 Car -1 -1 -1 961.82 184.11 1074.65 226.62 -1 -1 -1 -1000 -1000 -1000 -10 1
91 16 Car -1 -1 -1 1092.84 183.41 1231.04 231.84 -1 -1 -1 -1000 -1000 -1000 -10 1
91 15 Car -1 -1 -1 601.84 171.08 637.80 200.23 -1 -1 -1 -1000 -1000 -1000 -10 1
91 1 Car -1 -1 -1 1030.36 185.79 1161.45 227.09 -1 -1 -1 -1000 -1000 -1000 -10 1
92 18 Car -1 -1 -1 961.67 184.06 1074.31 226.52 -1 -1 -1 -1000 -1000 -1000 -10 1
92 16 Car -1 -1 -1 1092.45 183.28 1231.84 231.23 -1 -1 -1 -1000 -1000 -1000 -10 1
92 15 Car -1 -1 -1 601.53 171.18 637.75 200.19 -1 -1 -1 -1000 -1000 -1000 -10 1
92 1 Car -1 -1 -1 1031.05 185.97 1162.14 227.23 -1 -1 -1 -1000 -1000 -1000 -10 1
93 18 Car -1 -1 -1 961.72 184.46 1075.32 226.65 -1 -1 -1 -1000 -1000 -1000 -10 1
93 15 Car -1 -1 -1 600.97 170.79 637.77 199.99 -1 -1 -1 -1000 -1000 -1000 -10 1
93 1 Car -1 -1 -1 1029.83 185.86 1162.36 228.69 -1 -1 -1 -1000 -1000 -1000 -10 1
94 18 Car -1 -1 -1 957.79 185.49 1070.45 228.05 -1 -1 -1 -1000 -1000 -1000 -10 1
94 15 Car -1 -1 -1 600.57 171.03 637.77 200.46 -1 -1 -1 -1000 -1000 -1000 -10 1
94 1 Car -1 -1 -1 1026.75 186.19 1157.65 230.13 -1 -1 -1 -1000 -1000 -1000 -10 1
95 15 Car -1 -1 -1 600.90 171.57 638.81 201.26 -1 -1 -1 -1000 -1000 -1000 -10 1
95 1 Car -1 -1 -1 1028.42 186.09 1161.23 230.28 -1 -1 -1 -1000 -1000 -1000 -10 1
96 16 Car -1 -1 -1 1091.77 184.04 1227.29 232.71 -1 -1 -1 -1000 -1000 -1000 -10 1
96 15 Car -1 -1 -1 600.11 171.83 638.49 201.88 -1 -1 -1 -1000 -1000 -1000 -10 1
96 1 Car -1 -1 -1 1029.49 185.26 1162.31 228.97 -1 -1 -1 -1000 -1000 -1000 -10 1
97 16 Car -1 -1 -1 1092.34 183.71 1228.32 232.34 -1 -1 -1 -1000 -1000 -1000 -10 1
97 15 Car -1 -1 -1 600.17 171.93 638.86 202.31 -1 -1 -1 -1000 -1000 -1000 -10 1
97 1 Car -1 -1 -1 1029.79 185.12 1162.07 228.46 -1 -1 -1 -1000 -1000 -1000 -10 1
98 16 Car -1 -1 -1 1092.28 183.11 1226.53 231.44 -1 -1 -1 -1000 -1000 -1000 -10 1
98 15 Car -1 -1 -1 601.39 170.21 639.77 200.79 -1 -1 -1 -1000 -1000 -1000 -10 1
98 1 Car -1 -1 -1 1029.89 185.34 1161.90 228.10 -1 -1 -1 -1000 -1000 -1000 -10 1
99 16 Car -1 -1 -1 1090.26 183.51 1227.60 231.69 -1 -1 -1 -1000 -1000 -1000 -10 1
99 15 Car -1 -1 -1 599.00 170.58 640.55 201.37 -1 -1 -1 -1000 -1000 -1000 -10 1
99 1 Car -1 -1 -1 1029.93 185.50 1161.65 228.02 -1 -1 -1 -1000 -1000 -1000 -10 1
100 20 Car -1 -1 -1 960.84 184.55 1076.79 226.10 -1 -1 -1 -1000 -1000 -1000 -10 1
100 16 Car -1 -1 -1 1089.02 193.44 1234.35 250.94 -1 -1 -1 -1000 -1000 -1000 -10 1
100 1 Car -1 -1 -1 1026.06 186.41 1161.46 231.20 -1 -1 -1 -1000 -1000 -1000 -10 1
101 20 Car -1 -1 -1 958.12 186.77 1070.02 227.37 -1 -1 -1 -1000 -1000 -1000 -10 1
101 16 Car -1 -1 -1 1094.64 185.11 1233.98 239.55 -1 -1 -1 -1000 -1000 -1000 -10 1
101 1 Car -1 -1 -1 1024.70 186.53 1160.95 232.47 -1 -1 -1 -1000 -1000 -1000 -10 1
102 20 Car -1 -1 -1 964.02 181.13 1070.01 221.95 -1 -1 -1 -1000 -1000 -1000 -10 1
102 16 Car -1 -1 -1 1090.34 184.35 1228.66 236.84 -1 -1 -1 -1000 -1000 -1000 -10 1
102 1 Car -1 -1 -1 1026.03 188.60 1161.99 237.09 -1 -1 -1 -1000 -1000 -1000 -10 1
103 16 Car -1 -1 -1 1090.32 183.27 1228.70 235.07 -1 -1 -1 -1000 -1000 -1000 -10 1
103 1 Car -1 -1 -1 1027.37 185.37 1163.60 232.72 -1 -1 -1 -1000 -1000 -1000 -10 1
104 22 Car -1 -1 -1 580.94 157.70 666.54 290.96 -1 -1 -1 -1000 -1000 -1000 -10 1
104 16 Car -1 -1 -1 1089.57 182.92 1228.43 233.97 -1 -1 -1 -1000 -1000 -1000 -10 1
104 1 Car -1 -1 -1 1027.60 184.41 1163.05 230.53 -1 -1 -1 -1000 -1000 -1000 -10 1
105 22 Car -1 -1 -1 558.96 157.22 651.14 287.05 -1 -1 -1 -1000 -1000 -1000 -10 1
105 16 Car -1 -1 -1 1090.68 182.78 1229.34 233.12 -1 -1 -1 -1000 -1000 -1000 -10 1
105 1 Car -1 -1 -1 1028.53 184.39 1162.75 229.39 -1 -1 -1 -1000 -1000 -1000 -10 1
106 22 Car -1 -1 -1 564.48 158.75 642.58 276.01 -1 -1 -1 -1000 -1000 -1000 -10 1
106 20 Car -1 -1 -1 955.53 185.39 1070.21 226.86 -1 -1 -1 -1000 -1000 -1000 -10 1
106 16 Car -1 -1 -1 1091.04 182.93 1229.52 232.76 -1 -1 -1 -1000 -1000 -1000 -10 1
106 1 Car -1 -1 -1 1029.20 184.63 1162.79 228.66 -1 -1 -1 -1000 -1000 -1000 -10 1
107 22 Car -1 -1 -1 566.78 159.55 633.80 269.60 -1 -1 -1 -1000 -1000 -1000 -10 1
107 20 Car -1 -1 -1 958.01 182.80 1071.44 225.59 -1 -1 -1 -1000 -1000 -1000 -10 1
107 16 Car -1 -1 -1 1091.26 183.04 1229.57 232.40 -1 -1 -1 -1000 -1000 -1000 -10 1
107 1 Car -1 -1 -1 1029.58 184.85 1162.47 228.15 -1 -1 -1 -1000 -1000 -1000 -10 1
108 22 Car -1 -1 -1 567.14 159.07 626.21 261.55 -1 -1 -1 -1000 -1000 -1000 -10 1
108 20 Car -1 -1 -1 958.99 181.48 1070.72 224.93 -1 -1 -1 -1000 -1000 -1000 -10 1
108 16 Car -1 -1 -1 1091.49 183.09 1229.61 232.20 -1 -1 -1 -1000 -1000 -1000 -10 1
108 1 Car -1 -1 -1 1029.50 184.97 1161.99 227.84 -1 -1 -1 -1000 -1000 -1000 -10 1
109 22 Car -1 -1 -1 564.74 163.19 619.72 265.12 -1 -1 -1 -1000 -1000 -1000 -10 1
109 20 Car -1 -1 -1 961.17 182.84 1072.90 226.02 -1 -1 -1 -1000 -1000 -1000 -10 1
109 16 Car -1 -1 -1 1091.58 183.20 1229.65 232.08 -1 -1 -1 -1000 -1000 -1000 -10 1
109 1 Car -1 -1 -1 1029.68 185.20 1161.93 227.59 -1 -1 -1 -1000 -1000 -1000 -10 1
110 22 Car -1 -1 -1 558.10 164.48 613.95 269.42 -1 -1 -1 -1000 -1000 -1000 -10 1
110 20 Car -1 -1 -1 961.98 183.34 1073.86 226.30 -1 -1 -1 -1000 -1000 -1000 -10 1
110 16 Car -1 -1 -1 1091.44 183.28 1229.51 232.00 -1 -1 -1 -1000 -1000 -1000 -10 1
110 1 Car -1 -1 -1 1029.76 185.25 1161.95 227.37 -1 -1 -1 -1000 -1000 -1000 -10 1
111 20 Car -1 -1 -1 962.18 183.67 1074.20 226.43 -1 -1 -1 -1000 -1000 -1000 -10 1
111 16 Car -1 -1 -1 1091.49 183.33 1229.54 231.90 -1 -1 -1 -1000 -1000 -1000 -10 1
111 1 Car -1 -1 -1 1029.79 185.34 1161.86 227.26 -1 -1 -1 -1000 -1000 -1000 -10 1
112 20 Car -1 -1 -1 962.93 183.86 1074.25 226.37 -1 -1 -1 -1000 -1000 -1000 -10 1
112 16 Car -1 -1 -1 1091.92 183.39 1229.82 231.83 -1 -1 -1 -1000 -1000 -1000 -10 1
112 1 Car -1 -1 -1 1029.58 185.38 1161.66 227.15 -1 -1 -1 -1000 -1000 -1000 -10 1
113 20 Car -1 -1 -1 963.44 183.97 1074.27 226.34 -1 -1 -1 -1000 -1000 -1000 -10 1
113 16 Car -1 -1 -1 1091.45 183.45 1229.44 231.75 -1 -1 -1 -1000 -1000 -1000 -10 1
113 1 Car -1 -1 -1 1029.65 185.47 1161.65 227.10 -1 -1 -1 -1000 -1000 -1000 -10 1
114 20 Car -1 -1 -1 963.58 184.11 1074.10 226.39 -1 -1 -1 -1000 -1000 -1000 -10 1
114 16 Car -1 -1 -1 1091.91 183.46 1227.55 231.74 -1 -1 -1 -1000 -1000 -1000 -10 1
114 1 Car -1 -1 -1 1029.78 185.47 1161.80 227.03 -1 -1 -1 -1000 -1000 -1000 -10 1
115 20 Car -1 -1 -1 963.71 184.16 1074.21 226.36 -1 -1 -1 -1000 -1000 -1000 -10 1
115 16 Car -1 -1 -1 1092.19 183.43 1228.42 231.68 -1 -1 -1 -1000 -1000 -1000 -10 1
115 1 Car -1 -1 -1 1029.69 185.53 1161.62 227.04 -1 -1 -1 -1000 -1000 -1000 -10 1
116 20 Car -1 -1 -1 963.43 184.13 1074.29 226.36 -1 -1 -1 -1000 -1000 -1000 -10 1
116 16 Car -1 -1 -1 1092.20 183.48 1228.74 231.74 -1 -1 -1 -1000 -1000 -1000 -10 1
116 1 Car -1 -1 -1 1029.60 185.59 1161.52 227.11 -1 -1 -1 -1000 -1000 -1000 -10 1
117 27 Car -1 -1 -1 601.15 171.66 638.46 200.93 -1 -1 -1 -1000 -1000 -1000 -10 1
117 20 Car -1 -1 -1 963.14 184.11 1074.52 226.32 -1 -1 -1 -1000 -1000 -1000 -10 1
117 16 Car -1 -1 -1 1091.96 183.54 1228.90 231.79 -1 -1 -1 -1000 -1000 -1000 -10 1
117 1 Car -1 -1 -1 1029.72 185.63 1161.60 227.08 -1 -1 -1 -1000 -1000 -1000 -10 1
118 27 Car -1 -1 -1 601.58 173.44 638.67 202.71 -1 -1 -1 -1000 -1000 -1000 -10 1
118 20 Car -1 -1 -1 962.87 184.15 1074.45 226.45 -1 -1 -1 -1000 -1000 -1000 -10 1
118 16 Car -1 -1 -1 1091.90 183.52 1229.02 231.73 -1 -1 -1 -1000 -1000 -1000 -10 1
118 1 Car -1 -1 -1 1029.91 185.68 1161.59 227.08 -1 -1 -1 -1000 -1000 -1000 -10 1
119 27 Car -1 -1 -1 600.18 173.36 637.44 203.09 -1 -1 -1 -1000 -1000 -1000 -10 1
119 20 Car -1 -1 -1 961.93 182.06 1071.96 225.09 -1 -1 -1 -1000 -1000 -1000 -10 1
119 16 Car -1 -1 -1 1091.62 183.51 1229.17 231.70 -1 -1 -1 -1000 -1000 -1000 -10 1
119 1 Car -1 -1 -1 1029.92 185.73 1161.24 227.12 -1 -1 -1 -1000 -1000 -1000 -10 1
120 27 Car -1 -1 -1 599.65 172.95 636.99 203.04 -1 -1 -1 -1000 -1000 -1000 -10 1
120 20 Car -1 -1 -1 961.68 181.07 1070.84 224.81 -1 -1 -1 -1000 -1000 -1000 -10 1
120 16 Car -1 -1 -1 1091.06 183.55 1229.09 231.73 -1 -1 -1 -1000 -1000 -1000 -10 1
120 1 Car -1 -1 -1 1030.06 185.75 1161.43 227.12 -1 -1 -1 -1000 -1000 -1000 -10 1
121 27 Car -1 -1 -1 599.92 172.10 637.43 202.47 -1 -1 -1 -1000 -1000 -1000 -10 1
121 20 Car -1 -1 -1 962.57 182.86 1072.72 226.12 -1 -1 -1 -1000 -1000 -1000 -10 1
121 16 Car -1 -1 -1 1091.28 183.58 1229.32 231.73 -1 -1 -1 -1000 -1000 -1000 -10 1
121 1 Car -1 -1 -1 1030.29 185.79 1161.57 227.08 -1 -1 -1 -1000 -1000 -1000 -10 1
122 27 Car -1 -1 -1 601.01 171.57 638.32 202.03 -1 -1 -1 -1000 -1000 -1000 -10 1
122 20 Car -1 -1 -1 963.02 183.56 1073.47 226.57 -1 -1 -1 -1000 -1000 -1000 -10 1
122 16 Car -1 -1 -1 1091.52 183.60 1229.45 231.72 -1 -1 -1 -1000 -1000 -1000 -10 1
122 1 Car -1 -1 -1 1030.28 185.76 1161.56 227.00 -1 -1 -1 -1000 -1000 -1000 -10 1
123 27 Car -1 -1 -1 601.47 170.53 638.68 201.21 -1 -1 -1 -1000 -1000 -1000 -10 1
123 20 Car -1 -1 -1 962.96 183.76 1073.80 226.70 -1 -1 -1 -1000 -1000 -1000 -10 1
123 16 Car -1 -1 -1 1091.42 183.55 1229.49 231.70 -1 -1 -1 -1000 -1000 -1000 -10 1
123 1 Car -1 -1 -1 1030.28 185.80 1161.67 226.98 -1 -1 -1 -1000 -1000 -1000 -10 1
124 27 Car -1 -1 -1 601.51 170.34 638.72 201.24 -1 -1 -1 -1000 -1000 -1000 -10 1
124 20 Car -1 -1 -1 962.40 181.90 1071.15 225.41 -1 -1 -1 -1000 -1000 -1000 -10 1
124 16 Car -1 -1 -1 1091.45 183.57 1229.42 231.71 -1 -1 -1 -1000 -1000 -1000 -10 1
124 1 Car -1 -1 -1 1030.24 185.86 1161.77 227.05 -1 -1 -1 -1000 -1000 -1000 -10 1
125 27 Car -1 -1 -1 602.08 170.89 639.38 201.93 -1 -1 -1 -1000 -1000 -1000 -10 1
125 20 Car -1 -1 -1 963.34 183.06 1072.61 226.28 -1 -1 -1 -1000 -1000 -1000 -10 1
125 16 Car -1 -1 -1 1091.32 183.57 1229.46 231.70 -1 -1 -1 -1000 -1000 -1000 -10 1
125 1 Car -1 -1 -1 1030.10 185.81 1161.72 227.01 -1 -1 -1 -1000 -1000 -1000 -10 1
126 27 Car -1 -1 -1 602.24 170.83 639.51 201.77 -1 -1 -1 -1000 -1000 -1000 -10 1
126 20 Car -1 -1 -1 963.76 183.50 1073.34 226.53 -1 -1 -1 -1000 -1000 -1000 -10 1
126 16 Car -1 -1 -1 1091.44 183.62 1229.59 231.81 -1 -1 -1 -1000 -1000 -1000 -10 1
126 1 Car -1 -1 -1 1029.81 185.80 1161.27 227.07 -1 -1 -1 -1000 -1000 -1000 -10 1
127 27 Car -1 -1 -1 601.68 170.92 638.69 201.63 -1 -1 -1 -1000 -1000 -1000 -10 1
127 20 Car -1 -1 -1 964.16 183.80 1073.60 226.58 -1 -1 -1 -1000 -1000 -1000 -10 1
127 16 Car -1 -1 -1 1091.31 183.53 1229.61 231.71 -1 -1 -1 -1000 -1000 -1000 -10 1
127 1 Car -1 -1 -1 1029.81 185.73 1161.32 227.06 -1 -1 -1 -1000 -1000 -1000 -10 1
128 27 Car -1 -1 -1 601.56 171.40 638.25 201.81 -1 -1 -1 -1000 -1000 -1000 -10 1
128 20 Car -1 -1 -1 964.20 183.94 1073.65 226.61 -1 -1 -1 -1000 -1000 -1000 -10 1
128 16 Car -1 -1 -1 1091.38 183.56 1229.53 231.73 -1 -1 -1 -1000 -1000 -1000 -10 1
128 1 Car -1 -1 -1 1029.95 185.61 1161.60 227.03 -1 -1 -1 -1000 -1000 -1000 -10 1
129 27 Car -1 -1 -1 602.07 171.72 638.30 201.93 -1 -1 -1 -1000 -1000 -1000 -10 1
129 20 Car -1 -1 -1 963.91 184.03 1073.93 226.56 -1 -1 -1 -1000 -1000 -1000 -10 1
129 16 Car -1 -1 -1 1091.52 183.52 1229.71 231.64 -1 -1 -1 -1000 -1000 -1000 -10 1
129 1 Car -1 -1 -1 1030.04 185.60 1161.66 227.03 -1 -1 -1 -1000 -1000 -1000 -10 1
130 27 Car -1 -1 -1 602.20 171.87 638.18 202.08 -1 -1 -1 -1000 -1000 -1000 -10 1
130 20 Car -1 -1 -1 963.72 184.09 1074.15 226.61 -1 -1 -1 -1000 -1000 -1000 -10 1
130 16 Car -1 -1 -1 1091.41 183.59 1229.60 231.75 -1 -1 -1 -1000 -1000 -1000 -10 1
130 1 Car -1 -1 -1 1029.98 185.58 1161.69 227.11 -1 -1 -1 -1000 -1000 -1000 -10 1
131 27 Car -1 -1 -1 602.22 171.76 638.00 201.95 -1 -1 -1 -1000 -1000 -1000 -10 1
131 20 Car -1 -1 -1 963.08 184.05 1074.03 226.54 -1 -1 -1 -1000 -1000 -1000 -10 1
131 16 Car -1 -1 -1 1091.34 183.59 1229.45 231.75 -1 -1 -1 -1000 -1000 -1000 -10 1
131 1 Car -1 -1 -1 1029.92 185.66 1161.65 227.15 -1 -1 -1 -1000 -1000 -1000 -10 1
132 27 Car -1 -1 -1 602.18 171.59 637.90 201.85 -1 -1 -1 -1000 -1000 -1000 -10 1
132 20 Car -1 -1 -1 963.20 184.12 1074.40 226.64 -1 -1 -1 -1000 -1000 -1000 -10 1
132 16 Car -1 -1 -1 1091.83 183.49 1227.50 231.64 -1 -1 -1 -1000 -1000 -1000 -10 1
132 1 Car -1 -1 -1 1029.83 185.65 1161.64 227.19 -1 -1 -1 -1000 -1000 -1000 -10 1
133 27 Car -1 -1 -1 602.66 171.50 638.19 201.68 -1 -1 -1 -1000 -1000 -1000 -10 1
133 20 Car -1 -1 -1 962.19 182.10 1071.87 225.31 -1 -1 -1 -1000 -1000 -1000 -10 1
133 16 Car -1 -1 -1 1092.04 183.54 1228.43 231.78 -1 -1 -1 -1000 -1000 -1000 -10 1
133 1 Car -1 -1 -1 1029.71 185.62 1161.51 227.18 -1 -1 -1 -1000 -1000 -1000 -10 1
134 27 Car -1 -1 -1 602.88 171.34 638.18 201.53 -1 -1 -1 -1000 -1000 -1000 -10 1
134 20 Car -1 -1 -1 962.90 183.22 1073.26 226.14 -1 -1 -1 -1000 -1000 -1000 -10 1
134 16 Car -1 -1 -1 1091.98 183.61 1228.84 231.79 -1 -1 -1 -1000 -1000 -1000 -10 1
134 1 Car -1 -1 -1 1029.66 185.62 1161.50 227.18 -1 -1 -1 -1000 -1000 -1000 -10 1
135 27 Car -1 -1 -1 603.15 171.49 638.24 201.77 -1 -1 -1 -1000 -1000 -1000 -10 1
135 20 Car -1 -1 -1 961.88 181.60 1071.27 225.15 -1 -1 -1 -1000 -1000 -1000 -10 1
135 16 Car -1 -1 -1 1091.84 183.59 1229.00 231.75 -1 -1 -1 -1000 -1000 -1000 -10 1
135 1 Car -1 -1 -1 1029.81 185.66 1161.70 227.20 -1 -1 -1 -1000 -1000 -1000 -10 1
136 27 Car -1 -1 -1 603.31 171.65 638.18 201.92 -1 -1 -1 -1000 -1000 -1000 -10 1
136 20 Car -1 -1 -1 961.59 180.97 1070.28 224.96 -1 -1 -1 -1000 -1000 -1000 -10 1
136 16 Car -1 -1 -1 1091.98 183.62 1229.21 231.76 -1 -1 -1 -1000 -1000 -1000 -10 1
136 1 Car -1 -1 -1 1029.61 185.68 1161.57 227.19 -1 -1 -1 -1000 -1000 -1000 -10 1
137 27 Car -1 -1 -1 603.54 171.72 638.29 201.97 -1 -1 -1 -1000 -1000 -1000 -10 1
137 20 Car -1 -1 -1 961.41 180.55 1069.77 224.83 -1 -1 -1 -1000 -1000 -1000 -10 1
137 16 Car -1 -1 -1 1091.88 183.65 1229.34 231.83 -1 -1 -1 -1000 -1000 -1000 -10 1
137 1 Car -1 -1 -1 1029.65 185.68 1161.70 227.19 -1 -1 -1 -1000 -1000 -1000 -10 1
138 27 Car -1 -1 -1 603.90 171.64 638.43 201.75 -1 -1 -1 -1000 -1000 -1000 -10 1
138 20 Car -1 -1 -1 962.59 182.45 1072.22 226.22 -1 -1 -1 -1000 -1000 -1000 -10 1
138 16 Car -1 -1 -1 1091.93 183.64 1229.41 231.82 -1 -1 -1 -1000 -1000 -1000 -10 1
138 1 Car -1 -1 -1 1029.81 185.69 1161.85 227.15 -1 -1 -1 -1000 -1000 -1000 -10 1
139 27 Car -1 -1 -1 603.89 171.78 638.49 201.81 -1 -1 -1 -1000 -1000 -1000 -10 1
139 20 Car -1 -1 -1 961.83 181.13 1070.75 225.18 -1 -1 -1 -1000 -1000 -1000 -10 1
139 16 Car -1 -1 -1 1091.58 183.63 1229.22 231.79 -1 -1 -1 -1000 -1000 -1000 -10 1
139 1 Car -1 -1 -1 1029.84 185.67 1161.84 227.13 -1 -1 -1 -1000 -1000 -1000 -10 1
140 27 Car -1 -1 -1 603.75 171.88 638.40 201.87 -1 -1 -1 -1000 -1000 -1000 -10 1
140 20 Car -1 -1 -1 961.88 180.72 1069.88 225.02 -1 -1 -1 -1000 -1000 -1000 -10 1
140 16 Car -1 -1 -1 1091.91 183.53 1227.12 231.68 -1 -1 -1 -1000 -1000 -1000 -10 1
140 1 Car -1 -1 -1 1029.97 185.60 1162.06 227.08 -1 -1 -1 -1000 -1000 -1000 -10 1
141 27 Car -1 -1 -1 603.54 171.78 638.18 201.83 -1 -1 -1 -1000 -1000 -1000 -10 1
141 20 Car -1 -1 -1 961.70 180.60 1069.50 225.06 -1 -1 -1 -1000 -1000 -1000 -10 1
141 16 Car -1 -1 -1 1092.02 183.59 1228.01 231.67 -1 -1 -1 -1000 -1000 -1000 -10 1
141 1 Car -1 -1 -1 1030.10 185.60 1161.99 227.06 -1 -1 -1 -1000 -1000 -1000 -10 1
142 27 Car -1 -1 -1 603.46 171.69 638.14 201.85 -1 -1 -1 -1000 -1000 -1000 -10 1
142 20 Car -1 -1 -1 961.75 180.46 1069.30 225.03 -1 -1 -1 -1000 -1000 -1000 -10 1
142 16 Car -1 -1 -1 1091.90 183.67 1228.46 231.80 -1 -1 -1 -1000 -1000 -1000 -10 1
142 1 Car -1 -1 -1 1030.20 185.64 1162.01 227.11 -1 -1 -1 -1000 -1000 -1000 -10 1
143 27 Car -1 -1 -1 603.42 171.68 638.20 201.98 -1 -1 -1 -1000 -1000 -1000 -10 1
143 20 Car -1 -1 -1 961.67 180.44 1069.23 225.03 -1 -1 -1 -1000 -1000 -1000 -10 1
143 16 Car -1 -1 -1 1091.90 183.65 1228.90 231.81 -1 -1 -1 -1000 -1000 -1000 -10 1
143 1 Car -1 -1 -1 1030.13 185.59 1161.81 227.10 -1 -1 -1 -1000 -1000 -1000 -10 1
144 27 Car -1 -1 -1 603.74 171.64 638.51 201.97 -1 -1 -1 -1000 -1000 -1000 -10 1
144 20 Car -1 -1 -1 961.55 180.47 1069.04 225.07 -1 -1 -1 -1000 -1000 -1000 -10 1
144 16 Car -1 -1 -1 1091.96 183.58 1229.17 231.69 -1 -1 -1 -1000 -1000 -1000 -10 1
144 1 Car -1 -1 -1 1030.09 185.58 1161.72 227.12 -1 -1 -1 -1000 -1000 -1000 -10 1
145 27 Car -1 -1 -1 603.63 171.48 638.51 201.89 -1 -1 -1 -1000 -1000 -1000 -10 1
145 20 Car -1 -1 -1 961.49 180.35 1069.10 224.96 -1 -1 -1 -1000 -1000 -1000 -10 1
145 16 Car -1 -1 -1 1091.85 183.61 1229.23 231.76 -1 -1 -1 -1000 -1000 -1000 -10 1
145 1 Car -1 -1 -1 1030.04 185.59 1161.67 227.12 -1 -1 -1 -1000 -1000 -1000 -10 1
146 27 Car -1 -1 -1 603.44 171.45 638.39 201.93 -1 -1 -1 -1000 -1000 -1000 -10 1
146 20 Car -1 -1 -1 961.39 180.44 1069.09 225.11 -1 -1 -1 -1000 -1000 -1000 -10 1
146 16 Car -1 -1 -1 1091.67 183.62 1229.36 231.84 -1 -1 -1 -1000 -1000 -1000 -10 1
146 1 Car -1 -1 -1 1030.20 185.63 1161.79 227.19 -1 -1 -1 -1000 -1000 -1000 -10 1
147 27 Car -1 -1 -1 603.40 171.44 638.36 201.96 -1 -1 -1 -1000 -1000 -1000 -10 1
147 20 Car -1 -1 -1 961.39 180.41 1068.98 225.19 -1 -1 -1 -1000 -1000 -1000 -10 1
147 16 Car -1 -1 -1 1091.83 183.65 1229.59 231.86 -1 -1 -1 -1000 -1000 -1000 -10 1
147 1 Car -1 -1 -1 1030.25 185.66 1162.01 227.20 -1 -1 -1 -1000 -1000 -1000 -10 1
148 27 Car -1 -1 -1 603.25 171.35 638.24 201.91 -1 -1 -1 -1000 -1000 -1000 -10 1
148 20 Car -1 -1 -1 961.24 180.32 1069.07 225.28 -1 -1 -1 -1000 -1000 -1000 -10 1
148 16 Car -1 -1 -1 1091.79 183.63 1229.64 231.84 -1 -1 -1 -1000 -1000 -1000 -10 1
148 1 Car -1 -1 -1 1030.22 185.67 1161.99 227.21 -1 -1 -1 -1000 -1000 -1000 -10 1
149 27 Car -1 -1 -1 602.91 171.35 637.83 201.91 -1 -1 -1 -1000 -1000 -1000 -10 1
149 20 Car -1 -1 -1 961.24 180.21 1069.08 225.23 -1 -1 -1 -1000 -1000 -1000 -10 1
149 16 Car -1 -1 -1 1091.54 183.69 1229.44 231.90 -1 -1 -1 -1000 -1000 -1000 -10 1
149 1 Car -1 -1 -1 1030.19 185.67 1162.03 227.25 -1 -1 -1 -1000 -1000 -1000 -10 1
150 27 Car -1 -1 -1 602.56 171.34 637.44 201.91 -1 -1 -1 -1000 -1000 -1000 -10 1
150 20 Car -1 -1 -1 961.66 180.19 1069.19 225.20 -1 -1 -1 -1000 -1000 -1000 -10 1
150 16 Car -1 -1 -1 1091.48 183.69 1229.48 231.95 -1 -1 -1 -1000 -1000 -1000 -10 1
150 1 Car -1 -1 -1 1030.12 185.61 1162.00 227.18 -1 -1 -1 -1000 -1000 -1000 -10 1
151 27 Car -1 -1 -1 602.19 171.30 637.01 201.92 -1 -1 -1 -1000 -1000 -1000 -10 1
151 20 Car -1 -1 -1 961.86 180.27 1069.09 225.35 -1 -1 -1 -1000 -1000 -1000 -10 1
151 16 Car -1 -1 -1 1091.44 183.66 1229.52 231.87 -1 -1 -1 -1000 -1000 -1000 -10 1
151 1 Car -1 -1 -1 1030.03 185.65 1161.85 227.18 -1 -1 -1 -1000 -1000 -1000 -10 1
152 27 Car -1 -1 -1 601.99 171.29 636.81 202.00 -1 -1 -1 -1000 -1000 -1000 -10 1
152 20 Car -1 -1 -1 961.76 180.28 1069.03 225.38 -1 -1 -1 -1000 -1000 -1000 -10 1
152 16 Car -1 -1 -1 1091.41 183.65 1229.49 231.81 -1 -1 -1 -1000 -1000 -1000 -10 1
152 1 Car -1 -1 -1 1030.16 185.71 1161.98 227.14 -1 -1 -1 -1000 -1000 -1000 -10 1
153 27 Car -1 -1 -1 601.98 171.31 636.83 202.08 -1 -1 -1 -1000 -1000 -1000 -10 1
153 20 Car -1 -1 -1 961.81 180.35 1069.01 225.45 -1 -1 -1 -1000 -1000 -1000 -10 1
153 16 Car -1 -1 -1 1091.44 183.61 1229.51 231.74 -1 -1 -1 -1000 -1000 -1000 -10 1
153 1 Car -1 -1 -1 1030.22 185.68 1162.02 227.16 -1 -1 -1 -1000 -1000 -1000 -10 1
154 27 Car -1 -1 -1 601.95 171.33 636.85 202.17 -1 -1 -1 -1000 -1000 -1000 -10 1
154 20 Car -1 -1 -1 961.44 180.40 1069.19 225.62 -1 -1 -1 -1000 -1000 -1000 -10 1
154 16 Car -1 -1 -1 1091.30 183.65 1229.40 231.79 -1 -1 -1 -1000 -1000 -1000 -10 1
154 1 Car -1 -1 -1 1030.14 185.71 1161.86 227.19 -1 -1 -1 -1000 -1000 -1000 -10 1
155 27 Car -1 -1 -1 601.81 171.39 636.75 202.29 -1 -1 -1 -1000 -1000 -1000 -10 1
155 20 Car -1 -1 -1 961.68 180.35 1069.05 225.46 -1 -1 -1 -1000 -1000 -1000 -10 1
155 16 Car -1 -1 -1 1091.39 183.67 1229.44 231.77 -1 -1 -1 -1000 -1000 -1000 -10 1
155 1 Car -1 -1 -1 1030.29 185.67 1161.95 227.14 -1 -1 -1 -1000 -1000 -1000 -10 1
156 27 Car -1 -1 -1 601.82 171.42 636.81 202.36 -1 -1 -1 -1000 -1000 -1000 -10 1
156 20 Car -1 -1 -1 961.49 180.29 1069.07 225.47 -1 -1 -1 -1000 -1000 -1000 -10 1
156 16 Car -1 -1 -1 1091.73 183.54 1227.24 231.66 -1 -1 -1 -1000 -1000 -1000 -10 1
156 1 Car -1 -1 -1 1030.15 185.63 1161.91 227.15 -1 -1 -1 -1000 -1000 -1000 -10 1
157 27 Car -1 -1 -1 601.78 171.23 636.85 202.25 -1 -1 -1 -1000 -1000 -1000 -10 1
157 20 Car -1 -1 -1 961.24 180.29 1069.20 225.50 -1 -1 -1 -1000 -1000 -1000 -10 1
157 16 Car -1 -1 -1 1092.11 183.59 1228.27 231.76 -1 -1 -1 -1000 -1000 -1000 -10 1
157 1 Car -1 -1 -1 1029.95 185.61 1161.62 227.20 -1 -1 -1 -1000 -1000 -1000 -10 1
158 27 Car -1 -1 -1 601.84 171.28 636.95 202.26 -1 -1 -1 -1000 -1000 -1000 -10 1
158 20 Car -1 -1 -1 961.53 180.32 1069.26 225.49 -1 -1 -1 -1000 -1000 -1000 -10 1
158 16 Car -1 -1 -1 1092.20 183.47 1226.33 231.65 -1 -1 -1 -1000 -1000 -1000 -10 1
158 1 Car -1 -1 -1 1029.99 185.63 1161.68 227.21 -1 -1 -1 -1000 -1000 -1000 -10 1
159 27 Car -1 -1 -1 601.77 171.33 636.89 202.28 -1 -1 -1 -1000 -1000 -1000 -10 1
159 20 Car -1 -1 -1 961.77 180.36 1069.29 225.58 -1 -1 -1 -1000 -1000 -1000 -10 1
159 16 Car -1 -1 -1 1092.76 183.42 1225.34 231.59 -1 -1 -1 -1000 -1000 -1000 -10 1
159 1 Car -1 -1 -1 1030.10 185.70 1161.78 227.18 -1 -1 -1 -1000 -1000 -1000 -10 1
160 27 Car -1 -1 -1 601.80 171.36 636.91 202.32 -1 -1 -1 -1000 -1000 -1000 -10 1
160 20 Car -1 -1 -1 961.79 180.30 1069.05 225.53 -1 -1 -1 -1000 -1000 -1000 -10 1
160 16 Car -1 -1 -1 1093.48 183.42 1224.92 231.62 -1 -1 -1 -1000 -1000 -1000 -10 1
160 1 Car -1 -1 -1 1030.20 185.77 1161.93 227.14 -1 -1 -1 -1000 -1000 -1000 -10 1
161 27 Car -1 -1 -1 601.93 171.44 637.05 202.34 -1 -1 -1 -1000 -1000 -1000 -10 1
161 20 Car -1 -1 -1 962.77 182.29 1071.75 226.73 -1 -1 -1 -1000 -1000 -1000 -10 1
161 16 Car -1 -1 -1 1093.43 183.50 1226.56 231.73 -1 -1 -1 -1000 -1000 -1000 -10 1
161 1 Car -1 -1 -1 1030.19 185.69 1161.88 227.10 -1 -1 -1 -1000 -1000 -1000 -10 1
162 27 Car -1 -1 -1 601.86 171.47 637.04 202.39 -1 -1 -1 -1000 -1000 -1000 -10 1
162 20 Car -1 -1 -1 963.00 183.10 1073.22 226.98 -1 -1 -1 -1000 -1000 -1000 -10 1
162 16 Car -1 -1 -1 1092.83 183.56 1227.45 231.71 -1 -1 -1 -1000 -1000 -1000 -10 1
162 1 Car -1 -1 -1 1030.17 185.68 1161.81 227.09 -1 -1 -1 -1000 -1000 -1000 -10 1
163 27 Car -1 -1 -1 601.84 171.51 637.18 202.46 -1 -1 -1 -1000 -1000 -1000 -10 1
163 20 Car -1 -1 -1 961.78 181.59 1071.37 225.87 -1 -1 -1 -1000 -1000 -1000 -10 1
163 16 Car -1 -1 -1 1092.55 183.59 1228.10 231.71 -1 -1 -1 -1000 -1000 -1000 -10 1
163 1 Car -1 -1 -1 1030.24 185.68 1162.00 227.12 -1 -1 -1 -1000 -1000 -1000 -10 1
164 27 Car -1 -1 -1 601.73 171.53 637.16 202.46 -1 -1 -1 -1000 -1000 -1000 -10 1
164 20 Car -1 -1 -1 962.45 182.85 1073.18 226.76 -1 -1 -1 -1000 -1000 -1000 -10 1
164 16 Car -1 -1 -1 1092.24 183.61 1228.56 231.74 -1 -1 -1 -1000 -1000 -1000 -10 1
164 1 Car -1 -1 -1 1030.13 185.70 1161.79 227.16 -1 -1 -1 -1000 -1000 -1000 -10 1
165 27 Car -1 -1 -1 601.48 171.51 636.99 202.44 -1 -1 -1 -1000 -1000 -1000 -10 1
165 20 Car -1 -1 -1 962.27 183.39 1073.93 227.01 -1 -1 -1 -1000 -1000 -1000 -10 1
165 16 Car -1 -1 -1 1092.11 183.61 1228.93 231.75 -1 -1 -1 -1000 -1000 -1000 -10 1
165 1 Car -1 -1 -1 1030.41 185.64 1162.07 227.13 -1 -1 -1 -1000 -1000 -1000 -10 1
166 27 Car -1 -1 -1 601.41 171.53 636.95 202.47 -1 -1 -1 -1000 -1000 -1000 -10 1
166 20 Car -1 -1 -1 961.40 181.66 1071.65 225.73 -1 -1 -1 -1000 -1000 -1000 -10 1
166 16 Car -1 -1 -1 1092.21 183.52 1226.87 231.68 -1 -1 -1 -1000 -1000 -1000 -10 1
166 1 Car -1 -1 -1 1030.35 185.59 1162.00 227.11 -1 -1 -1 -1000 -1000 -1000 -10 1
167 27 Car -1 -1 -1 601.23 171.59 636.77 202.53 -1 -1 -1 -1000 -1000 -1000 -10 1
167 20 Car -1 -1 -1 961.23 180.93 1070.62 225.32 -1 -1 -1 -1000 -1000 -1000 -10 1
167 16 Car -1 -1 -1 1092.67 183.40 1225.79 231.62 -1 -1 -1 -1000 -1000 -1000 -10 1
167 1 Car -1 -1 -1 1030.15 185.57 1161.85 227.13 -1 -1 -1 -1000 -1000 -1000 -10 1
168 27 Car -1 -1 -1 601.09 171.58 636.69 202.48 -1 -1 -1 -1000 -1000 -1000 -10 1
168 20 Car -1 -1 -1 961.18 180.68 1070.04 225.33 -1 -1 -1 -1000 -1000 -1000 -10 1
168 16 Car -1 -1 -1 1092.87 183.55 1227.26 231.77 -1 -1 -1 -1000 -1000 -1000 -10 1
168 1 Car -1 -1 -1 1030.19 185.65 1161.83 227.21 -1 -1 -1 -1000 -1000 -1000 -10 1
169 27 Car -1 -1 -1 601.16 171.57 636.82 202.42 -1 -1 -1 -1000 -1000 -1000 -10 1
169 20 Car -1 -1 -1 961.39 180.44 1069.62 225.21 -1 -1 -1 -1000 -1000 -1000 -10 1
169 16 Car -1 -1 -1 1093.03 183.47 1225.86 231.69 -1 -1 -1 -1000 -1000 -1000 -10 1
169 1 Car -1 -1 -1 1030.14 185.64 1161.84 227.17 -1 -1 -1 -1000 -1000 -1000 -10 1
