0 5 Car -1 -1 -1 402.78 170.57 458.21 198.13 -1 -1 -1 -1000 -1000 -1000 -10 1
0 4 Car -1 -1 -1 790.16 167.12 882.94 208.29 -1 -1 -1 -1000 -1000 -1000 -10 1
0 3 Car -1 -1 -1 438.20 173.40 472.91 193.70 -1 -1 -1 -1000 -1000 -1000 -10 1
0 2 Car -1 -1 -1 776.34 178.15 870.62 234.74 -1 -1 -1 -1000 -1000 -1000 -10 1
0 1 Car -1 -1 -1 788.97 155.06 893.04 194.33 -1 -1 -1 -1000 -1000 -1000 -10 1
1 5 Car -1 -1 -1 393.20 168.86 460.50 199.20 -1 -1 -1 -1000 -1000 -1000 -10 1
1 3 Car -1 -1 -1 434.46 170.48 470.74 191.73 -1 -1 -1 -1000 -1000 -1000 -10 1
1 2 Car -1 -1 -1 769.23 180.61 871.19 234.62 -1 -1 -1 -1000 -1000 -1000 -10 1
1 1 Car -1 -1 -1 791.04 150.86 904.43 192.55 -1 -1 -1 -1000 -1000 -1000 -10 1
2 5 Car -1 -1 -1 383.91 169.90 452.05 198.30 -1 -1 -1 -1000 -1000 -1000 -10 1
2 2 Car -1 -1 -1 766.28 176.80 868.74 230.50 -1 -1 -1 -1000 -1000 -1000 -10 1
2 1 Car -1 -1 -1 815.53 153.30 917.73 193.82 -1 -1 -1 -1000 -1000 -1000 -10 1
3 5 Car -1 -1 -1 379.96 171.12 444.49 201.37 -1 -1 -1 -1000 -1000 -1000 -10 1
3 2 Car -1 -1 -1 764.05 175.19 863.87 228.88 -1 -1 -1 -1000 -1000 -1000 -10 1
3 1 Car -1 -1 -1 830.81 153.25 927.87 192.93 -1 -1 -1 -1000 -1000 -1000 -10 1
4 5 Car -1 -1 -1 373.39 170.52 434.80 201.47 -1 -1 -1 -1000 -1000 -1000 -10 1
4 2 Car -1 -1 -1 764.19 179.80 858.64 231.02 -1 -1 -1 -1000 -1000 -1000 -10 1
4 1 Car -1 -1 -1 804.32 151.92 906.62 194.30 -1 -1 -1 -1000 -1000 -1000 -10 1
5 5 Car -1 -1 -1 366.87 175.33 426.83 205.64 -1 -1 -1 -1000 -1000 -1000 -10 1
5 2 Car -1 -1 -1 762.73 182.54 853.46 231.80 -1 -1 -1 -1000 -1000 -1000 -10 1
5 1 Car -1 -1 -1 810.52 159.69 899.33 196.56 -1 -1 -1 -1000 -1000 -1000 -10 1
6 2 Car -1 -1 -1 758.75 181.51 847.49 230.22 -1 -1 -1 -1000 -1000 -1000 -10 1
6 1 Car -1 -1 -1 807.14 163.41 887.79 197.82 -1 -1 -1 -1000 -1000 -1000 -10 1
7 2 Car -1 -1 -1 754.82 180.18 841.04 227.38 -1 -1 -1 -1000 -1000 -1000 -10 1
8 10 Car -1 -1 -1 329.89 171.40 396.27 206.91 -1 -1 -1 -1000 -1000 -1000 -10 1
8 2 Car -1 -1 -1 753.79 177.67 832.46 223.57 -1 -1 -1 -1000 -1000 -1000 -10 1
10 11 Car -1 -1 -1 851.44 143.68 991.13 187.07 -1 -1 -1 -1000 -1000 -1000 -10 1
10 5 Car -1 -1 -1 325.51 171.65 389.30 203.78 -1 -1 -1 -1000 -1000 -1000 -10 1
10 2 Car -1 -1 -1 752.71 173.12 822.66 217.44 -1 -1 -1 -1000 -1000 -1000 -10 1
10 1 Car -1 -1 -1 800.59 161.50 869.91 191.29 -1 -1 -1 -1000 -1000 -1000 -10 1
11 11 Car -1 -1 -1 869.69 141.42 1009.25 185.91 -1 -1 -1 -1000 -1000 -1000 -10 1
11 5 Car -1 -1 -1 315.55 170.76 387.82 204.42 -1 -1 -1 -1000 -1000 -1000 -10 1
11 2 Car -1 -1 -1 751.23 172.71 817.49 216.36 -1 -1 -1 -1000 -1000 -1000 -10 1
12 11 Car -1 -1 -1 847.33 146.68 974.85 189.09 -1 -1 -1 -1000 -1000 -1000 -10 1
12 5 Car -1 -1 -1 303.99 171.48 379.46 206.95 -1 -1 -1 -1000 -1000 -1000 -10 1
12 2 Car -1 -1 -1 750.81 173.61 813.95 216.48 -1 -1 -1 -1000 -1000 -1000 -10 1
13 11 Car -1 -1 -1 856.56 152.32 976.62 194.96 -1 -1 -1 -1000 -1000 -1000 -10 1
13 5 Car -1 -1 -1 292.03 170.81 373.51 210.64 -1 -1 -1 -1000 -1000 -1000 -10 1
13 2 Car -1 -1 -1 747.84 175.59 810.27 218.44 -1 -1 -1 -1000 -1000 -1000 -10 1
14 5 Car -1 -1 -1 283.64 169.60 373.18 211.49 -1 -1 -1 -1000 -1000 -1000 -10 1
14 2 Car -1 -1 -1 745.36 177.54 807.04 220.35 -1 -1 -1 -1000 -1000 -1000 -10 1
15 16 Car -1 -1 -1 437.54 181.54 470.84 201.61 -1 -1 -1 -1000 -1000 -1000 -10 1
15 5 Car -1 -1 -1 274.24 171.05 370.10 213.66 -1 -1 -1 -1000 -1000 -1000 -10 1
15 2 Car -1 -1 -1 742.49 178.24 803.30 220.80 -1 -1 -1 -1000 -1000 -1000 -10 1
16 5 Car -1 -1 -1 263.78 170.85 362.85 217.00 -1 -1 -1 -1000 -1000 -1000 -10 1
16 2 Car -1 -1 -1 741.18 178.02 800.48 220.23 -1 -1 -1 -1000 -1000 -1000 -10 1
17 17 Car -1 -1 -1 824.20 159.89 928.10 192.26 -1 -1 -1 -1000 -1000 -1000 -10 1
17 5 Car -1 -1 -1 252.13 170.89 357.26 217.04 -1 -1 -1 -1000 -1000 -1000 -10 1
17 2 Car -1 -1 -1 739.42 177.08 797.95 219.19 -1 -1 -1 -1000 -1000 -1000 -10 1
18 17 Car -1 -1 -1 828.47 159.58 932.33 190.82 -1 -1 -1 -1000 -1000 -1000 -10 1
18 5 Car -1 -1 -1 242.95 168.78 348.70 217.53 -1 -1 -1 -1000 -1000 -1000 -10 1
18 2 Car -1 -1 -1 738.20 176.65 795.14 217.88 -1 -1 -1 -1000 -1000 -1000 -10 1
19 20 Car -1 -1 -1 843.46 162.50 931.06 196.60 -1 -1 -1 -1000 -1000 -1000 -10 1
19 17 Car -1 -1 -1 834.41 160.87 932.57 192.44 -1 -1 -1 -1000 -1000 -1000 -10 1
19 5 Car -1 -1 -1 228.57 169.76 338.14 219.98 -1 -1 -1 -1000 -1000 -1000 -10 1
19 2 Car -1 -1 -1 737.23 176.27 792.69 216.95 -1 -1 -1 -1000 -1000 -1000 -10 1
20 20 Car -1 -1 -1 842.71 160.50 934.71 195.82 -1 -1 -1 -1000 -1000 -1000 -10 1
20 17 Car -1 -1 -1 839.70 158.13 945.84 191.57 -1 -1 -1 -1000 -1000 -1000 -10 1
20 5 Car -1 -1 -1 213.73 171.25 328.80 221.67 -1 -1 -1 -1000 -1000 -1000 -10 1
20 2 Car -1 -1 -1 737.06 176.22 791.16 216.57 -1 -1 -1 -1000 -1000 -1000 -10 1
21 22 Car -1 -1 -1 408.02 184.08 466.47 219.59 -1 -1 -1 -1000 -1000 -1000 -10 1
21 20 Car -1 -1 -1 842.10 158.94 944.28 197.72 -1 -1 -1 -1000 -1000 -1000 -10 1
21 17 Car -1 -1 -1 842.52 156.99 956.01 192.33 -1 -1 -1 -1000 -1000 -1000 -10 1
21 5 Car -1 -1 -1 198.73 174.16 320.38 226.17 -1 -1 -1 -1000 -1000 -1000 -10 1
21 2 Car -1 -1 -1 735.41 177.71 789.60 218.72 -1 -1 -1 -1000 -1000 -1000 -10 1
22 22 Car -1 -1 -1 389.94 182.28 454.48 220.67 -1 -1 -1 -1000 -1000 -1000 -10 1
22 5 Car -1 -1 -1 182.13 175.37 309.65 229.17 -1 -1 -1 -1000 -1000 -1000 -10 1
22 2 Car -1 -1 -1 733.56 178.07 787.44 219.27 -1 -1 -1 -1000 -1000 -1000 -10 1
23 22 Car -1 -1 -1 369.93 181.18 444.21 225.54 -1 -1 -1 -1000 -1000 -1000 -10 1
23 5 Car -1 -1 -1 162.94 176.14 296.75 231.63 -1 -1 -1 -1000 -1000 -1000 -10 1
23 2 Car -1 -1 -1 732.04 178.84 785.65 219.84 -1 -1 -1 -1000 -1000 -1000 -10 1
24 22 Car -1 -1 -1 346.37 184.28 428.97 228.96 -1 -1 -1 -1000 -1000 -1000 -10 1
24 5 Car -1 -1 -1 141.38 174.11 284.32 233.34 -1 -1 -1 -1000 -1000 -1000 -10 1
24 2 Car -1 -1 -1 730.83 179.43 783.15 220.35 -1 -1 -1 -1000 -1000 -1000 -10 1
25 22 Car -1 -1 -1 311.87 184.42 409.38 233.00 -1 -1 -1 -1000 -1000 -1000 -10 1
25 5 Car -1 -1 -1 118.85 173.21 268.05 233.59 -1 -1 -1 -1000 -1000 -1000 -10 1
25 2 Car -1 -1 -1 727.76 179.62 779.33 220.68 -1 -1 -1 -1000 -1000 -1000 -10 1
26 22 Car -1 -1 -1 281.80 185.04 387.48 238.72 -1 -1 -1 -1000 -1000 -1000 -10 1
26 5 Car -1 -1 -1 101.95 171.89 255.13 234.96 -1 -1 -1 -1000 -1000 -1000 -10 1
26 2 Car -1 -1 -1 724.31 179.63 775.16 220.66 -1 -1 -1 -1000 -1000 -1000 -10 1
27 22 Car -1 -1 -1 232.28 186.42 358.42 247.51 -1 -1 -1 -1000 -1000 -1000 -10 1
27 5 Car -1 -1 -1 77.79 168.30 239.33 235.18 -1 -1 -1 -1000 -1000 -1000 -10 1
27 2 Car -1 -1 -1 719.65 179.90 771.23 221.15 -1 -1 -1 -1000 -1000 -1000 -10 1
28 27 Car -1 -1 -1 375.42 178.97 434.38 212.05 -1 -1 -1 -1000 -1000 -1000 -10 1
28 26 Car -1 -1 -1 33.50 162.91 208.64 242.15 -1 -1 -1 -1000 -1000 -1000 -10 1
28 22 Car -1 -1 -1 168.11 183.52 323.63 255.86 -1 -1 -1 -1000 -1000 -1000 -10 1
29 26 Car -1 -1 -1 26.33 164.82 245.33 262.98 -1 -1 -1 -1000 -1000 -1000 -10 1
30 26 Car -1 -1 -1 -2.76 171.15 234.72 285.76 -1 -1 -1 -1000 -1000 -1000 -10 1
31 26 Car -1 -1 -1 -18.76 167.98 198.49 284.59 -1 -1 -1 -1000 -1000 -1000 -10 1
31 2 Car -1 -1 -1 705.61 174.13 756.60 213.64 -1 -1 -1 -1000 -1000 -1000 -10 1
32 31 Car -1 -1 -1 413.51 175.71 464.78 205.96 -1 -1 -1 -1000 -1000 -1000 -10 1
32 27 Car -1 -1 -1 304.12 180.04 380.49 221.19 -1 -1 -1 -1000 -1000 -1000 -10 1
32 2 Car -1 -1 -1 703.81 175.52 754.61 214.49 -1 -1 -1 -1000 -1000 -1000 -10 1
33 31 Car -1 -1 -1 387.66 178.59 452.52 216.16 -1 -1 -1 -1000 -1000 -1000 -10 1
33 27 Car -1 -1 -1 276.69 178.77 361.87 224.24 -1 -1 -1 -1000 -1000 -1000 -10 1
33 2 Car -1 -1 -1 701.92 175.92 752.37 214.69 -1 -1 -1 -1000 -1000 -1000 -10 1
34 31 Car -1 -1 -1 357.81 177.39 437.60 220.87 -1 -1 -1 -1000 -1000 -1000 -10 1
34 27 Car -1 -1 -1 245.50 179.03 343.99 227.77 -1 -1 -1 -1000 -1000 -1000 -10 1
34 2 Car -1 -1 -1 701.81 175.63 750.79 213.87 -1 -1 -1 -1000 -1000 -1000 -10 1
35 31 Car -1 -1 -1 333.86 178.20 423.76 224.57 -1 -1 -1 -1000 -1000 -1000 -10 1
35 27 Car -1 -1 -1 210.15 182.12 323.47 231.61 -1 -1 -1 -1000 -1000 -1000 -10 1
35 2 Car -1 -1 -1 697.25 177.02 745.33 215.82 -1 -1 -1 -1000 -1000 -1000 -10 1
36 35 Car -1 -1 -1 -7.34 185.66 83.12 234.06 -1 -1 -1 -1000 -1000 -1000 -10 1
36 31 Car -1 -1 -1 303.91 178.82 405.62 228.94 -1 -1 -1 -1000 -1000 -1000 -10 1
36 27 Car -1 -1 -1 175.09 183.75 295.15 235.43 -1 -1 -1 -1000 -1000 -1000 -10 1
36 2 Car -1 -1 -1 695.27 177.34 743.20 216.85 -1 -1 -1 -1000 -1000 -1000 -10 1
37 37 Car -1 -1 -1 596.11 171.81 626.16 196.02 -1 -1 -1 -1000 -1000 -1000 -10 1
37 35 Car -1 -1 -1 -13.33 186.81 58.91 231.82 -1 -1 -1 -1000 -1000 -1000 -10 1
37 31 Car -1 -1 -1 267.30 178.31 381.98 235.04 -1 -1 -1 -1000 -1000 -1000 -10 1
37 27 Car -1 -1 -1 121.66 185.26 260.24 241.81 -1 -1 -1 -1000 -1000 -1000 -10 1
37 2 Car -1 -1 -1 693.23 176.70 740.55 216.69 -1 -1 -1 -1000 -1000 -1000 -10 1
38 37 Car -1 -1 -1 596.69 169.86 626.29 193.36 -1 -1 -1 -1000 -1000 -1000 -10 1
38 31 Car -1 -1 -1 219.87 182.28 343.62 244.94 -1 -1 -1 -1000 -1000 -1000 -10 1
38 27 Car -1 -1 -1 56.25 186.82 213.54 248.28 -1 -1 -1 -1000 -1000 -1000 -10 1
38 2 Car -1 -1 -1 694.36 175.35 740.56 213.60 -1 -1 -1 -1000 -1000 -1000 -10 1
39 37 Car -1 -1 -1 594.91 171.97 624.58 195.84 -1 -1 -1 -1000 -1000 -1000 -10 1
39 31 Car -1 -1 -1 157.03 182.47 304.57 254.02 -1 -1 -1 -1000 -1000 -1000 -10 1
39 27 Car -1 -1 -1 10.09 186.76 172.35 251.97 -1 -1 -1 -1000 -1000 -1000 -10 1
39 2 Car -1 -1 -1 694.83 174.66 740.18 211.65 -1 -1 -1 -1000 -1000 -1000 -10 1
40 37 Car -1 -1 -1 595.36 172.32 624.78 196.31 -1 -1 -1 -1000 -1000 -1000 -10 1
40 31 Car -1 -1 -1 72.81 189.26 245.04 266.47 -1 -1 -1 -1000 -1000 -1000 -10 1
40 27 Car -1 -1 -1 -16.45 191.13 137.31 257.71 -1 -1 -1 -1000 -1000 -1000 -10 1
40 2 Car -1 -1 -1 692.68 175.48 737.09 212.72 -1 -1 -1 -1000 -1000 -1000 -10 1
41 37 Car -1 -1 -1 594.65 172.22 624.38 196.80 -1 -1 -1 -1000 -1000 -1000 -10 1
41 31 Car -1 -1 -1 9.89 200.68 197.50 290.24 -1 -1 -1 -1000 -1000 -1000 -10 1
41 2 Car -1 -1 -1 694.76 174.66 738.21 211.08 -1 -1 -1 -1000 -1000 -1000 -10 1
42 39 Car -1 -1 -1 133.08 172.43 274.22 240.86 -1 -1 -1 -1000 -1000 -1000 -10 1
42 37 Car -1 -1 -1 594.20 169.86 624.34 194.37 -1 -1 -1 -1000 -1000 -1000 -10 1
42 31 Car -1 -1 -1 -28.63 206.18 132.90 300.21 -1 -1 -1 -1000 -1000 -1000 -10 1
42 2 Car -1 -1 -1 692.28 175.35 735.76 211.07 -1 -1 -1 -1000 -1000 -1000 -10 1
43 40 Car -1 -1 -1 229.62 174.87 349.56 238.44 -1 -1 -1 -1000 -1000 -1000 -10 1
43 39 Car -1 -1 -1 76.05 174.92 236.21 249.20 -1 -1 -1 -1000 -1000 -1000 -10 1
43 37 Car -1 -1 -1 593.66 169.13 624.23 193.58 -1 -1 -1 -1000 -1000 -1000 -10 1
43 2 Car -1 -1 -1 690.47 175.25 734.65 211.03 -1 -1 -1 -1000 -1000 -1000 -10 1
44 42 Car -1 -1 -1 323.61 177.16 387.54 214.76 -1 -1 -1 -1000 -1000 -1000 -10 1
44 40 Car -1 -1 -1 179.98 180.61 315.97 248.94 -1 -1 -1 -1000 -1000 -1000 -10 1
44 39 Car -1 -1 -1 14.98 177.92 194.48 256.67 -1 -1 -1 -1000 -1000 -1000 -10 1
44 37 Car -1 -1 -1 593.99 168.82 624.94 193.10 -1 -1 -1 -1000 -1000 -1000 -10 1
44 2 Car -1 -1 -1 688.92 175.40 734.13 211.67 -1 -1 -1 -1000 -1000 -1000 -10 1
45 42 Car -1 -1 -1 299.91 178.71 374.33 220.62 -1 -1 -1 -1000 -1000 -1000 -10 1
45 40 Car -1 -1 -1 118.17 185.51 274.90 258.89 -1 -1 -1 -1000 -1000 -1000 -10 1
45 39 Car -1 -1 -1 -18.18 183.40 154.53 264.25 -1 -1 -1 -1000 -1000 -1000 -10 1
45 37 Car -1 -1 -1 593.47 169.51 624.85 193.68 -1 -1 -1 -1000 -1000 -1000 -10 1
45 2 Car -1 -1 -1 689.93 175.09 734.73 210.85 -1 -1 -1 -1000 -1000 -1000 -10 1
46 42 Car -1 -1 -1 277.02 176.30 361.59 221.76 -1 -1 -1 -1000 -1000 -1000 -10 1
46 40 Car -1 -1 -1 32.41 187.33 227.80 276.59 -1 -1 -1 -1000 -1000 -1000 -10 1
46 37 Car -1 -1 -1 591.88 169.99 623.83 193.99 -1 -1 -1 -1000 -1000 -1000 -10 1
46 2 Car -1 -1 -1 688.35 175.18 734.62 211.51 -1 -1 -1 -1000 -1000 -1000 -10 1
47 42 Car -1 -1 -1 254.46 178.27 347.16 226.87 -1 -1 -1 -1000 -1000 -1000 -10 1
47 40 Car -1 -1 -1 -14.02 195.00 179.77 292.31 -1 -1 -1 -1000 -1000 -1000 -10 1
47 37 Car -1 -1 -1 590.78 171.27 622.74 194.98 -1 -1 -1 -1000 -1000 -1000 -10 1
47 2 Car -1 -1 -1 689.93 177.13 736.27 213.29 -1 -1 -1 -1000 -1000 -1000 -10 1
48 42 Car -1 -1 -1 224.42 182.32 329.69 232.92 -1 -1 -1 -1000 -1000 -1000 -10 1
48 37 Car -1 -1 -1 592.80 172.45 625.07 198.01 -1 -1 -1 -1000 -1000 -1000 -10 1
48 2 Car -1 -1 -1 689.67 177.73 735.28 213.29 -1 -1 -1 -1000 -1000 -1000 -10 1
49 42 Car -1 -1 -1 191.04 181.72 308.86 238.18 -1 -1 -1 -1000 -1000 -1000 -10 1
49 37 Car -1 -1 -1 593.91 173.81 625.68 200.31 -1 -1 -1 -1000 -1000 -1000 -10 1
49 2 Car -1 -1 -1 694.32 178.16 738.18 212.59 -1 -1 -1 -1000 -1000 -1000 -10 1
50 45 Car -1 -1 -1 409.02 166.51 470.77 211.96 -1 -1 -1 -1000 -1000 -1000 -10 1
50 42 Car -1 -1 -1 148.35 180.07 282.78 243.48 -1 -1 -1 -1000 -1000 -1000 -10 1
50 37 Car -1 -1 -1 584.99 174.44 615.80 200.45 -1 -1 -1 -1000 -1000 -1000 -10 1
50 2 Car -1 -1 -1 697.92 178.75 740.44 212.52 -1 -1 -1 -1000 -1000 -1000 -10 1
51 42 Car -1 -1 -1 99.26 184.86 246.30 248.12 -1 -1 -1 -1000 -1000 -1000 -10 1
51 37 Car -1 -1 -1 587.22 175.12 619.21 201.90 -1 -1 -1 -1000 -1000 -1000 -10 1
51 2 Car -1 -1 -1 701.19 178.71 743.02 212.00 -1 -1 -1 -1000 -1000 -1000 -10 1
52 42 Car -1 -1 -1 36.54 186.98 200.87 256.11 -1 -1 -1 -1000 -1000 -1000 -10 1
52 2 Car -1 -1 -1 705.66 178.79 746.90 211.79 -1 -1 -1 -1000 -1000 -1000 -10 1
53 47 Car -1 -1 -1 225.02 181.41 285.79 217.09 -1 -1 -1 -1000 -1000 -1000 -10 1
53 42 Car -1 -1 -1 -7.44 191.98 158.31 264.08 -1 -1 -1 -1000 -1000 -1000 -10 1
53 2 Car -1 -1 -1 705.42 177.91 748.65 213.00 -1 -1 -1 -1000 -1000 -1000 -10 1
54 47 Car -1 -1 -1 217.48 182.91 277.03 218.28 -1 -1 -1 -1000 -1000 -1000 -10 1
54 45 Car -1 -1 -1 358.34 173.75 440.50 224.49 -1 -1 -1 -1000 -1000 -1000 -10 1
54 42 Car -1 -1 -1 -30.77 191.71 111.21 265.40 -1 -1 -1 -1000 -1000 -1000 -10 1
54 2 Car -1 -1 -1 715.65 175.77 757.32 211.24 -1 -1 -1 -1000 -1000 -1000 -10 1
55 47 Car -1 -1 -1 207.40 182.21 268.60 217.93 -1 -1 -1 -1000 -1000 -1000 -10 1
55 45 Car -1 -1 -1 337.39 173.02 430.02 226.35 -1 -1 -1 -1000 -1000 -1000 -10 1
55 37 Car -1 -1 -1 591.98 171.10 630.09 202.76 -1 -1 -1 -1000 -1000 -1000 -10 1
55 2 Car -1 -1 -1 721.32 173.13 763.54 208.71 -1 -1 -1 -1000 -1000 -1000 -10 1
56 47 Car -1 -1 -1 198.34 183.51 260.02 218.55 -1 -1 -1 -1000 -1000 -1000 -10 1
56 45 Car -1 -1 -1 321.79 171.69 420.54 228.65 -1 -1 -1 -1000 -1000 -1000 -10 1
56 37 Car -1 -1 -1 593.20 169.57 633.88 203.49 -1 -1 -1 -1000 -1000 -1000 -10 1
56 2 Car -1 -1 -1 729.78 173.10 771.76 207.69 -1 -1 -1 -1000 -1000 -1000 -10 1
57 51 Car -1 -1 -1 523.12 165.42 558.44 197.47 -1 -1 -1 -1000 -1000 -1000 -10 1
57 47 Car -1 -1 -1 183.35 182.20 249.91 219.30 -1 -1 -1 -1000 -1000 -1000 -10 1
57 45 Car -1 -1 -1 293.13 170.83 404.26 231.95 -1 -1 -1 -1000 -1000 -1000 -10 1
57 37 Car -1 -1 -1 595.70 166.65 637.28 202.53 -1 -1 -1 -1000 -1000 -1000 -10 1
57 2 Car -1 -1 -1 740.21 171.36 782.21 204.51 -1 -1 -1 -1000 -1000 -1000 -10 1
58 54 Car -1 -1 -1 264.53 165.68 389.36 236.69 -1 -1 -1 -1000 -1000 -1000 -10 1
58 47 Car -1 -1 -1 173.32 182.54 241.39 221.15 -1 -1 -1 -1000 -1000 -1000 -10 1
58 45 Car -1 -1 -1 268.39 167.53 390.85 233.43 -1 -1 -1 -1000 -1000 -1000 -10 1
58 37 Car -1 -1 -1 594.19 165.74 635.79 202.56 -1 -1 -1 -1000 -1000 -1000 -10 1
58 2 Car -1 -1 -1 748.68 171.25 791.79 203.59 -1 -1 -1 -1000 -1000 -1000 -10 1
59 54 Car -1 -1 -1 230.92 160.92 365.76 239.57 -1 -1 -1 -1000 -1000 -1000 -10 1
59 47 Car -1 -1 -1 160.58 180.92 235.31 222.09 -1 -1 -1 -1000 -1000 -1000 -10 1
59 45 Car -1 -1 -1 237.08 167.32 371.02 237.28 -1 -1 -1 -1000 -1000 -1000 -10 1
59 37 Car -1 -1 -1 593.75 166.58 636.68 204.27 -1 -1 -1 -1000 -1000 -1000 -10 1
59 2 Car -1 -1 -1 758.92 169.10 805.67 200.31 -1 -1 -1 -1000 -1000 -1000 -10 1
60 54 Car -1 -1 -1 190.22 159.83 344.44 248.27 -1 -1 -1 -1000 -1000 -1000 -10 1
60 47 Car -1 -1 -1 150.99 179.11 225.58 222.04 -1 -1 -1 -1000 -1000 -1000 -10 1
60 45 Car -1 -1 -1 202.79 168.39 347.38 243.33 -1 -1 -1 -1000 -1000 -1000 -10 1
60 37 Car -1 -1 -1 593.11 164.51 637.35 203.22 -1 -1 -1 -1000 -1000 -1000 -10 1
60 2 Car -1 -1 -1 766.60 167.23 813.68 198.13 -1 -1 -1 -1000 -1000 -1000 -10 1
61 54 Car -1 -1 -1 141.42 158.37 318.51 257.82 -1 -1 -1 -1000 -1000 -1000 -10 1
61 37 Car -1 -1 -1 592.23 163.81 637.69 203.66 -1 -1 -1 -1000 -1000 -1000 -10 1
61 2 Car -1 -1 -1 777.98 168.13 829.55 196.78 -1 -1 -1 -1000 -1000 -1000 -10 1
62 54 Car -1 -1 -1 86.40 159.61 289.90 265.66 -1 -1 -1 -1000 -1000 -1000 -10 1
62 37 Car -1 -1 -1 590.51 163.95 637.96 204.76 -1 -1 -1 -1000 -1000 -1000 -10 1
62 2 Car -1 -1 -1 791.51 169.39 841.76 198.19 -1 -1 -1 -1000 -1000 -1000 -10 1
63 54 Car -1 -1 -1 19.61 161.93 252.46 281.53 -1 -1 -1 -1000 -1000 -1000 -10 1
63 37 Car -1 -1 -1 590.38 162.86 639.11 205.57 -1 -1 -1 -1000 -1000 -1000 -10 1
63 2 Car -1 -1 -1 805.91 169.23 859.03 197.93 -1 -1 -1 -1000 -1000 -1000 -10 1
64 56 Car -1 -1 -1 330.36 176.90 417.49 223.41 -1 -1 -1 -1000 -1000 -1000 -10 1
64 54 Car -1 -1 -1 -15.89 166.83 220.60 294.05 -1 -1 -1 -1000 -1000 -1000 -10 1
64 37 Car -1 -1 -1 590.28 162.32 639.97 206.94 -1 -1 -1 -1000 -1000 -1000 -10 1
64 2 Car -1 -1 -1 817.82 170.23 870.73 198.00 -1 -1 -1 -1000 -1000 -1000 -10 1
65 56 Car -1 -1 -1 309.24 179.71 405.41 228.60 -1 -1 -1 -1000 -1000 -1000 -10 1
65 54 Car -1 -1 -1 -33.40 168.58 184.78 296.60 -1 -1 -1 -1000 -1000 -1000 -10 1
65 37 Car -1 -1 -1 589.88 162.17 640.47 208.29 -1 -1 -1 -1000 -1000 -1000 -10 1
65 2 Car -1 -1 -1 829.83 170.99 881.46 197.17 -1 -1 -1 -1000 -1000 -1000 -10 1
66 59 Car -1 -1 -1 402.26 168.49 477.52 203.73 -1 -1 -1 -1000 -1000 -1000 -10 1
66 58 Car -1 -1 -1 897.63 163.29 974.81 194.02 -1 -1 -1 -1000 -1000 -1000 -10 1
66 56 Car -1 -1 -1 282.73 181.30 390.00 232.77 -1 -1 -1 -1000 -1000 -1000 -10 1
66 37 Car -1 -1 -1 588.58 162.24 640.01 209.36 -1 -1 -1 -1000 -1000 -1000 -10 1
66 2 Car -1 -1 -1 842.47 171.05 897.83 197.83 -1 -1 -1 -1000 -1000 -1000 -10 1
67 59 Car -1 -1 -1 387.83 162.98 478.75 205.68 -1 -1 -1 -1000 -1000 -1000 -10 1
67 58 Car -1 -1 -1 881.28 164.45 958.31 194.56 -1 -1 -1 -1000 -1000 -1000 -10 1
67 56 Car -1 -1 -1 253.17 181.64 372.68 236.46 -1 -1 -1 -1000 -1000 -1000 -10 1
67 37 Car -1 -1 -1 588.90 161.91 641.56 210.06 -1 -1 -1 -1000 -1000 -1000 -10 1
67 2 Car -1 -1 -1 857.77 170.32 917.13 197.32 -1 -1 -1 -1000 -1000 -1000 -10 1
68 59 Car -1 -1 -1 376.55 163.73 467.18 207.43 -1 -1 -1 -1000 -1000 -1000 -10 1
68 58 Car -1 -1 -1 877.72 162.96 951.39 193.71 -1 -1 -1 -1000 -1000 -1000 -10 1
68 56 Car -1 -1 -1 225.80 183.68 349.71 241.81 -1 -1 -1 -1000 -1000 -1000 -10 1
68 37 Car -1 -1 -1 588.01 162.03 641.59 210.86 -1 -1 -1 -1000 -1000 -1000 -10 1
69 59 Car -1 -1 -1 367.33 167.05 456.35 209.75 -1 -1 -1 -1000 -1000 -1000 -10 1
69 58 Car -1 -1 -1 883.44 162.48 955.93 193.76 -1 -1 -1 -1000 -1000 -1000 -10 1
69 56 Car -1 -1 -1 183.79 182.98 324.56 248.02 -1 -1 -1 -1000 -1000 -1000 -10 1
69 37 Car -1 -1 -1 586.32 162.39 640.33 211.16 -1 -1 -1 -1000 -1000 -1000 -10 1
70 63 Car -1 -1 -1 7.28 187.95 94.99 240.17 -1 -1 -1 -1000 -1000 -1000 -10 1
70 58 Car -1 -1 -1 884.75 162.94 958.24 194.31 -1 -1 -1 -1000 -1000 -1000 -10 1
70 56 Car -1 -1 -1 136.46 182.93 295.32 253.79 -1 -1 -1 -1000 -1000 -1000 -10 1
70 37 Car -1 -1 -1 584.74 163.86 639.50 212.71 -1 -1 -1 -1000 -1000 -1000 -10 1
71 63 Car -1 -1 -1 -4.75 185.89 82.85 241.58 -1 -1 -1 -1000 -1000 -1000 -10 1
71 56 Car -1 -1 -1 79.59 184.32 264.14 264.73 -1 -1 -1 -1000 -1000 -1000 -10 1
71 37 Car -1 -1 -1 585.37 164.92 641.03 214.57 -1 -1 -1 -1000 -1000 -1000 -10 1
72 56 Car -1 -1 -1 21.04 189.79 220.63 273.46 -1 -1 -1 -1000 -1000 -1000 -10 1
72 37 Car -1 -1 -1 586.42 164.96 642.99 215.43 -1 -1 -1 -1000 -1000 -1000 -10 1
73 64 Car -1 -1 -1 282.68 174.31 410.08 226.39 -1 -1 -1 -1000 -1000 -1000 -10 1
73 56 Car -1 -1 -1 -12.76 194.49 186.26 287.52 -1 -1 -1 -1000 -1000 -1000 -10 1
73 37 Car -1 -1 -1 586.17 165.95 644.09 217.68 -1 -1 -1 -1000 -1000 -1000 -10 1
74 66 Car -1 -1 -1 1007.25 161.39 1109.70 198.20 -1 -1 -1 -1000 -1000 -1000 -10 1
74 64 Car -1 -1 -1 255.81 172.47 396.23 232.60 -1 -1 -1 -1000 -1000 -1000 -10 1
74 58 Car -1 -1 -1 836.78 161.48 899.57 187.58 -1 -1 -1 -1000 -1000 -1000 -10 1
74 56 Car -1 -1 -1 -34.36 197.43 143.44 296.13 -1 -1 -1 -1000 -1000 -1000 -10 1
74 37 Car -1 -1 -1 586.46 167.68 645.89 220.72 -1 -1 -1 -1000 -1000 -1000 -10 1
75 66 Car -1 -1 -1 1023.03 163.39 1119.64 197.81 -1 -1 -1 -1000 -1000 -1000 -10 1
75 64 Car -1 -1 -1 224.86 174.55 374.50 240.46 -1 -1 -1 -1000 -1000 -1000 -10 1
75 37 Car -1 -1 -1 585.69 168.14 646.30 222.10 -1 -1 -1 -1000 -1000 -1000 -10 1
76 66 Car -1 -1 -1 1052.44 162.90 1155.03 198.65 -1 -1 -1 -1000 -1000 -1000 -10 1
76 64 Car -1 -1 -1 187.66 178.78 348.32 249.09 -1 -1 -1 -1000 -1000 -1000 -10 1
76 37 Car -1 -1 -1 584.08 167.65 646.02 222.55 -1 -1 -1 -1000 -1000 -1000 -10 1
77 66 Car -1 -1 -1 1081.74 163.12 1190.51 199.84 -1 -1 -1 -1000 -1000 -1000 -10 1
77 64 Car -1 -1 -1 138.78 182.60 315.31 258.21 -1 -1 -1 -1000 -1000 -1000 -10 1
77 37 Car -1 -1 -1 582.05 168.09 644.28 223.67 -1 -1 -1 -1000 -1000 -1000 -10 1
78 68 Car -1 -1 -1 -3.36 175.88 95.18 222.05 -1 -1 -1 -1000 -1000 -1000 -10 1
78 66 Car -1 -1 -1 1102.61 162.40 1218.11 200.71 -1 -1 -1 -1000 -1000 -1000 -10 1
78 64 Car -1 -1 -1 75.80 184.48 285.49 271.81 -1 -1 -1 -1000 -1000 -1000 -10 1
78 58 Car -1 -1 -1 793.41 162.47 859.59 188.62 -1 -1 -1 -1000 -1000 -1000 -10 1
78 37 Car -1 -1 -1 578.91 166.98 642.76 224.34 -1 -1 -1 -1000 -1000 -1000 -10 1
79 66 Car -1 -1 -1 1122.00 156.71 1244.63 199.30 -1 -1 -1 -1000 -1000 -1000 -10 1
79 64 Car -1 -1 -1 27.13 185.76 251.56 276.17 -1 -1 -1 -1000 -1000 -1000 -10 1
79 58 Car -1 -1 -1 777.21 159.76 844.19 186.50 -1 -1 -1 -1000 -1000 -1000 -10 1
79 37 Car -1 -1 -1 577.11 168.02 642.23 226.87 -1 -1 -1 -1000 -1000 -1000 -10 1
80 66 Car -1 -1 -1 1146.46 154.22 1257.27 197.73 -1 -1 -1 -1000 -1000 -1000 -10 1
80 64 Car -1 -1 -1 3.27 183.95 231.02 274.97 -1 -1 -1 -1000 -1000 -1000 -10 1
80 58 Car -1 -1 -1 764.77 158.47 834.05 186.09 -1 -1 -1 -1000 -1000 -1000 -10 1
80 37 Car -1 -1 -1 575.35 168.07 642.19 228.77 -1 -1 -1 -1000 -1000 -1000 -10 1
81 66 Car -1 -1 -1 1177.65 150.58 1267.94 194.34 -1 -1 -1 -1000 -1000 -1000 -10 1
81 64 Car -1 -1 -1 -9.26 180.83 214.28 270.22 -1 -1 -1 -1000 -1000 -1000 -10 1
81 58 Car -1 -1 -1 754.92 158.83 825.20 187.07 -1 -1 -1 -1000 -1000 -1000 -10 1
81 37 Car -1 -1 -1 571.74 168.94 643.18 230.04 -1 -1 -1 -1000 -1000 -1000 -10 1
82 72 Car -1 -1 -1 -5.23 200.25 269.84 380.58 -1 -1 -1 -1000 -1000 -1000 -10 1
82 58 Car -1 -1 -1 746.67 160.34 816.44 189.18 -1 -1 -1 -1000 -1000 -1000 -10 1
82 37 Car -1 -1 -1 568.37 169.18 643.11 230.55 -1 -1 -1 -1000 -1000 -1000 -10 1
83 72 Car -1 -1 -1 -1.72 215.23 282.53 384.23 -1 -1 -1 -1000 -1000 -1000 -10 1
83 58 Car -1 -1 -1 736.57 160.73 806.10 189.20 -1 -1 -1 -1000 -1000 -1000 -10 1
83 37 Car -1 -1 -1 566.70 169.19 645.18 231.57 -1 -1 -1 -1000 -1000 -1000 -10 1
84 74 Car -1 -1 -1 -24.50 207.91 138.76 305.19 -1 -1 -1 -1000 -1000 -1000 -10 1
84 72 Car -1 -1 -1 2.87 218.51 297.73 382.01 -1 -1 -1 -1000 -1000 -1000 -10 1
84 37 Car -1 -1 -1 565.93 169.85 648.10 233.53 -1 -1 -1 -1000 -1000 -1000 -10 1
85 72 Car -1 -1 -1 1.30 217.68 302.68 379.55 -1 -1 -1 -1000 -1000 -1000 -10 1
85 37 Car -1 -1 -1 565.58 170.40 651.07 235.91 -1 -1 -1 -1000 -1000 -1000 -10 1
86 72 Car -1 -1 -1 -0.83 214.75 310.30 375.31 -1 -1 -1 -1000 -1000 -1000 -10 1
86 37 Car -1 -1 -1 566.33 170.88 655.29 238.57 -1 -1 -1 -1000 -1000 -1000 -10 1
87 72 Car -1 -1 -1 -2.94 208.66 320.63 374.29 -1 -1 -1 -1000 -1000 -1000 -10 1
87 37 Car -1 -1 -1 565.71 170.78 659.02 241.00 -1 -1 -1 -1000 -1000 -1000 -10 1
88 72 Car -1 -1 -1 1.61 206.79 328.54 374.31 -1 -1 -1 -1000 -1000 -1000 -10 1
88 37 Car -1 -1 -1 564.42 170.32 660.11 242.67 -1 -1 -1 -1000 -1000 -1000 -10 1
89 72 Car -1 -1 -1 -2.74 202.96 337.36 374.01 -1 -1 -1 -1000 -1000 -1000 -10 1
89 37 Car -1 -1 -1 560.46 170.38 656.13 246.20 -1 -1 -1 -1000 -1000 -1000 -10 1
90 72 Car -1 -1 -1 -0.31 203.00 347.78 374.84 -1 -1 -1 -1000 -1000 -1000 -10 1
90 37 Car -1 -1 -1 558.36 169.64 654.97 248.59 -1 -1 -1 -1000 -1000 -1000 -10 1
91 72 Car -1 -1 -1 0.64 204.57 353.08 375.65 -1 -1 -1 -1000 -1000 -1000 -10 1
91 37 Car -1 -1 -1 558.19 169.13 656.29 250.61 -1 -1 -1 -1000 -1000 -1000 -10 1
92 72 Car -1 -1 -1 -0.45 200.69 364.05 374.11 -1 -1 -1 -1000 -1000 -1000 -10 1
92 37 Car -1 -1 -1 557.66 168.69 657.34 251.98 -1 -1 -1 -1000 -1000 -1000 -10 1
93 72 Car -1 -1 -1 -2.53 199.52 373.81 372.12 -1 -1 -1 -1000 -1000 -1000 -10 1
93 37 Car -1 -1 -1 555.79 168.31 657.40 253.41 -1 -1 -1 -1000 -1000 -1000 -10 1
94 72 Car -1 -1 -1 -5.39 200.42 379.81 372.98 -1 -1 -1 -1000 -1000 -1000 -10 1
94 37 Car -1 -1 -1 553.66 167.03 655.80 253.59 -1 -1 -1 -1000 -1000 -1000 -10 1
95 72 Car -1 -1 -1 -2.51 194.48 382.19 370.14 -1 -1 -1 -1000 -1000 -1000 -10 1
95 37 Car -1 -1 -1 554.01 167.74 660.36 252.05 -1 -1 -1 -1000 -1000 -1000 -10 1
96 72 Car -1 -1 -1 -4.66 194.75 390.12 372.53 -1 -1 -1 -1000 -1000 -1000 -10 1
96 37 Car -1 -1 -1 556.52 171.50 664.34 256.26 -1 -1 -1 -1000 -1000 -1000 -10 1
97 72 Car -1 -1 -1 -6.63 193.87 400.39 374.02 -1 -1 -1 -1000 -1000 -1000 -10 1
97 37 Car -1 -1 -1 553.05 172.69 663.14 260.06 -1 -1 -1 -1000 -1000 -1000 -10 1
98 72 Car -1 -1 -1 -10.56 193.42 412.00 374.61 -1 -1 -1 -1000 -1000 -1000 -10 1
98 37 Car -1 -1 -1 551.18 172.13 663.22 261.91 -1 -1 -1 -1000 -1000 -1000 -10 1
99 72 Car -1 -1 -1 -6.56 193.17 410.76 373.74 -1 -1 -1 -1000 -1000 -1000 -10 1
99 37 Car -1 -1 -1 551.49 169.03 668.44 262.24 -1 -1 -1 -1000 -1000 -1000 -10 1
100 72 Car -1 -1 -1 -9.18 191.95 408.42 373.32 -1 -1 -1 -1000 -1000 -1000 -10 1
100 37 Car -1 -1 -1 549.65 167.23 670.82 263.67 -1 -1 -1 -1000 -1000 -1000 -10 1
101 72 Car -1 -1 -1 -7.84 190.70 409.21 372.77 -1 -1 -1 -1000 -1000 -1000 -10 1
101 37 Car -1 -1 -1 544.95 167.53 671.48 268.21 -1 -1 -1 -1000 -1000 -1000 -10 1
102 81 Car -1 -1 -1 810.14 165.44 883.47 193.01 -1 -1 -1 -1000 -1000 -1000 -10 1
102 72 Car -1 -1 -1 -11.36 190.50 416.42 370.66 -1 -1 -1 -1000 -1000 -1000 -10 1
102 37 Car -1 -1 -1 543.97 166.17 675.15 270.04 -1 -1 -1 -1000 -1000 -1000 -10 1
103 72 Car -1 -1 -1 -12.05 189.83 424.15 370.16 -1 -1 -1 -1000 -1000 -1000 -10 1
103 37 Car -1 -1 -1 537.03 165.19 676.96 273.91 -1 -1 -1 -1000 -1000 -1000 -10 1
104 72 Car -1 -1 -1 -12.03 189.95 424.10 371.57 -1 -1 -1 -1000 -1000 -1000 -10 1
104 37 Car -1 -1 -1 536.39 164.57 681.50 276.84 -1 -1 -1 -1000 -1000 -1000 -10 1
105 72 Car -1 -1 -1 -16.91 188.20 424.83 371.43 -1 -1 -1 -1000 -1000 -1000 -10 1
105 37 Car -1 -1 -1 534.70 164.27 683.26 278.59 -1 -1 -1 -1000 -1000 -1000 -10 1
106 82 Car -1 -1 -1 460.99 170.97 562.19 210.09 -1 -1 -1 -1000 -1000 -1000 -10 1
106 72 Car -1 -1 -1 -17.97 187.81 429.64 371.59 -1 -1 -1 -1000 -1000 -1000 -10 1
106 37 Car -1 -1 -1 533.69 164.12 685.67 280.05 -1 -1 -1 -1000 -1000 -1000 -10 1
107 82 Car -1 -1 -1 447.00 174.14 552.14 213.89 -1 -1 -1 -1000 -1000 -1000 -10 1
107 72 Car -1 -1 -1 -13.05 187.98 429.43 370.73 -1 -1 -1 -1000 -1000 -1000 -10 1
107 37 Car -1 -1 -1 533.34 164.35 688.33 282.65 -1 -1 -1 -1000 -1000 -1000 -10 1
108 72 Car -1 -1 -1 -15.21 184.75 432.78 371.03 -1 -1 -1 -1000 -1000 -1000 -10 1
108 37 Car -1 -1 -1 532.30 164.27 689.53 284.80 -1 -1 -1 -1000 -1000 -1000 -10 1
109 72 Car -1 -1 -1 -12.26 183.45 437.20 371.70 -1 -1 -1 -1000 -1000 -1000 -10 1
109 37 Car -1 -1 -1 531.63 164.98 692.37 288.28 -1 -1 -1 -1000 -1000 -1000 -10 1
110 72 Car -1 -1 -1 -8.62 182.48 440.69 372.18 -1 -1 -1 -1000 -1000 -1000 -10 1
110 37 Car -1 -1 -1 530.10 165.74 693.77 291.45 -1 -1 -1 -1000 -1000 -1000 -10 1
111 72 Car -1 -1 -1 -2.52 179.78 444.66 371.94 -1 -1 -1 -1000 -1000 -1000 -10 1
111 37 Car -1 -1 -1 529.58 168.04 696.30 296.31 -1 -1 -1 -1000 -1000 -1000 -10 1
112 72 Car -1 -1 -1 0.85 180.29 447.81 372.68 -1 -1 -1 -1000 -1000 -1000 -10 1
112 37 Car -1 -1 -1 529.30 167.98 696.63 299.24 -1 -1 -1 -1000 -1000 -1000 -10 1
113 82 Car -1 -1 -1 349.78 176.85 466.86 222.29 -1 -1 -1 -1000 -1000 -1000 -10 1
113 72 Car -1 -1 -1 5.23 181.13 448.98 373.07 -1 -1 -1 -1000 -1000 -1000 -10 1
113 37 Car -1 -1 -1 527.91 167.74 693.80 299.17 -1 -1 -1 -1000 -1000 -1000 -10 1
114 82 Car -1 -1 -1 337.95 177.73 455.48 224.68 -1 -1 -1 -1000 -1000 -1000 -10 1
114 72 Car -1 -1 -1 10.65 180.51 452.00 372.89 -1 -1 -1 -1000 -1000 -1000 -10 1
114 37 Car -1 -1 -1 528.41 168.64 694.18 300.26 -1 -1 -1 -1000 -1000 -1000 -10 1
115 82 Car -1 -1 -1 316.18 174.84 437.21 225.39 -1 -1 -1 -1000 -1000 -1000 -10 1
115 72 Car -1 -1 -1 10.98 179.21 450.45 372.36 -1 -1 -1 -1000 -1000 -1000 -10 1
115 37 Car -1 -1 -1 528.16 169.03 691.82 306.12 -1 -1 -1 -1000 -1000 -1000 -10 1
116 72 Car -1 -1 -1 12.14 179.03 448.95 372.61 -1 -1 -1 -1000 -1000 -1000 -10 1
116 37 Car -1 -1 -1 525.36 165.93 692.64 304.96 -1 -1 -1 -1000 -1000 -1000 -10 1
117 72 Car -1 -1 -1 13.28 177.19 450.46 372.36 -1 -1 -1 -1000 -1000 -1000 -10 1
117 37 Car -1 -1 -1 524.17 165.73 699.28 310.47 -1 -1 -1 -1000 -1000 -1000 -10 1
118 72 Car -1 -1 -1 10.54 179.24 445.95 373.54 -1 -1 -1 -1000 -1000 -1000 -10 1
118 37 Car -1 -1 -1 521.58 164.43 706.25 310.88 -1 -1 -1 -1000 -1000 -1000 -10 1
119 72 Car -1 -1 -1 11.58 179.13 448.72 373.47 -1 -1 -1 -1000 -1000 -1000 -10 1
119 37 Car -1 -1 -1 518.67 163.89 708.78 310.59 -1 -1 -1 -1000 -1000 -1000 -10 1
120 87 Car -1 -1 -1 400.72 176.32 485.49 209.18 -1 -1 -1 -1000 -1000 -1000 -10 1
120 72 Car -1 -1 -1 6.16 179.33 445.21 373.53 -1 -1 -1 -1000 -1000 -1000 -10 1
120 37 Car -1 -1 -1 517.08 163.45 707.13 311.32 -1 -1 -1 -1000 -1000 -1000 -10 1
121 87 Car -1 -1 -1 374.75 175.51 460.28 208.96 -1 -1 -1 -1000 -1000 -1000 -10 1
121 72 Car -1 -1 -1 -2.60 182.84 435.28 375.05 -1 -1 -1 -1000 -1000 -1000 -10 1
122 88 Car -1 -1 -1 519.85 161.32 702.10 317.26 -1 -1 -1 -1000 -1000 -1000 -10 1
122 87 Car -1 -1 -1 354.42 180.42 434.85 213.01 -1 -1 -1 -1000 -1000 -1000 -10 1
122 72 Car -1 -1 -1 -9.13 184.48 431.32 373.25 -1 -1 -1 -1000 -1000 -1000 -10 1
123 88 Car -1 -1 -1 518.83 161.76 704.03 322.13 -1 -1 -1 -1000 -1000 -1000 -10 1
123 72 Car -1 -1 -1 -11.74 183.90 433.31 373.16 -1 -1 -1 -1000 -1000 -1000 -10 1
124 88 Car -1 -1 -1 518.35 161.96 702.87 326.36 -1 -1 -1 -1000 -1000 -1000 -10 1
124 72 Car -1 -1 -1 -17.67 186.52 430.14 374.64 -1 -1 -1 -1000 -1000 -1000 -10 1
124 37 Car -1 -1 -1 513.01 157.69 709.88 328.70 -1 -1 -1 -1000 -1000 -1000 -10 1
125 88 Car -1 -1 -1 515.80 160.50 702.93 329.57 -1 -1 -1 -1000 -1000 -1000 -10 1
125 72 Car -1 -1 -1 -20.78 187.54 431.68 375.04 -1 -1 -1 -1000 -1000 -1000 -10 1
125 37 Car -1 -1 -1 510.87 154.99 710.36 332.61 -1 -1 -1 -1000 -1000 -1000 -10 1
126 88 Car -1 -1 -1 513.18 160.46 702.12 332.92 -1 -1 -1 -1000 -1000 -1000 -10 1
126 72 Car -1 -1 -1 -18.55 188.72 429.21 375.04 -1 -1 -1 -1000 -1000 -1000 -10 1
126 37 Car -1 -1 -1 507.88 153.59 710.11 336.00 -1 -1 -1 -1000 -1000 -1000 -10 1
127 88 Car -1 -1 -1 510.48 159.06 703.61 335.05 -1 -1 -1 -1000 -1000 -1000 -10 1
127 72 Car -1 -1 -1 -12.65 190.11 426.99 375.08 -1 -1 -1 -1000 -1000 -1000 -10 1
127 37 Car -1 -1 -1 506.12 152.72 712.98 339.37 -1 -1 -1 -1000 -1000 -1000 -10 1
128 88 Car -1 -1 -1 507.35 158.14 705.35 336.76 -1 -1 -1 -1000 -1000 -1000 -10 1
128 72 Car -1 -1 -1 -14.43 189.43 427.27 372.63 -1 -1 -1 -1000 -1000 -1000 -10 1
128 37 Car -1 -1 -1 502.59 151.15 715.22 341.75 -1 -1 -1 -1000 -1000 -1000 -10 1
129 88 Car -1 -1 -1 504.42 157.79 709.29 339.36 -1 -1 -1 -1000 -1000 -1000 -10 1
129 72 Car -1 -1 -1 -18.66 188.98 426.64 372.16 -1 -1 -1 -1000 -1000 -1000 -10 1
129 37 Car -1 -1 -1 500.40 149.89 720.14 344.75 -1 -1 -1 -1000 -1000 -1000 -10 1
130 88 Car -1 -1 -1 501.45 157.40 710.47 340.66 -1 -1 -1 -1000 -1000 -1000 -10 1
130 72 Car -1 -1 -1 -19.30 192.11 421.50 371.20 -1 -1 -1 -1000 -1000 -1000 -10 1
130 37 Car -1 -1 -1 497.61 149.12 722.11 347.79 -1 -1 -1 -1000 -1000 -1000 -10 1
131 88 Car -1 -1 -1 499.74 156.06 709.63 339.82 -1 -1 -1 -1000 -1000 -1000 -10 1
131 72 Car -1 -1 -1 -13.71 193.78 421.03 372.34 -1 -1 -1 -1000 -1000 -1000 -10 1
131 37 Car -1 -1 -1 493.38 147.90 721.57 349.04 -1 -1 -1 -1000 -1000 -1000 -10 1
132 88 Car -1 -1 -1 499.30 156.38 707.76 341.14 -1 -1 -1 -1000 -1000 -1000 -10 1
132 72 Car -1 -1 -1 -10.44 193.70 420.63 372.48 -1 -1 -1 -1000 -1000 -1000 -10 1
132 37 Car -1 -1 -1 492.62 146.48 722.68 350.12 -1 -1 -1 -1000 -1000 -1000 -10 1
133 88 Car -1 -1 -1 499.94 157.18 708.11 344.11 -1 -1 -1 -1000 -1000 -1000 -10 1
133 72 Car -1 -1 -1 -16.71 194.12 422.40 374.39 -1 -1 -1 -1000 -1000 -1000 -10 1
133 37 Car -1 -1 -1 491.23 145.72 722.75 352.07 -1 -1 -1 -1000 -1000 -1000 -10 1
134 88 Car -1 -1 -1 499.36 156.87 707.82 345.03 -1 -1 -1 -1000 -1000 -1000 -10 1
134 72 Car -1 -1 -1 -20.33 194.51 425.76 375.16 -1 -1 -1 -1000 -1000 -1000 -10 1
134 37 Car -1 -1 -1 489.35 146.09 722.80 354.12 -1 -1 -1 -1000 -1000 -1000 -10 1
135 88 Car -1 -1 -1 500.50 157.70 708.57 346.89 -1 -1 -1 -1000 -1000 -1000 -10 1
135 72 Car -1 -1 -1 -24.47 194.55 424.82 375.82 -1 -1 -1 -1000 -1000 -1000 -10 1
135 37 Car -1 -1 -1 489.65 148.00 724.18 357.09 -1 -1 -1 -1000 -1000 -1000 -10 1
137 88 Car -1 -1 -1 499.93 158.26 710.22 351.52 -1 -1 -1 -1000 -1000 -1000 -10 1
137 72 Car -1 -1 -1 -22.70 192.49 419.13 374.63 -1 -1 -1 -1000 -1000 -1000 -10 1
137 37 Car -1 -1 -1 490.46 150.12 728.03 360.89 -1 -1 -1 -1000 -1000 -1000 -10 1
138 88 Car -1 -1 -1 500.26 158.08 712.24 353.76 -1 -1 -1 -1000 -1000 -1000 -10 1
138 72 Car -1 -1 -1 -17.94 191.37 416.43 373.84 -1 -1 -1 -1000 -1000 -1000 -10 1
138 37 Car -1 -1 -1 492.08 151.42 731.46 363.24 -1 -1 -1 -1000 -1000 -1000 -10 1
139 88 Car -1 -1 -1 500.09 158.18 712.71 355.49 -1 -1 -1 -1000 -1000 -1000 -10 1
139 72 Car -1 -1 -1 -20.08 190.58 413.14 374.28 -1 -1 -1 -1000 -1000 -1000 -10 1
139 37 Car -1 -1 -1 491.76 151.67 731.81 364.46 -1 -1 -1 -1000 -1000 -1000 -10 1
140 88 Car -1 -1 -1 498.21 156.64 719.78 359.87 -1 -1 -1 -1000 -1000 -1000 -10 1
140 72 Car -1 -1 -1 -18.64 190.07 410.59 373.52 -1 -1 -1 -1000 -1000 -1000 -10 1
140 37 Car -1 -1 -1 486.40 152.52 730.75 365.27 -1 -1 -1 -1000 -1000 -1000 -10 1
141 88 Car -1 -1 -1 495.39 155.53 723.47 362.82 -1 -1 -1 -1000 -1000 -1000 -10 1
141 72 Car -1 -1 -1 -13.81 191.62 407.45 373.75 -1 -1 -1 -1000 -1000 -1000 -10 1
141 37 Car -1 -1 -1 483.52 152.98 732.03 365.73 -1 -1 -1 -1000 -1000 -1000 -10 1
142 72 Car -1 -1 -1 -11.71 193.26 403.69 374.06 -1 -1 -1 -1000 -1000 -1000 -10 1
142 37 Car -1 -1 -1 485.54 153.47 733.78 367.10 -1 -1 -1 -1000 -1000 -1000 -10 1
143 72 Car -1 -1 -1 -9.07 194.21 400.94 373.76 -1 -1 -1 -1000 -1000 -1000 -10 1
143 37 Car -1 -1 -1 486.41 153.33 734.06 367.97 -1 -1 -1 -1000 -1000 -1000 -10 1
144 72 Car -1 -1 -1 -7.10 194.45 399.50 373.20 -1 -1 -1 -1000 -1000 -1000 -10 1
144 37 Car -1 -1 -1 487.13 153.68 734.73 368.73 -1 -1 -1 -1000 -1000 -1000 -10 1
145 72 Car -1 -1 -1 -5.28 194.43 398.92 372.61 -1 -1 -1 -1000 -1000 -1000 -10 1
145 37 Car -1 -1 -1 487.03 153.82 735.31 368.98 -1 -1 -1 -1000 -1000 -1000 -10 1
146 72 Car -1 -1 -1 -4.21 194.27 398.30 372.13 -1 -1 -1 -1000 -1000 -1000 -10 1
146 37 Car -1 -1 -1 486.60 153.56 735.32 368.84 -1 -1 -1 -1000 -1000 -1000 -10 1
147 72 Car -1 -1 -1 -3.26 194.34 397.72 371.86 -1 -1 -1 -1000 -1000 -1000 -10 1
147 37 Car -1 -1 -1 486.28 153.23 735.66 368.81 -1 -1 -1 -1000 -1000 -1000 -10 1
148 72 Car -1 -1 -1 -2.42 194.61 396.99 371.84 -1 -1 -1 -1000 -1000 -1000 -10 1
148 37 Car -1 -1 -1 485.93 153.00 735.66 368.77 -1 -1 -1 -1000 -1000 -1000 -10 1
149 72 Car -1 -1 -1 -1.70 194.75 396.50 371.70 -1 -1 -1 -1000 -1000 -1000 -10 1
149 37 Car -1 -1 -1 485.84 153.02 735.85 368.82 -1 -1 -1 -1000 -1000 -1000 -10 1
150 72 Car -1 -1 -1 -1.68 194.76 396.26 371.57 -1 -1 -1 -1000 -1000 -1000 -10 1
150 37 Car -1 -1 -1 486.59 153.37 735.73 368.95 -1 -1 -1 -1000 -1000 -1000 -10 1
