0 2 Car -1 -1 -1 450.12 178.09 490.12 200.61 -1 -1 -1 -1000 -1000 -1000 -10 1
0 1 Car -1 -1 -1 1111.42 148.93 1249.84 189.82 -1 -1 -1 -1000 -1000 -1000 -10 1
1 3 Car -1 -1 -1 547.46 83.94 749.19 238.75 -1 -1 -1 -1000 -1000 -1000 -10 1
1 2 Car -1 -1 -1 449.85 178.84 489.18 202.01 -1 -1 -1 -1000 -1000 -1000 -10 1
1 1 Car -1 -1 -1 1128.68 157.63 1248.32 194.19 -1 -1 -1 -1000 -1000 -1000 -10 1
2 2 Car -1 -1 -1 445.75 178.13 486.90 202.81 -1 -1 -1 -1000 -1000 -1000 -10 1
2 1 Car -1 -1 -1 1131.06 159.30 1251.81 197.70 -1 -1 -1 -1000 -1000 -1000 -10 1
3 2 Car -1 -1 -1 445.82 178.56 485.06 203.03 -1 -1 -1 -1000 -1000 -1000 -10 1
4 2 Car -1 -1 -1 444.63 177.76 483.11 202.47 -1 -1 -1 -1000 -1000 -1000 -10 1
5 3 Car -1 -1 -1 577.00 87.08 764.42 236.40 -1 -1 -1 -1000 -1000 -1000 -10 1
5 2 Car -1 -1 -1 443.63 177.79 481.92 203.01 -1 -1 -1 -1000 -1000 -1000 -10 1
6 3 Car -1 -1 -1 578.92 81.48 770.76 237.47 -1 -1 -1 -1000 -1000 -1000 -10 1
6 2 Car -1 -1 -1 441.00 177.79 479.24 203.70 -1 -1 -1 -1000 -1000 -1000 -10 1
7 3 Car -1 -1 -1 582.43 75.44 786.63 243.35 -1 -1 -1 -1000 -1000 -1000 -10 1
7 2 Car -1 -1 -1 438.21 177.70 476.91 204.32 -1 -1 -1 -1000 -1000 -1000 -10 1
8 3 Car -1 -1 -1 585.58 71.31 797.57 247.82 -1 -1 -1 -1000 -1000 -1000 -10 1
8 2 Car -1 -1 -1 434.39 177.58 473.57 204.49 -1 -1 -1 -1000 -1000 -1000 -10 1
9 3 Car -1 -1 -1 589.64 79.55 796.89 262.66 -1 -1 -1 -1000 -1000 -1000 -10 1
9 2 Car -1 -1 -1 435.09 176.39 473.54 202.77 -1 -1 -1 -1000 -1000 -1000 -10 1
10 3 Car -1 -1 -1 595.12 74.49 805.95 262.44 -1 -1 -1 -1000 -1000 -1000 -10 1
10 2 Car -1 -1 -1 432.46 175.13 471.17 201.43 -1 -1 -1 -1000 -1000 -1000 -10 1
11 3 Car -1 -1 -1 603.28 72.40 813.67 260.26 -1 -1 -1 -1000 -1000 -1000 -10 1
11 2 Car -1 -1 -1 429.59 173.82 468.90 200.36 -1 -1 -1 -1000 -1000 -1000 -10 1
12 3 Car -1 -1 -1 609.39 78.61 815.39 268.08 -1 -1 -1 -1000 -1000 -1000 -10 1
12 2 Car -1 -1 -1 424.53 173.78 465.26 200.67 -1 -1 -1 -1000 -1000 -1000 -10 1
13 2 Car -1 -1 -1 414.09 176.26 456.86 204.11 -1 -1 -1 -1000 -1000 -1000 -10 1
14 2 Car -1 -1 -1 406.73 177.35 450.38 205.62 -1 -1 -1 -1000 -1000 -1000 -10 1
15 2 Car -1 -1 -1 396.76 177.35 440.12 206.09 -1 -1 -1 -1000 -1000 -1000 -10 1
16 3 Car -1 -1 -1 609.34 68.39 834.44 259.05 -1 -1 -1 -1000 -1000 -1000 -10 1
16 2 Car -1 -1 -1 386.61 177.35 430.60 207.02 -1 -1 -1 -1000 -1000 -1000 -10 1
17 2 Car -1 -1 -1 375.74 178.60 420.51 208.80 -1 -1 -1 -1000 -1000 -1000 -10 1
18 2 Car -1 -1 -1 363.50 179.80 410.57 210.75 -1 -1 -1 -1000 -1000 -1000 -10 1
19 2 Car -1 -1 -1 349.80 180.49 397.23 212.13 -1 -1 -1 -1000 -1000 -1000 -10 1
20 2 Car -1 -1 -1 334.14 180.52 382.00 213.21 -1 -1 -1 -1000 -1000 -1000 -10 1
21 2 Car -1 -1 -1 319.00 179.14 367.78 212.37 -1 -1 -1 -1000 -1000 -1000 -10 1
22 2 Car -1 -1 -1 301.29 177.66 351.78 211.48 -1 -1 -1 -1000 -1000 -1000 -10 1
23 2 Car -1 -1 -1 282.98 177.69 335.49 212.52 -1 -1 -1 -1000 -1000 -1000 -10 1
24 2 Car -1 -1 -1 263.06 178.24 318.13 212.88 -1 -1 -1 -1000 -1000 -1000 -10 1
25 2 Car -1 -1 -1 242.53 179.41 300.27 215.71 -1 -1 -1 -1000 -1000 -1000 -10 1
26 2 Car -1 -1 -1 219.00 181.10 278.75 219.48 -1 -1 -1 -1000 -1000 -1000 -10 1
27 2 Car -1 -1 -1 194.69 183.99 257.36 224.03 -1 -1 -1 -1000 -1000 -1000 -10 1
28 2 Car -1 -1 -1 166.82 185.17 233.70 226.82 -1 -1 -1 -1000 -1000 -1000 -10 1
29 2 Car -1 -1 -1 138.47 185.71 208.79 228.04 -1 -1 -1 -1000 -1000 -1000 -10 1
30 2 Car -1 -1 -1 106.48 187.38 179.52 230.24 -1 -1 -1 -1000 -1000 -1000 -10 1
31 2 Car -1 -1 -1 71.71 189.19 150.53 232.25 -1 -1 -1 -1000 -1000 -1000 -10 1
32 2 Car -1 -1 -1 29.35 190.14 112.77 235.11 -1 -1 -1 -1000 -1000 -1000 -10 1
33 2 Car -1 -1 -1 0.18 193.99 80.39 239.24 -1 -1 -1 -1000 -1000 -1000 -10 1
53 14 Car -1 -1 -1 1089.13 156.14 1172.49 241.64 -1 -1 -1 -1000 -1000 -1000 -10 1
54 14 Car -1 -1 -1 1051.40 161.19 1130.73 235.29 -1 -1 -1 -1000 -1000 -1000 -10 1
55 15 Car -1 -1 -1 1061.02 171.51 1239.54 328.69 -1 -1 -1 -1000 -1000 -1000 -10 1
55 14 Car -1 -1 -1 1023.88 160.41 1106.30 235.14 -1 -1 -1 -1000 -1000 -1000 -10 1
56 15 Car -1 -1 -1 1043.53 170.81 1240.72 337.28 -1 -1 -1 -1000 -1000 -1000 -10 1
56 14 Car -1 -1 -1 991.51 160.46 1078.06 231.83 -1 -1 -1 -1000 -1000 -1000 -10 1
57 15 Car -1 -1 -1 1021.23 170.34 1238.07 343.14 -1 -1 -1 -1000 -1000 -1000 -10 1
57 14 Car -1 -1 -1 949.23 157.61 1036.60 225.09 -1 -1 -1 -1000 -1000 -1000 -10 1
58 16 Car -1 -1 -1 950.20 173.72 1072.22 259.47 -1 -1 -1 -1000 -1000 -1000 -10 1
58 15 Car -1 -1 -1 1001.71 170.84 1239.81 350.84 -1 -1 -1 -1000 -1000 -1000 -10 1
58 14 Car -1 -1 -1 916.04 158.94 1009.29 225.44 -1 -1 -1 -1000 -1000 -1000 -10 1
59 16 Car -1 -1 -1 926.67 177.32 1057.25 267.15 -1 -1 -1 -1000 -1000 -1000 -10 1
59 15 Car -1 -1 -1 983.35 172.44 1239.09 359.57 -1 -1 -1 -1000 -1000 -1000 -10 1
59 14 Car -1 -1 -1 877.39 159.52 962.57 221.60 -1 -1 -1 -1000 -1000 -1000 -10 1
60 16 Car -1 -1 -1 909.66 176.59 1049.34 273.23 -1 -1 -1 -1000 -1000 -1000 -10 1
60 15 Car -1 -1 -1 965.89 176.81 1235.79 368.52 -1 -1 -1 -1000 -1000 -1000 -10 1
60 14 Car -1 -1 -1 846.19 164.95 927.98 223.71 -1 -1 -1 -1000 -1000 -1000 -10 1
61 16 Car -1 -1 -1 892.37 181.59 1032.49 277.70 -1 -1 -1 -1000 -1000 -1000 -10 1
61 15 Car -1 -1 -1 952.63 179.70 1236.94 375.01 -1 -1 -1 -1000 -1000 -1000 -10 1
61 14 Car -1 -1 -1 819.43 165.66 903.72 224.29 -1 -1 -1 -1000 -1000 -1000 -10 1
62 17 Car -1 -1 -1 830.76 177.00 940.30 248.54 -1 -1 -1 -1000 -1000 -1000 -10 1
62 16 Car -1 -1 -1 874.54 184.51 1021.02 283.25 -1 -1 -1 -1000 -1000 -1000 -10 1
62 15 Car -1 -1 -1 941.93 182.97 1240.48 379.31 -1 -1 -1 -1000 -1000 -1000 -10 1
62 14 Car -1 -1 -1 798.13 169.45 880.18 227.11 -1 -1 -1 -1000 -1000 -1000 -10 1
63 17 Car -1 -1 -1 804.96 177.69 926.78 254.16 -1 -1 -1 -1000 -1000 -1000 -10 1
63 16 Car -1 -1 -1 861.93 188.76 1018.20 291.41 -1 -1 -1 -1000 -1000 -1000 -10 1
63 15 Car -1 -1 -1 932.79 184.30 1242.18 380.83 -1 -1 -1 -1000 -1000 -1000 -10 1
63 14 Car -1 -1 -1 774.69 172.47 855.69 229.28 -1 -1 -1 -1000 -1000 -1000 -10 1
64 17 Car -1 -1 -1 789.66 180.45 920.87 259.78 -1 -1 -1 -1000 -1000 -1000 -10 1
64 16 Car -1 -1 -1 851.08 192.35 1018.41 298.43 -1 -1 -1 -1000 -1000 -1000 -10 1
64 15 Car -1 -1 -1 925.72 184.59 1241.89 380.00 -1 -1 -1 -1000 -1000 -1000 -10 1
64 14 Car -1 -1 -1 759.45 174.06 841.11 231.18 -1 -1 -1 -1000 -1000 -1000 -10 1
65 17 Car -1 -1 -1 777.77 183.28 914.02 264.89 -1 -1 -1 -1000 -1000 -1000 -10 1
65 16 Car -1 -1 -1 837.60 192.59 1028.76 308.81 -1 -1 -1 -1000 -1000 -1000 -10 1
65 15 Car -1 -1 -1 925.70 187.66 1246.25 381.18 -1 -1 -1 -1000 -1000 -1000 -10 1
65 14 Car -1 -1 -1 740.75 174.78 825.98 234.81 -1 -1 -1 -1000 -1000 -1000 -10 1
66 17 Car -1 -1 -1 767.86 184.80 908.46 270.39 -1 -1 -1 -1000 -1000 -1000 -10 1
66 16 Car -1 -1 -1 830.13 193.82 1040.00 320.46 -1 -1 -1 -1000 -1000 -1000 -10 1
66 15 Car -1 -1 -1 927.69 191.54 1248.58 382.03 -1 -1 -1 -1000 -1000 -1000 -10 1
66 14 Car -1 -1 -1 727.95 174.73 816.62 237.05 -1 -1 -1 -1000 -1000 -1000 -10 1
67 17 Car -1 -1 -1 762.05 184.56 906.52 273.10 -1 -1 -1 -1000 -1000 -1000 -10 1
67 16 Car -1 -1 -1 836.70 196.03 1058.15 330.71 -1 -1 -1 -1000 -1000 -1000 -10 1
67 15 Car -1 -1 -1 935.35 191.67 1251.50 380.18 -1 -1 -1 -1000 -1000 -1000 -10 1
67 14 Car -1 -1 -1 716.26 172.13 807.45 237.71 -1 -1 -1 -1000 -1000 -1000 -10 1
68 17 Car -1 -1 -1 757.42 183.71 912.21 277.91 -1 -1 -1 -1000 -1000 -1000 -10 1
68 16 Car -1 -1 -1 836.04 194.95 1085.23 344.09 -1 -1 -1 -1000 -1000 -1000 -10 1
68 15 Car -1 -1 -1 948.08 192.52 1254.58 378.46 -1 -1 -1 -1000 -1000 -1000 -10 1
68 14 Car -1 -1 -1 709.38 170.35 804.14 239.59 -1 -1 -1 -1000 -1000 -1000 -10 1
70 19 Car -1 -1 -1 691.25 175.12 777.63 236.35 -1 -1 -1 -1000 -1000 -1000 -10 1
70 17 Car -1 -1 -1 754.99 183.31 928.69 288.12 -1 -1 -1 -1000 -1000 -1000 -10 1
70 16 Car -1 -1 -1 852.07 192.11 1157.65 365.46 -1 -1 -1 -1000 -1000 -1000 -10 1
70 15 Car -1 -1 -1 1011.79 207.38 1273.38 384.61 -1 -1 -1 -1000 -1000 -1000 -10 1
70 14 Car -1 -1 -1 704.87 167.19 805.54 244.76 -1 -1 -1 -1000 -1000 -1000 -10 1
71 21 Car -1 -1 -1 664.03 182.35 706.70 215.48 -1 -1 -1 -1000 -1000 -1000 -10 1
71 19 Car -1 -1 -1 687.17 175.82 783.14 242.48 -1 -1 -1 -1000 -1000 -1000 -10 1
71 17 Car -1 -1 -1 753.78 185.45 944.43 295.17 -1 -1 -1 -1000 -1000 -1000 -10 1
71 16 Car -1 -1 -1 871.49 193.45 1205.43 374.04 -1 -1 -1 -1000 -1000 -1000 -10 1
72 21 Car -1 -1 -1 660.49 182.16 704.89 216.06 -1 -1 -1 -1000 -1000 -1000 -10 1
72 19 Car -1 -1 -1 699.83 170.42 816.12 252.31 -1 -1 -1 -1000 -1000 -1000 -10 1
72 17 Car -1 -1 -1 758.77 187.94 970.02 309.22 -1 -1 -1 -1000 -1000 -1000 -10 1
72 16 Car -1 -1 -1 885.64 194.09 1228.20 377.81 -1 -1 -1 -1000 -1000 -1000 -10 1
73 21 Car -1 -1 -1 655.80 182.71 700.10 216.49 -1 -1 -1 -1000 -1000 -1000 -10 1
73 19 Car -1 -1 -1 702.47 168.76 834.50 262.63 -1 -1 -1 -1000 -1000 -1000 -10 1
73 17 Car -1 -1 -1 765.22 185.90 1002.80 319.34 -1 -1 -1 -1000 -1000 -1000 -10 1
73 16 Car -1 -1 -1 898.70 193.12 1241.42 378.81 -1 -1 -1 -1000 -1000 -1000 -10 1
74 21 Car -1 -1 -1 655.04 182.59 699.60 216.94 -1 -1 -1 -1000 -1000 -1000 -10 1
74 19 Car -1 -1 -1 707.18 166.55 851.72 268.35 -1 -1 -1 -1000 -1000 -1000 -10 1
74 17 Car -1 -1 -1 775.45 185.16 1052.35 338.13 -1 -1 -1 -1000 -1000 -1000 -10 1
74 16 Car -1 -1 -1 920.25 194.37 1254.51 380.30 -1 -1 -1 -1000 -1000 -1000 -10 1
75 21 Car -1 -1 -1 654.99 182.08 699.87 216.86 -1 -1 -1 -1000 -1000 -1000 -10 1
75 19 Car -1 -1 -1 710.20 164.63 864.98 272.66 -1 -1 -1 -1000 -1000 -1000 -10 1
75 17 Car -1 -1 -1 786.58 187.49 1107.91 355.24 -1 -1 -1 -1000 -1000 -1000 -10 1
75 16 Car -1 -1 -1 954.54 195.15 1265.23 381.12 -1 -1 -1 -1000 -1000 -1000 -10 1
76 21 Car -1 -1 -1 655.32 182.19 702.14 218.40 -1 -1 -1 -1000 -1000 -1000 -10 1
76 19 Car -1 -1 -1 711.51 164.54 877.24 279.82 -1 -1 -1 -1000 -1000 -1000 -10 1
76 17 Car -1 -1 -1 807.49 187.93 1167.66 369.00 -1 -1 -1 -1000 -1000 -1000 -10 1
77 21 Car -1 -1 -1 657.33 182.21 706.76 220.15 -1 -1 -1 -1000 -1000 -1000 -10 1
77 19 Car -1 -1 -1 719.71 164.94 892.39 283.31 -1 -1 -1 -1000 -1000 -1000 -10 1
77 17 Car -1 -1 -1 822.91 184.05 1211.64 372.71 -1 -1 -1 -1000 -1000 -1000 -10 1
78 21 Car -1 -1 -1 658.77 182.30 709.34 221.15 -1 -1 -1 -1000 -1000 -1000 -10 1
78 19 Car -1 -1 -1 729.43 163.85 914.01 290.80 -1 -1 -1 -1000 -1000 -1000 -10 1
78 17 Car -1 -1 -1 832.19 178.74 1241.25 373.54 -1 -1 -1 -1000 -1000 -1000 -10 1
79 23 Car -1 -1 -1 700.23 177.54 803.55 250.16 -1 -1 -1 -1000 -1000 -1000 -10 1
79 21 Car -1 -1 -1 660.59 180.96 711.88 220.45 -1 -1 -1 -1000 -1000 -1000 -10 1
79 19 Car -1 -1 -1 743.66 166.61 938.35 298.93 -1 -1 -1 -1000 -1000 -1000 -10 1
79 17 Car -1 -1 -1 843.48 177.48 1254.67 374.84 -1 -1 -1 -1000 -1000 -1000 -10 1
80 23 Car -1 -1 -1 706.66 180.35 812.42 254.35 -1 -1 -1 -1000 -1000 -1000 -10 1
80 21 Car -1 -1 -1 662.73 179.42 714.89 219.70 -1 -1 -1 -1000 -1000 -1000 -10 1
80 19 Car -1 -1 -1 755.23 164.04 970.16 308.10 -1 -1 -1 -1000 -1000 -1000 -10 1
80 17 Car -1 -1 -1 862.49 178.43 1266.87 372.75 -1 -1 -1 -1000 -1000 -1000 -10 1
81 23 Car -1 -1 -1 710.26 179.45 825.94 257.59 -1 -1 -1 -1000 -1000 -1000 -10 1
81 21 Car -1 -1 -1 664.30 178.71 717.46 220.03 -1 -1 -1 -1000 -1000 -1000 -10 1
81 19 Car -1 -1 -1 771.39 161.48 1008.97 315.89 -1 -1 -1 -1000 -1000 -1000 -10 1
81 17 Car -1 -1 -1 895.38 181.15 1273.89 373.71 -1 -1 -1 -1000 -1000 -1000 -10 1
82 23 Car -1 -1 -1 716.26 181.77 836.43 260.32 -1 -1 -1 -1000 -1000 -1000 -10 1
82 21 Car -1 -1 -1 667.41 178.04 722.41 221.03 -1 -1 -1 -1000 -1000 -1000 -10 1
82 19 Car -1 -1 -1 784.95 158.93 1059.17 334.23 -1 -1 -1 -1000 -1000 -1000 -10 1
82 17 Car -1 -1 -1 936.20 184.30 1283.68 376.42 -1 -1 -1 -1000 -1000 -1000 -10 1
83 23 Car -1 -1 -1 725.84 184.43 853.20 266.27 -1 -1 -1 -1000 -1000 -1000 -10 1
83 21 Car -1 -1 -1 671.94 178.22 728.86 222.17 -1 -1 -1 -1000 -1000 -1000 -10 1
83 19 Car -1 -1 -1 801.60 157.42 1118.65 355.58 -1 -1 -1 -1000 -1000 -1000 -10 1
83 17 Car -1 -1 -1 978.68 190.92 1290.14 378.18 -1 -1 -1 -1000 -1000 -1000 -10 1
84 23 Car -1 -1 -1 733.95 184.25 867.02 267.49 -1 -1 -1 -1000 -1000 -1000 -10 1
84 21 Car -1 -1 -1 677.53 178.55 736.52 223.60 -1 -1 -1 -1000 -1000 -1000 -10 1
84 19 Car -1 -1 -1 823.67 144.70 1184.81 365.30 -1 -1 -1 -1000 -1000 -1000 -10 1
85 23 Car -1 -1 -1 740.55 183.49 884.85 273.47 -1 -1 -1 -1000 -1000 -1000 -10 1
85 21 Car -1 -1 -1 681.89 179.52 742.03 224.93 -1 -1 -1 -1000 -1000 -1000 -10 1
85 19 Car -1 -1 -1 836.98 136.00 1221.43 370.53 -1 -1 -1 -1000 -1000 -1000 -10 1
86 23 Car -1 -1 -1 750.49 184.64 903.00 277.67 -1 -1 -1 -1000 -1000 -1000 -10 1
86 21 Car -1 -1 -1 689.00 179.17 754.65 227.36 -1 -1 -1 -1000 -1000 -1000 -10 1
86 19 Car -1 -1 -1 850.64 126.89 1244.25 371.05 -1 -1 -1 -1000 -1000 -1000 -10 1
87 23 Car -1 -1 -1 759.92 184.20 925.90 285.05 -1 -1 -1 -1000 -1000 -1000 -10 1
87 21 Car -1 -1 -1 689.95 181.49 759.44 229.66 -1 -1 -1 -1000 -1000 -1000 -10 1
87 19 Car -1 -1 -1 867.03 124.97 1253.09 374.02 -1 -1 -1 -1000 -1000 -1000 -10 1
88 23 Car -1 -1 -1 771.01 186.03 963.67 300.52 -1 -1 -1 -1000 -1000 -1000 -10 1
88 21 Car -1 -1 -1 692.62 181.53 766.17 229.99 -1 -1 -1 -1000 -1000 -1000 -10 1
89 23 Car -1 -1 -1 783.52 186.95 998.50 310.29 -1 -1 -1 -1000 -1000 -1000 -10 1
89 21 Car -1 -1 -1 696.60 181.72 775.15 233.17 -1 -1 -1 -1000 -1000 -1000 -10 1
90 25 Car -1 -1 -1 1001.53 184.71 1246.18 373.64 -1 -1 -1 -1000 -1000 -1000 -10 1
90 23 Car -1 -1 -1 800.32 186.74 1045.32 324.77 -1 -1 -1 -1000 -1000 -1000 -10 1
90 21 Car -1 -1 -1 697.87 180.61 781.50 235.22 -1 -1 -1 -1000 -1000 -1000 -10 1
91 25 Car -1 -1 -1 1090.25 219.54 1255.55 364.33 -1 -1 -1 -1000 -1000 -1000 -10 1
91 23 Car -1 -1 -1 821.94 187.22 1105.66 347.06 -1 -1 -1 -1000 -1000 -1000 -10 1
91 21 Car -1 -1 -1 701.83 179.98 787.53 237.78 -1 -1 -1 -1000 -1000 -1000 -10 1
92 23 Car -1 -1 -1 850.98 188.16 1176.94 363.34 -1 -1 -1 -1000 -1000 -1000 -10 1
92 21 Car -1 -1 -1 708.21 179.91 797.06 240.12 -1 -1 -1 -1000 -1000 -1000 -10 1
93 23 Car -1 -1 -1 857.58 187.57 1212.94 370.54 -1 -1 -1 -1000 -1000 -1000 -10 1
93 21 Car -1 -1 -1 709.91 178.49 804.01 241.89 -1 -1 -1 -1000 -1000 -1000 -10 1
94 23 Car -1 -1 -1 882.52 186.16 1250.49 372.75 -1 -1 -1 -1000 -1000 -1000 -10 1
94 21 Car -1 -1 -1 718.15 181.30 822.01 246.84 -1 -1 -1 -1000 -1000 -1000 -10 1
95 23 Car -1 -1 -1 885.78 187.93 1258.30 375.85 -1 -1 -1 -1000 -1000 -1000 -10 1
95 21 Car -1 -1 -1 719.84 180.61 832.77 249.14 -1 -1 -1 -1000 -1000 -1000 -10 1
96 23 Car -1 -1 -1 911.19 190.09 1268.89 378.95 -1 -1 -1 -1000 -1000 -1000 -10 1
96 21 Car -1 -1 -1 722.08 180.45 844.39 251.82 -1 -1 -1 -1000 -1000 -1000 -10 1
97 23 Car -1 -1 -1 934.40 189.50 1274.32 379.33 -1 -1 -1 -1000 -1000 -1000 -10 1
97 21 Car -1 -1 -1 731.89 183.66 858.66 258.02 -1 -1 -1 -1000 -1000 -1000 -10 1
98 23 Car -1 -1 -1 969.37 179.91 1285.94 375.69 -1 -1 -1 -1000 -1000 -1000 -10 1
98 21 Car -1 -1 -1 735.85 185.54 869.19 262.64 -1 -1 -1 -1000 -1000 -1000 -10 1
99 23 Car -1 -1 -1 1033.79 193.73 1301.44 384.97 -1 -1 -1 -1000 -1000 -1000 -10 1
99 21 Car -1 -1 -1 746.78 187.63 889.20 269.03 -1 -1 -1 -1000 -1000 -1000 -10 1
100 21 Car -1 -1 -1 752.23 185.70 909.35 277.70 -1 -1 -1 -1000 -1000 -1000 -10 1
101 21 Car -1 -1 -1 761.70 185.24 930.44 282.56 -1 -1 -1 -1000 -1000 -1000 -10 1
102 21 Car -1 -1 -1 771.84 183.01 961.28 291.73 -1 -1 -1 -1000 -1000 -1000 -10 1
103 21 Car -1 -1 -1 780.32 179.85 995.40 302.04 -1 -1 -1 -1000 -1000 -1000 -10 1
104 21 Car -1 -1 -1 792.19 180.56 1032.34 313.53 -1 -1 -1 -1000 -1000 -1000 -10 1
105 21 Car -1 -1 -1 809.08 184.72 1073.07 327.05 -1 -1 -1 -1000 -1000 -1000 -10 1
106 21 Car -1 -1 -1 826.69 190.32 1125.03 349.04 -1 -1 -1 -1000 -1000 -1000 -10 1
107 21 Car -1 -1 -1 850.75 188.30 1183.86 360.69 -1 -1 -1 -1000 -1000 -1000 -10 1
108 26 Car -1 -1 -1 494.53 180.60 537.36 204.64 -1 -1 -1 -1000 -1000 -1000 -10 1
108 21 Car -1 -1 -1 852.34 188.05 1223.08 368.63 -1 -1 -1 -1000 -1000 -1000 -10 1
109 26 Car -1 -1 -1 485.68 180.66 528.53 205.07 -1 -1 -1 -1000 -1000 -1000 -10 1
109 21 Car -1 -1 -1 853.89 186.96 1243.83 371.65 -1 -1 -1 -1000 -1000 -1000 -10 1
110 26 Car -1 -1 -1 479.35 181.29 522.73 206.88 -1 -1 -1 -1000 -1000 -1000 -10 1
110 21 Car -1 -1 -1 867.60 187.25 1253.42 372.54 -1 -1 -1 -1000 -1000 -1000 -10 1
111 26 Car -1 -1 -1 472.70 181.98 516.99 208.63 -1 -1 -1 -1000 -1000 -1000 -10 1
111 21 Car -1 -1 -1 885.07 190.32 1261.67 375.86 -1 -1 -1 -1000 -1000 -1000 -10 1
112 26 Car -1 -1 -1 467.01 182.19 513.27 209.77 -1 -1 -1 -1000 -1000 -1000 -10 1
112 21 Car -1 -1 -1 907.08 188.54 1261.20 372.11 -1 -1 -1 -1000 -1000 -1000 -10 1
113 26 Car -1 -1 -1 459.02 182.00 509.71 210.93 -1 -1 -1 -1000 -1000 -1000 -10 1
113 21 Car -1 -1 -1 929.79 194.46 1268.66 376.99 -1 -1 -1 -1000 -1000 -1000 -10 1
114 26 Car -1 -1 -1 446.75 182.33 500.03 212.87 -1 -1 -1 -1000 -1000 -1000 -10 1
114 21 Car -1 -1 -1 959.87 185.02 1278.93 373.68 -1 -1 -1 -1000 -1000 -1000 -10 1
115 26 Car -1 -1 -1 437.02 181.81 494.86 214.35 -1 -1 -1 -1000 -1000 -1000 -10 1
116 26 Car -1 -1 -1 428.47 181.02 489.58 215.10 -1 -1 -1 -1000 -1000 -1000 -10 1
117 26 Car -1 -1 -1 417.97 180.91 482.35 216.82 -1 -1 -1 -1000 -1000 -1000 -10 1
118 26 Car -1 -1 -1 406.31 181.09 474.33 218.39 -1 -1 -1 -1000 -1000 -1000 -10 1
119 26 Car -1 -1 -1 392.66 183.64 467.07 221.81 -1 -1 -1 -1000 -1000 -1000 -10 1
120 26 Car -1 -1 -1 377.66 184.64 458.56 224.65 -1 -1 -1 -1000 -1000 -1000 -10 1
121 26 Car -1 -1 -1 370.08 183.45 450.64 224.61 -1 -1 -1 -1000 -1000 -1000 -10 1
122 26 Car -1 -1 -1 358.20 185.98 439.34 228.42 -1 -1 -1 -1000 -1000 -1000 -10 1
123 26 Car -1 -1 -1 337.20 185.41 425.45 232.33 -1 -1 -1 -1000 -1000 -1000 -10 1
124 26 Car -1 -1 -1 317.03 187.29 412.06 236.95 -1 -1 -1 -1000 -1000 -1000 -10 1
125 26 Car -1 -1 -1 300.24 187.76 401.96 239.35 -1 -1 -1 -1000 -1000 -1000 -10 1
126 26 Car -1 -1 -1 285.48 189.36 395.85 243.45 -1 -1 -1 -1000 -1000 -1000 -10 1
127 26 Car -1 -1 -1 262.97 190.07 382.71 245.81 -1 -1 -1 -1000 -1000 -1000 -10 1
128 26 Car -1 -1 -1 240.44 194.93 367.32 252.94 -1 -1 -1 -1000 -1000 -1000 -10 1
129 26 Car -1 -1 -1 217.42 195.85 350.09 256.19 -1 -1 -1 -1000 -1000 -1000 -10 1
130 26 Car -1 -1 -1 190.83 198.66 331.25 263.93 -1 -1 -1 -1000 -1000 -1000 -10 1
131 26 Car -1 -1 -1 164.47 199.79 313.44 267.52 -1 -1 -1 -1000 -1000 -1000 -10 1
132 31 Car -1 -1 -1 511.45 178.82 541.31 201.85 -1 -1 -1 -1000 -1000 -1000 -10 1
132 26 Car -1 -1 -1 122.37 197.38 296.55 275.49 -1 -1 -1 -1000 -1000 -1000 -10 1
133 31 Car -1 -1 -1 510.96 180.06 542.18 203.30 -1 -1 -1 -1000 -1000 -1000 -10 1
133 26 Car -1 -1 -1 95.26 197.56 284.44 283.69 -1 -1 -1 -1000 -1000 -1000 -10 1
134 26 Car -1 -1 -1 52.27 197.33 272.24 296.01 -1 -1 -1 -1000 -1000 -1000 -10 1
135 26 Car -1 -1 -1 21.43 199.44 259.62 307.00 -1 -1 -1 -1000 -1000 -1000 -10 1
136 26 Car -1 -1 -1 -0.66 201.73 240.27 317.16 -1 -1 -1 -1000 -1000 -1000 -10 1
137 34 Car -1 -1 -1 608.90 178.08 641.75 203.21 -1 -1 -1 -1000 -1000 -1000 -10 1
137 26 Car -1 -1 -1 -12.65 206.84 228.54 330.93 -1 -1 -1 -1000 -1000 -1000 -10 1
138 26 Car -1 -1 -1 -16.05 210.68 212.51 337.14 -1 -1 -1 -1000 -1000 -1000 -10 1
139 35 Car -1 -1 -1 493.43 180.29 535.30 206.83 -1 -1 -1 -1000 -1000 -1000 -10 1
140 35 Car -1 -1 -1 491.59 180.61 534.25 207.20 -1 -1 -1 -1000 -1000 -1000 -10 1
141 35 Car -1 -1 -1 486.89 181.61 531.71 208.01 -1 -1 -1 -1000 -1000 -1000 -10 1
142 35 Car -1 -1 -1 485.05 181.76 531.25 209.22 -1 -1 -1 -1000 -1000 -1000 -10 1
143 35 Car -1 -1 -1 483.19 182.04 530.79 210.82 -1 -1 -1 -1000 -1000 -1000 -10 1
144 35 Car -1 -1 -1 480.53 181.94 529.04 211.81 -1 -1 -1 -1000 -1000 -1000 -10 1
145 35 Car -1 -1 -1 475.56 182.10 525.76 213.19 -1 -1 -1 -1000 -1000 -1000 -10 1
146 36 Car -1 -1 -1 616.46 175.29 647.17 198.72 -1 -1 -1 -1000 -1000 -1000 -10 1
146 35 Car -1 -1 -1 471.06 182.40 524.60 215.28 -1 -1 -1 -1000 -1000 -1000 -10 1
147 35 Car -1 -1 -1 467.78 182.89 522.66 216.59 -1 -1 -1 -1000 -1000 -1000 -10 1
148 37 Car -1 -1 -1 535.64 180.80 567.23 202.66 -1 -1 -1 -1000 -1000 -1000 -10 1
148 35 Car -1 -1 -1 462.99 183.24 520.15 217.60 -1 -1 -1 -1000 -1000 -1000 -10 1
149 37 Car -1 -1 -1 541.87 179.98 572.42 201.57 -1 -1 -1 -1000 -1000 -1000 -10 1
149 35 Car -1 -1 -1 459.46 183.73 518.43 219.34 -1 -1 -1 -1000 -1000 -1000 -10 1
151 37 Car -1 -1 -1 545.81 179.26 575.48 200.50 -1 -1 -1 -1000 -1000 -1000 -10 1
151 35 Car -1 -1 -1 454.85 183.54 514.99 219.48 -1 -1 -1 -1000 -1000 -1000 -10 1
152 37 Car -1 -1 -1 544.40 179.34 573.31 200.53 -1 -1 -1 -1000 -1000 -1000 -10 1
152 35 Car -1 -1 -1 442.12 185.39 512.40 224.06 -1 -1 -1 -1000 -1000 -1000 -10 1
153 37 Car -1 -1 -1 544.63 178.41 574.66 200.95 -1 -1 -1 -1000 -1000 -1000 -10 1
153 35 Car -1 -1 -1 434.44 187.34 506.82 228.14 -1 -1 -1 -1000 -1000 -1000 -10 1
154 37 Car -1 -1 -1 545.49 178.02 576.18 201.88 -1 -1 -1 -1000 -1000 -1000 -10 1
154 36 Car -1 -1 -1 632.64 180.14 665.90 205.46 -1 -1 -1 -1000 -1000 -1000 -10 1
154 35 Car -1 -1 -1 425.20 188.90 500.45 232.34 -1 -1 -1 -1000 -1000 -1000 -10 1
155 37 Car -1 -1 -1 545.55 178.01 576.79 202.82 -1 -1 -1 -1000 -1000 -1000 -10 1
155 36 Car -1 -1 -1 633.89 179.81 667.90 205.58 -1 -1 -1 -1000 -1000 -1000 -10 1
155 35 Car -1 -1 -1 418.32 189.63 496.53 235.26 -1 -1 -1 -1000 -1000 -1000 -10 1
156 37 Car -1 -1 -1 544.52 177.86 576.31 203.51 -1 -1 -1 -1000 -1000 -1000 -10 1
156 36 Car -1 -1 -1 633.94 179.29 668.73 205.44 -1 -1 -1 -1000 -1000 -1000 -10 1
156 35 Car -1 -1 -1 414.29 189.41 493.76 236.44 -1 -1 -1 -1000 -1000 -1000 -10 1
157 37 Car -1 -1 -1 542.09 177.71 574.81 204.52 -1 -1 -1 -1000 -1000 -1000 -10 1
157 36 Car -1 -1 -1 633.27 179.31 668.01 205.35 -1 -1 -1 -1000 -1000 -1000 -10 1
157 35 Car -1 -1 -1 409.16 189.49 488.47 236.81 -1 -1 -1 -1000 -1000 -1000 -10 1
158 37 Car -1 -1 -1 540.36 177.79 573.64 205.64 -1 -1 -1 -1000 -1000 -1000 -10 1
158 36 Car -1 -1 -1 633.17 178.59 668.66 205.61 -1 -1 -1 -1000 -1000 -1000 -10 1
158 35 Car -1 -1 -1 399.49 190.52 482.48 239.98 -1 -1 -1 -1000 -1000 -1000 -10 1
159 37 Car -1 -1 -1 540.04 177.82 573.76 206.52 -1 -1 -1 -1000 -1000 -1000 -10 1
159 36 Car -1 -1 -1 632.80 177.98 667.98 204.71 -1 -1 -1 -1000 -1000 -1000 -10 1
159 35 Car -1 -1 -1 398.83 188.84 480.65 238.36 -1 -1 -1 -1000 -1000 -1000 -10 1
160 39 Car -1 -1 -1 536.29 177.16 570.73 206.49 -1 -1 -1 -1000 -1000 -1000 -10 1
160 36 Car -1 -1 -1 633.23 178.03 667.66 204.31 -1 -1 -1 -1000 -1000 -1000 -10 1
160 35 Car -1 -1 -1 377.48 185.97 462.71 240.55 -1 -1 -1 -1000 -1000 -1000 -10 1
161 39 Car -1 -1 -1 534.60 177.21 570.22 207.40 -1 -1 -1 -1000 -1000 -1000 -10 1
161 36 Car -1 -1 -1 633.98 177.72 667.81 203.51 -1 -1 -1 -1000 -1000 -1000 -10 1
161 35 Car -1 -1 -1 363.22 183.83 453.94 243.58 -1 -1 -1 -1000 -1000 -1000 -10 1
162 39 Car -1 -1 -1 532.25 177.14 569.29 208.12 -1 -1 -1 -1000 -1000 -1000 -10 1
162 36 Car -1 -1 -1 634.60 177.76 667.94 203.23 -1 -1 -1 -1000 -1000 -1000 -10 1
162 35 Car -1 -1 -1 350.71 181.43 448.96 247.89 -1 -1 -1 -1000 -1000 -1000 -10 1
163 39 Car -1 -1 -1 531.00 178.23 569.23 207.75 -1 -1 -1 -1000 -1000 -1000 -10 1
163 36 Car -1 -1 -1 634.25 177.97 667.31 203.43 -1 -1 -1 -1000 -1000 -1000 -10 1
163 35 Car -1 -1 -1 333.99 181.71 440.54 253.59 -1 -1 -1 -1000 -1000 -1000 -10 1
164 39 Car -1 -1 -1 526.42 177.04 566.47 207.85 -1 -1 -1 -1000 -1000 -1000 -10 1
164 36 Car -1 -1 -1 634.68 177.86 667.32 203.34 -1 -1 -1 -1000 -1000 -1000 -10 1
164 35 Car -1 -1 -1 315.67 183.02 432.87 259.96 -1 -1 -1 -1000 -1000 -1000 -10 1
165 39 Car -1 -1 -1 523.19 175.57 565.68 208.29 -1 -1 -1 -1000 -1000 -1000 -10 1
165 36 Car -1 -1 -1 635.46 177.86 667.83 203.58 -1 -1 -1 -1000 -1000 -1000 -10 1
165 35 Car -1 -1 -1 295.74 186.28 421.95 263.90 -1 -1 -1 -1000 -1000 -1000 -10 1
166 39 Car -1 -1 -1 522.41 177.76 565.07 209.76 -1 -1 -1 -1000 -1000 -1000 -10 1
166 36 Car -1 -1 -1 635.98 177.79 668.14 203.53 -1 -1 -1 -1000 -1000 -1000 -10 1
166 35 Car -1 -1 -1 281.03 189.85 415.76 266.49 -1 -1 -1 -1000 -1000 -1000 -10 1
167 39 Car -1 -1 -1 518.60 179.30 562.51 211.69 -1 -1 -1 -1000 -1000 -1000 -10 1
167 36 Car -1 -1 -1 637.11 178.04 670.22 204.63 -1 -1 -1 -1000 -1000 -1000 -10 1
167 35 Car -1 -1 -1 265.01 194.05 403.44 270.60 -1 -1 -1 -1000 -1000 -1000 -10 1
168 39 Car -1 -1 -1 516.39 179.15 561.28 212.63 -1 -1 -1 -1000 -1000 -1000 -10 1
168 36 Car -1 -1 -1 636.43 178.40 669.86 205.33 -1 -1 -1 -1000 -1000 -1000 -10 1
168 35 Car -1 -1 -1 252.38 195.42 400.68 276.68 -1 -1 -1 -1000 -1000 -1000 -10 1
169 36 Car -1 -1 -1 636.58 178.13 670.51 205.31 -1 -1 -1 -1000 -1000 -1000 -10 1
169 35 Car -1 -1 -1 226.55 196.12 391.55 283.29 -1 -1 -1 -1000 -1000 -1000 -10 1
170 36 Car -1 -1 -1 635.82 178.33 670.19 205.84 -1 -1 -1 -1000 -1000 -1000 -10 1
170 35 Car -1 -1 -1 199.88 194.75 385.74 288.02 -1 -1 -1 -1000 -1000 -1000 -10 1
171 41 Car -1 -1 -1 500.62 183.47 552.67 215.21 -1 -1 -1 -1000 -1000 -1000 -10 1
171 36 Car -1 -1 -1 636.41 178.30 670.83 205.61 -1 -1 -1 -1000 -1000 -1000 -10 1
171 35 Car -1 -1 -1 173.99 196.55 372.35 293.14 -1 -1 -1 -1000 -1000 -1000 -10 1
172 41 Car -1 -1 -1 497.66 182.45 550.17 216.03 -1 -1 -1 -1000 -1000 -1000 -10 1
172 35 Car -1 -1 -1 150.22 197.15 359.64 294.57 -1 -1 -1 -1000 -1000 -1000 -10 1
173 35 Car -1 -1 -1 123.09 199.19 346.83 301.10 -1 -1 -1 -1000 -1000 -1000 -10 1
174 35 Car -1 -1 -1 99.52 199.37 339.58 305.13 -1 -1 -1 -1000 -1000 -1000 -10 1
175 35 Car -1 -1 -1 60.04 204.29 321.66 319.73 -1 -1 -1 -1000 -1000 -1000 -10 1
176 35 Car -1 -1 -1 30.97 206.49 312.36 332.56 -1 -1 -1 -1000 -1000 -1000 -10 1
177 44 Car -1 -1 -1 632.06 178.91 668.88 206.61 -1 -1 -1 -1000 -1000 -1000 -10 1
177 35 Car -1 -1 -1 14.86 208.85 307.04 342.90 -1 -1 -1 -1000 -1000 -1000 -10 1
178 44 Car -1 -1 -1 632.60 178.61 668.80 206.26 -1 -1 -1 -1000 -1000 -1000 -10 1
178 35 Car -1 -1 -1 4.03 207.70 300.18 346.18 -1 -1 -1 -1000 -1000 -1000 -10 1
179 45 Car -1 -1 -1 466.50 180.53 533.91 228.29 -1 -1 -1 -1000 -1000 -1000 -10 1
179 44 Car -1 -1 -1 632.92 178.33 668.98 206.09 -1 -1 -1 -1000 -1000 -1000 -10 1
179 35 Car -1 -1 -1 -7.04 207.06 286.62 347.40 -1 -1 -1 -1000 -1000 -1000 -10 1
180 45 Car -1 -1 -1 469.95 180.37 534.06 225.08 -1 -1 -1 -1000 -1000 -1000 -10 1
180 44 Car -1 -1 -1 632.83 178.81 669.04 206.84 -1 -1 -1 -1000 -1000 -1000 -10 1
180 35 Car -1 -1 -1 -16.30 210.35 270.36 356.16 -1 -1 -1 -1000 -1000 -1000 -10 1
181 45 Car -1 -1 -1 459.73 186.85 528.45 230.78 -1 -1 -1 -1000 -1000 -1000 -10 1
181 44 Car -1 -1 -1 630.86 179.50 666.37 207.74 -1 -1 -1 -1000 -1000 -1000 -10 1
181 35 Car -1 -1 -1 -19.40 211.84 256.41 361.84 -1 -1 -1 -1000 -1000 -1000 -10 1
182 45 Car -1 -1 -1 447.43 188.15 520.00 233.45 -1 -1 -1 -1000 -1000 -1000 -10 1
182 44 Car -1 -1 -1 630.20 181.75 665.45 210.32 -1 -1 -1 -1000 -1000 -1000 -10 1
182 35 Car -1 -1 -1 -22.89 208.61 235.28 359.03 -1 -1 -1 -1000 -1000 -1000 -10 1
183 45 Car -1 -1 -1 433.84 188.27 509.67 235.71 -1 -1 -1 -1000 -1000 -1000 -10 1
183 44 Car -1 -1 -1 630.73 183.81 664.58 212.38 -1 -1 -1 -1000 -1000 -1000 -10 1
183 35 Car -1 -1 -1 -25.24 210.94 215.72 364.43 -1 -1 -1 -1000 -1000 -1000 -10 1
184 45 Car -1 -1 -1 422.26 188.97 502.15 239.32 -1 -1 -1 -1000 -1000 -1000 -10 1
184 44 Car -1 -1 -1 628.83 185.68 662.15 214.84 -1 -1 -1 -1000 -1000 -1000 -10 1
184 35 Car -1 -1 -1 -27.35 209.20 194.57 365.66 -1 -1 -1 -1000 -1000 -1000 -10 1
185 45 Car -1 -1 -1 412.01 189.42 496.60 242.30 -1 -1 -1 -1000 -1000 -1000 -10 1
185 44 Car -1 -1 -1 625.11 186.19 658.47 215.90 -1 -1 -1 -1000 -1000 -1000 -10 1
185 35 Car -1 -1 -1 -29.22 211.35 171.79 369.17 -1 -1 -1 -1000 -1000 -1000 -10 1
186 45 Car -1 -1 -1 397.67 188.55 485.78 242.10 -1 -1 -1 -1000 -1000 -1000 -10 1
186 44 Car -1 -1 -1 622.05 184.91 655.53 212.95 -1 -1 -1 -1000 -1000 -1000 -10 1
186 35 Car -1 -1 -1 -30.17 210.19 147.92 370.36 -1 -1 -1 -1000 -1000 -1000 -10 1
187 45 Car -1 -1 -1 382.91 187.95 478.71 242.54 -1 -1 -1 -1000 -1000 -1000 -10 1
187 44 Car -1 -1 -1 616.34 184.35 649.82 211.43 -1 -1 -1 -1000 -1000 -1000 -10 1
187 35 Car -1 -1 -1 -30.90 208.66 123.35 370.88 -1 -1 -1 -1000 -1000 -1000 -10 1
188 45 Car -1 -1 -1 363.44 189.37 465.53 246.58 -1 -1 -1 -1000 -1000 -1000 -10 1
188 44 Car -1 -1 -1 612.47 183.78 646.33 211.54 -1 -1 -1 -1000 -1000 -1000 -10 1
189 45 Car -1 -1 -1 343.81 189.41 453.52 249.94 -1 -1 -1 -1000 -1000 -1000 -10 1
189 44 Car -1 -1 -1 605.02 183.20 638.48 210.87 -1 -1 -1 -1000 -1000 -1000 -10 1
190 45 Car -1 -1 -1 322.79 191.25 439.87 254.93 -1 -1 -1 -1000 -1000 -1000 -10 1
190 44 Car -1 -1 -1 597.55 183.59 631.15 212.37 -1 -1 -1 -1000 -1000 -1000 -10 1
191 45 Car -1 -1 -1 298.68 191.64 423.96 257.72 -1 -1 -1 -1000 -1000 -1000 -10 1
191 44 Car -1 -1 -1 587.51 184.48 620.59 213.61 -1 -1 -1 -1000 -1000 -1000 -10 1
192 45 Car -1 -1 -1 273.11 193.07 405.40 261.97 -1 -1 -1 -1000 -1000 -1000 -10 1
193 45 Car -1 -1 -1 251.49 194.48 386.82 266.96 -1 -1 -1 -1000 -1000 -1000 -10 1
194 45 Car -1 -1 -1 226.23 195.87 366.72 271.02 -1 -1 -1 -1000 -1000 -1000 -10 1
195 45 Car -1 -1 -1 197.10 195.24 349.41 277.13 -1 -1 -1 -1000 -1000 -1000 -10 1
195 44 Car -1 -1 -1 567.25 186.05 601.08 214.35 -1 -1 -1 -1000 -1000 -1000 -10 1
196 45 Car -1 -1 -1 166.09 193.74 333.81 281.84 -1 -1 -1 -1000 -1000 -1000 -10 1
196 44 Car -1 -1 -1 564.43 186.41 597.98 214.93 -1 -1 -1 -1000 -1000 -1000 -10 1
197 45 Car -1 -1 -1 133.39 194.90 317.64 290.98 -1 -1 -1 -1000 -1000 -1000 -10 1
197 44 Car -1 -1 -1 563.60 186.56 598.18 214.31 -1 -1 -1 -1000 -1000 -1000 -10 1
198 45 Car -1 -1 -1 105.88 197.48 303.69 297.10 -1 -1 -1 -1000 -1000 -1000 -10 1
198 44 Car -1 -1 -1 563.90 187.42 598.25 214.97 -1 -1 -1 -1000 -1000 -1000 -10 1
199 45 Car -1 -1 -1 66.61 197.94 288.25 307.75 -1 -1 -1 -1000 -1000 -1000 -10 1
199 44 Car -1 -1 -1 566.47 186.47 601.22 214.11 -1 -1 -1 -1000 -1000 -1000 -10 1
200 45 Car -1 -1 -1 29.54 199.72 273.37 318.15 -1 -1 -1 -1000 -1000 -1000 -10 1
200 44 Car -1 -1 -1 572.12 186.76 607.14 215.55 -1 -1 -1 -1000 -1000 -1000 -10 1
201 45 Car -1 -1 -1 5.84 198.29 261.31 323.70 -1 -1 -1 -1000 -1000 -1000 -10 1
201 44 Car -1 -1 -1 576.68 187.51 611.62 217.51 -1 -1 -1 -1000 -1000 -1000 -10 1
202 53 Car -1 -1 -1 437.54 186.19 475.18 213.41 -1 -1 -1 -1000 -1000 -1000 -10 1
202 52 Car -1 -1 -1 479.74 179.56 511.01 206.47 -1 -1 -1 -1000 -1000 -1000 -10 1
202 45 Car -1 -1 -1 -7.99 201.63 249.20 332.88 -1 -1 -1 -1000 -1000 -1000 -10 1
202 44 Car -1 -1 -1 582.98 190.03 614.76 220.62 -1 -1 -1 -1000 -1000 -1000 -10 1
203 53 Car -1 -1 -1 439.64 187.63 480.69 217.75 -1 -1 -1 -1000 -1000 -1000 -10 1
203 45 Car -1 -1 -1 -19.62 205.91 234.77 345.52 -1 -1 -1 -1000 -1000 -1000 -10 1
203 44 Car -1 -1 -1 586.93 193.61 617.72 223.57 -1 -1 -1 -1000 -1000 -1000 -10 1
204 53 Car -1 -1 -1 448.21 192.47 487.56 222.15 -1 -1 -1 -1000 -1000 -1000 -10 1
204 45 Car -1 -1 -1 -25.72 211.68 210.11 356.70 -1 -1 -1 -1000 -1000 -1000 -10 1
204 44 Car -1 -1 -1 590.30 190.27 621.91 221.62 -1 -1 -1 -1000 -1000 -1000 -10 1
205 53 Car -1 -1 -1 452.85 191.54 494.85 222.45 -1 -1 -1 -1000 -1000 -1000 -10 1
205 45 Car -1 -1 -1 -28.45 211.46 190.57 362.70 -1 -1 -1 -1000 -1000 -1000 -10 1
205 44 Car -1 -1 -1 596.44 196.20 627.69 227.21 -1 -1 -1 -1000 -1000 -1000 -10 1
206 45 Car -1 -1 -1 -37.61 212.46 157.66 365.68 -1 -1 -1 -1000 -1000 -1000 -10 1
206 44 Car -1 -1 -1 602.01 198.01 634.60 231.33 -1 -1 -1 -1000 -1000 -1000 -10 1
207 45 Car -1 -1 -1 -41.65 214.84 120.48 371.32 -1 -1 -1 -1000 -1000 -1000 -10 1
207 44 Car -1 -1 -1 608.63 199.14 641.87 232.96 -1 -1 -1 -1000 -1000 -1000 -10 1
211 57 Car -1 -1 -1 630.43 183.87 672.49 218.84 -1 -1 -1 -1000 -1000 -1000 -10 1
213 58 Car -1 -1 -1 478.07 184.63 526.01 218.21 -1 -1 -1 -1000 -1000 -1000 -10 1
214 58 Car -1 -1 -1 478.32 185.52 528.18 219.33 -1 -1 -1 -1000 -1000 -1000 -10 1
215 58 Car -1 -1 -1 481.18 185.15 531.60 219.03 -1 -1 -1 -1000 -1000 -1000 -10 1
216 58 Car -1 -1 -1 483.01 185.59 531.54 219.11 -1 -1 -1 -1000 -1000 -1000 -10 1
217 58 Car -1 -1 -1 484.32 185.30 533.30 217.47 -1 -1 -1 -1000 -1000 -1000 -10 1
218 58 Car -1 -1 -1 484.76 184.55 534.66 218.01 -1 -1 -1 -1000 -1000 -1000 -10 1
219 60 Car -1 -1 -1 670.28 180.39 723.28 220.33 -1 -1 -1 -1000 -1000 -1000 -10 1
219 58 Car -1 -1 -1 484.22 184.76 535.27 219.25 -1 -1 -1 -1000 -1000 -1000 -10 1
220 60 Car -1 -1 -1 676.30 181.61 729.29 220.03 -1 -1 -1 -1000 -1000 -1000 -10 1
220 58 Car -1 -1 -1 484.85 184.44 536.57 219.90 -1 -1 -1 -1000 -1000 -1000 -10 1
221 60 Car -1 -1 -1 678.08 180.95 733.31 219.80 -1 -1 -1 -1000 -1000 -1000 -10 1
221 58 Car -1 -1 -1 483.80 184.82 534.76 220.35 -1 -1 -1 -1000 -1000 -1000 -10 1
222 60 Car -1 -1 -1 680.69 181.06 738.95 221.54 -1 -1 -1 -1000 -1000 -1000 -10 1
222 58 Car -1 -1 -1 483.61 184.36 536.36 220.81 -1 -1 -1 -1000 -1000 -1000 -10 1
223 60 Car -1 -1 -1 684.75 180.61 745.07 222.17 -1 -1 -1 -1000 -1000 -1000 -10 1
223 58 Car -1 -1 -1 482.20 185.27 536.54 222.51 -1 -1 -1 -1000 -1000 -1000 -10 1
224 60 Car -1 -1 -1 689.57 181.93 754.54 225.24 -1 -1 -1 -1000 -1000 -1000 -10 1
224 58 Car -1 -1 -1 480.48 184.88 536.89 222.95 -1 -1 -1 -1000 -1000 -1000 -10 1
225 60 Car -1 -1 -1 692.00 180.29 759.21 224.75 -1 -1 -1 -1000 -1000 -1000 -10 1
225 58 Car -1 -1 -1 478.43 184.17 535.90 222.34 -1 -1 -1 -1000 -1000 -1000 -10 1
226 60 Car -1 -1 -1 695.35 179.29 764.74 224.33 -1 -1 -1 -1000 -1000 -1000 -10 1
226 58 Car -1 -1 -1 476.55 182.81 534.95 221.04 -1 -1 -1 -1000 -1000 -1000 -10 1
227 60 Car -1 -1 -1 696.04 176.85 766.73 221.95 -1 -1 -1 -1000 -1000 -1000 -10 1
227 58 Car -1 -1 -1 475.23 181.12 533.14 219.50 -1 -1 -1 -1000 -1000 -1000 -10 1
228 60 Car -1 -1 -1 696.82 175.34 767.96 220.53 -1 -1 -1 -1000 -1000 -1000 -10 1
228 58 Car -1 -1 -1 472.42 180.26 530.65 219.17 -1 -1 -1 -1000 -1000 -1000 -10 1
229 60 Car -1 -1 -1 699.88 174.12 770.72 218.96 -1 -1 -1 -1000 -1000 -1000 -10 1
229 58 Car -1 -1 -1 467.30 180.93 526.01 220.69 -1 -1 -1 -1000 -1000 -1000 -10 1
230 60 Car -1 -1 -1 706.22 177.22 777.83 223.22 -1 -1 -1 -1000 -1000 -1000 -10 1
230 58 Car -1 -1 -1 461.46 180.82 522.90 221.22 -1 -1 -1 -1000 -1000 -1000 -10 1
231 60 Car -1 -1 -1 707.38 179.58 780.27 227.68 -1 -1 -1 -1000 -1000 -1000 -10 1
231 58 Car -1 -1 -1 456.54 183.16 520.50 224.77 -1 -1 -1 -1000 -1000 -1000 -10 1
232 63 Car -1 -1 -1 689.32 178.20 741.68 219.20 -1 -1 -1 -1000 -1000 -1000 -10 1
232 60 Car -1 -1 -1 707.15 181.36 781.42 231.80 -1 -1 -1 -1000 -1000 -1000 -10 1
232 58 Car -1 -1 -1 450.31 187.71 515.97 231.48 -1 -1 -1 -1000 -1000 -1000 -10 1
233 63 Car -1 -1 -1 696.66 182.67 757.74 229.72 -1 -1 -1 -1000 -1000 -1000 -10 1
233 60 Car -1 -1 -1 714.83 184.40 795.98 239.97 -1 -1 -1 -1000 -1000 -1000 -10 1
233 58 Car -1 -1 -1 442.71 191.23 511.82 237.09 -1 -1 -1 -1000 -1000 -1000 -10 1
234 64 Car -1 -1 -1 542.95 174.86 581.54 204.60 -1 -1 -1 -1000 -1000 -1000 -10 1
234 63 Car -1 -1 -1 699.21 181.81 767.37 233.19 -1 -1 -1 -1000 -1000 -1000 -10 1
234 60 Car -1 -1 -1 717.79 184.52 805.98 244.45 -1 -1 -1 -1000 -1000 -1000 -10 1
234 58 Car -1 -1 -1 434.81 190.87 506.08 238.05 -1 -1 -1 -1000 -1000 -1000 -10 1
235 64 Car -1 -1 -1 540.17 175.23 577.99 204.00 -1 -1 -1 -1000 -1000 -1000 -10 1
235 63 Car -1 -1 -1 700.70 179.97 770.40 232.65 -1 -1 -1 -1000 -1000 -1000 -10 1
235 60 Car -1 -1 -1 722.83 184.55 815.43 247.52 -1 -1 -1 -1000 -1000 -1000 -10 1
235 58 Car -1 -1 -1 426.58 190.17 500.80 239.21 -1 -1 -1 -1000 -1000 -1000 -10 1
236 64 Car -1 -1 -1 535.37 175.94 573.71 204.15 -1 -1 -1 -1000 -1000 -1000 -10 1
236 63 Car -1 -1 -1 699.04 178.19 767.71 229.91 -1 -1 -1 -1000 -1000 -1000 -10 1
236 60 Car -1 -1 -1 725.88 184.76 822.22 250.46 -1 -1 -1 -1000 -1000 -1000 -10 1
236 58 Car -1 -1 -1 418.60 189.75 496.87 240.87 -1 -1 -1 -1000 -1000 -1000 -10 1
237 64 Car -1 -1 -1 528.99 175.74 569.40 203.86 -1 -1 -1 -1000 -1000 -1000 -10 1
237 63 Car -1 -1 -1 698.35 176.66 765.96 227.89 -1 -1 -1 -1000 -1000 -1000 -10 1
237 60 Car -1 -1 -1 729.86 184.90 831.66 254.50 -1 -1 -1 -1000 -1000 -1000 -10 1
237 58 Car -1 -1 -1 411.18 188.78 492.98 241.08 -1 -1 -1 -1000 -1000 -1000 -10 1
238 64 Car -1 -1 -1 523.28 176.50 563.68 203.71 -1 -1 -1 -1000 -1000 -1000 -10 1
238 63 Car -1 -1 -1 697.69 176.09 764.81 227.52 -1 -1 -1 -1000 -1000 -1000 -10 1
238 60 Car -1 -1 -1 733.64 184.93 841.96 257.49 -1 -1 -1 -1000 -1000 -1000 -10 1
238 58 Car -1 -1 -1 399.09 189.47 485.36 243.00 -1 -1 -1 -1000 -1000 -1000 -10 1
239 64 Car -1 -1 -1 520.47 176.44 560.29 203.50 -1 -1 -1 -1000 -1000 -1000 -10 1
239 63 Car -1 -1 -1 696.26 174.65 763.07 226.42 -1 -1 -1 -1000 -1000 -1000 -10 1
239 60 Car -1 -1 -1 738.64 185.10 852.96 260.28 -1 -1 -1 -1000 -1000 -1000 -10 1
239 58 Car -1 -1 -1 387.21 191.85 479.29 248.44 -1 -1 -1 -1000 -1000 -1000 -10 1
240 64 Car -1 -1 -1 519.66 176.33 559.89 203.25 -1 -1 -1 -1000 -1000 -1000 -10 1
240 63 Car -1 -1 -1 697.07 176.70 764.90 228.70 -1 -1 -1 -1000 -1000 -1000 -10 1
240 60 Car -1 -1 -1 742.86 185.91 865.25 263.62 -1 -1 -1 -1000 -1000 -1000 -10 1
240 58 Car -1 -1 -1 375.24 191.84 472.45 250.76 -1 -1 -1 -1000 -1000 -1000 -10 1
241 64 Car -1 -1 -1 519.62 177.52 559.31 205.07 -1 -1 -1 -1000 -1000 -1000 -10 1
241 63 Car -1 -1 -1 697.94 176.59 767.39 228.82 -1 -1 -1 -1000 -1000 -1000 -10 1
241 60 Car -1 -1 -1 751.22 188.49 878.55 269.69 -1 -1 -1 -1000 -1000 -1000 -10 1
241 58 Car -1 -1 -1 359.68 189.98 463.41 254.11 -1 -1 -1 -1000 -1000 -1000 -10 1
242 64 Car -1 -1 -1 512.81 176.80 553.93 206.25 -1 -1 -1 -1000 -1000 -1000 -10 1
242 63 Car -1 -1 -1 699.78 178.37 771.57 231.76 -1 -1 -1 -1000 -1000 -1000 -10 1
242 60 Car -1 -1 -1 759.60 189.58 896.69 277.08 -1 -1 -1 -1000 -1000 -1000 -10 1
242 58 Car -1 -1 -1 344.21 189.44 455.64 256.50 -1 -1 -1 -1000 -1000 -1000 -10 1
243 67 Car -1 -1 -1 720.97 185.97 833.43 254.91 -1 -1 -1 -1000 -1000 -1000 -10 1
243 64 Car -1 -1 -1 507.27 176.12 549.78 205.81 -1 -1 -1 -1000 -1000 -1000 -10 1
243 63 Car -1 -1 -1 700.52 179.20 776.67 233.92 -1 -1 -1 -1000 -1000 -1000 -10 1
243 60 Car -1 -1 -1 770.87 191.11 921.57 285.58 -1 -1 -1 -1000 -1000 -1000 -10 1
243 58 Car -1 -1 -1 330.42 189.79 445.77 258.34 -1 -1 -1 -1000 -1000 -1000 -10 1
244 67 Car -1 -1 -1 725.80 189.02 842.73 260.61 -1 -1 -1 -1000 -1000 -1000 -10 1
244 64 Car -1 -1 -1 507.90 176.05 550.71 206.58 -1 -1 -1 -1000 -1000 -1000 -10 1
244 63 Car -1 -1 -1 699.19 180.29 779.30 236.73 -1 -1 -1 -1000 -1000 -1000 -10 1
244 60 Car -1 -1 -1 779.28 193.93 946.57 296.06 -1 -1 -1 -1000 -1000 -1000 -10 1
244 58 Car -1 -1 -1 311.90 192.38 433.52 264.09 -1 -1 -1 -1000 -1000 -1000 -10 1
245 67 Car -1 -1 -1 730.36 190.73 852.15 265.48 -1 -1 -1 -1000 -1000 -1000 -10 1
245 64 Car -1 -1 -1 506.44 169.66 553.09 203.57 -1 -1 -1 -1000 -1000 -1000 -10 1
245 63 Car -1 -1 -1 699.23 179.42 779.87 237.31 -1 -1 -1 -1000 -1000 -1000 -10 1
245 60 Car -1 -1 -1 789.52 194.64 980.80 311.76 -1 -1 -1 -1000 -1000 -1000 -10 1
245 58 Car -1 -1 -1 289.55 194.38 419.22 269.63 -1 -1 -1 -1000 -1000 -1000 -10 1
246 67 Car -1 -1 -1 736.36 188.75 869.54 270.15 -1 -1 -1 -1000 -1000 -1000 -10 1
246 64 Car -1 -1 -1 505.09 165.51 553.24 201.39 -1 -1 -1 -1000 -1000 -1000 -10 1
246 63 Car -1 -1 -1 700.47 178.69 784.16 239.37 -1 -1 -1 -1000 -1000 -1000 -10 1
246 60 Car -1 -1 -1 808.85 195.82 1024.40 327.74 -1 -1 -1 -1000 -1000 -1000 -10 1
246 58 Car -1 -1 -1 264.42 193.83 405.63 277.29 -1 -1 -1 -1000 -1000 -1000 -10 1
247 67 Car -1 -1 -1 742.05 186.14 890.11 277.37 -1 -1 -1 -1000 -1000 -1000 -10 1
247 64 Car -1 -1 -1 495.78 170.52 545.69 205.51 -1 -1 -1 -1000 -1000 -1000 -10 1
247 63 Car -1 -1 -1 702.40 177.64 791.47 242.01 -1 -1 -1 -1000 -1000 -1000 -10 1
247 60 Car -1 -1 -1 828.19 200.55 1068.69 347.61 -1 -1 -1 -1000 -1000 -1000 -10 1
247 58 Car -1 -1 -1 234.62 193.40 390.05 284.27 -1 -1 -1 -1000 -1000 -1000 -10 1
248 67 Car -1 -1 -1 750.76 187.04 903.54 281.38 -1 -1 -1 -1000 -1000 -1000 -10 1
248 64 Car -1 -1 -1 490.39 168.32 545.63 204.18 -1 -1 -1 -1000 -1000 -1000 -10 1
248 63 Car -1 -1 -1 704.10 175.64 796.17 242.85 -1 -1 -1 -1000 -1000 -1000 -10 1
248 60 Car -1 -1 -1 853.64 199.39 1131.34 361.46 -1 -1 -1 -1000 -1000 -1000 -10 1
248 58 Car -1 -1 -1 202.93 192.57 374.01 290.88 -1 -1 -1 -1000 -1000 -1000 -10 1
249 67 Car -1 -1 -1 761.94 186.64 929.09 289.08 -1 -1 -1 -1000 -1000 -1000 -10 1
249 64 Car -1 -1 -1 488.39 163.22 544.48 201.81 -1 -1 -1 -1000 -1000 -1000 -10 1
249 63 Car -1 -1 -1 706.38 174.79 802.63 244.98 -1 -1 -1 -1000 -1000 -1000 -10 1
249 60 Car -1 -1 -1 875.12 196.93 1191.07 368.46 -1 -1 -1 -1000 -1000 -1000 -10 1
249 58 Car -1 -1 -1 166.13 192.39 356.18 299.58 -1 -1 -1 -1000 -1000 -1000 -10 1
250 67 Car -1 -1 -1 770.67 187.91 961.29 303.67 -1 -1 -1 -1000 -1000 -1000 -10 1
250 64 Car -1 -1 -1 484.97 158.85 544.20 200.06 -1 -1 -1 -1000 -1000 -1000 -10 1
250 63 Car -1 -1 -1 708.70 174.79 808.93 246.92 -1 -1 -1 -1000 -1000 -1000 -10 1
250 60 Car -1 -1 -1 892.66 196.26 1224.89 372.42 -1 -1 -1 -1000 -1000 -1000 -10 1
250 58 Car -1 -1 -1 122.99 194.27 335.46 312.81 -1 -1 -1 -1000 -1000 -1000 -10 1
251 67 Car -1 -1 -1 782.55 187.38 999.68 314.14 -1 -1 -1 -1000 -1000 -1000 -10 1
251 64 Car -1 -1 -1 483.12 156.53 543.33 198.87 -1 -1 -1 -1000 -1000 -1000 -10 1
251 63 Car -1 -1 -1 711.88 172.77 821.92 249.26 -1 -1 -1 -1000 -1000 -1000 -10 1
251 60 Car -1 -1 -1 909.76 196.01 1245.04 374.27 -1 -1 -1 -1000 -1000 -1000 -10 1
251 58 Car -1 -1 -1 70.16 196.22 311.69 327.82 -1 -1 -1 -1000 -1000 -1000 -10 1
252 69 Car -1 -1 -1 469.94 154.61 541.45 201.85 -1 -1 -1 -1000 -1000 -1000 -10 1
252 67 Car -1 -1 -1 797.20 185.35 1043.94 328.54 -1 -1 -1 -1000 -1000 -1000 -10 1
252 64 Car -1 -1 -1 481.33 157.29 541.98 199.07 -1 -1 -1 -1000 -1000 -1000 -10 1
252 63 Car -1 -1 -1 719.77 171.96 841.47 255.27 -1 -1 -1 -1000 -1000 -1000 -10 1
252 60 Car -1 -1 -1 935.69 197.80 1261.71 376.19 -1 -1 -1 -1000 -1000 -1000 -10 1
252 58 Car -1 -1 -1 30.91 202.30 285.03 340.92 -1 -1 -1 -1000 -1000 -1000 -10 1
253 70 Car -1 -1 -1 455.14 174.48 516.42 212.11 -1 -1 -1 -1000 -1000 -1000 -10 1
253 69 Car -1 -1 -1 471.02 155.20 541.85 200.70 -1 -1 -1 -1000 -1000 -1000 -10 1
253 67 Car -1 -1 -1 815.07 183.93 1103.97 349.53 -1 -1 -1 -1000 -1000 -1000 -10 1
253 64 Car -1 -1 -1 480.45 158.89 540.39 200.60 -1 -1 -1 -1000 -1000 -1000 -10 1
253 63 Car -1 -1 -1 722.80 171.73 852.58 259.91 -1 -1 -1 -1000 -1000 -1000 -10 1
253 60 Car -1 -1 -1 977.51 197.66 1278.11 376.79 -1 -1 -1 -1000 -1000 -1000 -10 1
253 58 Car -1 -1 -1 5.72 207.36 267.66 355.04 -1 -1 -1 -1000 -1000 -1000 -10 1
254 70 Car -1 -1 -1 446.06 179.46 505.09 215.66 -1 -1 -1 -1000 -1000 -1000 -10 1
254 69 Car -1 -1 -1 467.63 153.26 540.62 198.68 -1 -1 -1 -1000 -1000 -1000 -10 1
254 67 Car -1 -1 -1 844.14 183.05 1175.57 364.96 -1 -1 -1 -1000 -1000 -1000 -10 1
254 64 Car -1 -1 -1 477.02 160.09 538.39 202.04 -1 -1 -1 -1000 -1000 -1000 -10 1
254 63 Car -1 -1 -1 725.51 173.13 859.03 265.61 -1 -1 -1 -1000 -1000 -1000 -10 1
254 60 Car -1 -1 -1 1042.93 200.86 1297.79 378.93 -1 -1 -1 -1000 -1000 -1000 -10 1
254 58 Car -1 -1 -1 -11.13 208.88 249.52 363.82 -1 -1 -1 -1000 -1000 -1000 -10 1
255 70 Car -1 -1 -1 442.26 182.17 499.33 217.45 -1 -1 -1 -1000 -1000 -1000 -10 1
255 69 Car -1 -1 -1 454.71 157.01 534.22 205.80 -1 -1 -1 -1000 -1000 -1000 -10 1
255 67 Car -1 -1 -1 862.98 182.67 1218.69 372.86 -1 -1 -1 -1000 -1000 -1000 -10 1
255 64 Car -1 -1 -1 474.38 162.20 535.16 204.05 -1 -1 -1 -1000 -1000 -1000 -10 1
255 63 Car -1 -1 -1 734.47 174.71 878.93 275.10 -1 -1 -1 -1000 -1000 -1000 -10 1
255 58 Car -1 -1 -1 -22.40 208.96 224.57 367.86 -1 -1 -1 -1000 -1000 -1000 -10 1
256 70 Car -1 -1 -1 440.29 184.02 497.10 219.26 -1 -1 -1 -1000 -1000 -1000 -10 1
256 69 Car -1 -1 -1 449.26 158.40 532.32 208.41 -1 -1 -1 -1000 -1000 -1000 -10 1
256 67 Car -1 -1 -1 876.85 181.32 1239.92 373.64 -1 -1 -1 -1000 -1000 -1000 -10 1
256 64 Car -1 -1 -1 474.93 164.97 534.09 206.24 -1 -1 -1 -1000 -1000 -1000 -10 1
256 63 Car -1 -1 -1 746.32 174.81 901.51 283.29 -1 -1 -1 -1000 -1000 -1000 -10 1
256 58 Car -1 -1 -1 -31.22 211.79 193.50 372.87 -1 -1 -1 -1000 -1000 -1000 -10 1
257 70 Car -1 -1 -1 433.86 183.06 494.38 220.99 -1 -1 -1 -1000 -1000 -1000 -10 1
257 67 Car -1 -1 -1 899.04 181.57 1257.98 376.28 -1 -1 -1 -1000 -1000 -1000 -10 1
257 63 Car -1 -1 -1 755.83 175.07 927.25 291.61 -1 -1 -1 -1000 -1000 -1000 -10 1
257 58 Car -1 -1 -1 -40.47 213.76 151.59 375.52 -1 -1 -1 -1000 -1000 -1000 -10 1
258 70 Car -1 -1 -1 424.10 182.03 489.29 222.83 -1 -1 -1 -1000 -1000 -1000 -10 1
258 67 Car -1 -1 -1 925.95 185.26 1270.44 375.36 -1 -1 -1 -1000 -1000 -1000 -10 1
258 63 Car -1 -1 -1 770.50 175.50 970.26 306.96 -1 -1 -1 -1000 -1000 -1000 -10 1
259 70 Car -1 -1 -1 416.98 182.42 487.63 224.10 -1 -1 -1 -1000 -1000 -1000 -10 1
259 63 Car -1 -1 -1 784.56 175.99 1014.02 321.93 -1 -1 -1 -1000 -1000 -1000 -10 1
260 70 Car -1 -1 -1 410.19 182.30 486.80 227.37 -1 -1 -1 -1000 -1000 -1000 -10 1
260 63 Car -1 -1 -1 799.53 182.38 1064.75 342.09 -1 -1 -1 -1000 -1000 -1000 -10 1
261 70 Car -1 -1 -1 401.27 182.93 483.27 231.22 -1 -1 -1 -1000 -1000 -1000 -10 1
261 63 Car -1 -1 -1 825.81 185.17 1134.05 359.66 -1 -1 -1 -1000 -1000 -1000 -10 1
262 70 Car -1 -1 -1 389.70 185.47 473.60 235.30 -1 -1 -1 -1000 -1000 -1000 -10 1
262 69 Car -1 -1 -1 422.52 163.82 503.64 220.98 -1 -1 -1 -1000 -1000 -1000 -10 1
262 63 Car -1 -1 -1 851.42 183.19 1191.10 365.41 -1 -1 -1 -1000 -1000 -1000 -10 1
263 73 Car -1 -1 -1 422.19 166.52 497.58 224.04 -1 -1 -1 -1000 -1000 -1000 -10 1
263 70 Car -1 -1 -1 382.65 184.14 467.82 236.37 -1 -1 -1 -1000 -1000 -1000 -10 1
263 69 Car -1 -1 -1 421.54 166.58 499.72 223.20 -1 -1 -1 -1000 -1000 -1000 -10 1
263 63 Car -1 -1 -1 858.82 181.32 1225.44 371.33 -1 -1 -1 -1000 -1000 -1000 -10 1
264 73 Car -1 -1 -1 419.98 167.20 495.62 227.65 -1 -1 -1 -1000 -1000 -1000 -10 1
264 72 Car -1 -1 -1 517.93 178.66 567.03 208.62 -1 -1 -1 -1000 -1000 -1000 -10 1
264 70 Car -1 -1 -1 369.88 185.51 458.89 240.61 -1 -1 -1 -1000 -1000 -1000 -10 1
264 69 Car -1 -1 -1 420.00 167.44 496.89 224.63 -1 -1 -1 -1000 -1000 -1000 -10 1
264 63 Car -1 -1 -1 876.11 182.51 1244.79 375.48 -1 -1 -1 -1000 -1000 -1000 -10 1
265 73 Car -1 -1 -1 414.18 163.77 494.13 227.67 -1 -1 -1 -1000 -1000 -1000 -10 1
265 72 Car -1 -1 -1 516.74 180.06 565.41 210.95 -1 -1 -1 -1000 -1000 -1000 -10 1
265 70 Car -1 -1 -1 358.39 186.44 451.47 244.78 -1 -1 -1 -1000 -1000 -1000 -10 1
265 69 Car -1 -1 -1 414.52 163.71 490.66 224.50 -1 -1 -1 -1000 -1000 -1000 -10 1
265 63 Car -1 -1 -1 908.02 183.67 1253.03 377.69 -1 -1 -1 -1000 -1000 -1000 -10 1
266 73 Car -1 -1 -1 406.45 168.38 486.68 231.17 -1 -1 -1 -1000 -1000 -1000 -10 1
266 72 Car -1 -1 -1 516.66 179.85 564.22 211.29 -1 -1 -1 -1000 -1000 -1000 -10 1
266 70 Car -1 -1 -1 346.35 186.41 445.05 247.22 -1 -1 -1 -1000 -1000 -1000 -10 1
266 69 Car -1 -1 -1 405.13 163.58 482.11 226.65 -1 -1 -1 -1000 -1000 -1000 -10 1
266 63 Car -1 -1 -1 955.80 192.39 1273.05 382.81 -1 -1 -1 -1000 -1000 -1000 -10 1
267 73 Car -1 -1 -1 401.91 171.64 481.75 233.07 -1 -1 -1 -1000 -1000 -1000 -10 1
267 72 Car -1 -1 -1 514.18 179.75 561.89 212.13 -1 -1 -1 -1000 -1000 -1000 -10 1
267 70 Car -1 -1 -1 332.44 186.68 437.88 250.55 -1 -1 -1 -1000 -1000 -1000 -10 1
268 72 Car -1 -1 -1 512.06 180.05 559.36 213.37 -1 -1 -1 -1000 -1000 -1000 -10 1
268 70 Car -1 -1 -1 317.22 187.88 430.80 254.36 -1 -1 -1 -1000 -1000 -1000 -10 1
269 72 Car -1 -1 -1 507.77 179.26 555.91 214.36 -1 -1 -1 -1000 -1000 -1000 -10 1
269 70 Car -1 -1 -1 302.57 188.03 422.78 257.17 -1 -1 -1 -1000 -1000 -1000 -10 1
271 72 Car -1 -1 -1 498.35 176.81 548.72 214.27 -1 -1 -1 -1000 -1000 -1000 -10 1
271 70 Car -1 -1 -1 276.41 188.27 410.35 264.35 -1 -1 -1 -1000 -1000 -1000 -10 1
271 69 Car -1 -1 -1 368.27 160.22 464.48 237.29 -1 -1 -1 -1000 -1000 -1000 -10 1
272 72 Car -1 -1 -1 494.63 176.24 546.35 215.06 -1 -1 -1 -1000 -1000 -1000 -10 1
272 70 Car -1 -1 -1 260.24 187.91 399.91 265.48 -1 -1 -1 -1000 -1000 -1000 -10 1
272 69 Car -1 -1 -1 355.08 161.21 455.01 240.41 -1 -1 -1 -1000 -1000 -1000 -10 1
273 72 Car -1 -1 -1 494.82 176.60 547.20 216.12 -1 -1 -1 -1000 -1000 -1000 -10 1
273 70 Car -1 -1 -1 236.95 188.25 385.48 269.49 -1 -1 -1 -1000 -1000 -1000 -10 1
273 69 Car -1 -1 -1 349.02 163.32 450.15 241.56 -1 -1 -1 -1000 -1000 -1000 -10 1
274 72 Car -1 -1 -1 494.09 175.94 548.26 215.71 -1 -1 -1 -1000 -1000 -1000 -10 1
274 70 Car -1 -1 -1 209.82 189.39 371.47 275.71 -1 -1 -1 -1000 -1000 -1000 -10 1
275 72 Car -1 -1 -1 492.61 176.91 548.91 217.70 -1 -1 -1 -1000 -1000 -1000 -10 1
275 70 Car -1 -1 -1 181.25 188.48 358.89 283.79 -1 -1 -1 -1000 -1000 -1000 -10 1
276 72 Car -1 -1 -1 488.32 178.15 546.93 220.84 -1 -1 -1 -1000 -1000 -1000 -10 1
276 70 Car -1 -1 -1 149.48 189.02 345.13 295.13 -1 -1 -1 -1000 -1000 -1000 -10 1
277 72 Car -1 -1 -1 482.81 178.55 543.67 222.98 -1 -1 -1 -1000 -1000 -1000 -10 1
277 70 Car -1 -1 -1 115.95 190.15 332.33 307.82 -1 -1 -1 -1000 -1000 -1000 -10 1
277 69 Car -1 -1 -1 289.37 151.75 425.91 246.30 -1 -1 -1 -1000 -1000 -1000 -10 1
278 72 Car -1 -1 -1 475.53 179.03 542.59 225.69 -1 -1 -1 -1000 -1000 -1000 -10 1
278 70 Car -1 -1 -1 70.78 193.31 316.99 323.66 -1 -1 -1 -1000 -1000 -1000 -10 1
278 69 Car -1 -1 -1 277.68 144.79 424.19 250.76 -1 -1 -1 -1000 -1000 -1000 -10 1
279 76 Car -1 -1 -1 231.36 125.05 417.93 267.06 -1 -1 -1 -1000 -1000 -1000 -10 1
279 72 Car -1 -1 -1 467.87 179.00 539.70 228.38 -1 -1 -1 -1000 -1000 -1000 -10 1
279 70 Car -1 -1 -1 27.96 196.36 294.86 336.58 -1 -1 -1 -1000 -1000 -1000 -10 1
280 76 Car -1 -1 -1 207.70 126.14 406.84 275.77 -1 -1 -1 -1000 -1000 -1000 -10 1
280 72 Car -1 -1 -1 461.82 177.95 538.28 229.87 -1 -1 -1 -1000 -1000 -1000 -10 1
280 70 Car -1 -1 -1 4.87 203.68 280.64 352.23 -1 -1 -1 -1000 -1000 -1000 -10 1
281 76 Car -1 -1 -1 176.02 124.78 397.56 282.68 -1 -1 -1 -1000 -1000 -1000 -10 1
281 72 Car -1 -1 -1 454.09 178.38 539.27 233.01 -1 -1 -1 -1000 -1000 -1000 -10 1
281 70 Car -1 -1 -1 -8.95 205.95 267.02 362.81 -1 -1 -1 -1000 -1000 -1000 -10 1
282 76 Car -1 -1 -1 129.17 109.96 383.14 291.31 -1 -1 -1 -1000 -1000 -1000 -10 1
282 72 Car -1 -1 -1 445.99 178.83 533.97 236.19 -1 -1 -1 -1000 -1000 -1000 -10 1
282 70 Car -1 -1 -1 -19.22 208.65 246.66 370.26 -1 -1 -1 -1000 -1000 -1000 -10 1
282 69 Car -1 -1 -1 163.16 124.77 360.08 272.58 -1 -1 -1 -1000 -1000 -1000 -10 1
283 76 Car -1 -1 -1 94.83 102.93 360.92 295.89 -1 -1 -1 -1000 -1000 -1000 -10 1
283 72 Car -1 -1 -1 438.19 180.56 529.29 239.91 -1 -1 -1 -1000 -1000 -1000 -10 1
283 70 Car -1 -1 -1 -26.45 208.64 216.76 369.59 -1 -1 -1 -1000 -1000 -1000 -10 1
283 69 Car -1 -1 -1 111.85 113.88 354.98 291.16 -1 -1 -1 -1000 -1000 -1000 -10 1
284 76 Car -1 -1 -1 52.69 99.73 355.46 313.76 -1 -1 -1 -1000 -1000 -1000 -10 1
284 72 Car -1 -1 -1 427.35 181.39 526.74 244.21 -1 -1 -1 -1000 -1000 -1000 -10 1
284 70 Car -1 -1 -1 -33.16 208.47 185.10 371.81 -1 -1 -1 -1000 -1000 -1000 -10 1
286 76 Car -1 -1 -1 -1.73 93.56 344.55 334.77 -1 -1 -1 -1000 -1000 -1000 -10 1
286 72 Car -1 -1 -1 401.78 181.60 515.77 251.62 -1 -1 -1 -1000 -1000 -1000 -10 1
287 76 Car -1 -1 -1 -24.37 85.29 328.44 341.43 -1 -1 -1 -1000 -1000 -1000 -10 1
287 72 Car -1 -1 -1 389.02 183.72 511.24 258.38 -1 -1 -1 -1000 -1000 -1000 -10 1
288 76 Car -1 -1 -1 -36.64 80.54 319.78 351.78 -1 -1 -1 -1000 -1000 -1000 -10 1
288 72 Car -1 -1 -1 375.44 185.30 504.50 264.42 -1 -1 -1 -1000 -1000 -1000 -10 1
289 78 Car -1 -1 -1 361.29 180.42 455.30 223.23 -1 -1 -1 -1000 -1000 -1000 -10 1
289 76 Car -1 -1 -1 -39.89 72.69 298.96 356.47 -1 -1 -1 -1000 -1000 -1000 -10 1
289 72 Car -1 -1 -1 358.20 189.36 494.06 272.22 -1 -1 -1 -1000 -1000 -1000 -10 1
290 78 Car -1 -1 -1 352.80 180.16 444.43 218.70 -1 -1 -1 -1000 -1000 -1000 -10 1
290 76 Car -1 -1 -1 -52.15 71.01 269.65 372.57 -1 -1 -1 -1000 -1000 -1000 -10 1
290 72 Car -1 -1 -1 342.40 192.74 482.99 280.98 -1 -1 -1 -1000 -1000 -1000 -10 1
291 79 Car -1 -1 -1 4.82 193.29 187.78 379.71 -1 -1 -1 -1000 -1000 -1000 -10 1
291 78 Car -1 -1 -1 342.12 183.92 437.32 223.21 -1 -1 -1 -1000 -1000 -1000 -10 1
291 72 Car -1 -1 -1 321.26 194.66 471.35 289.84 -1 -1 -1 -1000 -1000 -1000 -10 1
292 79 Car -1 -1 -1 1.95 213.82 155.68 374.38 -1 -1 -1 -1000 -1000 -1000 -10 1
292 72 Car -1 -1 -1 296.58 199.42 459.87 302.24 -1 -1 -1 -1000 -1000 -1000 -10 1
293 79 Car -1 -1 -1 -2.27 234.67 108.31 363.34 -1 -1 -1 -1000 -1000 -1000 -10 1
293 72 Car -1 -1 -1 263.85 202.93 448.08 316.84 -1 -1 -1 -1000 -1000 -1000 -10 1
294 80 Car -1 -1 -1 408.65 178.30 476.60 227.63 -1 -1 -1 -1000 -1000 -1000 -10 1
294 72 Car -1 -1 -1 218.10 207.59 430.44 338.49 -1 -1 -1 -1000 -1000 -1000 -10 1
295 81 Car -1 -1 -1 471.96 175.57 513.30 206.43 -1 -1 -1 -1000 -1000 -1000 -10 1
295 80 Car -1 -1 -1 402.03 179.92 472.06 229.72 -1 -1 -1 -1000 -1000 -1000 -10 1
295 72 Car -1 -1 -1 160.14 209.40 409.10 356.13 -1 -1 -1 -1000 -1000 -1000 -10 1
296 81 Car -1 -1 -1 472.49 175.01 515.74 206.72 -1 -1 -1 -1000 -1000 -1000 -10 1
296 80 Car -1 -1 -1 392.38 182.71 468.72 232.71 -1 -1 -1 -1000 -1000 -1000 -10 1
296 72 Car -1 -1 -1 96.75 207.94 383.29 366.23 -1 -1 -1 -1000 -1000 -1000 -10 1
297 80 Car -1 -1 -1 378.37 185.91 462.89 241.51 -1 -1 -1 -1000 -1000 -1000 -10 1
297 72 Car -1 -1 -1 46.29 212.30 371.37 373.23 -1 -1 -1 -1000 -1000 -1000 -10 1
298 80 Car -1 -1 -1 367.37 187.58 458.88 247.82 -1 -1 -1 -1000 -1000 -1000 -10 1
298 72 Car -1 -1 -1 17.15 216.30 360.44 373.40 -1 -1 -1 -1000 -1000 -1000 -10 1
299 80 Car -1 -1 -1 362.39 186.30 455.69 246.91 -1 -1 -1 -1000 -1000 -1000 -10 1
299 72 Car -1 -1 -1 -3.50 211.26 350.35 374.40 -1 -1 -1 -1000 -1000 -1000 -10 1
300 80 Car -1 -1 -1 355.50 182.63 450.33 245.01 -1 -1 -1 -1000 -1000 -1000 -10 1
300 72 Car -1 -1 -1 -19.21 206.79 334.56 374.85 -1 -1 -1 -1000 -1000 -1000 -10 1
301 80 Car -1 -1 -1 346.92 179.92 445.20 245.58 -1 -1 -1 -1000 -1000 -1000 -10 1
301 72 Car -1 -1 -1 -29.82 207.36 300.37 373.33 -1 -1 -1 -1000 -1000 -1000 -10 1
302 81 Car -1 -1 -1 460.15 174.55 512.50 207.59 -1 -1 -1 -1000 -1000 -1000 -10 1
302 80 Car -1 -1 -1 336.60 179.78 439.65 248.46 -1 -1 -1 -1000 -1000 -1000 -10 1
302 72 Car -1 -1 -1 -14.74 200.78 284.60 367.95 -1 -1 -1 -1000 -1000 -1000 -10 1
303 80 Car -1 -1 -1 324.37 179.23 432.59 249.13 -1 -1 -1 -1000 -1000 -1000 -10 1
303 72 Car -1 -1 -1 -10.42 190.15 289.87 351.63 -1 -1 -1 -1000 -1000 -1000 -10 1
304 80 Car -1 -1 -1 312.91 178.80 424.46 250.36 -1 -1 -1 -1000 -1000 -1000 -10 1
304 72 Car -1 -1 -1 -20.37 187.04 277.01 350.35 -1 -1 -1 -1000 -1000 -1000 -10 1
305 80 Car -1 -1 -1 296.16 177.56 416.16 252.14 -1 -1 -1 -1000 -1000 -1000 -10 1
305 72 Car -1 -1 -1 -26.94 192.30 260.19 359.80 -1 -1 -1 -1000 -1000 -1000 -10 1
306 81 Car -1 -1 -1 447.20 172.09 499.75 207.11 -1 -1 -1 -1000 -1000 -1000 -10 1
306 80 Car -1 -1 -1 281.67 180.70 406.71 256.56 -1 -1 -1 -1000 -1000 -1000 -10 1
306 72 Car -1 -1 -1 -31.29 200.63 235.78 369.31 -1 -1 -1 -1000 -1000 -1000 -10 1
307 81 Car -1 -1 -1 444.18 171.76 498.57 209.26 -1 -1 -1 -1000 -1000 -1000 -10 1
307 80 Car -1 -1 -1 266.40 183.16 397.81 260.45 -1 -1 -1 -1000 -1000 -1000 -10 1
307 72 Car -1 -1 -1 -34.57 200.91 206.03 371.49 -1 -1 -1 -1000 -1000 -1000 -10 1
308 81 Car -1 -1 -1 441.96 173.64 499.09 213.70 -1 -1 -1 -1000 -1000 -1000 -10 1
308 80 Car -1 -1 -1 242.99 184.59 384.49 268.19 -1 -1 -1 -1000 -1000 -1000 -10 1
308 72 Car -1 -1 -1 -43.46 204.66 164.89 374.06 -1 -1 -1 -1000 -1000 -1000 -10 1
309 85 Car -1 -1 -1 487.32 176.13 540.70 220.91 -1 -1 -1 -1000 -1000 -1000 -10 1
309 81 Car -1 -1 -1 438.28 175.19 499.05 217.74 -1 -1 -1 -1000 -1000 -1000 -10 1
310 85 Car -1 -1 -1 488.03 177.36 539.92 223.85 -1 -1 -1 -1000 -1000 -1000 -10 1
310 81 Car -1 -1 -1 429.60 176.45 491.59 219.64 -1 -1 -1 -1000 -1000 -1000 -10 1
311 85 Car -1 -1 -1 483.69 176.26 534.99 221.46 -1 -1 -1 -1000 -1000 -1000 -10 1
311 81 Car -1 -1 -1 425.11 177.83 489.83 222.16 -1 -1 -1 -1000 -1000 -1000 -10 1
312 85 Car -1 -1 -1 481.45 174.25 530.49 217.30 -1 -1 -1 -1000 -1000 -1000 -10 1
312 81 Car -1 -1 -1 419.89 179.74 488.47 224.34 -1 -1 -1 -1000 -1000 -1000 -10 1
312 80 Car -1 -1 -1 117.78 189.01 324.73 308.08 -1 -1 -1 -1000 -1000 -1000 -10 1
313 85 Car -1 -1 -1 480.61 173.05 528.71 213.02 -1 -1 -1 -1000 -1000 -1000 -10 1
313 81 Car -1 -1 -1 416.73 179.99 484.35 226.38 -1 -1 -1 -1000 -1000 -1000 -10 1
313 80 Car -1 -1 -1 77.58 189.54 308.00 320.29 -1 -1 -1 -1000 -1000 -1000 -10 1
314 85 Car -1 -1 -1 485.69 172.65 534.94 208.93 -1 -1 -1 -1000 -1000 -1000 -10 1
314 81 Car -1 -1 -1 423.59 183.30 489.44 232.14 -1 -1 -1 -1000 -1000 -1000 -10 1
314 80 Car -1 -1 -1 30.09 192.32 288.77 334.85 -1 -1 -1 -1000 -1000 -1000 -10 1
315 85 Car -1 -1 -1 483.71 172.63 536.38 207.29 -1 -1 -1 -1000 -1000 -1000 -10 1
315 81 Car -1 -1 -1 423.73 188.91 489.79 243.62 -1 -1 -1 -1000 -1000 -1000 -10 1
315 80 Car -1 -1 -1 6.23 199.15 276.76 352.07 -1 -1 -1 -1000 -1000 -1000 -10 1
316 85 Car -1 -1 -1 477.28 170.52 534.52 205.35 -1 -1 -1 -1000 -1000 -1000 -10 1
316 80 Car -1 -1 -1 -10.29 201.41 259.15 361.37 -1 -1 -1 -1000 -1000 -1000 -10 1
317 85 Car -1 -1 -1 476.75 171.42 533.74 205.47 -1 -1 -1 -1000 -1000 -1000 -10 1
317 80 Car -1 -1 -1 -21.56 199.96 236.81 366.61 -1 -1 -1 -1000 -1000 -1000 -10 1
318 87 Car -1 -1 -1 375.21 182.73 479.81 229.54 -1 -1 -1 -1000 -1000 -1000 -10 1
318 85 Car -1 -1 -1 476.11 172.00 532.59 205.94 -1 -1 -1 -1000 -1000 -1000 -10 1
318 80 Car -1 -1 -1 -28.07 200.45 209.11 369.88 -1 -1 -1 -1000 -1000 -1000 -10 1
319 87 Car -1 -1 -1 369.86 183.92 472.83 232.49 -1 -1 -1 -1000 -1000 -1000 -10 1
319 85 Car -1 -1 -1 477.87 172.62 533.76 206.07 -1 -1 -1 -1000 -1000 -1000 -10 1
319 80 Car -1 -1 -1 -37.59 201.32 172.74 373.50 -1 -1 -1 -1000 -1000 -1000 -10 1
320 87 Car -1 -1 -1 364.55 182.54 467.32 235.18 -1 -1 -1 -1000 -1000 -1000 -10 1
320 85 Car -1 -1 -1 479.64 173.32 535.54 206.79 -1 -1 -1 -1000 -1000 -1000 -10 1
321 89 Car -1 -1 -1 434.76 175.82 509.28 219.30 -1 -1 -1 -1000 -1000 -1000 -10 1
321 87 Car -1 -1 -1 355.77 180.07 466.54 239.61 -1 -1 -1 -1000 -1000 -1000 -10 1
321 85 Car -1 -1 -1 477.83 173.90 535.25 207.43 -1 -1 -1 -1000 -1000 -1000 -10 1
322 89 Car -1 -1 -1 430.53 178.67 508.49 222.77 -1 -1 -1 -1000 -1000 -1000 -10 1
322 87 Car -1 -1 -1 347.92 180.53 461.59 243.34 -1 -1 -1 -1000 -1000 -1000 -10 1
322 85 Car -1 -1 -1 476.84 173.89 535.25 207.80 -1 -1 -1 -1000 -1000 -1000 -10 1
323 89 Car -1 -1 -1 424.02 179.33 505.83 224.60 -1 -1 -1 -1000 -1000 -1000 -10 1
323 87 Car -1 -1 -1 338.86 179.03 457.31 245.05 -1 -1 -1 -1000 -1000 -1000 -10 1
323 85 Car -1 -1 -1 477.09 174.49 535.10 208.89 -1 -1 -1 -1000 -1000 -1000 -10 1
324 89 Car -1 -1 -1 425.37 179.14 504.15 222.80 -1 -1 -1 -1000 -1000 -1000 -10 1
324 87 Car -1 -1 -1 323.27 181.02 445.15 249.46 -1 -1 -1 -1000 -1000 -1000 -10 1
324 85 Car -1 -1 -1 476.03 175.47 534.14 210.33 -1 -1 -1 -1000 -1000 -1000 -10 1
325 89 Car -1 -1 -1 425.98 181.32 501.03 225.17 -1 -1 -1 -1000 -1000 -1000 -10 1
325 87 Car -1 -1 -1 313.08 181.45 441.09 251.52 -1 -1 -1 -1000 -1000 -1000 -10 1
325 85 Car -1 -1 -1 474.97 175.59 534.09 210.58 -1 -1 -1 -1000 -1000 -1000 -10 1
326 89 Car -1 -1 -1 427.14 182.60 498.04 226.30 -1 -1 -1 -1000 -1000 -1000 -10 1
326 87 Car -1 -1 -1 297.96 183.50 430.41 256.28 -1 -1 -1 -1000 -1000 -1000 -10 1
326 85 Car -1 -1 -1 476.28 175.47 534.84 210.61 -1 -1 -1 -1000 -1000 -1000 -10 1
327 89 Car -1 -1 -1 420.12 183.24 488.74 229.42 -1 -1 -1 -1000 -1000 -1000 -10 1
327 87 Car -1 -1 -1 284.96 183.76 423.25 259.42 -1 -1 -1 -1000 -1000 -1000 -10 1
327 85 Car -1 -1 -1 476.36 174.34 535.31 209.41 -1 -1 -1 -1000 -1000 -1000 -10 1
328 89 Car -1 -1 -1 409.81 184.35 483.69 232.64 -1 -1 -1 -1000 -1000 -1000 -10 1
328 87 Car -1 -1 -1 270.92 184.80 412.19 261.85 -1 -1 -1 -1000 -1000 -1000 -10 1
328 85 Car -1 -1 -1 477.07 174.70 535.48 209.33 -1 -1 -1 -1000 -1000 -1000 -10 1
329 89 Car -1 -1 -1 398.76 184.59 479.29 235.15 -1 -1 -1 -1000 -1000 -1000 -10 1
329 87 Car -1 -1 -1 252.16 184.48 403.02 264.81 -1 -1 -1 -1000 -1000 -1000 -10 1
329 85 Car -1 -1 -1 472.92 174.99 531.98 210.45 -1 -1 -1 -1000 -1000 -1000 -10 1
330 89 Car -1 -1 -1 396.71 184.28 479.23 234.58 -1 -1 -1 -1000 -1000 -1000 -10 1
330 87 Car -1 -1 -1 231.55 185.28 389.60 269.39 -1 -1 -1 -1000 -1000 -1000 -10 1
330 85 Car -1 -1 -1 471.22 174.35 530.79 210.34 -1 -1 -1 -1000 -1000 -1000 -10 1
331 89 Car -1 -1 -1 383.95 184.94 467.71 238.08 -1 -1 -1 -1000 -1000 -1000 -10 1
331 87 Car -1 -1 -1 216.57 187.21 376.67 274.65 -1 -1 -1 -1000 -1000 -1000 -10 1
331 85 Car -1 -1 -1 466.13 175.60 527.98 212.53 -1 -1 -1 -1000 -1000 -1000 -10 1
332 89 Car -1 -1 -1 375.27 184.01 466.83 240.87 -1 -1 -1 -1000 -1000 -1000 -10 1
332 87 Car -1 -1 -1 185.19 187.43 358.30 283.72 -1 -1 -1 -1000 -1000 -1000 -10 1
332 85 Car -1 -1 -1 460.02 177.00 524.58 215.04 -1 -1 -1 -1000 -1000 -1000 -10 1
333 89 Car -1 -1 -1 362.82 184.12 457.57 243.40 -1 -1 -1 -1000 -1000 -1000 -10 1
333 87 Car -1 -1 -1 157.62 187.60 345.68 294.56 -1 -1 -1 -1000 -1000 -1000 -10 1
333 85 Car -1 -1 -1 457.74 176.94 524.49 216.12 -1 -1 -1 -1000 -1000 -1000 -10 1
334 89 Car -1 -1 -1 354.76 185.13 454.00 247.98 -1 -1 -1 -1000 -1000 -1000 -10 1
334 87 Car -1 -1 -1 119.24 189.42 331.04 309.37 -1 -1 -1 -1000 -1000 -1000 -10 1
334 85 Car -1 -1 -1 456.38 178.16 523.74 218.13 -1 -1 -1 -1000 -1000 -1000 -10 1
335 89 Car -1 -1 -1 352.12 182.83 456.99 248.84 -1 -1 -1 -1000 -1000 -1000 -10 1
335 87 Car -1 -1 -1 76.90 190.06 315.83 323.04 -1 -1 -1 -1000 -1000 -1000 -10 1
335 85 Car -1 -1 -1 455.60 178.11 523.40 219.13 -1 -1 -1 -1000 -1000 -1000 -10 1
336 89 Car -1 -1 -1 343.83 184.52 452.64 252.75 -1 -1 -1 -1000 -1000 -1000 -10 1
336 87 Car -1 -1 -1 31.55 188.09 299.39 331.88 -1 -1 -1 -1000 -1000 -1000 -10 1
336 85 Car -1 -1 -1 455.72 177.45 523.27 219.03 -1 -1 -1 -1000 -1000 -1000 -10 1
337 89 Car -1 -1 -1 336.88 183.58 446.22 253.46 -1 -1 -1 -1000 -1000 -1000 -10 1
337 87 Car -1 -1 -1 7.32 196.27 283.66 346.11 -1 -1 -1 -1000 -1000 -1000 -10 1
337 85 Car -1 -1 -1 444.91 176.53 517.59 219.76 -1 -1 -1 -1000 -1000 -1000 -10 1
338 89 Car -1 -1 -1 323.52 183.33 440.41 257.51 -1 -1 -1 -1000 -1000 -1000 -10 1
338 87 Car -1 -1 -1 -12.41 197.34 266.69 356.13 -1 -1 -1 -1000 -1000 -1000 -10 1
338 85 Car -1 -1 -1 440.05 174.41 515.52 218.28 -1 -1 -1 -1000 -1000 -1000 -10 1
339 89 Car -1 -1 -1 309.58 183.17 431.16 260.10 -1 -1 -1 -1000 -1000 -1000 -10 1
339 87 Car -1 -1 -1 -21.18 197.44 246.20 362.63 -1 -1 -1 -1000 -1000 -1000 -10 1
339 85 Car -1 -1 -1 434.82 171.35 514.23 216.74 -1 -1 -1 -1000 -1000 -1000 -10 1
340 89 Car -1 -1 -1 290.49 181.52 418.78 262.71 -1 -1 -1 -1000 -1000 -1000 -10 1
340 87 Car -1 -1 -1 -28.50 195.18 221.15 366.40 -1 -1 -1 -1000 -1000 -1000 -10 1
340 85 Car -1 -1 -1 428.25 172.45 512.09 219.03 -1 -1 -1 -1000 -1000 -1000 -10 1
341 89 Car -1 -1 -1 274.42 181.15 407.89 264.27 -1 -1 -1 -1000 -1000 -1000 -10 1
341 87 Car -1 -1 -1 -33.73 193.04 195.02 368.88 -1 -1 -1 -1000 -1000 -1000 -10 1
341 85 Car -1 -1 -1 421.27 170.11 511.36 219.10 -1 -1 -1 -1000 -1000 -1000 -10 1
342 89 Car -1 -1 -1 259.90 178.17 399.31 264.50 -1 -1 -1 -1000 -1000 -1000 -10 1
342 87 Car -1 -1 -1 -40.92 195.88 157.10 372.59 -1 -1 -1 -1000 -1000 -1000 -10 1
342 85 Car -1 -1 -1 414.62 169.33 507.03 219.94 -1 -1 -1 -1000 -1000 -1000 -10 1
343 89 Car -1 -1 -1 233.01 184.20 379.32 272.43 -1 -1 -1 -1000 -1000 -1000 -10 1
343 85 Car -1 -1 -1 404.86 171.86 501.52 223.27 -1 -1 -1 -1000 -1000 -1000 -10 1
344 89 Car -1 -1 -1 192.88 188.07 359.93 286.41 -1 -1 -1 -1000 -1000 -1000 -10 1
344 85 Car -1 -1 -1 396.57 169.94 499.08 224.33 -1 -1 -1 -1000 -1000 -1000 -10 1
345 89 Car -1 -1 -1 153.05 192.64 343.90 301.70 -1 -1 -1 -1000 -1000 -1000 -10 1
345 85 Car -1 -1 -1 388.07 168.57 497.72 225.67 -1 -1 -1 -1000 -1000 -1000 -10 1
346 89 Car -1 -1 -1 109.68 192.90 325.79 313.88 -1 -1 -1 -1000 -1000 -1000 -10 1
346 85 Car -1 -1 -1 392.31 166.91 501.14 224.84 -1 -1 -1 -1000 -1000 -1000 -10 1
347 89 Car -1 -1 -1 61.13 195.77 306.28 328.44 -1 -1 -1 -1000 -1000 -1000 -10 1
347 85 Car -1 -1 -1 402.22 167.58 504.05 225.00 -1 -1 -1 -1000 -1000 -1000 -10 1
348 89 Car -1 -1 -1 25.34 202.28 286.15 342.15 -1 -1 -1 -1000 -1000 -1000 -10 1
348 85 Car -1 -1 -1 405.74 171.73 505.24 227.30 -1 -1 -1 -1000 -1000 -1000 -10 1
349 104 Car -1 -1 -1 338.81 174.06 466.50 245.53 -1 -1 -1 -1000 -1000 -1000 -10 1
349 89 Car -1 -1 -1 6.10 205.91 276.01 355.71 -1 -1 -1 -1000 -1000 -1000 -10 1
349 85 Car -1 -1 -1 397.29 172.91 496.41 227.99 -1 -1 -1 -1000 -1000 -1000 -10 1
350 104 Car -1 -1 -1 324.18 172.55 458.25 249.15 -1 -1 -1 -1000 -1000 -1000 -10 1
350 89 Car -1 -1 -1 -6.56 209.40 262.61 364.92 -1 -1 -1 -1000 -1000 -1000 -10 1
350 85 Car -1 -1 -1 398.59 175.87 494.59 230.04 -1 -1 -1 -1000 -1000 -1000 -10 1
351 104 Car -1 -1 -1 315.33 175.50 445.91 253.63 -1 -1 -1 -1000 -1000 -1000 -10 1
351 89 Car -1 -1 -1 -16.87 212.05 239.74 371.25 -1 -1 -1 -1000 -1000 -1000 -10 1
351 85 Car -1 -1 -1 398.58 177.12 495.32 230.92 -1 -1 -1 -1000 -1000 -1000 -10 1
352 104 Car -1 -1 -1 302.11 174.64 437.95 258.75 -1 -1 -1 -1000 -1000 -1000 -10 1
352 89 Car -1 -1 -1 -26.62 208.76 211.21 369.54 -1 -1 -1 -1000 -1000 -1000 -10 1
352 85 Car -1 -1 -1 395.79 180.44 489.90 234.49 -1 -1 -1 -1000 -1000 -1000 -10 1
353 104 Car -1 -1 -1 286.07 174.91 428.00 263.84 -1 -1 -1 -1000 -1000 -1000 -10 1
353 89 Car -1 -1 -1 -34.03 208.12 179.79 371.69 -1 -1 -1 -1000 -1000 -1000 -10 1
353 85 Car -1 -1 -1 393.66 182.97 484.61 236.68 -1 -1 -1 -1000 -1000 -1000 -10 1
354 104 Car -1 -1 -1 265.91 172.48 422.75 267.74 -1 -1 -1 -1000 -1000 -1000 -10 1
354 89 Car -1 -1 -1 -41.26 209.55 139.74 373.92 -1 -1 -1 -1000 -1000 -1000 -10 1
354 85 Car -1 -1 -1 387.05 184.82 479.19 239.51 -1 -1 -1 -1000 -1000 -1000 -10 1
355 104 Car -1 -1 -1 248.23 175.25 410.40 270.91 -1 -1 -1 -1000 -1000 -1000 -10 1
355 85 Car -1 -1 -1 379.12 184.37 474.05 240.85 -1 -1 -1 -1000 -1000 -1000 -10 1
356 104 Car -1 -1 -1 228.02 174.12 401.76 277.59 -1 -1 -1 -1000 -1000 -1000 -10 1
356 85 Car -1 -1 -1 369.83 183.79 467.55 242.19 -1 -1 -1 -1000 -1000 -1000 -10 1
357 104 Car -1 -1 -1 206.64 176.51 388.72 283.19 -1 -1 -1 -1000 -1000 -1000 -10 1
357 85 Car -1 -1 -1 359.43 182.15 461.89 243.20 -1 -1 -1 -1000 -1000 -1000 -10 1
358 104 Car -1 -1 -1 178.71 176.05 375.18 292.44 -1 -1 -1 -1000 -1000 -1000 -10 1
358 85 Car -1 -1 -1 346.31 182.02 456.65 247.39 -1 -1 -1 -1000 -1000 -1000 -10 1
359 104 Car -1 -1 -1 140.28 173.26 361.26 300.22 -1 -1 -1 -1000 -1000 -1000 -10 1
359 85 Car -1 -1 -1 336.40 181.70 446.19 247.87 -1 -1 -1 -1000 -1000 -1000 -10 1
360 104 Car -1 -1 -1 101.30 169.36 346.12 309.21 -1 -1 -1 -1000 -1000 -1000 -10 1
360 85 Car -1 -1 -1 321.99 180.41 441.48 250.62 -1 -1 -1 -1000 -1000 -1000 -10 1
361 104 Car -1 -1 -1 51.17 173.01 326.63 321.24 -1 -1 -1 -1000 -1000 -1000 -10 1
361 85 Car -1 -1 -1 312.18 180.91 437.97 253.50 -1 -1 -1 -1000 -1000 -1000 -10 1
362 104 Car -1 -1 -1 11.68 171.41 310.14 333.51 -1 -1 -1 -1000 -1000 -1000 -10 1
362 85 Car -1 -1 -1 293.57 184.57 425.46 259.77 -1 -1 -1 -1000 -1000 -1000 -10 1
363 104 Car -1 -1 -1 -6.28 177.06 296.88 347.11 -1 -1 -1 -1000 -1000 -1000 -10 1
363 85 Car -1 -1 -1 278.23 187.87 416.12 264.76 -1 -1 -1 -1000 -1000 -1000 -10 1
364 104 Car -1 -1 -1 -15.27 183.44 287.09 361.32 -1 -1 -1 -1000 -1000 -1000 -10 1
364 85 Car -1 -1 -1 257.61 191.19 402.61 270.51 -1 -1 -1 -1000 -1000 -1000 -10 1
365 104 Car -1 -1 -1 -22.13 183.83 270.21 368.27 -1 -1 -1 -1000 -1000 -1000 -10 1
366 104 Car -1 -1 -1 -28.31 180.45 241.72 369.02 -1 -1 -1 -1000 -1000 -1000 -10 1
367 104 Car -1 -1 -1 -33.97 191.57 212.96 377.68 -1 -1 -1 -1000 -1000 -1000 -10 1
368 104 Car -1 -1 -1 -41.66 198.21 174.07 377.28 -1 -1 -1 -1000 -1000 -1000 -10 1
368 85 Car -1 -1 -1 118.76 191.70 350.59 310.15 -1 -1 -1 -1000 -1000 -1000 -10 1
369 104 Car -1 -1 -1 -44.65 205.15 133.67 381.60 -1 -1 -1 -1000 -1000 -1000 -10 1
369 85 Car -1 -1 -1 70.72 196.48 328.78 326.04 -1 -1 -1 -1000 -1000 -1000 -10 1
370 85 Car -1 -1 -1 29.87 200.56 312.81 346.06 -1 -1 -1 -1000 -1000 -1000 -10 1
371 85 Car -1 -1 -1 8.47 203.48 301.11 358.92 -1 -1 -1 -1000 -1000 -1000 -10 1
372 85 Car -1 -1 -1 -6.91 204.87 281.42 365.80 -1 -1 -1 -1000 -1000 -1000 -10 1
373 85 Car -1 -1 -1 -16.26 205.20 261.10 369.14 -1 -1 -1 -1000 -1000 -1000 -10 1
374 85 Car -1 -1 -1 -26.44 200.42 236.60 365.87 -1 -1 -1 -1000 -1000 -1000 -10 1
375 85 Car -1 -1 -1 -36.87 200.94 197.43 368.64 -1 -1 -1 -1000 -1000 -1000 -10 1
399 118 Car -1 -1 -1 524.91 178.43 554.80 202.31 -1 -1 -1 -1000 -1000 -1000 -10 1
400 118 Car -1 -1 -1 523.54 179.35 553.89 203.32 -1 -1 -1 -1000 -1000 -1000 -10 1
401 118 Car -1 -1 -1 522.97 179.79 553.60 204.00 -1 -1 -1 -1000 -1000 -1000 -10 1
402 118 Car -1 -1 -1 522.04 179.93 552.72 204.24 -1 -1 -1 -1000 -1000 -1000 -10 1
403 118 Car -1 -1 -1 520.85 179.48 551.13 203.69 -1 -1 -1 -1000 -1000 -1000 -10 1
404 118 Car -1 -1 -1 518.63 178.21 548.98 202.43 -1 -1 -1 -1000 -1000 -1000 -10 1
405 118 Car -1 -1 -1 517.59 178.33 548.44 203.23 -1 -1 -1 -1000 -1000 -1000 -10 1
406 118 Car -1 -1 -1 517.24 178.16 548.78 203.49 -1 -1 -1 -1000 -1000 -1000 -10 1
407 118 Car -1 -1 -1 515.80 178.36 547.94 204.02 -1 -1 -1 -1000 -1000 -1000 -10 1
408 118 Car -1 -1 -1 515.83 179.27 547.93 205.16 -1 -1 -1 -1000 -1000 -1000 -10 1
409 118 Car -1 -1 -1 514.19 178.38 546.34 204.30 -1 -1 -1 -1000 -1000 -1000 -10 1
410 118 Car -1 -1 -1 514.24 178.18 546.27 203.76 -1 -1 -1 -1000 -1000 -1000 -10 1
411 118 Car -1 -1 -1 514.06 178.51 546.31 203.94 -1 -1 -1 -1000 -1000 -1000 -10 1
412 118 Car -1 -1 -1 513.64 178.54 545.98 204.10 -1 -1 -1 -1000 -1000 -1000 -10 1
413 118 Car -1 -1 -1 515.10 178.43 547.56 204.19 -1 -1 -1 -1000 -1000 -1000 -10 1
414 118 Car -1 -1 -1 514.19 179.45 547.05 205.02 -1 -1 -1 -1000 -1000 -1000 -10 1
415 118 Car -1 -1 -1 514.59 179.84 548.13 205.46 -1 -1 -1 -1000 -1000 -1000 -10 1
416 118 Car -1 -1 -1 514.95 180.06 549.29 205.70 -1 -1 -1 -1000 -1000 -1000 -10 1
417 118 Car -1 -1 -1 514.91 179.76 549.66 205.27 -1 -1 -1 -1000 -1000 -1000 -10 1
418 118 Car -1 -1 -1 512.58 178.09 548.21 203.74 -1 -1 -1 -1000 -1000 -1000 -10 1
419 118 Car -1 -1 -1 512.63 177.14 548.65 203.05 -1 -1 -1 -1000 -1000 -1000 -10 1
420 118 Car -1 -1 -1 512.01 177.52 548.58 203.65 -1 -1 -1 -1000 -1000 -1000 -10 1
421 118 Car -1 -1 -1 512.85 178.19 549.80 204.62 -1 -1 -1 -1000 -1000 -1000 -10 1
422 118 Car -1 -1 -1 511.28 178.60 548.91 205.34 -1 -1 -1 -1000 -1000 -1000 -10 1
423 118 Car -1 -1 -1 509.84 178.13 548.00 205.23 -1 -1 -1 -1000 -1000 -1000 -10 1
424 118 Car -1 -1 -1 505.49 177.00 544.22 204.38 -1 -1 -1 -1000 -1000 -1000 -10 1
425 118 Car -1 -1 -1 502.20 176.43 541.78 203.96 -1 -1 -1 -1000 -1000 -1000 -10 1
426 118 Car -1 -1 -1 499.22 176.21 539.31 204.23 -1 -1 -1 -1000 -1000 -1000 -10 1
427 118 Car -1 -1 -1 497.97 176.76 538.49 205.49 -1 -1 -1 -1000 -1000 -1000 -10 1
428 118 Car -1 -1 -1 496.04 180.35 538.00 209.71 -1 -1 -1 -1000 -1000 -1000 -10 1
429 118 Car -1 -1 -1 492.40 183.23 535.76 213.64 -1 -1 -1 -1000 -1000 -1000 -10 1
430 118 Car -1 -1 -1 488.56 183.28 533.86 214.31 -1 -1 -1 -1000 -1000 -1000 -10 1
431 118 Car -1 -1 -1 485.23 181.27 532.20 212.53 -1 -1 -1 -1000 -1000 -1000 -10 1
432 118 Car -1 -1 -1 482.20 178.69 529.51 210.60 -1 -1 -1 -1000 -1000 -1000 -10 1
433 123 Car -1 -1 -1 516.58 172.96 550.91 195.50 -1 -1 -1 -1000 -1000 -1000 -10 1
433 118 Car -1 -1 -1 478.11 177.35 526.06 209.84 -1 -1 -1 -1000 -1000 -1000 -10 1
434 123 Car -1 -1 -1 515.09 172.82 549.39 195.27 -1 -1 -1 -1000 -1000 -1000 -10 1
434 118 Car -1 -1 -1 474.49 176.81 523.66 210.35 -1 -1 -1 -1000 -1000 -1000 -10 1
436 123 Car -1 -1 -1 510.15 175.85 545.89 199.43 -1 -1 -1 -1000 -1000 -1000 -10 1
436 118 Car -1 -1 -1 468.17 176.51 520.24 212.98 -1 -1 -1 -1000 -1000 -1000 -10 1
437 123 Car -1 -1 -1 507.92 178.02 543.92 201.76 -1 -1 -1 -1000 -1000 -1000 -10 1
437 118 Car -1 -1 -1 462.35 177.30 515.11 215.07 -1 -1 -1 -1000 -1000 -1000 -10 1
438 123 Car -1 -1 -1 506.13 180.43 541.88 203.93 -1 -1 -1 -1000 -1000 -1000 -10 1
439 123 Car -1 -1 -1 503.47 180.78 539.52 205.12 -1 -1 -1 -1000 -1000 -1000 -10 1
440 123 Car -1 -1 -1 501.53 181.13 538.83 206.57 -1 -1 -1 -1000 -1000 -1000 -10 1
441 123 Car -1 -1 -1 498.18 180.04 537.15 206.89 -1 -1 -1 -1000 -1000 -1000 -10 1
441 118 Car -1 -1 -1 439.95 182.46 506.14 225.99 -1 -1 -1 -1000 -1000 -1000 -10 1
442 123 Car -1 -1 -1 494.99 177.34 534.80 205.04 -1 -1 -1 -1000 -1000 -1000 -10 1
442 118 Car -1 -1 -1 432.85 183.31 502.22 227.04 -1 -1 -1 -1000 -1000 -1000 -10 1
443 123 Car -1 -1 -1 492.89 176.23 533.56 204.58 -1 -1 -1 -1000 -1000 -1000 -10 1
443 118 Car -1 -1 -1 424.43 181.38 496.80 227.64 -1 -1 -1 -1000 -1000 -1000 -10 1
444 125 Car -1 -1 -1 622.09 169.06 646.75 187.04 -1 -1 -1 -1000 -1000 -1000 -10 1
444 123 Car -1 -1 -1 490.96 175.89 532.62 204.58 -1 -1 -1 -1000 -1000 -1000 -10 1
444 118 Car -1 -1 -1 417.63 181.29 493.75 230.19 -1 -1 -1 -1000 -1000 -1000 -10 1
445 125 Car -1 -1 -1 623.34 171.50 647.79 189.24 -1 -1 -1 -1000 -1000 -1000 -10 1
445 123 Car -1 -1 -1 489.24 176.98 532.51 206.61 -1 -1 -1 -1000 -1000 -1000 -10 1
445 118 Car -1 -1 -1 408.87 184.44 489.92 234.43 -1 -1 -1 -1000 -1000 -1000 -10 1
446 123 Car -1 -1 -1 487.52 177.95 532.02 207.88 -1 -1 -1 -1000 -1000 -1000 -10 1
446 118 Car -1 -1 -1 398.02 185.15 484.88 237.82 -1 -1 -1 -1000 -1000 -1000 -10 1
447 123 Car -1 -1 -1 484.62 178.65 529.19 208.81 -1 -1 -1 -1000 -1000 -1000 -10 1
447 118 Car -1 -1 -1 390.40 185.65 481.16 241.03 -1 -1 -1 -1000 -1000 -1000 -10 1
448 123 Car -1 -1 -1 481.08 179.20 526.44 209.99 -1 -1 -1 -1000 -1000 -1000 -10 1
448 118 Car -1 -1 -1 377.87 185.89 477.50 245.03 -1 -1 -1 -1000 -1000 -1000 -10 1
449 123 Car -1 -1 -1 478.57 180.18 524.66 211.32 -1 -1 -1 -1000 -1000 -1000 -10 1
449 118 Car -1 -1 -1 363.83 187.09 471.64 249.18 -1 -1 -1 -1000 -1000 -1000 -10 1
450 123 Car -1 -1 -1 475.28 180.20 521.95 211.99 -1 -1 -1 -1000 -1000 -1000 -10 1
450 118 Car -1 -1 -1 348.63 186.41 464.85 251.69 -1 -1 -1 -1000 -1000 -1000 -10 1
451 123 Car -1 -1 -1 472.49 179.56 520.20 212.50 -1 -1 -1 -1000 -1000 -1000 -10 1
451 118 Car -1 -1 -1 335.46 187.46 458.58 255.65 -1 -1 -1 -1000 -1000 -1000 -10 1
452 123 Car -1 -1 -1 469.17 181.34 518.56 215.64 -1 -1 -1 -1000 -1000 -1000 -10 1
452 118 Car -1 -1 -1 316.69 191.11 448.22 261.41 -1 -1 -1 -1000 -1000 -1000 -10 1
453 129 Car -1 -1 -1 629.00 179.31 656.89 199.68 -1 -1 -1 -1000 -1000 -1000 -10 1
453 123 Car -1 -1 -1 466.43 184.48 516.31 219.39 -1 -1 -1 -1000 -1000 -1000 -10 1
453 118 Car -1 -1 -1 299.42 197.00 438.68 271.66 -1 -1 -1 -1000 -1000 -1000 -10 1
454 129 Car -1 -1 -1 630.90 180.49 660.95 202.64 -1 -1 -1 -1000 -1000 -1000 -10 1
454 123 Car -1 -1 -1 463.40 188.42 512.84 224.07 -1 -1 -1 -1000 -1000 -1000 -10 1
454 118 Car -1 -1 -1 278.16 203.08 427.18 281.65 -1 -1 -1 -1000 -1000 -1000 -10 1
455 129 Car -1 -1 -1 631.22 179.93 661.73 202.39 -1 -1 -1 -1000 -1000 -1000 -10 1
455 123 Car -1 -1 -1 459.47 188.97 508.43 225.25 -1 -1 -1 -1000 -1000 -1000 -10 1
455 118 Car -1 -1 -1 256.11 209.50 414.16 291.05 -1 -1 -1 -1000 -1000 -1000 -10 1
456 129 Car -1 -1 -1 632.43 175.76 660.96 197.88 -1 -1 -1 -1000 -1000 -1000 -10 1
456 123 Car -1 -1 -1 452.62 186.05 504.71 224.21 -1 -1 -1 -1000 -1000 -1000 -10 1
456 118 Car -1 -1 -1 223.28 206.84 401.07 297.40 -1 -1 -1 -1000 -1000 -1000 -10 1
457 129 Car -1 -1 -1 630.99 175.83 659.95 197.49 -1 -1 -1 -1000 -1000 -1000 -10 1
457 123 Car -1 -1 -1 449.27 184.62 503.62 223.55 -1 -1 -1 -1000 -1000 -1000 -10 1
457 118 Car -1 -1 -1 189.28 206.52 391.05 309.30 -1 -1 -1 -1000 -1000 -1000 -10 1
458 129 Car -1 -1 -1 631.33 175.24 660.24 196.71 -1 -1 -1 -1000 -1000 -1000 -10 1
458 123 Car -1 -1 -1 443.79 184.07 500.47 224.22 -1 -1 -1 -1000 -1000 -1000 -10 1
458 118 Car -1 -1 -1 149.55 207.05 375.37 321.94 -1 -1 -1 -1000 -1000 -1000 -10 1
459 123 Car -1 -1 -1 438.53 184.85 498.12 226.72 -1 -1 -1 -1000 -1000 -1000 -10 1
459 118 Car -1 -1 -1 96.96 210.07 354.73 338.73 -1 -1 -1 -1000 -1000 -1000 -10 1
460 123 Car -1 -1 -1 432.37 184.13 495.61 228.51 -1 -1 -1 -1000 -1000 -1000 -10 1
460 118 Car -1 -1 -1 47.44 211.47 333.69 354.01 -1 -1 -1 -1000 -1000 -1000 -10 1
461 123 Car -1 -1 -1 426.72 184.25 493.02 230.03 -1 -1 -1 -1000 -1000 -1000 -10 1
461 118 Car -1 -1 -1 15.80 209.65 326.37 363.19 -1 -1 -1 -1000 -1000 -1000 -10 1
462 129 Car -1 -1 -1 632.24 175.32 663.59 197.63 -1 -1 -1 -1000 -1000 -1000 -10 1
462 123 Car -1 -1 -1 419.70 184.09 490.36 232.03 -1 -1 -1 -1000 -1000 -1000 -10 1
462 118 Car -1 -1 -1 -2.40 208.85 316.02 368.38 -1 -1 -1 -1000 -1000 -1000 -10 1
463 129 Car -1 -1 -1 633.70 175.55 665.36 198.03 -1 -1 -1 -1000 -1000 -1000 -10 1
463 123 Car -1 -1 -1 412.37 183.72 485.68 233.29 -1 -1 -1 -1000 -1000 -1000 -10 1
463 118 Car -1 -1 -1 -12.39 209.22 298.21 370.82 -1 -1 -1 -1000 -1000 -1000 -10 1
464 129 Car -1 -1 -1 636.25 174.27 667.38 197.52 -1 -1 -1 -1000 -1000 -1000 -10 1
464 123 Car -1 -1 -1 404.18 185.44 480.38 236.12 -1 -1 -1 -1000 -1000 -1000 -10 1
464 118 Car -1 -1 -1 -22.07 208.65 280.46 372.71 -1 -1 -1 -1000 -1000 -1000 -10 1
465 129 Car -1 -1 -1 638.45 173.40 669.49 197.42 -1 -1 -1 -1000 -1000 -1000 -10 1
465 123 Car -1 -1 -1 395.81 186.62 476.46 240.47 -1 -1 -1 -1000 -1000 -1000 -10 1
465 118 Car -1 -1 -1 -30.19 209.84 253.63 374.13 -1 -1 -1 -1000 -1000 -1000 -10 1
466 129 Car -1 -1 -1 640.15 173.00 671.06 197.68 -1 -1 -1 -1000 -1000 -1000 -10 1
466 123 Car -1 -1 -1 386.01 187.52 472.09 244.10 -1 -1 -1 -1000 -1000 -1000 -10 1
466 118 Car -1 -1 -1 -41.16 214.49 209.77 377.07 -1 -1 -1 -1000 -1000 -1000 -10 1
467 129 Car -1 -1 -1 640.68 173.29 671.91 198.30 -1 -1 -1 -1000 -1000 -1000 -10 1
467 123 Car -1 -1 -1 372.54 189.68 463.96 247.60 -1 -1 -1 -1000 -1000 -1000 -10 1
467 118 Car -1 -1 -1 -49.47 220.36 165.53 379.17 -1 -1 -1 -1000 -1000 -1000 -10 1
468 129 Car -1 -1 -1 640.51 175.69 672.49 200.65 -1 -1 -1 -1000 -1000 -1000 -10 1
468 123 Car -1 -1 -1 362.58 190.01 456.47 251.44 -1 -1 -1 -1000 -1000 -1000 -10 1
469 129 Car -1 -1 -1 641.24 175.68 673.35 200.81 -1 -1 -1 -1000 -1000 -1000 -10 1
469 123 Car -1 -1 -1 350.84 191.87 450.00 255.70 -1 -1 -1 -1000 -1000 -1000 -10 1
470 129 Car -1 -1 -1 641.37 176.77 674.73 202.65 -1 -1 -1 -1000 -1000 -1000 -10 1
470 123 Car -1 -1 -1 337.19 194.99 443.55 261.96 -1 -1 -1 -1000 -1000 -1000 -10 1
471 129 Car -1 -1 -1 640.81 177.46 675.54 203.77 -1 -1 -1 -1000 -1000 -1000 -10 1
471 123 Car -1 -1 -1 320.16 196.94 434.87 266.67 -1 -1 -1 -1000 -1000 -1000 -10 1
472 129 Car -1 -1 -1 640.33 177.14 676.24 204.17 -1 -1 -1 -1000 -1000 -1000 -10 1
472 123 Car -1 -1 -1 304.74 196.78 427.58 271.76 -1 -1 -1 -1000 -1000 -1000 -10 1
473 129 Car -1 -1 -1 639.80 177.60 676.80 205.03 -1 -1 -1 -1000 -1000 -1000 -10 1
473 123 Car -1 -1 -1 284.47 196.79 417.29 275.81 -1 -1 -1 -1000 -1000 -1000 -10 1
474 129 Car -1 -1 -1 639.65 177.55 675.95 204.94 -1 -1 -1 -1000 -1000 -1000 -10 1
474 123 Car -1 -1 -1 262.67 199.50 404.92 282.08 -1 -1 -1 -1000 -1000 -1000 -10 1
475 129 Car -1 -1 -1 639.87 177.60 676.83 205.29 -1 -1 -1 -1000 -1000 -1000 -10 1
475 123 Car -1 -1 -1 230.95 200.20 388.48 290.56 -1 -1 -1 -1000 -1000 -1000 -10 1
476 129 Car -1 -1 -1 637.90 176.10 674.61 203.88 -1 -1 -1 -1000 -1000 -1000 -10 1
476 123 Car -1 -1 -1 198.47 202.84 370.19 299.12 -1 -1 -1 -1000 -1000 -1000 -10 1
477 129 Car -1 -1 -1 637.10 175.36 673.54 203.14 -1 -1 -1 -1000 -1000 -1000 -10 1
477 123 Car -1 -1 -1 160.72 201.03 353.99 307.71 -1 -1 -1 -1000 -1000 -1000 -10 1
478 129 Car -1 -1 -1 634.13 174.60 669.93 202.07 -1 -1 -1 -1000 -1000 -1000 -10 1
478 123 Car -1 -1 -1 113.62 199.04 330.82 317.55 -1 -1 -1 -1000 -1000 -1000 -10 1
479 129 Car -1 -1 -1 632.76 174.46 668.47 201.82 -1 -1 -1 -1000 -1000 -1000 -10 1
479 123 Car -1 -1 -1 54.45 202.48 302.25 335.17 -1 -1 -1 -1000 -1000 -1000 -10 1
480 129 Car -1 -1 -1 630.95 174.10 666.70 201.43 -1 -1 -1 -1000 -1000 -1000 -10 1
480 123 Car -1 -1 -1 18.67 206.25 280.92 350.20 -1 -1 -1 -1000 -1000 -1000 -10 1
481 129 Car -1 -1 -1 628.67 173.74 664.35 201.19 -1 -1 -1 -1000 -1000 -1000 -10 1
481 123 Car -1 -1 -1 -1.35 208.08 263.60 360.52 -1 -1 -1 -1000 -1000 -1000 -10 1
482 129 Car -1 -1 -1 627.56 174.34 663.65 202.41 -1 -1 -1 -1000 -1000 -1000 -10 1
482 123 Car -1 -1 -1 -17.03 209.55 238.40 366.80 -1 -1 -1 -1000 -1000 -1000 -10 1
483 129 Car -1 -1 -1 623.11 175.58 661.28 204.99 -1 -1 -1 -1000 -1000 -1000 -10 1
483 123 Car -1 -1 -1 -28.91 212.21 204.53 372.22 -1 -1 -1 -1000 -1000 -1000 -10 1
484 129 Car -1 -1 -1 619.98 176.29 659.73 206.70 -1 -1 -1 -1000 -1000 -1000 -10 1
484 123 Car -1 -1 -1 -41.02 203.10 161.29 367.09 -1 -1 -1 -1000 -1000 -1000 -10 1
485 129 Car -1 -1 -1 615.62 175.34 657.31 206.79 -1 -1 -1 -1000 -1000 -1000 -10 1
486 129 Car -1 -1 -1 610.33 175.41 655.08 206.82 -1 -1 -1 -1000 -1000 -1000 -10 1
487 129 Car -1 -1 -1 606.27 174.84 651.98 207.27 -1 -1 -1 -1000 -1000 -1000 -10 1
488 129 Car -1 -1 -1 602.78 176.64 648.15 209.62 -1 -1 -1 -1000 -1000 -1000 -10 1
489 129 Car -1 -1 -1 597.09 178.45 642.30 211.52 -1 -1 -1 -1000 -1000 -1000 -10 1
491 129 Car -1 -1 -1 587.64 179.94 634.05 214.68 -1 -1 -1 -1000 -1000 -1000 -10 1
492 129 Car -1 -1 -1 581.83 180.17 629.38 215.94 -1 -1 -1 -1000 -1000 -1000 -10 1
493 129 Car -1 -1 -1 575.63 180.64 625.21 217.98 -1 -1 -1 -1000 -1000 -1000 -10 1
494 129 Car -1 -1 -1 568.96 180.28 619.92 219.37 -1 -1 -1 -1000 -1000 -1000 -10 1
495 129 Car -1 -1 -1 561.87 181.26 614.31 221.73 -1 -1 -1 -1000 -1000 -1000 -10 1
496 129 Car -1 -1 -1 555.85 185.62 609.76 227.33 -1 -1 -1 -1000 -1000 -1000 -10 1
497 129 Car -1 -1 -1 548.85 187.09 604.58 229.87 -1 -1 -1 -1000 -1000 -1000 -10 1
498 129 Car -1 -1 -1 544.09 184.37 599.92 227.79 -1 -1 -1 -1000 -1000 -1000 -10 1
499 129 Car -1 -1 -1 536.39 182.69 594.21 226.95 -1 -1 -1 -1000 -1000 -1000 -10 1
500 129 Car -1 -1 -1 527.95 182.24 586.67 226.72 -1 -1 -1 -1000 -1000 -1000 -10 1
501 129 Car -1 -1 -1 518.12 181.81 579.07 227.20 -1 -1 -1 -1000 -1000 -1000 -10 1
502 129 Car -1 -1 -1 510.97 181.34 574.32 227.35 -1 -1 -1 -1000 -1000 -1000 -10 1
503 129 Car -1 -1 -1 505.29 177.24 571.32 224.06 -1 -1 -1 -1000 -1000 -1000 -10 1
504 129 Car -1 -1 -1 498.14 175.08 565.22 222.91 -1 -1 -1 -1000 -1000 -1000 -10 1
505 129 Car -1 -1 -1 489.28 175.15 560.21 221.99 -1 -1 -1 -1000 -1000 -1000 -10 1
506 129 Car -1 -1 -1 478.91 175.18 551.33 222.20 -1 -1 -1 -1000 -1000 -1000 -10 1
507 129 Car -1 -1 -1 468.44 175.56 543.57 224.48 -1 -1 -1 -1000 -1000 -1000 -10 1
508 129 Car -1 -1 -1 458.83 176.88 539.34 227.42 -1 -1 -1 -1000 -1000 -1000 -10 1
