0 1 Car -1 -1 -1 639.18 184.28 702.11 233.96 -1 -1 -1 -1000 -1000 -1000 -10 1
1 1 Car -1 -1 -1 641.31 183.44 706.03 234.18 -1 -1 -1 -1000 -1000 -1000 -10 1
2 1 Car -1 -1 -1 644.06 182.60 711.37 235.65 -1 -1 -1 -1000 -1000 -1000 -10 1
3 1 Car -1 -1 -1 648.21 181.23 714.82 233.97 -1 -1 -1 -1000 -1000 -1000 -10 1
4 1 Car -1 -1 -1 652.41 178.93 719.37 233.29 -1 -1 -1 -1000 -1000 -1000 -10 1
5 1 Car -1 -1 -1 656.84 178.76 721.89 232.43 -1 -1 -1 -1000 -1000 -1000 -10 1
6 1 Car -1 -1 -1 662.25 178.40 725.51 230.93 -1 -1 -1 -1000 -1000 -1000 -10 1
7 1 Car -1 -1 -1 664.94 179.15 729.04 232.10 -1 -1 -1 -1000 -1000 -1000 -10 1
8 1 Car -1 -1 -1 666.04 179.43 732.27 233.42 -1 -1 -1 -1000 -1000 -1000 -10 1
9 1 Car -1 -1 -1 668.80 180.09 736.25 234.78 -1 -1 -1 -1000 -1000 -1000 -10 1
10 1 Car -1 -1 -1 671.08 180.45 739.52 234.02 -1 -1 -1 -1000 -1000 -1000 -10 1
11 1 Car -1 -1 -1 673.03 180.80 742.18 233.27 -1 -1 -1 -1000 -1000 -1000 -10 1
12 1 Car -1 -1 -1 674.04 180.76 744.78 233.12 -1 -1 -1 -1000 -1000 -1000 -10 1
13 1 Car -1 -1 -1 676.60 181.00 749.02 233.56 -1 -1 -1 -1000 -1000 -1000 -10 1
14 1 Car -1 -1 -1 677.77 180.18 753.72 233.99 -1 -1 -1 -1000 -1000 -1000 -10 1
15 1 Car -1 -1 -1 681.05 177.67 756.49 232.42 -1 -1 -1 -1000 -1000 -1000 -10 1
16 1 Car -1 -1 -1 682.31 178.94 760.26 234.66 -1 -1 -1 -1000 -1000 -1000 -10 1
17 1 Car -1 -1 -1 684.98 178.83 765.51 235.35 -1 -1 -1 -1000 -1000 -1000 -10 1
18 1 Car -1 -1 -1 687.46 178.63 769.60 235.07 -1 -1 -1 -1000 -1000 -1000 -10 1
19 1 Car -1 -1 -1 690.53 179.83 773.83 236.30 -1 -1 -1 -1000 -1000 -1000 -10 1
20 1 Car -1 -1 -1 694.22 180.93 777.19 237.78 -1 -1 -1 -1000 -1000 -1000 -10 1
21 4 Car -1 -1 -1 58.59 179.25 207.96 235.90 -1 -1 -1 -1000 -1000 -1000 -10 1
21 1 Car -1 -1 -1 696.30 179.04 779.14 237.99 -1 -1 -1 -1000 -1000 -1000 -10 1
22 4 Car -1 -1 -1 112.35 178.48 264.98 233.68 -1 -1 -1 -1000 -1000 -1000 -10 1
22 1 Car -1 -1 -1 699.38 177.50 782.03 237.63 -1 -1 -1 -1000 -1000 -1000 -10 1
23 4 Car -1 -1 -1 167.81 178.92 318.56 230.06 -1 -1 -1 -1000 -1000 -1000 -10 1
23 1 Car -1 -1 -1 701.81 176.90 785.24 237.82 -1 -1 -1 -1000 -1000 -1000 -10 1
24 4 Car -1 -1 -1 216.48 179.46 365.12 227.77 -1 -1 -1 -1000 -1000 -1000 -10 1
24 1 Car -1 -1 -1 702.41 177.83 787.69 240.32 -1 -1 -1 -1000 -1000 -1000 -10 1
25 4 Car -1 -1 -1 260.13 181.13 406.55 226.56 -1 -1 -1 -1000 -1000 -1000 -10 1
25 1 Car -1 -1 -1 703.45 179.05 789.98 242.48 -1 -1 -1 -1000 -1000 -1000 -10 1
26 4 Car -1 -1 -1 302.07 180.88 444.86 225.13 -1 -1 -1 -1000 -1000 -1000 -10 1
26 1 Car -1 -1 -1 703.71 178.67 791.28 242.52 -1 -1 -1 -1000 -1000 -1000 -10 1
27 4 Car -1 -1 -1 339.67 183.62 479.50 226.36 -1 -1 -1 -1000 -1000 -1000 -10 1
27 1 Car -1 -1 -1 702.91 179.30 790.76 243.61 -1 -1 -1 -1000 -1000 -1000 -10 1
28 4 Car -1 -1 -1 375.74 182.85 509.28 225.59 -1 -1 -1 -1000 -1000 -1000 -10 1
28 1 Car -1 -1 -1 702.62 178.86 790.79 243.63 -1 -1 -1 -1000 -1000 -1000 -10 1
29 4 Car -1 -1 -1 414.57 184.08 543.91 224.13 -1 -1 -1 -1000 -1000 -1000 -10 1
29 1 Car -1 -1 -1 702.26 180.27 791.49 244.60 -1 -1 -1 -1000 -1000 -1000 -10 1
30 4 Car -1 -1 -1 447.65 181.92 568.38 222.05 -1 -1 -1 -1000 -1000 -1000 -10 1
30 1 Car -1 -1 -1 702.95 181.98 793.06 246.73 -1 -1 -1 -1000 -1000 -1000 -10 1
31 4 Car -1 -1 -1 478.37 183.18 592.96 222.08 -1 -1 -1 -1000 -1000 -1000 -10 1
31 1 Car -1 -1 -1 703.24 182.68 792.91 248.00 -1 -1 -1 -1000 -1000 -1000 -10 1
32 4 Car -1 -1 -1 504.80 183.04 610.69 221.88 -1 -1 -1 -1000 -1000 -1000 -10 1
32 1 Car -1 -1 -1 701.70 183.86 791.98 250.56 -1 -1 -1 -1000 -1000 -1000 -10 1
33 4 Car -1 -1 -1 532.45 182.55 631.76 220.83 -1 -1 -1 -1000 -1000 -1000 -10 1
33 1 Car -1 -1 -1 700.89 184.01 791.37 251.44 -1 -1 -1 -1000 -1000 -1000 -10 1
34 4 Car -1 -1 -1 549.07 185.13 649.29 221.53 -1 -1 -1 -1000 -1000 -1000 -10 1
34 1 Car -1 -1 -1 700.84 185.49 791.09 252.76 -1 -1 -1 -1000 -1000 -1000 -10 1
35 4 Car -1 -1 -1 571.06 184.45 660.59 219.51 -1 -1 -1 -1000 -1000 -1000 -10 1
35 1 Car -1 -1 -1 700.91 186.81 791.30 254.09 -1 -1 -1 -1000 -1000 -1000 -10 1
36 4 Car -1 -1 -1 593.41 182.36 668.89 215.42 -1 -1 -1 -1000 -1000 -1000 -10 1
36 1 Car -1 -1 -1 698.30 186.64 789.20 254.67 -1 -1 -1 -1000 -1000 -1000 -10 1
37 4 Car -1 -1 -1 612.96 180.79 682.85 213.93 -1 -1 -1 -1000 -1000 -1000 -10 1
37 1 Car -1 -1 -1 696.79 185.88 788.67 254.01 -1 -1 -1 -1000 -1000 -1000 -10 1
38 4 Car -1 -1 -1 629.84 178.91 691.39 209.90 -1 -1 -1 -1000 -1000 -1000 -10 1
38 1 Car -1 -1 -1 701.86 180.63 790.32 247.35 -1 -1 -1 -1000 -1000 -1000 -10 1
39 8 Car -1 -1 -1 284.50 192.24 394.05 229.90 -1 -1 -1 -1000 -1000 -1000 -10 1
39 4 Car -1 -1 -1 641.52 177.73 698.63 207.60 -1 -1 -1 -1000 -1000 -1000 -10 1
39 1 Car -1 -1 -1 702.56 177.58 788.65 242.22 -1 -1 -1 -1000 -1000 -1000 -10 1
40 8 Car -1 -1 -1 213.16 195.30 335.41 232.81 -1 -1 -1 -1000 -1000 -1000 -10 1
40 1 Car -1 -1 -1 702.65 179.17 789.49 244.68 -1 -1 -1 -1000 -1000 -1000 -10 1
41 8 Car -1 -1 -1 124.79 199.35 264.32 238.91 -1 -1 -1 -1000 -1000 -1000 -10 1
41 1 Car -1 -1 -1 701.96 179.06 789.43 244.52 -1 -1 -1 -1000 -1000 -1000 -10 1
42 8 Car -1 -1 -1 36.93 204.38 189.42 247.38 -1 -1 -1 -1000 -1000 -1000 -10 1
42 1 Car -1 -1 -1 701.81 178.33 789.34 243.43 -1 -1 -1 -1000 -1000 -1000 -10 1
43 8 Car -1 -1 -1 -22.46 208.57 113.04 252.78 -1 -1 -1 -1000 -1000 -1000 -10 1
43 1 Car -1 -1 -1 702.17 178.81 789.09 243.64 -1 -1 -1 -1000 -1000 -1000 -10 1
44 1 Car -1 -1 -1 702.17 179.09 789.26 244.81 -1 -1 -1 -1000 -1000 -1000 -10 1
45 1 Car -1 -1 -1 702.84 178.96 789.08 244.83 -1 -1 -1 -1000 -1000 -1000 -10 1
46 1 Car -1 -1 -1 702.85 178.11 786.82 243.68 -1 -1 -1 -1000 -1000 -1000 -10 1
47 16 Car -1 -1 -1 398.60 179.09 463.59 212.06 -1 -1 -1 -1000 -1000 -1000 -10 1
47 1 Car -1 -1 -1 701.04 177.73 783.05 242.21 -1 -1 -1 -1000 -1000 -1000 -10 1
48 16 Car -1 -1 -1 349.30 182.23 425.37 216.16 -1 -1 -1 -1000 -1000 -1000 -10 1
48 13 Car -1 -1 -1 675.42 172.95 708.71 195.76 -1 -1 -1 -1000 -1000 -1000 -10 1
48 1 Car -1 -1 -1 697.89 178.95 779.08 242.61 -1 -1 -1 -1000 -1000 -1000 -10 1
49 16 Car -1 -1 -1 298.94 184.62 388.43 221.02 -1 -1 -1 -1000 -1000 -1000 -10 1
49 13 Car -1 -1 -1 673.88 171.97 706.51 194.01 -1 -1 -1 -1000 -1000 -1000 -10 1
49 1 Car -1 -1 -1 695.49 178.67 775.56 241.90 -1 -1 -1 -1000 -1000 -1000 -10 1
50 16 Car -1 -1 -1 236.34 188.69 345.06 229.62 -1 -1 -1 -1000 -1000 -1000 -10 1
50 13 Car -1 -1 -1 671.69 172.79 702.93 193.37 -1 -1 -1 -1000 -1000 -1000 -10 1
50 1 Car -1 -1 -1 692.44 179.63 771.27 242.41 -1 -1 -1 -1000 -1000 -1000 -10 1
51 16 Car -1 -1 -1 165.09 189.86 290.69 237.52 -1 -1 -1 -1000 -1000 -1000 -10 1
51 13 Car -1 -1 -1 670.27 174.62 701.21 196.06 -1 -1 -1 -1000 -1000 -1000 -10 1
51 1 Car -1 -1 -1 690.58 179.64 768.74 241.28 -1 -1 -1 -1000 -1000 -1000 -10 1
52 22 Car -1 -1 -1 414.26 181.66 476.06 215.38 -1 -1 -1 -1000 -1000 -1000 -10 1
52 16 Car -1 -1 -1 78.78 194.28 223.25 246.85 -1 -1 -1 -1000 -1000 -1000 -10 1
52 13 Car -1 -1 -1 667.48 175.22 697.35 196.69 -1 -1 -1 -1000 -1000 -1000 -10 1
52 1 Car -1 -1 -1 690.03 181.39 767.04 240.35 -1 -1 -1 -1000 -1000 -1000 -10 1
53 22 Car -1 -1 -1 374.90 181.57 445.70 219.45 -1 -1 -1 -1000 -1000 -1000 -10 1
53 16 Car -1 -1 -1 0.46 197.77 152.74 255.73 -1 -1 -1 -1000 -1000 -1000 -10 1
53 13 Car -1 -1 -1 662.09 175.33 690.77 196.61 -1 -1 -1 -1000 -1000 -1000 -10 1
53 1 Car -1 -1 -1 686.10 180.54 762.51 239.63 -1 -1 -1 -1000 -1000 -1000 -10 1
54 22 Car -1 -1 -1 335.63 185.52 417.77 224.27 -1 -1 -1 -1000 -1000 -1000 -10 1
54 16 Car -1 -1 -1 -37.40 200.61 85.88 258.78 -1 -1 -1 -1000 -1000 -1000 -10 1
54 13 Car -1 -1 -1 657.78 173.84 687.35 195.44 -1 -1 -1 -1000 -1000 -1000 -10 1
54 1 Car -1 -1 -1 683.68 181.02 761.05 239.44 -1 -1 -1 -1000 -1000 -1000 -10 1
55 22 Car -1 -1 -1 285.68 188.06 384.37 230.34 -1 -1 -1 -1000 -1000 -1000 -10 1
55 13 Car -1 -1 -1 652.81 171.39 681.58 191.61 -1 -1 -1 -1000 -1000 -1000 -10 1
55 1 Car -1 -1 -1 679.29 182.30 756.70 239.19 -1 -1 -1 -1000 -1000 -1000 -10 1
56 22 Car -1 -1 -1 230.45 188.19 343.62 235.00 -1 -1 -1 -1000 -1000 -1000 -10 1
56 1 Car -1 -1 -1 678.01 182.46 755.19 238.84 -1 -1 -1 -1000 -1000 -1000 -10 1
57 22 Car -1 -1 -1 168.61 186.36 295.31 237.86 -1 -1 -1 -1000 -1000 -1000 -10 1
57 1 Car -1 -1 -1 673.80 180.47 751.22 236.77 -1 -1 -1 -1000 -1000 -1000 -10 1
58 22 Car -1 -1 -1 87.86 184.25 235.70 243.83 -1 -1 -1 -1000 -1000 -1000 -10 1
58 1 Car -1 -1 -1 672.25 177.38 748.42 233.72 -1 -1 -1 -1000 -1000 -1000 -10 1
59 22 Car -1 -1 -1 18.34 188.18 174.13 251.12 -1 -1 -1 -1000 -1000 -1000 -10 1
59 1 Car -1 -1 -1 669.55 175.82 744.45 231.25 -1 -1 -1 -1000 -1000 -1000 -10 1
60 22 Car -1 -1 -1 -26.02 189.42 109.29 254.29 -1 -1 -1 -1000 -1000 -1000 -10 1
60 1 Car -1 -1 -1 666.35 174.09 739.59 229.82 -1 -1 -1 -1000 -1000 -1000 -10 1
61 1 Car -1 -1 -1 663.96 174.19 735.83 230.75 -1 -1 -1 -1000 -1000 -1000 -10 1
62 1 Car -1 -1 -1 663.22 174.96 733.29 232.05 -1 -1 -1 -1000 -1000 -1000 -10 1
63 26 Car -1 -1 -1 530.40 176.20 562.19 195.91 -1 -1 -1 -1000 -1000 -1000 -10 1
63 1 Car -1 -1 -1 661.89 175.23 731.19 232.49 -1 -1 -1 -1000 -1000 -1000 -10 1
64 27 Car -1 -1 -1 24.10 173.80 237.61 379.76 -1 -1 -1 -1000 -1000 -1000 -10 1
64 26 Car -1 -1 -1 516.90 175.55 549.89 195.78 -1 -1 -1 -1000 -1000 -1000 -10 1
64 1 Car -1 -1 -1 655.62 172.81 724.14 229.92 -1 -1 -1 -1000 -1000 -1000 -10 1
65 27 Car -1 -1 -1 21.74 168.79 275.68 376.68 -1 -1 -1 -1000 -1000 -1000 -10 1
65 26 Car -1 -1 -1 509.12 175.93 541.98 195.89 -1 -1 -1 -1000 -1000 -1000 -10 1
65 1 Car -1 -1 -1 649.22 172.38 717.63 229.13 -1 -1 -1 -1000 -1000 -1000 -10 1
66 27 Car -1 -1 -1 52.35 169.17 322.18 362.35 -1 -1 -1 -1000 -1000 -1000 -10 1
66 26 Car -1 -1 -1 485.05 177.84 520.89 199.68 -1 -1 -1 -1000 -1000 -1000 -10 1
66 1 Car -1 -1 -1 645.83 172.69 715.45 229.98 -1 -1 -1 -1000 -1000 -1000 -10 1
67 27 Car -1 -1 -1 97.70 170.74 360.86 350.23 -1 -1 -1 -1000 -1000 -1000 -10 1
67 26 Car -1 -1 -1 461.04 179.58 501.19 203.54 -1 -1 -1 -1000 -1000 -1000 -10 1
67 1 Car -1 -1 -1 642.33 176.37 713.21 233.77 -1 -1 -1 -1000 -1000 -1000 -10 1
68 27 Car -1 -1 -1 138.94 172.82 391.48 339.89 -1 -1 -1 -1000 -1000 -1000 -10 1
68 26 Car -1 -1 -1 437.25 182.42 481.49 209.00 -1 -1 -1 -1000 -1000 -1000 -10 1
69 27 Car -1 -1 -1 181.11 174.63 411.82 330.27 -1 -1 -1 -1000 -1000 -1000 -10 1
69 26 Car -1 -1 -1 413.00 184.32 462.68 214.32 -1 -1 -1 -1000 -1000 -1000 -10 1
70 27 Car -1 -1 -1 217.93 175.24 431.19 320.38 -1 -1 -1 -1000 -1000 -1000 -10 1
70 26 Car -1 -1 -1 391.56 186.89 448.56 219.69 -1 -1 -1 -1000 -1000 -1000 -10 1
71 27 Car -1 -1 -1 247.44 172.68 445.69 307.43 -1 -1 -1 -1000 -1000 -1000 -10 1
71 1 Car -1 -1 -1 618.76 180.64 687.72 238.00 -1 -1 -1 -1000 -1000 -1000 -10 1
72 27 Car -1 -1 -1 278.22 175.14 462.27 297.22 -1 -1 -1 -1000 -1000 -1000 -10 1
72 1 Car -1 -1 -1 614.21 178.71 681.97 236.24 -1 -1 -1 -1000 -1000 -1000 -10 1
73 27 Car -1 -1 -1 301.20 174.52 466.38 281.34 -1 -1 -1 -1000 -1000 -1000 -10 1
73 1 Car -1 -1 -1 611.92 179.26 678.50 236.28 -1 -1 -1 -1000 -1000 -1000 -10 1
74 27 Car -1 -1 -1 324.01 178.63 475.58 276.37 -1 -1 -1 -1000 -1000 -1000 -10 1
74 1 Car -1 -1 -1 608.26 180.09 674.57 236.84 -1 -1 -1 -1000 -1000 -1000 -10 1
75 27 Car -1 -1 -1 348.73 182.38 485.12 273.08 -1 -1 -1 -1000 -1000 -1000 -10 1
75 1 Car -1 -1 -1 605.30 182.03 671.26 238.21 -1 -1 -1 -1000 -1000 -1000 -10 1
76 33 Car -1 -1 -1 142.86 190.57 272.03 247.79 -1 -1 -1 -1000 -1000 -1000 -10 1
76 27 Car -1 -1 -1 365.14 183.27 491.08 266.96 -1 -1 -1 -1000 -1000 -1000 -10 1
76 1 Car -1 -1 -1 601.72 180.92 667.62 237.33 -1 -1 -1 -1000 -1000 -1000 -10 1
77 33 Car -1 -1 -1 69.43 197.80 213.69 257.63 -1 -1 -1 -1000 -1000 -1000 -10 1
77 27 Car -1 -1 -1 377.83 184.21 494.82 262.66 -1 -1 -1 -1000 -1000 -1000 -10 1
77 1 Car -1 -1 -1 600.04 180.47 665.66 236.93 -1 -1 -1 -1000 -1000 -1000 -10 1
78 33 Car -1 -1 -1 3.17 203.16 154.17 268.42 -1 -1 -1 -1000 -1000 -1000 -10 1
78 27 Car -1 -1 -1 388.50 185.13 497.26 258.96 -1 -1 -1 -1000 -1000 -1000 -10 1
78 1 Car -1 -1 -1 598.74 180.79 662.67 236.95 -1 -1 -1 -1000 -1000 -1000 -10 1
79 33 Car -1 -1 -1 -32.99 208.38 84.05 271.54 -1 -1 -1 -1000 -1000 -1000 -10 1
79 27 Car -1 -1 -1 401.21 186.25 498.71 254.42 -1 -1 -1 -1000 -1000 -1000 -10 1
79 1 Car -1 -1 -1 596.74 183.24 660.39 239.21 -1 -1 -1 -1000 -1000 -1000 -10 1
80 34 Car -1 -1 -1 469.22 175.96 508.58 203.74 -1 -1 -1 -1000 -1000 -1000 -10 1
80 27 Car -1 -1 -1 411.02 188.75 501.85 251.77 -1 -1 -1 -1000 -1000 -1000 -10 1
80 1 Car -1 -1 -1 595.60 184.37 658.85 239.42 -1 -1 -1 -1000 -1000 -1000 -10 1
81 27 Car -1 -1 -1 421.01 189.18 503.47 247.32 -1 -1 -1 -1000 -1000 -1000 -10 1
81 1 Car -1 -1 -1 593.05 184.26 656.85 239.62 -1 -1 -1 -1000 -1000 -1000 -10 1
82 35 Car -1 -1 -1 255.11 188.50 336.11 227.00 -1 -1 -1 -1000 -1000 -1000 -10 1
82 27 Car -1 -1 -1 432.18 187.70 504.21 240.12 -1 -1 -1 -1000 -1000 -1000 -10 1
82 1 Car -1 -1 -1 592.31 183.59 655.79 238.49 -1 -1 -1 -1000 -1000 -1000 -10 1
83 35 Car -1 -1 -1 216.59 186.36 312.34 230.80 -1 -1 -1 -1000 -1000 -1000 -10 1
83 27 Car -1 -1 -1 440.68 186.28 504.25 234.53 -1 -1 -1 -1000 -1000 -1000 -10 1
83 1 Car -1 -1 -1 592.01 182.52 655.61 237.73 -1 -1 -1 -1000 -1000 -1000 -10 1
84 36 Car -1 -1 -1 315.50 183.34 387.58 221.04 -1 -1 -1 -1000 -1000 -1000 -10 1
84 35 Car -1 -1 -1 178.73 187.70 284.82 236.21 -1 -1 -1 -1000 -1000 -1000 -10 1
84 27 Car -1 -1 -1 449.21 184.61 504.68 228.45 -1 -1 -1 -1000 -1000 -1000 -10 1
84 1 Car -1 -1 -1 592.57 181.64 655.96 236.06 -1 -1 -1 -1000 -1000 -1000 -10 1
85 36 Car -1 -1 -1 283.88 184.98 371.31 226.08 -1 -1 -1 -1000 -1000 -1000 -10 1
85 35 Car -1 -1 -1 128.43 191.08 253.45 239.53 -1 -1 -1 -1000 -1000 -1000 -10 1
85 27 Car -1 -1 -1 454.65 188.15 506.69 226.20 -1 -1 -1 -1000 -1000 -1000 -10 1
85 1 Car -1 -1 -1 595.22 180.52 657.98 233.80 -1 -1 -1 -1000 -1000 -1000 -10 1
86 36 Car -1 -1 -1 249.32 186.35 348.88 230.90 -1 -1 -1 -1000 -1000 -1000 -10 1
86 35 Car -1 -1 -1 73.61 195.04 210.36 248.97 -1 -1 -1 -1000 -1000 -1000 -10 1
86 1 Car -1 -1 -1 597.25 179.92 660.50 232.44 -1 -1 -1 -1000 -1000 -1000 -10 1
87 36 Car -1 -1 -1 208.92 187.87 313.57 235.48 -1 -1 -1 -1000 -1000 -1000 -10 1
87 35 Car -1 -1 -1 25.39 200.87 184.38 270.68 -1 -1 -1 -1000 -1000 -1000 -10 1
87 1 Car -1 -1 -1 595.84 180.81 659.82 232.92 -1 -1 -1 -1000 -1000 -1000 -10 1
88 38 Car -1 -1 -1 401.54 174.23 460.01 211.81 -1 -1 -1 -1000 -1000 -1000 -10 1
88 36 Car -1 -1 -1 151.79 191.61 275.18 243.85 -1 -1 -1 -1000 -1000 -1000 -10 1
88 35 Car -1 -1 -1 -18.24 200.60 121.68 269.77 -1 -1 -1 -1000 -1000 -1000 -10 1
88 1 Car -1 -1 -1 600.12 182.21 664.43 234.16 -1 -1 -1 -1000 -1000 -1000 -10 1
89 40 Car -1 -1 -1 473.58 180.60 540.47 230.75 -1 -1 -1 -1000 -1000 -1000 -10 1
89 38 Car -1 -1 -1 389.17 174.74 450.80 213.39 -1 -1 -1 -1000 -1000 -1000 -10 1
89 36 Car -1 -1 -1 76.51 199.00 220.50 259.82 -1 -1 -1 -1000 -1000 -1000 -10 1
89 1 Car -1 -1 -1 604.95 181.96 668.78 233.52 -1 -1 -1 -1000 -1000 -1000 -10 1
90 40 Car -1 -1 -1 483.33 180.91 547.30 229.93 -1 -1 -1 -1000 -1000 -1000 -10 1
90 38 Car -1 -1 -1 373.68 177.16 440.72 218.21 -1 -1 -1 -1000 -1000 -1000 -10 1
90 36 Car -1 -1 -1 16.68 202.07 176.69 270.13 -1 -1 -1 -1000 -1000 -1000 -10 1
90 1 Car -1 -1 -1 607.92 181.06 670.31 232.94 -1 -1 -1 -1000 -1000 -1000 -10 1
91 40 Car -1 -1 -1 489.10 180.29 550.95 228.23 -1 -1 -1 -1000 -1000 -1000 -10 1
91 38 Car -1 -1 -1 367.93 172.82 435.16 214.09 -1 -1 -1 -1000 -1000 -1000 -10 1
91 36 Car -1 -1 -1 -25.05 204.64 113.42 274.09 -1 -1 -1 -1000 -1000 -1000 -10 1
91 1 Car -1 -1 -1 609.64 180.61 672.86 233.02 -1 -1 -1 -1000 -1000 -1000 -10 1
92 40 Car -1 -1 -1 498.71 181.57 556.61 226.80 -1 -1 -1 -1000 -1000 -1000 -10 1
92 38 Car -1 -1 -1 364.62 169.80 430.34 211.36 -1 -1 -1 -1000 -1000 -1000 -10 1
92 1 Car -1 -1 -1 611.07 178.71 675.22 231.94 -1 -1 -1 -1000 -1000 -1000 -10 1
93 40 Car -1 -1 -1 507.36 181.01 563.03 224.92 -1 -1 -1 -1000 -1000 -1000 -10 1
93 38 Car -1 -1 -1 359.38 166.93 425.01 210.13 -1 -1 -1 -1000 -1000 -1000 -10 1
93 1 Car -1 -1 -1 614.25 177.47 678.24 230.79 -1 -1 -1 -1000 -1000 -1000 -10 1
94 40 Car -1 -1 -1 514.42 179.72 566.50 220.89 -1 -1 -1 -1000 -1000 -1000 -10 1
94 38 Car -1 -1 -1 344.31 167.14 413.94 210.84 -1 -1 -1 -1000 -1000 -1000 -10 1
94 1 Car -1 -1 -1 619.05 176.59 682.58 230.59 -1 -1 -1 -1000 -1000 -1000 -10 1
95 40 Car -1 -1 -1 519.09 179.40 571.53 220.78 -1 -1 -1 -1000 -1000 -1000 -10 1
95 38 Car -1 -1 -1 314.30 166.84 400.07 216.17 -1 -1 -1 -1000 -1000 -1000 -10 1
95 1 Car -1 -1 -1 624.36 176.79 686.98 230.46 -1 -1 -1 -1000 -1000 -1000 -10 1
96 42 Car -1 -1 -1 106.43 184.41 274.08 265.55 -1 -1 -1 -1000 -1000 -1000 -10 1
96 40 Car -1 -1 -1 524.66 179.73 576.79 220.69 -1 -1 -1 -1000 -1000 -1000 -10 1
96 38 Car -1 -1 -1 285.66 168.98 386.08 224.79 -1 -1 -1 -1000 -1000 -1000 -10 1
96 1 Car -1 -1 -1 626.68 176.33 689.30 228.87 -1 -1 -1 -1000 -1000 -1000 -10 1
97 43 Car -1 -1 -1 241.24 167.82 370.08 237.09 -1 -1 -1 -1000 -1000 -1000 -10 1
97 42 Car -1 -1 -1 14.75 188.99 227.55 282.06 -1 -1 -1 -1000 -1000 -1000 -10 1
97 40 Car -1 -1 -1 530.60 178.80 582.05 218.35 -1 -1 -1 -1000 -1000 -1000 -10 1
97 1 Car -1 -1 -1 632.11 176.14 694.21 227.64 -1 -1 -1 -1000 -1000 -1000 -10 1
98 43 Car -1 -1 -1 199.49 166.36 339.55 240.28 -1 -1 -1 -1000 -1000 -1000 -10 1
98 42 Car -1 -1 -1 -33.08 190.50 159.65 286.71 -1 -1 -1 -1000 -1000 -1000 -10 1
98 40 Car -1 -1 -1 535.02 178.89 587.15 217.91 -1 -1 -1 -1000 -1000 -1000 -10 1
98 1 Car -1 -1 -1 633.36 176.40 696.23 226.27 -1 -1 -1 -1000 -1000 -1000 -10 1
99 43 Car -1 -1 -1 148.32 164.94 306.85 247.04 -1 -1 -1 -1000 -1000 -1000 -10 1
99 40 Car -1 -1 -1 536.88 177.17 589.48 213.41 -1 -1 -1 -1000 -1000 -1000 -10 1
99 1 Car -1 -1 -1 635.83 177.12 698.82 225.86 -1 -1 -1 -1000 -1000 -1000 -10 1
100 44 Car -1 -1 -1 490.95 178.25 534.90 202.26 -1 -1 -1 -1000 -1000 -1000 -10 1
100 43 Car -1 -1 -1 79.09 164.88 266.07 259.01 -1 -1 -1 -1000 -1000 -1000 -10 1
100 40 Car -1 -1 -1 542.08 179.06 593.50 214.64 -1 -1 -1 -1000 -1000 -1000 -10 1
100 38 Car -1 -1 -1 95.01 169.45 266.03 254.03 -1 -1 -1 -1000 -1000 -1000 -10 1
100 1 Car -1 -1 -1 633.96 179.17 700.78 229.22 -1 -1 -1 -1000 -1000 -1000 -10 1
101 43 Car -1 -1 -1 13.34 165.11 220.81 271.02 -1 -1 -1 -1000 -1000 -1000 -10 1
101 40 Car -1 -1 -1 547.01 181.41 597.28 216.77 -1 -1 -1 -1000 -1000 -1000 -10 1
101 38 Car -1 -1 -1 29.12 173.37 221.85 267.34 -1 -1 -1 -1000 -1000 -1000 -10 1
105 40 Car -1 -1 -1 564.52 177.13 607.03 207.63 -1 -1 -1 -1000 -1000 -1000 -10 1
106 50 Car -1 -1 -1 498.29 178.64 535.26 200.30 -1 -1 -1 -1000 -1000 -1000 -10 1
106 49 Car -1 -1 -1 642.29 175.26 701.31 225.07 -1 -1 -1 -1000 -1000 -1000 -10 1
106 40 Car -1 -1 -1 568.98 177.89 609.24 208.35 -1 -1 -1 -1000 -1000 -1000 -10 1
107 50 Car -1 -1 -1 484.24 178.56 524.60 202.24 -1 -1 -1 -1000 -1000 -1000 -10 1
107 49 Car -1 -1 -1 644.52 175.49 704.04 225.04 -1 -1 -1 -1000 -1000 -1000 -10 1
107 40 Car -1 -1 -1 572.18 177.18 610.62 207.39 -1 -1 -1 -1000 -1000 -1000 -10 1
108 51 Car -1 -1 -1 405.13 173.14 465.43 214.80 -1 -1 -1 -1000 -1000 -1000 -10 1
108 49 Car -1 -1 -1 646.04 176.15 705.82 224.81 -1 -1 -1 -1000 -1000 -1000 -10 1
108 40 Car -1 -1 -1 574.48 176.29 612.05 206.56 -1 -1 -1 -1000 -1000 -1000 -10 1
109 51 Car -1 -1 -1 387.17 174.00 450.53 215.22 -1 -1 -1 -1000 -1000 -1000 -10 1
109 49 Car -1 -1 -1 646.10 176.07 707.02 224.50 -1 -1 -1 -1000 -1000 -1000 -10 1
109 40 Car -1 -1 -1 577.21 176.49 614.31 206.52 -1 -1 -1 -1000 -1000 -1000 -10 1
110 51 Car -1 -1 -1 365.27 175.63 433.98 219.29 -1 -1 -1 -1000 -1000 -1000 -10 1
110 49 Car -1 -1 -1 646.77 176.14 707.88 223.84 -1 -1 -1 -1000 -1000 -1000 -10 1
110 40 Car -1 -1 -1 579.75 176.82 615.96 206.19 -1 -1 -1 -1000 -1000 -1000 -10 1
111 51 Car -1 -1 -1 342.23 176.69 420.64 221.72 -1 -1 -1 -1000 -1000 -1000 -10 1
111 50 Car -1 -1 -1 471.17 179.56 518.49 216.76 -1 -1 -1 -1000 -1000 -1000 -10 1
111 49 Car -1 -1 -1 646.51 176.94 707.62 224.52 -1 -1 -1 -1000 -1000 -1000 -10 1
111 40 Car -1 -1 -1 582.56 176.63 617.99 205.65 -1 -1 -1 -1000 -1000 -1000 -10 1
112 51 Car -1 -1 -1 312.30 178.52 401.90 226.17 -1 -1 -1 -1000 -1000 -1000 -10 1
112 50 Car -1 -1 -1 447.20 178.51 500.30 216.40 -1 -1 -1 -1000 -1000 -1000 -10 1
112 49 Car -1 -1 -1 645.07 177.83 706.30 226.21 -1 -1 -1 -1000 -1000 -1000 -10 1
112 40 Car -1 -1 -1 582.96 176.16 617.84 205.04 -1 -1 -1 -1000 -1000 -1000 -10 1
113 51 Car -1 -1 -1 274.37 179.71 377.19 232.18 -1 -1 -1 -1000 -1000 -1000 -10 1
113 50 Car -1 -1 -1 425.27 178.56 484.71 218.75 -1 -1 -1 -1000 -1000 -1000 -10 1
113 49 Car -1 -1 -1 644.49 178.05 705.00 225.47 -1 -1 -1 -1000 -1000 -1000 -10 1
113 40 Car -1 -1 -1 584.37 176.68 619.17 205.43 -1 -1 -1 -1000 -1000 -1000 -10 1
114 51 Car -1 -1 -1 228.25 179.92 347.63 238.39 -1 -1 -1 -1000 -1000 -1000 -10 1
114 50 Car -1 -1 -1 399.61 179.36 464.52 220.52 -1 -1 -1 -1000 -1000 -1000 -10 1
114 49 Car -1 -1 -1 643.66 177.35 703.37 225.02 -1 -1 -1 -1000 -1000 -1000 -10 1
114 40 Car -1 -1 -1 585.33 176.70 620.02 205.15 -1 -1 -1 -1000 -1000 -1000 -10 1
115 51 Car -1 -1 -1 172.92 181.90 307.25 246.50 -1 -1 -1 -1000 -1000 -1000 -10 1
115 50 Car -1 -1 -1 372.69 183.59 447.22 225.06 -1 -1 -1 -1000 -1000 -1000 -10 1
115 49 Car -1 -1 -1 641.51 177.33 701.86 225.92 -1 -1 -1 -1000 -1000 -1000 -10 1
115 40 Car -1 -1 -1 585.36 176.91 620.30 205.45 -1 -1 -1 -1000 -1000 -1000 -10 1
116 51 Car -1 -1 -1 98.21 185.22 255.03 256.72 -1 -1 -1 -1000 -1000 -1000 -10 1
116 50 Car -1 -1 -1 339.62 186.35 422.16 233.05 -1 -1 -1 -1000 -1000 -1000 -10 1
116 49 Car -1 -1 -1 639.74 177.69 700.97 227.57 -1 -1 -1 -1000 -1000 -1000 -10 1
116 40 Car -1 -1 -1 583.37 178.06 618.63 206.55 -1 -1 -1 -1000 -1000 -1000 -10 1
117 51 Car -1 -1 -1 25.21 187.56 202.82 271.80 -1 -1 -1 -1000 -1000 -1000 -10 1
117 50 Car -1 -1 -1 295.11 189.12 391.42 240.96 -1 -1 -1 -1000 -1000 -1000 -10 1
117 49 Car -1 -1 -1 637.60 178.12 699.67 228.28 -1 -1 -1 -1000 -1000 -1000 -10 1
117 40 Car -1 -1 -1 581.83 178.39 616.74 206.80 -1 -1 -1 -1000 -1000 -1000 -10 1
118 51 Car -1 -1 -1 -20.00 186.07 143.90 274.40 -1 -1 -1 -1000 -1000 -1000 -10 1
118 50 Car -1 -1 -1 243.23 190.36 359.23 249.91 -1 -1 -1 -1000 -1000 -1000 -10 1
118 49 Car -1 -1 -1 635.21 179.50 699.05 229.31 -1 -1 -1 -1000 -1000 -1000 -10 1
118 40 Car -1 -1 -1 578.90 178.18 613.36 206.48 -1 -1 -1 -1000 -1000 -1000 -10 1
119 50 Car -1 -1 -1 169.11 194.87 312.04 265.06 -1 -1 -1 -1000 -1000 -1000 -10 1
119 49 Car -1 -1 -1 630.34 178.28 695.35 228.38 -1 -1 -1 -1000 -1000 -1000 -10 1
119 40 Car -1 -1 -1 575.15 178.05 608.58 205.71 -1 -1 -1 -1000 -1000 -1000 -10 1
120 54 Car -1 -1 -1 428.55 182.60 475.35 210.81 -1 -1 -1 -1000 -1000 -1000 -10 1
120 49 Car -1 -1 -1 626.35 178.60 692.86 227.92 -1 -1 -1 -1000 -1000 -1000 -10 1
120 40 Car -1 -1 -1 574.10 177.90 606.43 204.81 -1 -1 -1 -1000 -1000 -1000 -10 1
122 54 Car -1 -1 -1 392.48 182.95 449.72 215.92 -1 -1 -1 -1000 -1000 -1000 -10 1
122 49 Car -1 -1 -1 617.68 177.43 684.91 225.49 -1 -1 -1 -1000 -1000 -1000 -10 1
123 54 Car -1 -1 -1 372.85 184.02 434.91 219.72 -1 -1 -1 -1000 -1000 -1000 -10 1
123 49 Car -1 -1 -1 615.89 177.36 682.52 225.90 -1 -1 -1 -1000 -1000 -1000 -10 1
124 54 Car -1 -1 -1 347.59 184.58 416.74 224.50 -1 -1 -1 -1000 -1000 -1000 -10 1
124 49 Car -1 -1 -1 613.78 177.51 679.98 226.33 -1 -1 -1 -1000 -1000 -1000 -10 1
124 40 Car -1 -1 -1 569.58 177.68 599.91 203.55 -1 -1 -1 -1000 -1000 -1000 -10 1
125 54 Car -1 -1 -1 318.56 185.09 396.82 226.83 -1 -1 -1 -1000 -1000 -1000 -10 1
125 49 Car -1 -1 -1 611.72 176.81 676.85 225.32 -1 -1 -1 -1000 -1000 -1000 -10 1
125 40 Car -1 -1 -1 567.07 178.01 597.11 203.70 -1 -1 -1 -1000 -1000 -1000 -10 1
126 54 Car -1 -1 -1 282.61 184.82 368.74 230.25 -1 -1 -1 -1000 -1000 -1000 -10 1
126 49 Car -1 -1 -1 610.07 177.39 673.97 225.49 -1 -1 -1 -1000 -1000 -1000 -10 1
126 40 Car -1 -1 -1 565.65 178.02 594.93 203.10 -1 -1 -1 -1000 -1000 -1000 -10 1
127 54 Car -1 -1 -1 240.28 186.58 339.52 237.77 -1 -1 -1 -1000 -1000 -1000 -10 1
127 49 Car -1 -1 -1 608.61 179.41 670.96 226.24 -1 -1 -1 -1000 -1000 -1000 -10 1
127 40 Car -1 -1 -1 567.12 179.49 595.84 203.50 -1 -1 -1 -1000 -1000 -1000 -10 1
128 54 Car -1 -1 -1 189.52 188.75 305.21 245.36 -1 -1 -1 -1000 -1000 -1000 -10 1
128 49 Car -1 -1 -1 602.33 180.31 665.64 223.34 -1 -1 -1 -1000 -1000 -1000 -10 1
128 40 Car -1 -1 -1 563.89 180.78 593.25 204.34 -1 -1 -1 -1000 -1000 -1000 -10 1
129 54 Car -1 -1 -1 128.55 195.39 258.32 254.56 -1 -1 -1 -1000 -1000 -1000 -10 1
129 49 Car -1 -1 -1 598.87 181.57 663.23 222.47 -1 -1 -1 -1000 -1000 -1000 -10 1
129 40 Car -1 -1 -1 561.57 182.05 591.45 205.65 -1 -1 -1 -1000 -1000 -1000 -10 1
130 54 Car -1 -1 -1 43.84 199.41 192.30 265.88 -1 -1 -1 -1000 -1000 -1000 -10 1
130 49 Car -1 -1 -1 596.61 181.42 660.06 222.03 -1 -1 -1 -1000 -1000 -1000 -10 1
130 40 Car -1 -1 -1 560.46 181.03 589.77 204.77 -1 -1 -1 -1000 -1000 -1000 -10 1
131 54 Car -1 -1 -1 -3.17 202.96 140.28 275.42 -1 -1 -1 -1000 -1000 -1000 -10 1
131 49 Car -1 -1 -1 593.58 179.75 656.53 220.72 -1 -1 -1 -1000 -1000 -1000 -10 1
132 49 Car -1 -1 -1 592.54 179.06 653.04 219.88 -1 -1 -1 -1000 -1000 -1000 -10 1
133 49 Car -1 -1 -1 591.97 181.60 650.38 222.02 -1 -1 -1 -1000 -1000 -1000 -10 1
134 49 Car -1 -1 -1 592.21 181.07 648.73 221.76 -1 -1 -1 -1000 -1000 -1000 -10 1
136 49 Car -1 -1 -1 588.61 180.94 644.37 222.31 -1 -1 -1 -1000 -1000 -1000 -10 1
137 49 Car -1 -1 -1 587.64 182.09 644.11 224.02 -1 -1 -1 -1000 -1000 -1000 -10 1
138 49 Car -1 -1 -1 586.16 182.30 642.63 224.32 -1 -1 -1 -1000 -1000 -1000 -10 1
139 49 Car -1 -1 -1 585.06 182.92 641.81 225.51 -1 -1 -1 -1000 -1000 -1000 -10 1
140 49 Car -1 -1 -1 584.46 182.50 640.81 225.95 -1 -1 -1 -1000 -1000 -1000 -10 1
141 49 Car -1 -1 -1 584.48 182.13 640.09 225.61 -1 -1 -1 -1000 -1000 -1000 -10 1
142 49 Car -1 -1 -1 584.33 180.03 638.18 223.09 -1 -1 -1 -1000 -1000 -1000 -10 1
143 49 Car -1 -1 -1 583.66 180.05 636.59 222.65 -1 -1 -1 -1000 -1000 -1000 -10 1
144 49 Car -1 -1 -1 582.88 179.91 635.35 222.57 -1 -1 -1 -1000 -1000 -1000 -10 1
145 49 Car -1 -1 -1 582.99 179.19 634.76 221.62 -1 -1 -1 -1000 -1000 -1000 -10 1
146 49 Car -1 -1 -1 581.95 178.95 633.05 221.14 -1 -1 -1 -1000 -1000 -1000 -10 1
147 49 Car -1 -1 -1 581.25 179.58 632.21 222.06 -1 -1 -1 -1000 -1000 -1000 -10 1
148 49 Car -1 -1 -1 580.33 180.38 630.92 222.42 -1 -1 -1 -1000 -1000 -1000 -10 1
149 49 Car -1 -1 -1 580.02 181.65 630.33 223.35 -1 -1 -1 -1000 -1000 -1000 -10 1
150 49 Car -1 -1 -1 579.73 181.47 629.77 223.44 -1 -1 -1 -1000 -1000 -1000 -10 1
151 49 Car -1 -1 -1 579.77 180.22 628.89 221.76 -1 -1 -1 -1000 -1000 -1000 -10 1
152 58 Car -1 -1 -1 551.45 180.13 569.94 196.12 -1 -1 -1 -1000 -1000 -1000 -10 1
152 49 Car -1 -1 -1 578.80 180.64 627.63 220.66 -1 -1 -1 -1000 -1000 -1000 -10 1
153 58 Car -1 -1 -1 555.29 180.13 576.37 198.12 -1 -1 -1 -1000 -1000 -1000 -10 1
153 49 Car -1 -1 -1 577.47 180.60 625.98 220.40 -1 -1 -1 -1000 -1000 -1000 -10 1
154 49 Car -1 -1 -1 577.83 180.77 626.51 220.54 -1 -1 -1 -1000 -1000 -1000 -10 1
155 49 Car -1 -1 -1 577.15 181.65 626.53 219.90 -1 -1 -1 -1000 -1000 -1000 -10 1
156 59 Car -1 -1 -1 549.17 180.20 570.62 196.85 -1 -1 -1 -1000 -1000 -1000 -10 1
156 49 Car -1 -1 -1 576.72 182.01 627.14 219.67 -1 -1 -1 -1000 -1000 -1000 -10 1
157 59 Car -1 -1 -1 549.23 179.10 571.30 196.32 -1 -1 -1 -1000 -1000 -1000 -10 1
157 49 Car -1 -1 -1 576.80 180.56 628.15 219.86 -1 -1 -1 -1000 -1000 -1000 -10 1
158 59 Car -1 -1 -1 550.67 178.13 572.70 195.38 -1 -1 -1 -1000 -1000 -1000 -10 1
158 49 Car -1 -1 -1 576.17 179.99 627.27 218.01 -1 -1 -1 -1000 -1000 -1000 -10 1
159 59 Car -1 -1 -1 552.38 175.74 577.77 193.24 -1 -1 -1 -1000 -1000 -1000 -10 1
159 49 Car -1 -1 -1 575.49 178.39 626.01 215.37 -1 -1 -1 -1000 -1000 -1000 -10 1
160 59 Car -1 -1 -1 554.12 174.24 581.35 191.64 -1 -1 -1 -1000 -1000 -1000 -10 1
160 49 Car -1 -1 -1 575.86 177.58 625.75 213.83 -1 -1 -1 -1000 -1000 -1000 -10 1
161 59 Car -1 -1 -1 555.32 174.24 583.07 191.77 -1 -1 -1 -1000 -1000 -1000 -10 1
161 49 Car -1 -1 -1 575.76 178.25 625.41 214.15 -1 -1 -1 -1000 -1000 -1000 -10 1
162 59 Car -1 -1 -1 552.83 175.08 579.82 193.11 -1 -1 -1 -1000 -1000 -1000 -10 1
162 49 Car -1 -1 -1 577.07 177.55 625.71 214.50 -1 -1 -1 -1000 -1000 -1000 -10 1
163 59 Car -1 -1 -1 551.32 175.03 577.64 193.47 -1 -1 -1 -1000 -1000 -1000 -10 1
163 49 Car -1 -1 -1 577.57 177.41 625.99 215.74 -1 -1 -1 -1000 -1000 -1000 -10 1
164 59 Car -1 -1 -1 550.26 175.20 576.27 194.16 -1 -1 -1 -1000 -1000 -1000 -10 1
164 49 Car -1 -1 -1 576.31 178.05 624.80 215.67 -1 -1 -1 -1000 -1000 -1000 -10 1
165 59 Car -1 -1 -1 551.60 175.63 577.20 194.72 -1 -1 -1 -1000 -1000 -1000 -10 1
165 49 Car -1 -1 -1 577.25 177.22 624.78 215.30 -1 -1 -1 -1000 -1000 -1000 -10 1
166 59 Car -1 -1 -1 553.48 175.71 578.96 195.24 -1 -1 -1 -1000 -1000 -1000 -10 1
166 49 Car -1 -1 -1 577.83 176.85 624.78 215.53 -1 -1 -1 -1000 -1000 -1000 -10 1
167 59 Car -1 -1 -1 554.45 175.70 579.68 195.34 -1 -1 -1 -1000 -1000 -1000 -10 1
167 49 Car -1 -1 -1 577.71 176.95 623.93 215.76 -1 -1 -1 -1000 -1000 -1000 -10 1
168 59 Car -1 -1 -1 554.96 175.70 580.19 195.57 -1 -1 -1 -1000 -1000 -1000 -10 1
168 49 Car -1 -1 -1 577.82 177.43 624.15 216.54 -1 -1 -1 -1000 -1000 -1000 -10 1
169 59 Car -1 -1 -1 555.13 175.68 580.05 195.50 -1 -1 -1 -1000 -1000 -1000 -10 1
169 49 Car -1 -1 -1 576.77 178.78 623.59 216.66 -1 -1 -1 -1000 -1000 -1000 -10 1
170 59 Car -1 -1 -1 556.05 174.32 581.13 194.67 -1 -1 -1 -1000 -1000 -1000 -10 1
170 49 Car -1 -1 -1 577.10 178.73 624.06 215.50 -1 -1 -1 -1000 -1000 -1000 -10 1
171 59 Car -1 -1 -1 556.73 173.39 581.66 193.87 -1 -1 -1 -1000 -1000 -1000 -10 1
171 49 Car -1 -1 -1 577.33 178.58 624.09 214.52 -1 -1 -1 -1000 -1000 -1000 -10 1
172 59 Car -1 -1 -1 557.77 172.26 582.87 193.03 -1 -1 -1 -1000 -1000 -1000 -10 1
172 49 Car -1 -1 -1 577.45 178.48 624.25 213.84 -1 -1 -1 -1000 -1000 -1000 -10 1
173 59 Car -1 -1 -1 556.87 172.23 581.96 192.93 -1 -1 -1 -1000 -1000 -1000 -10 1
173 49 Car -1 -1 -1 577.38 178.68 624.46 213.69 -1 -1 -1 -1000 -1000 -1000 -10 1
174 59 Car -1 -1 -1 557.27 172.18 582.27 192.64 -1 -1 -1 -1000 -1000 -1000 -10 1
174 49 Car -1 -1 -1 578.02 176.43 625.53 213.00 -1 -1 -1 -1000 -1000 -1000 -10 1
175 59 Car -1 -1 -1 557.74 174.05 581.43 193.31 -1 -1 -1 -1000 -1000 -1000 -10 1
175 49 Car -1 -1 -1 577.34 177.95 625.55 214.23 -1 -1 -1 -1000 -1000 -1000 -10 1
176 59 Car -1 -1 -1 558.38 173.99 582.01 193.35 -1 -1 -1 -1000 -1000 -1000 -10 1
176 49 Car -1 -1 -1 577.55 178.39 626.19 214.48 -1 -1 -1 -1000 -1000 -1000 -10 1
177 59 Car -1 -1 -1 558.50 173.60 582.55 193.18 -1 -1 -1 -1000 -1000 -1000 -10 1
177 49 Car -1 -1 -1 577.25 178.01 625.97 214.12 -1 -1 -1 -1000 -1000 -1000 -10 1
178 59 Car -1 -1 -1 557.84 173.52 582.36 193.05 -1 -1 -1 -1000 -1000 -1000 -10 1
178 49 Car -1 -1 -1 577.36 178.24 626.40 214.30 -1 -1 -1 -1000 -1000 -1000 -10 1
179 49 Car -1 -1 -1 577.49 178.26 626.50 214.11 -1 -1 -1 -1000 -1000 -1000 -10 1
180 49 Car -1 -1 -1 578.05 178.22 627.05 214.11 -1 -1 -1 -1000 -1000 -1000 -10 1
181 49 Car -1 -1 -1 578.57 178.32 627.87 214.52 -1 -1 -1 -1000 -1000 -1000 -10 1
182 49 Car -1 -1 -1 578.73 178.83 628.26 215.50 -1 -1 -1 -1000 -1000 -1000 -10 1
183 49 Car -1 -1 -1 578.62 178.85 628.41 215.85 -1 -1 -1 -1000 -1000 -1000 -10 1
184 49 Car -1 -1 -1 579.09 178.66 628.73 215.69 -1 -1 -1 -1000 -1000 -1000 -10 1
185 49 Car -1 -1 -1 578.97 178.33 628.99 215.84 -1 -1 -1 -1000 -1000 -1000 -10 1
186 49 Car -1 -1 -1 578.95 177.44 628.79 215.30 -1 -1 -1 -1000 -1000 -1000 -10 1
187 49 Car -1 -1 -1 579.86 176.98 629.49 214.80 -1 -1 -1 -1000 -1000 -1000 -10 1
188 49 Car -1 -1 -1 580.21 176.52 629.66 214.55 -1 -1 -1 -1000 -1000 -1000 -10 1
189 49 Car -1 -1 -1 582.33 177.08 631.29 216.48 -1 -1 -1 -1000 -1000 -1000 -10 1
190 49 Car -1 -1 -1 583.57 177.22 632.09 217.32 -1 -1 -1 -1000 -1000 -1000 -10 1
191 49 Car -1 -1 -1 584.67 177.65 633.55 218.84 -1 -1 -1 -1000 -1000 -1000 -10 1
192 49 Car -1 -1 -1 584.41 178.52 635.44 219.63 -1 -1 -1 -1000 -1000 -1000 -10 1
193 49 Car -1 -1 -1 585.10 177.49 636.19 219.78 -1 -1 -1 -1000 -1000 -1000 -10 1
194 49 Car -1 -1 -1 584.98 177.22 635.87 219.86 -1 -1 -1 -1000 -1000 -1000 -10 1
195 49 Car -1 -1 -1 585.42 175.98 635.61 218.52 -1 -1 -1 -1000 -1000 -1000 -10 1
196 49 Car -1 -1 -1 586.54 176.48 636.27 219.04 -1 -1 -1 -1000 -1000 -1000 -10 1
197 49 Car -1 -1 -1 586.21 176.89 636.06 219.53 -1 -1 -1 -1000 -1000 -1000 -10 1
198 49 Car -1 -1 -1 585.64 176.74 635.88 219.64 -1 -1 -1 -1000 -1000 -1000 -10 1
199 49 Car -1 -1 -1 585.42 174.46 635.19 216.79 -1 -1 -1 -1000 -1000 -1000 -10 1
200 49 Car -1 -1 -1 583.56 175.19 634.41 216.55 -1 -1 -1 -1000 -1000 -1000 -10 1
201 49 Car -1 -1 -1 583.21 174.55 634.59 215.10 -1 -1 -1 -1000 -1000 -1000 -10 1
202 49 Car -1 -1 -1 584.04 174.07 635.34 215.75 -1 -1 -1 -1000 -1000 -1000 -10 1
203 49 Car -1 -1 -1 584.26 174.07 635.42 216.64 -1 -1 -1 -1000 -1000 -1000 -10 1
204 49 Car -1 -1 -1 584.01 173.66 634.86 216.79 -1 -1 -1 -1000 -1000 -1000 -10 1
205 49 Car -1 -1 -1 581.91 174.03 632.79 217.61 -1 -1 -1 -1000 -1000 -1000 -10 1
206 49 Car -1 -1 -1 581.88 173.91 632.38 217.75 -1 -1 -1 -1000 -1000 -1000 -10 1
207 49 Car -1 -1 -1 580.30 174.62 631.04 216.81 -1 -1 -1 -1000 -1000 -1000 -10 1
208 65 Car -1 -1 -1 560.47 170.73 580.22 188.19 -1 -1 -1 -1000 -1000 -1000 -10 1
208 49 Car -1 -1 -1 579.78 175.23 630.63 216.24 -1 -1 -1 -1000 -1000 -1000 -10 1
209 65 Car -1 -1 -1 559.41 171.40 580.04 189.25 -1 -1 -1 -1000 -1000 -1000 -10 1
209 49 Car -1 -1 -1 579.20 175.78 630.68 215.83 -1 -1 -1 -1000 -1000 -1000 -10 1
210 49 Car -1 -1 -1 578.86 175.44 630.24 214.95 -1 -1 -1 -1000 -1000 -1000 -10 1
211 49 Car -1 -1 -1 579.18 174.73 630.58 213.99 -1 -1 -1 -1000 -1000 -1000 -10 1
212 49 Car -1 -1 -1 580.29 174.79 631.47 213.61 -1 -1 -1 -1000 -1000 -1000 -10 1
213 49 Car -1 -1 -1 580.85 176.66 631.04 216.45 -1 -1 -1 -1000 -1000 -1000 -10 1
