0 2 Car -1 -1 -1 836.45 173.34 1043.19 325.39 -1 -1 -1 -1000 -1000 -1000 -10 1
0 1 Car -1 -1 -1 710.10 186.74 861.76 228.60 -1 -1 -1 -1000 -1000 -1000 -10 1
1 2 Car -1 -1 -1 834.77 176.28 1037.82 324.06 -1 -1 -1 -1000 -1000 -1000 -10 1
1 1 Car -1 -1 -1 685.08 186.90 833.18 229.46 -1 -1 -1 -1000 -1000 -1000 -10 1
2 2 Car -1 -1 -1 832.33 174.76 1028.21 321.30 -1 -1 -1 -1000 -1000 -1000 -10 1
2 1 Car -1 -1 -1 654.09 186.24 801.10 229.25 -1 -1 -1 -1000 -1000 -1000 -10 1
3 2 Car -1 -1 -1 828.52 171.39 1019.24 318.99 -1 -1 -1 -1000 -1000 -1000 -10 1
3 1 Car -1 -1 -1 621.87 188.79 762.87 228.70 -1 -1 -1 -1000 -1000 -1000 -10 1
4 2 Car -1 -1 -1 819.56 169.68 1008.59 322.47 -1 -1 -1 -1000 -1000 -1000 -10 1
4 1 Car -1 -1 -1 592.71 188.35 735.53 228.85 -1 -1 -1 -1000 -1000 -1000 -10 1
5 2 Car -1 -1 -1 811.00 169.67 990.21 320.18 -1 -1 -1 -1000 -1000 -1000 -10 1
5 1 Car -1 -1 -1 563.92 186.58 708.46 228.07 -1 -1 -1 -1000 -1000 -1000 -10 1
6 2 Car -1 -1 -1 796.97 168.86 972.43 317.58 -1 -1 -1 -1000 -1000 -1000 -10 1
6 1 Car -1 -1 -1 529.72 182.95 669.68 226.42 -1 -1 -1 -1000 -1000 -1000 -10 1
7 2 Car -1 -1 -1 786.30 168.42 957.03 313.66 -1 -1 -1 -1000 -1000 -1000 -10 1
7 1 Car -1 -1 -1 496.03 179.74 634.83 221.45 -1 -1 -1 -1000 -1000 -1000 -10 1
8 2 Car -1 -1 -1 776.89 167.68 940.71 312.42 -1 -1 -1 -1000 -1000 -1000 -10 1
8 1 Car -1 -1 -1 463.03 179.95 603.89 224.42 -1 -1 -1 -1000 -1000 -1000 -10 1
9 2 Car -1 -1 -1 755.18 167.06 918.97 311.84 -1 -1 -1 -1000 -1000 -1000 -10 1
9 1 Car -1 -1 -1 423.95 181.45 568.63 224.43 -1 -1 -1 -1000 -1000 -1000 -10 1
10 2 Car -1 -1 -1 736.80 170.48 897.27 314.16 -1 -1 -1 -1000 -1000 -1000 -10 1
10 1 Car -1 -1 -1 385.58 180.49 529.69 225.22 -1 -1 -1 -1000 -1000 -1000 -10 1
11 2 Car -1 -1 -1 710.35 169.38 873.72 312.65 -1 -1 -1 -1000 -1000 -1000 -10 1
11 1 Car -1 -1 -1 349.05 182.22 494.27 225.95 -1 -1 -1 -1000 -1000 -1000 -10 1
12 2 Car -1 -1 -1 684.58 171.73 854.42 314.22 -1 -1 -1 -1000 -1000 -1000 -10 1
12 1 Car -1 -1 -1 308.26 185.40 456.16 228.66 -1 -1 -1 -1000 -1000 -1000 -10 1
13 2 Car -1 -1 -1 657.04 173.63 826.86 312.88 -1 -1 -1 -1000 -1000 -1000 -10 1
13 1 Car -1 -1 -1 267.76 185.56 415.86 230.13 -1 -1 -1 -1000 -1000 -1000 -10 1
14 2 Car -1 -1 -1 630.81 171.80 801.34 309.50 -1 -1 -1 -1000 -1000 -1000 -10 1
14 1 Car -1 -1 -1 223.95 185.51 373.09 229.79 -1 -1 -1 -1000 -1000 -1000 -10 1
15 2 Car -1 -1 -1 597.01 170.23 768.98 309.26 -1 -1 -1 -1000 -1000 -1000 -10 1
15 1 Car -1 -1 -1 178.67 186.30 329.58 230.22 -1 -1 -1 -1000 -1000 -1000 -10 1
16 2 Car -1 -1 -1 570.21 170.71 741.75 307.53 -1 -1 -1 -1000 -1000 -1000 -10 1
16 1 Car -1 -1 -1 129.67 186.96 282.39 231.96 -1 -1 -1 -1000 -1000 -1000 -10 1
17 2 Car -1 -1 -1 537.71 174.51 712.34 312.15 -1 -1 -1 -1000 -1000 -1000 -10 1
17 1 Car -1 -1 -1 60.85 185.15 231.36 235.96 -1 -1 -1 -1000 -1000 -1000 -10 1
18 2 Car -1 -1 -1 504.17 172.97 685.21 312.17 -1 -1 -1 -1000 -1000 -1000 -10 1
18 1 Car -1 -1 -1 7.90 184.09 181.88 237.50 -1 -1 -1 -1000 -1000 -1000 -10 1
19 2 Car -1 -1 -1 477.94 171.46 663.29 308.72 -1 -1 -1 -1000 -1000 -1000 -10 1
19 1 Car -1 -1 -1 -18.16 184.83 150.42 241.11 -1 -1 -1 -1000 -1000 -1000 -10 1
20 2 Car -1 -1 -1 446.17 170.63 636.57 307.68 -1 -1 -1 -1000 -1000 -1000 -10 1
20 1 Car -1 -1 -1 -33.47 186.12 115.17 242.76 -1 -1 -1 -1000 -1000 -1000 -10 1
21 2 Car -1 -1 -1 419.05 169.43 615.61 306.75 -1 -1 -1 -1000 -1000 -1000 -10 1
21 1 Car -1 -1 -1 -40.18 182.02 87.92 241.43 -1 -1 -1 -1000 -1000 -1000 -10 1
22 2 Car -1 -1 -1 386.86 169.00 589.40 308.39 -1 -1 -1 -1000 -1000 -1000 -10 1
23 2 Car -1 -1 -1 363.43 167.99 570.02 308.41 -1 -1 -1 -1000 -1000 -1000 -10 1
24 8 Car -1 -1 -1 807.99 176.71 885.85 206.83 -1 -1 -1 -1000 -1000 -1000 -10 1
24 2 Car -1 -1 -1 335.22 167.14 547.64 309.14 -1 -1 -1 -1000 -1000 -1000 -10 1
25 8 Car -1 -1 -1 805.53 176.60 885.72 207.70 -1 -1 -1 -1000 -1000 -1000 -10 1
25 2 Car -1 -1 -1 311.90 166.40 528.43 309.59 -1 -1 -1 -1000 -1000 -1000 -10 1
26 8 Car -1 -1 -1 805.61 176.71 886.63 208.25 -1 -1 -1 -1000 -1000 -1000 -10 1
26 2 Car -1 -1 -1 284.56 167.24 505.68 313.90 -1 -1 -1 -1000 -1000 -1000 -10 1
27 8 Car -1 -1 -1 806.69 177.82 888.39 209.47 -1 -1 -1 -1000 -1000 -1000 -10 1
27 2 Car -1 -1 -1 260.13 169.78 483.25 316.68 -1 -1 -1 -1000 -1000 -1000 -10 1
28 8 Car -1 -1 -1 810.04 178.56 892.24 210.91 -1 -1 -1 -1000 -1000 -1000 -10 1
31 2 Car -1 -1 -1 163.62 181.50 409.73 330.77 -1 -1 -1 -1000 -1000 -1000 -10 1
32 8 Car -1 -1 -1 836.99 181.40 928.19 217.74 -1 -1 -1 -1000 -1000 -1000 -10 1
32 2 Car -1 -1 -1 142.16 182.80 395.90 333.95 -1 -1 -1 -1000 -1000 -1000 -10 1
33 8 Car -1 -1 -1 849.98 182.69 944.22 218.89 -1 -1 -1 -1000 -1000 -1000 -10 1
33 2 Car -1 -1 -1 122.36 183.88 382.39 337.03 -1 -1 -1 -1000 -1000 -1000 -10 1
34 8 Car -1 -1 -1 861.59 183.49 960.33 219.83 -1 -1 -1 -1000 -1000 -1000 -10 1
34 2 Car -1 -1 -1 106.50 186.71 372.73 339.17 -1 -1 -1 -1000 -1000 -1000 -10 1
35 8 Car -1 -1 -1 878.43 183.03 979.20 219.80 -1 -1 -1 -1000 -1000 -1000 -10 1
35 2 Car -1 -1 -1 90.58 185.08 362.91 340.14 -1 -1 -1 -1000 -1000 -1000 -10 1
36 8 Car -1 -1 -1 895.24 185.78 1000.13 222.47 -1 -1 -1 -1000 -1000 -1000 -10 1
36 2 Car -1 -1 -1 75.66 184.81 351.72 342.51 -1 -1 -1 -1000 -1000 -1000 -10 1
37 8 Car -1 -1 -1 919.92 183.68 1026.44 221.36 -1 -1 -1 -1000 -1000 -1000 -10 1
37 2 Car -1 -1 -1 60.73 188.42 339.23 342.91 -1 -1 -1 -1000 -1000 -1000 -10 1
38 8 Car -1 -1 -1 946.16 181.22 1055.88 220.12 -1 -1 -1 -1000 -1000 -1000 -10 1
38 2 Car -1 -1 -1 48.75 188.26 331.29 342.49 -1 -1 -1 -1000 -1000 -1000 -10 1
39 8 Car -1 -1 -1 971.75 182.67 1084.59 221.91 -1 -1 -1 -1000 -1000 -1000 -10 1
39 2 Car -1 -1 -1 39.04 191.54 324.03 342.64 -1 -1 -1 -1000 -1000 -1000 -10 1
40 8 Car -1 -1 -1 999.84 185.34 1119.18 225.35 -1 -1 -1 -1000 -1000 -1000 -10 1
40 2 Car -1 -1 -1 34.15 193.16 319.10 342.77 -1 -1 -1 -1000 -1000 -1000 -10 1
41 8 Car -1 -1 -1 1025.91 187.26 1151.49 227.90 -1 -1 -1 -1000 -1000 -1000 -10 1
41 2 Car -1 -1 -1 26.19 189.93 314.83 344.99 -1 -1 -1 -1000 -1000 -1000 -10 1
42 8 Car -1 -1 -1 1063.53 186.70 1194.64 228.40 -1 -1 -1 -1000 -1000 -1000 -10 1
42 2 Car -1 -1 -1 27.44 194.06 311.67 345.59 -1 -1 -1 -1000 -1000 -1000 -10 1
43 8 Car -1 -1 -1 1104.38 185.58 1237.74 229.48 -1 -1 -1 -1000 -1000 -1000 -10 1
43 2 Car -1 -1 -1 19.66 191.00 309.77 347.59 -1 -1 -1 -1000 -1000 -1000 -10 1
44 8 Car -1 -1 -1 1136.56 179.11 1261.31 223.51 -1 -1 -1 -1000 -1000 -1000 -10 1
44 2 Car -1 -1 -1 19.78 189.68 311.28 348.54 -1 -1 -1 -1000 -1000 -1000 -10 1
45 2 Car -1 -1 -1 21.37 186.90 312.92 348.09 -1 -1 -1 -1000 -1000 -1000 -10 1
46 2 Car -1 -1 -1 22.38 187.00 315.07 349.70 -1 -1 -1 -1000 -1000 -1000 -10 1
47 2 Car -1 -1 -1 26.25 186.56 317.50 348.86 -1 -1 -1 -1000 -1000 -1000 -10 1
48 16 Car -1 -1 -1 15.60 172.90 119.38 236.70 -1 -1 -1 -1000 -1000 -1000 -10 1
48 2 Car -1 -1 -1 35.74 185.80 321.42 344.27 -1 -1 -1 -1000 -1000 -1000 -10 1
49 2 Car -1 -1 -1 49.56 183.99 327.23 340.89 -1 -1 -1 -1000 -1000 -1000 -10 1
50 18 Car -1 -1 -1 68.47 175.08 189.05 225.43 -1 -1 -1 -1000 -1000 -1000 -10 1
50 2 Car -1 -1 -1 62.03 181.94 332.25 336.53 -1 -1 -1 -1000 -1000 -1000 -10 1
51 19 Car -1 -1 -1 119.86 175.39 217.98 215.69 -1 -1 -1 -1000 -1000 -1000 -10 1
51 18 Car -1 -1 -1 100.71 181.33 228.95 235.03 -1 -1 -1 -1000 -1000 -1000 -10 1
51 2 Car -1 -1 -1 74.20 178.95 338.43 333.33 -1 -1 -1 -1000 -1000 -1000 -10 1
52 19 Car -1 -1 -1 92.25 169.79 198.95 212.18 -1 -1 -1 -1000 -1000 -1000 -10 1
52 18 Car -1 -1 -1 147.82 176.78 265.32 226.60 -1 -1 -1 -1000 -1000 -1000 -10 1
52 2 Car -1 -1 -1 84.27 177.72 342.72 329.10 -1 -1 -1 -1000 -1000 -1000 -10 1
53 18 Car -1 -1 -1 184.59 169.38 285.61 215.54 -1 -1 -1 -1000 -1000 -1000 -10 1
53 2 Car -1 -1 -1 99.67 175.57 348.86 323.41 -1 -1 -1 -1000 -1000 -1000 -10 1
54 21 Car -1 -1 -1 11.84 180.38 108.17 228.17 -1 -1 -1 -1000 -1000 -1000 -10 1
54 18 Car -1 -1 -1 222.52 167.52 309.20 207.31 -1 -1 -1 -1000 -1000 -1000 -10 1
54 2 Car -1 -1 -1 116.08 173.73 354.67 320.87 -1 -1 -1 -1000 -1000 -1000 -10 1
55 21 Car -1 -1 -1 21.57 182.21 133.95 229.67 -1 -1 -1 -1000 -1000 -1000 -10 1
55 2 Car -1 -1 -1 129.13 173.24 366.10 320.40 -1 -1 -1 -1000 -1000 -1000 -10 1
56 21 Car -1 -1 -1 47.86 180.01 167.18 226.81 -1 -1 -1 -1000 -1000 -1000 -10 1
56 2 Car -1 -1 -1 146.51 173.80 378.03 319.98 -1 -1 -1 -1000 -1000 -1000 -10 1
57 21 Car -1 -1 -1 67.79 181.58 194.46 225.52 -1 -1 -1 -1000 -1000 -1000 -10 1
57 2 Car -1 -1 -1 165.63 172.77 386.16 315.25 -1 -1 -1 -1000 -1000 -1000 -10 1
58 21 Car -1 -1 -1 93.13 178.39 223.04 220.15 -1 -1 -1 -1000 -1000 -1000 -10 1
58 2 Car -1 -1 -1 182.96 172.62 397.03 313.32 -1 -1 -1 -1000 -1000 -1000 -10 1
59 21 Car -1 -1 -1 87.80 182.78 220.76 224.32 -1 -1 -1 -1000 -1000 -1000 -10 1
59 2 Car -1 -1 -1 203.59 172.13 410.34 312.44 -1 -1 -1 -1000 -1000 -1000 -10 1
60 26 Car -1 -1 -1 396.69 165.42 457.70 197.36 -1 -1 -1 -1000 -1000 -1000 -10 1
60 2 Car -1 -1 -1 223.10 170.51 422.68 310.53 -1 -1 -1 -1000 -1000 -1000 -10 1
61 2 Car -1 -1 -1 239.67 170.71 433.72 307.97 -1 -1 -1 -1000 -1000 -1000 -10 1
62 23 Car -1 -1 -1 447.65 164.94 508.88 196.61 -1 -1 -1 -1000 -1000 -1000 -10 1
62 2 Car -1 -1 -1 261.90 171.07 448.08 305.73 -1 -1 -1 -1000 -1000 -1000 -10 1
63 23 Car -1 -1 -1 475.12 164.77 533.10 196.65 -1 -1 -1 -1000 -1000 -1000 -10 1
63 2 Car -1 -1 -1 283.08 172.90 463.16 305.21 -1 -1 -1 -1000 -1000 -1000 -10 1
64 23 Car -1 -1 -1 495.28 162.73 556.45 195.00 -1 -1 -1 -1000 -1000 -1000 -10 1
64 2 Car -1 -1 -1 302.96 170.67 472.52 298.05 -1 -1 -1 -1000 -1000 -1000 -10 1
65 23 Car -1 -1 -1 516.90 165.61 574.49 197.44 -1 -1 -1 -1000 -1000 -1000 -10 1
65 2 Car -1 -1 -1 320.56 172.92 486.98 299.05 -1 -1 -1 -1000 -1000 -1000 -10 1
66 27 Car -1 -1 -1 267.38 184.49 390.23 229.16 -1 -1 -1 -1000 -1000 -1000 -10 1
66 23 Car -1 -1 -1 539.28 166.09 596.27 197.49 -1 -1 -1 -1000 -1000 -1000 -10 1
66 2 Car -1 -1 -1 341.03 176.05 501.65 299.02 -1 -1 -1 -1000 -1000 -1000 -10 1
67 27 Car -1 -1 -1 290.04 184.75 412.33 228.32 -1 -1 -1 -1000 -1000 -1000 -10 1
67 23 Car -1 -1 -1 565.51 165.61 622.03 197.96 -1 -1 -1 -1000 -1000 -1000 -10 1
67 2 Car -1 -1 -1 360.22 175.28 515.17 294.25 -1 -1 -1 -1000 -1000 -1000 -10 1
68 27 Car -1 -1 -1 306.37 183.95 429.67 227.71 -1 -1 -1 -1000 -1000 -1000 -10 1
68 23 Car -1 -1 -1 586.79 164.58 645.44 197.06 -1 -1 -1 -1000 -1000 -1000 -10 1
68 2 Car -1 -1 -1 381.26 176.53 531.18 291.14 -1 -1 -1 -1000 -1000 -1000 -10 1
69 35 Car -1 -1 -1 607.82 165.66 663.52 199.03 -1 -1 -1 -1000 -1000 -1000 -10 1
69 27 Car -1 -1 -1 314.46 185.97 436.71 229.82 -1 -1 -1 -1000 -1000 -1000 -10 1
69 23 Car -1 -1 -1 607.15 164.97 664.97 196.72 -1 -1 -1 -1000 -1000 -1000 -10 1
69 2 Car -1 -1 -1 402.86 175.15 548.89 287.17 -1 -1 -1 -1000 -1000 -1000 -10 1
70 35 Car -1 -1 -1 631.07 163.24 690.99 199.26 -1 -1 -1 -1000 -1000 -1000 -10 1
70 27 Car -1 -1 -1 318.48 185.31 444.73 230.66 -1 -1 -1 -1000 -1000 -1000 -10 1
70 23 Car -1 -1 -1 630.44 164.73 689.10 196.59 -1 -1 -1 -1000 -1000 -1000 -10 1
70 2 Car -1 -1 -1 421.04 176.27 564.47 285.99 -1 -1 -1 -1000 -1000 -1000 -10 1
71 35 Car -1 -1 -1 651.27 161.88 717.92 201.34 -1 -1 -1 -1000 -1000 -1000 -10 1
71 27 Car -1 -1 -1 337.06 184.70 461.67 230.38 -1 -1 -1 -1000 -1000 -1000 -10 1
71 23 Car -1 -1 -1 650.61 164.95 711.45 198.06 -1 -1 -1 -1000 -1000 -1000 -10 1
71 2 Car -1 -1 -1 444.47 174.09 585.38 280.70 -1 -1 -1 -1000 -1000 -1000 -10 1
72 35 Car -1 -1 -1 666.26 161.72 733.27 200.04 -1 -1 -1 -1000 -1000 -1000 -10 1
72 27 Car -1 -1 -1 348.10 182.84 469.96 231.28 -1 -1 -1 -1000 -1000 -1000 -10 1
72 23 Car -1 -1 -1 666.10 165.44 727.59 198.15 -1 -1 -1 -1000 -1000 -1000 -10 1
72 2 Car -1 -1 -1 465.09 176.09 603.36 281.75 -1 -1 -1 -1000 -1000 -1000 -10 1
73 35 Car -1 -1 -1 686.79 160.31 753.91 199.14 -1 -1 -1 -1000 -1000 -1000 -10 1
73 27 Car -1 -1 -1 357.63 182.19 479.79 232.13 -1 -1 -1 -1000 -1000 -1000 -10 1
73 23 Car -1 -1 -1 687.71 163.78 750.14 197.71 -1 -1 -1 -1000 -1000 -1000 -10 1
73 2 Car -1 -1 -1 487.55 176.86 623.58 279.87 -1 -1 -1 -1000 -1000 -1000 -10 1
74 27 Car -1 -1 -1 376.97 185.39 495.75 238.16 -1 -1 -1 -1000 -1000 -1000 -10 1
74 23 Car -1 -1 -1 706.49 166.10 769.59 200.56 -1 -1 -1 -1000 -1000 -1000 -10 1
74 2 Car -1 -1 -1 508.69 175.45 641.23 279.11 -1 -1 -1 -1000 -1000 -1000 -10 1
75 27 Car -1 -1 -1 358.50 184.42 493.75 243.09 -1 -1 -1 -1000 -1000 -1000 -10 1
75 23 Car -1 -1 -1 722.05 166.20 788.66 202.52 -1 -1 -1 -1000 -1000 -1000 -10 1
75 2 Car -1 -1 -1 528.90 179.18 659.32 281.81 -1 -1 -1 -1000 -1000 -1000 -10 1
76 27 Car -1 -1 -1 346.47 184.29 496.83 248.80 -1 -1 -1 -1000 -1000 -1000 -10 1
76 23 Car -1 -1 -1 734.93 162.62 806.03 201.52 -1 -1 -1 -1000 -1000 -1000 -10 1
76 2 Car -1 -1 -1 550.86 177.65 680.09 279.17 -1 -1 -1 -1000 -1000 -1000 -10 1
77 27 Car -1 -1 -1 338.12 183.09 502.08 252.28 -1 -1 -1 -1000 -1000 -1000 -10 1
77 23 Car -1 -1 -1 749.98 166.18 821.06 204.42 -1 -1 -1 -1000 -1000 -1000 -10 1
77 2 Car -1 -1 -1 570.21 177.53 700.67 278.59 -1 -1 -1 -1000 -1000 -1000 -10 1
78 27 Car -1 -1 -1 332.54 183.30 506.33 254.71 -1 -1 -1 -1000 -1000 -1000 -10 1
78 23 Car -1 -1 -1 760.20 167.68 830.93 205.38 -1 -1 -1 -1000 -1000 -1000 -10 1
78 2 Car -1 -1 -1 591.18 180.49 722.83 279.53 -1 -1 -1 -1000 -1000 -1000 -10 1
79 27 Car -1 -1 -1 326.49 183.44 508.38 256.92 -1 -1 -1 -1000 -1000 -1000 -10 1
79 23 Car -1 -1 -1 776.05 166.93 847.46 206.11 -1 -1 -1 -1000 -1000 -1000 -10 1
79 2 Car -1 -1 -1 611.02 180.63 742.78 278.03 -1 -1 -1 -1000 -1000 -1000 -10 1
80 27 Car -1 -1 -1 317.76 185.40 504.46 258.45 -1 -1 -1 -1000 -1000 -1000 -10 1
80 23 Car -1 -1 -1 785.92 167.47 861.38 207.03 -1 -1 -1 -1000 -1000 -1000 -10 1
80 2 Car -1 -1 -1 625.54 182.56 759.89 279.97 -1 -1 -1 -1000 -1000 -1000 -10 1
81 27 Car -1 -1 -1 310.26 189.84 496.88 259.64 -1 -1 -1 -1000 -1000 -1000 -10 1
81 23 Car -1 -1 -1 789.58 170.22 870.15 209.47 -1 -1 -1 -1000 -1000 -1000 -10 1
81 2 Car -1 -1 -1 645.21 184.42 778.87 280.87 -1 -1 -1 -1000 -1000 -1000 -10 1
82 45 Car -1 -1 -1 924.48 176.83 972.31 203.23 -1 -1 -1 -1000 -1000 -1000 -10 1
82 27 Car -1 -1 -1 304.49 192.74 492.83 261.70 -1 -1 -1 -1000 -1000 -1000 -10 1
82 23 Car -1 -1 -1 799.06 170.91 881.76 211.36 -1 -1 -1 -1000 -1000 -1000 -10 1
82 2 Car -1 -1 -1 665.09 185.55 799.35 281.74 -1 -1 -1 -1000 -1000 -1000 -10 1
83 27 Car -1 -1 -1 284.14 195.41 481.87 265.56 -1 -1 -1 -1000 -1000 -1000 -10 1
83 2 Car -1 -1 -1 683.64 186.03 816.99 281.19 -1 -1 -1 -1000 -1000 -1000 -10 1
84 46 Car -1 -1 -1 889.13 174.74 950.37 209.60 -1 -1 -1 -1000 -1000 -1000 -10 1
84 27 Car -1 -1 -1 256.18 196.51 468.54 270.41 -1 -1 -1 -1000 -1000 -1000 -10 1
84 2 Car -1 -1 -1 703.10 185.53 838.64 281.01 -1 -1 -1 -1000 -1000 -1000 -10 1
85 48 Car -1 -1 -1 794.23 174.07 900.26 221.31 -1 -1 -1 -1000 -1000 -1000 -10 1
85 46 Car -1 -1 -1 894.84 174.47 955.29 209.00 -1 -1 -1 -1000 -1000 -1000 -10 1
85 27 Car -1 -1 -1 224.51 197.13 459.55 278.79 -1 -1 -1 -1000 -1000 -1000 -10 1
85 2 Car -1 -1 -1 723.12 184.65 862.05 280.33 -1 -1 -1 -1000 -1000 -1000 -10 1
86 48 Car -1 -1 -1 799.97 175.61 903.44 219.40 -1 -1 -1 -1000 -1000 -1000 -10 1
86 46 Car -1 -1 -1 901.16 175.92 963.47 211.00 -1 -1 -1 -1000 -1000 -1000 -10 1
86 27 Car -1 -1 -1 182.72 196.45 448.50 286.03 -1 -1 -1 -1000 -1000 -1000 -10 1
86 2 Car -1 -1 -1 734.74 185.08 876.69 279.46 -1 -1 -1 -1000 -1000 -1000 -10 1
87 49 Car -1 -1 -1 1006.88 163.46 1063.49 200.64 -1 -1 -1 -1000 -1000 -1000 -10 1
87 48 Car -1 -1 -1 806.43 175.04 903.88 215.89 -1 -1 -1 -1000 -1000 -1000 -10 1
87 46 Car -1 -1 -1 905.07 176.99 969.61 214.14 -1 -1 -1 -1000 -1000 -1000 -10 1
87 27 Car -1 -1 -1 137.17 197.75 435.56 295.48 -1 -1 -1 -1000 -1000 -1000 -10 1
87 2 Car -1 -1 -1 752.41 182.85 896.09 276.36 -1 -1 -1 -1000 -1000 -1000 -10 1
88 50 Car -1 -1 -1 682.07 184.89 800.28 231.74 -1 -1 -1 -1000 -1000 -1000 -10 1
88 49 Car -1 -1 -1 1002.31 163.24 1059.17 200.07 -1 -1 -1 -1000 -1000 -1000 -10 1
88 48 Car -1 -1 -1 808.33 172.41 907.41 212.25 -1 -1 -1 -1000 -1000 -1000 -10 1
88 46 Car -1 -1 -1 907.10 176.79 972.32 215.26 -1 -1 -1 -1000 -1000 -1000 -10 1
88 27 Car -1 -1 -1 84.61 197.67 404.33 300.36 -1 -1 -1 -1000 -1000 -1000 -10 1
88 2 Car -1 -1 -1 762.48 180.78 912.09 275.01 -1 -1 -1 -1000 -1000 -1000 -10 1
89 50 Car -1 -1 -1 675.70 185.63 789.34 230.15 -1 -1 -1 -1000 -1000 -1000 -10 1
89 49 Car -1 -1 -1 1002.20 161.73 1060.78 198.72 -1 -1 -1 -1000 -1000 -1000 -10 1
89 46 Car -1 -1 -1 908.45 172.81 972.55 211.03 -1 -1 -1 -1000 -1000 -1000 -10 1
89 27 Car -1 -1 -1 26.73 199.17 371.73 304.00 -1 -1 -1 -1000 -1000 -1000 -10 1
89 2 Car -1 -1 -1 777.43 177.81 927.29 271.52 -1 -1 -1 -1000 -1000 -1000 -10 1
90 50 Car -1 -1 -1 662.50 185.34 776.04 229.55 -1 -1 -1 -1000 -1000 -1000 -10 1
90 49 Car -1 -1 -1 1000.63 159.06 1060.26 197.18 -1 -1 -1 -1000 -1000 -1000 -10 1
90 46 Car -1 -1 -1 906.72 171.98 968.32 210.18 -1 -1 -1 -1000 -1000 -1000 -10 1
90 27 Car -1 -1 -1 1.80 199.25 351.76 309.74 -1 -1 -1 -1000 -1000 -1000 -10 1
90 2 Car -1 -1 -1 786.99 176.78 936.36 266.96 -1 -1 -1 -1000 -1000 -1000 -10 1
91 50 Car -1 -1 -1 654.16 185.84 771.26 232.12 -1 -1 -1 -1000 -1000 -1000 -10 1
91 49 Car -1 -1 -1 992.93 161.11 1053.75 198.60 -1 -1 -1 -1000 -1000 -1000 -10 1
91 27 Car -1 -1 -1 -19.14 199.50 316.86 312.09 -1 -1 -1 -1000 -1000 -1000 -10 1
91 2 Car -1 -1 -1 799.05 173.83 950.82 265.57 -1 -1 -1 -1000 -1000 -1000 -10 1
92 50 Car -1 -1 -1 640.55 185.36 757.21 233.89 -1 -1 -1 -1000 -1000 -1000 -10 1
92 49 Car -1 -1 -1 984.46 162.19 1042.84 198.75 -1 -1 -1 -1000 -1000 -1000 -10 1
92 48 Car -1 -1 -1 797.85 172.40 892.13 214.80 -1 -1 -1 -1000 -1000 -1000 -10 1
92 27 Car -1 -1 -1 -32.73 197.20 276.28 310.88 -1 -1 -1 -1000 -1000 -1000 -10 1
92 2 Car -1 -1 -1 805.73 175.04 960.31 266.29 -1 -1 -1 -1000 -1000 -1000 -10 1
93 50 Car -1 -1 -1 625.52 184.65 745.22 235.15 -1 -1 -1 -1000 -1000 -1000 -10 1
93 49 Car -1 -1 -1 978.17 164.19 1035.73 201.58 -1 -1 -1 -1000 -1000 -1000 -10 1
93 48 Car -1 -1 -1 782.81 172.02 887.00 216.10 -1 -1 -1 -1000 -1000 -1000 -10 1
93 27 Car -1 -1 -1 -41.84 198.83 237.10 314.23 -1 -1 -1 -1000 -1000 -1000 -10 1
93 2 Car -1 -1 -1 812.93 177.08 967.12 271.43 -1 -1 -1 -1000 -1000 -1000 -10 1
94 50 Car -1 -1 -1 607.50 188.96 734.14 241.60 -1 -1 -1 -1000 -1000 -1000 -10 1
94 49 Car -1 -1 -1 970.67 166.00 1028.55 204.50 -1 -1 -1 -1000 -1000 -1000 -10 1
94 48 Car -1 -1 -1 771.69 170.71 872.69 215.16 -1 -1 -1 -1000 -1000 -1000 -10 1
94 27 Car -1 -1 -1 -53.49 200.72 179.77 319.23 -1 -1 -1 -1000 -1000 -1000 -10 1
94 2 Car -1 -1 -1 822.51 182.37 970.67 275.45 -1 -1 -1 -1000 -1000 -1000 -10 1
95 50 Car -1 -1 -1 588.29 191.39 720.25 245.81 -1 -1 -1 -1000 -1000 -1000 -10 1
95 49 Car -1 -1 -1 959.60 162.46 1016.47 201.18 -1 -1 -1 -1000 -1000 -1000 -10 1
95 2 Car -1 -1 -1 826.23 183.29 969.12 277.35 -1 -1 -1 -1000 -1000 -1000 -10 1
96 50 Car -1 -1 -1 565.74 193.27 701.45 250.05 -1 -1 -1 -1000 -1000 -1000 -10 1
96 49 Car -1 -1 -1 944.11 159.08 1000.76 197.51 -1 -1 -1 -1000 -1000 -1000 -10 1
96 2 Car -1 -1 -1 828.79 180.31 966.14 272.90 -1 -1 -1 -1000 -1000 -1000 -10 1
97 54 Car -1 -1 -1 707.13 174.81 814.50 226.24 -1 -1 -1 -1000 -1000 -1000 -10 1
97 50 Car -1 -1 -1 538.01 191.63 678.42 251.52 -1 -1 -1 -1000 -1000 -1000 -10 1
97 49 Car -1 -1 -1 927.50 161.42 985.60 200.13 -1 -1 -1 -1000 -1000 -1000 -10 1
97 2 Car -1 -1 -1 826.15 180.27 960.48 271.32 -1 -1 -1 -1000 -1000 -1000 -10 1
98 54 Car -1 -1 -1 684.39 172.94 796.33 225.16 -1 -1 -1 -1000 -1000 -1000 -10 1
98 50 Car -1 -1 -1 505.14 191.17 654.32 255.08 -1 -1 -1 -1000 -1000 -1000 -10 1
98 49 Car -1 -1 -1 906.64 160.80 968.74 203.04 -1 -1 -1 -1000 -1000 -1000 -10 1
98 2 Car -1 -1 -1 819.00 178.18 953.18 267.53 -1 -1 -1 -1000 -1000 -1000 -10 1
99 54 Car -1 -1 -1 659.85 170.73 775.52 224.39 -1 -1 -1 -1000 -1000 -1000 -10 1
99 50 Car -1 -1 -1 473.66 190.13 625.71 257.98 -1 -1 -1 -1000 -1000 -1000 -10 1
99 49 Car -1 -1 -1 884.58 158.62 944.52 202.01 -1 -1 -1 -1000 -1000 -1000 -10 1
99 2 Car -1 -1 -1 812.95 175.36 944.57 262.72 -1 -1 -1 -1000 -1000 -1000 -10 1
100 57 Car -1 -1 -1 860.12 159.26 916.14 197.21 -1 -1 -1 -1000 -1000 -1000 -10 1
100 54 Car -1 -1 -1 635.38 167.96 750.77 223.59 -1 -1 -1 -1000 -1000 -1000 -10 1
100 50 Car -1 -1 -1 436.66 188.28 598.09 262.25 -1 -1 -1 -1000 -1000 -1000 -10 1
100 49 Car -1 -1 -1 862.94 162.48 922.10 205.55 -1 -1 -1 -1000 -1000 -1000 -10 1
100 2 Car -1 -1 -1 802.76 174.76 931.62 261.49 -1 -1 -1 -1000 -1000 -1000 -10 1
101 59 Car -1 -1 -1 730.32 171.88 789.23 206.12 -1 -1 -1 -1000 -1000 -1000 -10 1
101 57 Car -1 -1 -1 848.63 158.38 900.15 193.40 -1 -1 -1 -1000 -1000 -1000 -10 1
101 50 Car -1 -1 -1 392.71 188.57 560.86 266.19 -1 -1 -1 -1000 -1000 -1000 -10 1
101 2 Car -1 -1 -1 791.62 172.93 917.37 260.17 -1 -1 -1 -1000 -1000 -1000 -10 1
102 59 Car -1 -1 -1 707.78 172.39 771.49 209.79 -1 -1 -1 -1000 -1000 -1000 -10 1
102 58 Car -1 -1 -1 575.27 164.28 708.14 228.22 -1 -1 -1 -1000 -1000 -1000 -10 1
102 57 Car -1 -1 -1 820.59 160.16 873.39 197.40 -1 -1 -1 -1000 -1000 -1000 -10 1
102 50 Car -1 -1 -1 351.01 192.11 522.53 271.93 -1 -1 -1 -1000 -1000 -1000 -10 1
102 2 Car -1 -1 -1 782.13 172.69 900.47 258.76 -1 -1 -1 -1000 -1000 -1000 -10 1
104 59 Car -1 -1 -1 657.50 176.31 723.78 216.69 -1 -1 -1 -1000 -1000 -1000 -10 1
104 58 Car -1 -1 -1 513.55 165.86 655.89 235.15 -1 -1 -1 -1000 -1000 -1000 -10 1
104 50 Car -1 -1 -1 233.35 194.41 447.94 292.75 -1 -1 -1 -1000 -1000 -1000 -10 1
105 59 Car -1 -1 -1 630.16 177.98 697.48 219.33 -1 -1 -1 -1000 -1000 -1000 -10 1
105 50 Car -1 -1 -1 157.63 195.93 400.99 308.34 -1 -1 -1 -1000 -1000 -1000 -10 1
106 64 Car -1 -1 -1 445.69 167.03 585.76 249.40 -1 -1 -1 -1000 -1000 -1000 -10 1
106 59 Car -1 -1 -1 602.68 178.35 675.75 222.70 -1 -1 -1 -1000 -1000 -1000 -10 1
106 57 Car -1 -1 -1 730.53 167.68 771.17 199.56 -1 -1 -1 -1000 -1000 -1000 -10 1
106 50 Car -1 -1 -1 65.31 202.58 344.15 328.27 -1 -1 -1 -1000 -1000 -1000 -10 1
107 64 Car -1 -1 -1 410.29 165.96 564.03 254.78 -1 -1 -1 -1000 -1000 -1000 -10 1
107 61 Car -1 -1 -1 697.21 178.84 794.17 256.28 -1 -1 -1 -1000 -1000 -1000 -10 1
107 59 Car -1 -1 -1 576.10 181.54 652.79 225.30 -1 -1 -1 -1000 -1000 -1000 -10 1
107 57 Car -1 -1 -1 710.59 169.42 748.03 200.28 -1 -1 -1 -1000 -1000 -1000 -10 1
107 50 Car -1 -1 -1 11.84 205.93 299.37 344.75 -1 -1 -1 -1000 -1000 -1000 -10 1
108 64 Car -1 -1 -1 368.35 166.40 532.73 260.30 -1 -1 -1 -1000 -1000 -1000 -10 1
108 61 Car -1 -1 -1 685.97 178.97 778.44 255.50 -1 -1 -1 -1000 -1000 -1000 -10 1
108 59 Car -1 -1 -1 545.42 181.94 626.06 226.60 -1 -1 -1 -1000 -1000 -1000 -10 1
108 57 Car -1 -1 -1 685.74 168.02 720.96 197.40 -1 -1 -1 -1000 -1000 -1000 -10 1
108 50 Car -1 -1 -1 -24.22 210.51 249.94 357.82 -1 -1 -1 -1000 -1000 -1000 -10 1
109 69 Car -1 -1 -1 608.39 176.46 660.04 207.84 -1 -1 -1 -1000 -1000 -1000 -10 1
109 64 Car -1 -1 -1 322.16 163.13 496.98 264.35 -1 -1 -1 -1000 -1000 -1000 -10 1
109 61 Car -1 -1 -1 665.57 178.41 759.31 256.74 -1 -1 -1 -1000 -1000 -1000 -10 1
109 59 Car -1 -1 -1 515.20 181.83 600.14 227.69 -1 -1 -1 -1000 -1000 -1000 -10 1
109 57 Car -1 -1 -1 663.99 168.64 698.62 198.04 -1 -1 -1 -1000 -1000 -1000 -10 1
109 50 Car -1 -1 -1 -48.42 210.63 192.75 362.31 -1 -1 -1 -1000 -1000 -1000 -10 1
110 69 Car -1 -1 -1 585.21 176.70 634.72 206.74 -1 -1 -1 -1000 -1000 -1000 -10 1
110 64 Car -1 -1 -1 271.01 163.26 462.22 270.75 -1 -1 -1 -1000 -1000 -1000 -10 1
110 61 Car -1 -1 -1 648.55 178.42 739.83 256.32 -1 -1 -1 -1000 -1000 -1000 -10 1
110 59 Car -1 -1 -1 485.32 180.04 572.45 229.08 -1 -1 -1 -1000 -1000 -1000 -10 1
110 57 Car -1 -1 -1 639.12 167.21 673.34 196.56 -1 -1 -1 -1000 -1000 -1000 -10 1
111 69 Car -1 -1 -1 562.44 177.42 613.71 209.16 -1 -1 -1 -1000 -1000 -1000 -10 1
111 64 Car -1 -1 -1 215.33 164.02 424.89 279.45 -1 -1 -1 -1000 -1000 -1000 -10 1
111 61 Car -1 -1 -1 628.69 176.72 715.44 250.62 -1 -1 -1 -1000 -1000 -1000 -10 1
111 59 Car -1 -1 -1 455.35 180.93 546.34 231.72 -1 -1 -1 -1000 -1000 -1000 -10 1
111 57 Car -1 -1 -1 611.50 171.52 647.92 202.38 -1 -1 -1 -1000 -1000 -1000 -10 1
112 69 Car -1 -1 -1 540.50 178.52 591.75 210.48 -1 -1 -1 -1000 -1000 -1000 -10 1
112 64 Car -1 -1 -1 167.97 165.27 390.01 286.27 -1 -1 -1 -1000 -1000 -1000 -10 1
112 61 Car -1 -1 -1 610.64 176.03 695.36 250.25 -1 -1 -1 -1000 -1000 -1000 -10 1
112 59 Car -1 -1 -1 425.74 181.04 520.65 235.37 -1 -1 -1 -1000 -1000 -1000 -10 1
112 57 Car -1 -1 -1 592.25 167.92 631.29 201.51 -1 -1 -1 -1000 -1000 -1000 -10 1
113 73 Car -1 -1 -1 66.33 163.81 358.29 314.19 -1 -1 -1 -1000 -1000 -1000 -10 1
113 69 Car -1 -1 -1 522.68 178.78 575.68 211.63 -1 -1 -1 -1000 -1000 -1000 -10 1
113 61 Car -1 -1 -1 600.13 175.38 683.25 249.12 -1 -1 -1 -1000 -1000 -1000 -10 1
113 59 Car -1 -1 -1 397.03 181.53 498.98 238.87 -1 -1 -1 -1000 -1000 -1000 -10 1
113 57 Car -1 -1 -1 572.79 166.86 612.86 199.83 -1 -1 -1 -1000 -1000 -1000 -10 1
114 73 Car -1 -1 -1 -0.75 160.26 314.74 327.09 -1 -1 -1 -1000 -1000 -1000 -10 1
114 69 Car -1 -1 -1 506.17 179.31 561.07 212.95 -1 -1 -1 -1000 -1000 -1000 -10 1
114 61 Car -1 -1 -1 589.40 174.51 669.57 247.17 -1 -1 -1 -1000 -1000 -1000 -10 1
114 59 Car -1 -1 -1 369.02 182.25 476.55 243.69 -1 -1 -1 -1000 -1000 -1000 -10 1
114 57 Car -1 -1 -1 562.41 164.51 603.45 199.34 -1 -1 -1 -1000 -1000 -1000 -10 1
115 75 Car -1 -1 -1 554.76 163.66 600.99 207.33 -1 -1 -1 -1000 -1000 -1000 -10 1
115 73 Car -1 -1 -1 -19.86 162.70 292.64 340.64 -1 -1 -1 -1000 -1000 -1000 -10 1
115 69 Car -1 -1 -1 491.23 177.74 548.50 212.85 -1 -1 -1 -1000 -1000 -1000 -10 1
115 61 Car -1 -1 -1 581.64 173.49 660.40 245.55 -1 -1 -1 -1000 -1000 -1000 -10 1
115 59 Car -1 -1 -1 342.91 181.49 458.23 246.19 -1 -1 -1 -1000 -1000 -1000 -10 1
115 57 Car -1 -1 -1 549.40 163.38 591.11 199.61 -1 -1 -1 -1000 -1000 -1000 -10 1
116 75 Car -1 -1 -1 546.07 163.00 589.92 203.23 -1 -1 -1 -1000 -1000 -1000 -10 1
116 73 Car -1 -1 -1 -29.42 159.65 272.36 339.67 -1 -1 -1 -1000 -1000 -1000 -10 1
116 69 Car -1 -1 -1 478.07 176.88 539.37 214.28 -1 -1 -1 -1000 -1000 -1000 -10 1
116 61 Car -1 -1 -1 577.71 175.19 656.64 246.82 -1 -1 -1 -1000 -1000 -1000 -10 1
116 59 Car -1 -1 -1 316.12 182.84 441.27 250.97 -1 -1 -1 -1000 -1000 -1000 -10 1
116 57 Car -1 -1 -1 538.18 164.42 579.14 199.01 -1 -1 -1 -1000 -1000 -1000 -10 1
117 75 Car -1 -1 -1 538.03 163.83 581.95 204.46 -1 -1 -1 -1000 -1000 -1000 -10 1
117 73 Car -1 -1 -1 -37.42 159.58 247.06 349.72 -1 -1 -1 -1000 -1000 -1000 -10 1
117 69 Car -1 -1 -1 470.69 178.05 533.50 216.74 -1 -1 -1 -1000 -1000 -1000 -10 1
117 61 Car -1 -1 -1 573.00 175.57 653.94 249.52 -1 -1 -1 -1000 -1000 -1000 -10 1
117 59 Car -1 -1 -1 291.55 183.24 423.58 256.66 -1 -1 -1 -1000 -1000 -1000 -10 1
118 75 Car -1 -1 -1 534.03 163.34 578.74 205.01 -1 -1 -1 -1000 -1000 -1000 -10 1
118 73 Car -1 -1 -1 -43.91 168.34 208.67 358.09 -1 -1 -1 -1000 -1000 -1000 -10 1
118 69 Car -1 -1 -1 459.58 179.72 527.45 221.68 -1 -1 -1 -1000 -1000 -1000 -10 1
118 61 Car -1 -1 -1 571.70 176.40 653.87 251.68 -1 -1 -1 -1000 -1000 -1000 -10 1
118 59 Car -1 -1 -1 267.67 186.20 406.70 262.33 -1 -1 -1 -1000 -1000 -1000 -10 1
119 76 Car -1 -1 -1 531.86 159.60 578.83 199.54 -1 -1 -1 -1000 -1000 -1000 -10 1
119 75 Car -1 -1 -1 530.92 162.44 576.68 205.27 -1 -1 -1 -1000 -1000 -1000 -10 1
119 73 Car -1 -1 -1 -48.60 174.76 164.66 362.89 -1 -1 -1 -1000 -1000 -1000 -10 1
119 69 Car -1 -1 -1 448.56 180.38 521.09 225.02 -1 -1 -1 -1000 -1000 -1000 -10 1
119 61 Car -1 -1 -1 573.29 177.35 654.20 250.54 -1 -1 -1 -1000 -1000 -1000 -10 1
119 59 Car -1 -1 -1 237.19 189.67 389.15 272.91 -1 -1 -1 -1000 -1000 -1000 -10 1
120 76 Car -1 -1 -1 530.04 162.62 579.64 205.46 -1 -1 -1 -1000 -1000 -1000 -10 1
120 75 Car -1 -1 -1 527.85 164.11 573.95 206.33 -1 -1 -1 -1000 -1000 -1000 -10 1
120 69 Car -1 -1 -1 442.18 181.13 517.13 226.61 -1 -1 -1 -1000 -1000 -1000 -10 1
120 61 Car -1 -1 -1 576.49 178.17 655.20 249.25 -1 -1 -1 -1000 -1000 -1000 -10 1
120 59 Car -1 -1 -1 203.02 193.08 370.71 281.66 -1 -1 -1 -1000 -1000 -1000 -10 1
121 76 Car -1 -1 -1 526.99 163.43 578.82 208.59 -1 -1 -1 -1000 -1000 -1000 -10 1
121 75 Car -1 -1 -1 524.92 164.46 572.46 207.55 -1 -1 -1 -1000 -1000 -1000 -10 1
121 69 Car -1 -1 -1 433.69 183.41 512.38 227.36 -1 -1 -1 -1000 -1000 -1000 -10 1
121 61 Car -1 -1 -1 578.71 177.77 658.35 249.12 -1 -1 -1 -1000 -1000 -1000 -10 1
121 59 Car -1 -1 -1 165.51 194.03 354.68 292.78 -1 -1 -1 -1000 -1000 -1000 -10 1
122 76 Car -1 -1 -1 524.57 163.40 578.20 209.90 -1 -1 -1 -1000 -1000 -1000 -10 1
122 75 Car -1 -1 -1 522.67 163.68 573.16 209.24 -1 -1 -1 -1000 -1000 -1000 -10 1
122 69 Car -1 -1 -1 427.74 184.06 509.13 227.86 -1 -1 -1 -1000 -1000 -1000 -10 1
122 61 Car -1 -1 -1 583.16 176.54 661.94 247.65 -1 -1 -1 -1000 -1000 -1000 -10 1
122 59 Car -1 -1 -1 119.40 195.15 331.48 304.95 -1 -1 -1 -1000 -1000 -1000 -10 1
123 76 Car -1 -1 -1 523.41 162.67 579.19 210.89 -1 -1 -1 -1000 -1000 -1000 -10 1
123 75 Car -1 -1 -1 522.54 162.47 575.15 209.38 -1 -1 -1 -1000 -1000 -1000 -10 1
123 69 Car -1 -1 -1 419.91 184.32 505.14 229.08 -1 -1 -1 -1000 -1000 -1000 -10 1
123 61 Car -1 -1 -1 586.21 175.78 663.68 246.09 -1 -1 -1 -1000 -1000 -1000 -10 1
123 59 Car -1 -1 -1 63.28 198.76 303.97 322.17 -1 -1 -1 -1000 -1000 -1000 -10 1
124 76 Car -1 -1 -1 523.18 162.59 580.34 211.54 -1 -1 -1 -1000 -1000 -1000 -10 1
124 75 Car -1 -1 -1 521.76 161.28 576.20 209.26 -1 -1 -1 -1000 -1000 -1000 -10 1
124 69 Car -1 -1 -1 410.17 183.06 498.07 230.41 -1 -1 -1 -1000 -1000 -1000 -10 1
124 61 Car -1 -1 -1 589.14 175.57 665.14 244.95 -1 -1 -1 -1000 -1000 -1000 -10 1
124 59 Car -1 -1 -1 17.62 203.63 278.99 338.94 -1 -1 -1 -1000 -1000 -1000 -10 1
125 76 Car -1 -1 -1 521.10 161.23 580.16 211.43 -1 -1 -1 -1000 -1000 -1000 -10 1
125 75 Car -1 -1 -1 521.18 160.47 576.36 208.75 -1 -1 -1 -1000 -1000 -1000 -10 1
125 69 Car -1 -1 -1 398.75 184.05 491.29 233.02 -1 -1 -1 -1000 -1000 -1000 -10 1
125 61 Car -1 -1 -1 591.25 175.03 665.51 243.31 -1 -1 -1 -1000 -1000 -1000 -10 1
125 59 Car -1 -1 -1 -1.39 208.41 253.09 352.50 -1 -1 -1 -1000 -1000 -1000 -10 1
126 76 Car -1 -1 -1 516.65 160.93 580.21 213.17 -1 -1 -1 -1000 -1000 -1000 -10 1
126 75 Car -1 -1 -1 519.59 160.58 575.62 208.41 -1 -1 -1 -1000 -1000 -1000 -10 1
126 69 Car -1 -1 -1 385.33 183.07 480.96 234.55 -1 -1 -1 -1000 -1000 -1000 -10 1
126 61 Car -1 -1 -1 593.32 174.98 665.66 241.93 -1 -1 -1 -1000 -1000 -1000 -10 1
126 59 Car -1 -1 -1 -17.48 207.30 221.55 358.17 -1 -1 -1 -1000 -1000 -1000 -10 1
127 76 Car -1 -1 -1 516.73 160.87 580.35 213.27 -1 -1 -1 -1000 -1000 -1000 -10 1
127 75 Car -1 -1 -1 518.61 160.74 576.17 208.95 -1 -1 -1 -1000 -1000 -1000 -10 1
127 69 Car -1 -1 -1 369.20 182.90 469.87 238.22 -1 -1 -1 -1000 -1000 -1000 -10 1
127 61 Car -1 -1 -1 595.26 174.58 666.02 239.58 -1 -1 -1 -1000 -1000 -1000 -10 1
127 59 Car -1 -1 -1 -31.67 210.44 188.18 367.03 -1 -1 -1 -1000 -1000 -1000 -10 1
128 76 Car -1 -1 -1 512.52 159.67 577.68 213.85 -1 -1 -1 -1000 -1000 -1000 -10 1
128 75 Car -1 -1 -1 512.29 161.32 572.38 210.92 -1 -1 -1 -1000 -1000 -1000 -10 1
128 69 Car -1 -1 -1 349.78 184.68 455.36 242.73 -1 -1 -1 -1000 -1000 -1000 -10 1
128 61 Car -1 -1 -1 595.44 175.32 665.16 239.25 -1 -1 -1 -1000 -1000 -1000 -10 1
128 59 Car -1 -1 -1 -47.59 219.67 134.57 377.59 -1 -1 -1 -1000 -1000 -1000 -10 1
129 76 Car -1 -1 -1 506.85 157.76 574.50 215.09 -1 -1 -1 -1000 -1000 -1000 -10 1
129 75 Car -1 -1 -1 504.17 160.66 568.12 213.27 -1 -1 -1 -1000 -1000 -1000 -10 1
129 69 Car -1 -1 -1 329.82 186.45 446.47 248.75 -1 -1 -1 -1000 -1000 -1000 -10 1
129 61 Car -1 -1 -1 595.36 176.74 664.26 239.95 -1 -1 -1 -1000 -1000 -1000 -10 1
130 76 Car -1 -1 -1 504.16 157.73 571.70 216.36 -1 -1 -1 -1000 -1000 -1000 -10 1
130 75 Car -1 -1 -1 497.65 161.54 564.55 215.79 -1 -1 -1 -1000 -1000 -1000 -10 1
130 69 Car -1 -1 -1 302.17 188.17 431.58 255.98 -1 -1 -1 -1000 -1000 -1000 -10 1
130 61 Car -1 -1 -1 594.61 177.59 663.14 240.50 -1 -1 -1 -1000 -1000 -1000 -10 1
131 75 Car -1 -1 -1 491.13 160.72 559.64 216.63 -1 -1 -1 -1000 -1000 -1000 -10 1
131 69 Car -1 -1 -1 275.20 190.27 414.68 261.22 -1 -1 -1 -1000 -1000 -1000 -10 1
131 61 Car -1 -1 -1 591.71 177.49 660.85 240.49 -1 -1 -1 -1000 -1000 -1000 -10 1
132 75 Car -1 -1 -1 481.86 158.68 558.37 218.93 -1 -1 -1 -1000 -1000 -1000 -10 1
132 69 Car -1 -1 -1 237.32 191.35 395.97 271.95 -1 -1 -1 -1000 -1000 -1000 -10 1
132 61 Car -1 -1 -1 589.70 177.87 659.11 240.72 -1 -1 -1 -1000 -1000 -1000 -10 1
133 75 Car -1 -1 -1 476.55 160.34 554.29 221.36 -1 -1 -1 -1000 -1000 -1000 -10 1
133 69 Car -1 -1 -1 193.07 192.53 372.90 282.48 -1 -1 -1 -1000 -1000 -1000 -10 1
133 61 Car -1 -1 -1 588.03 177.96 657.73 240.91 -1 -1 -1 -1000 -1000 -1000 -10 1
134 76 Car -1 -1 -1 483.37 163.53 556.57 221.03 -1 -1 -1 -1000 -1000 -1000 -10 1
134 75 Car -1 -1 -1 464.81 159.76 547.84 223.93 -1 -1 -1 -1000 -1000 -1000 -10 1
134 69 Car -1 -1 -1 139.12 193.56 344.14 293.07 -1 -1 -1 -1000 -1000 -1000 -10 1
134 61 Car -1 -1 -1 587.73 178.49 656.38 240.20 -1 -1 -1 -1000 -1000 -1000 -10 1
135 76 Car -1 -1 -1 482.82 161.79 555.10 215.90 -1 -1 -1 -1000 -1000 -1000 -10 1
135 75 Car -1 -1 -1 450.17 155.34 543.73 224.79 -1 -1 -1 -1000 -1000 -1000 -10 1
135 69 Car -1 -1 -1 72.77 195.94 312.16 308.26 -1 -1 -1 -1000 -1000 -1000 -10 1
135 61 Car -1 -1 -1 586.15 177.89 651.31 237.58 -1 -1 -1 -1000 -1000 -1000 -10 1
136 76 Car -1 -1 -1 469.01 163.35 545.58 219.23 -1 -1 -1 -1000 -1000 -1000 -10 1
136 75 Car -1 -1 -1 435.78 162.13 527.47 232.84 -1 -1 -1 -1000 -1000 -1000 -10 1
136 69 Car -1 -1 -1 25.34 202.15 286.45 324.73 -1 -1 -1 -1000 -1000 -1000 -10 1
136 61 Car -1 -1 -1 584.56 177.60 648.33 235.62 -1 -1 -1 -1000 -1000 -1000 -10 1
137 76 Car -1 -1 -1 440.05 158.72 531.70 225.09 -1 -1 -1 -1000 -1000 -1000 -10 1
137 75 Car -1 -1 -1 425.27 156.16 525.02 234.28 -1 -1 -1 -1000 -1000 -1000 -10 1
137 69 Car -1 -1 -1 -5.64 207.51 259.14 341.85 -1 -1 -1 -1000 -1000 -1000 -10 1
137 61 Car -1 -1 -1 584.54 179.23 650.33 237.21 -1 -1 -1 -1000 -1000 -1000 -10 1
138 82 Car -1 -1 -1 487.80 178.04 552.78 214.43 -1 -1 -1 -1000 -1000 -1000 -10 1
138 76 Car -1 -1 -1 439.46 164.31 537.03 228.60 -1 -1 -1 -1000 -1000 -1000 -10 1
138 75 Car -1 -1 -1 413.55 155.19 521.80 237.55 -1 -1 -1 -1000 -1000 -1000 -10 1
138 69 Car -1 -1 -1 -25.50 207.17 225.78 349.65 -1 -1 -1 -1000 -1000 -1000 -10 1
138 61 Car -1 -1 -1 584.72 180.79 649.83 237.26 -1 -1 -1 -1000 -1000 -1000 -10 1
139 82 Car -1 -1 -1 471.96 183.64 546.82 223.20 -1 -1 -1 -1000 -1000 -1000 -10 1
139 75 Car -1 -1 -1 402.29 157.12 515.94 243.73 -1 -1 -1 -1000 -1000 -1000 -10 1
139 69 Car -1 -1 -1 -42.91 211.44 173.49 359.14 -1 -1 -1 -1000 -1000 -1000 -10 1
139 61 Car -1 -1 -1 585.21 181.41 649.59 236.83 -1 -1 -1 -1000 -1000 -1000 -10 1
140 82 Car -1 -1 -1 465.57 182.81 542.37 225.85 -1 -1 -1 -1000 -1000 -1000 -10 1
140 75 Car -1 -1 -1 385.43 155.02 508.46 247.54 -1 -1 -1 -1000 -1000 -1000 -10 1
140 61 Car -1 -1 -1 583.98 181.11 649.42 236.88 -1 -1 -1 -1000 -1000 -1000 -10 1
141 83 Car -1 -1 -1 530.88 176.76 577.99 210.46 -1 -1 -1 -1000 -1000 -1000 -10 1
141 82 Car -1 -1 -1 455.72 181.17 539.55 225.79 -1 -1 -1 -1000 -1000 -1000 -10 1
141 75 Car -1 -1 -1 371.63 150.80 500.00 247.74 -1 -1 -1 -1000 -1000 -1000 -10 1
141 61 Car -1 -1 -1 582.92 179.79 650.04 235.70 -1 -1 -1 -1000 -1000 -1000 -10 1
142 83 Car -1 -1 -1 528.77 175.81 573.82 207.94 -1 -1 -1 -1000 -1000 -1000 -10 1
142 82 Car -1 -1 -1 452.39 181.12 538.35 226.21 -1 -1 -1 -1000 -1000 -1000 -10 1
142 75 Car -1 -1 -1 351.01 145.25 488.31 250.78 -1 -1 -1 -1000 -1000 -1000 -10 1
142 61 Car -1 -1 -1 582.29 178.92 650.14 234.54 -1 -1 -1 -1000 -1000 -1000 -10 1
144 84 Car -1 -1 -1 288.17 129.97 472.30 269.08 -1 -1 -1 -1000 -1000 -1000 -10 1
144 83 Car -1 -1 -1 527.33 174.05 570.92 205.06 -1 -1 -1 -1000 -1000 -1000 -10 1
144 82 Car -1 -1 -1 437.15 180.42 530.23 227.00 -1 -1 -1 -1000 -1000 -1000 -10 1
144 61 Car -1 -1 -1 584.83 177.19 649.72 230.71 -1 -1 -1 -1000 -1000 -1000 -10 1
145 84 Car -1 -1 -1 255.96 128.47 462.40 281.88 -1 -1 -1 -1000 -1000 -1000 -10 1
145 83 Car -1 -1 -1 526.68 174.48 570.65 206.03 -1 -1 -1 -1000 -1000 -1000 -10 1
145 82 Car -1 -1 -1 424.09 179.99 526.94 229.52 -1 -1 -1 -1000 -1000 -1000 -10 1
145 61 Car -1 -1 -1 585.19 176.94 648.82 230.21 -1 -1 -1 -1000 -1000 -1000 -10 1
146 84 Car -1 -1 -1 211.47 122.95 446.96 294.34 -1 -1 -1 -1000 -1000 -1000 -10 1
146 83 Car -1 -1 -1 524.58 175.14 570.65 208.07 -1 -1 -1 -1000 -1000 -1000 -10 1
146 82 Car -1 -1 -1 417.33 182.20 524.87 232.93 -1 -1 -1 -1000 -1000 -1000 -10 1
146 61 Car -1 -1 -1 584.56 174.97 645.26 226.06 -1 -1 -1 -1000 -1000 -1000 -10 1
147 84 Car -1 -1 -1 157.98 120.62 430.74 318.66 -1 -1 -1 -1000 -1000 -1000 -10 1
147 83 Car -1 -1 -1 522.16 175.39 571.10 210.27 -1 -1 -1 -1000 -1000 -1000 -10 1
147 82 Car -1 -1 -1 408.32 183.23 516.98 237.66 -1 -1 -1 -1000 -1000 -1000 -10 1
147 61 Car -1 -1 -1 585.74 176.09 644.98 226.34 -1 -1 -1 -1000 -1000 -1000 -10 1
148 84 Car -1 -1 -1 94.81 103.72 415.08 331.45 -1 -1 -1 -1000 -1000 -1000 -10 1
148 83 Car -1 -1 -1 519.73 176.61 570.32 212.43 -1 -1 -1 -1000 -1000 -1000 -10 1
148 82 Car -1 -1 -1 395.75 183.72 508.74 242.15 -1 -1 -1 -1000 -1000 -1000 -10 1
148 61 Car -1 -1 -1 587.02 176.61 644.25 225.68 -1 -1 -1 -1000 -1000 -1000 -10 1
149 84 Car -1 -1 -1 27.43 82.85 399.14 347.46 -1 -1 -1 -1000 -1000 -1000 -10 1
149 83 Car -1 -1 -1 517.26 177.22 569.06 213.48 -1 -1 -1 -1000 -1000 -1000 -10 1
149 82 Car -1 -1 -1 381.18 185.04 499.85 248.12 -1 -1 -1 -1000 -1000 -1000 -10 1
149 61 Car -1 -1 -1 588.18 178.11 644.93 226.98 -1 -1 -1 -1000 -1000 -1000 -10 1
150 84 Car -1 -1 -1 -8.08 66.07 381.62 353.27 -1 -1 -1 -1000 -1000 -1000 -10 1
150 83 Car -1 -1 -1 515.23 178.70 568.41 215.49 -1 -1 -1 -1000 -1000 -1000 -10 1
150 82 Car -1 -1 -1 366.11 183.25 494.10 249.53 -1 -1 -1 -1000 -1000 -1000 -10 1
150 61 Car -1 -1 -1 588.29 177.62 644.10 225.46 -1 -1 -1 -1000 -1000 -1000 -10 1
151 84 Car -1 -1 -1 -28.53 61.07 363.83 363.73 -1 -1 -1 -1000 -1000 -1000 -10 1
151 83 Car -1 -1 -1 515.48 180.47 569.54 217.85 -1 -1 -1 -1000 -1000 -1000 -10 1
151 82 Car -1 -1 -1 346.86 185.51 483.69 256.84 -1 -1 -1 -1000 -1000 -1000 -10 1
151 61 Car -1 -1 -1 582.32 175.07 635.15 220.38 -1 -1 -1 -1000 -1000 -1000 -10 1
152 84 Car -1 -1 -1 -43.14 50.16 336.51 363.40 -1 -1 -1 -1000 -1000 -1000 -10 1
152 83 Car -1 -1 -1 514.98 180.87 570.88 218.89 -1 -1 -1 -1000 -1000 -1000 -10 1
152 82 Car -1 -1 -1 327.26 185.97 473.52 261.77 -1 -1 -1 -1000 -1000 -1000 -10 1
152 61 Car -1 -1 -1 586.84 177.10 639.53 221.77 -1 -1 -1 -1000 -1000 -1000 -10 1
153 84 Car -1 -1 -1 -54.18 42.93 294.49 364.21 -1 -1 -1 -1000 -1000 -1000 -10 1
153 83 Car -1 -1 -1 517.05 181.44 574.57 220.07 -1 -1 -1 -1000 -1000 -1000 -10 1
153 82 Car -1 -1 -1 305.57 190.63 460.70 269.32 -1 -1 -1 -1000 -1000 -1000 -10 1
153 61 Car -1 -1 -1 592.09 180.27 646.33 227.29 -1 -1 -1 -1000 -1000 -1000 -10 1
154 84 Car -1 -1 -1 -64.17 36.88 234.16 361.79 -1 -1 -1 -1000 -1000 -1000 -10 1
154 83 Car -1 -1 -1 521.96 182.63 578.88 221.53 -1 -1 -1 -1000 -1000 -1000 -10 1
154 82 Car -1 -1 -1 274.60 191.91 448.23 279.29 -1 -1 -1 -1000 -1000 -1000 -10 1
154 61 Car -1 -1 -1 594.27 181.25 649.53 229.74 -1 -1 -1 -1000 -1000 -1000 -10 1
155 83 Car -1 -1 -1 522.38 183.57 579.34 222.65 -1 -1 -1 -1000 -1000 -1000 -10 1
155 82 Car -1 -1 -1 237.91 193.53 434.76 289.04 -1 -1 -1 -1000 -1000 -1000 -10 1
155 61 Car -1 -1 -1 595.93 180.60 652.08 230.34 -1 -1 -1 -1000 -1000 -1000 -10 1
156 89 Car -1 -1 -1 578.01 178.38 617.15 210.13 -1 -1 -1 -1000 -1000 -1000 -10 1
156 83 Car -1 -1 -1 505.39 185.16 568.11 225.92 -1 -1 -1 -1000 -1000 -1000 -10 1
156 82 Car -1 -1 -1 188.07 194.08 414.77 302.71 -1 -1 -1 -1000 -1000 -1000 -10 1
156 61 Car -1 -1 -1 597.18 180.33 653.72 230.56 -1 -1 -1 -1000 -1000 -1000 -10 1
157 89 Car -1 -1 -1 575.13 176.80 612.86 206.95 -1 -1 -1 -1000 -1000 -1000 -10 1
157 83 Car -1 -1 -1 495.46 185.87 562.00 227.65 -1 -1 -1 -1000 -1000 -1000 -10 1
157 82 Car -1 -1 -1 126.62 197.56 388.52 321.09 -1 -1 -1 -1000 -1000 -1000 -10 1
157 61 Car -1 -1 -1 599.25 178.90 655.61 229.33 -1 -1 -1 -1000 -1000 -1000 -10 1
158 89 Car -1 -1 -1 577.74 172.71 612.77 201.40 -1 -1 -1 -1000 -1000 -1000 -10 1
158 83 Car -1 -1 -1 489.71 185.59 560.22 229.42 -1 -1 -1 -1000 -1000 -1000 -10 1
158 82 Car -1 -1 -1 52.25 204.99 357.31 345.04 -1 -1 -1 -1000 -1000 -1000 -10 1
158 61 Car -1 -1 -1 599.78 177.97 656.61 228.84 -1 -1 -1 -1000 -1000 -1000 -10 1
159 91 Car -1 -1 -1 528.48 180.63 587.59 212.83 -1 -1 -1 -1000 -1000 -1000 -10 1
159 83 Car -1 -1 -1 482.22 185.00 558.23 231.86 -1 -1 -1 -1000 -1000 -1000 -10 1
159 82 Car -1 -1 -1 22.38 205.48 340.59 354.47 -1 -1 -1 -1000 -1000 -1000 -10 1
159 61 Car -1 -1 -1 600.52 176.32 657.67 227.60 -1 -1 -1 -1000 -1000 -1000 -10 1
160 91 Car -1 -1 -1 528.11 179.09 585.10 212.19 -1 -1 -1 -1000 -1000 -1000 -10 1
160 83 Car -1 -1 -1 475.33 184.22 556.81 234.28 -1 -1 -1 -1000 -1000 -1000 -10 1
160 82 Car -1 -1 -1 0.23 204.26 316.15 361.24 -1 -1 -1 -1000 -1000 -1000 -10 1
160 61 Car -1 -1 -1 601.30 175.08 659.02 227.06 -1 -1 -1 -1000 -1000 -1000 -10 1
161 92 Car -1 -1 -1 569.74 175.49 609.61 206.39 -1 -1 -1 -1000 -1000 -1000 -10 1
161 91 Car -1 -1 -1 527.66 179.80 585.93 213.29 -1 -1 -1 -1000 -1000 -1000 -10 1
161 83 Car -1 -1 -1 464.31 183.62 550.76 237.57 -1 -1 -1 -1000 -1000 -1000 -10 1
161 82 Car -1 -1 -1 -16.71 204.25 281.95 365.50 -1 -1 -1 -1000 -1000 -1000 -10 1
161 61 Car -1 -1 -1 602.79 174.34 660.64 226.77 -1 -1 -1 -1000 -1000 -1000 -10 1
162 92 Car -1 -1 -1 564.88 174.54 604.25 204.80 -1 -1 -1 -1000 -1000 -1000 -10 1
162 91 Car -1 -1 -1 528.70 179.66 586.62 212.73 -1 -1 -1 -1000 -1000 -1000 -10 1
162 83 Car -1 -1 -1 452.45 184.25 544.05 242.02 -1 -1 -1 -1000 -1000 -1000 -10 1
162 82 Car -1 -1 -1 -34.54 206.11 231.96 367.41 -1 -1 -1 -1000 -1000 -1000 -10 1
162 61 Car -1 -1 -1 602.29 174.21 660.55 227.22 -1 -1 -1 -1000 -1000 -1000 -10 1
163 92 Car -1 -1 -1 561.32 175.95 600.36 206.34 -1 -1 -1 -1000 -1000 -1000 -10 1
163 91 Car -1 -1 -1 523.52 180.57 580.51 215.40 -1 -1 -1 -1000 -1000 -1000 -10 1
163 83 Car -1 -1 -1 437.52 184.97 538.27 247.12 -1 -1 -1 -1000 -1000 -1000 -10 1
163 61 Car -1 -1 -1 600.26 174.70 658.62 227.65 -1 -1 -1 -1000 -1000 -1000 -10 1
