0 3 Car -1 -1 -1 384.27 176.99 511.45 232.33 -1 -1 -1 -1000 -1000 -1000 -10 1
0 2 Car -1 -1 -1 322.59 195.49 454.83 284.88 -1 -1 -1 -1000 -1000 -1000 -10 1
0 1 Car -1 -1 -1 1.65 210.03 360.87 364.94 -1 -1 -1 -1000 -1000 -1000 -10 1
1 4 Car -1 -1 -1 386.79 172.90 505.42 237.47 -1 -1 -1 -1000 -1000 -1000 -10 1
1 3 Car -1 -1 -1 383.71 176.09 511.76 233.94 -1 -1 -1 -1000 -1000 -1000 -10 1
1 2 Car -1 -1 -1 304.08 197.77 442.50 286.13 -1 -1 -1 -1000 -1000 -1000 -10 1
1 1 Car -1 -1 -1 -4.97 208.34 341.34 368.75 -1 -1 -1 -1000 -1000 -1000 -10 1
2 4 Car -1 -1 -1 387.61 175.82 504.47 240.00 -1 -1 -1 -1000 -1000 -1000 -10 1
2 3 Car -1 -1 -1 379.59 176.21 509.83 236.42 -1 -1 -1 -1000 -1000 -1000 -10 1
2 2 Car -1 -1 -1 282.29 196.64 434.79 291.31 -1 -1 -1 -1000 -1000 -1000 -10 1
2 1 Car -1 -1 -1 -2.88 212.47 324.80 370.88 -1 -1 -1 -1000 -1000 -1000 -10 1
3 3 Car -1 -1 -1 377.07 174.55 511.03 239.76 -1 -1 -1 -1000 -1000 -1000 -10 1
3 2 Car -1 -1 -1 259.29 196.07 430.60 299.18 -1 -1 -1 -1000 -1000 -1000 -10 1
3 1 Car -1 -1 -1 -0.39 217.29 279.84 362.97 -1 -1 -1 -1000 -1000 -1000 -10 1
4 4 Car -1 -1 -1 385.81 170.27 505.45 241.56 -1 -1 -1 -1000 -1000 -1000 -10 1
4 3 Car -1 -1 -1 375.72 173.85 509.64 242.46 -1 -1 -1 -1000 -1000 -1000 -10 1
4 2 Car -1 -1 -1 231.91 196.47 427.82 313.67 -1 -1 -1 -1000 -1000 -1000 -10 1
4 1 Car -1 -1 -1 -7.76 224.51 254.88 368.27 -1 -1 -1 -1000 -1000 -1000 -10 1
5 4 Car -1 -1 -1 381.02 170.75 503.01 244.68 -1 -1 -1 -1000 -1000 -1000 -10 1
5 2 Car -1 -1 -1 206.53 196.13 420.43 323.69 -1 -1 -1 -1000 -1000 -1000 -10 1
5 1 Car -1 -1 -1 -6.94 230.06 215.63 360.61 -1 -1 -1 -1000 -1000 -1000 -10 1
6 4 Car -1 -1 -1 378.68 169.33 501.69 244.80 -1 -1 -1 -1000 -1000 -1000 -10 1
6 2 Car -1 -1 -1 178.40 192.47 412.39 332.00 -1 -1 -1 -1000 -1000 -1000 -10 1
6 1 Car -1 -1 -1 -19.65 241.69 151.39 357.85 -1 -1 -1 -1000 -1000 -1000 -10 1
7 4 Car -1 -1 -1 370.90 169.66 494.27 245.83 -1 -1 -1 -1000 -1000 -1000 -10 1
7 2 Car -1 -1 -1 144.91 191.87 401.18 343.29 -1 -1 -1 -1000 -1000 -1000 -10 1
8 4 Car -1 -1 -1 359.10 170.58 494.25 251.85 -1 -1 -1 -1000 -1000 -1000 -10 1
8 2 Car -1 -1 -1 109.49 195.84 384.32 351.70 -1 -1 -1 -1000 -1000 -1000 -10 1
9 2 Car -1 -1 -1 61.32 200.63 367.59 367.25 -1 -1 -1 -1000 -1000 -1000 -10 1
10 7 Car -1 -1 -1 337.86 158.95 479.86 256.92 -1 -1 -1 -1000 -1000 -1000 -10 1
10 2 Car -1 -1 -1 18.93 203.79 343.79 370.71 -1 -1 -1 -1000 -1000 -1000 -10 1
11 7 Car -1 -1 -1 330.37 160.43 474.89 263.82 -1 -1 -1 -1000 -1000 -1000 -10 1
11 2 Car -1 -1 -1 -7.05 200.76 336.09 375.89 -1 -1 -1 -1000 -1000 -1000 -10 1
12 8 Car -1 -1 -1 431.28 172.09 499.69 207.64 -1 -1 -1 -1000 -1000 -1000 -10 1
12 7 Car -1 -1 -1 318.94 159.74 471.56 268.00 -1 -1 -1 -1000 -1000 -1000 -10 1
12 2 Car -1 -1 -1 -19.95 198.35 324.99 376.75 -1 -1 -1 -1000 -1000 -1000 -10 1
13 8 Car -1 -1 -1 427.27 172.68 491.81 206.05 -1 -1 -1 -1000 -1000 -1000 -10 1
13 7 Car -1 -1 -1 305.70 161.67 460.21 272.80 -1 -1 -1 -1000 -1000 -1000 -10 1
13 2 Car -1 -1 -1 -29.34 199.16 303.65 375.54 -1 -1 -1 -1000 -1000 -1000 -10 1
14 8 Car -1 -1 -1 424.20 173.33 487.38 206.05 -1 -1 -1 -1000 -1000 -1000 -10 1
14 7 Car -1 -1 -1 293.73 165.60 453.18 282.76 -1 -1 -1 -1000 -1000 -1000 -10 1
14 2 Car -1 -1 -1 -34.72 202.15 283.19 378.91 -1 -1 -1 -1000 -1000 -1000 -10 1
15 8 Car -1 -1 -1 419.64 173.46 481.01 206.95 -1 -1 -1 -1000 -1000 -1000 -10 1
15 7 Car -1 -1 -1 277.85 165.27 443.99 289.49 -1 -1 -1 -1000 -1000 -1000 -10 1
15 2 Car -1 -1 -1 -38.75 203.49 259.05 379.59 -1 -1 -1 -1000 -1000 -1000 -10 1
16 8 Car -1 -1 -1 413.80 172.81 475.74 207.59 -1 -1 -1 -1000 -1000 -1000 -10 1
16 7 Car -1 -1 -1 260.23 169.51 437.06 303.28 -1 -1 -1 -1000 -1000 -1000 -10 1
16 2 Car -1 -1 -1 -44.04 210.45 224.10 382.73 -1 -1 -1 -1000 -1000 -1000 -10 1
17 8 Car -1 -1 -1 409.24 172.56 471.25 207.81 -1 -1 -1 -1000 -1000 -1000 -10 1
17 7 Car -1 -1 -1 242.33 171.06 427.10 315.13 -1 -1 -1 -1000 -1000 -1000 -10 1
17 2 Car -1 -1 -1 -44.82 212.05 189.68 381.60 -1 -1 -1 -1000 -1000 -1000 -10 1
18 8 Car -1 -1 -1 404.11 173.28 467.24 209.29 -1 -1 -1 -1000 -1000 -1000 -10 1
18 7 Car -1 -1 -1 221.70 167.46 416.08 325.18 -1 -1 -1 -1000 -1000 -1000 -10 1
19 8 Car -1 -1 -1 400.94 173.03 464.04 209.59 -1 -1 -1 -1000 -1000 -1000 -10 1
19 7 Car -1 -1 -1 198.17 166.42 405.80 335.34 -1 -1 -1 -1000 -1000 -1000 -10 1
20 8 Car -1 -1 -1 396.22 172.58 460.24 210.31 -1 -1 -1 -1000 -1000 -1000 -10 1
20 7 Car -1 -1 -1 166.07 163.64 393.78 347.22 -1 -1 -1 -1000 -1000 -1000 -10 1
21 8 Car -1 -1 -1 392.54 170.68 458.45 209.80 -1 -1 -1 -1000 -1000 -1000 -10 1
21 7 Car -1 -1 -1 135.40 160.88 384.50 360.51 -1 -1 -1 -1000 -1000 -1000 -10 1
22 15 Car -1 -1 -1 282.15 175.31 409.97 239.48 -1 -1 -1 -1000 -1000 -1000 -10 1
22 8 Car -1 -1 -1 388.45 170.43 456.94 210.16 -1 -1 -1 -1000 -1000 -1000 -10 1
22 7 Car -1 -1 -1 104.95 160.13 356.70 364.77 -1 -1 -1 -1000 -1000 -1000 -10 1
23 15 Car -1 -1 -1 277.07 173.04 406.21 240.98 -1 -1 -1 -1000 -1000 -1000 -10 1
23 12 Car -1 -1 -1 1119.91 155.56 1257.19 217.72 -1 -1 -1 -1000 -1000 -1000 -10 1
23 8 Car -1 -1 -1 383.83 170.13 454.77 211.03 -1 -1 -1 -1000 -1000 -1000 -10 1
24 16 Car -1 -1 -1 10.22 146.31 311.89 378.08 -1 -1 -1 -1000 -1000 -1000 -10 1
24 15 Car -1 -1 -1 273.55 174.76 397.86 242.60 -1 -1 -1 -1000 -1000 -1000 -10 1
24 8 Car -1 -1 -1 377.04 172.95 452.60 215.28 -1 -1 -1 -1000 -1000 -1000 -10 1
25 16 Car -1 -1 -1 -1.28 153.80 293.68 378.59 -1 -1 -1 -1000 -1000 -1000 -10 1
25 15 Car -1 -1 -1 269.66 177.18 390.11 244.86 -1 -1 -1 -1000 -1000 -1000 -10 1
25 8 Car -1 -1 -1 367.61 173.61 447.10 217.52 -1 -1 -1 -1000 -1000 -1000 -10 1
26 16 Car -1 -1 -1 -8.69 142.38 280.67 372.56 -1 -1 -1 -1000 -1000 -1000 -10 1
26 15 Car -1 -1 -1 263.78 177.26 385.06 248.10 -1 -1 -1 -1000 -1000 -1000 -10 1
26 8 Car -1 -1 -1 362.68 178.53 445.88 222.96 -1 -1 -1 -1000 -1000 -1000 -10 1
27 16 Car -1 -1 -1 -13.35 155.73 249.40 375.14 -1 -1 -1 -1000 -1000 -1000 -10 1
27 15 Car -1 -1 -1 254.91 176.66 379.48 250.73 -1 -1 -1 -1000 -1000 -1000 -10 1
27 8 Car -1 -1 -1 358.39 176.76 442.29 221.83 -1 -1 -1 -1000 -1000 -1000 -10 1
28 16 Car -1 -1 -1 -15.17 161.63 222.50 371.01 -1 -1 -1 -1000 -1000 -1000 -10 1
28 15 Car -1 -1 -1 244.45 179.96 375.04 254.99 -1 -1 -1 -1000 -1000 -1000 -10 1
28 8 Car -1 -1 -1 355.56 176.12 439.18 222.13 -1 -1 -1 -1000 -1000 -1000 -10 1
29 16 Car -1 -1 -1 -17.36 159.32 193.48 362.13 -1 -1 -1 -1000 -1000 -1000 -10 1
29 15 Car -1 -1 -1 237.25 180.49 373.64 258.41 -1 -1 -1 -1000 -1000 -1000 -10 1
29 8 Car -1 -1 -1 351.12 179.04 437.02 225.09 -1 -1 -1 -1000 -1000 -1000 -10 1
30 16 Car -1 -1 -1 -8.62 160.87 177.87 357.26 -1 -1 -1 -1000 -1000 -1000 -10 1
30 15 Car -1 -1 -1 231.15 185.33 369.25 264.20 -1 -1 -1 -1000 -1000 -1000 -10 1
30 8 Car -1 -1 -1 348.77 185.05 433.30 231.68 -1 -1 -1 -1000 -1000 -1000 -10 1
31 16 Car -1 -1 -1 -10.27 169.94 155.24 364.43 -1 -1 -1 -1000 -1000 -1000 -10 1
31 15 Car -1 -1 -1 223.49 191.81 363.86 271.26 -1 -1 -1 -1000 -1000 -1000 -10 1
31 8 Car -1 -1 -1 343.99 192.67 430.62 240.92 -1 -1 -1 -1000 -1000 -1000 -10 1
32 16 Car -1 -1 -1 -10.27 179.65 142.75 367.22 -1 -1 -1 -1000 -1000 -1000 -10 1
32 15 Car -1 -1 -1 213.18 201.98 358.76 284.64 -1 -1 -1 -1000 -1000 -1000 -10 1
32 8 Car -1 -1 -1 339.62 199.91 427.89 250.85 -1 -1 -1 -1000 -1000 -1000 -10 1
33 16 Car -1 -1 -1 -12.99 190.46 119.41 368.02 -1 -1 -1 -1000 -1000 -1000 -10 1
33 15 Car -1 -1 -1 202.50 208.10 355.85 298.45 -1 -1 -1 -1000 -1000 -1000 -10 1
33 8 Car -1 -1 -1 335.61 208.34 425.03 260.75 -1 -1 -1 -1000 -1000 -1000 -10 1
34 15 Car -1 -1 -1 189.50 211.41 350.35 308.52 -1 -1 -1 -1000 -1000 -1000 -10 1
34 8 Car -1 -1 -1 329.80 214.39 422.00 268.82 -1 -1 -1 -1000 -1000 -1000 -10 1
35 15 Car -1 -1 -1 180.61 213.91 348.80 316.68 -1 -1 -1 -1000 -1000 -1000 -10 1
35 8 Car -1 -1 -1 326.53 219.74 423.14 273.98 -1 -1 -1 -1000 -1000 -1000 -10 1
36 15 Car -1 -1 -1 170.97 217.48 346.64 325.04 -1 -1 -1 -1000 -1000 -1000 -10 1
36 8 Car -1 -1 -1 320.94 222.45 421.37 277.09 -1 -1 -1 -1000 -1000 -1000 -10 1
37 15 Car -1 -1 -1 160.67 224.66 342.30 330.34 -1 -1 -1 -1000 -1000 -1000 -10 1
37 8 Car -1 -1 -1 315.16 223.78 415.10 279.63 -1 -1 -1 -1000 -1000 -1000 -10 1
38 15 Car -1 -1 -1 152.78 228.53 335.86 333.53 -1 -1 -1 -1000 -1000 -1000 -10 1
38 8 Car -1 -1 -1 313.86 225.05 412.80 282.18 -1 -1 -1 -1000 -1000 -1000 -10 1
39 15 Car -1 -1 -1 147.72 226.51 332.28 333.03 -1 -1 -1 -1000 -1000 -1000 -10 1
39 8 Car -1 -1 -1 314.94 224.67 417.11 281.13 -1 -1 -1 -1000 -1000 -1000 -10 1
40 15 Car -1 -1 -1 137.20 216.05 333.16 330.91 -1 -1 -1 -1000 -1000 -1000 -10 1
40 8 Car -1 -1 -1 311.94 220.89 416.09 278.98 -1 -1 -1 -1000 -1000 -1000 -10 1
41 15 Car -1 -1 -1 125.97 208.28 332.50 328.88 -1 -1 -1 -1000 -1000 -1000 -10 1
41 8 Car -1 -1 -1 311.49 214.34 419.81 270.01 -1 -1 -1 -1000 -1000 -1000 -10 1
42 15 Car -1 -1 -1 118.17 202.27 331.29 326.81 -1 -1 -1 -1000 -1000 -1000 -10 1
42 8 Car -1 -1 -1 318.33 208.22 426.57 266.61 -1 -1 -1 -1000 -1000 -1000 -10 1
43 15 Car -1 -1 -1 114.23 199.45 333.67 326.81 -1 -1 -1 -1000 -1000 -1000 -10 1
43 8 Car -1 -1 -1 319.08 205.47 431.56 263.56 -1 -1 -1 -1000 -1000 -1000 -10 1
44 15 Car -1 -1 -1 108.79 198.20 335.99 328.64 -1 -1 -1 -1000 -1000 -1000 -10 1
44 8 Car -1 -1 -1 319.02 204.39 434.92 262.00 -1 -1 -1 -1000 -1000 -1000 -10 1
45 15 Car -1 -1 -1 103.97 197.54 337.89 330.68 -1 -1 -1 -1000 -1000 -1000 -10 1
45 8 Car -1 -1 -1 318.60 204.98 437.70 262.03 -1 -1 -1 -1000 -1000 -1000 -10 1
46 15 Car -1 -1 -1 98.47 198.25 339.28 334.08 -1 -1 -1 -1000 -1000 -1000 -10 1
46 8 Car -1 -1 -1 318.45 204.92 441.38 262.30 -1 -1 -1 -1000 -1000 -1000 -10 1
47 15 Car -1 -1 -1 93.25 198.50 340.75 336.86 -1 -1 -1 -1000 -1000 -1000 -10 1
47 8 Car -1 -1 -1 324.32 204.41 448.28 261.71 -1 -1 -1 -1000 -1000 -1000 -10 1
48 15 Car -1 -1 -1 86.16 199.49 342.08 341.42 -1 -1 -1 -1000 -1000 -1000 -10 1
48 8 Car -1 -1 -1 329.41 204.33 454.90 261.70 -1 -1 -1 -1000 -1000 -1000 -10 1
49 15 Car -1 -1 -1 79.75 200.64 344.01 345.06 -1 -1 -1 -1000 -1000 -1000 -10 1
49 8 Car -1 -1 -1 332.99 203.60 460.87 261.82 -1 -1 -1 -1000 -1000 -1000 -10 1
50 15 Car -1 -1 -1 68.22 204.65 343.79 348.41 -1 -1 -1 -1000 -1000 -1000 -10 1
50 8 Car -1 -1 -1 336.02 203.51 467.22 262.16 -1 -1 -1 -1000 -1000 -1000 -10 1
51 15 Car -1 -1 -1 59.89 205.31 346.51 352.47 -1 -1 -1 -1000 -1000 -1000 -10 1
51 8 Car -1 -1 -1 341.54 202.43 472.26 263.97 -1 -1 -1 -1000 -1000 -1000 -10 1
52 15 Car -1 -1 -1 48.66 206.54 351.23 359.83 -1 -1 -1 -1000 -1000 -1000 -10 1
52 8 Car -1 -1 -1 343.02 202.51 473.76 265.87 -1 -1 -1 -1000 -1000 -1000 -10 1
53 15 Car -1 -1 -1 37.15 207.60 354.63 366.55 -1 -1 -1 -1000 -1000 -1000 -10 1
53 8 Car -1 -1 -1 354.40 204.83 486.68 267.84 -1 -1 -1 -1000 -1000 -1000 -10 1
54 15 Car -1 -1 -1 20.53 205.75 360.03 369.24 -1 -1 -1 -1000 -1000 -1000 -10 1
54 8 Car -1 -1 -1 359.80 206.82 494.02 270.18 -1 -1 -1 -1000 -1000 -1000 -10 1
55 15 Car -1 -1 -1 9.28 206.03 364.17 371.44 -1 -1 -1 -1000 -1000 -1000 -10 1
55 8 Car -1 -1 -1 366.00 207.09 502.41 271.22 -1 -1 -1 -1000 -1000 -1000 -10 1
56 15 Car -1 -1 -1 0.66 204.79 368.50 371.41 -1 -1 -1 -1000 -1000 -1000 -10 1
56 8 Car -1 -1 -1 370.90 207.92 510.25 273.25 -1 -1 -1 -1000 -1000 -1000 -10 1
57 15 Car -1 -1 -1 -2.62 203.50 368.90 370.49 -1 -1 -1 -1000 -1000 -1000 -10 1
57 8 Car -1 -1 -1 376.18 208.75 518.83 275.96 -1 -1 -1 -1000 -1000 -1000 -10 1
58 15 Car -1 -1 -1 -5.07 203.70 371.71 371.50 -1 -1 -1 -1000 -1000 -1000 -10 1
58 8 Car -1 -1 -1 380.00 206.54 526.22 278.39 -1 -1 -1 -1000 -1000 -1000 -10 1
59 15 Car -1 -1 -1 -6.84 205.98 374.28 372.37 -1 -1 -1 -1000 -1000 -1000 -10 1
59 8 Car -1 -1 -1 383.69 207.53 532.37 283.11 -1 -1 -1 -1000 -1000 -1000 -10 1
60 15 Car -1 -1 -1 -8.42 207.35 374.61 371.51 -1 -1 -1 -1000 -1000 -1000 -10 1
60 8 Car -1 -1 -1 393.23 208.81 544.07 285.70 -1 -1 -1 -1000 -1000 -1000 -10 1
61 15 Car -1 -1 -1 -10.35 209.42 368.86 372.06 -1 -1 -1 -1000 -1000 -1000 -10 1
61 8 Car -1 -1 -1 398.18 209.15 552.04 287.26 -1 -1 -1 -1000 -1000 -1000 -10 1
62 15 Car -1 -1 -1 -8.81 209.38 361.20 371.31 -1 -1 -1 -1000 -1000 -1000 -10 1
62 8 Car -1 -1 -1 404.78 211.25 560.91 290.57 -1 -1 -1 -1000 -1000 -1000 -10 1
63 15 Car -1 -1 -1 -9.74 212.77 354.16 374.96 -1 -1 -1 -1000 -1000 -1000 -10 1
63 8 Car -1 -1 -1 409.83 212.05 568.74 292.93 -1 -1 -1 -1000 -1000 -1000 -10 1
64 15 Car -1 -1 -1 -12.57 215.17 345.90 377.82 -1 -1 -1 -1000 -1000 -1000 -10 1
64 8 Car -1 -1 -1 411.96 208.81 576.74 294.56 -1 -1 -1 -1000 -1000 -1000 -10 1
65 15 Car -1 -1 -1 -15.14 211.59 338.93 376.17 -1 -1 -1 -1000 -1000 -1000 -10 1
65 8 Car -1 -1 -1 413.60 205.90 584.22 295.90 -1 -1 -1 -1000 -1000 -1000 -10 1
66 15 Car -1 -1 -1 -23.07 210.96 314.57 374.35 -1 -1 -1 -1000 -1000 -1000 -10 1
66 8 Car -1 -1 -1 414.61 201.15 592.73 295.69 -1 -1 -1 -1000 -1000 -1000 -10 1
67 24 Car -1 -1 -1 690.00 179.65 744.50 217.47 -1 -1 -1 -1000 -1000 -1000 -10 1
67 15 Car -1 -1 -1 -20.64 208.31 289.99 371.73 -1 -1 -1 -1000 -1000 -1000 -10 1
67 8 Car -1 -1 -1 416.05 197.36 599.80 295.84 -1 -1 -1 -1000 -1000 -1000 -10 1
68 24 Car -1 -1 -1 698.85 176.12 749.28 210.31 -1 -1 -1 -1000 -1000 -1000 -10 1
68 15 Car -1 -1 -1 -27.84 209.00 258.68 372.22 -1 -1 -1 -1000 -1000 -1000 -10 1
68 8 Car -1 -1 -1 417.82 195.23 604.56 293.67 -1 -1 -1 -1000 -1000 -1000 -10 1
69 24 Car -1 -1 -1 705.00 173.36 754.22 206.30 -1 -1 -1 -1000 -1000 -1000 -10 1
69 15 Car -1 -1 -1 -39.48 212.87 208.65 375.49 -1 -1 -1 -1000 -1000 -1000 -10 1
69 8 Car -1 -1 -1 412.33 191.94 608.11 293.97 -1 -1 -1 -1000 -1000 -1000 -10 1
70 24 Car -1 -1 -1 714.74 171.36 763.17 203.47 -1 -1 -1 -1000 -1000 -1000 -10 1
70 8 Car -1 -1 -1 407.85 189.74 611.62 294.87 -1 -1 -1 -1000 -1000 -1000 -10 1
71 24 Car -1 -1 -1 720.41 166.55 769.78 199.75 -1 -1 -1 -1000 -1000 -1000 -10 1
71 8 Car -1 -1 -1 402.46 189.05 615.37 297.60 -1 -1 -1 -1000 -1000 -1000 -10 1
72 24 Car -1 -1 -1 725.02 163.74 775.47 197.70 -1 -1 -1 -1000 -1000 -1000 -10 1
72 8 Car -1 -1 -1 396.83 189.48 618.76 303.36 -1 -1 -1 -1000 -1000 -1000 -10 1
73 24 Car -1 -1 -1 727.40 161.02 780.48 196.54 -1 -1 -1 -1000 -1000 -1000 -10 1
73 8 Car -1 -1 -1 389.94 190.37 621.51 310.68 -1 -1 -1 -1000 -1000 -1000 -10 1
76 8 Car -1 -1 -1 342.94 198.85 607.61 337.01 -1 -1 -1 -1000 -1000 -1000 -10 1
77 8 Car -1 -1 -1 319.67 201.27 603.36 351.49 -1 -1 -1 -1000 -1000 -1000 -10 1
78 8 Car -1 -1 -1 283.66 201.84 587.10 361.60 -1 -1 -1 -1000 -1000 -1000 -10 1
79 25 Car -1 -1 -1 725.08 169.50 777.71 206.92 -1 -1 -1 -1000 -1000 -1000 -10 1
79 8 Car -1 -1 -1 241.24 200.59 569.62 367.24 -1 -1 -1 -1000 -1000 -1000 -10 1
80 25 Car -1 -1 -1 722.19 168.85 774.85 206.51 -1 -1 -1 -1000 -1000 -1000 -10 1
80 8 Car -1 -1 -1 192.58 201.42 553.50 371.66 -1 -1 -1 -1000 -1000 -1000 -10 1
81 25 Car -1 -1 -1 716.36 168.09 771.76 207.13 -1 -1 -1 -1000 -1000 -1000 -10 1
81 8 Car -1 -1 -1 137.14 200.72 542.17 372.10 -1 -1 -1 -1000 -1000 -1000 -10 1
82 25 Car -1 -1 -1 709.28 170.43 765.51 209.43 -1 -1 -1 -1000 -1000 -1000 -10 1
82 8 Car -1 -1 -1 106.41 199.31 538.95 372.74 -1 -1 -1 -1000 -1000 -1000 -10 1
83 25 Car -1 -1 -1 706.87 173.94 762.20 212.42 -1 -1 -1 -1000 -1000 -1000 -10 1
83 8 Car -1 -1 -1 80.16 201.01 530.19 374.66 -1 -1 -1 -1000 -1000 -1000 -10 1
84 25 Car -1 -1 -1 701.64 177.98 758.01 217.21 -1 -1 -1 -1000 -1000 -1000 -10 1
84 8 Car -1 -1 -1 87.38 201.11 534.59 373.96 -1 -1 -1 -1000 -1000 -1000 -10 1
85 25 Car -1 -1 -1 695.15 181.17 751.16 220.23 -1 -1 -1 -1000 -1000 -1000 -10 1
85 8 Car -1 -1 -1 29.73 208.83 502.20 376.04 -1 -1 -1 -1000 -1000 -1000 -10 1
86 25 Car -1 -1 -1 685.17 182.73 743.43 224.10 -1 -1 -1 -1000 -1000 -1000 -10 1
86 8 Car -1 -1 -1 0.80 209.28 478.46 376.51 -1 -1 -1 -1000 -1000 -1000 -10 1
87 25 Car -1 -1 -1 675.78 183.32 733.77 225.70 -1 -1 -1 -1000 -1000 -1000 -10 1
87 8 Car -1 -1 -1 -24.48 219.98 448.90 380.99 -1 -1 -1 -1000 -1000 -1000 -10 1
88 25 Car -1 -1 -1 662.64 185.12 722.43 228.92 -1 -1 -1 -1000 -1000 -1000 -10 1
89 25 Car -1 -1 -1 650.40 184.60 709.53 228.31 -1 -1 -1 -1000 -1000 -1000 -10 1
90 25 Car -1 -1 -1 634.48 185.10 695.50 230.43 -1 -1 -1 -1000 -1000 -1000 -10 1
91 25 Car -1 -1 -1 618.34 185.10 681.22 231.78 -1 -1 -1 -1000 -1000 -1000 -10 1
92 25 Car -1 -1 -1 603.30 183.64 666.66 230.59 -1 -1 -1 -1000 -1000 -1000 -10 1
93 25 Car -1 -1 -1 587.32 185.98 652.13 233.63 -1 -1 -1 -1000 -1000 -1000 -10 1
94 25 Car -1 -1 -1 571.15 186.91 638.22 235.74 -1 -1 -1 -1000 -1000 -1000 -10 1
95 25 Car -1 -1 -1 557.05 186.81 625.88 237.26 -1 -1 -1 -1000 -1000 -1000 -10 1
96 25 Car -1 -1 -1 542.76 186.84 611.21 237.40 -1 -1 -1 -1000 -1000 -1000 -10 1
97 25 Car -1 -1 -1 529.35 185.29 599.50 236.05 -1 -1 -1 -1000 -1000 -1000 -10 1
98 25 Car -1 -1 -1 518.15 180.65 589.74 232.32 -1 -1 -1 -1000 -1000 -1000 -10 1
99 25 Car -1 -1 -1 512.06 175.04 582.86 226.47 -1 -1 -1 -1000 -1000 -1000 -10 1
100 25 Car -1 -1 -1 499.10 162.21 573.20 215.14 -1 -1 -1 -1000 -1000 -1000 -10 1
101 25 Car -1 -1 -1 491.23 154.88 566.45 208.26 -1 -1 -1 -1000 -1000 -1000 -10 1
102 25 Car -1 -1 -1 488.01 156.60 562.53 209.78 -1 -1 -1 -1000 -1000 -1000 -10 1
103 25 Car -1 -1 -1 481.12 165.84 560.77 218.88 -1 -1 -1 -1000 -1000 -1000 -10 1
104 25 Car -1 -1 -1 472.90 174.93 554.23 229.93 -1 -1 -1 -1000 -1000 -1000 -10 1
105 25 Car -1 -1 -1 466.76 182.93 550.16 241.13 -1 -1 -1 -1000 -1000 -1000 -10 1
106 25 Car -1 -1 -1 459.25 186.47 545.15 247.96 -1 -1 -1 -1000 -1000 -1000 -10 1
107 25 Car -1 -1 -1 453.04 184.09 541.44 247.07 -1 -1 -1 -1000 -1000 -1000 -10 1
108 25 Car -1 -1 -1 444.73 177.95 537.74 241.43 -1 -1 -1 -1000 -1000 -1000 -10 1
109 25 Car -1 -1 -1 437.03 175.73 534.84 239.05 -1 -1 -1 -1000 -1000 -1000 -10 1
110 25 Car -1 -1 -1 429.12 177.83 529.41 243.46 -1 -1 -1 -1000 -1000 -1000 -10 1
111 25 Car -1 -1 -1 420.26 184.56 526.68 252.67 -1 -1 -1 -1000 -1000 -1000 -10 1
112 25 Car -1 -1 -1 410.65 191.43 521.43 262.14 -1 -1 -1 -1000 -1000 -1000 -10 1
113 25 Car -1 -1 -1 402.11 193.80 517.19 266.71 -1 -1 -1 -1000 -1000 -1000 -10 1
114 25 Car -1 -1 -1 392.26 193.83 512.14 267.53 -1 -1 -1 -1000 -1000 -1000 -10 1
115 25 Car -1 -1 -1 382.49 193.22 507.09 270.06 -1 -1 -1 -1000 -1000 -1000 -10 1
116 25 Car -1 -1 -1 370.74 193.52 499.37 274.60 -1 -1 -1 -1000 -1000 -1000 -10 1
117 25 Car -1 -1 -1 357.00 194.35 494.42 280.71 -1 -1 -1 -1000 -1000 -1000 -10 1
118 25 Car -1 -1 -1 342.38 196.36 488.15 288.77 -1 -1 -1 -1000 -1000 -1000 -10 1
119 25 Car -1 -1 -1 324.38 197.91 481.71 297.93 -1 -1 -1 -1000 -1000 -1000 -10 1
120 25 Car -1 -1 -1 302.96 200.71 474.04 308.88 -1 -1 -1 -1000 -1000 -1000 -10 1
121 25 Car -1 -1 -1 284.06 201.90 469.71 319.16 -1 -1 -1 -1000 -1000 -1000 -10 1
122 25 Car -1 -1 -1 260.35 204.99 462.20 331.47 -1 -1 -1 -1000 -1000 -1000 -10 1
123 25 Car -1 -1 -1 229.76 206.11 446.61 341.04 -1 -1 -1 -1000 -1000 -1000 -10 1
124 25 Car -1 -1 -1 203.21 203.17 437.70 350.95 -1 -1 -1 -1000 -1000 -1000 -10 1
125 25 Car -1 -1 -1 166.62 199.96 423.08 358.98 -1 -1 -1 -1000 -1000 -1000 -10 1
126 25 Car -1 -1 -1 124.45 202.30 406.29 367.83 -1 -1 -1 -1000 -1000 -1000 -10 1
127 25 Car -1 -1 -1 66.61 203.58 384.98 372.11 -1 -1 -1 -1000 -1000 -1000 -10 1
128 25 Car -1 -1 -1 28.46 202.99 372.84 373.55 -1 -1 -1 -1000 -1000 -1000 -10 1
129 25 Car -1 -1 -1 3.61 204.91 367.39 373.25 -1 -1 -1 -1000 -1000 -1000 -10 1
130 25 Car -1 -1 -1 -9.62 205.15 358.11 374.56 -1 -1 -1 -1000 -1000 -1000 -10 1
131 25 Car -1 -1 -1 -20.06 207.84 342.64 376.96 -1 -1 -1 -1000 -1000 -1000 -10 1
132 25 Car -1 -1 -1 -23.16 214.65 318.07 379.01 -1 -1 -1 -1000 -1000 -1000 -10 1
133 25 Car -1 -1 -1 -31.82 218.11 285.73 381.54 -1 -1 -1 -1000 -1000 -1000 -10 1
134 25 Car -1 -1 -1 -39.00 226.50 245.87 384.68 -1 -1 -1 -1000 -1000 -1000 -10 1
157 32 Car -1 -1 -1 542.57 178.45 572.84 203.44 -1 -1 -1 -1000 -1000 -1000 -10 1
158 32 Car -1 -1 -1 541.47 178.85 572.24 203.94 -1 -1 -1 -1000 -1000 -1000 -10 1
159 32 Car -1 -1 -1 539.37 178.36 570.62 203.64 -1 -1 -1 -1000 -1000 -1000 -10 1
160 32 Car -1 -1 -1 537.74 179.11 569.49 204.04 -1 -1 -1 -1000 -1000 -1000 -10 1
161 32 Car -1 -1 -1 535.81 178.42 568.39 203.05 -1 -1 -1 -1000 -1000 -1000 -10 1
162 32 Car -1 -1 -1 534.81 178.42 567.10 202.23 -1 -1 -1 -1000 -1000 -1000 -10 1
179 36 Car -1 -1 -1 511.28 181.27 554.01 213.94 -1 -1 -1 -1000 -1000 -1000 -10 1
180 36 Car -1 -1 -1 506.35 180.74 551.88 214.90 -1 -1 -1 -1000 -1000 -1000 -10 1
181 36 Car -1 -1 -1 503.42 180.96 551.42 216.24 -1 -1 -1 -1000 -1000 -1000 -10 1
182 36 Car -1 -1 -1 499.85 179.44 549.69 215.22 -1 -1 -1 -1000 -1000 -1000 -10 1
183 36 Car -1 -1 -1 496.85 181.14 547.13 217.62 -1 -1 -1 -1000 -1000 -1000 -10 1
184 36 Car -1 -1 -1 494.37 185.83 545.81 222.46 -1 -1 -1 -1000 -1000 -1000 -10 1
185 36 Car -1 -1 -1 488.46 189.22 543.51 228.67 -1 -1 -1 -1000 -1000 -1000 -10 1
186 36 Car -1 -1 -1 483.16 190.38 541.28 232.42 -1 -1 -1 -1000 -1000 -1000 -10 1
187 36 Car -1 -1 -1 479.23 189.61 540.54 234.57 -1 -1 -1 -1000 -1000 -1000 -10 1
188 36 Car -1 -1 -1 478.95 192.03 541.95 238.09 -1 -1 -1 -1000 -1000 -1000 -10 1
189 36 Car -1 -1 -1 471.99 190.58 538.61 239.62 -1 -1 -1 -1000 -1000 -1000 -10 1
190 39 Car -1 -1 -1 548.96 181.72 582.19 208.12 -1 -1 -1 -1000 -1000 -1000 -10 1
190 36 Car -1 -1 -1 464.49 186.96 534.27 238.64 -1 -1 -1 -1000 -1000 -1000 -10 1
191 39 Car -1 -1 -1 547.69 180.05 581.55 206.39 -1 -1 -1 -1000 -1000 -1000 -10 1
191 36 Car -1 -1 -1 455.71 185.39 529.27 238.61 -1 -1 -1 -1000 -1000 -1000 -10 1
192 39 Car -1 -1 -1 546.28 179.79 581.26 207.12 -1 -1 -1 -1000 -1000 -1000 -10 1
192 36 Car -1 -1 -1 449.57 186.07 526.55 240.58 -1 -1 -1 -1000 -1000 -1000 -10 1
193 39 Car -1 -1 -1 545.64 180.83 582.12 209.71 -1 -1 -1 -1000 -1000 -1000 -10 1
193 36 Car -1 -1 -1 444.46 188.19 523.43 244.27 -1 -1 -1 -1000 -1000 -1000 -10 1
194 39 Car -1 -1 -1 542.44 182.46 581.85 213.18 -1 -1 -1 -1000 -1000 -1000 -10 1
194 36 Car -1 -1 -1 434.80 191.25 522.15 249.29 -1 -1 -1 -1000 -1000 -1000 -10 1
195 39 Car -1 -1 -1 540.39 182.75 581.67 214.15 -1 -1 -1 -1000 -1000 -1000 -10 1
195 36 Car -1 -1 -1 425.92 191.39 519.98 252.09 -1 -1 -1 -1000 -1000 -1000 -10 1
196 39 Car -1 -1 -1 539.11 182.26 581.75 214.49 -1 -1 -1 -1000 -1000 -1000 -10 1
196 36 Car -1 -1 -1 416.92 188.91 513.31 253.93 -1 -1 -1 -1000 -1000 -1000 -10 1
197 39 Car -1 -1 -1 535.79 179.84 580.27 211.56 -1 -1 -1 -1000 -1000 -1000 -10 1
197 36 Car -1 -1 -1 410.59 187.13 510.98 256.18 -1 -1 -1 -1000 -1000 -1000 -10 1
198 39 Car -1 -1 -1 534.42 181.90 580.18 214.83 -1 -1 -1 -1000 -1000 -1000 -10 1
198 36 Car -1 -1 -1 394.42 191.05 505.91 263.59 -1 -1 -1 -1000 -1000 -1000 -10 1
199 39 Car -1 -1 -1 530.56 181.71 579.78 215.31 -1 -1 -1 -1000 -1000 -1000 -10 1
199 36 Car -1 -1 -1 380.94 192.00 500.96 268.75 -1 -1 -1 -1000 -1000 -1000 -10 1
200 39 Car -1 -1 -1 529.46 180.90 580.11 215.55 -1 -1 -1 -1000 -1000 -1000 -10 1
200 36 Car -1 -1 -1 363.82 192.67 493.01 273.96 -1 -1 -1 -1000 -1000 -1000 -10 1
201 39 Car -1 -1 -1 526.22 181.39 579.00 217.38 -1 -1 -1 -1000 -1000 -1000 -10 1
201 36 Car -1 -1 -1 346.22 192.99 485.41 281.93 -1 -1 -1 -1000 -1000 -1000 -10 1
202 39 Car -1 -1 -1 524.37 181.81 578.57 218.74 -1 -1 -1 -1000 -1000 -1000 -10 1
202 36 Car -1 -1 -1 323.69 195.62 478.44 291.27 -1 -1 -1 -1000 -1000 -1000 -10 1
203 39 Car -1 -1 -1 522.79 182.62 578.76 221.46 -1 -1 -1 -1000 -1000 -1000 -10 1
203 36 Car -1 -1 -1 298.10 194.64 470.87 302.91 -1 -1 -1 -1000 -1000 -1000 -10 1
204 39 Car -1 -1 -1 520.70 182.31 579.60 223.12 -1 -1 -1 -1000 -1000 -1000 -10 1
204 36 Car -1 -1 -1 265.77 194.57 462.09 315.98 -1 -1 -1 -1000 -1000 -1000 -10 1
205 39 Car -1 -1 -1 518.26 181.85 578.11 223.90 -1 -1 -1 -1000 -1000 -1000 -10 1
205 36 Car -1 -1 -1 228.82 199.77 447.52 328.67 -1 -1 -1 -1000 -1000 -1000 -10 1
206 39 Car -1 -1 -1 513.06 180.11 575.56 222.68 -1 -1 -1 -1000 -1000 -1000 -10 1
206 36 Car -1 -1 -1 183.42 200.62 423.75 342.68 -1 -1 -1 -1000 -1000 -1000 -10 1
207 39 Car -1 -1 -1 512.90 179.12 573.71 222.40 -1 -1 -1 -1000 -1000 -1000 -10 1
207 36 Car -1 -1 -1 117.77 194.23 399.90 352.87 -1 -1 -1 -1000 -1000 -1000 -10 1
208 39 Car -1 -1 -1 515.57 177.51 574.23 220.07 -1 -1 -1 -1000 -1000 -1000 -10 1
208 36 Car -1 -1 -1 52.18 187.47 384.05 358.87 -1 -1 -1 -1000 -1000 -1000 -10 1
209 39 Car -1 -1 -1 508.88 179.98 567.53 223.55 -1 -1 -1 -1000 -1000 -1000 -10 1
209 36 Car -1 -1 -1 20.62 193.58 371.66 369.14 -1 -1 -1 -1000 -1000 -1000 -10 1
210 39 Car -1 -1 -1 496.93 183.04 560.24 230.06 -1 -1 -1 -1000 -1000 -1000 -10 1
210 36 Car -1 -1 -1 0.54 201.91 363.23 373.43 -1 -1 -1 -1000 -1000 -1000 -10 1
211 39 Car -1 -1 -1 489.10 184.69 555.71 234.56 -1 -1 -1 -1000 -1000 -1000 -10 1
211 36 Car -1 -1 -1 -12.26 204.35 351.04 376.46 -1 -1 -1 -1000 -1000 -1000 -10 1
212 39 Car -1 -1 -1 483.43 186.94 553.58 239.42 -1 -1 -1 -1000 -1000 -1000 -10 1
212 36 Car -1 -1 -1 -26.24 210.43 320.08 380.48 -1 -1 -1 -1000 -1000 -1000 -10 1
213 39 Car -1 -1 -1 476.25 186.44 550.54 242.22 -1 -1 -1 -1000 -1000 -1000 -10 1
213 36 Car -1 -1 -1 -38.41 219.71 276.28 385.07 -1 -1 -1 -1000 -1000 -1000 -10 1
214 42 Car -1 -1 -1 519.18 180.18 570.23 220.25 -1 -1 -1 -1000 -1000 -1000 -10 1
214 39 Car -1 -1 -1 467.08 184.90 547.92 246.11 -1 -1 -1 -1000 -1000 -1000 -10 1
214 36 Car -1 -1 -1 -50.33 221.30 219.85 384.15 -1 -1 -1 -1000 -1000 -1000 -10 1
215 42 Car -1 -1 -1 514.46 178.56 567.41 219.34 -1 -1 -1 -1000 -1000 -1000 -10 1
215 39 Car -1 -1 -1 456.75 185.36 543.66 251.58 -1 -1 -1 -1000 -1000 -1000 -10 1
216 42 Car -1 -1 -1 510.12 180.37 565.80 222.40 -1 -1 -1 -1000 -1000 -1000 -10 1
216 39 Car -1 -1 -1 442.69 187.46 538.97 257.60 -1 -1 -1 -1000 -1000 -1000 -10 1
217 42 Car -1 -1 -1 501.26 181.88 562.31 227.82 -1 -1 -1 -1000 -1000 -1000 -10 1
217 39 Car -1 -1 -1 431.91 189.41 533.45 264.18 -1 -1 -1 -1000 -1000 -1000 -10 1
218 42 Car -1 -1 -1 484.35 182.01 560.06 232.80 -1 -1 -1 -1000 -1000 -1000 -10 1
218 39 Car -1 -1 -1 417.04 190.82 526.46 270.67 -1 -1 -1 -1000 -1000 -1000 -10 1
219 42 Car -1 -1 -1 478.17 181.86 557.43 235.06 -1 -1 -1 -1000 -1000 -1000 -10 1
219 39 Car -1 -1 -1 401.80 190.44 519.72 277.60 -1 -1 -1 -1000 -1000 -1000 -10 1
220 42 Car -1 -1 -1 470.89 180.26 553.48 235.10 -1 -1 -1 -1000 -1000 -1000 -10 1
220 39 Car -1 -1 -1 379.59 189.91 508.72 285.57 -1 -1 -1 -1000 -1000 -1000 -10 1
221 42 Car -1 -1 -1 466.99 179.41 548.92 236.55 -1 -1 -1 -1000 -1000 -1000 -10 1
221 39 Car -1 -1 -1 357.01 190.70 500.66 294.17 -1 -1 -1 -1000 -1000 -1000 -10 1
222 42 Car -1 -1 -1 454.90 178.89 540.62 238.34 -1 -1 -1 -1000 -1000 -1000 -10 1
222 39 Car -1 -1 -1 329.59 192.28 489.32 306.87 -1 -1 -1 -1000 -1000 -1000 -10 1
223 42 Car -1 -1 -1 448.31 180.30 538.94 243.58 -1 -1 -1 -1000 -1000 -1000 -10 1
223 39 Car -1 -1 -1 293.86 198.01 476.14 327.52 -1 -1 -1 -1000 -1000 -1000 -10 1
224 42 Car -1 -1 -1 444.21 183.46 538.36 251.38 -1 -1 -1 -1000 -1000 -1000 -10 1
224 39 Car -1 -1 -1 252.35 204.98 460.37 351.85 -1 -1 -1 -1000 -1000 -1000 -10 1
225 42 Car -1 -1 -1 434.02 186.43 534.85 259.32 -1 -1 -1 -1000 -1000 -1000 -10 1
225 39 Car -1 -1 -1 195.19 205.20 439.53 364.96 -1 -1 -1 -1000 -1000 -1000 -10 1
226 42 Car -1 -1 -1 417.43 189.88 529.34 269.46 -1 -1 -1 -1000 -1000 -1000 -10 1
226 39 Car -1 -1 -1 108.69 205.35 412.45 371.94 -1 -1 -1 -1000 -1000 -1000 -10 1
227 42 Car -1 -1 -1 404.98 186.79 524.36 271.58 -1 -1 -1 -1000 -1000 -1000 -10 1
227 39 Car -1 -1 -1 39.87 204.26 393.03 373.95 -1 -1 -1 -1000 -1000 -1000 -10 1
228 42 Car -1 -1 -1 394.61 183.54 517.65 275.45 -1 -1 -1 -1000 -1000 -1000 -10 1
228 39 Car -1 -1 -1 8.50 202.83 379.06 374.19 -1 -1 -1 -1000 -1000 -1000 -10 1
229 42 Car -1 -1 -1 378.11 184.88 510.00 284.74 -1 -1 -1 -1000 -1000 -1000 -10 1
229 39 Car -1 -1 -1 -16.33 204.03 352.84 376.48 -1 -1 -1 -1000 -1000 -1000 -10 1
230 42 Car -1 -1 -1 357.51 190.11 500.34 297.99 -1 -1 -1 -1000 -1000 -1000 -10 1
230 39 Car -1 -1 -1 -21.60 212.80 323.90 373.87 -1 -1 -1 -1000 -1000 -1000 -10 1
231 42 Car -1 -1 -1 334.93 192.71 489.31 312.95 -1 -1 -1 -1000 -1000 -1000 -10 1
232 42 Car -1 -1 -1 307.58 195.10 477.31 328.51 -1 -1 -1 -1000 -1000 -1000 -10 1
233 42 Car -1 -1 -1 273.03 198.95 465.17 350.75 -1 -1 -1 -1000 -1000 -1000 -10 1
234 42 Car -1 -1 -1 229.26 199.80 451.06 364.50 -1 -1 -1 -1000 -1000 -1000 -10 1
235 42 Car -1 -1 -1 168.32 197.54 424.95 372.38 -1 -1 -1 -1000 -1000 -1000 -10 1
236 42 Car -1 -1 -1 96.75 195.46 401.28 375.00 -1 -1 -1 -1000 -1000 -1000 -10 1
237 42 Car -1 -1 -1 34.35 197.11 372.55 375.24 -1 -1 -1 -1000 -1000 -1000 -10 1
238 42 Car -1 -1 -1 1.13 198.55 343.72 378.63 -1 -1 -1 -1000 -1000 -1000 -10 1
239 42 Car -1 -1 -1 -19.97 201.16 296.16 378.04 -1 -1 -1 -1000 -1000 -1000 -10 1
251 44 Car -1 -1 -1 567.45 180.22 592.36 200.98 -1 -1 -1 -1000 -1000 -1000 -10 1
252 44 Car -1 -1 -1 567.43 179.86 594.15 201.77 -1 -1 -1 -1000 -1000 -1000 -10 1
