0 2 Car -1 -1 -1 628.20 172.43 658.92 200.17 -1 -1 -1 -1000 -1000 -1000 -10 1
0 1 Car -1 -1 -1 184.51 184.73 438.39 338.54 -1 -1 -1 -1000 -1000 -1000 -10 1
1 2 Car -1 -1 -1 625.48 170.14 658.44 199.95 -1 -1 -1 -1000 -1000 -1000 -10 1
1 1 Car -1 -1 -1 13.24 188.90 361.33 377.18 -1 -1 -1 -1000 -1000 -1000 -10 1
2 2 Car -1 -1 -1 628.64 172.46 659.54 200.63 -1 -1 -1 -1000 -1000 -1000 -10 1
2 1 Car -1 -1 -1 -29.10 201.15 268.27 376.27 -1 -1 -1 -1000 -1000 -1000 -10 1
3 2 Car -1 -1 -1 628.89 172.25 660.05 200.85 -1 -1 -1 -1000 -1000 -1000 -10 1
4 2 Car -1 -1 -1 630.21 170.52 662.21 199.36 -1 -1 -1 -1000 -1000 -1000 -10 1
5 2 Car -1 -1 -1 630.03 170.63 662.77 199.37 -1 -1 -1 -1000 -1000 -1000 -10 1
6 2 Car -1 -1 -1 630.35 171.20 663.22 199.44 -1 -1 -1 -1000 -1000 -1000 -10 1
7 2 Car -1 -1 -1 631.00 169.97 663.73 198.37 -1 -1 -1 -1000 -1000 -1000 -10 1
8 2 Car -1 -1 -1 629.89 167.47 662.55 196.51 -1 -1 -1 -1000 -1000 -1000 -10 1
9 2 Car -1 -1 -1 630.62 167.22 663.12 196.06 -1 -1 -1 -1000 -1000 -1000 -10 1
10 2 Car -1 -1 -1 629.86 168.25 662.55 196.89 -1 -1 -1 -1000 -1000 -1000 -10 1
11 2 Car -1 -1 -1 629.97 168.61 662.75 197.23 -1 -1 -1 -1000 -1000 -1000 -10 1
12 2 Car -1 -1 -1 630.89 168.29 663.76 196.66 -1 -1 -1 -1000 -1000 -1000 -10 1
13 2 Car -1 -1 -1 633.12 169.17 665.49 197.11 -1 -1 -1 -1000 -1000 -1000 -10 1
14 2 Car -1 -1 -1 634.32 170.08 668.13 196.93 -1 -1 -1 -1000 -1000 -1000 -10 1
15 2 Car -1 -1 -1 635.04 169.92 670.20 196.46 -1 -1 -1 -1000 -1000 -1000 -10 1
16 2 Car -1 -1 -1 636.66 169.09 672.62 195.73 -1 -1 -1 -1000 -1000 -1000 -10 1
17 2 Car -1 -1 -1 637.75 170.01 674.17 196.63 -1 -1 -1 -1000 -1000 -1000 -10 1
18 2 Car -1 -1 -1 640.10 173.39 674.57 199.77 -1 -1 -1 -1000 -1000 -1000 -10 1
19 2 Car -1 -1 -1 642.13 174.94 675.04 201.23 -1 -1 -1 -1000 -1000 -1000 -10 1
20 2 Car -1 -1 -1 645.12 174.01 676.63 200.26 -1 -1 -1 -1000 -1000 -1000 -10 1
21 2 Car -1 -1 -1 646.56 173.13 677.57 199.94 -1 -1 -1 -1000 -1000 -1000 -10 1
22 2 Car -1 -1 -1 645.83 172.08 676.47 198.68 -1 -1 -1 -1000 -1000 -1000 -10 1
23 2 Car -1 -1 -1 646.75 172.46 677.16 198.80 -1 -1 -1 -1000 -1000 -1000 -10 1
24 2 Car -1 -1 -1 645.58 173.44 676.45 199.95 -1 -1 -1 -1000 -1000 -1000 -10 1
25 2 Car -1 -1 -1 645.04 171.52 678.61 197.33 -1 -1 -1 -1000 -1000 -1000 -10 1
26 2 Car -1 -1 -1 644.99 168.75 680.19 194.51 -1 -1 -1 -1000 -1000 -1000 -10 1
27 2 Car -1 -1 -1 645.82 167.70 681.63 193.38 -1 -1 -1 -1000 -1000 -1000 -10 1
28 2 Car -1 -1 -1 646.39 167.84 682.55 193.64 -1 -1 -1 -1000 -1000 -1000 -10 1
29 2 Car -1 -1 -1 645.78 168.22 682.99 194.11 -1 -1 -1 -1000 -1000 -1000 -10 1
30 2 Car -1 -1 -1 647.06 167.56 684.00 193.44 -1 -1 -1 -1000 -1000 -1000 -10 1
31 2 Car -1 -1 -1 647.98 166.99 685.03 193.33 -1 -1 -1 -1000 -1000 -1000 -10 1
35 2 Car -1 -1 -1 652.14 166.93 688.20 196.56 -1 -1 -1 -1000 -1000 -1000 -10 1
36 2 Car -1 -1 -1 652.81 167.55 688.65 197.76 -1 -1 -1 -1000 -1000 -1000 -10 1
37 2 Car -1 -1 -1 653.47 166.61 688.67 196.75 -1 -1 -1 -1000 -1000 -1000 -10 1
38 2 Car -1 -1 -1 653.90 166.35 688.07 196.05 -1 -1 -1 -1000 -1000 -1000 -10 1
39 2 Car -1 -1 -1 654.48 166.42 687.56 195.56 -1 -1 -1 -1000 -1000 -1000 -10 1
40 2 Car -1 -1 -1 653.89 167.36 686.84 196.36 -1 -1 -1 -1000 -1000 -1000 -10 1
41 2 Car -1 -1 -1 653.81 168.71 686.59 197.42 -1 -1 -1 -1000 -1000 -1000 -10 1
42 2 Car -1 -1 -1 655.64 169.18 687.91 197.32 -1 -1 -1 -1000 -1000 -1000 -10 1
43 2 Car -1 -1 -1 656.25 169.23 688.14 197.02 -1 -1 -1 -1000 -1000 -1000 -10 1
44 2 Car -1 -1 -1 658.03 169.24 688.48 196.10 -1 -1 -1 -1000 -1000 -1000 -10 1
45 2 Car -1 -1 -1 657.50 169.29 687.76 196.01 -1 -1 -1 -1000 -1000 -1000 -10 1
46 2 Car -1 -1 -1 657.42 171.32 687.18 197.57 -1 -1 -1 -1000 -1000 -1000 -10 1
47 2 Car -1 -1 -1 658.79 171.61 688.68 198.08 -1 -1 -1 -1000 -1000 -1000 -10 1
48 2 Car -1 -1 -1 658.49 170.26 688.20 197.02 -1 -1 -1 -1000 -1000 -1000 -10 1
49 2 Car -1 -1 -1 659.68 170.45 689.05 196.80 -1 -1 -1 -1000 -1000 -1000 -10 1
50 2 Car -1 -1 -1 659.29 170.79 689.52 197.14 -1 -1 -1 -1000 -1000 -1000 -10 1
51 2 Car -1 -1 -1 658.04 172.83 689.60 198.95 -1 -1 -1 -1000 -1000 -1000 -10 1
52 2 Car -1 -1 -1 661.68 176.34 694.10 202.30 -1 -1 -1 -1000 -1000 -1000 -10 1
53 2 Car -1 -1 -1 659.48 178.02 692.36 203.88 -1 -1 -1 -1000 -1000 -1000 -10 1
54 2 Car -1 -1 -1 660.82 177.43 693.69 203.32 -1 -1 -1 -1000 -1000 -1000 -10 1
55 2 Car -1 -1 -1 660.83 174.02 694.30 200.56 -1 -1 -1 -1000 -1000 -1000 -10 1
56 4 Car -1 -1 -1 598.02 173.21 630.08 198.61 -1 -1 -1 -1000 -1000 -1000 -10 1
56 2 Car -1 -1 -1 663.41 166.75 697.42 194.92 -1 -1 -1 -1000 -1000 -1000 -10 1
57 4 Car -1 -1 -1 587.70 172.24 621.67 198.93 -1 -1 -1 -1000 -1000 -1000 -10 1
57 2 Car -1 -1 -1 664.13 165.38 698.52 194.44 -1 -1 -1 -1000 -1000 -1000 -10 1
58 4 Car -1 -1 -1 575.39 173.99 613.29 202.82 -1 -1 -1 -1000 -1000 -1000 -10 1
58 2 Car -1 -1 -1 662.23 168.12 697.56 197.93 -1 -1 -1 -1000 -1000 -1000 -10 1
59 4 Car -1 -1 -1 561.01 175.70 604.39 207.63 -1 -1 -1 -1000 -1000 -1000 -10 1
59 2 Car -1 -1 -1 660.94 169.29 697.90 200.43 -1 -1 -1 -1000 -1000 -1000 -10 1
60 4 Car -1 -1 -1 547.34 177.56 595.73 212.11 -1 -1 -1 -1000 -1000 -1000 -10 1
60 2 Car -1 -1 -1 659.34 169.43 697.45 200.46 -1 -1 -1 -1000 -1000 -1000 -10 1
61 4 Car -1 -1 -1 530.84 178.66 585.50 217.16 -1 -1 -1 -1000 -1000 -1000 -10 1
61 2 Car -1 -1 -1 656.99 169.26 695.73 201.05 -1 -1 -1 -1000 -1000 -1000 -10 1
62 4 Car -1 -1 -1 512.67 179.09 574.59 221.62 -1 -1 -1 -1000 -1000 -1000 -10 1
62 2 Car -1 -1 -1 656.76 170.68 694.45 202.26 -1 -1 -1 -1000 -1000 -1000 -10 1
63 4 Car -1 -1 -1 491.82 181.74 561.40 226.16 -1 -1 -1 -1000 -1000 -1000 -10 1
63 2 Car -1 -1 -1 658.71 170.55 696.14 202.11 -1 -1 -1 -1000 -1000 -1000 -10 1
64 4 Car -1 -1 -1 462.18 182.04 545.82 233.51 -1 -1 -1 -1000 -1000 -1000 -10 1
64 2 Car -1 -1 -1 657.89 170.69 695.82 202.38 -1 -1 -1 -1000 -1000 -1000 -10 1
65 4 Car -1 -1 -1 424.53 186.60 525.28 246.64 -1 -1 -1 -1000 -1000 -1000 -10 1
65 2 Car -1 -1 -1 658.31 171.74 695.61 203.50 -1 -1 -1 -1000 -1000 -1000 -10 1
66 4 Car -1 -1 -1 381.68 188.91 500.00 260.65 -1 -1 -1 -1000 -1000 -1000 -10 1
66 2 Car -1 -1 -1 660.18 173.00 696.69 204.64 -1 -1 -1 -1000 -1000 -1000 -10 1
67 4 Car -1 -1 -1 315.19 196.58 465.03 282.98 -1 -1 -1 -1000 -1000 -1000 -10 1
67 2 Car -1 -1 -1 658.62 172.89 695.18 204.68 -1 -1 -1 -1000 -1000 -1000 -10 1
68 2 Car -1 -1 -1 658.45 171.83 695.24 203.86 -1 -1 -1 -1000 -1000 -1000 -10 1
69 2 Car -1 -1 -1 658.30 170.68 695.62 203.15 -1 -1 -1 -1000 -1000 -1000 -10 1
70 2 Car -1 -1 -1 659.64 170.15 696.06 202.21 -1 -1 -1 -1000 -1000 -1000 -10 1
71 2 Car -1 -1 -1 661.94 170.46 697.94 201.99 -1 -1 -1 -1000 -1000 -1000 -10 1
72 2 Car -1 -1 -1 662.24 172.50 698.05 203.19 -1 -1 -1 -1000 -1000 -1000 -10 1
73 2 Car -1 -1 -1 663.36 172.13 699.35 202.21 -1 -1 -1 -1000 -1000 -1000 -10 1
74 2 Car -1 -1 -1 662.20 169.37 698.89 199.48 -1 -1 -1 -1000 -1000 -1000 -10 1
75 2 Car -1 -1 -1 662.68 168.37 700.21 198.49 -1 -1 -1 -1000 -1000 -1000 -10 1
76 2 Car -1 -1 -1 661.96 171.03 698.95 200.66 -1 -1 -1 -1000 -1000 -1000 -10 1
77 2 Car -1 -1 -1 659.91 173.10 697.01 203.13 -1 -1 -1 -1000 -1000 -1000 -10 1
78 2 Car -1 -1 -1 661.36 173.05 697.83 203.42 -1 -1 -1 -1000 -1000 -1000 -10 1
79 2 Car -1 -1 -1 661.77 173.27 698.36 203.93 -1 -1 -1 -1000 -1000 -1000 -10 1
80 2 Car -1 -1 -1 661.23 169.85 698.28 201.53 -1 -1 -1 -1000 -1000 -1000 -10 1
81 2 Car -1 -1 -1 660.53 166.13 697.33 198.10 -1 -1 -1 -1000 -1000 -1000 -10 1
82 2 Car -1 -1 -1 659.40 161.88 696.70 194.02 -1 -1 -1 -1000 -1000 -1000 -10 1
83 2 Car -1 -1 -1 657.40 160.76 695.45 193.21 -1 -1 -1 -1000 -1000 -1000 -10 1
84 2 Car -1 -1 -1 657.06 163.83 695.72 196.63 -1 -1 -1 -1000 -1000 -1000 -10 1
85 2 Car -1 -1 -1 658.75 169.93 697.77 203.04 -1 -1 -1 -1000 -1000 -1000 -10 1
86 2 Car -1 -1 -1 658.09 174.08 698.37 207.49 -1 -1 -1 -1000 -1000 -1000 -10 1
87 2 Car -1 -1 -1 658.01 173.83 698.73 207.63 -1 -1 -1 -1000 -1000 -1000 -10 1
88 2 Car -1 -1 -1 656.82 169.90 696.96 203.28 -1 -1 -1 -1000 -1000 -1000 -10 1
89 2 Car -1 -1 -1 653.98 164.49 694.35 197.64 -1 -1 -1 -1000 -1000 -1000 -10 1
90 2 Car -1 -1 -1 651.65 163.56 692.00 196.62 -1 -1 -1 -1000 -1000 -1000 -10 1
91 2 Car -1 -1 -1 650.41 163.92 691.27 197.59 -1 -1 -1 -1000 -1000 -1000 -10 1
92 2 Car -1 -1 -1 649.73 164.16 691.38 197.93 -1 -1 -1 -1000 -1000 -1000 -10 1
93 2 Car -1 -1 -1 648.73 166.03 691.24 199.47 -1 -1 -1 -1000 -1000 -1000 -10 1
94 2 Car -1 -1 -1 648.98 166.23 691.71 200.11 -1 -1 -1 -1000 -1000 -1000 -10 1
100 2 Car -1 -1 -1 639.79 167.03 686.33 199.17 -1 -1 -1 -1000 -1000 -1000 -10 1
101 2 Car -1 -1 -1 639.43 165.94 686.06 198.86 -1 -1 -1 -1000 -1000 -1000 -10 1
102 2 Car -1 -1 -1 637.95 164.46 684.55 198.02 -1 -1 -1 -1000 -1000 -1000 -10 1
103 2 Car -1 -1 -1 641.02 166.80 685.11 199.80 -1 -1 -1 -1000 -1000 -1000 -10 1
104 2 Car -1 -1 -1 638.51 171.94 682.65 205.67 -1 -1 -1 -1000 -1000 -1000 -10 1
108 2 Car -1 -1 -1 633.44 167.24 676.26 203.27 -1 -1 -1 -1000 -1000 -1000 -10 1
109 2 Car -1 -1 -1 632.80 165.48 674.72 201.92 -1 -1 -1 -1000 -1000 -1000 -10 1
110 2 Car -1 -1 -1 633.73 165.28 674.42 200.66 -1 -1 -1 -1000 -1000 -1000 -10 1
111 2 Car -1 -1 -1 634.44 167.30 674.72 201.86 -1 -1 -1 -1000 -1000 -1000 -10 1
112 2 Car -1 -1 -1 634.65 167.66 675.20 202.09 -1 -1 -1 -1000 -1000 -1000 -10 1
113 2 Car -1 -1 -1 634.06 169.90 675.92 204.38 -1 -1 -1 -1000 -1000 -1000 -10 1
114 2 Car -1 -1 -1 633.79 173.02 676.48 207.44 -1 -1 -1 -1000 -1000 -1000 -10 1
115 2 Car -1 -1 -1 633.79 175.28 677.14 210.04 -1 -1 -1 -1000 -1000 -1000 -10 1
116 2 Car -1 -1 -1 634.00 174.90 677.20 210.31 -1 -1 -1 -1000 -1000 -1000 -10 1
117 2 Car -1 -1 -1 632.95 173.67 677.13 210.75 -1 -1 -1 -1000 -1000 -1000 -10 1
118 2 Car -1 -1 -1 631.81 172.44 676.39 210.15 -1 -1 -1 -1000 -1000 -1000 -10 1
119 2 Car -1 -1 -1 630.65 173.24 675.61 210.75 -1 -1 -1 -1000 -1000 -1000 -10 1
120 2 Car -1 -1 -1 628.08 173.62 673.45 211.52 -1 -1 -1 -1000 -1000 -1000 -10 1
121 2 Car -1 -1 -1 626.80 174.97 672.84 213.17 -1 -1 -1 -1000 -1000 -1000 -10 1
122 2 Car -1 -1 -1 626.07 174.91 671.74 212.42 -1 -1 -1 -1000 -1000 -1000 -10 1
123 2 Car -1 -1 -1 624.28 172.79 669.63 210.17 -1 -1 -1 -1000 -1000 -1000 -10 1
124 2 Car -1 -1 -1 623.92 172.94 669.16 209.91 -1 -1 -1 -1000 -1000 -1000 -10 1
125 2 Car -1 -1 -1 621.12 173.85 666.29 211.06 -1 -1 -1 -1000 -1000 -1000 -10 1
126 2 Car -1 -1 -1 618.93 174.19 664.10 212.00 -1 -1 -1 -1000 -1000 -1000 -10 1
127 2 Car -1 -1 -1 615.87 173.25 660.44 210.83 -1 -1 -1 -1000 -1000 -1000 -10 1
128 2 Car -1 -1 -1 614.99 172.74 660.42 211.41 -1 -1 -1 -1000 -1000 -1000 -10 1
129 2 Car -1 -1 -1 615.64 174.42 662.86 215.00 -1 -1 -1 -1000 -1000 -1000 -10 1
130 2 Car -1 -1 -1 614.25 177.84 663.42 220.43 -1 -1 -1 -1000 -1000 -1000 -10 1
131 2 Car -1 -1 -1 611.93 177.49 662.58 221.05 -1 -1 -1 -1000 -1000 -1000 -10 1
132 2 Car -1 -1 -1 609.40 176.13 659.95 219.25 -1 -1 -1 -1000 -1000 -1000 -10 1
133 2 Car -1 -1 -1 612.65 172.15 662.07 214.75 -1 -1 -1 -1000 -1000 -1000 -10 1
134 2 Car -1 -1 -1 609.71 171.66 659.27 213.92 -1 -1 -1 -1000 -1000 -1000 -10 1
135 2 Car -1 -1 -1 607.50 174.06 658.46 217.21 -1 -1 -1 -1000 -1000 -1000 -10 1
136 2 Car -1 -1 -1 605.83 175.17 657.80 219.06 -1 -1 -1 -1000 -1000 -1000 -10 1
137 2 Car -1 -1 -1 605.04 172.79 657.29 217.27 -1 -1 -1 -1000 -1000 -1000 -10 1
138 8 Car -1 -1 -1 546.99 178.67 581.96 204.15 -1 -1 -1 -1000 -1000 -1000 -10 1
138 2 Car -1 -1 -1 604.43 171.71 657.19 216.87 -1 -1 -1 -1000 -1000 -1000 -10 1
139 8 Car -1 -1 -1 537.53 179.77 576.34 207.27 -1 -1 -1 -1000 -1000 -1000 -10 1
139 2 Car -1 -1 -1 602.53 173.53 654.52 218.58 -1 -1 -1 -1000 -1000 -1000 -10 1
140 8 Car -1 -1 -1 527.36 181.02 570.34 211.25 -1 -1 -1 -1000 -1000 -1000 -10 1
140 2 Car -1 -1 -1 601.11 174.06 653.23 219.84 -1 -1 -1 -1000 -1000 -1000 -10 1
141 8 Car -1 -1 -1 513.51 182.08 561.45 215.34 -1 -1 -1 -1000 -1000 -1000 -10 1
141 2 Car -1 -1 -1 601.02 174.70 653.56 221.18 -1 -1 -1 -1000 -1000 -1000 -10 1
142 8 Car -1 -1 -1 498.75 183.22 551.30 219.32 -1 -1 -1 -1000 -1000 -1000 -10 1
142 2 Car -1 -1 -1 600.80 174.09 654.10 221.39 -1 -1 -1 -1000 -1000 -1000 -10 1
143 8 Car -1 -1 -1 479.37 182.44 540.22 223.03 -1 -1 -1 -1000 -1000 -1000 -10 1
143 2 Car -1 -1 -1 602.72 174.25 655.46 221.50 -1 -1 -1 -1000 -1000 -1000 -10 1
144 8 Car -1 -1 -1 456.76 184.98 527.30 228.79 -1 -1 -1 -1000 -1000 -1000 -10 1
144 2 Car -1 -1 -1 603.31 175.27 656.37 222.80 -1 -1 -1 -1000 -1000 -1000 -10 1
145 8 Car -1 -1 -1 429.96 185.94 509.82 236.62 -1 -1 -1 -1000 -1000 -1000 -10 1
145 2 Car -1 -1 -1 603.21 174.42 656.39 222.50 -1 -1 -1 -1000 -1000 -1000 -10 1
146 8 Car -1 -1 -1 394.13 187.55 488.72 246.37 -1 -1 -1 -1000 -1000 -1000 -10 1
146 2 Car -1 -1 -1 604.25 171.15 657.42 219.84 -1 -1 -1 -1000 -1000 -1000 -10 1
147 8 Car -1 -1 -1 347.57 191.37 462.44 260.21 -1 -1 -1 -1000 -1000 -1000 -10 1
147 2 Car -1 -1 -1 608.92 170.34 660.77 218.16 -1 -1 -1 -1000 -1000 -1000 -10 1
148 2 Car -1 -1 -1 614.87 169.44 665.44 216.15 -1 -1 -1 -1000 -1000 -1000 -10 1
149 2 Car -1 -1 -1 607.49 171.38 658.82 219.47 -1 -1 -1 -1000 -1000 -1000 -10 1
150 2 Car -1 -1 -1 604.80 171.49 657.22 221.03 -1 -1 -1 -1000 -1000 -1000 -10 1
151 2 Car -1 -1 -1 603.69 170.72 656.60 220.58 -1 -1 -1 -1000 -1000 -1000 -10 1
152 2 Car -1 -1 -1 603.64 169.06 656.50 219.40 -1 -1 -1 -1000 -1000 -1000 -10 1
153 2 Car -1 -1 -1 603.72 168.52 656.26 218.86 -1 -1 -1 -1000 -1000 -1000 -10 1
154 2 Car -1 -1 -1 604.40 168.65 658.17 218.42 -1 -1 -1 -1000 -1000 -1000 -10 1
155 2 Car -1 -1 -1 602.60 171.06 658.47 221.12 -1 -1 -1 -1000 -1000 -1000 -10 1
156 2 Car -1 -1 -1 600.61 172.18 658.28 222.38 -1 -1 -1 -1000 -1000 -1000 -10 1
157 2 Car -1 -1 -1 599.61 172.88 658.60 222.40 -1 -1 -1 -1000 -1000 -1000 -10 1
158 2 Car -1 -1 -1 598.45 173.62 658.25 223.48 -1 -1 -1 -1000 -1000 -1000 -10 1
159 2 Car -1 -1 -1 598.66 173.71 659.16 223.77 -1 -1 -1 -1000 -1000 -1000 -10 1
160 2 Car -1 -1 -1 599.74 173.53 659.94 223.75 -1 -1 -1 -1000 -1000 -1000 -10 1
161 2 Car -1 -1 -1 599.43 173.02 659.90 223.59 -1 -1 -1 -1000 -1000 -1000 -10 1
162 2 Car -1 -1 -1 598.69 173.59 658.22 223.82 -1 -1 -1 -1000 -1000 -1000 -10 1
163 2 Car -1 -1 -1 597.51 173.73 656.83 224.41 -1 -1 -1 -1000 -1000 -1000 -10 1
164 2 Car -1 -1 -1 596.30 172.86 655.12 223.67 -1 -1 -1 -1000 -1000 -1000 -10 1
165 2 Car -1 -1 -1 594.03 172.80 653.02 224.39 -1 -1 -1 -1000 -1000 -1000 -10 1
166 2 Car -1 -1 -1 592.50 170.63 651.01 223.06 -1 -1 -1 -1000 -1000 -1000 -10 1
167 2 Car -1 -1 -1 593.38 171.10 651.68 223.57 -1 -1 -1 -1000 -1000 -1000 -10 1
168 2 Car -1 -1 -1 592.99 172.34 651.25 224.81 -1 -1 -1 -1000 -1000 -1000 -10 1
169 2 Car -1 -1 -1 591.82 173.85 650.60 226.68 -1 -1 -1 -1000 -1000 -1000 -10 1
170 2 Car -1 -1 -1 590.19 175.11 650.02 228.60 -1 -1 -1 -1000 -1000 -1000 -10 1
171 2 Car -1 -1 -1 590.04 173.35 649.70 227.27 -1 -1 -1 -1000 -1000 -1000 -10 1
172 2 Car -1 -1 -1 589.25 172.88 648.76 226.88 -1 -1 -1 -1000 -1000 -1000 -10 1
173 2 Car -1 -1 -1 588.82 172.74 648.69 227.31 -1 -1 -1 -1000 -1000 -1000 -10 1
174 2 Car -1 -1 -1 586.81 172.08 647.00 226.99 -1 -1 -1 -1000 -1000 -1000 -10 1
175 2 Car -1 -1 -1 584.82 171.77 645.65 227.47 -1 -1 -1 -1000 -1000 -1000 -10 1
177 2 Car -1 -1 -1 583.18 169.05 644.37 225.59 -1 -1 -1 -1000 -1000 -1000 -10 1
180 12 Car -1 -1 -1 582.74 172.79 641.62 228.24 -1 -1 -1 -1000 -1000 -1000 -10 1
181 12 Car -1 -1 -1 582.78 170.33 641.67 225.31 -1 -1 -1 -1000 -1000 -1000 -10 1
182 12 Car -1 -1 -1 583.01 170.03 641.24 223.80 -1 -1 -1 -1000 -1000 -1000 -10 1
183 12 Car -1 -1 -1 584.28 169.30 641.89 222.59 -1 -1 -1 -1000 -1000 -1000 -10 1
184 12 Car -1 -1 -1 584.39 170.97 641.84 224.40 -1 -1 -1 -1000 -1000 -1000 -10 1
185 12 Car -1 -1 -1 584.79 171.58 643.02 225.41 -1 -1 -1 -1000 -1000 -1000 -10 1
186 12 Car -1 -1 -1 583.40 174.14 645.84 228.84 -1 -1 -1 -1000 -1000 -1000 -10 1
187 12 Car -1 -1 -1 582.84 176.16 648.24 231.54 -1 -1 -1 -1000 -1000 -1000 -10 1
188 12 Car -1 -1 -1 582.27 174.20 648.00 231.05 -1 -1 -1 -1000 -1000 -1000 -10 1
189 12 Car -1 -1 -1 582.34 173.15 647.68 230.34 -1 -1 -1 -1000 -1000 -1000 -10 1
190 12 Car -1 -1 -1 583.29 172.79 648.12 229.89 -1 -1 -1 -1000 -1000 -1000 -10 1
191 12 Car -1 -1 -1 583.34 172.74 647.72 229.69 -1 -1 -1 -1000 -1000 -1000 -10 1
192 12 Car -1 -1 -1 583.99 170.02 648.54 227.63 -1 -1 -1 -1000 -1000 -1000 -10 1
193 12 Car -1 -1 -1 584.56 170.82 649.29 228.71 -1 -1 -1 -1000 -1000 -1000 -10 1
194 12 Car -1 -1 -1 584.51 174.13 651.07 231.56 -1 -1 -1 -1000 -1000 -1000 -10 1
195 12 Car -1 -1 -1 585.97 172.92 651.80 230.42 -1 -1 -1 -1000 -1000 -1000 -10 1
196 12 Car -1 -1 -1 587.46 168.60 652.17 226.59 -1 -1 -1 -1000 -1000 -1000 -10 1
197 12 Car -1 -1 -1 588.29 165.01 652.46 223.47 -1 -1 -1 -1000 -1000 -1000 -10 1
198 12 Car -1 -1 -1 588.93 166.36 652.83 225.04 -1 -1 -1 -1000 -1000 -1000 -10 1
199 12 Car -1 -1 -1 586.24 173.07 652.83 230.86 -1 -1 -1 -1000 -1000 -1000 -10 1
200 12 Car -1 -1 -1 585.96 175.17 651.42 232.46 -1 -1 -1 -1000 -1000 -1000 -10 1
201 12 Car -1 -1 -1 586.19 175.06 650.80 231.93 -1 -1 -1 -1000 -1000 -1000 -10 1
202 12 Car -1 -1 -1 586.23 175.21 650.26 231.66 -1 -1 -1 -1000 -1000 -1000 -10 1
203 12 Car -1 -1 -1 584.78 175.51 648.49 231.99 -1 -1 -1 -1000 -1000 -1000 -10 1
204 12 Car -1 -1 -1 585.21 177.79 648.69 234.01 -1 -1 -1 -1000 -1000 -1000 -10 1
205 12 Car -1 -1 -1 585.33 178.51 649.61 235.33 -1 -1 -1 -1000 -1000 -1000 -10 1
206 12 Car -1 -1 -1 585.27 177.63 650.20 235.14 -1 -1 -1 -1000 -1000 -1000 -10 1
207 12 Car -1 -1 -1 584.71 177.67 650.19 236.01 -1 -1 -1 -1000 -1000 -1000 -10 1
208 12 Car -1 -1 -1 586.22 177.10 651.44 235.70 -1 -1 -1 -1000 -1000 -1000 -10 1
209 12 Car -1 -1 -1 586.13 176.65 651.56 235.75 -1 -1 -1 -1000 -1000 -1000 -10 1
210 12 Car -1 -1 -1 586.29 174.30 650.43 232.45 -1 -1 -1 -1000 -1000 -1000 -10 1
211 12 Car -1 -1 -1 586.49 174.44 649.81 230.88 -1 -1 -1 -1000 -1000 -1000 -10 1
212 12 Car -1 -1 -1 585.55 174.61 647.62 229.48 -1 -1 -1 -1000 -1000 -1000 -10 1
213 12 Car -1 -1 -1 583.49 173.12 644.48 227.59 -1 -1 -1 -1000 -1000 -1000 -10 1
214 12 Car -1 -1 -1 584.32 174.93 644.62 228.40 -1 -1 -1 -1000 -1000 -1000 -10 1
215 12 Car -1 -1 -1 582.63 176.07 642.93 229.16 -1 -1 -1 -1000 -1000 -1000 -10 1
216 12 Car -1 -1 -1 581.48 176.25 641.64 229.58 -1 -1 -1 -1000 -1000 -1000 -10 1
217 12 Car -1 -1 -1 580.55 176.65 640.70 229.64 -1 -1 -1 -1000 -1000 -1000 -10 1
218 12 Car -1 -1 -1 580.75 172.09 640.41 225.22 -1 -1 -1 -1000 -1000 -1000 -10 1
219 12 Car -1 -1 -1 581.02 170.69 640.72 223.84 -1 -1 -1 -1000 -1000 -1000 -10 1
220 12 Car -1 -1 -1 579.68 171.09 639.07 224.41 -1 -1 -1 -1000 -1000 -1000 -10 1
221 12 Car -1 -1 -1 578.69 171.70 638.98 226.23 -1 -1 -1 -1000 -1000 -1000 -10 1
223 12 Car -1 -1 -1 580.91 171.30 641.69 226.08 -1 -1 -1 -1000 -1000 -1000 -10 1
224 12 Car -1 -1 -1 581.67 170.06 642.69 225.28 -1 -1 -1 -1000 -1000 -1000 -10 1
225 12 Car -1 -1 -1 581.20 170.45 642.19 225.67 -1 -1 -1 -1000 -1000 -1000 -10 1
226 12 Car -1 -1 -1 580.52 171.76 640.84 226.91 -1 -1 -1 -1000 -1000 -1000 -10 1
227 12 Car -1 -1 -1 581.69 173.33 641.19 228.02 -1 -1 -1 -1000 -1000 -1000 -10 1
228 12 Car -1 -1 -1 581.40 174.64 640.83 229.28 -1 -1 -1 -1000 -1000 -1000 -10 1
229 12 Car -1 -1 -1 581.19 175.41 640.73 229.64 -1 -1 -1 -1000 -1000 -1000 -10 1
230 12 Car -1 -1 -1 580.08 177.25 642.99 231.23 -1 -1 -1 -1000 -1000 -1000 -10 1
231 12 Car -1 -1 -1 579.45 176.92 641.82 230.91 -1 -1 -1 -1000 -1000 -1000 -10 1
232 12 Car -1 -1 -1 579.95 175.34 641.29 229.11 -1 -1 -1 -1000 -1000 -1000 -10 1
233 12 Car -1 -1 -1 580.36 174.21 641.91 228.08 -1 -1 -1 -1000 -1000 -1000 -10 1
234 12 Car -1 -1 -1 581.42 173.28 642.89 227.06 -1 -1 -1 -1000 -1000 -1000 -10 1
235 12 Car -1 -1 -1 581.92 172.96 642.89 226.69 -1 -1 -1 -1000 -1000 -1000 -10 1
236 12 Car -1 -1 -1 581.90 173.69 642.88 227.64 -1 -1 -1 -1000 -1000 -1000 -10 1
237 12 Car -1 -1 -1 580.87 175.08 641.71 229.14 -1 -1 -1 -1000 -1000 -1000 -10 1
238 12 Car -1 -1 -1 579.09 177.89 643.17 231.92 -1 -1 -1 -1000 -1000 -1000 -10 1
239 12 Car -1 -1 -1 577.64 178.08 644.12 232.35 -1 -1 -1 -1000 -1000 -1000 -10 1
240 12 Car -1 -1 -1 577.95 178.55 645.13 232.52 -1 -1 -1 -1000 -1000 -1000 -10 1
242 12 Car -1 -1 -1 575.14 177.14 644.69 232.17 -1 -1 -1 -1000 -1000 -1000 -10 1
243 12 Car -1 -1 -1 575.02 176.90 644.87 231.04 -1 -1 -1 -1000 -1000 -1000 -10 1
244 12 Car -1 -1 -1 577.51 174.22 644.44 227.66 -1 -1 -1 -1000 -1000 -1000 -10 1
245 12 Car -1 -1 -1 577.64 174.13 641.31 226.19 -1 -1 -1 -1000 -1000 -1000 -10 1
246 12 Car -1 -1 -1 574.45 175.26 636.99 226.54 -1 -1 -1 -1000 -1000 -1000 -10 1
247 12 Car -1 -1 -1 575.01 175.30 637.91 227.30 -1 -1 -1 -1000 -1000 -1000 -10 1
248 12 Car -1 -1 -1 574.67 174.79 637.97 227.73 -1 -1 -1 -1000 -1000 -1000 -10 1
249 12 Car -1 -1 -1 572.59 175.31 635.50 228.13 -1 -1 -1 -1000 -1000 -1000 -10 1
250 12 Car -1 -1 -1 569.42 175.11 633.34 229.01 -1 -1 -1 -1000 -1000 -1000 -10 1
251 12 Car -1 -1 -1 567.93 176.13 632.86 231.19 -1 -1 -1 -1000 -1000 -1000 -10 1
252 12 Car -1 -1 -1 566.42 176.94 631.39 231.80 -1 -1 -1 -1000 -1000 -1000 -10 1
253 12 Car -1 -1 -1 564.48 175.63 628.95 230.33 -1 -1 -1 -1000 -1000 -1000 -10 1
254 12 Car -1 -1 -1 561.98 174.81 626.24 230.05 -1 -1 -1 -1000 -1000 -1000 -10 1
255 12 Car -1 -1 -1 561.86 174.20 625.30 230.40 -1 -1 -1 -1000 -1000 -1000 -10 1
256 12 Car -1 -1 -1 562.33 174.01 625.74 230.78 -1 -1 -1 -1000 -1000 -1000 -10 1
257 12 Car -1 -1 -1 562.16 173.18 625.31 230.52 -1 -1 -1 -1000 -1000 -1000 -10 1
258 12 Car -1 -1 -1 560.66 171.12 624.19 229.75 -1 -1 -1 -1000 -1000 -1000 -10 1
259 12 Car -1 -1 -1 559.26 169.93 623.69 229.76 -1 -1 -1 -1000 -1000 -1000 -10 1
260 12 Car -1 -1 -1 559.65 169.07 624.17 229.04 -1 -1 -1 -1000 -1000 -1000 -10 1
261 12 Car -1 -1 -1 559.77 167.50 623.92 227.50 -1 -1 -1 -1000 -1000 -1000 -10 1
262 12 Car -1 -1 -1 558.77 168.92 622.71 229.09 -1 -1 -1 -1000 -1000 -1000 -10 1
263 12 Car -1 -1 -1 559.20 170.52 623.26 231.06 -1 -1 -1 -1000 -1000 -1000 -10 1
264 12 Car -1 -1 -1 558.45 171.92 622.75 232.77 -1 -1 -1 -1000 -1000 -1000 -10 1
266 12 Car -1 -1 -1 558.15 171.98 621.77 232.78 -1 -1 -1 -1000 -1000 -1000 -10 1
267 12 Car -1 -1 -1 558.93 171.89 621.94 232.40 -1 -1 -1 -1000 -1000 -1000 -10 1
268 12 Car -1 -1 -1 559.46 172.67 621.99 233.03 -1 -1 -1 -1000 -1000 -1000 -10 1
269 12 Car -1 -1 -1 559.27 173.68 622.32 234.42 -1 -1 -1 -1000 -1000 -1000 -10 1
270 12 Car -1 -1 -1 559.78 172.91 623.05 232.95 -1 -1 -1 -1000 -1000 -1000 -10 1
271 12 Car -1 -1 -1 561.32 172.14 624.21 232.28 -1 -1 -1 -1000 -1000 -1000 -10 1
272 12 Car -1 -1 -1 561.46 173.08 624.90 233.70 -1 -1 -1 -1000 -1000 -1000 -10 1
273 12 Car -1 -1 -1 560.16 172.44 624.06 233.58 -1 -1 -1 -1000 -1000 -1000 -10 1
274 12 Car -1 -1 -1 559.79 171.85 623.96 233.84 -1 -1 -1 -1000 -1000 -1000 -10 1
275 12 Car -1 -1 -1 559.84 174.31 625.00 235.12 -1 -1 -1 -1000 -1000 -1000 -10 1
276 12 Car -1 -1 -1 558.97 173.72 622.65 234.48 -1 -1 -1 -1000 -1000 -1000 -10 1
277 12 Car -1 -1 -1 557.78 175.28 621.19 235.76 -1 -1 -1 -1000 -1000 -1000 -10 1
278 12 Car -1 -1 -1 559.35 175.25 622.62 235.41 -1 -1 -1 -1000 -1000 -1000 -10 1
279 12 Car -1 -1 -1 558.94 175.07 622.56 235.52 -1 -1 -1 -1000 -1000 -1000 -10 1
280 12 Car -1 -1 -1 559.15 172.59 621.94 233.04 -1 -1 -1 -1000 -1000 -1000 -10 1
281 12 Car -1 -1 -1 558.57 171.26 621.57 232.28 -1 -1 -1 -1000 -1000 -1000 -10 1
282 12 Car -1 -1 -1 559.96 169.66 621.87 230.92 -1 -1 -1 -1000 -1000 -1000 -10 1
283 12 Car -1 -1 -1 559.83 169.47 621.50 230.52 -1 -1 -1 -1000 -1000 -1000 -10 1
284 12 Car -1 -1 -1 556.06 170.26 618.31 231.95 -1 -1 -1 -1000 -1000 -1000 -10 1
285 12 Car -1 -1 -1 554.44 171.49 617.37 233.24 -1 -1 -1 -1000 -1000 -1000 -10 1
286 12 Car -1 -1 -1 553.70 171.44 616.06 233.13 -1 -1 -1 -1000 -1000 -1000 -10 1
287 12 Car -1 -1 -1 552.78 171.10 614.56 232.72 -1 -1 -1 -1000 -1000 -1000 -10 1
288 12 Car -1 -1 -1 551.64 171.56 614.11 234.34 -1 -1 -1 -1000 -1000 -1000 -10 1
289 12 Car -1 -1 -1 550.96 172.42 615.16 235.93 -1 -1 -1 -1000 -1000 -1000 -10 1
290 12 Car -1 -1 -1 550.55 172.75 616.54 236.49 -1 -1 -1 -1000 -1000 -1000 -10 1
291 12 Car -1 -1 -1 547.67 172.78 615.33 236.78 -1 -1 -1 -1000 -1000 -1000 -10 1
292 12 Car -1 -1 -1 546.51 171.66 615.41 236.10 -1 -1 -1 -1000 -1000 -1000 -10 1
293 12 Car -1 -1 -1 545.49 171.29 615.09 235.99 -1 -1 -1 -1000 -1000 -1000 -10 1
294 12 Car -1 -1 -1 545.30 173.49 616.24 236.24 -1 -1 -1 -1000 -1000 -1000 -10 1
295 12 Car -1 -1 -1 545.60 174.94 617.20 235.91 -1 -1 -1 -1000 -1000 -1000 -10 1
296 12 Car -1 -1 -1 545.41 174.92 616.90 234.89 -1 -1 -1 -1000 -1000 -1000 -10 1
297 12 Car -1 -1 -1 546.54 171.81 618.23 231.46 -1 -1 -1 -1000 -1000 -1000 -10 1
298 12 Car -1 -1 -1 549.32 171.41 620.91 231.49 -1 -1 -1 -1000 -1000 -1000 -10 1
299 12 Car -1 -1 -1 550.75 171.16 621.59 232.47 -1 -1 -1 -1000 -1000 -1000 -10 1
300 12 Car -1 -1 -1 553.00 173.84 623.85 234.18 -1 -1 -1 -1000 -1000 -1000 -10 1
301 12 Car -1 -1 -1 554.79 176.33 625.93 236.64 -1 -1 -1 -1000 -1000 -1000 -10 1
302 12 Car -1 -1 -1 555.97 177.26 627.24 237.47 -1 -1 -1 -1000 -1000 -1000 -10 1
303 12 Car -1 -1 -1 556.12 174.19 627.85 234.97 -1 -1 -1 -1000 -1000 -1000 -10 1
304 12 Car -1 -1 -1 555.56 172.51 627.80 232.96 -1 -1 -1 -1000 -1000 -1000 -10 1
305 12 Car -1 -1 -1 556.68 171.91 628.56 232.27 -1 -1 -1 -1000 -1000 -1000 -10 1
307 12 Car -1 -1 -1 560.60 168.90 628.91 229.32 -1 -1 -1 -1000 -1000 -1000 -10 1
308 12 Car -1 -1 -1 561.69 168.50 629.28 229.07 -1 -1 -1 -1000 -1000 -1000 -10 1
309 12 Car -1 -1 -1 562.87 169.57 629.83 230.05 -1 -1 -1 -1000 -1000 -1000 -10 1
310 12 Car -1 -1 -1 562.52 171.54 630.07 232.21 -1 -1 -1 -1000 -1000 -1000 -10 1
311 12 Car -1 -1 -1 560.10 172.11 628.19 233.29 -1 -1 -1 -1000 -1000 -1000 -10 1
312 12 Car -1 -1 -1 559.41 172.67 627.80 233.99 -1 -1 -1 -1000 -1000 -1000 -10 1
313 12 Car -1 -1 -1 560.28 171.35 628.89 233.02 -1 -1 -1 -1000 -1000 -1000 -10 1
314 12 Car -1 -1 -1 559.21 169.46 628.24 231.33 -1 -1 -1 -1000 -1000 -1000 -10 1
315 12 Car -1 -1 -1 559.08 171.63 630.05 232.33 -1 -1 -1 -1000 -1000 -1000 -10 1
316 12 Car -1 -1 -1 561.21 172.46 631.35 232.82 -1 -1 -1 -1000 -1000 -1000 -10 1
317 12 Car -1 -1 -1 563.60 173.42 633.14 234.02 -1 -1 -1 -1000 -1000 -1000 -10 1
318 12 Car -1 -1 -1 564.92 173.41 633.96 234.17 -1 -1 -1 -1000 -1000 -1000 -10 1
319 12 Car -1 -1 -1 565.55 174.16 634.79 234.62 -1 -1 -1 -1000 -1000 -1000 -10 1
320 12 Car -1 -1 -1 564.02 175.36 634.52 235.46 -1 -1 -1 -1000 -1000 -1000 -10 1
321 12 Car -1 -1 -1 565.50 174.73 636.02 234.12 -1 -1 -1 -1000 -1000 -1000 -10 1
322 12 Car -1 -1 -1 565.92 174.19 636.87 234.26 -1 -1 -1 -1000 -1000 -1000 -10 1
323 12 Car -1 -1 -1 566.06 173.44 638.26 234.67 -1 -1 -1 -1000 -1000 -1000 -10 1
324 12 Car -1 -1 -1 565.98 172.77 639.19 235.14 -1 -1 -1 -1000 -1000 -1000 -10 1
325 12 Car -1 -1 -1 566.30 172.71 640.01 236.20 -1 -1 -1 -1000 -1000 -1000 -10 1
326 12 Car -1 -1 -1 565.41 175.71 640.08 238.31 -1 -1 -1 -1000 -1000 -1000 -10 1
327 12 Car -1 -1 -1 566.00 176.77 641.86 239.83 -1 -1 -1 -1000 -1000 -1000 -10 1
328 12 Car -1 -1 -1 565.74 176.01 641.90 239.30 -1 -1 -1 -1000 -1000 -1000 -10 1
329 12 Car -1 -1 -1 566.56 176.56 642.53 239.47 -1 -1 -1 -1000 -1000 -1000 -10 1
330 12 Car -1 -1 -1 563.52 175.78 641.22 239.40 -1 -1 -1 -1000 -1000 -1000 -10 1
331 12 Car -1 -1 -1 564.08 173.83 641.56 237.53 -1 -1 -1 -1000 -1000 -1000 -10 1
332 12 Car -1 -1 -1 563.84 173.09 641.00 236.83 -1 -1 -1 -1000 -1000 -1000 -10 1
333 12 Car -1 -1 -1 564.86 173.80 641.03 237.44 -1 -1 -1 -1000 -1000 -1000 -10 1
334 12 Car -1 -1 -1 565.57 174.56 640.21 237.59 -1 -1 -1 -1000 -1000 -1000 -10 1
335 12 Car -1 -1 -1 565.88 175.82 638.96 238.25 -1 -1 -1 -1000 -1000 -1000 -10 1
336 12 Car -1 -1 -1 565.55 174.93 636.94 236.87 -1 -1 -1 -1000 -1000 -1000 -10 1
337 12 Car -1 -1 -1 564.74 173.29 635.46 234.75 -1 -1 -1 -1000 -1000 -1000 -10 1
338 12 Car -1 -1 -1 564.34 172.22 634.11 233.67 -1 -1 -1 -1000 -1000 -1000 -10 1
339 12 Car -1 -1 -1 563.69 172.42 633.69 233.36 -1 -1 -1 -1000 -1000 -1000 -10 1
340 12 Car -1 -1 -1 562.32 173.53 632.83 233.87 -1 -1 -1 -1000 -1000 -1000 -10 1
341 12 Car -1 -1 -1 561.12 173.48 631.83 233.74 -1 -1 -1 -1000 -1000 -1000 -10 1
342 12 Car -1 -1 -1 560.96 173.93 632.13 234.55 -1 -1 -1 -1000 -1000 -1000 -10 1
343 12 Car -1 -1 -1 560.69 174.70 631.88 235.88 -1 -1 -1 -1000 -1000 -1000 -10 1
344 12 Car -1 -1 -1 560.29 174.08 631.72 235.02 -1 -1 -1 -1000 -1000 -1000 -10 1
345 12 Car -1 -1 -1 559.57 173.01 631.04 234.14 -1 -1 -1 -1000 -1000 -1000 -10 1
346 12 Car -1 -1 -1 559.07 173.46 630.78 234.61 -1 -1 -1 -1000 -1000 -1000 -10 1
347 12 Car -1 -1 -1 559.51 173.65 630.78 235.00 -1 -1 -1 -1000 -1000 -1000 -10 1
348 12 Car -1 -1 -1 559.75 173.56 630.88 235.28 -1 -1 -1 -1000 -1000 -1000 -10 1
349 12 Car -1 -1 -1 559.43 171.58 630.45 233.62 -1 -1 -1 -1000 -1000 -1000 -10 1
350 12 Car -1 -1 -1 559.32 170.09 630.25 232.62 -1 -1 -1 -1000 -1000 -1000 -10 1
351 12 Car -1 -1 -1 558.56 170.17 628.98 233.53 -1 -1 -1 -1000 -1000 -1000 -10 1
352 12 Car -1 -1 -1 559.18 170.02 628.90 233.84 -1 -1 -1 -1000 -1000 -1000 -10 1
353 12 Car -1 -1 -1 559.44 167.71 628.63 232.22 -1 -1 -1 -1000 -1000 -1000 -10 1
354 12 Car -1 -1 -1 559.90 165.85 628.45 230.91 -1 -1 -1 -1000 -1000 -1000 -10 1
355 12 Car -1 -1 -1 560.75 166.65 628.34 231.57 -1 -1 -1 -1000 -1000 -1000 -10 1
356 12 Car -1 -1 -1 562.87 168.36 630.23 232.22 -1 -1 -1 -1000 -1000 -1000 -10 1
357 12 Car -1 -1 -1 563.63 168.98 630.49 231.90 -1 -1 -1 -1000 -1000 -1000 -10 1
358 12 Car -1 -1 -1 565.07 169.05 631.67 231.47 -1 -1 -1 -1000 -1000 -1000 -10 1
359 12 Car -1 -1 -1 565.36 169.02 632.36 231.11 -1 -1 -1 -1000 -1000 -1000 -10 1
360 12 Car -1 -1 -1 565.94 169.75 633.43 232.08 -1 -1 -1 -1000 -1000 -1000 -10 1
361 12 Car -1 -1 -1 566.53 169.95 634.44 232.28 -1 -1 -1 -1000 -1000 -1000 -10 1
362 12 Car -1 -1 -1 567.30 170.13 635.39 232.19 -1 -1 -1 -1000 -1000 -1000 -10 1
363 12 Car -1 -1 -1 567.06 169.52 635.59 231.78 -1 -1 -1 -1000 -1000 -1000 -10 1
364 12 Car -1 -1 -1 567.26 168.66 636.24 231.08 -1 -1 -1 -1000 -1000 -1000 -10 1
365 12 Car -1 -1 -1 564.86 171.02 636.21 233.13 -1 -1 -1 -1000 -1000 -1000 -10 1
366 12 Car -1 -1 -1 566.67 172.73 638.59 235.23 -1 -1 -1 -1000 -1000 -1000 -10 1
367 12 Car -1 -1 -1 568.30 175.59 639.99 238.26 -1 -1 -1 -1000 -1000 -1000 -10 1
368 12 Car -1 -1 -1 569.44 176.71 640.87 239.84 -1 -1 -1 -1000 -1000 -1000 -10 1
369 12 Car -1 -1 -1 570.65 175.35 642.03 238.85 -1 -1 -1 -1000 -1000 -1000 -10 1
370 12 Car -1 -1 -1 569.59 172.47 641.04 236.59 -1 -1 -1 -1000 -1000 -1000 -10 1
371 12 Car -1 -1 -1 569.53 170.90 640.95 235.56 -1 -1 -1 -1000 -1000 -1000 -10 1
372 12 Car -1 -1 -1 569.00 170.16 640.56 235.31 -1 -1 -1 -1000 -1000 -1000 -10 1
373 12 Car -1 -1 -1 568.48 170.77 639.76 236.08 -1 -1 -1 -1000 -1000 -1000 -10 1
374 12 Car -1 -1 -1 567.90 170.87 638.65 236.44 -1 -1 -1 -1000 -1000 -1000 -10 1
375 12 Car -1 -1 -1 567.53 171.39 637.63 236.83 -1 -1 -1 -1000 -1000 -1000 -10 1
376 12 Car -1 -1 -1 566.60 170.96 636.92 236.30 -1 -1 -1 -1000 -1000 -1000 -10 1
377 12 Car -1 -1 -1 566.21 169.98 636.20 235.20 -1 -1 -1 -1000 -1000 -1000 -10 1
378 12 Car -1 -1 -1 566.20 169.07 635.88 234.23 -1 -1 -1 -1000 -1000 -1000 -10 1
379 12 Car -1 -1 -1 566.19 169.36 636.05 235.30 -1 -1 -1 -1000 -1000 -1000 -10 1
380 12 Car -1 -1 -1 565.80 168.85 635.34 235.47 -1 -1 -1 -1000 -1000 -1000 -10 1
381 12 Car -1 -1 -1 565.33 170.36 635.18 237.25 -1 -1 -1 -1000 -1000 -1000 -10 1
382 12 Car -1 -1 -1 565.21 172.28 635.44 239.66 -1 -1 -1 -1000 -1000 -1000 -10 1
383 12 Car -1 -1 -1 564.61 173.06 635.31 240.70 -1 -1 -1 -1000 -1000 -1000 -10 1
384 12 Car -1 -1 -1 563.80 171.46 635.08 239.64 -1 -1 -1 -1000 -1000 -1000 -10 1
385 12 Car -1 -1 -1 563.44 170.90 634.88 239.63 -1 -1 -1 -1000 -1000 -1000 -10 1
386 12 Car -1 -1 -1 563.50 172.24 634.74 240.62 -1 -1 -1 -1000 -1000 -1000 -10 1
387 12 Car -1 -1 -1 563.22 173.93 634.33 241.46 -1 -1 -1 -1000 -1000 -1000 -10 1
388 12 Car -1 -1 -1 563.40 174.41 634.48 241.47 -1 -1 -1 -1000 -1000 -1000 -10 1
389 12 Car -1 -1 -1 563.26 173.13 634.80 240.01 -1 -1 -1 -1000 -1000 -1000 -10 1
390 12 Car -1 -1 -1 563.28 169.92 634.34 236.47 -1 -1 -1 -1000 -1000 -1000 -10 1
391 12 Car -1 -1 -1 563.15 168.12 634.28 234.73 -1 -1 -1 -1000 -1000 -1000 -10 1
392 12 Car -1 -1 -1 562.30 168.59 633.37 234.80 -1 -1 -1 -1000 -1000 -1000 -10 1
393 12 Car -1 -1 -1 562.63 168.39 633.07 234.04 -1 -1 -1 -1000 -1000 -1000 -10 1
394 12 Car -1 -1 -1 562.97 170.71 633.50 236.43 -1 -1 -1 -1000 -1000 -1000 -10 1
395 12 Car -1 -1 -1 562.98 172.20 633.98 238.07 -1 -1 -1 -1000 -1000 -1000 -10 1
396 12 Car -1 -1 -1 563.22 171.60 634.07 237.59 -1 -1 -1 -1000 -1000 -1000 -10 1
397 12 Car -1 -1 -1 564.43 170.36 635.77 236.89 -1 -1 -1 -1000 -1000 -1000 -10 1
398 12 Car -1 -1 -1 565.00 169.70 636.65 236.32 -1 -1 -1 -1000 -1000 -1000 -10 1
399 12 Car -1 -1 -1 565.39 169.73 637.10 236.29 -1 -1 -1 -1000 -1000 -1000 -10 1
400 12 Car -1 -1 -1 564.59 170.00 636.39 236.60 -1 -1 -1 -1000 -1000 -1000 -10 1
401 12 Car -1 -1 -1 564.16 170.60 637.59 235.46 -1 -1 -1 -1000 -1000 -1000 -10 1
402 12 Car -1 -1 -1 565.00 170.10 637.78 235.45 -1 -1 -1 -1000 -1000 -1000 -10 1
403 12 Car -1 -1 -1 566.34 171.41 638.30 237.01 -1 -1 -1 -1000 -1000 -1000 -10 1
404 12 Car -1 -1 -1 565.60 174.77 638.19 240.20 -1 -1 -1 -1000 -1000 -1000 -10 1
405 12 Car -1 -1 -1 565.34 175.27 637.76 240.44 -1 -1 -1 -1000 -1000 -1000 -10 1
406 12 Car -1 -1 -1 565.68 172.46 637.79 238.04 -1 -1 -1 -1000 -1000 -1000 -10 1
407 12 Car -1 -1 -1 566.25 172.06 637.95 237.49 -1 -1 -1 -1000 -1000 -1000 -10 1
408 12 Car -1 -1 -1 566.12 173.09 638.83 238.92 -1 -1 -1 -1000 -1000 -1000 -10 1
409 12 Car -1 -1 -1 566.29 173.46 639.42 238.20 -1 -1 -1 -1000 -1000 -1000 -10 1
410 12 Car -1 -1 -1 566.08 171.71 639.11 237.01 -1 -1 -1 -1000 -1000 -1000 -10 1
411 12 Car -1 -1 -1 566.12 170.44 638.86 235.84 -1 -1 -1 -1000 -1000 -1000 -10 1
412 12 Car -1 -1 -1 566.14 169.38 638.28 234.27 -1 -1 -1 -1000 -1000 -1000 -10 1
413 12 Car -1 -1 -1 566.34 171.82 639.08 236.85 -1 -1 -1 -1000 -1000 -1000 -10 1
414 12 Car -1 -1 -1 565.74 174.17 638.48 239.21 -1 -1 -1 -1000 -1000 -1000 -10 1
415 12 Car -1 -1 -1 565.77 175.61 638.57 240.64 -1 -1 -1 -1000 -1000 -1000 -10 1
416 12 Car -1 -1 -1 566.83 172.73 639.00 238.02 -1 -1 -1 -1000 -1000 -1000 -10 1
417 12 Car -1 -1 -1 564.10 171.58 637.94 235.93 -1 -1 -1 -1000 -1000 -1000 -10 1
418 12 Car -1 -1 -1 566.92 170.84 639.01 235.45 -1 -1 -1 -1000 -1000 -1000 -10 1
419 18 Car -1 -1 -1 526.14 179.47 558.13 204.66 -1 -1 -1 -1000 -1000 -1000 -10 1
419 12 Car -1 -1 -1 567.87 172.70 639.25 237.22 -1 -1 -1 -1000 -1000 -1000 -10 1
