0 4 Car -1 -1 -1 1091.86 183.74 1229.47 232.48 -1 -1 -1 -1000 -1000 -1000 -10 1
0 3 Car -1 -1 -1 603.90 171.56 638.12 201.74 -1 -1 -1 -1000 -1000 -1000 -10 1
0 2 Car -1 -1 -1 958.95 181.30 1070.10 228.53 -1 -1 -1 -1000 -1000 -1000 -10 1
0 1 Car -1 -1 -1 1031.91 186.72 1159.26 227.60 -1 -1 -1 -1000 -1000 -1000 -10 1
1 4 Car -1 -1 -1 1091.93 183.68 1229.85 232.63 -1 -1 -1 -1000 -1000 -1000 -10 1
1 3 Car -1 -1 -1 603.68 171.54 637.79 201.42 -1 -1 -1 -1000 -1000 -1000 -10 1
1 2 Car -1 -1 -1 955.38 185.33 1068.23 227.83 -1 -1 -1 -1000 -1000 -1000 -10 1
1 1 Car -1 -1 -1 1031.23 186.49 1159.43 227.69 -1 -1 -1 -1000 -1000 -1000 -10 1
2 4 Car -1 -1 -1 1092.14 183.59 1229.71 232.41 -1 -1 -1 -1000 -1000 -1000 -10 1
2 3 Car -1 -1 -1 602.83 171.19 636.94 201.09 -1 -1 -1 -1000 -1000 -1000 -10 1
2 2 Car -1 -1 -1 957.61 182.78 1071.34 227.47 -1 -1 -1 -1000 -1000 -1000 -10 1
2 1 Car -1 -1 -1 1031.62 186.53 1159.49 227.60 -1 -1 -1 -1000 -1000 -1000 -10 1
3 4 Car -1 -1 -1 1091.66 183.53 1229.37 232.31 -1 -1 -1 -1000 -1000 -1000 -10 1
3 3 Car -1 -1 -1 601.83 170.90 636.16 201.10 -1 -1 -1 -1000 -1000 -1000 -10 1
3 2 Car -1 -1 -1 959.33 181.98 1071.39 227.20 -1 -1 -1 -1000 -1000 -1000 -10 1
3 1 Car -1 -1 -1 1031.90 186.47 1159.59 227.51 -1 -1 -1 -1000 -1000 -1000 -10 1
5 4 Car -1 -1 -1 1092.77 183.60 1227.95 231.43 -1 -1 -1 -1000 -1000 -1000 -10 1
5 3 Car -1 -1 -1 600.97 171.09 636.63 201.71 -1 -1 -1 -1000 -1000 -1000 -10 1
5 2 Car -1 -1 -1 960.43 181.89 1073.07 226.94 -1 -1 -1 -1000 -1000 -1000 -10 1
5 1 Car -1 -1 -1 1031.08 185.84 1159.99 227.42 -1 -1 -1 -1000 -1000 -1000 -10 1
6 4 Car -1 -1 -1 1092.51 183.79 1228.68 231.95 -1 -1 -1 -1000 -1000 -1000 -10 1
6 3 Car -1 -1 -1 602.00 171.13 637.20 201.54 -1 -1 -1 -1000 -1000 -1000 -10 1
6 2 Car -1 -1 -1 960.25 181.81 1071.58 227.50 -1 -1 -1 -1000 -1000 -1000 -10 1
6 1 Car -1 -1 -1 1031.24 186.26 1159.67 227.60 -1 -1 -1 -1000 -1000 -1000 -10 1
7 4 Car -1 -1 -1 1092.37 183.74 1228.99 232.15 -1 -1 -1 -1000 -1000 -1000 -10 1
7 3 Car -1 -1 -1 602.75 171.22 637.57 201.38 -1 -1 -1 -1000 -1000 -1000 -10 1
7 2 Car -1 -1 -1 960.19 181.76 1070.93 228.04 -1 -1 -1 -1000 -1000 -1000 -10 1
7 1 Car -1 -1 -1 1031.27 186.40 1159.77 227.63 -1 -1 -1 -1000 -1000 -1000 -10 1
8 4 Car -1 -1 -1 1091.94 183.69 1229.14 232.23 -1 -1 -1 -1000 -1000 -1000 -10 1
8 3 Car -1 -1 -1 603.30 171.18 637.78 201.26 -1 -1 -1 -1000 -1000 -1000 -10 1
8 2 Car -1 -1 -1 960.37 181.40 1070.45 228.03 -1 -1 -1 -1000 -1000 -1000 -10 1
8 1 Car -1 -1 -1 1031.38 186.44 1159.74 227.60 -1 -1 -1 -1000 -1000 -1000 -10 1
10 4 Car -1 -1 -1 1091.96 183.52 1228.36 231.52 -1 -1 -1 -1000 -1000 -1000 -10 1
10 3 Car -1 -1 -1 601.81 171.18 637.12 201.54 -1 -1 -1 -1000 -1000 -1000 -10 1
10 2 Car -1 -1 -1 961.95 181.78 1071.94 227.60 -1 -1 -1 -1000 -1000 -1000 -10 1
10 1 Car -1 -1 -1 1031.01 185.83 1160.12 227.40 -1 -1 -1 -1000 -1000 -1000 -10 1
11 4 Car -1 -1 -1 1092.05 183.71 1228.82 231.95 -1 -1 -1 -1000 -1000 -1000 -10 1
11 3 Car -1 -1 -1 601.86 171.16 636.84 201.62 -1 -1 -1 -1000 -1000 -1000 -10 1
11 2 Car -1 -1 -1 961.04 181.60 1071.02 228.01 -1 -1 -1 -1000 -1000 -1000 -10 1
11 1 Car -1 -1 -1 1031.29 186.22 1159.83 227.55 -1 -1 -1 -1000 -1000 -1000 -10 1
12 4 Car -1 -1 -1 1092.20 183.74 1229.20 232.13 -1 -1 -1 -1000 -1000 -1000 -10 1
12 3 Car -1 -1 -1 601.94 171.14 636.63 201.65 -1 -1 -1 -1000 -1000 -1000 -10 1
12 2 Car -1 -1 -1 960.65 181.36 1070.57 228.18 -1 -1 -1 -1000 -1000 -1000 -10 1
12 1 Car -1 -1 -1 1031.48 186.37 1159.87 227.55 -1 -1 -1 -1000 -1000 -1000 -10 1
13 4 Car -1 -1 -1 1092.40 183.68 1229.50 232.22 -1 -1 -1 -1000 -1000 -1000 -10 1
13 3 Car -1 -1 -1 601.86 171.36 636.49 201.98 -1 -1 -1 -1000 -1000 -1000 -10 1
13 2 Car -1 -1 -1 960.62 181.29 1070.36 228.42 -1 -1 -1 -1000 -1000 -1000 -10 1
13 1 Car -1 -1 -1 1031.65 186.49 1159.87 227.58 -1 -1 -1 -1000 -1000 -1000 -10 1
14 4 Car -1 -1 -1 1092.23 183.68 1229.53 232.25 -1 -1 -1 -1000 -1000 -1000 -10 1
14 3 Car -1 -1 -1 601.98 171.49 636.56 202.17 -1 -1 -1 -1000 -1000 -1000 -10 1
14 2 Car -1 -1 -1 960.41 181.20 1070.35 228.62 -1 -1 -1 -1000 -1000 -1000 -10 1
14 1 Car -1 -1 -1 1031.61 186.54 1159.67 227.55 -1 -1 -1 -1000 -1000 -1000 -10 1
15 4 Car -1 -1 -1 1091.88 183.60 1229.56 232.19 -1 -1 -1 -1000 -1000 -1000 -10 1
15 3 Car -1 -1 -1 602.08 171.70 636.48 202.28 -1 -1 -1 -1000 -1000 -1000 -10 1
15 2 Car -1 -1 -1 960.22 181.14 1070.42 228.81 -1 -1 -1 -1000 -1000 -1000 -10 1
15 1 Car -1 -1 -1 1031.93 186.60 1159.95 227.54 -1 -1 -1 -1000 -1000 -1000 -10 1
16 4 Car -1 -1 -1 1091.99 183.66 1229.66 232.34 -1 -1 -1 -1000 -1000 -1000 -10 1
16 3 Car -1 -1 -1 601.94 172.04 636.03 202.47 -1 -1 -1 -1000 -1000 -1000 -10 1
16 2 Car -1 -1 -1 960.11 181.11 1070.32 228.90 -1 -1 -1 -1000 -1000 -1000 -10 1
16 1 Car -1 -1 -1 1031.68 186.57 1159.72 227.53 -1 -1 -1 -1000 -1000 -1000 -10 1
18 4 Car -1 -1 -1 1092.60 183.44 1229.09 231.54 -1 -1 -1 -1000 -1000 -1000 -10 1
18 3 Car -1 -1 -1 601.29 172.26 636.42 202.92 -1 -1 -1 -1000 -1000 -1000 -10 1
18 2 Car -1 -1 -1 961.06 181.52 1071.62 228.07 -1 -1 -1 -1000 -1000 -1000 -10 1
18 1 Car -1 -1 -1 1031.29 185.99 1159.91 227.36 -1 -1 -1 -1000 -1000 -1000 -10 1
19 4 Car -1 -1 -1 1092.78 183.55 1229.48 231.80 -1 -1 -1 -1000 -1000 -1000 -10 1
19 3 Car -1 -1 -1 601.15 172.34 636.23 203.27 -1 -1 -1 -1000 -1000 -1000 -10 1
19 2 Car -1 -1 -1 960.38 181.47 1070.74 228.46 -1 -1 -1 -1000 -1000 -1000 -10 1
19 1 Car -1 -1 -1 1031.34 186.29 1159.74 227.56 -1 -1 -1 -1000 -1000 -1000 -10 1
20 4 Car -1 -1 -1 1092.55 183.59 1229.74 231.92 -1 -1 -1 -1000 -1000 -1000 -10 1
20 3 Car -1 -1 -1 601.03 172.46 636.11 203.62 -1 -1 -1 -1000 -1000 -1000 -10 1
20 2 Car -1 -1 -1 960.30 181.44 1070.48 228.78 -1 -1 -1 -1000 -1000 -1000 -10 1
20 1 Car -1 -1 -1 1031.44 186.38 1159.77 227.66 -1 -1 -1 -1000 -1000 -1000 -10 1
21 4 Car -1 -1 -1 1092.45 183.58 1229.85 231.86 -1 -1 -1 -1000 -1000 -1000 -10 1
21 3 Car -1 -1 -1 600.88 172.32 636.18 203.60 -1 -1 -1 -1000 -1000 -1000 -10 1
21 2 Car -1 -1 -1 960.36 181.32 1070.02 228.84 -1 -1 -1 -1000 -1000 -1000 -10 1
21 1 Car -1 -1 -1 1031.42 186.46 1159.61 227.69 -1 -1 -1 -1000 -1000 -1000 -10 1
22 4 Car -1 -1 -1 1091.81 183.68 1229.41 232.02 -1 -1 -1 -1000 -1000 -1000 -10 1
22 3 Car -1 -1 -1 600.30 171.86 636.27 203.10 -1 -1 -1 -1000 -1000 -1000 -10 1
22 2 Car -1 -1 -1 960.40 181.16 1069.80 228.80 -1 -1 -1 -1000 -1000 -1000 -10 1
22 1 Car -1 -1 -1 1031.26 186.52 1159.57 227.72 -1 -1 -1 -1000 -1000 -1000 -10 1
23 4 Car -1 -1 -1 1091.70 183.74 1226.79 232.32 -1 -1 -1 -1000 -1000 -1000 -10 1
23 3 Car -1 -1 -1 601.10 172.09 637.25 203.57 -1 -1 -1 -1000 -1000 -1000 -10 1
23 2 Car -1 -1 -1 960.33 181.12 1069.77 228.84 -1 -1 -1 -1000 -1000 -1000 -10 1
23 1 Car -1 -1 -1 1031.28 186.55 1159.56 227.77 -1 -1 -1 -1000 -1000 -1000 -10 1
24 4 Car -1 -1 -1 1091.99 183.68 1229.57 232.39 -1 -1 -1 -1000 -1000 -1000 -10 1
24 3 Car -1 -1 -1 601.84 171.66 637.93 203.10 -1 -1 -1 -1000 -1000 -1000 -10 1
24 2 Car -1 -1 -1 960.50 181.16 1069.80 229.10 -1 -1 -1 -1000 -1000 -1000 -10 1
24 1 Car -1 -1 -1 1031.23 186.56 1159.52 227.70 -1 -1 -1 -1000 -1000 -1000 -10 1
25 4 Car -1 -1 -1 1091.60 185.54 1226.45 234.44 -1 -1 -1 -1000 -1000 -1000 -10 1
25 3 Car -1 -1 -1 601.92 171.05 638.03 202.55 -1 -1 -1 -1000 -1000 -1000 -10 1
25 2 Car -1 -1 -1 960.47 181.35 1069.93 229.36 -1 -1 -1 -1000 -1000 -1000 -10 1
25 1 Car -1 -1 -1 1032.02 186.59 1160.09 227.70 -1 -1 -1 -1000 -1000 -1000 -10 1
26 4 Car -1 -1 -1 1093.40 186.40 1226.66 235.48 -1 -1 -1 -1000 -1000 -1000 -10 1
26 3 Car -1 -1 -1 601.06 171.16 637.88 202.73 -1 -1 -1 -1000 -1000 -1000 -10 1
26 2 Car -1 -1 -1 960.26 180.92 1069.30 228.98 -1 -1 -1 -1000 -1000 -1000 -10 1
26 1 Car -1 -1 -1 1030.41 187.40 1162.66 231.53 -1 -1 -1 -1000 -1000 -1000 -10 1
27 4 Car -1 -1 -1 1091.35 186.19 1224.57 235.98 -1 -1 -1 -1000 -1000 -1000 -10 1
27 3 Car -1 -1 -1 600.51 171.08 638.04 202.89 -1 -1 -1 -1000 -1000 -1000 -10 1
27 2 Car -1 -1 -1 959.90 181.06 1068.95 229.09 -1 -1 -1 -1000 -1000 -1000 -10 1
27 1 Car -1 -1 -1 1030.18 186.39 1161.68 230.34 -1 -1 -1 -1000 -1000 -1000 -10 1
28 4 Car -1 -1 -1 1093.44 191.58 1230.75 246.17 -1 -1 -1 -1000 -1000 -1000 -10 1
28 3 Car -1 -1 -1 599.94 170.91 638.10 203.05 -1 -1 -1 -1000 -1000 -1000 -10 1
28 2 Car -1 -1 -1 960.32 180.83 1068.76 228.81 -1 -1 -1 -1000 -1000 -1000 -10 1
28 1 Car -1 -1 -1 1031.25 185.46 1161.31 229.36 -1 -1 -1 -1000 -1000 -1000 -10 1
29 3 Car -1 -1 -1 599.85 170.92 638.32 203.20 -1 -1 -1 -1000 -1000 -1000 -10 1
29 2 Car -1 -1 -1 960.76 180.54 1069.08 228.43 -1 -1 -1 -1000 -1000 -1000 -10 1
29 1 Car -1 -1 -1 1032.76 185.11 1159.72 228.83 -1 -1 -1 -1000 -1000 -1000 -10 1
30 3 Car -1 -1 -1 599.94 171.07 638.23 203.28 -1 -1 -1 -1000 -1000 -1000 -10 1
30 2 Car -1 -1 -1 960.99 180.16 1068.76 227.75 -1 -1 -1 -1000 -1000 -1000 -10 1
30 1 Car -1 -1 -1 1031.86 184.85 1156.59 229.49 -1 -1 -1 -1000 -1000 -1000 -10 1
31 3 Car -1 -1 -1 598.96 171.08 637.45 203.38 -1 -1 -1 -1000 -1000 -1000 -10 1
31 2 Car -1 -1 -1 958.35 183.03 1067.32 229.12 -1 -1 -1 -1000 -1000 -1000 -10 1
32 3 Car -1 -1 -1 598.04 171.23 636.78 203.79 -1 -1 -1 -1000 -1000 -1000 -10 1
32 2 Car -1 -1 -1 956.84 184.39 1067.27 229.76 -1 -1 -1 -1000 -1000 -1000 -10 1
33 3 Car -1 -1 -1 599.01 171.55 637.65 204.14 -1 -1 -1 -1000 -1000 -1000 -10 1
33 2 Car -1 -1 -1 956.15 184.95 1067.44 230.72 -1 -1 -1 -1000 -1000 -1000 -10 1
34 8 Car -1 -1 -1 1098.81 183.06 1218.63 232.78 -1 -1 -1 -1000 -1000 -1000 -10 1
34 3 Car -1 -1 -1 598.86 171.09 637.68 204.21 -1 -1 -1 -1000 -1000 -1000 -10 1
34 2 Car -1 -1 -1 955.72 184.65 1067.54 231.83 -1 -1 -1 -1000 -1000 -1000 -10 1
34 1 Car -1 -1 -1 1032.13 185.65 1157.03 234.83 -1 -1 -1 -1000 -1000 -1000 -10 1
35 8 Car -1 -1 -1 1097.00 183.65 1218.95 233.09 -1 -1 -1 -1000 -1000 -1000 -10 1
35 3 Car -1 -1 -1 598.57 170.53 637.59 203.48 -1 -1 -1 -1000 -1000 -1000 -10 1
35 2 Car -1 -1 -1 957.86 183.36 1067.90 231.25 -1 -1 -1 -1000 -1000 -1000 -10 1
35 1 Car -1 -1 -1 1033.42 185.87 1161.92 235.64 -1 -1 -1 -1000 -1000 -1000 -10 1
36 8 Car -1 -1 -1 1097.67 184.40 1220.28 233.71 -1 -1 -1 -1000 -1000 -1000 -10 1
36 2 Car -1 -1 -1 960.16 191.22 1075.19 244.92 -1 -1 -1 -1000 -1000 -1000 -10 1
36 1 Car -1 -1 -1 1031.44 185.40 1158.94 235.62 -1 -1 -1 -1000 -1000 -1000 -10 1
37 8 Car -1 -1 -1 1096.78 183.58 1221.43 233.37 -1 -1 -1 -1000 -1000 -1000 -10 1
37 1 Car -1 -1 -1 1030.15 184.81 1157.90 235.40 -1 -1 -1 -1000 -1000 -1000 -10 1
38 8 Car -1 -1 -1 1094.76 182.79 1224.66 233.27 -1 -1 -1 -1000 -1000 -1000 -10 1
38 1 Car -1 -1 -1 1028.98 183.65 1159.14 232.74 -1 -1 -1 -1000 -1000 -1000 -10 1
39 8 Car -1 -1 -1 1092.82 182.73 1226.04 233.48 -1 -1 -1 -1000 -1000 -1000 -10 1
39 1 Car -1 -1 -1 1029.31 183.62 1160.77 231.18 -1 -1 -1 -1000 -1000 -1000 -10 1
40 8 Car -1 -1 -1 1092.30 183.04 1227.69 234.01 -1 -1 -1 -1000 -1000 -1000 -10 1
40 1 Car -1 -1 -1 1028.53 183.67 1161.08 230.71 -1 -1 -1 -1000 -1000 -1000 -10 1
41 8 Car -1 -1 -1 1091.87 183.01 1228.37 233.87 -1 -1 -1 -1000 -1000 -1000 -10 1
41 1 Car -1 -1 -1 1028.72 184.16 1161.31 229.89 -1 -1 -1 -1000 -1000 -1000 -10 1
42 8 Car -1 -1 -1 1091.73 183.05 1228.98 233.76 -1 -1 -1 -1000 -1000 -1000 -10 1
42 1 Car -1 -1 -1 1028.77 184.66 1161.19 229.60 -1 -1 -1 -1000 -1000 -1000 -10 1
43 10 Car -1 -1 -1 973.99 181.87 1073.94 224.37 -1 -1 -1 -1000 -1000 -1000 -10 1
43 8 Car -1 -1 -1 1091.09 183.06 1228.94 233.54 -1 -1 -1 -1000 -1000 -1000 -10 1
43 1 Car -1 -1 -1 1029.25 185.10 1161.06 229.25 -1 -1 -1 -1000 -1000 -1000 -10 1
44 10 Car -1 -1 -1 974.49 181.41 1075.10 225.03 -1 -1 -1 -1000 -1000 -1000 -10 1
44 8 Car -1 -1 -1 1090.33 183.20 1229.16 233.44 -1 -1 -1 -1000 -1000 -1000 -10 1
44 1 Car -1 -1 -1 1029.92 185.32 1160.64 229.03 -1 -1 -1 -1000 -1000 -1000 -10 1
45 10 Car -1 -1 -1 968.25 180.96 1072.95 226.59 -1 -1 -1 -1000 -1000 -1000 -10 1
45 8 Car -1 -1 -1 1091.72 183.62 1231.22 233.72 -1 -1 -1 -1000 -1000 -1000 -10 1
45 1 Car -1 -1 -1 1030.40 185.52 1160.46 228.76 -1 -1 -1 -1000 -1000 -1000 -10 1
46 10 Car -1 -1 -1 960.19 183.20 1070.11 229.12 -1 -1 -1 -1000 -1000 -1000 -10 1
46 8 Car -1 -1 -1 1094.41 185.28 1223.35 233.83 -1 -1 -1 -1000 -1000 -1000 -10 1
46 1 Car -1 -1 -1 1031.58 185.75 1161.26 228.45 -1 -1 -1 -1000 -1000 -1000 -10 1
47 10 Car -1 -1 -1 960.80 182.30 1069.73 229.24 -1 -1 -1 -1000 -1000 -1000 -10 1
47 8 Car -1 -1 -1 1098.44 186.83 1225.97 235.94 -1 -1 -1 -1000 -1000 -1000 -10 1
47 1 Car -1 -1 -1 1032.09 185.91 1161.81 228.77 -1 -1 -1 -1000 -1000 -1000 -10 1
48 10 Car -1 -1 -1 960.97 181.53 1068.73 228.35 -1 -1 -1 -1000 -1000 -1000 -10 1
48 8 Car -1 -1 -1 1094.68 192.61 1227.50 247.33 -1 -1 -1 -1000 -1000 -1000 -10 1
48 1 Car -1 -1 -1 1030.41 185.63 1162.13 230.82 -1 -1 -1 -1000 -1000 -1000 -10 1
49 10 Car -1 -1 -1 957.51 183.54 1068.54 228.12 -1 -1 -1 -1000 -1000 -1000 -10 1
49 8 Car -1 -1 -1 1089.99 193.84 1229.70 257.61 -1 -1 -1 -1000 -1000 -1000 -10 1
49 1 Car -1 -1 -1 1030.76 185.41 1160.54 230.11 -1 -1 -1 -1000 -1000 -1000 -10 1
50 12 Car -1 -1 -1 603.74 163.41 660.56 277.61 -1 -1 -1 -1000 -1000 -1000 -10 1
50 10 Car -1 -1 -1 955.71 184.77 1069.04 228.04 -1 -1 -1 -1000 -1000 -1000 -10 1
50 1 Car -1 -1 -1 1029.34 184.91 1156.79 229.85 -1 -1 -1 -1000 -1000 -1000 -10 1
51 12 Car -1 -1 -1 610.79 163.46 664.76 274.47 -1 -1 -1 -1000 -1000 -1000 -10 1
51 10 Car -1 -1 -1 954.84 185.73 1069.35 228.20 -1 -1 -1 -1000 -1000 -1000 -10 1
51 1 Car -1 -1 -1 1029.55 182.67 1156.18 229.73 -1 -1 -1 -1000 -1000 -1000 -10 1
52 12 Car -1 -1 -1 615.24 165.45 668.58 281.85 -1 -1 -1 -1000 -1000 -1000 -10 1
52 10 Car -1 -1 -1 954.40 186.52 1069.21 228.69 -1 -1 -1 -1000 -1000 -1000 -10 1
53 12 Car -1 -1 -1 613.23 169.00 664.69 271.87 -1 -1 -1 -1000 -1000 -1000 -10 1
53 10 Car -1 -1 -1 960.53 186.82 1079.57 231.64 -1 -1 -1 -1000 -1000 -1000 -10 1
53 8 Car -1 -1 -1 1083.98 183.95 1225.19 242.72 -1 -1 -1 -1000 -1000 -1000 -10 1
54 14 Car -1 -1 -1 1031.30 174.34 1153.91 267.05 -1 -1 -1 -1000 -1000 -1000 -10 1
54 10 Car -1 -1 -1 959.04 186.64 1075.94 234.48 -1 -1 -1 -1000 -1000 -1000 -10 1
54 8 Car -1 -1 -1 1086.37 183.32 1224.83 239.40 -1 -1 -1 -1000 -1000 -1000 -10 1
55 14 Car -1 -1 -1 1002.63 168.19 1140.98 262.81 -1 -1 -1 -1000 -1000 -1000 -10 1
55 10 Car -1 -1 -1 958.91 185.97 1074.82 235.83 -1 -1 -1 -1000 -1000 -1000 -10 1
55 8 Car -1 -1 -1 1087.34 182.42 1222.95 236.01 -1 -1 -1 -1000 -1000 -1000 -10 1
56 16 Car -1 -1 -1 599.42 171.24 642.96 202.26 -1 -1 -1 -1000 -1000 -1000 -10 1
56 10 Car -1 -1 -1 950.40 187.20 1071.28 238.22 -1 -1 -1 -1000 -1000 -1000 -10 1
56 8 Car -1 -1 -1 1087.69 182.73 1221.81 234.79 -1 -1 -1 -1000 -1000 -1000 -10 1
57 16 Car -1 -1 -1 599.19 171.78 640.54 201.69 -1 -1 -1 -1000 -1000 -1000 -10 1
57 8 Car -1 -1 -1 1087.63 182.55 1221.56 233.36 -1 -1 -1 -1000 -1000 -1000 -10 1
58 17 Car -1 -1 -1 1027.24 183.97 1156.06 237.28 -1 -1 -1 -1000 -1000 -1000 -10 1
58 16 Car -1 -1 -1 599.35 171.96 639.68 201.85 -1 -1 -1 -1000 -1000 -1000 -10 1
58 8 Car -1 -1 -1 1090.66 182.67 1222.60 232.74 -1 -1 -1 -1000 -1000 -1000 -10 1
59 17 Car -1 -1 -1 1028.36 183.01 1157.30 232.92 -1 -1 -1 -1000 -1000 -1000 -10 1
59 16 Car -1 -1 -1 599.36 171.97 639.38 201.65 -1 -1 -1 -1000 -1000 -1000 -10 1
59 14 Car -1 -1 -1 943.52 178.40 1062.60 267.67 -1 -1 -1 -1000 -1000 -1000 -10 1
59 8 Car -1 -1 -1 1090.83 183.02 1225.20 233.25 -1 -1 -1 -1000 -1000 -1000 -10 1
60 17 Car -1 -1 -1 1031.12 183.54 1158.04 229.75 -1 -1 -1 -1000 -1000 -1000 -10 1
60 16 Car -1 -1 -1 599.20 171.94 638.96 201.32 -1 -1 -1 -1000 -1000 -1000 -10 1
60 14 Car -1 -1 -1 926.51 176.66 1043.10 271.35 -1 -1 -1 -1000 -1000 -1000 -10 1
60 8 Car -1 -1 -1 1091.60 183.07 1227.12 233.27 -1 -1 -1 -1000 -1000 -1000 -10 1
61 17 Car -1 -1 -1 1031.88 184.32 1158.09 228.27 -1 -1 -1 -1000 -1000 -1000 -10 1
61 16 Car -1 -1 -1 599.21 171.87 637.68 201.56 -1 -1 -1 -1000 -1000 -1000 -10 1
61 8 Car -1 -1 -1 1090.95 183.14 1228.12 233.03 -1 -1 -1 -1000 -1000 -1000 -10 1
62 17 Car -1 -1 -1 1031.84 185.04 1157.61 227.82 -1 -1 -1 -1000 -1000 -1000 -10 1
62 16 Car -1 -1 -1 599.86 171.89 637.55 201.66 -1 -1 -1 -1000 -1000 -1000 -10 1
62 8 Car -1 -1 -1 1091.51 183.06 1228.98 232.78 -1 -1 -1 -1000 -1000 -1000 -10 1
63 18 Car -1 -1 -1 973.04 180.84 1077.31 225.00 -1 -1 -1 -1000 -1000 -1000 -10 1
63 17 Car -1 -1 -1 1032.49 185.76 1157.76 227.62 -1 -1 -1 -1000 -1000 -1000 -10 1
63 16 Car -1 -1 -1 599.93 171.56 637.65 201.99 -1 -1 -1 -1000 -1000 -1000 -10 1
63 8 Car -1 -1 -1 1091.51 183.10 1229.21 232.68 -1 -1 -1 -1000 -1000 -1000 -10 1
64 18 Car -1 -1 -1 957.96 183.25 1072.65 227.21 -1 -1 -1 -1000 -1000 -1000 -10 1
64 17 Car -1 -1 -1 1033.43 186.11 1157.84 227.38 -1 -1 -1 -1000 -1000 -1000 -10 1
64 16 Car -1 -1 -1 601.27 171.78 639.51 202.12 -1 -1 -1 -1000 -1000 -1000 -10 1
64 8 Car -1 -1 -1 1091.41 183.09 1229.16 232.54 -1 -1 -1 -1000 -1000 -1000 -10 1
65 18 Car -1 -1 -1 952.50 183.75 1072.76 228.96 -1 -1 -1 -1000 -1000 -1000 -10 1
65 17 Car -1 -1 -1 1033.93 186.34 1157.67 227.24 -1 -1 -1 -1000 -1000 -1000 -10 1
65 16 Car -1 -1 -1 601.24 171.91 639.99 202.30 -1 -1 -1 -1000 -1000 -1000 -10 1
65 8 Car -1 -1 -1 1091.82 183.09 1229.62 232.40 -1 -1 -1 -1000 -1000 -1000 -10 1
66 18 Car -1 -1 -1 954.32 181.60 1074.05 227.83 -1 -1 -1 -1000 -1000 -1000 -10 1
66 17 Car -1 -1 -1 1033.66 186.33 1157.84 227.19 -1 -1 -1 -1000 -1000 -1000 -10 1
66 16 Car -1 -1 -1 601.66 171.98 640.63 202.55 -1 -1 -1 -1000 -1000 -1000 -10 1
66 8 Car -1 -1 -1 1091.52 183.22 1229.60 232.50 -1 -1 -1 -1000 -1000 -1000 -10 1
67 18 Car -1 -1 -1 952.75 183.87 1072.68 228.73 -1 -1 -1 -1000 -1000 -1000 -10 1
67 17 Car -1 -1 -1 1033.66 186.42 1158.12 227.17 -1 -1 -1 -1000 -1000 -1000 -10 1
67 16 Car -1 -1 -1 600.67 172.26 640.78 201.76 -1 -1 -1 -1000 -1000 -1000 -10 1
67 8 Car -1 -1 -1 1091.68 183.29 1229.80 232.51 -1 -1 -1 -1000 -1000 -1000 -10 1
68 18 Car -1 -1 -1 952.41 184.73 1071.80 228.75 -1 -1 -1 -1000 -1000 -1000 -10 1
68 17 Car -1 -1 -1 1033.50 186.48 1158.21 227.22 -1 -1 -1 -1000 -1000 -1000 -10 1
68 16 Car -1 -1 -1 599.78 172.22 640.83 201.37 -1 -1 -1 -1000 -1000 -1000 -10 1
68 8 Car -1 -1 -1 1091.60 183.40 1229.96 232.66 -1 -1 -1 -1000 -1000 -1000 -10 1
69 18 Car -1 -1 -1 951.51 185.22 1072.31 228.64 -1 -1 -1 -1000 -1000 -1000 -10 1
69 17 Car -1 -1 -1 1033.09 186.53 1158.20 227.31 -1 -1 -1 -1000 -1000 -1000 -10 1
69 16 Car -1 -1 -1 600.03 170.91 640.51 201.07 -1 -1 -1 -1000 -1000 -1000 -10 1
69 8 Car -1 -1 -1 1091.67 183.44 1230.20 232.70 -1 -1 -1 -1000 -1000 -1000 -10 1
70 18 Car -1 -1 -1 950.53 185.42 1073.01 228.98 -1 -1 -1 -1000 -1000 -1000 -10 1
70 17 Car -1 -1 -1 1032.71 186.40 1158.49 227.41 -1 -1 -1 -1000 -1000 -1000 -10 1
70 8 Car -1 -1 -1 1091.64 183.42 1230.29 232.69 -1 -1 -1 -1000 -1000 -1000 -10 1
71 18 Car -1 -1 -1 949.58 185.05 1073.47 228.91 -1 -1 -1 -1000 -1000 -1000 -10 1
71 17 Car -1 -1 -1 1032.45 186.42 1158.55 227.61 -1 -1 -1 -1000 -1000 -1000 -10 1
71 8 Car -1 -1 -1 1091.40 183.42 1230.13 232.57 -1 -1 -1 -1000 -1000 -1000 -10 1
72 20 Car -1 -1 -1 675.38 169.50 822.19 245.34 -1 -1 -1 -1000 -1000 -1000 -10 1
72 18 Car -1 -1 -1 948.18 184.87 1074.44 229.09 -1 -1 -1 -1000 -1000 -1000 -10 1
72 17 Car -1 -1 -1 1032.48 186.42 1158.69 227.66 -1 -1 -1 -1000 -1000 -1000 -10 1
72 8 Car -1 -1 -1 1091.47 183.44 1229.88 232.52 -1 -1 -1 -1000 -1000 -1000 -10 1
73 18 Car -1 -1 -1 955.54 184.11 1076.43 229.62 -1 -1 -1 -1000 -1000 -1000 -10 1
73 17 Car -1 -1 -1 1031.57 186.22 1158.54 227.83 -1 -1 -1 -1000 -1000 -1000 -10 1
73 8 Car -1 -1 -1 1091.18 183.48 1229.61 232.63 -1 -1 -1 -1000 -1000 -1000 -10 1
74 18 Car -1 -1 -1 960.41 182.61 1075.25 228.43 -1 -1 -1 -1000 -1000 -1000 -10 1
74 17 Car -1 -1 -1 1030.83 186.03 1158.77 228.03 -1 -1 -1 -1000 -1000 -1000 -10 1
74 8 Car -1 -1 -1 1090.80 183.53 1229.37 232.93 -1 -1 -1 -1000 -1000 -1000 -10 1
75 18 Car -1 -1 -1 950.38 182.16 1066.56 228.72 -1 -1 -1 -1000 -1000 -1000 -10 1
75 17 Car -1 -1 -1 1030.06 185.80 1159.30 228.26 -1 -1 -1 -1000 -1000 -1000 -10 1
75 8 Car -1 -1 -1 1090.81 183.58 1229.38 233.32 -1 -1 -1 -1000 -1000 -1000 -10 1
76 18 Car -1 -1 -1 946.47 186.43 1064.91 240.15 -1 -1 -1 -1000 -1000 -1000 -10 1
76 17 Car -1 -1 -1 1029.84 185.83 1160.05 228.45 -1 -1 -1 -1000 -1000 -1000 -10 1
76 8 Car -1 -1 -1 1091.25 183.33 1229.38 233.10 -1 -1 -1 -1000 -1000 -1000 -10 1
77 18 Car -1 -1 -1 945.01 180.51 1063.70 235.49 -1 -1 -1 -1000 -1000 -1000 -10 1
77 17 Car -1 -1 -1 1028.33 185.03 1160.51 228.22 -1 -1 -1 -1000 -1000 -1000 -10 1
77 8 Car -1 -1 -1 1091.07 183.46 1229.01 233.50 -1 -1 -1 -1000 -1000 -1000 -10 1
78 17 Car -1 -1 -1 1028.72 184.52 1160.70 229.47 -1 -1 -1 -1000 -1000 -1000 -10 1
78 8 Car -1 -1 -1 1091.52 183.06 1226.71 233.41 -1 -1 -1 -1000 -1000 -1000 -10 1
79 17 Car -1 -1 -1 1016.07 186.22 1158.71 239.35 -1 -1 -1 -1000 -1000 -1000 -10 1
79 8 Car -1 -1 -1 1093.49 183.12 1226.18 233.68 -1 -1 -1 -1000 -1000 -1000 -10 1
80 17 Car -1 -1 -1 1018.17 183.98 1162.98 238.21 -1 -1 -1 -1000 -1000 -1000 -10 1
80 8 Car -1 -1 -1 1091.51 183.79 1224.16 234.60 -1 -1 -1 -1000 -1000 -1000 -10 1
81 25 Car -1 -1 -1 583.44 162.61 636.64 259.01 -1 -1 -1 -1000 -1000 -1000 -10 1
81 17 Car -1 -1 -1 1014.00 181.60 1158.05 237.47 -1 -1 -1 -1000 -1000 -1000 -10 1
81 8 Car -1 -1 -1 1091.59 183.19 1223.81 234.52 -1 -1 -1 -1000 -1000 -1000 -10 1
82 25 Car -1 -1 -1 586.23 169.59 641.32 250.78 -1 -1 -1 -1000 -1000 -1000 -10 1
82 17 Car -1 -1 -1 1019.41 181.59 1159.03 236.36 -1 -1 -1 -1000 -1000 -1000 -10 1
82 8 Car -1 -1 -1 1096.49 182.07 1226.06 232.40 -1 -1 -1 -1000 -1000 -1000 -10 1
83 25 Car -1 -1 -1 568.25 168.19 628.54 252.68 -1 -1 -1 -1000 -1000 -1000 -10 1
83 18 Car -1 -1 -1 957.16 182.96 1071.55 232.26 -1 -1 -1 -1000 -1000 -1000 -10 1
83 17 Car -1 -1 -1 1024.54 180.19 1160.11 235.14 -1 -1 -1 -1000 -1000 -1000 -10 1
83 8 Car -1 -1 -1 1101.89 181.11 1230.75 230.64 -1 -1 -1 -1000 -1000 -1000 -10 1
84 25 Car -1 -1 -1 561.60 166.06 620.67 255.18 -1 -1 -1 -1000 -1000 -1000 -10 1
84 18 Car -1 -1 -1 955.00 184.05 1070.63 230.24 -1 -1 -1 -1000 -1000 -1000 -10 1
85 25 Car -1 -1 -1 559.96 163.60 617.26 255.83 -1 -1 -1 -1000 -1000 -1000 -10 1
85 18 Car -1 -1 -1 958.40 183.61 1073.66 228.48 -1 -1 -1 -1000 -1000 -1000 -10 1
86 25 Car -1 -1 -1 559.49 163.51 614.04 253.19 -1 -1 -1 -1000 -1000 -1000 -10 1
86 18 Car -1 -1 -1 955.79 184.83 1071.10 228.25 -1 -1 -1 -1000 -1000 -1000 -10 1
87 25 Car -1 -1 -1 557.15 164.55 608.60 252.88 -1 -1 -1 -1000 -1000 -1000 -10 1
87 18 Car -1 -1 -1 954.83 185.51 1070.08 227.97 -1 -1 -1 -1000 -1000 -1000 -10 1
88 25 Car -1 -1 -1 557.60 164.41 605.46 251.71 -1 -1 -1 -1000 -1000 -1000 -10 1
88 18 Car -1 -1 -1 954.58 185.98 1069.55 228.02 -1 -1 -1 -1000 -1000 -1000 -10 1
89 30 Car -1 -1 -1 1033.71 187.11 1159.55 227.57 -1 -1 -1 -1000 -1000 -1000 -10 1
89 25 Car -1 -1 -1 556.01 164.82 602.10 253.44 -1 -1 -1 -1000 -1000 -1000 -10 1
89 18 Car -1 -1 -1 956.89 184.06 1070.64 227.58 -1 -1 -1 -1000 -1000 -1000 -10 1
90 31 Car -1 -1 -1 1095.83 182.91 1229.08 234.55 -1 -1 -1 -1000 -1000 -1000 -10 1
90 30 Car -1 -1 -1 1032.16 186.86 1158.85 227.59 -1 -1 -1 -1000 -1000 -1000 -10 1
90 18 Car -1 -1 -1 958.18 182.95 1071.11 227.61 -1 -1 -1 -1000 -1000 -1000 -10 1
91 31 Car -1 -1 -1 1092.22 182.53 1228.49 234.14 -1 -1 -1 -1000 -1000 -1000 -10 1
91 30 Car -1 -1 -1 1031.83 186.74 1159.17 227.64 -1 -1 -1 -1000 -1000 -1000 -10 1
91 18 Car -1 -1 -1 958.76 182.34 1070.98 227.88 -1 -1 -1 -1000 -1000 -1000 -10 1
92 31 Car -1 -1 -1 1091.73 182.50 1228.83 233.59 -1 -1 -1 -1000 -1000 -1000 -10 1
92 30 Car -1 -1 -1 1031.83 186.64 1159.44 227.57 -1 -1 -1 -1000 -1000 -1000 -10 1
92 18 Car -1 -1 -1 959.21 181.89 1070.67 228.01 -1 -1 -1 -1000 -1000 -1000 -10 1
93 31 Car -1 -1 -1 1091.60 182.73 1229.03 233.20 -1 -1 -1 -1000 -1000 -1000 -10 1
93 30 Car -1 -1 -1 1031.66 186.58 1159.43 227.49 -1 -1 -1 -1000 -1000 -1000 -10 1
93 18 Car -1 -1 -1 959.38 181.53 1070.54 228.16 -1 -1 -1 -1000 -1000 -1000 -10 1
94 31 Car -1 -1 -1 1091.53 182.93 1229.10 232.93 -1 -1 -1 -1000 -1000 -1000 -10 1
94 30 Car -1 -1 -1 1031.54 186.57 1159.25 227.49 -1 -1 -1 -1000 -1000 -1000 -10 1
94 18 Car -1 -1 -1 959.68 181.42 1070.27 228.36 -1 -1 -1 -1000 -1000 -1000 -10 1
95 31 Car -1 -1 -1 1091.66 183.05 1229.33 232.77 -1 -1 -1 -1000 -1000 -1000 -10 1
95 30 Car -1 -1 -1 1031.50 186.56 1159.40 227.49 -1 -1 -1 -1000 -1000 -1000 -10 1
95 18 Car -1 -1 -1 959.86 181.37 1070.07 228.55 -1 -1 -1 -1000 -1000 -1000 -10 1
96 31 Car -1 -1 -1 1091.76 183.17 1229.49 232.66 -1 -1 -1 -1000 -1000 -1000 -10 1
96 30 Car -1 -1 -1 1031.47 186.55 1159.39 227.48 -1 -1 -1 -1000 -1000 -1000 -10 1
96 18 Car -1 -1 -1 960.03 181.31 1069.96 228.62 -1 -1 -1 -1000 -1000 -1000 -10 1
97 31 Car -1 -1 -1 1091.78 183.25 1229.42 232.53 -1 -1 -1 -1000 -1000 -1000 -10 1
97 30 Car -1 -1 -1 1031.55 186.60 1159.42 227.48 -1 -1 -1 -1000 -1000 -1000 -10 1
97 18 Car -1 -1 -1 960.07 181.22 1069.82 228.62 -1 -1 -1 -1000 -1000 -1000 -10 1
98 31 Car -1 -1 -1 1091.74 183.32 1229.40 232.48 -1 -1 -1 -1000 -1000 -1000 -10 1
98 30 Car -1 -1 -1 1031.53 186.55 1159.44 227.47 -1 -1 -1 -1000 -1000 -1000 -10 1
98 18 Car -1 -1 -1 960.29 181.18 1069.70 228.60 -1 -1 -1 -1000 -1000 -1000 -10 1
99 31 Car -1 -1 -1 1091.90 183.37 1229.54 232.51 -1 -1 -1 -1000 -1000 -1000 -10 1
99 30 Car -1 -1 -1 1031.55 186.53 1159.52 227.48 -1 -1 -1 -1000 -1000 -1000 -10 1
99 18 Car -1 -1 -1 960.39 181.20 1069.83 228.60 -1 -1 -1 -1000 -1000 -1000 -10 1
100 31 Car -1 -1 -1 1091.80 183.42 1229.68 232.46 -1 -1 -1 -1000 -1000 -1000 -10 1
100 30 Car -1 -1 -1 1031.63 186.55 1159.66 227.42 -1 -1 -1 -1000 -1000 -1000 -10 1
100 18 Car -1 -1 -1 960.32 181.18 1070.02 228.59 -1 -1 -1 -1000 -1000 -1000 -10 1
101 31 Car -1 -1 -1 1091.65 183.44 1229.53 232.48 -1 -1 -1 -1000 -1000 -1000 -10 1
101 30 Car -1 -1 -1 1031.46 186.59 1159.59 227.48 -1 -1 -1 -1000 -1000 -1000 -10 1
101 18 Car -1 -1 -1 960.08 181.32 1070.02 228.81 -1 -1 -1 -1000 -1000 -1000 -10 1
102 31 Car -1 -1 -1 1091.71 183.48 1229.69 232.50 -1 -1 -1 -1000 -1000 -1000 -10 1
102 30 Car -1 -1 -1 1031.56 186.60 1159.59 227.47 -1 -1 -1 -1000 -1000 -1000 -10 1
102 18 Car -1 -1 -1 960.29 181.27 1070.09 228.76 -1 -1 -1 -1000 -1000 -1000 -10 1
103 37 Car -1 -1 -1 620.58 165.23 662.20 254.15 -1 -1 -1 -1000 -1000 -1000 -10 1
103 31 Car -1 -1 -1 1091.86 183.47 1229.87 232.50 -1 -1 -1 -1000 -1000 -1000 -10 1
103 30 Car -1 -1 -1 1031.68 186.57 1159.69 227.47 -1 -1 -1 -1000 -1000 -1000 -10 1
103 18 Car -1 -1 -1 960.29 181.31 1069.99 228.83 -1 -1 -1 -1000 -1000 -1000 -10 1
104 37 Car -1 -1 -1 618.75 163.96 658.93 252.78 -1 -1 -1 -1000 -1000 -1000 -10 1
104 31 Car -1 -1 -1 1091.76 183.48 1229.77 232.54 -1 -1 -1 -1000 -1000 -1000 -10 1
104 30 Car -1 -1 -1 1031.59 186.60 1159.60 227.44 -1 -1 -1 -1000 -1000 -1000 -10 1
104 18 Car -1 -1 -1 960.36 181.18 1070.02 228.68 -1 -1 -1 -1000 -1000 -1000 -10 1
105 37 Car -1 -1 -1 615.41 162.53 652.95 249.01 -1 -1 -1 -1000 -1000 -1000 -10 1
105 31 Car -1 -1 -1 1091.68 183.46 1229.77 232.49 -1 -1 -1 -1000 -1000 -1000 -10 1
105 30 Car -1 -1 -1 1031.63 186.64 1159.64 227.43 -1 -1 -1 -1000 -1000 -1000 -10 1
105 18 Car -1 -1 -1 960.32 181.26 1070.06 228.68 -1 -1 -1 -1000 -1000 -1000 -10 1
106 37 Car -1 -1 -1 609.91 162.23 647.07 249.52 -1 -1 -1 -1000 -1000 -1000 -10 1
106 31 Car -1 -1 -1 1091.67 183.44 1229.80 232.39 -1 -1 -1 -1000 -1000 -1000 -10 1
106 30 Car -1 -1 -1 1031.60 186.62 1159.69 227.40 -1 -1 -1 -1000 -1000 -1000 -10 1
106 18 Car -1 -1 -1 960.34 181.22 1070.03 228.64 -1 -1 -1 -1000 -1000 -1000 -10 1
107 37 Car -1 -1 -1 604.75 161.49 642.74 252.52 -1 -1 -1 -1000 -1000 -1000 -10 1
107 31 Car -1 -1 -1 1091.72 183.45 1229.84 232.42 -1 -1 -1 -1000 -1000 -1000 -10 1
107 30 Car -1 -1 -1 1031.68 186.56 1159.70 227.37 -1 -1 -1 -1000 -1000 -1000 -10 1
107 18 Car -1 -1 -1 960.42 181.08 1070.14 228.49 -1 -1 -1 -1000 -1000 -1000 -10 1
108 37 Car -1 -1 -1 601.34 160.66 639.26 250.53 -1 -1 -1 -1000 -1000 -1000 -10 1
108 31 Car -1 -1 -1 1091.62 183.48 1229.94 232.35 -1 -1 -1 -1000 -1000 -1000 -10 1
108 30 Car -1 -1 -1 1031.71 186.58 1159.55 227.43 -1 -1 -1 -1000 -1000 -1000 -10 1
108 18 Car -1 -1 -1 960.47 181.09 1069.88 228.48 -1 -1 -1 -1000 -1000 -1000 -10 1
109 31 Car -1 -1 -1 1091.87 183.49 1230.07 232.37 -1 -1 -1 -1000 -1000 -1000 -10 1
109 30 Car -1 -1 -1 1031.68 186.62 1159.45 227.46 -1 -1 -1 -1000 -1000 -1000 -10 1
109 18 Car -1 -1 -1 960.56 181.12 1069.87 228.42 -1 -1 -1 -1000 -1000 -1000 -10 1
110 41 Car -1 -1 -1 77.33 168.79 307.03 368.91 -1 -1 -1 -1000 -1000 -1000 -10 1
110 31 Car -1 -1 -1 1091.90 183.53 1230.10 232.37 -1 -1 -1 -1000 -1000 -1000 -10 1
110 30 Car -1 -1 -1 1031.73 186.60 1159.49 227.46 -1 -1 -1 -1000 -1000 -1000 -10 1
110 18 Car -1 -1 -1 960.63 181.04 1069.77 228.33 -1 -1 -1 -1000 -1000 -1000 -10 1
111 41 Car -1 -1 -1 125.74 162.24 361.81 372.08 -1 -1 -1 -1000 -1000 -1000 -10 1
111 31 Car -1 -1 -1 1091.81 183.58 1230.12 232.37 -1 -1 -1 -1000 -1000 -1000 -10 1
111 30 Car -1 -1 -1 1031.63 186.61 1159.35 227.48 -1 -1 -1 -1000 -1000 -1000 -10 1
111 18 Car -1 -1 -1 960.52 181.12 1069.80 228.34 -1 -1 -1 -1000 -1000 -1000 -10 1
112 31 Car -1 -1 -1 1091.83 183.62 1229.97 232.38 -1 -1 -1 -1000 -1000 -1000 -10 1
112 30 Car -1 -1 -1 1031.63 186.64 1159.29 227.51 -1 -1 -1 -1000 -1000 -1000 -10 1
112 18 Car -1 -1 -1 960.51 181.17 1070.02 228.40 -1 -1 -1 -1000 -1000 -1000 -10 1
113 31 Car -1 -1 -1 1091.78 183.63 1229.86 232.38 -1 -1 -1 -1000 -1000 -1000 -10 1
113 30 Car -1 -1 -1 1031.84 186.65 1159.54 227.51 -1 -1 -1 -1000 -1000 -1000 -10 1
113 18 Car -1 -1 -1 960.35 181.16 1069.83 228.40 -1 -1 -1 -1000 -1000 -1000 -10 1
114 31 Car -1 -1 -1 1091.81 183.65 1229.88 232.44 -1 -1 -1 -1000 -1000 -1000 -10 1
114 30 Car -1 -1 -1 1031.86 186.67 1159.62 227.48 -1 -1 -1 -1000 -1000 -1000 -10 1
114 18 Car -1 -1 -1 960.27 181.19 1069.75 228.54 -1 -1 -1 -1000 -1000 -1000 -10 1
115 31 Car -1 -1 -1 1091.92 183.64 1229.87 232.45 -1 -1 -1 -1000 -1000 -1000 -10 1
115 30 Car -1 -1 -1 1031.66 186.68 1159.37 227.49 -1 -1 -1 -1000 -1000 -1000 -10 1
115 18 Car -1 -1 -1 960.46 181.10 1069.38 228.38 -1 -1 -1 -1000 -1000 -1000 -10 1
116 44 Car -1 -1 -1 548.72 167.77 588.10 198.55 -1 -1 -1 -1000 -1000 -1000 -10 1
116 31 Car -1 -1 -1 1091.80 183.58 1229.82 232.32 -1 -1 -1 -1000 -1000 -1000 -10 1
116 30 Car -1 -1 -1 1031.89 186.72 1159.50 227.46 -1 -1 -1 -1000 -1000 -1000 -10 1
116 18 Car -1 -1 -1 960.99 181.12 1069.29 228.46 -1 -1 -1 -1000 -1000 -1000 -10 1
117 31 Car -1 -1 -1 1091.97 183.54 1229.86 232.31 -1 -1 -1 -1000 -1000 -1000 -10 1
117 30 Car -1 -1 -1 1031.72 186.66 1159.45 227.44 -1 -1 -1 -1000 -1000 -1000 -10 1
117 18 Car -1 -1 -1 960.91 181.09 1069.21 228.40 -1 -1 -1 -1000 -1000 -1000 -10 1
118 45 Car -1 -1 -1 571.04 173.68 614.62 226.36 -1 -1 -1 -1000 -1000 -1000 -10 1
118 31 Car -1 -1 -1 1091.96 183.57 1229.74 232.37 -1 -1 -1 -1000 -1000 -1000 -10 1
118 30 Car -1 -1 -1 1031.79 186.68 1159.45 227.42 -1 -1 -1 -1000 -1000 -1000 -10 1
118 18 Car -1 -1 -1 960.97 181.12 1069.17 228.38 -1 -1 -1 -1000 -1000 -1000 -10 1
119 31 Car -1 -1 -1 1092.07 183.61 1229.72 232.42 -1 -1 -1 -1000 -1000 -1000 -10 1
119 30 Car -1 -1 -1 1031.89 186.66 1159.60 227.43 -1 -1 -1 -1000 -1000 -1000 -10 1
119 18 Car -1 -1 -1 961.00 181.16 1069.24 228.41 -1 -1 -1 -1000 -1000 -1000 -10 1
120 31 Car -1 -1 -1 1091.91 183.62 1229.66 232.41 -1 -1 -1 -1000 -1000 -1000 -10 1
120 30 Car -1 -1 -1 1031.91 186.69 1159.63 227.40 -1 -1 -1 -1000 -1000 -1000 -10 1
120 18 Car -1 -1 -1 961.03 181.21 1069.38 228.44 -1 -1 -1 -1000 -1000 -1000 -10 1
121 31 Car -1 -1 -1 1092.00 183.58 1229.76 232.39 -1 -1 -1 -1000 -1000 -1000 -10 1
121 30 Car -1 -1 -1 1031.57 186.67 1159.30 227.45 -1 -1 -1 -1000 -1000 -1000 -10 1
121 18 Car -1 -1 -1 960.86 181.17 1069.34 228.42 -1 -1 -1 -1000 -1000 -1000 -10 1
122 31 Car -1 -1 -1 1092.02 183.61 1229.75 232.45 -1 -1 -1 -1000 -1000 -1000 -10 1
122 30 Car -1 -1 -1 1031.70 186.65 1159.49 227.42 -1 -1 -1 -1000 -1000 -1000 -10 1
122 18 Car -1 -1 -1 960.79 181.08 1069.55 228.34 -1 -1 -1 -1000 -1000 -1000 -10 1
123 49 Car -1 -1 -1 600.22 173.24 634.22 206.09 -1 -1 -1 -1000 -1000 -1000 -10 1
123 31 Car -1 -1 -1 1091.95 183.61 1229.67 232.43 -1 -1 -1 -1000 -1000 -1000 -10 1
123 30 Car -1 -1 -1 1031.87 186.71 1159.62 227.40 -1 -1 -1 -1000 -1000 -1000 -10 1
123 18 Car -1 -1 -1 960.83 181.05 1069.61 228.28 -1 -1 -1 -1000 -1000 -1000 -10 1
124 49 Car -1 -1 -1 602.66 172.10 636.21 203.27 -1 -1 -1 -1000 -1000 -1000 -10 1
124 31 Car -1 -1 -1 1092.06 183.59 1229.75 232.39 -1 -1 -1 -1000 -1000 -1000 -10 1
124 30 Car -1 -1 -1 1031.89 186.67 1159.65 227.35 -1 -1 -1 -1000 -1000 -1000 -10 1
124 18 Car -1 -1 -1 960.66 180.92 1069.44 228.16 -1 -1 -1 -1000 -1000 -1000 -10 1
125 49 Car -1 -1 -1 603.13 171.70 636.76 202.22 -1 -1 -1 -1000 -1000 -1000 -10 1
125 31 Car -1 -1 -1 1092.15 183.63 1229.77 232.48 -1 -1 -1 -1000 -1000 -1000 -10 1
125 30 Car -1 -1 -1 1031.78 186.67 1159.67 227.38 -1 -1 -1 -1000 -1000 -1000 -10 1
125 18 Car -1 -1 -1 960.65 180.99 1069.58 228.29 -1 -1 -1 -1000 -1000 -1000 -10 1
126 49 Car -1 -1 -1 603.75 171.60 637.96 202.25 -1 -1 -1 -1000 -1000 -1000 -10 1
126 31 Car -1 -1 -1 1092.00 183.62 1229.63 232.44 -1 -1 -1 -1000 -1000 -1000 -10 1
126 30 Car -1 -1 -1 1031.88 186.72 1159.60 227.37 -1 -1 -1 -1000 -1000 -1000 -10 1
126 18 Car -1 -1 -1 960.62 181.01 1069.73 228.29 -1 -1 -1 -1000 -1000 -1000 -10 1
127 49 Car -1 -1 -1 602.18 171.76 637.35 202.59 -1 -1 -1 -1000 -1000 -1000 -10 1
127 31 Car -1 -1 -1 1092.04 183.61 1229.64 232.46 -1 -1 -1 -1000 -1000 -1000 -10 1
127 30 Car -1 -1 -1 1031.73 186.71 1159.53 227.38 -1 -1 -1 -1000 -1000 -1000 -10 1
127 18 Car -1 -1 -1 960.57 181.15 1069.87 228.37 -1 -1 -1 -1000 -1000 -1000 -10 1
128 49 Car -1 -1 -1 601.56 171.77 637.36 202.69 -1 -1 -1 -1000 -1000 -1000 -10 1
128 31 Car -1 -1 -1 1092.28 183.66 1229.73 232.49 -1 -1 -1 -1000 -1000 -1000 -10 1
128 30 Car -1 -1 -1 1031.84 186.73 1159.63 227.37 -1 -1 -1 -1000 -1000 -1000 -10 1
128 18 Car -1 -1 -1 960.50 181.28 1069.74 228.52 -1 -1 -1 -1000 -1000 -1000 -10 1
129 49 Car -1 -1 -1 603.48 171.30 639.61 202.03 -1 -1 -1 -1000 -1000 -1000 -10 1
129 31 Car -1 -1 -1 1092.34 183.65 1229.64 232.49 -1 -1 -1 -1000 -1000 -1000 -10 1
129 30 Car -1 -1 -1 1031.61 186.76 1159.33 227.40 -1 -1 -1 -1000 -1000 -1000 -10 1
129 18 Car -1 -1 -1 960.53 181.27 1069.63 228.43 -1 -1 -1 -1000 -1000 -1000 -10 1
130 49 Car -1 -1 -1 604.26 171.19 640.96 201.87 -1 -1 -1 -1000 -1000 -1000 -10 1
130 31 Car -1 -1 -1 1092.45 183.63 1229.69 232.47 -1 -1 -1 -1000 -1000 -1000 -10 1
130 30 Car -1 -1 -1 1031.88 186.70 1159.59 227.33 -1 -1 -1 -1000 -1000 -1000 -10 1
130 18 Car -1 -1 -1 960.34 181.30 1069.72 228.47 -1 -1 -1 -1000 -1000 -1000 -10 1
131 49 Car -1 -1 -1 600.73 171.68 638.40 202.73 -1 -1 -1 -1000 -1000 -1000 -10 1
131 31 Car -1 -1 -1 1092.25 183.57 1229.57 232.39 -1 -1 -1 -1000 -1000 -1000 -10 1
131 30 Car -1 -1 -1 1031.90 186.68 1159.53 227.34 -1 -1 -1 -1000 -1000 -1000 -10 1
131 18 Car -1 -1 -1 960.42 181.25 1069.68 228.43 -1 -1 -1 -1000 -1000 -1000 -10 1
132 54 Car -1 -1 -1 562.89 166.81 593.55 187.76 -1 -1 -1 -1000 -1000 -1000 -10 1
132 49 Car -1 -1 -1 603.45 172.06 641.02 202.85 -1 -1 -1 -1000 -1000 -1000 -10 1
132 31 Car -1 -1 -1 1092.15 183.55 1229.53 232.37 -1 -1 -1 -1000 -1000 -1000 -10 1
132 30 Car -1 -1 -1 1031.52 186.70 1159.15 227.41 -1 -1 -1 -1000 -1000 -1000 -10 1
132 18 Car -1 -1 -1 960.27 181.23 1069.83 228.37 -1 -1 -1 -1000 -1000 -1000 -10 1
133 49 Car -1 -1 -1 604.09 172.42 641.41 203.01 -1 -1 -1 -1000 -1000 -1000 -10 1
133 31 Car -1 -1 -1 1092.01 183.59 1229.61 232.43 -1 -1 -1 -1000 -1000 -1000 -10 1
133 30 Car -1 -1 -1 1031.65 186.69 1159.43 227.38 -1 -1 -1 -1000 -1000 -1000 -10 1
133 18 Car -1 -1 -1 960.19 181.20 1070.20 228.38 -1 -1 -1 -1000 -1000 -1000 -10 1
134 49 Car -1 -1 -1 604.12 172.41 641.13 202.70 -1 -1 -1 -1000 -1000 -1000 -10 1
134 31 Car -1 -1 -1 1091.98 183.60 1229.69 232.44 -1 -1 -1 -1000 -1000 -1000 -10 1
134 30 Car -1 -1 -1 1031.71 186.72 1159.48 227.36 -1 -1 -1 -1000 -1000 -1000 -10 1
134 18 Car -1 -1 -1 960.06 181.24 1070.34 228.42 -1 -1 -1 -1000 -1000 -1000 -10 1
135 49 Car -1 -1 -1 604.50 172.60 641.07 202.50 -1 -1 -1 -1000 -1000 -1000 -10 1
135 31 Car -1 -1 -1 1091.94 183.52 1229.63 232.32 -1 -1 -1 -1000 -1000 -1000 -10 1
135 30 Car -1 -1 -1 1031.72 186.72 1159.52 227.36 -1 -1 -1 -1000 -1000 -1000 -10 1
135 18 Car -1 -1 -1 960.16 181.35 1070.36 228.57 -1 -1 -1 -1000 -1000 -1000 -10 1
136 55 Car -1 -1 -1 311.89 167.38 383.05 223.58 -1 -1 -1 -1000 -1000 -1000 -10 1
136 49 Car -1 -1 -1 604.42 172.77 640.94 202.55 -1 -1 -1 -1000 -1000 -1000 -10 1
136 31 Car -1 -1 -1 1092.00 183.64 1229.71 232.40 -1 -1 -1 -1000 -1000 -1000 -10 1
136 30 Car -1 -1 -1 1031.80 186.73 1159.64 227.39 -1 -1 -1 -1000 -1000 -1000 -10 1
136 18 Car -1 -1 -1 959.95 181.32 1070.42 228.53 -1 -1 -1 -1000 -1000 -1000 -10 1
137 55 Car -1 -1 -1 311.49 167.64 381.87 223.08 -1 -1 -1 -1000 -1000 -1000 -10 1
137 49 Car -1 -1 -1 604.23 172.67 640.66 202.33 -1 -1 -1 -1000 -1000 -1000 -10 1
137 31 Car -1 -1 -1 1092.01 183.61 1229.58 232.35 -1 -1 -1 -1000 -1000 -1000 -10 1
137 30 Car -1 -1 -1 1031.74 186.73 1159.51 227.41 -1 -1 -1 -1000 -1000 -1000 -10 1
137 18 Car -1 -1 -1 959.93 181.23 1070.36 228.47 -1 -1 -1 -1000 -1000 -1000 -10 1
138 55 Car -1 -1 -1 310.93 167.48 380.60 222.74 -1 -1 -1 -1000 -1000 -1000 -10 1
138 49 Car -1 -1 -1 604.35 172.14 640.94 201.80 -1 -1 -1 -1000 -1000 -1000 -10 1
138 31 Car -1 -1 -1 1092.02 183.56 1229.62 232.30 -1 -1 -1 -1000 -1000 -1000 -10 1
138 30 Car -1 -1 -1 1031.88 186.72 1159.79 227.41 -1 -1 -1 -1000 -1000 -1000 -10 1
138 18 Car -1 -1 -1 960.10 181.14 1070.20 228.35 -1 -1 -1 -1000 -1000 -1000 -10 1
139 55 Car -1 -1 -1 308.99 168.15 378.98 223.46 -1 -1 -1 -1000 -1000 -1000 -10 1
139 49 Car -1 -1 -1 603.99 171.84 640.89 201.53 -1 -1 -1 -1000 -1000 -1000 -10 1
139 31 Car -1 -1 -1 1091.71 183.63 1229.52 232.36 -1 -1 -1 -1000 -1000 -1000 -10 1
139 30 Car -1 -1 -1 1031.95 186.78 1159.86 227.42 -1 -1 -1 -1000 -1000 -1000 -10 1
139 18 Car -1 -1 -1 957.00 183.66 1069.05 228.68 -1 -1 -1 -1000 -1000 -1000 -10 1
140 49 Car -1 -1 -1 603.73 171.98 640.78 201.55 -1 -1 -1 -1000 -1000 -1000 -10 1
140 31 Car -1 -1 -1 1092.15 183.67 1229.79 232.42 -1 -1 -1 -1000 -1000 -1000 -10 1
140 30 Car -1 -1 -1 1031.95 186.76 1159.94 227.40 -1 -1 -1 -1000 -1000 -1000 -10 1
140 18 Car -1 -1 -1 958.77 182.39 1069.87 227.97 -1 -1 -1 -1000 -1000 -1000 -10 1
141 49 Car -1 -1 -1 601.24 172.26 638.64 202.04 -1 -1 -1 -1000 -1000 -1000 -10 1
141 31 Car -1 -1 -1 1092.01 183.67 1229.68 232.47 -1 -1 -1 -1000 -1000 -1000 -10 1
141 30 Car -1 -1 -1 1031.85 186.72 1159.92 227.39 -1 -1 -1 -1000 -1000 -1000 -10 1
141 18 Car -1 -1 -1 959.51 181.86 1070.03 227.84 -1 -1 -1 -1000 -1000 -1000 -10 1
142 49 Car -1 -1 -1 600.47 172.47 638.03 202.68 -1 -1 -1 -1000 -1000 -1000 -10 1
142 31 Car -1 -1 -1 1091.92 183.67 1229.64 232.52 -1 -1 -1 -1000 -1000 -1000 -10 1
142 30 Car -1 -1 -1 1031.63 186.73 1159.72 227.46 -1 -1 -1 -1000 -1000 -1000 -10 1
142 18 Car -1 -1 -1 956.94 184.08 1068.80 228.42 -1 -1 -1 -1000 -1000 -1000 -10 1
143 49 Car -1 -1 -1 600.57 172.64 637.99 203.08 -1 -1 -1 -1000 -1000 -1000 -10 1
143 31 Car -1 -1 -1 1092.16 183.71 1229.62 232.54 -1 -1 -1 -1000 -1000 -1000 -10 1
143 30 Car -1 -1 -1 1031.53 186.74 1159.81 227.47 -1 -1 -1 -1000 -1000 -1000 -10 1
143 18 Car -1 -1 -1 958.51 182.83 1069.73 227.93 -1 -1 -1 -1000 -1000 -1000 -10 1
144 49 Car -1 -1 -1 601.02 172.60 638.34 203.34 -1 -1 -1 -1000 -1000 -1000 -10 1
144 31 Car -1 -1 -1 1091.98 183.69 1229.44 232.51 -1 -1 -1 -1000 -1000 -1000 -10 1
144 30 Car -1 -1 -1 1031.74 186.69 1159.95 227.45 -1 -1 -1 -1000 -1000 -1000 -10 1
144 18 Car -1 -1 -1 959.18 182.17 1070.20 227.90 -1 -1 -1 -1000 -1000 -1000 -10 1
145 49 Car -1 -1 -1 600.54 172.55 637.60 203.47 -1 -1 -1 -1000 -1000 -1000 -10 1
145 31 Car -1 -1 -1 1092.15 183.62 1229.57 232.42 -1 -1 -1 -1000 -1000 -1000 -10 1
145 30 Car -1 -1 -1 1031.64 186.70 1159.71 227.45 -1 -1 -1 -1000 -1000 -1000 -10 1
145 18 Car -1 -1 -1 959.69 181.93 1070.13 228.07 -1 -1 -1 -1000 -1000 -1000 -10 1
146 49 Car -1 -1 -1 600.43 172.67 637.25 203.59 -1 -1 -1 -1000 -1000 -1000 -10 1
146 31 Car -1 -1 -1 1092.13 183.61 1229.66 232.41 -1 -1 -1 -1000 -1000 -1000 -10 1
146 30 Car -1 -1 -1 1031.64 186.70 1159.77 227.47 -1 -1 -1 -1000 -1000 -1000 -10 1
146 18 Car -1 -1 -1 959.84 181.60 1070.12 228.09 -1 -1 -1 -1000 -1000 -1000 -10 1
147 49 Car -1 -1 -1 600.54 172.74 637.44 203.45 -1 -1 -1 -1000 -1000 -1000 -10 1
147 31 Car -1 -1 -1 1092.09 183.58 1229.58 232.39 -1 -1 -1 -1000 -1000 -1000 -10 1
147 30 Car -1 -1 -1 1031.64 186.67 1159.84 227.43 -1 -1 -1 -1000 -1000 -1000 -10 1
147 18 Car -1 -1 -1 960.02 181.41 1070.13 228.12 -1 -1 -1 -1000 -1000 -1000 -10 1
148 49 Car -1 -1 -1 600.67 172.80 637.56 203.26 -1 -1 -1 -1000 -1000 -1000 -10 1
148 31 Car -1 -1 -1 1092.10 183.59 1229.50 232.45 -1 -1 -1 -1000 -1000 -1000 -10 1
148 30 Car -1 -1 -1 1031.50 186.60 1159.78 227.46 -1 -1 -1 -1000 -1000 -1000 -10 1
148 18 Car -1 -1 -1 960.24 181.39 1070.19 228.22 -1 -1 -1 -1000 -1000 -1000 -10 1
149 49 Car -1 -1 -1 600.15 172.68 637.30 202.88 -1 -1 -1 -1000 -1000 -1000 -10 1
149 31 Car -1 -1 -1 1092.12 183.57 1229.58 232.46 -1 -1 -1 -1000 -1000 -1000 -10 1
149 30 Car -1 -1 -1 1031.48 186.64 1159.79 227.51 -1 -1 -1 -1000 -1000 -1000 -10 1
149 18 Car -1 -1 -1 959.98 181.46 1070.25 228.41 -1 -1 -1 -1000 -1000 -1000 -10 1
150 49 Car -1 -1 -1 599.91 172.70 637.40 202.71 -1 -1 -1 -1000 -1000 -1000 -10 1
150 31 Car -1 -1 -1 1092.13 183.59 1229.77 232.48 -1 -1 -1 -1000 -1000 -1000 -10 1
150 30 Car -1 -1 -1 1031.44 186.67 1159.71 227.49 -1 -1 -1 -1000 -1000 -1000 -10 1
150 18 Car -1 -1 -1 960.04 181.25 1070.18 228.32 -1 -1 -1 -1000 -1000 -1000 -10 1
151 49 Car -1 -1 -1 600.01 172.67 637.98 202.43 -1 -1 -1 -1000 -1000 -1000 -10 1
151 31 Car -1 -1 -1 1092.18 183.61 1229.76 232.48 -1 -1 -1 -1000 -1000 -1000 -10 1
151 30 Car -1 -1 -1 1031.39 186.65 1159.80 227.50 -1 -1 -1 -1000 -1000 -1000 -10 1
151 18 Car -1 -1 -1 960.12 181.16 1070.19 228.28 -1 -1 -1 -1000 -1000 -1000 -10 1
152 49 Car -1 -1 -1 600.01 172.55 638.39 202.29 -1 -1 -1 -1000 -1000 -1000 -10 1
152 31 Car -1 -1 -1 1092.20 183.64 1229.77 232.53 -1 -1 -1 -1000 -1000 -1000 -10 1
152 30 Car -1 -1 -1 1031.36 186.64 1159.76 227.56 -1 -1 -1 -1000 -1000 -1000 -10 1
152 18 Car -1 -1 -1 959.93 181.21 1070.23 228.35 -1 -1 -1 -1000 -1000 -1000 -10 1
153 49 Car -1 -1 -1 599.86 172.45 638.38 202.18 -1 -1 -1 -1000 -1000 -1000 -10 1
153 31 Car -1 -1 -1 1092.11 183.64 1229.76 232.43 -1 -1 -1 -1000 -1000 -1000 -10 1
153 30 Car -1 -1 -1 1031.36 186.63 1159.70 227.51 -1 -1 -1 -1000 -1000 -1000 -10 1
153 18 Car -1 -1 -1 959.92 181.23 1070.25 228.30 -1 -1 -1 -1000 -1000 -1000 -10 1
154 49 Car -1 -1 -1 599.94 172.48 638.52 202.19 -1 -1 -1 -1000 -1000 -1000 -10 1
154 31 Car -1 -1 -1 1092.22 183.60 1229.70 232.38 -1 -1 -1 -1000 -1000 -1000 -10 1
154 30 Car -1 -1 -1 1031.44 186.59 1159.81 227.45 -1 -1 -1 -1000 -1000 -1000 -10 1
154 18 Car -1 -1 -1 959.91 181.25 1070.10 228.31 -1 -1 -1 -1000 -1000 -1000 -10 1
155 49 Car -1 -1 -1 599.90 172.45 638.61 202.13 -1 -1 -1 -1000 -1000 -1000 -10 1
155 31 Car -1 -1 -1 1092.21 183.56 1229.67 232.37 -1 -1 -1 -1000 -1000 -1000 -10 1
155 30 Car -1 -1 -1 1031.62 186.62 1160.00 227.42 -1 -1 -1 -1000 -1000 -1000 -10 1
155 18 Car -1 -1 -1 960.00 181.23 1069.77 228.26 -1 -1 -1 -1000 -1000 -1000 -10 1
156 49 Car -1 -1 -1 599.54 172.41 638.25 201.94 -1 -1 -1 -1000 -1000 -1000 -10 1
156 31 Car -1 -1 -1 1091.95 183.56 1229.61 232.31 -1 -1 -1 -1000 -1000 -1000 -10 1
156 30 Car -1 -1 -1 1031.69 186.64 1159.95 227.41 -1 -1 -1 -1000 -1000 -1000 -10 1
156 18 Car -1 -1 -1 960.31 181.25 1069.90 228.24 -1 -1 -1 -1000 -1000 -1000 -10 1
157 49 Car -1 -1 -1 599.06 172.28 637.88 201.80 -1 -1 -1 -1000 -1000 -1000 -10 1
157 31 Car -1 -1 -1 1092.06 183.58 1229.75 232.33 -1 -1 -1 -1000 -1000 -1000 -10 1
157 30 Car -1 -1 -1 1031.64 186.58 1159.85 227.42 -1 -1 -1 -1000 -1000 -1000 -10 1
157 18 Car -1 -1 -1 960.38 181.25 1069.89 228.23 -1 -1 -1 -1000 -1000 -1000 -10 1
158 49 Car -1 -1 -1 598.74 172.25 637.65 201.76 -1 -1 -1 -1000 -1000 -1000 -10 1
158 31 Car -1 -1 -1 1092.07 183.58 1229.69 232.35 -1 -1 -1 -1000 -1000 -1000 -10 1
158 30 Car -1 -1 -1 1031.39 186.57 1159.60 227.42 -1 -1 -1 -1000 -1000 -1000 -10 1
158 18 Car -1 -1 -1 960.35 181.25 1069.89 228.25 -1 -1 -1 -1000 -1000 -1000 -10 1
159 49 Car -1 -1 -1 598.33 172.05 637.27 201.61 -1 -1 -1 -1000 -1000 -1000 -10 1
159 31 Car -1 -1 -1 1092.20 183.59 1229.75 232.32 -1 -1 -1 -1000 -1000 -1000 -10 1
159 30 Car -1 -1 -1 1031.40 186.54 1159.57 227.39 -1 -1 -1 -1000 -1000 -1000 -10 1
159 18 Car -1 -1 -1 960.36 181.25 1069.79 228.19 -1 -1 -1 -1000 -1000 -1000 -10 1
160 49 Car -1 -1 -1 598.22 172.06 637.31 201.62 -1 -1 -1 -1000 -1000 -1000 -10 1
160 31 Car -1 -1 -1 1092.17 183.61 1229.69 232.32 -1 -1 -1 -1000 -1000 -1000 -10 1
160 30 Car -1 -1 -1 1031.45 186.58 1159.56 227.42 -1 -1 -1 -1000 -1000 -1000 -10 1
160 18 Car -1 -1 -1 960.15 181.35 1069.94 228.36 -1 -1 -1 -1000 -1000 -1000 -10 1
161 49 Car -1 -1 -1 598.17 172.02 637.36 201.42 -1 -1 -1 -1000 -1000 -1000 -10 1
161 31 Car -1 -1 -1 1092.13 183.62 1229.58 232.34 -1 -1 -1 -1000 -1000 -1000 -10 1
161 30 Car -1 -1 -1 1031.42 186.59 1159.60 227.49 -1 -1 -1 -1000 -1000 -1000 -10 1
161 18 Car -1 -1 -1 960.09 181.40 1069.92 228.45 -1 -1 -1 -1000 -1000 -1000 -10 1
162 49 Car -1 -1 -1 597.99 172.01 637.31 201.33 -1 -1 -1 -1000 -1000 -1000 -10 1
162 31 Car -1 -1 -1 1092.08 183.60 1229.68 232.35 -1 -1 -1 -1000 -1000 -1000 -10 1
162 30 Car -1 -1 -1 1031.42 186.58 1159.60 227.51 -1 -1 -1 -1000 -1000 -1000 -10 1
162 18 Car -1 -1 -1 960.22 181.37 1069.97 228.46 -1 -1 -1 -1000 -1000 -1000 -10 1
163 49 Car -1 -1 -1 597.85 172.12 637.08 201.36 -1 -1 -1 -1000 -1000 -1000 -10 1
163 31 Car -1 -1 -1 1092.08 183.56 1229.70 232.29 -1 -1 -1 -1000 -1000 -1000 -10 1
163 30 Car -1 -1 -1 1031.57 186.51 1159.65 227.47 -1 -1 -1 -1000 -1000 -1000 -10 1
163 18 Car -1 -1 -1 960.53 181.18 1069.68 228.16 -1 -1 -1 -1000 -1000 -1000 -10 1
164 49 Car -1 -1 -1 597.85 172.20 637.03 201.46 -1 -1 -1 -1000 -1000 -1000 -10 1
164 31 Car -1 -1 -1 1091.76 183.60 1229.57 232.26 -1 -1 -1 -1000 -1000 -1000 -10 1
164 30 Car -1 -1 -1 1031.51 186.59 1159.48 227.52 -1 -1 -1 -1000 -1000 -1000 -10 1
164 18 Car -1 -1 -1 960.55 181.14 1069.67 228.19 -1 -1 -1 -1000 -1000 -1000 -10 1
165 49 Car -1 -1 -1 598.07 172.25 637.27 201.47 -1 -1 -1 -1000 -1000 -1000 -10 1
165 31 Car -1 -1 -1 1091.89 183.60 1229.70 232.28 -1 -1 -1 -1000 -1000 -1000 -10 1
165 30 Car -1 -1 -1 1031.66 186.59 1159.79 227.50 -1 -1 -1 -1000 -1000 -1000 -10 1
165 18 Car -1 -1 -1 960.68 181.01 1069.65 228.06 -1 -1 -1 -1000 -1000 -1000 -10 1
166 49 Car -1 -1 -1 597.79 172.30 637.00 201.54 -1 -1 -1 -1000 -1000 -1000 -10 1
166 31 Car -1 -1 -1 1091.84 183.65 1229.66 232.32 -1 -1 -1 -1000 -1000 -1000 -10 1
166 30 Car -1 -1 -1 1031.80 186.63 1159.84 227.49 -1 -1 -1 -1000 -1000 -1000 -10 1
166 18 Car -1 -1 -1 960.79 181.12 1069.50 228.20 -1 -1 -1 -1000 -1000 -1000 -10 1
167 49 Car -1 -1 -1 597.77 172.38 636.93 201.60 -1 -1 -1 -1000 -1000 -1000 -10 1
167 31 Car -1 -1 -1 1091.95 183.67 1229.60 232.34 -1 -1 -1 -1000 -1000 -1000 -10 1
167 30 Car -1 -1 -1 1031.73 186.64 1159.93 227.48 -1 -1 -1 -1000 -1000 -1000 -10 1
167 18 Car -1 -1 -1 960.56 181.34 1069.31 228.52 -1 -1 -1 -1000 -1000 -1000 -10 1
168 49 Car -1 -1 -1 597.91 172.44 637.04 201.63 -1 -1 -1 -1000 -1000 -1000 -10 1
168 31 Car -1 -1 -1 1091.81 183.66 1229.50 232.42 -1 -1 -1 -1000 -1000 -1000 -10 1
168 30 Car -1 -1 -1 1031.57 186.68 1159.73 227.49 -1 -1 -1 -1000 -1000 -1000 -10 1
168 18 Car -1 -1 -1 960.58 181.40 1069.78 228.62 -1 -1 -1 -1000 -1000 -1000 -10 1
169 49 Car -1 -1 -1 597.87 172.47 636.88 201.65 -1 -1 -1 -1000 -1000 -1000 -10 1
169 31 Car -1 -1 -1 1091.82 183.67 1229.63 232.43 -1 -1 -1 -1000 -1000 -1000 -10 1
169 30 Car -1 -1 -1 1031.64 186.72 1159.78 227.51 -1 -1 -1 -1000 -1000 -1000 -10 1
169 18 Car -1 -1 -1 960.44 181.41 1069.65 228.65 -1 -1 -1 -1000 -1000 -1000 -10 1
170 49 Car -1 -1 -1 597.96 172.56 636.88 201.71 -1 -1 -1 -1000 -1000 -1000 -10 1
170 31 Car -1 -1 -1 1091.67 183.64 1229.57 232.47 -1 -1 -1 -1000 -1000 -1000 -10 1
170 30 Car -1 -1 -1 1031.55 186.63 1159.91 227.48 -1 -1 -1 -1000 -1000 -1000 -10 1
170 18 Car -1 -1 -1 960.45 181.24 1069.82 228.47 -1 -1 -1 -1000 -1000 -1000 -10 1
171 49 Car -1 -1 -1 597.97 172.58 636.95 201.81 -1 -1 -1 -1000 -1000 -1000 -10 1
171 31 Car -1 -1 -1 1091.83 183.68 1229.66 232.48 -1 -1 -1 -1000 -1000 -1000 -10 1
171 30 Car -1 -1 -1 1031.39 186.57 1159.90 227.49 -1 -1 -1 -1000 -1000 -1000 -10 1
171 18 Car -1 -1 -1 960.42 181.14 1070.05 228.50 -1 -1 -1 -1000 -1000 -1000 -10 1
172 49 Car -1 -1 -1 598.09 172.52 637.36 201.89 -1 -1 -1 -1000 -1000 -1000 -10 1
172 31 Car -1 -1 -1 1091.68 183.64 1229.61 232.43 -1 -1 -1 -1000 -1000 -1000 -10 1
172 30 Car -1 -1 -1 1031.33 186.52 1159.94 227.47 -1 -1 -1 -1000 -1000 -1000 -10 1
172 18 Car -1 -1 -1 960.58 181.03 1069.99 228.35 -1 -1 -1 -1000 -1000 -1000 -10 1
173 49 Car -1 -1 -1 597.82 172.52 637.33 202.05 -1 -1 -1 -1000 -1000 -1000 -10 1
173 31 Car -1 -1 -1 1091.56 183.59 1229.59 232.36 -1 -1 -1 -1000 -1000 -1000 -10 1
173 30 Car -1 -1 -1 1031.36 186.54 1159.82 227.53 -1 -1 -1 -1000 -1000 -1000 -10 1
173 18 Car -1 -1 -1 960.71 180.98 1069.91 228.25 -1 -1 -1 -1000 -1000 -1000 -10 1
174 49 Car -1 -1 -1 597.47 172.47 637.09 202.12 -1 -1 -1 -1000 -1000 -1000 -10 1
174 31 Car -1 -1 -1 1091.75 183.62 1229.64 232.40 -1 -1 -1 -1000 -1000 -1000 -10 1
174 30 Car -1 -1 -1 1031.34 186.57 1159.82 227.58 -1 -1 -1 -1000 -1000 -1000 -10 1
174 18 Car -1 -1 -1 960.67 181.04 1069.73 228.39 -1 -1 -1 -1000 -1000 -1000 -10 1
175 49 Car -1 -1 -1 597.24 172.49 636.93 202.15 -1 -1 -1 -1000 -1000 -1000 -10 1
175 31 Car -1 -1 -1 1091.89 183.60 1229.67 232.37 -1 -1 -1 -1000 -1000 -1000 -10 1
175 30 Car -1 -1 -1 1031.21 186.57 1159.73 227.59 -1 -1 -1 -1000 -1000 -1000 -10 1
175 18 Car -1 -1 -1 960.65 180.94 1069.47 228.18 -1 -1 -1 -1000 -1000 -1000 -10 1
176 49 Car -1 -1 -1 597.10 172.46 636.99 202.16 -1 -1 -1 -1000 -1000 -1000 -10 1
176 31 Car -1 -1 -1 1091.73 183.58 1229.59 232.27 -1 -1 -1 -1000 -1000 -1000 -10 1
176 30 Car -1 -1 -1 1031.19 186.52 1159.55 227.50 -1 -1 -1 -1000 -1000 -1000 -10 1
176 18 Car -1 -1 -1 961.02 181.06 1069.29 228.16 -1 -1 -1 -1000 -1000 -1000 -10 1
177 49 Car -1 -1 -1 597.22 172.46 637.25 202.18 -1 -1 -1 -1000 -1000 -1000 -10 1
177 31 Car -1 -1 -1 1091.55 183.58 1229.48 232.31 -1 -1 -1 -1000 -1000 -1000 -10 1
177 30 Car -1 -1 -1 1031.10 186.51 1159.41 227.50 -1 -1 -1 -1000 -1000 -1000 -10 1
177 18 Car -1 -1 -1 960.87 181.30 1069.29 228.42 -1 -1 -1 -1000 -1000 -1000 -10 1
178 49 Car -1 -1 -1 597.20 172.42 636.91 202.10 -1 -1 -1 -1000 -1000 -1000 -10 1
178 31 Car -1 -1 -1 1091.80 183.62 1229.64 232.29 -1 -1 -1 -1000 -1000 -1000 -10 1
178 30 Car -1 -1 -1 1031.27 186.60 1159.38 227.49 -1 -1 -1 -1000 -1000 -1000 -10 1
178 18 Car -1 -1 -1 960.77 181.51 1069.59 228.65 -1 -1 -1 -1000 -1000 -1000 -10 1
180 31 Car -1 -1 -1 1092.19 183.54 1228.90 231.63 -1 -1 -1 -1000 -1000 -1000 -10 1
180 30 Car -1 -1 -1 1031.07 186.09 1159.80 227.30 -1 -1 -1 -1000 -1000 -1000 -10 1
180 18 Car -1 -1 -1 961.28 181.97 1071.15 227.87 -1 -1 -1 -1000 -1000 -1000 -10 1
181 31 Car -1 -1 -1 1091.99 183.64 1229.21 231.91 -1 -1 -1 -1000 -1000 -1000 -10 1
181 30 Car -1 -1 -1 1031.23 186.30 1159.77 227.47 -1 -1 -1 -1000 -1000 -1000 -10 1
181 18 Car -1 -1 -1 960.65 181.90 1070.43 228.16 -1 -1 -1 -1000 -1000 -1000 -10 1
182 49 Car -1 -1 -1 599.87 172.46 638.56 201.71 -1 -1 -1 -1000 -1000 -1000 -10 1
182 31 Car -1 -1 -1 1092.09 183.68 1229.42 232.09 -1 -1 -1 -1000 -1000 -1000 -10 1
182 30 Car -1 -1 -1 1031.27 186.41 1159.66 227.48 -1 -1 -1 -1000 -1000 -1000 -10 1
182 18 Car -1 -1 -1 960.54 181.72 1070.00 228.15 -1 -1 -1 -1000 -1000 -1000 -10 1
183 49 Car -1 -1 -1 599.90 172.45 638.31 201.68 -1 -1 -1 -1000 -1000 -1000 -10 1
183 31 Car -1 -1 -1 1092.13 183.69 1229.58 232.23 -1 -1 -1 -1000 -1000 -1000 -10 1
183 30 Car -1 -1 -1 1031.24 186.52 1159.60 227.53 -1 -1 -1 -1000 -1000 -1000 -10 1
183 18 Car -1 -1 -1 960.46 181.65 1069.84 228.22 -1 -1 -1 -1000 -1000 -1000 -10 1
184 49 Car -1 -1 -1 599.68 172.48 637.70 201.61 -1 -1 -1 -1000 -1000 -1000 -10 1
184 31 Car -1 -1 -1 1092.04 183.71 1229.56 232.35 -1 -1 -1 -1000 -1000 -1000 -10 1
184 30 Car -1 -1 -1 1031.48 186.60 1159.80 227.58 -1 -1 -1 -1000 -1000 -1000 -10 1
184 18 Car -1 -1 -1 960.28 181.52 1069.83 228.26 -1 -1 -1 -1000 -1000 -1000 -10 1
185 49 Car -1 -1 -1 600.05 172.54 637.90 201.66 -1 -1 -1 -1000 -1000 -1000 -10 1
185 31 Car -1 -1 -1 1092.08 183.68 1229.56 232.35 -1 -1 -1 -1000 -1000 -1000 -10 1
185 30 Car -1 -1 -1 1031.67 186.63 1159.93 227.56 -1 -1 -1 -1000 -1000 -1000 -10 1
185 18 Car -1 -1 -1 960.27 181.50 1069.74 228.42 -1 -1 -1 -1000 -1000 -1000 -10 1
186 49 Car -1 -1 -1 600.49 172.54 638.22 201.77 -1 -1 -1 -1000 -1000 -1000 -10 1
186 31 Car -1 -1 -1 1091.99 183.64 1229.61 232.34 -1 -1 -1 -1000 -1000 -1000 -10 1
186 30 Car -1 -1 -1 1031.49 186.63 1159.78 227.60 -1 -1 -1 -1000 -1000 -1000 -10 1
186 18 Car -1 -1 -1 960.37 181.55 1069.79 228.61 -1 -1 -1 -1000 -1000 -1000 -10 1
187 49 Car -1 -1 -1 600.69 172.58 638.36 201.93 -1 -1 -1 -1000 -1000 -1000 -10 1
187 31 Car -1 -1 -1 1092.05 183.58 1229.76 232.26 -1 -1 -1 -1000 -1000 -1000 -10 1
187 30 Car -1 -1 -1 1031.43 186.63 1159.76 227.59 -1 -1 -1 -1000 -1000 -1000 -10 1
187 18 Car -1 -1 -1 960.54 181.38 1069.85 228.45 -1 -1 -1 -1000 -1000 -1000 -10 1
188 49 Car -1 -1 -1 600.54 172.56 638.13 201.90 -1 -1 -1 -1000 -1000 -1000 -10 1
188 31 Car -1 -1 -1 1092.05 183.61 1229.64 232.36 -1 -1 -1 -1000 -1000 -1000 -10 1
188 30 Car -1 -1 -1 1031.48 186.59 1159.87 227.65 -1 -1 -1 -1000 -1000 -1000 -10 1
188 18 Car -1 -1 -1 960.44 181.39 1069.83 228.48 -1 -1 -1 -1000 -1000 -1000 -10 1
189 49 Car -1 -1 -1 600.12 172.60 637.75 201.98 -1 -1 -1 -1000 -1000 -1000 -10 1
189 31 Car -1 -1 -1 1092.14 183.64 1229.65 232.34 -1 -1 -1 -1000 -1000 -1000 -10 1
189 30 Car -1 -1 -1 1031.48 186.63 1159.81 227.62 -1 -1 -1 -1000 -1000 -1000 -10 1
189 18 Car -1 -1 -1 960.33 181.20 1069.94 228.38 -1 -1 -1 -1000 -1000 -1000 -10 1
190 49 Car -1 -1 -1 600.18 172.55 637.92 201.97 -1 -1 -1 -1000 -1000 -1000 -10 1
190 31 Car -1 -1 -1 1092.16 183.63 1229.66 232.37 -1 -1 -1 -1000 -1000 -1000 -10 1
190 30 Car -1 -1 -1 1031.50 186.53 1159.98 227.53 -1 -1 -1 -1000 -1000 -1000 -10 1
190 18 Car -1 -1 -1 960.30 181.13 1070.21 228.37 -1 -1 -1 -1000 -1000 -1000 -10 1
191 49 Car -1 -1 -1 600.13 172.47 637.86 201.97 -1 -1 -1 -1000 -1000 -1000 -10 1
191 31 Car -1 -1 -1 1092.30 183.63 1229.81 232.43 -1 -1 -1 -1000 -1000 -1000 -10 1
191 30 Car -1 -1 -1 1031.32 186.60 1159.90 227.64 -1 -1 -1 -1000 -1000 -1000 -10 1
191 18 Car -1 -1 -1 960.13 181.21 1070.17 228.54 -1 -1 -1 -1000 -1000 -1000 -10 1
192 49 Car -1 -1 -1 600.40 172.39 638.13 202.04 -1 -1 -1 -1000 -1000 -1000 -10 1
192 31 Car -1 -1 -1 1092.00 183.61 1229.65 232.43 -1 -1 -1 -1000 -1000 -1000 -10 1
192 30 Car -1 -1 -1 1031.43 186.57 1159.99 227.60 -1 -1 -1 -1000 -1000 -1000 -10 1
192 18 Car -1 -1 -1 959.95 181.08 1070.28 228.47 -1 -1 -1 -1000 -1000 -1000 -10 1
193 49 Car -1 -1 -1 600.73 172.30 638.43 201.98 -1 -1 -1 -1000 -1000 -1000 -10 1
193 31 Car -1 -1 -1 1091.82 183.59 1229.57 232.44 -1 -1 -1 -1000 -1000 -1000 -10 1
193 30 Car -1 -1 -1 1031.48 186.60 1159.97 227.54 -1 -1 -1 -1000 -1000 -1000 -10 1
193 18 Car -1 -1 -1 959.95 181.02 1070.34 228.44 -1 -1 -1 -1000 -1000 -1000 -10 1
194 49 Car -1 -1 -1 600.60 172.30 638.33 202.09 -1 -1 -1 -1000 -1000 -1000 -10 1
194 31 Car -1 -1 -1 1091.89 183.56 1229.69 232.41 -1 -1 -1 -1000 -1000 -1000 -10 1
194 30 Car -1 -1 -1 1031.43 186.59 1159.77 227.47 -1 -1 -1 -1000 -1000 -1000 -10 1
194 18 Car -1 -1 -1 959.81 180.95 1070.28 228.22 -1 -1 -1 -1000 -1000 -1000 -10 1
195 49 Car -1 -1 -1 600.53 172.17 638.41 202.04 -1 -1 -1 -1000 -1000 -1000 -10 1
195 31 Car -1 -1 -1 1091.72 183.58 1229.52 232.43 -1 -1 -1 -1000 -1000 -1000 -10 1
195 30 Car -1 -1 -1 1031.43 186.55 1159.72 227.45 -1 -1 -1 -1000 -1000 -1000 -10 1
195 18 Car -1 -1 -1 959.80 180.94 1070.35 228.21 -1 -1 -1 -1000 -1000 -1000 -10 1
196 49 Car -1 -1 -1 601.04 172.06 638.86 202.03 -1 -1 -1 -1000 -1000 -1000 -10 1
196 31 Car -1 -1 -1 1091.91 183.61 1229.55 232.48 -1 -1 -1 -1000 -1000 -1000 -10 1
196 30 Car -1 -1 -1 1031.46 186.54 1159.80 227.53 -1 -1 -1 -1000 -1000 -1000 -10 1
196 18 Car -1 -1 -1 959.73 181.05 1070.35 228.41 -1 -1 -1 -1000 -1000 -1000 -10 1
197 49 Car -1 -1 -1 601.37 172.20 639.17 202.15 -1 -1 -1 -1000 -1000 -1000 -10 1
197 31 Car -1 -1 -1 1092.02 183.66 1229.66 232.56 -1 -1 -1 -1000 -1000 -1000 -10 1
197 30 Car -1 -1 -1 1031.65 186.48 1160.13 227.51 -1 -1 -1 -1000 -1000 -1000 -10 1
197 18 Car -1 -1 -1 959.71 181.05 1070.47 228.56 -1 -1 -1 -1000 -1000 -1000 -10 1
198 49 Car -1 -1 -1 601.78 172.27 639.68 202.44 -1 -1 -1 -1000 -1000 -1000 -10 1
198 31 Car -1 -1 -1 1092.01 183.64 1229.80 232.62 -1 -1 -1 -1000 -1000 -1000 -10 1
198 30 Car -1 -1 -1 1031.56 186.53 1160.07 227.52 -1 -1 -1 -1000 -1000 -1000 -10 1
198 18 Car -1 -1 -1 959.70 180.99 1070.61 228.49 -1 -1 -1 -1000 -1000 -1000 -10 1
199 49 Car -1 -1 -1 601.77 172.03 639.74 202.35 -1 -1 -1 -1000 -1000 -1000 -10 1
199 31 Car -1 -1 -1 1091.93 183.63 1229.66 232.57 -1 -1 -1 -1000 -1000 -1000 -10 1
199 30 Car -1 -1 -1 1031.61 186.58 1160.13 227.56 -1 -1 -1 -1000 -1000 -1000 -10 1
199 18 Car -1 -1 -1 959.64 181.02 1070.53 228.56 -1 -1 -1 -1000 -1000 -1000 -10 1
200 49 Car -1 -1 -1 601.49 172.06 639.46 202.25 -1 -1 -1 -1000 -1000 -1000 -10 1
200 31 Car -1 -1 -1 1091.86 183.64 1229.76 232.55 -1 -1 -1 -1000 -1000 -1000 -10 1
200 30 Car -1 -1 -1 1031.63 186.66 1160.13 227.53 -1 -1 -1 -1000 -1000 -1000 -10 1
200 18 Car -1 -1 -1 959.78 181.07 1070.38 228.61 -1 -1 -1 -1000 -1000 -1000 -10 1
201 49 Car -1 -1 -1 601.69 172.26 639.45 202.27 -1 -1 -1 -1000 -1000 -1000 -10 1
201 31 Car -1 -1 -1 1091.74 183.56 1229.79 232.46 -1 -1 -1 -1000 -1000 -1000 -10 1
201 30 Car -1 -1 -1 1031.68 186.64 1160.15 227.47 -1 -1 -1 -1000 -1000 -1000 -10 1
201 18 Car -1 -1 -1 956.93 183.51 1069.04 228.75 -1 -1 -1 -1000 -1000 -1000 -10 1
202 49 Car -1 -1 -1 602.04 171.89 639.39 201.64 -1 -1 -1 -1000 -1000 -1000 -10 1
202 31 Car -1 -1 -1 1091.77 183.58 1229.82 232.49 -1 -1 -1 -1000 -1000 -1000 -10 1
202 30 Car -1 -1 -1 1031.50 186.66 1160.00 227.49 -1 -1 -1 -1000 -1000 -1000 -10 1
202 18 Car -1 -1 -1 958.50 182.30 1070.02 228.09 -1 -1 -1 -1000 -1000 -1000 -10 1
203 49 Car -1 -1 -1 602.24 171.76 639.23 201.28 -1 -1 -1 -1000 -1000 -1000 -10 1
203 31 Car -1 -1 -1 1091.91 183.70 1229.83 232.66 -1 -1 -1 -1000 -1000 -1000 -10 1
203 30 Car -1 -1 -1 1031.46 186.68 1159.90 227.48 -1 -1 -1 -1000 -1000 -1000 -10 1
203 18 Car -1 -1 -1 959.00 181.94 1070.41 228.15 -1 -1 -1 -1000 -1000 -1000 -10 1
204 49 Car -1 -1 -1 601.88 171.82 638.72 201.13 -1 -1 -1 -1000 -1000 -1000 -10 1
204 31 Car -1 -1 -1 1091.98 183.73 1229.89 232.70 -1 -1 -1 -1000 -1000 -1000 -10 1
204 30 Car -1 -1 -1 1031.52 186.75 1160.00 227.47 -1 -1 -1 -1000 -1000 -1000 -10 1
204 18 Car -1 -1 -1 959.26 181.51 1070.21 228.10 -1 -1 -1 -1000 -1000 -1000 -10 1
205 49 Car -1 -1 -1 599.13 171.64 637.06 200.88 -1 -1 -1 -1000 -1000 -1000 -10 1
205 31 Car -1 -1 -1 1091.96 183.69 1229.94 232.68 -1 -1 -1 -1000 -1000 -1000 -10 1
205 30 Car -1 -1 -1 1031.56 186.71 1160.09 227.41 -1 -1 -1 -1000 -1000 -1000 -10 1
205 18 Car -1 -1 -1 959.45 181.24 1070.07 228.09 -1 -1 -1 -1000 -1000 -1000 -10 1
206 49 Car -1 -1 -1 598.21 171.70 636.74 200.69 -1 -1 -1 -1000 -1000 -1000 -10 1
206 31 Car -1 -1 -1 1091.94 183.70 1229.89 232.60 -1 -1 -1 -1000 -1000 -1000 -10 1
206 30 Car -1 -1 -1 1031.69 186.78 1160.00 227.40 -1 -1 -1 -1000 -1000 -1000 -10 1
206 18 Car -1 -1 -1 959.55 181.21 1069.95 228.23 -1 -1 -1 -1000 -1000 -1000 -10 1
207 49 Car -1 -1 -1 597.91 171.83 636.74 200.68 -1 -1 -1 -1000 -1000 -1000 -10 1
207 31 Car -1 -1 -1 1091.75 183.72 1229.76 232.64 -1 -1 -1 -1000 -1000 -1000 -10 1
207 30 Car -1 -1 -1 1031.45 186.80 1159.70 227.43 -1 -1 -1 -1000 -1000 -1000 -10 1
207 18 Car -1 -1 -1 959.77 181.19 1070.15 228.32 -1 -1 -1 -1000 -1000 -1000 -10 1
208 49 Car -1 -1 -1 597.43 171.81 636.63 200.62 -1 -1 -1 -1000 -1000 -1000 -10 1
208 31 Car -1 -1 -1 1091.99 183.75 1229.87 232.59 -1 -1 -1 -1000 -1000 -1000 -10 1
208 30 Car -1 -1 -1 1031.38 186.76 1159.43 227.41 -1 -1 -1 -1000 -1000 -1000 -10 1
208 18 Car -1 -1 -1 959.91 181.05 1070.10 228.26 -1 -1 -1 -1000 -1000 -1000 -10 1
209 49 Car -1 -1 -1 597.21 171.78 636.62 200.48 -1 -1 -1 -1000 -1000 -1000 -10 1
209 31 Car -1 -1 -1 1091.92 183.73 1229.83 232.60 -1 -1 -1 -1000 -1000 -1000 -10 1
209 30 Car -1 -1 -1 1031.36 186.73 1159.43 227.47 -1 -1 -1 -1000 -1000 -1000 -10 1
209 18 Car -1 -1 -1 959.71 181.01 1070.03 228.39 -1 -1 -1 -1000 -1000 -1000 -10 1
210 49 Car -1 -1 -1 596.83 171.73 636.57 200.38 -1 -1 -1 -1000 -1000 -1000 -10 1
210 31 Car -1 -1 -1 1091.77 183.75 1229.76 232.58 -1 -1 -1 -1000 -1000 -1000 -10 1
210 30 Car -1 -1 -1 1031.46 186.72 1159.63 227.50 -1 -1 -1 -1000 -1000 -1000 -10 1
210 18 Car -1 -1 -1 959.66 181.00 1069.81 228.53 -1 -1 -1 -1000 -1000 -1000 -10 1
211 49 Car -1 -1 -1 596.63 171.69 636.55 200.26 -1 -1 -1 -1000 -1000 -1000 -10 1
211 31 Car -1 -1 -1 1091.78 183.70 1229.78 232.59 -1 -1 -1 -1000 -1000 -1000 -10 1
211 30 Car -1 -1 -1 1031.37 186.65 1159.73 227.50 -1 -1 -1 -1000 -1000 -1000 -10 1
211 18 Car -1 -1 -1 959.61 181.12 1069.99 228.70 -1 -1 -1 -1000 -1000 -1000 -10 1
212 49 Car -1 -1 -1 596.86 171.66 636.66 200.23 -1 -1 -1 -1000 -1000 -1000 -10 1
212 31 Car -1 -1 -1 1091.95 183.76 1229.93 232.72 -1 -1 -1 -1000 -1000 -1000 -10 1
212 30 Car -1 -1 -1 1031.31 186.63 1159.95 227.57 -1 -1 -1 -1000 -1000 -1000 -10 1
212 18 Car -1 -1 -1 956.79 183.79 1068.98 228.83 -1 -1 -1 -1000 -1000 -1000 -10 1
213 49 Car -1 -1 -1 597.18 171.77 636.55 200.33 -1 -1 -1 -1000 -1000 -1000 -10 1
213 31 Car -1 -1 -1 1091.91 183.71 1229.88 232.70 -1 -1 -1 -1000 -1000 -1000 -10 1
213 30 Car -1 -1 -1 1031.33 186.67 1159.91 227.61 -1 -1 -1 -1000 -1000 -1000 -10 1
213 18 Car -1 -1 -1 957.88 182.96 1070.18 228.70 -1 -1 -1 -1000 -1000 -1000 -10 1
214 49 Car -1 -1 -1 597.53 171.85 636.54 200.33 -1 -1 -1 -1000 -1000 -1000 -10 1
214 31 Car -1 -1 -1 1091.88 183.76 1229.83 232.75 -1 -1 -1 -1000 -1000 -1000 -10 1
214 30 Car -1 -1 -1 1031.41 186.68 1160.00 227.62 -1 -1 -1 -1000 -1000 -1000 -10 1
214 18 Car -1 -1 -1 955.92 184.72 1069.27 228.62 -1 -1 -1 -1000 -1000 -1000 -10 1
215 49 Car -1 -1 -1 597.59 171.80 636.51 200.29 -1 -1 -1 -1000 -1000 -1000 -10 1
215 31 Car -1 -1 -1 1092.06 183.77 1229.95 232.79 -1 -1 -1 -1000 -1000 -1000 -10 1
215 30 Car -1 -1 -1 1031.53 186.67 1160.19 227.60 -1 -1 -1 -1000 -1000 -1000 -10 1
215 18 Car -1 -1 -1 955.12 185.64 1068.98 228.34 -1 -1 -1 -1000 -1000 -1000 -10 1
216 49 Car -1 -1 -1 597.32 171.70 636.27 200.26 -1 -1 -1 -1000 -1000 -1000 -10 1
216 31 Car -1 -1 -1 1091.80 183.70 1229.68 232.62 -1 -1 -1 -1000 -1000 -1000 -10 1
216 30 Car -1 -1 -1 1031.34 186.63 1159.89 227.54 -1 -1 -1 -1000 -1000 -1000 -10 1
216 18 Car -1 -1 -1 957.21 183.88 1070.32 227.79 -1 -1 -1 -1000 -1000 -1000 -10 1
217 49 Car -1 -1 -1 597.34 171.71 636.27 200.26 -1 -1 -1 -1000 -1000 -1000 -10 1
217 31 Car -1 -1 -1 1091.88 183.72 1229.76 232.66 -1 -1 -1 -1000 -1000 -1000 -10 1
217 30 Car -1 -1 -1 1031.37 186.61 1159.83 227.61 -1 -1 -1 -1000 -1000 -1000 -10 1
217 18 Car -1 -1 -1 958.35 182.87 1070.99 227.81 -1 -1 -1 -1000 -1000 -1000 -10 1
218 49 Car -1 -1 -1 597.25 171.76 635.95 200.25 -1 -1 -1 -1000 -1000 -1000 -10 1
218 31 Car -1 -1 -1 1091.91 183.73 1229.80 232.69 -1 -1 -1 -1000 -1000 -1000 -10 1
218 30 Car -1 -1 -1 1031.37 186.63 1159.76 227.57 -1 -1 -1 -1000 -1000 -1000 -10 1
218 18 Car -1 -1 -1 958.89 182.18 1070.92 227.86 -1 -1 -1 -1000 -1000 -1000 -10 1
219 49 Car -1 -1 -1 597.18 171.67 635.65 200.22 -1 -1 -1 -1000 -1000 -1000 -10 1
219 31 Car -1 -1 -1 1091.94 183.74 1229.72 232.63 -1 -1 -1 -1000 -1000 -1000 -10 1
219 30 Car -1 -1 -1 1031.39 186.68 1159.73 227.52 -1 -1 -1 -1000 -1000 -1000 -10 1
219 18 Car -1 -1 -1 956.56 184.26 1069.32 228.29 -1 -1 -1 -1000 -1000 -1000 -10 1
220 49 Car -1 -1 -1 597.20 171.73 635.39 200.11 -1 -1 -1 -1000 -1000 -1000 -10 1
220 31 Car -1 -1 -1 1091.96 183.68 1229.67 232.55 -1 -1 -1 -1000 -1000 -1000 -10 1
220 30 Car -1 -1 -1 1031.33 186.65 1159.57 227.50 -1 -1 -1 -1000 -1000 -1000 -10 1
220 18 Car -1 -1 -1 955.49 185.44 1068.86 228.17 -1 -1 -1 -1000 -1000 -1000 -10 1
221 49 Car -1 -1 -1 599.16 172.45 636.56 201.13 -1 -1 -1 -1000 -1000 -1000 -10 1
221 31 Car -1 -1 -1 1091.92 183.67 1229.69 232.52 -1 -1 -1 -1000 -1000 -1000 -10 1
221 30 Car -1 -1 -1 1031.35 186.63 1159.64 227.49 -1 -1 -1 -1000 -1000 -1000 -10 1
221 18 Car -1 -1 -1 957.62 183.67 1070.17 227.61 -1 -1 -1 -1000 -1000 -1000 -10 1
222 49 Car -1 -1 -1 600.18 172.64 636.70 201.37 -1 -1 -1 -1000 -1000 -1000 -10 1
222 31 Car -1 -1 -1 1091.86 183.66 1229.66 232.51 -1 -1 -1 -1000 -1000 -1000 -10 1
222 30 Car -1 -1 -1 1031.47 186.69 1159.91 227.52 -1 -1 -1 -1000 -1000 -1000 -10 1
222 18 Car -1 -1 -1 958.32 182.74 1070.60 227.65 -1 -1 -1 -1000 -1000 -1000 -10 1
223 49 Car -1 -1 -1 600.42 172.81 636.33 201.65 -1 -1 -1 -1000 -1000 -1000 -10 1
223 31 Car -1 -1 -1 1091.81 183.64 1229.69 232.48 -1 -1 -1 -1000 -1000 -1000 -10 1
223 30 Car -1 -1 -1 1031.41 186.70 1159.80 227.50 -1 -1 -1 -1000 -1000 -1000 -10 1
223 18 Car -1 -1 -1 958.79 182.05 1070.00 227.64 -1 -1 -1 -1000 -1000 -1000 -10 1
224 49 Car -1 -1 -1 600.94 172.66 636.67 201.69 -1 -1 -1 -1000 -1000 -1000 -10 1
224 31 Car -1 -1 -1 1091.65 183.64 1229.66 232.45 -1 -1 -1 -1000 -1000 -1000 -10 1
224 30 Car -1 -1 -1 1031.58 186.78 1159.86 227.46 -1 -1 -1 -1000 -1000 -1000 -10 1
224 18 Car -1 -1 -1 959.17 181.66 1069.76 227.63 -1 -1 -1 -1000 -1000 -1000 -10 1
225 49 Car -1 -1 -1 601.29 172.59 636.55 201.61 -1 -1 -1 -1000 -1000 -1000 -10 1
225 31 Car -1 -1 -1 1091.67 183.67 1229.59 232.41 -1 -1 -1 -1000 -1000 -1000 -10 1
225 30 Car -1 -1 -1 1031.71 186.81 1159.93 227.40 -1 -1 -1 -1000 -1000 -1000 -10 1
225 18 Car -1 -1 -1 956.93 184.22 1068.62 228.26 -1 -1 -1 -1000 -1000 -1000 -10 1
226 49 Car -1 -1 -1 600.91 172.56 635.88 201.59 -1 -1 -1 -1000 -1000 -1000 -10 1
226 31 Car -1 -1 -1 1091.57 183.68 1229.57 232.42 -1 -1 -1 -1000 -1000 -1000 -10 1
226 30 Car -1 -1 -1 1031.66 186.84 1159.79 227.41 -1 -1 -1 -1000 -1000 -1000 -10 1
226 18 Car -1 -1 -1 956.04 185.45 1068.22 228.20 -1 -1 -1 -1000 -1000 -1000 -10 1
227 49 Car -1 -1 -1 600.81 172.52 635.53 201.64 -1 -1 -1 -1000 -1000 -1000 -10 1
227 31 Car -1 -1 -1 1091.70 183.70 1229.66 232.43 -1 -1 -1 -1000 -1000 -1000 -10 1
227 30 Car -1 -1 -1 1031.49 186.77 1159.79 227.39 -1 -1 -1 -1000 -1000 -1000 -10 1
227 18 Car -1 -1 -1 958.26 183.63 1069.29 227.53 -1 -1 -1 -1000 -1000 -1000 -10 1
228 49 Car -1 -1 -1 601.38 172.64 635.64 201.60 -1 -1 -1 -1000 -1000 -1000 -10 1
228 31 Car -1 -1 -1 1092.06 183.77 1229.91 232.56 -1 -1 -1 -1000 -1000 -1000 -10 1
228 30 Car -1 -1 -1 1031.47 186.81 1159.91 227.44 -1 -1 -1 -1000 -1000 -1000 -10 1
228 18 Car -1 -1 -1 959.25 182.56 1069.93 227.55 -1 -1 -1 -1000 -1000 -1000 -10 1
229 49 Car -1 -1 -1 600.74 172.59 634.63 201.54 -1 -1 -1 -1000 -1000 -1000 -10 1
229 31 Car -1 -1 -1 1092.19 183.72 1230.02 232.53 -1 -1 -1 -1000 -1000 -1000 -10 1
229 30 Car -1 -1 -1 1031.50 186.81 1159.86 227.37 -1 -1 -1 -1000 -1000 -1000 -10 1
229 18 Car -1 -1 -1 959.64 181.97 1069.73 227.47 -1 -1 -1 -1000 -1000 -1000 -10 1
230 31 Car -1 -1 -1 1091.94 183.66 1229.84 232.50 -1 -1 -1 -1000 -1000 -1000 -10 1
230 30 Car -1 -1 -1 1031.47 186.83 1159.71 227.32 -1 -1 -1 -1000 -1000 -1000 -10 1
230 18 Car -1 -1 -1 957.32 184.27 1068.41 228.11 -1 -1 -1 -1000 -1000 -1000 -10 1
231 31 Car -1 -1 -1 1092.02 183.68 1229.87 232.50 -1 -1 -1 -1000 -1000 -1000 -10 1
231 30 Car -1 -1 -1 1031.60 186.82 1159.82 227.33 -1 -1 -1 -1000 -1000 -1000 -10 1
231 18 Car -1 -1 -1 958.87 183.03 1069.24 227.74 -1 -1 -1 -1000 -1000 -1000 -10 1
232 31 Car -1 -1 -1 1091.98 183.75 1229.86 232.57 -1 -1 -1 -1000 -1000 -1000 -10 1
232 30 Car -1 -1 -1 1031.47 186.86 1159.85 227.41 -1 -1 -1 -1000 -1000 -1000 -10 1
232 18 Car -1 -1 -1 956.88 184.76 1068.38 228.11 -1 -1 -1 -1000 -1000 -1000 -10 1
233 31 Car -1 -1 -1 1091.74 183.75 1229.77 232.57 -1 -1 -1 -1000 -1000 -1000 -10 1
233 30 Car -1 -1 -1 1031.58 186.88 1159.85 227.35 -1 -1 -1 -1000 -1000 -1000 -10 1
233 18 Car -1 -1 -1 955.88 185.52 1068.30 227.91 -1 -1 -1 -1000 -1000 -1000 -10 1
234 31 Car -1 -1 -1 1091.77 183.72 1229.75 232.55 -1 -1 -1 -1000 -1000 -1000 -10 1
234 30 Car -1 -1 -1 1031.78 186.96 1159.90 227.27 -1 -1 -1 -1000 -1000 -1000 -10 1
234 18 Car -1 -1 -1 955.46 186.04 1068.30 227.66 -1 -1 -1 -1000 -1000 -1000 -10 1
235 57 Car -1 -1 -1 571.94 166.09 613.40 241.79 -1 -1 -1 -1000 -1000 -1000 -10 1
235 31 Car -1 -1 -1 1091.81 183.66 1229.85 232.52 -1 -1 -1 -1000 -1000 -1000 -10 1
235 30 Car -1 -1 -1 1031.85 186.94 1160.12 227.26 -1 -1 -1 -1000 -1000 -1000 -10 1
235 18 Car -1 -1 -1 955.22 186.40 1068.40 227.66 -1 -1 -1 -1000 -1000 -1000 -10 1
236 57 Car -1 -1 -1 570.49 166.41 614.55 246.00 -1 -1 -1 -1000 -1000 -1000 -10 1
236 31 Car -1 -1 -1 1091.63 183.57 1229.68 232.44 -1 -1 -1 -1000 -1000 -1000 -10 1
236 30 Car -1 -1 -1 1031.68 186.91 1160.06 227.30 -1 -1 -1 -1000 -1000 -1000 -10 1
236 18 Car -1 -1 -1 957.41 184.23 1069.85 227.07 -1 -1 -1 -1000 -1000 -1000 -10 1
237 57 Car -1 -1 -1 571.97 165.16 618.15 251.06 -1 -1 -1 -1000 -1000 -1000 -10 1
237 31 Car -1 -1 -1 1091.44 183.52 1229.59 232.39 -1 -1 -1 -1000 -1000 -1000 -10 1
237 30 Car -1 -1 -1 1031.56 186.89 1159.93 227.33 -1 -1 -1 -1000 -1000 -1000 -10 1
237 18 Car -1 -1 -1 956.00 185.49 1068.95 227.59 -1 -1 -1 -1000 -1000 -1000 -10 1
238 31 Car -1 -1 -1 1091.74 183.54 1229.87 232.38 -1 -1 -1 -1000 -1000 -1000 -10 1
238 30 Car -1 -1 -1 1031.78 186.92 1160.17 227.29 -1 -1 -1 -1000 -1000 -1000 -10 1
238 18 Car -1 -1 -1 957.76 183.58 1069.81 226.97 -1 -1 -1 -1000 -1000 -1000 -10 1
239 31 Car -1 -1 -1 1091.76 183.59 1229.80 232.42 -1 -1 -1 -1000 -1000 -1000 -10 1
239 30 Car -1 -1 -1 1031.45 186.92 1159.80 227.31 -1 -1 -1 -1000 -1000 -1000 -10 1
239 18 Car -1 -1 -1 958.59 182.65 1069.88 226.93 -1 -1 -1 -1000 -1000 -1000 -10 1
240 31 Car -1 -1 -1 1091.61 183.60 1229.71 232.35 -1 -1 -1 -1000 -1000 -1000 -10 1
240 30 Car -1 -1 -1 1031.57 186.97 1159.69 227.28 -1 -1 -1 -1000 -1000 -1000 -10 1
240 18 Car -1 -1 -1 956.64 184.72 1068.77 227.62 -1 -1 -1 -1000 -1000 -1000 -10 1
241 31 Car -1 -1 -1 1091.50 183.63 1229.68 232.35 -1 -1 -1 -1000 -1000 -1000 -10 1
241 30 Car -1 -1 -1 1031.62 186.92 1159.74 227.22 -1 -1 -1 -1000 -1000 -1000 -10 1
241 18 Car -1 -1 -1 958.46 183.16 1069.43 227.03 -1 -1 -1 -1000 -1000 -1000 -10 1
242 31 Car -1 -1 -1 1091.78 183.61 1229.73 232.36 -1 -1 -1 -1000 -1000 -1000 -10 1
242 30 Car -1 -1 -1 1031.75 186.94 1159.89 227.26 -1 -1 -1 -1000 -1000 -1000 -10 1
242 18 Car -1 -1 -1 956.78 184.87 1068.41 227.55 -1 -1 -1 -1000 -1000 -1000 -10 1
243 31 Car -1 -1 -1 1091.90 183.68 1229.77 232.47 -1 -1 -1 -1000 -1000 -1000 -10 1
243 30 Car -1 -1 -1 1031.55 186.91 1159.84 227.27 -1 -1 -1 -1000 -1000 -1000 -10 1
243 18 Car -1 -1 -1 958.34 183.27 1069.57 227.13 -1 -1 -1 -1000 -1000 -1000 -10 1
244 31 Car -1 -1 -1 1091.93 183.63 1229.72 232.44 -1 -1 -1 -1000 -1000 -1000 -10 1
244 30 Car -1 -1 -1 1031.59 186.85 1159.97 227.28 -1 -1 -1 -1000 -1000 -1000 -10 1
244 18 Car -1 -1 -1 959.13 182.55 1069.71 227.28 -1 -1 -1 -1000 -1000 -1000 -10 1
245 31 Car -1 -1 -1 1091.71 183.65 1229.62 232.43 -1 -1 -1 -1000 -1000 -1000 -10 1
245 30 Car -1 -1 -1 1031.59 186.84 1160.05 227.32 -1 -1 -1 -1000 -1000 -1000 -10 1
245 18 Car -1 -1 -1 959.56 182.07 1069.69 227.55 -1 -1 -1 -1000 -1000 -1000 -10 1
246 61 Car -1 -1 -1 593.79 162.89 639.64 245.00 -1 -1 -1 -1000 -1000 -1000 -10 1
246 31 Car -1 -1 -1 1091.79 183.59 1229.55 232.45 -1 -1 -1 -1000 -1000 -1000 -10 1
246 30 Car -1 -1 -1 1031.57 186.83 1159.93 227.29 -1 -1 -1 -1000 -1000 -1000 -10 1
246 18 Car -1 -1 -1 959.89 181.68 1069.65 227.63 -1 -1 -1 -1000 -1000 -1000 -10 1
247 61 Car -1 -1 -1 579.84 161.95 628.92 249.36 -1 -1 -1 -1000 -1000 -1000 -10 1
247 31 Car -1 -1 -1 1091.89 183.56 1229.57 232.42 -1 -1 -1 -1000 -1000 -1000 -10 1
247 30 Car -1 -1 -1 1031.42 186.81 1159.86 227.28 -1 -1 -1 -1000 -1000 -1000 -10 1
247 18 Car -1 -1 -1 959.95 181.27 1069.47 227.48 -1 -1 -1 -1000 -1000 -1000 -10 1
248 61 Car -1 -1 -1 586.97 161.35 635.60 248.55 -1 -1 -1 -1000 -1000 -1000 -10 1
248 31 Car -1 -1 -1 1091.80 183.56 1229.67 232.45 -1 -1 -1 -1000 -1000 -1000 -10 1
248 30 Car -1 -1 -1 1031.46 186.76 1159.89 227.25 -1 -1 -1 -1000 -1000 -1000 -10 1
248 18 Car -1 -1 -1 960.02 181.16 1069.41 227.60 -1 -1 -1 -1000 -1000 -1000 -10 1
249 61 Car -1 -1 -1 592.11 161.90 639.12 248.65 -1 -1 -1 -1000 -1000 -1000 -10 1
249 31 Car -1 -1 -1 1091.74 183.64 1229.53 232.65 -1 -1 -1 -1000 -1000 -1000 -10 1
249 30 Car -1 -1 -1 1031.38 186.79 1160.01 227.30 -1 -1 -1 -1000 -1000 -1000 -10 1
249 18 Car -1 -1 -1 959.84 181.30 1069.10 228.09 -1 -1 -1 -1000 -1000 -1000 -10 1
250 61 Car -1 -1 -1 606.35 162.78 651.98 248.59 -1 -1 -1 -1000 -1000 -1000 -10 1
250 31 Car -1 -1 -1 1091.70 183.66 1229.59 232.71 -1 -1 -1 -1000 -1000 -1000 -10 1
250 30 Car -1 -1 -1 1031.47 186.81 1160.17 227.33 -1 -1 -1 -1000 -1000 -1000 -10 1
250 18 Car -1 -1 -1 959.93 181.34 1069.35 228.54 -1 -1 -1 -1000 -1000 -1000 -10 1
251 61 Car -1 -1 -1 602.40 163.50 646.46 247.78 -1 -1 -1 -1000 -1000 -1000 -10 1
251 31 Car -1 -1 -1 1091.89 183.66 1229.56 232.72 -1 -1 -1 -1000 -1000 -1000 -10 1
251 30 Car -1 -1 -1 1031.46 186.85 1160.12 227.37 -1 -1 -1 -1000 -1000 -1000 -10 1
251 18 Car -1 -1 -1 957.36 183.58 1068.25 228.96 -1 -1 -1 -1000 -1000 -1000 -10 1
252 61 Car -1 -1 -1 600.01 164.55 645.71 251.95 -1 -1 -1 -1000 -1000 -1000 -10 1
252 31 Car -1 -1 -1 1092.01 183.59 1229.60 232.71 -1 -1 -1 -1000 -1000 -1000 -10 1
252 30 Car -1 -1 -1 1031.53 186.80 1160.05 227.33 -1 -1 -1 -1000 -1000 -1000 -10 1
252 18 Car -1 -1 -1 958.81 182.20 1068.83 228.23 -1 -1 -1 -1000 -1000 -1000 -10 1
253 61 Car -1 -1 -1 609.33 163.15 655.12 253.58 -1 -1 -1 -1000 -1000 -1000 -10 1
253 31 Car -1 -1 -1 1091.92 183.53 1229.62 232.64 -1 -1 -1 -1000 -1000 -1000 -10 1
253 30 Car -1 -1 -1 1031.64 186.76 1160.01 227.30 -1 -1 -1 -1000 -1000 -1000 -10 1
253 18 Car -1 -1 -1 959.80 181.45 1068.95 227.88 -1 -1 -1 -1000 -1000 -1000 -10 1
254 31 Car -1 -1 -1 1092.03 183.55 1229.67 232.63 -1 -1 -1 -1000 -1000 -1000 -10 1
254 30 Car -1 -1 -1 1031.66 186.79 1159.77 227.29 -1 -1 -1 -1000 -1000 -1000 -10 1
254 18 Car -1 -1 -1 960.24 181.11 1068.86 227.91 -1 -1 -1 -1000 -1000 -1000 -10 1
255 31 Car -1 -1 -1 1091.97 183.57 1229.64 232.61 -1 -1 -1 -1000 -1000 -1000 -10 1
255 30 Car -1 -1 -1 1031.57 186.77 1159.72 227.31 -1 -1 -1 -1000 -1000 -1000 -10 1
255 18 Car -1 -1 -1 960.44 180.86 1068.68 227.88 -1 -1 -1 -1000 -1000 -1000 -10 1
256 31 Car -1 -1 -1 1091.95 183.67 1229.65 232.67 -1 -1 -1 -1000 -1000 -1000 -10 1
256 30 Car -1 -1 -1 1031.70 186.70 1159.76 227.27 -1 -1 -1 -1000 -1000 -1000 -10 1
256 18 Car -1 -1 -1 957.90 183.44 1067.69 228.62 -1 -1 -1 -1000 -1000 -1000 -10 1
257 31 Car -1 -1 -1 1091.87 183.67 1229.61 232.67 -1 -1 -1 -1000 -1000 -1000 -10 1
257 30 Car -1 -1 -1 1031.59 186.77 1159.55 227.32 -1 -1 -1 -1000 -1000 -1000 -10 1
257 18 Car -1 -1 -1 959.31 182.32 1068.74 228.16 -1 -1 -1 -1000 -1000 -1000 -10 1
258 31 Car -1 -1 -1 1091.89 183.60 1229.74 232.59 -1 -1 -1 -1000 -1000 -1000 -10 1
258 30 Car -1 -1 -1 1031.69 186.75 1159.52 227.29 -1 -1 -1 -1000 -1000 -1000 -10 1
258 18 Car -1 -1 -1 959.97 181.58 1069.01 227.91 -1 -1 -1 -1000 -1000 -1000 -10 1
259 31 Car -1 -1 -1 1091.68 183.60 1229.69 232.57 -1 -1 -1 -1000 -1000 -1000 -10 1
259 30 Car -1 -1 -1 1031.81 186.69 1159.84 227.27 -1 -1 -1 -1000 -1000 -1000 -10 1
259 18 Car -1 -1 -1 960.09 181.14 1069.16 227.95 -1 -1 -1 -1000 -1000 -1000 -10 1
260 31 Car -1 -1 -1 1091.57 183.70 1229.59 232.75 -1 -1 -1 -1000 -1000 -1000 -10 1
260 30 Car -1 -1 -1 1031.71 186.76 1159.94 227.43 -1 -1 -1 -1000 -1000 -1000 -10 1
260 18 Car -1 -1 -1 957.44 183.49 1068.20 228.53 -1 -1 -1 -1000 -1000 -1000 -10 1
261 63 Car -1 -1 -1 610.59 159.32 658.85 260.79 -1 -1 -1 -1000 -1000 -1000 -10 1
261 31 Car -1 -1 -1 1091.53 183.64 1229.54 232.71 -1 -1 -1 -1000 -1000 -1000 -10 1
261 30 Car -1 -1 -1 1031.71 186.70 1159.98 227.46 -1 -1 -1 -1000 -1000 -1000 -10 1
261 18 Car -1 -1 -1 958.48 182.27 1068.98 228.12 -1 -1 -1 -1000 -1000 -1000 -10 1
262 63 Car -1 -1 -1 611.37 160.93 660.05 261.07 -1 -1 -1 -1000 -1000 -1000 -10 1
262 31 Car -1 -1 -1 1091.67 183.62 1229.58 232.67 -1 -1 -1 -1000 -1000 -1000 -10 1
262 30 Car -1 -1 -1 1031.73 186.65 1160.01 227.40 -1 -1 -1 -1000 -1000 -1000 -10 1
262 18 Car -1 -1 -1 956.68 184.03 1068.32 228.43 -1 -1 -1 -1000 -1000 -1000 -10 1
263 63 Car -1 -1 -1 611.81 163.00 665.25 265.48 -1 -1 -1 -1000 -1000 -1000 -10 1
263 31 Car -1 -1 -1 1091.69 183.62 1229.44 232.70 -1 -1 -1 -1000 -1000 -1000 -10 1
263 30 Car -1 -1 -1 1031.45 186.61 1159.96 227.51 -1 -1 -1 -1000 -1000 -1000 -10 1
263 18 Car -1 -1 -1 955.66 185.00 1068.34 228.53 -1 -1 -1 -1000 -1000 -1000 -10 1
264 63 Car -1 -1 -1 613.62 163.19 665.94 260.47 -1 -1 -1 -1000 -1000 -1000 -10 1
264 31 Car -1 -1 -1 1091.46 183.57 1229.42 232.66 -1 -1 -1 -1000 -1000 -1000 -10 1
264 30 Car -1 -1 -1 1031.35 186.58 1159.95 227.50 -1 -1 -1 -1000 -1000 -1000 -10 1
264 18 Car -1 -1 -1 955.22 185.44 1068.44 228.32 -1 -1 -1 -1000 -1000 -1000 -10 1
265 63 Car -1 -1 -1 617.93 162.99 670.68 264.64 -1 -1 -1 -1000 -1000 -1000 -10 1
265 31 Car -1 -1 -1 1091.65 183.51 1229.62 232.63 -1 -1 -1 -1000 -1000 -1000 -10 1
265 30 Car -1 -1 -1 1031.21 186.60 1159.86 227.51 -1 -1 -1 -1000 -1000 -1000 -10 1
265 18 Car -1 -1 -1 954.75 185.76 1068.82 228.07 -1 -1 -1 -1000 -1000 -1000 -10 1
266 63 Car -1 -1 -1 619.13 162.85 672.86 267.98 -1 -1 -1 -1000 -1000 -1000 -10 1
266 31 Car -1 -1 -1 1091.64 183.59 1229.69 232.68 -1 -1 -1 -1000 -1000 -1000 -10 1
266 30 Car -1 -1 -1 1031.24 186.66 1159.79 227.55 -1 -1 -1 -1000 -1000 -1000 -10 1
266 18 Car -1 -1 -1 954.61 185.97 1068.91 228.05 -1 -1 -1 -1000 -1000 -1000 -10 1
267 31 Car -1 -1 -1 1091.52 183.62 1229.56 232.72 -1 -1 -1 -1000 -1000 -1000 -10 1
267 30 Car -1 -1 -1 1031.64 186.74 1160.13 227.51 -1 -1 -1 -1000 -1000 -1000 -10 1
267 18 Car -1 -1 -1 954.49 186.06 1069.01 228.03 -1 -1 -1 -1000 -1000 -1000 -10 1
268 31 Car -1 -1 -1 1091.51 183.64 1229.46 232.75 -1 -1 -1 -1000 -1000 -1000 -10 1
268 30 Car -1 -1 -1 1031.59 186.70 1160.05 227.54 -1 -1 -1 -1000 -1000 -1000 -10 1
268 18 Car -1 -1 -1 954.49 186.08 1069.01 227.91 -1 -1 -1 -1000 -1000 -1000 -10 1
269 31 Car -1 -1 -1 1091.61 183.68 1229.58 232.73 -1 -1 -1 -1000 -1000 -1000 -10 1
269 30 Car -1 -1 -1 1031.50 186.63 1159.96 227.54 -1 -1 -1 -1000 -1000 -1000 -10 1
269 18 Car -1 -1 -1 954.58 186.09 1068.94 227.92 -1 -1 -1 -1000 -1000 -1000 -10 1
270 31 Car -1 -1 -1 1091.87 183.65 1229.64 232.70 -1 -1 -1 -1000 -1000 -1000 -10 1
270 30 Car -1 -1 -1 1031.49 186.56 1159.96 227.52 -1 -1 -1 -1000 -1000 -1000 -10 1
270 18 Car -1 -1 -1 954.57 186.10 1068.91 227.88 -1 -1 -1 -1000 -1000 -1000 -10 1
271 31 Car -1 -1 -1 1091.94 183.61 1229.76 232.63 -1 -1 -1 -1000 -1000 -1000 -10 1
271 30 Car -1 -1 -1 1031.55 186.52 1159.99 227.50 -1 -1 -1 -1000 -1000 -1000 -10 1
271 18 Car -1 -1 -1 954.50 186.09 1069.04 227.75 -1 -1 -1 -1000 -1000 -1000 -10 1
272 31 Car -1 -1 -1 1091.86 183.65 1229.76 232.60 -1 -1 -1 -1000 -1000 -1000 -10 1
272 30 Car -1 -1 -1 1031.53 186.47 1159.86 227.51 -1 -1 -1 -1000 -1000 -1000 -10 1
272 18 Car -1 -1 -1 954.48 186.18 1069.07 227.74 -1 -1 -1 -1000 -1000 -1000 -10 1
273 64 Car -1 -1 -1 598.07 172.86 639.52 200.68 -1 -1 -1 -1000 -1000 -1000 -10 1
273 31 Car -1 -1 -1 1091.61 183.62 1229.70 232.59 -1 -1 -1 -1000 -1000 -1000 -10 1
273 30 Car -1 -1 -1 1031.68 186.50 1159.86 227.50 -1 -1 -1 -1000 -1000 -1000 -10 1
273 18 Car -1 -1 -1 954.66 186.28 1068.95 227.70 -1 -1 -1 -1000 -1000 -1000 -10 1
274 64 Car -1 -1 -1 597.31 172.86 638.47 201.61 -1 -1 -1 -1000 -1000 -1000 -10 1
274 31 Car -1 -1 -1 1091.51 183.56 1229.59 232.49 -1 -1 -1 -1000 -1000 -1000 -10 1
274 30 Car -1 -1 -1 1031.75 186.52 1159.69 227.50 -1 -1 -1 -1000 -1000 -1000 -10 1
274 18 Car -1 -1 -1 957.85 183.96 1070.01 226.99 -1 -1 -1 -1000 -1000 -1000 -10 1
275 64 Car -1 -1 -1 597.20 172.63 637.42 201.35 -1 -1 -1 -1000 -1000 -1000 -10 1
275 31 Car -1 -1 -1 1091.64 183.57 1229.54 232.43 -1 -1 -1 -1000 -1000 -1000 -10 1
275 30 Car -1 -1 -1 1031.45 186.61 1159.41 227.50 -1 -1 -1 -1000 -1000 -1000 -10 1
275 18 Car -1 -1 -1 959.40 182.70 1069.94 226.86 -1 -1 -1 -1000 -1000 -1000 -10 1
276 64 Car -1 -1 -1 599.06 172.82 638.26 201.13 -1 -1 -1 -1000 -1000 -1000 -10 1
276 31 Car -1 -1 -1 1091.74 183.53 1229.58 232.39 -1 -1 -1 -1000 -1000 -1000 -10 1
276 30 Car -1 -1 -1 1031.54 186.63 1159.48 227.44 -1 -1 -1 -1000 -1000 -1000 -10 1
276 18 Car -1 -1 -1 960.27 181.97 1069.75 227.06 -1 -1 -1 -1000 -1000 -1000 -10 1
277 64 Car -1 -1 -1 598.96 172.76 637.82 201.18 -1 -1 -1 -1000 -1000 -1000 -10 1
277 31 Car -1 -1 -1 1091.90 183.58 1229.66 232.47 -1 -1 -1 -1000 -1000 -1000 -10 1
277 30 Car -1 -1 -1 1031.56 186.60 1159.55 227.45 -1 -1 -1 -1000 -1000 -1000 -10 1
277 18 Car -1 -1 -1 960.58 181.51 1069.74 227.29 -1 -1 -1 -1000 -1000 -1000 -10 1
278 64 Car -1 -1 -1 598.75 172.72 637.52 201.11 -1 -1 -1 -1000 -1000 -1000 -10 1
278 31 Car -1 -1 -1 1091.92 183.61 1229.65 232.47 -1 -1 -1 -1000 -1000 -1000 -10 1
278 30 Car -1 -1 -1 1031.63 186.65 1159.62 227.48 -1 -1 -1 -1000 -1000 -1000 -10 1
278 18 Car -1 -1 -1 960.54 181.25 1069.60 227.49 -1 -1 -1 -1000 -1000 -1000 -10 1
279 64 Car -1 -1 -1 600.79 171.30 638.91 200.02 -1 -1 -1 -1000 -1000 -1000 -10 1
279 31 Car -1 -1 -1 1091.67 183.58 1229.73 232.45 -1 -1 -1 -1000 -1000 -1000 -10 1
279 30 Car -1 -1 -1 1031.59 186.66 1159.54 227.47 -1 -1 -1 -1000 -1000 -1000 -10 1
279 18 Car -1 -1 -1 960.52 181.33 1069.48 227.98 -1 -1 -1 -1000 -1000 -1000 -10 1
280 64 Car -1 -1 -1 601.42 170.48 639.10 199.35 -1 -1 -1 -1000 -1000 -1000 -10 1
280 31 Car -1 -1 -1 1091.65 183.53 1229.80 232.43 -1 -1 -1 -1000 -1000 -1000 -10 1
280 30 Car -1 -1 -1 1031.62 186.64 1159.82 227.51 -1 -1 -1 -1000 -1000 -1000 -10 1
280 18 Car -1 -1 -1 957.13 183.51 1068.81 228.32 -1 -1 -1 -1000 -1000 -1000 -10 1
281 64 Car -1 -1 -1 602.01 169.58 639.01 198.52 -1 -1 -1 -1000 -1000 -1000 -10 1
281 31 Car -1 -1 -1 1091.70 183.54 1229.81 232.42 -1 -1 -1 -1000 -1000 -1000 -10 1
281 30 Car -1 -1 -1 1031.64 186.62 1159.86 227.54 -1 -1 -1 -1000 -1000 -1000 -10 1
281 18 Car -1 -1 -1 958.33 182.26 1069.74 227.71 -1 -1 -1 -1000 -1000 -1000 -10 1
282 64 Car -1 -1 -1 602.41 169.04 639.01 198.01 -1 -1 -1 -1000 -1000 -1000 -10 1
282 31 Car -1 -1 -1 1091.58 183.58 1229.88 232.57 -1 -1 -1 -1000 -1000 -1000 -10 1
282 30 Car -1 -1 -1 1031.43 186.60 1159.59 227.56 -1 -1 -1 -1000 -1000 -1000 -10 1
282 18 Car -1 -1 -1 958.86 181.71 1069.83 227.60 -1 -1 -1 -1000 -1000 -1000 -10 1
283 64 Car -1 -1 -1 602.94 169.18 639.21 198.21 -1 -1 -1 -1000 -1000 -1000 -10 1
283 31 Car -1 -1 -1 1091.61 183.61 1229.86 232.69 -1 -1 -1 -1000 -1000 -1000 -10 1
283 30 Car -1 -1 -1 1031.48 186.59 1159.67 227.65 -1 -1 -1 -1000 -1000 -1000 -10 1
283 18 Car -1 -1 -1 960.58 180.96 1070.56 227.21 -1 -1 -1 -1000 -1000 -1000 -10 1
284 64 Car -1 -1 -1 602.24 169.76 638.01 198.86 -1 -1 -1 -1000 -1000 -1000 -10 1
284 31 Car -1 -1 -1 1091.83 183.62 1229.85 232.72 -1 -1 -1 -1000 -1000 -1000 -10 1
284 30 Car -1 -1 -1 1031.62 186.54 1159.93 227.65 -1 -1 -1 -1000 -1000 -1000 -10 1
284 18 Car -1 -1 -1 957.12 183.39 1069.32 227.66 -1 -1 -1 -1000 -1000 -1000 -10 1
285 64 Car -1 -1 -1 602.17 170.07 637.82 199.42 -1 -1 -1 -1000 -1000 -1000 -10 1
285 31 Car -1 -1 -1 1091.66 183.56 1229.73 232.61 -1 -1 -1 -1000 -1000 -1000 -10 1
285 30 Car -1 -1 -1 1031.48 186.52 1159.60 227.70 -1 -1 -1 -1000 -1000 -1000 -10 1
285 18 Car -1 -1 -1 958.49 182.57 1069.76 227.70 -1 -1 -1 -1000 -1000 -1000 -10 1
286 64 Car -1 -1 -1 602.15 170.22 637.55 199.82 -1 -1 -1 -1000 -1000 -1000 -10 1
286 31 Car -1 -1 -1 1091.86 183.59 1229.77 232.53 -1 -1 -1 -1000 -1000 -1000 -10 1
286 30 Car -1 -1 -1 1031.34 186.45 1159.44 227.75 -1 -1 -1 -1000 -1000 -1000 -10 1
286 18 Car -1 -1 -1 957.12 182.84 1066.74 227.81 -1 -1 -1 -1000 -1000 -1000 -10 1
287 64 Car -1 -1 -1 602.44 170.30 637.64 200.04 -1 -1 -1 -1000 -1000 -1000 -10 1
287 31 Car -1 -1 -1 1091.86 183.53 1229.74 232.43 -1 -1 -1 -1000 -1000 -1000 -10 1
287 30 Car -1 -1 -1 1031.46 186.40 1159.35 227.88 -1 -1 -1 -1000 -1000 -1000 -10 1
287 18 Car -1 -1 -1 959.96 181.47 1069.15 227.06 -1 -1 -1 -1000 -1000 -1000 -10 1
288 64 Car -1 -1 -1 603.01 170.60 637.93 200.39 -1 -1 -1 -1000 -1000 -1000 -10 1
288 31 Car -1 -1 -1 1091.88 183.46 1229.62 232.29 -1 -1 -1 -1000 -1000 -1000 -10 1
288 30 Car -1 -1 -1 1031.49 186.32 1159.29 227.98 -1 -1 -1 -1000 -1000 -1000 -10 1
288 18 Car -1 -1 -1 961.06 181.36 1071.04 227.96 -1 -1 -1 -1000 -1000 -1000 -10 1
289 64 Car -1 -1 -1 603.27 170.59 638.02 200.39 -1 -1 -1 -1000 -1000 -1000 -10 1
289 31 Car -1 -1 -1 1091.53 183.58 1229.25 232.54 -1 -1 -1 -1000 -1000 -1000 -10 1
289 30 Car -1 -1 -1 1031.47 186.21 1159.34 228.02 -1 -1 -1 -1000 -1000 -1000 -10 1
289 18 Car -1 -1 -1 963.49 181.59 1071.66 228.50 -1 -1 -1 -1000 -1000 -1000 -10 1
290 64 Car -1 -1 -1 603.48 170.77 637.88 200.33 -1 -1 -1 -1000 -1000 -1000 -10 1
290 31 Car -1 -1 -1 1091.39 183.53 1229.38 232.51 -1 -1 -1 -1000 -1000 -1000 -10 1
290 30 Car -1 -1 -1 1031.14 186.16 1159.47 227.98 -1 -1 -1 -1000 -1000 -1000 -10 1
290 18 Car -1 -1 -1 964.33 182.47 1073.82 227.69 -1 -1 -1 -1000 -1000 -1000 -10 1
291 64 Car -1 -1 -1 603.82 170.65 637.99 200.06 -1 -1 -1 -1000 -1000 -1000 -10 1
291 31 Car -1 -1 -1 1091.06 183.64 1229.38 232.66 -1 -1 -1 -1000 -1000 -1000 -10 1
291 30 Car -1 -1 -1 1030.68 186.22 1159.63 227.86 -1 -1 -1 -1000 -1000 -1000 -10 1
291 18 Car -1 -1 -1 965.56 182.83 1075.52 226.54 -1 -1 -1 -1000 -1000 -1000 -10 1
292 64 Car -1 -1 -1 603.36 170.69 637.74 200.16 -1 -1 -1 -1000 -1000 -1000 -10 1
292 31 Car -1 -1 -1 1090.94 183.84 1229.47 233.03 -1 -1 -1 -1000 -1000 -1000 -10 1
292 30 Car -1 -1 -1 1030.51 186.36 1159.93 227.82 -1 -1 -1 -1000 -1000 -1000 -10 1
292 18 Car -1 -1 -1 954.51 183.45 1066.97 228.67 -1 -1 -1 -1000 -1000 -1000 -10 1
293 65 Car -1 -1 -1 923.60 156.59 1009.77 300.90 -1 -1 -1 -1000 -1000 -1000 -10 1
293 64 Car -1 -1 -1 602.74 170.77 637.28 200.30 -1 -1 -1 -1000 -1000 -1000 -10 1
293 31 Car -1 -1 -1 1090.87 183.72 1229.25 233.04 -1 -1 -1 -1000 -1000 -1000 -10 1
293 30 Car -1 -1 -1 1029.63 186.30 1159.89 227.88 -1 -1 -1 -1000 -1000 -1000 -10 1
293 18 Car -1 -1 -1 948.43 183.80 1062.41 229.50 -1 -1 -1 -1000 -1000 -1000 -10 1
294 65 Car -1 -1 -1 932.55 153.96 1025.09 306.03 -1 -1 -1 -1000 -1000 -1000 -10 1
294 64 Car -1 -1 -1 602.49 170.89 637.20 200.45 -1 -1 -1 -1000 -1000 -1000 -10 1
294 31 Car -1 -1 -1 1090.70 183.56 1228.71 233.04 -1 -1 -1 -1000 -1000 -1000 -10 1
294 30 Car -1 -1 -1 1027.70 185.96 1159.86 228.29 -1 -1 -1 -1000 -1000 -1000 -10 1
294 18 Car -1 -1 -1 944.01 181.57 1058.10 232.07 -1 -1 -1 -1000 -1000 -1000 -10 1
295 64 Car -1 -1 -1 602.23 170.79 637.02 200.51 -1 -1 -1 -1000 -1000 -1000 -10 1
295 31 Car -1 -1 -1 1090.09 183.33 1228.75 232.99 -1 -1 -1 -1000 -1000 -1000 -10 1
295 30 Car -1 -1 -1 1026.82 185.88 1159.57 229.01 -1 -1 -1 -1000 -1000 -1000 -10 1
296 64 Car -1 -1 -1 602.38 170.34 637.18 200.10 -1 -1 -1 -1000 -1000 -1000 -10 1
296 31 Car -1 -1 -1 1091.01 182.62 1229.71 232.36 -1 -1 -1 -1000 -1000 -1000 -10 1
296 30 Car -1 -1 -1 1027.72 185.77 1161.10 229.10 -1 -1 -1 -1000 -1000 -1000 -10 1
297 64 Car -1 -1 -1 602.81 170.33 637.67 200.10 -1 -1 -1 -1000 -1000 -1000 -10 1
297 31 Car -1 -1 -1 1090.07 182.80 1228.87 232.84 -1 -1 -1 -1000 -1000 -1000 -10 1
297 30 Car -1 -1 -1 1029.73 185.07 1160.02 230.00 -1 -1 -1 -1000 -1000 -1000 -10 1
298 65 Car -1 -1 -1 955.18 155.66 1061.44 271.31 -1 -1 -1 -1000 -1000 -1000 -10 1
298 64 Car -1 -1 -1 603.22 170.53 638.09 200.15 -1 -1 -1 -1000 -1000 -1000 -10 1
298 31 Car -1 -1 -1 1092.29 182.20 1227.44 231.89 -1 -1 -1 -1000 -1000 -1000 -10 1
298 30 Car -1 -1 -1 1029.82 182.72 1157.89 229.59 -1 -1 -1 -1000 -1000 -1000 -10 1
299 65 Car -1 -1 -1 961.31 165.56 1072.91 259.11 -1 -1 -1 -1000 -1000 -1000 -10 1
299 64 Car -1 -1 -1 603.49 170.76 638.31 200.15 -1 -1 -1 -1000 -1000 -1000 -10 1
299 31 Car -1 -1 -1 1092.35 181.91 1224.23 231.25 -1 -1 -1 -1000 -1000 -1000 -10 1
299 30 Car -1 -1 -1 1021.62 182.91 1150.87 235.11 -1 -1 -1 -1000 -1000 -1000 -10 1
300 65 Car -1 -1 -1 969.41 172.00 1077.64 260.67 -1 -1 -1 -1000 -1000 -1000 -10 1
300 64 Car -1 -1 -1 603.69 170.99 638.46 200.21 -1 -1 -1 -1000 -1000 -1000 -10 1
300 31 Car -1 -1 -1 1097.94 181.23 1224.49 230.48 -1 -1 -1 -1000 -1000 -1000 -10 1
300 30 Car -1 -1 -1 1014.04 186.30 1147.91 248.53 -1 -1 -1 -1000 -1000 -1000 -10 1
301 65 Car -1 -1 -1 964.47 171.68 1071.59 246.40 -1 -1 -1 -1000 -1000 -1000 -10 1
301 64 Car -1 -1 -1 603.13 171.06 638.10 200.19 -1 -1 -1 -1000 -1000 -1000 -10 1
301 31 Car -1 -1 -1 1101.92 181.35 1225.27 230.49 -1 -1 -1 -1000 -1000 -1000 -10 1
301 30 Car -1 -1 -1 1019.63 183.61 1153.47 246.47 -1 -1 -1 -1000 -1000 -1000 -10 1
302 65 Car -1 -1 -1 960.35 175.42 1068.33 240.13 -1 -1 -1 -1000 -1000 -1000 -10 1
302 64 Car -1 -1 -1 602.35 170.99 637.59 200.04 -1 -1 -1 -1000 -1000 -1000 -10 1
302 31 Car -1 -1 -1 1105.99 180.01 1226.17 228.40 -1 -1 -1 -1000 -1000 -1000 -10 1
302 30 Car -1 -1 -1 1025.17 181.23 1158.04 245.71 -1 -1 -1 -1000 -1000 -1000 -10 1
303 65 Car -1 -1 -1 966.22 177.72 1073.65 235.16 -1 -1 -1 -1000 -1000 -1000 -10 1
303 64 Car -1 -1 -1 602.22 170.55 637.81 199.56 -1 -1 -1 -1000 -1000 -1000 -10 1
303 31 Car -1 -1 -1 1107.55 179.00 1226.14 226.85 -1 -1 -1 -1000 -1000 -1000 -10 1
303 30 Car -1 -1 -1 1034.08 178.58 1162.06 244.19 -1 -1 -1 -1000 -1000 -1000 -10 1
304 65 Car -1 -1 -1 966.69 179.92 1075.45 233.23 -1 -1 -1 -1000 -1000 -1000 -10 1
304 64 Car -1 -1 -1 602.08 170.35 637.87 199.30 -1 -1 -1 -1000 -1000 -1000 -10 1
304 31 Car -1 -1 -1 1110.66 180.41 1224.67 228.07 -1 -1 -1 -1000 -1000 -1000 -10 1
304 30 Car -1 -1 -1 1032.15 178.65 1160.42 239.30 -1 -1 -1 -1000 -1000 -1000 -10 1
305 67 Car -1 -1 -1 959.49 171.05 1053.11 279.46 -1 -1 -1 -1000 -1000 -1000 -10 1
305 64 Car -1 -1 -1 601.90 170.33 637.76 199.26 -1 -1 -1 -1000 -1000 -1000 -10 1
305 30 Car -1 -1 -1 1032.22 177.99 1159.86 235.30 -1 -1 -1 -1000 -1000 -1000 -10 1
306 67 Car -1 -1 -1 943.76 171.09 1035.56 283.65 -1 -1 -1 -1000 -1000 -1000 -10 1
306 66 Car -1 -1 -1 1083.43 157.88 1211.20 301.87 -1 -1 -1 -1000 -1000 -1000 -10 1
306 64 Car -1 -1 -1 601.71 170.30 637.70 199.20 -1 -1 -1 -1000 -1000 -1000 -10 1
306 30 Car -1 -1 -1 1032.28 179.40 1157.35 233.58 -1 -1 -1 -1000 -1000 -1000 -10 1
307 67 Car -1 -1 -1 957.13 168.44 1046.70 289.71 -1 -1 -1 -1000 -1000 -1000 -10 1
307 66 Car -1 -1 -1 1106.52 163.96 1221.31 306.81 -1 -1 -1 -1000 -1000 -1000 -10 1
307 64 Car -1 -1 -1 601.28 170.37 637.47 199.34 -1 -1 -1 -1000 -1000 -1000 -10 1
307 30 Car -1 -1 -1 1030.39 181.43 1158.99 233.06 -1 -1 -1 -1000 -1000 -1000 -10 1
308 67 Car -1 -1 -1 942.15 162.07 1037.73 297.48 -1 -1 -1 -1000 -1000 -1000 -10 1
308 66 Car -1 -1 -1 1114.93 167.39 1225.31 316.56 -1 -1 -1 -1000 -1000 -1000 -10 1
308 64 Car -1 -1 -1 601.48 170.55 637.69 199.46 -1 -1 -1 -1000 -1000 -1000 -10 1
308 30 Car -1 -1 -1 1032.35 182.55 1161.02 234.57 -1 -1 -1 -1000 -1000 -1000 -10 1
309 64 Car -1 -1 -1 601.66 170.65 637.84 199.48 -1 -1 -1 -1000 -1000 -1000 -10 1
309 30 Car -1 -1 -1 1031.83 182.58 1159.26 234.42 -1 -1 -1 -1000 -1000 -1000 -10 1
310 68 Car -1 -1 -1 1107.92 183.19 1227.10 236.69 -1 -1 -1 -1000 -1000 -1000 -10 1
310 65 Car -1 -1 -1 952.46 187.62 1063.98 242.85 -1 -1 -1 -1000 -1000 -1000 -10 1
310 64 Car -1 -1 -1 601.59 170.95 637.80 199.77 -1 -1 -1 -1000 -1000 -1000 -10 1
310 30 Car -1 -1 -1 1029.43 183.26 1159.94 236.36 -1 -1 -1 -1000 -1000 -1000 -10 1
311 68 Car -1 -1 -1 1101.65 183.87 1222.56 236.90 -1 -1 -1 -1000 -1000 -1000 -10 1
311 65 Car -1 -1 -1 947.56 186.55 1067.39 257.31 -1 -1 -1 -1000 -1000 -1000 -10 1
311 64 Car -1 -1 -1 601.52 171.08 637.81 200.00 -1 -1 -1 -1000 -1000 -1000 -10 1
311 30 Car -1 -1 -1 1028.15 183.22 1157.93 234.52 -1 -1 -1 -1000 -1000 -1000 -10 1
312 68 Car -1 -1 -1 1101.15 182.69 1223.11 234.70 -1 -1 -1 -1000 -1000 -1000 -10 1
312 65 Car -1 -1 -1 951.86 181.33 1080.43 256.77 -1 -1 -1 -1000 -1000 -1000 -10 1
312 64 Car -1 -1 -1 601.80 171.07 638.12 200.10 -1 -1 -1 -1000 -1000 -1000 -10 1
312 30 Car -1 -1 -1 1028.35 183.07 1158.33 234.54 -1 -1 -1 -1000 -1000 -1000 -10 1
313 68 Car -1 -1 -1 1100.14 182.30 1222.96 232.62 -1 -1 -1 -1000 -1000 -1000 -10 1
313 65 Car -1 -1 -1 947.76 180.48 1074.68 259.96 -1 -1 -1 -1000 -1000 -1000 -10 1
313 64 Car -1 -1 -1 602.09 171.01 638.48 200.17 -1 -1 -1 -1000 -1000 -1000 -10 1
313 30 Car -1 -1 -1 1026.36 183.51 1154.78 234.36 -1 -1 -1 -1000 -1000 -1000 -10 1
314 68 Car -1 -1 -1 1100.19 181.89 1223.38 231.24 -1 -1 -1 -1000 -1000 -1000 -10 1
314 65 Car -1 -1 -1 950.70 177.07 1078.33 247.35 -1 -1 -1 -1000 -1000 -1000 -10 1
314 64 Car -1 -1 -1 602.23 171.11 638.63 200.38 -1 -1 -1 -1000 -1000 -1000 -10 1
314 30 Car -1 -1 -1 1032.08 183.74 1158.11 236.06 -1 -1 -1 -1000 -1000 -1000 -10 1
