0 4 Car -1 -1 -1 594.90 170.90 622.44 207.59 -1 -1 -1 -1000 -1000 -1000 -10 1
0 3 Car -1 -1 -1 953.15 182.51 1071.76 232.97 -1 -1 -1 -1000 -1000 -1000 -10 1
0 2 Car -1 -1 -1 1092.05 183.87 1229.20 231.98 -1 -1 -1 -1000 -1000 -1000 -10 1
0 1 Car -1 -1 -1 1030.42 185.56 1161.28 228.02 -1 -1 -1 -1000 -1000 -1000 -10 1
1 4 Car -1 -1 -1 596.32 170.62 623.50 206.26 -1 -1 -1 -1000 -1000 -1000 -10 1
1 3 Car -1 -1 -1 961.20 180.70 1070.67 229.04 -1 -1 -1 -1000 -1000 -1000 -10 1
1 2 Car -1 -1 -1 1094.32 183.69 1221.67 230.13 -1 -1 -1 -1000 -1000 -1000 -10 1
1 1 Car -1 -1 -1 1030.78 185.64 1160.85 227.80 -1 -1 -1 -1000 -1000 -1000 -10 1
2 4 Car -1 -1 -1 598.29 170.80 626.36 205.35 -1 -1 -1 -1000 -1000 -1000 -10 1
2 3 Car -1 -1 -1 965.12 182.82 1072.60 226.96 -1 -1 -1 -1000 -1000 -1000 -10 1
2 2 Car -1 -1 -1 1093.41 183.71 1227.10 231.54 -1 -1 -1 -1000 -1000 -1000 -10 1
2 1 Car -1 -1 -1 1030.91 185.50 1161.62 227.54 -1 -1 -1 -1000 -1000 -1000 -10 1
3 4 Car -1 -1 -1 598.26 170.82 626.77 205.18 -1 -1 -1 -1000 -1000 -1000 -10 1
3 3 Car -1 -1 -1 965.94 183.80 1072.82 226.28 -1 -1 -1 -1000 -1000 -1000 -10 1
3 2 Car -1 -1 -1 1094.24 183.89 1225.17 231.46 -1 -1 -1 -1000 -1000 -1000 -10 1
3 1 Car -1 -1 -1 1030.77 185.54 1161.42 227.28 -1 -1 -1 -1000 -1000 -1000 -10 1
4 4 Car -1 -1 -1 597.45 171.28 624.60 204.72 -1 -1 -1 -1000 -1000 -1000 -10 1
4 3 Car -1 -1 -1 964.54 181.62 1070.05 224.49 -1 -1 -1 -1000 -1000 -1000 -10 1
4 2 Car -1 -1 -1 1094.70 183.70 1224.25 231.28 -1 -1 -1 -1000 -1000 -1000 -10 1
4 1 Car -1 -1 -1 1030.85 185.59 1161.50 227.09 -1 -1 -1 -1000 -1000 -1000 -10 1
5 4 Car -1 -1 -1 593.99 170.41 619.44 203.02 -1 -1 -1 -1000 -1000 -1000 -10 1
5 3 Car -1 -1 -1 965.13 183.33 1071.31 225.67 -1 -1 -1 -1000 -1000 -1000 -10 1
5 2 Car -1 -1 -1 1094.02 183.49 1227.05 231.57 -1 -1 -1 -1000 -1000 -1000 -10 1
5 1 Car -1 -1 -1 1030.58 185.70 1161.32 227.13 -1 -1 -1 -1000 -1000 -1000 -10 1
6 4 Car -1 -1 -1 598.72 170.73 629.25 203.08 -1 -1 -1 -1000 -1000 -1000 -10 1
6 3 Car -1 -1 -1 965.19 183.92 1072.02 226.01 -1 -1 -1 -1000 -1000 -1000 -10 1
6 2 Car -1 -1 -1 1094.10 183.46 1229.11 231.76 -1 -1 -1 -1000 -1000 -1000 -10 1
6 1 Car -1 -1 -1 1030.49 185.74 1161.43 227.15 -1 -1 -1 -1000 -1000 -1000 -10 1
7 4 Car -1 -1 -1 594.85 170.46 623.68 203.03 -1 -1 -1 -1000 -1000 -1000 -10 1
7 3 Car -1 -1 -1 965.18 184.13 1072.12 226.03 -1 -1 -1 -1000 -1000 -1000 -10 1
7 2 Car -1 -1 -1 1091.09 183.50 1230.20 232.46 -1 -1 -1 -1000 -1000 -1000 -10 1
7 1 Car -1 -1 -1 1030.06 186.00 1161.34 227.71 -1 -1 -1 -1000 -1000 -1000 -10 1
8 3 Car -1 -1 -1 964.68 184.35 1072.67 226.19 -1 -1 -1 -1000 -1000 -1000 -10 1
8 2 Car -1 -1 -1 1090.37 189.93 1230.38 241.14 -1 -1 -1 -1000 -1000 -1000 -10 1
8 1 Car -1 -1 -1 1029.15 185.74 1161.96 228.34 -1 -1 -1 -1000 -1000 -1000 -10 1
9 3 Car -1 -1 -1 963.90 184.42 1073.56 227.18 -1 -1 -1 -1000 -1000 -1000 -10 1
9 1 Car -1 -1 -1 1025.77 187.96 1167.81 235.31 -1 -1 -1 -1000 -1000 -1000 -10 1
10 3 Car -1 -1 -1 959.74 185.36 1068.12 229.11 -1 -1 -1 -1000 -1000 -1000 -10 1
10 1 Car -1 -1 -1 1026.35 188.17 1166.72 236.65 -1 -1 -1 -1000 -1000 -1000 -10 1
11 3 Car -1 -1 -1 972.51 184.38 1070.20 226.57 -1 -1 -1 -1000 -1000 -1000 -10 1
14 2 Car -1 -1 -1 1092.70 183.31 1221.71 232.58 -1 -1 -1 -1000 -1000 -1000 -10 1
14 1 Car -1 -1 -1 1022.99 184.94 1167.14 236.40 -1 -1 -1 -1000 -1000 -1000 -10 1
15 2 Car -1 -1 -1 1092.72 182.93 1222.02 232.33 -1 -1 -1 -1000 -1000 -1000 -10 1
15 1 Car -1 -1 -1 1025.23 183.81 1165.21 232.51 -1 -1 -1 -1000 -1000 -1000 -10 1
16 10 Car -1 -1 -1 596.38 172.28 636.75 202.72 -1 -1 -1 -1000 -1000 -1000 -10 1
16 2 Car -1 -1 -1 1093.83 183.09 1225.56 232.17 -1 -1 -1 -1000 -1000 -1000 -10 1
16 1 Car -1 -1 -1 1027.03 183.68 1164.56 230.30 -1 -1 -1 -1000 -1000 -1000 -10 1
17 12 Car -1 -1 -1 963.60 183.25 1075.46 227.30 -1 -1 -1 -1000 -1000 -1000 -10 1
17 10 Car -1 -1 -1 603.25 173.92 640.76 203.48 -1 -1 -1 -1000 -1000 -1000 -10 1
17 2 Car -1 -1 -1 1093.65 183.19 1227.27 231.94 -1 -1 -1 -1000 -1000 -1000 -10 1
17 1 Car -1 -1 -1 1028.36 184.04 1163.65 229.12 -1 -1 -1 -1000 -1000 -1000 -10 1
18 12 Car -1 -1 -1 962.85 183.48 1075.62 227.18 -1 -1 -1 -1000 -1000 -1000 -10 1
18 10 Car -1 -1 -1 600.52 172.91 638.52 202.49 -1 -1 -1 -1000 -1000 -1000 -10 1
18 2 Car -1 -1 -1 1093.37 183.34 1227.98 231.87 -1 -1 -1 -1000 -1000 -1000 -10 1
18 1 Car -1 -1 -1 1029.09 184.46 1163.04 228.46 -1 -1 -1 -1000 -1000 -1000 -10 1
19 12 Car -1 -1 -1 961.46 181.53 1072.84 225.52 -1 -1 -1 -1000 -1000 -1000 -10 1
19 10 Car -1 -1 -1 599.12 172.57 637.87 202.19 -1 -1 -1 -1000 -1000 -1000 -10 1
19 2 Car -1 -1 -1 1093.12 183.41 1228.59 231.85 -1 -1 -1 -1000 -1000 -1000 -10 1
19 1 Car -1 -1 -1 1029.82 184.81 1162.74 227.95 -1 -1 -1 -1000 -1000 -1000 -10 1
20 12 Car -1 -1 -1 962.20 182.85 1074.02 226.19 -1 -1 -1 -1000 -1000 -1000 -10 1
20 10 Car -1 -1 -1 598.96 172.46 637.96 201.96 -1 -1 -1 -1000 -1000 -1000 -10 1
20 2 Car -1 -1 -1 1092.92 183.45 1228.83 231.75 -1 -1 -1 -1000 -1000 -1000 -10 1
20 1 Car -1 -1 -1 1030.15 185.03 1162.38 227.55 -1 -1 -1 -1000 -1000 -1000 -10 1
21 12 Car -1 -1 -1 962.26 183.37 1074.39 226.31 -1 -1 -1 -1000 -1000 -1000 -10 1
21 10 Car -1 -1 -1 598.79 172.18 637.97 201.85 -1 -1 -1 -1000 -1000 -1000 -10 1
21 2 Car -1 -1 -1 1092.67 183.51 1228.99 231.78 -1 -1 -1 -1000 -1000 -1000 -10 1
21 1 Car -1 -1 -1 1030.25 185.27 1162.02 227.38 -1 -1 -1 -1000 -1000 -1000 -10 1
22 12 Car -1 -1 -1 960.82 181.66 1071.83 225.11 -1 -1 -1 -1000 -1000 -1000 -10 1
22 10 Car -1 -1 -1 599.12 172.15 638.81 202.38 -1 -1 -1 -1000 -1000 -1000 -10 1
22 2 Car -1 -1 -1 1092.56 183.55 1229.24 231.79 -1 -1 -1 -1000 -1000 -1000 -10 1
22 1 Car -1 -1 -1 1030.41 185.41 1161.69 227.22 -1 -1 -1 -1000 -1000 -1000 -10 1
23 12 Car -1 -1 -1 961.46 182.92 1073.12 226.05 -1 -1 -1 -1000 -1000 -1000 -10 1
23 10 Car -1 -1 -1 603.15 175.06 649.13 210.23 -1 -1 -1 -1000 -1000 -1000 -10 1
23 2 Car -1 -1 -1 1092.18 183.54 1229.19 231.74 -1 -1 -1 -1000 -1000 -1000 -10 1
23 1 Car -1 -1 -1 1030.43 185.53 1161.40 227.14 -1 -1 -1 -1000 -1000 -1000 -10 1
24 12 Car -1 -1 -1 962.02 183.53 1073.96 226.41 -1 -1 -1 -1000 -1000 -1000 -10 1
24 2 Car -1 -1 -1 1092.18 183.54 1229.37 231.68 -1 -1 -1 -1000 -1000 -1000 -10 1
24 1 Car -1 -1 -1 1030.35 185.68 1161.00 227.13 -1 -1 -1 -1000 -1000 -1000 -10 1
25 12 Car -1 -1 -1 961.89 183.86 1074.18 226.39 -1 -1 -1 -1000 -1000 -1000 -10 1
25 2 Car -1 -1 -1 1092.13 183.55 1229.31 231.57 -1 -1 -1 -1000 -1000 -1000 -10 1
25 1 Car -1 -1 -1 1030.71 185.66 1161.33 226.97 -1 -1 -1 -1000 -1000 -1000 -10 1
26 12 Car -1 -1 -1 962.08 183.97 1074.49 226.25 -1 -1 -1 -1000 -1000 -1000 -10 1
26 2 Car -1 -1 -1 1091.75 183.55 1229.20 231.50 -1 -1 -1 -1000 -1000 -1000 -10 1
26 1 Car -1 -1 -1 1030.84 185.71 1161.41 226.91 -1 -1 -1 -1000 -1000 -1000 -10 1
27 17 Car -1 -1 -1 540.27 178.70 618.42 277.69 -1 -1 -1 -1000 -1000 -1000 -10 1
27 12 Car -1 -1 -1 962.06 184.10 1074.60 226.30 -1 -1 -1 -1000 -1000 -1000 -10 1
27 2 Car -1 -1 -1 1091.81 183.52 1229.39 231.44 -1 -1 -1 -1000 -1000 -1000 -10 1
27 1 Car -1 -1 -1 1030.70 185.73 1161.22 226.92 -1 -1 -1 -1000 -1000 -1000 -10 1
28 12 Car -1 -1 -1 961.54 184.08 1074.57 226.33 -1 -1 -1 -1000 -1000 -1000 -10 1
28 2 Car -1 -1 -1 1091.90 183.55 1229.37 231.48 -1 -1 -1 -1000 -1000 -1000 -10 1
28 1 Car -1 -1 -1 1030.68 185.78 1161.23 226.96 -1 -1 -1 -1000 -1000 -1000 -10 1
29 12 Car -1 -1 -1 960.86 181.98 1071.70 224.60 -1 -1 -1 -1000 -1000 -1000 -10 1
29 2 Car -1 -1 -1 1091.72 183.54 1229.37 231.47 -1 -1 -1 -1000 -1000 -1000 -10 1
29 1 Car -1 -1 -1 1030.83 185.79 1161.35 226.92 -1 -1 -1 -1000 -1000 -1000 -10 1
30 18 Car -1 -1 -1 598.80 172.87 637.23 202.20 -1 -1 -1 -1000 -1000 -1000 -10 1
30 12 Car -1 -1 -1 961.48 183.21 1073.05 225.70 -1 -1 -1 -1000 -1000 -1000 -10 1
30 2 Car -1 -1 -1 1091.72 183.63 1229.40 231.54 -1 -1 -1 -1000 -1000 -1000 -10 1
30 1 Car -1 -1 -1 1030.77 185.85 1161.39 226.92 -1 -1 -1 -1000 -1000 -1000 -10 1
31 18 Car -1 -1 -1 598.35 173.03 636.76 202.57 -1 -1 -1 -1000 -1000 -1000 -10 1
31 12 Car -1 -1 -1 961.82 183.70 1073.55 226.02 -1 -1 -1 -1000 -1000 -1000 -10 1
31 2 Car -1 -1 -1 1091.90 183.56 1229.56 231.53 -1 -1 -1 -1000 -1000 -1000 -10 1
31 1 Car -1 -1 -1 1030.66 185.82 1161.36 226.93 -1 -1 -1 -1000 -1000 -1000 -10 1
32 18 Car -1 -1 -1 598.87 172.77 637.23 202.15 -1 -1 -1 -1000 -1000 -1000 -10 1
32 12 Car -1 -1 -1 961.90 184.03 1073.86 226.05 -1 -1 -1 -1000 -1000 -1000 -10 1
32 2 Car -1 -1 -1 1091.99 183.53 1229.57 231.43 -1 -1 -1 -1000 -1000 -1000 -10 1
32 1 Car -1 -1 -1 1030.83 185.82 1161.35 226.84 -1 -1 -1 -1000 -1000 -1000 -10 1
33 18 Car -1 -1 -1 598.77 172.65 637.43 202.18 -1 -1 -1 -1000 -1000 -1000 -10 1
33 12 Car -1 -1 -1 961.73 184.11 1073.97 226.13 -1 -1 -1 -1000 -1000 -1000 -10 1
33 2 Car -1 -1 -1 1091.97 183.60 1229.50 231.55 -1 -1 -1 -1000 -1000 -1000 -10 1
33 1 Car -1 -1 -1 1030.72 185.80 1161.32 226.85 -1 -1 -1 -1000 -1000 -1000 -10 1
34 18 Car -1 -1 -1 598.61 172.62 637.64 202.30 -1 -1 -1 -1000 -1000 -1000 -10 1
34 12 Car -1 -1 -1 961.69 184.27 1074.27 226.19 -1 -1 -1 -1000 -1000 -1000 -10 1
34 2 Car -1 -1 -1 1092.07 183.58 1229.55 231.55 -1 -1 -1 -1000 -1000 -1000 -10 1
34 1 Car -1 -1 -1 1030.64 185.83 1161.19 226.90 -1 -1 -1 -1000 -1000 -1000 -10 1
35 18 Car -1 -1 -1 598.43 172.62 637.87 202.44 -1 -1 -1 -1000 -1000 -1000 -10 1
35 12 Car -1 -1 -1 961.58 184.33 1074.30 226.19 -1 -1 -1 -1000 -1000 -1000 -10 1
35 2 Car -1 -1 -1 1092.06 183.59 1229.44 231.58 -1 -1 -1 -1000 -1000 -1000 -10 1
35 1 Car -1 -1 -1 1030.74 185.81 1161.48 226.85 -1 -1 -1 -1000 -1000 -1000 -10 1
36 18 Car -1 -1 -1 598.23 172.48 638.00 202.46 -1 -1 -1 -1000 -1000 -1000 -10 1
36 12 Car -1 -1 -1 961.82 184.36 1074.38 225.92 -1 -1 -1 -1000 -1000 -1000 -10 1
36 2 Car -1 -1 -1 1092.09 183.54 1229.28 231.49 -1 -1 -1 -1000 -1000 -1000 -10 1
36 1 Car -1 -1 -1 1030.52 185.81 1161.26 226.83 -1 -1 -1 -1000 -1000 -1000 -10 1
37 18 Car -1 -1 -1 598.31 172.38 638.30 202.40 -1 -1 -1 -1000 -1000 -1000 -10 1
37 12 Car -1 -1 -1 961.68 184.34 1074.23 225.92 -1 -1 -1 -1000 -1000 -1000 -10 1
37 2 Car -1 -1 -1 1092.39 183.58 1229.46 231.54 -1 -1 -1 -1000 -1000 -1000 -10 1
37 1 Car -1 -1 -1 1030.67 185.81 1161.28 226.85 -1 -1 -1 -1000 -1000 -1000 -10 1
38 18 Car -1 -1 -1 598.42 172.31 638.59 202.34 -1 -1 -1 -1000 -1000 -1000 -10 1
38 12 Car -1 -1 -1 961.51 184.39 1074.12 225.95 -1 -1 -1 -1000 -1000 -1000 -10 1
38 2 Car -1 -1 -1 1092.09 183.60 1229.26 231.56 -1 -1 -1 -1000 -1000 -1000 -10 1
38 1 Car -1 -1 -1 1030.76 185.89 1161.32 226.92 -1 -1 -1 -1000 -1000 -1000 -10 1
39 18 Car -1 -1 -1 598.47 172.42 638.69 202.46 -1 -1 -1 -1000 -1000 -1000 -10 1
39 12 Car -1 -1 -1 961.59 184.39 1074.23 225.88 -1 -1 -1 -1000 -1000 -1000 -10 1
39 2 Car -1 -1 -1 1092.16 183.55 1229.39 231.53 -1 -1 -1 -1000 -1000 -1000 -10 1
39 1 Car -1 -1 -1 1030.68 185.80 1161.35 226.86 -1 -1 -1 -1000 -1000 -1000 -10 1
40 18 Car -1 -1 -1 598.17 172.48 638.42 202.55 -1 -1 -1 -1000 -1000 -1000 -10 1
40 12 Car -1 -1 -1 961.73 184.38 1074.04 225.75 -1 -1 -1 -1000 -1000 -1000 -10 1
40 2 Car -1 -1 -1 1092.33 183.58 1229.46 231.54 -1 -1 -1 -1000 -1000 -1000 -10 1
40 1 Car -1 -1 -1 1030.86 185.81 1161.44 226.84 -1 -1 -1 -1000 -1000 -1000 -10 1
41 18 Car -1 -1 -1 598.03 172.45 638.21 202.56 -1 -1 -1 -1000 -1000 -1000 -10 1
41 12 Car -1 -1 -1 961.81 184.40 1074.18 225.82 -1 -1 -1 -1000 -1000 -1000 -10 1
41 2 Car -1 -1 -1 1092.28 183.58 1229.55 231.55 -1 -1 -1 -1000 -1000 -1000 -10 1
41 1 Car -1 -1 -1 1030.92 185.87 1161.45 226.84 -1 -1 -1 -1000 -1000 -1000 -10 1
42 18 Car -1 -1 -1 597.77 172.47 637.85 202.52 -1 -1 -1 -1000 -1000 -1000 -10 1
42 12 Car -1 -1 -1 961.89 184.28 1074.28 225.81 -1 -1 -1 -1000 -1000 -1000 -10 1
42 2 Car -1 -1 -1 1091.90 183.51 1229.33 231.54 -1 -1 -1 -1000 -1000 -1000 -10 1
42 1 Car -1 -1 -1 1030.89 185.84 1161.55 226.87 -1 -1 -1 -1000 -1000 -1000 -10 1
43 18 Car -1 -1 -1 597.74 172.43 637.84 202.58 -1 -1 -1 -1000 -1000 -1000 -10 1
43 12 Car -1 -1 -1 961.03 182.29 1071.98 224.53 -1 -1 -1 -1000 -1000 -1000 -10 1
43 2 Car -1 -1 -1 1092.09 183.56 1229.43 231.58 -1 -1 -1 -1000 -1000 -1000 -10 1
43 1 Car -1 -1 -1 1030.73 185.87 1161.56 226.96 -1 -1 -1 -1000 -1000 -1000 -10 1
44 18 Car -1 -1 -1 597.77 172.28 637.70 202.53 -1 -1 -1 -1000 -1000 -1000 -10 1
44 12 Car -1 -1 -1 961.90 183.43 1073.20 225.56 -1 -1 -1 -1000 -1000 -1000 -10 1
44 2 Car -1 -1 -1 1092.16 183.56 1229.61 231.63 -1 -1 -1 -1000 -1000 -1000 -10 1
44 1 Car -1 -1 -1 1030.53 185.84 1161.32 226.95 -1 -1 -1 -1000 -1000 -1000 -10 1
45 18 Car -1 -1 -1 597.79 172.18 637.64 202.51 -1 -1 -1 -1000 -1000 -1000 -10 1
45 12 Car -1 -1 -1 962.06 183.86 1073.64 225.98 -1 -1 -1 -1000 -1000 -1000 -10 1
45 2 Car -1 -1 -1 1092.14 183.62 1229.54 231.69 -1 -1 -1 -1000 -1000 -1000 -10 1
45 1 Car -1 -1 -1 1030.50 185.80 1161.38 226.93 -1 -1 -1 -1000 -1000 -1000 -10 1
46 18 Car -1 -1 -1 598.11 172.13 637.87 202.50 -1 -1 -1 -1000 -1000 -1000 -10 1
46 12 Car -1 -1 -1 961.63 182.25 1071.92 225.01 -1 -1 -1 -1000 -1000 -1000 -10 1
46 2 Car -1 -1 -1 1092.16 183.58 1229.61 231.70 -1 -1 -1 -1000 -1000 -1000 -10 1
46 1 Car -1 -1 -1 1030.61 185.89 1161.53 226.99 -1 -1 -1 -1000 -1000 -1000 -10 1
47 18 Car -1 -1 -1 597.98 172.11 637.88 202.49 -1 -1 -1 -1000 -1000 -1000 -10 1
47 12 Car -1 -1 -1 962.67 183.35 1073.06 225.82 -1 -1 -1 -1000 -1000 -1000 -10 1
47 2 Car -1 -1 -1 1092.21 183.53 1229.68 231.65 -1 -1 -1 -1000 -1000 -1000 -10 1
47 1 Car -1 -1 -1 1030.62 185.77 1161.55 226.93 -1 -1 -1 -1000 -1000 -1000 -10 1
48 18 Car -1 -1 -1 597.66 172.15 637.70 202.60 -1 -1 -1 -1000 -1000 -1000 -10 1
48 12 Car -1 -1 -1 962.73 183.85 1073.68 226.14 -1 -1 -1 -1000 -1000 -1000 -10 1
48 2 Car -1 -1 -1 1092.16 183.52 1229.61 231.60 -1 -1 -1 -1000 -1000 -1000 -10 1
48 1 Car -1 -1 -1 1030.68 185.77 1161.56 226.88 -1 -1 -1 -1000 -1000 -1000 -10 1
49 18 Car -1 -1 -1 597.86 172.09 637.95 202.57 -1 -1 -1 -1000 -1000 -1000 -10 1
49 12 Car -1 -1 -1 962.69 184.05 1074.11 226.19 -1 -1 -1 -1000 -1000 -1000 -10 1
49 2 Car -1 -1 -1 1092.02 183.58 1229.56 231.64 -1 -1 -1 -1000 -1000 -1000 -10 1
49 1 Car -1 -1 -1 1030.50 185.85 1161.38 226.93 -1 -1 -1 -1000 -1000 -1000 -10 1
50 18 Car -1 -1 -1 598.29 171.99 638.36 202.49 -1 -1 -1 -1000 -1000 -1000 -10 1
50 12 Car -1 -1 -1 962.32 184.16 1074.27 226.30 -1 -1 -1 -1000 -1000 -1000 -10 1
50 2 Car -1 -1 -1 1091.93 183.57 1229.55 231.61 -1 -1 -1 -1000 -1000 -1000 -10 1
50 1 Car -1 -1 -1 1030.65 185.83 1161.53 226.94 -1 -1 -1 -1000 -1000 -1000 -10 1
51 18 Car -1 -1 -1 598.19 171.90 638.25 202.42 -1 -1 -1 -1000 -1000 -1000 -10 1
51 12 Car -1 -1 -1 962.08 184.19 1074.35 226.21 -1 -1 -1 -1000 -1000 -1000 -10 1
51 2 Car -1 -1 -1 1091.95 183.59 1229.53 231.67 -1 -1 -1 -1000 -1000 -1000 -10 1
51 1 Car -1 -1 -1 1030.53 185.82 1161.29 226.96 -1 -1 -1 -1000 -1000 -1000 -10 1
52 18 Car -1 -1 -1 598.05 171.83 638.06 202.33 -1 -1 -1 -1000 -1000 -1000 -10 1
52 12 Car -1 -1 -1 961.86 184.17 1074.31 226.15 -1 -1 -1 -1000 -1000 -1000 -10 1
52 2 Car -1 -1 -1 1092.03 183.55 1229.64 231.61 -1 -1 -1 -1000 -1000 -1000 -10 1
52 1 Car -1 -1 -1 1030.58 185.77 1161.31 226.96 -1 -1 -1 -1000 -1000 -1000 -10 1
53 18 Car -1 -1 -1 598.36 171.84 638.35 202.31 -1 -1 -1 -1000 -1000 -1000 -10 1
53 12 Car -1 -1 -1 961.43 184.11 1074.25 226.13 -1 -1 -1 -1000 -1000 -1000 -10 1
53 2 Car -1 -1 -1 1091.91 183.60 1229.60 231.66 -1 -1 -1 -1000 -1000 -1000 -10 1
53 1 Car -1 -1 -1 1030.69 185.77 1161.54 226.96 -1 -1 -1 -1000 -1000 -1000 -10 1
54 18 Car -1 -1 -1 599.54 171.71 638.91 201.74 -1 -1 -1 -1000 -1000 -1000 -10 1
54 12 Car -1 -1 -1 960.76 182.34 1071.84 224.97 -1 -1 -1 -1000 -1000 -1000 -10 1
54 2 Car -1 -1 -1 1092.04 183.60 1229.52 231.58 -1 -1 -1 -1000 -1000 -1000 -10 1
54 1 Car -1 -1 -1 1030.77 185.74 1161.66 226.97 -1 -1 -1 -1000 -1000 -1000 -10 1
55 18 Car -1 -1 -1 599.32 171.86 638.75 202.00 -1 -1 -1 -1000 -1000 -1000 -10 1
55 12 Car -1 -1 -1 961.61 183.37 1073.14 225.72 -1 -1 -1 -1000 -1000 -1000 -10 1
55 2 Car -1 -1 -1 1092.14 183.50 1229.58 231.54 -1 -1 -1 -1000 -1000 -1000 -10 1
55 1 Car -1 -1 -1 1030.70 185.84 1161.37 227.00 -1 -1 -1 -1000 -1000 -1000 -10 1
56 18 Car -1 -1 -1 599.07 171.83 638.48 202.03 -1 -1 -1 -1000 -1000 -1000 -10 1
56 12 Car -1 -1 -1 961.67 183.80 1073.89 226.11 -1 -1 -1 -1000 -1000 -1000 -10 1
56 2 Car -1 -1 -1 1091.95 183.48 1229.53 231.54 -1 -1 -1 -1000 -1000 -1000 -10 1
56 1 Car -1 -1 -1 1030.66 185.86 1161.42 227.01 -1 -1 -1 -1000 -1000 -1000 -10 1
57 18 Car -1 -1 -1 598.85 171.81 638.20 202.08 -1 -1 -1 -1000 -1000 -1000 -10 1
57 12 Car -1 -1 -1 961.65 183.93 1074.16 226.18 -1 -1 -1 -1000 -1000 -1000 -10 1
57 2 Car -1 -1 -1 1092.40 183.52 1229.76 231.61 -1 -1 -1 -1000 -1000 -1000 -10 1
57 1 Car -1 -1 -1 1030.71 185.81 1161.54 226.99 -1 -1 -1 -1000 -1000 -1000 -10 1
58 18 Car -1 -1 -1 599.44 171.41 638.31 201.33 -1 -1 -1 -1000 -1000 -1000 -10 1
58 12 Car -1 -1 -1 961.51 183.99 1074.24 226.21 -1 -1 -1 -1000 -1000 -1000 -10 1
58 2 Car -1 -1 -1 1092.22 183.49 1229.79 231.57 -1 -1 -1 -1000 -1000 -1000 -10 1
58 1 Car -1 -1 -1 1030.70 185.86 1161.80 226.93 -1 -1 -1 -1000 -1000 -1000 -10 1
59 18 Car -1 -1 -1 598.82 171.79 637.87 201.89 -1 -1 -1 -1000 -1000 -1000 -10 1
59 12 Car -1 -1 -1 961.44 184.03 1074.47 226.20 -1 -1 -1 -1000 -1000 -1000 -10 1
59 2 Car -1 -1 -1 1092.17 183.60 1229.87 231.64 -1 -1 -1 -1000 -1000 -1000 -10 1
59 1 Car -1 -1 -1 1030.45 185.94 1161.42 227.03 -1 -1 -1 -1000 -1000 -1000 -10 1
60 18 Car -1 -1 -1 600.01 171.63 638.56 201.48 -1 -1 -1 -1000 -1000 -1000 -10 1
60 12 Car -1 -1 -1 961.30 184.05 1074.60 226.17 -1 -1 -1 -1000 -1000 -1000 -10 1
60 2 Car -1 -1 -1 1091.80 183.60 1229.70 231.59 -1 -1 -1 -1000 -1000 -1000 -10 1
60 1 Car -1 -1 -1 1030.54 185.92 1161.49 227.06 -1 -1 -1 -1000 -1000 -1000 -10 1
61 18 Car -1 -1 -1 600.56 171.68 638.87 201.33 -1 -1 -1 -1000 -1000 -1000 -10 1
61 12 Car -1 -1 -1 961.10 184.06 1074.72 226.18 -1 -1 -1 -1000 -1000 -1000 -10 1
61 2 Car -1 -1 -1 1092.23 183.73 1228.34 231.82 -1 -1 -1 -1000 -1000 -1000 -10 1
61 1 Car -1 -1 -1 1030.38 185.78 1161.42 227.07 -1 -1 -1 -1000 -1000 -1000 -10 1
62 18 Car -1 -1 -1 600.93 171.87 638.97 201.37 -1 -1 -1 -1000 -1000 -1000 -10 1
62 12 Car -1 -1 -1 961.16 184.11 1074.86 226.22 -1 -1 -1 -1000 -1000 -1000 -10 1
62 2 Car -1 -1 -1 1090.98 184.96 1228.68 233.81 -1 -1 -1 -1000 -1000 -1000 -10 1
62 1 Car -1 -1 -1 1030.44 185.97 1161.12 227.30 -1 -1 -1 -1000 -1000 -1000 -10 1
63 18 Car -1 -1 -1 600.98 171.98 638.84 201.40 -1 -1 -1 -1000 -1000 -1000 -10 1
63 12 Car -1 -1 -1 961.47 184.14 1074.99 226.16 -1 -1 -1 -1000 -1000 -1000 -10 1
63 2 Car -1 -1 -1 1092.94 188.99 1230.62 239.66 -1 -1 -1 -1000 -1000 -1000 -10 1
63 1 Car -1 -1 -1 1030.80 186.11 1160.58 227.67 -1 -1 -1 -1000 -1000 -1000 -10 1
64 18 Car -1 -1 -1 601.25 172.02 638.92 201.33 -1 -1 -1 -1000 -1000 -1000 -10 1
64 12 Car -1 -1 -1 961.31 184.17 1074.76 226.29 -1 -1 -1 -1000 -1000 -1000 -10 1
64 2 Car -1 -1 -1 1092.13 193.24 1236.99 254.48 -1 -1 -1 -1000 -1000 -1000 -10 1
64 1 Car -1 -1 -1 1032.65 185.87 1163.10 228.15 -1 -1 -1 -1000 -1000 -1000 -10 1
65 18 Car -1 -1 -1 601.35 172.06 638.79 201.31 -1 -1 -1 -1000 -1000 -1000 -10 1
65 12 Car -1 -1 -1 961.09 184.22 1074.73 226.52 -1 -1 -1 -1000 -1000 -1000 -10 1
65 1 Car -1 -1 -1 1032.93 185.81 1163.35 228.43 -1 -1 -1 -1000 -1000 -1000 -10 1
66 18 Car -1 -1 -1 601.66 172.10 638.93 201.25 -1 -1 -1 -1000 -1000 -1000 -10 1
66 12 Car -1 -1 -1 961.28 184.43 1075.62 226.69 -1 -1 -1 -1000 -1000 -1000 -10 1
66 1 Car -1 -1 -1 1030.15 185.10 1159.21 229.28 -1 -1 -1 -1000 -1000 -1000 -10 1
67 18 Car -1 -1 -1 601.49 172.09 638.59 201.14 -1 -1 -1 -1000 -1000 -1000 -10 1
67 12 Car -1 -1 -1 962.08 184.66 1076.50 227.42 -1 -1 -1 -1000 -1000 -1000 -10 1
67 1 Car -1 -1 -1 1034.21 193.29 1167.42 245.19 -1 -1 -1 -1000 -1000 -1000 -10 1
68 18 Car -1 -1 -1 601.28 172.06 638.26 201.06 -1 -1 -1 -1000 -1000 -1000 -10 1
68 12 Car -1 -1 -1 960.79 182.71 1074.39 226.67 -1 -1 -1 -1000 -1000 -1000 -10 1
68 1 Car -1 -1 -1 1028.52 188.46 1159.54 241.05 -1 -1 -1 -1000 -1000 -1000 -10 1
69 18 Car -1 -1 -1 601.05 172.07 637.96 201.00 -1 -1 -1 -1000 -1000 -1000 -10 1
69 12 Car -1 -1 -1 961.57 182.52 1074.07 227.80 -1 -1 -1 -1000 -1000 -1000 -10 1
69 1 Car -1 -1 -1 1025.93 192.59 1159.65 251.22 -1 -1 -1 -1000 -1000 -1000 -10 1
70 19 Car -1 -1 -1 1091.99 182.74 1222.08 232.79 -1 -1 -1 -1000 -1000 -1000 -10 1
70 18 Car -1 -1 -1 601.19 172.23 638.06 201.12 -1 -1 -1 -1000 -1000 -1000 -10 1
70 12 Car -1 -1 -1 965.43 180.92 1075.59 228.05 -1 -1 -1 -1000 -1000 -1000 -10 1
71 19 Car -1 -1 -1 1092.42 183.66 1222.52 233.37 -1 -1 -1 -1000 -1000 -1000 -10 1
71 18 Car -1 -1 -1 601.15 172.19 638.20 201.14 -1 -1 -1 -1000 -1000 -1000 -10 1
72 19 Car -1 -1 -1 1092.45 184.11 1222.57 233.01 -1 -1 -1 -1000 -1000 -1000 -10 1
72 18 Car -1 -1 -1 601.17 172.11 638.32 201.16 -1 -1 -1 -1000 -1000 -1000 -10 1
73 19 Car -1 -1 -1 1092.91 183.33 1222.16 231.78 -1 -1 -1 -1000 -1000 -1000 -10 1
73 18 Car -1 -1 -1 601.18 171.92 638.39 201.01 -1 -1 -1 -1000 -1000 -1000 -10 1
73 1 Car -1 -1 -1 1029.82 183.33 1162.03 235.76 -1 -1 -1 -1000 -1000 -1000 -10 1
74 19 Car -1 -1 -1 1090.41 183.14 1224.83 232.24 -1 -1 -1 -1000 -1000 -1000 -10 1
74 18 Car -1 -1 -1 601.20 171.87 638.57 200.93 -1 -1 -1 -1000 -1000 -1000 -10 1
74 1 Car -1 -1 -1 1030.35 182.83 1163.32 232.36 -1 -1 -1 -1000 -1000 -1000 -10 1
75 19 Car -1 -1 -1 1090.57 183.43 1226.89 232.73 -1 -1 -1 -1000 -1000 -1000 -10 1
75 18 Car -1 -1 -1 600.83 172.00 638.24 201.04 -1 -1 -1 -1000 -1000 -1000 -10 1
75 1 Car -1 -1 -1 1029.33 183.27 1162.52 230.49 -1 -1 -1 -1000 -1000 -1000 -10 1
76 19 Car -1 -1 -1 1090.63 183.40 1228.00 232.75 -1 -1 -1 -1000 -1000 -1000 -10 1
76 18 Car -1 -1 -1 600.91 172.05 638.29 201.06 -1 -1 -1 -1000 -1000 -1000 -10 1
76 1 Car -1 -1 -1 1029.38 183.83 1162.73 229.28 -1 -1 -1 -1000 -1000 -1000 -10 1
77 19 Car -1 -1 -1 1090.40 183.32 1228.45 232.60 -1 -1 -1 -1000 -1000 -1000 -10 1
77 18 Car -1 -1 -1 600.85 171.88 638.19 200.90 -1 -1 -1 -1000 -1000 -1000 -10 1
77 1 Car -1 -1 -1 1029.17 184.33 1162.37 228.72 -1 -1 -1 -1000 -1000 -1000 -10 1
78 19 Car -1 -1 -1 1090.21 182.83 1228.54 232.17 -1 -1 -1 -1000 -1000 -1000 -10 1
78 18 Car -1 -1 -1 600.88 171.53 638.14 200.58 -1 -1 -1 -1000 -1000 -1000 -10 1
78 1 Car -1 -1 -1 1030.11 184.65 1161.96 228.36 -1 -1 -1 -1000 -1000 -1000 -10 1
79 21 Car -1 -1 -1 955.26 184.86 1071.03 228.65 -1 -1 -1 -1000 -1000 -1000 -10 1
79 19 Car -1 -1 -1 1090.50 182.72 1228.72 231.97 -1 -1 -1 -1000 -1000 -1000 -10 1
79 18 Car -1 -1 -1 600.93 171.54 638.14 200.61 -1 -1 -1 -1000 -1000 -1000 -10 1
79 1 Car -1 -1 -1 1030.76 184.97 1161.43 228.13 -1 -1 -1 -1000 -1000 -1000 -10 1
80 21 Car -1 -1 -1 953.09 185.58 1069.63 227.69 -1 -1 -1 -1000 -1000 -1000 -10 1
80 19 Car -1 -1 -1 1091.25 183.13 1229.20 232.20 -1 -1 -1 -1000 -1000 -1000 -10 1
80 18 Car -1 -1 -1 601.06 171.54 638.30 200.63 -1 -1 -1 -1000 -1000 -1000 -10 1
80 1 Car -1 -1 -1 1031.03 185.04 1161.45 227.74 -1 -1 -1 -1000 -1000 -1000 -10 1
81 21 Car -1 -1 -1 956.53 182.94 1069.98 226.32 -1 -1 -1 -1000 -1000 -1000 -10 1
81 19 Car -1 -1 -1 1091.28 183.23 1229.40 232.18 -1 -1 -1 -1000 -1000 -1000 -10 1
81 18 Car -1 -1 -1 601.06 171.62 638.19 200.68 -1 -1 -1 -1000 -1000 -1000 -10 1
81 1 Car -1 -1 -1 1030.86 185.06 1161.53 227.60 -1 -1 -1 -1000 -1000 -1000 -10 1
82 21 Car -1 -1 -1 956.57 181.88 1069.96 226.16 -1 -1 -1 -1000 -1000 -1000 -10 1
82 19 Car -1 -1 -1 1091.35 183.25 1229.51 232.17 -1 -1 -1 -1000 -1000 -1000 -10 1
82 18 Car -1 -1 -1 600.66 171.49 637.73 200.58 -1 -1 -1 -1000 -1000 -1000 -10 1
82 1 Car -1 -1 -1 1030.68 185.17 1161.57 227.53 -1 -1 -1 -1000 -1000 -1000 -10 1
83 21 Car -1 -1 -1 954.81 184.17 1068.89 226.70 -1 -1 -1 -1000 -1000 -1000 -10 1
83 19 Car -1 -1 -1 1091.30 183.33 1229.49 232.10 -1 -1 -1 -1000 -1000 -1000 -10 1
83 18 Car -1 -1 -1 600.56 171.09 637.50 200.14 -1 -1 -1 -1000 -1000 -1000 -10 1
83 1 Car -1 -1 -1 1030.57 185.34 1161.66 227.41 -1 -1 -1 -1000 -1000 -1000 -10 1
84 21 Car -1 -1 -1 954.21 185.24 1068.65 226.38 -1 -1 -1 -1000 -1000 -1000 -10 1
84 19 Car -1 -1 -1 1091.35 183.39 1229.57 232.13 -1 -1 -1 -1000 -1000 -1000 -10 1
84 18 Car -1 -1 -1 600.81 170.67 637.58 199.79 -1 -1 -1 -1000 -1000 -1000 -10 1
84 1 Car -1 -1 -1 1030.50 185.43 1161.85 227.31 -1 -1 -1 -1000 -1000 -1000 -10 1
85 21 Car -1 -1 -1 958.00 184.71 1073.21 226.38 -1 -1 -1 -1000 -1000 -1000 -10 1
85 19 Car -1 -1 -1 1091.63 183.30 1229.63 231.95 -1 -1 -1 -1000 -1000 -1000 -10 1
85 18 Car -1 -1 -1 599.89 170.30 636.42 199.56 -1 -1 -1 -1000 -1000 -1000 -10 1
85 1 Car -1 -1 -1 1030.44 185.47 1161.70 227.23 -1 -1 -1 -1000 -1000 -1000 -10 1
86 21 Car -1 -1 -1 959.65 184.37 1074.99 226.27 -1 -1 -1 -1000 -1000 -1000 -10 1
86 19 Car -1 -1 -1 1091.43 183.31 1229.50 231.83 -1 -1 -1 -1000 -1000 -1000 -10 1
86 18 Car -1 -1 -1 599.60 170.34 636.04 199.82 -1 -1 -1 -1000 -1000 -1000 -10 1
86 1 Car -1 -1 -1 1030.40 185.37 1161.69 227.09 -1 -1 -1 -1000 -1000 -1000 -10 1
87 21 Car -1 -1 -1 960.11 184.21 1075.37 226.38 -1 -1 -1 -1000 -1000 -1000 -10 1
87 19 Car -1 -1 -1 1091.11 183.34 1229.31 231.75 -1 -1 -1 -1000 -1000 -1000 -10 1
87 18 Car -1 -1 -1 600.11 170.53 636.34 199.99 -1 -1 -1 -1000 -1000 -1000 -10 1
87 1 Car -1 -1 -1 1030.39 185.43 1161.37 227.10 -1 -1 -1 -1000 -1000 -1000 -10 1
88 21 Car -1 -1 -1 959.65 182.15 1072.89 225.21 -1 -1 -1 -1000 -1000 -1000 -10 1
88 19 Car -1 -1 -1 1091.26 183.38 1229.59 231.75 -1 -1 -1 -1000 -1000 -1000 -10 1
88 18 Car -1 -1 -1 600.91 170.60 637.02 200.05 -1 -1 -1 -1000 -1000 -1000 -10 1
88 1 Car -1 -1 -1 1030.32 185.49 1161.30 227.04 -1 -1 -1 -1000 -1000 -1000 -10 1
89 21 Car -1 -1 -1 960.42 183.16 1074.00 226.14 -1 -1 -1 -1000 -1000 -1000 -10 1
89 19 Car -1 -1 -1 1091.47 183.45 1229.70 231.85 -1 -1 -1 -1000 -1000 -1000 -10 1
89 18 Car -1 -1 -1 600.98 170.45 636.82 199.88 -1 -1 -1 -1000 -1000 -1000 -10 1
89 1 Car -1 -1 -1 1030.26 185.56 1161.30 227.08 -1 -1 -1 -1000 -1000 -1000 -10 1
90 21 Car -1 -1 -1 961.00 183.62 1074.52 226.40 -1 -1 -1 -1000 -1000 -1000 -10 1
90 19 Car -1 -1 -1 1091.32 183.44 1229.68 231.75 -1 -1 -1 -1000 -1000 -1000 -10 1
90 18 Car -1 -1 -1 601.55 170.78 637.21 200.22 -1 -1 -1 -1000 -1000 -1000 -10 1
90 1 Car -1 -1 -1 1030.30 185.73 1161.18 227.13 -1 -1 -1 -1000 -1000 -1000 -10 1
91 21 Car -1 -1 -1 961.08 183.84 1074.75 226.59 -1 -1 -1 -1000 -1000 -1000 -10 1
91 19 Car -1 -1 -1 1091.06 183.49 1229.56 231.77 -1 -1 -1 -1000 -1000 -1000 -10 1
91 18 Car -1 -1 -1 601.54 170.66 637.30 200.05 -1 -1 -1 -1000 -1000 -1000 -10 1
91 1 Car -1 -1 -1 1030.19 185.64 1161.19 227.08 -1 -1 -1 -1000 -1000 -1000 -10 1
92 21 Car -1 -1 -1 961.29 183.97 1074.68 226.65 -1 -1 -1 -1000 -1000 -1000 -10 1
92 19 Car -1 -1 -1 1091.34 183.45 1229.90 231.91 -1 -1 -1 -1000 -1000 -1000 -10 1
92 18 Car -1 -1 -1 601.00 170.84 636.68 200.18 -1 -1 -1 -1000 -1000 -1000 -10 1
92 1 Car -1 -1 -1 1030.41 185.67 1161.52 227.10 -1 -1 -1 -1000 -1000 -1000 -10 1
93 21 Car -1 -1 -1 961.82 184.11 1074.65 226.62 -1 -1 -1 -1000 -1000 -1000 -10 1
93 19 Car -1 -1 -1 1092.85 183.41 1231.05 231.84 -1 -1 -1 -1000 -1000 -1000 -10 1
93 18 Car -1 -1 -1 601.84 171.08 637.80 200.23 -1 -1 -1 -1000 -1000 -1000 -10 1
93 1 Car -1 -1 -1 1030.37 185.80 1161.45 227.09 -1 -1 -1 -1000 -1000 -1000 -10 1
94 21 Car -1 -1 -1 961.67 184.06 1074.31 226.52 -1 -1 -1 -1000 -1000 -1000 -10 1
94 19 Car -1 -1 -1 1092.46 183.28 1231.85 231.23 -1 -1 -1 -1000 -1000 -1000 -10 1
94 18 Car -1 -1 -1 601.53 171.18 637.75 200.19 -1 -1 -1 -1000 -1000 -1000 -10 1
94 1 Car -1 -1 -1 1031.05 185.98 1162.14 227.23 -1 -1 -1 -1000 -1000 -1000 -10 1
95 21 Car -1 -1 -1 961.72 184.46 1075.32 226.65 -1 -1 -1 -1000 -1000 -1000 -10 1
95 18 Car -1 -1 -1 600.97 170.79 637.77 199.99 -1 -1 -1 -1000 -1000 -1000 -10 1
95 1 Car -1 -1 -1 1029.83 185.86 1162.35 228.69 -1 -1 -1 -1000 -1000 -1000 -10 1
96 21 Car -1 -1 -1 957.79 185.49 1070.45 228.05 -1 -1 -1 -1000 -1000 -1000 -10 1
96 18 Car -1 -1 -1 600.57 171.03 637.77 200.46 -1 -1 -1 -1000 -1000 -1000 -10 1
96 1 Car -1 -1 -1 1026.75 186.19 1157.64 230.13 -1 -1 -1 -1000 -1000 -1000 -10 1
97 18 Car -1 -1 -1 600.90 171.57 638.81 201.27 -1 -1 -1 -1000 -1000 -1000 -10 1
97 1 Car -1 -1 -1 1028.43 186.10 1161.22 230.28 -1 -1 -1 -1000 -1000 -1000 -10 1
98 19 Car -1 -1 -1 1091.77 184.04 1227.30 232.72 -1 -1 -1 -1000 -1000 -1000 -10 1
98 18 Car -1 -1 -1 600.11 171.83 638.49 201.88 -1 -1 -1 -1000 -1000 -1000 -10 1
98 1 Car -1 -1 -1 1029.50 185.26 1162.30 228.97 -1 -1 -1 -1000 -1000 -1000 -10 1
99 19 Car -1 -1 -1 1092.34 183.71 1228.33 232.34 -1 -1 -1 -1000 -1000 -1000 -10 1
99 18 Car -1 -1 -1 600.17 171.93 638.86 202.31 -1 -1 -1 -1000 -1000 -1000 -10 1
99 1 Car -1 -1 -1 1029.79 185.12 1162.06 228.46 -1 -1 -1 -1000 -1000 -1000 -10 1
100 19 Car -1 -1 -1 1092.28 183.11 1226.55 231.44 -1 -1 -1 -1000 -1000 -1000 -10 1
100 18 Car -1 -1 -1 601.39 170.21 639.77 200.79 -1 -1 -1 -1000 -1000 -1000 -10 1
100 1 Car -1 -1 -1 1029.89 185.35 1161.90 228.10 -1 -1 -1 -1000 -1000 -1000 -10 1
101 19 Car -1 -1 -1 1090.26 183.51 1227.61 231.69 -1 -1 -1 -1000 -1000 -1000 -10 1
101 18 Car -1 -1 -1 599.00 170.58 640.55 201.37 -1 -1 -1 -1000 -1000 -1000 -10 1
101 1 Car -1 -1 -1 1029.94 185.51 1161.65 228.02 -1 -1 -1 -1000 -1000 -1000 -10 1
102 23 Car -1 -1 -1 960.84 184.55 1076.79 226.10 -1 -1 -1 -1000 -1000 -1000 -10 1
102 19 Car -1 -1 -1 1089.04 193.45 1234.34 250.94 -1 -1 -1 -1000 -1000 -1000 -10 1
102 1 Car -1 -1 -1 1026.06 186.41 1161.46 231.20 -1 -1 -1 -1000 -1000 -1000 -10 1
103 23 Car -1 -1 -1 958.12 186.77 1070.02 227.37 -1 -1 -1 -1000 -1000 -1000 -10 1
103 19 Car -1 -1 -1 1094.65 185.11 1233.98 239.54 -1 -1 -1 -1000 -1000 -1000 -10 1
103 1 Car -1 -1 -1 1024.71 186.53 1160.95 232.47 -1 -1 -1 -1000 -1000 -1000 -10 1
104 23 Car -1 -1 -1 964.02 181.13 1070.01 221.95 -1 -1 -1 -1000 -1000 -1000 -10 1
104 19 Car -1 -1 -1 1090.35 184.35 1228.66 236.84 -1 -1 -1 -1000 -1000 -1000 -10 1
104 1 Car -1 -1 -1 1026.03 188.60 1161.99 237.09 -1 -1 -1 -1000 -1000 -1000 -10 1
105 19 Car -1 -1 -1 1090.32 183.27 1228.70 235.06 -1 -1 -1 -1000 -1000 -1000 -10 1
105 1 Car -1 -1 -1 1027.37 185.38 1163.60 232.72 -1 -1 -1 -1000 -1000 -1000 -10 1
106 25 Car -1 -1 -1 580.94 157.70 666.54 290.96 -1 -1 -1 -1000 -1000 -1000 -10 1
106 19 Car -1 -1 -1 1089.57 182.92 1228.43 233.97 -1 -1 -1 -1000 -1000 -1000 -10 1
106 1 Car -1 -1 -1 1027.60 184.42 1163.05 230.53 -1 -1 -1 -1000 -1000 -1000 -10 1
107 25 Car -1 -1 -1 558.96 157.22 651.14 287.05 -1 -1 -1 -1000 -1000 -1000 -10 1
107 19 Car -1 -1 -1 1090.68 182.78 1229.34 233.12 -1 -1 -1 -1000 -1000 -1000 -10 1
107 1 Car -1 -1 -1 1028.54 184.39 1162.75 229.39 -1 -1 -1 -1000 -1000 -1000 -10 1
108 25 Car -1 -1 -1 564.48 158.75 642.58 276.01 -1 -1 -1 -1000 -1000 -1000 -10 1
108 23 Car -1 -1 -1 955.53 185.39 1070.21 226.86 -1 -1 -1 -1000 -1000 -1000 -10 1
108 19 Car -1 -1 -1 1091.04 182.93 1229.53 232.76 -1 -1 -1 -1000 -1000 -1000 -10 1
108 1 Car -1 -1 -1 1029.21 184.64 1162.78 228.66 -1 -1 -1 -1000 -1000 -1000 -10 1
109 25 Car -1 -1 -1 566.78 159.55 633.80 269.60 -1 -1 -1 -1000 -1000 -1000 -10 1
109 23 Car -1 -1 -1 958.01 182.80 1071.44 225.59 -1 -1 -1 -1000 -1000 -1000 -10 1
109 19 Car -1 -1 -1 1091.26 183.04 1229.58 232.40 -1 -1 -1 -1000 -1000 -1000 -10 1
109 1 Car -1 -1 -1 1029.58 184.85 1162.46 228.15 -1 -1 -1 -1000 -1000 -1000 -10 1
110 25 Car -1 -1 -1 567.14 159.07 626.21 261.55 -1 -1 -1 -1000 -1000 -1000 -10 1
110 23 Car -1 -1 -1 958.99 181.48 1070.72 224.93 -1 -1 -1 -1000 -1000 -1000 -10 1
110 19 Car -1 -1 -1 1091.49 183.09 1229.62 232.20 -1 -1 -1 -1000 -1000 -1000 -10 1
110 1 Car -1 -1 -1 1029.51 184.97 1161.99 227.84 -1 -1 -1 -1000 -1000 -1000 -10 1
111 25 Car -1 -1 -1 564.74 163.19 619.72 265.12 -1 -1 -1 -1000 -1000 -1000 -10 1
111 23 Car -1 -1 -1 961.17 182.84 1072.90 226.02 -1 -1 -1 -1000 -1000 -1000 -10 1
111 19 Car -1 -1 -1 1091.57 183.20 1229.65 232.08 -1 -1 -1 -1000 -1000 -1000 -10 1
111 1 Car -1 -1 -1 1029.68 185.21 1161.93 227.59 -1 -1 -1 -1000 -1000 -1000 -10 1
112 25 Car -1 -1 -1 558.10 164.48 613.95 269.42 -1 -1 -1 -1000 -1000 -1000 -10 1
112 23 Car -1 -1 -1 961.98 183.34 1073.86 226.30 -1 -1 -1 -1000 -1000 -1000 -10 1
112 19 Car -1 -1 -1 1091.44 183.28 1229.52 232.00 -1 -1 -1 -1000 -1000 -1000 -10 1
112 1 Car -1 -1 -1 1029.76 185.25 1161.94 227.37 -1 -1 -1 -1000 -1000 -1000 -10 1
113 23 Car -1 -1 -1 962.18 183.67 1074.20 226.43 -1 -1 -1 -1000 -1000 -1000 -10 1
113 19 Car -1 -1 -1 1091.48 183.33 1229.55 231.90 -1 -1 -1 -1000 -1000 -1000 -10 1
113 1 Car -1 -1 -1 1029.80 185.34 1161.85 227.26 -1 -1 -1 -1000 -1000 -1000 -10 1
114 23 Car -1 -1 -1 962.93 183.86 1074.25 226.37 -1 -1 -1 -1000 -1000 -1000 -10 1
114 19 Car -1 -1 -1 1091.91 183.39 1229.82 231.83 -1 -1 -1 -1000 -1000 -1000 -10 1
114 1 Car -1 -1 -1 1029.58 185.39 1161.65 227.15 -1 -1 -1 -1000 -1000 -1000 -10 1
115 23 Car -1 -1 -1 963.44 183.97 1074.27 226.34 -1 -1 -1 -1000 -1000 -1000 -10 1
115 19 Car -1 -1 -1 1091.44 183.45 1229.44 231.75 -1 -1 -1 -1000 -1000 -1000 -10 1
115 1 Car -1 -1 -1 1029.65 185.47 1161.65 227.10 -1 -1 -1 -1000 -1000 -1000 -10 1
116 23 Car -1 -1 -1 963.58 184.11 1074.10 226.39 -1 -1 -1 -1000 -1000 -1000 -10 1
116 19 Car -1 -1 -1 1091.90 183.46 1227.56 231.74 -1 -1 -1 -1000 -1000 -1000 -10 1
116 1 Car -1 -1 -1 1029.79 185.47 1161.79 227.03 -1 -1 -1 -1000 -1000 -1000 -10 1
117 23 Car -1 -1 -1 963.71 184.16 1074.21 226.36 -1 -1 -1 -1000 -1000 -1000 -10 1
117 19 Car -1 -1 -1 1092.19 183.42 1228.43 231.68 -1 -1 -1 -1000 -1000 -1000 -10 1
117 1 Car -1 -1 -1 1029.69 185.53 1161.62 227.04 -1 -1 -1 -1000 -1000 -1000 -10 1
118 23 Car -1 -1 -1 963.43 184.13 1074.29 226.36 -1 -1 -1 -1000 -1000 -1000 -10 1
118 19 Car -1 -1 -1 1092.19 183.48 1228.75 231.75 -1 -1 -1 -1000 -1000 -1000 -10 1
118 1 Car -1 -1 -1 1029.61 185.60 1161.51 227.11 -1 -1 -1 -1000 -1000 -1000 -10 1
119 30 Car -1 -1 -1 601.15 171.66 638.46 200.93 -1 -1 -1 -1000 -1000 -1000 -10 1
119 23 Car -1 -1 -1 963.14 184.11 1074.52 226.32 -1 -1 -1 -1000 -1000 -1000 -10 1
119 19 Car -1 -1 -1 1091.95 183.53 1228.91 231.80 -1 -1 -1 -1000 -1000 -1000 -10 1
119 1 Car -1 -1 -1 1029.72 185.64 1161.59 227.08 -1 -1 -1 -1000 -1000 -1000 -10 1
120 30 Car -1 -1 -1 601.58 173.44 638.67 202.71 -1 -1 -1 -1000 -1000 -1000 -10 1
120 23 Car -1 -1 -1 962.87 184.15 1074.45 226.45 -1 -1 -1 -1000 -1000 -1000 -10 1
120 19 Car -1 -1 -1 1091.90 183.52 1229.03 231.73 -1 -1 -1 -1000 -1000 -1000 -10 1
120 1 Car -1 -1 -1 1029.91 185.68 1161.59 227.08 -1 -1 -1 -1000 -1000 -1000 -10 1
121 30 Car -1 -1 -1 600.18 173.36 637.44 203.09 -1 -1 -1 -1000 -1000 -1000 -10 1
121 23 Car -1 -1 -1 961.93 182.06 1071.96 225.09 -1 -1 -1 -1000 -1000 -1000 -10 1
121 19 Car -1 -1 -1 1091.61 183.51 1229.18 231.70 -1 -1 -1 -1000 -1000 -1000 -10 1
121 1 Car -1 -1 -1 1029.93 185.73 1161.24 227.12 -1 -1 -1 -1000 -1000 -1000 -10 1
122 30 Car -1 -1 -1 599.65 172.95 636.99 203.04 -1 -1 -1 -1000 -1000 -1000 -10 1
122 23 Car -1 -1 -1 961.68 181.07 1070.84 224.81 -1 -1 -1 -1000 -1000 -1000 -10 1
122 19 Car -1 -1 -1 1091.06 183.55 1229.09 231.73 -1 -1 -1 -1000 -1000 -1000 -10 1
122 1 Car -1 -1 -1 1030.06 185.75 1161.42 227.12 -1 -1 -1 -1000 -1000 -1000 -10 1
123 30 Car -1 -1 -1 599.92 172.10 637.43 202.47 -1 -1 -1 -1000 -1000 -1000 -10 1
123 23 Car -1 -1 -1 962.57 182.86 1072.72 226.12 -1 -1 -1 -1000 -1000 -1000 -10 1
123 19 Car -1 -1 -1 1091.28 183.58 1229.32 231.73 -1 -1 -1 -1000 -1000 -1000 -10 1
123 1 Car -1 -1 -1 1030.29 185.79 1161.57 227.08 -1 -1 -1 -1000 -1000 -1000 -10 1
124 30 Car -1 -1 -1 601.01 171.57 638.32 202.03 -1 -1 -1 -1000 -1000 -1000 -10 1
124 23 Car -1 -1 -1 963.02 183.56 1073.47 226.57 -1 -1 -1 -1000 -1000 -1000 -10 1
124 19 Car -1 -1 -1 1091.52 183.60 1229.46 231.72 -1 -1 -1 -1000 -1000 -1000 -10 1
124 1 Car -1 -1 -1 1030.29 185.76 1161.56 227.00 -1 -1 -1 -1000 -1000 -1000 -10 1
125 30 Car -1 -1 -1 601.47 170.53 638.68 201.21 -1 -1 -1 -1000 -1000 -1000 -10 1
125 23 Car -1 -1 -1 962.96 183.76 1073.80 226.70 -1 -1 -1 -1000 -1000 -1000 -10 1
125 19 Car -1 -1 -1 1091.42 183.54 1229.49 231.70 -1 -1 -1 -1000 -1000 -1000 -10 1
125 1 Car -1 -1 -1 1030.28 185.80 1161.67 226.98 -1 -1 -1 -1000 -1000 -1000 -10 1
126 30 Car -1 -1 -1 601.51 170.34 638.72 201.24 -1 -1 -1 -1000 -1000 -1000 -10 1
126 23 Car -1 -1 -1 962.40 181.90 1071.15 225.41 -1 -1 -1 -1000 -1000 -1000 -10 1
126 19 Car -1 -1 -1 1091.45 183.57 1229.43 231.71 -1 -1 -1 -1000 -1000 -1000 -10 1
126 1 Car -1 -1 -1 1030.25 185.86 1161.76 227.05 -1 -1 -1 -1000 -1000 -1000 -10 1
127 30 Car -1 -1 -1 602.08 170.89 639.38 201.93 -1 -1 -1 -1000 -1000 -1000 -10 1
127 23 Car -1 -1 -1 963.34 183.06 1072.61 226.28 -1 -1 -1 -1000 -1000 -1000 -10 1
127 19 Car -1 -1 -1 1091.32 183.57 1229.46 231.70 -1 -1 -1 -1000 -1000 -1000 -10 1
127 1 Car -1 -1 -1 1030.11 185.81 1161.72 227.01 -1 -1 -1 -1000 -1000 -1000 -10 1
128 30 Car -1 -1 -1 602.24 170.83 639.51 201.77 -1 -1 -1 -1000 -1000 -1000 -10 1
128 23 Car -1 -1 -1 963.76 183.50 1073.34 226.53 -1 -1 -1 -1000 -1000 -1000 -10 1
128 19 Car -1 -1 -1 1091.44 183.62 1229.59 231.81 -1 -1 -1 -1000 -1000 -1000 -10 1
128 1 Car -1 -1 -1 1029.82 185.80 1161.27 227.07 -1 -1 -1 -1000 -1000 -1000 -10 1
129 30 Car -1 -1 -1 601.68 170.92 638.69 201.63 -1 -1 -1 -1000 -1000 -1000 -10 1
129 23 Car -1 -1 -1 964.16 183.80 1073.60 226.58 -1 -1 -1 -1000 -1000 -1000 -10 1
129 19 Car -1 -1 -1 1091.31 183.53 1229.61 231.71 -1 -1 -1 -1000 -1000 -1000 -10 1
129 1 Car -1 -1 -1 1029.82 185.74 1161.31 227.06 -1 -1 -1 -1000 -1000 -1000 -10 1
130 30 Car -1 -1 -1 601.56 171.40 638.25 201.81 -1 -1 -1 -1000 -1000 -1000 -10 1
130 23 Car -1 -1 -1 964.20 183.94 1073.65 226.61 -1 -1 -1 -1000 -1000 -1000 -10 1
130 19 Car -1 -1 -1 1091.38 183.56 1229.53 231.73 -1 -1 -1 -1000 -1000 -1000 -10 1
130 1 Car -1 -1 -1 1029.96 185.61 1161.60 227.03 -1 -1 -1 -1000 -1000 -1000 -10 1
131 30 Car -1 -1 -1 602.07 171.72 638.30 201.93 -1 -1 -1 -1000 -1000 -1000 -10 1
131 23 Car -1 -1 -1 963.91 184.03 1073.93 226.56 -1 -1 -1 -1000 -1000 -1000 -10 1
131 19 Car -1 -1 -1 1091.52 183.51 1229.72 231.65 -1 -1 -1 -1000 -1000 -1000 -10 1
131 1 Car -1 -1 -1 1030.04 185.60 1161.66 227.03 -1 -1 -1 -1000 -1000 -1000 -10 1
132 30 Car -1 -1 -1 602.20 171.87 638.18 202.08 -1 -1 -1 -1000 -1000 -1000 -10 1
132 23 Car -1 -1 -1 963.72 184.09 1074.15 226.61 -1 -1 -1 -1000 -1000 -1000 -10 1
132 19 Car -1 -1 -1 1091.41 183.59 1229.60 231.75 -1 -1 -1 -1000 -1000 -1000 -10 1
132 1 Car -1 -1 -1 1029.99 185.58 1161.69 227.11 -1 -1 -1 -1000 -1000 -1000 -10 1
133 30 Car -1 -1 -1 602.22 171.76 638.00 201.95 -1 -1 -1 -1000 -1000 -1000 -10 1
133 23 Car -1 -1 -1 963.08 184.05 1074.03 226.54 -1 -1 -1 -1000 -1000 -1000 -10 1
133 19 Car -1 -1 -1 1091.34 183.59 1229.45 231.75 -1 -1 -1 -1000 -1000 -1000 -10 1
133 1 Car -1 -1 -1 1029.92 185.66 1161.64 227.15 -1 -1 -1 -1000 -1000 -1000 -10 1
134 30 Car -1 -1 -1 602.18 171.59 637.90 201.85 -1 -1 -1 -1000 -1000 -1000 -10 1
134 23 Car -1 -1 -1 963.20 184.12 1074.40 226.64 -1 -1 -1 -1000 -1000 -1000 -10 1
134 19 Car -1 -1 -1 1091.83 183.49 1227.50 231.64 -1 -1 -1 -1000 -1000 -1000 -10 1
134 1 Car -1 -1 -1 1029.83 185.65 1161.63 227.19 -1 -1 -1 -1000 -1000 -1000 -10 1
135 30 Car -1 -1 -1 602.66 171.50 638.19 201.68 -1 -1 -1 -1000 -1000 -1000 -10 1
135 23 Car -1 -1 -1 962.19 182.10 1071.87 225.31 -1 -1 -1 -1000 -1000 -1000 -10 1
135 19 Car -1 -1 -1 1092.04 183.54 1228.43 231.78 -1 -1 -1 -1000 -1000 -1000 -10 1
135 1 Car -1 -1 -1 1029.71 185.62 1161.51 227.18 -1 -1 -1 -1000 -1000 -1000 -10 1
136 30 Car -1 -1 -1 602.88 171.34 638.18 201.53 -1 -1 -1 -1000 -1000 -1000 -10 1
136 23 Car -1 -1 -1 962.90 183.22 1073.26 226.14 -1 -1 -1 -1000 -1000 -1000 -10 1
136 19 Car -1 -1 -1 1091.98 183.61 1228.85 231.79 -1 -1 -1 -1000 -1000 -1000 -10 1
136 1 Car -1 -1 -1 1029.66 185.62 1161.50 227.18 -1 -1 -1 -1000 -1000 -1000 -10 1
137 30 Car -1 -1 -1 603.15 171.49 638.24 201.77 -1 -1 -1 -1000 -1000 -1000 -10 1
137 23 Car -1 -1 -1 961.88 181.60 1071.27 225.15 -1 -1 -1 -1000 -1000 -1000 -10 1
137 19 Car -1 -1 -1 1091.83 183.59 1229.01 231.75 -1 -1 -1 -1000 -1000 -1000 -10 1
137 1 Car -1 -1 -1 1029.81 185.66 1161.70 227.20 -1 -1 -1 -1000 -1000 -1000 -10 1
138 30 Car -1 -1 -1 603.31 171.65 638.18 201.92 -1 -1 -1 -1000 -1000 -1000 -10 1
138 23 Car -1 -1 -1 961.59 180.97 1070.28 224.96 -1 -1 -1 -1000 -1000 -1000 -10 1
138 19 Car -1 -1 -1 1091.97 183.62 1229.21 231.76 -1 -1 -1 -1000 -1000 -1000 -10 1
138 1 Car -1 -1 -1 1029.61 185.68 1161.57 227.19 -1 -1 -1 -1000 -1000 -1000 -10 1
139 30 Car -1 -1 -1 603.54 171.72 638.29 201.97 -1 -1 -1 -1000 -1000 -1000 -10 1
139 23 Car -1 -1 -1 961.41 180.55 1069.77 224.83 -1 -1 -1 -1000 -1000 -1000 -10 1
139 19 Car -1 -1 -1 1091.87 183.65 1229.35 231.83 -1 -1 -1 -1000 -1000 -1000 -10 1
139 1 Car -1 -1 -1 1029.65 185.69 1161.69 227.19 -1 -1 -1 -1000 -1000 -1000 -10 1
140 30 Car -1 -1 -1 603.90 171.64 638.43 201.75 -1 -1 -1 -1000 -1000 -1000 -10 1
140 23 Car -1 -1 -1 962.59 182.45 1072.22 226.22 -1 -1 -1 -1000 -1000 -1000 -10 1
140 19 Car -1 -1 -1 1091.92 183.64 1229.41 231.82 -1 -1 -1 -1000 -1000 -1000 -10 1
140 1 Car -1 -1 -1 1029.82 185.70 1161.85 227.15 -1 -1 -1 -1000 -1000 -1000 -10 1
141 30 Car -1 -1 -1 603.89 171.78 638.49 201.81 -1 -1 -1 -1000 -1000 -1000 -10 1
141 23 Car -1 -1 -1 961.83 181.13 1070.75 225.18 -1 -1 -1 -1000 -1000 -1000 -10 1
141 19 Car -1 -1 -1 1091.58 183.63 1229.22 231.79 -1 -1 -1 -1000 -1000 -1000 -10 1
141 1 Car -1 -1 -1 1029.84 185.67 1161.84 227.12 -1 -1 -1 -1000 -1000 -1000 -10 1
142 30 Car -1 -1 -1 603.75 171.88 638.40 201.87 -1 -1 -1 -1000 -1000 -1000 -10 1
142 23 Car -1 -1 -1 961.88 180.72 1069.88 225.02 -1 -1 -1 -1000 -1000 -1000 -10 1
142 19 Car -1 -1 -1 1091.90 183.53 1227.12 231.68 -1 -1 -1 -1000 -1000 -1000 -10 1
142 1 Car -1 -1 -1 1029.98 185.60 1162.06 227.08 -1 -1 -1 -1000 -1000 -1000 -10 1
143 30 Car -1 -1 -1 603.54 171.78 638.18 201.83 -1 -1 -1 -1000 -1000 -1000 -10 1
143 23 Car -1 -1 -1 961.70 180.60 1069.50 225.06 -1 -1 -1 -1000 -1000 -1000 -10 1
143 19 Car -1 -1 -1 1092.02 183.59 1228.02 231.67 -1 -1 -1 -1000 -1000 -1000 -10 1
143 1 Car -1 -1 -1 1030.10 185.60 1161.98 227.06 -1 -1 -1 -1000 -1000 -1000 -10 1
144 30 Car -1 -1 -1 603.46 171.69 638.14 201.85 -1 -1 -1 -1000 -1000 -1000 -10 1
144 23 Car -1 -1 -1 961.75 180.46 1069.30 225.03 -1 -1 -1 -1000 -1000 -1000 -10 1
144 19 Car -1 -1 -1 1091.90 183.67 1228.46 231.80 -1 -1 -1 -1000 -1000 -1000 -10 1
144 1 Car -1 -1 -1 1030.21 185.64 1162.00 227.11 -1 -1 -1 -1000 -1000 -1000 -10 1
145 30 Car -1 -1 -1 603.74 171.64 638.51 201.97 -1 -1 -1 -1000 -1000 -1000 -10 1
145 23 Car -1 -1 -1 961.55 180.47 1069.04 225.07 -1 -1 -1 -1000 -1000 -1000 -10 1
145 19 Car -1 -1 -1 1091.95 183.58 1229.18 231.69 -1 -1 -1 -1000 -1000 -1000 -10 1
145 1 Car -1 -1 -1 1030.09 185.58 1161.71 227.12 -1 -1 -1 -1000 -1000 -1000 -10 1
146 30 Car -1 -1 -1 603.63 171.48 638.51 201.89 -1 -1 -1 -1000 -1000 -1000 -10 1
146 23 Car -1 -1 -1 961.49 180.35 1069.10 224.96 -1 -1 -1 -1000 -1000 -1000 -10 1
146 19 Car -1 -1 -1 1091.85 183.61 1229.23 231.76 -1 -1 -1 -1000 -1000 -1000 -10 1
146 1 Car -1 -1 -1 1030.04 185.59 1161.67 227.12 -1 -1 -1 -1000 -1000 -1000 -10 1
147 30 Car -1 -1 -1 603.44 171.45 638.39 201.93 -1 -1 -1 -1000 -1000 -1000 -10 1
147 23 Car -1 -1 -1 961.39 180.44 1069.09 225.11 -1 -1 -1 -1000 -1000 -1000 -10 1
147 19 Car -1 -1 -1 1091.67 183.62 1229.36 231.84 -1 -1 -1 -1000 -1000 -1000 -10 1
147 1 Car -1 -1 -1 1030.20 185.63 1161.79 227.19 -1 -1 -1 -1000 -1000 -1000 -10 1
148 30 Car -1 -1 -1 603.40 171.44 638.36 201.96 -1 -1 -1 -1000 -1000 -1000 -10 1
148 23 Car -1 -1 -1 961.39 180.41 1068.98 225.19 -1 -1 -1 -1000 -1000 -1000 -10 1
148 19 Car -1 -1 -1 1091.83 183.65 1229.60 231.86 -1 -1 -1 -1000 -1000 -1000 -10 1
148 1 Car -1 -1 -1 1030.25 185.66 1162.01 227.20 -1 -1 -1 -1000 -1000 -1000 -10 1
149 30 Car -1 -1 -1 603.25 171.35 638.24 201.91 -1 -1 -1 -1000 -1000 -1000 -10 1
149 23 Car -1 -1 -1 961.24 180.32 1069.07 225.28 -1 -1 -1 -1000 -1000 -1000 -10 1
149 19 Car -1 -1 -1 1091.78 183.63 1229.64 231.84 -1 -1 -1 -1000 -1000 -1000 -10 1
149 1 Car -1 -1 -1 1030.23 185.67 1161.99 227.21 -1 -1 -1 -1000 -1000 -1000 -10 1
150 30 Car -1 -1 -1 602.91 171.35 637.83 201.91 -1 -1 -1 -1000 -1000 -1000 -10 1
150 23 Car -1 -1 -1 961.24 180.21 1069.08 225.23 -1 -1 -1 -1000 -1000 -1000 -10 1
150 19 Car -1 -1 -1 1091.53 183.69 1229.45 231.90 -1 -1 -1 -1000 -1000 -1000 -10 1
150 1 Car -1 -1 -1 1030.19 185.68 1162.03 227.24 -1 -1 -1 -1000 -1000 -1000 -10 1
151 30 Car -1 -1 -1 602.56 171.34 637.44 201.91 -1 -1 -1 -1000 -1000 -1000 -10 1
151 23 Car -1 -1 -1 961.66 180.19 1069.19 225.20 -1 -1 -1 -1000 -1000 -1000 -10 1
151 19 Car -1 -1 -1 1091.48 183.69 1229.48 231.95 -1 -1 -1 -1000 -1000 -1000 -10 1
151 1 Car -1 -1 -1 1030.12 185.61 1162.00 227.18 -1 -1 -1 -1000 -1000 -1000 -10 1
152 30 Car -1 -1 -1 601.99 171.29 636.81 202.00 -1 -1 -1 -1000 -1000 -1000 -10 1
152 23 Car -1 -1 -1 961.76 180.28 1069.03 225.38 -1 -1 -1 -1000 -1000 -1000 -10 1
152 19 Car -1 -1 -1 1091.41 183.65 1229.50 231.81 -1 -1 -1 -1000 -1000 -1000 -10 1
152 1 Car -1 -1 -1 1030.17 185.71 1161.97 227.14 -1 -1 -1 -1000 -1000 -1000 -10 1
153 30 Car -1 -1 -1 601.98 171.31 636.83 202.08 -1 -1 -1 -1000 -1000 -1000 -10 1
153 23 Car -1 -1 -1 961.81 180.35 1069.01 225.45 -1 -1 -1 -1000 -1000 -1000 -10 1
153 19 Car -1 -1 -1 1091.43 183.61 1229.51 231.74 -1 -1 -1 -1000 -1000 -1000 -10 1
153 1 Car -1 -1 -1 1030.22 185.68 1162.02 227.16 -1 -1 -1 -1000 -1000 -1000 -10 1
154 30 Car -1 -1 -1 601.95 171.33 636.85 202.17 -1 -1 -1 -1000 -1000 -1000 -10 1
154 23 Car -1 -1 -1 961.44 180.40 1069.19 225.62 -1 -1 -1 -1000 -1000 -1000 -10 1
154 19 Car -1 -1 -1 1091.30 183.65 1229.40 231.79 -1 -1 -1 -1000 -1000 -1000 -10 1
154 1 Car -1 -1 -1 1030.15 185.71 1161.86 227.19 -1 -1 -1 -1000 -1000 -1000 -10 1
155 30 Car -1 -1 -1 601.81 171.39 636.75 202.29 -1 -1 -1 -1000 -1000 -1000 -10 1
155 23 Car -1 -1 -1 961.68 180.35 1069.05 225.46 -1 -1 -1 -1000 -1000 -1000 -10 1
155 19 Car -1 -1 -1 1091.39 183.67 1229.44 231.77 -1 -1 -1 -1000 -1000 -1000 -10 1
155 1 Car -1 -1 -1 1030.30 185.67 1161.95 227.14 -1 -1 -1 -1000 -1000 -1000 -10 1
156 30 Car -1 -1 -1 601.82 171.42 636.81 202.36 -1 -1 -1 -1000 -1000 -1000 -10 1
156 23 Car -1 -1 -1 961.49 180.29 1069.07 225.47 -1 -1 -1 -1000 -1000 -1000 -10 1
156 19 Car -1 -1 -1 1091.73 183.53 1227.24 231.66 -1 -1 -1 -1000 -1000 -1000 -10 1
156 1 Car -1 -1 -1 1030.15 185.64 1161.91 227.15 -1 -1 -1 -1000 -1000 -1000 -10 1
157 30 Car -1 -1 -1 601.78 171.23 636.85 202.25 -1 -1 -1 -1000 -1000 -1000 -10 1
157 23 Car -1 -1 -1 961.24 180.29 1069.20 225.50 -1 -1 -1 -1000 -1000 -1000 -10 1
157 19 Car -1 -1 -1 1092.11 183.59 1228.27 231.76 -1 -1 -1 -1000 -1000 -1000 -10 1
157 1 Car -1 -1 -1 1029.95 185.61 1161.61 227.20 -1 -1 -1 -1000 -1000 -1000 -10 1
158 30 Car -1 -1 -1 601.84 171.28 636.95 202.26 -1 -1 -1 -1000 -1000 -1000 -10 1
158 23 Car -1 -1 -1 961.53 180.32 1069.26 225.49 -1 -1 -1 -1000 -1000 -1000 -10 1
158 19 Car -1 -1 -1 1092.20 183.46 1226.33 231.65 -1 -1 -1 -1000 -1000 -1000 -10 1
158 1 Car -1 -1 -1 1030.00 185.63 1161.67 227.20 -1 -1 -1 -1000 -1000 -1000 -10 1
159 30 Car -1 -1 -1 601.77 171.33 636.89 202.28 -1 -1 -1 -1000 -1000 -1000 -10 1
159 23 Car -1 -1 -1 961.77 180.36 1069.29 225.58 -1 -1 -1 -1000 -1000 -1000 -10 1
159 19 Car -1 -1 -1 1092.75 183.42 1225.35 231.59 -1 -1 -1 -1000 -1000 -1000 -10 1
159 1 Car -1 -1 -1 1030.10 185.70 1161.78 227.18 -1 -1 -1 -1000 -1000 -1000 -10 1
160 30 Car -1 -1 -1 601.80 171.36 636.91 202.32 -1 -1 -1 -1000 -1000 -1000 -10 1
160 23 Car -1 -1 -1 961.79 180.30 1069.05 225.53 -1 -1 -1 -1000 -1000 -1000 -10 1
160 19 Car -1 -1 -1 1093.48 183.42 1224.92 231.62 -1 -1 -1 -1000 -1000 -1000 -10 1
160 1 Car -1 -1 -1 1030.20 185.77 1161.93 227.14 -1 -1 -1 -1000 -1000 -1000 -10 1
161 30 Car -1 -1 -1 601.93 171.44 637.05 202.34 -1 -1 -1 -1000 -1000 -1000 -10 1
161 23 Car -1 -1 -1 962.77 182.29 1071.75 226.73 -1 -1 -1 -1000 -1000 -1000 -10 1
161 19 Car -1 -1 -1 1093.42 183.50 1226.56 231.73 -1 -1 -1 -1000 -1000 -1000 -10 1
161 1 Car -1 -1 -1 1030.19 185.69 1161.88 227.10 -1 -1 -1 -1000 -1000 -1000 -10 1
162 30 Car -1 -1 -1 601.86 171.47 637.04 202.39 -1 -1 -1 -1000 -1000 -1000 -10 1
162 23 Car -1 -1 -1 963.00 183.10 1073.22 226.98 -1 -1 -1 -1000 -1000 -1000 -10 1
162 19 Car -1 -1 -1 1092.83 183.56 1227.45 231.71 -1 -1 -1 -1000 -1000 -1000 -10 1
162 1 Car -1 -1 -1 1030.17 185.68 1161.81 227.09 -1 -1 -1 -1000 -1000 -1000 -10 1
163 30 Car -1 -1 -1 601.84 171.51 637.18 202.46 -1 -1 -1 -1000 -1000 -1000 -10 1
163 23 Car -1 -1 -1 961.78 181.59 1071.37 225.87 -1 -1 -1 -1000 -1000 -1000 -10 1
163 19 Car -1 -1 -1 1092.55 183.59 1228.10 231.71 -1 -1 -1 -1000 -1000 -1000 -10 1
163 1 Car -1 -1 -1 1030.24 185.68 1162.00 227.12 -1 -1 -1 -1000 -1000 -1000 -10 1
164 30 Car -1 -1 -1 601.73 171.53 637.16 202.46 -1 -1 -1 -1000 -1000 -1000 -10 1
164 23 Car -1 -1 -1 962.45 182.85 1073.18 226.76 -1 -1 -1 -1000 -1000 -1000 -10 1
164 19 Car -1 -1 -1 1092.24 183.61 1228.56 231.74 -1 -1 -1 -1000 -1000 -1000 -10 1
164 1 Car -1 -1 -1 1030.13 185.70 1161.79 227.15 -1 -1 -1 -1000 -1000 -1000 -10 1
165 30 Car -1 -1 -1 601.48 171.51 636.99 202.44 -1 -1 -1 -1000 -1000 -1000 -10 1
165 23 Car -1 -1 -1 962.27 183.39 1073.93 227.01 -1 -1 -1 -1000 -1000 -1000 -10 1
165 19 Car -1 -1 -1 1092.11 183.61 1228.93 231.75 -1 -1 -1 -1000 -1000 -1000 -10 1
165 1 Car -1 -1 -1 1030.41 185.64 1162.07 227.13 -1 -1 -1 -1000 -1000 -1000 -10 1
166 30 Car -1 -1 -1 601.41 171.53 636.95 202.47 -1 -1 -1 -1000 -1000 -1000 -10 1
166 23 Car -1 -1 -1 961.40 181.66 1071.65 225.73 -1 -1 -1 -1000 -1000 -1000 -10 1
166 19 Car -1 -1 -1 1092.20 183.52 1226.87 231.68 -1 -1 -1 -1000 -1000 -1000 -10 1
166 1 Car -1 -1 -1 1030.35 185.59 1162.00 227.11 -1 -1 -1 -1000 -1000 -1000 -10 1
167 30 Car -1 -1 -1 601.23 171.59 636.77 202.53 -1 -1 -1 -1000 -1000 -1000 -10 1
167 23 Car -1 -1 -1 961.23 180.93 1070.62 225.32 -1 -1 -1 -1000 -1000 -1000 -10 1
167 19 Car -1 -1 -1 1092.66 183.40 1225.79 231.63 -1 -1 -1 -1000 -1000 -1000 -10 1
167 1 Car -1 -1 -1 1030.15 185.57 1161.85 227.13 -1 -1 -1 -1000 -1000 -1000 -10 1
168 30 Car -1 -1 -1 601.09 171.58 636.69 202.48 -1 -1 -1 -1000 -1000 -1000 -10 1
168 23 Car -1 -1 -1 961.18 180.68 1070.04 225.33 -1 -1 -1 -1000 -1000 -1000 -10 1
168 19 Car -1 -1 -1 1092.87 183.55 1227.26 231.77 -1 -1 -1 -1000 -1000 -1000 -10 1
168 1 Car -1 -1 -1 1030.19 185.65 1161.83 227.21 -1 -1 -1 -1000 -1000 -1000 -10 1
169 30 Car -1 -1 -1 601.16 171.57 636.82 202.42 -1 -1 -1 -1000 -1000 -1000 -10 1
169 23 Car -1 -1 -1 961.39 180.44 1069.62 225.21 -1 -1 -1 -1000 -1000 -1000 -10 1
169 19 Car -1 -1 -1 1093.03 183.47 1225.86 231.69 -1 -1 -1 -1000 -1000 -1000 -10 1
169 1 Car -1 -1 -1 1030.14 185.65 1161.83 227.17 -1 -1 -1 -1000 -1000 -1000 -10 1
