0 3 Car -1 -1 -1 1193.17 158.00 1243.00 222.90 -1 -1 -1 -1000 -1000 -1000 -10 1
0 2 Car -1 -1 -1 0.96 200.77 53.67 260.16 -1 -1 -1 -1000 -1000 -1000 -10 1
0 1 Car -1 -1 -1 480.29 179.61 658.36 233.17 -1 -1 -1 -1000 -1000 -1000 -10 1
1 2 Car -1 -1 -1 4.81 190.73 98.08 261.04 -1 -1 -1 -1000 -1000 -1000 -10 1
1 1 Car -1 -1 -1 543.80 177.10 715.66 229.86 -1 -1 -1 -1000 -1000 -1000 -10 1
2 2 Car -1 -1 -1 8.23 185.32 139.26 257.67 -1 -1 -1 -1000 -1000 -1000 -10 1
2 1 Car -1 -1 -1 595.47 177.17 774.12 231.32 -1 -1 -1 -1000 -1000 -1000 -10 1
3 2 Car -1 -1 -1 17.14 186.34 182.14 256.91 -1 -1 -1 -1000 -1000 -1000 -10 1
3 1 Car -1 -1 -1 646.29 173.40 830.51 231.12 -1 -1 -1 -1000 -1000 -1000 -10 1
4 2 Car -1 -1 -1 46.04 184.22 238.10 255.51 -1 -1 -1 -1000 -1000 -1000 -10 1
4 1 Car -1 -1 -1 697.34 169.81 887.62 232.07 -1 -1 -1 -1000 -1000 -1000 -10 1
5 2 Car -1 -1 -1 128.55 181.12 336.16 254.04 -1 -1 -1 -1000 -1000 -1000 -10 1
5 1 Car -1 -1 -1 787.34 168.59 979.02 232.62 -1 -1 -1 -1000 -1000 -1000 -10 1
6 2 Car -1 -1 -1 193.74 179.25 404.48 252.72 -1 -1 -1 -1000 -1000 -1000 -10 1
6 1 Car -1 -1 -1 851.26 164.59 1047.69 227.29 -1 -1 -1 -1000 -1000 -1000 -10 1
7 2 Car -1 -1 -1 258.11 178.61 467.36 251.63 -1 -1 -1 -1000 -1000 -1000 -10 1
7 1 Car -1 -1 -1 908.86 161.04 1107.59 223.94 -1 -1 -1 -1000 -1000 -1000 -10 1
8 2 Car -1 -1 -1 323.37 175.19 524.31 247.83 -1 -1 -1 -1000 -1000 -1000 -10 1
8 1 Car -1 -1 -1 970.08 159.14 1169.65 223.75 -1 -1 -1 -1000 -1000 -1000 -10 1
9 2 Car -1 -1 -1 372.05 171.64 578.98 245.02 -1 -1 -1 -1000 -1000 -1000 -10 1
9 1 Car -1 -1 -1 1028.61 157.99 1229.92 223.27 -1 -1 -1 -1000 -1000 -1000 -10 1
10 2 Car -1 -1 -1 430.30 172.16 627.53 241.87 -1 -1 -1 -1000 -1000 -1000 -10 1
10 1 Car -1 -1 -1 1068.13 155.53 1267.94 223.14 -1 -1 -1 -1000 -1000 -1000 -10 1
11 2 Car -1 -1 -1 483.39 173.93 675.79 239.49 -1 -1 -1 -1000 -1000 -1000 -10 1
11 1 Car -1 -1 -1 1110.74 153.71 1290.13 220.40 -1 -1 -1 -1000 -1000 -1000 -10 1
12 2 Car -1 -1 -1 537.47 172.99 727.56 235.30 -1 -1 -1 -1000 -1000 -1000 -10 1
12 1 Car -1 -1 -1 1156.36 154.01 1298.99 217.33 -1 -1 -1 -1000 -1000 -1000 -10 1
13 2 Car -1 -1 -1 587.35 167.90 778.89 232.28 -1 -1 -1 -1000 -1000 -1000 -10 1
14 2 Car -1 -1 -1 636.04 168.10 829.66 232.57 -1 -1 -1 -1000 -1000 -1000 -10 1
15 2 Car -1 -1 -1 687.52 167.26 883.13 232.54 -1 -1 -1 -1000 -1000 -1000 -10 1
16 2 Car -1 -1 -1 739.49 165.68 940.36 232.21 -1 -1 -1 -1000 -1000 -1000 -10 1
17 5 Car -1 -1 -1 5.78 179.64 94.26 298.43 -1 -1 -1 -1000 -1000 -1000 -10 1
17 2 Car -1 -1 -1 791.57 165.05 994.40 232.21 -1 -1 -1 -1000 -1000 -1000 -10 1
18 5 Car -1 -1 -1 6.50 177.79 108.34 301.79 -1 -1 -1 -1000 -1000 -1000 -10 1
18 2 Car -1 -1 -1 847.57 161.97 1052.08 230.69 -1 -1 -1 -1000 -1000 -1000 -10 1
19 5 Car -1 -1 -1 2.44 175.22 120.40 306.68 -1 -1 -1 -1000 -1000 -1000 -10 1
19 2 Car -1 -1 -1 898.28 159.69 1105.06 227.76 -1 -1 -1 -1000 -1000 -1000 -10 1
20 5 Car -1 -1 -1 3.31 172.66 132.29 304.89 -1 -1 -1 -1000 -1000 -1000 -10 1
20 2 Car -1 -1 -1 949.08 156.21 1160.01 226.13 -1 -1 -1 -1000 -1000 -1000 -10 1
21 5 Car -1 -1 -1 4.39 174.86 145.00 312.19 -1 -1 -1 -1000 -1000 -1000 -10 1
21 2 Car -1 -1 -1 1002.75 153.83 1213.77 223.97 -1 -1 -1 -1000 -1000 -1000 -10 1
22 5 Car -1 -1 -1 2.07 175.17 148.54 316.68 -1 -1 -1 -1000 -1000 -1000 -10 1
22 2 Car -1 -1 -1 1043.44 150.92 1251.89 221.83 -1 -1 -1 -1000 -1000 -1000 -10 1
23 5 Car -1 -1 -1 2.34 175.56 154.94 321.39 -1 -1 -1 -1000 -1000 -1000 -10 1
23 2 Car -1 -1 -1 1082.29 146.21 1275.48 218.03 -1 -1 -1 -1000 -1000 -1000 -10 1
24 6 Car -1 -1 -1 202.86 191.45 352.60 245.82 -1 -1 -1 -1000 -1000 -1000 -10 1
24 5 Car -1 -1 -1 1.21 178.82 157.96 327.81 -1 -1 -1 -1000 -1000 -1000 -10 1
24 2 Car -1 -1 -1 1124.84 151.80 1289.55 222.13 -1 -1 -1 -1000 -1000 -1000 -10 1
25 6 Car -1 -1 -1 257.61 190.17 403.69 246.58 -1 -1 -1 -1000 -1000 -1000 -10 1
25 5 Car -1 -1 -1 0.36 178.11 160.38 330.96 -1 -1 -1 -1000 -1000 -1000 -10 1
26 6 Car -1 -1 -1 319.87 188.85 467.83 244.87 -1 -1 -1 -1000 -1000 -1000 -10 1
26 5 Car -1 -1 -1 0.08 175.95 163.02 334.77 -1 -1 -1 -1000 -1000 -1000 -10 1
27 6 Car -1 -1 -1 368.54 186.82 521.86 245.48 -1 -1 -1 -1000 -1000 -1000 -10 1
27 5 Car -1 -1 -1 -1.52 179.68 159.65 345.49 -1 -1 -1 -1000 -1000 -1000 -10 1
28 6 Car -1 -1 -1 426.14 184.15 575.45 242.42 -1 -1 -1 -1000 -1000 -1000 -10 1
28 5 Car -1 -1 -1 -8.23 181.03 149.87 358.51 -1 -1 -1 -1000 -1000 -1000 -10 1
29 6 Car -1 -1 -1 483.92 183.01 631.74 241.51 -1 -1 -1 -1000 -1000 -1000 -10 1
29 5 Car -1 -1 -1 -11.46 174.10 143.24 362.14 -1 -1 -1 -1000 -1000 -1000 -10 1
30 8 Car -1 -1 -1 142.11 197.83 319.64 260.88 -1 -1 -1 -1000 -1000 -1000 -10 1
30 6 Car -1 -1 -1 544.50 182.32 690.89 236.13 -1 -1 -1 -1000 -1000 -1000 -10 1
30 5 Car -1 -1 -1 -13.32 170.74 136.34 365.60 -1 -1 -1 -1000 -1000 -1000 -10 1
31 8 Car -1 -1 -1 190.52 198.49 363.78 259.52 -1 -1 -1 -1000 -1000 -1000 -10 1
31 6 Car -1 -1 -1 601.22 181.15 745.95 234.02 -1 -1 -1 -1000 -1000 -1000 -10 1
31 5 Car -1 -1 -1 -11.36 170.28 136.20 360.86 -1 -1 -1 -1000 -1000 -1000 -10 1
32 8 Car -1 -1 -1 239.49 198.42 408.17 258.86 -1 -1 -1 -1000 -1000 -1000 -10 1
32 6 Car -1 -1 -1 657.50 178.43 801.67 230.80 -1 -1 -1 -1000 -1000 -1000 -10 1
32 5 Car -1 -1 -1 -9.29 169.50 134.67 368.77 -1 -1 -1 -1000 -1000 -1000 -10 1
33 8 Car -1 -1 -1 286.73 194.34 458.89 256.61 -1 -1 -1 -1000 -1000 -1000 -10 1
33 6 Car -1 -1 -1 712.01 177.92 856.94 230.18 -1 -1 -1 -1000 -1000 -1000 -10 1
33 5 Car -1 -1 -1 -9.48 166.70 132.81 372.11 -1 -1 -1 -1000 -1000 -1000 -10 1
34 8 Car -1 -1 -1 348.23 190.78 520.53 254.35 -1 -1 -1 -1000 -1000 -1000 -10 1
34 6 Car -1 -1 -1 763.38 173.84 909.38 227.96 -1 -1 -1 -1000 -1000 -1000 -10 1
34 5 Car -1 -1 -1 -7.85 164.48 129.91 374.80 -1 -1 -1 -1000 -1000 -1000 -10 1
35 8 Car -1 -1 -1 378.79 185.91 569.57 254.95 -1 -1 -1 -1000 -1000 -1000 -10 1
35 6 Car -1 -1 -1 817.05 173.11 963.21 228.09 -1 -1 -1 -1000 -1000 -1000 -10 1
35 5 Car -1 -1 -1 -11.41 163.20 119.69 375.45 -1 -1 -1 -1000 -1000 -1000 -10 1
36 8 Car -1 -1 -1 433.40 182.60 630.19 253.53 -1 -1 -1 -1000 -1000 -1000 -10 1
36 6 Car -1 -1 -1 870.74 171.00 1017.59 224.98 -1 -1 -1 -1000 -1000 -1000 -10 1
36 5 Car -1 -1 -1 -13.30 165.01 107.52 377.03 -1 -1 -1 -1000 -1000 -1000 -10 1
37 8 Car -1 -1 -1 485.60 182.48 686.73 252.10 -1 -1 -1 -1000 -1000 -1000 -10 1
37 6 Car -1 -1 -1 919.08 169.82 1064.86 222.14 -1 -1 -1 -1000 -1000 -1000 -10 1
38 8 Car -1 -1 -1 541.22 181.65 742.52 251.26 -1 -1 -1 -1000 -1000 -1000 -10 1
38 6 Car -1 -1 -1 970.11 170.14 1117.77 220.19 -1 -1 -1 -1000 -1000 -1000 -10 1
39 8 Car -1 -1 -1 592.70 179.77 794.92 249.74 -1 -1 -1 -1000 -1000 -1000 -10 1
39 6 Car -1 -1 -1 1029.13 165.72 1177.71 217.18 -1 -1 -1 -1000 -1000 -1000 -10 1
40 9 Car -1 -1 -1 9.71 193.23 170.41 255.14 -1 -1 -1 -1000 -1000 -1000 -10 1
40 8 Car -1 -1 -1 648.30 177.00 851.21 247.22 -1 -1 -1 -1000 -1000 -1000 -10 1
40 6 Car -1 -1 -1 1078.19 163.28 1230.09 215.96 -1 -1 -1 -1000 -1000 -1000 -10 1
41 9 Car -1 -1 -1 29.24 187.64 220.52 256.78 -1 -1 -1 -1000 -1000 -1000 -10 1
41 8 Car -1 -1 -1 703.11 175.53 903.84 244.48 -1 -1 -1 -1000 -1000 -1000 -10 1
41 6 Car -1 -1 -1 1120.12 162.13 1263.36 216.12 -1 -1 -1 -1000 -1000 -1000 -10 1
42 9 Car -1 -1 -1 69.85 183.94 274.10 255.46 -1 -1 -1 -1000 -1000 -1000 -10 1
42 8 Car -1 -1 -1 755.50 174.70 962.09 243.49 -1 -1 -1 -1000 -1000 -1000 -10 1
42 6 Car -1 -1 -1 1161.25 162.65 1281.17 216.58 -1 -1 -1 -1000 -1000 -1000 -10 1
43 9 Car -1 -1 -1 115.14 183.18 318.69 253.98 -1 -1 -1 -1000 -1000 -1000 -10 1
43 8 Car -1 -1 -1 808.44 173.10 1017.98 241.32 -1 -1 -1 -1000 -1000 -1000 -10 1
44 9 Car -1 -1 -1 161.92 184.14 363.83 253.69 -1 -1 -1 -1000 -1000 -1000 -10 1
44 8 Car -1 -1 -1 858.94 172.52 1069.72 240.60 -1 -1 -1 -1000 -1000 -1000 -10 1
45 9 Car -1 -1 -1 206.28 182.33 402.90 251.75 -1 -1 -1 -1000 -1000 -1000 -10 1
45 8 Car -1 -1 -1 925.11 171.43 1132.52 238.17 -1 -1 -1 -1000 -1000 -1000 -10 1
46 9 Car -1 -1 -1 262.55 182.66 455.36 252.17 -1 -1 -1 -1000 -1000 -1000 -10 1
46 8 Car -1 -1 -1 974.43 165.09 1188.20 232.76 -1 -1 -1 -1000 -1000 -1000 -10 1
47 9 Car -1 -1 -1 314.01 180.68 500.40 250.29 -1 -1 -1 -1000 -1000 -1000 -10 1
47 8 Car -1 -1 -1 1023.32 163.15 1241.54 232.09 -1 -1 -1 -1000 -1000 -1000 -10 1
48 9 Car -1 -1 -1 355.75 177.27 545.73 247.08 -1 -1 -1 -1000 -1000 -1000 -10 1
48 8 Car -1 -1 -1 1055.88 164.97 1256.66 228.87 -1 -1 -1 -1000 -1000 -1000 -10 1
49 9 Car -1 -1 -1 409.12 174.65 595.05 245.24 -1 -1 -1 -1000 -1000 -1000 -10 1
49 8 Car -1 -1 -1 1105.03 162.86 1285.98 227.88 -1 -1 -1 -1000 -1000 -1000 -10 1
50 9 Car -1 -1 -1 450.44 172.45 641.10 243.33 -1 -1 -1 -1000 -1000 -1000 -10 1
50 8 Car -1 -1 -1 1150.91 160.08 1297.00 225.05 -1 -1 -1 -1000 -1000 -1000 -10 1
51 9 Car -1 -1 -1 510.12 172.33 694.78 241.30 -1 -1 -1 -1000 -1000 -1000 -10 1
52 9 Car -1 -1 -1 563.81 171.70 745.09 238.96 -1 -1 -1 -1000 -1000 -1000 -10 1
53 9 Car -1 -1 -1 612.69 167.74 791.99 235.66 -1 -1 -1 -1000 -1000 -1000 -10 1
54 9 Car -1 -1 -1 666.39 167.28 842.55 233.30 -1 -1 -1 -1000 -1000 -1000 -10 1
55 9 Car -1 -1 -1 716.11 168.97 889.58 232.87 -1 -1 -1 -1000 -1000 -1000 -10 1
56 9 Car -1 -1 -1 766.09 170.45 940.27 231.91 -1 -1 -1 -1000 -1000 -1000 -10 1
57 9 Car -1 -1 -1 814.03 168.97 989.71 228.94 -1 -1 -1 -1000 -1000 -1000 -10 1
58 9 Car -1 -1 -1 859.41 165.12 1043.15 224.19 -1 -1 -1 -1000 -1000 -1000 -10 1
59 9 Car -1 -1 -1 904.67 165.84 1087.42 224.86 -1 -1 -1 -1000 -1000 -1000 -10 1
60 9 Car -1 -1 -1 955.00 163.99 1137.33 221.84 -1 -1 -1 -1000 -1000 -1000 -10 1
61 9 Car -1 -1 -1 1009.58 161.33 1191.77 219.53 -1 -1 -1 -1000 -1000 -1000 -10 1
62 9 Car -1 -1 -1 1051.34 160.69 1233.34 218.85 -1 -1 -1 -1000 -1000 -1000 -10 1
63 9 Car -1 -1 -1 1090.09 154.25 1264.18 214.62 -1 -1 -1 -1000 -1000 -1000 -10 1
64 9 Car -1 -1 -1 1133.29 155.70 1284.68 216.37 -1 -1 -1 -1000 -1000 -1000 -10 1
65 9 Car -1 -1 -1 1168.11 156.04 1290.79 216.38 -1 -1 -1 -1000 -1000 -1000 -10 1
89 11 Car -1 -1 -1 1074.85 161.67 1198.11 197.65 -1 -1 -1 -1000 -1000 -1000 -10 1
90 11 Car -1 -1 -1 1046.22 161.09 1165.03 195.81 -1 -1 -1 -1000 -1000 -1000 -10 1
91 11 Car -1 -1 -1 991.69 163.22 1104.68 196.24 -1 -1 -1 -1000 -1000 -1000 -10 1
92 11 Car -1 -1 -1 947.50 167.44 1061.34 199.89 -1 -1 -1 -1000 -1000 -1000 -10 1
93 11 Car -1 -1 -1 908.39 167.72 1024.94 200.52 -1 -1 -1 -1000 -1000 -1000 -10 1
94 11 Car -1 -1 -1 878.96 168.17 993.59 201.09 -1 -1 -1 -1000 -1000 -1000 -10 1
95 11 Car -1 -1 -1 843.39 169.77 958.86 202.70 -1 -1 -1 -1000 -1000 -1000 -10 1
96 11 Car -1 -1 -1 814.28 169.90 930.61 204.10 -1 -1 -1 -1000 -1000 -1000 -10 1
97 11 Car -1 -1 -1 781.25 171.49 890.43 205.23 -1 -1 -1 -1000 -1000 -1000 -10 1
98 11 Car -1 -1 -1 744.55 172.51 857.47 205.19 -1 -1 -1 -1000 -1000 -1000 -10 1
99 11 Car -1 -1 -1 719.85 173.26 830.98 204.51 -1 -1 -1 -1000 -1000 -1000 -10 1
100 11 Car -1 -1 -1 690.72 173.72 795.89 203.99 -1 -1 -1 -1000 -1000 -1000 -10 1
101 11 Car -1 -1 -1 658.27 177.14 762.32 208.03 -1 -1 -1 -1000 -1000 -1000 -10 1
102 11 Car -1 -1 -1 629.42 177.48 730.63 207.28 -1 -1 -1 -1000 -1000 -1000 -10 1
103 11 Car -1 -1 -1 597.13 179.78 698.16 210.90 -1 -1 -1 -1000 -1000 -1000 -10 1
104 11 Car -1 -1 -1 567.16 182.54 667.52 212.95 -1 -1 -1 -1000 -1000 -1000 -10 1
105 11 Car -1 -1 -1 536.16 183.72 636.05 213.89 -1 -1 -1 -1000 -1000 -1000 -10 1
106 11 Car -1 -1 -1 499.85 183.38 601.67 214.85 -1 -1 -1 -1000 -1000 -1000 -10 1
110 11 Car -1 -1 -1 384.65 183.95 482.66 219.86 -1 -1 -1 -1000 -1000 -1000 -10 1
