0 3 Car -1 -1 -1 927.83 166.91 1042.60 200.69 -1 -1 -1 -1000 -1000 -1000 -10 1
0 2 Car -1 -1 -1 685.34 167.57 904.68 241.30 -1 -1 -1 -1000 -1000 -1000 -10 1
0 1 Car -1 -1 -1 445.80 170.06 479.16 187.78 -1 -1 -1 -1000 -1000 -1000 -10 1
1 3 Car -1 -1 -1 926.23 165.92 1044.93 201.02 -1 -1 -1 -1000 -1000 -1000 -10 1
1 2 Car -1 -1 -1 717.70 167.16 944.48 241.62 -1 -1 -1 -1000 -1000 -1000 -10 1
1 1 Car -1 -1 -1 445.29 169.74 479.24 187.89 -1 -1 -1 -1000 -1000 -1000 -10 1
2 2 Car -1 -1 -1 758.62 167.69 984.23 240.55 -1 -1 -1 -1000 -1000 -1000 -10 1
2 1 Car -1 -1 -1 445.45 169.90 479.48 188.08 -1 -1 -1 -1000 -1000 -1000 -10 1
3 2 Car -1 -1 -1 800.24 166.13 1038.34 242.99 -1 -1 -1 -1000 -1000 -1000 -10 1
3 1 Car -1 -1 -1 445.09 169.97 478.74 187.99 -1 -1 -1 -1000 -1000 -1000 -10 1
4 2 Car -1 -1 -1 833.45 167.17 1053.90 242.76 -1 -1 -1 -1000 -1000 -1000 -10 1
4 1 Car -1 -1 -1 445.54 170.04 478.92 187.79 -1 -1 -1 -1000 -1000 -1000 -10 1
5 2 Car -1 -1 -1 885.64 167.05 1123.93 246.39 -1 -1 -1 -1000 -1000 -1000 -10 1
5 1 Car -1 -1 -1 445.81 169.65 479.11 187.29 -1 -1 -1 -1000 -1000 -1000 -10 1
6 2 Car -1 -1 -1 932.64 163.86 1165.89 243.65 -1 -1 -1 -1000 -1000 -1000 -10 1
6 1 Car -1 -1 -1 445.84 169.57 479.01 187.13 -1 -1 -1 -1000 -1000 -1000 -10 1
7 2 Car -1 -1 -1 959.55 162.75 1177.57 237.72 -1 -1 -1 -1000 -1000 -1000 -10 1
7 1 Car -1 -1 -1 445.94 169.78 478.98 187.22 -1 -1 -1 -1000 -1000 -1000 -10 1
8 1 Car -1 -1 -1 445.98 169.49 479.04 187.02 -1 -1 -1 -1000 -1000 -1000 -10 1
9 1 Car -1 -1 -1 445.92 169.39 479.18 187.03 -1 -1 -1 -1000 -1000 -1000 -10 1
10 1 Car -1 -1 -1 445.97 169.22 479.29 186.92 -1 -1 -1 -1000 -1000 -1000 -10 1
11 5 Car -1 -1 -1 915.61 164.34 1031.38 201.97 -1 -1 -1 -1000 -1000 -1000 -10 1
11 1 Car -1 -1 -1 445.91 169.52 479.47 187.14 -1 -1 -1 -1000 -1000 -1000 -10 1
12 5 Car -1 -1 -1 903.01 164.36 1027.26 204.48 -1 -1 -1 -1000 -1000 -1000 -10 1
12 1 Car -1 -1 -1 446.02 169.61 479.82 187.15 -1 -1 -1 -1000 -1000 -1000 -10 1
13 6 Car -1 -1 -1 982.86 162.88 1111.85 204.22 -1 -1 -1 -1000 -1000 -1000 -10 1
13 5 Car -1 -1 -1 896.68 163.75 1026.80 203.83 -1 -1 -1 -1000 -1000 -1000 -10 1
13 1 Car -1 -1 -1 445.98 169.62 479.94 187.13 -1 -1 -1 -1000 -1000 -1000 -10 1
14 6 Car -1 -1 -1 987.38 164.16 1105.51 202.37 -1 -1 -1 -1000 -1000 -1000 -10 1
14 5 Car -1 -1 -1 891.73 163.60 1025.33 204.23 -1 -1 -1 -1000 -1000 -1000 -10 1
14 1 Car -1 -1 -1 445.98 169.39 480.08 186.96 -1 -1 -1 -1000 -1000 -1000 -10 1
15 5 Car -1 -1 -1 876.67 163.97 1011.74 204.00 -1 -1 -1 -1000 -1000 -1000 -10 1
15 1 Car -1 -1 -1 445.89 169.22 480.10 186.87 -1 -1 -1 -1000 -1000 -1000 -10 1
17 5 Car -1 -1 -1 863.33 164.35 998.34 203.78 -1 -1 -1 -1000 -1000 -1000 -10 1
17 1 Car -1 -1 -1 445.65 169.02 479.80 186.84 -1 -1 -1 -1000 -1000 -1000 -10 1
18 5 Car -1 -1 -1 853.05 163.64 987.18 204.32 -1 -1 -1 -1000 -1000 -1000 -10 1
18 1 Car -1 -1 -1 445.51 169.31 479.59 187.08 -1 -1 -1 -1000 -1000 -1000 -10 1
19 5 Car -1 -1 -1 847.29 162.53 978.06 203.90 -1 -1 -1 -1000 -1000 -1000 -10 1
19 1 Car -1 -1 -1 445.51 169.50 479.66 187.22 -1 -1 -1 -1000 -1000 -1000 -10 1
20 5 Car -1 -1 -1 838.16 162.40 967.21 203.84 -1 -1 -1 -1000 -1000 -1000 -10 1
20 1 Car -1 -1 -1 445.51 169.56 479.75 187.23 -1 -1 -1 -1000 -1000 -1000 -10 1
21 5 Car -1 -1 -1 827.33 163.02 954.86 203.90 -1 -1 -1 -1000 -1000 -1000 -10 1
21 1 Car -1 -1 -1 445.58 169.32 479.91 187.03 -1 -1 -1 -1000 -1000 -1000 -10 1
22 5 Car -1 -1 -1 813.62 161.58 940.95 203.01 -1 -1 -1 -1000 -1000 -1000 -10 1
22 1 Car -1 -1 -1 445.64 169.15 480.01 186.90 -1 -1 -1 -1000 -1000 -1000 -10 1
23 5 Car -1 -1 -1 802.30 162.67 926.25 203.34 -1 -1 -1 -1000 -1000 -1000 -10 1
23 1 Car -1 -1 -1 445.68 169.09 480.02 186.89 -1 -1 -1 -1000 -1000 -1000 -10 1
24 5 Car -1 -1 -1 797.92 158.62 936.11 203.97 -1 -1 -1 -1000 -1000 -1000 -10 1
24 1 Car -1 -1 -1 445.66 169.07 480.02 186.92 -1 -1 -1 -1000 -1000 -1000 -10 1
25 5 Car -1 -1 -1 769.81 161.34 896.99 203.88 -1 -1 -1 -1000 -1000 -1000 -10 1
25 1 Car -1 -1 -1 445.65 169.31 479.99 187.11 -1 -1 -1 -1000 -1000 -1000 -10 1
26 5 Car -1 -1 -1 752.51 162.87 876.72 204.13 -1 -1 -1 -1000 -1000 -1000 -10 1
26 1 Car -1 -1 -1 445.64 169.47 479.99 187.21 -1 -1 -1 -1000 -1000 -1000 -10 1
27 5 Car -1 -1 -1 735.58 162.01 863.07 200.42 -1 -1 -1 -1000 -1000 -1000 -10 1
27 1 Car -1 -1 -1 445.63 169.51 479.97 187.23 -1 -1 -1 -1000 -1000 -1000 -10 1
28 1 Car -1 -1 -1 445.69 169.35 479.90 187.12 -1 -1 -1 -1000 -1000 -1000 -10 1
29 1 Car -1 -1 -1 445.79 169.18 479.90 187.03 -1 -1 -1 -1000 -1000 -1000 -10 1
30 1 Car -1 -1 -1 445.95 169.13 479.96 187.03 -1 -1 -1 -1000 -1000 -1000 -10 1
31 5 Car -1 -1 -1 663.52 163.29 796.91 200.19 -1 -1 -1 -1000 -1000 -1000 -10 1
31 1 Car -1 -1 -1 446.05 169.31 480.08 187.18 -1 -1 -1 -1000 -1000 -1000 -10 1
32 10 Car -1 -1 -1 945.42 167.22 1090.68 207.03 -1 -1 -1 -1000 -1000 -1000 -10 1
32 9 Car -1 -1 -1 695.92 160.78 833.29 202.49 -1 -1 -1 -1000 -1000 -1000 -10 1
32 5 Car -1 -1 -1 641.70 165.36 774.23 200.42 -1 -1 -1 -1000 -1000 -1000 -10 1
32 1 Car -1 -1 -1 446.17 169.44 480.22 187.24 -1 -1 -1 -1000 -1000 -1000 -10 1
33 10 Car -1 -1 -1 920.25 164.16 1053.60 200.79 -1 -1 -1 -1000 -1000 -1000 -10 1
33 9 Car -1 -1 -1 692.16 162.94 822.90 201.88 -1 -1 -1 -1000 -1000 -1000 -10 1
33 5 Car -1 -1 -1 624.23 164.34 751.08 200.04 -1 -1 -1 -1000 -1000 -1000 -10 1
33 1 Car -1 -1 -1 446.08 169.52 479.96 187.28 -1 -1 -1 -1000 -1000 -1000 -10 1
34 10 Car -1 -1 -1 900.23 166.79 1024.86 202.15 -1 -1 -1 -1000 -1000 -1000 -10 1
34 9 Car -1 -1 -1 676.81 164.01 801.79 202.17 -1 -1 -1 -1000 -1000 -1000 -10 1
34 5 Car -1 -1 -1 602.02 165.04 724.40 198.85 -1 -1 -1 -1000 -1000 -1000 -10 1
34 1 Car -1 -1 -1 446.15 169.36 479.91 187.07 -1 -1 -1 -1000 -1000 -1000 -10 1
35 10 Car -1 -1 -1 886.04 165.99 1014.65 202.19 -1 -1 -1 -1000 -1000 -1000 -10 1
35 9 Car -1 -1 -1 658.44 165.06 784.96 202.56 -1 -1 -1 -1000 -1000 -1000 -10 1
35 5 Car -1 -1 -1 587.56 165.11 706.79 198.09 -1 -1 -1 -1000 -1000 -1000 -10 1
35 1 Car -1 -1 -1 446.08 169.10 479.74 186.83 -1 -1 -1 -1000 -1000 -1000 -10 1
36 10 Car -1 -1 -1 860.30 165.60 997.98 204.87 -1 -1 -1 -1000 -1000 -1000 -10 1
36 9 Car -1 -1 -1 639.85 165.58 763.77 202.47 -1 -1 -1 -1000 -1000 -1000 -10 1
36 5 Car -1 -1 -1 569.29 166.54 686.86 199.32 -1 -1 -1 -1000 -1000 -1000 -10 1
36 1 Car -1 -1 -1 446.09 169.01 479.71 186.79 -1 -1 -1 -1000 -1000 -1000 -10 1
37 10 Car -1 -1 -1 843.82 163.01 983.41 204.30 -1 -1 -1 -1000 -1000 -1000 -10 1
37 9 Car -1 -1 -1 626.75 165.43 744.81 202.87 -1 -1 -1 -1000 -1000 -1000 -10 1
37 5 Car -1 -1 -1 547.18 166.46 663.46 199.47 -1 -1 -1 -1000 -1000 -1000 -10 1
37 1 Car -1 -1 -1 446.18 168.98 479.57 186.74 -1 -1 -1 -1000 -1000 -1000 -10 1
38 10 Car -1 -1 -1 825.79 161.51 961.49 203.04 -1 -1 -1 -1000 -1000 -1000 -10 1
38 9 Car -1 -1 -1 608.20 163.74 724.12 201.33 -1 -1 -1 -1000 -1000 -1000 -10 1
38 5 Car -1 -1 -1 530.41 162.12 636.28 195.23 -1 -1 -1 -1000 -1000 -1000 -10 1
38 1 Car -1 -1 -1 446.18 169.52 479.29 187.17 -1 -1 -1 -1000 -1000 -1000 -10 1
39 10 Car -1 -1 -1 807.12 160.68 943.63 203.02 -1 -1 -1 -1000 -1000 -1000 -10 1
39 9 Car -1 -1 -1 586.54 162.33 701.25 200.86 -1 -1 -1 -1000 -1000 -1000 -10 1
39 5 Car -1 -1 -1 509.40 164.15 615.83 197.74 -1 -1 -1 -1000 -1000 -1000 -10 1
39 1 Car -1 -1 -1 446.93 170.74 480.05 188.16 -1 -1 -1 -1000 -1000 -1000 -10 1
40 10 Car -1 -1 -1 789.10 161.34 924.95 201.94 -1 -1 -1 -1000 -1000 -1000 -10 1
40 9 Car -1 -1 -1 567.50 162.88 679.08 201.49 -1 -1 -1 -1000 -1000 -1000 -10 1
40 5 Car -1 -1 -1 494.64 165.17 592.12 198.38 -1 -1 -1 -1000 -1000 -1000 -10 1
40 1 Car -1 -1 -1 445.83 171.12 479.03 188.64 -1 -1 -1 -1000 -1000 -1000 -10 1
41 10 Car -1 -1 -1 762.72 163.69 894.35 203.88 -1 -1 -1 -1000 -1000 -1000 -10 1
41 9 Car -1 -1 -1 542.04 163.56 653.66 203.26 -1 -1 -1 -1000 -1000 -1000 -10 1
42 10 Car -1 -1 -1 743.50 165.26 876.25 206.72 -1 -1 -1 -1000 -1000 -1000 -10 1
42 9 Car -1 -1 -1 523.31 163.77 631.51 202.50 -1 -1 -1 -1000 -1000 -1000 -10 1
43 12 Car -1 -1 -1 853.11 164.54 951.56 199.99 -1 -1 -1 -1000 -1000 -1000 -10 1
43 10 Car -1 -1 -1 723.53 164.10 858.02 203.87 -1 -1 -1 -1000 -1000 -1000 -10 1
43 9 Car -1 -1 -1 504.22 162.58 606.69 200.66 -1 -1 -1 -1000 -1000 -1000 -10 1
44 12 Car -1 -1 -1 831.71 163.10 937.99 202.90 -1 -1 -1 -1000 -1000 -1000 -10 1
44 10 Car -1 -1 -1 701.59 163.75 838.39 202.07 -1 -1 -1 -1000 -1000 -1000 -10 1
44 9 Car -1 -1 -1 503.55 164.89 588.83 200.06 -1 -1 -1 -1000 -1000 -1000 -10 1
44 5 Car -1 -1 -1 395.97 166.97 494.81 200.70 -1 -1 -1 -1000 -1000 -1000 -10 1
45 12 Car -1 -1 -1 816.42 162.54 918.02 201.12 -1 -1 -1 -1000 -1000 -1000 -10 1
45 10 Car -1 -1 -1 679.56 164.14 809.28 202.36 -1 -1 -1 -1000 -1000 -1000 -10 1
45 5 Car -1 -1 -1 381.58 165.34 478.18 200.35 -1 -1 -1 -1000 -1000 -1000 -10 1
46 12 Car -1 -1 -1 808.31 158.91 902.51 196.64 -1 -1 -1 -1000 -1000 -1000 -10 1
46 10 Car -1 -1 -1 661.90 164.70 788.55 203.34 -1 -1 -1 -1000 -1000 -1000 -10 1
46 5 Car -1 -1 -1 356.76 165.48 455.77 201.56 -1 -1 -1 -1000 -1000 -1000 -10 1
47 10 Car -1 -1 -1 639.30 165.15 769.86 202.47 -1 -1 -1 -1000 -1000 -1000 -10 1
47 5 Car -1 -1 -1 326.37 165.98 430.74 200.47 -1 -1 -1 -1000 -1000 -1000 -10 1
48 13 Car -1 -1 -1 1027.14 156.02 1162.64 200.98 -1 -1 -1 -1000 -1000 -1000 -10 1
48 10 Car -1 -1 -1 619.13 165.13 748.00 202.58 -1 -1 -1 -1000 -1000 -1000 -10 1
49 10 Car -1 -1 -1 604.14 165.37 733.44 202.10 -1 -1 -1 -1000 -1000 -1000 -10 1
50 14 Car -1 -1 -1 281.32 162.45 415.64 208.69 -1 -1 -1 -1000 -1000 -1000 -10 1
50 10 Car -1 -1 -1 585.46 166.17 713.91 201.83 -1 -1 -1 -1000 -1000 -1000 -10 1
51 14 Car -1 -1 -1 237.42 161.14 387.89 209.41 -1 -1 -1 -1000 -1000 -1000 -10 1
51 10 Car -1 -1 -1 572.24 166.61 694.35 202.30 -1 -1 -1 -1000 -1000 -1000 -10 1
52 16 Car -1 -1 -1 683.63 168.61 787.89 199.19 -1 -1 -1 -1000 -1000 -1000 -10 1
52 14 Car -1 -1 -1 219.50 161.74 362.97 206.35 -1 -1 -1 -1000 -1000 -1000 -10 1
52 13 Car -1 -1 -1 956.74 161.70 1096.34 203.61 -1 -1 -1 -1000 -1000 -1000 -10 1
52 10 Car -1 -1 -1 546.62 166.22 667.42 201.91 -1 -1 -1 -1000 -1000 -1000 -10 1
53 16 Car -1 -1 -1 664.55 168.24 773.81 199.93 -1 -1 -1 -1000 -1000 -1000 -10 1
53 13 Car -1 -1 -1 940.94 160.79 1073.77 201.23 -1 -1 -1 -1000 -1000 -1000 -10 1
53 10 Car -1 -1 -1 524.42 166.63 641.67 202.78 -1 -1 -1 -1000 -1000 -1000 -10 1
54 17 Car -1 -1 -1 446.03 172.52 480.14 189.35 -1 -1 -1 -1000 -1000 -1000 -10 1
54 16 Car -1 -1 -1 644.36 169.39 752.79 200.40 -1 -1 -1 -1000 -1000 -1000 -10 1
54 13 Car -1 -1 -1 921.03 161.25 1047.70 200.53 -1 -1 -1 -1000 -1000 -1000 -10 1
54 10 Car -1 -1 -1 503.07 166.92 619.14 202.55 -1 -1 -1 -1000 -1000 -1000 -10 1
55 17 Car -1 -1 -1 444.64 167.58 483.62 187.58 -1 -1 -1 -1000 -1000 -1000 -10 1
55 16 Car -1 -1 -1 624.89 169.62 731.96 199.86 -1 -1 -1 -1000 -1000 -1000 -10 1
55 13 Car -1 -1 -1 907.51 161.31 1033.70 199.52 -1 -1 -1 -1000 -1000 -1000 -10 1
55 10 Car -1 -1 -1 479.76 166.68 594.79 202.49 -1 -1 -1 -1000 -1000 -1000 -10 1
56 16 Car -1 -1 -1 604.60 169.66 707.73 199.32 -1 -1 -1 -1000 -1000 -1000 -10 1
56 14 Car -1 -1 -1 87.62 160.92 238.32 203.45 -1 -1 -1 -1000 -1000 -1000 -10 1
56 13 Car -1 -1 -1 888.77 163.00 1019.69 201.57 -1 -1 -1 -1000 -1000 -1000 -10 1
56 10 Car -1 -1 -1 484.98 166.80 581.61 200.67 -1 -1 -1 -1000 -1000 -1000 -10 1
57 16 Car -1 -1 -1 588.28 168.98 683.66 198.58 -1 -1 -1 -1000 -1000 -1000 -10 1
57 14 Car -1 -1 -1 44.05 162.12 201.62 206.52 -1 -1 -1 -1000 -1000 -1000 -10 1
57 13 Car -1 -1 -1 872.47 162.21 1004.29 201.42 -1 -1 -1 -1000 -1000 -1000 -10 1
58 16 Car -1 -1 -1 567.17 167.25 657.10 197.91 -1 -1 -1 -1000 -1000 -1000 -10 1
58 14 Car -1 -1 -1 24.43 161.20 175.61 204.83 -1 -1 -1 -1000 -1000 -1000 -10 1
58 13 Car -1 -1 -1 852.97 157.59 990.62 200.71 -1 -1 -1 -1000 -1000 -1000 -10 1
59 16 Car -1 -1 -1 544.43 166.73 630.69 198.03 -1 -1 -1 -1000 -1000 -1000 -10 1
59 14 Car -1 -1 -1 -6.60 162.11 139.11 204.30 -1 -1 -1 -1000 -1000 -1000 -10 1
59 13 Car -1 -1 -1 836.44 159.50 970.09 201.45 -1 -1 -1 -1000 -1000 -1000 -10 1
60 16 Car -1 -1 -1 521.94 166.00 604.41 196.21 -1 -1 -1 -1000 -1000 -1000 -10 1
60 14 Car -1 -1 -1 -23.89 160.28 110.13 203.34 -1 -1 -1 -1000 -1000 -1000 -10 1
60 13 Car -1 -1 -1 822.73 159.05 954.23 201.08 -1 -1 -1 -1000 -1000 -1000 -10 1
60 10 Car -1 -1 -1 361.04 164.22 470.21 202.17 -1 -1 -1 -1000 -1000 -1000 -10 1
61 16 Car -1 -1 -1 501.34 168.00 579.01 197.74 -1 -1 -1 -1000 -1000 -1000 -10 1
61 14 Car -1 -1 -1 -29.21 161.26 85.27 202.38 -1 -1 -1 -1000 -1000 -1000 -10 1
61 13 Car -1 -1 -1 804.54 158.87 933.67 200.87 -1 -1 -1 -1000 -1000 -1000 -10 1
61 10 Car -1 -1 -1 332.76 165.32 443.29 203.49 -1 -1 -1 -1000 -1000 -1000 -10 1
62 13 Car -1 -1 -1 790.12 158.68 915.51 200.59 -1 -1 -1 -1000 -1000 -1000 -10 1
62 10 Car -1 -1 -1 305.13 166.13 415.97 203.78 -1 -1 -1 -1000 -1000 -1000 -10 1
63 13 Car -1 -1 -1 772.74 159.60 897.26 200.99 -1 -1 -1 -1000 -1000 -1000 -10 1
63 10 Car -1 -1 -1 282.13 166.89 391.51 203.40 -1 -1 -1 -1000 -1000 -1000 -10 1
64 13 Car -1 -1 -1 756.14 159.86 880.08 199.74 -1 -1 -1 -1000 -1000 -1000 -10 1
64 10 Car -1 -1 -1 245.99 165.97 362.21 202.71 -1 -1 -1 -1000 -1000 -1000 -10 1
65 16 Car -1 -1 -1 393.96 166.54 471.98 198.83 -1 -1 -1 -1000 -1000 -1000 -10 1
65 13 Car -1 -1 -1 738.32 157.79 860.23 196.43 -1 -1 -1 -1000 -1000 -1000 -10 1
65 10 Car -1 -1 -1 214.48 162.38 333.27 201.38 -1 -1 -1 -1000 -1000 -1000 -10 1
66 16 Car -1 -1 -1 364.53 166.13 446.80 200.09 -1 -1 -1 -1000 -1000 -1000 -10 1
66 13 Car -1 -1 -1 716.97 158.25 838.65 195.70 -1 -1 -1 -1000 -1000 -1000 -10 1
66 10 Car -1 -1 -1 189.10 165.44 307.41 203.98 -1 -1 -1 -1000 -1000 -1000 -10 1
67 16 Car -1 -1 -1 335.83 166.66 424.80 200.51 -1 -1 -1 -1000 -1000 -1000 -10 1
67 13 Car -1 -1 -1 697.62 159.79 821.15 195.57 -1 -1 -1 -1000 -1000 -1000 -10 1
67 10 Car -1 -1 -1 149.71 164.72 274.74 202.44 -1 -1 -1 -1000 -1000 -1000 -10 1
68 16 Car -1 -1 -1 305.37 167.36 400.84 199.27 -1 -1 -1 -1000 -1000 -1000 -10 1
68 13 Car -1 -1 -1 677.62 160.93 801.11 196.50 -1 -1 -1 -1000 -1000 -1000 -10 1
68 10 Car -1 -1 -1 118.36 164.46 247.79 201.83 -1 -1 -1 -1000 -1000 -1000 -10 1
69 16 Car -1 -1 -1 275.49 167.78 376.61 199.67 -1 -1 -1 -1000 -1000 -1000 -10 1
69 13 Car -1 -1 -1 659.33 161.29 781.94 196.41 -1 -1 -1 -1000 -1000 -1000 -10 1
69 10 Car -1 -1 -1 74.22 164.15 209.64 202.11 -1 -1 -1 -1000 -1000 -1000 -10 1
70 21 Car -1 -1 -1 446.33 169.38 480.53 186.91 -1 -1 -1 -1000 -1000 -1000 -10 1
70 16 Car -1 -1 -1 243.06 167.70 348.07 199.76 -1 -1 -1 -1000 -1000 -1000 -10 1
70 13 Car -1 -1 -1 641.79 162.62 763.45 198.00 -1 -1 -1 -1000 -1000 -1000 -10 1
70 10 Car -1 -1 -1 40.88 163.60 178.47 202.26 -1 -1 -1 -1000 -1000 -1000 -10 1
71 21 Car -1 -1 -1 446.54 168.89 480.15 186.38 -1 -1 -1 -1000 -1000 -1000 -10 1
71 16 Car -1 -1 -1 214.89 167.74 322.59 200.11 -1 -1 -1 -1000 -1000 -1000 -10 1
71 13 Car -1 -1 -1 620.50 163.40 742.97 197.71 -1 -1 -1 -1000 -1000 -1000 -10 1
71 10 Car -1 -1 -1 13.08 161.63 149.93 200.83 -1 -1 -1 -1000 -1000 -1000 -10 1
72 21 Car -1 -1 -1 446.39 168.47 479.59 186.04 -1 -1 -1 -1000 -1000 -1000 -10 1
72 16 Car -1 -1 -1 185.90 166.97 296.48 200.22 -1 -1 -1 -1000 -1000 -1000 -10 1
72 13 Car -1 -1 -1 599.49 163.84 719.14 198.09 -1 -1 -1 -1000 -1000 -1000 -10 1
72 10 Car -1 -1 -1 -10.03 161.81 116.81 200.68 -1 -1 -1 -1000 -1000 -1000 -10 1
73 21 Car -1 -1 -1 446.18 168.85 479.33 186.30 -1 -1 -1 -1000 -1000 -1000 -10 1
73 16 Car -1 -1 -1 154.05 166.62 266.99 199.78 -1 -1 -1 -1000 -1000 -1000 -10 1
73 13 Car -1 -1 -1 576.22 164.80 696.32 198.66 -1 -1 -1 -1000 -1000 -1000 -10 1
73 10 Car -1 -1 -1 -22.15 161.52 87.75 200.56 -1 -1 -1 -1000 -1000 -1000 -10 1
75 21 Car -1 -1 -1 446.19 169.29 478.79 186.63 -1 -1 -1 -1000 -1000 -1000 -10 1
75 16 Car -1 -1 -1 91.82 166.13 212.72 200.10 -1 -1 -1 -1000 -1000 -1000 -10 1
75 13 Car -1 -1 -1 529.24 165.51 649.98 199.44 -1 -1 -1 -1000 -1000 -1000 -10 1
76 21 Car -1 -1 -1 446.83 169.91 479.23 187.18 -1 -1 -1 -1000 -1000 -1000 -10 1
76 16 Car -1 -1 -1 57.32 165.78 182.09 200.12 -1 -1 -1 -1000 -1000 -1000 -10 1
76 13 Car -1 -1 -1 506.69 166.09 625.62 199.78 -1 -1 -1 -1000 -1000 -1000 -10 1
77 21 Car -1 -1 -1 445.54 168.74 479.80 187.19 -1 -1 -1 -1000 -1000 -1000 -10 1
77 16 Car -1 -1 -1 25.66 166.02 155.22 199.80 -1 -1 -1 -1000 -1000 -1000 -10 1
77 13 Car -1 -1 -1 483.31 166.08 600.93 200.38 -1 -1 -1 -1000 -1000 -1000 -10 1
78 16 Car -1 -1 -1 0.79 165.50 129.19 199.89 -1 -1 -1 -1000 -1000 -1000 -10 1
78 13 Car -1 -1 -1 458.38 164.46 576.15 200.02 -1 -1 -1 -1000 -1000 -1000 -10 1
79 16 Car -1 -1 -1 -16.70 165.02 101.22 200.46 -1 -1 -1 -1000 -1000 -1000 -10 1
79 13 Car -1 -1 -1 430.73 163.83 549.48 200.16 -1 -1 -1 -1000 -1000 -1000 -10 1
80 16 Car -1 -1 -1 -26.16 163.30 76.51 199.28 -1 -1 -1 -1000 -1000 -1000 -10 1
80 13 Car -1 -1 -1 404.56 163.25 524.42 199.89 -1 -1 -1 -1000 -1000 -1000 -10 1
81 13 Car -1 -1 -1 379.17 163.39 499.07 199.34 -1 -1 -1 -1000 -1000 -1000 -10 1
82 13 Car -1 -1 -1 354.12 161.90 474.42 197.94 -1 -1 -1 -1000 -1000 -1000 -10 1
83 13 Car -1 -1 -1 325.30 162.40 443.76 198.69 -1 -1 -1 -1000 -1000 -1000 -10 1
84 13 Car -1 -1 -1 294.61 163.28 414.02 197.72 -1 -1 -1 -1000 -1000 -1000 -10 1
85 13 Car -1 -1 -1 267.53 163.38 388.27 197.30 -1 -1 -1 -1000 -1000 -1000 -10 1
86 26 Car -1 -1 -1 446.67 169.07 480.70 187.12 -1 -1 -1 -1000 -1000 -1000 -10 1
86 24 Car -1 -1 -1 850.39 165.41 973.94 201.85 -1 -1 -1 -1000 -1000 -1000 -10 1
86 13 Car -1 -1 -1 233.20 162.84 358.11 198.02 -1 -1 -1 -1000 -1000 -1000 -10 1
87 26 Car -1 -1 -1 446.47 169.26 480.24 186.94 -1 -1 -1 -1000 -1000 -1000 -10 1
87 24 Car -1 -1 -1 829.78 165.03 954.02 201.68 -1 -1 -1 -1000 -1000 -1000 -10 1
87 13 Car -1 -1 -1 207.41 161.71 332.65 198.22 -1 -1 -1 -1000 -1000 -1000 -10 1
88 26 Car -1 -1 -1 446.31 169.44 479.91 186.91 -1 -1 -1 -1000 -1000 -1000 -10 1
88 24 Car -1 -1 -1 811.57 164.43 934.52 202.08 -1 -1 -1 -1000 -1000 -1000 -10 1
88 13 Car -1 -1 -1 172.39 162.51 300.29 199.11 -1 -1 -1 -1000 -1000 -1000 -10 1
89 26 Car -1 -1 -1 446.21 169.56 479.79 186.92 -1 -1 -1 -1000 -1000 -1000 -10 1
89 24 Car -1 -1 -1 799.24 163.44 919.30 200.46 -1 -1 -1 -1000 -1000 -1000 -10 1
89 13 Car -1 -1 -1 137.49 162.09 266.40 199.52 -1 -1 -1 -1000 -1000 -1000 -10 1
90 26 Car -1 -1 -1 446.18 169.36 479.76 186.76 -1 -1 -1 -1000 -1000 -1000 -10 1
90 24 Car -1 -1 -1 788.88 161.59 907.64 198.99 -1 -1 -1 -1000 -1000 -1000 -10 1
90 13 Car -1 -1 -1 101.11 161.74 233.85 198.73 -1 -1 -1 -1000 -1000 -1000 -10 1
91 26 Car -1 -1 -1 446.31 169.06 479.92 186.58 -1 -1 -1 -1000 -1000 -1000 -10 1
91 24 Car -1 -1 -1 766.35 163.82 883.20 202.19 -1 -1 -1 -1000 -1000 -1000 -10 1
91 13 Car -1 -1 -1 67.19 161.27 200.93 198.70 -1 -1 -1 -1000 -1000 -1000 -10 1
92 26 Car -1 -1 -1 446.36 169.00 480.06 186.61 -1 -1 -1 -1000 -1000 -1000 -10 1
92 24 Car -1 -1 -1 747.53 163.65 861.14 202.16 -1 -1 -1 -1000 -1000 -1000 -10 1
92 13 Car -1 -1 -1 37.63 159.59 170.81 198.18 -1 -1 -1 -1000 -1000 -1000 -10 1
93 26 Car -1 -1 -1 446.27 169.04 480.01 186.68 -1 -1 -1 -1000 -1000 -1000 -10 1
93 24 Car -1 -1 -1 731.74 163.65 846.88 200.39 -1 -1 -1 -1000 -1000 -1000 -10 1
93 13 Car -1 -1 -1 2.77 157.79 136.19 197.15 -1 -1 -1 -1000 -1000 -1000 -10 1
94 26 Car -1 -1 -1 446.14 169.36 479.98 186.93 -1 -1 -1 -1000 -1000 -1000 -10 1
94 24 Car -1 -1 -1 715.10 163.97 831.10 197.11 -1 -1 -1 -1000 -1000 -1000 -10 1
94 13 Car -1 -1 -1 -14.22 156.83 111.58 197.68 -1 -1 -1 -1000 -1000 -1000 -10 1
95 26 Car -1 -1 -1 446.10 169.53 480.06 187.02 -1 -1 -1 -1000 -1000 -1000 -10 1
95 24 Car -1 -1 -1 697.76 164.16 814.41 197.12 -1 -1 -1 -1000 -1000 -1000 -10 1
95 13 Car -1 -1 -1 -25.52 155.10 87.61 196.63 -1 -1 -1 -1000 -1000 -1000 -10 1
96 26 Car -1 -1 -1 446.03 169.60 480.04 187.03 -1 -1 -1 -1000 -1000 -1000 -10 1
96 24 Car -1 -1 -1 679.75 166.52 791.60 199.86 -1 -1 -1 -1000 -1000 -1000 -10 1
97 26 Car -1 -1 -1 446.04 169.36 480.03 186.87 -1 -1 -1 -1000 -1000 -1000 -10 1
97 24 Car -1 -1 -1 667.28 166.76 776.79 200.71 -1 -1 -1 -1000 -1000 -1000 -10 1
98 26 Car -1 -1 -1 446.16 169.02 480.18 186.68 -1 -1 -1 -1000 -1000 -1000 -10 1
98 24 Car -1 -1 -1 654.96 166.84 767.98 200.35 -1 -1 -1 -1000 -1000 -1000 -10 1
99 26 Car -1 -1 -1 446.21 168.85 480.27 186.62 -1 -1 -1 -1000 -1000 -1000 -10 1
99 24 Car -1 -1 -1 641.90 167.73 755.70 199.59 -1 -1 -1 -1000 -1000 -1000 -10 1
100 26 Car -1 -1 -1 446.11 168.90 480.15 186.68 -1 -1 -1 -1000 -1000 -1000 -10 1
100 24 Car -1 -1 -1 625.11 166.50 738.23 199.67 -1 -1 -1 -1000 -1000 -1000 -10 1
101 26 Car -1 -1 -1 446.11 169.11 480.03 186.84 -1 -1 -1 -1000 -1000 -1000 -10 1
101 24 Car -1 -1 -1 615.56 166.33 729.87 198.83 -1 -1 -1 -1000 -1000 -1000 -10 1
102 26 Car -1 -1 -1 446.10 169.12 479.96 186.79 -1 -1 -1 -1000 -1000 -1000 -10 1
102 24 Car -1 -1 -1 607.20 166.55 721.12 198.89 -1 -1 -1 -1000 -1000 -1000 -10 1
103 26 Car -1 -1 -1 446.13 169.12 480.01 186.75 -1 -1 -1 -1000 -1000 -1000 -10 1
103 24 Car -1 -1 -1 594.72 166.46 706.78 198.57 -1 -1 -1 -1000 -1000 -1000 -10 1
104 26 Car -1 -1 -1 446.26 168.99 480.05 186.65 -1 -1 -1 -1000 -1000 -1000 -10 1
104 24 Car -1 -1 -1 587.34 166.45 698.87 198.78 -1 -1 -1 -1000 -1000 -1000 -10 1
105 26 Car -1 -1 -1 446.46 168.84 480.28 186.57 -1 -1 -1 -1000 -1000 -1000 -10 1
105 24 Car -1 -1 -1 577.88 167.43 686.44 198.44 -1 -1 -1 -1000 -1000 -1000 -10 1
106 26 Car -1 -1 -1 446.44 168.73 480.19 186.55 -1 -1 -1 -1000 -1000 -1000 -10 1
106 24 Car -1 -1 -1 572.05 167.60 676.62 198.40 -1 -1 -1 -1000 -1000 -1000 -10 1
107 26 Car -1 -1 -1 446.27 168.90 480.14 186.74 -1 -1 -1 -1000 -1000 -1000 -10 1
107 24 Car -1 -1 -1 564.53 167.61 666.43 198.73 -1 -1 -1 -1000 -1000 -1000 -10 1
108 26 Car -1 -1 -1 446.18 168.98 480.06 186.79 -1 -1 -1 -1000 -1000 -1000 -10 1
108 24 Car -1 -1 -1 556.95 167.19 656.92 198.07 -1 -1 -1 -1000 -1000 -1000 -10 1
109 29 Car -1 -1 -1 1008.16 157.14 1150.29 204.79 -1 -1 -1 -1000 -1000 -1000 -10 1
109 26 Car -1 -1 -1 446.10 168.98 479.99 186.77 -1 -1 -1 -1000 -1000 -1000 -10 1
109 24 Car -1 -1 -1 552.36 166.27 649.73 197.39 -1 -1 -1 -1000 -1000 -1000 -10 1
110 29 Car -1 -1 -1 983.01 160.44 1127.87 203.83 -1 -1 -1 -1000 -1000 -1000 -10 1
110 26 Car -1 -1 -1 446.28 169.20 480.04 186.90 -1 -1 -1 -1000 -1000 -1000 -10 1
110 24 Car -1 -1 -1 545.20 165.46 635.47 196.99 -1 -1 -1 -1000 -1000 -1000 -10 1
111 29 Car -1 -1 -1 958.01 162.38 1101.14 203.26 -1 -1 -1 -1000 -1000 -1000 -10 1
111 26 Car -1 -1 -1 446.34 168.98 479.89 186.68 -1 -1 -1 -1000 -1000 -1000 -10 1
111 24 Car -1 -1 -1 540.15 164.92 624.31 196.67 -1 -1 -1 -1000 -1000 -1000 -10 1
112 29 Car -1 -1 -1 937.38 161.80 1070.41 200.73 -1 -1 -1 -1000 -1000 -1000 -10 1
112 26 Car -1 -1 -1 446.31 168.71 479.74 186.42 -1 -1 -1 -1000 -1000 -1000 -10 1
112 24 Car -1 -1 -1 541.57 164.01 619.14 195.37 -1 -1 -1 -1000 -1000 -1000 -10 1
113 29 Car -1 -1 -1 919.41 160.06 1044.47 197.71 -1 -1 -1 -1000 -1000 -1000 -10 1
113 26 Car -1 -1 -1 446.25 168.55 479.62 186.30 -1 -1 -1 -1000 -1000 -1000 -10 1
113 24 Car -1 -1 -1 542.22 164.85 613.06 195.65 -1 -1 -1 -1000 -1000 -1000 -10 1
114 29 Car -1 -1 -1 896.86 159.93 1023.54 198.55 -1 -1 -1 -1000 -1000 -1000 -10 1
114 26 Car -1 -1 -1 446.04 168.95 479.27 186.66 -1 -1 -1 -1000 -1000 -1000 -10 1
114 24 Car -1 -1 -1 542.85 165.75 607.40 195.86 -1 -1 -1 -1000 -1000 -1000 -10 1
115 29 Car -1 -1 -1 883.48 159.79 1014.73 199.73 -1 -1 -1 -1000 -1000 -1000 -10 1
115 26 Car -1 -1 -1 445.97 169.45 479.16 187.03 -1 -1 -1 -1000 -1000 -1000 -10 1
115 24 Car -1 -1 -1 545.64 166.27 604.56 196.07 -1 -1 -1 -1000 -1000 -1000 -10 1
116 29 Car -1 -1 -1 863.80 160.03 998.41 200.88 -1 -1 -1 -1000 -1000 -1000 -10 1
116 26 Car -1 -1 -1 445.99 169.67 479.21 187.18 -1 -1 -1 -1000 -1000 -1000 -10 1
116 24 Car -1 -1 -1 547.08 167.01 603.14 196.68 -1 -1 -1 -1000 -1000 -1000 -10 1
117 29 Car -1 -1 -1 841.93 159.99 973.70 201.16 -1 -1 -1 -1000 -1000 -1000 -10 1
117 26 Car -1 -1 -1 445.97 169.58 479.14 187.05 -1 -1 -1 -1000 -1000 -1000 -10 1
118 29 Car -1 -1 -1 820.64 160.34 950.63 201.40 -1 -1 -1 -1000 -1000 -1000 -10 1
118 26 Car -1 -1 -1 446.04 169.45 478.78 186.97 -1 -1 -1 -1000 -1000 -1000 -10 1
119 29 Car -1 -1 -1 801.05 159.98 927.03 199.77 -1 -1 -1 -1000 -1000 -1000 -10 1
119 26 Car -1 -1 -1 445.81 169.42 478.82 187.10 -1 -1 -1 -1000 -1000 -1000 -10 1
120 29 Car -1 -1 -1 776.18 161.53 906.72 202.62 -1 -1 -1 -1000 -1000 -1000 -10 1
120 26 Car -1 -1 -1 445.64 171.26 478.58 188.81 -1 -1 -1 -1000 -1000 -1000 -10 1
121 29 Car -1 -1 -1 720.16 158.28 857.25 202.24 -1 -1 -1 -1000 -1000 -1000 -10 1
121 26 Car -1 -1 -1 444.78 170.83 477.68 188.45 -1 -1 -1 -1000 -1000 -1000 -10 1
122 29 Car -1 -1 -1 725.76 156.43 856.93 199.74 -1 -1 -1 -1000 -1000 -1000 -10 1
123 31 Car -1 -1 -1 545.94 164.48 579.65 189.62 -1 -1 -1 -1000 -1000 -1000 -10 1
123 29 Car -1 -1 -1 713.75 155.06 843.57 197.64 -1 -1 -1 -1000 -1000 -1000 -10 1
124 31 Car -1 -1 -1 544.82 162.79 580.67 189.26 -1 -1 -1 -1000 -1000 -1000 -10 1
124 29 Car -1 -1 -1 694.01 157.94 823.69 198.28 -1 -1 -1 -1000 -1000 -1000 -10 1
125 32 Car -1 -1 -1 529.90 160.81 608.73 198.06 -1 -1 -1 -1000 -1000 -1000 -10 1
125 29 Car -1 -1 -1 673.02 158.39 803.81 198.50 -1 -1 -1 -1000 -1000 -1000 -10 1
126 32 Car -1 -1 -1 478.30 159.66 562.17 201.60 -1 -1 -1 -1000 -1000 -1000 -10 1
126 29 Car -1 -1 -1 652.11 158.83 784.08 197.99 -1 -1 -1 -1000 -1000 -1000 -10 1
127 32 Car -1 -1 -1 424.08 162.90 515.06 204.33 -1 -1 -1 -1000 -1000 -1000 -10 1
127 29 Car -1 -1 -1 632.52 160.54 764.25 198.54 -1 -1 -1 -1000 -1000 -1000 -10 1
128 32 Car -1 -1 -1 372.66 163.22 465.30 205.57 -1 -1 -1 -1000 -1000 -1000 -10 1
128 29 Car -1 -1 -1 610.65 161.29 742.51 197.89 -1 -1 -1 -1000 -1000 -1000 -10 1
129 32 Car -1 -1 -1 320.99 164.35 418.24 205.40 -1 -1 -1 -1000 -1000 -1000 -10 1
129 29 Car -1 -1 -1 590.49 162.03 720.71 198.18 -1 -1 -1 -1000 -1000 -1000 -10 1
130 35 Car -1 -1 -1 552.56 165.49 603.09 196.89 -1 -1 -1 -1000 -1000 -1000 -10 1
130 32 Car -1 -1 -1 268.40 166.12 370.19 207.31 -1 -1 -1 -1000 -1000 -1000 -10 1
130 29 Car -1 -1 -1 568.21 163.59 697.11 199.02 -1 -1 -1 -1000 -1000 -1000 -10 1
131 32 Car -1 -1 -1 217.77 163.96 324.79 206.45 -1 -1 -1 -1000 -1000 -1000 -10 1
131 29 Car -1 -1 -1 545.29 163.44 674.13 198.97 -1 -1 -1 -1000 -1000 -1000 -10 1
132 36 Car -1 -1 -1 446.03 169.68 478.45 187.98 -1 -1 -1 -1000 -1000 -1000 -10 1
132 32 Car -1 -1 -1 166.20 162.99 279.34 204.74 -1 -1 -1 -1000 -1000 -1000 -10 1
132 29 Car -1 -1 -1 523.17 163.86 651.49 199.21 -1 -1 -1 -1000 -1000 -1000 -10 1
133 36 Car -1 -1 -1 446.89 170.51 480.00 188.80 -1 -1 -1 -1000 -1000 -1000 -10 1
133 32 Car -1 -1 -1 113.70 163.15 231.93 204.59 -1 -1 -1 -1000 -1000 -1000 -10 1
133 29 Car -1 -1 -1 500.53 164.30 626.96 199.86 -1 -1 -1 -1000 -1000 -1000 -10 1
134 32 Car -1 -1 -1 50.72 162.52 176.75 204.06 -1 -1 -1 -1000 -1000 -1000 -10 1
134 29 Car -1 -1 -1 477.11 164.55 601.22 200.25 -1 -1 -1 -1000 -1000 -1000 -10 1
135 32 Car -1 -1 -1 0.61 161.38 127.74 203.15 -1 -1 -1 -1000 -1000 -1000 -10 1
135 29 Car -1 -1 -1 450.40 163.63 575.46 200.16 -1 -1 -1 -1000 -1000 -1000 -10 1
136 32 Car -1 -1 -1 -27.89 159.01 82.76 201.40 -1 -1 -1 -1000 -1000 -1000 -10 1
136 29 Car -1 -1 -1 421.74 164.25 548.05 200.50 -1 -1 -1 -1000 -1000 -1000 -10 1
137 29 Car -1 -1 -1 395.46 162.97 521.50 199.72 -1 -1 -1 -1000 -1000 -1000 -10 1
138 29 Car -1 -1 -1 368.96 161.77 493.92 198.55 -1 -1 -1 -1000 -1000 -1000 -10 1
139 29 Car -1 -1 -1 348.09 161.20 472.75 197.86 -1 -1 -1 -1000 -1000 -1000 -10 1
140 37 Car -1 -1 -1 548.74 162.78 577.92 185.00 -1 -1 -1 -1000 -1000 -1000 -10 1
140 29 Car -1 -1 -1 317.11 162.05 442.81 197.98 -1 -1 -1 -1000 -1000 -1000 -10 1
141 37 Car -1 -1 -1 548.74 162.31 577.73 184.74 -1 -1 -1 -1000 -1000 -1000 -10 1
141 29 Car -1 -1 -1 287.81 161.59 415.00 198.03 -1 -1 -1 -1000 -1000 -1000 -10 1
142 37 Car -1 -1 -1 548.59 161.85 577.82 184.81 -1 -1 -1 -1000 -1000 -1000 -10 1
142 29 Car -1 -1 -1 256.84 159.90 386.79 197.31 -1 -1 -1 -1000 -1000 -1000 -10 1
143 37 Car -1 -1 -1 548.72 161.53 577.71 184.68 -1 -1 -1 -1000 -1000 -1000 -10 1
143 29 Car -1 -1 -1 226.95 159.84 357.37 198.18 -1 -1 -1 -1000 -1000 -1000 -10 1
144 41 Car -1 -1 -1 444.76 169.60 479.72 187.67 -1 -1 -1 -1000 -1000 -1000 -10 1
144 37 Car -1 -1 -1 548.88 161.38 577.40 184.57 -1 -1 -1 -1000 -1000 -1000 -10 1
144 29 Car -1 -1 -1 193.51 160.06 325.79 198.12 -1 -1 -1 -1000 -1000 -1000 -10 1
145 41 Car -1 -1 -1 444.65 169.57 479.25 187.62 -1 -1 -1 -1000 -1000 -1000 -10 1
145 37 Car -1 -1 -1 548.95 161.45 577.11 184.54 -1 -1 -1 -1000 -1000 -1000 -10 1
145 29 Car -1 -1 -1 160.62 160.18 296.53 198.20 -1 -1 -1 -1000 -1000 -1000 -10 1
146 41 Car -1 -1 -1 444.67 169.28 479.06 187.46 -1 -1 -1 -1000 -1000 -1000 -10 1
146 37 Car -1 -1 -1 548.96 161.49 576.83 184.46 -1 -1 -1 -1000 -1000 -1000 -10 1
146 29 Car -1 -1 -1 129.81 160.44 265.12 199.17 -1 -1 -1 -1000 -1000 -1000 -10 1
147 42 Car -1 -1 -1 1036.52 159.39 1167.56 208.74 -1 -1 -1 -1000 -1000 -1000 -10 1
147 41 Car -1 -1 -1 444.76 169.26 478.83 187.47 -1 -1 -1 -1000 -1000 -1000 -10 1
147 37 Car -1 -1 -1 549.02 161.71 576.59 184.39 -1 -1 -1 -1000 -1000 -1000 -10 1
147 29 Car -1 -1 -1 90.65 159.44 230.28 198.80 -1 -1 -1 -1000 -1000 -1000 -10 1
148 42 Car -1 -1 -1 1035.54 159.20 1169.95 209.03 -1 -1 -1 -1000 -1000 -1000 -10 1
148 41 Car -1 -1 -1 445.01 169.17 479.06 187.44 -1 -1 -1 -1000 -1000 -1000 -10 1
148 37 Car -1 -1 -1 548.93 162.18 576.26 184.53 -1 -1 -1 -1000 -1000 -1000 -10 1
148 29 Car -1 -1 -1 50.88 159.64 192.38 198.81 -1 -1 -1 -1000 -1000 -1000 -10 1
149 42 Car -1 -1 -1 1034.35 158.79 1171.04 209.06 -1 -1 -1 -1000 -1000 -1000 -10 1
149 41 Car -1 -1 -1 445.26 169.34 479.33 187.54 -1 -1 -1 -1000 -1000 -1000 -10 1
149 37 Car -1 -1 -1 548.76 162.28 575.80 184.40 -1 -1 -1 -1000 -1000 -1000 -10 1
149 29 Car -1 -1 -1 16.10 158.73 159.65 198.60 -1 -1 -1 -1000 -1000 -1000 -10 1
150 43 Car -1 -1 -1 1035.73 155.86 1194.61 216.75 -1 -1 -1 -1000 -1000 -1000 -10 1
150 41 Car -1 -1 -1 445.40 169.39 479.63 187.50 -1 -1 -1 -1000 -1000 -1000 -10 1
150 37 Car -1 -1 -1 548.38 164.66 575.05 186.92 -1 -1 -1 -1000 -1000 -1000 -10 1
150 29 Car -1 -1 -1 -7.93 157.29 133.89 197.79 -1 -1 -1 -1000 -1000 -1000 -10 1
151 41 Car -1 -1 -1 445.54 169.27 480.02 187.32 -1 -1 -1 -1000 -1000 -1000 -10 1
151 37 Car -1 -1 -1 548.32 165.66 574.58 188.06 -1 -1 -1 -1000 -1000 -1000 -10 1
151 29 Car -1 -1 -1 -24.62 154.16 105.24 195.18 -1 -1 -1 -1000 -1000 -1000 -10 1
152 41 Car -1 -1 -1 445.42 169.28 480.07 187.31 -1 -1 -1 -1000 -1000 -1000 -10 1
152 37 Car -1 -1 -1 548.39 165.76 574.42 188.22 -1 -1 -1 -1000 -1000 -1000 -10 1
152 29 Car -1 -1 -1 -31.44 155.75 75.82 198.05 -1 -1 -1 -1000 -1000 -1000 -10 1
153 41 Car -1 -1 -1 445.58 169.02 480.34 187.04 -1 -1 -1 -1000 -1000 -1000 -10 1
154 41 Car -1 -1 -1 445.71 168.84 480.46 186.86 -1 -1 -1 -1000 -1000 -1000 -10 1
155 41 Car -1 -1 -1 445.70 168.98 480.44 186.96 -1 -1 -1 -1000 -1000 -1000 -10 1
156 41 Car -1 -1 -1 445.58 169.26 480.35 187.11 -1 -1 -1 -1000 -1000 -1000 -10 1
157 41 Car -1 -1 -1 445.63 169.48 480.47 187.23 -1 -1 -1 -1000 -1000 -1000 -10 1
158 41 Car -1 -1 -1 445.77 169.48 480.63 187.19 -1 -1 -1 -1000 -1000 -1000 -10 1
159 41 Car -1 -1 -1 445.85 169.39 480.74 187.12 -1 -1 -1 -1000 -1000 -1000 -10 1
160 41 Car -1 -1 -1 445.88 169.13 480.77 186.92 -1 -1 -1 -1000 -1000 -1000 -10 1
161 41 Car -1 -1 -1 445.89 169.05 480.77 186.87 -1 -1 -1 -1000 -1000 -1000 -10 1
162 41 Car -1 -1 -1 445.85 169.01 480.78 186.86 -1 -1 -1 -1000 -1000 -1000 -10 1
163 41 Car -1 -1 -1 445.91 169.24 480.89 187.04 -1 -1 -1 -1000 -1000 -1000 -10 1
164 41 Car -1 -1 -1 445.79 169.40 480.82 187.14 -1 -1 -1 -1000 -1000 -1000 -10 1
165 41 Car -1 -1 -1 445.77 169.49 480.75 187.18 -1 -1 -1 -1000 -1000 -1000 -10 1
166 41 Car -1 -1 -1 446.10 169.11 481.00 186.87 -1 -1 -1 -1000 -1000 -1000 -10 1
167 46 Car -1 -1 -1 1035.87 159.13 1170.65 209.39 -1 -1 -1 -1000 -1000 -1000 -10 1
167 41 Car -1 -1 -1 446.39 169.05 481.18 186.84 -1 -1 -1 -1000 -1000 -1000 -10 1
168 46 Car -1 -1 -1 1035.47 159.26 1170.62 209.17 -1 -1 -1 -1000 -1000 -1000 -10 1
168 41 Car -1 -1 -1 446.48 168.89 481.22 186.79 -1 -1 -1 -1000 -1000 -1000 -10 1
169 46 Car -1 -1 -1 1034.40 158.99 1171.18 209.54 -1 -1 -1 -1000 -1000 -1000 -10 1
169 41 Car -1 -1 -1 446.44 168.91 481.16 186.83 -1 -1 -1 -1000 -1000 -1000 -10 1
170 41 Car -1 -1 -1 446.33 169.18 481.04 187.04 -1 -1 -1 -1000 -1000 -1000 -10 1
171 41 Car -1 -1 -1 446.31 169.21 480.93 187.04 -1 -1 -1 -1000 -1000 -1000 -10 1
172 41 Car -1 -1 -1 446.21 169.21 480.85 187.01 -1 -1 -1 -1000 -1000 -1000 -10 1
173 41 Car -1 -1 -1 446.21 169.05 480.84 186.91 -1 -1 -1 -1000 -1000 -1000 -10 1
174 41 Car -1 -1 -1 446.29 168.98 480.93 186.85 -1 -1 -1 -1000 -1000 -1000 -10 1
175 41 Car -1 -1 -1 446.32 168.88 480.98 186.82 -1 -1 -1 -1000 -1000 -1000 -10 1
176 41 Car -1 -1 -1 446.27 168.84 480.98 186.82 -1 -1 -1 -1000 -1000 -1000 -10 1
177 41 Car -1 -1 -1 446.15 169.11 480.90 187.04 -1 -1 -1 -1000 -1000 -1000 -10 1
178 41 Car -1 -1 -1 446.15 169.24 480.80 187.09 -1 -1 -1 -1000 -1000 -1000 -10 1
179 41 Car -1 -1 -1 446.17 169.34 480.71 187.12 -1 -1 -1 -1000 -1000 -1000 -10 1
180 47 Car -1 -1 -1 1031.35 158.74 1192.77 215.91 -1 -1 -1 -1000 -1000 -1000 -10 1
180 41 Car -1 -1 -1 446.36 169.33 480.82 187.08 -1 -1 -1 -1000 -1000 -1000 -10 1
181 47 Car -1 -1 -1 1029.50 160.12 1192.53 217.55 -1 -1 -1 -1000 -1000 -1000 -10 1
181 41 Car -1 -1 -1 446.56 169.16 480.87 186.89 -1 -1 -1 -1000 -1000 -1000 -10 1
182 41 Car -1 -1 -1 446.67 169.09 480.77 186.85 -1 -1 -1 -1000 -1000 -1000 -10 1
183 41 Car -1 -1 -1 446.56 169.30 480.56 187.03 -1 -1 -1 -1000 -1000 -1000 -10 1
184 41 Car -1 -1 -1 446.43 169.43 480.50 187.16 -1 -1 -1 -1000 -1000 -1000 -10 1
185 41 Car -1 -1 -1 446.33 169.41 480.53 187.17 -1 -1 -1 -1000 -1000 -1000 -10 1
186 41 Car -1 -1 -1 446.18 169.33 480.52 187.14 -1 -1 -1 -1000 -1000 -1000 -10 1
187 41 Car -1 -1 -1 446.13 168.98 480.62 186.94 -1 -1 -1 -1000 -1000 -1000 -10 1
188 41 Car -1 -1 -1 446.40 168.89 480.89 186.93 -1 -1 -1 -1000 -1000 -1000 -10 1
189 41 Car -1 -1 -1 446.70 168.75 481.20 186.90 -1 -1 -1 -1000 -1000 -1000 -10 1
190 41 Car -1 -1 -1 446.49 168.82 481.03 187.01 -1 -1 -1 -1000 -1000 -1000 -10 1
191 41 Car -1 -1 -1 446.46 168.67 480.97 186.94 -1 -1 -1 -1000 -1000 -1000 -10 1
192 41 Car -1 -1 -1 446.23 168.39 480.65 186.78 -1 -1 -1 -1000 -1000 -1000 -10 1
193 41 Car -1 -1 -1 446.33 168.28 480.72 186.68 -1 -1 -1 -1000 -1000 -1000 -10 1
194 41 Car -1 -1 -1 446.04 168.28 480.50 186.73 -1 -1 -1 -1000 -1000 -1000 -10 1
195 50 Car -1 -1 -1 1029.11 156.01 1175.24 209.27 -1 -1 -1 -1000 -1000 -1000 -10 1
195 49 Car -1 -1 -1 1025.59 156.75 1188.98 214.70 -1 -1 -1 -1000 -1000 -1000 -10 1
195 41 Car -1 -1 -1 446.03 168.41 480.68 186.84 -1 -1 -1 -1000 -1000 -1000 -10 1
196 50 Car -1 -1 -1 1028.72 155.57 1174.58 208.73 -1 -1 -1 -1000 -1000 -1000 -10 1
196 49 Car -1 -1 -1 1026.04 156.95 1190.95 215.65 -1 -1 -1 -1000 -1000 -1000 -10 1
196 41 Car -1 -1 -1 446.06 168.26 480.93 186.78 -1 -1 -1 -1000 -1000 -1000 -10 1
197 50 Car -1 -1 -1 1028.58 156.01 1174.45 208.96 -1 -1 -1 -1000 -1000 -1000 -10 1
197 49 Car -1 -1 -1 1025.67 157.34 1189.96 215.29 -1 -1 -1 -1000 -1000 -1000 -10 1
197 41 Car -1 -1 -1 445.94 168.17 480.86 186.75 -1 -1 -1 -1000 -1000 -1000 -10 1
198 50 Car -1 -1 -1 1029.30 156.32 1174.76 209.00 -1 -1 -1 -1000 -1000 -1000 -10 1
198 49 Car -1 -1 -1 1023.44 157.48 1187.27 214.66 -1 -1 -1 -1000 -1000 -1000 -10 1
198 41 Car -1 -1 -1 445.66 168.17 480.62 186.76 -1 -1 -1 -1000 -1000 -1000 -10 1
199 50 Car -1 -1 -1 1029.22 156.03 1174.74 208.92 -1 -1 -1 -1000 -1000 -1000 -10 1
199 49 Car -1 -1 -1 1023.45 158.22 1184.14 214.24 -1 -1 -1 -1000 -1000 -1000 -10 1
199 41 Car -1 -1 -1 445.65 168.08 480.65 186.71 -1 -1 -1 -1000 -1000 -1000 -10 1
201 50 Car -1 -1 -1 1040.98 157.15 1182.85 209.59 -1 -1 -1 -1000 -1000 -1000 -10 1
201 49 Car -1 -1 -1 1025.76 158.83 1190.44 215.62 -1 -1 -1 -1000 -1000 -1000 -10 1
201 41 Car -1 -1 -1 445.62 168.07 480.76 186.70 -1 -1 -1 -1000 -1000 -1000 -10 1
202 50 Car -1 -1 -1 1034.77 157.26 1175.73 209.52 -1 -1 -1 -1000 -1000 -1000 -10 1
202 49 Car -1 -1 -1 1023.84 159.46 1186.42 215.98 -1 -1 -1 -1000 -1000 -1000 -10 1
202 41 Car -1 -1 -1 445.68 168.08 480.79 186.71 -1 -1 -1 -1000 -1000 -1000 -10 1
203 50 Car -1 -1 -1 1032.10 156.89 1173.67 209.24 -1 -1 -1 -1000 -1000 -1000 -10 1
203 49 Car -1 -1 -1 1023.76 159.71 1185.34 216.70 -1 -1 -1 -1000 -1000 -1000 -10 1
203 41 Car -1 -1 -1 445.72 168.13 480.78 186.74 -1 -1 -1 -1000 -1000 -1000 -10 1
204 50 Car -1 -1 -1 1031.21 157.06 1172.96 209.63 -1 -1 -1 -1000 -1000 -1000 -10 1
204 49 Car -1 -1 -1 1025.94 159.98 1184.91 217.11 -1 -1 -1 -1000 -1000 -1000 -10 1
204 41 Car -1 -1 -1 445.75 168.14 480.74 186.76 -1 -1 -1 -1000 -1000 -1000 -10 1
205 50 Car -1 -1 -1 1030.55 156.98 1172.09 209.65 -1 -1 -1 -1000 -1000 -1000 -10 1
205 49 Car -1 -1 -1 1024.44 159.91 1180.78 215.90 -1 -1 -1 -1000 -1000 -1000 -10 1
205 41 Car -1 -1 -1 445.82 168.23 480.82 186.82 -1 -1 -1 -1000 -1000 -1000 -10 1
206 50 Car -1 -1 -1 1031.05 156.34 1171.88 209.19 -1 -1 -1 -1000 -1000 -1000 -10 1
206 49 Car -1 -1 -1 1023.27 160.09 1177.57 215.45 -1 -1 -1 -1000 -1000 -1000 -10 1
206 41 Car -1 -1 -1 445.84 168.18 480.79 186.78 -1 -1 -1 -1000 -1000 -1000 -10 1
207 50 Car -1 -1 -1 1031.63 156.13 1172.48 209.12 -1 -1 -1 -1000 -1000 -1000 -10 1
207 49 Car -1 -1 -1 1025.67 160.04 1178.67 215.35 -1 -1 -1 -1000 -1000 -1000 -10 1
207 41 Car -1 -1 -1 445.74 168.18 480.65 186.78 -1 -1 -1 -1000 -1000 -1000 -10 1
208 50 Car -1 -1 -1 1031.69 156.18 1173.04 209.02 -1 -1 -1 -1000 -1000 -1000 -10 1
208 49 Car -1 -1 -1 1027.63 159.78 1182.36 215.49 -1 -1 -1 -1000 -1000 -1000 -10 1
208 41 Car -1 -1 -1 445.84 168.17 480.75 186.79 -1 -1 -1 -1000 -1000 -1000 -10 1
209 50 Car -1 -1 -1 1032.08 156.80 1173.30 209.15 -1 -1 -1 -1000 -1000 -1000 -10 1
209 49 Car -1 -1 -1 1030.47 159.58 1186.76 215.63 -1 -1 -1 -1000 -1000 -1000 -10 1
209 41 Car -1 -1 -1 445.82 168.19 480.75 186.83 -1 -1 -1 -1000 -1000 -1000 -10 1
210 50 Car -1 -1 -1 1031.88 156.28 1172.67 208.54 -1 -1 -1 -1000 -1000 -1000 -10 1
210 49 Car -1 -1 -1 1027.61 159.96 1184.77 215.97 -1 -1 -1 -1000 -1000 -1000 -10 1
210 41 Car -1 -1 -1 446.00 168.12 480.95 186.80 -1 -1 -1 -1000 -1000 -1000 -10 1
211 50 Car -1 -1 -1 1031.30 156.46 1171.56 208.53 -1 -1 -1 -1000 -1000 -1000 -10 1
211 49 Car -1 -1 -1 1023.54 160.33 1182.82 215.49 -1 -1 -1 -1000 -1000 -1000 -10 1
211 41 Car -1 -1 -1 445.95 168.11 480.91 186.79 -1 -1 -1 -1000 -1000 -1000 -10 1
212 50 Car -1 -1 -1 1031.19 156.78 1171.23 208.79 -1 -1 -1 -1000 -1000 -1000 -10 1
212 49 Car -1 -1 -1 1021.87 159.52 1181.76 213.67 -1 -1 -1 -1000 -1000 -1000 -10 1
212 41 Car -1 -1 -1 445.99 168.01 480.96 186.73 -1 -1 -1 -1000 -1000 -1000 -10 1
213 50 Car -1 -1 -1 1031.07 156.82 1169.96 208.59 -1 -1 -1 -1000 -1000 -1000 -10 1
213 49 Car -1 -1 -1 1023.67 159.22 1182.40 212.83 -1 -1 -1 -1000 -1000 -1000 -10 1
213 41 Car -1 -1 -1 445.81 167.98 480.86 186.70 -1 -1 -1 -1000 -1000 -1000 -10 1
214 50 Car -1 -1 -1 1031.97 156.01 1168.08 207.34 -1 -1 -1 -1000 -1000 -1000 -10 1
214 49 Car -1 -1 -1 1024.13 157.83 1179.32 210.07 -1 -1 -1 -1000 -1000 -1000 -10 1
214 41 Car -1 -1 -1 445.73 167.98 480.81 186.68 -1 -1 -1 -1000 -1000 -1000 -10 1
215 50 Car -1 -1 -1 1034.33 156.29 1168.46 207.00 -1 -1 -1 -1000 -1000 -1000 -10 1
215 49 Car -1 -1 -1 1026.64 156.72 1180.20 208.55 -1 -1 -1 -1000 -1000 -1000 -10 1
215 41 Car -1 -1 -1 445.59 168.10 480.72 186.73 -1 -1 -1 -1000 -1000 -1000 -10 1
216 50 Car -1 -1 -1 1034.74 155.70 1167.63 206.28 -1 -1 -1 -1000 -1000 -1000 -10 1
216 41 Car -1 -1 -1 445.52 168.18 480.73 186.79 -1 -1 -1 -1000 -1000 -1000 -10 1
217 50 Car -1 -1 -1 1031.33 154.89 1163.81 206.03 -1 -1 -1 -1000 -1000 -1000 -10 1
217 41 Car -1 -1 -1 445.34 168.17 480.63 186.78 -1 -1 -1 -1000 -1000 -1000 -10 1
218 50 Car -1 -1 -1 1027.57 156.06 1159.10 206.81 -1 -1 -1 -1000 -1000 -1000 -10 1
218 41 Car -1 -1 -1 445.39 168.09 480.74 186.69 -1 -1 -1 -1000 -1000 -1000 -10 1
219 50 Car -1 -1 -1 1015.43 155.96 1146.51 205.70 -1 -1 -1 -1000 -1000 -1000 -10 1
219 41 Car -1 -1 -1 445.41 168.05 480.87 186.68 -1 -1 -1 -1000 -1000 -1000 -10 1
220 41 Car -1 -1 -1 445.43 168.06 480.94 186.68 -1 -1 -1 -1000 -1000 -1000 -10 1
221 41 Car -1 -1 -1 445.38 167.99 480.97 186.63 -1 -1 -1 -1000 -1000 -1000 -10 1
222 41 Car -1 -1 -1 445.23 167.95 480.78 186.58 -1 -1 -1 -1000 -1000 -1000 -10 1
223 41 Car -1 -1 -1 445.22 167.96 480.69 186.58 -1 -1 -1 -1000 -1000 -1000 -10 1
224 41 Car -1 -1 -1 445.24 167.86 480.65 186.51 -1 -1 -1 -1000 -1000 -1000 -10 1
225 51 Car -1 -1 -1 961.63 161.58 1138.23 211.82 -1 -1 -1 -1000 -1000 -1000 -10 1
225 41 Car -1 -1 -1 445.24 167.85 480.48 186.49 -1 -1 -1 -1000 -1000 -1000 -10 1
226 51 Car -1 -1 -1 966.60 160.53 1133.58 209.05 -1 -1 -1 -1000 -1000 -1000 -10 1
226 41 Car -1 -1 -1 445.28 167.90 480.45 186.53 -1 -1 -1 -1000 -1000 -1000 -10 1
227 51 Car -1 -1 -1 946.89 162.83 1108.30 209.25 -1 -1 -1 -1000 -1000 -1000 -10 1
227 41 Car -1 -1 -1 445.54 167.89 480.58 186.51 -1 -1 -1 -1000 -1000 -1000 -10 1
228 51 Car -1 -1 -1 936.75 164.12 1096.46 210.89 -1 -1 -1 -1000 -1000 -1000 -10 1
228 41 Car -1 -1 -1 445.84 167.92 480.73 186.52 -1 -1 -1 -1000 -1000 -1000 -10 1
229 51 Car -1 -1 -1 928.53 162.87 1089.63 211.29 -1 -1 -1 -1000 -1000 -1000 -10 1
229 41 Car -1 -1 -1 446.19 167.99 481.05 186.54 -1 -1 -1 -1000 -1000 -1000 -10 1
230 51 Car -1 -1 -1 922.50 159.76 1078.68 207.58 -1 -1 -1 -1000 -1000 -1000 -10 1
230 41 Car -1 -1 -1 446.34 168.11 481.31 186.67 -1 -1 -1 -1000 -1000 -1000 -10 1
231 51 Car -1 -1 -1 910.94 158.60 1058.11 204.85 -1 -1 -1 -1000 -1000 -1000 -10 1
231 41 Car -1 -1 -1 446.30 168.12 481.35 186.70 -1 -1 -1 -1000 -1000 -1000 -10 1
232 51 Car -1 -1 -1 907.48 160.57 1047.46 203.97 -1 -1 -1 -1000 -1000 -1000 -10 1
232 41 Car -1 -1 -1 446.37 168.11 481.48 186.70 -1 -1 -1 -1000 -1000 -1000 -10 1
233 51 Car -1 -1 -1 905.59 161.05 1039.25 202.99 -1 -1 -1 -1000 -1000 -1000 -10 1
233 41 Car -1 -1 -1 446.49 168.13 481.58 186.71 -1 -1 -1 -1000 -1000 -1000 -10 1
234 51 Car -1 -1 -1 895.22 161.79 1025.24 204.09 -1 -1 -1 -1000 -1000 -1000 -10 1
234 41 Car -1 -1 -1 446.58 168.09 481.59 186.67 -1 -1 -1 -1000 -1000 -1000 -10 1
235 51 Car -1 -1 -1 889.13 162.25 1021.44 204.30 -1 -1 -1 -1000 -1000 -1000 -10 1
235 41 Car -1 -1 -1 446.51 168.18 481.39 186.75 -1 -1 -1 -1000 -1000 -1000 -10 1
236 51 Car -1 -1 -1 880.86 162.50 1012.69 205.36 -1 -1 -1 -1000 -1000 -1000 -10 1
236 41 Car -1 -1 -1 446.41 168.17 481.21 186.75 -1 -1 -1 -1000 -1000 -1000 -10 1
237 51 Car -1 -1 -1 863.50 159.90 1007.34 206.43 -1 -1 -1 -1000 -1000 -1000 -10 1
237 41 Car -1 -1 -1 446.49 168.19 481.32 186.76 -1 -1 -1 -1000 -1000 -1000 -10 1
238 51 Car -1 -1 -1 853.07 158.59 1003.42 208.35 -1 -1 -1 -1000 -1000 -1000 -10 1
238 41 Car -1 -1 -1 446.20 168.37 480.94 186.90 -1 -1 -1 -1000 -1000 -1000 -10 1
239 51 Car -1 -1 -1 839.93 158.71 988.06 209.55 -1 -1 -1 -1000 -1000 -1000 -10 1
239 41 Car -1 -1 -1 446.00 168.40 480.63 186.94 -1 -1 -1 -1000 -1000 -1000 -10 1
240 51 Car -1 -1 -1 827.23 157.04 971.40 207.15 -1 -1 -1 -1000 -1000 -1000 -10 1
240 41 Car -1 -1 -1 445.94 168.49 480.47 187.02 -1 -1 -1 -1000 -1000 -1000 -10 1
241 51 Car -1 -1 -1 816.07 156.50 958.15 207.37 -1 -1 -1 -1000 -1000 -1000 -10 1
241 41 Car -1 -1 -1 445.86 168.56 480.36 187.10 -1 -1 -1 -1000 -1000 -1000 -10 1
242 51 Car -1 -1 -1 807.51 154.77 950.49 206.97 -1 -1 -1 -1000 -1000 -1000 -10 1
242 41 Car -1 -1 -1 445.82 168.54 480.34 187.07 -1 -1 -1 -1000 -1000 -1000 -10 1
243 51 Car -1 -1 -1 800.74 154.24 945.69 208.09 -1 -1 -1 -1000 -1000 -1000 -10 1
243 41 Car -1 -1 -1 445.90 168.64 480.58 187.13 -1 -1 -1 -1000 -1000 -1000 -10 1
244 51 Car -1 -1 -1 792.58 156.18 937.26 208.73 -1 -1 -1 -1000 -1000 -1000 -10 1
244 41 Car -1 -1 -1 446.02 168.60 480.73 187.06 -1 -1 -1 -1000 -1000 -1000 -10 1
245 51 Car -1 -1 -1 782.71 157.36 923.69 209.59 -1 -1 -1 -1000 -1000 -1000 -10 1
245 41 Car -1 -1 -1 445.96 168.61 480.75 187.04 -1 -1 -1 -1000 -1000 -1000 -10 1
246 51 Car -1 -1 -1 774.49 158.68 913.10 209.42 -1 -1 -1 -1000 -1000 -1000 -10 1
246 41 Car -1 -1 -1 446.04 168.71 480.91 187.09 -1 -1 -1 -1000 -1000 -1000 -10 1
247 51 Car -1 -1 -1 760.19 159.80 895.69 210.10 -1 -1 -1 -1000 -1000 -1000 -10 1
247 41 Car -1 -1 -1 446.43 168.57 481.49 186.88 -1 -1 -1 -1000 -1000 -1000 -10 1
248 51 Car -1 -1 -1 747.75 161.40 885.77 212.06 -1 -1 -1 -1000 -1000 -1000 -10 1
248 41 Car -1 -1 -1 446.52 168.58 481.69 186.83 -1 -1 -1 -1000 -1000 -1000 -10 1
249 51 Car -1 -1 -1 731.41 160.19 872.66 210.64 -1 -1 -1 -1000 -1000 -1000 -10 1
249 41 Car -1 -1 -1 446.94 168.40 482.26 186.63 -1 -1 -1 -1000 -1000 -1000 -10 1
250 51 Car -1 -1 -1 716.75 160.53 861.50 211.29 -1 -1 -1 -1000 -1000 -1000 -10 1
250 41 Car -1 -1 -1 447.10 168.21 482.55 186.48 -1 -1 -1 -1000 -1000 -1000 -10 1
251 51 Car -1 -1 -1 703.76 160.09 849.72 209.77 -1 -1 -1 -1000 -1000 -1000 -10 1
251 41 Car -1 -1 -1 447.32 167.99 482.81 186.33 -1 -1 -1 -1000 -1000 -1000 -10 1
252 51 Car -1 -1 -1 690.98 159.91 839.01 209.44 -1 -1 -1 -1000 -1000 -1000 -10 1
252 41 Car -1 -1 -1 447.97 167.96 483.56 186.33 -1 -1 -1 -1000 -1000 -1000 -10 1
253 51 Car -1 -1 -1 681.48 159.14 829.33 208.93 -1 -1 -1 -1000 -1000 -1000 -10 1
253 41 Car -1 -1 -1 448.16 168.03 483.91 186.43 -1 -1 -1 -1000 -1000 -1000 -10 1
254 51 Car -1 -1 -1 669.64 162.08 815.09 211.49 -1 -1 -1 -1000 -1000 -1000 -10 1
254 41 Car -1 -1 -1 448.40 168.00 484.61 186.50 -1 -1 -1 -1000 -1000 -1000 -10 1
255 51 Car -1 -1 -1 663.68 160.54 808.04 210.79 -1 -1 -1 -1000 -1000 -1000 -10 1
255 41 Car -1 -1 -1 448.42 168.03 484.85 186.61 -1 -1 -1 -1000 -1000 -1000 -10 1
256 51 Car -1 -1 -1 652.21 162.09 799.16 212.01 -1 -1 -1 -1000 -1000 -1000 -10 1
256 41 Car -1 -1 -1 448.26 168.05 484.94 186.59 -1 -1 -1 -1000 -1000 -1000 -10 1
257 51 Car -1 -1 -1 644.56 162.22 792.23 212.69 -1 -1 -1 -1000 -1000 -1000 -10 1
257 41 Car -1 -1 -1 448.53 167.94 485.29 186.47 -1 -1 -1 -1000 -1000 -1000 -10 1
258 51 Car -1 -1 -1 631.13 162.62 779.83 212.54 -1 -1 -1 -1000 -1000 -1000 -10 1
258 41 Car -1 -1 -1 448.93 167.82 486.03 186.38 -1 -1 -1 -1000 -1000 -1000 -10 1
259 51 Car -1 -1 -1 621.75 163.18 770.99 214.14 -1 -1 -1 -1000 -1000 -1000 -10 1
259 41 Car -1 -1 -1 449.38 167.59 486.69 186.19 -1 -1 -1 -1000 -1000 -1000 -10 1
260 51 Car -1 -1 -1 611.08 162.65 758.57 215.85 -1 -1 -1 -1000 -1000 -1000 -10 1
260 41 Car -1 -1 -1 449.98 166.53 487.38 185.46 -1 -1 -1 -1000 -1000 -1000 -10 1
261 54 Car -1 -1 -1 472.23 165.95 498.38 186.59 -1 -1 -1 -1000 -1000 -1000 -10 1
261 51 Car -1 -1 -1 602.45 163.42 751.17 218.25 -1 -1 -1 -1000 -1000 -1000 -10 1
261 41 Car -1 -1 -1 450.37 166.15 487.63 185.27 -1 -1 -1 -1000 -1000 -1000 -10 1
262 54 Car -1 -1 -1 475.95 164.63 500.88 184.13 -1 -1 -1 -1000 -1000 -1000 -10 1
262 51 Car -1 -1 -1 593.66 162.11 739.58 219.81 -1 -1 -1 -1000 -1000 -1000 -10 1
262 41 Car -1 -1 -1 453.55 166.23 489.50 185.48 -1 -1 -1 -1000 -1000 -1000 -10 1
264 51 Car -1 -1 -1 576.63 163.99 723.49 221.97 -1 -1 -1 -1000 -1000 -1000 -10 1
264 41 Car -1 -1 -1 455.59 166.03 490.74 185.03 -1 -1 -1 -1000 -1000 -1000 -10 1
265 51 Car -1 -1 -1 566.75 162.01 714.00 223.88 -1 -1 -1 -1000 -1000 -1000 -10 1
265 41 Car -1 -1 -1 456.49 165.91 491.42 184.73 -1 -1 -1 -1000 -1000 -1000 -10 1
266 51 Car -1 -1 -1 558.87 160.14 703.95 225.51 -1 -1 -1 -1000 -1000 -1000 -10 1
266 41 Car -1 -1 -1 457.19 166.19 492.13 185.07 -1 -1 -1 -1000 -1000 -1000 -10 1
267 51 Car -1 -1 -1 549.76 161.62 694.43 228.41 -1 -1 -1 -1000 -1000 -1000 -10 1
267 41 Car -1 -1 -1 458.15 165.93 493.10 184.99 -1 -1 -1 -1000 -1000 -1000 -10 1
268 51 Car -1 -1 -1 536.98 163.95 683.55 230.13 -1 -1 -1 -1000 -1000 -1000 -10 1
268 41 Car -1 -1 -1 462.72 166.69 496.73 186.49 -1 -1 -1 -1000 -1000 -1000 -10 1
269 51 Car -1 -1 -1 530.82 161.89 677.78 229.37 -1 -1 -1 -1000 -1000 -1000 -10 1
269 41 Car -1 -1 -1 464.59 166.33 498.17 186.85 -1 -1 -1 -1000 -1000 -1000 -10 1
270 51 Car -1 -1 -1 521.13 162.31 666.00 231.01 -1 -1 -1 -1000 -1000 -1000 -10 1
270 41 Car -1 -1 -1 465.93 166.25 499.36 187.43 -1 -1 -1 -1000 -1000 -1000 -10 1
271 51 Car -1 -1 -1 512.79 161.26 653.77 230.87 -1 -1 -1 -1000 -1000 -1000 -10 1
271 41 Car -1 -1 -1 467.11 165.94 500.57 187.70 -1 -1 -1 -1000 -1000 -1000 -10 1
272 51 Car -1 -1 -1 503.23 161.06 642.59 232.91 -1 -1 -1 -1000 -1000 -1000 -10 1
272 41 Car -1 -1 -1 468.37 166.20 501.87 188.47 -1 -1 -1 -1000 -1000 -1000 -10 1
273 56 Car -1 -1 -1 490.83 161.14 637.97 239.35 -1 -1 -1 -1000 -1000 -1000 -10 1
273 51 Car -1 -1 -1 496.33 161.06 634.20 234.72 -1 -1 -1 -1000 -1000 -1000 -10 1
273 41 Car -1 -1 -1 468.18 166.22 502.22 189.00 -1 -1 -1 -1000 -1000 -1000 -10 1
274 56 Car -1 -1 -1 481.74 159.55 629.87 238.73 -1 -1 -1 -1000 -1000 -1000 -10 1
274 41 Car -1 -1 -1 469.45 165.23 504.61 188.59 -1 -1 -1 -1000 -1000 -1000 -10 1
275 56 Car -1 -1 -1 466.80 159.79 622.89 246.13 -1 -1 -1 -1000 -1000 -1000 -10 1
275 41 Car -1 -1 -1 470.33 164.06 506.76 188.53 -1 -1 -1 -1000 -1000 -1000 -10 1
276 56 Car -1 -1 -1 452.15 161.51 613.19 250.83 -1 -1 -1 -1000 -1000 -1000 -10 1
276 41 Car -1 -1 -1 472.02 163.43 508.71 188.57 -1 -1 -1 -1000 -1000 -1000 -10 1
277 56 Car -1 -1 -1 441.75 161.30 601.53 253.43 -1 -1 -1 -1000 -1000 -1000 -10 1
278 56 Car -1 -1 -1 430.87 159.76 595.03 256.36 -1 -1 -1 -1000 -1000 -1000 -10 1
279 56 Car -1 -1 -1 412.86 159.58 582.31 259.91 -1 -1 -1 -1000 -1000 -1000 -10 1
280 56 Car -1 -1 -1 400.11 160.46 573.89 263.42 -1 -1 -1 -1000 -1000 -1000 -10 1
281 56 Car -1 -1 -1 389.12 163.40 565.97 268.24 -1 -1 -1 -1000 -1000 -1000 -10 1
282 56 Car -1 -1 -1 375.82 164.06 556.25 273.40 -1 -1 -1 -1000 -1000 -1000 -10 1
283 56 Car -1 -1 -1 359.68 164.00 546.24 279.74 -1 -1 -1 -1000 -1000 -1000 -10 1
284 56 Car -1 -1 -1 345.27 165.17 535.03 284.64 -1 -1 -1 -1000 -1000 -1000 -10 1
285 56 Car -1 -1 -1 333.64 165.43 522.63 286.95 -1 -1 -1 -1000 -1000 -1000 -10 1
286 56 Car -1 -1 -1 311.03 168.53 509.61 296.44 -1 -1 -1 -1000 -1000 -1000 -10 1
287 56 Car -1 -1 -1 289.03 170.79 498.93 304.48 -1 -1 -1 -1000 -1000 -1000 -10 1
288 56 Car -1 -1 -1 269.40 170.92 488.00 312.67 -1 -1 -1 -1000 -1000 -1000 -10 1
289 56 Car -1 -1 -1 254.94 171.57 477.86 316.64 -1 -1 -1 -1000 -1000 -1000 -10 1
290 56 Car -1 -1 -1 229.22 174.74 468.93 326.58 -1 -1 -1 -1000 -1000 -1000 -10 1
291 60 Car -1 -1 -1 468.02 165.88 498.20 190.69 -1 -1 -1 -1000 -1000 -1000 -10 1
291 56 Car -1 -1 -1 199.96 169.59 461.09 334.73 -1 -1 -1 -1000 -1000 -1000 -10 1
292 60 Car -1 -1 -1 468.36 165.86 498.27 190.76 -1 -1 -1 -1000 -1000 -1000 -10 1
292 56 Car -1 -1 -1 165.95 169.29 451.19 349.14 -1 -1 -1 -1000 -1000 -1000 -10 1
293 60 Car -1 -1 -1 470.03 166.32 499.52 191.09 -1 -1 -1 -1000 -1000 -1000 -10 1
293 56 Car -1 -1 -1 132.20 168.13 434.63 354.80 -1 -1 -1 -1000 -1000 -1000 -10 1
294 60 Car -1 -1 -1 470.27 166.31 499.65 191.05 -1 -1 -1 -1000 -1000 -1000 -10 1
294 56 Car -1 -1 -1 94.08 159.42 421.17 359.88 -1 -1 -1 -1000 -1000 -1000 -10 1
295 60 Car -1 -1 -1 470.36 164.05 500.79 188.35 -1 -1 -1 -1000 -1000 -1000 -10 1
295 56 Car -1 -1 -1 48.96 158.88 401.42 365.67 -1 -1 -1 -1000 -1000 -1000 -10 1
296 60 Car -1 -1 -1 470.59 163.82 501.69 187.69 -1 -1 -1 -1000 -1000 -1000 -10 1
296 56 Car -1 -1 -1 22.27 156.43 392.91 368.55 -1 -1 -1 -1000 -1000 -1000 -10 1
297 60 Car -1 -1 -1 469.96 163.66 501.52 187.15 -1 -1 -1 -1000 -1000 -1000 -10 1
297 56 Car -1 -1 -1 -4.08 150.11 383.93 369.10 -1 -1 -1 -1000 -1000 -1000 -10 1
298 60 Car -1 -1 -1 469.76 163.45 501.63 186.72 -1 -1 -1 -1000 -1000 -1000 -10 1
298 56 Car -1 -1 -1 -11.34 149.77 373.64 370.09 -1 -1 -1 -1000 -1000 -1000 -10 1
299 60 Car -1 -1 -1 470.52 163.55 502.65 186.67 -1 -1 -1 -1000 -1000 -1000 -10 1
299 56 Car -1 -1 -1 -15.53 150.60 367.65 370.99 -1 -1 -1 -1000 -1000 -1000 -10 1
300 60 Car -1 -1 -1 471.24 163.45 503.78 186.76 -1 -1 -1 -1000 -1000 -1000 -10 1
300 56 Car -1 -1 -1 -22.95 148.99 354.91 371.58 -1 -1 -1 -1000 -1000 -1000 -10 1
301 60 Car -1 -1 -1 471.71 163.46 504.28 186.60 -1 -1 -1 -1000 -1000 -1000 -10 1
301 56 Car -1 -1 -1 -27.86 145.39 337.75 371.32 -1 -1 -1 -1000 -1000 -1000 -10 1
302 60 Car -1 -1 -1 472.14 163.66 504.82 186.62 -1 -1 -1 -1000 -1000 -1000 -10 1
302 56 Car -1 -1 -1 -33.87 143.91 311.95 370.65 -1 -1 -1 -1000 -1000 -1000 -10 1
303 60 Car -1 -1 -1 472.79 163.53 505.62 186.40 -1 -1 -1 -1000 -1000 -1000 -10 1
303 56 Car -1 -1 -1 -36.21 146.19 284.92 372.33 -1 -1 -1 -1000 -1000 -1000 -10 1
