0 1 Car -1 -1 -1 484.72 168.04 510.63 181.70 -1 -1 -1 -1000 -1000 -1000 -10 0.56
1 1 Car -1 -1 -1 482.82 168.29 507.91 181.60 -1 -1 -1 -1000 -1000 -1000 -10 0.58
2 1 Car -1 -1 -1 480.85 168.42 501.14 181.41 -1 -1 -1 -1000 -1000 -1000 -10 0.44
3 1 Car -1 -1 -1 480.28 170.19 502.56 183.78 -1 -1 -1 -1000 -1000 -1000 -10 0.62
4 1 Car -1 -1 -1 478.61 171.71 503.60 185.37 -1 -1 -1 -1000 -1000 -1000 -10 0.67
5 1 Car -1 -1 -1 474.96 170.68 500.54 185.45 -1 -1 -1 -1000 -1000 -1000 -10 0.54
6 1 Car -1 -1 -1 465.94 169.14 500.40 185.12 -1 -1 -1 -1000 -1000 -1000 -10 0.73
7 1 Car -1 -1 -1 459.58 169.10 490.43 183.76 -1 -1 -1 -1000 -1000 -1000 -10 0.46
8 1 Car -1 -1 -1 454.14 169.76 475.10 183.32 -1 -1 -1 -1000 -1000 -1000 -10 0.53
8 2 Car -1 -1 -1 468.58 170.63 496.53 184.97 -1 -1 -1 -1000 -1000 -1000 -10 0.49
9 1 Car -1 -1 -1 450.93 170.02 469.49 184.32 -1 -1 -1 -1000 -1000 -1000 -10 0.69
9 2 Car -1 -1 -1 464.77 171.54 494.22 185.88 -1 -1 -1 -1000 -1000 -1000 -10 0.64
10 1 Car -1 -1 -1 445.46 170.39 464.72 184.03 -1 -1 -1 -1000 -1000 -1000 -10 0.64
10 2 Car -1 -1 -1 461.94 171.25 494.80 186.53 -1 -1 -1 -1000 -1000 -1000 -10 0.61
11 2 Car -1 -1 -1 457.97 168.80 495.03 185.15 -1 -1 -1 -1000 -1000 -1000 -10 0.69
11 1 Car -1 -1 -1 439.79 167.70 462.70 182.11 -1 -1 -1 -1000 -1000 -1000 -10 0.64
12 2 Car -1 -1 -1 458.30 168.37 494.85 185.02 -1 -1 -1 -1000 -1000 -1000 -10 0.69
12 1 Car -1 -1 -1 434.51 168.14 455.92 182.29 -1 -1 -1 -1000 -1000 -1000 -10 0.61
13 2 Car -1 -1 -1 458.27 168.48 497.76 185.62 -1 -1 -1 -1000 -1000 -1000 -10 0.71
13 1 Car -1 -1 -1 429.37 168.74 450.27 184.05 -1 -1 -1 -1000 -1000 -1000 -10 0.64
14 2 Car -1 -1 -1 456.73 167.22 503.71 185.31 -1 -1 -1 -1000 -1000 -1000 -10 0.59
14 1 Car -1 -1 -1 418.30 166.97 442.01 182.13 -1 -1 -1 -1000 -1000 -1000 -10 0.55
15 2 Car -1 -1 -1 460.22 168.51 505.97 187.84 -1 -1 -1 -1000 -1000 -1000 -10 0.85
15 1 Car -1 -1 -1 414.71 168.40 437.77 185.38 -1 -1 -1 -1000 -1000 -1000 -10 0.61
16 2 Car -1 -1 -1 460.96 171.64 512.81 192.12 -1 -1 -1 -1000 -1000 -1000 -10 0.86
16 1 Car -1 -1 -1 410.22 172.55 434.42 189.21 -1 -1 -1 -1000 -1000 -1000 -10 0.62
17 2 Car -1 -1 -1 465.20 173.27 516.68 192.78 -1 -1 -1 -1000 -1000 -1000 -10 0.79
17 1 Car -1 -1 -1 404.44 173.57 430.79 190.57 -1 -1 -1 -1000 -1000 -1000 -10 0.74
18 2 Car -1 -1 -1 469.49 173.54 522.52 192.62 -1 -1 -1 -1000 -1000 -1000 -10 0.69
18 1 Car -1 -1 -1 402.36 171.73 429.77 191.16 -1 -1 -1 -1000 -1000 -1000 -10 0.60
19 2 Car -1 -1 -1 476.11 172.22 527.53 192.26 -1 -1 -1 -1000 -1000 -1000 -10 0.81
19 1 Car -1 -1 -1 398.61 171.57 426.40 190.61 -1 -1 -1 -1000 -1000 -1000 -10 0.73
20 2 Car -1 -1 -1 481.90 171.80 537.43 193.08 -1 -1 -1 -1000 -1000 -1000 -10 0.82
20 1 Car -1 -1 -1 397.04 171.77 427.20 190.09 -1 -1 -1 -1000 -1000 -1000 -10 0.66
21 2 Car -1 -1 -1 490.75 170.18 548.26 194.39 -1 -1 -1 -1000 -1000 -1000 -10 0.80
21 1 Car -1 -1 -1 394.58 171.33 426.93 190.37 -1 -1 -1 -1000 -1000 -1000 -10 0.58
22 2 Car -1 -1 -1 503.58 171.36 557.99 192.91 -1 -1 -1 -1000 -1000 -1000 -10 0.81
22 1 Car -1 -1 -1 395.04 170.72 429.56 190.56 -1 -1 -1 -1000 -1000 -1000 -10 0.66
23 2 Car -1 -1 -1 511.99 171.72 571.96 194.49 -1 -1 -1 -1000 -1000 -1000 -10 0.76
23 1 Car -1 -1 -1 395.97 171.33 429.36 193.11 -1 -1 -1 -1000 -1000 -1000 -10 0.76
24 1 Car -1 -1 -1 394.31 171.26 433.07 194.10 -1 -1 -1 -1000 -1000 -1000 -10 0.77
24 2 Car -1 -1 -1 530.90 172.82 588.22 195.47 -1 -1 -1 -1000 -1000 -1000 -10 0.64
25 1 Car -1 -1 -1 397.05 170.40 438.86 192.89 -1 -1 -1 -1000 -1000 -1000 -10 0.81
25 2 Car -1 -1 -1 549.35 170.57 605.09 194.97 -1 -1 -1 -1000 -1000 -1000 -10 0.80
25 3 Pedestrian -1 -1 -1 517.06 171.65 526.74 199.35 -1 -1 -1 -1000 -1000 -1000 -10 0.48
26 2 Car -1 -1 -1 567.11 171.61 623.47 194.19 -1 -1 -1 -1000 -1000 -1000 -10 0.81
26 1 Car -1 -1 -1 399.30 170.54 445.27 193.68 -1 -1 -1 -1000 -1000 -1000 -10 0.73
26 3 Pedestrian -1 -1 -1 518.41 170.69 527.15 198.54 -1 -1 -1 -1000 -1000 -1000 -10 0.56
27 2 Car -1 -1 -1 586.00 174.23 645.16 197.25 -1 -1 -1 -1000 -1000 -1000 -10 0.87
27 1 Car -1 -1 -1 404.26 173.04 451.32 196.94 -1 -1 -1 -1000 -1000 -1000 -10 0.77
27 3 Pedestrian -1 -1 -1 519.65 173.03 531.07 203.76 -1 -1 -1 -1000 -1000 -1000 -10 0.57
28 1 Car -1 -1 -1 408.19 174.19 458.66 199.26 -1 -1 -1 -1000 -1000 -1000 -10 0.82
28 2 Car -1 -1 -1 601.86 176.26 665.49 199.65 -1 -1 -1 -1000 -1000 -1000 -10 0.75
28 3 Pedestrian -1 -1 -1 521.52 174.54 531.37 203.92 -1 -1 -1 -1000 -1000 -1000 -10 0.63
29 1 Car -1 -1 -1 412.68 173.52 466.20 199.03 -1 -1 -1 -1000 -1000 -1000 -10 0.81
29 2 Car -1 -1 -1 626.14 174.60 688.14 199.06 -1 -1 -1 -1000 -1000 -1000 -10 0.79
29 3 Pedestrian -1 -1 -1 523.52 174.41 534.66 204.60 -1 -1 -1 -1000 -1000 -1000 -10 0.57
30 2 Car -1 -1 -1 648.55 173.68 712.15 197.65 -1 -1 -1 -1000 -1000 -1000 -10 0.86
30 1 Car -1 -1 -1 417.56 171.65 473.59 198.33 -1 -1 -1 -1000 -1000 -1000 -10 0.82
30 3 Pedestrian -1 -1 -1 525.28 174.23 535.90 205.14 -1 -1 -1 -1000 -1000 -1000 -10 0.54
31 2 Car -1 -1 -1 671.26 172.84 738.04 198.34 -1 -1 -1 -1000 -1000 -1000 -10 0.89
31 1 Car -1 -1 -1 421.75 171.01 482.55 199.20 -1 -1 -1 -1000 -1000 -1000 -10 0.88
31 3 Pedestrian -1 -1 -1 526.29 173.13 539.10 207.86 -1 -1 -1 -1000 -1000 -1000 -10 0.56
32 1 Car -1 -1 -1 426.50 170.09 491.81 199.41 -1 -1 -1 -1000 -1000 -1000 -10 0.87
32 2 Car -1 -1 -1 695.68 171.40 765.08 198.82 -1 -1 -1 -1000 -1000 -1000 -10 0.84
32 3 Pedestrian -1 -1 -1 526.96 173.65 540.50 210.39 -1 -1 -1 -1000 -1000 -1000 -10 0.52
33 2 Car -1 -1 -1 718.40 170.96 791.82 199.18 -1 -1 -1 -1000 -1000 -1000 -10 0.91
33 1 Car -1 -1 -1 433.01 169.76 502.28 199.91 -1 -1 -1 -1000 -1000 -1000 -10 0.89
33 3 Pedestrian -1 -1 -1 529.25 173.25 543.68 211.46 -1 -1 -1 -1000 -1000 -1000 -10 0.49
34 1 Car -1 -1 -1 439.22 169.80 511.82 201.63 -1 -1 -1 -1000 -1000 -1000 -10 0.93
34 2 Car -1 -1 -1 744.42 171.63 818.67 198.87 -1 -1 -1 -1000 -1000 -1000 -10 0.90
35 1 Car -1 -1 -1 444.26 168.88 524.37 202.29 -1 -1 -1 -1000 -1000 -1000 -10 0.90
35 2 Car -1 -1 -1 770.22 171.01 850.45 199.83 -1 -1 -1 -1000 -1000 -1000 -10 0.84
36 2 Car -1 -1 -1 798.45 169.54 882.10 201.51 -1 -1 -1 -1000 -1000 -1000 -10 0.92
36 1 Car -1 -1 -1 450.95 167.82 538.43 203.10 -1 -1 -1 -1000 -1000 -1000 -10 0.91
37 1 Car -1 -1 -1 459.51 167.27 547.00 203.81 -1 -1 -1 -1000 -1000 -1000 -10 0.92
37 2 Car -1 -1 -1 828.67 168.33 912.27 201.31 -1 -1 -1 -1000 -1000 -1000 -10 0.90
38 1 Car -1 -1 -1 467.38 166.97 561.90 205.58 -1 -1 -1 -1000 -1000 -1000 -10 0.91
38 2 Car -1 -1 -1 860.58 167.42 944.38 201.24 -1 -1 -1 -1000 -1000 -1000 -10 0.88
39 1 Car -1 -1 -1 480.04 165.38 579.36 206.93 -1 -1 -1 -1000 -1000 -1000 -10 0.94
39 2 Car -1 -1 -1 893.20 164.66 979.82 201.24 -1 -1 -1 -1000 -1000 -1000 -10 0.86
40 1 Car -1 -1 -1 489.16 164.72 592.66 206.99 -1 -1 -1 -1000 -1000 -1000 -10 0.94
40 2 Car -1 -1 -1 927.23 163.93 1016.11 200.68 -1 -1 -1 -1000 -1000 -1000 -10 0.92
41 1 Car -1 -1 -1 499.44 162.91 612.39 208.29 -1 -1 -1 -1000 -1000 -1000 -10 0.94
41 2 Car -1 -1 -1 960.42 162.84 1055.44 199.82 -1 -1 -1 -1000 -1000 -1000 -10 0.92
42 1 Car -1 -1 -1 509.91 162.27 628.88 209.04 -1 -1 -1 -1000 -1000 -1000 -10 0.90
42 2 Car -1 -1 -1 997.52 161.54 1093.42 199.24 -1 -1 -1 -1000 -1000 -1000 -10 0.89
43 1 Car -1 -1 -1 514.31 160.84 652.32 211.60 -1 -1 -1 -1000 -1000 -1000 -10 0.92
43 2 Car -1 -1 -1 1032.48 159.40 1128.96 198.65 -1 -1 -1 -1000 -1000 -1000 -10 0.90
44 1 Car -1 -1 -1 539.12 159.62 669.62 211.22 -1 -1 -1 -1000 -1000 -1000 -10 0.95
44 2 Car -1 -1 -1 1067.48 158.86 1164.35 197.35 -1 -1 -1 -1000 -1000 -1000 -10 0.93
45 1 Car -1 -1 -1 550.90 159.35 688.69 212.16 -1 -1 -1 -1000 -1000 -1000 -10 0.93
45 2 Car -1 -1 -1 1100.82 156.44 1198.90 196.53 -1 -1 -1 -1000 -1000 -1000 -10 0.85
46 1 Car -1 -1 -1 562.30 157.21 708.57 214.26 -1 -1 -1 -1000 -1000 -1000 -10 0.93
46 2 Car -1 -1 -1 1129.97 154.41 1227.88 194.12 -1 -1 -1 -1000 -1000 -1000 -10 0.91
47 1 Car -1 -1 -1 577.50 155.03 729.90 214.94 -1 -1 -1 -1000 -1000 -1000 -10 0.95
47 2 Car -1 -1 -1 1157.19 151.51 1238.33 191.00 -1 -1 -1 -1000 -1000 -1000 -10 0.87
48 1 Car -1 -1 -1 592.13 154.30 748.30 215.41 -1 -1 -1 -1000 -1000 -1000 -10 0.93
48 2 Car -1 -1 -1 1185.54 148.80 1238.63 188.89 -1 -1 -1 -1000 -1000 -1000 -10 0.84
49 1 Car -1 -1 -1 608.20 152.80 767.90 217.93 -1 -1 -1 -1000 -1000 -1000 -10 0.94
49 2 Car -1 -1 -1 1204.35 144.83 1238.73 185.90 -1 -1 -1 -1000 -1000 -1000 -10 0.85
50 1 Car -1 -1 -1 621.28 152.66 789.16 219.04 -1 -1 -1 -1000 -1000 -1000 -10 0.94
50 2 Car -1 -1 -1 1218.52 140.13 1239.98 183.70 -1 -1 -1 -1000 -1000 -1000 -10 0.71
51 1 Car -1 -1 -1 637.74 151.37 808.97 219.50 -1 -1 -1 -1000 -1000 -1000 -10 0.95
51 2 Car -1 -1 -1 1227.62 130.35 1238.84 178.71 -1 -1 -1 -1000 -1000 -1000 -10 0.40
52 1 Car -1 -1 -1 653.35 150.64 826.40 218.80 -1 -1 -1 -1000 -1000 -1000 -10 0.92
53 1 Car -1 -1 -1 669.59 146.36 846.97 217.90 -1 -1 -1 -1000 -1000 -1000 -10 0.94
54 1 Car -1 -1 -1 687.73 144.44 866.92 217.75 -1 -1 -1 -1000 -1000 -1000 -10 0.93
54 4 Car -1 -1 -1 1212.73 113.70 1238.02 143.19 -1 -1 -1 -1000 -1000 -1000 -10 0.56
55 1 Car -1 -1 -1 703.32 143.57 884.16 218.00 -1 -1 -1 -1000 -1000 -1000 -10 0.95
55 4 Car -1 -1 -1 1179.04 114.98 1237.11 141.72 -1 -1 -1 -1000 -1000 -1000 -10 0.78
56 1 Car -1 -1 -1 720.26 140.25 897.91 217.48 -1 -1 -1 -1000 -1000 -1000 -10 0.93
56 4 Car -1 -1 -1 1142.93 113.95 1206.68 142.89 -1 -1 -1 -1000 -1000 -1000 -10 0.80
57 1 Car -1 -1 -1 734.98 137.74 914.24 217.81 -1 -1 -1 -1000 -1000 -1000 -10 0.95
57 4 Car -1 -1 -1 1104.42 112.77 1172.26 143.23 -1 -1 -1 -1000 -1000 -1000 -10 0.72
58 1 Car -1 -1 -1 749.86 133.79 924.09 215.76 -1 -1 -1 -1000 -1000 -1000 -10 0.93
58 4 Car -1 -1 -1 1071.27 113.88 1136.77 143.11 -1 -1 -1 -1000 -1000 -1000 -10 0.83
59 1 Car -1 -1 -1 763.44 132.73 933.66 214.31 -1 -1 -1 -1000 -1000 -1000 -10 0.96
59 4 Car -1 -1 -1 1035.16 115.79 1096.87 144.22 -1 -1 -1 -1000 -1000 -1000 -10 0.85
60 1 Car -1 -1 -1 776.46 132.49 941.71 214.06 -1 -1 -1 -1000 -1000 -1000 -10 0.96
60 4 Car -1 -1 -1 998.96 118.66 1060.29 146.10 -1 -1 -1 -1000 -1000 -1000 -10 0.79
60 5 Car -1 -1 -1 1218.13 106.02 1238.70 138.81 -1 -1 -1 -1000 -1000 -1000 -10 0.64
61 1 Car -1 -1 -1 786.57 132.93 946.69 213.85 -1 -1 -1 -1000 -1000 -1000 -10 0.96
61 4 Car -1 -1 -1 958.97 121.83 1022.98 149.94 -1 -1 -1 -1000 -1000 -1000 -10 0.85
61 5 Car -1 -1 -1 1199.75 107.33 1236.07 139.42 -1 -1 -1 -1000 -1000 -1000 -10 0.82
62 1 Car -1 -1 -1 795.37 133.04 947.49 213.84 -1 -1 -1 -1000 -1000 -1000 -10 0.97
62 4 Car -1 -1 -1 918.49 124.90 985.92 154.21 -1 -1 -1 -1000 -1000 -1000 -10 0.83
62 5 Car -1 -1 -1 1177.49 111.48 1223.43 140.21 -1 -1 -1 -1000 -1000 -1000 -10 0.70
63 1 Car -1 -1 -1 802.71 134.64 947.64 214.54 -1 -1 -1 -1000 -1000 -1000 -10 0.97
63 5 Car -1 -1 -1 1154.08 116.37 1193.55 143.26 -1 -1 -1 -1000 -1000 -1000 -10 0.74
63 4 Car -1 -1 -1 885.27 129.70 942.99 158.24 -1 -1 -1 -1000 -1000 -1000 -10 0.62
64 1 Car -1 -1 -1 804.85 134.76 946.47 215.52 -1 -1 -1 -1000 -1000 -1000 -10 0.96
64 5 Car -1 -1 -1 1127.76 120.99 1165.33 147.08 -1 -1 -1 -1000 -1000 -1000 -10 0.82
65 1 Car -1 -1 -1 807.74 139.38 940.73 217.05 -1 -1 -1 -1000 -1000 -1000 -10 0.97
65 5 Car -1 -1 -1 1100.07 126.63 1138.63 151.58 -1 -1 -1 -1000 -1000 -1000 -10 0.83
65 6 Car -1 -1 -1 800.03 139.72 873.02 176.67 -1 -1 -1 -1000 -1000 -1000 -10 0.42
66 1 Car -1 -1 -1 807.89 141.86 934.23 220.53 -1 -1 -1 -1000 -1000 -1000 -10 0.97
66 6 Car -1 -1 -1 755.97 145.81 830.03 178.17 -1 -1 -1 -1000 -1000 -1000 -10 0.87
66 5 Car -1 -1 -1 1071.68 131.46 1107.37 156.55 -1 -1 -1 -1000 -1000 -1000 -10 0.75
67 1 Car -1 -1 -1 807.63 146.28 925.79 223.19 -1 -1 -1 -1000 -1000 -1000 -10 0.96
67 6 Car -1 -1 -1 713.94 151.38 788.94 187.14 -1 -1 -1 -1000 -1000 -1000 -10 0.87
67 5 Car -1 -1 -1 1045.35 138.30 1079.11 161.36 -1 -1 -1 -1000 -1000 -1000 -10 0.76
68 1 Car -1 -1 -1 802.91 151.65 915.97 227.98 -1 -1 -1 -1000 -1000 -1000 -10 0.98
68 6 Car -1 -1 -1 670.44 159.43 747.35 197.79 -1 -1 -1 -1000 -1000 -1000 -10 0.84
68 5 Car -1 -1 -1 1017.06 144.52 1049.64 166.95 -1 -1 -1 -1000 -1000 -1000 -10 0.63
69 1 Car -1 -1 -1 796.37 158.50 906.56 230.75 -1 -1 -1 -1000 -1000 -1000 -10 0.96
69 6 Car -1 -1 -1 623.75 165.76 707.49 207.03 -1 -1 -1 -1000 -1000 -1000 -10 0.88
69 5 Car -1 -1 -1 989.72 151.81 1019.34 174.60 -1 -1 -1 -1000 -1000 -1000 -10 0.63
70 1 Car -1 -1 -1 790.12 161.74 892.16 232.69 -1 -1 -1 -1000 -1000 -1000 -10 0.97
70 6 Car -1 -1 -1 573.79 171.90 664.79 213.64 -1 -1 -1 -1000 -1000 -1000 -10 0.81
70 5 Car -1 -1 -1 961.49 156.67 992.31 178.06 -1 -1 -1 -1000 -1000 -1000 -10 0.70
71 1 Car -1 -1 -1 780.84 162.48 877.16 232.90 -1 -1 -1 -1000 -1000 -1000 -10 0.98
71 6 Car -1 -1 -1 523.58 174.77 621.12 220.15 -1 -1 -1 -1000 -1000 -1000 -10 0.90
71 5 Car -1 -1 -1 932.73 159.64 963.32 179.88 -1 -1 -1 -1000 -1000 -1000 -10 0.72
72 1 Car -1 -1 -1 770.25 163.92 861.95 232.41 -1 -1 -1 -1000 -1000 -1000 -10 0.97
72 6 Car -1 -1 -1 468.26 176.84 574.18 227.24 -1 -1 -1 -1000 -1000 -1000 -10 0.86
72 5 Car -1 -1 -1 905.78 162.79 935.59 182.24 -1 -1 -1 -1000 -1000 -1000 -10 0.59
73 1 Car -1 -1 -1 757.40 165.88 844.03 231.14 -1 -1 -1 -1000 -1000 -1000 -10 0.94
73 6 Car -1 -1 -1 400.55 181.00 519.44 236.05 -1 -1 -1 -1000 -1000 -1000 -10 0.92
73 5 Car -1 -1 -1 877.24 164.52 904.59 184.82 -1 -1 -1 -1000 -1000 -1000 -10 0.71
74 1 Car -1 -1 -1 743.19 167.73 827.16 232.04 -1 -1 -1 -1000 -1000 -1000 -10 0.94
74 6 Car -1 -1 -1 326.43 183.14 462.60 244.11 -1 -1 -1 -1000 -1000 -1000 -10 0.90
74 5 Car -1 -1 -1 850.61 167.87 875.88 186.11 -1 -1 -1 -1000 -1000 -1000 -10 0.71
75 1 Car -1 -1 -1 728.69 167.07 805.32 229.53 -1 -1 -1 -1000 -1000 -1000 -10 0.95
75 6 Car -1 -1 -1 241.55 183.84 397.97 250.70 -1 -1 -1 -1000 -1000 -1000 -10 0.92
75 5 Car -1 -1 -1 824.60 167.62 847.87 186.48 -1 -1 -1 -1000 -1000 -1000 -10 0.72
76 1 Car -1 -1 -1 711.63 166.60 788.60 226.43 -1 -1 -1 -1000 -1000 -1000 -10 0.94
76 6 Car -1 -1 -1 136.97 185.05 324.93 264.43 -1 -1 -1 -1000 -1000 -1000 -10 0.92
76 5 Car -1 -1 -1 798.30 167.93 821.39 185.11 -1 -1 -1 -1000 -1000 -1000 -10 0.66
77 6 Car -1 -1 -1 10.93 186.15 240.50 279.29 -1 -1 -1 -1000 -1000 -1000 -10 0.95
77 1 Car -1 -1 -1 696.31 164.60 766.79 223.97 -1 -1 -1 -1000 -1000 -1000 -10 0.94
77 5 Car -1 -1 -1 773.46 167.01 796.60 183.42 -1 -1 -1 -1000 -1000 -1000 -10 0.57
78 6 Car -1 -1 -1 4.09 193.47 140.25 294.94 -1 -1 -1 -1000 -1000 -1000 -10 0.94
78 1 Car -1 -1 -1 680.32 165.38 749.56 221.99 -1 -1 -1 -1000 -1000 -1000 -10 0.93
78 5 Car -1 -1 -1 748.28 166.53 771.08 183.88 -1 -1 -1 -1000 -1000 -1000 -10 0.58
79 1 Car -1 -1 -1 664.47 165.75 730.27 222.11 -1 -1 -1 -1000 -1000 -1000 -10 0.94
79 5 Car -1 -1 -1 725.57 168.08 747.88 185.31 -1 -1 -1 -1000 -1000 -1000 -10 0.58
80 1 Car -1 -1 -1 648.83 165.87 714.53 222.66 -1 -1 -1 -1000 -1000 -1000 -10 0.93
80 5 Car -1 -1 -1 704.88 169.63 727.08 185.86 -1 -1 -1 -1000 -1000 -1000 -10 0.68
81 1 Car -1 -1 -1 635.18 167.29 697.49 221.64 -1 -1 -1 -1000 -1000 -1000 -10 0.91
81 5 Car -1 -1 -1 684.93 171.38 707.83 186.23 -1 -1 -1 -1000 -1000 -1000 -10 0.59
82 1 Car -1 -1 -1 621.92 169.23 684.36 222.72 -1 -1 -1 -1000 -1000 -1000 -10 0.89
83 1 Car -1 -1 -1 611.14 170.38 671.36 222.92 -1 -1 -1 -1000 -1000 -1000 -10 0.91
84 1 Car -1 -1 -1 599.11 172.30 657.40 224.02 -1 -1 -1 -1000 -1000 -1000 -10 0.86
85 1 Car -1 -1 -1 588.25 174.79 647.51 224.63 -1 -1 -1 -1000 -1000 -1000 -10 0.83
86 1 Car -1 -1 -1 580.29 175.74 636.12 224.44 -1 -1 -1 -1000 -1000 -1000 -10 0.91
87 1 Car -1 -1 -1 573.19 176.19 628.91 224.05 -1 -1 -1 -1000 -1000 -1000 -10 0.85
88 1 Car -1 -1 -1 569.67 177.73 623.34 224.11 -1 -1 -1 -1000 -1000 -1000 -10 0.93
89 1 Car -1 -1 -1 567.46 178.93 621.14 225.41 -1 -1 -1 -1000 -1000 -1000 -10 0.81
90 1 Car -1 -1 -1 565.42 181.26 619.51 226.55 -1 -1 -1 -1000 -1000 -1000 -10 0.91
91 1 Car -1 -1 -1 565.31 183.56 615.72 226.57 -1 -1 -1 -1000 -1000 -1000 -10 0.91
92 1 Car -1 -1 -1 562.97 184.06 613.31 226.12 -1 -1 -1 -1000 -1000 -1000 -10 0.94
93 1 Car -1 -1 -1 561.12 183.69 611.89 225.02 -1 -1 -1 -1000 -1000 -1000 -10 0.85
94 1 Car -1 -1 -1 559.87 185.28 608.88 225.78 -1 -1 -1 -1000 -1000 -1000 -10 0.93
95 1 Car -1 -1 -1 559.25 186.41 605.96 226.15 -1 -1 -1 -1000 -1000 -1000 -10 0.77
96 1 Car -1 -1 -1 557.19 186.79 603.73 224.98 -1 -1 -1 -1000 -1000 -1000 -10 0.92
97 1 Car -1 -1 -1 555.46 185.51 602.04 223.68 -1 -1 -1 -1000 -1000 -1000 -10 0.85
98 1 Car -1 -1 -1 553.36 185.04 599.11 222.57 -1 -1 -1 -1000 -1000 -1000 -10 0.90
99 1 Car -1 -1 -1 552.10 185.09 597.68 222.46 -1 -1 -1 -1000 -1000 -1000 -10 0.81
100 1 Car -1 -1 -1 552.16 185.47 595.52 221.52 -1 -1 -1 -1000 -1000 -1000 -10 0.77
101 1 Car -1 -1 -1 551.54 184.39 594.27 220.10 -1 -1 -1 -1000 -1000 -1000 -10 0.89
102 1 Car -1 -1 -1 550.77 183.63 592.90 219.51 -1 -1 -1 -1000 -1000 -1000 -10 0.91
103 1 Car -1 -1 -1 549.90 182.93 592.15 218.62 -1 -1 -1 -1000 -1000 -1000 -10 0.85
104 1 Car -1 -1 -1 549.60 183.07 590.36 218.16 -1 -1 -1 -1000 -1000 -1000 -10 0.85
105 1 Car -1 -1 -1 549.41 182.65 589.05 217.70 -1 -1 -1 -1000 -1000 -1000 -10 0.88
106 1 Car -1 -1 -1 548.93 182.55 588.31 216.99 -1 -1 -1 -1000 -1000 -1000 -10 0.84
107 1 Car -1 -1 -1 548.46 183.20 587.29 215.90 -1 -1 -1 -1000 -1000 -1000 -10 0.78
108 1 Car -1 -1 -1 549.32 182.53 586.60 214.27 -1 -1 -1 -1000 -1000 -1000 -10 0.84
109 1 Car -1 -1 -1 550.07 182.33 587.34 214.54 -1 -1 -1 -1000 -1000 -1000 -10 0.84
110 1 Car -1 -1 -1 550.84 182.37 587.45 214.46 -1 -1 -1 -1000 -1000 -1000 -10 0.84
111 1 Car -1 -1 -1 550.81 182.27 587.73 214.14 -1 -1 -1 -1000 -1000 -1000 -10 0.87
112 1 Car -1 -1 -1 550.98 181.57 587.66 213.12 -1 -1 -1 -1000 -1000 -1000 -10 0.89
113 1 Car -1 -1 -1 551.26 181.52 586.70 211.89 -1 -1 -1 -1000 -1000 -1000 -10 0.88
114 1 Car -1 -1 -1 551.80 180.57 587.58 211.53 -1 -1 -1 -1000 -1000 -1000 -10 0.83
115 1 Car -1 -1 -1 551.87 180.70 588.29 211.02 -1 -1 -1 -1000 -1000 -1000 -10 0.72
116 1 Car -1 -1 -1 551.48 179.22 588.85 210.36 -1 -1 -1 -1000 -1000 -1000 -10 0.61
117 1 Car -1 -1 -1 551.79 179.27 588.56 210.03 -1 -1 -1 -1000 -1000 -1000 -10 0.66
118 1 Car -1 -1 -1 552.03 179.33 588.24 209.45 -1 -1 -1 -1000 -1000 -1000 -10 0.74
118 7 Car -1 -1 -1 522.47 179.73 538.23 190.21 -1 -1 -1 -1000 -1000 -1000 -10 0.47
119 1 Car -1 -1 -1 552.59 178.86 586.91 207.61 -1 -1 -1 -1000 -1000 -1000 -10 0.85
119 7 Car -1 -1 -1 520.59 178.30 537.52 190.27 -1 -1 -1 -1000 -1000 -1000 -10 0.60
120 1 Car -1 -1 -1 552.32 178.95 585.77 207.07 -1 -1 -1 -1000 -1000 -1000 -10 0.88
121 1 Car -1 -1 -1 551.15 178.92 584.62 206.62 -1 -1 -1 -1000 -1000 -1000 -10 0.86
122 1 Car -1 -1 -1 550.47 178.85 584.14 206.27 -1 -1 -1 -1000 -1000 -1000 -10 0.82
123 1 Car -1 -1 -1 549.61 178.26 583.05 205.89 -1 -1 -1 -1000 -1000 -1000 -10 0.64
123 8 Car -1 -1 -1 514.00 176.68 530.12 187.93 -1 -1 -1 -1000 -1000 -1000 -10 0.49
124 1 Car -1 -1 -1 550.01 178.37 581.95 205.69 -1 -1 -1 -1000 -1000 -1000 -10 0.75
124 8 Car -1 -1 -1 513.06 176.52 529.38 188.33 -1 -1 -1 -1000 -1000 -1000 -10 0.64
125 1 Car -1 -1 -1 549.00 178.72 580.46 205.16 -1 -1 -1 -1000 -1000 -1000 -10 0.79
125 8 Car -1 -1 -1 509.54 176.67 527.28 187.98 -1 -1 -1 -1000 -1000 -1000 -10 0.63
126 1 Car -1 -1 -1 546.56 178.69 579.91 205.29 -1 -1 -1 -1000 -1000 -1000 -10 0.67
126 8 Car -1 -1 -1 508.47 176.48 525.17 187.84 -1 -1 -1 -1000 -1000 -1000 -10 0.49
127 1 Car -1 -1 -1 545.02 177.03 577.74 204.55 -1 -1 -1 -1000 -1000 -1000 -10 0.77
127 8 Car -1 -1 -1 505.77 176.77 521.94 187.74 -1 -1 -1 -1000 -1000 -1000 -10 0.66
128 1 Car -1 -1 -1 544.68 177.09 576.33 203.87 -1 -1 -1 -1000 -1000 -1000 -10 0.81
128 8 Car -1 -1 -1 502.82 177.24 519.66 187.14 -1 -1 -1 -1000 -1000 -1000 -10 0.55
129 1 Car -1 -1 -1 543.81 176.72 575.02 202.33 -1 -1 -1 -1000 -1000 -1000 -10 0.76
129 8 Car -1 -1 -1 502.34 176.83 516.25 186.59 -1 -1 -1 -1000 -1000 -1000 -10 0.50
130 1 Car -1 -1 -1 542.96 176.66 573.14 202.52 -1 -1 -1 -1000 -1000 -1000 -10 0.83
130 8 Car -1 -1 -1 499.85 176.75 514.97 187.35 -1 -1 -1 -1000 -1000 -1000 -10 0.64
131 1 Car -1 -1 -1 541.07 177.59 572.11 203.85 -1 -1 -1 -1000 -1000 -1000 -10 0.76
131 8 Car -1 -1 -1 498.09 177.59 513.33 188.33 -1 -1 -1 -1000 -1000 -1000 -10 0.50
132 1 Car -1 -1 -1 539.07 179.03 570.20 204.98 -1 -1 -1 -1000 -1000 -1000 -10 0.58
132 8 Car -1 -1 -1 497.15 179.00 513.09 190.17 -1 -1 -1 -1000 -1000 -1000 -10 0.49
133 1 Car -1 -1 -1 539.11 180.05 569.54 205.96 -1 -1 -1 -1000 -1000 -1000 -10 0.82
133 8 Car -1 -1 -1 493.35 180.31 513.30 192.33 -1 -1 -1 -1000 -1000 -1000 -10 0.49
134 1 Car -1 -1 -1 536.77 180.07 567.46 205.58 -1 -1 -1 -1000 -1000 -1000 -10 0.82
134 8 Car -1 -1 -1 490.85 180.46 509.03 191.91 -1 -1 -1 -1000 -1000 -1000 -10 0.51
135 1 Car -1 -1 -1 535.78 180.01 567.28 205.30 -1 -1 -1 -1000 -1000 -1000 -10 0.72
135 8 Car -1 -1 -1 490.86 180.18 508.01 191.51 -1 -1 -1 -1000 -1000 -1000 -10 0.66
136 1 Car -1 -1 -1 535.07 180.09 566.39 205.44 -1 -1 -1 -1000 -1000 -1000 -10 0.72
136 8 Car -1 -1 -1 491.63 180.99 507.70 191.58 -1 -1 -1 -1000 -1000 -1000 -10 0.67
137 8 Car -1 -1 -1 491.47 180.26 506.70 190.33 -1 -1 -1 -1000 -1000 -1000 -10 0.70
137 1 Car -1 -1 -1 536.11 180.02 565.09 204.21 -1 -1 -1 -1000 -1000 -1000 -10 0.67
138 1 Car -1 -1 -1 536.88 178.27 566.07 202.64 -1 -1 -1 -1000 -1000 -1000 -10 0.68
138 8 Car -1 -1 -1 491.37 178.94 508.45 189.66 -1 -1 -1 -1000 -1000 -1000 -10 0.49
139 1 Car -1 -1 -1 537.80 177.48 566.60 200.71 -1 -1 -1 -1000 -1000 -1000 -10 0.81
140 1 Car -1 -1 -1 539.51 176.34 566.35 199.68 -1 -1 -1 -1000 -1000 -1000 -10 0.70
141 1 Car -1 -1 -1 538.72 174.83 566.72 198.77 -1 -1 -1 -1000 -1000 -1000 -10 0.75
142 1 Car -1 -1 -1 539.95 174.66 566.65 197.58 -1 -1 -1 -1000 -1000 -1000 -10 0.82
143 1 Car -1 -1 -1 540.26 174.22 566.94 197.69 -1 -1 -1 -1000 -1000 -1000 -10 0.81
144 1 Car -1 -1 -1 539.94 174.71 568.23 198.45 -1 -1 -1 -1000 -1000 -1000 -10 0.75
145 1 Car -1 -1 -1 540.87 174.88 568.19 198.35 -1 -1 -1 -1000 -1000 -1000 -10 0.66
146 1 Car -1 -1 -1 541.33 175.44 567.95 198.33 -1 -1 -1 -1000 -1000 -1000 -10 0.55
147 1 Car -1 -1 -1 540.86 175.43 567.81 198.53 -1 -1 -1 -1000 -1000 -1000 -10 0.59
148 1 Car -1 -1 -1 541.19 177.68 566.45 198.67 -1 -1 -1 -1000 -1000 -1000 -10 0.73
149 1 Car -1 -1 -1 540.22 177.94 565.32 198.57 -1 -1 -1 -1000 -1000 -1000 -10 0.74
150 1 Car -1 -1 -1 537.91 177.64 565.14 199.18 -1 -1 -1 -1000 -1000 -1000 -10 0.62
151 1 Car -1 -1 -1 536.45 178.32 562.94 199.94 -1 -1 -1 -1000 -1000 -1000 -10 0.82
152 1 Car -1 -1 -1 536.74 179.53 561.22 199.88 -1 -1 -1 -1000 -1000 -1000 -10 0.81
153 1 Car -1 -1 -1 535.63 178.72 560.05 199.36 -1 -1 -1 -1000 -1000 -1000 -10 0.71
154 1 Car -1 -1 -1 534.93 178.18 560.41 198.36 -1 -1 -1 -1000 -1000 -1000 -10 0.56
155 1 Car -1 -1 -1 534.92 178.49 558.89 197.52 -1 -1 -1 -1000 -1000 -1000 -10 0.46
156 1 Car -1 -1 -1 534.12 176.16 558.54 196.37 -1 -1 -1 -1000 -1000 -1000 -10 0.72
157 1 Car -1 -1 -1 534.96 175.14 558.59 195.09 -1 -1 -1 -1000 -1000 -1000 -10 0.60
158 1 Car -1 -1 -1 535.45 174.54 560.24 194.46 -1 -1 -1 -1000 -1000 -1000 -10 0.64
159 1 Car -1 -1 -1 536.06 174.42 560.27 194.26 -1 -1 -1 -1000 -1000 -1000 -10 0.71
160 1 Car -1 -1 -1 536.44 174.42 561.05 194.26 -1 -1 -1 -1000 -1000 -1000 -10 0.73
161 1 Car -1 -1 -1 538.01 174.28 562.92 194.60 -1 -1 -1 -1000 -1000 -1000 -10 0.69
162 1 Car -1 -1 -1 539.65 174.86 564.33 194.20 -1 -1 -1 -1000 -1000 -1000 -10 0.71
163 1 Car -1 -1 -1 541.33 175.30 564.94 194.11 -1 -1 -1 -1000 -1000 -1000 -10 0.75
164 1 Car -1 -1 -1 542.73 175.28 566.48 194.07 -1 -1 -1 -1000 -1000 -1000 -10 0.58
165 1 Car -1 -1 -1 544.77 175.22 567.61 193.76 -1 -1 -1 -1000 -1000 -1000 -10 0.73
166 1 Car -1 -1 -1 546.15 175.69 567.87 194.09 -1 -1 -1 -1000 -1000 -1000 -10 0.76
167 1 Car -1 -1 -1 546.80 175.95 567.89 193.82 -1 -1 -1 -1000 -1000 -1000 -10 0.76
168 1 Car -1 -1 -1 546.47 175.83 567.84 193.36 -1 -1 -1 -1000 -1000 -1000 -10 0.76
169 1 Car -1 -1 -1 546.77 175.60 567.65 192.85 -1 -1 -1 -1000 -1000 -1000 -10 0.71
170 1 Car -1 -1 -1 546.71 175.63 567.52 192.73 -1 -1 -1 -1000 -1000 -1000 -10 0.68
171 1 Car -1 -1 -1 546.35 175.55 567.00 192.56 -1 -1 -1 -1000 -1000 -1000 -10 0.62
172 1 Car -1 -1 -1 545.51 173.95 566.52 191.75 -1 -1 -1 -1000 -1000 -1000 -10 0.70
173 1 Car -1 -1 -1 545.98 173.74 566.81 191.64 -1 -1 -1 -1000 -1000 -1000 -10 0.76
174 1 Car -1 -1 -1 546.26 173.64 567.95 192.53 -1 -1 -1 -1000 -1000 -1000 -10 0.70
175 1 Car -1 -1 -1 547.01 175.78 567.66 193.00 -1 -1 -1 -1000 -1000 -1000 -10 0.73
176 1 Car -1 -1 -1 547.64 176.03 567.93 193.06 -1 -1 -1 -1000 -1000 -1000 -10 0.72
177 1 Car -1 -1 -1 547.96 175.99 568.43 193.21 -1 -1 -1 -1000 -1000 -1000 -10 0.68
178 1 Car -1 -1 -1 549.87 176.63 569.45 193.47 -1 -1 -1 -1000 -1000 -1000 -10 0.70
179 1 Car -1 -1 -1 551.00 176.33 570.10 192.79 -1 -1 -1 -1000 -1000 -1000 -10 0.76
180 1 Car -1 -1 -1 551.51 175.99 570.33 192.08 -1 -1 -1 -1000 -1000 -1000 -10 0.66
181 1 Car -1 -1 -1 551.99 173.76 572.25 191.02 -1 -1 -1 -1000 -1000 -1000 -10 0.69
182 1 Car -1 -1 -1 553.83 173.69 573.48 189.78 -1 -1 -1 -1000 -1000 -1000 -10 0.73
183 1 Car -1 -1 -1 555.91 175.23 575.43 190.14 -1 -1 -1 -1000 -1000 -1000 -10 0.67
184 1 Car -1 -1 -1 558.40 175.54 577.82 190.46 -1 -1 -1 -1000 -1000 -1000 -10 0.66
185 1 Car -1 -1 -1 560.03 174.97 579.40 191.20 -1 -1 -1 -1000 -1000 -1000 -10 0.60
186 1 Car -1 -1 -1 562.36 175.23 583.15 190.75 -1 -1 -1 -1000 -1000 -1000 -10 0.70
187 1 Car -1 -1 -1 566.29 174.94 585.89 191.16 -1 -1 -1 -1000 -1000 -1000 -10 0.66
188 1 Car -1 -1 -1 568.72 174.94 588.94 191.28 -1 -1 -1 -1000 -1000 -1000 -10 0.52
189 1 Car -1 -1 -1 571.52 175.53 591.55 190.76 -1 -1 -1 -1000 -1000 -1000 -10 0.49
190 1 Car -1 -1 -1 574.95 176.42 593.16 191.79 -1 -1 -1 -1000 -1000 -1000 -10 0.63
191 1 Car -1 -1 -1 576.50 176.67 595.02 191.84 -1 -1 -1 -1000 -1000 -1000 -10 0.48
192 1 Car -1 -1 -1 578.51 177.09 596.44 191.06 -1 -1 -1 -1000 -1000 -1000 -10 0.61
193 1 Car -1 -1 -1 579.37 175.67 598.92 190.59 -1 -1 -1 -1000 -1000 -1000 -10 0.51
194 1 Car -1 -1 -1 581.94 175.33 600.34 190.73 -1 -1 -1 -1000 -1000 -1000 -10 0.66
195 1 Car -1 -1 -1 583.73 175.55 602.78 190.34 -1 -1 -1 -1000 -1000 -1000 -10 0.58
196 1 Car -1 -1 -1 588.99 177.57 608.13 190.71 -1 -1 -1 -1000 -1000 -1000 -10 0.56
197 1 Car -1 -1 -1 591.81 176.94 610.27 191.23 -1 -1 -1 -1000 -1000 -1000 -10 0.53
198 1 Car -1 -1 -1 593.00 176.26 613.84 189.93 -1 -1 -1 -1000 -1000 -1000 -10 0.61
199 1 Car -1 -1 -1 597.43 175.03 616.41 189.55 -1 -1 -1 -1000 -1000 -1000 -10 0.75
200 1 Car -1 -1 -1 599.07 174.13 620.97 188.71 -1 -1 -1 -1000 -1000 -1000 -10 0.64
200 9 Car -1 -1 -1 516.23 172.11 549.12 185.17 -1 -1 -1 -1000 -1000 -1000 -10 0.44
201 1 Car -1 -1 -1 601.37 173.35 623.34 188.07 -1 -1 -1 -1000 -1000 -1000 -10 0.64
201 9 Car -1 -1 -1 518.77 171.92 547.21 184.82 -1 -1 -1 -1000 -1000 -1000 -10 0.62
202 9 Car -1 -1 -1 518.39 171.70 547.90 184.72 -1 -1 -1 -1000 -1000 -1000 -10 0.65
202 1 Car -1 -1 -1 605.06 172.82 625.85 188.02 -1 -1 -1 -1000 -1000 -1000 -10 0.65
203 9 Car -1 -1 -1 518.74 171.09 549.16 184.77 -1 -1 -1 -1000 -1000 -1000 -10 0.70
203 1 Car -1 -1 -1 606.57 170.77 626.69 187.36 -1 -1 -1 -1000 -1000 -1000 -10 0.50
204 9 Car -1 -1 -1 518.56 171.09 550.75 185.07 -1 -1 -1 -1000 -1000 -1000 -10 0.61
204 1 Car -1 -1 -1 607.49 170.68 632.25 186.62 -1 -1 -1 -1000 -1000 -1000 -10 0.60
205 1 Car -1 -1 -1 612.42 174.07 635.31 187.58 -1 -1 -1 -1000 -1000 -1000 -10 0.64
205 9 Car -1 -1 -1 521.11 171.62 552.19 184.81 -1 -1 -1 -1000 -1000 -1000 -10 0.54
206 1 Car -1 -1 -1 615.43 174.47 637.51 187.78 -1 -1 -1 -1000 -1000 -1000 -10 0.71
206 9 Car -1 -1 -1 522.58 170.90 551.83 184.79 -1 -1 -1 -1000 -1000 -1000 -10 0.66
207 1 Car -1 -1 -1 620.00 174.11 640.69 187.82 -1 -1 -1 -1000 -1000 -1000 -10 0.72
207 9 Car -1 -1 -1 521.23 170.96 553.08 184.87 -1 -1 -1 -1000 -1000 -1000 -10 0.62
208 1 Car -1 -1 -1 623.43 173.30 643.73 188.49 -1 -1 -1 -1000 -1000 -1000 -10 0.68
208 9 Car -1 -1 -1 520.39 170.76 554.13 185.52 -1 -1 -1 -1000 -1000 -1000 -10 0.68
209 1 Car -1 -1 -1 625.72 173.08 645.04 188.08 -1 -1 -1 -1000 -1000 -1000 -10 0.74
209 9 Car -1 -1 -1 519.46 170.62 555.16 185.54 -1 -1 -1 -1000 -1000 -1000 -10 0.68
209 10 Car -1 -1 -1 601.52 170.88 622.38 184.05 -1 -1 -1 -1000 -1000 -1000 -10 0.42
210 9 Car -1 -1 -1 519.10 170.76 555.28 185.27 -1 -1 -1 -1000 -1000 -1000 -10 0.66
210 10 Car -1 -1 -1 603.01 170.58 621.07 183.71 -1 -1 -1 -1000 -1000 -1000 -10 0.65
210 1 Car -1 -1 -1 628.54 173.43 648.03 187.09 -1 -1 -1 -1000 -1000 -1000 -10 0.63
211 10 Car -1 -1 -1 601.85 171.05 620.40 184.38 -1 -1 -1 -1000 -1000 -1000 -10 0.72
211 1 Car -1 -1 -1 632.53 173.69 651.76 187.00 -1 -1 -1 -1000 -1000 -1000 -10 0.70
211 9 Car -1 -1 -1 519.83 171.07 553.92 185.33 -1 -1 -1 -1000 -1000 -1000 -10 0.63
212 1 Car -1 -1 -1 635.60 173.50 654.66 187.43 -1 -1 -1 -1000 -1000 -1000 -10 0.70
212 9 Car -1 -1 -1 517.49 171.20 556.21 185.79 -1 -1 -1 -1000 -1000 -1000 -10 0.66
212 10 Car -1 -1 -1 601.20 171.23 619.10 184.40 -1 -1 -1 -1000 -1000 -1000 -10 0.64
213 10 Car -1 -1 -1 599.19 172.74 616.20 184.97 -1 -1 -1 -1000 -1000 -1000 -10 0.63
213 9 Car -1 -1 -1 516.26 171.19 557.00 185.55 -1 -1 -1 -1000 -1000 -1000 -10 0.62
213 1 Car -1 -1 -1 640.66 174.25 656.64 186.11 -1 -1 -1 -1000 -1000 -1000 -10 0.43
214 1 Car -1 -1 -1 641.72 172.06 659.12 185.05 -1 -1 -1 -1000 -1000 -1000 -10 0.71
214 9 Car -1 -1 -1 513.46 169.08 554.08 185.72 -1 -1 -1 -1000 -1000 -1000 -10 0.71
214 10 Car -1 -1 -1 597.63 172.04 614.95 184.18 -1 -1 -1 -1000 -1000 -1000 -10 0.57
215 1 Car -1 -1 -1 644.69 170.58 662.23 184.36 -1 -1 -1 -1000 -1000 -1000 -10 0.74
215 9 Car -1 -1 -1 511.61 168.29 555.88 185.01 -1 -1 -1 -1000 -1000 -1000 -10 0.74
215 10 Car -1 -1 -1 594.87 170.89 613.04 184.34 -1 -1 -1 -1000 -1000 -1000 -10 0.71
215 11 Car -1 -1 -1 621.94 169.23 637.90 180.32 -1 -1 -1 -1000 -1000 -1000 -10 0.50
216 9 Car -1 -1 -1 511.29 168.25 555.51 185.05 -1 -1 -1 -1000 -1000 -1000 -10 0.72
216 10 Car -1 -1 -1 594.15 170.75 611.37 183.97 -1 -1 -1 -1000 -1000 -1000 -10 0.70
216 1 Car -1 -1 -1 646.65 170.12 664.12 184.11 -1 -1 -1 -1000 -1000 -1000 -10 0.63
216 11 Car -1 -1 -1 619.80 169.40 636.46 180.50 -1 -1 -1 -1000 -1000 -1000 -10 0.48
217 1 Car -1 -1 -1 649.06 171.41 666.96 184.11 -1 -1 -1 -1000 -1000 -1000 -10 0.75
217 10 Car -1 -1 -1 591.13 172.01 608.67 184.64 -1 -1 -1 -1000 -1000 -1000 -10 0.71
217 9 Car -1 -1 -1 511.77 168.71 553.92 185.80 -1 -1 -1 -1000 -1000 -1000 -10 0.69
217 11 Car -1 -1 -1 618.82 171.10 634.37 181.30 -1 -1 -1 -1000 -1000 -1000 -10 0.51
218 1 Car -1 -1 -1 651.41 171.50 669.89 184.42 -1 -1 -1 -1000 -1000 -1000 -10 0.72
218 10 Car -1 -1 -1 589.64 172.33 608.27 185.58 -1 -1 -1 -1000 -1000 -1000 -10 0.67
218 9 Car -1 -1 -1 509.74 169.30 551.82 186.53 -1 -1 -1 -1000 -1000 -1000 -10 0.66
218 11 Car -1 -1 -1 618.44 170.83 633.13 182.31 -1 -1 -1 -1000 -1000 -1000 -10 0.59
218 12 Car -1 -1 -1 453.65 169.30 495.49 187.77 -1 -1 -1 -1000 -1000 -1000 -10 0.49
219 10 Car -1 -1 -1 586.62 174.02 607.04 188.38 -1 -1 -1 -1000 -1000 -1000 -10 0.65
219 9 Car -1 -1 -1 507.96 171.69 551.40 188.88 -1 -1 -1 -1000 -1000 -1000 -10 0.60
219 11 Car -1 -1 -1 616.86 172.47 631.42 184.62 -1 -1 -1 -1000 -1000 -1000 -10 0.57
219 1 Car -1 -1 -1 653.80 173.23 672.43 184.91 -1 -1 -1 -1000 -1000 -1000 -10 0.55
219 12 Car -1 -1 -1 448.51 171.26 492.80 189.82 -1 -1 -1 -1000 -1000 -1000 -10 0.51
220 12 Car -1 -1 -1 444.46 172.64 491.56 190.49 -1 -1 -1 -1000 -1000 -1000 -10 0.73
220 1 Car -1 -1 -1 655.73 174.82 677.06 186.54 -1 -1 -1 -1000 -1000 -1000 -10 0.66
220 10 Car -1 -1 -1 584.53 175.26 604.61 189.53 -1 -1 -1 -1000 -1000 -1000 -10 0.63
220 9 Car -1 -1 -1 505.70 173.28 553.96 190.54 -1 -1 -1 -1000 -1000 -1000 -10 0.60
220 11 Car -1 -1 -1 614.23 174.28 631.62 185.76 -1 -1 -1 -1000 -1000 -1000 -10 0.53
221 12 Car -1 -1 -1 443.09 173.21 491.03 191.82 -1 -1 -1 -1000 -1000 -1000 -10 0.68
221 11 Car -1 -1 -1 613.27 174.45 630.44 186.69 -1 -1 -1 -1000 -1000 -1000 -10 0.66
221 1 Car -1 -1 -1 660.27 174.00 678.08 186.48 -1 -1 -1 -1000 -1000 -1000 -10 0.66
221 10 Car -1 -1 -1 580.51 175.98 602.59 192.04 -1 -1 -1 -1000 -1000 -1000 -10 0.60
221 9 Car -1 -1 -1 506.41 173.88 551.97 192.37 -1 -1 -1 -1000 -1000 -1000 -10 0.50
222 11 Car -1 -1 -1 610.50 175.27 628.43 188.87 -1 -1 -1 -1000 -1000 -1000 -10 0.73
222 10 Car -1 -1 -1 574.18 176.31 599.47 194.03 -1 -1 -1 -1000 -1000 -1000 -10 0.72
222 12 Car -1 -1 -1 439.42 176.30 488.27 193.61 -1 -1 -1 -1000 -1000 -1000 -10 0.67
222 9 Car -1 -1 -1 500.93 174.45 544.94 194.48 -1 -1 -1 -1000 -1000 -1000 -10 0.65
222 1 Car -1 -1 -1 665.12 174.98 683.83 186.09 -1 -1 -1 -1000 -1000 -1000 -10 0.53
223 10 Car -1 -1 -1 570.33 176.61 596.97 195.21 -1 -1 -1 -1000 -1000 -1000 -10 0.80
223 9 Car -1 -1 -1 498.13 175.54 545.38 195.01 -1 -1 -1 -1000 -1000 -1000 -10 0.76
223 12 Car -1 -1 -1 436.43 177.47 484.23 194.42 -1 -1 -1 -1000 -1000 -1000 -10 0.71
223 11 Car -1 -1 -1 609.44 175.60 626.38 189.08 -1 -1 -1 -1000 -1000 -1000 -10 0.66
223 1 Car -1 -1 -1 669.57 173.12 687.21 185.38 -1 -1 -1 -1000 -1000 -1000 -10 0.55
224 10 Car -1 -1 -1 566.67 176.17 593.58 194.51 -1 -1 -1 -1000 -1000 -1000 -10 0.81
224 9 Car -1 -1 -1 497.07 174.53 546.04 194.77 -1 -1 -1 -1000 -1000 -1000 -10 0.76
224 11 Car -1 -1 -1 606.87 173.72 625.01 188.18 -1 -1 -1 -1000 -1000 -1000 -10 0.74
224 12 Car -1 -1 -1 435.40 176.52 483.67 194.81 -1 -1 -1 -1000 -1000 -1000 -10 0.72
224 1 Car -1 -1 -1 672.53 171.43 689.80 183.48 -1 -1 -1 -1000 -1000 -1000 -10 0.69
225 10 Car -1 -1 -1 562.69 174.76 589.99 193.82 -1 -1 -1 -1000 -1000 -1000 -10 0.74
225 12 Car -1 -1 -1 433.01 175.49 481.66 194.53 -1 -1 -1 -1000 -1000 -1000 -10 0.66
225 9 Car -1 -1 -1 493.50 173.38 542.86 194.81 -1 -1 -1 -1000 -1000 -1000 -10 0.66
225 11 Car -1 -1 -1 605.06 172.75 624.40 187.53 -1 -1 -1 -1000 -1000 -1000 -10 0.62
225 1 Car -1 -1 -1 675.43 168.70 694.38 181.62 -1 -1 -1 -1000 -1000 -1000 -10 0.61
226 10 Car -1 -1 -1 556.63 174.32 587.18 194.10 -1 -1 -1 -1000 -1000 -1000 -10 0.74
226 11 Car -1 -1 -1 601.48 170.63 622.34 186.82 -1 -1 -1 -1000 -1000 -1000 -10 0.71
226 9 Car -1 -1 -1 488.74 171.52 541.78 193.50 -1 -1 -1 -1000 -1000 -1000 -10 0.70
226 1 Car -1 -1 -1 678.25 167.51 697.90 179.44 -1 -1 -1 -1000 -1000 -1000 -10 0.64
226 12 Car -1 -1 -1 429.08 174.12 480.89 194.65 -1 -1 -1 -1000 -1000 -1000 -10 0.63
226 13 Car -1 -1 -1 630.96 170.52 648.46 182.02 -1 -1 -1 -1000 -1000 -1000 -10 0.42
227 10 Car -1 -1 -1 551.41 174.44 583.93 195.39 -1 -1 -1 -1000 -1000 -1000 -10 0.80
227 9 Car -1 -1 -1 486.93 171.19 540.46 193.96 -1 -1 -1 -1000 -1000 -1000 -10 0.75
227 13 Car -1 -1 -1 629.70 170.17 647.08 182.98 -1 -1 -1 -1000 -1000 -1000 -10 0.68
227 12 Car -1 -1 -1 423.83 174.12 475.27 195.47 -1 -1 -1 -1000 -1000 -1000 -10 0.68
227 11 Car -1 -1 -1 599.55 170.27 620.51 187.07 -1 -1 -1 -1000 -1000 -1000 -10 0.67
227 1 Car -1 -1 -1 680.48 167.05 702.97 178.43 -1 -1 -1 -1000 -1000 -1000 -10 0.49
228 9 Car -1 -1 -1 482.64 170.73 539.28 195.28 -1 -1 -1 -1000 -1000 -1000 -10 0.77
228 10 Car -1 -1 -1 544.88 174.17 582.02 198.55 -1 -1 -1 -1000 -1000 -1000 -10 0.75
228 11 Car -1 -1 -1 595.66 169.82 619.19 188.58 -1 -1 -1 -1000 -1000 -1000 -10 0.71
228 12 Car -1 -1 -1 417.99 174.73 473.21 196.08 -1 -1 -1 -1000 -1000 -1000 -10 0.68
228 13 Car -1 -1 -1 628.74 171.24 645.98 183.63 -1 -1 -1 -1000 -1000 -1000 -10 0.67
228 1 Car -1 -1 -1 683.74 167.14 702.76 177.87 -1 -1 -1 -1000 -1000 -1000 -10 0.56
229 10 Car -1 -1 -1 537.16 175.33 575.34 201.10 -1 -1 -1 -1000 -1000 -1000 -10 0.82
229 9 Car -1 -1 -1 480.63 172.30 533.96 195.98 -1 -1 -1 -1000 -1000 -1000 -10 0.72
229 12 Car -1 -1 -1 413.59 174.82 469.57 196.88 -1 -1 -1 -1000 -1000 -1000 -10 0.71
229 11 Car -1 -1 -1 592.97 171.26 616.53 189.77 -1 -1 -1 -1000 -1000 -1000 -10 0.67
229 13 Car -1 -1 -1 626.57 171.59 644.97 184.66 -1 -1 -1 -1000 -1000 -1000 -10 0.65
229 1 Car -1 -1 -1 686.02 166.61 706.47 178.40 -1 -1 -1 -1000 -1000 -1000 -10 0.53
230 10 Car -1 -1 -1 529.05 175.87 569.53 204.69 -1 -1 -1 -1000 -1000 -1000 -10 0.89
230 11 Car -1 -1 -1 587.95 172.01 613.12 190.98 -1 -1 -1 -1000 -1000 -1000 -10 0.75
230 9 Car -1 -1 -1 477.15 172.41 530.31 196.48 -1 -1 -1 -1000 -1000 -1000 -10 0.70
230 13 Car -1 -1 -1 625.05 172.21 644.25 185.74 -1 -1 -1 -1000 -1000 -1000 -10 0.69
230 12 Car -1 -1 -1 408.49 175.73 466.76 198.18 -1 -1 -1 -1000 -1000 -1000 -10 0.61
230 1 Car -1 -1 -1 688.60 166.37 711.14 178.65 -1 -1 -1 -1000 -1000 -1000 -10 0.50
231 10 Car -1 -1 -1 519.63 176.26 564.80 208.15 -1 -1 -1 -1000 -1000 -1000 -10 0.85
231 12 Car -1 -1 -1 404.05 177.07 462.64 199.55 -1 -1 -1 -1000 -1000 -1000 -10 0.79
231 9 Car -1 -1 -1 473.73 172.56 529.56 197.46 -1 -1 -1 -1000 -1000 -1000 -10 0.76
231 11 Car -1 -1 -1 585.70 172.20 611.19 192.70 -1 -1 -1 -1000 -1000 -1000 -10 0.75
231 13 Car -1 -1 -1 623.39 172.10 643.29 186.41 -1 -1 -1 -1000 -1000 -1000 -10 0.52
232 10 Car -1 -1 -1 510.24 176.68 558.45 212.19 -1 -1 -1 -1000 -1000 -1000 -10 0.90
232 9 Car -1 -1 -1 469.77 172.21 527.95 199.47 -1 -1 -1 -1000 -1000 -1000 -10 0.84
232 12 Car -1 -1 -1 398.85 177.49 459.23 201.35 -1 -1 -1 -1000 -1000 -1000 -10 0.82
232 11 Car -1 -1 -1 580.94 171.91 608.72 194.48 -1 -1 -1 -1000 -1000 -1000 -10 0.65
232 13 Car -1 -1 -1 620.50 172.71 642.02 187.91 -1 -1 -1 -1000 -1000 -1000 -10 0.64
233 10 Car -1 -1 -1 497.36 177.55 552.84 217.90 -1 -1 -1 -1000 -1000 -1000 -10 0.93
233 12 Car -1 -1 -1 393.72 177.95 455.18 202.05 -1 -1 -1 -1000 -1000 -1000 -10 0.81
233 9 Car -1 -1 -1 465.35 172.12 524.87 200.82 -1 -1 -1 -1000 -1000 -1000 -10 0.77
233 11 Car -1 -1 -1 575.19 172.89 606.36 195.73 -1 -1 -1 -1000 -1000 -1000 -10 0.73
233 13 Car -1 -1 -1 617.87 173.43 641.16 188.44 -1 -1 -1 -1000 -1000 -1000 -10 0.68
234 10 Car -1 -1 -1 482.16 178.67 544.81 223.15 -1 -1 -1 -1000 -1000 -1000 -10 0.93
234 11 Car -1 -1 -1 569.27 172.61 604.01 197.85 -1 -1 -1 -1000 -1000 -1000 -10 0.80
234 13 Car -1 -1 -1 615.89 173.92 638.58 188.85 -1 -1 -1 -1000 -1000 -1000 -10 0.76
234 12 Car -1 -1 -1 387.37 177.57 449.28 203.41 -1 -1 -1 -1000 -1000 -1000 -10 0.76
234 9 Car -1 -1 -1 460.93 172.03 521.98 201.41 -1 -1 -1 -1000 -1000 -1000 -10 0.76
235 10 Car -1 -1 -1 461.97 178.77 533.49 231.00 -1 -1 -1 -1000 -1000 -1000 -10 0.92
235 11 Car -1 -1 -1 562.95 172.23 599.17 200.60 -1 -1 -1 -1000 -1000 -1000 -10 0.85
235 9 Car -1 -1 -1 455.83 172.01 511.39 205.12 -1 -1 -1 -1000 -1000 -1000 -10 0.71
235 12 Car -1 -1 -1 382.90 178.26 445.41 203.66 -1 -1 -1 -1000 -1000 -1000 -10 0.70
235 13 Car -1 -1 -1 611.87 174.03 636.34 190.19 -1 -1 -1 -1000 -1000 -1000 -10 0.64
236 10 Car -1 -1 -1 435.76 180.38 521.39 239.31 -1 -1 -1 -1000 -1000 -1000 -10 0.93
236 11 Car -1 -1 -1 556.09 171.69 595.07 202.22 -1 -1 -1 -1000 -1000 -1000 -10 0.78
236 12 Car -1 -1 -1 377.67 178.37 440.57 203.36 -1 -1 -1 -1000 -1000 -1000 -10 0.74
236 13 Car -1 -1 -1 609.37 173.89 634.01 191.02 -1 -1 -1 -1000 -1000 -1000 -10 0.65
236 9 Car -1 -1 -1 448.96 174.47 501.08 203.19 -1 -1 -1 -1000 -1000 -1000 -10 0.55
236 14 Car -1 -1 -1 707.76 162.91 725.23 174.89 -1 -1 -1 -1000 -1000 -1000 -10 0.41
237 10 Car -1 -1 -1 398.53 183.00 504.36 251.52 -1 -1 -1 -1000 -1000 -1000 -10 0.94
237 11 Car -1 -1 -1 547.68 171.72 591.18 206.06 -1 -1 -1 -1000 -1000 -1000 -10 0.88
237 12 Car -1 -1 -1 369.23 177.65 435.40 206.53 -1 -1 -1 -1000 -1000 -1000 -10 0.71
237 13 Car -1 -1 -1 604.93 174.00 631.26 191.97 -1 -1 -1 -1000 -1000 -1000 -10 0.65
237 14 Car -1 -1 -1 708.52 161.86 730.14 175.78 -1 -1 -1 -1000 -1000 -1000 -10 0.46
237 9 Car -1 -1 -1 434.33 177.31 492.79 202.27 -1 -1 -1 -1000 -1000 -1000 -10 0.45
238 10 Car -1 -1 -1 345.32 186.36 480.19 272.11 -1 -1 -1 -1000 -1000 -1000 -10 0.93
238 11 Car -1 -1 -1 537.13 173.14 585.03 210.70 -1 -1 -1 -1000 -1000 -1000 -10 0.82
238 12 Car -1 -1 -1 358.96 176.99 429.82 209.86 -1 -1 -1 -1000 -1000 -1000 -10 0.70
238 13 Car -1 -1 -1 599.50 174.69 628.11 194.07 -1 -1 -1 -1000 -1000 -1000 -10 0.62
239 10 Car -1 -1 -1 253.89 188.51 448.74 307.82 -1 -1 -1 -1000 -1000 -1000 -10 0.94
239 11 Car -1 -1 -1 524.84 172.88 579.11 214.90 -1 -1 -1 -1000 -1000 -1000 -10 0.90
239 13 Car -1 -1 -1 592.88 175.43 624.20 195.90 -1 -1 -1 -1000 -1000 -1000 -10 0.74
239 12 Car -1 -1 -1 338.80 179.78 417.59 214.67 -1 -1 -1 -1000 -1000 -1000 -10 0.50
239 15 Car -1 -1 -1 442.22 179.71 508.36 205.30 -1 -1 -1 -1000 -1000 -1000 -10 0.58
239 16 Car -1 -1 -1 460.76 177.42 521.87 200.92 -1 -1 -1 -1000 -1000 -1000 -10 0.57
240 10 Car -1 -1 -1 66.76 183.86 402.76 374.25 -1 -1 -1 -1000 -1000 -1000 -10 0.94
240 11 Car -1 -1 -1 509.20 173.57 571.94 220.25 -1 -1 -1 -1000 -1000 -1000 -10 0.92
240 15 Car -1 -1 -1 421.69 175.29 499.45 209.28 -1 -1 -1 -1000 -1000 -1000 -10 0.81
240 13 Car -1 -1 -1 587.72 176.15 619.46 197.36 -1 -1 -1 -1000 -1000 -1000 -10 0.78
240 16 Car -1 -1 -1 450.00 175.05 516.32 203.21 -1 -1 -1 -1000 -1000 -1000 -10 0.58
240 12 Car -1 -1 -1 327.83 178.74 397.99 216.42 -1 -1 -1 -1000 -1000 -1000 -10 0.45
241 10 Car -1 -1 -1 -0.58 192.51 298.85 365.68 -1 -1 -1 -1000 -1000 -1000 -10 0.95
241 11 Car -1 -1 -1 488.79 173.51 561.73 227.11 -1 -1 -1 -1000 -1000 -1000 -10 0.92
241 16 Car -1 -1 -1 411.56 174.32 499.51 210.15 -1 -1 -1 -1000 -1000 -1000 -10 0.85
241 13 Car -1 -1 -1 579.21 176.88 614.67 199.55 -1 -1 -1 -1000 -1000 -1000 -10 0.66
241 15 Car -1 -1 -1 429.48 173.80 505.95 204.94 -1 -1 -1 -1000 -1000 -1000 -10 0.43
242 11 Car -1 -1 -1 463.52 173.83 549.19 236.13 -1 -1 -1 -1000 -1000 -1000 -10 0.94
242 15 Car -1 -1 -1 404.28 174.16 491.54 211.90 -1 -1 -1 -1000 -1000 -1000 -10 0.87
242 13 Car -1 -1 -1 571.57 176.83 609.78 201.22 -1 -1 -1 -1000 -1000 -1000 -10 0.80
242 17 Car -1 -1 -1 312.13 181.32 398.02 211.55 -1 -1 -1 -1000 -1000 -1000 -10 0.83
243 11 Car -1 -1 -1 431.13 176.60 534.79 247.74 -1 -1 -1 -1000 -1000 -1000 -10 0.94
243 17 Car -1 -1 -1 306.01 181.92 386.68 213.60 -1 -1 -1 -1000 -1000 -1000 -10 0.86
243 13 Car -1 -1 -1 563.45 177.30 603.55 203.94 -1 -1 -1 -1000 -1000 -1000 -10 0.83
243 15 Car -1 -1 -1 394.85 173.82 477.23 214.38 -1 -1 -1 -1000 -1000 -1000 -10 0.79
244 11 Car -1 -1 -1 388.78 177.55 515.80 265.09 -1 -1 -1 -1000 -1000 -1000 -10 0.95
244 13 Car -1 -1 -1 553.47 178.59 598.26 208.14 -1 -1 -1 -1000 -1000 -1000 -10 0.88
244 17 Car -1 -1 -1 292.90 184.17 372.82 216.64 -1 -1 -1 -1000 -1000 -1000 -10 0.85
244 15 Car -1 -1 -1 382.38 175.27 459.61 219.81 -1 -1 -1 -1000 -1000 -1000 -10 0.74
245 11 Car -1 -1 -1 320.82 180.93 489.87 291.84 -1 -1 -1 -1000 -1000 -1000 -10 0.90
245 17 Car -1 -1 -1 278.00 185.60 362.55 218.45 -1 -1 -1 -1000 -1000 -1000 -10 0.87
245 13 Car -1 -1 -1 542.50 180.37 592.11 211.87 -1 -1 -1 -1000 -1000 -1000 -10 0.78
245 15 Car -1 -1 -1 355.95 179.44 454.88 222.83 -1 -1 -1 -1000 -1000 -1000 -10 0.49
246 11 Car -1 -1 -1 194.14 179.31 453.38 340.32 -1 -1 -1 -1000 -1000 -1000 -10 0.89
246 13 Car -1 -1 -1 527.66 180.54 583.87 215.49 -1 -1 -1 -1000 -1000 -1000 -10 0.87
246 15 Car -1 -1 -1 394.83 179.32 485.82 213.57 -1 -1 -1 -1000 -1000 -1000 -10 0.70
246 18 Car -1 -1 -1 353.81 177.94 457.25 224.11 -1 -1 -1 -1000 -1000 -1000 -10 0.67
247 11 Car -1 -1 -1 -1.01 177.82 386.08 371.34 -1 -1 -1 -1000 -1000 -1000 -10 0.95
247 18 Car -1 -1 -1 340.52 176.37 448.34 223.24 -1 -1 -1 -1000 -1000 -1000 -10 0.87
247 13 Car -1 -1 -1 511.77 179.85 573.51 219.71 -1 -1 -1 -1000 -1000 -1000 -10 0.80
247 15 Car -1 -1 -1 382.00 175.48 482.44 213.46 -1 -1 -1 -1000 -1000 -1000 -10 0.69
248 18 Car -1 -1 -1 323.59 172.49 433.98 223.54 -1 -1 -1 -1000 -1000 -1000 -10 0.92
248 13 Car -1 -1 -1 493.36 178.59 564.09 224.06 -1 -1 -1 -1000 -1000 -1000 -10 0.91
248 11 Car -1 -1 -1 0.43 167.59 259.11 367.11 -1 -1 -1 -1000 -1000 -1000 -10 0.91
248 15 Car -1 -1 -1 370.37 173.94 473.18 213.20 -1 -1 -1 -1000 -1000 -1000 -10 0.78
248 19 Car -1 -1 -1 223.83 181.16 325.18 221.16 -1 -1 -1 -1000 -1000 -1000 -10 0.88
249 18 Car -1 -1 -1 311.15 171.85 422.23 223.53 -1 -1 -1 -1000 -1000 -1000 -10 0.92
249 13 Car -1 -1 -1 467.71 177.88 553.04 230.28 -1 -1 -1 -1000 -1000 -1000 -10 0.92
249 19 Car -1 -1 -1 207.20 179.90 308.34 221.17 -1 -1 -1 -1000 -1000 -1000 -10 0.91
249 15 Car -1 -1 -1 362.89 172.95 464.07 212.46 -1 -1 -1 -1000 -1000 -1000 -10 0.87
250 13 Car -1 -1 -1 436.21 179.79 537.49 239.70 -1 -1 -1 -1000 -1000 -1000 -10 0.94
250 18 Car -1 -1 -1 292.87 170.68 409.37 225.64 -1 -1 -1 -1000 -1000 -1000 -10 0.91
250 19 Car -1 -1 -1 187.06 179.99 291.53 222.03 -1 -1 -1 -1000 -1000 -1000 -10 0.90
250 15 Car -1 -1 -1 348.81 171.75 455.64 214.23 -1 -1 -1 -1000 -1000 -1000 -10 0.78
251 13 Car -1 -1 -1 391.43 181.88 520.68 253.33 -1 -1 -1 -1000 -1000 -1000 -10 0.94
251 19 Car -1 -1 -1 164.40 179.80 274.05 223.19 -1 -1 -1 -1000 -1000 -1000 -10 0.91
251 18 Car -1 -1 -1 273.53 170.94 396.73 229.23 -1 -1 -1 -1000 -1000 -1000 -10 0.87
251 15 Car -1 -1 -1 334.57 171.47 438.42 214.69 -1 -1 -1 -1000 -1000 -1000 -10 0.74
252 13 Car -1 -1 -1 325.82 186.76 499.73 277.12 -1 -1 -1 -1000 -1000 -1000 -10 0.91
252 19 Car -1 -1 -1 141.30 180.24 257.32 228.26 -1 -1 -1 -1000 -1000 -1000 -10 0.90
252 18 Car -1 -1 -1 248.52 169.48 384.46 234.81 -1 -1 -1 -1000 -1000 -1000 -10 0.88
252 15 Car -1 -1 -1 317.98 173.10 430.72 219.83 -1 -1 -1 -1000 -1000 -1000 -10 0.54
253 19 Car -1 -1 -1 114.26 182.37 237.31 229.30 -1 -1 -1 -1000 -1000 -1000 -10 0.91
253 13 Car -1 -1 -1 220.68 188.05 465.88 315.71 -1 -1 -1 -1000 -1000 -1000 -10 0.90
253 18 Car -1 -1 -1 227.43 169.73 367.24 240.12 -1 -1 -1 -1000 -1000 -1000 -10 0.83
253 15 Car -1 -1 -1 302.19 173.79 424.09 221.71 -1 -1 -1 -1000 -1000 -1000 -10 0.64
254 13 Car -1 -1 -1 7.06 192.15 415.17 372.91 -1 -1 -1 -1000 -1000 -1000 -10 0.95
254 19 Car -1 -1 -1 83.77 180.90 216.26 235.57 -1 -1 -1 -1000 -1000 -1000 -10 0.87
254 15 Car -1 -1 -1 277.56 172.20 417.59 224.26 -1 -1 -1 -1000 -1000 -1000 -10 0.86
254 18 Car -1 -1 -1 202.56 168.95 352.55 240.93 -1 -1 -1 -1000 -1000 -1000 -10 0.84
255 13 Car -1 -1 -1 -1.15 210.05 316.14 363.58 -1 -1 -1 -1000 -1000 -1000 -10 0.95
255 18 Car -1 -1 -1 172.54 170.09 336.16 253.98 -1 -1 -1 -1000 -1000 -1000 -10 0.90
255 15 Car -1 -1 -1 266.76 173.06 403.58 227.93 -1 -1 -1 -1000 -1000 -1000 -10 0.90
255 19 Car -1 -1 -1 53.27 180.44 190.80 239.13 -1 -1 -1 -1000 -1000 -1000 -10 0.87
256 18 Car -1 -1 -1 142.53 170.27 312.41 261.40 -1 -1 -1 -1000 -1000 -1000 -10 0.92
256 19 Car -1 -1 -1 22.56 184.12 160.10 243.02 -1 -1 -1 -1000 -1000 -1000 -10 0.88
256 15 Car -1 -1 -1 246.31 172.96 392.80 231.29 -1 -1 -1 -1000 -1000 -1000 -10 0.88
257 19 Car -1 -1 -1 -1.70 185.79 135.62 248.12 -1 -1 -1 -1000 -1000 -1000 -10 0.93
257 18 Car -1 -1 -1 109.59 170.13 289.21 270.04 -1 -1 -1 -1000 -1000 -1000 -10 0.93
257 15 Car -1 -1 -1 216.03 174.51 378.29 237.14 -1 -1 -1 -1000 -1000 -1000 -10 0.91
258 18 Car -1 -1 -1 70.49 169.87 260.42 279.89 -1 -1 -1 -1000 -1000 -1000 -10 0.95
258 19 Car -1 -1 -1 -1.34 185.76 98.47 255.10 -1 -1 -1 -1000 -1000 -1000 -10 0.94
258 15 Car -1 -1 -1 190.30 175.78 364.18 241.79 -1 -1 -1 -1000 -1000 -1000 -10 0.90
259 18 Car -1 -1 -1 23.81 169.46 227.88 294.00 -1 -1 -1 -1000 -1000 -1000 -10 0.93
259 15 Car -1 -1 -1 154.79 175.16 346.02 244.75 -1 -1 -1 -1000 -1000 -1000 -10 0.87
259 19 Car -1 -1 -1 -0.95 185.56 58.00 256.20 -1 -1 -1 -1000 -1000 -1000 -10 0.77
260 18 Car -1 -1 -1 -2.96 166.45 186.07 306.67 -1 -1 -1 -1000 -1000 -1000 -10 0.94
260 15 Car -1 -1 -1 125.05 176.49 329.15 250.65 -1 -1 -1 -1000 -1000 -1000 -10 0.90
261 18 Car -1 -1 -1 -1.79 170.57 137.90 324.68 -1 -1 -1 -1000 -1000 -1000 -10 0.93
261 15 Car -1 -1 -1 87.92 178.31 311.91 256.36 -1 -1 -1 -1000 -1000 -1000 -10 0.89
262 15 Car -1 -1 -1 38.06 179.89 292.01 263.10 -1 -1 -1 -1000 -1000 -1000 -10 0.86
262 18 Car -1 -1 -1 -3.24 162.36 76.85 364.03 -1 -1 -1 -1000 -1000 -1000 -10 0.74
263 15 Car -1 -1 -1 5.21 181.93 269.60 275.38 -1 -1 -1 -1000 -1000 -1000 -10 0.92
264 15 Car -1 -1 -1 4.82 186.68 239.83 285.11 -1 -1 -1 -1000 -1000 -1000 -10 0.96
265 15 Car -1 -1 -1 1.37 183.75 218.09 296.24 -1 -1 -1 -1000 -1000 -1000 -10 0.96
266 15 Car -1 -1 -1 0.25 186.66 188.09 308.45 -1 -1 -1 -1000 -1000 -1000 -10 0.96
267 15 Car -1 -1 -1 -3.63 186.09 161.29 317.68 -1 -1 -1 -1000 -1000 -1000 -10 0.96
268 15 Car -1 -1 -1 -4.40 187.03 125.40 331.91 -1 -1 -1 -1000 -1000 -1000 -10 0.91
269 15 Car -1 -1 -1 -3.74 185.57 85.91 348.83 -1 -1 -1 -1000 -1000 -1000 -10 0.69
270 15 Car -1 -1 -1 -2.93 203.45 53.07 361.68 -1 -1 -1 -1000 -1000 -1000 -10 0.61
336 20 Car -1 -1 -1 820.16 178.25 843.86 192.84 -1 -1 -1 -1000 -1000 -1000 -10 0.46
337 20 Car -1 -1 -1 800.43 178.36 825.35 193.18 -1 -1 -1 -1000 -1000 -1000 -10 0.58
338 20 Car -1 -1 -1 780.14 180.24 805.85 196.36 -1 -1 -1 -1000 -1000 -1000 -10 0.52
339 20 Car -1 -1 -1 760.04 181.07 783.10 196.41 -1 -1 -1 -1000 -1000 -1000 -10 0.56
340 20 Car -1 -1 -1 740.11 182.83 763.29 197.20 -1 -1 -1 -1000 -1000 -1000 -10 0.66
341 20 Car -1 -1 -1 718.72 182.60 743.00 197.92 -1 -1 -1 -1000 -1000 -1000 -10 0.64
342 20 Car -1 -1 -1 697.55 181.02 721.58 197.51 -1 -1 -1 -1000 -1000 -1000 -10 0.56
343 20 Car -1 -1 -1 677.25 179.55 701.63 196.44 -1 -1 -1 -1000 -1000 -1000 -10 0.59
344 20 Car -1 -1 -1 657.01 176.30 680.67 192.95 -1 -1 -1 -1000 -1000 -1000 -10 0.66
