0 3 Car -1 -1 -1 384.27 176.99 511.45 232.33 -1 -1 -1 -1000 -1000 -1000 -10 1
0 2 Car -1 -1 -1 322.59 195.49 454.83 284.88 -1 -1 -1 -1000 -1000 -1000 -10 1
0 1 Car -1 -1 -1 1.65 210.03 360.87 364.94 -1 -1 -1 -1000 -1000 -1000 -10 1
1 4 Car -1 -1 -1 386.79 172.90 505.42 237.47 -1 -1 -1 -1000 -1000 -1000 -10 1
1 3 Car -1 -1 -1 383.71 176.09 511.76 233.94 -1 -1 -1 -1000 -1000 -1000 -10 1
1 2 Car -1 -1 -1 304.08 197.77 442.50 286.13 -1 -1 -1 -1000 -1000 -1000 -10 1
1 1 Car -1 -1 -1 -4.97 208.34 341.34 368.75 -1 -1 -1 -1000 -1000 -1000 -10 1
2 4 Car -1 -1 -1 387.61 175.82 504.47 240.00 -1 -1 -1 -1000 -1000 -1000 -10 1
2 3 Car -1 -1 -1 379.59 176.21 509.83 236.42 -1 -1 -1 -1000 -1000 -1000 -10 1
2 2 Car -1 -1 -1 282.29 196.64 434.79 291.31 -1 -1 -1 -1000 -1000 -1000 -10 1
2 1 Car -1 -1 -1 -2.88 212.47 324.80 370.88 -1 -1 -1 -1000 -1000 -1000 -10 1
3 3 Car -1 -1 -1 377.07 174.55 511.03 239.76 -1 -1 -1 -1000 -1000 -1000 -10 1
3 2 Car -1 -1 -1 259.29 196.07 430.60 299.18 -1 -1 -1 -1000 -1000 -1000 -10 1
3 1 Car -1 -1 -1 -0.39 217.29 279.84 362.97 -1 -1 -1 -1000 -1000 -1000 -10 1
4 4 Car -1 -1 -1 385.81 170.27 505.45 241.56 -1 -1 -1 -1000 -1000 -1000 -10 1
4 3 Car -1 -1 -1 375.72 173.85 509.64 242.46 -1 -1 -1 -1000 -1000 -1000 -10 1
4 2 Car -1 -1 -1 231.91 196.47 427.82 313.67 -1 -1 -1 -1000 -1000 -1000 -10 1
4 1 Car -1 -1 -1 -7.76 224.51 254.88 368.27 -1 -1 -1 -1000 -1000 -1000 -10 1
5 4 Car -1 -1 -1 381.02 170.75 503.01 244.68 -1 -1 -1 -1000 -1000 -1000 -10 1
5 2 Car -1 -1 -1 206.53 196.13 420.43 323.69 -1 -1 -1 -1000 -1000 -1000 -10 1
5 1 Car -1 -1 -1 -6.94 230.06 215.63 360.61 -1 -1 -1 -1000 -1000 -1000 -10 1
6 4 Car -1 -1 -1 378.68 169.33 501.69 244.80 -1 -1 -1 -1000 -1000 -1000 -10 1
6 2 Car -1 -1 -1 178.40 192.47 412.39 332.00 -1 -1 -1 -1000 -1000 -1000 -10 1
6 1 Car -1 -1 -1 -19.65 241.69 151.39 357.85 -1 -1 -1 -1000 -1000 -1000 -10 1
7 4 Car -1 -1 -1 370.90 169.66 494.27 245.83 -1 -1 -1 -1000 -1000 -1000 -10 1
7 2 Car -1 -1 -1 144.91 191.87 401.18 343.29 -1 -1 -1 -1000 -1000 -1000 -10 1
8 4 Car -1 -1 -1 359.10 170.58 494.25 251.85 -1 -1 -1 -1000 -1000 -1000 -10 1
8 2 Car -1 -1 -1 109.49 195.84 384.32 351.70 -1 -1 -1 -1000 -1000 -1000 -10 1
9 2 Car -1 -1 -1 61.32 200.63 367.59 367.25 -1 -1 -1 -1000 -1000 -1000 -10 1
11 7 Car -1 -1 -1 330.87 160.22 477.24 262.40 -1 -1 -1 -1000 -1000 -1000 -10 1
11 2 Car -1 -1 -1 1.04 199.00 344.48 377.84 -1 -1 -1 -1000 -1000 -1000 -10 1
12 8 Car -1 -1 -1 431.29 172.25 498.69 207.84 -1 -1 -1 -1000 -1000 -1000 -10 1
12 7 Car -1 -1 -1 318.72 159.93 472.72 267.28 -1 -1 -1 -1000 -1000 -1000 -10 1
12 2 Car -1 -1 -1 -16.92 197.04 328.05 378.12 -1 -1 -1 -1000 -1000 -1000 -10 1
13 8 Car -1 -1 -1 426.74 172.84 490.93 206.40 -1 -1 -1 -1000 -1000 -1000 -10 1
13 7 Car -1 -1 -1 305.33 161.94 460.85 272.37 -1 -1 -1 -1000 -1000 -1000 -10 1
13 2 Car -1 -1 -1 -28.26 198.19 304.73 376.53 -1 -1 -1 -1000 -1000 -1000 -10 1
14 8 Car -1 -1 -1 423.55 173.44 486.72 206.41 -1 -1 -1 -1000 -1000 -1000 -10 1
14 7 Car -1 -1 -1 293.37 165.86 453.58 282.47 -1 -1 -1 -1000 -1000 -1000 -10 1
14 2 Car -1 -1 -1 -34.36 201.41 283.51 379.66 -1 -1 -1 -1000 -1000 -1000 -10 1
15 8 Car -1 -1 -1 419.00 173.52 480.51 207.29 -1 -1 -1 -1000 -1000 -1000 -10 1
15 7 Car -1 -1 -1 277.54 165.49 444.26 289.28 -1 -1 -1 -1000 -1000 -1000 -10 1
15 2 Car -1 -1 -1 -38.66 202.92 259.09 380.15 -1 -1 -1 -1000 -1000 -1000 -10 1
16 8 Car -1 -1 -1 413.22 172.84 475.37 207.90 -1 -1 -1 -1000 -1000 -1000 -10 1
16 7 Car -1 -1 -1 259.97 169.70 437.26 303.12 -1 -1 -1 -1000 -1000 -1000 -10 1
16 2 Car -1 -1 -1 -44.06 210.01 224.05 383.17 -1 -1 -1 -1000 -1000 -1000 -10 1
17 8 Car -1 -1 -1 408.71 172.56 470.98 208.08 -1 -1 -1 -1000 -1000 -1000 -10 1
17 7 Car -1 -1 -1 242.12 171.22 427.25 315.01 -1 -1 -1 -1000 -1000 -1000 -10 1
17 2 Car -1 -1 -1 -44.88 211.70 189.61 381.95 -1 -1 -1 -1000 -1000 -1000 -10 1
18 8 Car -1 -1 -1 403.63 173.28 467.04 209.53 -1 -1 -1 -1000 -1000 -1000 -10 1
18 7 Car -1 -1 -1 221.53 167.59 416.20 325.07 -1 -1 -1 -1000 -1000 -1000 -10 1
19 8 Car -1 -1 -1 400.52 173.02 463.89 209.80 -1 -1 -1 -1000 -1000 -1000 -10 1
19 7 Car -1 -1 -1 198.03 166.52 405.89 335.26 -1 -1 -1 -1000 -1000 -1000 -10 1
20 8 Car -1 -1 -1 395.84 172.57 460.12 210.50 -1 -1 -1 -1000 -1000 -1000 -10 1
20 7 Car -1 -1 -1 165.96 163.72 393.85 347.16 -1 -1 -1 -1000 -1000 -1000 -10 1
21 8 Car -1 -1 -1 392.20 170.67 458.35 209.97 -1 -1 -1 -1000 -1000 -1000 -10 1
21 7 Car -1 -1 -1 135.31 160.95 384.55 360.46 -1 -1 -1 -1000 -1000 -1000 -10 1
22 15 Car -1 -1 -1 282.15 175.31 409.97 239.48 -1 -1 -1 -1000 -1000 -1000 -10 1
22 8 Car -1 -1 -1 388.14 170.42 456.86 210.31 -1 -1 -1 -1000 -1000 -1000 -10 1
22 7 Car -1 -1 -1 104.88 160.18 356.73 364.74 -1 -1 -1 -1000 -1000 -1000 -10 1
23 15 Car -1 -1 -1 277.07 173.04 406.21 240.98 -1 -1 -1 -1000 -1000 -1000 -10 1
23 12 Car -1 -1 -1 1119.91 155.56 1257.19 217.72 -1 -1 -1 -1000 -1000 -1000 -10 1
23 8 Car -1 -1 -1 383.55 170.12 454.71 211.17 -1 -1 -1 -1000 -1000 -1000 -10 1
24 16 Car -1 -1 -1 10.22 146.31 311.89 378.08 -1 -1 -1 -1000 -1000 -1000 -10 1
24 15 Car -1 -1 -1 273.55 174.76 397.86 242.60 -1 -1 -1 -1000 -1000 -1000 -10 1
24 8 Car -1 -1 -1 376.79 172.94 452.54 215.39 -1 -1 -1 -1000 -1000 -1000 -10 1
25 16 Car -1 -1 -1 -1.28 153.80 293.68 378.59 -1 -1 -1 -1000 -1000 -1000 -10 1
25 15 Car -1 -1 -1 269.66 177.18 390.11 244.86 -1 -1 -1 -1000 -1000 -1000 -10 1
25 8 Car -1 -1 -1 367.39 173.60 447.05 217.63 -1 -1 -1 -1000 -1000 -1000 -10 1
26 16 Car -1 -1 -1 -8.69 142.38 280.67 372.56 -1 -1 -1 -1000 -1000 -1000 -10 1
26 15 Car -1 -1 -1 263.78 177.26 385.06 248.10 -1 -1 -1 -1000 -1000 -1000 -10 1
26 8 Car -1 -1 -1 362.47 178.52 445.84 223.05 -1 -1 -1 -1000 -1000 -1000 -10 1
27 16 Car -1 -1 -1 -13.35 155.73 249.40 375.14 -1 -1 -1 -1000 -1000 -1000 -10 1
27 15 Car -1 -1 -1 254.91 176.66 379.48 250.73 -1 -1 -1 -1000 -1000 -1000 -10 1
27 8 Car -1 -1 -1 358.21 176.75 442.25 221.91 -1 -1 -1 -1000 -1000 -1000 -10 1
28 16 Car -1 -1 -1 -15.17 161.63 222.50 371.01 -1 -1 -1 -1000 -1000 -1000 -10 1
28 15 Car -1 -1 -1 244.45 179.96 375.04 254.99 -1 -1 -1 -1000 -1000 -1000 -10 1
28 8 Car -1 -1 -1 355.40 176.11 439.15 222.20 -1 -1 -1 -1000 -1000 -1000 -10 1
29 16 Car -1 -1 -1 -17.36 159.32 193.48 362.13 -1 -1 -1 -1000 -1000 -1000 -10 1
29 15 Car -1 -1 -1 237.25 180.49 373.64 258.41 -1 -1 -1 -1000 -1000 -1000 -10 1
29 8 Car -1 -1 -1 350.96 179.03 437.00 225.16 -1 -1 -1 -1000 -1000 -1000 -10 1
30 16 Car -1 -1 -1 -8.62 160.87 177.87 357.26 -1 -1 -1 -1000 -1000 -1000 -10 1
30 15 Car -1 -1 -1 231.15 185.33 369.25 264.20 -1 -1 -1 -1000 -1000 -1000 -10 1
30 8 Car -1 -1 -1 348.63 185.04 433.28 231.74 -1 -1 -1 -1000 -1000 -1000 -10 1
31 16 Car -1 -1 -1 -10.27 169.94 155.24 364.43 -1 -1 -1 -1000 -1000 -1000 -10 1
31 15 Car -1 -1 -1 223.49 191.81 363.86 271.26 -1 -1 -1 -1000 -1000 -1000 -10 1
31 8 Car -1 -1 -1 343.86 192.66 430.60 240.98 -1 -1 -1 -1000 -1000 -1000 -10 1
32 16 Car -1 -1 -1 -10.27 179.65 142.75 367.22 -1 -1 -1 -1000 -1000 -1000 -10 1
32 15 Car -1 -1 -1 213.18 201.98 358.76 284.64 -1 -1 -1 -1000 -1000 -1000 -10 1
32 8 Car -1 -1 -1 339.51 199.91 427.88 250.90 -1 -1 -1 -1000 -1000 -1000 -10 1
33 16 Car -1 -1 -1 -12.99 190.46 119.41 368.02 -1 -1 -1 -1000 -1000 -1000 -10 1
33 15 Car -1 -1 -1 202.50 208.10 355.85 298.45 -1 -1 -1 -1000 -1000 -1000 -10 1
33 8 Car -1 -1 -1 335.51 208.34 425.02 260.80 -1 -1 -1 -1000 -1000 -1000 -10 1
34 15 Car -1 -1 -1 189.50 211.41 350.35 308.52 -1 -1 -1 -1000 -1000 -1000 -10 1
34 8 Car -1 -1 -1 329.70 214.38 421.99 268.87 -1 -1 -1 -1000 -1000 -1000 -10 1
35 15 Car -1 -1 -1 180.61 213.91 348.80 316.68 -1 -1 -1 -1000 -1000 -1000 -10 1
35 8 Car -1 -1 -1 326.44 219.73 423.13 274.02 -1 -1 -1 -1000 -1000 -1000 -10 1
36 15 Car -1 -1 -1 170.97 217.48 346.64 325.04 -1 -1 -1 -1000 -1000 -1000 -10 1
36 8 Car -1 -1 -1 320.86 222.44 421.36 277.13 -1 -1 -1 -1000 -1000 -1000 -10 1
37 15 Car -1 -1 -1 160.67 224.66 342.30 330.34 -1 -1 -1 -1000 -1000 -1000 -10 1
37 8 Car -1 -1 -1 315.09 223.78 415.10 279.67 -1 -1 -1 -1000 -1000 -1000 -10 1
38 15 Car -1 -1 -1 152.78 228.53 335.86 333.53 -1 -1 -1 -1000 -1000 -1000 -10 1
38 8 Car -1 -1 -1 313.79 225.04 412.80 282.21 -1 -1 -1 -1000 -1000 -1000 -10 1
40 15 Car -1 -1 -1 137.98 217.72 333.77 331.07 -1 -1 -1 -1000 -1000 -1000 -10 1
40 8 Car -1 -1 -1 312.13 220.77 413.37 280.12 -1 -1 -1 -1000 -1000 -1000 -10 1
41 15 Car -1 -1 -1 126.24 209.17 332.74 328.67 -1 -1 -1 -1000 -1000 -1000 -10 1
41 8 Car -1 -1 -1 312.02 214.13 418.30 270.60 -1 -1 -1 -1000 -1000 -1000 -10 1
42 15 Car -1 -1 -1 118.24 202.79 331.39 326.53 -1 -1 -1 -1000 -1000 -1000 -10 1
42 8 Car -1 -1 -1 318.91 207.97 425.62 267.01 -1 -1 -1 -1000 -1000 -1000 -10 1
43 15 Car -1 -1 -1 114.23 199.77 333.72 326.56 -1 -1 -1 -1000 -1000 -1000 -10 1
43 8 Car -1 -1 -1 319.56 205.27 430.95 263.82 -1 -1 -1 -1000 -1000 -1000 -10 1
44 15 Car -1 -1 -1 108.76 198.41 336.02 328.44 -1 -1 -1 -1000 -1000 -1000 -10 1
44 8 Car -1 -1 -1 319.38 204.24 434.50 262.17 -1 -1 -1 -1000 -1000 -1000 -10 1
45 15 Car -1 -1 -1 103.94 197.68 337.92 330.53 -1 -1 -1 -1000 -1000 -1000 -10 1
45 8 Car -1 -1 -1 318.87 204.87 437.42 262.15 -1 -1 -1 -1000 -1000 -1000 -10 1
46 15 Car -1 -1 -1 98.44 198.35 339.29 333.96 -1 -1 -1 -1000 -1000 -1000 -10 1
46 8 Car -1 -1 -1 318.64 204.84 441.18 262.39 -1 -1 -1 -1000 -1000 -1000 -10 1
47 15 Car -1 -1 -1 93.22 198.57 340.76 336.77 -1 -1 -1 -1000 -1000 -1000 -10 1
47 8 Car -1 -1 -1 324.45 204.35 448.14 261.77 -1 -1 -1 -1000 -1000 -1000 -10 1
48 15 Car -1 -1 -1 86.14 199.53 342.09 341.36 -1 -1 -1 -1000 -1000 -1000 -10 1
48 8 Car -1 -1 -1 329.51 204.28 454.81 261.75 -1 -1 -1 -1000 -1000 -1000 -10 1
49 15 Car -1 -1 -1 79.73 200.68 344.02 345.01 -1 -1 -1 -1000 -1000 -1000 -10 1
49 8 Car -1 -1 -1 333.05 203.56 460.81 261.86 -1 -1 -1 -1000 -1000 -1000 -10 1
50 15 Car -1 -1 -1 68.20 204.67 343.79 348.38 -1 -1 -1 -1000 -1000 -1000 -10 1
50 8 Car -1 -1 -1 336.06 203.48 467.18 262.19 -1 -1 -1 -1000 -1000 -1000 -10 1
51 15 Car -1 -1 -1 59.88 205.32 346.52 352.44 -1 -1 -1 -1000 -1000 -1000 -10 1
51 8 Car -1 -1 -1 341.57 202.40 472.23 264.00 -1 -1 -1 -1000 -1000 -1000 -10 1
52 15 Car -1 -1 -1 48.65 206.55 351.24 359.80 -1 -1 -1 -1000 -1000 -1000 -10 1
52 8 Car -1 -1 -1 343.04 202.48 473.75 265.90 -1 -1 -1 -1000 -1000 -1000 -10 1
53 15 Car -1 -1 -1 37.14 207.61 354.63 366.53 -1 -1 -1 -1000 -1000 -1000 -10 1
53 8 Car -1 -1 -1 354.41 204.81 486.68 267.85 -1 -1 -1 -1000 -1000 -1000 -10 1
54 15 Car -1 -1 -1 20.52 205.75 360.04 369.23 -1 -1 -1 -1000 -1000 -1000 -10 1
54 8 Car -1 -1 -1 359.80 206.80 494.02 270.19 -1 -1 -1 -1000 -1000 -1000 -10 1
55 15 Car -1 -1 -1 9.28 206.03 364.17 371.43 -1 -1 -1 -1000 -1000 -1000 -10 1
55 8 Car -1 -1 -1 366.00 207.07 502.41 271.23 -1 -1 -1 -1000 -1000 -1000 -10 1
56 15 Car -1 -1 -1 0.65 204.78 368.50 371.40 -1 -1 -1 -1000 -1000 -1000 -10 1
56 8 Car -1 -1 -1 370.90 207.91 510.26 273.26 -1 -1 -1 -1000 -1000 -1000 -10 1
57 15 Car -1 -1 -1 -2.63 203.50 368.90 370.48 -1 -1 -1 -1000 -1000 -1000 -10 1
57 8 Car -1 -1 -1 376.17 208.73 518.84 275.97 -1 -1 -1 -1000 -1000 -1000 -10 1
58 15 Car -1 -1 -1 -5.07 203.70 371.71 371.50 -1 -1 -1 -1000 -1000 -1000 -10 1
58 8 Car -1 -1 -1 379.99 206.53 526.23 278.40 -1 -1 -1 -1000 -1000 -1000 -10 1
59 15 Car -1 -1 -1 -6.84 205.98 374.28 372.36 -1 -1 -1 -1000 -1000 -1000 -10 1
59 8 Car -1 -1 -1 383.68 207.52 532.38 283.12 -1 -1 -1 -1000 -1000 -1000 -10 1
60 15 Car -1 -1 -1 -8.42 207.35 374.60 371.51 -1 -1 -1 -1000 -1000 -1000 -10 1
60 8 Car -1 -1 -1 393.22 208.80 544.08 285.71 -1 -1 -1 -1000 -1000 -1000 -10 1
61 15 Car -1 -1 -1 -10.35 209.42 368.86 372.06 -1 -1 -1 -1000 -1000 -1000 -10 1
61 8 Car -1 -1 -1 398.17 209.14 552.05 287.27 -1 -1 -1 -1000 -1000 -1000 -10 1
62 15 Car -1 -1 -1 -8.81 209.37 361.20 371.31 -1 -1 -1 -1000 -1000 -1000 -10 1
62 8 Car -1 -1 -1 404.77 211.24 560.92 290.58 -1 -1 -1 -1000 -1000 -1000 -10 1
63 15 Car -1 -1 -1 -9.74 212.76 354.16 374.95 -1 -1 -1 -1000 -1000 -1000 -10 1
63 8 Car -1 -1 -1 409.82 212.04 568.75 292.93 -1 -1 -1 -1000 -1000 -1000 -10 1
64 15 Car -1 -1 -1 -12.57 215.17 345.90 377.82 -1 -1 -1 -1000 -1000 -1000 -10 1
64 8 Car -1 -1 -1 411.95 208.80 576.75 294.56 -1 -1 -1 -1000 -1000 -1000 -10 1
65 15 Car -1 -1 -1 -15.14 211.59 338.92 376.17 -1 -1 -1 -1000 -1000 -1000 -10 1
65 8 Car -1 -1 -1 413.59 205.90 584.23 295.90 -1 -1 -1 -1000 -1000 -1000 -10 1
66 15 Car -1 -1 -1 -23.07 210.96 314.57 374.34 -1 -1 -1 -1000 -1000 -1000 -10 1
66 8 Car -1 -1 -1 414.60 201.14 592.74 295.70 -1 -1 -1 -1000 -1000 -1000 -10 1
67 24 Car -1 -1 -1 690.00 179.65 744.50 217.47 -1 -1 -1 -1000 -1000 -1000 -10 1
67 15 Car -1 -1 -1 -20.64 208.31 289.99 371.73 -1 -1 -1 -1000 -1000 -1000 -10 1
67 8 Car -1 -1 -1 416.04 197.35 599.81 295.84 -1 -1 -1 -1000 -1000 -1000 -10 1
68 24 Car -1 -1 -1 698.85 176.12 749.28 210.31 -1 -1 -1 -1000 -1000 -1000 -10 1
68 15 Car -1 -1 -1 -27.84 208.99 258.68 372.22 -1 -1 -1 -1000 -1000 -1000 -10 1
68 8 Car -1 -1 -1 417.82 195.22 604.57 293.68 -1 -1 -1 -1000 -1000 -1000 -10 1
69 24 Car -1 -1 -1 705.00 173.36 754.22 206.30 -1 -1 -1 -1000 -1000 -1000 -10 1
69 15 Car -1 -1 -1 -39.48 212.87 208.65 375.48 -1 -1 -1 -1000 -1000 -1000 -10 1
69 8 Car -1 -1 -1 412.32 191.94 608.11 293.98 -1 -1 -1 -1000 -1000 -1000 -10 1
70 24 Car -1 -1 -1 714.74 171.36 763.17 203.47 -1 -1 -1 -1000 -1000 -1000 -10 1
70 8 Car -1 -1 -1 407.84 189.74 611.62 294.87 -1 -1 -1 -1000 -1000 -1000 -10 1
71 24 Car -1 -1 -1 720.41 166.55 769.78 199.75 -1 -1 -1 -1000 -1000 -1000 -10 1
71 8 Car -1 -1 -1 402.45 189.05 615.38 297.61 -1 -1 -1 -1000 -1000 -1000 -10 1
72 24 Car -1 -1 -1 725.02 163.74 775.47 197.70 -1 -1 -1 -1000 -1000 -1000 -10 1
72 8 Car -1 -1 -1 396.82 189.48 618.77 303.36 -1 -1 -1 -1000 -1000 -1000 -10 1
73 24 Car -1 -1 -1 727.40 161.02 780.48 196.54 -1 -1 -1 -1000 -1000 -1000 -10 1
73 8 Car -1 -1 -1 389.94 190.37 621.51 310.69 -1 -1 -1 -1000 -1000 -1000 -10 1
74 24 Car -1 -1 -1 726.86 158.32 783.25 196.49 -1 -1 -1 -1000 -1000 -1000 -10 1
74 8 Car -1 -1 -1 378.71 191.54 623.14 319.24 -1 -1 -1 -1000 -1000 -1000 -10 1
75 24 Car -1 -1 -1 727.26 160.53 786.80 199.79 -1 -1 -1 -1000 -1000 -1000 -10 1
75 8 Car -1 -1 -1 360.83 193.20 621.63 329.10 -1 -1 -1 -1000 -1000 -1000 -10 1
76 24 Car -1 -1 -1 730.99 162.90 788.77 202.00 -1 -1 -1 -1000 -1000 -1000 -10 1
76 8 Car -1 -1 -1 341.79 199.43 608.39 337.40 -1 -1 -1 -1000 -1000 -1000 -10 1
77 24 Car -1 -1 -1 729.97 164.21 786.01 203.12 -1 -1 -1 -1000 -1000 -1000 -10 1
77 8 Car -1 -1 -1 318.89 201.55 604.01 351.57 -1 -1 -1 -1000 -1000 -1000 -10 1
78 24 Car -1 -1 -1 726.64 166.18 782.67 205.39 -1 -1 -1 -1000 -1000 -1000 -10 1
78 8 Car -1 -1 -1 283.10 201.99 587.62 361.57 -1 -1 -1 -1000 -1000 -1000 -10 1
79 24 Car -1 -1 -1 726.80 167.79 781.75 205.88 -1 -1 -1 -1000 -1000 -1000 -10 1
79 8 Car -1 -1 -1 240.84 200.68 570.02 367.18 -1 -1 -1 -1000 -1000 -1000 -10 1
80 24 Car -1 -1 -1 724.15 167.68 778.48 205.79 -1 -1 -1 -1000 -1000 -1000 -10 1
80 8 Car -1 -1 -1 192.28 201.47 553.79 371.61 -1 -1 -1 -1000 -1000 -1000 -10 1
81 24 Car -1 -1 -1 719.01 167.49 774.70 206.23 -1 -1 -1 -1000 -1000 -1000 -10 1
81 8 Car -1 -1 -1 136.93 200.74 542.38 372.06 -1 -1 -1 -1000 -1000 -1000 -10 1
82 24 Car -1 -1 -1 712.11 169.78 768.36 208.44 -1 -1 -1 -1000 -1000 -1000 -10 1
82 8 Car -1 -1 -1 106.25 199.33 539.11 372.71 -1 -1 -1 -1000 -1000 -1000 -10 1
83 24 Car -1 -1 -1 709.27 173.12 764.82 211.49 -1 -1 -1 -1000 -1000 -1000 -10 1
83 8 Car -1 -1 -1 80.04 201.02 530.31 374.64 -1 -1 -1 -1000 -1000 -1000 -10 1
84 24 Car -1 -1 -1 704.02 177.19 760.26 216.14 -1 -1 -1 -1000 -1000 -1000 -10 1
84 8 Car -1 -1 -1 87.30 201.11 534.68 373.94 -1 -1 -1 -1000 -1000 -1000 -10 1
85 24 Car -1 -1 -1 697.38 180.38 753.31 219.26 -1 -1 -1 -1000 -1000 -1000 -10 1
85 8 Car -1 -1 -1 29.67 208.83 502.26 376.03 -1 -1 -1 -1000 -1000 -1000 -10 1
86 24 Car -1 -1 -1 687.59 182.20 745.22 223.01 -1 -1 -1 -1000 -1000 -1000 -10 1
86 8 Car -1 -1 -1 0.76 209.28 478.51 376.50 -1 -1 -1 -1000 -1000 -1000 -10 1
87 24 Car -1 -1 -1 678.10 182.89 735.44 224.71 -1 -1 -1 -1000 -1000 -1000 -10 1
87 8 Car -1 -1 -1 -24.51 219.98 448.94 380.98 -1 -1 -1 -1000 -1000 -1000 -10 1
88 24 Car -1 -1 -1 664.98 184.81 723.92 227.92 -1 -1 -1 -1000 -1000 -1000 -10 1
89 24 Car -1 -1 -1 652.55 184.32 711.00 227.48 -1 -1 -1 -1000 -1000 -1000 -10 1
90 24 Car -1 -1 -1 636.63 184.93 696.81 229.61 -1 -1 -1 -1000 -1000 -1000 -10 1
91 24 Car -1 -1 -1 620.43 185.02 682.38 230.99 -1 -1 -1 -1000 -1000 -1000 -10 1
92 24 Car -1 -1 -1 605.24 183.60 667.74 229.88 -1 -1 -1 -1000 -1000 -1000 -10 1
93 24 Car -1 -1 -1 589.15 185.96 653.09 232.95 -1 -1 -1 -1000 -1000 -1000 -10 1
94 24 Car -1 -1 -1 572.90 186.94 639.04 235.09 -1 -1 -1 -1000 -1000 -1000 -10 1
95 24 Car -1 -1 -1 558.70 186.88 626.57 236.63 -1 -1 -1 -1000 -1000 -1000 -10 1
96 24 Car -1 -1 -1 544.26 186.91 611.85 236.83 -1 -1 -1 -1000 -1000 -1000 -10 1
97 24 Car -1 -1 -1 530.74 185.37 600.05 235.52 -1 -1 -1 -1000 -1000 -1000 -10 1
98 24 Car -1 -1 -1 519.44 180.76 590.20 231.83 -1 -1 -1 -1000 -1000 -1000 -10 1
99 24 Car -1 -1 -1 513.21 175.14 583.28 226.04 -1 -1 -1 -1000 -1000 -1000 -10 1
100 24 Car -1 -1 -1 500.21 162.37 573.52 214.73 -1 -1 -1 -1000 -1000 -1000 -10 1
101 24 Car -1 -1 -1 492.25 155.04 566.71 207.88 -1 -1 -1 -1000 -1000 -1000 -10 1
102 24 Car -1 -1 -1 488.93 156.74 562.76 209.43 -1 -1 -1 -1000 -1000 -1000 -10 1
103 24 Car -1 -1 -1 482.00 165.98 560.93 218.53 -1 -1 -1 -1000 -1000 -1000 -10 1
104 24 Car -1 -1 -1 473.73 175.08 554.33 229.59 -1 -1 -1 -1000 -1000 -1000 -10 1
105 24 Car -1 -1 -1 467.55 183.10 550.20 240.77 -1 -1 -1 -1000 -1000 -1000 -10 1
106 24 Car -1 -1 -1 460.02 186.66 545.14 247.60 -1 -1 -1 -1000 -1000 -1000 -10 1
107 24 Car -1 -1 -1 453.77 184.30 541.39 246.72 -1 -1 -1 -1000 -1000 -1000 -10 1
108 24 Car -1 -1 -1 445.43 178.16 537.65 241.09 -1 -1 -1 -1000 -1000 -1000 -10 1
109 24 Car -1 -1 -1 437.71 175.93 534.71 238.73 -1 -1 -1 -1000 -1000 -1000 -10 1
110 24 Car -1 -1 -1 429.78 178.04 529.26 243.14 -1 -1 -1 -1000 -1000 -1000 -10 1
111 24 Car -1 -1 -1 420.91 184.78 526.49 252.35 -1 -1 -1 -1000 -1000 -1000 -10 1
112 24 Car -1 -1 -1 411.29 191.66 521.21 261.82 -1 -1 -1 -1000 -1000 -1000 -10 1
113 24 Car -1 -1 -1 402.73 194.03 516.94 266.39 -1 -1 -1 -1000 -1000 -1000 -10 1
114 24 Car -1 -1 -1 392.86 194.06 511.87 267.22 -1 -1 -1 -1000 -1000 -1000 -10 1
115 24 Car -1 -1 -1 383.09 193.46 506.80 269.75 -1 -1 -1 -1000 -1000 -1000 -10 1
116 24 Car -1 -1 -1 371.32 193.77 499.06 274.28 -1 -1 -1 -1000 -1000 -1000 -10 1
117 24 Car -1 -1 -1 357.59 194.61 494.08 280.39 -1 -1 -1 -1000 -1000 -1000 -10 1
118 24 Car -1 -1 -1 342.98 196.64 487.78 288.44 -1 -1 -1 -1000 -1000 -1000 -10 1
119 24 Car -1 -1 -1 324.99 198.22 481.29 297.58 -1 -1 -1 -1000 -1000 -1000 -10 1
120 24 Car -1 -1 -1 303.60 201.04 473.59 308.51 -1 -1 -1 -1000 -1000 -1000 -10 1
121 24 Car -1 -1 -1 284.72 202.25 469.21 318.77 -1 -1 -1 -1000 -1000 -1000 -10 1
122 24 Car -1 -1 -1 261.04 205.36 461.67 331.07 -1 -1 -1 -1000 -1000 -1000 -10 1
123 24 Car -1 -1 -1 230.46 206.49 446.05 340.63 -1 -1 -1 -1000 -1000 -1000 -10 1
124 24 Car -1 -1 -1 203.93 203.58 437.10 350.52 -1 -1 -1 -1000 -1000 -1000 -10 1
125 24 Car -1 -1 -1 167.38 200.39 422.43 358.53 -1 -1 -1 -1000 -1000 -1000 -10 1
126 24 Car -1 -1 -1 125.25 202.73 405.60 367.38 -1 -1 -1 -1000 -1000 -1000 -10 1
127 24 Car -1 -1 -1 67.48 204.00 384.21 371.67 -1 -1 -1 -1000 -1000 -1000 -10 1
128 24 Car -1 -1 -1 29.36 203.40 372.03 373.12 -1 -1 -1 -1000 -1000 -1000 -10 1
129 24 Car -1 -1 -1 4.51 205.30 366.56 372.84 -1 -1 -1 -1000 -1000 -1000 -10 1
130 24 Car -1 -1 -1 -8.75 205.53 357.30 374.17 -1 -1 -1 -1000 -1000 -1000 -10 1
131 24 Car -1 -1 -1 -19.23 208.21 341.87 376.58 -1 -1 -1 -1000 -1000 -1000 -10 1
132 24 Car -1 -1 -1 -22.41 214.99 317.37 378.65 -1 -1 -1 -1000 -1000 -1000 -10 1
133 24 Car -1 -1 -1 -31.15 218.43 285.11 381.20 -1 -1 -1 -1000 -1000 -1000 -10 1
134 24 Car -1 -1 -1 -38.43 226.80 245.34 384.36 -1 -1 -1 -1000 -1000 -1000 -10 1
157 31 Car -1 -1 -1 542.57 178.45 572.84 203.44 -1 -1 -1 -1000 -1000 -1000 -10 1
158 31 Car -1 -1 -1 541.47 178.85 572.24 203.94 -1 -1 -1 -1000 -1000 -1000 -10 1
159 31 Car -1 -1 -1 539.37 178.36 570.62 203.64 -1 -1 -1 -1000 -1000 -1000 -10 1
160 31 Car -1 -1 -1 537.74 179.11 569.49 204.04 -1 -1 -1 -1000 -1000 -1000 -10 1
161 31 Car -1 -1 -1 535.81 178.42 568.39 203.05 -1 -1 -1 -1000 -1000 -1000 -10 1
162 31 Car -1 -1 -1 534.81 178.42 567.10 202.23 -1 -1 -1 -1000 -1000 -1000 -10 1
179 35 Car -1 -1 -1 511.28 181.27 554.01 213.94 -1 -1 -1 -1000 -1000 -1000 -10 1
180 35 Car -1 -1 -1 506.35 180.74 551.88 214.90 -1 -1 -1 -1000 -1000 -1000 -10 1
181 35 Car -1 -1 -1 503.42 180.96 551.42 216.24 -1 -1 -1 -1000 -1000 -1000 -10 1
182 35 Car -1 -1 -1 499.85 179.44 549.69 215.22 -1 -1 -1 -1000 -1000 -1000 -10 1
183 35 Car -1 -1 -1 496.85 181.14 547.13 217.62 -1 -1 -1 -1000 -1000 -1000 -10 1
184 35 Car -1 -1 -1 494.37 185.83 545.81 222.46 -1 -1 -1 -1000 -1000 -1000 -10 1
185 35 Car -1 -1 -1 488.46 189.22 543.51 228.67 -1 -1 -1 -1000 -1000 -1000 -10 1
186 35 Car -1 -1 -1 483.16 190.38 541.28 232.42 -1 -1 -1 -1000 -1000 -1000 -10 1
187 35 Car -1 -1 -1 479.23 189.61 540.54 234.57 -1 -1 -1 -1000 -1000 -1000 -10 1
188 35 Car -1 -1 -1 478.95 192.03 541.95 238.09 -1 -1 -1 -1000 -1000 -1000 -10 1
189 35 Car -1 -1 -1 471.99 190.58 538.61 239.62 -1 -1 -1 -1000 -1000 -1000 -10 1
190 38 Car -1 -1 -1 548.96 181.72 582.19 208.12 -1 -1 -1 -1000 -1000 -1000 -10 1
190 35 Car -1 -1 -1 464.49 186.96 534.27 238.64 -1 -1 -1 -1000 -1000 -1000 -10 1
191 38 Car -1 -1 -1 547.69 180.05 581.55 206.39 -1 -1 -1 -1000 -1000 -1000 -10 1
191 35 Car -1 -1 -1 455.71 185.39 529.27 238.61 -1 -1 -1 -1000 -1000 -1000 -10 1
192 38 Car -1 -1 -1 546.28 179.79 581.26 207.12 -1 -1 -1 -1000 -1000 -1000 -10 1
192 35 Car -1 -1 -1 449.57 186.07 526.55 240.58 -1 -1 -1 -1000 -1000 -1000 -10 1
193 38 Car -1 -1 -1 545.64 180.83 582.12 209.71 -1 -1 -1 -1000 -1000 -1000 -10 1
193 35 Car -1 -1 -1 444.46 188.19 523.43 244.27 -1 -1 -1 -1000 -1000 -1000 -10 1
194 38 Car -1 -1 -1 542.44 182.46 581.85 213.18 -1 -1 -1 -1000 -1000 -1000 -10 1
194 35 Car -1 -1 -1 434.80 191.25 522.15 249.29 -1 -1 -1 -1000 -1000 -1000 -10 1
195 38 Car -1 -1 -1 540.39 182.75 581.67 214.15 -1 -1 -1 -1000 -1000 -1000 -10 1
195 35 Car -1 -1 -1 425.92 191.39 519.98 252.09 -1 -1 -1 -1000 -1000 -1000 -10 1
196 38 Car -1 -1 -1 539.11 182.26 581.75 214.49 -1 -1 -1 -1000 -1000 -1000 -10 1
196 35 Car -1 -1 -1 416.92 188.91 513.31 253.93 -1 -1 -1 -1000 -1000 -1000 -10 1
197 38 Car -1 -1 -1 535.79 179.84 580.27 211.56 -1 -1 -1 -1000 -1000 -1000 -10 1
197 35 Car -1 -1 -1 410.59 187.13 510.98 256.18 -1 -1 -1 -1000 -1000 -1000 -10 1
198 38 Car -1 -1 -1 534.42 181.90 580.18 214.83 -1 -1 -1 -1000 -1000 -1000 -10 1
198 35 Car -1 -1 -1 394.42 191.05 505.91 263.59 -1 -1 -1 -1000 -1000 -1000 -10 1
199 38 Car -1 -1 -1 530.56 181.71 579.78 215.31 -1 -1 -1 -1000 -1000 -1000 -10 1
199 35 Car -1 -1 -1 380.94 192.00 500.96 268.75 -1 -1 -1 -1000 -1000 -1000 -10 1
200 38 Car -1 -1 -1 529.46 180.90 580.11 215.55 -1 -1 -1 -1000 -1000 -1000 -10 1
200 35 Car -1 -1 -1 363.82 192.67 493.01 273.96 -1 -1 -1 -1000 -1000 -1000 -10 1
201 38 Car -1 -1 -1 526.22 181.39 579.00 217.38 -1 -1 -1 -1000 -1000 -1000 -10 1
201 35 Car -1 -1 -1 346.22 192.99 485.41 281.93 -1 -1 -1 -1000 -1000 -1000 -10 1
202 38 Car -1 -1 -1 524.37 181.81 578.57 218.74 -1 -1 -1 -1000 -1000 -1000 -10 1
202 35 Car -1 -1 -1 323.69 195.62 478.44 291.27 -1 -1 -1 -1000 -1000 -1000 -10 1
203 38 Car -1 -1 -1 522.79 182.62 578.76 221.46 -1 -1 -1 -1000 -1000 -1000 -10 1
203 35 Car -1 -1 -1 298.10 194.64 470.87 302.91 -1 -1 -1 -1000 -1000 -1000 -10 1
204 38 Car -1 -1 -1 520.70 182.31 579.60 223.12 -1 -1 -1 -1000 -1000 -1000 -10 1
204 35 Car -1 -1 -1 265.77 194.57 462.09 315.98 -1 -1 -1 -1000 -1000 -1000 -10 1
205 38 Car -1 -1 -1 518.26 181.85 578.11 223.90 -1 -1 -1 -1000 -1000 -1000 -10 1
205 35 Car -1 -1 -1 228.82 199.77 447.52 328.67 -1 -1 -1 -1000 -1000 -1000 -10 1
206 38 Car -1 -1 -1 513.06 180.11 575.56 222.68 -1 -1 -1 -1000 -1000 -1000 -10 1
206 35 Car -1 -1 -1 183.42 200.62 423.75 342.68 -1 -1 -1 -1000 -1000 -1000 -10 1
207 38 Car -1 -1 -1 512.90 179.12 573.71 222.40 -1 -1 -1 -1000 -1000 -1000 -10 1
207 35 Car -1 -1 -1 117.77 194.23 399.90 352.87 -1 -1 -1 -1000 -1000 -1000 -10 1
208 38 Car -1 -1 -1 515.57 177.51 574.23 220.07 -1 -1 -1 -1000 -1000 -1000 -10 1
208 35 Car -1 -1 -1 52.18 187.47 384.05 358.87 -1 -1 -1 -1000 -1000 -1000 -10 1
209 38 Car -1 -1 -1 508.88 179.98 567.53 223.55 -1 -1 -1 -1000 -1000 -1000 -10 1
209 35 Car -1 -1 -1 20.62 193.58 371.66 369.14 -1 -1 -1 -1000 -1000 -1000 -10 1
210 38 Car -1 -1 -1 496.93 183.04 560.24 230.06 -1 -1 -1 -1000 -1000 -1000 -10 1
210 35 Car -1 -1 -1 0.54 201.91 363.23 373.43 -1 -1 -1 -1000 -1000 -1000 -10 1
211 38 Car -1 -1 -1 489.10 184.69 555.71 234.56 -1 -1 -1 -1000 -1000 -1000 -10 1
211 35 Car -1 -1 -1 -12.26 204.35 351.04 376.46 -1 -1 -1 -1000 -1000 -1000 -10 1
212 38 Car -1 -1 -1 483.43 186.94 553.58 239.42 -1 -1 -1 -1000 -1000 -1000 -10 1
212 35 Car -1 -1 -1 -26.24 210.43 320.08 380.48 -1 -1 -1 -1000 -1000 -1000 -10 1
213 38 Car -1 -1 -1 476.25 186.44 550.54 242.22 -1 -1 -1 -1000 -1000 -1000 -10 1
213 35 Car -1 -1 -1 -38.41 219.71 276.28 385.07 -1 -1 -1 -1000 -1000 -1000 -10 1
214 41 Car -1 -1 -1 519.18 180.18 570.23 220.25 -1 -1 -1 -1000 -1000 -1000 -10 1
214 38 Car -1 -1 -1 467.08 184.90 547.92 246.11 -1 -1 -1 -1000 -1000 -1000 -10 1
214 35 Car -1 -1 -1 -50.33 221.30 219.85 384.15 -1 -1 -1 -1000 -1000 -1000 -10 1
215 41 Car -1 -1 -1 514.46 178.56 567.41 219.34 -1 -1 -1 -1000 -1000 -1000 -10 1
215 38 Car -1 -1 -1 456.75 185.36 543.66 251.58 -1 -1 -1 -1000 -1000 -1000 -10 1
216 41 Car -1 -1 -1 510.12 180.37 565.80 222.40 -1 -1 -1 -1000 -1000 -1000 -10 1
216 38 Car -1 -1 -1 442.69 187.46 538.97 257.60 -1 -1 -1 -1000 -1000 -1000 -10 1
217 41 Car -1 -1 -1 501.26 181.88 562.31 227.82 -1 -1 -1 -1000 -1000 -1000 -10 1
217 38 Car -1 -1 -1 431.91 189.41 533.45 264.18 -1 -1 -1 -1000 -1000 -1000 -10 1
218 41 Car -1 -1 -1 484.35 182.01 560.06 232.80 -1 -1 -1 -1000 -1000 -1000 -10 1
218 38 Car -1 -1 -1 417.04 190.82 526.46 270.67 -1 -1 -1 -1000 -1000 -1000 -10 1
219 41 Car -1 -1 -1 478.17 181.86 557.43 235.06 -1 -1 -1 -1000 -1000 -1000 -10 1
219 38 Car -1 -1 -1 401.80 190.44 519.72 277.60 -1 -1 -1 -1000 -1000 -1000 -10 1
220 41 Car -1 -1 -1 470.89 180.26 553.48 235.10 -1 -1 -1 -1000 -1000 -1000 -10 1
220 38 Car -1 -1 -1 379.59 189.91 508.72 285.57 -1 -1 -1 -1000 -1000 -1000 -10 1
221 41 Car -1 -1 -1 466.99 179.41 548.92 236.55 -1 -1 -1 -1000 -1000 -1000 -10 1
221 38 Car -1 -1 -1 357.01 190.70 500.66 294.17 -1 -1 -1 -1000 -1000 -1000 -10 1
222 41 Car -1 -1 -1 454.90 178.89 540.62 238.34 -1 -1 -1 -1000 -1000 -1000 -10 1
222 38 Car -1 -1 -1 329.59 192.28 489.32 306.87 -1 -1 -1 -1000 -1000 -1000 -10 1
224 41 Car -1 -1 -1 445.20 183.13 537.75 249.36 -1 -1 -1 -1000 -1000 -1000 -10 1
224 38 Car -1 -1 -1 262.71 203.32 463.14 345.51 -1 -1 -1 -1000 -1000 -1000 -10 1
225 41 Car -1 -1 -1 434.59 186.57 534.42 258.31 -1 -1 -1 -1000 -1000 -1000 -10 1
225 38 Car -1 -1 -1 200.18 205.13 439.41 362.06 -1 -1 -1 -1000 -1000 -1000 -10 1
226 41 Car -1 -1 -1 417.76 190.11 529.06 268.92 -1 -1 -1 -1000 -1000 -1000 -10 1
226 38 Car -1 -1 -1 111.33 205.65 411.52 370.60 -1 -1 -1 -1000 -1000 -1000 -10 1
227 41 Car -1 -1 -1 405.18 187.01 524.18 271.26 -1 -1 -1 -1000 -1000 -1000 -10 1
227 38 Car -1 -1 -1 41.42 204.61 392.01 373.28 -1 -1 -1 -1000 -1000 -1000 -10 1
228 41 Car -1 -1 -1 394.72 183.72 517.54 275.25 -1 -1 -1 -1000 -1000 -1000 -10 1
228 38 Car -1 -1 -1 9.46 203.16 378.17 373.81 -1 -1 -1 -1000 -1000 -1000 -10 1
229 41 Car -1 -1 -1 378.17 185.02 509.94 284.61 -1 -1 -1 -1000 -1000 -1000 -10 1
229 38 Car -1 -1 -1 -15.71 204.32 352.13 376.25 -1 -1 -1 -1000 -1000 -1000 -10 1
230 41 Car -1 -1 -1 357.55 190.22 500.31 297.90 -1 -1 -1 -1000 -1000 -1000 -10 1
230 38 Car -1 -1 -1 -21.16 213.04 323.32 373.71 -1 -1 -1 -1000 -1000 -1000 -10 1
231 41 Car -1 -1 -1 334.95 192.79 489.29 312.89 -1 -1 -1 -1000 -1000 -1000 -10 1
232 41 Car -1 -1 -1 307.58 195.16 477.30 328.47 -1 -1 -1 -1000 -1000 -1000 -10 1
233 41 Car -1 -1 -1 273.03 198.99 465.17 350.73 -1 -1 -1 -1000 -1000 -1000 -10 1
234 41 Car -1 -1 -1 229.25 199.83 451.07 364.48 -1 -1 -1 -1000 -1000 -1000 -10 1
235 41 Car -1 -1 -1 168.32 197.56 424.95 372.37 -1 -1 -1 -1000 -1000 -1000 -10 1
236 41 Car -1 -1 -1 96.74 195.48 401.28 375.00 -1 -1 -1 -1000 -1000 -1000 -10 1
237 41 Car -1 -1 -1 34.34 197.12 372.55 375.24 -1 -1 -1 -1000 -1000 -1000 -10 1
238 41 Car -1 -1 -1 1.13 198.56 343.72 378.63 -1 -1 -1 -1000 -1000 -1000 -10 1
239 41 Car -1 -1 -1 -19.98 201.17 296.16 378.04 -1 -1 -1 -1000 -1000 -1000 -10 1
251 43 Car -1 -1 -1 567.45 180.22 592.36 200.98 -1 -1 -1 -1000 -1000 -1000 -10 1
252 43 Car -1 -1 -1 567.43 179.86 594.15 201.77 -1 -1 -1 -1000 -1000 -1000 -10 1
253 43 Car -1 -1 -1 566.71 180.18 594.63 202.38 -1 -1 -1 -1000 -1000 -1000 -10 1
254 43 Car -1 -1 -1 564.18 180.94 593.00 203.47 -1 -1 -1 -1000 -1000 -1000 -10 1
255 43 Car -1 -1 -1 562.68 179.85 592.07 202.12 -1 -1 -1 -1000 -1000 -1000 -10 1
