0 1 Car -1 -1 -1 639.18 184.28 702.11 233.96 -1 -1 -1 -1000 -1000 -1000 -10 1
1 1 Car -1 -1 -1 641.31 183.44 706.03 234.18 -1 -1 -1 -1000 -1000 -1000 -10 1
2 1 Car -1 -1 -1 644.06 182.60 711.37 235.65 -1 -1 -1 -1000 -1000 -1000 -10 1
3 1 Car -1 -1 -1 648.21 181.23 714.82 233.97 -1 -1 -1 -1000 -1000 -1000 -10 1
4 1 Car -1 -1 -1 652.41 178.93 719.37 233.29 -1 -1 -1 -1000 -1000 -1000 -10 1
5 1 Car -1 -1 -1 656.84 178.76 721.89 232.43 -1 -1 -1 -1000 -1000 -1000 -10 1
6 1 Car -1 -1 -1 662.25 178.40 725.51 230.93 -1 -1 -1 -1000 -1000 -1000 -10 1
7 1 Car -1 -1 -1 664.94 179.15 729.04 232.10 -1 -1 -1 -1000 -1000 -1000 -10 1
8 1 Car -1 -1 -1 666.04 179.43 732.27 233.42 -1 -1 -1 -1000 -1000 -1000 -10 1
9 1 Car -1 -1 -1 668.80 180.09 736.25 234.78 -1 -1 -1 -1000 -1000 -1000 -10 1
10 1 Car -1 -1 -1 671.08 180.45 739.52 234.02 -1 -1 -1 -1000 -1000 -1000 -10 1
11 1 Car -1 -1 -1 673.03 180.80 742.18 233.27 -1 -1 -1 -1000 -1000 -1000 -10 1
12 1 Car -1 -1 -1 674.04 180.76 744.78 233.12 -1 -1 -1 -1000 -1000 -1000 -10 1
13 1 Car -1 -1 -1 676.60 181.00 749.02 233.56 -1 -1 -1 -1000 -1000 -1000 -10 1
14 1 Car -1 -1 -1 677.77 180.18 753.72 233.99 -1 -1 -1 -1000 -1000 -1000 -10 1
15 1 Car -1 -1 -1 681.05 177.67 756.49 232.42 -1 -1 -1 -1000 -1000 -1000 -10 1
16 1 Car -1 -1 -1 682.31 178.94 760.26 234.66 -1 -1 -1 -1000 -1000 -1000 -10 1
17 1 Car -1 -1 -1 684.98 178.83 765.51 235.35 -1 -1 -1 -1000 -1000 -1000 -10 1
18 1 Car -1 -1 -1 687.46 178.63 769.60 235.07 -1 -1 -1 -1000 -1000 -1000 -10 1
19 1 Car -1 -1 -1 690.53 179.83 773.83 236.30 -1 -1 -1 -1000 -1000 -1000 -10 1
20 1 Car -1 -1 -1 694.22 180.93 777.19 237.78 -1 -1 -1 -1000 -1000 -1000 -10 1
21 4 Car -1 -1 -1 58.59 179.25 207.96 235.90 -1 -1 -1 -1000 -1000 -1000 -10 1
21 1 Car -1 -1 -1 696.30 179.04 779.14 237.99 -1 -1 -1 -1000 -1000 -1000 -10 1
22 4 Car -1 -1 -1 112.35 178.48 264.98 233.68 -1 -1 -1 -1000 -1000 -1000 -10 1
22 1 Car -1 -1 -1 699.38 177.50 782.03 237.63 -1 -1 -1 -1000 -1000 -1000 -10 1
23 4 Car -1 -1 -1 167.81 178.92 318.56 230.06 -1 -1 -1 -1000 -1000 -1000 -10 1
23 1 Car -1 -1 -1 701.81 176.90 785.24 237.82 -1 -1 -1 -1000 -1000 -1000 -10 1
24 4 Car -1 -1 -1 216.48 179.46 365.12 227.77 -1 -1 -1 -1000 -1000 -1000 -10 1
24 1 Car -1 -1 -1 702.41 177.83 787.69 240.32 -1 -1 -1 -1000 -1000 -1000 -10 1
25 4 Car -1 -1 -1 260.13 181.13 406.55 226.56 -1 -1 -1 -1000 -1000 -1000 -10 1
25 1 Car -1 -1 -1 703.45 179.05 789.98 242.48 -1 -1 -1 -1000 -1000 -1000 -10 1
26 4 Car -1 -1 -1 302.07 180.88 444.86 225.13 -1 -1 -1 -1000 -1000 -1000 -10 1
26 1 Car -1 -1 -1 703.71 178.67 791.28 242.52 -1 -1 -1 -1000 -1000 -1000 -10 1
27 4 Car -1 -1 -1 339.67 183.62 479.50 226.36 -1 -1 -1 -1000 -1000 -1000 -10 1
27 1 Car -1 -1 -1 702.91 179.30 790.76 243.61 -1 -1 -1 -1000 -1000 -1000 -10 1
28 4 Car -1 -1 -1 375.74 182.85 509.28 225.59 -1 -1 -1 -1000 -1000 -1000 -10 1
28 1 Car -1 -1 -1 702.62 178.86 790.79 243.63 -1 -1 -1 -1000 -1000 -1000 -10 1
29 4 Car -1 -1 -1 414.57 184.08 543.91 224.13 -1 -1 -1 -1000 -1000 -1000 -10 1
29 1 Car -1 -1 -1 702.26 180.27 791.49 244.60 -1 -1 -1 -1000 -1000 -1000 -10 1
30 4 Car -1 -1 -1 447.65 181.92 568.38 222.05 -1 -1 -1 -1000 -1000 -1000 -10 1
30 1 Car -1 -1 -1 702.95 181.98 793.06 246.73 -1 -1 -1 -1000 -1000 -1000 -10 1
31 4 Car -1 -1 -1 478.37 183.18 592.96 222.08 -1 -1 -1 -1000 -1000 -1000 -10 1
31 1 Car -1 -1 -1 703.24 182.68 792.91 248.00 -1 -1 -1 -1000 -1000 -1000 -10 1
32 4 Car -1 -1 -1 504.80 183.04 610.69 221.88 -1 -1 -1 -1000 -1000 -1000 -10 1
32 1 Car -1 -1 -1 701.70 183.86 791.98 250.56 -1 -1 -1 -1000 -1000 -1000 -10 1
33 4 Car -1 -1 -1 532.45 182.55 631.76 220.83 -1 -1 -1 -1000 -1000 -1000 -10 1
33 1 Car -1 -1 -1 700.89 184.01 791.37 251.44 -1 -1 -1 -1000 -1000 -1000 -10 1
34 4 Car -1 -1 -1 549.07 185.13 649.29 221.53 -1 -1 -1 -1000 -1000 -1000 -10 1
34 1 Car -1 -1 -1 700.84 185.49 791.09 252.76 -1 -1 -1 -1000 -1000 -1000 -10 1
35 4 Car -1 -1 -1 571.06 184.45 660.59 219.51 -1 -1 -1 -1000 -1000 -1000 -10 1
35 1 Car -1 -1 -1 700.91 186.81 791.30 254.09 -1 -1 -1 -1000 -1000 -1000 -10 1
36 4 Car -1 -1 -1 593.41 182.36 668.89 215.42 -1 -1 -1 -1000 -1000 -1000 -10 1
36 1 Car -1 -1 -1 698.30 186.64 789.20 254.67 -1 -1 -1 -1000 -1000 -1000 -10 1
37 4 Car -1 -1 -1 612.96 180.79 682.85 213.93 -1 -1 -1 -1000 -1000 -1000 -10 1
37 1 Car -1 -1 -1 696.79 185.88 788.67 254.01 -1 -1 -1 -1000 -1000 -1000 -10 1
38 4 Car -1 -1 -1 629.84 178.91 691.39 209.90 -1 -1 -1 -1000 -1000 -1000 -10 1
38 1 Car -1 -1 -1 701.86 180.63 790.32 247.35 -1 -1 -1 -1000 -1000 -1000 -10 1
39 8 Car -1 -1 -1 284.50 192.24 394.05 229.90 -1 -1 -1 -1000 -1000 -1000 -10 1
39 4 Car -1 -1 -1 641.52 177.73 698.63 207.60 -1 -1 -1 -1000 -1000 -1000 -10 1
39 1 Car -1 -1 -1 702.56 177.58 788.65 242.22 -1 -1 -1 -1000 -1000 -1000 -10 1
40 8 Car -1 -1 -1 213.16 195.30 335.41 232.81 -1 -1 -1 -1000 -1000 -1000 -10 1
40 1 Car -1 -1 -1 702.65 179.17 789.49 244.68 -1 -1 -1 -1000 -1000 -1000 -10 1
41 8 Car -1 -1 -1 124.79 199.35 264.32 238.91 -1 -1 -1 -1000 -1000 -1000 -10 1
41 1 Car -1 -1 -1 701.96 179.06 789.43 244.52 -1 -1 -1 -1000 -1000 -1000 -10 1
42 8 Car -1 -1 -1 36.93 204.38 189.42 247.38 -1 -1 -1 -1000 -1000 -1000 -10 1
42 1 Car -1 -1 -1 701.81 178.33 789.34 243.43 -1 -1 -1 -1000 -1000 -1000 -10 1
43 8 Car -1 -1 -1 -22.46 208.57 113.04 252.78 -1 -1 -1 -1000 -1000 -1000 -10 1
43 1 Car -1 -1 -1 702.17 178.81 789.09 243.64 -1 -1 -1 -1000 -1000 -1000 -10 1
44 1 Car -1 -1 -1 702.17 179.09 789.26 244.81 -1 -1 -1 -1000 -1000 -1000 -10 1
45 1 Car -1 -1 -1 702.84 178.96 789.08 244.83 -1 -1 -1 -1000 -1000 -1000 -10 1
46 1 Car -1 -1 -1 702.85 178.11 786.82 243.68 -1 -1 -1 -1000 -1000 -1000 -10 1
47 16 Car -1 -1 -1 398.60 179.09 463.59 212.06 -1 -1 -1 -1000 -1000 -1000 -10 1
47 1 Car -1 -1 -1 701.04 177.73 783.05 242.21 -1 -1 -1 -1000 -1000 -1000 -10 1
48 16 Car -1 -1 -1 349.30 182.23 425.37 216.16 -1 -1 -1 -1000 -1000 -1000 -10 1
48 13 Car -1 -1 -1 675.42 172.95 708.71 195.76 -1 -1 -1 -1000 -1000 -1000 -10 1
48 1 Car -1 -1 -1 697.89 178.95 779.08 242.61 -1 -1 -1 -1000 -1000 -1000 -10 1
49 16 Car -1 -1 -1 298.94 184.62 388.43 221.02 -1 -1 -1 -1000 -1000 -1000 -10 1
49 13 Car -1 -1 -1 673.88 171.97 706.51 194.01 -1 -1 -1 -1000 -1000 -1000 -10 1
49 1 Car -1 -1 -1 695.49 178.67 775.56 241.90 -1 -1 -1 -1000 -1000 -1000 -10 1
50 16 Car -1 -1 -1 236.34 188.69 345.06 229.62 -1 -1 -1 -1000 -1000 -1000 -10 1
50 13 Car -1 -1 -1 671.69 172.79 702.93 193.37 -1 -1 -1 -1000 -1000 -1000 -10 1
50 1 Car -1 -1 -1 692.44 179.63 771.27 242.41 -1 -1 -1 -1000 -1000 -1000 -10 1
51 16 Car -1 -1 -1 165.09 189.86 290.69 237.52 -1 -1 -1 -1000 -1000 -1000 -10 1
51 13 Car -1 -1 -1 670.27 174.62 701.21 196.06 -1 -1 -1 -1000 -1000 -1000 -10 1
51 1 Car -1 -1 -1 690.58 179.64 768.74 241.28 -1 -1 -1 -1000 -1000 -1000 -10 1
52 22 Car -1 -1 -1 414.26 181.66 476.06 215.38 -1 -1 -1 -1000 -1000 -1000 -10 1
52 16 Car -1 -1 -1 78.78 194.28 223.25 246.85 -1 -1 -1 -1000 -1000 -1000 -10 1
52 13 Car -1 -1 -1 667.48 175.22 697.35 196.69 -1 -1 -1 -1000 -1000 -1000 -10 1
52 1 Car -1 -1 -1 690.03 181.39 767.04 240.35 -1 -1 -1 -1000 -1000 -1000 -10 1
53 22 Car -1 -1 -1 374.90 181.57 445.70 219.45 -1 -1 -1 -1000 -1000 -1000 -10 1
53 16 Car -1 -1 -1 0.46 197.77 152.74 255.73 -1 -1 -1 -1000 -1000 -1000 -10 1
53 13 Car -1 -1 -1 662.09 175.33 690.77 196.61 -1 -1 -1 -1000 -1000 -1000 -10 1
53 1 Car -1 -1 -1 686.10 180.54 762.51 239.63 -1 -1 -1 -1000 -1000 -1000 -10 1
54 22 Car -1 -1 -1 335.63 185.52 417.77 224.27 -1 -1 -1 -1000 -1000 -1000 -10 1
54 16 Car -1 -1 -1 -37.40 200.61 85.88 258.78 -1 -1 -1 -1000 -1000 -1000 -10 1
54 13 Car -1 -1 -1 657.78 173.84 687.35 195.44 -1 -1 -1 -1000 -1000 -1000 -10 1
54 1 Car -1 -1 -1 683.68 181.02 761.05 239.44 -1 -1 -1 -1000 -1000 -1000 -10 1
55 22 Car -1 -1 -1 285.68 188.06 384.37 230.34 -1 -1 -1 -1000 -1000 -1000 -10 1
55 13 Car -1 -1 -1 652.81 171.39 681.58 191.61 -1 -1 -1 -1000 -1000 -1000 -10 1
55 1 Car -1 -1 -1 679.29 182.30 756.70 239.19 -1 -1 -1 -1000 -1000 -1000 -10 1
56 22 Car -1 -1 -1 230.45 188.19 343.62 235.00 -1 -1 -1 -1000 -1000 -1000 -10 1
56 1 Car -1 -1 -1 678.01 182.46 755.19 238.84 -1 -1 -1 -1000 -1000 -1000 -10 1
57 22 Car -1 -1 -1 168.61 186.36 295.31 237.86 -1 -1 -1 -1000 -1000 -1000 -10 1
57 1 Car -1 -1 -1 673.80 180.47 751.22 236.77 -1 -1 -1 -1000 -1000 -1000 -10 1
58 22 Car -1 -1 -1 87.86 184.25 235.70 243.83 -1 -1 -1 -1000 -1000 -1000 -10 1
58 1 Car -1 -1 -1 672.25 177.38 748.42 233.72 -1 -1 -1 -1000 -1000 -1000 -10 1
59 22 Car -1 -1 -1 18.34 188.18 174.13 251.12 -1 -1 -1 -1000 -1000 -1000 -10 1
59 1 Car -1 -1 -1 669.55 175.82 744.45 231.25 -1 -1 -1 -1000 -1000 -1000 -10 1
60 22 Car -1 -1 -1 -26.02 189.42 109.29 254.29 -1 -1 -1 -1000 -1000 -1000 -10 1
60 1 Car -1 -1 -1 666.35 174.09 739.59 229.82 -1 -1 -1 -1000 -1000 -1000 -10 1
61 1 Car -1 -1 -1 663.96 174.19 735.83 230.75 -1 -1 -1 -1000 -1000 -1000 -10 1
62 1 Car -1 -1 -1 663.22 174.96 733.29 232.05 -1 -1 -1 -1000 -1000 -1000 -10 1
63 26 Car -1 -1 -1 530.40 176.20 562.19 195.91 -1 -1 -1 -1000 -1000 -1000 -10 1
63 1 Car -1 -1 -1 661.89 175.23 731.19 232.49 -1 -1 -1 -1000 -1000 -1000 -10 1
64 27 Car -1 -1 -1 24.10 173.80 237.61 379.76 -1 -1 -1 -1000 -1000 -1000 -10 1
64 26 Car -1 -1 -1 516.90 175.55 549.89 195.78 -1 -1 -1 -1000 -1000 -1000 -10 1
64 1 Car -1 -1 -1 655.62 172.81 724.14 229.92 -1 -1 -1 -1000 -1000 -1000 -10 1
65 27 Car -1 -1 -1 21.74 168.79 275.68 376.68 -1 -1 -1 -1000 -1000 -1000 -10 1
65 26 Car -1 -1 -1 509.12 175.93 541.98 195.89 -1 -1 -1 -1000 -1000 -1000 -10 1
65 1 Car -1 -1 -1 649.22 172.38 717.63 229.13 -1 -1 -1 -1000 -1000 -1000 -10 1
66 27 Car -1 -1 -1 52.35 169.17 322.18 362.35 -1 -1 -1 -1000 -1000 -1000 -10 1
66 26 Car -1 -1 -1 485.05 177.84 520.89 199.68 -1 -1 -1 -1000 -1000 -1000 -10 1
66 1 Car -1 -1 -1 645.83 172.69 715.45 229.98 -1 -1 -1 -1000 -1000 -1000 -10 1
67 27 Car -1 -1 -1 97.70 170.74 360.86 350.23 -1 -1 -1 -1000 -1000 -1000 -10 1
67 26 Car -1 -1 -1 461.04 179.58 501.19 203.54 -1 -1 -1 -1000 -1000 -1000 -10 1
67 1 Car -1 -1 -1 642.33 176.37 713.21 233.77 -1 -1 -1 -1000 -1000 -1000 -10 1
68 27 Car -1 -1 -1 138.94 172.82 391.48 339.89 -1 -1 -1 -1000 -1000 -1000 -10 1
68 26 Car -1 -1 -1 437.25 182.42 481.49 209.00 -1 -1 -1 -1000 -1000 -1000 -10 1
69 27 Car -1 -1 -1 181.11 174.63 411.82 330.27 -1 -1 -1 -1000 -1000 -1000 -10 1
69 26 Car -1 -1 -1 413.00 184.32 462.68 214.32 -1 -1 -1 -1000 -1000 -1000 -10 1
70 27 Car -1 -1 -1 217.93 175.24 431.19 320.38 -1 -1 -1 -1000 -1000 -1000 -10 1
70 26 Car -1 -1 -1 391.56 186.89 448.56 219.69 -1 -1 -1 -1000 -1000 -1000 -10 1
71 27 Car -1 -1 -1 247.44 172.68 445.69 307.43 -1 -1 -1 -1000 -1000 -1000 -10 1
71 1 Car -1 -1 -1 618.76 180.64 687.72 238.00 -1 -1 -1 -1000 -1000 -1000 -10 1
72 27 Car -1 -1 -1 278.22 175.14 462.27 297.22 -1 -1 -1 -1000 -1000 -1000 -10 1
72 1 Car -1 -1 -1 614.21 178.71 681.97 236.24 -1 -1 -1 -1000 -1000 -1000 -10 1
73 27 Car -1 -1 -1 301.20 174.52 466.38 281.34 -1 -1 -1 -1000 -1000 -1000 -10 1
73 1 Car -1 -1 -1 611.92 179.26 678.50 236.28 -1 -1 -1 -1000 -1000 -1000 -10 1
74 27 Car -1 -1 -1 324.01 178.63 475.58 276.37 -1 -1 -1 -1000 -1000 -1000 -10 1
74 1 Car -1 -1 -1 608.26 180.09 674.57 236.84 -1 -1 -1 -1000 -1000 -1000 -10 1
75 27 Car -1 -1 -1 348.73 182.38 485.12 273.08 -1 -1 -1 -1000 -1000 -1000 -10 1
75 1 Car -1 -1 -1 605.30 182.03 671.26 238.21 -1 -1 -1 -1000 -1000 -1000 -10 1
76 33 Car -1 -1 -1 142.86 190.57 272.03 247.79 -1 -1 -1 -1000 -1000 -1000 -10 1
76 27 Car -1 -1 -1 365.14 183.27 491.08 266.96 -1 -1 -1 -1000 -1000 -1000 -10 1
76 1 Car -1 -1 -1 601.72 180.92 667.62 237.33 -1 -1 -1 -1000 -1000 -1000 -10 1
77 33 Car -1 -1 -1 69.43 197.80 213.69 257.63 -1 -1 -1 -1000 -1000 -1000 -10 1
77 27 Car -1 -1 -1 377.83 184.21 494.82 262.66 -1 -1 -1 -1000 -1000 -1000 -10 1
77 1 Car -1 -1 -1 600.04 180.47 665.66 236.93 -1 -1 -1 -1000 -1000 -1000 -10 1
78 33 Car -1 -1 -1 3.17 203.16 154.17 268.42 -1 -1 -1 -1000 -1000 -1000 -10 1
78 27 Car -1 -1 -1 388.50 185.13 497.26 258.96 -1 -1 -1 -1000 -1000 -1000 -10 1
78 1 Car -1 -1 -1 598.74 180.79 662.67 236.95 -1 -1 -1 -1000 -1000 -1000 -10 1
79 33 Car -1 -1 -1 -32.99 208.38 84.05 271.54 -1 -1 -1 -1000 -1000 -1000 -10 1
79 27 Car -1 -1 -1 401.21 186.25 498.71 254.42 -1 -1 -1 -1000 -1000 -1000 -10 1
79 1 Car -1 -1 -1 596.74 183.24 660.39 239.21 -1 -1 -1 -1000 -1000 -1000 -10 1
80 34 Car -1 -1 -1 469.22 175.96 508.58 203.74 -1 -1 -1 -1000 -1000 -1000 -10 1
80 27 Car -1 -1 -1 411.02 188.75 501.85 251.77 -1 -1 -1 -1000 -1000 -1000 -10 1
80 1 Car -1 -1 -1 595.60 184.37 658.85 239.42 -1 -1 -1 -1000 -1000 -1000 -10 1
81 27 Car -1 -1 -1 421.01 189.18 503.47 247.32 -1 -1 -1 -1000 -1000 -1000 -10 1
81 1 Car -1 -1 -1 593.05 184.26 656.85 239.62 -1 -1 -1 -1000 -1000 -1000 -10 1
82 35 Car -1 -1 -1 255.11 188.50 336.11 227.00 -1 -1 -1 -1000 -1000 -1000 -10 1
82 27 Car -1 -1 -1 432.18 187.70 504.21 240.12 -1 -1 -1 -1000 -1000 -1000 -10 1
82 1 Car -1 -1 -1 592.31 183.59 655.79 238.49 -1 -1 -1 -1000 -1000 -1000 -10 1
83 35 Car -1 -1 -1 216.59 186.36 312.34 230.80 -1 -1 -1 -1000 -1000 -1000 -10 1
83 27 Car -1 -1 -1 440.68 186.28 504.25 234.53 -1 -1 -1 -1000 -1000 -1000 -10 1
83 1 Car -1 -1 -1 592.01 182.52 655.61 237.73 -1 -1 -1 -1000 -1000 -1000 -10 1
84 36 Car -1 -1 -1 315.50 183.34 387.58 221.04 -1 -1 -1 -1000 -1000 -1000 -10 1
84 35 Car -1 -1 -1 178.73 187.70 284.82 236.21 -1 -1 -1 -1000 -1000 -1000 -10 1
84 27 Car -1 -1 -1 449.21 184.61 504.68 228.45 -1 -1 -1 -1000 -1000 -1000 -10 1
84 1 Car -1 -1 -1 592.57 181.64 655.96 236.06 -1 -1 -1 -1000 -1000 -1000 -10 1
85 36 Car -1 -1 -1 283.88 184.98 371.31 226.08 -1 -1 -1 -1000 -1000 -1000 -10 1
85 35 Car -1 -1 -1 128.43 191.08 253.45 239.53 -1 -1 -1 -1000 -1000 -1000 -10 1
85 27 Car -1 -1 -1 454.65 188.15 506.69 226.20 -1 -1 -1 -1000 -1000 -1000 -10 1
85 1 Car -1 -1 -1 595.22 180.52 657.98 233.80 -1 -1 -1 -1000 -1000 -1000 -10 1
86 36 Car -1 -1 -1 249.32 186.35 348.88 230.90 -1 -1 -1 -1000 -1000 -1000 -10 1
86 35 Car -1 -1 -1 73.61 195.04 210.36 248.97 -1 -1 -1 -1000 -1000 -1000 -10 1
86 1 Car -1 -1 -1 597.25 179.92 660.50 232.44 -1 -1 -1 -1000 -1000 -1000 -10 1
87 36 Car -1 -1 -1 208.92 187.87 313.57 235.48 -1 -1 -1 -1000 -1000 -1000 -10 1
87 35 Car -1 -1 -1 25.39 200.87 184.38 270.68 -1 -1 -1 -1000 -1000 -1000 -10 1
87 1 Car -1 -1 -1 595.84 180.81 659.82 232.92 -1 -1 -1 -1000 -1000 -1000 -10 1
88 38 Car -1 -1 -1 401.54 174.23 460.01 211.81 -1 -1 -1 -1000 -1000 -1000 -10 1
88 36 Car -1 -1 -1 151.79 191.61 275.18 243.85 -1 -1 -1 -1000 -1000 -1000 -10 1
88 35 Car -1 -1 -1 -18.24 200.60 121.68 269.77 -1 -1 -1 -1000 -1000 -1000 -10 1
88 1 Car -1 -1 -1 600.12 182.21 664.43 234.16 -1 -1 -1 -1000 -1000 -1000 -10 1
89 40 Car -1 -1 -1 473.58 180.60 540.47 230.75 -1 -1 -1 -1000 -1000 -1000 -10 1
89 38 Car -1 -1 -1 389.17 174.74 450.80 213.39 -1 -1 -1 -1000 -1000 -1000 -10 1
89 36 Car -1 -1 -1 76.51 199.00 220.50 259.82 -1 -1 -1 -1000 -1000 -1000 -10 1
89 1 Car -1 -1 -1 604.95 181.96 668.78 233.52 -1 -1 -1 -1000 -1000 -1000 -10 1
90 40 Car -1 -1 -1 483.33 180.91 547.30 229.93 -1 -1 -1 -1000 -1000 -1000 -10 1
90 38 Car -1 -1 -1 373.68 177.16 440.72 218.21 -1 -1 -1 -1000 -1000 -1000 -10 1
90 36 Car -1 -1 -1 16.68 202.07 176.69 270.13 -1 -1 -1 -1000 -1000 -1000 -10 1
90 1 Car -1 -1 -1 607.92 181.06 670.31 232.94 -1 -1 -1 -1000 -1000 -1000 -10 1
91 40 Car -1 -1 -1 489.10 180.29 550.95 228.23 -1 -1 -1 -1000 -1000 -1000 -10 1
91 38 Car -1 -1 -1 367.93 172.82 435.16 214.09 -1 -1 -1 -1000 -1000 -1000 -10 1
91 36 Car -1 -1 -1 -25.05 204.64 113.42 274.09 -1 -1 -1 -1000 -1000 -1000 -10 1
91 1 Car -1 -1 -1 609.64 180.61 672.86 233.02 -1 -1 -1 -1000 -1000 -1000 -10 1
92 40 Car -1 -1 -1 498.71 181.57 556.61 226.80 -1 -1 -1 -1000 -1000 -1000 -10 1
92 38 Car -1 -1 -1 364.62 169.80 430.34 211.36 -1 -1 -1 -1000 -1000 -1000 -10 1
92 1 Car -1 -1 -1 611.07 178.71 675.22 231.94 -1 -1 -1 -1000 -1000 -1000 -10 1
93 40 Car -1 -1 -1 507.36 181.01 563.03 224.92 -1 -1 -1 -1000 -1000 -1000 -10 1
93 38 Car -1 -1 -1 359.38 166.93 425.01 210.13 -1 -1 -1 -1000 -1000 -1000 -10 1
93 1 Car -1 -1 -1 614.25 177.47 678.24 230.79 -1 -1 -1 -1000 -1000 -1000 -10 1
94 40 Car -1 -1 -1 514.42 179.72 566.50 220.89 -1 -1 -1 -1000 -1000 -1000 -10 1
94 38 Car -1 -1 -1 344.31 167.14 413.94 210.84 -1 -1 -1 -1000 -1000 -1000 -10 1
94 1 Car -1 -1 -1 619.05 176.59 682.58 230.59 -1 -1 -1 -1000 -1000 -1000 -10 1
95 40 Car -1 -1 -1 519.09 179.40 571.53 220.78 -1 -1 -1 -1000 -1000 -1000 -10 1
95 38 Car -1 -1 -1 314.30 166.84 400.07 216.17 -1 -1 -1 -1000 -1000 -1000 -10 1
95 1 Car -1 -1 -1 624.36 176.79 686.98 230.46 -1 -1 -1 -1000 -1000 -1000 -10 1
96 42 Car -1 -1 -1 106.43 184.41 274.08 265.55 -1 -1 -1 -1000 -1000 -1000 -10 1
96 40 Car -1 -1 -1 524.66 179.73 576.79 220.69 -1 -1 -1 -1000 -1000 -1000 -10 1
96 38 Car -1 -1 -1 285.66 168.98 386.08 224.79 -1 -1 -1 -1000 -1000 -1000 -10 1
96 1 Car -1 -1 -1 626.68 176.33 689.30 228.87 -1 -1 -1 -1000 -1000 -1000 -10 1
97 43 Car -1 -1 -1 241.24 167.82 370.08 237.09 -1 -1 -1 -1000 -1000 -1000 -10 1
97 42 Car -1 -1 -1 14.75 188.99 227.55 282.06 -1 -1 -1 -1000 -1000 -1000 -10 1
97 40 Car -1 -1 -1 530.60 178.80 582.05 218.35 -1 -1 -1 -1000 -1000 -1000 -10 1
97 1 Car -1 -1 -1 632.11 176.14 694.21 227.64 -1 -1 -1 -1000 -1000 -1000 -10 1
98 43 Car -1 -1 -1 199.49 166.36 339.55 240.28 -1 -1 -1 -1000 -1000 -1000 -10 1
98 42 Car -1 -1 -1 -33.08 190.50 159.65 286.71 -1 -1 -1 -1000 -1000 -1000 -10 1
98 40 Car -1 -1 -1 535.02 178.89 587.15 217.91 -1 -1 -1 -1000 -1000 -1000 -10 1
98 1 Car -1 -1 -1 633.36 176.40 696.23 226.27 -1 -1 -1 -1000 -1000 -1000 -10 1
99 43 Car -1 -1 -1 148.32 164.94 306.85 247.04 -1 -1 -1 -1000 -1000 -1000 -10 1
99 40 Car -1 -1 -1 536.88 177.17 589.48 213.41 -1 -1 -1 -1000 -1000 -1000 -10 1
99 1 Car -1 -1 -1 635.83 177.12 698.82 225.86 -1 -1 -1 -1000 -1000 -1000 -10 1
100 44 Car -1 -1 -1 490.95 178.25 534.90 202.26 -1 -1 -1 -1000 -1000 -1000 -10 1
100 43 Car -1 -1 -1 79.09 164.88 266.07 259.01 -1 -1 -1 -1000 -1000 -1000 -10 1
100 40 Car -1 -1 -1 542.08 179.06 593.50 214.64 -1 -1 -1 -1000 -1000 -1000 -10 1
100 38 Car -1 -1 -1 95.01 169.45 266.03 254.03 -1 -1 -1 -1000 -1000 -1000 -10 1
100 1 Car -1 -1 -1 633.96 179.17 700.78 229.22 -1 -1 -1 -1000 -1000 -1000 -10 1
101 43 Car -1 -1 -1 13.34 165.11 220.81 271.02 -1 -1 -1 -1000 -1000 -1000 -10 1
101 40 Car -1 -1 -1 547.01 181.41 597.28 216.77 -1 -1 -1 -1000 -1000 -1000 -10 1
101 38 Car -1 -1 -1 29.12 173.37 221.85 267.34 -1 -1 -1 -1000 -1000 -1000 -10 1
102 43 Car -1 -1 -1 -23.63 168.27 173.46 281.94 -1 -1 -1 -1000 -1000 -1000 -10 1
102 40 Car -1 -1 -1 552.04 181.19 599.74 216.10 -1 -1 -1 -1000 -1000 -1000 -10 1
102 38 Car -1 -1 -1 -7.36 176.25 174.43 274.05 -1 -1 -1 -1000 -1000 -1000 -10 1
103 40 Car -1 -1 -1 555.71 178.97 601.16 212.14 -1 -1 -1 -1000 -1000 -1000 -10 1
104 40 Car -1 -1 -1 559.02 177.73 602.81 209.62 -1 -1 -1 -1000 -1000 -1000 -10 1
104 1 Car -1 -1 -1 638.24 176.77 702.75 228.48 -1 -1 -1 -1000 -1000 -1000 -10 1
105 40 Car -1 -1 -1 564.64 177.04 606.98 207.86 -1 -1 -1 -1000 -1000 -1000 -10 1
105 1 Car -1 -1 -1 639.25 174.93 702.56 226.57 -1 -1 -1 -1000 -1000 -1000 -10 1
106 48 Car -1 -1 -1 498.29 178.64 535.26 200.30 -1 -1 -1 -1000 -1000 -1000 -10 1
106 40 Car -1 -1 -1 569.06 177.82 609.18 208.46 -1 -1 -1 -1000 -1000 -1000 -10 1
106 1 Car -1 -1 -1 640.90 175.07 703.15 225.93 -1 -1 -1 -1000 -1000 -1000 -10 1
107 48 Car -1 -1 -1 484.24 178.56 524.60 202.24 -1 -1 -1 -1000 -1000 -1000 -10 1
107 44 Car -1 -1 -1 422.84 174.04 482.61 213.86 -1 -1 -1 -1000 -1000 -1000 -10 1
107 40 Car -1 -1 -1 572.24 177.12 610.57 207.45 -1 -1 -1 -1000 -1000 -1000 -10 1
107 1 Car -1 -1 -1 643.19 175.17 705.23 225.69 -1 -1 -1 -1000 -1000 -1000 -10 1
108 44 Car -1 -1 -1 407.52 173.78 469.70 215.12 -1 -1 -1 -1000 -1000 -1000 -10 1
108 40 Car -1 -1 -1 574.53 176.25 612.00 206.59 -1 -1 -1 -1000 -1000 -1000 -10 1
108 1 Car -1 -1 -1 644.81 175.68 706.84 225.41 -1 -1 -1 -1000 -1000 -1000 -10 1
109 44 Car -1 -1 -1 389.68 174.12 454.99 215.69 -1 -1 -1 -1000 -1000 -1000 -10 1
109 40 Car -1 -1 -1 577.25 176.47 614.27 206.54 -1 -1 -1 -1000 -1000 -1000 -10 1
109 1 Car -1 -1 -1 645.25 175.70 707.82 224.96 -1 -1 -1 -1000 -1000 -1000 -10 1
110 44 Car -1 -1 -1 368.48 175.67 438.01 219.22 -1 -1 -1 -1000 -1000 -1000 -10 1
110 40 Car -1 -1 -1 579.77 176.81 615.93 206.20 -1 -1 -1 -1000 -1000 -1000 -10 1
110 1 Car -1 -1 -1 646.02 175.76 708.66 224.30 -1 -1 -1 -1000 -1000 -1000 -10 1
111 48 Car -1 -1 -1 471.17 179.56 518.49 216.76 -1 -1 -1 -1000 -1000 -1000 -10 1
111 44 Car -1 -1 -1 345.88 176.92 423.79 221.34 -1 -1 -1 -1000 -1000 -1000 -10 1
111 40 Car -1 -1 -1 582.58 176.62 617.96 205.65 -1 -1 -1 -1000 -1000 -1000 -10 1
111 1 Car -1 -1 -1 645.93 176.53 708.36 224.89 -1 -1 -1 -1000 -1000 -1000 -10 1
112 48 Car -1 -1 -1 447.20 178.51 500.30 216.40 -1 -1 -1 -1000 -1000 -1000 -10 1
112 44 Car -1 -1 -1 316.69 178.93 404.44 225.40 -1 -1 -1 -1000 -1000 -1000 -10 1
112 40 Car -1 -1 -1 582.97 176.15 617.83 205.04 -1 -1 -1 -1000 -1000 -1000 -10 1
112 1 Car -1 -1 -1 644.77 177.49 706.92 226.42 -1 -1 -1 -1000 -1000 -1000 -10 1
113 48 Car -1 -1 -1 425.27 178.56 484.71 218.75 -1 -1 -1 -1000 -1000 -1000 -10 1
113 44 Car -1 -1 -1 279.71 180.40 379.14 231.01 -1 -1 -1 -1000 -1000 -1000 -10 1
113 40 Car -1 -1 -1 584.38 176.68 619.15 205.43 -1 -1 -1 -1000 -1000 -1000 -10 1
113 1 Car -1 -1 -1 644.14 177.63 705.73 225.77 -1 -1 -1 -1000 -1000 -1000 -10 1
114 48 Car -1 -1 -1 399.61 179.36 464.52 220.52 -1 -1 -1 -1000 -1000 -1000 -10 1
114 44 Car -1 -1 -1 234.51 180.92 348.98 236.89 -1 -1 -1 -1000 -1000 -1000 -10 1
114 40 Car -1 -1 -1 585.34 176.69 620.01 205.15 -1 -1 -1 -1000 -1000 -1000 -10 1
114 1 Car -1 -1 -1 643.37 176.96 704.08 225.34 -1 -1 -1 -1000 -1000 -1000 -10 1
115 48 Car -1 -1 -1 372.69 183.59 447.22 225.06 -1 -1 -1 -1000 -1000 -1000 -10 1
115 44 Car -1 -1 -1 179.81 183.02 308.40 244.78 -1 -1 -1 -1000 -1000 -1000 -10 1
115 40 Car -1 -1 -1 585.37 176.90 620.29 205.44 -1 -1 -1 -1000 -1000 -1000 -10 1
115 1 Car -1 -1 -1 641.41 177.07 702.41 226.11 -1 -1 -1 -1000 -1000 -1000 -10 1
116 48 Car -1 -1 -1 339.62 186.35 422.16 233.05 -1 -1 -1 -1000 -1000 -1000 -10 1
116 44 Car -1 -1 -1 105.98 186.47 255.89 254.77 -1 -1 -1 -1000 -1000 -1000 -10 1
116 40 Car -1 -1 -1 583.37 178.06 618.63 206.55 -1 -1 -1 -1000 -1000 -1000 -10 1
116 1 Car -1 -1 -1 639.82 177.55 701.33 227.61 -1 -1 -1 -1000 -1000 -1000 -10 1
117 48 Car -1 -1 -1 295.11 189.12 391.42 240.96 -1 -1 -1 -1000 -1000 -1000 -10 1
117 44 Car -1 -1 -1 33.48 189.04 203.25 269.52 -1 -1 -1 -1000 -1000 -1000 -10 1
117 40 Car -1 -1 -1 581.83 178.38 616.73 206.79 -1 -1 -1 -1000 -1000 -1000 -10 1
117 1 Car -1 -1 -1 637.76 178.04 699.95 228.26 -1 -1 -1 -1000 -1000 -1000 -10 1
118 48 Car -1 -1 -1 243.23 190.36 359.23 249.91 -1 -1 -1 -1000 -1000 -1000 -10 1
118 44 Car -1 -1 -1 -12.91 187.38 145.05 272.46 -1 -1 -1 -1000 -1000 -1000 -10 1
118 40 Car -1 -1 -1 578.90 178.17 613.36 206.48 -1 -1 -1 -1000 -1000 -1000 -10 1
118 1 Car -1 -1 -1 635.43 179.47 699.25 229.23 -1 -1 -1 -1000 -1000 -1000 -10 1
119 48 Car -1 -1 -1 169.11 194.87 312.04 265.06 -1 -1 -1 -1000 -1000 -1000 -10 1
119 40 Car -1 -1 -1 575.15 178.05 608.58 205.70 -1 -1 -1 -1000 -1000 -1000 -10 1
119 1 Car -1 -1 -1 630.64 178.31 695.48 228.27 -1 -1 -1 -1000 -1000 -1000 -10 1
120 51 Car -1 -1 -1 428.55 182.60 475.35 210.81 -1 -1 -1 -1000 -1000 -1000 -10 1
120 40 Car -1 -1 -1 574.10 177.90 606.42 204.81 -1 -1 -1 -1000 -1000 -1000 -10 1
120 1 Car -1 -1 -1 626.66 178.65 692.97 227.80 -1 -1 -1 -1000 -1000 -1000 -10 1
121 51 Car -1 -1 -1 410.38 182.67 464.06 213.95 -1 -1 -1 -1000 -1000 -1000 -10 1
121 40 Car -1 -1 -1 573.18 177.62 603.95 204.46 -1 -1 -1 -1000 -1000 -1000 -10 1
121 1 Car -1 -1 -1 621.78 176.78 689.15 226.33 -1 -1 -1 -1000 -1000 -1000 -10 1
122 51 Car -1 -1 -1 392.14 183.03 449.91 216.18 -1 -1 -1 -1000 -1000 -1000 -10 1
122 40 Car -1 -1 -1 572.62 178.43 603.46 205.19 -1 -1 -1 -1000 -1000 -1000 -10 1
122 1 Car -1 -1 -1 618.12 177.29 685.19 226.49 -1 -1 -1 -1000 -1000 -1000 -10 1
123 51 Car -1 -1 -1 372.66 184.04 435.04 219.82 -1 -1 -1 -1000 -1000 -1000 -10 1
123 40 Car -1 -1 -1 571.13 177.84 601.39 204.24 -1 -1 -1 -1000 -1000 -1000 -10 1
123 1 Car -1 -1 -1 616.21 177.10 682.68 226.46 -1 -1 -1 -1000 -1000 -1000 -10 1
124 51 Car -1 -1 -1 347.48 184.58 416.83 224.54 -1 -1 -1 -1000 -1000 -1000 -10 1
124 40 Car -1 -1 -1 569.68 177.56 599.74 203.63 -1 -1 -1 -1000 -1000 -1000 -10 1
124 1 Car -1 -1 -1 614.04 177.26 680.09 226.66 -1 -1 -1 -1000 -1000 -1000 -10 1
125 51 Car -1 -1 -1 318.50 185.09 396.88 226.84 -1 -1 -1 -1000 -1000 -1000 -10 1
125 40 Car -1 -1 -1 567.18 177.94 596.98 203.75 -1 -1 -1 -1000 -1000 -1000 -10 1
125 1 Car -1 -1 -1 611.91 176.58 676.98 225.56 -1 -1 -1 -1000 -1000 -1000 -10 1
126 51 Car -1 -1 -1 282.57 184.82 368.78 230.25 -1 -1 -1 -1000 -1000 -1000 -10 1
126 40 Car -1 -1 -1 565.74 177.99 594.84 203.13 -1 -1 -1 -1000 -1000 -1000 -10 1
126 1 Car -1 -1 -1 610.18 177.18 674.13 225.68 -1 -1 -1 -1000 -1000 -1000 -10 1
127 51 Car -1 -1 -1 240.26 186.58 339.55 237.77 -1 -1 -1 -1000 -1000 -1000 -10 1
127 40 Car -1 -1 -1 567.19 179.47 595.78 203.52 -1 -1 -1 -1000 -1000 -1000 -10 1
127 1 Car -1 -1 -1 608.63 179.18 671.19 226.43 -1 -1 -1 -1000 -1000 -1000 -10 1
128 51 Car -1 -1 -1 189.51 188.75 305.23 245.35 -1 -1 -1 -1000 -1000 -1000 -10 1
128 40 Car -1 -1 -1 563.94 180.77 593.19 204.35 -1 -1 -1 -1000 -1000 -1000 -10 1
128 1 Car -1 -1 -1 602.22 180.06 665.98 223.55 -1 -1 -1 -1000 -1000 -1000 -10 1
129 51 Car -1 -1 -1 128.54 195.39 258.33 254.56 -1 -1 -1 -1000 -1000 -1000 -10 1
129 40 Car -1 -1 -1 561.62 182.05 591.41 205.66 -1 -1 -1 -1000 -1000 -1000 -10 1
129 1 Car -1 -1 -1 598.70 181.33 663.61 222.68 -1 -1 -1 -1000 -1000 -1000 -10 1
130 51 Car -1 -1 -1 43.84 199.42 192.31 265.87 -1 -1 -1 -1000 -1000 -1000 -10 1
130 40 Car -1 -1 -1 560.50 181.03 589.74 204.78 -1 -1 -1 -1000 -1000 -1000 -10 1
130 1 Car -1 -1 -1 596.43 181.19 660.44 222.23 -1 -1 -1 -1000 -1000 -1000 -10 1
131 51 Car -1 -1 -1 -3.17 202.96 140.29 275.41 -1 -1 -1 -1000 -1000 -1000 -10 1
131 1 Car -1 -1 -1 593.41 179.54 656.88 220.90 -1 -1 -1 -1000 -1000 -1000 -10 1
132 1 Car -1 -1 -1 592.32 178.83 653.42 220.09 -1 -1 -1 -1000 -1000 -1000 -10 1
133 1 Car -1 -1 -1 591.71 181.35 650.78 222.25 -1 -1 -1 -1000 -1000 -1000 -10 1
134 1 Car -1 -1 -1 591.93 180.81 649.13 222.00 -1 -1 -1 -1000 -1000 -1000 -10 1
135 1 Car -1 -1 -1 589.81 180.80 646.95 222.24 -1 -1 -1 -1000 -1000 -1000 -10 1
136 1 Car -1 -1 -1 588.03 181.17 645.13 222.94 -1 -1 -1 -1000 -1000 -1000 -10 1
137 1 Car -1 -1 -1 587.17 182.07 644.70 224.35 -1 -1 -1 -1000 -1000 -1000 -10 1
138 1 Car -1 -1 -1 585.77 182.18 643.11 224.54 -1 -1 -1 -1000 -1000 -1000 -10 1
139 1 Car -1 -1 -1 584.74 182.78 642.20 225.66 -1 -1 -1 -1000 -1000 -1000 -10 1
140 1 Car -1 -1 -1 584.20 182.36 641.14 226.08 -1 -1 -1 -1000 -1000 -1000 -10 1
141 1 Car -1 -1 -1 584.24 181.98 640.38 225.74 -1 -1 -1 -1000 -1000 -1000 -10 1
142 1 Car -1 -1 -1 584.09 179.86 638.47 223.24 -1 -1 -1 -1000 -1000 -1000 -10 1
143 1 Car -1 -1 -1 583.42 179.87 636.87 222.82 -1 -1 -1 -1000 -1000 -1000 -10 1
144 1 Car -1 -1 -1 582.66 179.73 635.61 222.73 -1 -1 -1 -1000 -1000 -1000 -10 1
145 1 Car -1 -1 -1 582.77 179.01 635.01 221.79 -1 -1 -1 -1000 -1000 -1000 -10 1
146 1 Car -1 -1 -1 581.73 178.76 633.31 221.31 -1 -1 -1 -1000 -1000 -1000 -10 1
147 1 Car -1 -1 -1 581.05 179.41 632.45 222.23 -1 -1 -1 -1000 -1000 -1000 -10 1
148 1 Car -1 -1 -1 580.12 180.20 631.15 222.59 -1 -1 -1 -1000 -1000 -1000 -10 1
149 1 Car -1 -1 -1 579.81 181.47 630.56 223.52 -1 -1 -1 -1000 -1000 -1000 -10 1
150 1 Car -1 -1 -1 579.54 181.30 629.99 223.60 -1 -1 -1 -1000 -1000 -1000 -10 1
151 1 Car -1 -1 -1 579.57 180.04 629.11 221.93 -1 -1 -1 -1000 -1000 -1000 -10 1
153 55 Car -1 -1 -1 548.76 179.40 567.65 195.55 -1 -1 -1 -1000 -1000 -1000 -10 1
153 1 Car -1 -1 -1 577.77 179.91 626.45 220.93 -1 -1 -1 -1000 -1000 -1000 -10 1
154 55 Car -1 -1 -1 548.68 179.67 568.74 196.28 -1 -1 -1 -1000 -1000 -1000 -10 1
154 1 Car -1 -1 -1 577.86 180.25 626.77 220.99 -1 -1 -1 -1000 -1000 -1000 -10 1
155 55 Car -1 -1 -1 550.21 180.13 570.27 196.32 -1 -1 -1 -1000 -1000 -1000 -10 1
155 1 Car -1 -1 -1 577.05 181.25 626.75 220.28 -1 -1 -1 -1000 -1000 -1000 -10 1
157 55 Car -1 -1 -1 550.15 179.46 571.10 196.04 -1 -1 -1 -1000 -1000 -1000 -10 1
157 1 Car -1 -1 -1 576.78 180.46 628.04 219.94 -1 -1 -1 -1000 -1000 -1000 -10 1
158 55 Car -1 -1 -1 551.14 178.49 572.39 195.31 -1 -1 -1 -1000 -1000 -1000 -10 1
158 1 Car -1 -1 -1 576.12 179.88 627.27 218.12 -1 -1 -1 -1000 -1000 -1000 -10 1
159 55 Car -1 -1 -1 552.74 176.26 577.11 193.23 -1 -1 -1 -1000 -1000 -1000 -10 1
159 1 Car -1 -1 -1 575.40 178.27 626.09 215.49 -1 -1 -1 -1000 -1000 -1000 -10 1
160 55 Car -1 -1 -1 554.38 174.73 580.67 191.67 -1 -1 -1 -1000 -1000 -1000 -10 1
160 1 Car -1 -1 -1 575.74 177.45 625.87 213.96 -1 -1 -1 -1000 -1000 -1000 -10 1
161 55 Car -1 -1 -1 555.52 174.63 582.49 191.78 -1 -1 -1 -1000 -1000 -1000 -10 1
161 1 Car -1 -1 -1 575.61 178.11 625.56 214.29 -1 -1 -1 -1000 -1000 -1000 -10 1
162 55 Car -1 -1 -1 553.05 175.37 579.47 193.09 -1 -1 -1 -1000 -1000 -1000 -10 1
162 1 Car -1 -1 -1 576.92 177.41 625.86 214.64 -1 -1 -1 -1000 -1000 -1000 -10 1
163 55 Car -1 -1 -1 551.52 175.26 577.42 193.46 -1 -1 -1 -1000 -1000 -1000 -10 1
163 1 Car -1 -1 -1 577.42 177.28 626.13 215.87 -1 -1 -1 -1000 -1000 -1000 -10 1
164 55 Car -1 -1 -1 550.44 175.38 576.12 194.14 -1 -1 -1 -1000 -1000 -1000 -10 1
164 1 Car -1 -1 -1 576.16 177.91 624.95 215.80 -1 -1 -1 -1000 -1000 -1000 -10 1
165 55 Car -1 -1 -1 551.73 175.77 577.08 194.71 -1 -1 -1 -1000 -1000 -1000 -10 1
165 1 Car -1 -1 -1 577.10 177.08 624.94 215.43 -1 -1 -1 -1000 -1000 -1000 -10 1
166 55 Car -1 -1 -1 553.58 175.83 578.85 195.23 -1 -1 -1 -1000 -1000 -1000 -10 1
166 1 Car -1 -1 -1 577.68 176.71 624.93 215.67 -1 -1 -1 -1000 -1000 -1000 -10 1
167 55 Car -1 -1 -1 554.53 175.80 579.60 195.34 -1 -1 -1 -1000 -1000 -1000 -10 1
167 1 Car -1 -1 -1 577.55 176.82 624.08 215.89 -1 -1 -1 -1000 -1000 -1000 -10 1
168 55 Car -1 -1 -1 555.02 175.79 580.11 195.57 -1 -1 -1 -1000 -1000 -1000 -10 1
168 1 Car -1 -1 -1 577.67 177.30 624.30 216.67 -1 -1 -1 -1000 -1000 -1000 -10 1
169 55 Car -1 -1 -1 555.18 175.75 580.00 195.50 -1 -1 -1 -1000 -1000 -1000 -10 1
169 1 Car -1 -1 -1 576.62 178.66 623.74 216.79 -1 -1 -1 -1000 -1000 -1000 -10 1
170 55 Car -1 -1 -1 556.09 174.39 581.08 194.68 -1 -1 -1 -1000 -1000 -1000 -10 1
170 1 Car -1 -1 -1 576.93 178.60 624.23 215.63 -1 -1 -1 -1000 -1000 -1000 -10 1
171 55 Car -1 -1 -1 556.77 173.45 581.61 193.88 -1 -1 -1 -1000 -1000 -1000 -10 1
171 1 Car -1 -1 -1 577.16 178.45 624.26 214.65 -1 -1 -1 -1000 -1000 -1000 -10 1
172 55 Car -1 -1 -1 557.80 172.32 582.83 193.03 -1 -1 -1 -1000 -1000 -1000 -10 1
172 1 Car -1 -1 -1 577.28 178.35 624.43 213.97 -1 -1 -1 -1000 -1000 -1000 -10 1
173 55 Car -1 -1 -1 556.90 172.28 581.93 192.94 -1 -1 -1 -1000 -1000 -1000 -10 1
173 1 Car -1 -1 -1 577.21 178.56 624.63 213.82 -1 -1 -1 -1000 -1000 -1000 -10 1
174 55 Car -1 -1 -1 557.29 172.23 582.25 192.65 -1 -1 -1 -1000 -1000 -1000 -10 1
174 1 Car -1 -1 -1 577.88 176.32 625.67 213.12 -1 -1 -1 -1000 -1000 -1000 -10 1
175 55 Car -1 -1 -1 557.73 174.07 581.43 193.33 -1 -1 -1 -1000 -1000 -1000 -10 1
175 1 Car -1 -1 -1 577.20 177.84 625.70 214.34 -1 -1 -1 -1000 -1000 -1000 -10 1
176 55 Car -1 -1 -1 558.38 174.00 582.01 193.37 -1 -1 -1 -1000 -1000 -1000 -10 1
176 1 Car -1 -1 -1 577.41 178.29 626.33 214.59 -1 -1 -1 -1000 -1000 -1000 -10 1
177 55 Car -1 -1 -1 558.50 173.62 582.55 193.20 -1 -1 -1 -1000 -1000 -1000 -10 1
177 1 Car -1 -1 -1 577.11 177.91 626.11 214.22 -1 -1 -1 -1000 -1000 -1000 -10 1
178 55 Car -1 -1 -1 557.84 173.54 582.36 193.06 -1 -1 -1 -1000 -1000 -1000 -10 1
178 1 Car -1 -1 -1 577.23 178.14 626.53 214.39 -1 -1 -1 -1000 -1000 -1000 -10 1
180 1 Car -1 -1 -1 577.82 178.13 627.27 214.33 -1 -1 -1 -1000 -1000 -1000 -10 1
181 1 Car -1 -1 -1 578.38 178.21 628.06 214.67 -1 -1 -1 -1000 -1000 -1000 -10 1
182 1 Car -1 -1 -1 578.56 178.72 628.43 215.62 -1 -1 -1 -1000 -1000 -1000 -10 1
183 1 Car -1 -1 -1 578.48 178.76 628.55 215.95 -1 -1 -1 -1000 -1000 -1000 -10 1
184 1 Car -1 -1 -1 578.96 178.57 628.86 215.79 -1 -1 -1 -1000 -1000 -1000 -10 1
185 1 Car -1 -1 -1 578.85 178.24 629.11 215.92 -1 -1 -1 -1000 -1000 -1000 -10 1
186 1 Car -1 -1 -1 578.84 177.36 628.90 215.38 -1 -1 -1 -1000 -1000 -1000 -10 1
187 1 Car -1 -1 -1 579.75 176.90 629.59 214.88 -1 -1 -1 -1000 -1000 -1000 -10 1
188 1 Car -1 -1 -1 580.11 176.44 629.76 214.62 -1 -1 -1 -1000 -1000 -1000 -10 1
189 1 Car -1 -1 -1 582.24 177.01 631.37 216.55 -1 -1 -1 -1000 -1000 -1000 -10 1
190 1 Car -1 -1 -1 583.49 177.15 632.17 217.38 -1 -1 -1 -1000 -1000 -1000 -10 1
191 1 Car -1 -1 -1 584.60 177.59 633.62 218.89 -1 -1 -1 -1000 -1000 -1000 -10 1
192 1 Car -1 -1 -1 584.35 178.47 635.51 219.68 -1 -1 -1 -1000 -1000 -1000 -10 1
193 1 Car -1 -1 -1 585.05 177.45 636.24 219.83 -1 -1 -1 -1000 -1000 -1000 -10 1
194 1 Car -1 -1 -1 584.92 177.17 635.92 219.91 -1 -1 -1 -1000 -1000 -1000 -10 1
195 1 Car -1 -1 -1 585.37 175.93 635.66 218.56 -1 -1 -1 -1000 -1000 -1000 -10 1
196 1 Car -1 -1 -1 586.49 176.44 636.32 219.08 -1 -1 -1 -1000 -1000 -1000 -10 1
197 1 Car -1 -1 -1 586.16 176.84 636.11 219.57 -1 -1 -1 -1000 -1000 -1000 -10 1
198 1 Car -1 -1 -1 585.59 176.70 635.93 219.68 -1 -1 -1 -1000 -1000 -1000 -10 1
199 1 Car -1 -1 -1 585.37 174.42 635.24 216.83 -1 -1 -1 -1000 -1000 -1000 -10 1
200 1 Car -1 -1 -1 583.51 175.14 634.46 216.59 -1 -1 -1 -1000 -1000 -1000 -10 1
201 1 Car -1 -1 -1 583.16 174.51 634.64 215.14 -1 -1 -1 -1000 -1000 -1000 -10 1
202 1 Car -1 -1 -1 583.99 174.03 635.38 215.79 -1 -1 -1 -1000 -1000 -1000 -10 1
203 1 Car -1 -1 -1 584.22 174.03 635.46 216.68 -1 -1 -1 -1000 -1000 -1000 -10 1
204 1 Car -1 -1 -1 583.97 173.62 634.90 216.82 -1 -1 -1 -1000 -1000 -1000 -10 1
205 1 Car -1 -1 -1 581.87 174.00 632.83 217.65 -1 -1 -1 -1000 -1000 -1000 -10 1
206 1 Car -1 -1 -1 581.84 173.88 632.42 217.78 -1 -1 -1 -1000 -1000 -1000 -10 1
207 1 Car -1 -1 -1 580.26 174.58 631.09 216.85 -1 -1 -1 -1000 -1000 -1000 -10 1
208 61 Car -1 -1 -1 560.47 170.73 580.22 188.19 -1 -1 -1 -1000 -1000 -1000 -10 1
208 1 Car -1 -1 -1 579.73 175.19 630.68 216.27 -1 -1 -1 -1000 -1000 -1000 -10 1
209 61 Car -1 -1 -1 559.41 171.40 580.04 189.25 -1 -1 -1 -1000 -1000 -1000 -10 1
209 1 Car -1 -1 -1 579.15 175.75 630.73 215.86 -1 -1 -1 -1000 -1000 -1000 -10 1
210 1 Car -1 -1 -1 578.82 175.41 630.29 214.98 -1 -1 -1 -1000 -1000 -1000 -10 1
211 1 Car -1 -1 -1 579.13 174.70 630.63 214.02 -1 -1 -1 -1000 -1000 -1000 -10 1
212 1 Car -1 -1 -1 580.24 174.76 631.52 213.65 -1 -1 -1 -1000 -1000 -1000 -10 1
213 1 Car -1 -1 -1 580.81 176.63 631.08 216.48 -1 -1 -1 -1000 -1000 -1000 -10 1
