17 1 Car -1 -1 -1 471.95 169.73 499.89 190.18 -1 -1 -1 -1000 -1000 -1000 -10 1
18 1 Car -1 -1 -1 474.25 171.29 503.38 192.38 -1 -1 -1 -1000 -1000 -1000 -10 1
19 1 Car -1 -1 -1 477.65 169.36 510.49 191.80 -1 -1 -1 -1000 -1000 -1000 -10 1
20 2 Car -1 -1 -1 404.58 174.89 436.63 195.91 -1 -1 -1 -1000 -1000 -1000 -10 1
20 1 Car -1 -1 -1 482.68 168.63 517.44 191.57 -1 -1 -1 -1000 -1000 -1000 -10 1
21 2 Car -1 -1 -1 399.50 173.53 431.10 193.87 -1 -1 -1 -1000 -1000 -1000 -10 1
22 2 Car -1 -1 -1 395.17 173.25 426.22 193.32 -1 -1 -1 -1000 -1000 -1000 -10 1
23 2 Car -1 -1 -1 396.20 172.54 426.86 192.12 -1 -1 -1 -1000 -1000 -1000 -10 1
24 2 Car -1 -1 -1 398.07 172.55 429.98 192.73 -1 -1 -1 -1000 -1000 -1000 -10 1
25 2 Car -1 -1 -1 402.55 174.18 436.06 195.61 -1 -1 -1 -1000 -1000 -1000 -10 1
26 3 Car -1 -1 -1 550.69 171.40 603.17 195.86 -1 -1 -1 -1000 -1000 -1000 -10 1
26 2 Car -1 -1 -1 403.56 173.51 437.54 195.02 -1 -1 -1 -1000 -1000 -1000 -10 1
27 3 Car -1 -1 -1 568.67 169.51 620.48 195.33 -1 -1 -1 -1000 -1000 -1000 -10 1
27 2 Car -1 -1 -1 404.11 170.74 443.04 192.87 -1 -1 -1 -1000 -1000 -1000 -10 1
28 3 Car -1 -1 -1 583.96 171.46 639.35 196.76 -1 -1 -1 -1000 -1000 -1000 -10 1
28 2 Car -1 -1 -1 409.15 173.28 448.80 196.46 -1 -1 -1 -1000 -1000 -1000 -10 1
29 3 Car -1 -1 -1 601.68 174.15 659.11 200.91 -1 -1 -1 -1000 -1000 -1000 -10 1
29 2 Car -1 -1 -1 413.05 175.52 453.67 199.12 -1 -1 -1 -1000 -1000 -1000 -10 1
30 3 Car -1 -1 -1 627.26 173.72 685.44 201.03 -1 -1 -1 -1000 -1000 -1000 -10 1
30 2 Car -1 -1 -1 419.88 175.18 461.80 199.33 -1 -1 -1 -1000 -1000 -1000 -10 1
31 3 Car -1 -1 -1 649.44 173.23 710.41 201.47 -1 -1 -1 -1000 -1000 -1000 -10 1
32 3 Car -1 -1 -1 670.47 171.88 732.93 200.77 -1 -1 -1 -1000 -1000 -1000 -10 1
33 3 Car -1 -1 -1 693.87 169.37 757.66 199.15 -1 -1 -1 -1000 -1000 -1000 -10 1
34 3 Car -1 -1 -1 718.22 169.93 781.85 199.40 -1 -1 -1 -1000 -1000 -1000 -10 1
35 3 Car -1 -1 -1 743.67 171.09 811.68 201.30 -1 -1 -1 -1000 -1000 -1000 -10 1
36 3 Car -1 -1 -1 773.72 170.09 845.65 201.59 -1 -1 -1 -1000 -1000 -1000 -10 1
37 3 Car -1 -1 -1 799.58 168.36 880.74 201.54 -1 -1 -1 -1000 -1000 -1000 -10 1
38 4 Car -1 -1 -1 453.03 169.79 550.37 205.04 -1 -1 -1 -1000 -1000 -1000 -10 1
38 3 Car -1 -1 -1 830.00 166.97 916.65 201.53 -1 -1 -1 -1000 -1000 -1000 -10 1
39 4 Car -1 -1 -1 467.49 170.81 559.59 206.41 -1 -1 -1 -1000 -1000 -1000 -10 1
39 3 Car -1 -1 -1 863.75 166.36 950.34 200.90 -1 -1 -1 -1000 -1000 -1000 -10 1
40 4 Car -1 -1 -1 477.36 170.40 557.23 205.00 -1 -1 -1 -1000 -1000 -1000 -10 1
40 3 Car -1 -1 -1 890.01 165.81 982.73 202.24 -1 -1 -1 -1000 -1000 -1000 -10 1
41 4 Car -1 -1 -1 490.87 167.87 583.43 206.99 -1 -1 -1 -1000 -1000 -1000 -10 1
41 3 Car -1 -1 -1 921.50 164.63 1017.40 201.26 -1 -1 -1 -1000 -1000 -1000 -10 1
42 4 Car -1 -1 -1 507.45 166.83 603.05 208.38 -1 -1 -1 -1000 -1000 -1000 -10 1
42 3 Car -1 -1 -1 953.61 161.98 1052.25 200.41 -1 -1 -1 -1000 -1000 -1000 -10 1
43 4 Car -1 -1 -1 516.54 166.92 621.19 210.43 -1 -1 -1 -1000 -1000 -1000 -10 1
43 3 Car -1 -1 -1 990.16 160.83 1091.13 199.19 -1 -1 -1 -1000 -1000 -1000 -10 1
44 5 Car -1 -1 -1 521.97 165.06 639.25 214.64 -1 -1 -1 -1000 -1000 -1000 -10 1
44 4 Car -1 -1 -1 527.79 165.29 641.31 210.21 -1 -1 -1 -1000 -1000 -1000 -10 1
44 3 Car -1 -1 -1 1025.33 156.94 1125.29 196.84 -1 -1 -1 -1000 -1000 -1000 -10 1
45 4 Car -1 -1 -1 536.71 163.88 655.56 210.32 -1 -1 -1 -1000 -1000 -1000 -10 1
45 3 Car -1 -1 -1 1060.24 159.23 1163.43 198.77 -1 -1 -1 -1000 -1000 -1000 -10 1
46 4 Car -1 -1 -1 551.76 163.13 678.41 209.97 -1 -1 -1 -1000 -1000 -1000 -10 1
46 3 Car -1 -1 -1 1090.61 159.34 1197.34 197.88 -1 -1 -1 -1000 -1000 -1000 -10 1
47 4 Car -1 -1 -1 566.51 162.84 698.58 210.74 -1 -1 -1 -1000 -1000 -1000 -10 1
47 3 Car -1 -1 -1 1122.04 154.90 1231.14 195.08 -1 -1 -1 -1000 -1000 -1000 -10 1
48 4 Car -1 -1 -1 582.27 160.25 711.88 209.76 -1 -1 -1 -1000 -1000 -1000 -10 1
48 3 Car -1 -1 -1 1148.80 151.18 1252.19 192.26 -1 -1 -1 -1000 -1000 -1000 -10 1
49 4 Car -1 -1 -1 601.11 163.66 734.48 214.82 -1 -1 -1 -1000 -1000 -1000 -10 1
50 4 Car -1 -1 -1 615.95 162.64 759.11 212.57 -1 -1 -1 -1000 -1000 -1000 -10 1
51 4 Car -1 -1 -1 631.48 161.69 780.57 212.14 -1 -1 -1 -1000 -1000 -1000 -10 1
52 4 Car -1 -1 -1 640.62 157.56 797.49 212.23 -1 -1 -1 -1000 -1000 -1000 -10 1
53 4 Car -1 -1 -1 658.25 153.10 821.11 211.89 -1 -1 -1 -1000 -1000 -1000 -10 1
54 4 Car -1 -1 -1 669.63 148.82 840.82 212.30 -1 -1 -1 -1000 -1000 -1000 -10 1
55 4 Car -1 -1 -1 686.03 149.82 858.00 212.39 -1 -1 -1 -1000 -1000 -1000 -10 1
56 4 Car -1 -1 -1 700.56 146.65 878.49 213.60 -1 -1 -1 -1000 -1000 -1000 -10 1
57 4 Car -1 -1 -1 715.74 146.78 889.71 212.96 -1 -1 -1 -1000 -1000 -1000 -10 1
58 4 Car -1 -1 -1 731.44 145.53 905.07 212.90 -1 -1 -1 -1000 -1000 -1000 -10 1
59 4 Car -1 -1 -1 747.15 138.92 925.55 211.37 -1 -1 -1 -1000 -1000 -1000 -10 1
60 4 Car -1 -1 -1 762.94 132.98 942.30 209.42 -1 -1 -1 -1000 -1000 -1000 -10 1
61 4 Car -1 -1 -1 774.13 129.68 949.94 209.33 -1 -1 -1 -1000 -1000 -1000 -10 1
62 4 Car -1 -1 -1 782.30 131.25 953.80 210.69 -1 -1 -1 -1000 -1000 -1000 -10 1
63 4 Car -1 -1 -1 787.68 129.31 960.39 210.56 -1 -1 -1 -1000 -1000 -1000 -10 1
64 4 Car -1 -1 -1 795.84 129.49 965.23 211.23 -1 -1 -1 -1000 -1000 -1000 -10 1
65 4 Car -1 -1 -1 796.56 130.84 961.85 213.46 -1 -1 -1 -1000 -1000 -1000 -10 1
66 13 Car -1 -1 -1 797.13 140.89 944.31 213.04 -1 -1 -1 -1000 -1000 -1000 -10 1
66 4 Car -1 -1 -1 796.76 133.51 959.48 215.65 -1 -1 -1 -1000 -1000 -1000 -10 1
67 13 Car -1 -1 -1 793.87 145.31 937.62 216.20 -1 -1 -1 -1000 -1000 -1000 -10 1
68 13 Car -1 -1 -1 791.63 148.30 931.65 220.50 -1 -1 -1 -1000 -1000 -1000 -10 1
69 13 Car -1 -1 -1 793.55 154.37 921.78 220.70 -1 -1 -1 -1000 -1000 -1000 -10 1
70 13 Car -1 -1 -1 788.67 160.01 913.88 225.87 -1 -1 -1 -1000 -1000 -1000 -10 1
71 13 Car -1 -1 -1 783.59 163.01 901.18 227.88 -1 -1 -1 -1000 -1000 -1000 -10 1
72 13 Car -1 -1 -1 774.21 165.34 889.50 229.20 -1 -1 -1 -1000 -1000 -1000 -10 1
75 20 Car -1 -1 -1 325.42 185.31 466.52 244.07 -1 -1 -1 -1000 -1000 -1000 -10 1
75 16 Car -1 -1 -1 736.98 169.93 833.00 230.86 -1 -1 -1 -1000 -1000 -1000 -10 1
76 20 Car -1 -1 -1 246.69 188.03 401.48 252.62 -1 -1 -1 -1000 -1000 -1000 -10 1
76 16 Car -1 -1 -1 721.44 169.47 812.99 228.89 -1 -1 -1 -1000 -1000 -1000 -10 1
77 20 Car -1 -1 -1 150.36 191.94 325.27 261.71 -1 -1 -1 -1000 -1000 -1000 -10 1
77 16 Car -1 -1 -1 706.18 169.32 791.54 226.72 -1 -1 -1 -1000 -1000 -1000 -10 1
78 20 Car -1 -1 -1 41.05 195.06 237.87 271.26 -1 -1 -1 -1000 -1000 -1000 -10 1
78 16 Car -1 -1 -1 692.36 169.04 772.69 224.67 -1 -1 -1 -1000 -1000 -1000 -10 1
79 20 Car -1 -1 -1 -27.89 200.34 159.97 282.43 -1 -1 -1 -1000 -1000 -1000 -10 1
79 16 Car -1 -1 -1 679.67 170.68 752.84 223.54 -1 -1 -1 -1000 -1000 -1000 -10 1
80 16 Car -1 -1 -1 664.50 170.26 733.92 221.99 -1 -1 -1 -1000 -1000 -1000 -10 1
81 16 Car -1 -1 -1 651.55 169.73 717.51 219.70 -1 -1 -1 -1000 -1000 -1000 -10 1
82 16 Car -1 -1 -1 637.52 169.21 701.47 218.19 -1 -1 -1 -1000 -1000 -1000 -10 1
83 16 Car -1 -1 -1 623.29 172.42 685.18 220.23 -1 -1 -1 -1000 -1000 -1000 -10 1
84 16 Car -1 -1 -1 610.77 172.38 671.25 220.13 -1 -1 -1 -1000 -1000 -1000 -10 1
85 16 Car -1 -1 -1 598.98 174.18 658.97 221.81 -1 -1 -1 -1000 -1000 -1000 -10 1
86 16 Car -1 -1 -1 587.48 177.51 645.92 224.72 -1 -1 -1 -1000 -1000 -1000 -10 1
87 16 Car -1 -1 -1 576.58 177.92 633.98 225.50 -1 -1 -1 -1000 -1000 -1000 -10 1
88 16 Car -1 -1 -1 569.21 177.29 625.65 225.01 -1 -1 -1 -1000 -1000 -1000 -10 1
89 16 Car -1 -1 -1 564.81 177.11 620.33 224.50 -1 -1 -1 -1000 -1000 -1000 -10 1
90 16 Car -1 -1 -1 562.59 177.92 616.58 224.54 -1 -1 -1 -1000 -1000 -1000 -10 1
92 16 Car -1 -1 -1 560.13 181.11 612.78 226.44 -1 -1 -1 -1000 -1000 -1000 -10 1
93 16 Car -1 -1 -1 559.08 182.48 611.59 227.47 -1 -1 -1 -1000 -1000 -1000 -10 1
94 16 Car -1 -1 -1 558.69 182.50 610.83 227.32 -1 -1 -1 -1000 -1000 -1000 -10 1
95 16 Car -1 -1 -1 556.70 183.45 608.08 228.12 -1 -1 -1 -1000 -1000 -1000 -10 1
96 16 Car -1 -1 -1 553.47 184.30 604.28 228.89 -1 -1 -1 -1000 -1000 -1000 -10 1
97 16 Car -1 -1 -1 551.78 184.17 601.79 228.40 -1 -1 -1 -1000 -1000 -1000 -10 1
98 16 Car -1 -1 -1 549.02 184.04 598.35 228.23 -1 -1 -1 -1000 -1000 -1000 -10 1
99 16 Car -1 -1 -1 547.92 183.56 596.63 227.95 -1 -1 -1 -1000 -1000 -1000 -10 1
100 16 Car -1 -1 -1 547.30 182.02 595.54 226.45 -1 -1 -1 -1000 -1000 -1000 -10 1
104 16 Car -1 -1 -1 544.26 180.40 589.50 219.47 -1 -1 -1 -1000 -1000 -1000 -10 1
105 16 Car -1 -1 -1 544.43 179.98 588.44 217.95 -1 -1 -1 -1000 -1000 -1000 -10 1
106 21 Car -1 -1 -1 544.92 175.99 592.45 214.67 -1 -1 -1 -1000 -1000 -1000 -10 1
106 16 Car -1 -1 -1 543.97 179.92 587.33 217.26 -1 -1 -1 -1000 -1000 -1000 -10 1
107 21 Car -1 -1 -1 543.67 178.35 589.42 216.18 -1 -1 -1 -1000 -1000 -1000 -10 1
108 21 Car -1 -1 -1 542.88 179.06 586.74 215.81 -1 -1 -1 -1000 -1000 -1000 -10 1
109 21 Car -1 -1 -1 543.37 179.51 585.65 215.11 -1 -1 -1 -1000 -1000 -1000 -10 1
110 21 Car -1 -1 -1 544.55 179.15 585.67 214.05 -1 -1 -1 -1000 -1000 -1000 -10 1
111 21 Car -1 -1 -1 545.50 179.27 585.46 213.38 -1 -1 -1 -1000 -1000 -1000 -10 1
112 21 Car -1 -1 -1 546.51 179.82 585.38 213.33 -1 -1 -1 -1000 -1000 -1000 -10 1
113 21 Car -1 -1 -1 548.29 180.31 586.13 213.25 -1 -1 -1 -1000 -1000 -1000 -10 1
114 21 Car -1 -1 -1 549.40 180.74 585.55 212.25 -1 -1 -1 -1000 -1000 -1000 -10 1
115 21 Car -1 -1 -1 550.81 180.62 586.13 211.31 -1 -1 -1 -1000 -1000 -1000 -10 1
116 21 Car -1 -1 -1 551.92 179.99 586.63 210.08 -1 -1 -1 -1000 -1000 -1000 -10 1
117 21 Car -1 -1 -1 552.58 179.19 587.09 209.09 -1 -1 -1 -1000 -1000 -1000 -10 1
118 21 Car -1 -1 -1 552.97 178.80 587.11 208.35 -1 -1 -1 -1000 -1000 -1000 -10 1
119 21 Car -1 -1 -1 552.99 178.76 586.66 207.86 -1 -1 -1 -1000 -1000 -1000 -10 1
120 21 Car -1 -1 -1 552.71 178.83 586.32 207.75 -1 -1 -1 -1000 -1000 -1000 -10 1
121 21 Car -1 -1 -1 551.87 179.71 585.26 208.36 -1 -1 -1 -1000 -1000 -1000 -10 1
122 21 Car -1 -1 -1 551.06 179.92 584.31 208.52 -1 -1 -1 -1000 -1000 -1000 -10 1
123 21 Car -1 -1 -1 550.94 179.65 584.20 208.41 -1 -1 -1 -1000 -1000 -1000 -10 1
124 21 Car -1 -1 -1 550.14 177.94 583.23 206.69 -1 -1 -1 -1000 -1000 -1000 -10 1
125 21 Car -1 -1 -1 549.22 177.37 582.18 205.95 -1 -1 -1 -1000 -1000 -1000 -10 1
126 21 Car -1 -1 -1 548.02 177.48 580.74 205.89 -1 -1 -1 -1000 -1000 -1000 -10 1
127 21 Car -1 -1 -1 547.42 177.37 579.83 205.50 -1 -1 -1 -1000 -1000 -1000 -10 1
128 21 Car -1 -1 -1 545.50 176.97 577.75 203.87 -1 -1 -1 -1000 -1000 -1000 -10 1
129 21 Car -1 -1 -1 546.08 177.34 576.77 203.12 -1 -1 -1 -1000 -1000 -1000 -10 1
130 21 Car -1 -1 -1 543.76 176.93 574.64 202.10 -1 -1 -1 -1000 -1000 -1000 -10 1
132 21 Car -1 -1 -1 542.38 178.49 572.00 202.52 -1 -1 -1 -1000 -1000 -1000 -10 1
133 21 Car -1 -1 -1 541.14 178.76 570.84 203.38 -1 -1 -1 -1000 -1000 -1000 -10 1
134 21 Car -1 -1 -1 540.18 179.76 569.51 204.81 -1 -1 -1 -1000 -1000 -1000 -10 1
135 21 Car -1 -1 -1 538.78 180.51 567.78 205.86 -1 -1 -1 -1000 -1000 -1000 -10 1
136 21 Car -1 -1 -1 537.69 180.40 566.67 205.94 -1 -1 -1 -1000 -1000 -1000 -10 1
137 21 Car -1 -1 -1 537.26 180.44 566.17 206.04 -1 -1 -1 -1000 -1000 -1000 -10 1
138 21 Car -1 -1 -1 536.54 180.35 565.52 205.90 -1 -1 -1 -1000 -1000 -1000 -10 1
139 21 Car -1 -1 -1 535.01 179.31 564.03 204.46 -1 -1 -1 -1000 -1000 -1000 -10 1
140 21 Car -1 -1 -1 536.16 178.89 564.71 203.28 -1 -1 -1 -1000 -1000 -1000 -10 1
141 21 Car -1 -1 -1 538.06 178.48 565.91 201.76 -1 -1 -1 -1000 -1000 -1000 -10 1
142 21 Car -1 -1 -1 540.90 179.18 568.01 201.55 -1 -1 -1 -1000 -1000 -1000 -10 1
143 21 Car -1 -1 -1 542.35 178.79 568.82 200.48 -1 -1 -1 -1000 -1000 -1000 -10 1
144 21 Car -1 -1 -1 543.70 178.31 569.49 199.48 -1 -1 -1 -1000 -1000 -1000 -10 1
145 21 Car -1 -1 -1 544.11 178.39 569.36 199.20 -1 -1 -1 -1000 -1000 -1000 -10 1
146 21 Car -1 -1 -1 544.75 179.24 569.66 199.72 -1 -1 -1 -1000 -1000 -1000 -10 1
147 21 Car -1 -1 -1 545.19 179.66 569.76 199.90 -1 -1 -1 -1000 -1000 -1000 -10 1
148 21 Car -1 -1 -1 545.15 180.10 569.62 200.07 -1 -1 -1 -1000 -1000 -1000 -10 1
160 22 Car -1 -1 -1 535.28 176.84 555.88 193.90 -1 -1 -1 -1000 -1000 -1000 -10 1
161 22 Car -1 -1 -1 536.36 176.85 556.58 193.65 -1 -1 -1 -1000 -1000 -1000 -10 1
162 22 Car -1 -1 -1 538.95 176.48 558.99 193.13 -1 -1 -1 -1000 -1000 -1000 -10 1
163 22 Car -1 -1 -1 541.29 176.18 561.54 192.92 -1 -1 -1 -1000 -1000 -1000 -10 1
164 22 Car -1 -1 -1 544.87 175.04 566.64 192.87 -1 -1 -1 -1000 -1000 -1000 -10 1
165 22 Car -1 -1 -1 546.30 176.14 568.66 194.45 -1 -1 -1 -1000 -1000 -1000 -10 1
166 22 Car -1 -1 -1 547.60 174.34 571.24 193.75 -1 -1 -1 -1000 -1000 -1000 -10 1
167 22 Car -1 -1 -1 548.81 172.49 573.39 192.74 -1 -1 -1 -1000 -1000 -1000 -10 1
168 22 Car -1 -1 -1 549.01 173.98 573.76 194.40 -1 -1 -1 -1000 -1000 -1000 -10 1
169 22 Car -1 -1 -1 549.34 173.08 574.86 193.95 -1 -1 -1 -1000 -1000 -1000 -10 1
170 22 Car -1 -1 -1 549.14 172.34 575.25 193.50 -1 -1 -1 -1000 -1000 -1000 -10 1
171 22 Car -1 -1 -1 549.18 171.91 574.81 192.31 -1 -1 -1 -1000 -1000 -1000 -10 1
172 22 Car -1 -1 -1 549.37 172.17 574.85 192.29 -1 -1 -1 -1000 -1000 -1000 -10 1
173 22 Car -1 -1 -1 548.83 172.22 573.90 192.08 -1 -1 -1 -1000 -1000 -1000 -10 1
174 22 Car -1 -1 -1 548.03 171.70 572.79 191.64 -1 -1 -1 -1000 -1000 -1000 -10 1
175 22 Car -1 -1 -1 546.83 171.09 571.24 190.99 -1 -1 -1 -1000 -1000 -1000 -10 1
176 22 Car -1 -1 -1 545.59 170.57 569.66 190.57 -1 -1 -1 -1000 -1000 -1000 -10 1
177 22 Car -1 -1 -1 544.82 170.58 568.75 190.46 -1 -1 -1 -1000 -1000 -1000 -10 1
178 23 Car -1 -1 -1 550.12 176.98 572.43 194.94 -1 -1 -1 -1000 -1000 -1000 -10 1
178 22 Car -1 -1 -1 545.92 170.63 570.05 190.59 -1 -1 -1 -1000 -1000 -1000 -10 1
179 23 Car -1 -1 -1 551.40 177.42 573.52 195.32 -1 -1 -1 -1000 -1000 -1000 -10 1
179 22 Car -1 -1 -1 546.87 171.21 571.23 191.18 -1 -1 -1 -1000 -1000 -1000 -10 1
183 22 Car -1 -1 -1 550.11 168.01 573.20 187.33 -1 -1 -1 -1000 -1000 -1000 -10 1
184 22 Car -1 -1 -1 551.71 168.05 574.41 187.25 -1 -1 -1 -1000 -1000 -1000 -10 1
223 26 Car -1 -1 -1 584.16 169.26 607.08 190.79 -1 -1 -1 -1000 -1000 -1000 -10 1
224 26 Car -1 -1 -1 582.08 170.39 605.24 192.06 -1 -1 -1 -1000 -1000 -1000 -10 1
225 26 Car -1 -1 -1 581.58 171.68 604.92 193.32 -1 -1 -1 -1000 -1000 -1000 -10 1
226 27 Car -1 -1 -1 577.95 169.82 606.22 190.18 -1 -1 -1 -1000 -1000 -1000 -10 1
226 26 Car -1 -1 -1 581.17 172.34 605.76 194.88 -1 -1 -1 -1000 -1000 -1000 -10 1
227 27 Car -1 -1 -1 572.08 171.11 602.05 191.97 -1 -1 -1 -1000 -1000 -1000 -10 1
228 27 Car -1 -1 -1 565.49 170.18 597.13 191.79 -1 -1 -1 -1000 -1000 -1000 -10 1
229 27 Car -1 -1 -1 559.63 168.35 593.98 192.05 -1 -1 -1 -1000 -1000 -1000 -10 1
230 27 Car -1 -1 -1 556.70 167.16 592.88 193.61 -1 -1 -1 -1000 -1000 -1000 -10 1
231 27 Car -1 -1 -1 551.52 170.51 590.26 195.04 -1 -1 -1 -1000 -1000 -1000 -10 1
232 27 Car -1 -1 -1 544.15 172.86 586.11 196.98 -1 -1 -1 -1000 -1000 -1000 -10 1
233 27 Car -1 -1 -1 533.48 172.09 580.14 198.79 -1 -1 -1 -1000 -1000 -1000 -10 1
234 27 Car -1 -1 -1 529.60 171.25 578.24 200.34 -1 -1 -1 -1000 -1000 -1000 -10 1
235 27 Car -1 -1 -1 527.47 171.85 574.42 202.06 -1 -1 -1 -1000 -1000 -1000 -10 1
237 30 Car -1 -1 -1 573.62 174.73 605.34 197.66 -1 -1 -1 -1000 -1000 -1000 -10 1
238 31 Car -1 -1 -1 480.99 177.89 552.32 218.94 -1 -1 -1 -1000 -1000 -1000 -10 1
238 30 Car -1 -1 -1 567.68 172.12 601.87 197.10 -1 -1 -1 -1000 -1000 -1000 -10 1
239 31 Car -1 -1 -1 460.74 180.70 542.69 227.30 -1 -1 -1 -1000 -1000 -1000 -10 1
239 30 Car -1 -1 -1 566.03 172.85 600.80 197.76 -1 -1 -1 -1000 -1000 -1000 -10 1
240 32 Car -1 -1 -1 376.86 180.70 432.31 205.50 -1 -1 -1 -1000 -1000 -1000 -10 1
240 31 Car -1 -1 -1 438.91 183.34 532.52 233.88 -1 -1 -1 -1000 -1000 -1000 -10 1
240 30 Car -1 -1 -1 558.08 174.90 595.59 201.56 -1 -1 -1 -1000 -1000 -1000 -10 1
241 32 Car -1 -1 -1 369.66 182.48 429.72 211.13 -1 -1 -1 -1000 -1000 -1000 -10 1
241 31 Car -1 -1 -1 398.98 183.59 514.99 245.45 -1 -1 -1 -1000 -1000 -1000 -10 1
241 30 Car -1 -1 -1 549.80 173.39 591.69 202.05 -1 -1 -1 -1000 -1000 -1000 -10 1
242 34 Car -1 -1 -1 596.07 177.71 629.39 195.56 -1 -1 -1 -1000 -1000 -1000 -10 1
242 31 Car -1 -1 -1 359.29 186.12 494.51 259.06 -1 -1 -1 -1000 -1000 -1000 -10 1
242 30 Car -1 -1 -1 542.38 176.63 586.76 206.30 -1 -1 -1 -1000 -1000 -1000 -10 1
243 34 Car -1 -1 -1 591.04 178.21 625.03 197.32 -1 -1 -1 -1000 -1000 -1000 -10 1
243 31 Car -1 -1 -1 281.22 196.14 456.82 289.02 -1 -1 -1 -1000 -1000 -1000 -10 1
243 30 Car -1 -1 -1 525.68 175.32 578.50 211.67 -1 -1 -1 -1000 -1000 -1000 -10 1
244 34 Car -1 -1 -1 585.14 177.27 622.48 198.62 -1 -1 -1 -1000 -1000 -1000 -10 1
244 30 Car -1 -1 -1 512.98 175.09 573.59 216.88 -1 -1 -1 -1000 -1000 -1000 -10 1
245 34 Car -1 -1 -1 580.52 177.36 620.69 200.17 -1 -1 -1 -1000 -1000 -1000 -10 1
245 30 Car -1 -1 -1 498.57 176.50 564.29 221.24 -1 -1 -1 -1000 -1000 -1000 -10 1
246 34 Car -1 -1 -1 570.98 177.22 614.96 201.71 -1 -1 -1 -1000 -1000 -1000 -10 1
246 30 Car -1 -1 -1 472.99 179.85 551.68 231.13 -1 -1 -1 -1000 -1000 -1000 -10 1
247 40 Car -1 -1 -1 392.76 176.00 469.72 210.72 -1 -1 -1 -1000 -1000 -1000 -10 1
247 34 Car -1 -1 -1 563.24 177.77 610.63 203.59 -1 -1 -1 -1000 -1000 -1000 -10 1
247 30 Car -1 -1 -1 446.19 179.08 536.43 238.83 -1 -1 -1 -1000 -1000 -1000 -10 1
248 34 Car -1 -1 -1 551.27 178.28 603.75 206.22 -1 -1 -1 -1000 -1000 -1000 -10 1
248 30 Car -1 -1 -1 405.16 180.43 515.65 251.38 -1 -1 -1 -1000 -1000 -1000 -10 1
249 41 Car -1 -1 -1 267.44 185.09 376.34 221.38 -1 -1 -1 -1000 -1000 -1000 -10 1
249 34 Car -1 -1 -1 538.25 180.42 594.57 211.31 -1 -1 -1 -1000 -1000 -1000 -10 1
249 30 Car -1 -1 -1 348.89 186.91 490.18 274.80 -1 -1 -1 -1000 -1000 -1000 -10 1
250 34 Car -1 -1 -1 525.65 181.02 586.64 214.75 -1 -1 -1 -1000 -1000 -1000 -10 1
251 34 Car -1 -1 -1 512.41 181.20 578.46 218.48 -1 -1 -1 -1000 -1000 -1000 -10 1
252 34 Car -1 -1 -1 496.99 180.87 568.08 220.67 -1 -1 -1 -1000 -1000 -1000 -10 1
253 44 Car -1 -1 -1 314.39 175.76 439.73 214.98 -1 -1 -1 -1000 -1000 -1000 -10 1
253 34 Car -1 -1 -1 472.41 182.40 557.75 226.37 -1 -1 -1 -1000 -1000 -1000 -10 1
254 44 Car -1 -1 -1 305.05 176.13 431.20 214.49 -1 -1 -1 -1000 -1000 -1000 -10 1
254 34 Car -1 -1 -1 444.07 183.19 545.11 233.82 -1 -1 -1 -1000 -1000 -1000 -10 1
255 45 Car -1 -1 -1 165.94 182.64 279.30 222.17 -1 -1 -1 -1000 -1000 -1000 -10 1
255 44 Car -1 -1 -1 282.13 176.38 416.95 218.16 -1 -1 -1 -1000 -1000 -1000 -10 1
255 34 Car -1 -1 -1 408.44 187.18 522.31 245.12 -1 -1 -1 -1000 -1000 -1000 -10 1
256 45 Car -1 -1 -1 139.67 182.76 260.83 225.43 -1 -1 -1 -1000 -1000 -1000 -10 1
256 44 Car -1 -1 -1 266.66 177.71 410.94 225.29 -1 -1 -1 -1000 -1000 -1000 -10 1
256 34 Car -1 -1 -1 362.58 191.12 495.87 260.26 -1 -1 -1 -1000 -1000 -1000 -10 1
257 45 Car -1 -1 -1 113.66 181.53 241.15 227.00 -1 -1 -1 -1000 -1000 -1000 -10 1
257 44 Car -1 -1 -1 236.47 179.56 379.07 229.43 -1 -1 -1 -1000 -1000 -1000 -10 1
258 45 Car -1 -1 -1 87.02 182.95 218.57 229.19 -1 -1 -1 -1000 -1000 -1000 -10 1
258 44 Car -1 -1 -1 196.61 180.13 335.62 229.93 -1 -1 -1 -1000 -1000 -1000 -10 1
259 45 Car -1 -1 -1 44.80 187.50 198.42 243.88 -1 -1 -1 -1000 -1000 -1000 -10 1
259 44 Car -1 -1 -1 174.26 178.91 338.05 239.02 -1 -1 -1 -1000 -1000 -1000 -10 1
260 45 Car -1 -1 -1 15.37 186.12 173.96 243.60 -1 -1 -1 -1000 -1000 -1000 -10 1
260 44 Car -1 -1 -1 151.07 180.42 318.89 245.94 -1 -1 -1 -1000 -1000 -1000 -10 1
261 49 Car -1 -1 -1 214.44 181.08 370.56 234.42 -1 -1 -1 -1000 -1000 -1000 -10 1
261 45 Car -1 -1 -1 -6.10 188.62 150.19 248.16 -1 -1 -1 -1000 -1000 -1000 -10 1
261 44 Car -1 -1 -1 115.35 180.31 298.92 254.49 -1 -1 -1 -1000 -1000 -1000 -10 1
262 49 Car -1 -1 -1 189.23 179.77 357.03 237.60 -1 -1 -1 -1000 -1000 -1000 -10 1
262 45 Car -1 -1 -1 -20.40 192.06 119.54 251.17 -1 -1 -1 -1000 -1000 -1000 -10 1
262 44 Car -1 -1 -1 77.15 184.11 275.82 268.01 -1 -1 -1 -1000 -1000 -1000 -10 1
263 49 Car -1 -1 -1 158.00 178.58 342.99 242.75 -1 -1 -1 -1000 -1000 -1000 -10 1
263 45 Car -1 -1 -1 -25.85 197.02 93.00 256.66 -1 -1 -1 -1000 -1000 -1000 -10 1
263 44 Car -1 -1 -1 37.15 184.18 239.32 276.63 -1 -1 -1 -1000 -1000 -1000 -10 1
264 49 Car -1 -1 -1 126.01 177.60 326.65 247.58 -1 -1 -1 -1000 -1000 -1000 -10 1
264 44 Car -1 -1 -1 -0.86 184.32 205.58 290.74 -1 -1 -1 -1000 -1000 -1000 -10 1
265 49 Car -1 -1 -1 86.79 178.44 305.62 253.76 -1 -1 -1 -1000 -1000 -1000 -10 1
265 44 Car -1 -1 -1 -23.85 181.51 172.74 299.59 -1 -1 -1 -1000 -1000 -1000 -10 1
266 49 Car -1 -1 -1 47.14 184.92 278.17 262.41 -1 -1 -1 -1000 -1000 -1000 -10 1
266 44 Car -1 -1 -1 -38.44 179.86 137.02 308.60 -1 -1 -1 -1000 -1000 -1000 -10 1
267 49 Car -1 -1 -1 18.49 190.12 258.22 269.05 -1 -1 -1 -1000 -1000 -1000 -10 1
268 49 Car -1 -1 -1 -6.17 191.19 245.03 275.49 -1 -1 -1 -1000 -1000 -1000 -10 1
269 49 Car -1 -1 -1 -15.75 193.92 236.81 284.79 -1 -1 -1 -1000 -1000 -1000 -10 1
270 49 Car -1 -1 -1 -25.18 196.55 215.08 295.28 -1 -1 -1 -1000 -1000 -1000 -10 1
271 49 Car -1 -1 -1 -33.76 193.87 195.40 302.76 -1 -1 -1 -1000 -1000 -1000 -10 1
272 49 Car -1 -1 -1 -39.24 197.82 166.79 313.19 -1 -1 -1 -1000 -1000 -1000 -10 1
273 49 Car -1 -1 -1 -39.57 206.71 142.38 325.95 -1 -1 -1 -1000 -1000 -1000 -10 1
274 49 Car -1 -1 -1 -41.70 219.84 109.08 339.34 -1 -1 -1 -1000 -1000 -1000 -10 1
