0 1 Car -1 -1 -1 482.85 171.38 663.59 240.86 -1 -1 -1 -1000 -1000 -1000 -10 0.97
0 2 Car -1 -1 -1 1195.36 160.94 1236.10 217.34 -1 -1 -1 -1000 -1000 -1000 -10 0.69
0 3 Car -1 -1 -1 2.98 198.03 46.34 258.61 -1 -1 -1 -1000 -1000 -1000 -10 0.62
1 3 Car -1 -1 -1 1.42 184.30 148.63 258.11 -1 -1 -1 -1000 -1000 -1000 -10 0.92
1 1 Car -1 -1 -1 591.38 170.51 771.67 238.60 -1 -1 -1 -1000 -1000 -1000 -10 0.92
2 1 Car -1 -1 -1 701.95 166.28 886.15 236.08 -1 -1 -1 -1000 -1000 -1000 -10 0.92
2 3 Car -1 -1 -1 43.76 186.13 247.72 253.65 -1 -1 -1 -1000 -1000 -1000 -10 0.88
3 1 Car -1 -1 -1 809.16 163.42 996.04 231.90 -1 -1 -1 -1000 -1000 -1000 -10 0.92
3 3 Car -1 -1 -1 151.29 180.76 357.70 250.79 -1 -1 -1 -1000 -1000 -1000 -10 0.86
4 1 Car -1 -1 -1 908.98 161.42 1105.39 230.88 -1 -1 -1 -1000 -1000 -1000 -10 0.91
4 3 Car -1 -1 -1 268.69 176.79 456.59 248.74 -1 -1 -1 -1000 -1000 -1000 -10 0.88
5 1 Car -1 -1 -1 1012.89 157.99 1218.50 228.35 -1 -1 -1 -1000 -1000 -1000 -10 0.87
5 3 Car -1 -1 -1 356.70 173.49 570.61 245.49 -1 -1 -1 -1000 -1000 -1000 -10 0.78
6 1 Car -1 -1 -1 1117.61 156.23 1239.66 223.96 -1 -1 -1 -1000 -1000 -1000 -10 0.89
6 3 Car -1 -1 -1 477.07 170.63 668.61 241.31 -1 -1 -1 -1000 -1000 -1000 -10 0.89
7 3 Car -1 -1 -1 587.23 168.99 774.00 239.75 -1 -1 -1 -1000 -1000 -1000 -10 0.90
7 4 Car -1 -1 -1 -0.38 210.03 13.69 277.92 -1 -1 -1 -1000 -1000 -1000 -10 0.41
8 3 Car -1 -1 -1 687.27 164.83 885.38 236.71 -1 -1 -1 -1000 -1000 -1000 -10 0.90
8 4 Car -1 -1 -1 -2.32 191.73 59.28 287.98 -1 -1 -1 -1000 -1000 -1000 -10 0.78
9 3 Car -1 -1 -1 791.62 161.87 990.39 233.53 -1 -1 -1 -1000 -1000 -1000 -10 0.93
9 4 Car -1 -1 -1 -0.80 180.23 88.78 292.78 -1 -1 -1 -1000 -1000 -1000 -10 0.86
10 4 Car -1 -1 -1 -4.53 179.37 116.00 300.58 -1 -1 -1 -1000 -1000 -1000 -10 0.91
10 3 Car -1 -1 -1 895.53 159.17 1102.58 233.24 -1 -1 -1 -1000 -1000 -1000 -10 0.91
11 4 Car -1 -1 -1 -3.69 182.47 139.40 312.59 -1 -1 -1 -1000 -1000 -1000 -10 0.89
11 3 Car -1 -1 -1 988.80 156.28 1203.59 229.93 -1 -1 -1 -1000 -1000 -1000 -10 0.80
11 5 Car -1 -1 -1 13.70 192.28 191.91 257.74 -1 -1 -1 -1000 -1000 -1000 -10 0.72
12 4 Car -1 -1 -1 -3.10 173.91 147.77 322.46 -1 -1 -1 -1000 -1000 -1000 -10 0.94
12 5 Car -1 -1 -1 143.86 191.08 301.45 250.07 -1 -1 -1 -1000 -1000 -1000 -10 0.91
12 3 Car -1 -1 -1 1094.11 158.82 1239.32 226.89 -1 -1 -1 -1000 -1000 -1000 -10 0.87
13 4 Car -1 -1 -1 -4.00 174.59 154.19 337.05 -1 -1 -1 -1000 -1000 -1000 -10 0.94
13 5 Car -1 -1 -1 258.95 185.92 420.84 247.34 -1 -1 -1 -1000 -1000 -1000 -10 0.84
13 3 Car -1 -1 -1 1194.84 152.85 1237.91 219.52 -1 -1 -1 -1000 -1000 -1000 -10 0.71
14 4 Car -1 -1 -1 -2.13 182.88 144.76 359.67 -1 -1 -1 -1000 -1000 -1000 -10 0.89
14 5 Car -1 -1 -1 356.37 183.97 523.98 242.37 -1 -1 -1 -1000 -1000 -1000 -10 0.74
14 6 Car -1 -1 -1 -1.14 191.44 199.61 273.63 -1 -1 -1 -1000 -1000 -1000 -10 0.85
15 5 Car -1 -1 -1 488.73 181.78 631.95 241.30 -1 -1 -1 -1000 -1000 -1000 -10 0.87
15 4 Car -1 -1 -1 -1.96 173.83 122.25 375.89 -1 -1 -1 -1000 -1000 -1000 -10 0.84
15 6 Car -1 -1 -1 81.97 193.31 294.33 263.95 -1 -1 -1 -1000 -1000 -1000 -10 0.83
16 5 Car -1 -1 -1 599.43 179.20 740.75 236.66 -1 -1 -1 -1000 -1000 -1000 -10 0.86
16 6 Car -1 -1 -1 178.15 192.81 369.05 263.37 -1 -1 -1 -1000 -1000 -1000 -10 0.80
16 4 Car -1 -1 -1 -0.93 161.38 120.85 372.95 -1 -1 -1 -1000 -1000 -1000 -10 0.69
17 5 Car -1 -1 -1 708.05 176.85 856.91 233.40 -1 -1 -1 -1000 -1000 -1000 -10 0.89
17 4 Car -1 -1 -1 0.74 161.25 111.15 373.35 -1 -1 -1 -1000 -1000 -1000 -10 0.86
17 6 Car -1 -1 -1 279.31 184.95 477.27 262.29 -1 -1 -1 -1000 -1000 -1000 -10 0.83
18 5 Car -1 -1 -1 813.11 171.81 967.37 232.53 -1 -1 -1 -1000 -1000 -1000 -10 0.88
18 6 Car -1 -1 -1 374.41 184.55 584.42 255.31 -1 -1 -1 -1000 -1000 -1000 -10 0.76
18 4 Car -1 -1 -1 -0.90 156.12 90.20 370.71 -1 -1 -1 -1000 -1000 -1000 -10 0.76
19 6 Car -1 -1 -1 486.06 180.34 689.48 253.71 -1 -1 -1 -1000 -1000 -1000 -10 0.90
19 5 Car -1 -1 -1 917.92 168.82 1080.14 231.49 -1 -1 -1 -1000 -1000 -1000 -10 0.89
19 4 Car -1 -1 -1 1.34 189.87 57.06 258.61 -1 -1 -1 -1000 -1000 -1000 -10 0.55
20 4 Car -1 -1 -1 4.56 188.53 137.82 258.39 -1 -1 -1 -1000 -1000 -1000 -10 0.95
20 6 Car -1 -1 -1 591.47 178.71 794.16 252.47 -1 -1 -1 -1000 -1000 -1000 -10 0.90
20 5 Car -1 -1 -1 1015.26 167.96 1185.51 227.72 -1 -1 -1 -1000 -1000 -1000 -10 0.87
21 6 Car -1 -1 -1 699.62 176.72 904.20 248.20 -1 -1 -1 -1000 -1000 -1000 -10 0.90
21 5 Car -1 -1 -1 1124.24 164.94 1239.15 223.00 -1 -1 -1 -1000 -1000 -1000 -10 0.90
21 4 Car -1 -1 -1 36.22 188.10 224.30 254.17 -1 -1 -1 -1000 -1000 -1000 -10 0.90
21 7 Cyclist -1 -1 -1 304.01 186.64 328.49 222.43 -1 -1 -1 -1000 -1000 -1000 -10 0.41
22 6 Car -1 -1 -1 807.49 172.23 1019.36 246.05 -1 -1 -1 -1000 -1000 -1000 -10 0.92
22 4 Car -1 -1 -1 127.31 182.96 319.06 250.48 -1 -1 -1 -1000 -1000 -1000 -10 0.87
23 6 Car -1 -1 -1 912.43 169.94 1133.21 246.56 -1 -1 -1 -1000 -1000 -1000 -10 0.87
23 4 Car -1 -1 -1 223.60 181.34 408.37 245.24 -1 -1 -1 -1000 -1000 -1000 -10 0.69
24 6 Car -1 -1 -1 1020.72 165.87 1241.13 244.21 -1 -1 -1 -1000 -1000 -1000 -10 0.90
24 4 Car -1 -1 -1 318.86 177.16 499.68 246.73 -1 -1 -1 -1000 -1000 -1000 -10 0.81
25 4 Car -1 -1 -1 417.80 175.27 594.28 241.30 -1 -1 -1 -1000 -1000 -1000 -10 0.91
25 6 Car -1 -1 -1 1125.85 167.58 1238.70 242.41 -1 -1 -1 -1000 -1000 -1000 -10 0.85
25 8 Cyclist -1 -1 -1 302.37 188.05 330.17 221.76 -1 -1 -1 -1000 -1000 -1000 -10 0.41
26 4 Car -1 -1 -1 517.62 172.01 688.38 239.11 -1 -1 -1 -1000 -1000 -1000 -10 0.91
26 8 Cyclist -1 -1 -1 306.20 185.30 325.64 222.33 -1 -1 -1 -1000 -1000 -1000 -10 0.56
27 4 Car -1 -1 -1 612.39 169.55 788.16 238.31 -1 -1 -1 -1000 -1000 -1000 -10 0.90
27 8 Cyclist -1 -1 -1 306.43 182.53 325.45 221.85 -1 -1 -1 -1000 -1000 -1000 -10 0.52
28 4 Car -1 -1 -1 711.68 167.25 890.23 233.49 -1 -1 -1 -1000 -1000 -1000 -10 0.91
28 8 Cyclist -1 -1 -1 306.44 182.64 325.52 221.57 -1 -1 -1 -1000 -1000 -1000 -10 0.54
29 4 Car -1 -1 -1 807.38 163.97 990.11 231.11 -1 -1 -1 -1000 -1000 -1000 -10 0.94
29 8 Cyclist -1 -1 -1 306.28 183.19 325.05 221.36 -1 -1 -1 -1000 -1000 -1000 -10 0.46
30 4 Car -1 -1 -1 903.58 160.63 1094.12 227.63 -1 -1 -1 -1000 -1000 -1000 -10 0.85
30 8 Cyclist -1 -1 -1 307.06 185.64 324.33 221.79 -1 -1 -1 -1000 -1000 -1000 -10 0.47
31 4 Car -1 -1 -1 996.25 159.76 1197.06 227.19 -1 -1 -1 -1000 -1000 -1000 -10 0.86
31 8 Cyclist -1 -1 -1 307.19 183.52 324.13 221.13 -1 -1 -1 -1000 -1000 -1000 -10 0.42
32 4 Car -1 -1 -1 1097.10 161.33 1236.56 223.48 -1 -1 -1 -1000 -1000 -1000 -10 0.92
32 8 Cyclist -1 -1 -1 306.66 183.25 325.04 221.21 -1 -1 -1 -1000 -1000 -1000 -10 0.50
33 4 Car -1 -1 -1 1194.79 153.44 1237.16 218.90 -1 -1 -1 -1000 -1000 -1000 -10 0.68
33 8 Cyclist -1 -1 -1 306.02 182.83 325.77 221.59 -1 -1 -1 -1000 -1000 -1000 -10 0.53
34 8 Cyclist -1 -1 -1 305.85 183.09 325.71 221.40 -1 -1 -1 -1000 -1000 -1000 -10 0.50
35 8 Cyclist -1 -1 -1 306.02 183.16 325.54 221.36 -1 -1 -1 -1000 -1000 -1000 -10 0.50
36 8 Cyclist -1 -1 -1 305.89 182.19 326.23 221.88 -1 -1 -1 -1000 -1000 -1000 -10 0.57
37 8 Cyclist -1 -1 -1 306.30 182.61 325.58 221.20 -1 -1 -1 -1000 -1000 -1000 -10 0.59
38 8 Cyclist -1 -1 -1 306.20 182.18 325.91 221.36 -1 -1 -1 -1000 -1000 -1000 -10 0.62
39 8 Cyclist -1 -1 -1 306.05 181.77 326.14 221.61 -1 -1 -1 -1000 -1000 -1000 -10 0.63
40 8 Cyclist -1 -1 -1 306.22 182.01 325.93 221.64 -1 -1 -1 -1000 -1000 -1000 -10 0.61
41 8 Cyclist -1 -1 -1 306.06 182.26 326.03 221.47 -1 -1 -1 -1000 -1000 -1000 -10 0.61
42 8 Cyclist -1 -1 -1 306.22 182.40 325.97 221.43 -1 -1 -1 -1000 -1000 -1000 -10 0.59
43 8 Cyclist -1 -1 -1 306.36 182.39 325.53 221.43 -1 -1 -1 -1000 -1000 -1000 -10 0.60
43 9 Car -1 -1 -1 1202.73 156.59 1239.87 191.35 -1 -1 -1 -1000 -1000 -1000 -10 0.64
44 9 Car -1 -1 -1 1140.04 157.68 1237.64 195.78 -1 -1 -1 -1000 -1000 -1000 -10 0.79
44 8 Cyclist -1 -1 -1 306.36 182.43 325.66 221.31 -1 -1 -1 -1000 -1000 -1000 -10 0.60
45 9 Car -1 -1 -1 1068.56 158.86 1185.93 197.57 -1 -1 -1 -1000 -1000 -1000 -10 0.84
45 8 Cyclist -1 -1 -1 306.30 182.32 325.84 221.44 -1 -1 -1 -1000 -1000 -1000 -10 0.60
46 9 Car -1 -1 -1 1003.26 163.03 1119.89 198.59 -1 -1 -1 -1000 -1000 -1000 -10 0.85
46 8 Cyclist -1 -1 -1 306.53 182.03 325.71 221.54 -1 -1 -1 -1000 -1000 -1000 -10 0.61
47 9 Car -1 -1 -1 942.91 164.78 1054.39 199.93 -1 -1 -1 -1000 -1000 -1000 -10 0.81
47 8 Cyclist -1 -1 -1 306.32 182.59 325.62 221.38 -1 -1 -1 -1000 -1000 -1000 -10 0.60
48 9 Car -1 -1 -1 881.01 167.00 985.91 202.32 -1 -1 -1 -1000 -1000 -1000 -10 0.85
48 8 Cyclist -1 -1 -1 306.44 182.54 325.65 221.43 -1 -1 -1 -1000 -1000 -1000 -10 0.60
49 9 Car -1 -1 -1 815.38 172.46 918.75 204.04 -1 -1 -1 -1000 -1000 -1000 -10 0.80
49 8 Cyclist -1 -1 -1 306.32 182.48 325.45 221.40 -1 -1 -1 -1000 -1000 -1000 -10 0.59
50 9 Car -1 -1 -1 753.01 173.36 856.16 206.90 -1 -1 -1 -1000 -1000 -1000 -10 0.83
50 8 Cyclist -1 -1 -1 306.28 182.68 325.79 221.36 -1 -1 -1 -1000 -1000 -1000 -10 0.59
51 9 Car -1 -1 -1 688.72 175.86 791.71 210.46 -1 -1 -1 -1000 -1000 -1000 -10 0.87
51 8 Cyclist -1 -1 -1 306.44 182.54 325.69 221.39 -1 -1 -1 -1000 -1000 -1000 -10 0.60
52 9 Car -1 -1 -1 627.56 180.07 726.30 212.11 -1 -1 -1 -1000 -1000 -1000 -10 0.84
52 8 Cyclist -1 -1 -1 306.79 182.53 325.23 221.28 -1 -1 -1 -1000 -1000 -1000 -10 0.57
53 9 Car -1 -1 -1 566.47 183.33 662.47 215.72 -1 -1 -1 -1000 -1000 -1000 -10 0.74
53 8 Cyclist -1 -1 -1 306.61 182.35 325.50 221.37 -1 -1 -1 -1000 -1000 -1000 -10 0.58
54 9 Car -1 -1 -1 499.45 184.84 599.46 217.23 -1 -1 -1 -1000 -1000 -1000 -10 0.84
54 8 Cyclist -1 -1 -1 305.81 182.78 326.42 221.27 -1 -1 -1 -1000 -1000 -1000 -10 0.62
55 8 Cyclist -1 -1 -1 305.55 183.08 326.92 221.09 -1 -1 -1 -1000 -1000 -1000 -10 0.62
55 9 Car -1 -1 -1 437.82 186.95 536.78 220.20 -1 -1 -1 -1000 -1000 -1000 -10 0.60
56 8 Cyclist -1 -1 -1 304.58 185.23 327.97 222.17 -1 -1 -1 -1000 -1000 -1000 -10 0.64
56 9 Car -1 -1 -1 385.04 188.39 488.36 221.74 -1 -1 -1 -1000 -1000 -1000 -10 0.59
57 9 Car -1 -1 -1 306.66 182.82 426.81 226.65 -1 -1 -1 -1000 -1000 -1000 -10 0.61
58 9 Car -1 -1 -1 241.44 194.89 345.87 228.04 -1 -1 -1 -1000 -1000 -1000 -10 0.75
59 9 Car -1 -1 -1 177.00 195.82 282.96 232.07 -1 -1 -1 -1000 -1000 -1000 -10 0.78
60 9 Car -1 -1 -1 108.59 199.31 219.84 234.78 -1 -1 -1 -1000 -1000 -1000 -10 0.79
61 9 Car -1 -1 -1 41.11 201.55 155.68 238.22 -1 -1 -1 -1000 -1000 -1000 -10 0.91
62 9 Car -1 -1 -1 2.10 202.07 88.15 241.35 -1 -1 -1 -1000 -1000 -1000 -10 0.78
63 9 Car -1 -1 -1 2.60 201.12 25.91 239.19 -1 -1 -1 -1000 -1000 -1000 -10 0.56
