0 1 Car -1 -1 -1 436.10 183.36 496.64 231.80 -1 -1 -1 -1000 -1000 -1000 -10 0.86
0 2 Car -1 -1 -1 139.90 184.98 218.35 219.02 -1 -1 -1 -1000 -1000 -1000 -10 0.82
0 3 Car -1 -1 -1 555.59 179.33 594.20 214.98 -1 -1 -1 -1000 -1000 -1000 -10 0.81
0 4 Car -1 -1 -1 496.04 185.19 515.93 201.27 -1 -1 -1 -1000 -1000 -1000 -10 0.64
0 5 Car -1 -1 -1 -0.42 184.18 89.54 232.52 -1 -1 -1 -1000 -1000 -1000 -10 0.55
0 6 Car -1 -1 -1 530.05 184.64 546.48 198.77 -1 -1 -1 -1000 -1000 -1000 -10 0.43
1 1 Car -1 -1 -1 386.42 186.27 477.86 253.46 -1 -1 -1 -1000 -1000 -1000 -10 0.90
1 2 Car -1 -1 -1 103.11 189.84 188.69 227.58 -1 -1 -1 -1000 -1000 -1000 -10 0.88
1 3 Car -1 -1 -1 553.90 181.10 593.42 215.87 -1 -1 -1 -1000 -1000 -1000 -10 0.76
1 4 Car -1 -1 -1 493.80 187.13 519.13 204.78 -1 -1 -1 -1000 -1000 -1000 -10 0.68
1 6 Car -1 -1 -1 531.03 185.90 546.57 200.48 -1 -1 -1 -1000 -1000 -1000 -10 0.60
1 5 Car -1 -1 -1 1.81 184.50 25.72 248.85 -1 -1 -1 -1000 -1000 -1000 -10 0.43
2 2 Car -1 -1 -1 55.63 188.74 157.14 230.56 -1 -1 -1 -1000 -1000 -1000 -10 0.89
2 1 Car -1 -1 -1 272.90 182.14 444.61 297.34 -1 -1 -1 -1000 -1000 -1000 -10 0.89
2 3 Car -1 -1 -1 553.55 178.11 592.77 214.18 -1 -1 -1 -1000 -1000 -1000 -10 0.88
2 4 Car -1 -1 -1 489.22 183.12 518.40 205.11 -1 -1 -1 -1000 -1000 -1000 -10 0.63
2 6 Car -1 -1 -1 531.49 183.86 550.79 197.81 -1 -1 -1 -1000 -1000 -1000 -10 0.57
3 1 Car -1 -1 -1 -6.54 189.90 335.51 369.02 -1 -1 -1 -1000 -1000 -1000 -10 0.96
3 3 Car -1 -1 -1 552.61 178.33 591.35 213.32 -1 -1 -1 -1000 -1000 -1000 -10 0.83
3 2 Car -1 -1 -1 3.86 188.51 117.02 238.49 -1 -1 -1 -1000 -1000 -1000 -10 0.73
3 4 Car -1 -1 -1 485.87 182.63 519.91 209.03 -1 -1 -1 -1000 -1000 -1000 -10 0.72
3 6 Car -1 -1 -1 532.60 184.07 550.49 197.41 -1 -1 -1 -1000 -1000 -1000 -10 0.64
4 4 Car -1 -1 -1 479.20 182.51 519.05 213.70 -1 -1 -1 -1000 -1000 -1000 -10 0.84
4 3 Car -1 -1 -1 552.27 178.27 592.87 213.32 -1 -1 -1 -1000 -1000 -1000 -10 0.82
4 2 Car -1 -1 -1 -0.47 191.23 72.54 240.64 -1 -1 -1 -1000 -1000 -1000 -10 0.69
4 6 Car -1 -1 -1 533.85 182.97 555.60 198.48 -1 -1 -1 -1000 -1000 -1000 -10 0.58
4 7 Car -1 -1 -1 309.45 181.85 344.86 197.27 -1 -1 -1 -1000 -1000 -1000 -10 0.56
5 4 Car -1 -1 -1 466.73 181.14 515.34 221.01 -1 -1 -1 -1000 -1000 -1000 -10 0.89
5 3 Car -1 -1 -1 553.64 176.37 593.33 210.87 -1 -1 -1 -1000 -1000 -1000 -10 0.84
5 7 Car -1 -1 -1 305.54 181.97 342.10 197.50 -1 -1 -1 -1000 -1000 -1000 -10 0.65
5 6 Car -1 -1 -1 534.95 182.14 563.69 197.33 -1 -1 -1 -1000 -1000 -1000 -10 0.58
6 4 Car -1 -1 -1 439.87 179.63 510.51 235.83 -1 -1 -1 -1000 -1000 -1000 -10 0.89
6 3 Car -1 -1 -1 553.94 175.00 593.99 209.85 -1 -1 -1 -1000 -1000 -1000 -10 0.78
6 6 Car -1 -1 -1 540.21 181.68 558.78 196.64 -1 -1 -1 -1000 -1000 -1000 -10 0.68
6 7 Car -1 -1 -1 295.64 180.49 336.07 197.87 -1 -1 -1 -1000 -1000 -1000 -10 0.44
6 8 Car -1 -1 -1 496.32 181.58 522.90 203.11 -1 -1 -1 -1000 -1000 -1000 -10 0.55
7 4 Car -1 -1 -1 386.36 184.60 488.56 257.32 -1 -1 -1 -1000 -1000 -1000 -10 0.88
7 3 Car -1 -1 -1 555.81 175.37 594.22 208.57 -1 -1 -1 -1000 -1000 -1000 -10 0.75
7 8 Car -1 -1 -1 493.37 179.96 524.68 205.12 -1 -1 -1 -1000 -1000 -1000 -10 0.65
7 6 Car -1 -1 -1 541.52 181.57 559.55 195.95 -1 -1 -1 -1000 -1000 -1000 -10 0.56
7 7 Car -1 -1 -1 293.75 179.20 325.01 196.62 -1 -1 -1 -1000 -1000 -1000 -10 0.48
8 3 Car -1 -1 -1 556.77 177.20 595.83 210.91 -1 -1 -1 -1000 -1000 -1000 -10 0.87
8 8 Car -1 -1 -1 487.72 182.85 524.96 212.29 -1 -1 -1 -1000 -1000 -1000 -10 0.86
8 4 Car -1 -1 -1 234.26 186.91 453.47 331.93 -1 -1 -1 -1000 -1000 -1000 -10 0.79
8 7 Car -1 -1 -1 293.97 180.96 316.94 197.80 -1 -1 -1 -1000 -1000 -1000 -10 0.60
8 6 Car -1 -1 -1 545.00 183.08 562.15 198.68 -1 -1 -1 -1000 -1000 -1000 -10 0.48
9 8 Car -1 -1 -1 476.23 179.38 522.09 216.59 -1 -1 -1 -1000 -1000 -1000 -10 0.87
9 4 Car -1 -1 -1 1.85 200.88 311.86 371.38 -1 -1 -1 -1000 -1000 -1000 -10 0.87
9 3 Car -1 -1 -1 557.34 177.45 592.59 209.61 -1 -1 -1 -1000 -1000 -1000 -10 0.78
9 6 Car -1 -1 -1 545.57 180.74 565.95 197.12 -1 -1 -1 -1000 -1000 -1000 -10 0.64
9 7 Car -1 -1 -1 281.90 176.77 320.70 194.98 -1 -1 -1 -1000 -1000 -1000 -10 0.61
9 9 Cyclist -1 -1 -1 239.66 174.44 269.31 204.60 -1 -1 -1 -1000 -1000 -1000 -10 0.46
10 8 Car -1 -1 -1 452.70 177.01 512.37 226.27 -1 -1 -1 -1000 -1000 -1000 -10 0.91
10 3 Car -1 -1 -1 552.84 177.16 589.16 209.54 -1 -1 -1 -1000 -1000 -1000 -10 0.76
10 6 Car -1 -1 -1 545.27 180.15 563.32 196.70 -1 -1 -1 -1000 -1000 -1000 -10 0.53
10 9 Cyclist -1 -1 -1 209.60 169.46 243.88 203.38 -1 -1 -1 -1000 -1000 -1000 -10 0.48
10 7 Car -1 -1 -1 265.05 171.47 321.10 193.71 -1 -1 -1 -1000 -1000 -1000 -10 0.43
10 10 Car -1 -1 -1 490.22 178.88 523.51 201.27 -1 -1 -1 -1000 -1000 -1000 -10 0.63
11 8 Car -1 -1 -1 406.98 178.62 495.56 245.70 -1 -1 -1 -1000 -1000 -1000 -10 0.89
11 3 Car -1 -1 -1 549.04 177.06 585.41 210.20 -1 -1 -1 -1000 -1000 -1000 -10 0.81
11 7 Car -1 -1 -1 253.25 172.42 292.78 193.18 -1 -1 -1 -1000 -1000 -1000 -10 0.68
11 10 Car -1 -1 -1 495.12 178.38 524.05 203.06 -1 -1 -1 -1000 -1000 -1000 -10 0.68
11 9 Cyclist -1 -1 -1 173.55 168.79 210.14 204.54 -1 -1 -1 -1000 -1000 -1000 -10 0.45
12 8 Car -1 -1 -1 293.45 185.38 463.61 301.75 -1 -1 -1 -1000 -1000 -1000 -10 0.82
12 10 Car -1 -1 -1 495.43 183.98 525.54 209.01 -1 -1 -1 -1000 -1000 -1000 -10 0.82
12 3 Car -1 -1 -1 548.75 180.99 585.54 212.27 -1 -1 -1 -1000 -1000 -1000 -10 0.78
12 7 Car -1 -1 -1 239.92 181.86 283.06 202.90 -1 -1 -1 -1000 -1000 -1000 -10 0.47
12 11 Car -1 -1 -1 486.44 185.49 503.04 199.58 -1 -1 -1 -1000 -1000 -1000 -10 0.56
12 12 Car -1 -1 -1 269.32 178.91 316.37 199.68 -1 -1 -1 -1000 -1000 -1000 -10 0.41
13 8 Car -1 -1 -1 -3.53 202.14 371.25 371.30 -1 -1 -1 -1000 -1000 -1000 -10 0.95
13 10 Car -1 -1 -1 490.46 185.58 528.02 216.18 -1 -1 -1 -1000 -1000 -1000 -10 0.80
13 3 Car -1 -1 -1 549.35 183.04 585.10 213.80 -1 -1 -1 -1000 -1000 -1000 -10 0.70
13 7 Car -1 -1 -1 222.97 188.62 270.26 212.75 -1 -1 -1 -1000 -1000 -1000 -10 0.64
13 12 Car -1 -1 -1 269.73 187.53 299.17 205.90 -1 -1 -1 -1000 -1000 -1000 -10 0.59
14 7 Car -1 -1 -1 209.00 192.69 259.51 219.89 -1 -1 -1 -1000 -1000 -1000 -10 0.78
14 3 Car -1 -1 -1 547.63 189.72 584.45 220.58 -1 -1 -1 -1000 -1000 -1000 -10 0.76
14 10 Car -1 -1 -1 483.08 192.97 526.80 230.48 -1 -1 -1 -1000 -1000 -1000 -10 0.70
14 12 Car -1 -1 -1 257.17 192.71 291.86 215.17 -1 -1 -1 -1000 -1000 -1000 -10 0.62
15 3 Car -1 -1 -1 547.77 186.39 581.64 217.28 -1 -1 -1 -1000 -1000 -1000 -10 0.85
15 10 Car -1 -1 -1 463.46 188.94 521.03 235.00 -1 -1 -1 -1000 -1000 -1000 -10 0.84
15 7 Car -1 -1 -1 188.54 185.03 243.26 214.38 -1 -1 -1 -1000 -1000 -1000 -10 0.82
15 12 Car -1 -1 -1 241.95 185.04 283.17 207.06 -1 -1 -1 -1000 -1000 -1000 -10 0.60
15 13 Car -1 -1 -1 567.84 188.03 593.25 207.99 -1 -1 -1 -1000 -1000 -1000 -10 0.52
16 10 Car -1 -1 -1 428.79 189.99 508.72 250.79 -1 -1 -1 -1000 -1000 -1000 -10 0.90
16 7 Car -1 -1 -1 160.49 185.22 224.10 215.76 -1 -1 -1 -1000 -1000 -1000 -10 0.86
16 3 Car -1 -1 -1 546.53 186.01 579.87 214.67 -1 -1 -1 -1000 -1000 -1000 -10 0.70
16 13 Car -1 -1 -1 570.31 186.83 590.67 206.00 -1 -1 -1 -1000 -1000 -1000 -10 0.70
16 12 Car -1 -1 -1 228.01 184.35 266.87 208.10 -1 -1 -1 -1000 -1000 -1000 -10 0.68
16 14 Car -1 -1 -1 487.46 189.42 517.04 212.29 -1 -1 -1 -1000 -1000 -1000 -10 0.51
17 7 Car -1 -1 -1 128.29 181.51 201.41 214.52 -1 -1 -1 -1000 -1000 -1000 -10 0.89
17 10 Car -1 -1 -1 352.42 191.44 482.83 282.19 -1 -1 -1 -1000 -1000 -1000 -10 0.86
17 3 Car -1 -1 -1 544.15 185.95 576.83 214.42 -1 -1 -1 -1000 -1000 -1000 -10 0.82
17 12 Car -1 -1 -1 210.27 182.18 250.24 206.03 -1 -1 -1 -1000 -1000 -1000 -10 0.76
17 13 Car -1 -1 -1 570.31 187.08 591.58 206.01 -1 -1 -1 -1000 -1000 -1000 -10 0.70
17 14 Car -1 -1 -1 479.49 187.74 515.19 216.90 -1 -1 -1 -1000 -1000 -1000 -10 0.61
18 7 Car -1 -1 -1 89.27 174.91 170.91 211.41 -1 -1 -1 -1000 -1000 -1000 -10 0.90
18 10 Car -1 -1 -1 86.72 185.37 429.31 372.92 -1 -1 -1 -1000 -1000 -1000 -10 0.90
18 14 Car -1 -1 -1 465.81 187.31 508.69 222.96 -1 -1 -1 -1000 -1000 -1000 -10 0.88
18 12 Car -1 -1 -1 186.82 176.72 229.31 202.75 -1 -1 -1 -1000 -1000 -1000 -10 0.83
18 3 Car -1 -1 -1 540.58 185.58 571.02 211.38 -1 -1 -1 -1000 -1000 -1000 -10 0.71
18 13 Car -1 -1 -1 568.69 186.61 590.39 204.74 -1 -1 -1 -1000 -1000 -1000 -10 0.55
19 3 Car -1 -1 -1 538.46 179.06 568.19 208.49 -1 -1 -1 -1000 -1000 -1000 -10 0.88
19 7 Car -1 -1 -1 41.10 167.88 139.80 208.43 -1 -1 -1 -1000 -1000 -1000 -10 0.86
19 12 Car -1 -1 -1 159.96 170.62 210.04 197.90 -1 -1 -1 -1000 -1000 -1000 -10 0.82
19 14 Car -1 -1 -1 446.98 185.30 498.72 229.69 -1 -1 -1 -1000 -1000 -1000 -10 0.71
19 13 Car -1 -1 -1 570.05 180.23 592.85 200.13 -1 -1 -1 -1000 -1000 -1000 -10 0.61
20 14 Car -1 -1 -1 409.65 179.57 488.06 240.18 -1 -1 -1 -1000 -1000 -1000 -10 0.92
20 7 Car -1 -1 -1 0.62 157.86 102.74 203.39 -1 -1 -1 -1000 -1000 -1000 -10 0.92
20 12 Car -1 -1 -1 128.69 162.55 188.07 191.18 -1 -1 -1 -1000 -1000 -1000 -10 0.84
20 3 Car -1 -1 -1 536.47 171.87 568.06 201.28 -1 -1 -1 -1000 -1000 -1000 -10 0.83
20 13 Car -1 -1 -1 572.38 174.28 595.50 194.53 -1 -1 -1 -1000 -1000 -1000 -10 0.74
20 15 Car -1 -1 -1 469.71 172.70 497.77 196.50 -1 -1 -1 -1000 -1000 -1000 -10 0.62
21 12 Car -1 -1 -1 95.50 159.37 162.72 189.78 -1 -1 -1 -1000 -1000 -1000 -10 0.86
21 14 Car -1 -1 -1 331.58 179.66 456.32 270.76 -1 -1 -1 -1000 -1000 -1000 -10 0.86
21 3 Car -1 -1 -1 537.09 171.49 567.64 198.88 -1 -1 -1 -1000 -1000 -1000 -10 0.83
21 7 Car -1 -1 -1 -0.28 154.54 57.18 201.19 -1 -1 -1 -1000 -1000 -1000 -10 0.82
21 15 Car -1 -1 -1 463.05 170.75 496.84 198.15 -1 -1 -1 -1000 -1000 -1000 -10 0.74
21 13 Car -1 -1 -1 575.56 172.38 597.83 191.48 -1 -1 -1 -1000 -1000 -1000 -10 0.63
22 14 Car -1 -1 -1 62.54 177.71 391.34 372.59 -1 -1 -1 -1000 -1000 -1000 -10 0.88
22 15 Car -1 -1 -1 457.70 168.86 494.33 202.02 -1 -1 -1 -1000 -1000 -1000 -10 0.87
22 12 Car -1 -1 -1 52.47 158.74 135.63 191.23 -1 -1 -1 -1000 -1000 -1000 -10 0.80
22 3 Car -1 -1 -1 539.32 168.58 569.23 196.95 -1 -1 -1 -1000 -1000 -1000 -10 0.73
22 13 Car -1 -1 -1 579.94 170.72 603.03 189.61 -1 -1 -1 -1000 -1000 -1000 -10 0.63
23 12 Car -1 -1 -1 1.98 160.95 101.80 197.16 -1 -1 -1 -1000 -1000 -1000 -10 0.84
23 15 Car -1 -1 -1 444.20 171.81 489.84 212.48 -1 -1 -1 -1000 -1000 -1000 -10 0.82
23 3 Car -1 -1 -1 542.33 171.66 570.90 196.82 -1 -1 -1 -1000 -1000 -1000 -10 0.76
23 13 Car -1 -1 -1 585.18 171.49 608.65 190.82 -1 -1 -1 -1000 -1000 -1000 -10 0.75
24 15 Car -1 -1 -1 420.54 171.83 481.16 221.15 -1 -1 -1 -1000 -1000 -1000 -10 0.83
24 12 Car -1 -1 -1 0.56 156.78 51.77 199.79 -1 -1 -1 -1000 -1000 -1000 -10 0.80
24 3 Car -1 -1 -1 546.06 169.06 573.39 195.20 -1 -1 -1 -1000 -1000 -1000 -10 0.78
24 13 Car -1 -1 -1 590.55 168.80 613.78 188.38 -1 -1 -1 -1000 -1000 -1000 -10 0.61
25 15 Car -1 -1 -1 371.21 171.47 457.56 239.19 -1 -1 -1 -1000 -1000 -1000 -10 0.88
25 13 Car -1 -1 -1 594.50 167.28 618.29 186.87 -1 -1 -1 -1000 -1000 -1000 -10 0.71
25 3 Car -1 -1 -1 549.24 167.59 575.00 192.67 -1 -1 -1 -1000 -1000 -1000 -10 0.58
26 15 Car -1 -1 -1 249.15 169.30 414.29 287.16 -1 -1 -1 -1000 -1000 -1000 -10 0.82
26 13 Car -1 -1 -1 596.66 167.91 620.21 187.19 -1 -1 -1 -1000 -1000 -1000 -10 0.74
26 3 Car -1 -1 -1 550.26 168.65 576.63 191.77 -1 -1 -1 -1000 -1000 -1000 -10 0.59
26 16 Car -1 -1 -1 494.35 161.71 504.16 170.81 -1 -1 -1 -1000 -1000 -1000 -10 0.48
27 15 Car -1 -1 -1 -3.92 181.65 294.77 369.14 -1 -1 -1 -1000 -1000 -1000 -10 0.96
27 13 Car -1 -1 -1 599.44 171.79 623.85 192.23 -1 -1 -1 -1000 -1000 -1000 -10 0.80
27 3 Car -1 -1 -1 552.37 172.88 578.10 196.67 -1 -1 -1 -1000 -1000 -1000 -10 0.79
27 16 Car -1 -1 -1 493.95 169.15 504.47 177.73 -1 -1 -1 -1000 -1000 -1000 -10 0.57
28 3 Car -1 -1 -1 554.49 174.87 580.91 197.47 -1 -1 -1 -1000 -1000 -1000 -10 0.75
28 13 Car -1 -1 -1 603.25 173.81 627.25 194.29 -1 -1 -1 -1000 -1000 -1000 -10 0.61
28 16 Car -1 -1 -1 495.16 170.63 504.74 179.84 -1 -1 -1 -1000 -1000 -1000 -10 0.46
29 3 Car -1 -1 -1 561.27 172.14 584.51 192.13 -1 -1 -1 -1000 -1000 -1000 -10 0.79
29 13 Car -1 -1 -1 609.74 170.64 633.62 190.02 -1 -1 -1 -1000 -1000 -1000 -10 0.57
29 16 Car -1 -1 -1 496.14 167.46 510.80 177.88 -1 -1 -1 -1000 -1000 -1000 -10 0.55
29 17 Cyclist -1 -1 -1 232.06 153.56 252.73 184.61 -1 -1 -1 -1000 -1000 -1000 -10 0.48
30 3 Car -1 -1 -1 568.54 170.66 592.13 189.92 -1 -1 -1 -1000 -1000 -1000 -10 0.73
30 13 Car -1 -1 -1 616.91 168.16 641.75 188.47 -1 -1 -1 -1000 -1000 -1000 -10 0.63
30 16 Car -1 -1 -1 498.89 165.39 515.52 177.43 -1 -1 -1 -1000 -1000 -1000 -10 0.59
31 3 Car -1 -1 -1 575.91 170.93 599.12 191.47 -1 -1 -1 -1000 -1000 -1000 -10 0.80
31 16 Car -1 -1 -1 502.57 167.97 519.53 180.04 -1 -1 -1 -1000 -1000 -1000 -10 0.69
31 13 Car -1 -1 -1 624.61 169.34 649.36 189.30 -1 -1 -1 -1000 -1000 -1000 -10 0.51
32 3 Car -1 -1 -1 582.98 171.00 606.94 191.70 -1 -1 -1 -1000 -1000 -1000 -10 0.80
32 13 Car -1 -1 -1 631.48 171.32 655.82 190.27 -1 -1 -1 -1000 -1000 -1000 -10 0.70
32 16 Car -1 -1 -1 504.81 168.12 520.99 182.07 -1 -1 -1 -1000 -1000 -1000 -10 0.50
32 18 Cyclist -1 -1 -1 180.65 155.75 202.81 191.86 -1 -1 -1 -1000 -1000 -1000 -10 0.56
33 16 Car -1 -1 -1 500.68 175.73 519.57 189.12 -1 -1 -1 -1000 -1000 -1000 -10 0.72
33 3 Car -1 -1 -1 587.52 178.23 611.49 198.28 -1 -1 -1 -1000 -1000 -1000 -10 0.70
33 13 Car -1 -1 -1 635.73 176.18 659.74 196.00 -1 -1 -1 -1000 -1000 -1000 -10 0.60
33 18 Cyclist -1 -1 -1 147.85 157.44 175.15 200.03 -1 -1 -1 -1000 -1000 -1000 -10 0.55
34 3 Car -1 -1 -1 591.86 175.95 613.58 195.14 -1 -1 -1 -1000 -1000 -1000 -10 0.77
34 16 Car -1 -1 -1 499.24 173.57 518.79 188.26 -1 -1 -1 -1000 -1000 -1000 -10 0.58
34 13 Car -1 -1 -1 640.79 173.54 665.29 192.80 -1 -1 -1 -1000 -1000 -1000 -10 0.57
34 19 Pedestrian -1 -1 -1 116.32 154.26 136.21 199.76 -1 -1 -1 -1000 -1000 -1000 -10 0.65
34 20 Car -1 -1 -1 536.58 172.70 552.92 183.90 -1 -1 -1 -1000 -1000 -1000 -10 0.55
35 16 Car -1 -1 -1 491.13 173.39 514.19 188.56 -1 -1 -1 -1000 -1000 -1000 -10 0.73
35 3 Car -1 -1 -1 594.49 174.58 618.02 195.00 -1 -1 -1 -1000 -1000 -1000 -10 0.69
35 20 Car -1 -1 -1 536.15 171.77 551.92 183.24 -1 -1 -1 -1000 -1000 -1000 -10 0.61
35 13 Car -1 -1 -1 642.82 173.40 667.43 193.06 -1 -1 -1 -1000 -1000 -1000 -10 0.54
35 19 Pedestrian -1 -1 -1 71.57 148.15 95.48 197.83 -1 -1 -1 -1000 -1000 -1000 -10 0.47
36 16 Car -1 -1 -1 481.29 172.26 506.59 189.01 -1 -1 -1 -1000 -1000 -1000 -10 0.70
36 3 Car -1 -1 -1 594.97 174.29 617.76 194.35 -1 -1 -1 -1000 -1000 -1000 -10 0.66
36 20 Car -1 -1 -1 528.16 170.04 547.04 183.37 -1 -1 -1 -1000 -1000 -1000 -10 0.63
36 13 Car -1 -1 -1 642.91 174.17 666.90 193.96 -1 -1 -1 -1000 -1000 -1000 -10 0.59
37 16 Car -1 -1 -1 468.77 175.95 496.50 196.25 -1 -1 -1 -1000 -1000 -1000 -10 0.77
37 13 Car -1 -1 -1 642.09 176.73 667.41 196.68 -1 -1 -1 -1000 -1000 -1000 -10 0.74
37 20 Car -1 -1 -1 521.34 174.62 540.22 187.44 -1 -1 -1 -1000 -1000 -1000 -10 0.67
37 3 Car -1 -1 -1 594.21 176.30 617.64 196.79 -1 -1 -1 -1000 -1000 -1000 -10 0.62
38 20 Car -1 -1 -1 512.47 174.90 532.91 188.36 -1 -1 -1 -1000 -1000 -1000 -10 0.74
38 3 Car -1 -1 -1 593.17 176.96 615.59 196.63 -1 -1 -1 -1000 -1000 -1000 -10 0.72
38 13 Car -1 -1 -1 640.20 177.01 666.10 196.77 -1 -1 -1 -1000 -1000 -1000 -10 0.68
38 16 Car -1 -1 -1 449.71 175.79 483.94 200.30 -1 -1 -1 -1000 -1000 -1000 -10 0.68
39 16 Car -1 -1 -1 427.25 173.85 467.38 203.43 -1 -1 -1 -1000 -1000 -1000 -10 0.79
39 20 Car -1 -1 -1 503.90 173.80 525.27 188.65 -1 -1 -1 -1000 -1000 -1000 -10 0.75
39 3 Car -1 -1 -1 592.63 177.82 613.12 194.88 -1 -1 -1 -1000 -1000 -1000 -10 0.74
39 13 Car -1 -1 -1 640.21 177.07 665.33 196.29 -1 -1 -1 -1000 -1000 -1000 -10 0.64
40 16 Car -1 -1 -1 396.39 174.94 445.74 213.41 -1 -1 -1 -1000 -1000 -1000 -10 0.86
40 20 Car -1 -1 -1 493.01 174.90 518.48 193.69 -1 -1 -1 -1000 -1000 -1000 -10 0.70
40 13 Car -1 -1 -1 639.86 178.33 665.44 198.43 -1 -1 -1 -1000 -1000 -1000 -10 0.66
40 3 Car -1 -1 -1 590.88 177.19 613.70 196.96 -1 -1 -1 -1000 -1000 -1000 -10 0.51
41 16 Car -1 -1 -1 347.49 175.51 415.27 224.99 -1 -1 -1 -1000 -1000 -1000 -10 0.87
41 20 Car -1 -1 -1 482.06 175.18 509.14 194.46 -1 -1 -1 -1000 -1000 -1000 -10 0.71
41 3 Car -1 -1 -1 590.12 176.95 612.30 196.54 -1 -1 -1 -1000 -1000 -1000 -10 0.57
41 13 Car -1 -1 -1 640.78 178.44 664.52 197.32 -1 -1 -1 -1000 -1000 -1000 -10 0.50
42 16 Car -1 -1 -1 257.13 176.13 360.54 247.25 -1 -1 -1 -1000 -1000 -1000 -10 0.84
42 20 Car -1 -1 -1 467.36 173.04 500.30 195.93 -1 -1 -1 -1000 -1000 -1000 -10 0.75
42 13 Car -1 -1 -1 641.40 176.64 664.65 195.23 -1 -1 -1 -1000 -1000 -1000 -10 0.72
42 3 Car -1 -1 -1 590.34 175.70 611.90 194.12 -1 -1 -1 -1000 -1000 -1000 -10 0.67
42 21 Car -1 -1 -1 510.29 173.11 534.57 188.17 -1 -1 -1 -1000 -1000 -1000 -10 0.47
43 20 Car -1 -1 -1 450.19 171.16 490.67 199.22 -1 -1 -1 -1000 -1000 -1000 -10 0.79
43 16 Car -1 -1 -1 44.69 171.74 261.31 292.70 -1 -1 -1 -1000 -1000 -1000 -10 0.78
43 13 Car -1 -1 -1 642.92 175.37 666.11 193.91 -1 -1 -1 -1000 -1000 -1000 -10 0.75
43 21 Car -1 -1 -1 507.93 172.86 528.44 185.80 -1 -1 -1 -1000 -1000 -1000 -10 0.59
43 3 Car -1 -1 -1 591.49 173.46 612.56 192.83 -1 -1 -1 -1000 -1000 -1000 -10 0.49
43 22 Car -1 -1 -1 530.53 173.79 546.84 183.76 -1 -1 -1 -1000 -1000 -1000 -10 0.51
43 23 Car -1 -1 -1 283.60 167.59 309.10 179.35 -1 -1 -1 -1000 -1000 -1000 -10 0.45
43 24 Car -1 -1 -1 546.01 172.95 560.61 182.48 -1 -1 -1 -1000 -1000 -1000 -10 0.40
44 20 Car -1 -1 -1 423.29 176.17 479.72 208.41 -1 -1 -1 -1000 -1000 -1000 -10 0.77
44 22 Car -1 -1 -1 525.00 176.49 542.68 188.21 -1 -1 -1 -1000 -1000 -1000 -10 0.67
44 3 Car -1 -1 -1 591.39 176.82 613.07 196.26 -1 -1 -1 -1000 -1000 -1000 -10 0.65
44 21 Car -1 -1 -1 500.68 175.58 522.31 192.75 -1 -1 -1 -1000 -1000 -1000 -10 0.56
44 24 Car -1 -1 -1 545.18 176.41 560.06 185.70 -1 -1 -1 -1000 -1000 -1000 -10 0.56
44 13 Car -1 -1 -1 644.38 179.45 668.50 197.63 -1 -1 -1 -1000 -1000 -1000 -10 0.56
44 23 Car -1 -1 -1 270.58 170.62 293.27 183.05 -1 -1 -1 -1000 -1000 -1000 -10 0.54
45 20 Car -1 -1 -1 390.15 177.19 452.30 216.96 -1 -1 -1 -1000 -1000 -1000 -10 0.86
45 13 Car -1 -1 -1 645.10 179.53 669.21 197.67 -1 -1 -1 -1000 -1000 -1000 -10 0.72
45 21 Car -1 -1 -1 490.56 176.25 516.64 194.87 -1 -1 -1 -1000 -1000 -1000 -10 0.67
45 24 Car -1 -1 -1 544.79 177.24 559.36 187.17 -1 -1 -1 -1000 -1000 -1000 -10 0.64
45 3 Car -1 -1 -1 591.48 177.61 613.59 196.39 -1 -1 -1 -1000 -1000 -1000 -10 0.60
45 22 Car -1 -1 -1 517.65 176.28 540.05 189.99 -1 -1 -1 -1000 -1000 -1000 -10 0.58
46 20 Car -1 -1 -1 327.76 175.62 414.25 228.53 -1 -1 -1 -1000 -1000 -1000 -10 0.80
46 21 Car -1 -1 -1 477.51 174.36 510.13 195.86 -1 -1 -1 -1000 -1000 -1000 -10 0.74
46 3 Car -1 -1 -1 592.64 177.30 612.78 195.04 -1 -1 -1 -1000 -1000 -1000 -10 0.74
46 24 Car -1 -1 -1 540.66 176.11 556.59 186.27 -1 -1 -1 -1000 -1000 -1000 -10 0.67
46 22 Car -1 -1 -1 509.41 175.93 533.19 190.36 -1 -1 -1 -1000 -1000 -1000 -10 0.64
46 13 Car -1 -1 -1 645.88 177.62 671.41 196.29 -1 -1 -1 -1000 -1000 -1000 -10 0.61
46 25 Car -1 -1 -1 402.35 172.07 447.62 204.71 -1 -1 -1 -1000 -1000 -1000 -10 0.79
47 25 Car -1 -1 -1 366.48 172.01 421.10 214.99 -1 -1 -1 -1000 -1000 -1000 -10 0.90
47 20 Car -1 -1 -1 207.14 177.50 362.69 256.09 -1 -1 -1 -1000 -1000 -1000 -10 0.84
47 21 Car -1 -1 -1 459.23 175.50 493.09 200.77 -1 -1 -1 -1000 -1000 -1000 -10 0.75
47 13 Car -1 -1 -1 646.39 178.84 671.51 198.00 -1 -1 -1 -1000 -1000 -1000 -10 0.70
47 24 Car -1 -1 -1 537.38 177.81 552.35 188.09 -1 -1 -1 -1000 -1000 -1000 -10 0.64
47 22 Car -1 -1 -1 501.42 177.35 524.45 192.28 -1 -1 -1 -1000 -1000 -1000 -10 0.60
47 3 Car -1 -1 -1 592.10 177.76 612.17 195.81 -1 -1 -1 -1000 -1000 -1000 -10 0.55
48 20 Car -1 -1 -1 3.71 180.30 232.55 323.11 -1 -1 -1 -1000 -1000 -1000 -10 0.92
48 25 Car -1 -1 -1 307.36 169.15 385.96 227.44 -1 -1 -1 -1000 -1000 -1000 -10 0.88
48 21 Car -1 -1 -1 435.17 174.70 477.17 203.71 -1 -1 -1 -1000 -1000 -1000 -10 0.86
48 22 Car -1 -1 -1 483.29 176.51 515.51 193.48 -1 -1 -1 -1000 -1000 -1000 -10 0.72
48 3 Car -1 -1 -1 591.07 177.57 610.51 194.89 -1 -1 -1 -1000 -1000 -1000 -10 0.70
48 24 Car -1 -1 -1 532.36 177.13 548.98 188.87 -1 -1 -1 -1000 -1000 -1000 -10 0.60
48 13 Car -1 -1 -1 647.55 178.09 673.48 197.74 -1 -1 -1 -1000 -1000 -1000 -10 0.54
49 25 Car -1 -1 -1 199.04 166.36 318.56 236.99 -1 -1 -1 -1000 -1000 -1000 -10 0.90
49 21 Car -1 -1 -1 402.77 169.11 453.44 204.62 -1 -1 -1 -1000 -1000 -1000 -10 0.82
49 22 Car -1 -1 -1 465.98 171.35 501.84 191.98 -1 -1 -1 -1000 -1000 -1000 -10 0.79
49 13 Car -1 -1 -1 646.91 175.08 671.18 194.24 -1 -1 -1 -1000 -1000 -1000 -10 0.69
49 3 Car -1 -1 -1 588.67 174.45 608.45 191.06 -1 -1 -1 -1000 -1000 -1000 -10 0.68
49 24 Car -1 -1 -1 521.85 172.70 546.25 185.35 -1 -1 -1 -1000 -1000 -1000 -10 0.58
49 26 Car -1 -1 -1 179.59 159.73 221.97 180.17 -1 -1 -1 -1000 -1000 -1000 -10 0.45
50 25 Car -1 -1 -1 -2.11 166.94 206.71 289.50 -1 -1 -1 -1000 -1000 -1000 -10 0.92
50 21 Car -1 -1 -1 350.93 172.73 420.25 220.25 -1 -1 -1 -1000 -1000 -1000 -10 0.89
50 3 Car -1 -1 -1 587.01 178.15 606.37 195.27 -1 -1 -1 -1000 -1000 -1000 -10 0.68
50 24 Car -1 -1 -1 513.48 177.98 539.08 191.24 -1 -1 -1 -1000 -1000 -1000 -10 0.63
50 13 Car -1 -1 -1 646.57 179.94 671.94 198.44 -1 -1 -1 -1000 -1000 -1000 -10 0.63
50 22 Car -1 -1 -1 446.72 175.06 486.50 200.96 -1 -1 -1 -1000 -1000 -1000 -10 0.61
50 26 Car -1 -1 -1 147.22 165.68 198.75 188.13 -1 -1 -1 -1000 -1000 -1000 -10 0.40
51 21 Car -1 -1 -1 267.45 174.15 364.64 234.51 -1 -1 -1 -1000 -1000 -1000 -10 0.89
51 22 Car -1 -1 -1 420.97 174.94 468.44 203.37 -1 -1 -1 -1000 -1000 -1000 -10 0.84
51 3 Car -1 -1 -1 585.89 179.04 603.94 193.82 -1 -1 -1 -1000 -1000 -1000 -10 0.70
51 13 Car -1 -1 -1 646.76 178.92 671.84 197.52 -1 -1 -1 -1000 -1000 -1000 -10 0.62
51 24 Car -1 -1 -1 503.13 176.40 530.87 192.56 -1 -1 -1 -1000 -1000 -1000 -10 0.57
51 26 Car -1 -1 -1 139.74 166.15 174.65 187.17 -1 -1 -1 -1000 -1000 -1000 -10 0.55
52 22 Car -1 -1 -1 383.73 172.77 443.96 208.58 -1 -1 -1 -1000 -1000 -1000 -10 0.83
52 21 Car -1 -1 -1 85.34 171.82 276.14 267.92 -1 -1 -1 -1000 -1000 -1000 -10 0.79
52 3 Car -1 -1 -1 583.23 177.26 601.78 192.36 -1 -1 -1 -1000 -1000 -1000 -10 0.72
52 13 Car -1 -1 -1 647.73 177.27 670.58 194.79 -1 -1 -1 -1000 -1000 -1000 -10 0.63
52 24 Car -1 -1 -1 491.76 175.38 515.73 190.91 -1 -1 -1 -1000 -1000 -1000 -10 0.50
53 22 Car -1 -1 -1 331.44 176.63 410.01 223.02 -1 -1 -1 -1000 -1000 -1000 -10 0.84
53 24 Car -1 -1 -1 479.21 179.83 509.55 196.50 -1 -1 -1 -1000 -1000 -1000 -10 0.69
53 13 Car -1 -1 -1 646.42 180.18 672.05 198.56 -1 -1 -1 -1000 -1000 -1000 -10 0.63
53 3 Car -1 -1 -1 579.05 180.33 599.82 196.07 -1 -1 -1 -1000 -1000 -1000 -10 0.52
53 21 Car -1 -1 -1 -4.17 179.46 54.42 339.68 -1 -1 -1 -1000 -1000 -1000 -10 0.50
54 22 Car -1 -1 -1 232.96 175.63 354.22 240.52 -1 -1 -1 -1000 -1000 -1000 -10 0.89
54 13 Car -1 -1 -1 648.02 179.79 673.51 198.74 -1 -1 -1 -1000 -1000 -1000 -10 0.75
54 24 Car -1 -1 -1 463.91 179.27 500.53 198.39 -1 -1 -1 -1000 -1000 -1000 -10 0.68
54 3 Car -1 -1 -1 577.81 179.96 598.36 196.06 -1 -1 -1 -1000 -1000 -1000 -10 0.62
54 27 Car -1 -1 -1 492.04 177.92 511.66 191.69 -1 -1 -1 -1000 -1000 -1000 -10 0.43
55 22 Car -1 -1 -1 35.98 175.05 254.64 274.17 -1 -1 -1 -1000 -1000 -1000 -10 0.89
55 24 Car -1 -1 -1 447.53 178.37 487.19 201.57 -1 -1 -1 -1000 -1000 -1000 -10 0.79
55 13 Car -1 -1 -1 649.56 179.01 675.21 198.65 -1 -1 -1 -1000 -1000 -1000 -10 0.78
55 27 Car -1 -1 -1 484.47 177.59 504.62 191.51 -1 -1 -1 -1000 -1000 -1000 -10 0.67
55 3 Car -1 -1 -1 577.67 180.42 596.65 195.86 -1 -1 -1 -1000 -1000 -1000 -10 0.60
55 28 Car -1 -1 -1 640.29 178.43 659.14 193.02 -1 -1 -1 -1000 -1000 -1000 -10 0.48
56 13 Car -1 -1 -1 651.42 179.63 677.94 199.54 -1 -1 -1 -1000 -1000 -1000 -10 0.75
56 24 Car -1 -1 -1 424.02 178.92 466.78 205.50 -1 -1 -1 -1000 -1000 -1000 -10 0.72
56 27 Car -1 -1 -1 475.07 176.70 496.58 192.58 -1 -1 -1 -1000 -1000 -1000 -10 0.61
56 3 Car -1 -1 -1 578.01 180.67 595.78 195.78 -1 -1 -1 -1000 -1000 -1000 -10 0.61
56 28 Car -1 -1 -1 641.46 179.37 660.56 193.43 -1 -1 -1 -1000 -1000 -1000 -10 0.52
57 24 Car -1 -1 -1 392.72 177.86 447.76 210.52 -1 -1 -1 -1000 -1000 -1000 -10 0.84
57 13 Car -1 -1 -1 653.23 180.53 678.91 199.50 -1 -1 -1 -1000 -1000 -1000 -10 0.76
57 27 Car -1 -1 -1 462.52 176.62 488.39 194.49 -1 -1 -1 -1000 -1000 -1000 -10 0.75
57 28 Car -1 -1 -1 642.50 178.96 663.96 194.53 -1 -1 -1 -1000 -1000 -1000 -10 0.56
57 3 Car -1 -1 -1 576.12 180.17 595.11 196.25 -1 -1 -1 -1000 -1000 -1000 -10 0.55
57 29 Car -1 -1 -1 507.26 180.63 523.71 191.37 -1 -1 -1 -1000 -1000 -1000 -10 0.49
58 24 Car -1 -1 -1 349.02 178.98 415.90 217.13 -1 -1 -1 -1000 -1000 -1000 -10 0.89
58 13 Car -1 -1 -1 653.70 180.14 680.28 200.67 -1 -1 -1 -1000 -1000 -1000 -10 0.67
58 27 Car -1 -1 -1 446.69 175.88 478.50 196.73 -1 -1 -1 -1000 -1000 -1000 -10 0.65
58 3 Car -1 -1 -1 574.32 179.72 593.87 196.38 -1 -1 -1 -1000 -1000 -1000 -10 0.60
58 28 Car -1 -1 -1 644.27 178.98 663.95 194.85 -1 -1 -1 -1000 -1000 -1000 -10 0.56
58 29 Car -1 -1 -1 500.05 181.17 518.77 192.99 -1 -1 -1 -1000 -1000 -1000 -10 0.46
59 24 Car -1 -1 -1 278.77 180.56 369.40 228.01 -1 -1 -1 -1000 -1000 -1000 -10 0.89
59 27 Car -1 -1 -1 424.87 177.22 462.71 198.73 -1 -1 -1 -1000 -1000 -1000 -10 0.71
59 28 Car -1 -1 -1 644.83 178.95 663.27 194.89 -1 -1 -1 -1000 -1000 -1000 -10 0.63
59 13 Car -1 -1 -1 655.29 180.40 680.78 200.72 -1 -1 -1 -1000 -1000 -1000 -10 0.58
59 29 Car -1 -1 -1 490.45 181.68 512.39 194.22 -1 -1 -1 -1000 -1000 -1000 -10 0.56
59 3 Car -1 -1 -1 573.43 178.89 592.29 195.26 -1 -1 -1 -1000 -1000 -1000 -10 0.46
60 27 Car -1 -1 -1 401.96 176.91 441.33 202.64 -1 -1 -1 -1000 -1000 -1000 -10 0.80
60 24 Car -1 -1 -1 157.94 184.29 303.44 247.00 -1 -1 -1 -1000 -1000 -1000 -10 0.79
60 3 Car -1 -1 -1 571.64 180.11 589.91 196.28 -1 -1 -1 -1000 -1000 -1000 -10 0.66
60 13 Car -1 -1 -1 655.29 182.36 681.41 202.40 -1 -1 -1 -1000 -1000 -1000 -10 0.63
60 29 Car -1 -1 -1 481.94 183.48 505.26 196.62 -1 -1 -1 -1000 -1000 -1000 -10 0.61
60 28 Car -1 -1 -1 644.26 180.87 664.31 196.16 -1 -1 -1 -1000 -1000 -1000 -10 0.54
61 24 Car -1 -1 -1 4.18 183.68 179.12 279.91 -1 -1 -1 -1000 -1000 -1000 -10 0.90
61 27 Car -1 -1 -1 367.63 173.98 418.15 202.84 -1 -1 -1 -1000 -1000 -1000 -10 0.76
61 29 Car -1 -1 -1 468.35 181.43 495.81 196.18 -1 -1 -1 -1000 -1000 -1000 -10 0.69
61 28 Car -1 -1 -1 645.07 179.11 663.52 194.57 -1 -1 -1 -1000 -1000 -1000 -10 0.68
61 13 Car -1 -1 -1 654.73 180.18 682.34 201.36 -1 -1 -1 -1000 -1000 -1000 -10 0.64
61 3 Car -1 -1 -1 569.47 178.91 589.12 194.30 -1 -1 -1 -1000 -1000 -1000 -10 0.64
62 27 Car -1 -1 -1 323.98 171.77 384.77 206.39 -1 -1 -1 -1000 -1000 -1000 -10 0.86
62 13 Car -1 -1 -1 654.84 179.43 684.46 201.85 -1 -1 -1 -1000 -1000 -1000 -10 0.75
62 28 Car -1 -1 -1 644.71 178.05 665.26 194.35 -1 -1 -1 -1000 -1000 -1000 -10 0.62
62 3 Car -1 -1 -1 569.67 177.59 588.26 193.65 -1 -1 -1 -1000 -1000 -1000 -10 0.61
62 29 Car -1 -1 -1 453.21 179.97 484.73 197.06 -1 -1 -1 -1000 -1000 -1000 -10 0.55
63 27 Car -1 -1 -1 261.70 169.54 338.81 210.21 -1 -1 -1 -1000 -1000 -1000 -10 0.85
63 29 Car -1 -1 -1 439.16 180.13 472.09 197.81 -1 -1 -1 -1000 -1000 -1000 -10 0.77
63 28 Car -1 -1 -1 647.36 177.29 668.15 193.81 -1 -1 -1 -1000 -1000 -1000 -10 0.75
63 13 Car -1 -1 -1 657.84 178.53 686.90 200.54 -1 -1 -1 -1000 -1000 -1000 -10 0.72
63 3 Car -1 -1 -1 569.12 176.79 588.69 192.69 -1 -1 -1 -1000 -1000 -1000 -10 0.63
63 30 Car -1 -1 -1 877.07 174.45 920.27 196.93 -1 -1 -1 -1000 -1000 -1000 -10 0.53
64 27 Car -1 -1 -1 160.05 165.02 272.03 219.68 -1 -1 -1 -1000 -1000 -1000 -10 0.82
64 3 Car -1 -1 -1 569.88 175.04 589.21 190.63 -1 -1 -1 -1000 -1000 -1000 -10 0.69
64 29 Car -1 -1 -1 419.29 177.95 456.56 198.34 -1 -1 -1 -1000 -1000 -1000 -10 0.59
64 13 Car -1 -1 -1 661.30 177.13 690.43 199.25 -1 -1 -1 -1000 -1000 -1000 -10 0.57
64 28 Car -1 -1 -1 649.24 176.01 672.01 192.58 -1 -1 -1 -1000 -1000 -1000 -10 0.48
64 30 Car -1 -1 -1 898.48 172.09 944.19 194.37 -1 -1 -1 -1000 -1000 -1000 -10 0.46
65 27 Car -1 -1 -1 1.89 159.06 164.16 235.85 -1 -1 -1 -1000 -1000 -1000 -10 0.93
65 29 Car -1 -1 -1 396.02 179.36 438.34 201.68 -1 -1 -1 -1000 -1000 -1000 -10 0.79
65 3 Car -1 -1 -1 570.87 174.72 590.09 190.65 -1 -1 -1 -1000 -1000 -1000 -10 0.73
65 30 Car -1 -1 -1 916.92 173.93 972.56 196.88 -1 -1 -1 -1000 -1000 -1000 -10 0.64
65 13 Car -1 -1 -1 663.16 177.05 693.73 199.97 -1 -1 -1 -1000 -1000 -1000 -10 0.63
65 28 Car -1 -1 -1 652.27 176.57 671.54 192.18 -1 -1 -1 -1000 -1000 -1000 -10 0.61
66 29 Car -1 -1 -1 364.01 180.53 414.21 206.23 -1 -1 -1 -1000 -1000 -1000 -10 0.82
66 28 Car -1 -1 -1 654.94 176.44 675.83 193.11 -1 -1 -1 -1000 -1000 -1000 -10 0.67
66 30 Car -1 -1 -1 933.42 172.56 1010.09 203.50 -1 -1 -1 -1000 -1000 -1000 -10 0.66
66 13 Car -1 -1 -1 668.51 177.58 698.93 200.92 -1 -1 -1 -1000 -1000 -1000 -10 0.64
66 3 Car -1 -1 -1 571.63 174.88 591.27 191.29 -1 -1 -1 -1000 -1000 -1000 -10 0.55
67 29 Car -1 -1 -1 319.40 180.56 381.64 211.80 -1 -1 -1 -1000 -1000 -1000 -10 0.83
67 13 Car -1 -1 -1 672.31 177.03 704.11 201.55 -1 -1 -1 -1000 -1000 -1000 -10 0.76
67 28 Car -1 -1 -1 658.23 176.75 679.45 193.92 -1 -1 -1 -1000 -1000 -1000 -10 0.68
67 3 Car -1 -1 -1 573.65 176.25 592.49 192.14 -1 -1 -1 -1000 -1000 -1000 -10 0.59
67 30 Car -1 -1 -1 928.25 172.85 992.84 203.61 -1 -1 -1 -1000 -1000 -1000 -10 0.52
67 31 Car -1 -1 -1 824.45 170.48 856.77 185.46 -1 -1 -1 -1000 -1000 -1000 -10 0.44
68 29 Car -1 -1 -1 255.30 181.37 338.23 218.86 -1 -1 -1 -1000 -1000 -1000 -10 0.85
68 30 Car -1 -1 -1 966.06 172.14 1040.80 205.53 -1 -1 -1 -1000 -1000 -1000 -10 0.72
68 3 Car -1 -1 -1 577.97 175.04 598.09 190.62 -1 -1 -1 -1000 -1000 -1000 -10 0.71
68 13 Car -1 -1 -1 679.52 176.27 711.75 200.29 -1 -1 -1 -1000 -1000 -1000 -10 0.70
68 28 Car -1 -1 -1 664.19 176.54 682.73 192.38 -1 -1 -1 -1000 -1000 -1000 -10 0.61
68 31 Car -1 -1 -1 843.45 167.90 875.19 185.26 -1 -1 -1 -1000 -1000 -1000 -10 0.59
68 32 Car -1 -1 -1 1024.13 167.57 1113.81 210.08 -1 -1 -1 -1000 -1000 -1000 -10 0.75
69 29 Car -1 -1 -1 151.62 181.99 272.10 229.44 -1 -1 -1 -1000 -1000 -1000 -10 0.77
69 13 Car -1 -1 -1 687.73 175.68 721.58 200.33 -1 -1 -1 -1000 -1000 -1000 -10 0.71
69 3 Car -1 -1 -1 585.19 175.21 603.98 189.49 -1 -1 -1 -1000 -1000 -1000 -10 0.67
69 30 Car -1 -1 -1 1011.52 168.72 1095.80 207.58 -1 -1 -1 -1000 -1000 -1000 -10 0.63
69 32 Car -1 -1 -1 1078.75 165.93 1176.15 211.81 -1 -1 -1 -1000 -1000 -1000 -10 0.63
69 28 Car -1 -1 -1 671.59 175.39 691.66 190.72 -1 -1 -1 -1000 -1000 -1000 -10 0.59
69 31 Car -1 -1 -1 861.37 166.49 895.69 184.12 -1 -1 -1 -1000 -1000 -1000 -10 0.52
69 33 Car -1 -1 -1 1138.97 166.79 1231.90 206.10 -1 -1 -1 -1000 -1000 -1000 -10 0.56
70 29 Car -1 -1 -1 2.41 183.77 165.76 250.62 -1 -1 -1 -1000 -1000 -1000 -10 0.86
70 13 Car -1 -1 -1 698.53 176.77 733.70 202.78 -1 -1 -1 -1000 -1000 -1000 -10 0.82
70 28 Car -1 -1 -1 682.03 176.85 703.09 193.89 -1 -1 -1 -1000 -1000 -1000 -10 0.71
70 32 Car -1 -1 -1 1153.00 167.87 1241.26 216.93 -1 -1 -1 -1000 -1000 -1000 -10 0.69
70 30 Car -1 -1 -1 1075.65 170.69 1171.16 214.11 -1 -1 -1 -1000 -1000 -1000 -10 0.58
70 3 Car -1 -1 -1 593.39 176.97 611.20 191.36 -1 -1 -1 -1000 -1000 -1000 -10 0.53
70 31 Car -1 -1 -1 879.42 168.07 911.29 187.22 -1 -1 -1 -1000 -1000 -1000 -10 0.50
70 34 Car -1 -1 -1 908.01 169.52 936.99 186.70 -1 -1 -1 -1000 -1000 -1000 -10 0.46
71 3 Car -1 -1 -1 601.61 181.64 620.03 195.63 -1 -1 -1 -1000 -1000 -1000 -10 0.72
71 28 Car -1 -1 -1 693.13 181.52 714.30 198.59 -1 -1 -1 -1000 -1000 -1000 -10 0.72
71 13 Car -1 -1 -1 710.57 181.41 746.83 208.24 -1 -1 -1 -1000 -1000 -1000 -10 0.67
71 34 Car -1 -1 -1 937.62 176.20 959.87 193.03 -1 -1 -1 -1000 -1000 -1000 -10 0.65
71 30 Car -1 -1 -1 1146.12 176.93 1240.79 224.28 -1 -1 -1 -1000 -1000 -1000 -10 0.64
71 31 Car -1 -1 -1 909.53 173.08 940.14 193.12 -1 -1 -1 -1000 -1000 -1000 -10 0.52
71 35 Car -1 -1 -1 544.94 178.71 567.95 190.23 -1 -1 -1 -1000 -1000 -1000 -10 0.45
72 13 Car -1 -1 -1 723.01 178.59 761.40 206.16 -1 -1 -1 -1000 -1000 -1000 -10 0.75
72 3 Car -1 -1 -1 610.44 177.71 627.71 190.84 -1 -1 -1 -1000 -1000 -1000 -10 0.65
72 31 Car -1 -1 -1 932.44 171.20 965.85 194.22 -1 -1 -1 -1000 -1000 -1000 -10 0.57
72 28 Car -1 -1 -1 701.90 179.19 722.10 194.52 -1 -1 -1 -1000 -1000 -1000 -10 0.57
72 35 Car -1 -1 -1 539.96 173.93 565.53 186.59 -1 -1 -1 -1000 -1000 -1000 -10 0.53
72 36 Car -1 -1 -1 1007.74 175.03 1051.89 196.37 -1 -1 -1 -1000 -1000 -1000 -10 0.62
73 13 Car -1 -1 -1 733.54 175.30 775.81 203.52 -1 -1 -1 -1000 -1000 -1000 -10 0.87
73 3 Car -1 -1 -1 618.45 174.44 634.72 187.90 -1 -1 -1 -1000 -1000 -1000 -10 0.75
73 31 Car -1 -1 -1 958.95 165.89 992.22 190.38 -1 -1 -1 -1000 -1000 -1000 -10 0.68
73 28 Car -1 -1 -1 713.37 175.76 734.12 192.21 -1 -1 -1 -1000 -1000 -1000 -10 0.60
73 35 Car -1 -1 -1 536.55 171.25 560.73 184.05 -1 -1 -1 -1000 -1000 -1000 -10 0.58
73 37 Car -1 -1 -1 1097.84 167.64 1148.46 196.93 -1 -1 -1 -1000 -1000 -1000 -10 0.66
74 13 Car -1 -1 -1 746.44 179.14 788.34 209.32 -1 -1 -1 -1000 -1000 -1000 -10 0.82
74 3 Car -1 -1 -1 624.16 178.85 643.00 194.25 -1 -1 -1 -1000 -1000 -1000 -10 0.67
74 28 Car -1 -1 -1 723.09 180.36 745.42 198.23 -1 -1 -1 -1000 -1000 -1000 -10 0.58
74 37 Car -1 -1 -1 1143.48 170.81 1196.79 199.25 -1 -1 -1 -1000 -1000 -1000 -10 0.56
74 35 Car -1 -1 -1 527.78 176.77 557.13 189.54 -1 -1 -1 -1000 -1000 -1000 -10 0.51
74 31 Car -1 -1 -1 988.75 169.08 1033.06 192.66 -1 -1 -1 -1000 -1000 -1000 -10 0.44
74 38 Car -1 -1 -1 677.43 176.01 706.94 188.75 -1 -1 -1 -1000 -1000 -1000 -10 0.65
74 39 Car -1 -1 -1 1064.06 170.50 1113.01 195.00 -1 -1 -1 -1000 -1000 -1000 -10 0.42
75 13 Car -1 -1 -1 757.64 177.60 804.69 209.47 -1 -1 -1 -1000 -1000 -1000 -10 0.82
75 31 Car -1 -1 -1 1020.57 166.65 1079.54 194.64 -1 -1 -1 -1000 -1000 -1000 -10 0.77
75 37 Car -1 -1 -1 1196.90 168.21 1237.46 200.26 -1 -1 -1 -1000 -1000 -1000 -10 0.71
75 28 Car -1 -1 -1 729.82 179.20 754.94 197.32 -1 -1 -1 -1000 -1000 -1000 -10 0.69
75 35 Car -1 -1 -1 516.93 176.41 549.62 188.61 -1 -1 -1 -1000 -1000 -1000 -10 0.65
75 3 Car -1 -1 -1 630.29 177.19 648.76 193.10 -1 -1 -1 -1000 -1000 -1000 -10 0.65
75 38 Car -1 -1 -1 693.11 175.79 717.31 187.03 -1 -1 -1 -1000 -1000 -1000 -10 0.60
75 39 Car -1 -1 -1 1098.48 169.94 1148.40 194.48 -1 -1 -1 -1000 -1000 -1000 -10 0.59
76 13 Car -1 -1 -1 766.91 177.70 815.37 209.73 -1 -1 -1 -1000 -1000 -1000 -10 0.79
76 28 Car -1 -1 -1 732.23 178.18 762.93 198.19 -1 -1 -1 -1000 -1000 -1000 -10 0.72
76 38 Car -1 -1 -1 708.56 174.31 738.13 187.55 -1 -1 -1 -1000 -1000 -1000 -10 0.66
76 3 Car -1 -1 -1 632.18 176.39 651.26 192.18 -1 -1 -1 -1000 -1000 -1000 -10 0.66
76 35 Car -1 -1 -1 503.16 174.48 539.35 186.87 -1 -1 -1 -1000 -1000 -1000 -10 0.64
76 31 Car -1 -1 -1 1058.77 168.26 1117.37 196.39 -1 -1 -1 -1000 -1000 -1000 -10 0.55
76 39 Car -1 -1 -1 1141.19 171.08 1191.42 194.68 -1 -1 -1 -1000 -1000 -1000 -10 0.43
76 40 Pedestrian -1 -1 -1 875.80 174.59 891.33 210.69 -1 -1 -1 -1000 -1000 -1000 -10 0.44
77 13 Car -1 -1 -1 772.04 179.57 823.06 212.26 -1 -1 -1 -1000 -1000 -1000 -10 0.83
77 28 Car -1 -1 -1 735.27 179.35 764.34 200.65 -1 -1 -1 -1000 -1000 -1000 -10 0.70
77 3 Car -1 -1 -1 631.16 177.08 651.30 194.01 -1 -1 -1 -1000 -1000 -1000 -10 0.68
77 35 Car -1 -1 -1 483.90 176.06 521.92 187.67 -1 -1 -1 -1000 -1000 -1000 -10 0.67
77 31 Car -1 -1 -1 1080.44 169.54 1158.02 199.20 -1 -1 -1 -1000 -1000 -1000 -10 0.63
77 38 Car -1 -1 -1 722.03 176.83 741.54 188.43 -1 -1 -1 -1000 -1000 -1000 -10 0.58
77 40 Pedestrian -1 -1 -1 901.50 175.95 918.14 215.82 -1 -1 -1 -1000 -1000 -1000 -10 0.51
77 41 Pedestrian -1 -1 -1 963.33 167.81 981.82 219.72 -1 -1 -1 -1000 -1000 -1000 -10 0.49
77 42 Pedestrian -1 -1 -1 933.98 173.24 949.47 214.13 -1 -1 -1 -1000 -1000 -1000 -10 0.45
78 13 Car -1 -1 -1 776.34 176.11 832.68 212.40 -1 -1 -1 -1000 -1000 -1000 -10 0.86
78 28 Car -1 -1 -1 736.18 178.07 766.68 198.43 -1 -1 -1 -1000 -1000 -1000 -10 0.73
78 35 Car -1 -1 -1 461.32 171.27 498.99 185.19 -1 -1 -1 -1000 -1000 -1000 -10 0.72
78 3 Car -1 -1 -1 627.65 175.01 648.50 191.09 -1 -1 -1 -1000 -1000 -1000 -10 0.63
78 41 Pedestrian -1 -1 -1 1000.40 163.41 1022.52 223.61 -1 -1 -1 -1000 -1000 -1000 -10 0.60
78 42 Pedestrian -1 -1 -1 964.01 169.44 981.39 218.02 -1 -1 -1 -1000 -1000 -1000 -10 0.59
78 40 Pedestrian -1 -1 -1 924.31 171.73 942.20 215.66 -1 -1 -1 -1000 -1000 -1000 -10 0.52
78 31 Car -1 -1 -1 1100.02 164.16 1185.24 200.11 -1 -1 -1 -1000 -1000 -1000 -10 0.43
79 13 Car -1 -1 -1 779.16 178.68 841.64 215.74 -1 -1 -1 -1000 -1000 -1000 -10 0.86
79 28 Car -1 -1 -1 738.63 177.80 770.81 201.47 -1 -1 -1 -1000 -1000 -1000 -10 0.77
79 35 Car -1 -1 -1 436.45 172.27 476.40 184.88 -1 -1 -1 -1000 -1000 -1000 -10 0.73
79 3 Car -1 -1 -1 623.96 175.28 645.63 192.92 -1 -1 -1 -1000 -1000 -1000 -10 0.58
79 42 Pedestrian -1 -1 -1 1000.98 169.64 1022.31 226.20 -1 -1 -1 -1000 -1000 -1000 -10 0.49
79 41 Pedestrian -1 -1 -1 1050.18 169.19 1073.40 230.27 -1 -1 -1 -1000 -1000 -1000 -10 0.49
79 40 Pedestrian -1 -1 -1 954.10 171.63 974.82 223.87 -1 -1 -1 -1000 -1000 -1000 -10 0.47
80 13 Car -1 -1 -1 786.95 176.88 852.75 215.98 -1 -1 -1 -1000 -1000 -1000 -10 0.88
80 28 Car -1 -1 -1 739.91 176.49 775.27 200.87 -1 -1 -1 -1000 -1000 -1000 -10 0.67
80 41 Pedestrian -1 -1 -1 1117.79 166.00 1144.88 235.38 -1 -1 -1 -1000 -1000 -1000 -10 0.65
80 3 Car -1 -1 -1 622.85 173.92 643.91 191.03 -1 -1 -1 -1000 -1000 -1000 -10 0.61
80 35 Car -1 -1 -1 413.34 170.37 452.28 184.86 -1 -1 -1 -1000 -1000 -1000 -10 0.60
80 42 Pedestrian -1 -1 -1 1053.62 170.20 1077.60 231.34 -1 -1 -1 -1000 -1000 -1000 -10 0.46
80 40 Pedestrian -1 -1 -1 992.41 170.28 1013.10 225.26 -1 -1 -1 -1000 -1000 -1000 -10 0.43
80 43 Car -1 -1 -1 777.58 172.67 808.14 187.86 -1 -1 -1 -1000 -1000 -1000 -10 0.45
80 44 Pedestrian -1 -1 -1 1038.06 168.34 1061.93 227.41 -1 -1 -1 -1000 -1000 -1000 -10 0.44
80 45 Pedestrian -1 -1 -1 1018.29 170.44 1042.51 225.98 -1 -1 -1 -1000 -1000 -1000 -10 0.41
81 13 Car -1 -1 -1 792.47 176.94 864.08 217.16 -1 -1 -1 -1000 -1000 -1000 -10 0.92
81 35 Car -1 -1 -1 385.23 168.47 427.57 184.81 -1 -1 -1 -1000 -1000 -1000 -10 0.73
81 28 Car -1 -1 -1 741.73 176.15 778.03 200.32 -1 -1 -1 -1000 -1000 -1000 -10 0.70
81 3 Car -1 -1 -1 618.10 173.32 640.80 190.62 -1 -1 -1 -1000 -1000 -1000 -10 0.63
81 41 Pedestrian -1 -1 -1 1199.18 164.72 1227.03 245.77 -1 -1 -1 -1000 -1000 -1000 -10 0.58
81 42 Pedestrian -1 -1 -1 1106.29 169.03 1132.65 235.18 -1 -1 -1 -1000 -1000 -1000 -10 0.54
81 40 Pedestrian -1 -1 -1 1035.01 170.12 1057.66 232.24 -1 -1 -1 -1000 -1000 -1000 -10 0.44
81 43 Car -1 -1 -1 792.31 171.58 826.78 186.55 -1 -1 -1 -1000 -1000 -1000 -10 0.42
81 45 Pedestrian -1 -1 -1 1070.96 168.33 1098.79 233.63 -1 -1 -1 -1000 -1000 -1000 -10 0.40
82 13 Car -1 -1 -1 799.71 176.22 879.36 220.64 -1 -1 -1 -1000 -1000 -1000 -10 0.88
82 28 Car -1 -1 -1 744.33 176.04 781.90 202.99 -1 -1 -1 -1000 -1000 -1000 -10 0.80
82 35 Car -1 -1 -1 361.05 169.11 401.52 184.63 -1 -1 -1 -1000 -1000 -1000 -10 0.66
82 42 Pedestrian -1 -1 -1 1163.91 171.71 1192.09 244.10 -1 -1 -1 -1000 -1000 -1000 -10 0.66
82 3 Car -1 -1 -1 614.26 172.76 636.96 190.90 -1 -1 -1 -1000 -1000 -1000 -10 0.65
82 40 Pedestrian -1 -1 -1 1095.15 167.93 1120.70 240.25 -1 -1 -1 -1000 -1000 -1000 -10 0.61
82 43 Car -1 -1 -1 818.00 172.13 862.12 192.05 -1 -1 -1 -1000 -1000 -1000 -10 0.50
82 46 Pedestrian -1 -1 -1 1198.68 169.76 1227.41 249.10 -1 -1 -1 -1000 -1000 -1000 -10 0.50
83 13 Car -1 -1 -1 807.84 179.73 893.93 225.31 -1 -1 -1 -1000 -1000 -1000 -10 0.82
83 43 Car -1 -1 -1 849.92 174.00 908.06 194.78 -1 -1 -1 -1000 -1000 -1000 -10 0.77
83 28 Car -1 -1 -1 747.41 177.66 787.03 206.08 -1 -1 -1 -1000 -1000 -1000 -10 0.68
83 35 Car -1 -1 -1 331.19 171.53 371.60 187.22 -1 -1 -1 -1000 -1000 -1000 -10 0.67
83 3 Car -1 -1 -1 608.22 175.18 632.50 193.72 -1 -1 -1 -1000 -1000 -1000 -10 0.53
83 40 Pedestrian -1 -1 -1 1176.47 174.84 1202.66 243.13 -1 -1 -1 -1000 -1000 -1000 -10 0.47
84 13 Car -1 -1 -1 818.27 179.59 911.30 227.90 -1 -1 -1 -1000 -1000 -1000 -10 0.87
84 43 Car -1 -1 -1 885.51 172.71 942.97 190.99 -1 -1 -1 -1000 -1000 -1000 -10 0.81
84 35 Car -1 -1 -1 300.48 168.75 349.25 185.86 -1 -1 -1 -1000 -1000 -1000 -10 0.78
84 28 Car -1 -1 -1 748.17 175.97 792.85 205.53 -1 -1 -1 -1000 -1000 -1000 -10 0.74
84 3 Car -1 -1 -1 602.51 173.75 628.15 192.08 -1 -1 -1 -1000 -1000 -1000 -10 0.69
85 13 Car -1 -1 -1 832.78 178.47 933.36 230.74 -1 -1 -1 -1000 -1000 -1000 -10 0.95
85 43 Car -1 -1 -1 921.75 170.92 993.50 192.53 -1 -1 -1 -1000 -1000 -1000 -10 0.86
85 3 Car -1 -1 -1 597.46 172.23 624.26 192.48 -1 -1 -1 -1000 -1000 -1000 -10 0.72
85 28 Car -1 -1 -1 754.09 175.89 800.84 205.78 -1 -1 -1 -1000 -1000 -1000 -10 0.72
85 35 Car -1 -1 -1 269.89 166.79 315.39 183.64 -1 -1 -1 -1000 -1000 -1000 -10 0.68
85 47 Car -1 -1 -1 641.20 169.57 656.72 179.15 -1 -1 -1 -1000 -1000 -1000 -10 0.41
86 13 Car -1 -1 -1 845.58 179.50 959.70 236.62 -1 -1 -1 -1000 -1000 -1000 -10 0.93
86 43 Car -1 -1 -1 975.02 172.55 1046.28 196.21 -1 -1 -1 -1000 -1000 -1000 -10 0.83
86 28 Car -1 -1 -1 759.94 177.01 809.71 208.92 -1 -1 -1 -1000 -1000 -1000 -10 0.81
86 35 Car -1 -1 -1 234.59 168.25 280.37 185.23 -1 -1 -1 -1000 -1000 -1000 -10 0.76
86 3 Car -1 -1 -1 586.68 172.25 618.07 193.76 -1 -1 -1 -1000 -1000 -1000 -10 0.64
86 47 Car -1 -1 -1 639.21 169.62 653.84 180.34 -1 -1 -1 -1000 -1000 -1000 -10 0.63
87 13 Car -1 -1 -1 863.01 180.38 990.02 243.47 -1 -1 -1 -1000 -1000 -1000 -10 0.90
87 28 Car -1 -1 -1 764.84 176.35 822.39 211.58 -1 -1 -1 -1000 -1000 -1000 -10 0.89
87 43 Car -1 -1 -1 1022.33 171.96 1101.69 197.99 -1 -1 -1 -1000 -1000 -1000 -10 0.84
87 35 Car -1 -1 -1 199.98 168.03 247.52 185.11 -1 -1 -1 -1000 -1000 -1000 -10 0.78
87 3 Car -1 -1 -1 572.05 172.51 611.36 193.53 -1 -1 -1 -1000 -1000 -1000 -10 0.71
87 47 Car -1 -1 -1 635.86 170.38 651.52 179.93 -1 -1 -1 -1000 -1000 -1000 -10 0.46
88 13 Car -1 -1 -1 882.35 179.52 1029.76 251.30 -1 -1 -1 -1000 -1000 -1000 -10 0.89
88 28 Car -1 -1 -1 770.60 176.48 832.31 212.72 -1 -1 -1 -1000 -1000 -1000 -10 0.87
88 3 Car -1 -1 -1 560.44 170.81 598.80 194.99 -1 -1 -1 -1000 -1000 -1000 -10 0.75
88 35 Car -1 -1 -1 158.83 167.44 212.15 186.39 -1 -1 -1 -1000 -1000 -1000 -10 0.74
88 43 Car -1 -1 -1 1081.37 172.15 1158.45 196.53 -1 -1 -1 -1000 -1000 -1000 -10 0.71
88 47 Car -1 -1 -1 633.99 169.65 648.60 180.16 -1 -1 -1 -1000 -1000 -1000 -10 0.58
89 13 Car -1 -1 -1 901.86 176.97 1073.89 256.36 -1 -1 -1 -1000 -1000 -1000 -10 0.95
89 28 Car -1 -1 -1 777.38 175.13 843.67 213.36 -1 -1 -1 -1000 -1000 -1000 -10 0.84
89 3 Car -1 -1 -1 545.91 170.18 585.70 194.77 -1 -1 -1 -1000 -1000 -1000 -10 0.78
89 43 Car -1 -1 -1 1143.39 168.78 1228.28 195.09 -1 -1 -1 -1000 -1000 -1000 -10 0.74
89 35 Car -1 -1 -1 111.35 165.04 173.47 185.84 -1 -1 -1 -1000 -1000 -1000 -10 0.70
89 47 Car -1 -1 -1 631.12 167.49 646.03 178.86 -1 -1 -1 -1000 -1000 -1000 -10 0.69
90 13 Car -1 -1 -1 926.05 176.06 1126.61 266.95 -1 -1 -1 -1000 -1000 -1000 -10 0.91
90 28 Car -1 -1 -1 786.60 175.83 856.42 216.48 -1 -1 -1 -1000 -1000 -1000 -10 0.90
90 3 Car -1 -1 -1 527.40 170.21 571.24 194.93 -1 -1 -1 -1000 -1000 -1000 -10 0.85
90 35 Car -1 -1 -1 73.34 166.17 130.34 187.02 -1 -1 -1 -1000 -1000 -1000 -10 0.75
90 47 Car -1 -1 -1 627.50 168.12 643.07 178.67 -1 -1 -1 -1000 -1000 -1000 -10 0.66
91 13 Car -1 -1 -1 954.96 177.14 1191.54 279.18 -1 -1 -1 -1000 -1000 -1000 -10 0.93
91 28 Car -1 -1 -1 795.24 174.69 871.30 218.07 -1 -1 -1 -1000 -1000 -1000 -10 0.91
91 35 Car -1 -1 -1 22.76 165.78 80.99 187.87 -1 -1 -1 -1000 -1000 -1000 -10 0.80
91 3 Car -1 -1 -1 505.23 169.54 556.74 194.81 -1 -1 -1 -1000 -1000 -1000 -10 0.78
91 47 Car -1 -1 -1 624.12 167.29 639.90 178.13 -1 -1 -1 -1000 -1000 -1000 -10 0.50
92 13 Car -1 -1 -1 988.01 176.40 1235.98 295.46 -1 -1 -1 -1000 -1000 -1000 -10 0.96
92 28 Car -1 -1 -1 806.19 173.52 888.84 221.61 -1 -1 -1 -1000 -1000 -1000 -10 0.93
92 3 Car -1 -1 -1 484.93 170.03 535.37 194.62 -1 -1 -1 -1000 -1000 -1000 -10 0.83
92 35 Car -1 -1 -1 0.91 167.66 40.96 186.36 -1 -1 -1 -1000 -1000 -1000 -10 0.70
92 47 Car -1 -1 -1 621.45 166.97 637.79 177.78 -1 -1 -1 -1000 -1000 -1000 -10 0.42
93 13 Car -1 -1 -1 1032.92 178.10 1237.14 310.02 -1 -1 -1 -1000 -1000 -1000 -10 0.91
93 28 Car -1 -1 -1 818.83 172.97 908.08 224.02 -1 -1 -1 -1000 -1000 -1000 -10 0.90
93 3 Car -1 -1 -1 459.47 169.90 514.90 195.53 -1 -1 -1 -1000 -1000 -1000 -10 0.82
93 47 Car -1 -1 -1 617.71 166.61 634.32 178.12 -1 -1 -1 -1000 -1000 -1000 -10 0.46
94 28 Car -1 -1 -1 833.88 173.50 932.97 227.69 -1 -1 -1 -1000 -1000 -1000 -10 0.92
94 13 Car -1 -1 -1 1094.40 181.15 1237.97 322.14 -1 -1 -1 -1000 -1000 -1000 -10 0.84
94 3 Car -1 -1 -1 430.98 169.82 491.00 196.14 -1 -1 -1 -1000 -1000 -1000 -10 0.71
94 47 Car -1 -1 -1 615.85 166.41 632.44 178.35 -1 -1 -1 -1000 -1000 -1000 -10 0.45
95 28 Car -1 -1 -1 850.86 174.12 961.58 233.61 -1 -1 -1 -1000 -1000 -1000 -10 0.91
95 3 Car -1 -1 -1 404.89 171.50 466.18 197.96 -1 -1 -1 -1000 -1000 -1000 -10 0.78
95 13 Car -1 -1 -1 1163.79 177.93 1238.63 325.58 -1 -1 -1 -1000 -1000 -1000 -10 0.64
95 47 Car -1 -1 -1 616.35 166.15 629.63 176.96 -1 -1 -1 -1000 -1000 -1000 -10 0.44
96 28 Car -1 -1 -1 871.75 174.56 996.49 240.88 -1 -1 -1 -1000 -1000 -1000 -10 0.87
96 3 Car -1 -1 -1 373.64 171.17 438.50 199.50 -1 -1 -1 -1000 -1000 -1000 -10 0.86
96 47 Car -1 -1 -1 616.45 166.44 629.79 176.39 -1 -1 -1 -1000 -1000 -1000 -10 0.51
97 28 Car -1 -1 -1 895.23 174.11 1041.31 249.65 -1 -1 -1 -1000 -1000 -1000 -10 0.92
97 3 Car -1 -1 -1 341.08 170.57 409.13 198.09 -1 -1 -1 -1000 -1000 -1000 -10 0.82
97 47 Car -1 -1 -1 616.60 166.03 631.02 176.10 -1 -1 -1 -1000 -1000 -1000 -10 0.55
98 28 Car -1 -1 -1 922.92 174.63 1090.62 260.01 -1 -1 -1 -1000 -1000 -1000 -10 0.93
98 3 Car -1 -1 -1 303.79 169.90 375.95 199.07 -1 -1 -1 -1000 -1000 -1000 -10 0.81
98 47 Car -1 -1 -1 617.70 167.19 633.96 177.83 -1 -1 -1 -1000 -1000 -1000 -10 0.41
99 28 Car -1 -1 -1 955.52 175.70 1151.02 273.02 -1 -1 -1 -1000 -1000 -1000 -10 0.91
99 3 Car -1 -1 -1 270.46 170.45 344.69 200.74 -1 -1 -1 -1000 -1000 -1000 -10 0.80
99 47 Car -1 -1 -1 618.41 167.85 634.20 178.15 -1 -1 -1 -1000 -1000 -1000 -10 0.59
100 28 Car -1 -1 -1 988.02 173.75 1220.66 284.09 -1 -1 -1 -1000 -1000 -1000 -10 0.92
100 3 Car -1 -1 -1 223.01 170.27 301.41 200.81 -1 -1 -1 -1000 -1000 -1000 -10 0.82
100 47 Car -1 -1 -1 619.64 167.65 634.77 178.19 -1 -1 -1 -1000 -1000 -1000 -10 0.58
101 28 Car -1 -1 -1 1022.49 173.59 1240.51 299.39 -1 -1 -1 -1000 -1000 -1000 -10 0.93
101 3 Car -1 -1 -1 183.24 169.25 263.67 199.78 -1 -1 -1 -1000 -1000 -1000 -10 0.84
102 28 Car -1 -1 -1 1067.84 174.34 1241.93 314.04 -1 -1 -1 -1000 -1000 -1000 -10 0.90
102 3 Car -1 -1 -1 134.58 165.71 217.33 198.95 -1 -1 -1 -1000 -1000 -1000 -10 0.70
103 28 Car -1 -1 -1 1127.67 181.63 1242.86 321.93 -1 -1 -1 -1000 -1000 -1000 -10 0.83
103 3 Car -1 -1 -1 81.72 166.20 170.43 199.25 -1 -1 -1 -1000 -1000 -1000 -10 0.77
104 3 Car -1 -1 -1 25.37 166.01 110.54 197.52 -1 -1 -1 -1000 -1000 -1000 -10 0.67
104 28 Car -1 -1 -1 1189.30 186.11 1236.61 332.89 -1 -1 -1 -1000 -1000 -1000 -10 0.52
105 3 Car -1 -1 -1 -0.61 164.07 66.96 198.08 -1 -1 -1 -1000 -1000 -1000 -10 0.74
120 48 Car -1 -1 -1 -0.66 171.77 26.63 246.22 -1 -1 -1 -1000 -1000 -1000 -10 0.52
121 48 Car -1 -1 -1 1.81 172.28 96.01 251.77 -1 -1 -1 -1000 -1000 -1000 -10 0.90
