0 1 Car -1 -1 -1 319.50 197.00 453.40 281.36 -1 -1 -1 -1000 -1000 -1000 -10 0.96
0 2 Car -1 -1 -1 2.32 210.17 357.69 371.70 -1 -1 -1 -1000 -1000 -1000 -10 0.96
0 3 Car -1 -1 -1 407.44 175.74 505.98 236.78 -1 -1 -1 -1000 -1000 -1000 -10 0.90
0 4 Car -1 -1 -1 482.25 183.19 516.59 201.47 -1 -1 -1 -1000 -1000 -1000 -10 0.42
1 1 Car -1 -1 -1 286.41 196.71 437.32 291.59 -1 -1 -1 -1000 -1000 -1000 -10 0.95
1 2 Car -1 -1 -1 -0.37 212.11 306.14 369.39 -1 -1 -1 -1000 -1000 -1000 -10 0.95
1 3 Car -1 -1 -1 390.05 171.71 500.54 240.35 -1 -1 -1 -1000 -1000 -1000 -10 0.90
1 4 Car -1 -1 -1 482.09 181.12 508.86 200.41 -1 -1 -1 -1000 -1000 -1000 -10 0.54
2 1 Car -1 -1 -1 237.46 195.17 419.83 309.02 -1 -1 -1 -1000 -1000 -1000 -10 0.95
2 3 Car -1 -1 -1 386.65 171.15 494.38 244.55 -1 -1 -1 -1000 -1000 -1000 -10 0.95
2 2 Car -1 -1 -1 -0.58 220.27 237.03 368.82 -1 -1 -1 -1000 -1000 -1000 -10 0.92
2 4 Car -1 -1 -1 470.87 179.49 501.58 202.18 -1 -1 -1 -1000 -1000 -1000 -10 0.55
2 5 Car -1 -1 -1 493.06 177.24 514.65 193.93 -1 -1 -1 -1000 -1000 -1000 -10 0.45
3 3 Car -1 -1 -1 369.90 168.76 487.66 248.78 -1 -1 -1 -1000 -1000 -1000 -10 0.95
3 1 Car -1 -1 -1 176.45 195.77 401.06 330.38 -1 -1 -1 -1000 -1000 -1000 -10 0.94
3 4 Car -1 -1 -1 463.49 178.33 500.78 202.89 -1 -1 -1 -1000 -1000 -1000 -10 0.68
3 5 Car -1 -1 -1 492.62 176.02 513.29 194.31 -1 -1 -1 -1000 -1000 -1000 -10 0.66
3 2 Car -1 -1 -1 -6.39 230.68 111.22 373.49 -1 -1 -1 -1000 -1000 -1000 -10 0.44
3 6 Car -1 -1 -1 947.23 164.63 1021.76 204.54 -1 -1 -1 -1000 -1000 -1000 -10 0.66
3 7 Car -1 -1 -1 1006.56 161.78 1085.73 199.95 -1 -1 -1 -1000 -1000 -1000 -10 0.65
4 3 Car -1 -1 -1 361.23 163.28 480.72 254.57 -1 -1 -1 -1000 -1000 -1000 -10 0.96
4 1 Car -1 -1 -1 91.44 195.82 378.09 355.08 -1 -1 -1 -1000 -1000 -1000 -10 0.94
4 6 Car -1 -1 -1 972.59 162.19 1049.21 201.43 -1 -1 -1 -1000 -1000 -1000 -10 0.76
4 4 Car -1 -1 -1 456.88 174.58 496.37 202.10 -1 -1 -1 -1000 -1000 -1000 -10 0.71
4 5 Car -1 -1 -1 491.07 173.37 514.27 192.44 -1 -1 -1 -1000 -1000 -1000 -10 0.60
4 7 Car -1 -1 -1 1031.49 158.38 1114.81 198.23 -1 -1 -1 -1000 -1000 -1000 -10 0.57
5 1 Car -1 -1 -1 1.84 194.94 350.03 371.15 -1 -1 -1 -1000 -1000 -1000 -10 0.97
5 3 Car -1 -1 -1 340.65 160.45 471.73 263.65 -1 -1 -1 -1000 -1000 -1000 -10 0.95
5 6 Car -1 -1 -1 984.11 159.10 1075.82 205.98 -1 -1 -1 -1000 -1000 -1000 -10 0.85
5 4 Car -1 -1 -1 450.40 174.33 493.63 201.71 -1 -1 -1 -1000 -1000 -1000 -10 0.76
5 5 Car -1 -1 -1 491.01 171.66 515.09 191.14 -1 -1 -1 -1000 -1000 -1000 -10 0.69
5 7 Car -1 -1 -1 1051.87 157.30 1140.73 199.38 -1 -1 -1 -1000 -1000 -1000 -10 0.60
5 8 Car -1 -1 -1 1110.63 155.78 1222.50 206.78 -1 -1 -1 -1000 -1000 -1000 -10 0.45
6 1 Car -1 -1 -1 -2.68 197.18 308.94 368.96 -1 -1 -1 -1000 -1000 -1000 -10 0.97
6 3 Car -1 -1 -1 319.26 158.84 461.26 275.09 -1 -1 -1 -1000 -1000 -1000 -10 0.96
6 4 Car -1 -1 -1 443.57 174.52 491.05 203.30 -1 -1 -1 -1000 -1000 -1000 -10 0.85
6 6 Car -1 -1 -1 1007.55 157.87 1099.31 207.03 -1 -1 -1 -1000 -1000 -1000 -10 0.84
6 5 Car -1 -1 -1 490.00 171.66 515.91 192.32 -1 -1 -1 -1000 -1000 -1000 -10 0.73
6 7 Car -1 -1 -1 1081.44 156.95 1172.80 204.93 -1 -1 -1 -1000 -1000 -1000 -10 0.66
6 8 Car -1 -1 -1 1143.76 156.31 1234.67 208.46 -1 -1 -1 -1000 -1000 -1000 -10 0.65
7 1 Car -1 -1 -1 -4.34 203.90 255.67 369.58 -1 -1 -1 -1000 -1000 -1000 -10 0.96
7 3 Car -1 -1 -1 294.23 161.62 446.56 287.68 -1 -1 -1 -1000 -1000 -1000 -10 0.95
7 6 Car -1 -1 -1 1026.67 159.85 1127.53 210.74 -1 -1 -1 -1000 -1000 -1000 -10 0.91
7 4 Car -1 -1 -1 435.46 175.78 485.17 205.58 -1 -1 -1 -1000 -1000 -1000 -10 0.84
7 5 Car -1 -1 -1 488.33 171.96 515.95 193.93 -1 -1 -1 -1000 -1000 -1000 -10 0.65
7 7 Car -1 -1 -1 1110.08 157.75 1207.06 207.36 -1 -1 -1 -1000 -1000 -1000 -10 0.63
7 8 Car -1 -1 -1 1171.90 160.11 1238.14 210.41 -1 -1 -1 -1000 -1000 -1000 -10 0.60
8 3 Car -1 -1 -1 261.64 161.12 426.06 304.01 -1 -1 -1 -1000 -1000 -1000 -10 0.91
8 6 Car -1 -1 -1 1047.34 159.79 1152.65 212.59 -1 -1 -1 -1000 -1000 -1000 -10 0.89
8 1 Car -1 -1 -1 -1.58 212.05 183.30 369.09 -1 -1 -1 -1000 -1000 -1000 -10 0.87
8 4 Car -1 -1 -1 426.19 176.70 478.54 208.09 -1 -1 -1 -1000 -1000 -1000 -10 0.86
8 7 Car -1 -1 -1 1129.60 158.14 1233.64 207.02 -1 -1 -1 -1000 -1000 -1000 -10 0.68
8 5 Car -1 -1 -1 484.90 173.31 514.38 195.20 -1 -1 -1 -1000 -1000 -1000 -10 0.63
8 8 Car -1 -1 -1 1202.55 161.93 1239.42 209.50 -1 -1 -1 -1000 -1000 -1000 -10 0.45
8 9 Car -1 -1 -1 355.61 171.70 423.43 222.27 -1 -1 -1 -1000 -1000 -1000 -10 0.65
9 3 Car -1 -1 -1 219.50 160.17 404.98 328.61 -1 -1 -1 -1000 -1000 -1000 -10 0.91
9 6 Car -1 -1 -1 1065.18 159.44 1182.91 213.41 -1 -1 -1 -1000 -1000 -1000 -10 0.91
9 4 Car -1 -1 -1 415.37 177.39 472.93 210.19 -1 -1 -1 -1000 -1000 -1000 -10 0.90
9 9 Car -1 -1 -1 334.04 168.19 415.12 228.44 -1 -1 -1 -1000 -1000 -1000 -10 0.82
9 5 Car -1 -1 -1 482.51 173.44 513.13 195.42 -1 -1 -1 -1000 -1000 -1000 -10 0.68
9 7 Car -1 -1 -1 1147.03 157.16 1239.40 206.58 -1 -1 -1 -1000 -1000 -1000 -10 0.55
9 1 Car -1 -1 -1 -5.47 208.13 79.31 372.70 -1 -1 -1 -1000 -1000 -1000 -10 0.42
10 9 Car -1 -1 -1 318.89 170.73 405.54 233.35 -1 -1 -1 -1000 -1000 -1000 -10 0.93
10 3 Car -1 -1 -1 158.64 159.57 380.31 360.09 -1 -1 -1 -1000 -1000 -1000 -10 0.88
10 6 Car -1 -1 -1 1085.13 158.39 1210.04 214.34 -1 -1 -1 -1000 -1000 -1000 -10 0.83
10 4 Car -1 -1 -1 405.65 177.65 465.89 212.13 -1 -1 -1 -1000 -1000 -1000 -10 0.79
10 5 Car -1 -1 -1 479.87 173.52 511.70 197.61 -1 -1 -1 -1000 -1000 -1000 -10 0.72
10 7 Car -1 -1 -1 1165.60 157.35 1236.32 212.73 -1 -1 -1 -1000 -1000 -1000 -10 0.67
11 9 Car -1 -1 -1 300.36 171.61 395.17 239.38 -1 -1 -1 -1000 -1000 -1000 -10 0.96
11 6 Car -1 -1 -1 1102.87 157.44 1237.99 215.82 -1 -1 -1 -1000 -1000 -1000 -10 0.93
11 3 Car -1 -1 -1 82.19 158.84 348.55 368.35 -1 -1 -1 -1000 -1000 -1000 -10 0.88
11 4 Car -1 -1 -1 394.97 178.52 460.57 213.86 -1 -1 -1 -1000 -1000 -1000 -10 0.86
11 7 Car -1 -1 -1 1186.90 159.29 1239.23 218.88 -1 -1 -1 -1000 -1000 -1000 -10 0.71
11 5 Car -1 -1 -1 478.36 174.77 509.16 197.51 -1 -1 -1 -1000 -1000 -1000 -10 0.67
12 9 Car -1 -1 -1 283.55 173.39 388.04 243.86 -1 -1 -1 -1000 -1000 -1000 -10 0.97
12 3 Car -1 -1 -1 -2.59 149.75 308.89 369.69 -1 -1 -1 -1000 -1000 -1000 -10 0.89
12 6 Car -1 -1 -1 1118.91 157.79 1238.50 219.63 -1 -1 -1 -1000 -1000 -1000 -10 0.84
12 4 Car -1 -1 -1 382.09 180.78 452.62 218.37 -1 -1 -1 -1000 -1000 -1000 -10 0.84
12 5 Car -1 -1 -1 473.78 176.91 508.97 199.83 -1 -1 -1 -1000 -1000 -1000 -10 0.73
13 9 Car -1 -1 -1 264.00 176.54 378.54 249.62 -1 -1 -1 -1000 -1000 -1000 -10 0.95
13 6 Car -1 -1 -1 1142.24 153.94 1237.69 216.38 -1 -1 -1 -1000 -1000 -1000 -10 0.92
13 4 Car -1 -1 -1 373.26 182.02 446.24 221.12 -1 -1 -1 -1000 -1000 -1000 -10 0.92
13 3 Car -1 -1 -1 1.53 142.49 250.79 376.37 -1 -1 -1 -1000 -1000 -1000 -10 0.85
13 5 Car -1 -1 -1 473.14 177.65 507.31 200.75 -1 -1 -1 -1000 -1000 -1000 -10 0.77
14 9 Car -1 -1 -1 245.59 178.38 370.57 254.63 -1 -1 -1 -1000 -1000 -1000 -10 0.97
14 4 Car -1 -1 -1 364.24 183.66 438.99 223.87 -1 -1 -1 -1000 -1000 -1000 -10 0.89
14 6 Car -1 -1 -1 1156.15 148.33 1240.41 213.38 -1 -1 -1 -1000 -1000 -1000 -10 0.87
14 3 Car -1 -1 -1 1.20 146.76 211.84 371.95 -1 -1 -1 -1000 -1000 -1000 -10 0.70
14 5 Car -1 -1 -1 472.59 177.89 506.71 201.43 -1 -1 -1 -1000 -1000 -1000 -10 0.64
15 9 Car -1 -1 -1 229.14 185.10 364.72 264.62 -1 -1 -1 -1000 -1000 -1000 -10 0.97
15 4 Car -1 -1 -1 355.98 191.15 431.89 232.51 -1 -1 -1 -1000 -1000 -1000 -10 0.91
15 6 Car -1 -1 -1 1179.21 158.59 1237.19 219.99 -1 -1 -1 -1000 -1000 -1000 -10 0.82
15 5 Car -1 -1 -1 468.78 184.74 504.72 209.53 -1 -1 -1 -1000 -1000 -1000 -10 0.77
15 3 Car -1 -1 -1 1.78 159.74 172.50 366.66 -1 -1 -1 -1000 -1000 -1000 -10 0.64
16 9 Car -1 -1 -1 209.92 200.74 359.23 288.22 -1 -1 -1 -1000 -1000 -1000 -10 0.94
16 4 Car -1 -1 -1 346.79 205.38 425.91 253.64 -1 -1 -1 -1000 -1000 -1000 -10 0.87
16 6 Car -1 -1 -1 1198.30 174.82 1236.98 235.87 -1 -1 -1 -1000 -1000 -1000 -10 0.67
16 5 Car -1 -1 -1 469.78 201.87 503.57 225.55 -1 -1 -1 -1000 -1000 -1000 -10 0.63
16 3 Car -1 -1 -1 0.59 166.10 120.05 368.08 -1 -1 -1 -1000 -1000 -1000 -10 0.49
17 9 Car -1 -1 -1 194.29 215.99 351.26 303.74 -1 -1 -1 -1000 -1000 -1000 -10 0.95
17 4 Car -1 -1 -1 334.87 221.09 423.38 268.24 -1 -1 -1 -1000 -1000 -1000 -10 0.92
17 6 Car -1 -1 -1 1218.89 184.94 1237.76 240.91 -1 -1 -1 -1000 -1000 -1000 -10 0.65
17 5 Car -1 -1 -1 470.09 213.47 502.65 237.62 -1 -1 -1 -1000 -1000 -1000 -10 0.59
18 9 Car -1 -1 -1 172.81 225.86 343.80 316.85 -1 -1 -1 -1000 -1000 -1000 -10 0.96
18 4 Car -1 -1 -1 328.12 228.99 420.60 276.34 -1 -1 -1 -1000 -1000 -1000 -10 0.92
18 5 Car -1 -1 -1 470.60 220.22 502.99 245.94 -1 -1 -1 -1000 -1000 -1000 -10 0.74
19 9 Car -1 -1 -1 155.37 230.77 336.46 326.28 -1 -1 -1 -1000 -1000 -1000 -10 0.95
19 4 Car -1 -1 -1 321.72 231.97 419.02 281.05 -1 -1 -1 -1000 -1000 -1000 -10 0.94
19 5 Car -1 -1 -1 470.35 222.35 505.73 249.78 -1 -1 -1 -1000 -1000 -1000 -10 0.78
20 9 Car -1 -1 -1 139.19 217.71 331.84 324.52 -1 -1 -1 -1000 -1000 -1000 -10 0.95
20 4 Car -1 -1 -1 319.57 222.13 419.52 273.85 -1 -1 -1 -1000 -1000 -1000 -10 0.94
20 5 Car -1 -1 -1 475.78 213.88 511.26 240.64 -1 -1 -1 -1000 -1000 -1000 -10 0.62
21 9 Car -1 -1 -1 123.91 206.89 330.80 320.45 -1 -1 -1 -1000 -1000 -1000 -10 0.96
21 4 Car -1 -1 -1 319.60 209.95 423.08 264.51 -1 -1 -1 -1000 -1000 -1000 -10 0.92
21 5 Car -1 -1 -1 481.41 202.06 518.46 229.14 -1 -1 -1 -1000 -1000 -1000 -10 0.72
22 9 Car -1 -1 -1 110.21 201.70 335.97 317.98 -1 -1 -1 -1000 -1000 -1000 -10 0.97
22 4 Car -1 -1 -1 323.10 204.04 431.69 259.50 -1 -1 -1 -1000 -1000 -1000 -10 0.94
22 5 Car -1 -1 -1 491.30 195.32 528.92 222.61 -1 -1 -1 -1000 -1000 -1000 -10 0.82
23 9 Car -1 -1 -1 100.41 201.31 338.12 325.53 -1 -1 -1 -1000 -1000 -1000 -10 0.97
23 4 Car -1 -1 -1 324.94 204.25 441.48 260.19 -1 -1 -1 -1000 -1000 -1000 -10 0.93
23 5 Car -1 -1 -1 502.61 193.51 542.14 221.67 -1 -1 -1 -1000 -1000 -1000 -10 0.78
24 9 Car -1 -1 -1 86.02 201.48 345.09 333.61 -1 -1 -1 -1000 -1000 -1000 -10 0.96
24 4 Car -1 -1 -1 335.25 203.62 454.14 262.12 -1 -1 -1 -1000 -1000 -1000 -10 0.94
24 5 Car -1 -1 -1 516.65 193.24 557.22 221.91 -1 -1 -1 -1000 -1000 -1000 -10 0.79
25 9 Car -1 -1 -1 65.53 200.96 350.78 342.24 -1 -1 -1 -1000 -1000 -1000 -10 0.96
25 4 Car -1 -1 -1 346.52 203.63 465.74 263.26 -1 -1 -1 -1000 -1000 -1000 -10 0.93
25 5 Car -1 -1 -1 532.18 193.67 572.77 221.90 -1 -1 -1 -1000 -1000 -1000 -10 0.82
26 9 Car -1 -1 -1 45.69 203.77 354.79 354.96 -1 -1 -1 -1000 -1000 -1000 -10 0.94
26 4 Car -1 -1 -1 355.67 205.90 480.61 268.52 -1 -1 -1 -1000 -1000 -1000 -10 0.93
26 5 Car -1 -1 -1 549.55 195.68 588.75 224.89 -1 -1 -1 -1000 -1000 -1000 -10 0.75
27 4 Car -1 -1 -1 367.35 208.66 496.88 273.06 -1 -1 -1 -1000 -1000 -1000 -10 0.96
27 9 Car -1 -1 -1 15.56 206.86 360.64 367.09 -1 -1 -1 -1000 -1000 -1000 -10 0.94
27 5 Car -1 -1 -1 568.21 197.72 606.68 226.39 -1 -1 -1 -1000 -1000 -1000 -10 0.86
28 9 Car -1 -1 -1 0.09 207.02 361.43 366.99 -1 -1 -1 -1000 -1000 -1000 -10 0.96
28 4 Car -1 -1 -1 377.26 209.22 510.99 276.24 -1 -1 -1 -1000 -1000 -1000 -10 0.95
28 5 Car -1 -1 -1 586.08 196.91 626.45 227.02 -1 -1 -1 -1000 -1000 -1000 -10 0.80
29 4 Car -1 -1 -1 385.12 208.90 528.52 280.49 -1 -1 -1 -1000 -1000 -1000 -10 0.96
29 9 Car -1 -1 -1 2.16 210.63 359.54 369.58 -1 -1 -1 -1000 -1000 -1000 -10 0.96
29 5 Car -1 -1 -1 606.08 198.75 648.01 228.52 -1 -1 -1 -1000 -1000 -1000 -10 0.89
30 4 Car -1 -1 -1 394.94 209.87 546.96 287.28 -1 -1 -1 -1000 -1000 -1000 -10 0.96
30 9 Car -1 -1 -1 0.99 211.87 359.45 368.93 -1 -1 -1 -1000 -1000 -1000 -10 0.96
30 5 Car -1 -1 -1 627.46 200.00 670.96 231.04 -1 -1 -1 -1000 -1000 -1000 -10 0.82
31 4 Car -1 -1 -1 403.05 209.59 563.81 292.04 -1 -1 -1 -1000 -1000 -1000 -10 0.96
31 9 Car -1 -1 -1 4.61 211.41 347.75 370.33 -1 -1 -1 -1000 -1000 -1000 -10 0.94
31 5 Car -1 -1 -1 648.86 198.47 691.56 229.96 -1 -1 -1 -1000 -1000 -1000 -10 0.77
32 4 Car -1 -1 -1 408.86 208.62 581.56 296.32 -1 -1 -1 -1000 -1000 -1000 -10 0.96
32 9 Car -1 -1 -1 -1.93 217.69 331.19 371.16 -1 -1 -1 -1000 -1000 -1000 -10 0.95
32 5 Car -1 -1 -1 670.51 196.08 714.34 230.36 -1 -1 -1 -1000 -1000 -1000 -10 0.89
33 4 Car -1 -1 -1 412.47 202.69 594.30 299.58 -1 -1 -1 -1000 -1000 -1000 -10 0.97
33 5 Car -1 -1 -1 688.96 187.07 733.63 222.27 -1 -1 -1 -1000 -1000 -1000 -10 0.86
33 9 Car -1 -1 -1 3.83 218.68 286.99 369.99 -1 -1 -1 -1000 -1000 -1000 -10 0.80
34 4 Car -1 -1 -1 412.03 192.58 608.28 296.47 -1 -1 -1 -1000 -1000 -1000 -10 0.97
34 5 Car -1 -1 -1 703.69 176.72 752.02 212.50 -1 -1 -1 -1000 -1000 -1000 -10 0.82
34 9 Car -1 -1 -1 -5.29 214.92 203.35 373.32 -1 -1 -1 -1000 -1000 -1000 -10 0.54
35 4 Car -1 -1 -1 404.72 185.09 615.95 295.74 -1 -1 -1 -1000 -1000 -1000 -10 0.98
35 5 Car -1 -1 -1 716.21 168.65 765.16 205.00 -1 -1 -1 -1000 -1000 -1000 -10 0.76
36 4 Car -1 -1 -1 387.81 183.18 624.76 304.96 -1 -1 -1 -1000 -1000 -1000 -10 0.98
36 5 Car -1 -1 -1 726.55 164.00 776.83 200.77 -1 -1 -1 -1000 -1000 -1000 -10 0.89
37 4 Car -1 -1 -1 359.11 187.36 623.91 324.50 -1 -1 -1 -1000 -1000 -1000 -10 0.96
37 5 Car -1 -1 -1 729.36 163.02 782.81 202.07 -1 -1 -1 -1000 -1000 -1000 -10 0.87
38 4 Car -1 -1 -1 318.64 189.59 616.23 345.55 -1 -1 -1 -1000 -1000 -1000 -10 0.96
38 5 Car -1 -1 -1 730.86 165.60 784.40 205.77 -1 -1 -1 -1000 -1000 -1000 -10 0.89
39 4 Car -1 -1 -1 240.21 188.66 602.43 369.97 -1 -1 -1 -1000 -1000 -1000 -10 0.95
39 5 Car -1 -1 -1 728.17 168.16 780.18 208.06 -1 -1 -1 -1000 -1000 -1000 -10 0.85
40 4 Car -1 -1 -1 137.99 195.19 579.63 369.93 -1 -1 -1 -1000 -1000 -1000 -10 0.93
40 5 Car -1 -1 -1 722.05 165.69 777.18 207.50 -1 -1 -1 -1000 -1000 -1000 -10 0.81
41 4 Car -1 -1 -1 -0.28 197.32 570.73 368.72 -1 -1 -1 -1000 -1000 -1000 -10 0.91
41 5 Car -1 -1 -1 713.53 166.54 767.74 210.06 -1 -1 -1 -1000 -1000 -1000 -10 0.81
42 4 Car -1 -1 -1 -8.42 206.02 524.80 367.57 -1 -1 -1 -1000 -1000 -1000 -10 0.91
42 5 Car -1 -1 -1 704.04 173.53 759.69 218.90 -1 -1 -1 -1000 -1000 -1000 -10 0.88
43 5 Car -1 -1 -1 686.47 178.53 743.56 224.74 -1 -1 -1 -1000 -1000 -1000 -10 0.88
43 4 Car -1 -1 -1 -5.27 213.28 475.15 368.08 -1 -1 -1 -1000 -1000 -1000 -10 0.85
44 5 Car -1 -1 -1 662.93 182.15 720.98 229.74 -1 -1 -1 -1000 -1000 -1000 -10 0.89
45 5 Car -1 -1 -1 634.90 183.14 695.43 234.49 -1 -1 -1 -1000 -1000 -1000 -10 0.93
46 5 Car -1 -1 -1 603.36 182.45 665.78 235.37 -1 -1 -1 -1000 -1000 -1000 -10 0.94
47 5 Car -1 -1 -1 571.71 184.29 637.10 239.48 -1 -1 -1 -1000 -1000 -1000 -10 0.90
48 5 Car -1 -1 -1 544.98 184.45 613.52 239.99 -1 -1 -1 -1000 -1000 -1000 -10 0.91
49 5 Car -1 -1 -1 524.44 176.55 591.44 232.63 -1 -1 -1 -1000 -1000 -1000 -10 0.93
50 5 Car -1 -1 -1 506.54 155.10 576.42 215.21 -1 -1 -1 -1000 -1000 -1000 -10 0.93
51 5 Car -1 -1 -1 490.24 155.65 564.08 217.46 -1 -1 -1 -1000 -1000 -1000 -10 0.90
52 5 Car -1 -1 -1 474.29 175.23 555.14 242.96 -1 -1 -1 -1000 -1000 -1000 -10 0.93
53 5 Car -1 -1 -1 460.23 184.66 547.28 254.34 -1 -1 -1 -1000 -1000 -1000 -10 0.90
54 5 Car -1 -1 -1 448.32 167.70 534.59 242.77 -1 -1 -1 -1000 -1000 -1000 -10 0.97
55 5 Car -1 -1 -1 430.95 171.43 528.39 248.31 -1 -1 -1 -1000 -1000 -1000 -10 0.96
56 5 Car -1 -1 -1 412.18 183.10 521.24 267.04 -1 -1 -1 -1000 -1000 -1000 -10 0.96
56 10 Pedestrian -1 -1 -1 816.96 174.90 832.44 213.72 -1 -1 -1 -1000 -1000 -1000 -10 0.46
57 5 Car -1 -1 -1 393.20 186.14 510.85 276.96 -1 -1 -1 -1000 -1000 -1000 -10 0.97
58 5 Car -1 -1 -1 367.88 183.66 498.94 282.13 -1 -1 -1 -1000 -1000 -1000 -10 0.97
58 11 Pedestrian -1 -1 -1 836.63 169.47 850.98 211.30 -1 -1 -1 -1000 -1000 -1000 -10 0.45
59 5 Car -1 -1 -1 333.42 189.24 487.29 297.55 -1 -1 -1 -1000 -1000 -1000 -10 0.96
59 11 Pedestrian -1 -1 -1 847.89 170.64 862.76 214.58 -1 -1 -1 -1000 -1000 -1000 -10 0.64
60 5 Car -1 -1 -1 299.13 190.70 473.33 314.03 -1 -1 -1 -1000 -1000 -1000 -10 0.97
60 12 Car -1 -1 -1 560.66 181.85 577.15 194.53 -1 -1 -1 -1000 -1000 -1000 -10 0.44
61 5 Car -1 -1 -1 249.52 195.39 459.63 338.06 -1 -1 -1 -1000 -1000 -1000 -10 0.97
61 12 Car -1 -1 -1 560.09 181.18 577.34 195.96 -1 -1 -1 -1000 -1000 -1000 -10 0.72
61 13 Pedestrian -1 -1 -1 895.43 174.41 916.73 219.38 -1 -1 -1 -1000 -1000 -1000 -10 0.50
62 5 Car -1 -1 -1 177.85 189.35 446.35 361.23 -1 -1 -1 -1000 -1000 -1000 -10 0.96
62 12 Car -1 -1 -1 560.22 178.48 578.55 194.26 -1 -1 -1 -1000 -1000 -1000 -10 0.66
62 13 Pedestrian -1 -1 -1 916.80 172.82 935.29 219.54 -1 -1 -1 -1000 -1000 -1000 -10 0.56
62 14 Pedestrian -1 -1 -1 900.52 169.65 920.06 222.57 -1 -1 -1 -1000 -1000 -1000 -10 0.42
63 5 Car -1 -1 -1 79.78 193.10 421.50 371.41 -1 -1 -1 -1000 -1000 -1000 -10 0.95
63 13 Pedestrian -1 -1 -1 941.56 174.60 964.22 227.43 -1 -1 -1 -1000 -1000 -1000 -10 0.63
63 14 Pedestrian -1 -1 -1 926.67 170.75 948.38 229.47 -1 -1 -1 -1000 -1000 -1000 -10 0.57
63 12 Car -1 -1 -1 560.33 179.80 578.53 194.04 -1 -1 -1 -1000 -1000 -1000 -10 0.54
64 5 Car -1 -1 -1 -0.20 196.88 392.65 369.26 -1 -1 -1 -1000 -1000 -1000 -10 0.96
64 14 Pedestrian -1 -1 -1 955.83 175.28 980.28 234.24 -1 -1 -1 -1000 -1000 -1000 -10 0.65
64 12 Car -1 -1 -1 561.10 182.09 581.48 197.37 -1 -1 -1 -1000 -1000 -1000 -10 0.57
64 13 Pedestrian -1 -1 -1 974.14 177.27 1001.34 234.18 -1 -1 -1 -1000 -1000 -1000 -10 0.57
65 5 Car -1 -1 -1 1.71 201.35 350.84 371.90 -1 -1 -1 -1000 -1000 -1000 -10 0.96
65 12 Car -1 -1 -1 562.59 182.47 582.31 197.68 -1 -1 -1 -1000 -1000 -1000 -10 0.69
65 13 Pedestrian -1 -1 -1 1016.80 178.04 1044.69 239.21 -1 -1 -1 -1000 -1000 -1000 -10 0.63
65 14 Pedestrian -1 -1 -1 988.93 171.97 1017.98 240.31 -1 -1 -1 -1000 -1000 -1000 -10 0.45
66 5 Car -1 -1 -1 -0.86 210.97 291.94 369.40 -1 -1 -1 -1000 -1000 -1000 -10 0.91
66 13 Pedestrian -1 -1 -1 1068.19 177.09 1101.53 247.54 -1 -1 -1 -1000 -1000 -1000 -10 0.74
66 12 Car -1 -1 -1 564.13 181.62 582.52 196.41 -1 -1 -1 -1000 -1000 -1000 -10 0.67
66 14 Pedestrian -1 -1 -1 1033.88 170.44 1065.89 246.60 -1 -1 -1 -1000 -1000 -1000 -10 0.49
67 14 Pedestrian -1 -1 -1 1092.18 167.53 1131.72 259.14 -1 -1 -1 -1000 -1000 -1000 -10 0.64
67 12 Car -1 -1 -1 564.76 181.47 585.16 198.51 -1 -1 -1 -1000 -1000 -1000 -10 0.56
67 5 Car -1 -1 -1 0.23 230.93 174.56 373.10 -1 -1 -1 -1000 -1000 -1000 -10 0.48
67 13 Pedestrian -1 -1 -1 1128.81 177.37 1173.01 255.01 -1 -1 -1 -1000 -1000 -1000 -10 0.47
68 14 Pedestrian -1 -1 -1 1165.42 165.39 1205.72 268.66 -1 -1 -1 -1000 -1000 -1000 -10 0.61
68 12 Car -1 -1 -1 563.95 181.64 586.25 199.88 -1 -1 -1 -1000 -1000 -1000 -10 0.58
68 13 Pedestrian -1 -1 -1 1199.43 169.50 1234.55 270.47 -1 -1 -1 -1000 -1000 -1000 -10 0.50
69 12 Car -1 -1 -1 564.90 181.46 585.58 200.04 -1 -1 -1 -1000 -1000 -1000 -10 0.62
70 12 Car -1 -1 -1 563.61 181.21 586.59 200.39 -1 -1 -1 -1000 -1000 -1000 -10 0.58
71 12 Car -1 -1 -1 563.07 180.39 586.74 199.80 -1 -1 -1 -1000 -1000 -1000 -10 0.58
72 12 Car -1 -1 -1 561.35 180.57 584.28 199.10 -1 -1 -1 -1000 -1000 -1000 -10 0.78
73 12 Car -1 -1 -1 560.21 180.18 582.28 197.51 -1 -1 -1 -1000 -1000 -1000 -10 0.69
74 12 Car -1 -1 -1 557.15 179.44 581.69 197.80 -1 -1 -1 -1000 -1000 -1000 -10 0.75
75 12 Car -1 -1 -1 555.93 180.21 579.60 198.58 -1 -1 -1 -1000 -1000 -1000 -10 0.76
76 12 Car -1 -1 -1 551.63 179.78 578.08 196.80 -1 -1 -1 -1000 -1000 -1000 -10 0.72
77 12 Car -1 -1 -1 551.79 178.66 575.44 197.62 -1 -1 -1 -1000 -1000 -1000 -10 0.67
78 12 Car -1 -1 -1 548.32 179.42 573.22 200.00 -1 -1 -1 -1000 -1000 -1000 -10 0.80
79 12 Car -1 -1 -1 544.07 179.96 568.96 201.03 -1 -1 -1 -1000 -1000 -1000 -10 0.77
80 12 Car -1 -1 -1 540.13 178.54 566.39 200.45 -1 -1 -1 -1000 -1000 -1000 -10 0.79
81 12 Car -1 -1 -1 537.72 179.69 562.57 200.59 -1 -1 -1 -1000 -1000 -1000 -10 0.66
82 12 Car -1 -1 -1 532.14 181.60 559.48 202.38 -1 -1 -1 -1000 -1000 -1000 -10 0.64
83 12 Car -1 -1 -1 528.59 180.29 559.88 204.70 -1 -1 -1 -1000 -1000 -1000 -10 0.76
83 15 Car -1 -1 -1 577.49 178.90 593.37 190.67 -1 -1 -1 -1000 -1000 -1000 -10 0.46
84 12 Car -1 -1 -1 527.00 180.39 557.90 207.02 -1 -1 -1 -1000 -1000 -1000 -10 0.77
84 15 Car -1 -1 -1 576.11 178.29 594.07 192.89 -1 -1 -1 -1000 -1000 -1000 -10 0.72
85 12 Car -1 -1 -1 525.37 180.61 558.32 208.04 -1 -1 -1 -1000 -1000 -1000 -10 0.79
85 15 Car -1 -1 -1 574.72 178.59 592.82 193.06 -1 -1 -1 -1000 -1000 -1000 -10 0.71
86 12 Car -1 -1 -1 521.27 180.50 555.65 208.69 -1 -1 -1 -1000 -1000 -1000 -10 0.73
86 15 Car -1 -1 -1 572.04 177.36 593.95 193.06 -1 -1 -1 -1000 -1000 -1000 -10 0.64
87 12 Car -1 -1 -1 518.03 182.10 556.18 211.94 -1 -1 -1 -1000 -1000 -1000 -10 0.83
87 15 Car -1 -1 -1 569.33 177.59 593.19 193.91 -1 -1 -1 -1000 -1000 -1000 -10 0.65
88 15 Car -1 -1 -1 568.19 176.51 592.97 193.00 -1 -1 -1 -1000 -1000 -1000 -10 0.66
88 12 Car -1 -1 -1 516.13 178.94 556.18 210.41 -1 -1 -1 -1000 -1000 -1000 -10 0.61
89 12 Car -1 -1 -1 511.07 180.61 556.83 214.84 -1 -1 -1 -1000 -1000 -1000 -10 0.90
89 15 Car -1 -1 -1 568.47 177.35 593.24 194.70 -1 -1 -1 -1000 -1000 -1000 -10 0.74
90 12 Car -1 -1 -1 505.40 179.81 555.15 217.40 -1 -1 -1 -1000 -1000 -1000 -10 0.82
90 15 Car -1 -1 -1 567.32 176.56 591.02 194.94 -1 -1 -1 -1000 -1000 -1000 -10 0.63
91 12 Car -1 -1 -1 498.81 178.20 551.43 216.55 -1 -1 -1 -1000 -1000 -1000 -10 0.92
91 15 Car -1 -1 -1 562.31 174.61 588.12 193.66 -1 -1 -1 -1000 -1000 -1000 -10 0.58
92 12 Car -1 -1 -1 490.63 184.24 547.20 226.68 -1 -1 -1 -1000 -1000 -1000 -10 0.91
92 15 Car -1 -1 -1 558.91 179.69 588.13 201.11 -1 -1 -1 -1000 -1000 -1000 -10 0.67
93 12 Car -1 -1 -1 482.18 187.07 544.02 232.76 -1 -1 -1 -1000 -1000 -1000 -10 0.89
93 15 Car -1 -1 -1 554.71 181.61 588.24 205.21 -1 -1 -1 -1000 -1000 -1000 -10 0.79
94 12 Car -1 -1 -1 471.02 189.21 540.85 238.83 -1 -1 -1 -1000 -1000 -1000 -10 0.91
94 15 Car -1 -1 -1 551.53 185.02 585.03 209.86 -1 -1 -1 -1000 -1000 -1000 -10 0.84
95 12 Car -1 -1 -1 461.83 188.44 534.28 239.75 -1 -1 -1 -1000 -1000 -1000 -10 0.89
95 15 Car -1 -1 -1 550.55 184.63 580.32 209.21 -1 -1 -1 -1000 -1000 -1000 -10 0.81
95 16 Cyclist -1 -1 -1 397.88 182.41 429.50 241.86 -1 -1 -1 -1000 -1000 -1000 -10 0.42
96 12 Car -1 -1 -1 446.11 183.84 527.97 241.55 -1 -1 -1 -1000 -1000 -1000 -10 0.96
96 15 Car -1 -1 -1 545.96 180.73 578.03 206.16 -1 -1 -1 -1000 -1000 -1000 -10 0.74
96 16 Cyclist -1 -1 -1 363.54 175.01 401.55 249.39 -1 -1 -1 -1000 -1000 -1000 -10 0.65
97 12 Car -1 -1 -1 431.51 187.63 524.80 253.91 -1 -1 -1 -1000 -1000 -1000 -10 0.94
97 15 Car -1 -1 -1 545.07 183.46 576.73 210.87 -1 -1 -1 -1000 -1000 -1000 -10 0.87
97 16 Cyclist -1 -1 -1 318.41 178.64 368.52 268.93 -1 -1 -1 -1000 -1000 -1000 -10 0.64
98 12 Car -1 -1 -1 411.67 187.06 514.48 259.73 -1 -1 -1 -1000 -1000 -1000 -10 0.95
98 15 Car -1 -1 -1 541.34 182.03 575.10 210.72 -1 -1 -1 -1000 -1000 -1000 -10 0.78
98 16 Cyclist -1 -1 -1 248.35 174.93 322.07 287.98 -1 -1 -1 -1000 -1000 -1000 -10 0.72
99 12 Car -1 -1 -1 384.98 186.98 505.48 268.77 -1 -1 -1 -1000 -1000 -1000 -10 0.95
99 15 Car -1 -1 -1 537.90 180.57 575.02 211.31 -1 -1 -1 -1000 -1000 -1000 -10 0.83
99 16 Cyclist -1 -1 -1 149.02 173.15 242.83 314.73 -1 -1 -1 -1000 -1000 -1000 -10 0.41
99 17 Car -1 -1 -1 559.17 178.69 584.59 200.77 -1 -1 -1 -1000 -1000 -1000 -10 0.66
100 12 Car -1 -1 -1 354.10 189.96 496.32 283.21 -1 -1 -1 -1000 -1000 -1000 -10 0.96
100 15 Car -1 -1 -1 531.92 180.02 574.07 215.27 -1 -1 -1 -1000 -1000 -1000 -10 0.90
100 17 Car -1 -1 -1 554.39 177.98 584.79 203.01 -1 -1 -1 -1000 -1000 -1000 -10 0.59
100 16 Cyclist -1 -1 -1 0.44 171.41 119.96 363.31 -1 -1 -1 -1000 -1000 -1000 -10 0.50
101 12 Car -1 -1 -1 310.51 189.03 484.36 299.93 -1 -1 -1 -1000 -1000 -1000 -10 0.96
101 15 Car -1 -1 -1 526.98 180.89 571.45 219.09 -1 -1 -1 -1000 -1000 -1000 -10 0.86
101 17 Car -1 -1 -1 553.30 178.11 583.92 206.80 -1 -1 -1 -1000 -1000 -1000 -10 0.77
102 12 Car -1 -1 -1 243.42 190.32 467.63 328.83 -1 -1 -1 -1000 -1000 -1000 -10 0.94
102 15 Car -1 -1 -1 520.79 181.04 569.54 221.84 -1 -1 -1 -1000 -1000 -1000 -10 0.93
102 17 Car -1 -1 -1 548.01 178.87 582.15 209.50 -1 -1 -1 -1000 -1000 -1000 -10 0.80
103 15 Car -1 -1 -1 511.56 178.50 564.77 221.96 -1 -1 -1 -1000 -1000 -1000 -10 0.92
103 12 Car -1 -1 -1 145.54 186.79 439.95 363.87 -1 -1 -1 -1000 -1000 -1000 -10 0.90
103 17 Car -1 -1 -1 541.66 175.86 578.98 208.16 -1 -1 -1 -1000 -1000 -1000 -10 0.75
104 12 Car -1 -1 -1 -11.15 193.27 411.48 372.04 -1 -1 -1 -1000 -1000 -1000 -10 0.94
104 15 Car -1 -1 -1 501.13 175.90 560.75 224.41 -1 -1 -1 -1000 -1000 -1000 -10 0.89
104 17 Car -1 -1 -1 537.59 173.86 576.76 206.97 -1 -1 -1 -1000 -1000 -1000 -10 0.81
104 18 Cyclist -1 -1 -1 801.84 162.53 831.97 207.80 -1 -1 -1 -1000 -1000 -1000 -10 0.75
105 12 Car -1 -1 -1 -0.73 196.36 360.98 369.05 -1 -1 -1 -1000 -1000 -1000 -10 0.95
105 15 Car -1 -1 -1 489.81 178.00 556.93 233.87 -1 -1 -1 -1000 -1000 -1000 -10 0.88
105 17 Car -1 -1 -1 529.02 175.51 574.74 211.57 -1 -1 -1 -1000 -1000 -1000 -10 0.80
105 18 Cyclist -1 -1 -1 817.89 164.39 846.60 211.72 -1 -1 -1 -1000 -1000 -1000 -10 0.55
106 15 Car -1 -1 -1 477.58 180.84 552.78 243.43 -1 -1 -1 -1000 -1000 -1000 -10 0.94
106 12 Car -1 -1 -1 -2.90 212.08 285.71 369.03 -1 -1 -1 -1000 -1000 -1000 -10 0.92
106 17 Car -1 -1 -1 524.69 177.62 571.86 217.55 -1 -1 -1 -1000 -1000 -1000 -10 0.87
106 18 Cyclist -1 -1 -1 835.47 164.89 868.34 214.70 -1 -1 -1 -1000 -1000 -1000 -10 0.67
106 19 Cyclist -1 -1 -1 1002.70 163.32 1065.11 223.40 -1 -1 -1 -1000 -1000 -1000 -10 0.48
107 15 Car -1 -1 -1 461.38 179.40 546.09 248.66 -1 -1 -1 -1000 -1000 -1000 -10 0.92
107 17 Car -1 -1 -1 518.88 175.95 570.27 218.63 -1 -1 -1 -1000 -1000 -1000 -10 0.90
107 19 Cyclist -1 -1 -1 1020.72 143.61 1085.63 228.60 -1 -1 -1 -1000 -1000 -1000 -10 0.78
107 18 Cyclist -1 -1 -1 859.20 162.22 890.33 215.38 -1 -1 -1 -1000 -1000 -1000 -10 0.60
107 20 Pedestrian -1 -1 -1 857.95 161.72 885.48 215.58 -1 -1 -1 -1000 -1000 -1000 -10 0.46
108 15 Car -1 -1 -1 440.03 180.62 539.61 261.74 -1 -1 -1 -1000 -1000 -1000 -10 0.95
108 17 Car -1 -1 -1 507.10 177.32 566.79 224.65 -1 -1 -1 -1000 -1000 -1000 -10 0.92
108 19 Cyclist -1 -1 -1 1036.73 147.97 1109.30 230.38 -1 -1 -1 -1000 -1000 -1000 -10 0.73
108 20 Pedestrian -1 -1 -1 884.81 162.31 912.40 223.47 -1 -1 -1 -1000 -1000 -1000 -10 0.59
109 15 Car -1 -1 -1 410.00 182.34 526.80 276.20 -1 -1 -1 -1000 -1000 -1000 -10 0.96
109 17 Car -1 -1 -1 496.29 178.77 560.89 230.73 -1 -1 -1 -1000 -1000 -1000 -10 0.91
109 20 Pedestrian -1 -1 -1 911.52 161.85 939.09 227.22 -1 -1 -1 -1000 -1000 -1000 -10 0.59
109 19 Cyclist -1 -1 -1 1067.93 145.36 1124.71 233.35 -1 -1 -1 -1000 -1000 -1000 -10 0.50
109 21 Pedestrian -1 -1 -1 1065.59 145.32 1120.29 232.76 -1 -1 -1 -1000 -1000 -1000 -10 0.48
110 15 Car -1 -1 -1 370.56 183.09 510.35 290.46 -1 -1 -1 -1000 -1000 -1000 -10 0.97
110 17 Car -1 -1 -1 477.91 175.98 552.48 234.65 -1 -1 -1 -1000 -1000 -1000 -10 0.93
110 21 Pedestrian -1 -1 -1 1090.97 145.70 1133.12 232.81 -1 -1 -1 -1000 -1000 -1000 -10 0.44
110 20 Pedestrian -1 -1 -1 941.24 161.61 978.93 230.53 -1 -1 -1 -1000 -1000 -1000 -10 0.42
110 22 Cyclist -1 -1 -1 941.24 161.61 978.93 230.53 -1 -1 -1 -1000 -1000 -1000 -10 0.46
111 15 Car -1 -1 -1 313.32 184.57 490.96 319.20 -1 -1 -1 -1000 -1000 -1000 -10 0.95
111 17 Car -1 -1 -1 463.84 172.63 542.93 239.26 -1 -1 -1 -1000 -1000 -1000 -10 0.95
111 20 Pedestrian -1 -1 -1 985.82 151.93 1019.91 233.01 -1 -1 -1 -1000 -1000 -1000 -10 0.45
112 17 Car -1 -1 -1 446.63 179.81 535.60 253.47 -1 -1 -1 -1000 -1000 -1000 -10 0.95
112 15 Car -1 -1 -1 221.48 188.34 472.76 369.23 -1 -1 -1 -1000 -1000 -1000 -10 0.90
112 20 Pedestrian -1 -1 -1 1039.76 150.75 1082.59 242.12 -1 -1 -1 -1000 -1000 -1000 -10 0.58
113 17 Car -1 -1 -1 426.92 185.56 525.83 271.64 -1 -1 -1 -1000 -1000 -1000 -10 0.94
113 15 Car -1 -1 -1 28.44 199.26 433.79 374.82 -1 -1 -1 -1000 -1000 -1000 -10 0.89
113 20 Pedestrian -1 -1 -1 1115.87 150.52 1162.21 258.81 -1 -1 -1 -1000 -1000 -1000 -10 0.63
114 17 Car -1 -1 -1 398.57 181.46 512.65 276.79 -1 -1 -1 -1000 -1000 -1000 -10 0.95
114 15 Car -1 -1 -1 1.51 201.21 382.22 372.51 -1 -1 -1 -1000 -1000 -1000 -10 0.91
115 17 Car -1 -1 -1 359.14 184.79 497.73 302.15 -1 -1 -1 -1000 -1000 -1000 -10 0.94
115 15 Car -1 -1 -1 0.67 225.17 259.10 370.83 -1 -1 -1 -1000 -1000 -1000 -10 0.72
116 17 Car -1 -1 -1 299.28 189.04 479.89 337.62 -1 -1 -1 -1000 -1000 -1000 -10 0.91
117 17 Car -1 -1 -1 195.71 188.57 453.09 368.19 -1 -1 -1 -1000 -1000 -1000 -10 0.91
118 17 Car -1 -1 -1 13.86 192.94 417.04 372.03 -1 -1 -1 -1000 -1000 -1000 -10 0.90
118 23 Car -1 -1 -1 574.14 175.36 594.04 190.09 -1 -1 -1 -1000 -1000 -1000 -10 0.62
119 17 Car -1 -1 -1 0.91 197.67 321.50 368.14 -1 -1 -1 -1000 -1000 -1000 -10 0.86
119 23 Car -1 -1 -1 574.56 176.24 594.51 192.60 -1 -1 -1 -1000 -1000 -1000 -10 0.68
119 24 Cyclist -1 -1 -1 276.57 179.20 347.44 284.51 -1 -1 -1 -1000 -1000 -1000 -10 0.69
120 24 Cyclist -1 -1 -1 192.86 175.38 291.97 320.62 -1 -1 -1 -1000 -1000 -1000 -10 0.78
120 23 Car -1 -1 -1 575.99 176.07 594.86 192.68 -1 -1 -1 -1000 -1000 -1000 -10 0.59
120 25 Cyclist -1 -1 -1 445.93 172.61 473.44 231.77 -1 -1 -1 -1000 -1000 -1000 -10 0.40
121 24 Cyclist -1 -1 -1 42.54 170.47 209.66 371.75 -1 -1 -1 -1000 -1000 -1000 -10 0.76
121 23 Car -1 -1 -1 575.56 179.70 598.47 196.62 -1 -1 -1 -1000 -1000 -1000 -10 0.62
121 26 Pedestrian -1 -1 -1 430.79 175.98 457.61 241.07 -1 -1 -1 -1000 -1000 -1000 -10 0.67
122 23 Car -1 -1 -1 575.82 179.78 598.17 196.36 -1 -1 -1 -1000 -1000 -1000 -10 0.58
122 27 Cyclist -1 -1 -1 842.59 165.81 868.75 205.58 -1 -1 -1 -1000 -1000 -1000 -10 0.56
122 28 Cyclist -1 -1 -1 404.74 175.42 438.31 251.33 -1 -1 -1 -1000 -1000 -1000 -10 0.55
123 23 Car -1 -1 -1 573.98 175.97 601.35 193.99 -1 -1 -1 -1000 -1000 -1000 -10 0.71
123 28 Cyclist -1 -1 -1 369.28 173.32 411.08 260.16 -1 -1 -1 -1000 -1000 -1000 -10 0.65
123 27 Cyclist -1 -1 -1 866.49 161.91 893.89 208.38 -1 -1 -1 -1000 -1000 -1000 -10 0.64
124 28 Cyclist -1 -1 -1 319.61 172.64 383.36 275.29 -1 -1 -1 -1000 -1000 -1000 -10 0.76
124 23 Car -1 -1 -1 574.66 176.10 600.21 194.49 -1 -1 -1 -1000 -1000 -1000 -10 0.75
124 27 Cyclist -1 -1 -1 900.16 159.77 926.40 209.80 -1 -1 -1 -1000 -1000 -1000 -10 0.64
125 27 Cyclist -1 -1 -1 927.68 157.45 969.42 213.10 -1 -1 -1 -1000 -1000 -1000 -10 0.84
125 28 Cyclist -1 -1 -1 249.19 173.05 337.00 299.89 -1 -1 -1 -1000 -1000 -1000 -10 0.71
125 23 Car -1 -1 -1 572.36 175.77 598.70 194.96 -1 -1 -1 -1000 -1000 -1000 -10 0.58
125 29 Cyclist -1 -1 -1 772.29 164.45 785.45 191.85 -1 -1 -1 -1000 -1000 -1000 -10 0.44
126 27 Cyclist -1 -1 -1 962.27 160.39 1019.59 220.10 -1 -1 -1 -1000 -1000 -1000 -10 0.84
126 23 Car -1 -1 -1 569.73 178.12 597.10 198.95 -1 -1 -1 -1000 -1000 -1000 -10 0.75
126 28 Cyclist -1 -1 -1 148.25 168.35 267.20 343.09 -1 -1 -1 -1000 -1000 -1000 -10 0.68
126 30 Pedestrian -1 -1 -1 780.70 166.80 790.57 195.73 -1 -1 -1 -1000 -1000 -1000 -10 0.52
127 28 Cyclist -1 -1 -1 -3.92 172.78 163.01 369.19 -1 -1 -1 -1000 -1000 -1000 -10 0.79
127 23 Car -1 -1 -1 568.09 178.48 594.24 199.98 -1 -1 -1 -1000 -1000 -1000 -10 0.74
127 27 Cyclist -1 -1 -1 1013.51 156.10 1070.24 224.39 -1 -1 -1 -1000 -1000 -1000 -10 0.70
127 30 Pedestrian -1 -1 -1 785.86 168.32 795.25 195.37 -1 -1 -1 -1000 -1000 -1000 -10 0.41
128 27 Cyclist -1 -1 -1 1064.33 155.33 1152.52 232.87 -1 -1 -1 -1000 -1000 -1000 -10 0.77
128 23 Car -1 -1 -1 565.89 176.22 593.66 199.73 -1 -1 -1 -1000 -1000 -1000 -10 0.65
128 30 Pedestrian -1 -1 -1 792.42 166.30 803.11 196.03 -1 -1 -1 -1000 -1000 -1000 -10 0.50
