0 1 Car -1 -1 -1 372.20 168.07 488.06 255.28 -1 -1 -1 -1000 -1000 -1000 -10 0.95
1 1 Car -1 -1 -1 408.50 170.90 503.97 245.14 -1 -1 -1 -1000 -1000 -1000 -10 0.93
2 1 Car -1 -1 -1 433.78 172.38 511.89 235.46 -1 -1 -1 -1000 -1000 -1000 -10 0.86
3 1 Car -1 -1 -1 454.53 170.80 520.86 225.84 -1 -1 -1 -1000 -1000 -1000 -10 0.89
4 1 Car -1 -1 -1 470.29 171.44 529.00 220.63 -1 -1 -1 -1000 -1000 -1000 -10 0.88
5 1 Car -1 -1 -1 484.46 171.60 534.89 215.93 -1 -1 -1 -1000 -1000 -1000 -10 0.90
6 1 Car -1 -1 -1 495.28 172.43 542.31 211.52 -1 -1 -1 -1000 -1000 -1000 -10 0.82
7 1 Car -1 -1 -1 505.00 172.80 546.45 208.39 -1 -1 -1 -1000 -1000 -1000 -10 0.86
8 1 Car -1 -1 -1 513.23 172.70 552.01 205.82 -1 -1 -1 -1000 -1000 -1000 -10 0.87
9 1 Car -1 -1 -1 520.03 173.22 556.43 203.80 -1 -1 -1 -1000 -1000 -1000 -10 0.87
10 1 Car -1 -1 -1 524.26 174.63 557.71 201.96 -1 -1 -1 -1000 -1000 -1000 -10 0.84
11 1 Car -1 -1 -1 528.06 175.52 559.89 201.40 -1 -1 -1 -1000 -1000 -1000 -10 0.75
11 2 Car -1 -1 -1 471.65 175.40 489.16 187.05 -1 -1 -1 -1000 -1000 -1000 -10 0.57
11 3 Car -1 -1 -1 415.02 175.23 443.68 190.15 -1 -1 -1 -1000 -1000 -1000 -10 0.53
12 1 Car -1 -1 -1 531.60 174.06 560.87 199.79 -1 -1 -1 -1000 -1000 -1000 -10 0.75
12 2 Car -1 -1 -1 458.96 175.39 481.84 188.32 -1 -1 -1 -1000 -1000 -1000 -10 0.66
12 3 Car -1 -1 -1 386.33 174.30 417.85 194.14 -1 -1 -1 -1000 -1000 -1000 -10 0.62
13 1 Car -1 -1 -1 535.09 175.02 562.02 197.40 -1 -1 -1 -1000 -1000 -1000 -10 0.82
13 2 Car -1 -1 -1 444.73 175.29 467.40 189.06 -1 -1 -1 -1000 -1000 -1000 -10 0.73
13 3 Car -1 -1 -1 342.21 174.31 382.60 195.58 -1 -1 -1 -1000 -1000 -1000 -10 0.71
14 3 Car -1 -1 -1 263.09 172.50 324.81 205.90 -1 -1 -1 -1000 -1000 -1000 -10 0.78
14 1 Car -1 -1 -1 537.64 174.51 563.27 195.03 -1 -1 -1 -1000 -1000 -1000 -10 0.73
14 2 Car -1 -1 -1 423.36 174.25 451.07 192.12 -1 -1 -1 -1000 -1000 -1000 -10 0.63
15 3 Car -1 -1 -1 125.17 172.87 228.01 219.27 -1 -1 -1 -1000 -1000 -1000 -10 0.81
15 1 Car -1 -1 -1 539.51 174.26 564.80 194.56 -1 -1 -1 -1000 -1000 -1000 -10 0.73
15 2 Car -1 -1 -1 393.17 174.06 428.19 195.35 -1 -1 -1 -1000 -1000 -1000 -10 0.68
16 1 Car -1 -1 -1 542.18 174.59 564.42 193.99 -1 -1 -1 -1000 -1000 -1000 -10 0.71
16 2 Car -1 -1 -1 351.88 174.58 395.71 199.54 -1 -1 -1 -1000 -1000 -1000 -10 0.71
17 2 Car -1 -1 -1 281.63 173.14 349.72 208.22 -1 -1 -1 -1000 -1000 -1000 -10 0.82
17 1 Car -1 -1 -1 543.34 173.69 565.54 192.68 -1 -1 -1 -1000 -1000 -1000 -10 0.47
18 2 Car -1 -1 -1 158.89 173.38 265.29 221.26 -1 -1 -1 -1000 -1000 -1000 -10 0.87
18 1 Car -1 -1 -1 544.77 173.62 567.02 192.42 -1 -1 -1 -1000 -1000 -1000 -10 0.61
18 4 Car -1 -1 -1 430.19 159.06 466.45 187.56 -1 -1 -1 -1000 -1000 -1000 -10 0.52
19 2 Car -1 -1 -1 0.03 172.29 97.62 239.08 -1 -1 -1 -1000 -1000 -1000 -10 0.78
19 1 Car -1 -1 -1 545.66 172.80 567.07 191.12 -1 -1 -1 -1000 -1000 -1000 -10 0.76
19 4 Car -1 -1 -1 407.40 155.68 451.65 190.40 -1 -1 -1 -1000 -1000 -1000 -10 0.65
20 1 Car -1 -1 -1 546.44 173.16 566.16 190.09 -1 -1 -1 -1000 -1000 -1000 -10 0.74
20 4 Car -1 -1 -1 375.62 153.64 426.44 192.86 -1 -1 -1 -1000 -1000 -1000 -10 0.60
20 5 Car -1 -1 -1 500.23 170.73 522.63 183.42 -1 -1 -1 -1000 -1000 -1000 -10 0.43
21 1 Car -1 -1 -1 547.19 173.33 566.23 189.52 -1 -1 -1 -1000 -1000 -1000 -10 0.76
21 5 Car -1 -1 -1 494.22 169.52 518.61 184.90 -1 -1 -1 -1000 -1000 -1000 -10 0.71
21 4 Car -1 -1 -1 328.20 149.60 388.84 197.21 -1 -1 -1 -1000 -1000 -1000 -10 0.61
22 1 Car -1 -1 -1 548.01 174.19 565.98 189.60 -1 -1 -1 -1000 -1000 -1000 -10 0.76
22 5 Car -1 -1 -1 484.00 170.03 506.97 186.20 -1 -1 -1 -1000 -1000 -1000 -10 0.69
23 1 Car -1 -1 -1 548.70 174.46 566.06 189.15 -1 -1 -1 -1000 -1000 -1000 -10 0.75
23 5 Car -1 -1 -1 470.85 169.78 495.30 188.61 -1 -1 -1 -1000 -1000 -1000 -10 0.61
24 1 Car -1 -1 -1 548.92 174.27 565.50 188.49 -1 -1 -1 -1000 -1000 -1000 -10 0.75
24 5 Car -1 -1 -1 451.84 170.42 478.11 187.87 -1 -1 -1 -1000 -1000 -1000 -10 0.51
25 1 Car -1 -1 -1 548.73 173.62 565.23 187.80 -1 -1 -1 -1000 -1000 -1000 -10 0.75
25 5 Car -1 -1 -1 422.71 169.62 457.36 191.79 -1 -1 -1 -1000 -1000 -1000 -10 0.74
26 5 Car -1 -1 -1 376.51 167.52 426.95 198.30 -1 -1 -1 -1000 -1000 -1000 -10 0.82
26 1 Car -1 -1 -1 549.13 174.19 565.43 188.07 -1 -1 -1 -1000 -1000 -1000 -10 0.75
26 6 Car -1 -1 -1 8.55 122.47 281.84 357.88 -1 -1 -1 -1000 -1000 -1000 -10 0.85
27 6 Car -1 -1 -1 -1.98 129.32 386.40 374.03 -1 -1 -1 -1000 -1000 -1000 -10 0.97
27 5 Car -1 -1 -1 298.32 165.93 373.46 206.29 -1 -1 -1 -1000 -1000 -1000 -10 0.76
27 1 Car -1 -1 -1 550.10 174.41 566.37 188.37 -1 -1 -1 -1000 -1000 -1000 -10 0.68
28 6 Car -1 -1 -1 156.68 148.20 451.98 347.28 -1 -1 -1 -1000 -1000 -1000 -10 0.94
28 1 Car -1 -1 -1 551.63 173.96 567.57 187.83 -1 -1 -1 -1000 -1000 -1000 -10 0.60
29 6 Car -1 -1 -1 293.34 154.52 486.56 301.84 -1 -1 -1 -1000 -1000 -1000 -10 0.92
29 1 Car -1 -1 -1 552.26 174.55 567.58 187.78 -1 -1 -1 -1000 -1000 -1000 -10 0.61
30 6 Car -1 -1 -1 371.32 160.63 510.07 272.67 -1 -1 -1 -1000 -1000 -1000 -10 0.94
30 1 Car -1 -1 -1 552.16 173.76 567.96 187.07 -1 -1 -1 -1000 -1000 -1000 -10 0.57
31 6 Car -1 -1 -1 421.78 161.73 528.95 254.49 -1 -1 -1 -1000 -1000 -1000 -10 0.92
31 1 Car -1 -1 -1 551.70 172.42 568.20 185.63 -1 -1 -1 -1000 -1000 -1000 -10 0.53
32 6 Car -1 -1 -1 453.88 163.43 544.42 245.12 -1 -1 -1 -1000 -1000 -1000 -10 0.95
32 1 Car -1 -1 -1 552.99 174.93 566.40 185.57 -1 -1 -1 -1000 -1000 -1000 -10 0.44
33 6 Car -1 -1 -1 477.58 165.57 556.69 237.98 -1 -1 -1 -1000 -1000 -1000 -10 0.95
33 1 Car -1 -1 -1 554.83 175.52 565.90 185.18 -1 -1 -1 -1000 -1000 -1000 -10 0.41
34 6 Car -1 -1 -1 495.92 165.43 565.93 229.27 -1 -1 -1 -1000 -1000 -1000 -10 0.94
34 7 Car -1 -1 -1 -2.64 202.56 293.02 369.67 -1 -1 -1 -1000 -1000 -1000 -10 0.96
35 7 Car -1 -1 -1 4.55 201.48 364.83 370.47 -1 -1 -1 -1000 -1000 -1000 -10 0.98
35 6 Car -1 -1 -1 511.49 164.50 571.46 221.06 -1 -1 -1 -1000 -1000 -1000 -10 0.94
35 8 Car -1 -1 -1 471.63 171.26 488.44 182.63 -1 -1 -1 -1000 -1000 -1000 -10 0.42
36 7 Car -1 -1 -1 193.26 184.36 424.24 319.04 -1 -1 -1 -1000 -1000 -1000 -10 0.93
36 6 Car -1 -1 -1 524.43 164.61 576.50 214.91 -1 -1 -1 -1000 -1000 -1000 -10 0.91
36 8 Car -1 -1 -1 462.95 170.21 487.50 184.45 -1 -1 -1 -1000 -1000 -1000 -10 0.60
37 7 Car -1 -1 -1 295.19 184.42 454.89 281.03 -1 -1 -1 -1000 -1000 -1000 -10 0.91
37 6 Car -1 -1 -1 534.98 166.49 581.14 211.76 -1 -1 -1 -1000 -1000 -1000 -10 0.90
37 8 Car -1 -1 -1 450.14 171.53 477.91 186.81 -1 -1 -1 -1000 -1000 -1000 -10 0.50
38 7 Car -1 -1 -1 356.15 182.51 478.87 259.52 -1 -1 -1 -1000 -1000 -1000 -10 0.92
38 6 Car -1 -1 -1 544.82 167.91 586.61 209.47 -1 -1 -1 -1000 -1000 -1000 -10 0.89
38 8 Car -1 -1 -1 428.99 171.57 468.01 190.69 -1 -1 -1 -1000 -1000 -1000 -10 0.58
39 7 Car -1 -1 -1 396.87 180.75 494.04 246.82 -1 -1 -1 -1000 -1000 -1000 -10 0.88
39 6 Car -1 -1 -1 552.20 169.24 590.36 209.46 -1 -1 -1 -1000 -1000 -1000 -10 0.86
39 8 Car -1 -1 -1 386.67 173.93 440.73 197.22 -1 -1 -1 -1000 -1000 -1000 -10 0.54
40 7 Car -1 -1 -1 428.54 181.72 505.91 238.31 -1 -1 -1 -1000 -1000 -1000 -10 0.91
40 6 Car -1 -1 -1 557.49 171.31 593.87 207.86 -1 -1 -1 -1000 -1000 -1000 -10 0.88
40 8 Car -1 -1 -1 310.45 175.63 384.41 209.91 -1 -1 -1 -1000 -1000 -1000 -10 0.88
40 9 Car -1 -1 -1 393.00 174.06 424.86 196.08 -1 -1 -1 -1000 -1000 -1000 -10 0.62
41 7 Car -1 -1 -1 448.87 182.75 517.70 232.47 -1 -1 -1 -1000 -1000 -1000 -10 0.87
41 6 Car -1 -1 -1 562.91 172.01 596.22 206.46 -1 -1 -1 -1000 -1000 -1000 -10 0.84
41 8 Car -1 -1 -1 123.94 175.18 269.38 228.25 -1 -1 -1 -1000 -1000 -1000 -10 0.80
41 9 Car -1 -1 -1 353.60 175.09 396.83 201.44 -1 -1 -1 -1000 -1000 -1000 -10 0.71
42 7 Car -1 -1 -1 465.98 181.85 525.46 225.91 -1 -1 -1 -1000 -1000 -1000 -10 0.86
42 6 Car -1 -1 -1 566.14 171.67 599.41 205.18 -1 -1 -1 -1000 -1000 -1000 -10 0.74
42 9 Car -1 -1 -1 299.69 175.28 354.59 206.20 -1 -1 -1 -1000 -1000 -1000 -10 0.71
43 7 Car -1 -1 -1 480.75 181.71 530.28 220.56 -1 -1 -1 -1000 -1000 -1000 -10 0.88
43 9 Car -1 -1 -1 206.35 174.70 287.33 217.34 -1 -1 -1 -1000 -1000 -1000 -10 0.85
43 6 Car -1 -1 -1 570.66 172.91 599.07 203.37 -1 -1 -1 -1000 -1000 -1000 -10 0.73
44 7 Car -1 -1 -1 491.20 178.79 536.07 214.65 -1 -1 -1 -1000 -1000 -1000 -10 0.87
44 9 Car -1 -1 -1 29.29 173.69 167.60 230.50 -1 -1 -1 -1000 -1000 -1000 -10 0.85
44 6 Car -1 -1 -1 573.63 171.78 600.08 200.07 -1 -1 -1 -1000 -1000 -1000 -10 0.69
45 6 Car -1 -1 -1 576.06 169.73 600.41 195.80 -1 -1 -1 -1000 -1000 -1000 -10 0.72
45 7 Car -1 -1 -1 500.26 176.35 541.06 208.77 -1 -1 -1 -1000 -1000 -1000 -10 0.72
46 7 Car -1 -1 -1 506.56 176.20 543.62 205.06 -1 -1 -1 -1000 -1000 -1000 -10 0.75
46 6 Car -1 -1 -1 577.56 170.68 600.31 193.49 -1 -1 -1 -1000 -1000 -1000 -10 0.71
47 7 Car -1 -1 -1 511.27 177.48 547.41 203.95 -1 -1 -1 -1000 -1000 -1000 -10 0.76
47 6 Car -1 -1 -1 578.34 171.80 599.74 193.36 -1 -1 -1 -1000 -1000 -1000 -10 0.64
47 10 Car -1 -1 -1 425.86 173.17 455.29 188.62 -1 -1 -1 -1000 -1000 -1000 -10 0.46
48 7 Car -1 -1 -1 517.31 178.20 548.85 202.93 -1 -1 -1 -1000 -1000 -1000 -10 0.77
48 10 Car -1 -1 -1 390.06 173.25 427.60 191.76 -1 -1 -1 -1000 -1000 -1000 -10 0.63
49 7 Car -1 -1 -1 523.22 178.19 551.40 200.63 -1 -1 -1 -1000 -1000 -1000 -10 0.82
49 10 Car -1 -1 -1 332.79 173.20 378.74 197.12 -1 -1 -1 -1000 -1000 -1000 -10 0.73
49 11 Car -1 -1 -1 578.17 172.39 598.85 192.20 -1 -1 -1 -1000 -1000 -1000 -10 0.55
50 7 Car -1 -1 -1 527.51 178.96 553.33 200.41 -1 -1 -1 -1000 -1000 -1000 -10 0.78
50 10 Car -1 -1 -1 227.81 176.37 302.97 209.29 -1 -1 -1 -1000 -1000 -1000 -10 0.67
50 11 Car -1 -1 -1 580.08 174.55 598.43 193.68 -1 -1 -1 -1000 -1000 -1000 -10 0.50
51 7 Car -1 -1 -1 531.50 178.80 556.52 199.36 -1 -1 -1 -1000 -1000 -1000 -10 0.66
51 10 Car -1 -1 -1 -5.98 177.86 110.73 231.61 -1 -1 -1 -1000 -1000 -1000 -10 0.55
51 11 Car -1 -1 -1 580.00 174.17 601.00 194.27 -1 -1 -1 -1000 -1000 -1000 -10 0.44
52 7 Car -1 -1 -1 534.43 176.09 557.74 197.59 -1 -1 -1 -1000 -1000 -1000 -10 0.66
52 11 Car -1 -1 -1 579.65 171.84 599.42 191.30 -1 -1 -1 -1000 -1000 -1000 -10 0.57
53 7 Car -1 -1 -1 536.63 175.77 560.41 195.64 -1 -1 -1 -1000 -1000 -1000 -10 0.78
53 11 Car -1 -1 -1 580.83 171.72 599.91 189.57 -1 -1 -1 -1000 -1000 -1000 -10 0.56
54 11 Car -1 -1 -1 581.62 172.36 599.24 190.69 -1 -1 -1 -1000 -1000 -1000 -10 0.62
54 7 Car -1 -1 -1 541.12 176.87 560.47 195.74 -1 -1 -1 -1000 -1000 -1000 -10 0.59
55 7 Car -1 -1 -1 544.00 178.16 562.72 194.76 -1 -1 -1 -1000 -1000 -1000 -10 0.71
55 11 Car -1 -1 -1 582.32 174.13 598.90 190.99 -1 -1 -1 -1000 -1000 -1000 -10 0.61
56 11 Car -1 -1 -1 581.98 173.16 599.53 189.28 -1 -1 -1 -1000 -1000 -1000 -10 0.66
56 7 Car -1 -1 -1 546.92 177.09 564.85 192.61 -1 -1 -1 -1000 -1000 -1000 -10 0.59
