0 1 Car -1 -1 -1 642.50 183.35 699.14 232.57 -1 -1 -1 -1000 -1000 -1000 -10 0.86
0 2 Car -1 -1 -1 855.84 183.05 891.82 201.43 -1 -1 -1 -1000 -1000 -1000 -10 0.54
1 1 Car -1 -1 -1 648.89 183.73 711.03 233.09 -1 -1 -1 -1000 -1000 -1000 -10 0.87
1 2 Car -1 -1 -1 884.60 182.02 918.83 199.25 -1 -1 -1 -1000 -1000 -1000 -10 0.61
2 1 Car -1 -1 -1 654.02 182.57 718.75 233.39 -1 -1 -1 -1000 -1000 -1000 -10 0.86
2 2 Car -1 -1 -1 906.88 179.82 945.47 196.37 -1 -1 -1 -1000 -1000 -1000 -10 0.60
3 1 Car -1 -1 -1 659.67 179.06 726.07 232.38 -1 -1 -1 -1000 -1000 -1000 -10 0.94
3 2 Car -1 -1 -1 922.29 176.21 967.59 192.81 -1 -1 -1 -1000 -1000 -1000 -10 0.72
4 1 Car -1 -1 -1 664.10 178.19 734.50 234.14 -1 -1 -1 -1000 -1000 -1000 -10 0.86
4 2 Car -1 -1 -1 946.79 168.33 1006.86 188.66 -1 -1 -1 -1000 -1000 -1000 -10 0.64
5 1 Car -1 -1 -1 667.62 177.77 740.33 234.64 -1 -1 -1 -1000 -1000 -1000 -10 0.91
5 2 Car -1 -1 -1 961.71 172.10 1001.16 192.02 -1 -1 -1 -1000 -1000 -1000 -10 0.66
6 1 Car -1 -1 -1 671.73 176.88 746.61 235.08 -1 -1 -1 -1000 -1000 -1000 -10 0.93
6 2 Car -1 -1 -1 976.96 170.59 1013.07 187.35 -1 -1 -1 -1000 -1000 -1000 -10 0.61
7 1 Car -1 -1 -1 676.43 176.22 755.64 235.20 -1 -1 -1 -1000 -1000 -1000 -10 0.95
7 2 Car -1 -1 -1 986.45 168.69 1022.55 187.11 -1 -1 -1 -1000 -1000 -1000 -10 0.66
8 1 Car -1 -1 -1 682.14 174.78 764.23 235.90 -1 -1 -1 -1000 -1000 -1000 -10 0.95
8 2 Car -1 -1 -1 996.30 165.62 1032.02 183.62 -1 -1 -1 -1000 -1000 -1000 -10 0.69
9 1 Car -1 -1 -1 688.57 175.07 772.41 236.65 -1 -1 -1 -1000 -1000 -1000 -10 0.93
9 2 Car -1 -1 -1 1006.48 165.19 1039.26 181.37 -1 -1 -1 -1000 -1000 -1000 -10 0.64
9 3 Car -1 -1 -1 871.80 170.92 908.03 183.62 -1 -1 -1 -1000 -1000 -1000 -10 0.56
9 4 Car -1 -1 -1 -0.21 170.27 50.37 239.91 -1 -1 -1 -1000 -1000 -1000 -10 0.52
10 4 Car -1 -1 -1 4.29 180.19 161.89 237.95 -1 -1 -1 -1000 -1000 -1000 -10 0.92
10 1 Car -1 -1 -1 693.34 174.93 779.26 237.70 -1 -1 -1 -1000 -1000 -1000 -10 0.91
10 3 Car -1 -1 -1 845.94 171.62 881.60 183.96 -1 -1 -1 -1000 -1000 -1000 -10 0.57
10 5 Car -1 -1 -1 952.04 165.21 978.54 175.86 -1 -1 -1 -1000 -1000 -1000 -10 0.44
11 1 Car -1 -1 -1 698.62 175.18 785.76 239.98 -1 -1 -1 -1000 -1000 -1000 -10 0.91
11 4 Car -1 -1 -1 109.66 179.97 265.65 230.80 -1 -1 -1 -1000 -1000 -1000 -10 0.90
11 3 Car -1 -1 -1 816.39 170.31 848.74 184.75 -1 -1 -1 -1000 -1000 -1000 -10 0.58
11 5 Car -1 -1 -1 928.08 163.97 955.75 178.07 -1 -1 -1 -1000 -1000 -1000 -10 0.52
11 6 Car -1 -1 -1 1011.34 160.90 1039.93 180.19 -1 -1 -1 -1000 -1000 -1000 -10 0.47
11 7 Car -1 -1 -1 981.91 161.96 1003.57 175.92 -1 -1 -1 -1000 -1000 -1000 -10 0.41
12 1 Car -1 -1 -1 701.03 175.64 791.27 240.84 -1 -1 -1 -1000 -1000 -1000 -10 0.95
12 4 Car -1 -1 -1 212.25 177.71 358.36 226.64 -1 -1 -1 -1000 -1000 -1000 -10 0.87
12 7 Car -1 -1 -1 954.63 162.92 981.50 177.04 -1 -1 -1 -1000 -1000 -1000 -10 0.65
12 6 Car -1 -1 -1 1005.33 161.03 1032.74 180.22 -1 -1 -1 -1000 -1000 -1000 -10 0.61
12 3 Car -1 -1 -1 786.80 173.82 822.41 187.51 -1 -1 -1 -1000 -1000 -1000 -10 0.50
13 1 Car -1 -1 -1 701.10 176.75 791.18 243.42 -1 -1 -1 -1000 -1000 -1000 -10 0.93
13 4 Car -1 -1 -1 302.74 179.29 437.34 228.32 -1 -1 -1 -1000 -1000 -1000 -10 0.81
13 7 Car -1 -1 -1 924.26 165.76 951.73 180.77 -1 -1 -1 -1000 -1000 -1000 -10 0.67
13 6 Car -1 -1 -1 995.93 165.77 1017.73 182.31 -1 -1 -1 -1000 -1000 -1000 -10 0.56
14 1 Car -1 -1 -1 700.88 179.27 791.65 245.29 -1 -1 -1 -1000 -1000 -1000 -10 0.96
14 4 Car -1 -1 -1 381.37 179.62 499.13 224.33 -1 -1 -1 -1000 -1000 -1000 -10 0.84
14 6 Car -1 -1 -1 983.35 165.29 1008.33 182.64 -1 -1 -1 -1000 -1000 -1000 -10 0.59
14 7 Car -1 -1 -1 895.20 167.37 923.76 182.60 -1 -1 -1 -1000 -1000 -1000 -10 0.55
14 8 Car -1 -1 -1 697.27 179.92 736.33 196.70 -1 -1 -1 -1000 -1000 -1000 -10 0.47
14 9 Car -1 -1 -1 838.53 171.70 865.53 185.42 -1 -1 -1 -1000 -1000 -1000 -10 0.45
15 1 Car -1 -1 -1 700.55 180.23 792.56 246.70 -1 -1 -1 -1000 -1000 -1000 -10 0.96
15 4 Car -1 -1 -1 446.46 180.74 558.14 223.40 -1 -1 -1 -1000 -1000 -1000 -10 0.85
15 7 Car -1 -1 -1 862.83 168.03 896.80 185.45 -1 -1 -1 -1000 -1000 -1000 -10 0.60
15 8 Car -1 -1 -1 647.42 181.07 697.56 200.63 -1 -1 -1 -1000 -1000 -1000 -10 0.58
15 9 Car -1 -1 -1 802.94 173.69 837.47 187.73 -1 -1 -1 -1000 -1000 -1000 -10 0.57
16 1 Car -1 -1 -1 699.91 182.18 792.90 250.02 -1 -1 -1 -1000 -1000 -1000 -10 0.96
16 4 Car -1 -1 -1 507.65 184.03 599.13 220.52 -1 -1 -1 -1000 -1000 -1000 -10 0.77
16 7 Car -1 -1 -1 831.72 171.46 865.53 188.90 -1 -1 -1 -1000 -1000 -1000 -10 0.57
16 9 Car -1 -1 -1 773.21 177.05 805.28 192.25 -1 -1 -1 -1000 -1000 -1000 -10 0.54
16 8 Car -1 -1 -1 593.14 186.13 651.64 205.02 -1 -1 -1 -1000 -1000 -1000 -10 0.43
17 1 Car -1 -1 -1 699.00 185.86 792.75 254.64 -1 -1 -1 -1000 -1000 -1000 -10 0.93
17 4 Car -1 -1 -1 550.91 187.73 639.75 224.40 -1 -1 -1 -1000 -1000 -1000 -10 0.87
17 7 Car -1 -1 -1 798.19 176.51 834.53 194.37 -1 -1 -1 -1000 -1000 -1000 -10 0.69
17 9 Car -1 -1 -1 731.20 180.53 771.01 200.47 -1 -1 -1 -1000 -1000 -1000 -10 0.44
17 10 Car -1 -1 -1 531.40 192.24 590.34 215.86 -1 -1 -1 -1000 -1000 -1000 -10 0.54
18 1 Car -1 -1 -1 696.38 187.30 791.35 254.30 -1 -1 -1 -1000 -1000 -1000 -10 0.96
18 4 Car -1 -1 -1 588.69 187.18 664.87 220.88 -1 -1 -1 -1000 -1000 -1000 -10 0.86
18 10 Car -1 -1 -1 442.28 194.19 522.95 220.74 -1 -1 -1 -1000 -1000 -1000 -10 0.78
18 7 Car -1 -1 -1 768.54 176.40 801.77 195.16 -1 -1 -1 -1000 -1000 -1000 -10 0.66
18 9 Car -1 -1 -1 694.65 183.03 736.29 200.97 -1 -1 -1 -1000 -1000 -1000 -10 0.57
19 1 Car -1 -1 -1 697.82 182.43 793.86 251.92 -1 -1 -1 -1000 -1000 -1000 -10 0.94
19 10 Car -1 -1 -1 336.87 192.82 444.18 225.82 -1 -1 -1 -1000 -1000 -1000 -10 0.86
19 4 Car -1 -1 -1 619.93 182.54 686.32 211.77 -1 -1 -1 -1000 -1000 -1000 -10 0.85
19 7 Car -1 -1 -1 737.75 171.71 770.66 191.90 -1 -1 -1 -1000 -1000 -1000 -10 0.72
19 9 Car -1 -1 -1 656.49 179.50 697.87 197.72 -1 -1 -1 -1000 -1000 -1000 -10 0.51
20 1 Car -1 -1 -1 699.76 180.07 793.66 248.17 -1 -1 -1 -1000 -1000 -1000 -10 0.94
20 10 Car -1 -1 -1 202.65 196.45 336.44 235.06 -1 -1 -1 -1000 -1000 -1000 -10 0.87
20 4 Car -1 -1 -1 644.43 178.01 701.48 206.93 -1 -1 -1 -1000 -1000 -1000 -10 0.82
20 7 Car -1 -1 -1 702.47 170.84 739.56 191.67 -1 -1 -1 -1000 -1000 -1000 -10 0.72
20 9 Car -1 -1 -1 612.40 178.09 655.72 199.50 -1 -1 -1 -1000 -1000 -1000 -10 0.55
21 1 Car -1 -1 -1 703.12 180.06 793.60 246.15 -1 -1 -1 -1000 -1000 -1000 -10 0.95
21 10 Car -1 -1 -1 13.58 201.41 190.87 249.35 -1 -1 -1 -1000 -1000 -1000 -10 0.87
21 4 Car -1 -1 -1 657.35 174.30 714.95 204.20 -1 -1 -1 -1000 -1000 -1000 -10 0.78
21 9 Car -1 -1 -1 561.16 176.61 616.85 204.91 -1 -1 -1 -1000 -1000 -1000 -10 0.74
22 1 Car -1 -1 -1 703.88 179.84 792.64 246.88 -1 -1 -1 -1000 -1000 -1000 -10 0.95
22 4 Car -1 -1 -1 672.12 175.66 719.88 201.94 -1 -1 -1 -1000 -1000 -1000 -10 0.76
22 9 Car -1 -1 -1 501.94 179.11 566.84 209.65 -1 -1 -1 -1000 -1000 -1000 -10 0.76
22 11 Car -1 -1 -1 629.73 173.15 672.58 197.29 -1 -1 -1 -1000 -1000 -1000 -10 0.73
23 1 Car -1 -1 -1 702.18 178.11 787.05 245.10 -1 -1 -1 -1000 -1000 -1000 -10 0.90
23 9 Car -1 -1 -1 430.12 180.25 507.15 214.31 -1 -1 -1 -1000 -1000 -1000 -10 0.84
23 11 Car -1 -1 -1 584.40 173.02 635.73 198.33 -1 -1 -1 -1000 -1000 -1000 -10 0.76
23 4 Car -1 -1 -1 676.61 173.51 716.16 199.64 -1 -1 -1 -1000 -1000 -1000 -10 0.72
24 1 Car -1 -1 -1 699.22 178.03 778.15 244.92 -1 -1 -1 -1000 -1000 -1000 -10 0.92
24 9 Car -1 -1 -1 342.96 181.33 436.21 220.17 -1 -1 -1 -1000 -1000 -1000 -10 0.87
24 11 Car -1 -1 -1 532.11 173.16 590.80 203.03 -1 -1 -1 -1000 -1000 -1000 -10 0.79
24 4 Car -1 -1 -1 677.42 173.54 710.55 197.18 -1 -1 -1 -1000 -1000 -1000 -10 0.60
25 1 Car -1 -1 -1 693.41 176.80 775.15 243.33 -1 -1 -1 -1000 -1000 -1000 -10 0.90
25 11 Car -1 -1 -1 476.14 176.09 543.94 208.84 -1 -1 -1 -1000 -1000 -1000 -10 0.84
25 9 Car -1 -1 -1 227.01 187.08 342.09 231.90 -1 -1 -1 -1000 -1000 -1000 -10 0.81
25 4 Car -1 -1 -1 673.13 173.23 703.71 196.59 -1 -1 -1 -1000 -1000 -1000 -10 0.65
26 1 Car -1 -1 -1 688.46 176.55 765.53 243.07 -1 -1 -1 -1000 -1000 -1000 -10 0.95
26 9 Car -1 -1 -1 55.52 192.73 219.41 248.43 -1 -1 -1 -1000 -1000 -1000 -10 0.90
26 11 Car -1 -1 -1 408.37 177.72 486.75 216.77 -1 -1 -1 -1000 -1000 -1000 -10 0.86
26 4 Car -1 -1 -1 665.56 173.30 694.81 195.75 -1 -1 -1 -1000 -1000 -1000 -10 0.66
27 1 Car -1 -1 -1 682.72 176.69 757.95 243.08 -1 -1 -1 -1000 -1000 -1000 -10 0.95
27 11 Car -1 -1 -1 329.30 181.91 418.27 226.07 -1 -1 -1 -1000 -1000 -1000 -10 0.82
27 4 Car -1 -1 -1 656.56 174.28 688.17 196.96 -1 -1 -1 -1000 -1000 -1000 -10 0.68
27 9 Car -1 -1 -1 3.93 197.63 30.76 267.39 -1 -1 -1 -1000 -1000 -1000 -10 0.46
28 1 Car -1 -1 -1 677.88 176.30 752.00 240.06 -1 -1 -1 -1000 -1000 -1000 -10 0.92
28 11 Car -1 -1 -1 223.83 182.78 338.80 236.00 -1 -1 -1 -1000 -1000 -1000 -10 0.90
28 4 Car -1 -1 -1 649.35 172.64 681.18 192.16 -1 -1 -1 -1000 -1000 -1000 -10 0.55
28 12 Car -1 -1 -1 628.11 172.50 651.14 189.59 -1 -1 -1 -1000 -1000 -1000 -10 0.49
29 1 Car -1 -1 -1 673.46 171.17 743.20 233.26 -1 -1 -1 -1000 -1000 -1000 -10 0.92
29 11 Car -1 -1 -1 74.75 181.70 232.31 245.89 -1 -1 -1 -1000 -1000 -1000 -10 0.88
29 12 Car -1 -1 -1 601.53 168.95 628.97 186.39 -1 -1 -1 -1000 -1000 -1000 -10 0.74
29 4 Car -1 -1 -1 641.20 168.46 669.20 187.91 -1 -1 -1 -1000 -1000 -1000 -10 0.63
30 1 Car -1 -1 -1 668.75 170.36 737.67 232.93 -1 -1 -1 -1000 -1000 -1000 -10 0.91
30 11 Car -1 -1 -1 1.24 188.75 78.98 267.60 -1 -1 -1 -1000 -1000 -1000 -10 0.81
30 4 Car -1 -1 -1 633.67 168.94 658.38 187.79 -1 -1 -1 -1000 -1000 -1000 -10 0.72
30 12 Car -1 -1 -1 575.46 170.95 602.38 189.91 -1 -1 -1 -1000 -1000 -1000 -10 0.59
31 1 Car -1 -1 -1 662.59 174.29 731.37 235.15 -1 -1 -1 -1000 -1000 -1000 -10 0.94
31 11 Car -1 -1 -1 0.89 196.62 142.26 368.52 -1 -1 -1 -1000 -1000 -1000 -10 0.79
31 12 Car -1 -1 -1 545.11 175.80 577.28 197.09 -1 -1 -1 -1000 -1000 -1000 -10 0.72
31 4 Car -1 -1 -1 623.09 172.18 652.35 190.52 -1 -1 -1 -1000 -1000 -1000 -10 0.64
32 11 Car -1 -1 -1 -0.59 183.69 259.84 374.54 -1 -1 -1 -1000 -1000 -1000 -10 0.95
32 1 Car -1 -1 -1 655.13 172.13 722.08 232.31 -1 -1 -1 -1000 -1000 -1000 -10 0.92
32 12 Car -1 -1 -1 514.51 174.93 550.63 196.60 -1 -1 -1 -1000 -1000 -1000 -10 0.72
32 4 Car -1 -1 -1 615.15 169.07 640.98 188.06 -1 -1 -1 -1000 -1000 -1000 -10 0.67
32 13 Car -1 -1 -1 596.85 169.26 616.54 184.41 -1 -1 -1 -1000 -1000 -1000 -10 0.44
33 1 Car -1 -1 -1 645.47 172.56 710.40 231.76 -1 -1 -1 -1000 -1000 -1000 -10 0.92
33 11 Car -1 -1 -1 49.61 179.19 326.70 348.09 -1 -1 -1 -1000 -1000 -1000 -10 0.89
33 12 Car -1 -1 -1 477.72 175.26 518.96 201.76 -1 -1 -1 -1000 -1000 -1000 -10 0.79
33 13 Car -1 -1 -1 573.19 170.52 595.88 186.51 -1 -1 -1 -1000 -1000 -1000 -10 0.60
33 4 Car -1 -1 -1 604.59 171.46 627.89 189.22 -1 -1 -1 -1000 -1000 -1000 -10 0.53
34 1 Car -1 -1 -1 636.28 179.74 697.02 238.77 -1 -1 -1 -1000 -1000 -1000 -10 0.91
34 11 Car -1 -1 -1 159.10 185.73 372.55 325.97 -1 -1 -1 -1000 -1000 -1000 -10 0.88
34 12 Car -1 -1 -1 435.90 183.22 485.45 213.56 -1 -1 -1 -1000 -1000 -1000 -10 0.76
34 4 Car -1 -1 -1 594.54 176.02 618.25 194.54 -1 -1 -1 -1000 -1000 -1000 -10 0.60
34 13 Car -1 -1 -1 550.97 178.40 576.57 194.61 -1 -1 -1 -1000 -1000 -1000 -10 0.54
34 14 Car -1 -1 -1 513.89 180.42 536.62 198.64 -1 -1 -1 -1000 -1000 -1000 -10 0.45
35 1 Car -1 -1 -1 627.83 180.70 688.73 238.39 -1 -1 -1 -1000 -1000 -1000 -10 0.93
35 11 Car -1 -1 -1 233.89 186.80 414.41 307.94 -1 -1 -1 -1000 -1000 -1000 -10 0.88
35 12 Car -1 -1 -1 390.83 185.69 449.31 218.81 -1 -1 -1 -1000 -1000 -1000 -10 0.76
35 4 Car -1 -1 -1 583.96 177.96 608.22 194.45 -1 -1 -1 -1000 -1000 -1000 -10 0.64
35 13 Car -1 -1 -1 529.48 179.14 553.78 197.30 -1 -1 -1 -1000 -1000 -1000 -10 0.61
35 14 Car -1 -1 -1 485.44 181.18 514.45 202.55 -1 -1 -1 -1000 -1000 -1000 -10 0.47
35 15 Car -1 -1 -1 0.32 205.45 82.28 236.97 -1 -1 -1 -1000 -1000 -1000 -10 0.72
36 11 Car -1 -1 -1 290.25 182.01 442.60 290.04 -1 -1 -1 -1000 -1000 -1000 -10 0.96
36 1 Car -1 -1 -1 621.27 180.17 680.04 236.56 -1 -1 -1 -1000 -1000 -1000 -10 0.92
36 15 Car -1 -1 -1 1.05 206.88 41.99 235.19 -1 -1 -1 -1000 -1000 -1000 -10 0.74
36 13 Car -1 -1 -1 508.05 179.26 535.32 197.57 -1 -1 -1 -1000 -1000 -1000 -10 0.70
36 14 Car -1 -1 -1 459.49 181.55 492.03 202.65 -1 -1 -1 -1000 -1000 -1000 -10 0.67
36 4 Car -1 -1 -1 578.74 176.74 602.88 192.57 -1 -1 -1 -1000 -1000 -1000 -10 0.53
36 16 Car -1 -1 -1 540.29 174.48 565.16 190.00 -1 -1 -1 -1000 -1000 -1000 -10 0.40
37 11 Car -1 -1 -1 333.18 183.08 460.79 274.99 -1 -1 -1 -1000 -1000 -1000 -10 0.93
37 1 Car -1 -1 -1 613.55 180.81 673.14 235.30 -1 -1 -1 -1000 -1000 -1000 -10 0.89
37 13 Car -1 -1 -1 485.56 180.40 517.96 199.61 -1 -1 -1 -1000 -1000 -1000 -10 0.74
37 4 Car -1 -1 -1 573.77 176.89 595.00 192.66 -1 -1 -1 -1000 -1000 -1000 -10 0.64
37 14 Car -1 -1 -1 430.39 182.71 468.49 205.84 -1 -1 -1 -1000 -1000 -1000 -10 0.56
37 16 Car -1 -1 -1 526.82 176.12 549.10 192.16 -1 -1 -1 -1000 -1000 -1000 -10 0.42
37 17 Car -1 -1 -1 253.22 189.89 349.27 234.27 -1 -1 -1 -1000 -1000 -1000 -10 0.87
38 1 Car -1 -1 -1 608.04 181.25 667.10 235.15 -1 -1 -1 -1000 -1000 -1000 -10 0.93
38 11 Car -1 -1 -1 364.08 183.00 476.22 267.54 -1 -1 -1 -1000 -1000 -1000 -10 0.92
38 17 Car -1 -1 -1 136.39 194.62 271.65 252.80 -1 -1 -1 -1000 -1000 -1000 -10 0.83
38 13 Car -1 -1 -1 460.42 181.66 498.17 204.01 -1 -1 -1 -1000 -1000 -1000 -10 0.75
38 16 Car -1 -1 -1 508.11 174.92 537.18 195.36 -1 -1 -1 -1000 -1000 -1000 -10 0.56
38 4 Car -1 -1 -1 567.44 177.74 587.98 193.14 -1 -1 -1 -1000 -1000 -1000 -10 0.55
39 11 Car -1 -1 -1 384.42 184.15 489.05 263.36 -1 -1 -1 -1000 -1000 -1000 -10 0.94
39 1 Car -1 -1 -1 602.59 183.03 660.93 236.45 -1 -1 -1 -1000 -1000 -1000 -10 0.88
39 17 Car -1 -1 -1 -0.16 198.75 150.54 275.09 -1 -1 -1 -1000 -1000 -1000 -10 0.85
39 16 Car -1 -1 -1 492.98 180.21 525.75 198.39 -1 -1 -1 -1000 -1000 -1000 -10 0.69
39 4 Car -1 -1 -1 564.90 178.51 585.68 193.93 -1 -1 -1 -1000 -1000 -1000 -10 0.57
39 18 Car -1 -1 -1 360.91 189.82 412.85 217.60 -1 -1 -1 -1000 -1000 -1000 -10 0.55
40 11 Car -1 -1 -1 402.38 185.00 495.93 257.22 -1 -1 -1 -1000 -1000 -1000 -10 0.94
40 1 Car -1 -1 -1 599.14 183.77 656.34 236.06 -1 -1 -1 -1000 -1000 -1000 -10 0.88
40 18 Car -1 -1 -1 314.54 192.19 378.92 223.18 -1 -1 -1 -1000 -1000 -1000 -10 0.74
40 4 Car -1 -1 -1 559.33 178.55 580.21 193.43 -1 -1 -1 -1000 -1000 -1000 -10 0.58
40 16 Car -1 -1 -1 476.02 180.72 507.15 200.07 -1 -1 -1 -1000 -1000 -1000 -10 0.51
41 11 Car -1 -1 -1 417.74 181.00 503.26 250.98 -1 -1 -1 -1000 -1000 -1000 -10 0.95
41 18 Car -1 -1 -1 255.93 190.32 336.14 226.45 -1 -1 -1 -1000 -1000 -1000 -10 0.86
41 1 Car -1 -1 -1 595.55 181.92 652.83 233.92 -1 -1 -1 -1000 -1000 -1000 -10 0.86
41 4 Car -1 -1 -1 558.72 176.25 579.18 192.20 -1 -1 -1 -1000 -1000 -1000 -10 0.55
41 19 Car -1 -1 -1 361.88 183.60 426.77 217.92 -1 -1 -1 -1000 -1000 -1000 -10 0.86
42 1 Car -1 -1 -1 594.35 178.92 652.71 230.87 -1 -1 -1 -1000 -1000 -1000 -10 0.93
42 11 Car -1 -1 -1 431.31 178.54 509.43 244.94 -1 -1 -1 -1000 -1000 -1000 -10 0.92
42 19 Car -1 -1 -1 309.16 183.34 392.91 223.80 -1 -1 -1 -1000 -1000 -1000 -10 0.84
42 18 Car -1 -1 -1 171.61 192.05 283.47 235.83 -1 -1 -1 -1000 -1000 -1000 -10 0.78
42 4 Car -1 -1 -1 561.25 175.96 578.59 189.02 -1 -1 -1 -1000 -1000 -1000 -10 0.50
43 11 Car -1 -1 -1 447.03 178.54 518.20 239.37 -1 -1 -1 -1000 -1000 -1000 -10 0.94
43 1 Car -1 -1 -1 596.99 179.52 656.01 229.56 -1 -1 -1 -1000 -1000 -1000 -10 0.92
43 18 Car -1 -1 -1 56.17 195.85 203.52 252.19 -1 -1 -1 -1000 -1000 -1000 -10 0.88
43 19 Car -1 -1 -1 240.41 185.45 346.72 234.64 -1 -1 -1 -1000 -1000 -1000 -10 0.82
43 4 Car -1 -1 -1 565.86 175.19 585.88 188.70 -1 -1 -1 -1000 -1000 -1000 -10 0.63
43 20 Car -1 -1 -1 421.32 178.02 469.49 208.43 -1 -1 -1 -1000 -1000 -1000 -10 0.71
43 21 Car -1 -1 -1 1.83 190.06 157.55 327.34 -1 -1 -1 -1000 -1000 -1000 -10 0.49
44 1 Car -1 -1 -1 604.11 179.78 663.08 229.49 -1 -1 -1 -1000 -1000 -1000 -10 0.90
44 18 Car -1 -1 -1 1.23 198.92 87.91 280.04 -1 -1 -1 -1000 -1000 -1000 -10 0.81
44 11 Car -1 -1 -1 462.54 177.78 529.99 234.77 -1 -1 -1 -1000 -1000 -1000 -10 0.81
44 20 Car -1 -1 -1 398.05 181.13 453.06 212.16 -1 -1 -1 -1000 -1000 -1000 -10 0.80
44 19 Car -1 -1 -1 142.83 190.90 280.41 250.25 -1 -1 -1 -1000 -1000 -1000 -10 0.71
44 4 Car -1 -1 -1 573.92 175.08 592.87 188.54 -1 -1 -1 -1000 -1000 -1000 -10 0.48
44 22 Cyclist -1 -1 -1 93.85 189.70 219.80 305.90 -1 -1 -1 -1000 -1000 -1000 -10 0.60
44 23 Car -1 -1 -1 404.91 167.69 460.97 202.72 -1 -1 -1 -1000 -1000 -1000 -10 0.52
45 19 Car -1 -1 -1 -0.37 196.03 168.10 284.57 -1 -1 -1 -1000 -1000 -1000 -10 0.89
45 11 Car -1 -1 -1 479.71 179.27 543.49 232.95 -1 -1 -1 -1000 -1000 -1000 -10 0.88
45 1 Car -1 -1 -1 611.62 181.43 667.93 229.68 -1 -1 -1 -1000 -1000 -1000 -10 0.86
45 20 Car -1 -1 -1 365.06 183.23 432.06 219.10 -1 -1 -1 -1000 -1000 -1000 -10 0.86
45 23 Car -1 -1 -1 393.23 168.54 450.12 204.50 -1 -1 -1 -1000 -1000 -1000 -10 0.60
45 22 Cyclist -1 -1 -1 171.91 189.58 273.64 290.80 -1 -1 -1 -1000 -1000 -1000 -10 0.59
45 24 Car -1 -1 -1 548.74 175.63 564.25 188.52 -1 -1 -1 -1000 -1000 -1000 -10 0.45
46 11 Car -1 -1 -1 497.15 179.02 554.42 229.47 -1 -1 -1 -1000 -1000 -1000 -10 0.92
46 1 Car -1 -1 -1 619.34 179.35 678.49 231.84 -1 -1 -1 -1000 -1000 -1000 -10 0.88
46 20 Car -1 -1 -1 316.47 183.83 403.06 227.51 -1 -1 -1 -1000 -1000 -1000 -10 0.87
46 23 Car -1 -1 -1 367.81 169.31 435.70 210.01 -1 -1 -1 -1000 -1000 -1000 -10 0.78
46 24 Car -1 -1 -1 549.75 174.59 569.66 188.68 -1 -1 -1 -1000 -1000 -1000 -10 0.57
46 25 Car -1 -1 -1 593.01 174.85 606.66 187.70 -1 -1 -1 -1000 -1000 -1000 -10 0.41
47 11 Car -1 -1 -1 511.53 177.86 565.69 225.72 -1 -1 -1 -1000 -1000 -1000 -10 0.91
47 20 Car -1 -1 -1 236.70 184.52 356.74 242.29 -1 -1 -1 -1000 -1000 -1000 -10 0.89
47 23 Car -1 -1 -1 333.41 168.53 414.90 216.41 -1 -1 -1 -1000 -1000 -1000 -10 0.87
47 1 Car -1 -1 -1 626.90 178.74 686.17 230.62 -1 -1 -1 -1000 -1000 -1000 -10 0.84
47 24 Car -1 -1 -1 550.52 173.44 570.97 188.73 -1 -1 -1 -1000 -1000 -1000 -10 0.58
47 25 Car -1 -1 -1 598.17 175.04 614.72 187.70 -1 -1 -1 -1000 -1000 -1000 -10 0.50
47 26 Cyclist -1 -1 -1 283.92 181.88 363.41 268.24 -1 -1 -1 -1000 -1000 -1000 -10 0.71
47 27 Car -1 -1 -1 118.94 195.24 178.68 215.65 -1 -1 -1 -1000 -1000 -1000 -10 0.41
48 11 Car -1 -1 -1 522.94 178.65 575.95 224.52 -1 -1 -1 -1000 -1000 -1000 -10 0.92
48 1 Car -1 -1 -1 632.80 179.82 691.61 229.09 -1 -1 -1 -1000 -1000 -1000 -10 0.92
48 23 Car -1 -1 -1 280.79 167.82 384.71 226.50 -1 -1 -1 -1000 -1000 -1000 -10 0.88
48 20 Car -1 -1 -1 96.43 188.72 279.05 267.65 -1 -1 -1 -1000 -1000 -1000 -10 0.79
48 26 Cyclist -1 -1 -1 329.24 184.68 395.83 262.65 -1 -1 -1 -1000 -1000 -1000 -10 0.61
48 25 Car -1 -1 -1 601.48 175.02 620.41 187.59 -1 -1 -1 -1000 -1000 -1000 -10 0.57
48 28 Cyclist -1 -1 -1 445.44 173.04 468.00 206.74 -1 -1 -1 -1000 -1000 -1000 -10 0.49
49 20 Car -1 -1 -1 -2.49 191.19 129.67 296.94 -1 -1 -1 -1000 -1000 -1000 -10 0.89
49 11 Car -1 -1 -1 533.28 175.59 582.68 220.52 -1 -1 -1 -1000 -1000 -1000 -10 0.88
49 1 Car -1 -1 -1 636.99 178.93 695.41 228.46 -1 -1 -1 -1000 -1000 -1000 -10 0.87
49 23 Car -1 -1 -1 199.73 166.43 333.08 237.37 -1 -1 -1 -1000 -1000 -1000 -10 0.82
49 26 Cyclist -1 -1 -1 360.27 180.75 426.84 254.56 -1 -1 -1 -1000 -1000 -1000 -10 0.64
49 28 Cyclist -1 -1 -1 424.04 174.61 448.01 209.65 -1 -1 -1 -1000 -1000 -1000 -10 0.46
49 25 Car -1 -1 -1 605.38 171.92 624.64 185.74 -1 -1 -1 -1000 -1000 -1000 -10 0.43
49 29 Car -1 -1 -1 499.59 173.64 529.74 194.90 -1 -1 -1 -1000 -1000 -1000 -10 0.59
50 1 Car -1 -1 -1 639.91 178.29 699.75 230.00 -1 -1 -1 -1000 -1000 -1000 -10 0.92
50 23 Car -1 -1 -1 63.09 166.67 266.01 259.28 -1 -1 -1 -1000 -1000 -1000 -10 0.87
50 11 Car -1 -1 -1 542.29 177.62 589.94 219.36 -1 -1 -1 -1000 -1000 -1000 -10 0.75
50 29 Car -1 -1 -1 486.86 175.73 520.10 200.37 -1 -1 -1 -1000 -1000 -1000 -10 0.61
50 26 Cyclist -1 -1 -1 393.46 183.97 447.36 248.51 -1 -1 -1 -1000 -1000 -1000 -10 0.53
50 25 Car -1 -1 -1 608.04 174.56 628.36 187.12 -1 -1 -1 -1000 -1000 -1000 -10 0.46
50 30 Car -1 -1 -1 537.26 178.37 561.03 194.14 -1 -1 -1 -1000 -1000 -1000 -10 0.50
51 23 Car -1 -1 -1 2.10 163.78 149.23 285.21 -1 -1 -1 -1000 -1000 -1000 -10 0.91
51 1 Car -1 -1 -1 641.86 179.39 702.67 229.49 -1 -1 -1 -1000 -1000 -1000 -10 0.91
51 11 Car -1 -1 -1 552.21 178.15 595.31 217.77 -1 -1 -1 -1000 -1000 -1000 -10 0.84
51 29 Car -1 -1 -1 471.87 177.12 510.27 201.85 -1 -1 -1 -1000 -1000 -1000 -10 0.79
51 30 Car -1 -1 -1 527.85 178.73 556.49 197.42 -1 -1 -1 -1000 -1000 -1000 -10 0.63
51 25 Car -1 -1 -1 611.46 175.16 632.93 187.24 -1 -1 -1 -1000 -1000 -1000 -10 0.53
51 31 Pedestrian -1 -1 -1 419.88 181.35 461.93 244.13 -1 -1 -1 -1000 -1000 -1000 -10 0.47
52 11 Car -1 -1 -1 560.21 176.50 601.68 215.73 -1 -1 -1 -1000 -1000 -1000 -10 0.87
52 1 Car -1 -1 -1 644.39 178.26 704.74 229.52 -1 -1 -1 -1000 -1000 -1000 -10 0.87
52 30 Car -1 -1 -1 518.91 178.33 547.58 198.63 -1 -1 -1 -1000 -1000 -1000 -10 0.75
52 29 Car -1 -1 -1 454.41 175.58 498.36 204.76 -1 -1 -1 -1000 -1000 -1000 -10 0.71
52 25 Car -1 -1 -1 615.59 174.42 632.54 186.15 -1 -1 -1 -1000 -1000 -1000 -10 0.43
53 1 Car -1 -1 -1 647.72 177.53 706.56 226.11 -1 -1 -1 -1000 -1000 -1000 -10 0.93
53 11 Car -1 -1 -1 568.31 175.77 607.48 212.46 -1 -1 -1 -1000 -1000 -1000 -10 0.87
53 30 Car -1 -1 -1 506.22 178.48 538.43 200.80 -1 -1 -1 -1000 -1000 -1000 -10 0.81
53 29 Car -1 -1 -1 434.02 176.27 485.17 207.61 -1 -1 -1 -1000 -1000 -1000 -10 0.74
53 25 Car -1 -1 -1 617.82 172.64 634.19 184.48 -1 -1 -1 -1000 -1000 -1000 -10 0.52
53 32 Car -1 -1 -1 1.31 202.72 73.43 228.33 -1 -1 -1 -1000 -1000 -1000 -10 0.66
53 33 Cyclist -1 -1 -1 461.05 177.78 498.17 234.12 -1 -1 -1 -1000 -1000 -1000 -10 0.59
53 34 Cyclist -1 -1 -1 182.52 183.87 248.72 250.79 -1 -1 -1 -1000 -1000 -1000 -10 0.50
54 1 Car -1 -1 -1 649.56 176.35 707.80 225.18 -1 -1 -1 -1000 -1000 -1000 -10 0.86
54 29 Car -1 -1 -1 404.54 175.70 461.79 211.95 -1 -1 -1 -1000 -1000 -1000 -10 0.86
54 11 Car -1 -1 -1 574.77 174.65 611.73 210.62 -1 -1 -1 -1000 -1000 -1000 -10 0.79
54 30 Car -1 -1 -1 491.53 177.77 527.33 203.52 -1 -1 -1 -1000 -1000 -1000 -10 0.69
54 33 Cyclist -1 -1 -1 474.36 174.55 515.92 233.48 -1 -1 -1 -1000 -1000 -1000 -10 0.66
54 32 Car -1 -1 -1 1.39 204.03 48.18 236.47 -1 -1 -1 -1000 -1000 -1000 -10 0.54
54 25 Car -1 -1 -1 619.51 172.20 636.09 183.55 -1 -1 -1 -1000 -1000 -1000 -10 0.47
54 35 Car -1 -1 -1 6.15 199.73 107.36 278.98 -1 -1 -1 -1000 -1000 -1000 -10 0.61
54 36 Car -1 -1 -1 534.76 174.98 555.61 191.05 -1 -1 -1 -1000 -1000 -1000 -10 0.54
55 1 Car -1 -1 -1 650.05 176.85 709.90 225.57 -1 -1 -1 -1000 -1000 -1000 -10 0.90
55 29 Car -1 -1 -1 365.97 176.73 436.25 217.81 -1 -1 -1 -1000 -1000 -1000 -10 0.87
55 11 Car -1 -1 -1 581.30 175.48 616.92 209.25 -1 -1 -1 -1000 -1000 -1000 -10 0.85
55 30 Car -1 -1 -1 466.90 179.19 516.06 208.75 -1 -1 -1 -1000 -1000 -1000 -10 0.81
55 36 Car -1 -1 -1 528.04 176.15 552.00 193.48 -1 -1 -1 -1000 -1000 -1000 -10 0.58
55 25 Car -1 -1 -1 622.73 172.95 637.35 183.73 -1 -1 -1 -1000 -1000 -1000 -10 0.53
55 32 Car -1 -1 -1 0.81 194.57 17.93 239.00 -1 -1 -1 -1000 -1000 -1000 -10 0.42
55 37 Pedestrian -1 -1 -1 494.35 175.01 526.34 228.04 -1 -1 -1 -1000 -1000 -1000 -10 0.50
56 1 Car -1 -1 -1 648.91 178.00 708.14 225.32 -1 -1 -1 -1000 -1000 -1000 -10 0.87
56 29 Car -1 -1 -1 310.62 176.91 398.43 225.94 -1 -1 -1 -1000 -1000 -1000 -10 0.85
56 30 Car -1 -1 -1 437.35 180.89 491.51 215.27 -1 -1 -1 -1000 -1000 -1000 -10 0.81
56 11 Car -1 -1 -1 584.91 176.01 619.33 208.90 -1 -1 -1 -1000 -1000 -1000 -10 0.74
56 36 Car -1 -1 -1 516.76 177.25 542.35 194.82 -1 -1 -1 -1000 -1000 -1000 -10 0.59
56 25 Car -1 -1 -1 623.25 173.77 638.10 184.50 -1 -1 -1 -1000 -1000 -1000 -10 0.46
56 38 Cyclist -1 -1 -1 505.35 175.12 538.90 226.58 -1 -1 -1 -1000 -1000 -1000 -10 0.56
57 29 Car -1 -1 -1 220.01 176.67 342.41 240.52 -1 -1 -1 -1000 -1000 -1000 -10 0.89
57 1 Car -1 -1 -1 647.24 178.11 704.79 226.19 -1 -1 -1 -1000 -1000 -1000 -10 0.87
57 30 Car -1 -1 -1 391.23 181.02 464.56 223.03 -1 -1 -1 -1000 -1000 -1000 -10 0.79
57 11 Car -1 -1 -1 585.22 176.47 618.80 208.42 -1 -1 -1 -1000 -1000 -1000 -10 0.71
57 36 Car -1 -1 -1 500.30 176.21 535.13 197.45 -1 -1 -1 -1000 -1000 -1000 -10 0.58
58 29 Car -1 -1 -1 65.82 180.91 256.52 266.33 -1 -1 -1 -1000 -1000 -1000 -10 0.87
58 30 Car -1 -1 -1 326.51 185.45 421.16 238.53 -1 -1 -1 -1000 -1000 -1000 -10 0.86
58 11 Car -1 -1 -1 583.97 177.80 617.12 209.64 -1 -1 -1 -1000 -1000 -1000 -10 0.86
58 1 Car -1 -1 -1 643.79 179.79 700.29 227.57 -1 -1 -1 -1000 -1000 -1000 -10 0.79
58 36 Car -1 -1 -1 483.21 180.39 514.54 204.31 -1 -1 -1 -1000 -1000 -1000 -10 0.75
59 29 Car -1 -1 -1 2.99 181.55 102.15 290.54 -1 -1 -1 -1000 -1000 -1000 -10 0.85
59 1 Car -1 -1 -1 638.64 179.82 695.18 227.94 -1 -1 -1 -1000 -1000 -1000 -10 0.84
59 30 Car -1 -1 -1 212.36 189.79 358.16 258.88 -1 -1 -1 -1000 -1000 -1000 -10 0.80
59 11 Car -1 -1 -1 581.26 178.81 615.24 209.60 -1 -1 -1 -1000 -1000 -1000 -10 0.69
59 36 Car -1 -1 -1 459.45 182.79 497.84 208.61 -1 -1 -1 -1000 -1000 -1000 -10 0.68
60 30 Car -1 -1 -1 2.06 193.64 243.12 301.64 -1 -1 -1 -1000 -1000 -1000 -10 0.90
60 1 Car -1 -1 -1 632.39 178.95 689.34 225.81 -1 -1 -1 -1000 -1000 -1000 -10 0.85
60 36 Car -1 -1 -1 428.66 181.73 477.43 210.58 -1 -1 -1 -1000 -1000 -1000 -10 0.78
60 11 Car -1 -1 -1 578.19 178.15 610.82 208.64 -1 -1 -1 -1000 -1000 -1000 -10 0.76
61 1 Car -1 -1 -1 626.42 180.51 681.70 226.99 -1 -1 -1 -1000 -1000 -1000 -10 0.89
61 36 Car -1 -1 -1 392.27 183.36 450.04 216.92 -1 -1 -1 -1000 -1000 -1000 -10 0.82
61 11 Car -1 -1 -1 574.06 178.60 606.99 208.54 -1 -1 -1 -1000 -1000 -1000 -10 0.75
61 39 Car -1 -1 -1 47.30 198.24 126.31 220.32 -1 -1 -1 -1000 -1000 -1000 -10 0.47
62 1 Car -1 -1 -1 621.30 180.86 676.57 226.77 -1 -1 -1 -1000 -1000 -1000 -10 0.86
62 36 Car -1 -1 -1 346.21 185.72 412.28 223.63 -1 -1 -1 -1000 -1000 -1000 -10 0.82
62 11 Car -1 -1 -1 569.80 178.70 601.09 208.25 -1 -1 -1 -1000 -1000 -1000 -10 0.72
62 39 Car -1 -1 -1 8.69 198.77 95.27 221.40 -1 -1 -1 -1000 -1000 -1000 -10 0.61
63 36 Car -1 -1 -1 275.83 185.85 365.98 232.56 -1 -1 -1 -1000 -1000 -1000 -10 0.84
63 1 Car -1 -1 -1 615.79 180.83 669.87 226.25 -1 -1 -1 -1000 -1000 -1000 -10 0.84
63 39 Car -1 -1 -1 -1.96 198.23 66.36 226.36 -1 -1 -1 -1000 -1000 -1000 -10 0.72
63 11 Car -1 -1 -1 566.39 178.62 596.82 207.40 -1 -1 -1 -1000 -1000 -1000 -10 0.70
64 1 Car -1 -1 -1 611.58 181.04 663.72 226.09 -1 -1 -1 -1000 -1000 -1000 -10 0.84
64 36 Car -1 -1 -1 171.53 191.13 298.63 248.31 -1 -1 -1 -1000 -1000 -1000 -10 0.81
64 11 Car -1 -1 -1 564.63 178.99 593.33 205.54 -1 -1 -1 -1000 -1000 -1000 -10 0.70
65 36 Car -1 -1 -1 3.68 197.35 193.28 274.43 -1 -1 -1 -1000 -1000 -1000 -10 0.87
65 1 Car -1 -1 -1 605.93 179.52 658.28 224.32 -1 -1 -1 -1000 -1000 -1000 -10 0.82
65 11 Car -1 -1 -1 562.10 179.06 590.03 205.11 -1 -1 -1 -1000 -1000 -1000 -10 0.74
66 1 Car -1 -1 -1 601.60 177.95 652.51 223.05 -1 -1 -1 -1000 -1000 -1000 -10 0.92
66 11 Car -1 -1 -1 558.91 177.74 587.99 202.49 -1 -1 -1 -1000 -1000 -1000 -10 0.77
67 1 Car -1 -1 -1 597.28 179.69 647.28 223.06 -1 -1 -1 -1000 -1000 -1000 -10 0.92
67 11 Car -1 -1 -1 557.51 177.27 584.81 201.91 -1 -1 -1 -1000 -1000 -1000 -10 0.67
68 1 Car -1 -1 -1 592.62 179.92 643.03 224.42 -1 -1 -1 -1000 -1000 -1000 -10 0.82
68 11 Car -1 -1 -1 555.44 178.24 583.14 203.31 -1 -1 -1 -1000 -1000 -1000 -10 0.69
69 1 Car -1 -1 -1 591.02 182.35 640.27 225.97 -1 -1 -1 -1000 -1000 -1000 -10 0.89
69 11 Car -1 -1 -1 555.56 179.53 582.59 204.38 -1 -1 -1 -1000 -1000 -1000 -10 0.72
70 11 Car -1 -1 -1 556.14 178.50 582.55 201.71 -1 -1 -1 -1000 -1000 -1000 -10 0.81
70 1 Car -1 -1 -1 589.16 181.43 636.40 223.14 -1 -1 -1 -1000 -1000 -1000 -10 0.76
71 1 Car -1 -1 -1 588.93 180.50 634.75 221.68 -1 -1 -1 -1000 -1000 -1000 -10 0.91
71 11 Car -1 -1 -1 556.86 176.94 581.39 199.68 -1 -1 -1 -1000 -1000 -1000 -10 0.77
72 1 Car -1 -1 -1 587.00 180.96 633.46 221.80 -1 -1 -1 -1000 -1000 -1000 -10 0.89
72 11 Car -1 -1 -1 556.10 176.97 581.31 199.41 -1 -1 -1 -1000 -1000 -1000 -10 0.73
73 1 Car -1 -1 -1 585.92 180.56 631.90 221.84 -1 -1 -1 -1000 -1000 -1000 -10 0.80
73 11 Car -1 -1 -1 555.85 177.36 580.53 198.51 -1 -1 -1 -1000 -1000 -1000 -10 0.60
74 1 Car -1 -1 -1 585.43 182.29 630.37 222.72 -1 -1 -1 -1000 -1000 -1000 -10 0.80
74 11 Car -1 -1 -1 554.32 178.25 580.85 200.35 -1 -1 -1 -1000 -1000 -1000 -10 0.74
75 1 Car -1 -1 -1 584.34 182.76 629.81 224.46 -1 -1 -1 -1000 -1000 -1000 -10 0.84
75 11 Car -1 -1 -1 555.31 178.68 580.33 199.99 -1 -1 -1 -1000 -1000 -1000 -10 0.78
76 1 Car -1 -1 -1 583.72 181.24 629.59 222.27 -1 -1 -1 -1000 -1000 -1000 -10 0.89
76 11 Car -1 -1 -1 556.38 177.95 580.37 198.87 -1 -1 -1 -1000 -1000 -1000 -10 0.76
76 40 Pedestrian -1 -1 -1 543.09 176.86 555.88 207.31 -1 -1 -1 -1000 -1000 -1000 -10 0.42
77 1 Car -1 -1 -1 583.78 181.60 628.94 222.10 -1 -1 -1 -1000 -1000 -1000 -10 0.87
77 11 Car -1 -1 -1 555.47 178.17 580.49 199.12 -1 -1 -1 -1000 -1000 -1000 -10 0.76
77 40 Pedestrian -1 -1 -1 542.88 177.35 556.29 206.99 -1 -1 -1 -1000 -1000 -1000 -10 0.45
78 1 Car -1 -1 -1 583.04 180.83 629.51 222.23 -1 -1 -1 -1000 -1000 -1000 -10 0.89
78 11 Car -1 -1 -1 556.58 178.12 579.78 198.23 -1 -1 -1 -1000 -1000 -1000 -10 0.71
79 1 Car -1 -1 -1 583.24 179.29 628.88 220.98 -1 -1 -1 -1000 -1000 -1000 -10 0.86
79 11 Car -1 -1 -1 553.73 176.47 581.02 197.36 -1 -1 -1 -1000 -1000 -1000 -10 0.55
79 41 Cyclist -1 -1 -1 210.26 181.09 235.88 219.97 -1 -1 -1 -1000 -1000 -1000 -10 0.44
80 1 Car -1 -1 -1 583.59 176.10 628.86 218.31 -1 -1 -1 -1000 -1000 -1000 -10 0.89
80 11 Car -1 -1 -1 554.72 173.89 580.03 194.39 -1 -1 -1 -1000 -1000 -1000 -10 0.53
81 1 Car -1 -1 -1 583.62 178.58 628.76 217.58 -1 -1 -1 -1000 -1000 -1000 -10 0.86
81 11 Car -1 -1 -1 553.39 175.50 581.51 195.96 -1 -1 -1 -1000 -1000 -1000 -10 0.70
82 1 Car -1 -1 -1 583.20 178.14 626.17 217.38 -1 -1 -1 -1000 -1000 -1000 -10 0.87
82 11 Car -1 -1 -1 557.04 174.88 578.36 197.12 -1 -1 -1 -1000 -1000 -1000 -10 0.65
83 1 Car -1 -1 -1 582.83 180.36 625.25 219.62 -1 -1 -1 -1000 -1000 -1000 -10 0.87
83 11 Car -1 -1 -1 556.86 175.83 578.05 197.68 -1 -1 -1 -1000 -1000 -1000 -10 0.44
84 1 Car -1 -1 -1 582.29 179.76 625.59 220.52 -1 -1 -1 -1000 -1000 -1000 -10 0.88
84 11 Car -1 -1 -1 555.95 176.96 578.70 199.33 -1 -1 -1 -1000 -1000 -1000 -10 0.59
85 1 Car -1 -1 -1 581.20 177.44 626.44 218.94 -1 -1 -1 -1000 -1000 -1000 -10 0.88
85 11 Car -1 -1 -1 556.90 175.32 581.23 196.31 -1 -1 -1 -1000 -1000 -1000 -10 0.74
86 1 Car -1 -1 -1 581.84 176.72 627.06 218.06 -1 -1 -1 -1000 -1000 -1000 -10 0.90
86 11 Car -1 -1 -1 557.99 174.34 579.55 194.60 -1 -1 -1 -1000 -1000 -1000 -10 0.73
87 1 Car -1 -1 -1 581.85 176.80 628.17 218.78 -1 -1 -1 -1000 -1000 -1000 -10 0.81
87 11 Car -1 -1 -1 558.68 174.36 578.59 194.04 -1 -1 -1 -1000 -1000 -1000 -10 0.68
88 1 Car -1 -1 -1 582.73 176.90 630.02 219.11 -1 -1 -1 -1000 -1000 -1000 -10 0.88
88 11 Car -1 -1 -1 559.93 175.09 578.92 193.27 -1 -1 -1 -1000 -1000 -1000 -10 0.63
89 1 Car -1 -1 -1 583.58 176.26 630.03 218.63 -1 -1 -1 -1000 -1000 -1000 -10 0.90
89 11 Car -1 -1 -1 559.43 173.57 579.04 191.53 -1 -1 -1 -1000 -1000 -1000 -10 0.72
90 1 Car -1 -1 -1 583.87 176.62 630.14 218.50 -1 -1 -1 -1000 -1000 -1000 -10 0.90
90 11 Car -1 -1 -1 559.61 173.47 580.05 191.27 -1 -1 -1 -1000 -1000 -1000 -10 0.71
91 1 Car -1 -1 -1 584.37 178.10 630.79 218.74 -1 -1 -1 -1000 -1000 -1000 -10 0.86
91 11 Car -1 -1 -1 561.10 174.16 581.46 191.91 -1 -1 -1 -1000 -1000 -1000 -10 0.51
92 1 Car -1 -1 -1 585.21 178.61 632.02 220.66 -1 -1 -1 -1000 -1000 -1000 -10 0.76
92 11 Car -1 -1 -1 561.75 175.86 581.24 192.59 -1 -1 -1 -1000 -1000 -1000 -10 0.62
93 1 Car -1 -1 -1 585.67 178.27 631.78 218.48 -1 -1 -1 -1000 -1000 -1000 -10 0.75
93 11 Car -1 -1 -1 561.22 174.00 582.31 191.80 -1 -1 -1 -1000 -1000 -1000 -10 0.63
94 1 Car -1 -1 -1 586.19 177.24 633.85 219.34 -1 -1 -1 -1000 -1000 -1000 -10 0.79
94 11 Car -1 -1 -1 562.48 172.68 582.55 190.47 -1 -1 -1 -1000 -1000 -1000 -10 0.75
95 1 Car -1 -1 -1 585.87 178.93 634.02 221.54 -1 -1 -1 -1000 -1000 -1000 -10 0.82
95 11 Car -1 -1 -1 562.64 174.52 583.80 191.51 -1 -1 -1 -1000 -1000 -1000 -10 0.65
96 1 Car -1 -1 -1 588.10 180.04 633.43 221.61 -1 -1 -1 -1000 -1000 -1000 -10 0.88
96 11 Car -1 -1 -1 563.30 174.50 584.12 191.37 -1 -1 -1 -1000 -1000 -1000 -10 0.61
97 1 Car -1 -1 -1 588.17 178.69 634.35 221.49 -1 -1 -1 -1000 -1000 -1000 -10 0.87
97 11 Car -1 -1 -1 564.31 173.52 585.54 192.02 -1 -1 -1 -1000 -1000 -1000 -10 0.54
98 1 Car -1 -1 -1 588.12 180.62 635.91 222.07 -1 -1 -1 -1000 -1000 -1000 -10 0.89
98 11 Car -1 -1 -1 564.87 175.63 585.18 192.97 -1 -1 -1 -1000 -1000 -1000 -10 0.59
99 1 Car -1 -1 -1 589.10 178.32 635.24 221.87 -1 -1 -1 -1000 -1000 -1000 -10 0.85
99 11 Car -1 -1 -1 564.75 173.36 585.58 192.30 -1 -1 -1 -1000 -1000 -1000 -10 0.63
100 1 Car -1 -1 -1 588.28 176.21 634.41 218.30 -1 -1 -1 -1000 -1000 -1000 -10 0.91
100 11 Car -1 -1 -1 563.88 172.21 584.11 190.05 -1 -1 -1 -1000 -1000 -1000 -10 0.59
101 1 Car -1 -1 -1 587.93 176.23 634.33 218.56 -1 -1 -1 -1000 -1000 -1000 -10 0.91
101 11 Car -1 -1 -1 564.19 172.50 583.37 189.30 -1 -1 -1 -1000 -1000 -1000 -10 0.67
102 1 Car -1 -1 -1 586.40 176.33 635.62 218.76 -1 -1 -1 -1000 -1000 -1000 -10 0.92
102 11 Car -1 -1 -1 563.88 173.15 583.34 189.41 -1 -1 -1 -1000 -1000 -1000 -10 0.71
103 1 Car -1 -1 -1 585.72 175.67 635.11 218.73 -1 -1 -1 -1000 -1000 -1000 -10 0.90
103 11 Car -1 -1 -1 563.94 173.15 581.96 189.38 -1 -1 -1 -1000 -1000 -1000 -10 0.78
104 1 Car -1 -1 -1 585.26 175.31 632.41 217.69 -1 -1 -1 -1000 -1000 -1000 -10 0.81
104 11 Car -1 -1 -1 564.32 172.03 580.83 188.95 -1 -1 -1 -1000 -1000 -1000 -10 0.72
105 1 Car -1 -1 -1 585.34 174.84 631.83 217.04 -1 -1 -1 -1000 -1000 -1000 -10 0.81
105 11 Car -1 -1 -1 564.36 171.64 580.45 188.73 -1 -1 -1 -1000 -1000 -1000 -10 0.59
106 1 Car -1 -1 -1 584.31 174.26 633.21 217.99 -1 -1 -1 -1000 -1000 -1000 -10 0.81
106 11 Car -1 -1 -1 563.79 171.99 579.87 188.38 -1 -1 -1 -1000 -1000 -1000 -10 0.55
107 1 Car -1 -1 -1 584.55 174.33 633.09 217.58 -1 -1 -1 -1000 -1000 -1000 -10 0.75
107 11 Car -1 -1 -1 564.05 171.63 580.69 188.80 -1 -1 -1 -1000 -1000 -1000 -10 0.56
