0 1 Car -1 -1 -1 837.66 171.86 1035.91 331.96 -1 -1 -1 -1000 -1000 -1000 -10 0.97
0 2 Car -1 -1 -1 718.42 179.94 844.42 231.23 -1 -1 -1 -1000 -1000 -1000 -10 0.92
1 1 Car -1 -1 -1 834.14 171.91 1017.54 330.24 -1 -1 -1 -1000 -1000 -1000 -10 0.97
1 2 Car -1 -1 -1 662.93 179.91 785.68 231.46 -1 -1 -1 -1000 -1000 -1000 -10 0.89
2 1 Car -1 -1 -1 818.09 170.13 987.75 324.54 -1 -1 -1 -1000 -1000 -1000 -10 0.96
2 2 Car -1 -1 -1 602.71 180.11 722.04 228.02 -1 -1 -1 -1000 -1000 -1000 -10 0.87
2 3 Pedestrian -1 -1 -1 1186.72 154.82 1231.72 286.04 -1 -1 -1 -1000 -1000 -1000 -10 0.40
3 1 Car -1 -1 -1 798.23 167.25 960.70 313.63 -1 -1 -1 -1000 -1000 -1000 -10 0.96
3 2 Car -1 -1 -1 531.89 177.34 661.02 224.31 -1 -1 -1 -1000 -1000 -1000 -10 0.89
3 3 Pedestrian -1 -1 -1 1161.78 149.37 1225.33 283.47 -1 -1 -1 -1000 -1000 -1000 -10 0.66
4 1 Car -1 -1 -1 769.04 166.34 927.92 313.40 -1 -1 -1 -1000 -1000 -1000 -10 0.96
4 2 Car -1 -1 -1 465.95 176.44 594.01 224.40 -1 -1 -1 -1000 -1000 -1000 -10 0.90
4 3 Pedestrian -1 -1 -1 1138.71 146.99 1209.35 301.11 -1 -1 -1 -1000 -1000 -1000 -10 0.59
5 1 Car -1 -1 -1 725.60 168.13 891.57 311.62 -1 -1 -1 -1000 -1000 -1000 -10 0.95
5 2 Car -1 -1 -1 387.05 176.87 524.21 225.35 -1 -1 -1 -1000 -1000 -1000 -10 0.88
5 3 Pedestrian -1 -1 -1 1112.98 147.96 1188.71 308.36 -1 -1 -1 -1000 -1000 -1000 -10 0.69
5 4 Car -1 -1 -1 1043.36 175.29 1133.98 209.16 -1 -1 -1 -1000 -1000 -1000 -10 0.75
6 1 Car -1 -1 -1 673.69 170.77 844.54 310.21 -1 -1 -1 -1000 -1000 -1000 -10 0.96
6 2 Car -1 -1 -1 306.40 180.26 451.22 230.22 -1 -1 -1 -1000 -1000 -1000 -10 0.88
6 4 Car -1 -1 -1 990.10 181.98 1072.41 213.87 -1 -1 -1 -1000 -1000 -1000 -10 0.85
6 3 Pedestrian -1 -1 -1 1094.26 150.99 1168.61 320.70 -1 -1 -1 -1000 -1000 -1000 -10 0.68
7 1 Car -1 -1 -1 612.98 173.42 795.37 313.33 -1 -1 -1 -1000 -1000 -1000 -10 0.95
7 4 Car -1 -1 -1 941.06 186.02 1018.42 215.22 -1 -1 -1 -1000 -1000 -1000 -10 0.88
7 2 Car -1 -1 -1 214.10 181.45 371.52 234.94 -1 -1 -1 -1000 -1000 -1000 -10 0.86
7 3 Pedestrian -1 -1 -1 1075.09 149.53 1156.46 338.36 -1 -1 -1 -1000 -1000 -1000 -10 0.66
8 1 Car -1 -1 -1 554.46 171.88 737.42 308.76 -1 -1 -1 -1000 -1000 -1000 -10 0.96
8 2 Car -1 -1 -1 102.12 181.45 289.43 237.79 -1 -1 -1 -1000 -1000 -1000 -10 0.89
8 4 Car -1 -1 -1 896.75 183.78 968.57 212.87 -1 -1 -1 -1000 -1000 -1000 -10 0.85
8 3 Pedestrian -1 -1 -1 1057.03 144.82 1143.76 357.99 -1 -1 -1 -1000 -1000 -1000 -10 0.69
9 1 Car -1 -1 -1 489.81 170.50 679.66 309.52 -1 -1 -1 -1000 -1000 -1000 -10 0.94
9 2 Car -1 -1 -1 2.66 181.50 188.59 243.10 -1 -1 -1 -1000 -1000 -1000 -10 0.92
9 4 Car -1 -1 -1 858.79 183.12 928.86 211.00 -1 -1 -1 -1000 -1000 -1000 -10 0.88
9 3 Pedestrian -1 -1 -1 1057.58 143.90 1158.61 367.63 -1 -1 -1 -1000 -1000 -1000 -10 0.72
10 1 Car -1 -1 -1 431.66 169.94 629.21 309.26 -1 -1 -1 -1000 -1000 -1000 -10 0.95
10 2 Car -1 -1 -1 2.99 171.95 101.03 245.98 -1 -1 -1 -1000 -1000 -1000 -10 0.82
10 3 Pedestrian -1 -1 -1 1067.58 142.71 1202.85 367.13 -1 -1 -1 -1000 -1000 -1000 -10 0.75
10 4 Car -1 -1 -1 830.92 180.78 898.87 208.57 -1 -1 -1 -1000 -1000 -1000 -10 0.74
11 1 Car -1 -1 -1 379.47 169.63 580.38 309.87 -1 -1 -1 -1000 -1000 -1000 -10 0.95
11 4 Car -1 -1 -1 814.63 181.75 881.24 209.76 -1 -1 -1 -1000 -1000 -1000 -10 0.82
11 3 Pedestrian -1 -1 -1 1104.96 140.17 1235.39 370.49 -1 -1 -1 -1000 -1000 -1000 -10 0.77
11 5 Car -1 -1 -1 1017.21 190.13 1098.49 219.17 -1 -1 -1 -1000 -1000 -1000 -10 0.69
12 1 Car -1 -1 -1 326.51 169.38 539.22 310.27 -1 -1 -1 -1000 -1000 -1000 -10 0.96
12 4 Car -1 -1 -1 804.17 180.03 875.41 209.68 -1 -1 -1 -1000 -1000 -1000 -10 0.83
12 5 Car -1 -1 -1 1009.13 191.62 1088.90 218.30 -1 -1 -1 -1000 -1000 -1000 -10 0.75
12 6 Car -1 -1 -1 1055.05 192.48 1138.06 219.88 -1 -1 -1 -1000 -1000 -1000 -10 0.66
13 1 Car -1 -1 -1 276.76 169.24 495.72 311.52 -1 -1 -1 -1000 -1000 -1000 -10 0.95
13 4 Car -1 -1 -1 802.02 179.19 876.35 210.20 -1 -1 -1 -1000 -1000 -1000 -10 0.87
13 6 Car -1 -1 -1 1059.42 190.95 1140.29 220.03 -1 -1 -1 -1000 -1000 -1000 -10 0.74
13 5 Car -1 -1 -1 1011.73 190.41 1081.41 216.99 -1 -1 -1 -1000 -1000 -1000 -10 0.60
14 1 Car -1 -1 -1 226.55 169.03 460.72 319.63 -1 -1 -1 -1000 -1000 -1000 -10 0.95
14 4 Car -1 -1 -1 807.94 179.97 882.75 211.37 -1 -1 -1 -1000 -1000 -1000 -10 0.81
14 5 Car -1 -1 -1 1025.98 191.36 1105.39 218.50 -1 -1 -1 -1000 -1000 -1000 -10 0.51
15 1 Car -1 -1 -1 179.57 174.45 429.08 328.26 -1 -1 -1 -1000 -1000 -1000 -10 0.96
15 4 Car -1 -1 -1 820.00 182.50 899.12 214.80 -1 -1 -1 -1000 -1000 -1000 -10 0.88
15 5 Car -1 -1 -1 1036.27 191.79 1118.15 220.73 -1 -1 -1 -1000 -1000 -1000 -10 0.54
15 7 Car -1 -1 -1 1226.60 194.44 1238.98 224.37 -1 -1 -1 -1000 -1000 -1000 -10 0.42
15 8 Car -1 -1 -1 1090.70 195.81 1171.72 223.52 -1 -1 -1 -1000 -1000 -1000 -10 0.41
16 1 Car -1 -1 -1 138.51 177.11 393.73 334.62 -1 -1 -1 -1000 -1000 -1000 -10 0.96
16 4 Car -1 -1 -1 841.22 184.79 922.23 217.80 -1 -1 -1 -1000 -1000 -1000 -10 0.91
16 8 Car -1 -1 -1 1124.02 198.31 1208.20 226.35 -1 -1 -1 -1000 -1000 -1000 -10 0.72
16 5 Car -1 -1 -1 1065.90 193.59 1150.22 224.98 -1 -1 -1 -1000 -1000 -1000 -10 0.71
17 1 Car -1 -1 -1 102.63 177.62 367.49 341.06 -1 -1 -1 -1000 -1000 -1000 -10 0.96
17 4 Car -1 -1 -1 869.17 185.96 953.13 221.10 -1 -1 -1 -1000 -1000 -1000 -10 0.85
17 8 Car -1 -1 -1 1163.68 197.89 1239.53 228.67 -1 -1 -1 -1000 -1000 -1000 -10 0.70
17 5 Car -1 -1 -1 1105.97 195.59 1195.23 229.08 -1 -1 -1 -1000 -1000 -1000 -10 0.69
18 1 Car -1 -1 -1 75.86 177.29 346.59 342.35 -1 -1 -1 -1000 -1000 -1000 -10 0.96
18 4 Car -1 -1 -1 907.89 186.54 995.38 221.51 -1 -1 -1 -1000 -1000 -1000 -10 0.87
18 5 Car -1 -1 -1 1162.01 195.77 1239.55 229.67 -1 -1 -1 -1000 -1000 -1000 -10 0.78
19 1 Car -1 -1 -1 55.94 182.59 328.52 343.29 -1 -1 -1 -1000 -1000 -1000 -10 0.97
19 4 Car -1 -1 -1 951.83 185.69 1049.02 223.46 -1 -1 -1 -1000 -1000 -1000 -10 0.90
20 1 Car -1 -1 -1 37.11 182.27 316.14 345.01 -1 -1 -1 -1000 -1000 -1000 -10 0.98
20 4 Car -1 -1 -1 1008.80 186.53 1113.53 225.46 -1 -1 -1 -1000 -1000 -1000 -10 0.94
21 1 Car -1 -1 -1 28.47 184.62 308.98 349.15 -1 -1 -1 -1000 -1000 -1000 -10 0.97
21 4 Car -1 -1 -1 1072.75 184.30 1190.55 227.71 -1 -1 -1 -1000 -1000 -1000 -10 0.93
22 1 Car -1 -1 -1 30.03 181.17 307.46 345.80 -1 -1 -1 -1000 -1000 -1000 -10 0.98
22 4 Car -1 -1 -1 1156.49 182.03 1239.45 229.87 -1 -1 -1 -1000 -1000 -1000 -10 0.82
22 9 Car -1 -1 -1 11.95 185.42 61.79 209.46 -1 -1 -1 -1000 -1000 -1000 -10 0.63
22 10 Car -1 -1 -1 -0.21 184.49 12.48 216.58 -1 -1 -1 -1000 -1000 -1000 -10 0.49
23 1 Car -1 -1 -1 36.49 181.96 309.11 345.41 -1 -1 -1 -1000 -1000 -1000 -10 0.96
23 10 Car -1 -1 -1 32.64 184.36 87.93 215.31 -1 -1 -1 -1000 -1000 -1000 -10 0.73
23 9 Car -1 -1 -1 80.90 184.47 132.13 211.12 -1 -1 -1 -1000 -1000 -1000 -10 0.66
23 11 Car -1 -1 -1 2.23 191.28 25.21 258.11 -1 -1 -1 -1000 -1000 -1000 -10 0.53
24 1 Car -1 -1 -1 53.69 182.30 315.03 343.49 -1 -1 -1 -1000 -1000 -1000 -10 0.97
24 11 Car -1 -1 -1 0.93 188.88 82.17 238.74 -1 -1 -1 -1000 -1000 -1000 -10 0.83
24 10 Car -1 -1 -1 99.95 179.94 161.21 214.37 -1 -1 -1 -1000 -1000 -1000 -10 0.55
24 12 Car -1 -1 -1 22.57 176.51 105.56 217.44 -1 -1 -1 -1000 -1000 -1000 -10 0.66
25 1 Car -1 -1 -1 75.60 177.88 324.58 334.19 -1 -1 -1 -1000 -1000 -1000 -10 0.97
25 12 Car -1 -1 -1 70.88 182.45 166.28 228.35 -1 -1 -1 -1000 -1000 -1000 -10 0.64
25 11 Car -1 -1 -1 23.15 183.71 97.53 218.95 -1 -1 -1 -1000 -1000 -1000 -10 0.60
25 10 Car -1 -1 -1 171.95 174.94 227.09 210.59 -1 -1 -1 -1000 -1000 -1000 -10 0.59
25 13 Car -1 -1 -1 210.73 173.82 274.88 212.61 -1 -1 -1 -1000 -1000 -1000 -10 0.49
25 14 Car -1 -1 -1 93.18 171.15 167.17 214.10 -1 -1 -1 -1000 -1000 -1000 -10 0.40
26 1 Car -1 -1 -1 99.81 175.37 338.87 327.40 -1 -1 -1 -1000 -1000 -1000 -10 0.97
26 11 Car -1 -1 -1 94.96 176.92 172.24 214.89 -1 -1 -1 -1000 -1000 -1000 -10 0.61
26 13 Car -1 -1 -1 282.79 170.20 326.32 193.22 -1 -1 -1 -1000 -1000 -1000 -10 0.52
26 10 Car -1 -1 -1 240.11 170.20 291.60 201.03 -1 -1 -1 -1000 -1000 -1000 -10 0.51
26 14 Car -1 -1 -1 164.48 168.00 235.65 209.31 -1 -1 -1 -1000 -1000 -1000 -10 0.44
26 15 Car -1 -1 -1 1.13 183.64 48.96 225.75 -1 -1 -1 -1000 -1000 -1000 -10 0.76
27 1 Car -1 -1 -1 129.66 173.47 354.98 322.05 -1 -1 -1 -1000 -1000 -1000 -10 0.97
27 15 Car -1 -1 -1 1.06 179.58 110.81 225.04 -1 -1 -1 -1000 -1000 -1000 -10 0.89
27 10 Car -1 -1 -1 303.48 168.32 345.02 193.73 -1 -1 -1 -1000 -1000 -1000 -10 0.82
27 13 Car -1 -1 -1 339.42 168.24 379.26 188.99 -1 -1 -1 -1000 -1000 -1000 -10 0.56
27 14 Car -1 -1 -1 233.87 164.71 290.31 199.52 -1 -1 -1 -1000 -1000 -1000 -10 0.41
28 1 Car -1 -1 -1 163.97 170.68 374.55 317.20 -1 -1 -1 -1000 -1000 -1000 -10 0.97
28 15 Car -1 -1 -1 39.66 179.15 166.61 224.31 -1 -1 -1 -1000 -1000 -1000 -10 0.83
28 14 Car -1 -1 -1 315.12 173.90 380.75 206.88 -1 -1 -1 -1000 -1000 -1000 -10 0.74
28 10 Car -1 -1 -1 360.72 167.50 402.04 193.12 -1 -1 -1 -1000 -1000 -1000 -10 0.70
28 13 Car -1 -1 -1 399.26 167.24 435.06 187.56 -1 -1 -1 -1000 -1000 -1000 -10 0.65
28 16 Car -1 -1 -1 295.92 165.07 351.62 198.75 -1 -1 -1 -1000 -1000 -1000 -10 0.56
29 1 Car -1 -1 -1 199.16 168.75 394.03 311.01 -1 -1 -1 -1000 -1000 -1000 -10 0.97
29 14 Car -1 -1 -1 377.20 171.43 448.36 206.51 -1 -1 -1 -1000 -1000 -1000 -10 0.86
29 15 Car -1 -1 -1 88.27 176.66 217.67 224.83 -1 -1 -1 -1000 -1000 -1000 -10 0.85
29 16 Car -1 -1 -1 347.52 163.93 407.50 196.73 -1 -1 -1 -1000 -1000 -1000 -10 0.69
29 13 Car -1 -1 -1 452.44 166.28 489.90 187.24 -1 -1 -1 -1000 -1000 -1000 -10 0.69
29 10 Car -1 -1 -1 413.32 165.41 458.53 194.93 -1 -1 -1 -1000 -1000 -1000 -10 0.56
30 1 Car -1 -1 -1 238.68 165.94 416.09 306.14 -1 -1 -1 -1000 -1000 -1000 -10 0.95
30 15 Car -1 -1 -1 134.32 175.99 257.81 224.09 -1 -1 -1 -1000 -1000 -1000 -10 0.86
30 14 Car -1 -1 -1 443.53 171.83 506.92 204.49 -1 -1 -1 -1000 -1000 -1000 -10 0.78
30 16 Car -1 -1 -1 398.97 161.77 456.76 194.10 -1 -1 -1 -1000 -1000 -1000 -10 0.75
30 13 Car -1 -1 -1 499.85 166.22 536.86 186.54 -1 -1 -1 -1000 -1000 -1000 -10 0.56
31 1 Car -1 -1 -1 280.08 169.87 437.33 303.02 -1 -1 -1 -1000 -1000 -1000 -10 0.95
31 14 Car -1 -1 -1 505.15 170.46 563.68 203.06 -1 -1 -1 -1000 -1000 -1000 -10 0.81
31 15 Car -1 -1 -1 179.56 177.65 306.14 226.93 -1 -1 -1 -1000 -1000 -1000 -10 0.81
31 16 Car -1 -1 -1 446.63 164.05 510.39 197.69 -1 -1 -1 -1000 -1000 -1000 -10 0.80
31 13 Car -1 -1 -1 551.17 168.02 586.32 188.14 -1 -1 -1 -1000 -1000 -1000 -10 0.63
31 17 Car -1 -1 -1 391.33 173.98 450.20 205.13 -1 -1 -1 -1000 -1000 -1000 -10 0.54
31 18 Pedestrian -1 -1 -1 1009.17 157.34 1036.51 229.15 -1 -1 -1 -1000 -1000 -1000 -10 0.42
32 1 Car -1 -1 -1 318.08 168.50 463.37 296.94 -1 -1 -1 -1000 -1000 -1000 -10 0.93
32 15 Car -1 -1 -1 211.44 177.10 343.15 226.95 -1 -1 -1 -1000 -1000 -1000 -10 0.86
32 17 Car -1 -1 -1 431.05 175.35 495.91 204.21 -1 -1 -1 -1000 -1000 -1000 -10 0.81
32 14 Car -1 -1 -1 564.17 170.71 621.32 202.62 -1 -1 -1 -1000 -1000 -1000 -10 0.78
32 16 Car -1 -1 -1 493.63 163.78 556.29 197.74 -1 -1 -1 -1000 -1000 -1000 -10 0.76
32 18 Pedestrian -1 -1 -1 1101.74 157.67 1129.82 237.45 -1 -1 -1 -1000 -1000 -1000 -10 0.62
32 13 Car -1 -1 -1 597.21 167.96 633.94 188.93 -1 -1 -1 -1000 -1000 -1000 -10 0.53
32 19 Car -1 -1 -1 556.43 167.06 595.91 195.32 -1 -1 -1 -1000 -1000 -1000 -10 0.46
33 1 Car -1 -1 -1 356.34 170.88 494.20 294.50 -1 -1 -1 -1000 -1000 -1000 -10 0.94
33 17 Car -1 -1 -1 473.94 175.15 538.97 206.03 -1 -1 -1 -1000 -1000 -1000 -10 0.85
33 15 Car -1 -1 -1 258.35 177.46 381.52 226.76 -1 -1 -1 -1000 -1000 -1000 -10 0.83
33 14 Car -1 -1 -1 623.87 171.22 677.69 201.77 -1 -1 -1 -1000 -1000 -1000 -10 0.81
33 16 Car -1 -1 -1 537.13 165.40 601.36 198.32 -1 -1 -1 -1000 -1000 -1000 -10 0.79
33 19 Car -1 -1 -1 603.14 168.18 643.40 194.63 -1 -1 -1 -1000 -1000 -1000 -10 0.71
33 18 Pedestrian -1 -1 -1 1204.54 156.45 1228.93 245.69 -1 -1 -1 -1000 -1000 -1000 -10 0.40
34 1 Car -1 -1 -1 394.06 173.37 526.49 290.84 -1 -1 -1 -1000 -1000 -1000 -10 0.93
34 15 Car -1 -1 -1 282.46 179.55 412.77 230.32 -1 -1 -1 -1000 -1000 -1000 -10 0.86
34 16 Car -1 -1 -1 583.03 164.81 647.16 198.58 -1 -1 -1 -1000 -1000 -1000 -10 0.85
34 14 Car -1 -1 -1 682.45 168.34 733.24 200.77 -1 -1 -1 -1000 -1000 -1000 -10 0.80
34 19 Car -1 -1 -1 647.93 168.42 691.46 193.26 -1 -1 -1 -1000 -1000 -1000 -10 0.78
34 17 Car -1 -1 -1 515.15 175.58 584.42 206.41 -1 -1 -1 -1000 -1000 -1000 -10 0.76
35 1 Car -1 -1 -1 436.34 170.37 561.88 287.51 -1 -1 -1 -1000 -1000 -1000 -10 0.92
35 15 Car -1 -1 -1 311.62 179.03 443.78 231.65 -1 -1 -1 -1000 -1000 -1000 -10 0.88
35 16 Car -1 -1 -1 625.39 163.98 689.79 198.98 -1 -1 -1 -1000 -1000 -1000 -10 0.83
35 19 Car -1 -1 -1 690.00 168.47 735.40 194.03 -1 -1 -1 -1000 -1000 -1000 -10 0.78
35 17 Car -1 -1 -1 555.72 175.28 626.15 206.77 -1 -1 -1 -1000 -1000 -1000 -10 0.76
35 14 Car -1 -1 -1 735.42 168.29 788.70 197.50 -1 -1 -1 -1000 -1000 -1000 -10 0.76
36 1 Car -1 -1 -1 475.75 172.01 599.57 285.61 -1 -1 -1 -1000 -1000 -1000 -10 0.94
36 15 Car -1 -1 -1 317.83 176.94 470.25 239.81 -1 -1 -1 -1000 -1000 -1000 -10 0.92
36 16 Car -1 -1 -1 663.26 164.76 731.29 199.95 -1 -1 -1 -1000 -1000 -1000 -10 0.88
36 17 Car -1 -1 -1 589.64 175.78 658.01 209.33 -1 -1 -1 -1000 -1000 -1000 -10 0.83
36 19 Car -1 -1 -1 732.82 169.31 775.66 194.83 -1 -1 -1 -1000 -1000 -1000 -10 0.80
36 14 Car -1 -1 -1 791.27 169.91 841.92 199.51 -1 -1 -1 -1000 -1000 -1000 -10 0.79
37 1 Car -1 -1 -1 513.10 172.89 640.47 284.35 -1 -1 -1 -1000 -1000 -1000 -10 0.93
37 15 Car -1 -1 -1 323.65 178.87 488.65 246.15 -1 -1 -1 -1000 -1000 -1000 -10 0.90
37 16 Car -1 -1 -1 697.40 165.87 766.96 202.66 -1 -1 -1 -1000 -1000 -1000 -10 0.85
37 17 Car -1 -1 -1 621.95 178.10 691.70 210.65 -1 -1 -1 -1000 -1000 -1000 -10 0.84
37 19 Car -1 -1 -1 764.99 171.20 815.79 197.47 -1 -1 -1 -1000 -1000 -1000 -10 0.80
37 14 Car -1 -1 -1 840.77 172.80 892.52 200.21 -1 -1 -1 -1000 -1000 -1000 -10 0.74
37 20 Car -1 -1 -1 814.79 169.71 857.83 193.14 -1 -1 -1 -1000 -1000 -1000 -10 0.41
38 1 Car -1 -1 -1 551.60 173.64 685.10 283.56 -1 -1 -1 -1000 -1000 -1000 -10 0.93
38 16 Car -1 -1 -1 728.49 166.30 803.05 205.20 -1 -1 -1 -1000 -1000 -1000 -10 0.91
38 15 Car -1 -1 -1 323.19 178.05 504.05 248.35 -1 -1 -1 -1000 -1000 -1000 -10 0.89
38 19 Car -1 -1 -1 799.99 172.11 849.74 199.28 -1 -1 -1 -1000 -1000 -1000 -10 0.85
38 14 Car -1 -1 -1 886.10 172.19 935.30 201.02 -1 -1 -1 -1000 -1000 -1000 -10 0.79
38 17 Car -1 -1 -1 645.56 177.76 718.45 214.77 -1 -1 -1 -1000 -1000 -1000 -10 0.78
38 20 Car -1 -1 -1 845.83 170.92 890.47 195.22 -1 -1 -1 -1000 -1000 -1000 -10 0.68
39 1 Car -1 -1 -1 587.14 174.00 721.90 283.63 -1 -1 -1 -1000 -1000 -1000 -10 0.94
39 16 Car -1 -1 -1 753.50 165.63 832.96 207.96 -1 -1 -1 -1000 -1000 -1000 -10 0.91
39 15 Car -1 -1 -1 318.26 180.43 508.98 252.45 -1 -1 -1 -1000 -1000 -1000 -10 0.90
39 19 Car -1 -1 -1 827.98 173.31 881.66 200.90 -1 -1 -1 -1000 -1000 -1000 -10 0.76
39 20 Car -1 -1 -1 881.54 173.04 921.97 196.34 -1 -1 -1 -1000 -1000 -1000 -10 0.71
39 17 Car -1 -1 -1 676.74 179.48 740.36 217.06 -1 -1 -1 -1000 -1000 -1000 -10 0.70
39 14 Car -1 -1 -1 929.75 172.91 983.98 200.82 -1 -1 -1 -1000 -1000 -1000 -10 0.44
40 1 Car -1 -1 -1 622.74 177.98 763.40 285.45 -1 -1 -1 -1000 -1000 -1000 -10 0.95
40 16 Car -1 -1 -1 773.52 167.85 854.74 211.43 -1 -1 -1 -1000 -1000 -1000 -10 0.91
40 19 Car -1 -1 -1 853.00 174.70 905.43 204.41 -1 -1 -1 -1000 -1000 -1000 -10 0.89
40 15 Car -1 -1 -1 299.65 183.30 510.72 257.51 -1 -1 -1 -1000 -1000 -1000 -10 0.84
40 14 Car -1 -1 -1 966.20 174.14 1015.62 204.09 -1 -1 -1 -1000 -1000 -1000 -10 0.77
40 20 Car -1 -1 -1 905.71 174.98 951.65 199.05 -1 -1 -1 -1000 -1000 -1000 -10 0.66
40 17 Car -1 -1 -1 696.58 181.41 766.39 220.35 -1 -1 -1 -1000 -1000 -1000 -10 0.65
41 1 Car -1 -1 -1 658.87 178.35 803.85 287.07 -1 -1 -1 -1000 -1000 -1000 -10 0.95
41 16 Car -1 -1 -1 791.52 171.32 872.08 215.16 -1 -1 -1 -1000 -1000 -1000 -10 0.93
41 15 Car -1 -1 -1 272.85 183.79 498.90 266.09 -1 -1 -1 -1000 -1000 -1000 -10 0.90
41 19 Car -1 -1 -1 872.61 178.65 927.27 209.07 -1 -1 -1 -1000 -1000 -1000 -10 0.82
41 14 Car -1 -1 -1 996.27 179.27 1048.13 207.97 -1 -1 -1 -1000 -1000 -1000 -10 0.68
41 20 Car -1 -1 -1 927.21 178.41 976.45 203.21 -1 -1 -1 -1000 -1000 -1000 -10 0.67
42 1 Car -1 -1 -1 693.89 179.65 840.50 286.22 -1 -1 -1 -1000 -1000 -1000 -10 0.94
42 15 Car -1 -1 -1 220.69 187.09 481.44 278.11 -1 -1 -1 -1000 -1000 -1000 -10 0.91
42 16 Car -1 -1 -1 805.20 172.34 884.98 216.02 -1 -1 -1 -1000 -1000 -1000 -10 0.88
42 20 Car -1 -1 -1 945.13 179.50 992.33 204.59 -1 -1 -1 -1000 -1000 -1000 -10 0.79
42 19 Car -1 -1 -1 887.78 178.81 945.67 210.62 -1 -1 -1 -1000 -1000 -1000 -10 0.75
42 14 Car -1 -1 -1 1017.20 179.93 1075.45 207.11 -1 -1 -1 -1000 -1000 -1000 -10 0.62
43 1 Car -1 -1 -1 730.98 182.82 877.88 287.98 -1 -1 -1 -1000 -1000 -1000 -10 0.93
43 15 Car -1 -1 -1 154.15 188.83 448.38 290.91 -1 -1 -1 -1000 -1000 -1000 -10 0.93
43 20 Car -1 -1 -1 956.55 180.34 1003.98 205.63 -1 -1 -1 -1000 -1000 -1000 -10 0.83
43 19 Car -1 -1 -1 896.73 179.25 953.85 213.88 -1 -1 -1 -1000 -1000 -1000 -10 0.83
43 16 Car -1 -1 -1 816.88 172.53 894.81 215.92 -1 -1 -1 -1000 -1000 -1000 -10 0.83
43 14 Car -1 -1 -1 1045.13 179.63 1101.17 209.09 -1 -1 -1 -1000 -1000 -1000 -10 0.52
43 21 Car -1 -1 -1 691.71 185.83 779.49 233.56 -1 -1 -1 -1000 -1000 -1000 -10 0.83
43 22 Car -1 -1 -1 996.81 165.43 1050.07 204.20 -1 -1 -1 -1000 -1000 -1000 -10 0.51
44 1 Car -1 -1 -1 758.06 180.49 907.55 284.07 -1 -1 -1 -1000 -1000 -1000 -10 0.96
44 21 Car -1 -1 -1 682.18 184.32 787.39 234.18 -1 -1 -1 -1000 -1000 -1000 -10 0.93
44 15 Car -1 -1 -1 63.03 188.91 398.80 298.61 -1 -1 -1 -1000 -1000 -1000 -10 0.90
44 19 Car -1 -1 -1 899.10 179.12 959.23 213.75 -1 -1 -1 -1000 -1000 -1000 -10 0.89
44 20 Car -1 -1 -1 961.24 179.57 1008.15 205.04 -1 -1 -1 -1000 -1000 -1000 -10 0.77
44 14 Car -1 -1 -1 1059.84 178.36 1108.50 209.24 -1 -1 -1 -1000 -1000 -1000 -10 0.75
44 22 Car -1 -1 -1 1005.02 165.41 1055.10 203.44 -1 -1 -1 -1000 -1000 -1000 -10 0.68
44 16 Car -1 -1 -1 819.40 172.30 891.95 215.12 -1 -1 -1 -1000 -1000 -1000 -10 0.52
44 23 Car -1 -1 -1 835.20 173.41 900.00 213.57 -1 -1 -1 -1000 -1000 -1000 -10 0.44
45 1 Car -1 -1 -1 782.10 171.05 929.97 278.27 -1 -1 -1 -1000 -1000 -1000 -10 0.96
45 15 Car -1 -1 -1 -8.26 189.49 338.17 314.02 -1 -1 -1 -1000 -1000 -1000 -10 0.90
45 21 Car -1 -1 -1 667.84 181.60 770.45 233.78 -1 -1 -1 -1000 -1000 -1000 -10 0.89
45 19 Car -1 -1 -1 897.06 173.65 954.62 207.64 -1 -1 -1 -1000 -1000 -1000 -10 0.83
45 14 Car -1 -1 -1 1065.46 173.40 1111.86 202.97 -1 -1 -1 -1000 -1000 -1000 -10 0.69
45 20 Car -1 -1 -1 959.66 172.99 1005.31 200.12 -1 -1 -1 -1000 -1000 -1000 -10 0.68
45 22 Car -1 -1 -1 1002.54 157.04 1050.21 197.35 -1 -1 -1 -1000 -1000 -1000 -10 0.60
45 23 Car -1 -1 -1 835.25 171.98 899.96 213.26 -1 -1 -1 -1000 -1000 -1000 -10 0.50
46 1 Car -1 -1 -1 803.26 174.07 947.86 281.40 -1 -1 -1 -1000 -1000 -1000 -10 0.96
46 15 Car -1 -1 -1 -0.47 189.57 236.31 337.45 -1 -1 -1 -1000 -1000 -1000 -10 0.88
46 21 Car -1 -1 -1 643.13 184.30 751.97 238.76 -1 -1 -1 -1000 -1000 -1000 -10 0.85
46 14 Car -1 -1 -1 1060.30 175.36 1102.07 202.99 -1 -1 -1 -1000 -1000 -1000 -10 0.83
46 20 Car -1 -1 -1 948.12 174.68 994.89 202.41 -1 -1 -1 -1000 -1000 -1000 -10 0.78
46 23 Car -1 -1 -1 785.44 168.41 878.71 219.80 -1 -1 -1 -1000 -1000 -1000 -10 0.78
46 19 Car -1 -1 -1 891.50 174.43 943.78 218.58 -1 -1 -1 -1000 -1000 -1000 -10 0.68
46 22 Car -1 -1 -1 989.87 156.92 1038.55 200.18 -1 -1 -1 -1000 -1000 -1000 -10 0.49
46 24 Pedestrian -1 -1 -1 613.09 176.31 633.25 223.66 -1 -1 -1 -1000 -1000 -1000 -10 0.40
47 1 Car -1 -1 -1 818.70 176.52 954.55 280.89 -1 -1 -1 -1000 -1000 -1000 -10 0.97
47 21 Car -1 -1 -1 611.52 186.60 726.08 245.91 -1 -1 -1 -1000 -1000 -1000 -10 0.91
47 23 Car -1 -1 -1 763.58 170.05 860.77 224.85 -1 -1 -1 -1000 -1000 -1000 -10 0.89
47 14 Car -1 -1 -1 1045.65 179.42 1086.02 205.57 -1 -1 -1 -1000 -1000 -1000 -10 0.78
47 22 Car -1 -1 -1 971.70 159.53 1018.24 204.50 -1 -1 -1 -1000 -1000 -1000 -10 0.68
47 20 Car -1 -1 -1 930.97 176.80 976.36 207.46 -1 -1 -1 -1000 -1000 -1000 -10 0.67
47 15 Car -1 -1 -1 1.58 164.15 87.93 370.19 -1 -1 -1 -1000 -1000 -1000 -10 0.47
47 24 Pedestrian -1 -1 -1 593.67 179.09 613.96 223.48 -1 -1 -1 -1000 -1000 -1000 -10 0.44
48 1 Car -1 -1 -1 823.69 176.50 948.82 280.10 -1 -1 -1 -1000 -1000 -1000 -10 0.98
48 21 Car -1 -1 -1 562.35 187.45 691.34 254.39 -1 -1 -1 -1000 -1000 -1000 -10 0.95
48 23 Car -1 -1 -1 731.66 169.68 831.04 226.27 -1 -1 -1 -1000 -1000 -1000 -10 0.91
48 14 Car -1 -1 -1 1021.54 178.22 1055.01 203.00 -1 -1 -1 -1000 -1000 -1000 -10 0.72
48 22 Car -1 -1 -1 941.63 161.04 987.47 203.71 -1 -1 -1 -1000 -1000 -1000 -10 0.66
48 20 Car -1 -1 -1 903.19 177.43 949.53 210.81 -1 -1 -1 -1000 -1000 -1000 -10 0.53
49 1 Car -1 -1 -1 815.26 173.92 933.98 274.90 -1 -1 -1 -1000 -1000 -1000 -10 0.97
49 21 Car -1 -1 -1 500.92 184.65 645.15 257.78 -1 -1 -1 -1000 -1000 -1000 -10 0.94
49 23 Car -1 -1 -1 688.85 168.13 791.35 228.41 -1 -1 -1 -1000 -1000 -1000 -10 0.93
49 14 Car -1 -1 -1 987.65 176.47 1017.60 202.23 -1 -1 -1 -1000 -1000 -1000 -10 0.65
49 22 Car -1 -1 -1 903.97 160.74 948.03 202.22 -1 -1 -1 -1000 -1000 -1000 -10 0.59
49 25 Car -1 -1 -1 800.94 176.18 863.25 212.56 -1 -1 -1 -1000 -1000 -1000 -10 0.72
50 1 Car -1 -1 -1 798.93 173.34 906.42 268.92 -1 -1 -1 -1000 -1000 -1000 -10 0.95
50 21 Car -1 -1 -1 423.74 183.79 590.46 266.13 -1 -1 -1 -1000 -1000 -1000 -10 0.94
50 23 Car -1 -1 -1 638.25 166.00 747.59 230.78 -1 -1 -1 -1000 -1000 -1000 -10 0.92
50 25 Car -1 -1 -1 756.34 174.04 817.49 214.41 -1 -1 -1 -1000 -1000 -1000 -10 0.81
50 14 Car -1 -1 -1 940.57 172.27 973.60 200.50 -1 -1 -1 -1000 -1000 -1000 -10 0.74
50 26 Car -1 -1 -1 907.18 175.17 936.52 195.06 -1 -1 -1 -1000 -1000 -1000 -10 0.49
51 23 Car -1 -1 -1 584.21 165.49 701.03 235.39 -1 -1 -1 -1000 -1000 -1000 -10 0.94
51 21 Car -1 -1 -1 323.37 183.38 527.58 280.75 -1 -1 -1 -1000 -1000 -1000 -10 0.94
51 1 Car -1 -1 -1 774.28 173.57 877.03 265.71 -1 -1 -1 -1000 -1000 -1000 -10 0.91
51 25 Car -1 -1 -1 709.58 171.66 771.31 215.66 -1 -1 -1 -1000 -1000 -1000 -10 0.81
51 14 Car -1 -1 -1 895.61 173.76 926.21 198.37 -1 -1 -1 -1000 -1000 -1000 -10 0.70
51 26 Car -1 -1 -1 862.67 174.85 887.16 193.57 -1 -1 -1 -1000 -1000 -1000 -10 0.53
52 1 Car -1 -1 -1 745.90 176.13 843.67 265.15 -1 -1 -1 -1000 -1000 -1000 -10 0.93
52 23 Car -1 -1 -1 524.95 166.68 649.85 242.48 -1 -1 -1 -1000 -1000 -1000 -10 0.91
52 21 Car -1 -1 -1 199.72 188.80 455.61 305.74 -1 -1 -1 -1000 -1000 -1000 -10 0.91
52 25 Car -1 -1 -1 659.52 174.41 726.43 221.41 -1 -1 -1 -1000 -1000 -1000 -10 0.89
52 14 Car -1 -1 -1 851.69 174.69 877.19 198.92 -1 -1 -1 -1000 -1000 -1000 -10 0.61
52 27 Car -1 -1 -1 773.34 161.96 814.86 192.49 -1 -1 -1 -1000 -1000 -1000 -10 0.54
52 28 Car -1 -1 -1 736.87 176.27 780.30 203.62 -1 -1 -1 -1000 -1000 -1000 -10 0.48
53 21 Car -1 -1 -1 12.11 188.79 355.77 346.38 -1 -1 -1 -1000 -1000 -1000 -10 0.94
53 1 Car -1 -1 -1 713.04 177.72 806.34 264.07 -1 -1 -1 -1000 -1000 -1000 -10 0.93
53 23 Car -1 -1 -1 454.65 170.02 596.24 254.29 -1 -1 -1 -1000 -1000 -1000 -10 0.91
53 25 Car -1 -1 -1 605.27 177.08 677.64 226.40 -1 -1 -1 -1000 -1000 -1000 -10 0.85
53 14 Car -1 -1 -1 805.88 176.31 830.40 201.91 -1 -1 -1 -1000 -1000 -1000 -10 0.68
53 28 Car -1 -1 -1 691.79 178.77 731.03 205.40 -1 -1 -1 -1000 -1000 -1000 -10 0.64
53 27 Car -1 -1 -1 727.36 163.85 767.51 198.33 -1 -1 -1 -1000 -1000 -1000 -10 0.56
54 21 Car -1 -1 -1 -4.92 193.54 232.90 372.19 -1 -1 -1 -1000 -1000 -1000 -10 0.96
54 1 Car -1 -1 -1 678.14 176.52 768.66 262.18 -1 -1 -1 -1000 -1000 -1000 -10 0.92
54 23 Car -1 -1 -1 369.85 165.63 533.99 260.91 -1 -1 -1 -1000 -1000 -1000 -10 0.92
54 25 Car -1 -1 -1 545.65 176.36 624.56 231.13 -1 -1 -1 -1000 -1000 -1000 -10 0.83
54 28 Car -1 -1 -1 640.29 177.54 683.64 207.57 -1 -1 -1 -1000 -1000 -1000 -10 0.78
54 14 Car -1 -1 -1 761.99 177.20 784.65 200.16 -1 -1 -1 -1000 -1000 -1000 -10 0.62
54 27 Car -1 -1 -1 677.95 163.39 716.21 198.62 -1 -1 -1 -1000 -1000 -1000 -10 0.43
55 1 Car -1 -1 -1 641.93 176.20 728.12 258.06 -1 -1 -1 -1000 -1000 -1000 -10 0.95
55 23 Car -1 -1 -1 268.65 164.90 472.12 276.46 -1 -1 -1 -1000 -1000 -1000 -10 0.91
55 25 Car -1 -1 -1 485.96 176.91 572.12 234.53 -1 -1 -1 -1000 -1000 -1000 -10 0.90
55 28 Car -1 -1 -1 588.32 176.43 635.92 209.50 -1 -1 -1 -1000 -1000 -1000 -10 0.76
55 14 Car -1 -1 -1 716.23 175.75 739.96 201.30 -1 -1 -1 -1000 -1000 -1000 -10 0.65
55 27 Car -1 -1 -1 630.84 162.12 670.28 202.03 -1 -1 -1 -1000 -1000 -1000 -10 0.63
56 1 Car -1 -1 -1 609.44 178.08 692.16 255.40 -1 -1 -1 -1000 -1000 -1000 -10 0.94
56 25 Car -1 -1 -1 422.79 177.21 520.13 242.28 -1 -1 -1 -1000 -1000 -1000 -10 0.92
56 23 Car -1 -1 -1 133.72 168.11 398.70 303.77 -1 -1 -1 -1000 -1000 -1000 -10 0.91
56 28 Car -1 -1 -1 540.45 176.63 590.55 212.22 -1 -1 -1 -1000 -1000 -1000 -10 0.76
56 14 Car -1 -1 -1 675.52 176.32 701.90 202.27 -1 -1 -1 -1000 -1000 -1000 -10 0.64
56 27 Car -1 -1 -1 586.65 163.83 628.90 205.77 -1 -1 -1 -1000 -1000 -1000 -10 0.50
57 23 Car -1 -1 -1 -1.16 164.09 337.85 339.68 -1 -1 -1 -1000 -1000 -1000 -10 0.93
57 25 Car -1 -1 -1 368.43 178.24 480.06 248.98 -1 -1 -1 -1000 -1000 -1000 -10 0.92
57 1 Car -1 -1 -1 589.84 176.56 670.05 251.09 -1 -1 -1 -1000 -1000 -1000 -10 0.92
57 28 Car -1 -1 -1 506.32 176.60 561.42 212.53 -1 -1 -1 -1000 -1000 -1000 -10 0.85
57 14 Car -1 -1 -1 648.19 175.87 677.23 202.01 -1 -1 -1 -1000 -1000 -1000 -10 0.60
57 27 Car -1 -1 -1 559.89 157.72 607.22 204.51 -1 -1 -1 -1000 -1000 -1000 -10 0.55
58 1 Car -1 -1 -1 580.84 175.58 658.48 250.53 -1 -1 -1 -1000 -1000 -1000 -10 0.97
58 23 Car -1 -1 -1 -2.65 157.92 270.26 369.10 -1 -1 -1 -1000 -1000 -1000 -10 0.94
58 25 Car -1 -1 -1 318.13 178.45 445.51 256.68 -1 -1 -1 -1000 -1000 -1000 -10 0.93
58 28 Car -1 -1 -1 480.68 176.31 542.13 215.43 -1 -1 -1 -1000 -1000 -1000 -10 0.81
58 27 Car -1 -1 -1 542.02 158.58 588.87 204.77 -1 -1 -1 -1000 -1000 -1000 -10 0.76
58 14 Car -1 -1 -1 636.60 174.08 663.96 198.65 -1 -1 -1 -1000 -1000 -1000 -10 0.53
59 1 Car -1 -1 -1 579.76 176.25 655.82 249.86 -1 -1 -1 -1000 -1000 -1000 -10 0.94
59 25 Car -1 -1 -1 261.23 183.79 411.28 272.08 -1 -1 -1 -1000 -1000 -1000 -10 0.90
59 28 Car -1 -1 -1 461.23 178.57 529.68 220.79 -1 -1 -1 -1000 -1000 -1000 -10 0.86
59 27 Car -1 -1 -1 531.80 162.48 582.12 207.75 -1 -1 -1 -1000 -1000 -1000 -10 0.78
59 23 Car -1 -1 -1 -4.86 151.26 179.44 367.72 -1 -1 -1 -1000 -1000 -1000 -10 0.65
59 14 Car -1 -1 -1 632.21 174.81 658.95 202.44 -1 -1 -1 -1000 -1000 -1000 -10 0.55
60 1 Car -1 -1 -1 582.22 177.09 655.84 249.06 -1 -1 -1 -1000 -1000 -1000 -10 0.97
60 25 Car -1 -1 -1 192.09 187.40 385.46 292.60 -1 -1 -1 -1000 -1000 -1000 -10 0.91
60 27 Car -1 -1 -1 525.66 159.78 580.46 210.58 -1 -1 -1 -1000 -1000 -1000 -10 0.87
60 28 Car -1 -1 -1 444.50 180.52 520.12 224.69 -1 -1 -1 -1000 -1000 -1000 -10 0.84
60 14 Car -1 -1 -1 632.47 176.00 658.78 202.13 -1 -1 -1 -1000 -1000 -1000 -10 0.74
61 1 Car -1 -1 -1 588.20 177.23 660.00 247.82 -1 -1 -1 -1000 -1000 -1000 -10 0.95
61 28 Car -1 -1 -1 429.27 182.36 511.44 228.60 -1 -1 -1 -1000 -1000 -1000 -10 0.91
61 25 Car -1 -1 -1 97.71 187.40 348.02 316.40 -1 -1 -1 -1000 -1000 -1000 -10 0.89
61 27 Car -1 -1 -1 523.72 159.05 580.78 211.61 -1 -1 -1 -1000 -1000 -1000 -10 0.87
61 14 Car -1 -1 -1 634.17 176.36 664.74 201.91 -1 -1 -1 -1000 -1000 -1000 -10 0.61
61 29 Cyclist -1 -1 -1 312.16 179.45 367.26 247.29 -1 -1 -1 -1000 -1000 -1000 -10 0.55
62 25 Car -1 -1 -1 1.57 195.69 296.93 361.99 -1 -1 -1 -1000 -1000 -1000 -10 0.95
62 28 Car -1 -1 -1 403.93 181.15 501.81 234.70 -1 -1 -1 -1000 -1000 -1000 -10 0.93
62 1 Car -1 -1 -1 593.48 176.30 664.91 247.02 -1 -1 -1 -1000 -1000 -1000 -10 0.90
62 27 Car -1 -1 -1 519.74 156.84 579.39 212.49 -1 -1 -1 -1000 -1000 -1000 -10 0.79
62 29 Cyclist -1 -1 -1 266.74 182.13 334.61 258.46 -1 -1 -1 -1000 -1000 -1000 -10 0.65
62 14 Car -1 -1 -1 638.32 175.42 667.92 202.05 -1 -1 -1 -1000 -1000 -1000 -10 0.62
62 30 Car -1 -1 -1 553.76 177.49 591.98 204.19 -1 -1 -1 -1000 -1000 -1000 -10 0.49
62 31 Car -1 -1 -1 580.42 177.95 611.50 200.17 -1 -1 -1 -1000 -1000 -1000 -10 0.43
63 25 Car -1 -1 -1 -5.08 194.57 210.63 370.24 -1 -1 -1 -1000 -1000 -1000 -10 0.96
63 1 Car -1 -1 -1 596.50 175.91 665.68 243.40 -1 -1 -1 -1000 -1000 -1000 -10 0.96
63 28 Car -1 -1 -1 377.71 180.73 486.56 238.87 -1 -1 -1 -1000 -1000 -1000 -10 0.94
63 27 Car -1 -1 -1 513.11 153.56 576.53 211.50 -1 -1 -1 -1000 -1000 -1000 -10 0.79
63 31 Car -1 -1 -1 580.84 177.71 610.27 199.71 -1 -1 -1 -1000 -1000 -1000 -10 0.79
63 30 Car -1 -1 -1 551.11 176.65 592.57 204.90 -1 -1 -1 -1000 -1000 -1000 -10 0.78
63 14 Car -1 -1 -1 640.11 176.21 668.57 201.86 -1 -1 -1 -1000 -1000 -1000 -10 0.69
63 29 Cyclist -1 -1 -1 205.16 180.42 287.22 277.15 -1 -1 -1 -1000 -1000 -1000 -10 0.64
64 1 Car -1 -1 -1 597.36 177.08 664.63 243.15 -1 -1 -1 -1000 -1000 -1000 -10 0.94
64 28 Car -1 -1 -1 336.98 182.50 465.64 249.36 -1 -1 -1 -1000 -1000 -1000 -10 0.94
64 27 Car -1 -1 -1 503.03 154.47 570.63 215.64 -1 -1 -1 -1000 -1000 -1000 -10 0.87
64 30 Car -1 -1 -1 546.88 178.72 588.77 206.29 -1 -1 -1 -1000 -1000 -1000 -10 0.82
64 31 Car -1 -1 -1 575.99 178.81 607.81 201.59 -1 -1 -1 -1000 -1000 -1000 -10 0.80
64 14 Car -1 -1 -1 640.30 177.15 666.72 201.71 -1 -1 -1 -1000 -1000 -1000 -10 0.77
64 29 Cyclist -1 -1 -1 111.79 182.33 217.71 298.51 -1 -1 -1 -1000 -1000 -1000 -10 0.59
65 28 Car -1 -1 -1 286.00 182.24 439.98 260.63 -1 -1 -1 -1000 -1000 -1000 -10 0.94
65 27 Car -1 -1 -1 489.58 154.08 561.82 218.54 -1 -1 -1 -1000 -1000 -1000 -10 0.88
65 1 Car -1 -1 -1 595.62 177.73 663.03 244.99 -1 -1 -1 -1000 -1000 -1000 -10 0.87
65 30 Car -1 -1 -1 537.52 179.32 582.52 209.75 -1 -1 -1 -1000 -1000 -1000 -10 0.76
65 31 Car -1 -1 -1 570.44 179.32 604.34 202.60 -1 -1 -1 -1000 -1000 -1000 -10 0.69
65 14 Car -1 -1 -1 636.98 177.65 664.66 202.45 -1 -1 -1 -1000 -1000 -1000 -10 0.67
65 29 Cyclist -1 -1 -1 4.67 187.51 107.67 339.10 -1 -1 -1 -1000 -1000 -1000 -10 0.42
66 28 Car -1 -1 -1 214.13 185.74 402.22 278.98 -1 -1 -1 -1000 -1000 -1000 -10 0.95
66 1 Car -1 -1 -1 591.30 178.95 660.03 243.73 -1 -1 -1 -1000 -1000 -1000 -10 0.90
66 30 Car -1 -1 -1 524.26 181.68 573.07 211.72 -1 -1 -1 -1000 -1000 -1000 -10 0.87
66 27 Car -1 -1 -1 472.36 154.78 549.76 223.37 -1 -1 -1 -1000 -1000 -1000 -10 0.86
66 31 Car -1 -1 -1 563.61 181.05 597.13 204.92 -1 -1 -1 -1000 -1000 -1000 -10 0.86
66 14 Car -1 -1 -1 631.03 178.42 660.71 202.84 -1 -1 -1 -1000 -1000 -1000 -10 0.59
67 28 Car -1 -1 -1 100.34 185.59 354.44 303.26 -1 -1 -1 -1000 -1000 -1000 -10 0.94
67 1 Car -1 -1 -1 589.53 179.15 654.95 243.55 -1 -1 -1 -1000 -1000 -1000 -10 0.91
67 27 Car -1 -1 -1 456.09 151.88 540.12 227.53 -1 -1 -1 -1000 -1000 -1000 -10 0.88
67 30 Car -1 -1 -1 510.65 182.19 566.38 214.90 -1 -1 -1 -1000 -1000 -1000 -10 0.81
67 31 Car -1 -1 -1 556.98 181.74 593.45 207.79 -1 -1 -1 -1000 -1000 -1000 -10 0.74
67 14 Car -1 -1 -1 627.98 179.39 657.77 204.94 -1 -1 -1 -1000 -1000 -1000 -10 0.59
68 28 Car -1 -1 -1 -4.71 188.80 294.83 346.43 -1 -1 -1 -1000 -1000 -1000 -10 0.95
68 1 Car -1 -1 -1 588.26 178.07 652.00 240.43 -1 -1 -1 -1000 -1000 -1000 -10 0.94
68 27 Car -1 -1 -1 434.58 147.48 530.70 231.98 -1 -1 -1 -1000 -1000 -1000 -10 0.91
68 31 Car -1 -1 -1 551.41 180.23 587.66 207.33 -1 -1 -1 -1000 -1000 -1000 -10 0.86
68 30 Car -1 -1 -1 499.30 180.60 558.09 216.27 -1 -1 -1 -1000 -1000 -1000 -10 0.80
68 14 Car -1 -1 -1 628.69 177.29 657.24 200.31 -1 -1 -1 -1000 -1000 -1000 -10 0.61
69 28 Car -1 -1 -1 -3.43 197.74 193.56 367.21 -1 -1 -1 -1000 -1000 -1000 -10 0.94
69 1 Car -1 -1 -1 587.98 179.97 650.17 240.46 -1 -1 -1 -1000 -1000 -1000 -10 0.92
69 27 Car -1 -1 -1 411.73 147.25 522.34 239.41 -1 -1 -1 -1000 -1000 -1000 -10 0.90
69 30 Car -1 -1 -1 489.10 183.46 552.86 220.74 -1 -1 -1 -1000 -1000 -1000 -10 0.87
69 31 Car -1 -1 -1 547.43 182.96 584.52 209.54 -1 -1 -1 -1000 -1000 -1000 -10 0.75
69 14 Car -1 -1 -1 631.29 179.29 655.47 198.92 -1 -1 -1 -1000 -1000 -1000 -10 0.63
69 32 Car -1 -1 -1 568.26 182.26 600.70 205.78 -1 -1 -1 -1000 -1000 -1000 -10 0.41
70 1 Car -1 -1 -1 588.71 180.22 650.08 239.57 -1 -1 -1 -1000 -1000 -1000 -10 0.94
70 30 Car -1 -1 -1 474.56 180.68 546.31 224.40 -1 -1 -1 -1000 -1000 -1000 -10 0.87
70 27 Car -1 -1 -1 381.04 142.74 508.35 244.66 -1 -1 -1 -1000 -1000 -1000 -10 0.84
70 31 Car -1 -1 -1 543.54 182.52 583.42 210.35 -1 -1 -1 -1000 -1000 -1000 -10 0.81
70 32 Car -1 -1 -1 568.85 181.18 598.78 204.84 -1 -1 -1 -1000 -1000 -1000 -10 0.75
70 14 Car -1 -1 -1 634.65 177.51 656.99 196.48 -1 -1 -1 -1000 -1000 -1000 -10 0.62
71 1 Car -1 -1 -1 587.20 175.05 648.69 235.00 -1 -1 -1 -1000 -1000 -1000 -10 0.94
71 30 Car -1 -1 -1 460.58 179.17 535.50 223.32 -1 -1 -1 -1000 -1000 -1000 -10 0.93
71 31 Car -1 -1 -1 539.26 178.68 580.63 208.64 -1 -1 -1 -1000 -1000 -1000 -10 0.87
71 27 Car -1 -1 -1 341.25 134.80 493.52 252.62 -1 -1 -1 -1000 -1000 -1000 -10 0.85
71 32 Car -1 -1 -1 565.77 177.26 593.72 201.87 -1 -1 -1 -1000 -1000 -1000 -10 0.80
71 14 Car -1 -1 -1 634.56 174.92 657.11 193.58 -1 -1 -1 -1000 -1000 -1000 -10 0.62
72 30 Car -1 -1 -1 440.12 177.10 526.51 225.25 -1 -1 -1 -1000 -1000 -1000 -10 0.94
72 1 Car -1 -1 -1 587.48 173.02 648.31 231.30 -1 -1 -1 -1000 -1000 -1000 -10 0.92
72 31 Car -1 -1 -1 534.36 176.33 578.42 207.59 -1 -1 -1 -1000 -1000 -1000 -10 0.83
72 27 Car -1 -1 -1 288.44 134.07 475.57 267.98 -1 -1 -1 -1000 -1000 -1000 -10 0.82
72 32 Car -1 -1 -1 560.86 175.34 590.97 200.54 -1 -1 -1 -1000 -1000 -1000 -10 0.69
72 14 Car -1 -1 -1 636.83 172.33 657.59 189.50 -1 -1 -1 -1000 -1000 -1000 -10 0.68
73 30 Car -1 -1 -1 420.57 179.50 515.35 232.33 -1 -1 -1 -1000 -1000 -1000 -10 0.94
73 1 Car -1 -1 -1 588.26 174.01 648.20 230.55 -1 -1 -1 -1000 -1000 -1000 -10 0.92
73 31 Car -1 -1 -1 528.95 176.60 575.92 210.13 -1 -1 -1 -1000 -1000 -1000 -10 0.91
73 27 Car -1 -1 -1 202.36 125.65 453.83 292.44 -1 -1 -1 -1000 -1000 -1000 -10 0.86
73 32 Car -1 -1 -1 556.72 175.69 589.41 201.65 -1 -1 -1 -1000 -1000 -1000 -10 0.83
73 14 Car -1 -1 -1 639.60 172.21 659.09 189.40 -1 -1 -1 -1000 -1000 -1000 -10 0.71
74 1 Car -1 -1 -1 589.29 175.61 648.14 231.72 -1 -1 -1 -1000 -1000 -1000 -10 0.91
74 30 Car -1 -1 -1 398.12 180.79 504.26 242.28 -1 -1 -1 -1000 -1000 -1000 -10 0.89
74 31 Car -1 -1 -1 523.50 178.23 575.61 213.53 -1 -1 -1 -1000 -1000 -1000 -10 0.87
74 32 Car -1 -1 -1 553.72 176.48 589.58 204.34 -1 -1 -1 -1000 -1000 -1000 -10 0.77
74 27 Car -1 -1 -1 67.39 113.16 425.64 328.46 -1 -1 -1 -1000 -1000 -1000 -10 0.76
74 14 Car -1 -1 -1 641.05 173.83 661.17 190.41 -1 -1 -1 -1000 -1000 -1000 -10 0.75
75 30 Car -1 -1 -1 357.82 183.02 492.08 251.59 -1 -1 -1 -1000 -1000 -1000 -10 0.95
75 1 Car -1 -1 -1 590.77 176.52 648.55 231.40 -1 -1 -1 -1000 -1000 -1000 -10 0.93
75 31 Car -1 -1 -1 518.86 180.13 571.50 216.51 -1 -1 -1 -1000 -1000 -1000 -10 0.90
75 32 Car -1 -1 -1 549.91 177.57 587.75 206.67 -1 -1 -1 -1000 -1000 -1000 -10 0.80
75 27 Car -1 -1 -1 -9.78 70.36 386.23 363.24 -1 -1 -1 -1000 -1000 -1000 -10 0.79
75 14 Car -1 -1 -1 642.58 175.24 662.76 190.58 -1 -1 -1 -1000 -1000 -1000 -10 0.62
76 30 Car -1 -1 -1 315.45 185.12 472.93 265.30 -1 -1 -1 -1000 -1000 -1000 -10 0.94
76 1 Car -1 -1 -1 593.05 178.27 650.20 231.19 -1 -1 -1 -1000 -1000 -1000 -10 0.91
76 31 Car -1 -1 -1 512.05 182.75 569.09 221.46 -1 -1 -1 -1000 -1000 -1000 -10 0.91
76 32 Car -1 -1 -1 548.85 179.01 588.12 210.07 -1 -1 -1 -1000 -1000 -1000 -10 0.80
76 14 Car -1 -1 -1 644.80 175.72 664.26 193.10 -1 -1 -1 -1000 -1000 -1000 -10 0.73
76 27 Car -1 -1 -1 -10.54 62.35 301.34 339.92 -1 -1 -1 -1000 -1000 -1000 -10 0.54
77 30 Car -1 -1 -1 250.37 186.40 452.97 286.79 -1 -1 -1 -1000 -1000 -1000 -10 0.91
77 31 Car -1 -1 -1 504.86 184.36 567.65 227.34 -1 -1 -1 -1000 -1000 -1000 -10 0.89
77 1 Car -1 -1 -1 595.67 179.45 652.66 233.16 -1 -1 -1 -1000 -1000 -1000 -10 0.85
77 32 Car -1 -1 -1 543.84 180.65 588.03 214.78 -1 -1 -1 -1000 -1000 -1000 -10 0.82
77 14 Car -1 -1 -1 647.16 177.88 667.60 194.79 -1 -1 -1 -1000 -1000 -1000 -10 0.73
78 1 Car -1 -1 -1 597.54 178.69 654.83 232.08 -1 -1 -1 -1000 -1000 -1000 -10 0.94
78 30 Car -1 -1 -1 153.61 186.84 424.48 316.55 -1 -1 -1 -1000 -1000 -1000 -10 0.90
78 32 Car -1 -1 -1 543.09 181.10 586.95 214.86 -1 -1 -1 -1000 -1000 -1000 -10 0.88
78 31 Car -1 -1 -1 493.46 182.94 564.24 229.83 -1 -1 -1 -1000 -1000 -1000 -10 0.87
78 14 Car -1 -1 -1 651.40 177.78 669.37 193.83 -1 -1 -1 -1000 -1000 -1000 -10 0.64
79 31 Car -1 -1 -1 481.82 182.52 561.06 233.78 -1 -1 -1 -1000 -1000 -1000 -10 0.94
79 30 Car -1 -1 -1 0.23 188.95 391.24 361.67 -1 -1 -1 -1000 -1000 -1000 -10 0.92
79 32 Car -1 -1 -1 540.99 179.70 586.43 215.26 -1 -1 -1 -1000 -1000 -1000 -10 0.88
79 1 Car -1 -1 -1 601.02 176.50 658.02 230.82 -1 -1 -1 -1000 -1000 -1000 -10 0.87
79 14 Car -1 -1 -1 653.55 176.17 671.69 192.81 -1 -1 -1 -1000 -1000 -1000 -10 0.70
79 33 Car -1 -1 -1 566.20 179.88 601.09 207.42 -1 -1 -1 -1000 -1000 -1000 -10 0.64
80 30 Car -1 -1 -1 -0.56 195.81 314.18 369.26 -1 -1 -1 -1000 -1000 -1000 -10 0.97
80 31 Car -1 -1 -1 466.31 180.92 556.56 239.15 -1 -1 -1 -1000 -1000 -1000 -10 0.93
80 1 Car -1 -1 -1 604.63 174.69 661.83 228.32 -1 -1 -1 -1000 -1000 -1000 -10 0.91
80 32 Car -1 -1 -1 531.26 177.36 585.12 217.10 -1 -1 -1 -1000 -1000 -1000 -10 0.88
80 33 Car -1 -1 -1 563.70 178.05 602.45 208.30 -1 -1 -1 -1000 -1000 -1000 -10 0.85
80 14 Car -1 -1 -1 654.20 174.91 674.46 190.92 -1 -1 -1 -1000 -1000 -1000 -10 0.54
80 34 Car -1 -1 -1 574.72 170.20 609.57 198.22 -1 -1 -1 -1000 -1000 -1000 -10 0.45
80 35 Car -1 -1 -1 733.11 163.85 830.73 198.74 -1 -1 -1 -1000 -1000 -1000 -10 0.45
81 31 Car -1 -1 -1 443.86 180.85 546.94 247.13 -1 -1 -1 -1000 -1000 -1000 -10 0.94
81 1 Car -1 -1 -1 605.52 174.54 661.18 227.07 -1 -1 -1 -1000 -1000 -1000 -10 0.92
81 32 Car -1 -1 -1 523.39 176.40 581.03 220.55 -1 -1 -1 -1000 -1000 -1000 -10 0.90
81 33 Car -1 -1 -1 558.60 175.89 600.16 209.25 -1 -1 -1 -1000 -1000 -1000 -10 0.80
81 30 Car -1 -1 -1 0.98 196.61 181.93 369.30 -1 -1 -1 -1000 -1000 -1000 -10 0.80
81 34 Car -1 -1 -1 573.13 169.09 609.46 201.28 -1 -1 -1 -1000 -1000 -1000 -10 0.74
81 35 Car -1 -1 -1 737.23 161.94 834.89 200.49 -1 -1 -1 -1000 -1000 -1000 -10 0.68
81 14 Car -1 -1 -1 652.79 174.70 672.90 190.65 -1 -1 -1 -1000 -1000 -1000 -10 0.54
82 31 Car -1 -1 -1 411.31 184.04 531.54 257.57 -1 -1 -1 -1000 -1000 -1000 -10 0.96
82 1 Car -1 -1 -1 603.63 174.03 657.88 225.94 -1 -1 -1 -1000 -1000 -1000 -10 0.92
82 32 Car -1 -1 -1 511.90 178.01 573.28 223.60 -1 -1 -1 -1000 -1000 -1000 -10 0.90
82 33 Car -1 -1 -1 550.03 176.94 595.69 210.64 -1 -1 -1 -1000 -1000 -1000 -10 0.86
82 34 Car -1 -1 -1 563.29 168.48 605.24 201.41 -1 -1 -1 -1000 -1000 -1000 -10 0.75
82 35 Car -1 -1 -1 739.34 161.98 840.91 201.16 -1 -1 -1 -1000 -1000 -1000 -10 0.67
82 14 Car -1 -1 -1 650.09 175.26 671.90 189.69 -1 -1 -1 -1000 -1000 -1000 -10 0.54
