0 1 Car -1 -1 -1 484.72 168.04 510.63 181.70 -1 -1 -1 -1000 -1000 -1000 -10 0.56
1 1 Car -1 -1 -1 480.32 168.27 502.10 181.09 -1 -1 -1 -1000 -1000 -1000 -10 0.46
2 1 Car -1 -1 -1 475.29 170.55 499.88 185.18 -1 -1 -1 -1000 -1000 -1000 -10 0.57
3 1 Car -1 -1 -1 465.65 169.44 500.48 185.09 -1 -1 -1 -1000 -1000 -1000 -10 0.67
4 1 Car -1 -1 -1 453.43 169.98 475.57 183.17 -1 -1 -1 -1000 -1000 -1000 -10 0.54
4 2 Car -1 -1 -1 470.85 170.70 496.25 185.11 -1 -1 -1 -1000 -1000 -1000 -10 0.54
5 1 Car -1 -1 -1 445.49 170.43 465.29 183.50 -1 -1 -1 -1000 -1000 -1000 -10 0.60
5 2 Car -1 -1 -1 461.36 171.49 495.13 186.13 -1 -1 -1 -1000 -1000 -1000 -10 0.52
6 2 Car -1 -1 -1 457.07 168.98 495.55 185.57 -1 -1 -1 -1000 -1000 -1000 -10 0.70
6 1 Car -1 -1 -1 433.93 168.55 455.93 182.04 -1 -1 -1 -1000 -1000 -1000 -10 0.57
7 2 Car -1 -1 -1 456.86 167.36 502.85 185.10 -1 -1 -1 -1000 -1000 -1000 -10 0.64
7 1 Car -1 -1 -1 423.66 167.28 446.97 181.61 -1 -1 -1 -1000 -1000 -1000 -10 0.52
8 2 Car -1 -1 -1 459.08 168.14 506.92 188.07 -1 -1 -1 -1000 -1000 -1000 -10 0.85
8 1 Car -1 -1 -1 414.31 169.06 437.86 184.66 -1 -1 -1 -1000 -1000 -1000 -10 0.64
9 2 Car -1 -1 -1 464.82 173.34 518.30 192.62 -1 -1 -1 -1000 -1000 -1000 -10 0.78
9 1 Car -1 -1 -1 404.75 173.38 431.66 190.51 -1 -1 -1 -1000 -1000 -1000 -10 0.73
10 2 Car -1 -1 -1 476.76 172.31 527.27 191.68 -1 -1 -1 -1000 -1000 -1000 -10 0.80
10 1 Car -1 -1 -1 398.72 172.03 426.55 190.32 -1 -1 -1 -1000 -1000 -1000 -10 0.73
11 2 Car -1 -1 -1 490.63 170.92 548.50 194.05 -1 -1 -1 -1000 -1000 -1000 -10 0.77
11 1 Car -1 -1 -1 395.16 171.27 428.95 190.54 -1 -1 -1 -1000 -1000 -1000 -10 0.57
12 1 Car -1 -1 -1 396.46 171.25 429.42 193.45 -1 -1 -1 -1000 -1000 -1000 -10 0.74
12 2 Car -1 -1 -1 511.11 172.55 572.64 195.78 -1 -1 -1 -1000 -1000 -1000 -10 0.72
13 1 Car -1 -1 -1 397.03 170.27 438.92 192.69 -1 -1 -1 -1000 -1000 -1000 -10 0.80
13 2 Car -1 -1 -1 549.17 170.22 605.53 195.02 -1 -1 -1 -1000 -1000 -1000 -10 0.77
14 2 Car -1 -1 -1 585.65 173.51 644.92 197.57 -1 -1 -1 -1000 -1000 -1000 -10 0.84
14 1 Car -1 -1 -1 404.37 173.17 450.95 197.24 -1 -1 -1 -1000 -1000 -1000 -10 0.76
15 2 Car -1 -1 -1 625.86 174.63 688.39 198.55 -1 -1 -1 -1000 -1000 -1000 -10 0.82
15 1 Car -1 -1 -1 412.04 173.35 466.76 199.10 -1 -1 -1 -1000 -1000 -1000 -10 0.82
16 1 Car -1 -1 -1 421.92 170.97 482.59 199.32 -1 -1 -1 -1000 -1000 -1000 -10 0.89
16 2 Car -1 -1 -1 671.32 172.51 737.59 198.76 -1 -1 -1 -1000 -1000 -1000 -10 0.86
17 1 Car -1 -1 -1 432.31 169.77 502.33 200.30 -1 -1 -1 -1000 -1000 -1000 -10 0.90
17 2 Car -1 -1 -1 717.49 170.88 793.67 198.82 -1 -1 -1 -1000 -1000 -1000 -10 0.85
18 1 Car -1 -1 -1 444.55 169.20 524.26 202.15 -1 -1 -1 -1000 -1000 -1000 -10 0.86
18 2 Car -1 -1 -1 772.79 169.97 851.86 199.75 -1 -1 -1 -1000 -1000 -1000 -10 0.85
19 1 Car -1 -1 -1 460.07 167.56 546.22 203.61 -1 -1 -1 -1000 -1000 -1000 -10 0.90
19 2 Car -1 -1 -1 826.91 167.27 914.42 201.69 -1 -1 -1 -1000 -1000 -1000 -10 0.88
20 1 Car -1 -1 -1 479.28 165.33 579.78 207.05 -1 -1 -1 -1000 -1000 -1000 -10 0.94
20 2 Car -1 -1 -1 891.98 165.41 981.82 200.61 -1 -1 -1 -1000 -1000 -1000 -10 0.85
21 1 Car -1 -1 -1 500.17 162.03 612.21 208.75 -1 -1 -1 -1000 -1000 -1000 -10 0.94
21 2 Car -1 -1 -1 959.89 162.56 1056.11 199.57 -1 -1 -1 -1000 -1000 -1000 -10 0.85
22 1 Car -1 -1 -1 515.84 161.14 651.19 211.24 -1 -1 -1 -1000 -1000 -1000 -10 0.90
22 2 Car -1 -1 -1 1030.98 159.02 1130.45 198.63 -1 -1 -1 -1000 -1000 -1000 -10 0.89
23 1 Car -1 -1 -1 550.54 159.30 688.86 212.07 -1 -1 -1 -1000 -1000 -1000 -10 0.91
23 2 Car -1 -1 -1 1098.97 155.77 1201.04 197.21 -1 -1 -1 -1000 -1000 -1000 -10 0.80
24 1 Car -1 -1 -1 579.29 154.86 727.40 215.38 -1 -1 -1 -1000 -1000 -1000 -10 0.94
24 2 Car -1 -1 -1 1157.73 150.92 1238.49 191.08 -1 -1 -1 -1000 -1000 -1000 -10 0.84
25 1 Car -1 -1 -1 605.57 154.40 765.78 216.19 -1 -1 -1 -1000 -1000 -1000 -10 0.93
25 2 Car -1 -1 -1 1205.97 145.84 1237.94 184.87 -1 -1 -1 -1000 -1000 -1000 -10 0.73
26 1 Car -1 -1 -1 639.60 152.65 806.76 218.00 -1 -1 -1 -1000 -1000 -1000 -10 0.94
27 1 Car -1 -1 -1 672.44 147.06 843.82 217.36 -1 -1 -1 -1000 -1000 -1000 -10 0.94
28 1 Car -1 -1 -1 704.66 145.14 882.04 216.17 -1 -1 -1 -1000 -1000 -1000 -10 0.95
28 3 Car -1 -1 -1 1179.48 113.74 1237.12 142.75 -1 -1 -1 -1000 -1000 -1000 -10 0.70
29 1 Car -1 -1 -1 737.00 138.79 911.82 216.85 -1 -1 -1 -1000 -1000 -1000 -10 0.95
29 4 Car -1 -1 -1 1104.67 112.78 1172.13 143.31 -1 -1 -1 -1000 -1000 -1000 -10 0.71
30 1 Car -1 -1 -1 763.59 134.60 932.87 212.94 -1 -1 -1 -1000 -1000 -1000 -10 0.97
30 4 Car -1 -1 -1 1031.46 114.72 1100.13 145.56 -1 -1 -1 -1000 -1000 -1000 -10 0.87
31 1 Car -1 -1 -1 787.20 132.34 946.67 214.11 -1 -1 -1 -1000 -1000 -1000 -10 0.96
31 4 Car -1 -1 -1 958.40 121.36 1023.26 150.78 -1 -1 -1 -1000 -1000 -1000 -10 0.82
31 5 Car -1 -1 -1 1199.35 106.18 1235.79 140.59 -1 -1 -1 -1000 -1000 -1000 -10 0.74
32 1 Car -1 -1 -1 802.03 133.50 948.83 215.17 -1 -1 -1 -1000 -1000 -1000 -10 0.96
32 5 Car -1 -1 -1 1151.21 115.22 1197.81 142.47 -1 -1 -1 -1000 -1000 -1000 -10 0.74
32 4 Car -1 -1 -1 882.76 129.28 945.10 158.59 -1 -1 -1 -1000 -1000 -1000 -10 0.59
33 1 Car -1 -1 -1 807.56 138.49 941.25 217.74 -1 -1 -1 -1000 -1000 -1000 -10 0.96
33 5 Car -1 -1 -1 1098.79 125.70 1140.57 152.13 -1 -1 -1 -1000 -1000 -1000 -10 0.81
34 1 Car -1 -1 -1 806.84 143.50 927.18 222.39 -1 -1 -1 -1000 -1000 -1000 -10 0.96
34 5 Car -1 -1 -1 1043.56 137.08 1080.91 162.15 -1 -1 -1 -1000 -1000 -1000 -10 0.76
34 6 Car -1 -1 -1 714.01 150.77 788.79 187.70 -1 -1 -1 -1000 -1000 -1000 -10 0.80
35 1 Car -1 -1 -1 796.08 155.30 907.96 233.58 -1 -1 -1 -1000 -1000 -1000 -10 0.96
35 6 Car -1 -1 -1 623.82 164.93 707.17 207.01 -1 -1 -1 -1000 -1000 -1000 -10 0.84
35 5 Car -1 -1 -1 988.51 151.36 1023.62 174.98 -1 -1 -1 -1000 -1000 -1000 -10 0.65
36 1 Car -1 -1 -1 781.70 162.78 876.87 233.03 -1 -1 -1 -1000 -1000 -1000 -10 0.97
36 6 Car -1 -1 -1 522.34 174.80 621.65 220.02 -1 -1 -1 -1000 -1000 -1000 -10 0.85
36 5 Car -1 -1 -1 932.55 159.44 964.46 179.36 -1 -1 -1 -1000 -1000 -1000 -10 0.74
37 1 Car -1 -1 -1 757.32 166.80 844.11 233.26 -1 -1 -1 -1000 -1000 -1000 -10 0.93
37 6 Car -1 -1 -1 399.00 179.81 521.34 237.22 -1 -1 -1 -1000 -1000 -1000 -10 0.90
37 5 Car -1 -1 -1 876.17 163.80 906.98 184.70 -1 -1 -1 -1000 -1000 -1000 -10 0.66
38 1 Car -1 -1 -1 728.25 166.98 805.87 230.01 -1 -1 -1 -1000 -1000 -1000 -10 0.93
38 6 Car -1 -1 -1 240.84 183.75 399.52 250.91 -1 -1 -1 -1000 -1000 -1000 -10 0.89
38 5 Car -1 -1 -1 824.76 167.32 848.30 186.06 -1 -1 -1 -1000 -1000 -1000 -10 0.66
39 6 Car -1 -1 -1 7.82 185.99 243.74 279.42 -1 -1 -1 -1000 -1000 -1000 -10 0.95
39 1 Car -1 -1 -1 695.91 166.73 768.14 224.83 -1 -1 -1 -1000 -1000 -1000 -10 0.92
39 5 Car -1 -1 -1 772.94 167.09 796.96 182.80 -1 -1 -1 -1000 -1000 -1000 -10 0.56
40 1 Car -1 -1 -1 663.23 165.38 731.81 223.23 -1 -1 -1 -1000 -1000 -1000 -10 0.91
40 5 Car -1 -1 -1 725.29 168.61 747.24 184.36 -1 -1 -1 -1000 -1000 -1000 -10 0.55
41 1 Car -1 -1 -1 633.81 166.90 699.08 222.35 -1 -1 -1 -1000 -1000 -1000 -10 0.89
41 5 Car -1 -1 -1 685.50 170.82 706.83 186.49 -1 -1 -1 -1000 -1000 -1000 -10 0.55
42 1 Car -1 -1 -1 610.40 170.10 672.14 222.97 -1 -1 -1 -1000 -1000 -1000 -10 0.88
43 1 Car -1 -1 -1 586.60 174.02 646.41 225.64 -1 -1 -1 -1000 -1000 -1000 -10 0.81
44 1 Car -1 -1 -1 572.81 176.50 628.91 224.51 -1 -1 -1 -1000 -1000 -1000 -10 0.89
45 1 Car -1 -1 -1 566.35 178.88 620.00 225.49 -1 -1 -1 -1000 -1000 -1000 -10 0.84
46 1 Car -1 -1 -1 564.82 183.14 616.32 226.94 -1 -1 -1 -1000 -1000 -1000 -10 0.91
47 1 Car -1 -1 -1 560.86 183.66 612.31 225.35 -1 -1 -1 -1000 -1000 -1000 -10 0.87
48 1 Car -1 -1 -1 558.74 185.90 606.60 226.39 -1 -1 -1 -1000 -1000 -1000 -10 0.80
49 1 Car -1 -1 -1 554.88 185.56 602.68 223.85 -1 -1 -1 -1000 -1000 -1000 -10 0.85
50 1 Car -1 -1 -1 552.03 185.09 597.81 222.67 -1 -1 -1 -1000 -1000 -1000 -10 0.80
51 1 Car -1 -1 -1 551.63 184.66 594.48 220.11 -1 -1 -1 -1000 -1000 -1000 -10 0.87
52 1 Car -1 -1 -1 549.72 182.92 592.39 219.17 -1 -1 -1 -1000 -1000 -1000 -10 0.86
53 1 Car -1 -1 -1 548.93 182.39 589.40 217.73 -1 -1 -1 -1000 -1000 -1000 -10 0.88
54 1 Car -1 -1 -1 548.40 183.33 587.07 215.80 -1 -1 -1 -1000 -1000 -1000 -10 0.77
55 1 Car -1 -1 -1 549.84 182.08 587.75 214.67 -1 -1 -1 -1000 -1000 -1000 -10 0.85
56 1 Car -1 -1 -1 550.70 182.21 587.84 214.20 -1 -1 -1 -1000 -1000 -1000 -10 0.87
57 1 Car -1 -1 -1 551.15 181.70 587.09 212.20 -1 -1 -1 -1000 -1000 -1000 -10 0.89
58 1 Car -1 -1 -1 552.20 180.82 587.88 211.10 -1 -1 -1 -1000 -1000 -1000 -10 0.75
59 1 Car -1 -1 -1 551.65 179.29 588.64 210.07 -1 -1 -1 -1000 -1000 -1000 -10 0.63
60 1 Car -1 -1 -1 552.49 178.91 587.03 207.61 -1 -1 -1 -1000 -1000 -1000 -10 0.84
61 1 Car -1 -1 -1 551.38 179.14 584.64 206.61 -1 -1 -1 -1000 -1000 -1000 -10 0.86
62 1 Car -1 -1 -1 550.35 178.49 583.69 205.62 -1 -1 -1 -1000 -1000 -1000 -10 0.63
62 7 Car -1 -1 -1 514.07 176.67 529.98 187.87 -1 -1 -1 -1000 -1000 -1000 -10 0.51
63 1 Car -1 -1 -1 548.88 178.74 580.48 205.29 -1 -1 -1 -1000 -1000 -1000 -10 0.80
63 7 Car -1 -1 -1 509.81 176.82 527.42 188.16 -1 -1 -1 -1000 -1000 -1000 -10 0.62
64 1 Car -1 -1 -1 545.08 177.17 577.76 204.47 -1 -1 -1 -1000 -1000 -1000 -10 0.73
64 7 Car -1 -1 -1 505.61 177.02 522.45 187.85 -1 -1 -1 -1000 -1000 -1000 -10 0.62
65 1 Car -1 -1 -1 543.91 176.89 575.00 202.42 -1 -1 -1 -1000 -1000 -1000 -10 0.76
65 7 Car -1 -1 -1 501.72 176.63 518.70 186.48 -1 -1 -1 -1000 -1000 -1000 -10 0.49
66 1 Car -1 -1 -1 540.84 177.49 572.47 203.93 -1 -1 -1 -1000 -1000 -1000 -10 0.77
66 7 Car -1 -1 -1 498.82 177.79 514.34 188.16 -1 -1 -1 -1000 -1000 -1000 -10 0.50
67 1 Car -1 -1 -1 539.08 179.89 569.64 205.77 -1 -1 -1 -1000 -1000 -1000 -10 0.77
67 7 Car -1 -1 -1 493.64 180.37 513.15 192.20 -1 -1 -1 -1000 -1000 -1000 -10 0.46
68 1 Car -1 -1 -1 536.77 180.07 567.46 205.58 -1 -1 -1 -1000 -1000 -1000 -10 0.82
68 7 Car -1 -1 -1 490.85 180.46 509.03 191.91 -1 -1 -1 -1000 -1000 -1000 -10 0.51
69 1 Car -1 -1 -1 535.30 180.34 566.13 205.37 -1 -1 -1 -1000 -1000 -1000 -10 0.69
69 7 Car -1 -1 -1 491.51 180.77 508.28 191.90 -1 -1 -1 -1000 -1000 -1000 -10 0.62
70 1 Car -1 -1 -1 537.11 178.42 566.06 202.55 -1 -1 -1 -1000 -1000 -1000 -10 0.69
71 1 Car -1 -1 -1 539.31 176.48 566.51 199.80 -1 -1 -1 -1000 -1000 -1000 -10 0.72
72 1 Car -1 -1 -1 539.73 174.82 566.93 197.93 -1 -1 -1 -1000 -1000 -1000 -10 0.81
73 1 Car -1 -1 -1 540.11 174.86 568.21 198.43 -1 -1 -1 -1000 -1000 -1000 -10 0.70
74 1 Car -1 -1 -1 541.25 175.42 567.92 198.32 -1 -1 -1 -1000 -1000 -1000 -10 0.55
75 1 Car -1 -1 -1 540.94 177.72 566.37 198.76 -1 -1 -1 -1000 -1000 -1000 -10 0.73
76 1 Car -1 -1 -1 537.64 177.62 565.48 199.32 -1 -1 -1 -1000 -1000 -1000 -10 0.61
77 1 Car -1 -1 -1 536.05 179.31 561.72 200.22 -1 -1 -1 -1000 -1000 -1000 -10 0.81
78 1 Car -1 -1 -1 534.03 177.91 559.71 198.93 -1 -1 -1 -1000 -1000 -1000 -10 0.58
79 1 Car -1 -1 -1 533.94 175.98 558.69 196.46 -1 -1 -1 -1000 -1000 -1000 -10 0.72
80 1 Car -1 -1 -1 535.68 174.70 560.08 194.43 -1 -1 -1 -1000 -1000 -1000 -10 0.63
81 1 Car -1 -1 -1 536.95 174.47 561.40 194.42 -1 -1 -1 -1000 -1000 -1000 -10 0.76
82 1 Car -1 -1 -1 540.02 174.86 563.91 194.48 -1 -1 -1 -1000 -1000 -1000 -10 0.70
83 1 Car -1 -1 -1 542.33 175.09 566.71 194.00 -1 -1 -1 -1000 -1000 -1000 -10 0.57
84 1 Car -1 -1 -1 545.84 175.43 568.52 194.36 -1 -1 -1 -1000 -1000 -1000 -10 0.78
85 1 Car -1 -1 -1 546.51 175.92 567.91 193.43 -1 -1 -1 -1000 -1000 -1000 -10 0.76
86 1 Car -1 -1 -1 546.77 175.86 567.64 192.80 -1 -1 -1 -1000 -1000 -1000 -10 0.72
87 1 Car -1 -1 -1 545.74 173.97 566.70 191.75 -1 -1 -1 -1000 -1000 -1000 -10 0.72
88 1 Car -1 -1 -1 546.36 173.69 568.05 192.50 -1 -1 -1 -1000 -1000 -1000 -10 0.69
89 1 Car -1 -1 -1 547.66 175.57 568.49 193.18 -1 -1 -1 -1000 -1000 -1000 -10 0.66
90 1 Car -1 -1 -1 549.94 176.25 569.77 193.71 -1 -1 -1 -1000 -1000 -1000 -10 0.71
91 1 Car -1 -1 -1 552.26 176.29 570.96 192.22 -1 -1 -1 -1000 -1000 -1000 -10 0.68
92 1 Car -1 -1 -1 553.55 173.98 573.64 190.23 -1 -1 -1 -1000 -1000 -1000 -10 0.69
93 1 Car -1 -1 -1 558.12 175.41 578.04 189.89 -1 -1 -1 -1000 -1000 -1000 -10 0.67
94 1 Car -1 -1 -1 561.81 175.26 583.44 190.72 -1 -1 -1 -1000 -1000 -1000 -10 0.70
95 1 Car -1 -1 -1 569.32 175.20 588.71 191.16 -1 -1 -1 -1000 -1000 -1000 -10 0.53
96 1 Car -1 -1 -1 574.58 176.18 593.55 191.89 -1 -1 -1 -1000 -1000 -1000 -10 0.59
97 1 Car -1 -1 -1 577.69 175.53 596.85 190.76 -1 -1 -1 -1000 -1000 -1000 -10 0.57
98 1 Car -1 -1 -1 581.51 175.24 601.04 190.60 -1 -1 -1 -1000 -1000 -1000 -10 0.70
99 1 Car -1 -1 -1 585.27 175.63 605.33 190.26 -1 -1 -1 -1000 -1000 -1000 -10 0.69
100 1 Car -1 -1 -1 590.65 175.64 611.07 190.45 -1 -1 -1 -1000 -1000 -1000 -10 0.57
100 8 Car -1 -1 -1 512.53 173.76 545.18 187.67 -1 -1 -1 -1000 -1000 -1000 -10 0.40
101 1 Car -1 -1 -1 597.12 175.13 616.32 189.24 -1 -1 -1 -1000 -1000 -1000 -10 0.73
101 8 Car -1 -1 -1 515.02 173.26 545.40 187.47 -1 -1 -1 -1000 -1000 -1000 -10 0.52
102 1 Car -1 -1 -1 601.08 173.76 623.15 188.28 -1 -1 -1 -1000 -1000 -1000 -10 0.69
102 8 Car -1 -1 -1 517.13 171.59 544.24 186.22 -1 -1 -1 -1000 -1000 -1000 -10 0.48
103 8 Car -1 -1 -1 517.59 171.53 548.79 185.12 -1 -1 -1 -1000 -1000 -1000 -10 0.62
103 1 Car -1 -1 -1 606.80 173.74 626.08 187.65 -1 -1 -1 -1000 -1000 -1000 -10 0.55
104 1 Car -1 -1 -1 614.24 175.00 633.68 187.53 -1 -1 -1 -1000 -1000 -1000 -10 0.70
104 8 Car -1 -1 -1 520.00 171.81 553.57 184.56 -1 -1 -1 -1000 -1000 -1000 -10 0.52
105 1 Car -1 -1 -1 620.01 173.84 640.77 187.82 -1 -1 -1 -1000 -1000 -1000 -10 0.68
105 8 Car -1 -1 -1 521.21 170.96 553.33 184.83 -1 -1 -1 -1000 -1000 -1000 -10 0.60
106 1 Car -1 -1 -1 624.88 172.83 644.78 188.26 -1 -1 -1 -1000 -1000 -1000 -10 0.73
106 8 Car -1 -1 -1 520.11 170.73 554.62 185.32 -1 -1 -1 -1000 -1000 -1000 -10 0.66
106 9 Car -1 -1 -1 601.42 171.05 622.13 183.93 -1 -1 -1 -1000 -1000 -1000 -10 0.40
107 9 Car -1 -1 -1 601.82 170.91 620.49 184.37 -1 -1 -1 -1000 -1000 -1000 -10 0.71
107 1 Car -1 -1 -1 632.89 174.00 651.52 186.80 -1 -1 -1 -1000 -1000 -1000 -10 0.69
107 8 Car -1 -1 -1 518.86 171.05 554.92 185.18 -1 -1 -1 -1000 -1000 -1000 -10 0.60
108 9 Car -1 -1 -1 598.66 172.05 616.88 184.68 -1 -1 -1 -1000 -1000 -1000 -10 0.62
108 8 Car -1 -1 -1 516.79 171.32 556.32 185.34 -1 -1 -1 -1000 -1000 -1000 -10 0.59
108 1 Car -1 -1 -1 638.31 174.00 656.57 186.36 -1 -1 -1 -1000 -1000 -1000 -10 0.49
109 8 Car -1 -1 -1 511.65 168.31 555.26 185.10 -1 -1 -1 -1000 -1000 -1000 -10 0.73
109 1 Car -1 -1 -1 645.54 171.06 662.57 184.21 -1 -1 -1 -1000 -1000 -1000 -10 0.72
109 9 Car -1 -1 -1 594.97 171.16 613.19 183.79 -1 -1 -1 -1000 -1000 -1000 -10 0.65
109 10 Car -1 -1 -1 621.78 169.37 637.95 180.16 -1 -1 -1 -1000 -1000 -1000 -10 0.44
110 1 Car -1 -1 -1 648.52 171.06 667.48 184.39 -1 -1 -1 -1000 -1000 -1000 -10 0.74
110 9 Car -1 -1 -1 590.96 172.06 608.55 184.36 -1 -1 -1 -1000 -1000 -1000 -10 0.67
110 8 Car -1 -1 -1 511.22 168.68 554.53 185.83 -1 -1 -1 -1000 -1000 -1000 -10 0.66
110 10 Car -1 -1 -1 619.68 170.28 634.17 180.63 -1 -1 -1 -1000 -1000 -1000 -10 0.47
111 9 Car -1 -1 -1 586.90 174.21 606.68 188.17 -1 -1 -1 -1000 -1000 -1000 -10 0.63
111 8 Car -1 -1 -1 508.37 171.90 551.26 188.69 -1 -1 -1 -1000 -1000 -1000 -10 0.56
111 1 Car -1 -1 -1 652.68 173.12 673.11 185.19 -1 -1 -1 -1000 -1000 -1000 -10 0.53
111 10 Car -1 -1 -1 617.11 172.48 631.28 184.29 -1 -1 -1 -1000 -1000 -1000 -10 0.52
111 11 Car -1 -1 -1 449.81 172.07 492.76 189.95 -1 -1 -1 -1000 -1000 -1000 -10 0.41
112 1 Car -1 -1 -1 661.16 174.03 678.71 186.55 -1 -1 -1 -1000 -1000 -1000 -10 0.65
112 10 Car -1 -1 -1 613.09 174.26 631.14 186.60 -1 -1 -1 -1000 -1000 -1000 -10 0.65
112 11 Car -1 -1 -1 442.46 173.76 491.47 191.64 -1 -1 -1 -1000 -1000 -1000 -10 0.63
112 9 Car -1 -1 -1 581.27 175.71 602.67 190.58 -1 -1 -1 -1000 -1000 -1000 -10 0.61
112 8 Car -1 -1 -1 505.88 173.79 552.70 191.87 -1 -1 -1 -1000 -1000 -1000 -10 0.51
113 10 Car -1 -1 -1 610.33 175.20 628.58 188.65 -1 -1 -1 -1000 -1000 -1000 -10 0.72
113 9 Car -1 -1 -1 574.05 176.27 599.57 194.02 -1 -1 -1 -1000 -1000 -1000 -10 0.71
113 11 Car -1 -1 -1 439.82 176.45 488.09 193.90 -1 -1 -1 -1000 -1000 -1000 -10 0.69
113 8 Car -1 -1 -1 500.91 174.46 544.97 194.51 -1 -1 -1 -1000 -1000 -1000 -10 0.65
113 1 Car -1 -1 -1 666.10 175.09 683.50 186.06 -1 -1 -1 -1000 -1000 -1000 -10 0.49
114 9 Car -1 -1 -1 565.79 175.87 593.42 194.61 -1 -1 -1 -1000 -1000 -1000 -10 0.82
114 10 Car -1 -1 -1 606.55 173.82 625.21 188.55 -1 -1 -1 -1000 -1000 -1000 -10 0.74
114 11 Car -1 -1 -1 435.03 175.80 484.01 194.61 -1 -1 -1 -1000 -1000 -1000 -10 0.70
114 1 Car -1 -1 -1 672.79 171.16 689.98 183.57 -1 -1 -1 -1000 -1000 -1000 -10 0.68
114 8 Car -1 -1 -1 496.22 174.36 546.55 194.62 -1 -1 -1 -1000 -1000 -1000 -10 0.68
115 9 Car -1 -1 -1 556.24 174.04 587.44 194.59 -1 -1 -1 -1000 -1000 -1000 -10 0.77
115 8 Car -1 -1 -1 488.78 171.52 541.68 193.03 -1 -1 -1 -1000 -1000 -1000 -10 0.71
115 10 Car -1 -1 -1 601.14 170.57 622.51 186.87 -1 -1 -1 -1000 -1000 -1000 -10 0.70
115 1 Car -1 -1 -1 678.42 167.00 698.36 180.44 -1 -1 -1 -1000 -1000 -1000 -10 0.62
115 11 Car -1 -1 -1 429.48 174.26 480.71 194.27 -1 -1 -1 -1000 -1000 -1000 -10 0.62
115 12 Car -1 -1 -1 630.35 170.59 649.20 181.97 -1 -1 -1 -1000 -1000 -1000 -10 0.41
116 8 Car -1 -1 -1 482.99 170.68 539.09 194.84 -1 -1 -1 -1000 -1000 -1000 -10 0.77
116 9 Car -1 -1 -1 543.74 174.52 580.39 198.72 -1 -1 -1 -1000 -1000 -1000 -10 0.75
116 11 Car -1 -1 -1 420.35 174.91 474.00 194.90 -1 -1 -1 -1000 -1000 -1000 -10 0.70
116 10 Car -1 -1 -1 595.19 170.12 619.02 188.38 -1 -1 -1 -1000 -1000 -1000 -10 0.67
116 12 Car -1 -1 -1 628.74 171.16 645.97 183.79 -1 -1 -1 -1000 -1000 -1000 -10 0.62
116 1 Car -1 -1 -1 683.27 166.65 703.36 178.78 -1 -1 -1 -1000 -1000 -1000 -10 0.57
117 9 Car -1 -1 -1 528.48 176.68 569.89 204.38 -1 -1 -1 -1000 -1000 -1000 -10 0.87
117 10 Car -1 -1 -1 587.64 171.92 612.82 190.76 -1 -1 -1 -1000 -1000 -1000 -10 0.78
117 12 Car -1 -1 -1 625.23 171.93 644.51 185.30 -1 -1 -1 -1000 -1000 -1000 -10 0.70
117 8 Car -1 -1 -1 477.57 171.93 529.78 196.84 -1 -1 -1 -1000 -1000 -1000 -10 0.69
117 11 Car -1 -1 -1 412.96 176.80 466.10 197.04 -1 -1 -1 -1000 -1000 -1000 -10 0.63
117 1 Car -1 -1 -1 688.85 166.45 711.36 179.06 -1 -1 -1 -1000 -1000 -1000 -10 0.49
118 9 Car -1 -1 -1 509.37 176.78 559.11 212.30 -1 -1 -1 -1000 -1000 -1000 -10 0.88
118 11 Car -1 -1 -1 399.34 178.27 457.98 200.37 -1 -1 -1 -1000 -1000 -1000 -10 0.81
118 8 Car -1 -1 -1 470.01 172.07 529.13 199.30 -1 -1 -1 -1000 -1000 -1000 -10 0.79
118 10 Car -1 -1 -1 580.28 171.93 608.76 194.25 -1 -1 -1 -1000 -1000 -1000 -10 0.65
118 12 Car -1 -1 -1 619.84 172.74 642.52 187.74 -1 -1 -1 -1000 -1000 -1000 -10 0.60
118 1 Car -1 -1 -1 695.10 165.20 715.23 177.56 -1 -1 -1 -1000 -1000 -1000 -10 0.49
119 9 Car -1 -1 -1 481.95 178.60 545.30 223.37 -1 -1 -1 -1000 -1000 -1000 -10 0.92
119 11 Car -1 -1 -1 387.25 177.93 448.59 202.87 -1 -1 -1 -1000 -1000 -1000 -10 0.80
119 12 Car -1 -1 -1 614.90 173.64 638.94 189.05 -1 -1 -1 -1000 -1000 -1000 -10 0.75
119 10 Car -1 -1 -1 567.40 171.59 603.47 198.32 -1 -1 -1 -1000 -1000 -1000 -10 0.73
119 8 Car -1 -1 -1 462.08 172.40 521.10 201.16 -1 -1 -1 -1000 -1000 -1000 -10 0.72
119 1 Car -1 -1 -1 700.82 164.64 724.33 176.54 -1 -1 -1 -1000 -1000 -1000 -10 0.44
120 9 Car -1 -1 -1 436.16 179.84 521.96 239.89 -1 -1 -1 -1000 -1000 -1000 -10 0.92
120 10 Car -1 -1 -1 555.65 171.12 596.31 202.83 -1 -1 -1 -1000 -1000 -1000 -10 0.82
120 11 Car -1 -1 -1 377.65 178.90 439.75 202.73 -1 -1 -1 -1000 -1000 -1000 -10 0.70
120 12 Car -1 -1 -1 608.72 173.98 634.76 190.57 -1 -1 -1 -1000 -1000 -1000 -10 0.67
120 8 Car -1 -1 -1 447.03 172.16 504.17 200.74 -1 -1 -1 -1000 -1000 -1000 -10 0.45
120 1 Car -1 -1 -1 706.13 162.65 727.72 175.85 -1 -1 -1 -1000 -1000 -1000 -10 0.45
121 9 Car -1 -1 -1 345.89 186.20 480.24 272.58 -1 -1 -1 -1000 -1000 -1000 -10 0.92
121 10 Car -1 -1 -1 536.72 172.95 585.25 210.92 -1 -1 -1 -1000 -1000 -1000 -10 0.83
121 12 Car -1 -1 -1 599.77 174.75 627.96 193.91 -1 -1 -1 -1000 -1000 -1000 -10 0.63
121 11 Car -1 -1 -1 361.35 177.67 433.32 209.49 -1 -1 -1 -1000 -1000 -1000 -10 0.61
122 9 Car -1 -1 -1 75.65 185.06 393.53 373.35 -1 -1 -1 -1000 -1000 -1000 -10 0.94
122 10 Car -1 -1 -1 510.44 174.26 570.53 219.70 -1 -1 -1 -1000 -1000 -1000 -10 0.89
122 12 Car -1 -1 -1 587.22 175.80 620.17 197.48 -1 -1 -1 -1000 -1000 -1000 -10 0.81
122 13 Car -1 -1 -1 415.90 174.61 503.29 210.13 -1 -1 -1 -1000 -1000 -1000 -10 0.80
123 10 Car -1 -1 -1 465.05 175.50 548.29 235.40 -1 -1 -1 -1000 -1000 -1000 -10 0.92
123 13 Car -1 -1 -1 403.73 175.25 492.60 211.71 -1 -1 -1 -1000 -1000 -1000 -10 0.88
123 12 Car -1 -1 -1 572.13 176.44 609.38 201.66 -1 -1 -1 -1000 -1000 -1000 -10 0.82
123 14 Car -1 -1 -1 306.77 180.28 396.46 212.81 -1 -1 -1 -1000 -1000 -1000 -10 0.83
124 10 Car -1 -1 -1 388.10 176.52 516.64 266.83 -1 -1 -1 -1000 -1000 -1000 -10 0.89
124 12 Car -1 -1 -1 553.84 178.44 598.41 208.59 -1 -1 -1 -1000 -1000 -1000 -10 0.88
124 14 Car -1 -1 -1 291.22 183.97 373.87 217.26 -1 -1 -1 -1000 -1000 -1000 -10 0.85
124 13 Car -1 -1 -1 385.16 175.35 457.01 220.63 -1 -1 -1 -1000 -1000 -1000 -10 0.52
125 12 Car -1 -1 -1 528.16 180.29 583.77 216.03 -1 -1 -1 -1000 -1000 -1000 -10 0.84
125 10 Car -1 -1 -1 194.11 177.11 454.24 342.56 -1 -1 -1 -1000 -1000 -1000 -10 0.82
125 13 Car -1 -1 -1 393.13 178.96 487.64 214.86 -1 -1 -1 -1000 -1000 -1000 -10 0.72
125 15 Car -1 -1 -1 347.39 176.01 463.14 226.14 -1 -1 -1 -1000 -1000 -1000 -10 0.71
126 15 Car -1 -1 -1 324.82 172.51 438.47 223.36 -1 -1 -1 -1000 -1000 -1000 -10 0.92
126 12 Car -1 -1 -1 494.20 178.36 563.47 224.22 -1 -1 -1 -1000 -1000 -1000 -10 0.89
126 10 Car -1 -1 -1 1.22 176.66 251.26 366.23 -1 -1 -1 -1000 -1000 -1000 -10 0.87
126 13 Car -1 -1 -1 370.63 174.46 472.20 213.22 -1 -1 -1 -1000 -1000 -1000 -10 0.74
126 16 Car -1 -1 -1 225.48 181.30 323.27 221.89 -1 -1 -1 -1000 -1000 -1000 -10 0.84
127 12 Car -1 -1 -1 436.67 179.38 537.69 240.55 -1 -1 -1 -1000 -1000 -1000 -10 0.90
127 16 Car -1 -1 -1 184.62 178.73 293.61 223.60 -1 -1 -1 -1000 -1000 -1000 -10 0.89
127 15 Car -1 -1 -1 290.59 169.45 412.41 227.18 -1 -1 -1 -1000 -1000 -1000 -10 0.89
127 13 Car -1 -1 -1 349.09 172.46 455.35 214.43 -1 -1 -1 -1000 -1000 -1000 -10 0.75
128 16 Car -1 -1 -1 138.50 179.72 254.81 229.44 -1 -1 -1 -1000 -1000 -1000 -10 0.88
128 15 Car -1 -1 -1 248.63 169.25 384.63 234.81 -1 -1 -1 -1000 -1000 -1000 -10 0.87
128 12 Car -1 -1 -1 326.05 183.86 500.01 279.46 -1 -1 -1 -1000 -1000 -1000 -10 0.82
128 13 Car -1 -1 -1 320.32 173.97 429.27 220.41 -1 -1 -1 -1000 -1000 -1000 -10 0.62
129 12 Car -1 -1 -1 22.82 196.19 407.20 369.35 -1 -1 -1 -1000 -1000 -1000 -10 0.91
129 16 Car -1 -1 -1 81.60 180.20 216.51 235.99 -1 -1 -1 -1000 -1000 -1000 -10 0.90
129 13 Car -1 -1 -1 276.86 174.37 418.60 225.40 -1 -1 -1 -1000 -1000 -1000 -10 0.79
129 15 Car -1 -1 -1 202.71 169.71 352.97 239.88 -1 -1 -1 -1000 -1000 -1000 -10 0.79
130 15 Car -1 -1 -1 142.02 168.19 313.18 258.87 -1 -1 -1 -1000 -1000 -1000 -10 0.89
130 16 Car -1 -1 -1 23.59 184.75 158.73 241.48 -1 -1 -1 -1000 -1000 -1000 -10 0.88
130 13 Car -1 -1 -1 238.61 172.80 394.69 231.68 -1 -1 -1 -1000 -1000 -1000 -10 0.86
131 15 Car -1 -1 -1 69.67 170.91 261.40 278.92 -1 -1 -1 -1000 -1000 -1000 -10 0.93
131 16 Car -1 -1 -1 0.07 186.87 95.31 254.38 -1 -1 -1 -1000 -1000 -1000 -10 0.89
131 13 Car -1 -1 -1 188.41 175.32 366.97 241.87 -1 -1 -1 -1000 -1000 -1000 -10 0.87
132 15 Car -1 -1 -1 -4.36 165.06 193.40 307.89 -1 -1 -1 -1000 -1000 -1000 -10 0.94
132 13 Car -1 -1 -1 122.69 175.21 331.71 251.04 -1 -1 -1 -1000 -1000 -1000 -10 0.90
133 13 Car -1 -1 -1 36.72 177.57 293.17 264.68 -1 -1 -1 -1000 -1000 -1000 -10 0.89
133 15 Car -1 -1 -1 -2.90 164.14 77.22 362.53 -1 -1 -1 -1000 -1000 -1000 -10 0.74
134 13 Car -1 -1 -1 0.43 185.28 243.52 286.13 -1 -1 -1 -1000 -1000 -1000 -10 0.95
135 13 Car -1 -1 -1 -0.43 183.50 190.16 305.20 -1 -1 -1 -1000 -1000 -1000 -10 0.95
136 13 Car -1 -1 -1 -5.03 187.68 126.12 330.82 -1 -1 -1 -1000 -1000 -1000 -10 0.85
137 13 Car -1 -1 -1 -3.36 194.96 53.54 362.83 -1 -1 -1 -1000 -1000 -1000 -10 0.51
