0 1 Car -1 -1 -1 683.32 167.33 905.21 246.37 -1 -1 -1 -1000 -1000 -1000 -10 0.89
0 2 Car -1 -1 -1 989.83 161.06 1141.66 212.78 -1 -1 -1 -1000 -1000 -1000 -10 0.86
0 3 Car -1 -1 -1 449.44 167.01 482.41 190.90 -1 -1 -1 -1000 -1000 -1000 -10 0.79
0 4 Car -1 -1 -1 933.76 162.29 1065.79 205.32 -1 -1 -1 -1000 -1000 -1000 -10 0.78
0 5 Cyclist -1 -1 -1 498.53 165.02 538.60 193.32 -1 -1 -1 -1000 -1000 -1000 -10 0.54
1 1 Car -1 -1 -1 760.49 171.00 971.88 248.05 -1 -1 -1 -1000 -1000 -1000 -10 0.90
1 2 Car -1 -1 -1 989.86 160.82 1140.76 211.56 -1 -1 -1 -1000 -1000 -1000 -10 0.85
1 3 Car -1 -1 -1 449.10 165.98 482.76 190.96 -1 -1 -1 -1000 -1000 -1000 -10 0.76
1 4 Car -1 -1 -1 938.67 162.44 1068.88 204.40 -1 -1 -1 -1000 -1000 -1000 -10 0.75
1 5 Cyclist -1 -1 -1 513.02 164.10 553.14 194.16 -1 -1 -1 -1000 -1000 -1000 -10 0.66
1 6 Car -1 -1 -1 482.17 167.07 500.42 182.75 -1 -1 -1 -1000 -1000 -1000 -10 0.61
2 1 Car -1 -1 -1 832.95 170.33 1037.79 243.36 -1 -1 -1 -1000 -1000 -1000 -10 0.88
2 3 Car -1 -1 -1 448.77 165.61 482.93 191.46 -1 -1 -1 -1000 -1000 -1000 -10 0.78
2 6 Car -1 -1 -1 481.35 166.70 500.48 183.48 -1 -1 -1 -1000 -1000 -1000 -10 0.73
2 5 Cyclist -1 -1 -1 527.99 164.00 567.83 195.12 -1 -1 -1 -1000 -1000 -1000 -10 0.69
2 2 Car -1 -1 -1 986.30 161.85 1136.53 212.13 -1 -1 -1 -1000 -1000 -1000 -10 0.51
2 4 Car -1 -1 -1 929.42 158.26 1132.59 215.28 -1 -1 -1 -1000 -1000 -1000 -10 0.45
3 3 Car -1 -1 -1 448.81 165.72 482.84 191.34 -1 -1 -1 -1000 -1000 -1000 -10 0.78
3 1 Car -1 -1 -1 911.07 167.93 1150.11 252.32 -1 -1 -1 -1000 -1000 -1000 -10 0.77
3 6 Car -1 -1 -1 481.49 166.82 500.28 183.27 -1 -1 -1 -1000 -1000 -1000 -10 0.73
3 5 Cyclist -1 -1 -1 536.24 160.09 583.59 192.92 -1 -1 -1 -1000 -1000 -1000 -10 0.70
3 4 Car -1 -1 -1 941.39 157.18 1135.30 224.18 -1 -1 -1 -1000 -1000 -1000 -10 0.56
3 2 Car -1 -1 -1 991.82 162.22 1138.63 219.16 -1 -1 -1 -1000 -1000 -1000 -10 0.42
4 1 Car -1 -1 -1 1002.34 170.57 1220.05 256.51 -1 -1 -1 -1000 -1000 -1000 -10 0.84
4 3 Car -1 -1 -1 448.64 165.58 483.20 191.67 -1 -1 -1 -1000 -1000 -1000 -10 0.77
4 6 Car -1 -1 -1 481.50 166.98 500.06 183.21 -1 -1 -1 -1000 -1000 -1000 -10 0.74
4 4 Car -1 -1 -1 928.78 162.05 1055.91 205.64 -1 -1 -1 -1000 -1000 -1000 -10 0.72
4 5 Cyclist -1 -1 -1 549.11 164.32 601.75 194.14 -1 -1 -1 -1000 -1000 -1000 -10 0.64
4 2 Car -1 -1 -1 984.57 162.83 1130.79 219.13 -1 -1 -1 -1000 -1000 -1000 -10 0.59
5 4 Car -1 -1 -1 918.74 163.72 1042.26 204.64 -1 -1 -1 -1000 -1000 -1000 -10 0.86
5 1 Car -1 -1 -1 1068.22 170.27 1223.17 250.43 -1 -1 -1 -1000 -1000 -1000 -10 0.79
5 3 Car -1 -1 -1 449.46 165.72 482.39 191.67 -1 -1 -1 -1000 -1000 -1000 -10 0.78
5 6 Car -1 -1 -1 481.76 167.27 499.81 183.15 -1 -1 -1 -1000 -1000 -1000 -10 0.76
5 2 Car -1 -1 -1 975.73 162.62 1131.67 211.51 -1 -1 -1 -1000 -1000 -1000 -10 0.74
5 5 Cyclist -1 -1 -1 566.08 165.76 609.57 194.21 -1 -1 -1 -1000 -1000 -1000 -10 0.60
6 2 Car -1 -1 -1 958.66 159.47 1117.63 214.26 -1 -1 -1 -1000 -1000 -1000 -10 0.87
6 4 Car -1 -1 -1 906.66 163.73 1026.84 204.49 -1 -1 -1 -1000 -1000 -1000 -10 0.85
6 3 Car -1 -1 -1 449.18 165.63 482.56 191.76 -1 -1 -1 -1000 -1000 -1000 -10 0.79
6 6 Car -1 -1 -1 482.35 167.39 499.73 183.06 -1 -1 -1 -1000 -1000 -1000 -10 0.76
6 5 Cyclist -1 -1 -1 579.49 161.70 619.26 196.07 -1 -1 -1 -1000 -1000 -1000 -10 0.62
7 2 Car -1 -1 -1 945.74 159.41 1099.64 214.26 -1 -1 -1 -1000 -1000 -1000 -10 0.87
7 4 Car -1 -1 -1 894.88 164.66 1019.45 203.92 -1 -1 -1 -1000 -1000 -1000 -10 0.81
7 3 Car -1 -1 -1 449.15 165.83 482.92 191.79 -1 -1 -1 -1000 -1000 -1000 -10 0.77
7 6 Car -1 -1 -1 482.18 167.43 499.46 183.06 -1 -1 -1 -1000 -1000 -1000 -10 0.75
7 5 Cyclist -1 -1 -1 594.40 160.77 634.49 196.17 -1 -1 -1 -1000 -1000 -1000 -10 0.68
7 7 Car -1 -1 -1 1122.88 168.25 1221.83 206.91 -1 -1 -1 -1000 -1000 -1000 -10 0.68
7 8 Car -1 -1 -1 564.70 166.50 580.70 179.41 -1 -1 -1 -1000 -1000 -1000 -10 0.40
8 2 Car -1 -1 -1 933.52 163.29 1082.26 212.09 -1 -1 -1 -1000 -1000 -1000 -10 0.86
8 7 Car -1 -1 -1 1107.06 165.68 1222.14 208.32 -1 -1 -1 -1000 -1000 -1000 -10 0.84
8 4 Car -1 -1 -1 875.89 164.74 1008.49 203.61 -1 -1 -1 -1000 -1000 -1000 -10 0.81
8 6 Car -1 -1 -1 482.13 167.40 499.35 182.99 -1 -1 -1 -1000 -1000 -1000 -10 0.74
8 3 Car -1 -1 -1 449.31 165.61 483.03 191.83 -1 -1 -1 -1000 -1000 -1000 -10 0.71
8 5 Cyclist -1 -1 -1 611.42 161.61 647.04 196.15 -1 -1 -1 -1000 -1000 -1000 -10 0.63
8 8 Car -1 -1 -1 565.04 167.14 581.00 178.59 -1 -1 -1 -1000 -1000 -1000 -10 0.47
9 7 Car -1 -1 -1 1096.74 165.24 1223.56 208.67 -1 -1 -1 -1000 -1000 -1000 -10 0.86
9 4 Car -1 -1 -1 858.41 163.46 980.67 203.99 -1 -1 -1 -1000 -1000 -1000 -10 0.85
9 2 Car -1 -1 -1 913.00 164.29 1049.08 209.71 -1 -1 -1 -1000 -1000 -1000 -10 0.84
9 3 Car -1 -1 -1 449.51 166.08 482.67 191.81 -1 -1 -1 -1000 -1000 -1000 -10 0.74
9 6 Car -1 -1 -1 482.31 167.44 499.39 182.97 -1 -1 -1 -1000 -1000 -1000 -10 0.73
9 8 Car -1 -1 -1 565.10 166.85 583.92 178.98 -1 -1 -1 -1000 -1000 -1000 -10 0.40
10 2 Car -1 -1 -1 888.56 163.94 1027.68 210.76 -1 -1 -1 -1000 -1000 -1000 -10 0.90
10 7 Car -1 -1 -1 1080.13 159.95 1218.87 212.20 -1 -1 -1 -1000 -1000 -1000 -10 0.89
10 4 Car -1 -1 -1 835.77 164.61 956.51 203.44 -1 -1 -1 -1000 -1000 -1000 -10 0.86
10 3 Car -1 -1 -1 449.48 166.10 482.70 191.85 -1 -1 -1 -1000 -1000 -1000 -10 0.76
10 6 Car -1 -1 -1 482.28 167.54 499.55 183.04 -1 -1 -1 -1000 -1000 -1000 -10 0.74
10 8 Car -1 -1 -1 564.93 166.46 584.21 179.32 -1 -1 -1 -1000 -1000 -1000 -10 0.46
11 2 Car -1 -1 -1 857.38 163.38 1006.92 210.68 -1 -1 -1 -1000 -1000 -1000 -10 0.89
11 7 Car -1 -1 -1 1057.26 156.78 1217.76 211.00 -1 -1 -1 -1000 -1000 -1000 -10 0.85
11 4 Car -1 -1 -1 808.54 164.05 931.16 203.76 -1 -1 -1 -1000 -1000 -1000 -10 0.84
11 6 Car -1 -1 -1 482.26 167.49 499.45 183.01 -1 -1 -1 -1000 -1000 -1000 -10 0.74
11 3 Car -1 -1 -1 449.55 165.97 482.78 191.74 -1 -1 -1 -1000 -1000 -1000 -10 0.72
12 2 Car -1 -1 -1 831.78 161.85 976.24 211.76 -1 -1 -1 -1000 -1000 -1000 -10 0.92
12 4 Car -1 -1 -1 780.72 164.40 898.24 202.90 -1 -1 -1 -1000 -1000 -1000 -10 0.88
12 7 Car -1 -1 -1 1038.87 158.75 1199.13 208.83 -1 -1 -1 -1000 -1000 -1000 -10 0.80
12 3 Car -1 -1 -1 449.42 166.22 482.82 191.72 -1 -1 -1 -1000 -1000 -1000 -10 0.75
12 6 Car -1 -1 -1 482.09 167.39 499.53 183.09 -1 -1 -1 -1000 -1000 -1000 -10 0.73
12 9 Cyclist -1 -1 -1 673.01 158.47 709.37 194.43 -1 -1 -1 -1000 -1000 -1000 -10 0.50
13 2 Car -1 -1 -1 799.01 161.80 940.98 212.48 -1 -1 -1 -1000 -1000 -1000 -10 0.93
13 4 Car -1 -1 -1 750.72 163.51 865.70 203.89 -1 -1 -1 -1000 -1000 -1000 -10 0.83
13 3 Car -1 -1 -1 449.64 166.24 482.46 191.82 -1 -1 -1 -1000 -1000 -1000 -10 0.76
13 6 Car -1 -1 -1 482.25 167.35 499.61 183.15 -1 -1 -1 -1000 -1000 -1000 -10 0.74
13 7 Car -1 -1 -1 1027.15 160.17 1179.65 207.57 -1 -1 -1 -1000 -1000 -1000 -10 0.70
13 9 Cyclist -1 -1 -1 683.79 163.25 735.22 193.66 -1 -1 -1 -1000 -1000 -1000 -10 0.45
14 2 Car -1 -1 -1 763.83 162.35 908.37 211.26 -1 -1 -1 -1000 -1000 -1000 -10 0.95
14 4 Car -1 -1 -1 716.55 163.70 833.45 202.01 -1 -1 -1 -1000 -1000 -1000 -10 0.85
14 7 Car -1 -1 -1 993.16 162.65 1152.15 209.85 -1 -1 -1 -1000 -1000 -1000 -10 0.77
14 3 Car -1 -1 -1 449.27 166.30 482.83 191.83 -1 -1 -1 -1000 -1000 -1000 -10 0.76
14 6 Car -1 -1 -1 482.33 167.28 499.68 183.21 -1 -1 -1 -1000 -1000 -1000 -10 0.74
14 9 Cyclist -1 -1 -1 697.80 161.04 751.46 195.39 -1 -1 -1 -1000 -1000 -1000 -10 0.51
15 2 Car -1 -1 -1 732.41 163.17 871.27 211.16 -1 -1 -1 -1000 -1000 -1000 -10 0.94
15 4 Car -1 -1 -1 681.28 163.87 792.58 201.94 -1 -1 -1 -1000 -1000 -1000 -10 0.87
15 7 Car -1 -1 -1 960.33 161.37 1123.25 211.52 -1 -1 -1 -1000 -1000 -1000 -10 0.79
15 6 Car -1 -1 -1 482.21 167.44 499.59 183.14 -1 -1 -1 -1000 -1000 -1000 -10 0.74
15 3 Car -1 -1 -1 449.59 166.28 482.70 191.73 -1 -1 -1 -1000 -1000 -1000 -10 0.73
16 2 Car -1 -1 -1 698.50 163.47 836.78 210.18 -1 -1 -1 -1000 -1000 -1000 -10 0.92
16 4 Car -1 -1 -1 640.98 163.95 753.57 201.87 -1 -1 -1 -1000 -1000 -1000 -10 0.86
16 7 Car -1 -1 -1 933.13 162.80 1091.18 210.69 -1 -1 -1 -1000 -1000 -1000 -10 0.75
16 3 Car -1 -1 -1 449.51 166.36 482.79 191.67 -1 -1 -1 -1000 -1000 -1000 -10 0.74
16 6 Car -1 -1 -1 482.25 167.46 499.40 183.05 -1 -1 -1 -1000 -1000 -1000 -10 0.73
17 4 Car -1 -1 -1 601.40 163.56 712.16 202.15 -1 -1 -1 -1000 -1000 -1000 -10 0.90
17 2 Car -1 -1 -1 665.42 163.97 801.12 209.56 -1 -1 -1 -1000 -1000 -1000 -10 0.90
17 7 Car -1 -1 -1 892.92 161.30 1046.63 206.85 -1 -1 -1 -1000 -1000 -1000 -10 0.75
17 3 Car -1 -1 -1 449.31 166.30 482.98 191.59 -1 -1 -1 -1000 -1000 -1000 -10 0.74
17 6 Car -1 -1 -1 482.19 167.24 499.46 183.12 -1 -1 -1 -1000 -1000 -1000 -10 0.72
18 2 Car -1 -1 -1 631.14 162.91 765.41 209.92 -1 -1 -1 -1000 -1000 -1000 -10 0.94
18 4 Car -1 -1 -1 563.09 163.34 673.43 202.11 -1 -1 -1 -1000 -1000 -1000 -10 0.89
18 7 Car -1 -1 -1 854.94 163.38 1008.43 208.96 -1 -1 -1 -1000 -1000 -1000 -10 0.86
18 3 Car -1 -1 -1 449.11 166.04 483.10 191.50 -1 -1 -1 -1000 -1000 -1000 -10 0.74
18 6 Car -1 -1 -1 482.20 167.32 499.44 183.02 -1 -1 -1 -1000 -1000 -1000 -10 0.73
19 2 Car -1 -1 -1 591.11 163.05 722.52 209.17 -1 -1 -1 -1000 -1000 -1000 -10 0.91
19 4 Car -1 -1 -1 521.07 163.57 631.08 202.08 -1 -1 -1 -1000 -1000 -1000 -10 0.90
19 7 Car -1 -1 -1 820.93 162.98 957.82 208.78 -1 -1 -1 -1000 -1000 -1000 -10 0.88
19 3 Car -1 -1 -1 448.91 166.17 483.37 191.43 -1 -1 -1 -1000 -1000 -1000 -10 0.75
19 6 Car -1 -1 -1 481.38 167.12 499.53 183.19 -1 -1 -1 -1000 -1000 -1000 -10 0.68
19 10 Car -1 -1 -1 908.32 169.06 1023.99 202.38 -1 -1 -1 -1000 -1000 -1000 -10 0.61
20 2 Car -1 -1 -1 549.11 163.39 679.70 209.04 -1 -1 -1 -1000 -1000 -1000 -10 0.92
20 4 Car -1 -1 -1 481.90 163.30 593.21 202.17 -1 -1 -1 -1000 -1000 -1000 -10 0.89
20 7 Car -1 -1 -1 779.82 161.80 920.76 210.28 -1 -1 -1 -1000 -1000 -1000 -10 0.89
20 10 Car -1 -1 -1 891.62 166.22 993.53 202.22 -1 -1 -1 -1000 -1000 -1000 -10 0.74
20 3 Car -1 -1 -1 447.74 166.40 487.07 190.50 -1 -1 -1 -1000 -1000 -1000 -10 0.74
20 6 Car -1 -1 -1 479.25 167.46 501.74 183.76 -1 -1 -1 -1000 -1000 -1000 -10 0.53
21 2 Car -1 -1 -1 506.68 164.46 629.76 207.40 -1 -1 -1 -1000 -1000 -1000 -10 0.90
21 7 Car -1 -1 -1 738.60 163.19 870.54 210.18 -1 -1 -1 -1000 -1000 -1000 -10 0.88
21 10 Car -1 -1 -1 854.84 166.54 962.58 204.59 -1 -1 -1 -1000 -1000 -1000 -10 0.83
21 4 Car -1 -1 -1 436.16 164.63 545.94 201.71 -1 -1 -1 -1000 -1000 -1000 -10 0.83
21 3 Car -1 -1 -1 444.58 167.05 485.59 189.55 -1 -1 -1 -1000 -1000 -1000 -10 0.48
21 11 Car -1 -1 -1 1111.51 159.56 1217.40 206.45 -1 -1 -1 -1000 -1000 -1000 -10 0.66
22 7 Car -1 -1 -1 696.17 162.10 831.31 210.54 -1 -1 -1 -1000 -1000 -1000 -10 0.89
22 2 Car -1 -1 -1 462.97 164.26 579.72 207.64 -1 -1 -1 -1000 -1000 -1000 -10 0.89
22 10 Car -1 -1 -1 825.80 165.43 929.09 202.90 -1 -1 -1 -1000 -1000 -1000 -10 0.87
22 4 Car -1 -1 -1 386.89 164.63 504.41 201.61 -1 -1 -1 -1000 -1000 -1000 -10 0.86
22 11 Car -1 -1 -1 1077.79 154.04 1220.84 205.03 -1 -1 -1 -1000 -1000 -1000 -10 0.81
23 7 Car -1 -1 -1 656.66 162.39 793.87 210.12 -1 -1 -1 -1000 -1000 -1000 -10 0.90
23 4 Car -1 -1 -1 342.28 164.23 455.69 202.11 -1 -1 -1 -1000 -1000 -1000 -10 0.88
23 2 Car -1 -1 -1 411.02 165.15 527.94 207.48 -1 -1 -1 -1000 -1000 -1000 -10 0.87
23 10 Car -1 -1 -1 794.27 166.04 893.77 202.39 -1 -1 -1 -1000 -1000 -1000 -10 0.85
23 11 Car -1 -1 -1 1048.67 156.38 1203.98 202.17 -1 -1 -1 -1000 -1000 -1000 -10 0.61
23 12 Car -1 -1 -1 562.60 167.55 580.99 177.42 -1 -1 -1 -1000 -1000 -1000 -10 0.41
24 7 Car -1 -1 -1 619.97 162.44 751.69 209.44 -1 -1 -1 -1000 -1000 -1000 -10 0.92
24 4 Car -1 -1 -1 288.70 163.40 404.39 202.03 -1 -1 -1 -1000 -1000 -1000 -10 0.89
24 10 Car -1 -1 -1 754.49 164.38 863.38 202.99 -1 -1 -1 -1000 -1000 -1000 -10 0.88
24 2 Car -1 -1 -1 354.63 163.20 476.98 209.02 -1 -1 -1 -1000 -1000 -1000 -10 0.87
24 11 Car -1 -1 -1 1014.63 155.35 1161.77 205.01 -1 -1 -1 -1000 -1000 -1000 -10 0.76
24 12 Car -1 -1 -1 563.55 166.47 581.06 179.02 -1 -1 -1 -1000 -1000 -1000 -10 0.55
24 13 Car -1 -1 -1 473.27 166.31 502.45 183.61 -1 -1 -1 -1000 -1000 -1000 -10 0.54
24 14 Car -1 -1 -1 419.71 165.78 479.12 193.43 -1 -1 -1 -1000 -1000 -1000 -10 0.47
25 7 Car -1 -1 -1 579.07 162.19 709.85 210.10 -1 -1 -1 -1000 -1000 -1000 -10 0.92
25 2 Car -1 -1 -1 297.19 162.28 425.54 209.46 -1 -1 -1 -1000 -1000 -1000 -10 0.91
25 10 Car -1 -1 -1 716.59 164.05 824.43 201.98 -1 -1 -1 -1000 -1000 -1000 -10 0.88
25 4 Car -1 -1 -1 231.41 163.01 347.17 201.94 -1 -1 -1 -1000 -1000 -1000 -10 0.87
25 13 Car -1 -1 -1 447.59 166.19 483.77 191.26 -1 -1 -1 -1000 -1000 -1000 -10 0.78
25 11 Car -1 -1 -1 987.39 155.60 1127.24 208.65 -1 -1 -1 -1000 -1000 -1000 -10 0.71
25 15 Car -1 -1 -1 480.04 166.31 500.75 183.34 -1 -1 -1 -1000 -1000 -1000 -10 0.59
26 4 Car -1 -1 -1 167.85 161.87 294.69 203.29 -1 -1 -1 -1000 -1000 -1000 -10 0.90
26 10 Car -1 -1 -1 677.55 163.82 786.88 202.26 -1 -1 -1 -1000 -1000 -1000 -10 0.89
26 7 Car -1 -1 -1 537.78 162.80 666.12 208.65 -1 -1 -1 -1000 -1000 -1000 -10 0.89
26 2 Car -1 -1 -1 237.50 162.36 363.27 208.98 -1 -1 -1 -1000 -1000 -1000 -10 0.87
26 13 Car -1 -1 -1 448.31 165.79 483.26 191.07 -1 -1 -1 -1000 -1000 -1000 -10 0.77
26 11 Car -1 -1 -1 948.00 153.24 1091.55 205.06 -1 -1 -1 -1000 -1000 -1000 -10 0.76
26 15 Car -1 -1 -1 480.80 166.65 500.45 183.14 -1 -1 -1 -1000 -1000 -1000 -10 0.63
27 7 Car -1 -1 -1 492.86 163.83 619.03 208.04 -1 -1 -1 -1000 -1000 -1000 -10 0.89
27 10 Car -1 -1 -1 639.17 163.74 742.75 201.09 -1 -1 -1 -1000 -1000 -1000 -10 0.88
27 4 Car -1 -1 -1 104.52 162.09 228.01 201.66 -1 -1 -1 -1000 -1000 -1000 -10 0.84
27 2 Car -1 -1 -1 174.32 161.65 302.88 206.30 -1 -1 -1 -1000 -1000 -1000 -10 0.84
27 11 Car -1 -1 -1 912.42 157.15 1050.51 202.59 -1 -1 -1 -1000 -1000 -1000 -10 0.80
27 13 Car -1 -1 -1 448.39 166.07 483.66 191.10 -1 -1 -1 -1000 -1000 -1000 -10 0.74
27 15 Car -1 -1 -1 481.12 167.01 500.13 182.83 -1 -1 -1 -1000 -1000 -1000 -10 0.62
27 16 Car -1 -1 -1 215.96 163.56 307.67 201.62 -1 -1 -1 -1000 -1000 -1000 -10 0.49
28 7 Car -1 -1 -1 444.38 163.63 570.42 208.26 -1 -1 -1 -1000 -1000 -1000 -10 0.87
28 10 Car -1 -1 -1 598.85 164.57 699.24 200.56 -1 -1 -1 -1000 -1000 -1000 -10 0.87
28 11 Car -1 -1 -1 885.42 157.13 1023.77 202.36 -1 -1 -1 -1000 -1000 -1000 -10 0.85
28 4 Car -1 -1 -1 31.06 160.22 170.39 200.38 -1 -1 -1 -1000 -1000 -1000 -10 0.77
28 2 Car -1 -1 -1 103.87 162.54 236.64 205.03 -1 -1 -1 -1000 -1000 -1000 -10 0.70
28 16 Car -1 -1 -1 140.09 161.77 245.82 203.45 -1 -1 -1 -1000 -1000 -1000 -10 0.53
28 13 Car -1 -1 -1 447.24 166.47 482.93 189.95 -1 -1 -1 -1000 -1000 -1000 -10 0.41
28 17 Car -1 -1 -1 507.68 165.61 574.48 193.91 -1 -1 -1 -1000 -1000 -1000 -10 0.42
29 11 Car -1 -1 -1 850.19 156.08 981.60 204.20 -1 -1 -1 -1000 -1000 -1000 -10 0.90
29 2 Car -1 -1 -1 33.90 159.79 177.25 206.97 -1 -1 -1 -1000 -1000 -1000 -10 0.88
29 7 Car -1 -1 -1 395.57 163.64 524.64 208.01 -1 -1 -1 -1000 -1000 -1000 -10 0.86
29 10 Car -1 -1 -1 556.60 165.26 654.68 200.20 -1 -1 -1 -1000 -1000 -1000 -10 0.85
29 4 Car -1 -1 -1 0.71 162.49 102.83 200.91 -1 -1 -1 -1000 -1000 -1000 -10 0.72
30 11 Car -1 -1 -1 815.09 156.28 946.78 203.56 -1 -1 -1 -1000 -1000 -1000 -10 0.90
30 2 Car -1 -1 -1 1.18 157.10 110.69 207.26 -1 -1 -1 -1000 -1000 -1000 -10 0.90
30 7 Car -1 -1 -1 342.89 163.35 472.85 208.30 -1 -1 -1 -1000 -1000 -1000 -10 0.89
30 10 Car -1 -1 -1 507.15 165.47 607.49 200.79 -1 -1 -1 -1000 -1000 -1000 -10 0.85
30 18 Car -1 -1 -1 405.04 165.55 478.44 194.61 -1 -1 -1 -1000 -1000 -1000 -10 0.45
31 11 Car -1 -1 -1 783.77 157.15 911.56 203.23 -1 -1 -1 -1000 -1000 -1000 -10 0.92
31 7 Car -1 -1 -1 285.57 162.93 421.87 208.62 -1 -1 -1 -1000 -1000 -1000 -10 0.90
31 10 Car -1 -1 -1 462.97 166.66 556.79 200.37 -1 -1 -1 -1000 -1000 -1000 -10 0.87
31 2 Car -1 -1 -1 1.98 158.00 39.24 206.55 -1 -1 -1 -1000 -1000 -1000 -10 0.70
31 19 Car -1 -1 -1 448.55 166.28 512.30 193.67 -1 -1 -1 -1000 -1000 -1000 -10 0.49
32 11 Car -1 -1 -1 749.78 156.46 874.64 203.15 -1 -1 -1 -1000 -1000 -1000 -10 0.89
32 7 Car -1 -1 -1 226.65 162.23 365.51 206.20 -1 -1 -1 -1000 -1000 -1000 -10 0.86
32 10 Car -1 -1 -1 409.84 166.75 505.29 199.58 -1 -1 -1 -1000 -1000 -1000 -10 0.85
32 20 Car -1 -1 -1 281.04 163.41 365.41 196.75 -1 -1 -1 -1000 -1000 -1000 -10 0.41
33 11 Car -1 -1 -1 712.69 154.55 836.49 203.42 -1 -1 -1 -1000 -1000 -1000 -10 0.93
33 7 Car -1 -1 -1 158.18 161.77 305.26 206.59 -1 -1 -1 -1000 -1000 -1000 -10 0.89
33 10 Car -1 -1 -1 355.86 166.76 457.72 200.83 -1 -1 -1 -1000 -1000 -1000 -10 0.86
33 20 Car -1 -1 -1 213.20 163.06 310.52 197.79 -1 -1 -1 -1000 -1000 -1000 -10 0.55
33 21 Car -1 -1 -1 451.60 166.45 483.49 190.36 -1 -1 -1 -1000 -1000 -1000 -10 0.70
33 22 Car -1 -1 -1 479.64 168.06 502.30 183.05 -1 -1 -1 -1000 -1000 -1000 -10 0.58
34 11 Car -1 -1 -1 675.06 155.38 795.83 202.99 -1 -1 -1 -1000 -1000 -1000 -10 0.91
34 10 Car -1 -1 -1 292.82 165.71 407.53 201.24 -1 -1 -1 -1000 -1000 -1000 -10 0.89
34 7 Car -1 -1 -1 94.26 160.58 239.24 205.95 -1 -1 -1 -1000 -1000 -1000 -10 0.89
34 21 Car -1 -1 -1 448.92 166.00 483.01 191.45 -1 -1 -1 -1000 -1000 -1000 -10 0.74
34 22 Car -1 -1 -1 481.18 167.45 500.00 183.03 -1 -1 -1 -1000 -1000 -1000 -10 0.62
34 20 Car -1 -1 -1 153.70 162.09 247.67 197.56 -1 -1 -1 -1000 -1000 -1000 -10 0.44
35 11 Car -1 -1 -1 636.42 155.12 752.43 202.07 -1 -1 -1 -1000 -1000 -1000 -10 0.94
35 7 Car -1 -1 -1 24.01 159.84 178.83 205.32 -1 -1 -1 -1000 -1000 -1000 -10 0.88
35 10 Car -1 -1 -1 232.44 164.17 351.48 201.49 -1 -1 -1 -1000 -1000 -1000 -10 0.88
35 21 Car -1 -1 -1 449.64 165.99 482.33 191.51 -1 -1 -1 -1000 -1000 -1000 -10 0.76
35 22 Car -1 -1 -1 481.76 167.03 499.79 183.15 -1 -1 -1 -1000 -1000 -1000 -10 0.66
35 23 Car -1 -1 -1 1110.81 162.47 1218.60 210.92 -1 -1 -1 -1000 -1000 -1000 -10 0.46
36 11 Car -1 -1 -1 594.55 155.81 711.06 201.85 -1 -1 -1 -1000 -1000 -1000 -10 0.91
36 7 Car -1 -1 -1 0.04 157.43 111.56 206.32 -1 -1 -1 -1000 -1000 -1000 -10 0.89
36 10 Car -1 -1 -1 172.83 163.00 297.10 202.07 -1 -1 -1 -1000 -1000 -1000 -10 0.85
36 23 Car -1 -1 -1 1078.82 161.59 1220.58 206.26 -1 -1 -1 -1000 -1000 -1000 -10 0.80
36 21 Car -1 -1 -1 449.72 165.69 482.45 191.65 -1 -1 -1 -1000 -1000 -1000 -10 0.72
36 22 Car -1 -1 -1 481.90 167.27 499.49 183.03 -1 -1 -1 -1000 -1000 -1000 -10 0.69
37 11 Car -1 -1 -1 550.36 156.72 663.06 202.03 -1 -1 -1 -1000 -1000 -1000 -10 0.92
37 10 Car -1 -1 -1 111.23 163.14 237.86 201.55 -1 -1 -1 -1000 -1000 -1000 -10 0.86
37 23 Car -1 -1 -1 1050.16 159.82 1187.26 206.23 -1 -1 -1 -1000 -1000 -1000 -10 0.85
37 21 Car -1 -1 -1 449.10 165.86 482.80 191.33 -1 -1 -1 -1000 -1000 -1000 -10 0.78
37 7 Car -1 -1 -1 1.67 155.32 33.86 203.34 -1 -1 -1 -1000 -1000 -1000 -10 0.73
37 22 Car -1 -1 -1 481.27 167.11 499.72 183.12 -1 -1 -1 -1000 -1000 -1000 -10 0.68
38 11 Car -1 -1 -1 506.43 157.78 614.34 201.21 -1 -1 -1 -1000 -1000 -1000 -10 0.92
38 10 Car -1 -1 -1 50.40 161.53 182.50 202.11 -1 -1 -1 -1000 -1000 -1000 -10 0.84
38 21 Car -1 -1 -1 448.64 166.14 483.40 190.96 -1 -1 -1 -1000 -1000 -1000 -10 0.77
38 23 Car -1 -1 -1 1024.09 161.79 1152.92 205.72 -1 -1 -1 -1000 -1000 -1000 -10 0.74
38 22 Car -1 -1 -1 480.70 166.88 499.80 182.64 -1 -1 -1 -1000 -1000 -1000 -10 0.66
39 10 Car -1 -1 -1 -0.66 160.79 119.54 202.96 -1 -1 -1 -1000 -1000 -1000 -10 0.90
39 11 Car -1 -1 -1 455.92 158.03 566.74 201.35 -1 -1 -1 -1000 -1000 -1000 -10 0.90
39 23 Car -1 -1 -1 976.92 159.42 1124.48 208.68 -1 -1 -1 -1000 -1000 -1000 -10 0.81
39 21 Car -1 -1 -1 449.38 165.50 487.53 188.04 -1 -1 -1 -1000 -1000 -1000 -10 0.49
39 22 Car -1 -1 -1 470.29 163.84 505.82 186.64 -1 -1 -1 -1000 -1000 -1000 -10 0.42
40 23 Car -1 -1 -1 944.32 160.03 1087.54 207.23 -1 -1 -1 -1000 -1000 -1000 -10 0.87
40 11 Car -1 -1 -1 401.50 158.90 514.03 200.92 -1 -1 -1 -1000 -1000 -1000 -10 0.84
40 10 Car -1 -1 -1 -0.04 158.14 63.56 202.01 -1 -1 -1 -1000 -1000 -1000 -10 0.84
40 24 Car -1 -1 -1 561.49 166.35 582.40 178.88 -1 -1 -1 -1000 -1000 -1000 -10 0.47
41 23 Car -1 -1 -1 912.93 160.73 1049.12 206.12 -1 -1 -1 -1000 -1000 -1000 -10 0.91
41 11 Car -1 -1 -1 348.43 156.57 464.91 202.95 -1 -1 -1 -1000 -1000 -1000 -10 0.91
41 24 Car -1 -1 -1 563.83 166.73 581.00 178.99 -1 -1 -1 -1000 -1000 -1000 -10 0.56
41 25 Car -1 -1 -1 473.92 166.54 502.32 184.18 -1 -1 -1 -1000 -1000 -1000 -10 0.67
41 26 Car -1 -1 -1 445.68 164.63 484.80 191.10 -1 -1 -1 -1000 -1000 -1000 -10 0.62
42 11 Car -1 -1 -1 287.50 155.88 413.42 203.11 -1 -1 -1 -1000 -1000 -1000 -10 0.92
42 23 Car -1 -1 -1 876.31 162.34 1010.53 205.95 -1 -1 -1 -1000 -1000 -1000 -10 0.86
42 26 Car -1 -1 -1 447.22 165.50 483.93 191.39 -1 -1 -1 -1000 -1000 -1000 -10 0.79
42 25 Car -1 -1 -1 478.14 166.48 499.94 183.66 -1 -1 -1 -1000 -1000 -1000 -10 0.59
42 24 Car -1 -1 -1 564.61 166.65 581.18 179.16 -1 -1 -1 -1000 -1000 -1000 -10 0.46
43 11 Car -1 -1 -1 224.66 154.96 354.06 203.45 -1 -1 -1 -1000 -1000 -1000 -10 0.92
43 23 Car -1 -1 -1 843.51 161.83 974.21 206.70 -1 -1 -1 -1000 -1000 -1000 -10 0.85
43 26 Car -1 -1 -1 448.75 165.75 483.14 191.64 -1 -1 -1 -1000 -1000 -1000 -10 0.78
43 25 Car -1 -1 -1 480.72 166.81 500.10 183.22 -1 -1 -1 -1000 -1000 -1000 -10 0.60
44 11 Car -1 -1 -1 160.86 153.83 301.07 204.06 -1 -1 -1 -1000 -1000 -1000 -10 0.93
44 23 Car -1 -1 -1 809.20 162.81 937.16 205.26 -1 -1 -1 -1000 -1000 -1000 -10 0.88
44 26 Car -1 -1 -1 449.06 165.88 483.07 191.85 -1 -1 -1 -1000 -1000 -1000 -10 0.75
44 25 Car -1 -1 -1 481.42 166.88 499.91 183.17 -1 -1 -1 -1000 -1000 -1000 -10 0.71
45 23 Car -1 -1 -1 777.59 162.42 900.54 205.09 -1 -1 -1 -1000 -1000 -1000 -10 0.92
45 11 Car -1 -1 -1 89.81 153.40 236.20 203.24 -1 -1 -1 -1000 -1000 -1000 -10 0.89
45 26 Car -1 -1 -1 449.19 165.97 482.91 191.88 -1 -1 -1 -1000 -1000 -1000 -10 0.77
45 25 Car -1 -1 -1 481.83 167.10 499.75 183.15 -1 -1 -1 -1000 -1000 -1000 -10 0.71
46 11 Car -1 -1 -1 24.06 152.28 171.36 203.74 -1 -1 -1 -1000 -1000 -1000 -10 0.90
46 23 Car -1 -1 -1 743.30 163.09 865.69 204.38 -1 -1 -1 -1000 -1000 -1000 -10 0.89
46 26 Car -1 -1 -1 449.05 165.83 483.22 191.86 -1 -1 -1 -1000 -1000 -1000 -10 0.74
46 25 Car -1 -1 -1 482.02 167.38 499.57 183.12 -1 -1 -1 -1000 -1000 -1000 -10 0.73
46 27 Cyclist -1 -1 -1 937.31 158.89 1016.49 199.75 -1 -1 -1 -1000 -1000 -1000 -10 0.50
47 23 Car -1 -1 -1 711.20 162.68 830.12 203.83 -1 -1 -1 -1000 -1000 -1000 -10 0.93
47 11 Car -1 -1 -1 0.34 148.10 103.93 204.76 -1 -1 -1 -1000 -1000 -1000 -10 0.91
47 26 Car -1 -1 -1 449.18 166.08 482.89 191.73 -1 -1 -1 -1000 -1000 -1000 -10 0.77
47 25 Car -1 -1 -1 482.04 167.43 499.52 183.16 -1 -1 -1 -1000 -1000 -1000 -10 0.73
48 23 Car -1 -1 -1 682.69 163.06 798.64 202.92 -1 -1 -1 -1000 -1000 -1000 -10 0.91
48 26 Car -1 -1 -1 449.36 166.31 482.66 191.77 -1 -1 -1 -1000 -1000 -1000 -10 0.78
48 25 Car -1 -1 -1 482.17 167.36 499.56 183.09 -1 -1 -1 -1000 -1000 -1000 -10 0.73
48 11 Car -1 -1 -1 2.70 140.03 32.51 203.74 -1 -1 -1 -1000 -1000 -1000 -10 0.63
48 28 Cyclist -1 -1 -1 876.28 156.76 939.40 201.86 -1 -1 -1 -1000 -1000 -1000 -10 0.49
49 23 Car -1 -1 -1 656.92 163.91 768.14 201.70 -1 -1 -1 -1000 -1000 -1000 -10 0.90
49 26 Car -1 -1 -1 449.13 166.15 483.21 191.70 -1 -1 -1 -1000 -1000 -1000 -10 0.73
49 25 Car -1 -1 -1 481.97 167.42 499.65 183.15 -1 -1 -1 -1000 -1000 -1000 -10 0.72
49 28 Cyclist -1 -1 -1 858.43 156.96 903.98 203.10 -1 -1 -1 -1000 -1000 -1000 -10 0.45
50 23 Car -1 -1 -1 630.91 164.14 740.36 201.12 -1 -1 -1 -1000 -1000 -1000 -10 0.89
50 26 Car -1 -1 -1 448.96 166.25 483.22 191.68 -1 -1 -1 -1000 -1000 -1000 -10 0.77
50 25 Car -1 -1 -1 482.05 167.38 499.48 183.12 -1 -1 -1 -1000 -1000 -1000 -10 0.72
50 28 Cyclist -1 -1 -1 819.89 156.44 874.13 201.81 -1 -1 -1 -1000 -1000 -1000 -10 0.52
51 23 Car -1 -1 -1 606.22 163.93 715.50 201.63 -1 -1 -1 -1000 -1000 -1000 -10 0.89
51 26 Car -1 -1 -1 449.21 166.36 483.03 191.63 -1 -1 -1 -1000 -1000 -1000 -10 0.76
51 25 Car -1 -1 -1 482.02 167.41 499.38 183.10 -1 -1 -1 -1000 -1000 -1000 -10 0.72
51 28 Cyclist -1 -1 -1 789.62 155.36 850.37 203.36 -1 -1 -1 -1000 -1000 -1000 -10 0.70
52 23 Car -1 -1 -1 585.16 164.15 689.32 199.97 -1 -1 -1 -1000 -1000 -1000 -10 0.86
52 26 Car -1 -1 -1 448.96 166.02 483.19 191.76 -1 -1 -1 -1000 -1000 -1000 -10 0.76
52 25 Car -1 -1 -1 482.15 167.50 499.32 183.01 -1 -1 -1 -1000 -1000 -1000 -10 0.73
52 28 Cyclist -1 -1 -1 760.92 155.82 817.55 203.19 -1 -1 -1 -1000 -1000 -1000 -10 0.51
52 29 Car -1 -1 -1 1109.39 157.56 1218.74 208.16 -1 -1 -1 -1000 -1000 -1000 -10 0.61
53 23 Car -1 -1 -1 569.11 165.03 666.25 198.57 -1 -1 -1 -1000 -1000 -1000 -10 0.84
53 29 Car -1 -1 -1 1059.30 153.72 1209.91 206.51 -1 -1 -1 -1000 -1000 -1000 -10 0.76
53 25 Car -1 -1 -1 481.97 167.48 499.29 183.01 -1 -1 -1 -1000 -1000 -1000 -10 0.73
53 26 Car -1 -1 -1 449.22 166.03 483.12 191.60 -1 -1 -1 -1000 -1000 -1000 -10 0.72
53 28 Cyclist -1 -1 -1 729.21 157.53 788.20 200.69 -1 -1 -1 -1000 -1000 -1000 -10 0.58
54 23 Car -1 -1 -1 555.57 165.22 650.80 198.01 -1 -1 -1 -1000 -1000 -1000 -10 0.79
54 26 Car -1 -1 -1 448.70 166.17 483.44 191.41 -1 -1 -1 -1000 -1000 -1000 -10 0.78
54 25 Car -1 -1 -1 481.69 167.47 499.50 182.99 -1 -1 -1 -1000 -1000 -1000 -10 0.74
54 29 Car -1 -1 -1 1021.13 153.78 1170.62 206.01 -1 -1 -1 -1000 -1000 -1000 -10 0.66
54 28 Cyclist -1 -1 -1 698.51 159.48 758.10 197.93 -1 -1 -1 -1000 -1000 -1000 -10 0.54
55 23 Car -1 -1 -1 546.20 164.29 637.06 196.81 -1 -1 -1 -1000 -1000 -1000 -10 0.89
55 29 Car -1 -1 -1 973.36 152.19 1127.74 208.15 -1 -1 -1 -1000 -1000 -1000 -10 0.79
55 26 Car -1 -1 -1 448.72 166.23 483.40 191.31 -1 -1 -1 -1000 -1000 -1000 -10 0.78
55 25 Car -1 -1 -1 481.38 167.38 499.68 183.15 -1 -1 -1 -1000 -1000 -1000 -10 0.73
55 28 Cyclist -1 -1 -1 672.56 160.31 729.87 197.63 -1 -1 -1 -1000 -1000 -1000 -10 0.49
56 23 Car -1 -1 -1 539.59 164.48 621.61 195.45 -1 -1 -1 -1000 -1000 -1000 -10 0.88
56 29 Car -1 -1 -1 935.80 152.08 1079.72 208.19 -1 -1 -1 -1000 -1000 -1000 -10 0.85
56 26 Car -1 -1 -1 448.31 166.12 483.97 191.21 -1 -1 -1 -1000 -1000 -1000 -10 0.75
56 25 Car -1 -1 -1 480.50 166.87 500.18 183.44 -1 -1 -1 -1000 -1000 -1000 -10 0.69
56 30 Car -1 -1 -1 1129.43 159.21 1221.96 213.52 -1 -1 -1 -1000 -1000 -1000 -10 0.59
57 29 Car -1 -1 -1 894.84 155.14 1029.63 204.60 -1 -1 -1 -1000 -1000 -1000 -10 0.89
57 23 Car -1 -1 -1 536.44 164.45 608.58 193.91 -1 -1 -1 -1000 -1000 -1000 -10 0.89
57 26 Car -1 -1 -1 448.48 165.92 483.61 191.56 -1 -1 -1 -1000 -1000 -1000 -10 0.77
57 25 Car -1 -1 -1 480.88 166.98 500.03 183.43 -1 -1 -1 -1000 -1000 -1000 -10 0.72
57 30 Car -1 -1 -1 1023.18 159.31 1168.68 208.68 -1 -1 -1 -1000 -1000 -1000 -10 0.68
57 31 Cyclist -1 -1 -1 612.01 159.73 667.92 197.46 -1 -1 -1 -1000 -1000 -1000 -10 0.47
57 32 Car -1 -1 -1 608.56 160.47 666.71 196.88 -1 -1 -1 -1000 -1000 -1000 -10 0.41
58 29 Car -1 -1 -1 852.47 155.05 995.79 204.23 -1 -1 -1 -1000 -1000 -1000 -10 0.85
58 30 Car -1 -1 -1 930.35 162.36 1070.13 209.09 -1 -1 -1 -1000 -1000 -1000 -10 0.81
58 23 Car -1 -1 -1 535.96 164.09 597.48 194.25 -1 -1 -1 -1000 -1000 -1000 -10 0.79
58 26 Car -1 -1 -1 448.91 165.99 483.40 191.64 -1 -1 -1 -1000 -1000 -1000 -10 0.74
58 25 Car -1 -1 -1 481.41 167.15 499.77 183.29 -1 -1 -1 -1000 -1000 -1000 -10 0.72
58 31 Cyclist -1 -1 -1 581.66 160.88 631.06 198.37 -1 -1 -1 -1000 -1000 -1000 -10 0.60
59 30 Car -1 -1 -1 838.04 158.90 962.95 208.79 -1 -1 -1 -1000 -1000 -1000 -10 0.83
59 29 Car -1 -1 -1 812.42 156.41 950.13 201.10 -1 -1 -1 -1000 -1000 -1000 -10 0.78
59 26 Car -1 -1 -1 448.49 165.55 483.62 191.72 -1 -1 -1 -1000 -1000 -1000 -10 0.74
59 25 Car -1 -1 -1 481.58 166.99 500.09 183.24 -1 -1 -1 -1000 -1000 -1000 -10 0.71
60 29 Car -1 -1 -1 749.39 161.98 860.79 205.67 -1 -1 -1 -1000 -1000 -1000 -10 0.85
60 30 Car -1 -1 -1 789.98 157.97 903.51 202.64 -1 -1 -1 -1000 -1000 -1000 -10 0.76
60 26 Car -1 -1 -1 448.74 166.47 483.50 190.85 -1 -1 -1 -1000 -1000 -1000 -10 0.76
60 25 Car -1 -1 -1 481.28 167.26 499.56 182.35 -1 -1 -1 -1000 -1000 -1000 -10 0.66
60 33 Car -1 -1 -1 545.66 162.73 582.50 190.30 -1 -1 -1 -1000 -1000 -1000 -10 0.78
60 34 Car -1 -1 -1 500.16 168.32 551.24 196.39 -1 -1 -1 -1000 -1000 -1000 -10 0.52
61 29 Car -1 -1 -1 655.57 162.22 763.06 205.06 -1 -1 -1 -1000 -1000 -1000 -10 0.88
61 30 Car -1 -1 -1 742.37 156.30 861.70 203.66 -1 -1 -1 -1000 -1000 -1000 -10 0.86
61 33 Car -1 -1 -1 543.39 163.20 578.26 190.29 -1 -1 -1 -1000 -1000 -1000 -10 0.79
61 34 Car -1 -1 -1 453.28 168.27 505.52 196.98 -1 -1 -1 -1000 -1000 -1000 -10 0.44
62 29 Car -1 -1 -1 560.17 162.36 661.97 205.32 -1 -1 -1 -1000 -1000 -1000 -10 0.85
62 30 Car -1 -1 -1 693.91 156.13 815.95 203.10 -1 -1 -1 -1000 -1000 -1000 -10 0.85
62 34 Car -1 -1 -1 449.80 166.25 482.13 190.66 -1 -1 -1 -1000 -1000 -1000 -10 0.63
62 33 Car -1 -1 -1 544.24 164.75 578.46 188.93 -1 -1 -1 -1000 -1000 -1000 -10 0.59
62 35 Car -1 -1 -1 1116.63 163.79 1221.34 217.11 -1 -1 -1 -1000 -1000 -1000 -10 0.65
62 36 Car -1 -1 -1 476.92 167.10 500.35 183.71 -1 -1 -1 -1000 -1000 -1000 -10 0.55
62 37 Cyclist -1 -1 -1 400.39 160.79 451.08 198.59 -1 -1 -1 -1000 -1000 -1000 -10 0.47
62 38 Car -1 -1 -1 397.51 160.33 450.23 199.05 -1 -1 -1 -1000 -1000 -1000 -10 0.44
63 30 Car -1 -1 -1 645.06 155.90 781.79 202.39 -1 -1 -1 -1000 -1000 -1000 -10 0.91
63 29 Car -1 -1 -1 466.88 162.52 562.51 205.26 -1 -1 -1 -1000 -1000 -1000 -10 0.88
63 35 Car -1 -1 -1 1108.61 161.30 1219.58 214.02 -1 -1 -1 -1000 -1000 -1000 -10 0.81
63 34 Car -1 -1 -1 448.66 166.61 489.31 189.82 -1 -1 -1 -1000 -1000 -1000 -10 0.59
63 33 Car -1 -1 -1 534.90 164.28 579.04 189.01 -1 -1 -1 -1000 -1000 -1000 -10 0.55
63 38 Car -1 -1 -1 337.60 163.35 401.08 196.04 -1 -1 -1 -1000 -1000 -1000 -10 0.48
63 37 Cyclist -1 -1 -1 340.91 163.14 403.05 195.77 -1 -1 -1 -1000 -1000 -1000 -10 0.45
64 30 Car -1 -1 -1 608.39 155.00 733.05 202.21 -1 -1 -1 -1000 -1000 -1000 -10 0.93
64 29 Car -1 -1 -1 362.59 161.49 468.52 206.27 -1 -1 -1 -1000 -1000 -1000 -10 0.87
64 35 Car -1 -1 -1 1093.06 158.42 1219.76 215.29 -1 -1 -1 -1000 -1000 -1000 -10 0.87
64 33 Car -1 -1 -1 544.23 163.44 578.60 189.76 -1 -1 -1 -1000 -1000 -1000 -10 0.70
64 34 Car -1 -1 -1 451.22 167.45 484.74 189.70 -1 -1 -1 -1000 -1000 -1000 -10 0.64
64 38 Car -1 -1 -1 277.26 162.81 338.17 196.38 -1 -1 -1 -1000 -1000 -1000 -10 0.44
64 39 Car -1 -1 -1 475.89 167.11 501.52 183.91 -1 -1 -1 -1000 -1000 -1000 -10 0.49
65 30 Car -1 -1 -1 564.74 155.63 686.79 201.96 -1 -1 -1 -1000 -1000 -1000 -10 0.94
65 35 Car -1 -1 -1 1082.50 156.96 1223.13 216.70 -1 -1 -1 -1000 -1000 -1000 -10 0.90
65 29 Car -1 -1 -1 264.63 160.86 374.86 206.86 -1 -1 -1 -1000 -1000 -1000 -10 0.85
65 33 Car -1 -1 -1 545.91 163.82 581.60 189.15 -1 -1 -1 -1000 -1000 -1000 -10 0.73
65 34 Car -1 -1 -1 448.93 166.63 483.05 191.22 -1 -1 -1 -1000 -1000 -1000 -10 0.70
65 39 Car -1 -1 -1 480.64 166.87 500.89 183.66 -1 -1 -1 -1000 -1000 -1000 -10 0.69
66 30 Car -1 -1 -1 521.89 157.41 636.94 201.63 -1 -1 -1 -1000 -1000 -1000 -10 0.94
66 29 Car -1 -1 -1 152.87 160.45 278.79 207.10 -1 -1 -1 -1000 -1000 -1000 -10 0.88
66 35 Car -1 -1 -1 1072.98 159.48 1225.00 214.56 -1 -1 -1 -1000 -1000 -1000 -10 0.84
66 34 Car -1 -1 -1 449.04 166.03 483.07 191.16 -1 -1 -1 -1000 -1000 -1000 -10 0.75
66 39 Car -1 -1 -1 480.59 166.76 500.10 182.90 -1 -1 -1 -1000 -1000 -1000 -10 0.58
66 33 Car -1 -1 -1 540.57 163.86 579.99 187.95 -1 -1 -1 -1000 -1000 -1000 -10 0.53
67 30 Car -1 -1 -1 473.96 157.86 586.79 200.91 -1 -1 -1 -1000 -1000 -1000 -10 0.90
67 29 Car -1 -1 -1 42.36 157.19 174.42 206.95 -1 -1 -1 -1000 -1000 -1000 -10 0.87
67 35 Car -1 -1 -1 1062.89 160.42 1219.93 214.51 -1 -1 -1 -1000 -1000 -1000 -10 0.86
67 34 Car -1 -1 -1 448.12 166.00 488.54 190.94 -1 -1 -1 -1000 -1000 -1000 -10 0.70
68 30 Car -1 -1 -1 422.92 157.74 538.18 202.41 -1 -1 -1 -1000 -1000 -1000 -10 0.93
68 35 Car -1 -1 -1 1055.01 157.99 1220.48 215.86 -1 -1 -1 -1000 -1000 -1000 -10 0.88
68 29 Car -1 -1 -1 1.22 154.24 63.59 206.15 -1 -1 -1 -1000 -1000 -1000 -10 0.84
68 40 Car -1 -1 -1 547.84 163.54 578.41 185.69 -1 -1 -1 -1000 -1000 -1000 -10 0.71
69 35 Car -1 -1 -1 1048.49 155.74 1220.33 217.48 -1 -1 -1 -1000 -1000 -1000 -10 0.92
69 30 Car -1 -1 -1 366.84 157.06 487.29 202.11 -1 -1 -1 -1000 -1000 -1000 -10 0.91
69 40 Car -1 -1 -1 548.12 163.65 577.72 186.00 -1 -1 -1 -1000 -1000 -1000 -10 0.74
70 30 Car -1 -1 -1 307.63 155.15 437.87 203.86 -1 -1 -1 -1000 -1000 -1000 -10 0.93
70 35 Car -1 -1 -1 1040.20 156.58 1219.75 217.29 -1 -1 -1 -1000 -1000 -1000 -10 0.89
70 40 Car -1 -1 -1 549.86 164.20 576.16 185.55 -1 -1 -1 -1000 -1000 -1000 -10 0.74
70 41 Car -1 -1 -1 447.69 166.00 483.71 190.82 -1 -1 -1 -1000 -1000 -1000 -10 0.75
70 42 Car -1 -1 -1 478.63 167.44 502.24 183.62 -1 -1 -1 -1000 -1000 -1000 -10 0.52
71 30 Car -1 -1 -1 246.50 155.37 378.19 203.33 -1 -1 -1 -1000 -1000 -1000 -10 0.89
71 35 Car -1 -1 -1 1039.78 157.92 1212.51 216.03 -1 -1 -1 -1000 -1000 -1000 -10 0.87
71 41 Car -1 -1 -1 448.46 165.97 483.34 191.65 -1 -1 -1 -1000 -1000 -1000 -10 0.79
71 40 Car -1 -1 -1 550.33 164.69 575.59 184.86 -1 -1 -1 -1000 -1000 -1000 -10 0.73
71 42 Car -1 -1 -1 480.64 167.17 499.98 183.36 -1 -1 -1 -1000 -1000 -1000 -10 0.65
72 30 Car -1 -1 -1 184.19 153.19 325.08 203.89 -1 -1 -1 -1000 -1000 -1000 -10 0.92
72 35 Car -1 -1 -1 1034.43 158.01 1203.61 217.09 -1 -1 -1 -1000 -1000 -1000 -10 0.84
72 41 Car -1 -1 -1 448.82 165.72 483.31 191.89 -1 -1 -1 -1000 -1000 -1000 -10 0.77
72 42 Car -1 -1 -1 481.33 166.93 499.81 183.24 -1 -1 -1 -1000 -1000 -1000 -10 0.72
72 40 Car -1 -1 -1 550.48 164.91 575.30 184.62 -1 -1 -1 -1000 -1000 -1000 -10 0.71
73 30 Car -1 -1 -1 116.12 149.65 269.33 203.72 -1 -1 -1 -1000 -1000 -1000 -10 0.88
73 35 Car -1 -1 -1 1033.65 158.27 1196.96 216.14 -1 -1 -1 -1000 -1000 -1000 -10 0.87
73 42 Car -1 -1 -1 482.09 167.16 499.54 183.14 -1 -1 -1 -1000 -1000 -1000 -10 0.73
73 41 Car -1 -1 -1 449.30 165.79 483.01 191.81 -1 -1 -1 -1000 -1000 -1000 -10 0.73
73 40 Car -1 -1 -1 550.37 165.34 573.51 184.68 -1 -1 -1 -1000 -1000 -1000 -10 0.62
74 30 Car -1 -1 -1 42.89 150.15 197.46 202.41 -1 -1 -1 -1000 -1000 -1000 -10 0.90
74 35 Car -1 -1 -1 1030.89 158.18 1198.54 216.42 -1 -1 -1 -1000 -1000 -1000 -10 0.85
74 41 Car -1 -1 -1 449.52 165.92 482.66 191.82 -1 -1 -1 -1000 -1000 -1000 -10 0.76
74 42 Car -1 -1 -1 482.45 167.51 499.44 183.14 -1 -1 -1 -1000 -1000 -1000 -10 0.75
74 40 Car -1 -1 -1 550.63 165.38 572.98 184.51 -1 -1 -1 -1000 -1000 -1000 -10 0.71
75 30 Car -1 -1 -1 -2.37 149.67 129.23 202.84 -1 -1 -1 -1000 -1000 -1000 -10 0.93
75 35 Car -1 -1 -1 1030.04 157.49 1200.10 216.26 -1 -1 -1 -1000 -1000 -1000 -10 0.87
75 40 Car -1 -1 -1 550.48 165.78 572.45 184.62 -1 -1 -1 -1000 -1000 -1000 -10 0.77
75 41 Car -1 -1 -1 449.37 166.30 482.87 191.88 -1 -1 -1 -1000 -1000 -1000 -10 0.77
75 42 Car -1 -1 -1 482.42 167.53 499.38 183.13 -1 -1 -1 -1000 -1000 -1000 -10 0.76
76 30 Car -1 -1 -1 1.78 148.97 55.38 200.86 -1 -1 -1 -1000 -1000 -1000 -10 0.85
76 35 Car -1 -1 -1 1029.45 157.51 1200.52 216.24 -1 -1 -1 -1000 -1000 -1000 -10 0.84
76 41 Car -1 -1 -1 449.41 166.12 482.68 191.90 -1 -1 -1 -1000 -1000 -1000 -10 0.78
76 42 Car -1 -1 -1 482.56 167.59 499.47 183.10 -1 -1 -1 -1000 -1000 -1000 -10 0.76
76 40 Car -1 -1 -1 551.03 166.26 571.72 184.24 -1 -1 -1 -1000 -1000 -1000 -10 0.75
77 35 Car -1 -1 -1 1027.57 157.64 1195.86 216.03 -1 -1 -1 -1000 -1000 -1000 -10 0.83
77 42 Car -1 -1 -1 482.63 167.59 499.33 183.03 -1 -1 -1 -1000 -1000 -1000 -10 0.76
77 41 Car -1 -1 -1 449.40 165.67 482.91 192.04 -1 -1 -1 -1000 -1000 -1000 -10 0.74
77 40 Car -1 -1 -1 551.14 166.13 572.02 183.73 -1 -1 -1 -1000 -1000 -1000 -10 0.72
78 35 Car -1 -1 -1 1028.10 158.63 1194.24 215.31 -1 -1 -1 -1000 -1000 -1000 -10 0.82
78 41 Car -1 -1 -1 449.53 166.04 482.66 192.00 -1 -1 -1 -1000 -1000 -1000 -10 0.78
78 42 Car -1 -1 -1 482.67 167.53 499.46 183.09 -1 -1 -1 -1000 -1000 -1000 -10 0.75
78 40 Car -1 -1 -1 551.28 166.29 571.95 183.21 -1 -1 -1 -1000 -1000 -1000 -10 0.70
79 35 Car -1 -1 -1 1029.26 159.16 1193.06 215.09 -1 -1 -1 -1000 -1000 -1000 -10 0.83
79 41 Car -1 -1 -1 449.56 166.23 482.71 192.03 -1 -1 -1 -1000 -1000 -1000 -10 0.77
79 42 Car -1 -1 -1 482.72 167.65 499.36 183.05 -1 -1 -1 -1000 -1000 -1000 -10 0.75
79 40 Car -1 -1 -1 551.64 166.50 571.29 182.57 -1 -1 -1 -1000 -1000 -1000 -10 0.70
80 35 Car -1 -1 -1 1029.55 158.65 1193.53 215.42 -1 -1 -1 -1000 -1000 -1000 -10 0.81
80 42 Car -1 -1 -1 482.50 167.61 499.37 183.19 -1 -1 -1 -1000 -1000 -1000 -10 0.76
80 41 Car -1 -1 -1 449.25 165.71 483.12 192.09 -1 -1 -1 -1000 -1000 -1000 -10 0.73
80 40 Car -1 -1 -1 551.56 166.46 571.14 182.29 -1 -1 -1 -1000 -1000 -1000 -10 0.70
81 35 Car -1 -1 -1 1029.87 157.78 1199.61 216.12 -1 -1 -1 -1000 -1000 -1000 -10 0.81
81 42 Car -1 -1 -1 482.54 167.58 499.29 183.11 -1 -1 -1 -1000 -1000 -1000 -10 0.76
81 41 Car -1 -1 -1 449.23 165.88 483.12 192.12 -1 -1 -1 -1000 -1000 -1000 -10 0.74
81 40 Car -1 -1 -1 551.57 166.28 571.26 181.94 -1 -1 -1 -1000 -1000 -1000 -10 0.63
82 35 Car -1 -1 -1 1028.88 156.73 1201.18 216.48 -1 -1 -1 -1000 -1000 -1000 -10 0.88
82 42 Car -1 -1 -1 482.57 167.50 499.38 183.13 -1 -1 -1 -1000 -1000 -1000 -10 0.76
82 41 Car -1 -1 -1 449.38 166.07 483.00 192.04 -1 -1 -1 -1000 -1000 -1000 -10 0.75
82 40 Car -1 -1 -1 551.77 166.39 571.18 181.76 -1 -1 -1 -1000 -1000 -1000 -10 0.58
83 35 Car -1 -1 -1 1028.60 156.90 1194.54 216.51 -1 -1 -1 -1000 -1000 -1000 -10 0.84
83 41 Car -1 -1 -1 449.00 165.75 483.31 192.12 -1 -1 -1 -1000 -1000 -1000 -10 0.76
83 42 Car -1 -1 -1 482.59 167.58 499.45 183.05 -1 -1 -1 -1000 -1000 -1000 -10 0.76
83 40 Car -1 -1 -1 552.40 166.50 571.14 181.80 -1 -1 -1 -1000 -1000 -1000 -10 0.54
84 35 Car -1 -1 -1 1031.98 157.64 1191.13 215.74 -1 -1 -1 -1000 -1000 -1000 -10 0.86
84 42 Car -1 -1 -1 482.58 167.62 499.47 183.14 -1 -1 -1 -1000 -1000 -1000 -10 0.76
84 41 Car -1 -1 -1 449.47 165.89 482.93 191.93 -1 -1 -1 -1000 -1000 -1000 -10 0.73
84 40 Car -1 -1 -1 552.28 166.52 571.33 181.71 -1 -1 -1 -1000 -1000 -1000 -10 0.51
85 35 Car -1 -1 -1 1031.51 157.22 1191.33 216.00 -1 -1 -1 -1000 -1000 -1000 -10 0.87
85 42 Car -1 -1 -1 482.62 167.69 499.45 183.06 -1 -1 -1 -1000 -1000 -1000 -10 0.76
85 41 Car -1 -1 -1 449.24 166.18 483.10 191.94 -1 -1 -1 -1000 -1000 -1000 -10 0.76
85 40 Car -1 -1 -1 552.48 166.53 573.16 181.53 -1 -1 -1 -1000 -1000 -1000 -10 0.47
86 35 Car -1 -1 -1 1031.69 156.93 1198.24 216.46 -1 -1 -1 -1000 -1000 -1000 -10 0.86
86 42 Car -1 -1 -1 482.52 167.65 499.45 183.09 -1 -1 -1 -1000 -1000 -1000 -10 0.77
86 41 Car -1 -1 -1 449.22 166.16 483.12 191.91 -1 -1 -1 -1000 -1000 -1000 -10 0.76
86 40 Car -1 -1 -1 553.42 166.75 572.51 181.21 -1 -1 -1 -1000 -1000 -1000 -10 0.55
87 35 Car -1 -1 -1 1030.81 157.59 1199.98 215.56 -1 -1 -1 -1000 -1000 -1000 -10 0.83
87 42 Car -1 -1 -1 482.56 167.56 499.42 183.11 -1 -1 -1 -1000 -1000 -1000 -10 0.76
87 41 Car -1 -1 -1 449.29 165.98 483.12 191.94 -1 -1 -1 -1000 -1000 -1000 -10 0.73
87 40 Car -1 -1 -1 553.40 166.83 572.69 181.14 -1 -1 -1 -1000 -1000 -1000 -10 0.57
88 35 Car -1 -1 -1 1032.10 156.90 1197.87 216.08 -1 -1 -1 -1000 -1000 -1000 -10 0.88
88 41 Car -1 -1 -1 449.36 166.11 482.81 191.89 -1 -1 -1 -1000 -1000 -1000 -10 0.78
88 42 Car -1 -1 -1 482.46 167.43 499.44 183.15 -1 -1 -1 -1000 -1000 -1000 -10 0.76
88 40 Car -1 -1 -1 552.19 166.66 571.46 181.37 -1 -1 -1 -1000 -1000 -1000 -10 0.47
89 35 Car -1 -1 -1 1032.09 156.56 1198.24 216.47 -1 -1 -1 -1000 -1000 -1000 -10 0.88
89 41 Car -1 -1 -1 449.43 166.01 482.78 191.89 -1 -1 -1 -1000 -1000 -1000 -10 0.77
89 42 Car -1 -1 -1 482.49 167.39 499.65 183.20 -1 -1 -1 -1000 -1000 -1000 -10 0.76
89 40 Car -1 -1 -1 549.95 166.77 571.45 181.27 -1 -1 -1 -1000 -1000 -1000 -10 0.62
90 35 Car -1 -1 -1 1033.54 156.57 1196.18 216.19 -1 -1 -1 -1000 -1000 -1000 -10 0.91
90 41 Car -1 -1 -1 449.01 165.91 483.02 191.93 -1 -1 -1 -1000 -1000 -1000 -10 0.79
90 42 Car -1 -1 -1 482.32 167.32 499.57 183.24 -1 -1 -1 -1000 -1000 -1000 -10 0.75
90 40 Car -1 -1 -1 545.86 166.63 569.38 181.55 -1 -1 -1 -1000 -1000 -1000 -10 0.55
91 35 Car -1 -1 -1 1034.10 157.45 1195.71 215.63 -1 -1 -1 -1000 -1000 -1000 -10 0.88
91 41 Car -1 -1 -1 449.12 165.68 482.97 191.91 -1 -1 -1 -1000 -1000 -1000 -10 0.78
91 42 Car -1 -1 -1 482.30 167.25 499.71 183.21 -1 -1 -1 -1000 -1000 -1000 -10 0.75
91 40 Car -1 -1 -1 543.80 166.87 566.99 181.45 -1 -1 -1 -1000 -1000 -1000 -10 0.60
92 35 Car -1 -1 -1 1034.17 157.18 1195.03 215.74 -1 -1 -1 -1000 -1000 -1000 -10 0.87
92 41 Car -1 -1 -1 449.07 165.95 483.01 192.01 -1 -1 -1 -1000 -1000 -1000 -10 0.79
92 42 Car -1 -1 -1 482.15 167.37 499.88 183.30 -1 -1 -1 -1000 -1000 -1000 -10 0.76
92 40 Car -1 -1 -1 531.54 166.03 566.82 181.67 -1 -1 -1 -1000 -1000 -1000 -10 0.54
92 43 Car -1 -1 -1 562.39 166.40 581.35 179.39 -1 -1 -1 -1000 -1000 -1000 -10 0.41
93 35 Car -1 -1 -1 1031.61 155.77 1198.14 217.08 -1 -1 -1 -1000 -1000 -1000 -10 0.88
93 41 Car -1 -1 -1 449.15 166.05 482.81 192.00 -1 -1 -1 -1000 -1000 -1000 -10 0.80
93 42 Car -1 -1 -1 481.89 167.32 499.57 183.16 -1 -1 -1 -1000 -1000 -1000 -10 0.76
93 43 Car -1 -1 -1 563.16 166.51 580.96 178.92 -1 -1 -1 -1000 -1000 -1000 -10 0.63
93 40 Car -1 -1 -1 524.26 165.96 565.21 181.81 -1 -1 -1 -1000 -1000 -1000 -10 0.58
94 35 Car -1 -1 -1 1033.73 157.43 1196.37 215.95 -1 -1 -1 -1000 -1000 -1000 -10 0.88
94 41 Car -1 -1 -1 449.11 165.68 483.04 192.12 -1 -1 -1 -1000 -1000 -1000 -10 0.78
94 42 Car -1 -1 -1 482.15 167.55 499.62 183.06 -1 -1 -1 -1000 -1000 -1000 -10 0.77
94 43 Car -1 -1 -1 564.11 166.68 581.03 178.95 -1 -1 -1 -1000 -1000 -1000 -10 0.57
94 40 Car -1 -1 -1 513.95 165.99 552.98 181.79 -1 -1 -1 -1000 -1000 -1000 -10 0.52
95 35 Car -1 -1 -1 1034.04 157.98 1196.06 215.40 -1 -1 -1 -1000 -1000 -1000 -10 0.87
95 41 Car -1 -1 -1 449.46 165.92 482.61 192.15 -1 -1 -1 -1000 -1000 -1000 -10 0.79
95 42 Car -1 -1 -1 482.57 167.97 499.48 182.74 -1 -1 -1 -1000 -1000 -1000 -10 0.75
95 40 Car -1 -1 -1 508.27 166.14 542.97 181.58 -1 -1 -1 -1000 -1000 -1000 -10 0.57
95 43 Car -1 -1 -1 564.71 166.75 581.12 179.03 -1 -1 -1 -1000 -1000 -1000 -10 0.45
96 35 Car -1 -1 -1 1038.18 157.49 1191.16 214.58 -1 -1 -1 -1000 -1000 -1000 -10 0.87
96 41 Car -1 -1 -1 449.06 166.02 483.16 191.88 -1 -1 -1 -1000 -1000 -1000 -10 0.77
96 42 Car -1 -1 -1 481.36 167.63 500.57 182.96 -1 -1 -1 -1000 -1000 -1000 -10 0.75
96 40 Car -1 -1 -1 499.46 166.09 539.90 181.71 -1 -1 -1 -1000 -1000 -1000 -10 0.49
96 43 Car -1 -1 -1 564.89 166.47 584.30 179.32 -1 -1 -1 -1000 -1000 -1000 -10 0.41
97 35 Car -1 -1 -1 1041.19 158.41 1188.37 213.81 -1 -1 -1 -1000 -1000 -1000 -10 0.86
97 41 Car -1 -1 -1 449.04 165.77 483.29 191.74 -1 -1 -1 -1000 -1000 -1000 -10 0.75
97 42 Car -1 -1 -1 480.76 167.55 500.53 182.82 -1 -1 -1 -1000 -1000 -1000 -10 0.74
97 40 Car -1 -1 -1 496.90 166.24 534.13 181.39 -1 -1 -1 -1000 -1000 -1000 -10 0.47
97 43 Car -1 -1 -1 564.87 166.60 584.22 179.24 -1 -1 -1 -1000 -1000 -1000 -10 0.43
98 35 Car -1 -1 -1 1036.85 158.53 1192.67 214.64 -1 -1 -1 -1000 -1000 -1000 -10 0.86
98 42 Car -1 -1 -1 481.81 168.00 499.41 182.69 -1 -1 -1 -1000 -1000 -1000 -10 0.76
98 41 Car -1 -1 -1 449.50 165.81 482.80 191.92 -1 -1 -1 -1000 -1000 -1000 -10 0.75
98 40 Car -1 -1 -1 496.52 166.33 530.83 180.04 -1 -1 -1 -1000 -1000 -1000 -10 0.50
98 43 Car -1 -1 -1 564.76 166.61 584.16 179.22 -1 -1 -1 -1000 -1000 -1000 -10 0.46
99 35 Car -1 -1 -1 1039.28 158.55 1183.36 214.57 -1 -1 -1 -1000 -1000 -1000 -10 0.86
99 42 Car -1 -1 -1 482.36 167.98 500.02 183.03 -1 -1 -1 -1000 -1000 -1000 -10 0.76
99 41 Car -1 -1 -1 449.21 165.77 483.14 191.92 -1 -1 -1 -1000 -1000 -1000 -10 0.75
99 43 Car -1 -1 -1 565.13 166.67 584.04 179.19 -1 -1 -1 -1000 -1000 -1000 -10 0.48
99 40 Car -1 -1 -1 496.57 166.94 527.00 180.77 -1 -1 -1 -1000 -1000 -1000 -10 0.46
100 35 Car -1 -1 -1 1037.54 158.30 1184.78 214.46 -1 -1 -1 -1000 -1000 -1000 -10 0.86
100 42 Car -1 -1 -1 482.32 168.23 500.05 183.23 -1 -1 -1 -1000 -1000 -1000 -10 0.75
100 41 Car -1 -1 -1 449.48 165.89 482.93 191.97 -1 -1 -1 -1000 -1000 -1000 -10 0.72
100 40 Car -1 -1 -1 495.57 167.01 525.50 180.77 -1 -1 -1 -1000 -1000 -1000 -10 0.64
100 43 Car -1 -1 -1 565.23 166.69 583.85 179.26 -1 -1 -1 -1000 -1000 -1000 -10 0.47
101 35 Car -1 -1 -1 1039.96 158.25 1189.73 213.65 -1 -1 -1 -1000 -1000 -1000 -10 0.85
101 42 Car -1 -1 -1 482.28 168.29 500.12 183.20 -1 -1 -1 -1000 -1000 -1000 -10 0.74
101 41 Car -1 -1 -1 449.20 165.78 483.17 191.96 -1 -1 -1 -1000 -1000 -1000 -10 0.73
101 40 Car -1 -1 -1 494.67 167.29 524.82 180.59 -1 -1 -1 -1000 -1000 -1000 -10 0.60
101 43 Car -1 -1 -1 565.10 166.75 584.40 179.12 -1 -1 -1 -1000 -1000 -1000 -10 0.50
102 35 Car -1 -1 -1 1039.19 157.96 1190.09 214.47 -1 -1 -1 -1000 -1000 -1000 -10 0.84
102 42 Car -1 -1 -1 482.43 168.24 499.85 183.14 -1 -1 -1 -1000 -1000 -1000 -10 0.74
102 41 Car -1 -1 -1 449.19 165.87 483.24 191.95 -1 -1 -1 -1000 -1000 -1000 -10 0.71
102 40 Car -1 -1 -1 494.94 167.41 524.79 180.52 -1 -1 -1 -1000 -1000 -1000 -10 0.61
102 43 Car -1 -1 -1 565.52 166.71 584.22 179.19 -1 -1 -1 -1000 -1000 -1000 -10 0.52
103 35 Car -1 -1 -1 1037.10 157.64 1193.08 216.08 -1 -1 -1 -1000 -1000 -1000 -10 0.89
103 42 Car -1 -1 -1 482.49 168.31 499.70 183.07 -1 -1 -1 -1000 -1000 -1000 -10 0.75
103 41 Car -1 -1 -1 449.36 165.95 483.06 191.94 -1 -1 -1 -1000 -1000 -1000 -10 0.72
103 40 Car -1 -1 -1 495.19 167.57 524.36 180.52 -1 -1 -1 -1000 -1000 -1000 -10 0.62
103 43 Car -1 -1 -1 565.31 166.63 584.33 179.24 -1 -1 -1 -1000 -1000 -1000 -10 0.52
104 35 Car -1 -1 -1 1036.22 157.55 1186.84 215.91 -1 -1 -1 -1000 -1000 -1000 -10 0.90
104 42 Car -1 -1 -1 482.46 168.33 499.73 183.09 -1 -1 -1 -1000 -1000 -1000 -10 0.75
104 41 Car -1 -1 -1 449.31 165.93 483.08 191.98 -1 -1 -1 -1000 -1000 -1000 -10 0.73
104 40 Car -1 -1 -1 495.15 167.58 524.23 180.57 -1 -1 -1 -1000 -1000 -1000 -10 0.62
104 43 Car -1 -1 -1 565.23 166.61 584.45 179.30 -1 -1 -1 -1000 -1000 -1000 -10 0.53
105 35 Car -1 -1 -1 1038.56 157.81 1183.41 214.75 -1 -1 -1 -1000 -1000 -1000 -10 0.88
105 42 Car -1 -1 -1 482.45 168.26 499.67 183.07 -1 -1 -1 -1000 -1000 -1000 -10 0.75
105 41 Car -1 -1 -1 449.21 165.83 483.14 191.89 -1 -1 -1 -1000 -1000 -1000 -10 0.74
105 40 Car -1 -1 -1 494.84 167.45 524.57 180.58 -1 -1 -1 -1000 -1000 -1000 -10 0.60
105 43 Car -1 -1 -1 565.26 166.61 584.46 179.31 -1 -1 -1 -1000 -1000 -1000 -10 0.54
106 35 Car -1 -1 -1 1035.96 157.85 1178.84 215.79 -1 -1 -1 -1000 -1000 -1000 -10 0.92
106 42 Car -1 -1 -1 482.32 168.26 499.91 183.17 -1 -1 -1 -1000 -1000 -1000 -10 0.75
106 41 Car -1 -1 -1 449.14 165.86 483.21 191.92 -1 -1 -1 -1000 -1000 -1000 -10 0.75
106 40 Car -1 -1 -1 494.94 167.53 524.73 180.44 -1 -1 -1 -1000 -1000 -1000 -10 0.61
106 43 Car -1 -1 -1 565.38 166.69 584.23 179.21 -1 -1 -1 -1000 -1000 -1000 -10 0.52
107 35 Car -1 -1 -1 1029.14 156.97 1179.16 216.76 -1 -1 -1 -1000 -1000 -1000 -10 0.90
107 42 Car -1 -1 -1 482.20 168.18 500.13 183.24 -1 -1 -1 -1000 -1000 -1000 -10 0.74
107 41 Car -1 -1 -1 449.17 165.92 483.21 191.91 -1 -1 -1 -1000 -1000 -1000 -10 0.74
107 40 Car -1 -1 -1 494.56 167.39 525.26 180.74 -1 -1 -1 -1000 -1000 -1000 -10 0.64
107 43 Car -1 -1 -1 565.32 166.68 584.38 179.19 -1 -1 -1 -1000 -1000 -1000 -10 0.52
108 35 Car -1 -1 -1 1028.76 156.33 1177.05 216.55 -1 -1 -1 -1000 -1000 -1000 -10 0.89
108 42 Car -1 -1 -1 482.16 168.12 499.98 183.16 -1 -1 -1 -1000 -1000 -1000 -10 0.75
108 41 Car -1 -1 -1 449.11 165.75 483.30 191.94 -1 -1 -1 -1000 -1000 -1000 -10 0.72
108 40 Car -1 -1 -1 495.29 167.12 525.68 181.24 -1 -1 -1 -1000 -1000 -1000 -10 0.70
108 43 Car -1 -1 -1 565.29 166.60 584.35 179.30 -1 -1 -1 -1000 -1000 -1000 -10 0.54
109 35 Car -1 -1 -1 1022.47 156.81 1168.23 216.83 -1 -1 -1 -1000 -1000 -1000 -10 0.90
109 42 Car -1 -1 -1 482.05 168.04 500.06 183.14 -1 -1 -1 -1000 -1000 -1000 -10 0.75
109 41 Car -1 -1 -1 448.76 165.59 483.65 192.02 -1 -1 -1 -1000 -1000 -1000 -10 0.73
109 40 Car -1 -1 -1 496.32 166.77 527.13 181.89 -1 -1 -1 -1000 -1000 -1000 -10 0.70
109 43 Car -1 -1 -1 565.36 166.63 584.46 179.26 -1 -1 -1 -1000 -1000 -1000 -10 0.53
110 35 Car -1 -1 -1 1012.07 157.38 1149.47 215.98 -1 -1 -1 -1000 -1000 -1000 -10 0.84
110 42 Car -1 -1 -1 482.04 167.98 499.62 182.97 -1 -1 -1 -1000 -1000 -1000 -10 0.74
110 41 Car -1 -1 -1 448.72 165.51 483.70 192.04 -1 -1 -1 -1000 -1000 -1000 -10 0.73
110 40 Car -1 -1 -1 496.12 166.71 530.25 181.42 -1 -1 -1 -1000 -1000 -1000 -10 0.58
110 43 Car -1 -1 -1 565.16 166.57 584.51 179.32 -1 -1 -1 -1000 -1000 -1000 -10 0.53
111 35 Car -1 -1 -1 998.49 156.02 1145.87 217.99 -1 -1 -1 -1000 -1000 -1000 -10 0.91
111 42 Car -1 -1 -1 481.43 167.77 500.38 183.01 -1 -1 -1 -1000 -1000 -1000 -10 0.75
111 41 Car -1 -1 -1 448.59 165.55 483.84 191.88 -1 -1 -1 -1000 -1000 -1000 -10 0.73
111 40 Car -1 -1 -1 500.55 167.11 534.50 181.36 -1 -1 -1 -1000 -1000 -1000 -10 0.68
111 43 Car -1 -1 -1 565.01 166.50 584.93 179.34 -1 -1 -1 -1000 -1000 -1000 -10 0.53
112 35 Car -1 -1 -1 968.74 155.48 1139.17 217.99 -1 -1 -1 -1000 -1000 -1000 -10 0.92
112 42 Car -1 -1 -1 481.29 167.41 501.06 183.01 -1 -1 -1 -1000 -1000 -1000 -10 0.76
112 41 Car -1 -1 -1 448.62 165.61 483.84 191.90 -1 -1 -1 -1000 -1000 -1000 -10 0.72
112 40 Car -1 -1 -1 500.68 166.68 538.30 181.83 -1 -1 -1 -1000 -1000 -1000 -10 0.68
112 43 Car -1 -1 -1 564.83 166.34 585.24 179.42 -1 -1 -1 -1000 -1000 -1000 -10 0.54
113 35 Car -1 -1 -1 953.93 155.08 1122.03 218.24 -1 -1 -1 -1000 -1000 -1000 -10 0.93
113 42 Car -1 -1 -1 481.79 167.61 501.05 182.90 -1 -1 -1 -1000 -1000 -1000 -10 0.78
113 40 Car -1 -1 -1 505.31 166.95 539.48 181.46 -1 -1 -1 -1000 -1000 -1000 -10 0.73
113 41 Car -1 -1 -1 449.04 165.60 483.40 191.90 -1 -1 -1 -1000 -1000 -1000 -10 0.73
113 43 Car -1 -1 -1 565.01 166.34 584.23 179.52 -1 -1 -1 -1000 -1000 -1000 -10 0.51
114 35 Car -1 -1 -1 936.56 155.74 1103.29 217.77 -1 -1 -1 -1000 -1000 -1000 -10 0.93
114 42 Car -1 -1 -1 482.31 167.82 500.04 182.88 -1 -1 -1 -1000 -1000 -1000 -10 0.77
114 41 Car -1 -1 -1 448.99 165.33 483.39 191.92 -1 -1 -1 -1000 -1000 -1000 -10 0.74
114 40 Car -1 -1 -1 508.63 166.90 542.02 181.40 -1 -1 -1 -1000 -1000 -1000 -10 0.59
114 43 Car -1 -1 -1 565.04 166.51 583.76 179.42 -1 -1 -1 -1000 -1000 -1000 -10 0.44
115 35 Car -1 -1 -1 921.05 155.94 1086.93 218.48 -1 -1 -1 -1000 -1000 -1000 -10 0.93
115 42 Car -1 -1 -1 482.05 167.43 499.69 182.96 -1 -1 -1 -1000 -1000 -1000 -10 0.77
115 41 Car -1 -1 -1 448.78 165.32 483.60 191.82 -1 -1 -1 -1000 -1000 -1000 -10 0.74
115 40 Car -1 -1 -1 508.71 166.61 542.71 181.81 -1 -1 -1 -1000 -1000 -1000 -10 0.52
115 43 Car -1 -1 -1 564.98 166.48 583.74 179.49 -1 -1 -1 -1000 -1000 -1000 -10 0.44
116 35 Car -1 -1 -1 908.29 156.56 1061.95 217.02 -1 -1 -1 -1000 -1000 -1000 -10 0.93
116 42 Car -1 -1 -1 482.09 167.29 499.78 182.95 -1 -1 -1 -1000 -1000 -1000 -10 0.75
116 41 Car -1 -1 -1 448.92 165.48 483.50 191.84 -1 -1 -1 -1000 -1000 -1000 -10 0.73
116 43 Car -1 -1 -1 565.03 166.46 583.62 179.46 -1 -1 -1 -1000 -1000 -1000 -10 0.42
117 35 Car -1 -1 -1 887.85 157.82 1036.94 215.65 -1 -1 -1 -1000 -1000 -1000 -10 0.92
117 42 Car -1 -1 -1 482.31 167.30 499.61 182.88 -1 -1 -1 -1000 -1000 -1000 -10 0.76
117 41 Car -1 -1 -1 448.89 165.36 483.51 191.75 -1 -1 -1 -1000 -1000 -1000 -10 0.72
117 43 Car -1 -1 -1 565.01 166.41 583.89 179.40 -1 -1 -1 -1000 -1000 -1000 -10 0.45
118 35 Car -1 -1 -1 867.78 158.56 1017.79 215.33 -1 -1 -1 -1000 -1000 -1000 -10 0.94
118 42 Car -1 -1 -1 482.12 167.22 499.55 182.99 -1 -1 -1 -1000 -1000 -1000 -10 0.75
118 41 Car -1 -1 -1 448.92 165.44 483.49 191.85 -1 -1 -1 -1000 -1000 -1000 -10 0.71
118 43 Car -1 -1 -1 564.98 166.51 584.12 179.33 -1 -1 -1 -1000 -1000 -1000 -10 0.46
119 35 Car -1 -1 -1 847.97 157.54 1000.45 216.47 -1 -1 -1 -1000 -1000 -1000 -10 0.95
119 41 Car -1 -1 -1 449.26 165.61 482.92 191.88 -1 -1 -1 -1000 -1000 -1000 -10 0.76
119 42 Car -1 -1 -1 482.25 167.23 499.48 183.01 -1 -1 -1 -1000 -1000 -1000 -10 0.75
119 43 Car -1 -1 -1 564.77 166.36 584.03 179.39 -1 -1 -1 -1000 -1000 -1000 -10 0.43
120 35 Car -1 -1 -1 824.28 157.42 977.99 215.95 -1 -1 -1 -1000 -1000 -1000 -10 0.94
120 41 Car -1 -1 -1 449.23 165.67 483.01 191.90 -1 -1 -1 -1000 -1000 -1000 -10 0.76
120 42 Car -1 -1 -1 482.22 167.28 499.39 182.94 -1 -1 -1 -1000 -1000 -1000 -10 0.75
120 43 Car -1 -1 -1 564.80 166.32 584.04 179.45 -1 -1 -1 -1000 -1000 -1000 -10 0.42
121 35 Car -1 -1 -1 802.11 156.90 954.45 217.41 -1 -1 -1 -1000 -1000 -1000 -10 0.95
121 42 Car -1 -1 -1 482.18 167.17 499.60 183.02 -1 -1 -1 -1000 -1000 -1000 -10 0.75
121 41 Car -1 -1 -1 449.18 165.65 483.11 191.82 -1 -1 -1 -1000 -1000 -1000 -10 0.75
121 43 Car -1 -1 -1 564.73 166.28 584.09 179.45 -1 -1 -1 -1000 -1000 -1000 -10 0.43
121 44 Car -1 -1 -1 516.04 164.34 551.17 180.90 -1 -1 -1 -1000 -1000 -1000 -10 0.45
122 35 Car -1 -1 -1 784.91 156.48 932.42 217.60 -1 -1 -1 -1000 -1000 -1000 -10 0.96
122 41 Car -1 -1 -1 449.45 166.01 482.58 191.83 -1 -1 -1 -1000 -1000 -1000 -10 0.78
122 42 Car -1 -1 -1 482.23 167.42 499.56 182.98 -1 -1 -1 -1000 -1000 -1000 -10 0.77
122 44 Car -1 -1 -1 515.39 165.11 552.88 181.00 -1 -1 -1 -1000 -1000 -1000 -10 0.65
122 43 Car -1 -1 -1 564.83 166.36 584.03 179.49 -1 -1 -1 -1000 -1000 -1000 -10 0.44
123 35 Car -1 -1 -1 760.40 155.68 910.65 218.65 -1 -1 -1 -1000 -1000 -1000 -10 0.96
123 42 Car -1 -1 -1 482.19 167.33 499.54 183.00 -1 -1 -1 -1000 -1000 -1000 -10 0.77
123 41 Car -1 -1 -1 449.31 165.91 483.11 191.91 -1 -1 -1 -1000 -1000 -1000 -10 0.72
123 44 Car -1 -1 -1 515.64 165.12 553.11 180.87 -1 -1 -1 -1000 -1000 -1000 -10 0.63
123 43 Car -1 -1 -1 565.08 166.42 583.83 179.41 -1 -1 -1 -1000 -1000 -1000 -10 0.44
124 35 Car -1 -1 -1 736.89 157.17 890.44 218.23 -1 -1 -1 -1000 -1000 -1000 -10 0.94
124 41 Car -1 -1 -1 450.00 166.25 484.52 191.41 -1 -1 -1 -1000 -1000 -1000 -10 0.78
124 42 Car -1 -1 -1 482.18 167.46 499.79 183.12 -1 -1 -1 -1000 -1000 -1000 -10 0.77
124 44 Car -1 -1 -1 516.12 165.14 552.00 180.85 -1 -1 -1 -1000 -1000 -1000 -10 0.65
124 43 Car -1 -1 -1 564.87 166.27 583.97 179.56 -1 -1 -1 -1000 -1000 -1000 -10 0.43
125 35 Car -1 -1 -1 717.17 155.92 868.82 218.02 -1 -1 -1 -1000 -1000 -1000 -10 0.94
125 41 Car -1 -1 -1 450.44 166.43 484.79 191.37 -1 -1 -1 -1000 -1000 -1000 -10 0.83
125 42 Car -1 -1 -1 481.88 167.21 499.94 183.30 -1 -1 -1 -1000 -1000 -1000 -10 0.75
125 44 Car -1 -1 -1 518.07 165.11 549.87 180.74 -1 -1 -1 -1000 -1000 -1000 -10 0.59
125 43 Car -1 -1 -1 564.82 166.27 583.93 179.49 -1 -1 -1 -1000 -1000 -1000 -10 0.43
126 35 Car -1 -1 -1 696.37 156.38 843.29 218.29 -1 -1 -1 -1000 -1000 -1000 -10 0.94
126 41 Car -1 -1 -1 450.84 166.41 485.19 191.26 -1 -1 -1 -1000 -1000 -1000 -10 0.83
126 42 Car -1 -1 -1 481.66 167.15 499.85 183.32 -1 -1 -1 -1000 -1000 -1000 -10 0.74
126 44 Car -1 -1 -1 521.41 165.20 546.76 180.10 -1 -1 -1 -1000 -1000 -1000 -10 0.41
126 43 Car -1 -1 -1 564.78 166.33 583.82 179.48 -1 -1 -1 -1000 -1000 -1000 -10 0.41
127 35 Car -1 -1 -1 678.07 158.56 815.30 217.02 -1 -1 -1 -1000 -1000 -1000 -10 0.92
127 41 Car -1 -1 -1 451.44 166.63 485.58 191.05 -1 -1 -1 -1000 -1000 -1000 -10 0.84
127 42 Car -1 -1 -1 481.11 167.55 500.11 183.10 -1 -1 -1 -1000 -1000 -1000 -10 0.74
127 44 Car -1 -1 -1 514.55 166.54 543.40 181.15 -1 -1 -1 -1000 -1000 -1000 -10 0.45
127 43 Car -1 -1 -1 564.70 166.84 581.62 179.10 -1 -1 -1 -1000 -1000 -1000 -10 0.41
128 35 Car -1 -1 -1 657.38 157.83 798.54 218.23 -1 -1 -1 -1000 -1000 -1000 -10 0.95
128 41 Car -1 -1 -1 451.44 166.77 487.66 191.08 -1 -1 -1 -1000 -1000 -1000 -10 0.82
128 42 Car -1 -1 -1 480.13 167.47 500.48 183.10 -1 -1 -1 -1000 -1000 -1000 -10 0.71
128 44 Car -1 -1 -1 510.54 166.24 542.94 182.07 -1 -1 -1 -1000 -1000 -1000 -10 0.65
128 43 Car -1 -1 -1 565.03 166.96 581.08 178.93 -1 -1 -1 -1000 -1000 -1000 -10 0.45
129 35 Car -1 -1 -1 639.12 158.91 778.11 220.70 -1 -1 -1 -1000 -1000 -1000 -10 0.95
129 41 Car -1 -1 -1 452.48 167.02 489.89 190.88 -1 -1 -1 -1000 -1000 -1000 -10 0.77
129 44 Car -1 -1 -1 510.09 166.33 539.67 182.15 -1 -1 -1 -1000 -1000 -1000 -10 0.68
129 42 Car -1 -1 -1 480.29 167.18 499.91 183.05 -1 -1 -1 -1000 -1000 -1000 -10 0.67
130 35 Car -1 -1 -1 616.98 159.09 758.27 222.64 -1 -1 -1 -1000 -1000 -1000 -10 0.95
130 41 Car -1 -1 -1 452.70 167.24 491.01 190.57 -1 -1 -1 -1000 -1000 -1000 -10 0.84
130 44 Car -1 -1 -1 509.60 166.94 536.87 183.18 -1 -1 -1 -1000 -1000 -1000 -10 0.73
130 42 Car -1 -1 -1 479.95 167.48 500.46 183.03 -1 -1 -1 -1000 -1000 -1000 -10 0.70
131 35 Car -1 -1 -1 601.34 158.89 739.85 223.58 -1 -1 -1 -1000 -1000 -1000 -10 0.96
131 41 Car -1 -1 -1 453.63 167.36 492.82 189.77 -1 -1 -1 -1000 -1000 -1000 -10 0.81
131 44 Car -1 -1 -1 510.78 167.56 532.85 182.32 -1 -1 -1 -1000 -1000 -1000 -10 0.75
131 42 Car -1 -1 -1 479.20 167.87 501.12 183.14 -1 -1 -1 -1000 -1000 -1000 -10 0.59
132 35 Car -1 -1 -1 579.69 159.14 723.01 227.85 -1 -1 -1 -1000 -1000 -1000 -10 0.93
132 44 Car -1 -1 -1 512.05 167.61 530.52 181.58 -1 -1 -1 -1000 -1000 -1000 -10 0.70
132 41 Car -1 -1 -1 454.29 166.81 495.63 189.45 -1 -1 -1 -1000 -1000 -1000 -10 0.68
132 42 Car -1 -1 -1 479.53 167.96 500.77 183.64 -1 -1 -1 -1000 -1000 -1000 -10 0.53
133 35 Car -1 -1 -1 561.57 158.80 703.34 230.81 -1 -1 -1 -1000 -1000 -1000 -10 0.95
133 41 Car -1 -1 -1 456.76 166.68 494.10 189.18 -1 -1 -1 -1000 -1000 -1000 -10 0.73
133 44 Car -1 -1 -1 512.96 167.29 530.45 181.52 -1 -1 -1 -1000 -1000 -1000 -10 0.68
133 42 Car -1 -1 -1 479.87 168.07 500.58 183.63 -1 -1 -1 -1000 -1000 -1000 -10 0.49
134 35 Car -1 -1 -1 538.57 159.91 683.19 235.35 -1 -1 -1 -1000 -1000 -1000 -10 0.92
134 44 Car -1 -1 -1 513.93 166.90 531.47 181.78 -1 -1 -1 -1000 -1000 -1000 -10 0.69
134 41 Car -1 -1 -1 458.07 164.23 499.79 189.42 -1 -1 -1 -1000 -1000 -1000 -10 0.63
135 35 Car -1 -1 -1 523.89 160.50 664.17 237.05 -1 -1 -1 -1000 -1000 -1000 -10 0.95
135 41 Car -1 -1 -1 460.49 164.80 498.58 188.90 -1 -1 -1 -1000 -1000 -1000 -10 0.75
135 44 Car -1 -1 -1 513.72 167.19 539.12 181.31 -1 -1 -1 -1000 -1000 -1000 -10 0.57
136 35 Car -1 -1 -1 499.88 162.06 643.27 241.71 -1 -1 -1 -1000 -1000 -1000 -10 0.95
136 41 Car -1 -1 -1 462.76 164.53 497.17 189.04 -1 -1 -1 -1000 -1000 -1000 -10 0.75
137 35 Car -1 -1 -1 480.10 161.69 626.23 244.83 -1 -1 -1 -1000 -1000 -1000 -10 0.94
137 41 Car -1 -1 -1 464.85 164.34 497.39 189.07 -1 -1 -1 -1000 -1000 -1000 -10 0.72
138 35 Car -1 -1 -1 453.91 161.76 611.60 250.95 -1 -1 -1 -1000 -1000 -1000 -10 0.95
138 41 Car -1 -1 -1 465.61 164.82 500.76 188.31 -1 -1 -1 -1000 -1000 -1000 -10 0.70
139 35 Car -1 -1 -1 429.05 163.36 591.76 255.61 -1 -1 -1 -1000 -1000 -1000 -10 0.94
140 35 Car -1 -1 -1 399.77 161.30 575.42 266.14 -1 -1 -1 -1000 -1000 -1000 -10 0.95
141 35 Car -1 -1 -1 372.77 163.36 557.38 272.50 -1 -1 -1 -1000 -1000 -1000 -10 0.95
141 45 Car -1 -1 -1 563.24 166.31 580.73 179.11 -1 -1 -1 -1000 -1000 -1000 -10 0.47
142 35 Car -1 -1 -1 337.81 161.65 539.21 282.66 -1 -1 -1 -1000 -1000 -1000 -10 0.94
142 45 Car -1 -1 -1 564.46 166.72 580.90 178.66 -1 -1 -1 -1000 -1000 -1000 -10 0.49
143 35 Car -1 -1 -1 304.45 161.41 518.13 297.78 -1 -1 -1 -1000 -1000 -1000 -10 0.95
143 45 Car -1 -1 -1 565.05 166.77 580.67 179.04 -1 -1 -1 -1000 -1000 -1000 -10 0.48
143 46 Car -1 -1 -1 515.92 166.14 541.28 183.17 -1 -1 -1 -1000 -1000 -1000 -10 0.50
144 35 Car -1 -1 -1 261.04 160.10 500.95 314.34 -1 -1 -1 -1000 -1000 -1000 -10 0.93
144 46 Car -1 -1 -1 517.60 166.88 536.33 182.20 -1 -1 -1 -1000 -1000 -1000 -10 0.69
145 35 Car -1 -1 -1 211.71 159.87 480.80 336.85 -1 -1 -1 -1000 -1000 -1000 -10 0.94
145 46 Car -1 -1 -1 517.12 167.22 535.79 182.31 -1 -1 -1 -1000 -1000 -1000 -10 0.72
145 47 Car -1 -1 -1 468.67 165.42 496.57 187.91 -1 -1 -1 -1000 -1000 -1000 -10 0.61
146 35 Car -1 -1 -1 149.12 159.47 459.00 360.52 -1 -1 -1 -1000 -1000 -1000 -10 0.94
146 46 Car -1 -1 -1 517.05 167.07 535.42 182.12 -1 -1 -1 -1000 -1000 -1000 -10 0.76
146 47 Car -1 -1 -1 467.97 164.82 497.26 188.32 -1 -1 -1 -1000 -1000 -1000 -10 0.71
147 35 Car -1 -1 -1 54.58 161.79 438.97 366.13 -1 -1 -1 -1000 -1000 -1000 -10 0.92
147 46 Car -1 -1 -1 516.84 166.92 535.02 182.18 -1 -1 -1 -1000 -1000 -1000 -10 0.74
147 47 Car -1 -1 -1 468.61 164.95 496.62 188.10 -1 -1 -1 -1000 -1000 -1000 -10 0.71
148 35 Car -1 -1 -1 -4.72 160.85 414.11 366.69 -1 -1 -1 -1000 -1000 -1000 -10 0.95
148 47 Car -1 -1 -1 468.89 164.40 498.39 188.86 -1 -1 -1 -1000 -1000 -1000 -10 0.75
148 46 Car -1 -1 -1 516.33 166.98 534.88 182.32 -1 -1 -1 -1000 -1000 -1000 -10 0.73
149 35 Car -1 -1 -1 -3.96 152.69 382.93 367.36 -1 -1 -1 -1000 -1000 -1000 -10 0.94
149 47 Car -1 -1 -1 469.59 163.47 500.23 189.56 -1 -1 -1 -1000 -1000 -1000 -10 0.78
149 46 Car -1 -1 -1 516.45 166.88 535.08 182.19 -1 -1 -1 -1000 -1000 -1000 -10 0.73
150 35 Car -1 -1 -1 -5.48 151.73 353.29 366.99 -1 -1 -1 -1000 -1000 -1000 -10 0.93
150 46 Car -1 -1 -1 516.39 166.89 535.38 182.29 -1 -1 -1 -1000 -1000 -1000 -10 0.73
150 47 Car -1 -1 -1 470.53 163.08 503.43 190.57 -1 -1 -1 -1000 -1000 -1000 -10 0.72
151 35 Car -1 -1 -1 -2.54 156.24 289.30 363.36 -1 -1 -1 -1000 -1000 -1000 -10 0.91
151 46 Car -1 -1 -1 516.13 166.89 535.22 182.38 -1 -1 -1 -1000 -1000 -1000 -10 0.74
151 47 Car -1 -1 -1 472.16 163.28 503.50 190.31 -1 -1 -1 -1000 -1000 -1000 -10 0.74
152 46 Car -1 -1 -1 516.57 166.73 535.61 182.42 -1 -1 -1 -1000 -1000 -1000 -10 0.75
152 35 Car -1 -1 -1 -6.00 160.68 208.70 366.13 -1 -1 -1 -1000 -1000 -1000 -10 0.59
152 47 Car -1 -1 -1 472.72 164.18 505.54 191.36 -1 -1 -1 -1000 -1000 -1000 -10 0.55
