0 1 Car -1 -1 -1 247.27 184.98 385.81 258.95 -1 -1 -1 -1000 -1000 -1000 -10 0.92
0 2 Car -1 -1 -1 380.52 172.68 456.49 226.28 -1 -1 -1 -1000 -1000 -1000 -10 0.90
0 3 Cyclist -1 -1 -1 493.50 168.04 514.15 214.10 -1 -1 -1 -1000 -1000 -1000 -10 0.65
0 4 Car -1 -1 -1 437.37 178.30 486.22 209.41 -1 -1 -1 -1000 -1000 -1000 -10 0.65
0 5 Pedestrian -1 -1 -1 1109.69 135.71 1158.58 251.92 -1 -1 -1 -1000 -1000 -1000 -10 0.61
0 6 Pedestrian -1 -1 -1 893.30 138.10 945.97 259.24 -1 -1 -1 -1000 -1000 -1000 -10 0.60
0 7 Pedestrian -1 -1 -1 1040.28 129.72 1090.11 245.80 -1 -1 -1 -1000 -1000 -1000 -10 0.59
0 8 Pedestrian -1 -1 -1 1008.24 132.52 1061.04 254.85 -1 -1 -1 -1000 -1000 -1000 -10 0.57
0 9 Pedestrian -1 -1 -1 953.55 134.46 1000.70 255.30 -1 -1 -1 -1000 -1000 -1000 -10 0.56
0 10 Car -1 -1 -1 526.27 162.82 563.59 197.46 -1 -1 -1 -1000 -1000 -1000 -10 0.45
1 1 Car -1 -1 -1 234.73 186.28 379.73 265.33 -1 -1 -1 -1000 -1000 -1000 -10 0.95
1 2 Car -1 -1 -1 374.40 174.61 454.92 229.96 -1 -1 -1 -1000 -1000 -1000 -10 0.95
1 4 Car -1 -1 -1 435.96 178.49 485.40 213.17 -1 -1 -1 -1000 -1000 -1000 -10 0.83
1 9 Pedestrian -1 -1 -1 971.49 139.56 1021.47 263.87 -1 -1 -1 -1000 -1000 -1000 -10 0.79
1 10 Car -1 -1 -1 526.00 164.59 564.18 200.02 -1 -1 -1 -1000 -1000 -1000 -10 0.77
1 6 Pedestrian -1 -1 -1 901.64 140.06 953.88 265.76 -1 -1 -1 -1000 -1000 -1000 -10 0.76
1 5 Pedestrian -1 -1 -1 1135.14 140.07 1186.67 258.51 -1 -1 -1 -1000 -1000 -1000 -10 0.73
1 7 Pedestrian -1 -1 -1 1067.08 132.82 1116.99 257.65 -1 -1 -1 -1000 -1000 -1000 -10 0.68
1 8 Pedestrian -1 -1 -1 1027.56 138.78 1072.45 257.24 -1 -1 -1 -1000 -1000 -1000 -10 0.58
1 3 Cyclist -1 -1 -1 494.50 171.53 510.80 217.94 -1 -1 -1 -1000 -1000 -1000 -10 0.40
1 11 Pedestrian -1 -1 -1 494.50 171.53 510.80 217.94 -1 -1 -1 -1000 -1000 -1000 -10 0.69
2 1 Car -1 -1 -1 213.06 188.78 371.50 271.07 -1 -1 -1 -1000 -1000 -1000 -10 0.96
2 2 Car -1 -1 -1 364.20 175.78 451.74 234.13 -1 -1 -1 -1000 -1000 -1000 -10 0.93
2 4 Car -1 -1 -1 433.01 180.26 483.29 215.85 -1 -1 -1 -1000 -1000 -1000 -10 0.81
2 6 Pedestrian -1 -1 -1 915.48 142.54 969.64 270.55 -1 -1 -1 -1000 -1000 -1000 -10 0.75
2 10 Car -1 -1 -1 519.94 166.58 563.93 204.72 -1 -1 -1 -1000 -1000 -1000 -10 0.72
2 5 Pedestrian -1 -1 -1 1158.03 139.96 1209.91 265.56 -1 -1 -1 -1000 -1000 -1000 -10 0.67
2 9 Pedestrian -1 -1 -1 991.81 140.25 1039.56 270.05 -1 -1 -1 -1000 -1000 -1000 -10 0.61
2 7 Pedestrian -1 -1 -1 1089.35 132.75 1140.39 263.01 -1 -1 -1 -1000 -1000 -1000 -10 0.59
2 8 Pedestrian -1 -1 -1 1045.66 140.11 1092.33 262.91 -1 -1 -1 -1000 -1000 -1000 -10 0.56
2 11 Pedestrian -1 -1 -1 487.87 171.79 509.80 222.48 -1 -1 -1 -1000 -1000 -1000 -10 0.53
2 12 Pedestrian -1 -1 -1 714.31 158.27 727.32 202.08 -1 -1 -1 -1000 -1000 -1000 -10 0.53
2 13 Pedestrian -1 -1 -1 287.50 169.02 313.44 233.55 -1 -1 -1 -1000 -1000 -1000 -10 0.40
3 1 Car -1 -1 -1 186.70 190.15 360.15 277.27 -1 -1 -1 -1000 -1000 -1000 -10 0.96
3 2 Car -1 -1 -1 359.33 175.77 447.95 235.62 -1 -1 -1 -1000 -1000 -1000 -10 0.95
3 4 Car -1 -1 -1 430.06 180.95 482.18 216.61 -1 -1 -1 -1000 -1000 -1000 -10 0.80
3 10 Car -1 -1 -1 516.30 165.95 563.78 206.58 -1 -1 -1 -1000 -1000 -1000 -10 0.79
3 9 Pedestrian -1 -1 -1 1012.36 139.09 1064.27 273.01 -1 -1 -1 -1000 -1000 -1000 -10 0.72
3 13 Pedestrian -1 -1 -1 282.77 169.89 303.10 233.77 -1 -1 -1 -1000 -1000 -1000 -10 0.68
3 6 Pedestrian -1 -1 -1 928.65 140.28 987.55 279.23 -1 -1 -1 -1000 -1000 -1000 -10 0.67
3 7 Pedestrian -1 -1 -1 1109.82 135.99 1165.99 267.62 -1 -1 -1 -1000 -1000 -1000 -10 0.64
3 12 Pedestrian -1 -1 -1 718.23 160.05 730.35 201.06 -1 -1 -1 -1000 -1000 -1000 -10 0.62
3 5 Pedestrian -1 -1 -1 1177.70 140.47 1220.66 264.03 -1 -1 -1 -1000 -1000 -1000 -10 0.51
3 8 Pedestrian -1 -1 -1 1062.88 137.83 1113.63 266.51 -1 -1 -1 -1000 -1000 -1000 -10 0.50
3 14 Cyclist -1 -1 -1 477.63 172.57 504.93 226.32 -1 -1 -1 -1000 -1000 -1000 -10 0.74
3 15 Pedestrian -1 -1 -1 690.57 161.30 704.50 204.32 -1 -1 -1 -1000 -1000 -1000 -10 0.54
4 2 Car -1 -1 -1 350.49 175.71 443.51 238.25 -1 -1 -1 -1000 -1000 -1000 -10 0.93
4 1 Car -1 -1 -1 156.77 192.41 345.56 282.93 -1 -1 -1 -1000 -1000 -1000 -10 0.92
4 10 Car -1 -1 -1 511.21 164.96 562.53 208.49 -1 -1 -1 -1000 -1000 -1000 -10 0.89
4 14 Cyclist -1 -1 -1 465.76 172.57 495.12 230.97 -1 -1 -1 -1000 -1000 -1000 -10 0.84
4 4 Car -1 -1 -1 426.15 181.61 481.15 217.47 -1 -1 -1 -1000 -1000 -1000 -10 0.78
4 6 Pedestrian -1 -1 -1 943.48 134.80 1003.46 278.97 -1 -1 -1 -1000 -1000 -1000 -10 0.77
4 9 Pedestrian -1 -1 -1 1033.70 135.80 1089.00 276.20 -1 -1 -1 -1000 -1000 -1000 -10 0.69
4 8 Pedestrian -1 -1 -1 1088.90 136.17 1141.50 274.67 -1 -1 -1 -1000 -1000 -1000 -10 0.66
4 15 Pedestrian -1 -1 -1 692.07 161.68 705.03 204.79 -1 -1 -1 -1000 -1000 -1000 -10 0.65
4 13 Pedestrian -1 -1 -1 273.93 168.51 297.29 236.46 -1 -1 -1 -1000 -1000 -1000 -10 0.64
4 12 Pedestrian -1 -1 -1 721.76 158.86 734.84 202.70 -1 -1 -1 -1000 -1000 -1000 -10 0.58
4 7 Pedestrian -1 -1 -1 1133.04 129.33 1188.61 268.89 -1 -1 -1 -1000 -1000 -1000 -10 0.57
4 16 Car -1 -1 -1 470.56 177.36 511.77 206.75 -1 -1 -1 -1000 -1000 -1000 -10 0.63
5 2 Car -1 -1 -1 339.90 174.04 437.96 239.04 -1 -1 -1 -1000 -1000 -1000 -10 0.95
5 1 Car -1 -1 -1 123.80 191.87 331.41 290.71 -1 -1 -1 -1000 -1000 -1000 -10 0.95
5 10 Car -1 -1 -1 506.13 163.55 559.95 208.67 -1 -1 -1 -1000 -1000 -1000 -10 0.89
5 14 Cyclist -1 -1 -1 453.38 171.76 484.63 233.71 -1 -1 -1 -1000 -1000 -1000 -10 0.83
5 16 Car -1 -1 -1 471.18 175.96 511.31 206.17 -1 -1 -1 -1000 -1000 -1000 -10 0.80
5 6 Pedestrian -1 -1 -1 963.87 131.44 1028.70 287.69 -1 -1 -1 -1000 -1000 -1000 -10 0.78
5 13 Pedestrian -1 -1 -1 264.49 164.32 289.95 240.15 -1 -1 -1 -1000 -1000 -1000 -10 0.65
5 15 Pedestrian -1 -1 -1 695.55 160.51 709.34 205.61 -1 -1 -1 -1000 -1000 -1000 -10 0.64
5 4 Car -1 -1 -1 424.45 178.98 475.92 216.60 -1 -1 -1 -1000 -1000 -1000 -10 0.61
5 12 Pedestrian -1 -1 -1 724.59 156.36 740.36 207.45 -1 -1 -1 -1000 -1000 -1000 -10 0.58
5 9 Pedestrian -1 -1 -1 1059.52 135.56 1117.11 282.96 -1 -1 -1 -1000 -1000 -1000 -10 0.58
5 8 Pedestrian -1 -1 -1 1110.19 140.60 1165.42 270.58 -1 -1 -1 -1000 -1000 -1000 -10 0.47
6 1 Car -1 -1 -1 79.33 193.50 315.03 302.13 -1 -1 -1 -1000 -1000 -1000 -10 0.95
6 2 Car -1 -1 -1 330.05 173.93 432.66 243.22 -1 -1 -1 -1000 -1000 -1000 -10 0.92
6 10 Car -1 -1 -1 502.30 162.57 558.95 210.35 -1 -1 -1 -1000 -1000 -1000 -10 0.90
6 14 Cyclist -1 -1 -1 437.11 173.82 477.07 239.32 -1 -1 -1 -1000 -1000 -1000 -10 0.85
6 9 Pedestrian -1 -1 -1 1092.16 137.68 1152.69 289.13 -1 -1 -1 -1000 -1000 -1000 -10 0.81
6 16 Car -1 -1 -1 471.74 175.86 510.73 206.26 -1 -1 -1 -1000 -1000 -1000 -10 0.81
6 8 Pedestrian -1 -1 -1 1139.63 135.19 1197.12 284.25 -1 -1 -1 -1000 -1000 -1000 -10 0.70
6 6 Pedestrian -1 -1 -1 984.53 135.99 1046.66 290.33 -1 -1 -1 -1000 -1000 -1000 -10 0.69
6 15 Pedestrian -1 -1 -1 698.44 159.63 713.90 205.53 -1 -1 -1 -1000 -1000 -1000 -10 0.68
6 12 Pedestrian -1 -1 -1 729.20 157.07 743.69 208.21 -1 -1 -1 -1000 -1000 -1000 -10 0.66
6 13 Pedestrian -1 -1 -1 252.53 163.75 280.20 239.90 -1 -1 -1 -1000 -1000 -1000 -10 0.54
6 4 Car -1 -1 -1 421.73 175.39 470.31 220.76 -1 -1 -1 -1000 -1000 -1000 -10 0.47
7 2 Car -1 -1 -1 316.55 173.05 428.06 244.55 -1 -1 -1 -1000 -1000 -1000 -10 0.96
7 1 Car -1 -1 -1 20.69 191.81 297.72 313.19 -1 -1 -1 -1000 -1000 -1000 -10 0.95
7 10 Car -1 -1 -1 497.14 160.85 556.42 212.12 -1 -1 -1 -1000 -1000 -1000 -10 0.91
7 14 Cyclist -1 -1 -1 419.68 172.96 463.19 245.73 -1 -1 -1 -1000 -1000 -1000 -10 0.87
7 16 Car -1 -1 -1 470.87 175.40 511.16 205.82 -1 -1 -1 -1000 -1000 -1000 -10 0.79
7 6 Pedestrian -1 -1 -1 1010.17 131.11 1081.75 297.21 -1 -1 -1 -1000 -1000 -1000 -10 0.73
7 15 Pedestrian -1 -1 -1 705.36 161.12 720.39 206.61 -1 -1 -1 -1000 -1000 -1000 -10 0.71
7 9 Pedestrian -1 -1 -1 1122.34 130.24 1184.13 295.91 -1 -1 -1 -1000 -1000 -1000 -10 0.68
7 8 Pedestrian -1 -1 -1 1165.56 134.82 1217.82 291.81 -1 -1 -1 -1000 -1000 -1000 -10 0.66
7 12 Pedestrian -1 -1 -1 735.74 157.70 751.83 207.53 -1 -1 -1 -1000 -1000 -1000 -10 0.66
7 13 Pedestrian -1 -1 -1 240.98 160.92 267.74 242.47 -1 -1 -1 -1000 -1000 -1000 -10 0.59
7 4 Car -1 -1 -1 416.81 174.29 473.88 216.68 -1 -1 -1 -1000 -1000 -1000 -10 0.53
8 2 Car -1 -1 -1 302.91 176.09 420.80 251.09 -1 -1 -1 -1000 -1000 -1000 -10 0.96
8 1 Car -1 -1 -1 1.82 193.03 276.47 334.85 -1 -1 -1 -1000 -1000 -1000 -10 0.96
8 10 Car -1 -1 -1 491.17 162.54 555.21 217.38 -1 -1 -1 -1000 -1000 -1000 -10 0.88
8 14 Cyclist -1 -1 -1 397.52 174.49 447.91 259.16 -1 -1 -1 -1000 -1000 -1000 -10 0.85
8 4 Car -1 -1 -1 406.78 179.50 469.85 225.00 -1 -1 -1 -1000 -1000 -1000 -10 0.85
8 16 Car -1 -1 -1 468.82 176.33 512.50 207.73 -1 -1 -1 -1000 -1000 -1000 -10 0.69
8 6 Pedestrian -1 -1 -1 1030.52 125.78 1115.28 316.33 -1 -1 -1 -1000 -1000 -1000 -10 0.65
8 9 Pedestrian -1 -1 -1 1144.62 135.49 1207.74 299.21 -1 -1 -1 -1000 -1000 -1000 -10 0.57
8 13 Pedestrian -1 -1 -1 230.85 165.41 255.06 240.46 -1 -1 -1 -1000 -1000 -1000 -10 0.54
8 12 Pedestrian -1 -1 -1 739.82 159.65 756.04 212.91 -1 -1 -1 -1000 -1000 -1000 -10 0.52
8 17 Cyclist -1 -1 -1 708.22 162.73 727.68 209.39 -1 -1 -1 -1000 -1000 -1000 -10 0.50
9 1 Car -1 -1 -1 2.42 197.64 246.95 360.54 -1 -1 -1 -1000 -1000 -1000 -10 0.96
9 10 Car -1 -1 -1 485.22 165.17 550.78 223.03 -1 -1 -1 -1000 -1000 -1000 -10 0.92
9 2 Car -1 -1 -1 288.11 180.74 412.88 260.19 -1 -1 -1 -1000 -1000 -1000 -10 0.88
9 4 Car -1 -1 -1 401.03 183.45 468.70 230.42 -1 -1 -1 -1000 -1000 -1000 -10 0.87
9 14 Cyclist -1 -1 -1 363.20 172.11 428.53 279.78 -1 -1 -1 -1000 -1000 -1000 -10 0.84
9 16 Car -1 -1 -1 466.20 178.42 509.54 211.25 -1 -1 -1 -1000 -1000 -1000 -10 0.77
9 12 Pedestrian -1 -1 -1 716.28 166.10 732.50 214.57 -1 -1 -1 -1000 -1000 -1000 -10 0.64
9 13 Pedestrian -1 -1 -1 222.47 172.45 247.26 241.46 -1 -1 -1 -1000 -1000 -1000 -10 0.58
9 6 Pedestrian -1 -1 -1 1066.31 130.33 1148.38 327.67 -1 -1 -1 -1000 -1000 -1000 -10 0.51
9 9 Pedestrian -1 -1 -1 1171.41 137.07 1219.29 313.47 -1 -1 -1 -1000 -1000 -1000 -10 0.47
9 18 Pedestrian -1 -1 -1 744.35 159.77 766.41 220.93 -1 -1 -1 -1000 -1000 -1000 -10 0.50
9 19 Car -1 -1 -1 648.07 174.96 677.64 192.38 -1 -1 -1 -1000 -1000 -1000 -10 0.44
9 20 Pedestrian -1 -1 -1 247.28 174.30 277.13 253.29 -1 -1 -1 -1000 -1000 -1000 -10 0.40
10 1 Car -1 -1 -1 -0.90 204.11 217.92 362.21 -1 -1 -1 -1000 -1000 -1000 -10 0.97
10 2 Car -1 -1 -1 270.35 183.98 405.89 267.12 -1 -1 -1 -1000 -1000 -1000 -10 0.93
10 4 Car -1 -1 -1 388.39 186.00 466.30 235.24 -1 -1 -1 -1000 -1000 -1000 -10 0.91
10 14 Cyclist -1 -1 -1 317.86 181.33 404.41 299.46 -1 -1 -1 -1000 -1000 -1000 -10 0.91
10 10 Car -1 -1 -1 474.85 166.33 548.07 228.97 -1 -1 -1 -1000 -1000 -1000 -10 0.89
10 16 Car -1 -1 -1 457.20 180.44 510.17 214.22 -1 -1 -1 -1000 -1000 -1000 -10 0.60
10 19 Car -1 -1 -1 646.21 176.08 680.74 192.57 -1 -1 -1 -1000 -1000 -1000 -10 0.58
10 20 Pedestrian -1 -1 -1 230.49 174.96 262.59 267.81 -1 -1 -1 -1000 -1000 -1000 -10 0.58
10 13 Pedestrian -1 -1 -1 206.58 171.83 233.84 255.72 -1 -1 -1 -1000 -1000 -1000 -10 0.51
10 6 Pedestrian -1 -1 -1 1094.46 124.05 1196.81 341.48 -1 -1 -1 -1000 -1000 -1000 -10 0.48
10 12 Pedestrian -1 -1 -1 720.34 167.53 737.43 216.49 -1 -1 -1 -1000 -1000 -1000 -10 0.47
10 21 Cyclist -1 -1 -1 743.56 164.80 766.05 216.47 -1 -1 -1 -1000 -1000 -1000 -10 0.66
11 1 Car -1 -1 -1 -2.06 205.86 174.61 367.14 -1 -1 -1 -1000 -1000 -1000 -10 0.94
11 2 Car -1 -1 -1 241.85 184.91 396.36 273.81 -1 -1 -1 -1000 -1000 -1000 -10 0.91
11 10 Car -1 -1 -1 465.32 164.73 542.72 233.06 -1 -1 -1 -1000 -1000 -1000 -10 0.89
11 4 Car -1 -1 -1 381.56 186.33 461.63 235.86 -1 -1 -1 -1000 -1000 -1000 -10 0.87
11 14 Cyclist -1 -1 -1 245.25 179.99 370.32 324.15 -1 -1 -1 -1000 -1000 -1000 -10 0.84
11 21 Cyclist -1 -1 -1 745.92 165.58 772.54 215.81 -1 -1 -1 -1000 -1000 -1000 -10 0.79
11 12 Pedestrian -1 -1 -1 726.63 166.64 745.14 221.42 -1 -1 -1 -1000 -1000 -1000 -10 0.66
11 19 Car -1 -1 -1 645.53 176.40 682.49 192.46 -1 -1 -1 -1000 -1000 -1000 -10 0.59
11 6 Pedestrian -1 -1 -1 1133.14 114.55 1219.15 351.17 -1 -1 -1 -1000 -1000 -1000 -10 0.54
11 13 Pedestrian -1 -1 -1 189.27 169.82 219.47 258.07 -1 -1 -1 -1000 -1000 -1000 -10 0.46
11 16 Car -1 -1 -1 454.09 177.54 505.62 218.12 -1 -1 -1 -1000 -1000 -1000 -10 0.41
12 2 Car -1 -1 -1 215.15 184.09 378.15 280.61 -1 -1 -1 -1000 -1000 -1000 -10 0.94
12 4 Car -1 -1 -1 368.01 186.46 455.43 238.59 -1 -1 -1 -1000 -1000 -1000 -10 0.91
12 14 Cyclist -1 -1 -1 153.39 175.11 301.70 367.12 -1 -1 -1 -1000 -1000 -1000 -10 0.90
12 10 Car -1 -1 -1 449.69 164.61 535.46 237.76 -1 -1 -1 -1000 -1000 -1000 -10 0.87
12 1 Car -1 -1 -1 -2.15 202.53 120.78 362.69 -1 -1 -1 -1000 -1000 -1000 -10 0.79
12 12 Pedestrian -1 -1 -1 730.62 162.87 749.35 220.61 -1 -1 -1 -1000 -1000 -1000 -10 0.65
12 19 Car -1 -1 -1 650.20 173.84 682.72 192.02 -1 -1 -1 -1000 -1000 -1000 -10 0.57
12 13 Pedestrian -1 -1 -1 159.36 167.51 196.53 268.89 -1 -1 -1 -1000 -1000 -1000 -10 0.55
12 21 Cyclist -1 -1 -1 752.33 160.40 775.17 214.56 -1 -1 -1 -1000 -1000 -1000 -10 0.53
12 22 Pedestrian -1 -1 -1 778.63 158.12 800.78 220.85 -1 -1 -1 -1000 -1000 -1000 -10 0.48
13 10 Car -1 -1 -1 431.53 161.09 528.53 244.29 -1 -1 -1 -1000 -1000 -1000 -10 0.96
13 2 Car -1 -1 -1 185.92 182.09 367.14 291.14 -1 -1 -1 -1000 -1000 -1000 -10 0.95
13 4 Car -1 -1 -1 354.22 187.43 446.86 240.81 -1 -1 -1 -1000 -1000 -1000 -10 0.92
13 22 Pedestrian -1 -1 -1 782.05 154.14 805.79 220.87 -1 -1 -1 -1000 -1000 -1000 -10 0.74
13 19 Car -1 -1 -1 643.16 172.54 684.87 191.13 -1 -1 -1 -1000 -1000 -1000 -10 0.69
13 14 Cyclist -1 -1 -1 -11.25 179.01 214.10 363.80 -1 -1 -1 -1000 -1000 -1000 -10 0.67
13 21 Cyclist -1 -1 -1 758.72 160.08 782.43 215.22 -1 -1 -1 -1000 -1000 -1000 -10 0.65
13 12 Pedestrian -1 -1 -1 731.06 160.79 757.24 221.02 -1 -1 -1 -1000 -1000 -1000 -10 0.44
13 23 Cyclist -1 -1 -1 731.06 160.79 757.24 221.02 -1 -1 -1 -1000 -1000 -1000 -10 0.54
14 2 Car -1 -1 -1 136.81 182.55 350.11 299.91 -1 -1 -1 -1000 -1000 -1000 -10 0.96
14 10 Car -1 -1 -1 407.86 160.44 519.84 252.72 -1 -1 -1 -1000 -1000 -1000 -10 0.95
14 4 Car -1 -1 -1 336.75 187.28 440.77 242.43 -1 -1 -1 -1000 -1000 -1000 -10 0.85
14 12 Pedestrian -1 -1 -1 739.08 159.68 763.27 223.35 -1 -1 -1 -1000 -1000 -1000 -10 0.72
14 22 Pedestrian -1 -1 -1 766.59 154.99 790.04 217.79 -1 -1 -1 -1000 -1000 -1000 -10 0.69
14 19 Car -1 -1 -1 642.63 171.12 683.01 190.13 -1 -1 -1 -1000 -1000 -1000 -10 0.52
14 24 Pedestrian -1 -1 -1 790.85 151.78 818.62 221.40 -1 -1 -1 -1000 -1000 -1000 -10 0.68
14 25 Pedestrian -1 -1 -1 116.35 170.86 162.69 271.36 -1 -1 -1 -1000 -1000 -1000 -10 0.43
15 2 Car -1 -1 -1 93.92 185.04 329.37 312.18 -1 -1 -1 -1000 -1000 -1000 -10 0.96
15 10 Car -1 -1 -1 379.98 157.83 509.36 263.52 -1 -1 -1 -1000 -1000 -1000 -10 0.94
15 4 Car -1 -1 -1 326.74 189.52 433.57 245.64 -1 -1 -1 -1000 -1000 -1000 -10 0.82
15 24 Pedestrian -1 -1 -1 802.70 153.69 830.39 225.27 -1 -1 -1 -1000 -1000 -1000 -10 0.69
15 12 Pedestrian -1 -1 -1 747.76 160.46 771.55 226.98 -1 -1 -1 -1000 -1000 -1000 -10 0.67
15 22 Pedestrian -1 -1 -1 777.66 158.10 800.77 221.28 -1 -1 -1 -1000 -1000 -1000 -10 0.65
15 25 Pedestrian -1 -1 -1 89.80 171.90 135.73 279.00 -1 -1 -1 -1000 -1000 -1000 -10 0.61
15 19 Car -1 -1 -1 643.34 171.81 682.21 189.23 -1 -1 -1 -1000 -1000 -1000 -10 0.54
16 2 Car -1 -1 -1 32.43 185.20 307.30 327.25 -1 -1 -1 -1000 -1000 -1000 -10 0.96
16 10 Car -1 -1 -1 335.97 155.14 494.66 280.95 -1 -1 -1 -1000 -1000 -1000 -10 0.95
16 12 Pedestrian -1 -1 -1 757.23 157.57 783.94 234.35 -1 -1 -1 -1000 -1000 -1000 -10 0.74
16 24 Pedestrian -1 -1 -1 811.63 148.15 844.90 231.42 -1 -1 -1 -1000 -1000 -1000 -10 0.73
16 22 Pedestrian -1 -1 -1 785.41 157.67 810.51 224.14 -1 -1 -1 -1000 -1000 -1000 -10 0.71
16 19 Car -1 -1 -1 644.39 171.29 681.91 189.76 -1 -1 -1 -1000 -1000 -1000 -10 0.55
16 4 Car -1 -1 -1 308.71 189.37 414.20 245.85 -1 -1 -1 -1000 -1000 -1000 -10 0.55
16 25 Pedestrian -1 -1 -1 52.83 164.39 111.44 293.86 -1 -1 -1 -1000 -1000 -1000 -10 0.55
17 2 Car -1 -1 -1 -1.55 186.86 280.57 348.22 -1 -1 -1 -1000 -1000 -1000 -10 0.97
17 10 Car -1 -1 -1 281.89 154.15 479.78 303.97 -1 -1 -1 -1000 -1000 -1000 -10 0.96
17 12 Pedestrian -1 -1 -1 766.69 155.81 797.25 239.46 -1 -1 -1 -1000 -1000 -1000 -10 0.76
17 24 Pedestrian -1 -1 -1 825.66 148.79 861.74 238.05 -1 -1 -1 -1000 -1000 -1000 -10 0.70
17 19 Car -1 -1 -1 646.56 170.07 680.84 190.88 -1 -1 -1 -1000 -1000 -1000 -10 0.62
17 22 Pedestrian -1 -1 -1 798.56 156.93 826.66 231.29 -1 -1 -1 -1000 -1000 -1000 -10 0.59
17 25 Pedestrian -1 -1 -1 18.45 167.33 69.55 298.48 -1 -1 -1 -1000 -1000 -1000 -10 0.52
18 2 Car -1 -1 -1 1.32 186.97 254.87 363.25 -1 -1 -1 -1000 -1000 -1000 -10 0.95
18 10 Car -1 -1 -1 192.70 148.76 461.35 340.29 -1 -1 -1 -1000 -1000 -1000 -10 0.93
18 24 Pedestrian -1 -1 -1 842.58 144.58 882.35 242.90 -1 -1 -1 -1000 -1000 -1000 -10 0.78
18 19 Car -1 -1 -1 646.28 169.09 681.26 189.19 -1 -1 -1 -1000 -1000 -1000 -10 0.72
18 12 Pedestrian -1 -1 -1 774.31 152.60 813.53 242.38 -1 -1 -1 -1000 -1000 -1000 -10 0.71
18 22 Pedestrian -1 -1 -1 812.75 153.16 842.71 236.85 -1 -1 -1 -1000 -1000 -1000 -10 0.66
18 25 Pedestrian -1 -1 -1 3.32 166.73 23.67 275.89 -1 -1 -1 -1000 -1000 -1000 -10 0.41
18 26 Car -1 -1 -1 391.12 179.50 484.39 225.24 -1 -1 -1 -1000 -1000 -1000 -10 0.79
18 27 Pedestrian -1 -1 -1 731.23 162.91 742.82 194.79 -1 -1 -1 -1000 -1000 -1000 -10 0.48
18 28 Pedestrian -1 -1 -1 748.90 158.41 761.57 193.97 -1 -1 -1 -1000 -1000 -1000 -10 0.46
19 26 Car -1 -1 -1 386.08 180.53 475.80 225.86 -1 -1 -1 -1000 -1000 -1000 -10 0.90
19 10 Car -1 -1 -1 48.25 137.25 437.44 367.35 -1 -1 -1 -1000 -1000 -1000 -10 0.85
19 12 Pedestrian -1 -1 -1 794.09 154.49 830.99 250.92 -1 -1 -1 -1000 -1000 -1000 -10 0.76
19 24 Pedestrian -1 -1 -1 863.59 141.78 906.98 249.54 -1 -1 -1 -1000 -1000 -1000 -10 0.72
19 2 Car -1 -1 -1 -3.20 185.97 206.05 364.15 -1 -1 -1 -1000 -1000 -1000 -10 0.69
19 28 Pedestrian -1 -1 -1 753.85 157.24 764.99 195.76 -1 -1 -1 -1000 -1000 -1000 -10 0.67
19 19 Car -1 -1 -1 650.73 169.66 681.95 189.00 -1 -1 -1 -1000 -1000 -1000 -10 0.62
19 22 Pedestrian -1 -1 -1 830.13 151.72 863.53 243.88 -1 -1 -1 -1000 -1000 -1000 -10 0.61
19 27 Pedestrian -1 -1 -1 733.36 160.59 745.50 196.89 -1 -1 -1 -1000 -1000 -1000 -10 0.53
20 10 Car -1 -1 -1 1.63 115.88 399.26 365.38 -1 -1 -1 -1000 -1000 -1000 -10 0.97
20 26 Car -1 -1 -1 379.93 179.03 472.16 227.80 -1 -1 -1 -1000 -1000 -1000 -10 0.90
20 24 Pedestrian -1 -1 -1 886.97 138.42 937.43 258.82 -1 -1 -1 -1000 -1000 -1000 -10 0.78
20 12 Pedestrian -1 -1 -1 812.20 151.44 851.61 258.64 -1 -1 -1 -1000 -1000 -1000 -10 0.77
20 19 Car -1 -1 -1 653.61 169.21 682.07 188.77 -1 -1 -1 -1000 -1000 -1000 -10 0.68
20 22 Pedestrian -1 -1 -1 852.00 149.88 887.70 252.97 -1 -1 -1 -1000 -1000 -1000 -10 0.64
20 28 Pedestrian -1 -1 -1 758.80 156.23 773.28 195.44 -1 -1 -1 -1000 -1000 -1000 -10 0.58
20 27 Pedestrian -1 -1 -1 736.34 159.31 749.76 197.65 -1 -1 -1 -1000 -1000 -1000 -10 0.43
21 26 Car -1 -1 -1 371.98 179.93 465.41 232.18 -1 -1 -1 -1000 -1000 -1000 -10 0.94
21 10 Car -1 -1 -1 1.21 96.23 338.95 369.54 -1 -1 -1 -1000 -1000 -1000 -10 0.87
21 12 Pedestrian -1 -1 -1 831.02 150.31 879.11 270.38 -1 -1 -1 -1000 -1000 -1000 -10 0.82
21 24 Pedestrian -1 -1 -1 913.80 136.18 971.61 269.67 -1 -1 -1 -1000 -1000 -1000 -10 0.77
21 19 Car -1 -1 -1 657.70 170.85 683.90 188.65 -1 -1 -1 -1000 -1000 -1000 -10 0.65
21 22 Pedestrian -1 -1 -1 873.19 145.64 913.42 259.91 -1 -1 -1 -1000 -1000 -1000 -10 0.56
21 29 Car -1 -1 -1 169.85 183.07 369.10 282.73 -1 -1 -1 -1000 -1000 -1000 -10 0.54
22 26 Car -1 -1 -1 360.75 179.02 463.11 235.32 -1 -1 -1 -1000 -1000 -1000 -10 0.92
22 29 Car -1 -1 -1 162.23 193.28 355.16 286.23 -1 -1 -1 -1000 -1000 -1000 -10 0.91
22 12 Pedestrian -1 -1 -1 859.08 149.54 912.01 284.96 -1 -1 -1 -1000 -1000 -1000 -10 0.81
22 24 Pedestrian -1 -1 -1 955.15 131.82 1014.26 280.68 -1 -1 -1 -1000 -1000 -1000 -10 0.76
22 22 Pedestrian -1 -1 -1 904.31 145.42 950.84 274.79 -1 -1 -1 -1000 -1000 -1000 -10 0.62
22 10 Car -1 -1 -1 -3.82 117.51 206.40 363.45 -1 -1 -1 -1000 -1000 -1000 -10 0.46
22 19 Car -1 -1 -1 654.09 169.73 688.15 190.18 -1 -1 -1 -1000 -1000 -1000 -10 0.45
23 26 Car -1 -1 -1 350.25 182.12 457.89 238.67 -1 -1 -1 -1000 -1000 -1000 -10 0.95
23 29 Car -1 -1 -1 127.67 195.21 334.61 294.66 -1 -1 -1 -1000 -1000 -1000 -10 0.95
23 24 Pedestrian -1 -1 -1 1006.30 129.81 1078.19 296.96 -1 -1 -1 -1000 -1000 -1000 -10 0.75
23 12 Pedestrian -1 -1 -1 900.81 140.51 961.68 302.48 -1 -1 -1 -1000 -1000 -1000 -10 0.68
23 22 Pedestrian -1 -1 -1 942.66 141.92 996.66 293.32 -1 -1 -1 -1000 -1000 -1000 -10 0.42
23 30 Pedestrian -1 -1 -1 748.66 163.96 762.17 204.37 -1 -1 -1 -1000 -1000 -1000 -10 0.49
24 29 Car -1 -1 -1 83.66 198.58 316.91 305.29 -1 -1 -1 -1000 -1000 -1000 -10 0.95
24 26 Car -1 -1 -1 339.90 181.97 453.22 243.08 -1 -1 -1 -1000 -1000 -1000 -10 0.92
24 12 Pedestrian -1 -1 -1 950.49 138.40 1027.36 326.89 -1 -1 -1 -1000 -1000 -1000 -10 0.77
24 24 Pedestrian -1 -1 -1 1065.20 121.39 1149.68 320.90 -1 -1 -1 -1000 -1000 -1000 -10 0.75
24 30 Pedestrian -1 -1 -1 754.96 162.42 770.23 204.75 -1 -1 -1 -1000 -1000 -1000 -10 0.62
24 31 Pedestrian -1 -1 -1 782.97 158.09 797.34 202.76 -1 -1 -1 -1000 -1000 -1000 -10 0.45
24 32 Pedestrian -1 -1 -1 402.88 169.49 427.16 225.51 -1 -1 -1 -1000 -1000 -1000 -10 0.42
25 26 Car -1 -1 -1 328.20 181.51 449.63 247.06 -1 -1 -1 -1000 -1000 -1000 -10 0.95
25 29 Car -1 -1 -1 27.14 200.07 298.58 319.29 -1 -1 -1 -1000 -1000 -1000 -10 0.94
25 12 Pedestrian -1 -1 -1 1012.67 124.02 1117.91 357.55 -1 -1 -1 -1000 -1000 -1000 -10 0.75
25 30 Pedestrian -1 -1 -1 763.26 161.55 778.68 205.53 -1 -1 -1 -1000 -1000 -1000 -10 0.73
25 31 Pedestrian -1 -1 -1 792.32 154.30 810.40 206.17 -1 -1 -1 -1000 -1000 -1000 -10 0.70
25 32 Pedestrian -1 -1 -1 403.21 168.55 425.94 226.48 -1 -1 -1 -1000 -1000 -1000 -10 0.62
25 24 Pedestrian -1 -1 -1 1150.94 112.53 1216.90 345.47 -1 -1 -1 -1000 -1000 -1000 -10 0.41
26 26 Car -1 -1 -1 318.55 183.86 443.44 252.34 -1 -1 -1 -1000 -1000 -1000 -10 0.95
26 29 Car -1 -1 -1 -1.64 201.38 281.39 334.11 -1 -1 -1 -1000 -1000 -1000 -10 0.93
26 30 Pedestrian -1 -1 -1 770.50 163.36 786.87 209.19 -1 -1 -1 -1000 -1000 -1000 -10 0.72
26 31 Pedestrian -1 -1 -1 799.33 158.16 818.62 208.84 -1 -1 -1 -1000 -1000 -1000 -10 0.67
26 12 Pedestrian -1 -1 -1 1068.94 123.57 1222.44 365.24 -1 -1 -1 -1000 -1000 -1000 -10 0.63
26 32 Pedestrian -1 -1 -1 401.45 172.49 421.87 230.07 -1 -1 -1 -1000 -1000 -1000 -10 0.50
27 26 Car -1 -1 -1 306.49 185.51 438.22 257.88 -1 -1 -1 -1000 -1000 -1000 -10 0.96
27 29 Car -1 -1 -1 -0.74 204.08 256.57 354.39 -1 -1 -1 -1000 -1000 -1000 -10 0.95
27 30 Pedestrian -1 -1 -1 780.85 163.07 798.85 211.93 -1 -1 -1 -1000 -1000 -1000 -10 0.75
27 31 Pedestrian -1 -1 -1 810.66 157.26 830.47 211.22 -1 -1 -1 -1000 -1000 -1000 -10 0.72
27 32 Pedestrian -1 -1 -1 396.92 172.31 417.89 231.64 -1 -1 -1 -1000 -1000 -1000 -10 0.49
28 29 Car -1 -1 -1 -2.73 209.65 227.26 363.33 -1 -1 -1 -1000 -1000 -1000 -10 0.96
28 26 Car -1 -1 -1 284.72 187.72 429.60 264.62 -1 -1 -1 -1000 -1000 -1000 -10 0.96
28 30 Pedestrian -1 -1 -1 789.24 162.52 806.22 212.72 -1 -1 -1 -1000 -1000 -1000 -10 0.69
28 31 Pedestrian -1 -1 -1 818.24 156.74 838.46 212.07 -1 -1 -1 -1000 -1000 -1000 -10 0.64
28 32 Pedestrian -1 -1 -1 388.12 171.13 410.69 239.83 -1 -1 -1 -1000 -1000 -1000 -10 0.61
29 29 Car -1 -1 -1 -4.67 214.88 183.81 365.67 -1 -1 -1 -1000 -1000 -1000 -10 0.95
29 26 Car -1 -1 -1 257.04 190.12 421.05 273.91 -1 -1 -1 -1000 -1000 -1000 -10 0.94
29 30 Pedestrian -1 -1 -1 799.47 161.25 818.58 214.83 -1 -1 -1 -1000 -1000 -1000 -10 0.72
29 31 Pedestrian -1 -1 -1 828.83 158.03 850.34 215.30 -1 -1 -1 -1000 -1000 -1000 -10 0.72
29 32 Pedestrian -1 -1 -1 379.18 172.05 404.22 240.08 -1 -1 -1 -1000 -1000 -1000 -10 0.58
29 33 Pedestrian -1 -1 -1 406.86 173.48 430.43 239.09 -1 -1 -1 -1000 -1000 -1000 -10 0.44
30 26 Car -1 -1 -1 238.54 191.62 408.53 279.92 -1 -1 -1 -1000 -1000 -1000 -10 0.96
30 29 Car -1 -1 -1 -1.15 216.07 134.29 364.00 -1 -1 -1 -1000 -1000 -1000 -10 0.85
30 30 Pedestrian -1 -1 -1 810.22 163.14 830.52 219.22 -1 -1 -1 -1000 -1000 -1000 -10 0.77
30 31 Pedestrian -1 -1 -1 838.40 156.76 863.03 218.86 -1 -1 -1 -1000 -1000 -1000 -10 0.71
30 33 Pedestrian -1 -1 -1 398.27 171.54 424.87 241.30 -1 -1 -1 -1000 -1000 -1000 -10 0.66
30 32 Pedestrian -1 -1 -1 371.75 170.73 396.64 241.06 -1 -1 -1 -1000 -1000 -1000 -10 0.62
31 26 Car -1 -1 -1 210.84 194.31 396.80 287.65 -1 -1 -1 -1000 -1000 -1000 -10 0.97
31 30 Pedestrian -1 -1 -1 825.06 162.47 845.69 220.40 -1 -1 -1 -1000 -1000 -1000 -10 0.77
31 31 Pedestrian -1 -1 -1 849.96 155.89 874.66 219.97 -1 -1 -1 -1000 -1000 -1000 -10 0.71
31 33 Pedestrian -1 -1 -1 390.27 172.91 417.95 245.08 -1 -1 -1 -1000 -1000 -1000 -10 0.63
31 32 Pedestrian -1 -1 -1 364.10 168.89 390.38 241.79 -1 -1 -1 -1000 -1000 -1000 -10 0.54
31 29 Car -1 -1 -1 -3.58 216.57 68.46 363.94 -1 -1 -1 -1000 -1000 -1000 -10 0.50
31 34 Pedestrian -1 -1 -1 801.75 164.55 817.03 202.57 -1 -1 -1 -1000 -1000 -1000 -10 0.56
32 26 Car -1 -1 -1 171.34 195.91 382.99 298.83 -1 -1 -1 -1000 -1000 -1000 -10 0.95
32 30 Pedestrian -1 -1 -1 839.38 159.81 862.35 223.37 -1 -1 -1 -1000 -1000 -1000 -10 0.74
32 34 Pedestrian -1 -1 -1 809.03 162.41 823.53 201.60 -1 -1 -1 -1000 -1000 -1000 -10 0.65
32 31 Pedestrian -1 -1 -1 861.53 156.14 886.90 222.91 -1 -1 -1 -1000 -1000 -1000 -10 0.62
32 33 Pedestrian -1 -1 -1 383.24 172.01 409.07 247.35 -1 -1 -1 -1000 -1000 -1000 -10 0.58
32 32 Pedestrian -1 -1 -1 356.34 166.06 383.04 239.02 -1 -1 -1 -1000 -1000 -1000 -10 0.52
33 26 Car -1 -1 -1 125.85 193.33 366.27 310.52 -1 -1 -1 -1000 -1000 -1000 -10 0.94
33 31 Pedestrian -1 -1 -1 874.71 151.72 904.57 227.45 -1 -1 -1 -1000 -1000 -1000 -10 0.68
33 30 Pedestrian -1 -1 -1 853.25 157.12 879.09 226.38 -1 -1 -1 -1000 -1000 -1000 -10 0.66
33 34 Pedestrian -1 -1 -1 816.72 162.79 830.77 200.73 -1 -1 -1 -1000 -1000 -1000 -10 0.56
33 33 Pedestrian -1 -1 -1 376.74 165.34 407.45 248.17 -1 -1 -1 -1000 -1000 -1000 -10 0.53
33 32 Pedestrian -1 -1 -1 350.72 161.97 378.91 241.40 -1 -1 -1 -1000 -1000 -1000 -10 0.53
34 26 Car -1 -1 -1 66.38 194.58 342.11 325.02 -1 -1 -1 -1000 -1000 -1000 -10 0.94
34 31 Pedestrian -1 -1 -1 891.98 147.58 925.02 231.73 -1 -1 -1 -1000 -1000 -1000 -10 0.71
34 34 Pedestrian -1 -1 -1 821.15 162.16 835.64 201.51 -1 -1 -1 -1000 -1000 -1000 -10 0.62
34 33 Pedestrian -1 -1 -1 368.09 164.88 400.62 253.18 -1 -1 -1 -1000 -1000 -1000 -10 0.60
34 30 Pedestrian -1 -1 -1 871.56 154.74 899.43 231.85 -1 -1 -1 -1000 -1000 -1000 -10 0.60
34 32 Pedestrian -1 -1 -1 340.21 163.09 368.30 240.37 -1 -1 -1 -1000 -1000 -1000 -10 0.58
35 26 Car -1 -1 -1 -1.41 194.53 310.73 348.51 -1 -1 -1 -1000 -1000 -1000 -10 0.97
35 31 Pedestrian -1 -1 -1 908.61 144.58 946.91 238.21 -1 -1 -1 -1000 -1000 -1000 -10 0.74
35 34 Pedestrian -1 -1 -1 824.86 161.94 839.17 201.86 -1 -1 -1 -1000 -1000 -1000 -10 0.64
35 30 Pedestrian -1 -1 -1 889.37 152.40 919.95 234.86 -1 -1 -1 -1000 -1000 -1000 -10 0.62
35 32 Pedestrian -1 -1 -1 331.92 164.83 359.65 239.59 -1 -1 -1 -1000 -1000 -1000 -10 0.55
35 33 Pedestrian -1 -1 -1 359.94 166.43 393.15 252.66 -1 -1 -1 -1000 -1000 -1000 -10 0.55
36 26 Car -1 -1 -1 0.27 196.33 272.09 362.18 -1 -1 -1 -1000 -1000 -1000 -10 0.95
36 34 Pedestrian -1 -1 -1 827.32 160.47 843.02 204.54 -1 -1 -1 -1000 -1000 -1000 -10 0.69
36 31 Pedestrian -1 -1 -1 931.91 145.84 969.28 242.01 -1 -1 -1 -1000 -1000 -1000 -10 0.67
36 33 Pedestrian -1 -1 -1 348.65 167.66 382.46 258.18 -1 -1 -1 -1000 -1000 -1000 -10 0.65
36 32 Pedestrian -1 -1 -1 321.77 168.43 347.23 234.48 -1 -1 -1 -1000 -1000 -1000 -10 0.60
36 30 Pedestrian -1 -1 -1 910.17 151.76 944.58 242.64 -1 -1 -1 -1000 -1000 -1000 -10 0.58
36 35 Car -1 -1 -1 641.51 174.99 694.73 197.78 -1 -1 -1 -1000 -1000 -1000 -10 0.55
36 36 Car -1 -1 -1 554.17 171.66 582.14 194.17 -1 -1 -1 -1000 -1000 -1000 -10 0.49
36 37 Pedestrian -1 -1 -1 846.80 158.42 861.97 202.44 -1 -1 -1 -1000 -1000 -1000 -10 0.47
37 26 Car -1 -1 -1 -4.12 202.11 228.47 363.61 -1 -1 -1 -1000 -1000 -1000 -10 0.95
37 35 Car -1 -1 -1 634.42 174.35 693.08 199.32 -1 -1 -1 -1000 -1000 -1000 -10 0.78
37 34 Pedestrian -1 -1 -1 831.16 160.21 847.27 207.40 -1 -1 -1 -1000 -1000 -1000 -10 0.74
37 30 Pedestrian -1 -1 -1 935.81 151.58 972.50 250.41 -1 -1 -1 -1000 -1000 -1000 -10 0.63
37 36 Car -1 -1 -1 548.35 172.39 578.14 195.48 -1 -1 -1 -1000 -1000 -1000 -10 0.62
37 31 Pedestrian -1 -1 -1 956.84 146.75 998.19 250.12 -1 -1 -1 -1000 -1000 -1000 -10 0.61
37 37 Pedestrian -1 -1 -1 847.42 159.64 863.30 204.82 -1 -1 -1 -1000 -1000 -1000 -10 0.61
37 33 Pedestrian -1 -1 -1 329.74 168.98 370.48 265.96 -1 -1 -1 -1000 -1000 -1000 -10 0.59
37 38 Car -1 -1 -1 674.59 171.98 744.34 207.72 -1 -1 -1 -1000 -1000 -1000 -10 0.47
37 39 Pedestrian -1 -1 -1 815.41 158.01 832.76 201.67 -1 -1 -1 -1000 -1000 -1000 -10 0.43
38 26 Car -1 -1 -1 -2.43 200.03 158.30 365.54 -1 -1 -1 -1000 -1000 -1000 -10 0.85
38 35 Car -1 -1 -1 629.07 175.08 690.38 199.92 -1 -1 -1 -1000 -1000 -1000 -10 0.81
38 34 Pedestrian -1 -1 -1 835.39 162.78 852.17 210.95 -1 -1 -1 -1000 -1000 -1000 -10 0.73
38 30 Pedestrian -1 -1 -1 963.33 151.72 1006.66 265.93 -1 -1 -1 -1000 -1000 -1000 -10 0.73
38 38 Car -1 -1 -1 676.09 172.88 750.28 209.11 -1 -1 -1 -1000 -1000 -1000 -10 0.70
38 36 Car -1 -1 -1 542.54 174.32 572.10 197.72 -1 -1 -1 -1000 -1000 -1000 -10 0.69
38 39 Pedestrian -1 -1 -1 820.22 165.39 835.38 209.23 -1 -1 -1 -1000 -1000 -1000 -10 0.69
38 33 Pedestrian -1 -1 -1 299.92 167.62 354.10 275.56 -1 -1 -1 -1000 -1000 -1000 -10 0.66
38 37 Pedestrian -1 -1 -1 850.02 162.27 866.83 209.66 -1 -1 -1 -1000 -1000 -1000 -10 0.62
38 31 Pedestrian -1 -1 -1 991.01 144.81 1039.86 261.31 -1 -1 -1 -1000 -1000 -1000 -10 0.59
38 40 Car -1 -1 -1 503.37 177.15 531.60 198.95 -1 -1 -1 -1000 -1000 -1000 -10 0.43
39 36 Car -1 -1 -1 533.23 176.32 564.23 198.77 -1 -1 -1 -1000 -1000 -1000 -10 0.74
39 30 Pedestrian -1 -1 -1 996.35 149.25 1042.34 276.30 -1 -1 -1 -1000 -1000 -1000 -10 0.69
39 34 Pedestrian -1 -1 -1 838.46 162.12 855.51 213.59 -1 -1 -1 -1000 -1000 -1000 -10 0.68
39 33 Pedestrian -1 -1 -1 274.94 164.41 333.00 287.40 -1 -1 -1 -1000 -1000 -1000 -10 0.68
39 31 Pedestrian -1 -1 -1 1038.20 139.29 1092.39 274.24 -1 -1 -1 -1000 -1000 -1000 -10 0.66
39 35 Car -1 -1 -1 623.16 175.62 686.69 201.19 -1 -1 -1 -1000 -1000 -1000 -10 0.63
39 40 Car -1 -1 -1 492.38 176.92 523.36 199.55 -1 -1 -1 -1000 -1000 -1000 -10 0.57
39 37 Pedestrian -1 -1 -1 853.55 163.75 871.34 212.36 -1 -1 -1 -1000 -1000 -1000 -10 0.56
39 39 Pedestrian -1 -1 -1 823.22 167.63 839.28 213.01 -1 -1 -1 -1000 -1000 -1000 -10 0.56
39 38 Car -1 -1 -1 677.17 174.55 749.71 208.54 -1 -1 -1 -1000 -1000 -1000 -10 0.55
39 26 Car -1 -1 -1 -3.60 187.75 68.56 369.80 -1 -1 -1 -1000 -1000 -1000 -10 0.42
40 35 Car -1 -1 -1 612.64 175.41 682.16 202.88 -1 -1 -1 -1000 -1000 -1000 -10 0.71
40 33 Pedestrian -1 -1 -1 234.71 162.14 296.94 304.68 -1 -1 -1 -1000 -1000 -1000 -10 0.70
40 34 Pedestrian -1 -1 -1 838.31 160.04 856.52 214.64 -1 -1 -1 -1000 -1000 -1000 -10 0.70
40 31 Pedestrian -1 -1 -1 1093.98 134.98 1166.87 291.99 -1 -1 -1 -1000 -1000 -1000 -10 0.69
40 39 Pedestrian -1 -1 -1 823.79 166.53 839.45 214.01 -1 -1 -1 -1000 -1000 -1000 -10 0.67
40 36 Car -1 -1 -1 521.80 176.09 554.26 199.53 -1 -1 -1 -1000 -1000 -1000 -10 0.67
40 38 Car -1 -1 -1 679.19 173.39 747.45 208.84 -1 -1 -1 -1000 -1000 -1000 -10 0.67
40 37 Pedestrian -1 -1 -1 857.06 162.10 875.09 213.67 -1 -1 -1 -1000 -1000 -1000 -10 0.64
40 30 Pedestrian -1 -1 -1 1042.60 140.60 1095.28 293.05 -1 -1 -1 -1000 -1000 -1000 -10 0.58
40 40 Car -1 -1 -1 482.78 177.91 513.45 198.36 -1 -1 -1 -1000 -1000 -1000 -10 0.55
41 35 Car -1 -1 -1 603.08 174.92 677.62 203.89 -1 -1 -1 -1000 -1000 -1000 -10 0.83
41 33 Pedestrian -1 -1 -1 179.43 162.30 245.31 325.39 -1 -1 -1 -1000 -1000 -1000 -10 0.68
41 40 Car -1 -1 -1 472.27 178.45 503.72 200.81 -1 -1 -1 -1000 -1000 -1000 -10 0.67
41 38 Car -1 -1 -1 676.70 174.51 743.12 207.92 -1 -1 -1 -1000 -1000 -1000 -10 0.66
41 36 Car -1 -1 -1 512.39 175.32 544.82 200.66 -1 -1 -1 -1000 -1000 -1000 -10 0.61
41 34 Pedestrian -1 -1 -1 841.21 163.47 860.97 217.99 -1 -1 -1 -1000 -1000 -1000 -10 0.60
41 30 Pedestrian -1 -1 -1 1099.49 136.46 1169.04 313.92 -1 -1 -1 -1000 -1000 -1000 -10 0.60
41 37 Pedestrian -1 -1 -1 860.04 162.67 879.85 217.49 -1 -1 -1 -1000 -1000 -1000 -10 0.57
41 39 Pedestrian -1 -1 -1 825.82 167.21 845.37 220.92 -1 -1 -1 -1000 -1000 -1000 -10 0.55
41 31 Pedestrian -1 -1 -1 1163.89 124.76 1219.10 318.28 -1 -1 -1 -1000 -1000 -1000 -10 0.45
42 35 Car -1 -1 -1 592.95 175.81 670.84 207.18 -1 -1 -1 -1000 -1000 -1000 -10 0.84
42 36 Car -1 -1 -1 500.71 176.88 533.95 203.10 -1 -1 -1 -1000 -1000 -1000 -10 0.78
42 40 Car -1 -1 -1 460.00 179.99 491.20 203.23 -1 -1 -1 -1000 -1000 -1000 -10 0.77
42 33 Pedestrian -1 -1 -1 107.76 160.93 186.98 351.57 -1 -1 -1 -1000 -1000 -1000 -10 0.69
42 38 Car -1 -1 -1 677.67 175.24 741.29 208.04 -1 -1 -1 -1000 -1000 -1000 -10 0.65
42 39 Pedestrian -1 -1 -1 833.23 168.37 853.07 228.07 -1 -1 -1 -1000 -1000 -1000 -10 0.64
42 34 Pedestrian -1 -1 -1 848.52 163.48 869.23 225.01 -1 -1 -1 -1000 -1000 -1000 -10 0.61
42 37 Pedestrian -1 -1 -1 863.00 163.01 884.86 224.06 -1 -1 -1 -1000 -1000 -1000 -10 0.57
42 41 Cyclist -1 -1 -1 188.75 170.95 274.03 263.49 -1 -1 -1 -1000 -1000 -1000 -10 0.65
43 35 Car -1 -1 -1 582.81 176.95 661.40 209.51 -1 -1 -1 -1000 -1000 -1000 -10 0.86
43 41 Cyclist -1 -1 -1 160.18 171.45 249.19 270.81 -1 -1 -1 -1000 -1000 -1000 -10 0.82
43 36 Car -1 -1 -1 489.27 176.88 522.90 204.66 -1 -1 -1 -1000 -1000 -1000 -10 0.81
43 39 Pedestrian -1 -1 -1 840.25 166.71 861.48 230.22 -1 -1 -1 -1000 -1000 -1000 -10 0.73
43 38 Car -1 -1 -1 678.22 175.40 740.41 207.42 -1 -1 -1 -1000 -1000 -1000 -10 0.67
43 33 Pedestrian -1 -1 -1 8.75 163.21 117.62 364.37 -1 -1 -1 -1000 -1000 -1000 -10 0.66
43 40 Car -1 -1 -1 448.09 180.53 479.82 203.59 -1 -1 -1 -1000 -1000 -1000 -10 0.65
43 37 Pedestrian -1 -1 -1 869.68 163.13 892.98 228.01 -1 -1 -1 -1000 -1000 -1000 -10 0.60
43 34 Pedestrian -1 -1 -1 855.69 163.38 877.25 227.51 -1 -1 -1 -1000 -1000 -1000 -10 0.56
44 35 Car -1 -1 -1 573.88 176.19 652.86 210.08 -1 -1 -1 -1000 -1000 -1000 -10 0.86
44 36 Car -1 -1 -1 477.56 177.79 511.30 203.52 -1 -1 -1 -1000 -1000 -1000 -10 0.81
44 41 Cyclist -1 -1 -1 127.35 168.69 220.63 274.53 -1 -1 -1 -1000 -1000 -1000 -10 0.74
44 39 Pedestrian -1 -1 -1 847.87 165.62 869.19 231.65 -1 -1 -1 -1000 -1000 -1000 -10 0.72
44 38 Car -1 -1 -1 679.44 175.82 732.32 206.39 -1 -1 -1 -1000 -1000 -1000 -10 0.64
44 40 Car -1 -1 -1 434.30 181.02 469.91 205.56 -1 -1 -1 -1000 -1000 -1000 -10 0.59
44 37 Pedestrian -1 -1 -1 877.41 162.58 901.39 232.88 -1 -1 -1 -1000 -1000 -1000 -10 0.58
44 34 Pedestrian -1 -1 -1 863.05 160.52 885.47 229.51 -1 -1 -1 -1000 -1000 -1000 -10 0.57
45 35 Car -1 -1 -1 564.89 174.80 644.97 208.52 -1 -1 -1 -1000 -1000 -1000 -10 0.83
45 40 Car -1 -1 -1 419.39 178.79 457.02 204.66 -1 -1 -1 -1000 -1000 -1000 -10 0.73
45 39 Pedestrian -1 -1 -1 854.25 165.47 878.03 233.12 -1 -1 -1 -1000 -1000 -1000 -10 0.71
45 41 Cyclist -1 -1 -1 83.65 161.66 195.65 280.22 -1 -1 -1 -1000 -1000 -1000 -10 0.66
45 38 Car -1 -1 -1 677.19 175.27 726.94 205.53 -1 -1 -1 -1000 -1000 -1000 -10 0.61
45 37 Pedestrian -1 -1 -1 886.78 157.63 914.81 233.80 -1 -1 -1 -1000 -1000 -1000 -10 0.61
45 36 Car -1 -1 -1 464.57 174.17 500.68 202.33 -1 -1 -1 -1000 -1000 -1000 -10 0.58
45 34 Pedestrian -1 -1 -1 867.96 158.37 895.45 232.50 -1 -1 -1 -1000 -1000 -1000 -10 0.55
46 35 Car -1 -1 -1 552.36 176.98 637.26 213.72 -1 -1 -1 -1000 -1000 -1000 -10 0.92
46 41 Cyclist -1 -1 -1 52.75 162.96 165.40 287.25 -1 -1 -1 -1000 -1000 -1000 -10 0.78
46 39 Pedestrian -1 -1 -1 866.69 163.49 896.26 248.77 -1 -1 -1 -1000 -1000 -1000 -10 0.73
46 37 Pedestrian -1 -1 -1 897.05 163.57 927.49 248.48 -1 -1 -1 -1000 -1000 -1000 -10 0.72
46 36 Car -1 -1 -1 452.72 176.74 490.59 206.67 -1 -1 -1 -1000 -1000 -1000 -10 0.72
46 40 Car -1 -1 -1 406.30 180.95 446.41 208.03 -1 -1 -1 -1000 -1000 -1000 -10 0.71
46 38 Car -1 -1 -1 672.19 176.52 723.94 206.35 -1 -1 -1 -1000 -1000 -1000 -10 0.54
47 35 Car -1 -1 -1 541.26 180.39 627.49 219.10 -1 -1 -1 -1000 -1000 -1000 -10 0.86
47 40 Car -1 -1 -1 390.82 185.08 430.30 213.32 -1 -1 -1 -1000 -1000 -1000 -10 0.79
47 37 Pedestrian -1 -1 -1 908.46 162.66 946.60 256.98 -1 -1 -1 -1000 -1000 -1000 -10 0.74
47 36 Car -1 -1 -1 438.59 182.27 475.86 212.18 -1 -1 -1 -1000 -1000 -1000 -10 0.73
47 41 Cyclist -1 -1 -1 10.82 169.26 153.77 304.17 -1 -1 -1 -1000 -1000 -1000 -10 0.70
47 39 Pedestrian -1 -1 -1 880.89 167.06 912.49 252.22 -1 -1 -1 -1000 -1000 -1000 -10 0.68
47 38 Car -1 -1 -1 666.86 177.67 721.94 205.61 -1 -1 -1 -1000 -1000 -1000 -10 0.56
48 35 Car -1 -1 -1 530.53 183.86 618.87 222.05 -1 -1 -1 -1000 -1000 -1000 -10 0.91
48 36 Car -1 -1 -1 424.95 183.38 465.44 213.84 -1 -1 -1 -1000 -1000 -1000 -10 0.78
48 41 Cyclist -1 -1 -1 -1.89 172.71 127.14 309.60 -1 -1 -1 -1000 -1000 -1000 -10 0.78
48 37 Pedestrian -1 -1 -1 930.82 165.16 970.23 271.23 -1 -1 -1 -1000 -1000 -1000 -10 0.74
48 39 Pedestrian -1 -1 -1 898.43 169.54 933.88 266.84 -1 -1 -1 -1000 -1000 -1000 -10 0.68
48 40 Car -1 -1 -1 373.71 187.66 416.52 215.45 -1 -1 -1 -1000 -1000 -1000 -10 0.62
48 38 Car -1 -1 -1 664.67 182.21 716.55 206.18 -1 -1 -1 -1000 -1000 -1000 -10 0.56
49 35 Car -1 -1 -1 520.36 182.26 609.75 222.93 -1 -1 -1 -1000 -1000 -1000 -10 0.92
49 36 Car -1 -1 -1 413.16 181.83 455.73 214.22 -1 -1 -1 -1000 -1000 -1000 -10 0.77
49 37 Pedestrian -1 -1 -1 960.97 161.65 1008.43 274.50 -1 -1 -1 -1000 -1000 -1000 -10 0.68
49 41 Cyclist -1 -1 -1 2.97 164.51 84.09 316.99 -1 -1 -1 -1000 -1000 -1000 -10 0.66
49 40 Car -1 -1 -1 357.20 186.88 402.48 215.15 -1 -1 -1 -1000 -1000 -1000 -10 0.64
49 39 Pedestrian -1 -1 -1 927.19 167.56 966.76 281.59 -1 -1 -1 -1000 -1000 -1000 -10 0.56
49 38 Car -1 -1 -1 669.17 182.95 711.17 204.54 -1 -1 -1 -1000 -1000 -1000 -10 0.45
50 35 Car -1 -1 -1 506.90 180.53 600.66 222.77 -1 -1 -1 -1000 -1000 -1000 -10 0.90
50 37 Pedestrian -1 -1 -1 995.27 155.10 1043.37 286.42 -1 -1 -1 -1000 -1000 -1000 -10 0.68
50 39 Pedestrian -1 -1 -1 957.34 154.33 1005.15 288.98 -1 -1 -1 -1000 -1000 -1000 -10 0.65
50 36 Car -1 -1 -1 393.34 180.98 452.37 214.52 -1 -1 -1 -1000 -1000 -1000 -10 0.50
50 40 Car -1 -1 -1 339.03 186.63 391.13 210.60 -1 -1 -1 -1000 -1000 -1000 -10 0.49
50 38 Car -1 -1 -1 666.25 180.39 706.69 202.06 -1 -1 -1 -1000 -1000 -1000 -10 0.48
51 35 Car -1 -1 -1 498.05 179.71 591.00 222.91 -1 -1 -1 -1000 -1000 -1000 -10 0.93
51 37 Pedestrian -1 -1 -1 1042.85 151.87 1102.72 305.29 -1 -1 -1 -1000 -1000 -1000 -10 0.69
51 40 Car -1 -1 -1 321.24 185.69 372.21 211.65 -1 -1 -1 -1000 -1000 -1000 -10 0.60
51 36 Car -1 -1 -1 383.37 178.61 438.52 216.24 -1 -1 -1 -1000 -1000 -1000 -10 0.52
51 39 Pedestrian -1 -1 -1 1004.63 155.66 1057.26 302.12 -1 -1 -1 -1000 -1000 -1000 -10 0.49
51 38 Car -1 -1 -1 663.78 177.45 701.98 203.02 -1 -1 -1 -1000 -1000 -1000 -10 0.49
51 42 Pedestrian -1 -1 -1 805.23 161.38 819.69 203.17 -1 -1 -1 -1000 -1000 -1000 -10 0.50
51 43 Pedestrian -1 -1 -1 763.83 165.68 778.34 206.49 -1 -1 -1 -1000 -1000 -1000 -10 0.49
52 35 Car -1 -1 -1 486.00 177.26 581.78 222.33 -1 -1 -1 -1000 -1000 -1000 -10 0.88
52 37 Pedestrian -1 -1 -1 1106.99 152.58 1176.76 328.68 -1 -1 -1 -1000 -1000 -1000 -10 0.69
52 40 Car -1 -1 -1 305.13 181.70 357.88 213.06 -1 -1 -1 -1000 -1000 -1000 -10 0.67
52 39 Pedestrian -1 -1 -1 1066.21 148.63 1133.26 325.11 -1 -1 -1 -1000 -1000 -1000 -10 0.63
52 43 Pedestrian -1 -1 -1 762.84 162.88 777.50 204.92 -1 -1 -1 -1000 -1000 -1000 -10 0.52
52 42 Pedestrian -1 -1 -1 801.54 159.88 817.39 203.53 -1 -1 -1 -1000 -1000 -1000 -10 0.48
52 36 Car -1 -1 -1 367.32 175.33 432.11 213.99 -1 -1 -1 -1000 -1000 -1000 -10 0.45
52 44 Pedestrian -1 -1 -1 786.54 163.25 800.34 202.85 -1 -1 -1 -1000 -1000 -1000 -10 0.43
53 35 Car -1 -1 -1 473.42 173.86 572.22 220.71 -1 -1 -1 -1000 -1000 -1000 -10 0.90
53 40 Car -1 -1 -1 282.64 179.32 341.87 208.31 -1 -1 -1 -1000 -1000 -1000 -10 0.67
53 39 Pedestrian -1 -1 -1 1132.62 147.95 1212.19 355.72 -1 -1 -1 -1000 -1000 -1000 -10 0.57
53 44 Pedestrian -1 -1 -1 785.81 158.48 800.11 200.13 -1 -1 -1 -1000 -1000 -1000 -10 0.56
53 43 Pedestrian -1 -1 -1 760.60 160.69 774.09 199.74 -1 -1 -1 -1000 -1000 -1000 -10 0.52
53 42 Pedestrian -1 -1 -1 801.04 155.97 815.31 200.21 -1 -1 -1 -1000 -1000 -1000 -10 0.49
54 35 Car -1 -1 -1 460.65 170.97 566.16 220.21 -1 -1 -1 -1000 -1000 -1000 -10 0.89
54 43 Pedestrian -1 -1 -1 758.90 158.22 774.37 201.95 -1 -1 -1 -1000 -1000 -1000 -10 0.71
54 44 Pedestrian -1 -1 -1 785.24 155.80 800.41 201.55 -1 -1 -1 -1000 -1000 -1000 -10 0.66
54 40 Car -1 -1 -1 267.24 174.62 325.57 207.79 -1 -1 -1 -1000 -1000 -1000 -10 0.58
54 42 Pedestrian -1 -1 -1 798.69 154.51 813.20 198.54 -1 -1 -1 -1000 -1000 -1000 -10 0.52
54 39 Pedestrian -1 -1 -1 1123.20 128.03 1206.23 337.31 -1 -1 -1 -1000 -1000 -1000 -10 0.44
54 45 Cyclist -1 -1 -1 302.27 168.29 374.84 243.34 -1 -1 -1 -1000 -1000 -1000 -10 0.76
55 35 Car -1 -1 -1 446.70 169.09 558.20 221.38 -1 -1 -1 -1000 -1000 -1000 -10 0.95
55 45 Cyclist -1 -1 -1 258.59 168.95 342.17 243.84 -1 -1 -1 -1000 -1000 -1000 -10 0.86
55 43 Pedestrian -1 -1 -1 758.28 155.58 773.98 201.08 -1 -1 -1 -1000 -1000 -1000 -10 0.64
55 42 Pedestrian -1 -1 -1 797.92 154.22 812.32 197.25 -1 -1 -1 -1000 -1000 -1000 -10 0.60
55 44 Pedestrian -1 -1 -1 785.54 156.63 800.72 199.78 -1 -1 -1 -1000 -1000 -1000 -10 0.56
55 40 Car -1 -1 -1 239.37 171.33 330.12 209.82 -1 -1 -1 -1000 -1000 -1000 -10 0.46
56 35 Car -1 -1 -1 435.91 167.80 553.03 222.48 -1 -1 -1 -1000 -1000 -1000 -10 0.94
56 45 Cyclist -1 -1 -1 208.05 168.41 300.65 250.87 -1 -1 -1 -1000 -1000 -1000 -10 0.89
56 43 Pedestrian -1 -1 -1 758.63 154.17 774.98 203.20 -1 -1 -1 -1000 -1000 -1000 -10 0.76
56 44 Pedestrian -1 -1 -1 785.99 155.41 801.47 201.58 -1 -1 -1 -1000 -1000 -1000 -10 0.60
56 42 Pedestrian -1 -1 -1 793.58 155.24 810.16 200.88 -1 -1 -1 -1000 -1000 -1000 -10 0.57
56 46 Car -1 -1 -1 640.11 162.95 696.42 201.39 -1 -1 -1 -1000 -1000 -1000 -10 0.62
56 47 Car -1 -1 -1 293.93 167.04 360.04 207.64 -1 -1 -1 -1000 -1000 -1000 -10 0.46
57 35 Car -1 -1 -1 421.74 167.95 546.18 226.67 -1 -1 -1 -1000 -1000 -1000 -10 0.93
57 45 Cyclist -1 -1 -1 147.65 161.80 245.45 264.53 -1 -1 -1 -1000 -1000 -1000 -10 0.88
57 46 Car -1 -1 -1 639.02 162.22 694.85 202.44 -1 -1 -1 -1000 -1000 -1000 -10 0.86
57 43 Pedestrian -1 -1 -1 757.96 156.17 775.57 203.61 -1 -1 -1 -1000 -1000 -1000 -10 0.76
57 42 Pedestrian -1 -1 -1 792.68 153.76 810.36 203.22 -1 -1 -1 -1000 -1000 -1000 -10 0.69
57 47 Car -1 -1 -1 289.49 165.57 349.58 209.58 -1 -1 -1 -1000 -1000 -1000 -10 0.69
57 44 Pedestrian -1 -1 -1 786.24 155.17 801.23 202.80 -1 -1 -1 -1000 -1000 -1000 -10 0.58
58 35 Car -1 -1 -1 405.89 167.93 540.73 231.47 -1 -1 -1 -1000 -1000 -1000 -10 0.92
58 45 Cyclist -1 -1 -1 65.20 163.46 175.98 277.85 -1 -1 -1 -1000 -1000 -1000 -10 0.86
58 47 Car -1 -1 -1 276.05 168.93 338.58 214.15 -1 -1 -1 -1000 -1000 -1000 -10 0.83
58 46 Car -1 -1 -1 638.22 164.05 690.64 202.37 -1 -1 -1 -1000 -1000 -1000 -10 0.75
58 43 Pedestrian -1 -1 -1 761.59 158.46 778.38 206.18 -1 -1 -1 -1000 -1000 -1000 -10 0.65
58 42 Pedestrian -1 -1 -1 796.37 157.28 813.45 206.62 -1 -1 -1 -1000 -1000 -1000 -10 0.61
58 44 Pedestrian -1 -1 -1 785.90 159.16 800.06 205.06 -1 -1 -1 -1000 -1000 -1000 -10 0.60
58 48 Car -1 -1 -1 612.92 167.88 639.54 189.49 -1 -1 -1 -1000 -1000 -1000 -10 0.52
58 49 Car -1 -1 -1 721.90 163.86 773.25 185.47 -1 -1 -1 -1000 -1000 -1000 -10 0.52
58 50 Pedestrian -1 -1 -1 198.90 173.83 233.26 253.92 -1 -1 -1 -1000 -1000 -1000 -10 0.46
59 35 Car -1 -1 -1 391.06 170.60 532.40 235.28 -1 -1 -1 -1000 -1000 -1000 -10 0.95
59 46 Car -1 -1 -1 637.43 164.29 688.39 202.37 -1 -1 -1 -1000 -1000 -1000 -10 0.83
59 47 Car -1 -1 -1 255.94 170.77 322.82 217.09 -1 -1 -1 -1000 -1000 -1000 -10 0.82
59 45 Cyclist -1 -1 -1 4.22 166.47 98.62 291.64 -1 -1 -1 -1000 -1000 -1000 -10 0.80
59 48 Car -1 -1 -1 610.31 167.02 638.41 190.45 -1 -1 -1 -1000 -1000 -1000 -10 0.74
59 49 Car -1 -1 -1 712.08 163.36 768.11 186.16 -1 -1 -1 -1000 -1000 -1000 -10 0.70
59 43 Pedestrian -1 -1 -1 762.25 157.68 779.57 209.93 -1 -1 -1 -1000 -1000 -1000 -10 0.64
59 44 Pedestrian -1 -1 -1 784.98 158.27 801.81 207.98 -1 -1 -1 -1000 -1000 -1000 -10 0.64
59 42 Pedestrian -1 -1 -1 800.20 155.95 817.81 208.43 -1 -1 -1 -1000 -1000 -1000 -10 0.59
59 50 Pedestrian -1 -1 -1 158.73 176.05 196.78 265.93 -1 -1 -1 -1000 -1000 -1000 -10 0.50
59 51 Car -1 -1 -1 580.06 171.34 615.53 193.46 -1 -1 -1 -1000 -1000 -1000 -10 0.49
59 52 Car -1 -1 -1 161.13 174.65 254.79 228.91 -1 -1 -1 -1000 -1000 -1000 -10 0.44
60 35 Car -1 -1 -1 375.17 170.49 525.28 239.23 -1 -1 -1 -1000 -1000 -1000 -10 0.91
60 47 Car -1 -1 -1 238.00 170.49 308.81 217.83 -1 -1 -1 -1000 -1000 -1000 -10 0.88
60 46 Car -1 -1 -1 635.73 163.06 685.34 202.87 -1 -1 -1 -1000 -1000 -1000 -10 0.83
60 51 Car -1 -1 -1 573.97 170.67 609.15 193.65 -1 -1 -1 -1000 -1000 -1000 -10 0.70
60 43 Pedestrian -1 -1 -1 762.44 157.46 779.59 209.85 -1 -1 -1 -1000 -1000 -1000 -10 0.68
60 48 Car -1 -1 -1 607.38 166.25 636.29 189.43 -1 -1 -1 -1000 -1000 -1000 -10 0.68
60 52 Car -1 -1 -1 147.50 175.31 237.80 227.37 -1 -1 -1 -1000 -1000 -1000 -10 0.68
60 49 Car -1 -1 -1 715.30 163.55 765.08 184.75 -1 -1 -1 -1000 -1000 -1000 -10 0.66
60 42 Pedestrian -1 -1 -1 801.65 155.10 816.76 204.20 -1 -1 -1 -1000 -1000 -1000 -10 0.65
60 44 Pedestrian -1 -1 -1 783.52 154.53 803.80 209.99 -1 -1 -1 -1000 -1000 -1000 -10 0.58
60 50 Pedestrian -1 -1 -1 96.26 177.28 152.27 273.23 -1 -1 -1 -1000 -1000 -1000 -10 0.52
60 53 Pedestrian -1 -1 -1 810.57 154.43 830.27 210.40 -1 -1 -1 -1000 -1000 -1000 -10 0.50
61 35 Car -1 -1 -1 359.16 170.42 516.52 242.90 -1 -1 -1 -1000 -1000 -1000 -10 0.96
61 46 Car -1 -1 -1 634.40 162.23 685.98 202.12 -1 -1 -1 -1000 -1000 -1000 -10 0.86
61 52 Car -1 -1 -1 126.59 176.99 220.39 225.17 -1 -1 -1 -1000 -1000 -1000 -10 0.85
61 47 Car -1 -1 -1 215.33 170.49 291.64 220.93 -1 -1 -1 -1000 -1000 -1000 -10 0.83
61 51 Car -1 -1 -1 568.89 170.58 604.33 194.72 -1 -1 -1 -1000 -1000 -1000 -10 0.78
61 48 Car -1 -1 -1 604.17 166.24 631.30 189.46 -1 -1 -1 -1000 -1000 -1000 -10 0.70
61 53 Pedestrian -1 -1 -1 817.78 155.08 838.14 212.09 -1 -1 -1 -1000 -1000 -1000 -10 0.67
61 43 Pedestrian -1 -1 -1 764.42 156.76 783.53 211.18 -1 -1 -1 -1000 -1000 -1000 -10 0.64
61 49 Car -1 -1 -1 710.30 163.59 768.90 182.40 -1 -1 -1 -1000 -1000 -1000 -10 0.62
61 50 Pedestrian -1 -1 -1 32.49 179.76 86.26 286.63 -1 -1 -1 -1000 -1000 -1000 -10 0.59
61 44 Pedestrian -1 -1 -1 786.84 153.51 808.46 212.26 -1 -1 -1 -1000 -1000 -1000 -10 0.55
61 42 Pedestrian -1 -1 -1 801.09 151.30 816.87 207.29 -1 -1 -1 -1000 -1000 -1000 -10 0.53
62 35 Car -1 -1 -1 340.36 171.09 505.64 249.02 -1 -1 -1 -1000 -1000 -1000 -10 0.96
62 46 Car -1 -1 -1 633.50 163.37 686.52 202.96 -1 -1 -1 -1000 -1000 -1000 -10 0.89
62 47 Car -1 -1 -1 192.16 172.56 276.99 224.09 -1 -1 -1 -1000 -1000 -1000 -10 0.89
62 52 Car -1 -1 -1 97.09 178.15 198.80 227.16 -1 -1 -1 -1000 -1000 -1000 -10 0.86
62 48 Car -1 -1 -1 598.96 166.63 629.17 190.17 -1 -1 -1 -1000 -1000 -1000 -10 0.78
62 51 Car -1 -1 -1 564.10 170.40 601.03 195.28 -1 -1 -1 -1000 -1000 -1000 -10 0.73
62 43 Pedestrian -1 -1 -1 770.56 155.92 793.08 218.27 -1 -1 -1 -1000 -1000 -1000 -10 0.68
62 49 Car -1 -1 -1 706.77 162.87 765.71 185.07 -1 -1 -1 -1000 -1000 -1000 -10 0.67
62 53 Pedestrian -1 -1 -1 824.36 156.07 847.02 215.92 -1 -1 -1 -1000 -1000 -1000 -10 0.63
62 42 Pedestrian -1 -1 -1 802.96 157.37 822.52 216.54 -1 -1 -1 -1000 -1000 -1000 -10 0.62
62 54 Car -1 -1 -1 7.44 175.49 118.39 236.02 -1 -1 -1 -1000 -1000 -1000 -10 0.47
63 35 Car -1 -1 -1 317.08 171.69 497.96 254.86 -1 -1 -1 -1000 -1000 -1000 -10 0.96
63 46 Car -1 -1 -1 633.01 163.20 685.89 202.53 -1 -1 -1 -1000 -1000 -1000 -10 0.90
63 52 Car -1 -1 -1 67.78 179.83 174.03 230.27 -1 -1 -1 -1000 -1000 -1000 -10 0.86
63 47 Car -1 -1 -1 167.28 172.26 258.32 226.94 -1 -1 -1 -1000 -1000 -1000 -10 0.85
63 49 Car -1 -1 -1 705.60 162.73 765.44 185.99 -1 -1 -1 -1000 -1000 -1000 -10 0.80
63 48 Car -1 -1 -1 595.50 167.37 625.55 190.54 -1 -1 -1 -1000 -1000 -1000 -10 0.80
63 54 Car -1 -1 -1 -1.89 176.33 89.16 235.78 -1 -1 -1 -1000 -1000 -1000 -10 0.79
63 51 Car -1 -1 -1 558.45 171.20 594.78 195.51 -1 -1 -1 -1000 -1000 -1000 -10 0.70
63 53 Pedestrian -1 -1 -1 833.52 154.49 860.41 219.56 -1 -1 -1 -1000 -1000 -1000 -10 0.65
63 43 Pedestrian -1 -1 -1 778.05 156.94 801.05 219.61 -1 -1 -1 -1000 -1000 -1000 -10 0.63
63 42 Pedestrian -1 -1 -1 806.28 158.61 826.38 215.75 -1 -1 -1 -1000 -1000 -1000 -10 0.61
64 35 Car -1 -1 -1 290.02 170.72 487.40 258.98 -1 -1 -1 -1000 -1000 -1000 -10 0.93
64 52 Car -1 -1 -1 35.21 179.28 152.02 233.25 -1 -1 -1 -1000 -1000 -1000 -10 0.91
64 47 Car -1 -1 -1 140.33 173.39 237.89 229.15 -1 -1 -1 -1000 -1000 -1000 -10 0.90
64 54 Car -1 -1 -1 1.75 176.79 48.44 242.59 -1 -1 -1 -1000 -1000 -1000 -10 0.83
64 46 Car -1 -1 -1 631.96 163.65 686.02 202.34 -1 -1 -1 -1000 -1000 -1000 -10 0.82
64 51 Car -1 -1 -1 551.87 171.14 591.33 196.80 -1 -1 -1 -1000 -1000 -1000 -10 0.75
64 49 Car -1 -1 -1 702.98 163.05 763.94 185.93 -1 -1 -1 -1000 -1000 -1000 -10 0.74
64 43 Pedestrian -1 -1 -1 784.96 155.51 810.35 225.46 -1 -1 -1 -1000 -1000 -1000 -10 0.71
64 48 Car -1 -1 -1 589.24 167.55 617.87 190.05 -1 -1 -1 -1000 -1000 -1000 -10 0.70
64 53 Pedestrian -1 -1 -1 846.91 152.53 877.73 222.89 -1 -1 -1 -1000 -1000 -1000 -10 0.64
64 42 Pedestrian -1 -1 -1 812.10 158.26 835.72 221.98 -1 -1 -1 -1000 -1000 -1000 -10 0.63
65 35 Car -1 -1 -1 260.78 170.36 476.72 266.02 -1 -1 -1 -1000 -1000 -1000 -10 0.96
65 47 Car -1 -1 -1 109.03 172.38 216.66 232.52 -1 -1 -1 -1000 -1000 -1000 -10 0.91
65 46 Car -1 -1 -1 630.98 163.43 682.46 201.13 -1 -1 -1 -1000 -1000 -1000 -10 0.82
65 52 Car -1 -1 -1 0.67 181.00 126.87 236.53 -1 -1 -1 -1000 -1000 -1000 -10 0.82
65 49 Car -1 -1 -1 702.16 162.84 762.57 185.96 -1 -1 -1 -1000 -1000 -1000 -10 0.80
65 51 Car -1 -1 -1 547.20 170.16 587.23 196.51 -1 -1 -1 -1000 -1000 -1000 -10 0.74
65 48 Car -1 -1 -1 585.54 166.53 613.83 190.10 -1 -1 -1 -1000 -1000 -1000 -10 0.72
65 43 Pedestrian -1 -1 -1 792.43 156.99 818.41 225.40 -1 -1 -1 -1000 -1000 -1000 -10 0.69
65 53 Pedestrian -1 -1 -1 859.07 153.60 888.80 226.32 -1 -1 -1 -1000 -1000 -1000 -10 0.68
65 42 Pedestrian -1 -1 -1 818.88 156.31 845.50 225.10 -1 -1 -1 -1000 -1000 -1000 -10 0.66
66 35 Car -1 -1 -1 235.07 170.93 464.64 272.97 -1 -1 -1 -1000 -1000 -1000 -10 0.96
66 47 Car -1 -1 -1 73.17 173.56 198.88 236.42 -1 -1 -1 -1000 -1000 -1000 -10 0.82
66 48 Car -1 -1 -1 580.98 166.51 609.58 190.79 -1 -1 -1 -1000 -1000 -1000 -10 0.79
66 52 Car -1 -1 -1 -0.98 179.73 103.05 238.13 -1 -1 -1 -1000 -1000 -1000 -10 0.78
66 46 Car -1 -1 -1 630.08 164.42 679.99 200.58 -1 -1 -1 -1000 -1000 -1000 -10 0.76
66 51 Car -1 -1 -1 541.73 170.75 579.95 197.17 -1 -1 -1 -1000 -1000 -1000 -10 0.74
66 49 Car -1 -1 -1 700.38 162.50 758.97 185.84 -1 -1 -1 -1000 -1000 -1000 -10 0.69
66 43 Pedestrian -1 -1 -1 801.93 153.56 830.62 230.12 -1 -1 -1 -1000 -1000 -1000 -10 0.64
66 53 Pedestrian -1 -1 -1 869.59 152.78 901.95 230.89 -1 -1 -1 -1000 -1000 -1000 -10 0.63
66 42 Pedestrian -1 -1 -1 828.62 156.30 858.14 230.64 -1 -1 -1 -1000 -1000 -1000 -10 0.57
67 35 Car -1 -1 -1 194.54 169.22 450.75 282.90 -1 -1 -1 -1000 -1000 -1000 -10 0.96
67 47 Car -1 -1 -1 38.15 174.18 179.12 238.34 -1 -1 -1 -1000 -1000 -1000 -10 0.87
67 49 Car -1 -1 -1 697.46 162.32 760.73 185.96 -1 -1 -1 -1000 -1000 -1000 -10 0.80
67 48 Car -1 -1 -1 576.01 166.28 604.94 190.39 -1 -1 -1 -1000 -1000 -1000 -10 0.78
67 52 Car -1 -1 -1 1.55 177.44 55.78 241.60 -1 -1 -1 -1000 -1000 -1000 -10 0.74
67 46 Car -1 -1 -1 624.81 164.54 679.82 199.38 -1 -1 -1 -1000 -1000 -1000 -10 0.73
67 51 Car -1 -1 -1 535.62 170.30 575.74 197.84 -1 -1 -1 -1000 -1000 -1000 -10 0.72
67 43 Pedestrian -1 -1 -1 811.42 152.08 844.31 237.39 -1 -1 -1 -1000 -1000 -1000 -10 0.70
67 53 Pedestrian -1 -1 -1 886.71 150.39 922.11 237.46 -1 -1 -1 -1000 -1000 -1000 -10 0.68
67 42 Pedestrian -1 -1 -1 836.98 153.81 873.03 237.31 -1 -1 -1 -1000 -1000 -1000 -10 0.53
67 55 Pedestrian -1 -1 -1 797.14 152.64 812.63 198.33 -1 -1 -1 -1000 -1000 -1000 -10 0.52
68 35 Car -1 -1 -1 147.52 171.17 429.35 295.13 -1 -1 -1 -1000 -1000 -1000 -10 0.96
68 47 Car -1 -1 -1 0.37 175.27 149.82 244.52 -1 -1 -1 -1000 -1000 -1000 -10 0.93
68 49 Car -1 -1 -1 695.24 162.74 760.45 186.00 -1 -1 -1 -1000 -1000 -1000 -10 0.78
68 46 Car -1 -1 -1 624.64 164.85 677.88 199.99 -1 -1 -1 -1000 -1000 -1000 -10 0.76
68 51 Car -1 -1 -1 529.39 172.54 569.70 199.27 -1 -1 -1 -1000 -1000 -1000 -10 0.74
68 55 Pedestrian -1 -1 -1 797.26 154.28 812.26 196.47 -1 -1 -1 -1000 -1000 -1000 -10 0.73
68 48 Car -1 -1 -1 570.39 166.59 601.41 191.40 -1 -1 -1 -1000 -1000 -1000 -10 0.71
68 53 Pedestrian -1 -1 -1 907.79 148.80 947.19 246.24 -1 -1 -1 -1000 -1000 -1000 -10 0.69
68 43 Pedestrian -1 -1 -1 827.96 150.17 866.29 245.81 -1 -1 -1 -1000 -1000 -1000 -10 0.61
68 42 Pedestrian -1 -1 -1 814.03 149.54 834.37 206.34 -1 -1 -1 -1000 -1000 -1000 -10 0.51
68 56 Pedestrian -1 -1 -1 851.87 152.66 888.93 243.42 -1 -1 -1 -1000 -1000 -1000 -10 0.45
69 35 Car -1 -1 -1 89.70 169.73 411.01 312.11 -1 -1 -1 -1000 -1000 -1000 -10 0.96
69 49 Car -1 -1 -1 690.30 163.27 758.34 187.15 -1 -1 -1 -1000 -1000 -1000 -10 0.84
69 47 Car -1 -1 -1 1.35 171.10 124.36 249.70 -1 -1 -1 -1000 -1000 -1000 -10 0.84
69 51 Car -1 -1 -1 522.87 171.13 566.09 201.38 -1 -1 -1 -1000 -1000 -1000 -10 0.82
69 48 Car -1 -1 -1 565.59 167.55 595.12 192.22 -1 -1 -1 -1000 -1000 -1000 -10 0.79
69 46 Car -1 -1 -1 620.45 165.75 676.01 200.21 -1 -1 -1 -1000 -1000 -1000 -10 0.75
69 53 Pedestrian -1 -1 -1 935.54 149.22 980.35 254.27 -1 -1 -1 -1000 -1000 -1000 -10 0.73
69 42 Pedestrian -1 -1 -1 815.19 149.65 834.58 207.37 -1 -1 -1 -1000 -1000 -1000 -10 0.71
69 43 Pedestrian -1 -1 -1 851.73 147.35 896.23 257.36 -1 -1 -1 -1000 -1000 -1000 -10 0.66
69 55 Pedestrian -1 -1 -1 797.43 155.16 812.18 197.25 -1 -1 -1 -1000 -1000 -1000 -10 0.62
70 35 Car -1 -1 -1 7.82 172.42 386.61 332.39 -1 -1 -1 -1000 -1000 -1000 -10 0.96
70 51 Car -1 -1 -1 517.25 173.08 558.80 202.35 -1 -1 -1 -1000 -1000 -1000 -10 0.82
70 47 Car -1 -1 -1 -0.86 175.10 88.39 258.88 -1 -1 -1 -1000 -1000 -1000 -10 0.79
70 49 Car -1 -1 -1 689.63 164.97 754.19 188.09 -1 -1 -1 -1000 -1000 -1000 -10 0.78
70 53 Pedestrian -1 -1 -1 966.42 143.47 1018.86 267.24 -1 -1 -1 -1000 -1000 -1000 -10 0.77
70 48 Car -1 -1 -1 560.97 167.56 590.31 193.50 -1 -1 -1 -1000 -1000 -1000 -10 0.77
70 43 Pedestrian -1 -1 -1 875.78 143.74 925.84 267.04 -1 -1 -1 -1000 -1000 -1000 -10 0.76
70 46 Car -1 -1 -1 615.77 165.90 673.39 199.79 -1 -1 -1 -1000 -1000 -1000 -10 0.74
70 42 Pedestrian -1 -1 -1 818.03 148.40 838.44 211.10 -1 -1 -1 -1000 -1000 -1000 -10 0.73
70 55 Pedestrian -1 -1 -1 798.54 157.16 813.14 198.54 -1 -1 -1 -1000 -1000 -1000 -10 0.51
71 35 Car -1 -1 -1 0.29 172.82 362.56 354.96 -1 -1 -1 -1000 -1000 -1000 -10 0.95
71 51 Car -1 -1 -1 510.96 172.55 554.48 202.91 -1 -1 -1 -1000 -1000 -1000 -10 0.79
71 46 Car -1 -1 -1 617.83 165.86 669.74 200.56 -1 -1 -1 -1000 -1000 -1000 -10 0.78
71 53 Pedestrian -1 -1 -1 1016.12 134.35 1076.20 284.85 -1 -1 -1 -1000 -1000 -1000 -10 0.71
71 49 Car -1 -1 -1 690.49 166.47 752.46 187.26 -1 -1 -1 -1000 -1000 -1000 -10 0.67
71 43 Pedestrian -1 -1 -1 913.37 136.97 972.25 284.02 -1 -1 -1 -1000 -1000 -1000 -10 0.66
71 42 Pedestrian -1 -1 -1 821.37 149.41 842.68 211.36 -1 -1 -1 -1000 -1000 -1000 -10 0.62
71 48 Car -1 -1 -1 554.60 168.40 586.42 194.93 -1 -1 -1 -1000 -1000 -1000 -10 0.59
71 55 Pedestrian -1 -1 -1 801.12 156.42 816.41 200.13 -1 -1 -1 -1000 -1000 -1000 -10 0.59
72 35 Car -1 -1 -1 0.10 170.68 331.46 364.78 -1 -1 -1 -1000 -1000 -1000 -10 0.96
72 51 Car -1 -1 -1 502.19 172.26 550.07 204.24 -1 -1 -1 -1000 -1000 -1000 -10 0.80
72 48 Car -1 -1 -1 549.54 168.37 579.76 195.13 -1 -1 -1 -1000 -1000 -1000 -10 0.73
72 46 Car -1 -1 -1 613.87 166.59 667.33 200.44 -1 -1 -1 -1000 -1000 -1000 -10 0.71
72 53 Pedestrian -1 -1 -1 1076.51 126.40 1153.53 308.83 -1 -1 -1 -1000 -1000 -1000 -10 0.71
72 49 Car -1 -1 -1 684.08 165.20 750.78 190.74 -1 -1 -1 -1000 -1000 -1000 -10 0.71
72 55 Pedestrian -1 -1 -1 802.12 155.58 816.55 201.50 -1 -1 -1 -1000 -1000 -1000 -10 0.68
72 42 Pedestrian -1 -1 -1 827.57 149.46 850.85 214.33 -1 -1 -1 -1000 -1000 -1000 -10 0.64
72 43 Pedestrian -1 -1 -1 954.95 136.29 1030.05 299.49 -1 -1 -1 -1000 -1000 -1000 -10 0.57
73 35 Car -1 -1 -1 -2.01 175.30 288.94 367.18 -1 -1 -1 -1000 -1000 -1000 -10 0.96
73 46 Car -1 -1 -1 608.85 164.86 664.36 201.95 -1 -1 -1 -1000 -1000 -1000 -10 0.83
73 51 Car -1 -1 -1 493.63 171.77 544.49 204.65 -1 -1 -1 -1000 -1000 -1000 -10 0.78
73 49 Car -1 -1 -1 686.54 165.28 747.93 190.59 -1 -1 -1 -1000 -1000 -1000 -10 0.76
73 42 Pedestrian -1 -1 -1 834.15 147.62 859.43 217.64 -1 -1 -1 -1000 -1000 -1000 -10 0.72
73 48 Car -1 -1 -1 545.00 167.74 575.50 193.76 -1 -1 -1 -1000 -1000 -1000 -10 0.70
73 55 Pedestrian -1 -1 -1 805.06 156.91 819.93 199.81 -1 -1 -1 -1000 -1000 -1000 -10 0.68
73 43 Pedestrian -1 -1 -1 1009.75 124.36 1105.66 325.84 -1 -1 -1 -1000 -1000 -1000 -10 0.65
73 57 Pedestrian -1 -1 -1 823.12 151.64 841.07 205.26 -1 -1 -1 -1000 -1000 -1000 -10 0.55
74 35 Car -1 -1 -1 -0.98 176.42 234.56 365.93 -1 -1 -1 -1000 -1000 -1000 -10 0.97
74 51 Car -1 -1 -1 485.05 172.76 537.24 207.21 -1 -1 -1 -1000 -1000 -1000 -10 0.85
74 49 Car -1 -1 -1 679.53 164.88 748.62 193.19 -1 -1 -1 -1000 -1000 -1000 -10 0.82
74 46 Car -1 -1 -1 604.83 165.56 661.77 201.41 -1 -1 -1 -1000 -1000 -1000 -10 0.79
74 42 Pedestrian -1 -1 -1 841.26 147.09 867.84 220.02 -1 -1 -1 -1000 -1000 -1000 -10 0.74
74 57 Pedestrian -1 -1 -1 824.28 153.18 840.75 205.20 -1 -1 -1 -1000 -1000 -1000 -10 0.74
74 43 Pedestrian -1 -1 -1 1081.15 113.00 1202.55 367.59 -1 -1 -1 -1000 -1000 -1000 -10 0.68
74 48 Car -1 -1 -1 538.24 168.82 569.77 195.31 -1 -1 -1 -1000 -1000 -1000 -10 0.67
74 55 Pedestrian -1 -1 -1 806.50 157.56 819.38 194.72 -1 -1 -1 -1000 -1000 -1000 -10 0.61
75 48 Car -1 -1 -1 531.99 168.69 564.49 196.27 -1 -1 -1 -1000 -1000 -1000 -10 0.84
75 49 Car -1 -1 -1 677.34 164.79 750.95 194.07 -1 -1 -1 -1000 -1000 -1000 -10 0.84
75 35 Car -1 -1 -1 1.85 179.32 162.45 362.29 -1 -1 -1 -1000 -1000 -1000 -10 0.82
75 51 Car -1 -1 -1 476.67 173.85 531.50 209.14 -1 -1 -1 -1000 -1000 -1000 -10 0.81
75 46 Car -1 -1 -1 601.86 166.22 656.66 201.10 -1 -1 -1 -1000 -1000 -1000 -10 0.78
75 57 Pedestrian -1 -1 -1 826.18 154.42 844.10 205.72 -1 -1 -1 -1000 -1000 -1000 -10 0.70
75 42 Pedestrian -1 -1 -1 849.88 153.22 874.99 218.80 -1 -1 -1 -1000 -1000 -1000 -10 0.69
75 55 Pedestrian -1 -1 -1 809.48 159.00 821.74 197.44 -1 -1 -1 -1000 -1000 -1000 -10 0.45
76 51 Car -1 -1 -1 469.17 173.63 527.32 210.62 -1 -1 -1 -1000 -1000 -1000 -10 0.80
76 49 Car -1 -1 -1 673.73 165.27 751.41 195.58 -1 -1 -1 -1000 -1000 -1000 -10 0.78
76 46 Car -1 -1 -1 597.76 165.72 653.54 200.58 -1 -1 -1 -1000 -1000 -1000 -10 0.77
76 48 Car -1 -1 -1 526.76 169.44 560.97 197.44 -1 -1 -1 -1000 -1000 -1000 -10 0.76
76 42 Pedestrian -1 -1 -1 855.66 151.40 884.53 223.64 -1 -1 -1 -1000 -1000 -1000 -10 0.74
76 55 Pedestrian -1 -1 -1 810.02 158.69 823.66 198.05 -1 -1 -1 -1000 -1000 -1000 -10 0.69
76 57 Pedestrian -1 -1 -1 831.55 157.30 847.11 203.67 -1 -1 -1 -1000 -1000 -1000 -10 0.63
76 58 Car -1 -1 -1 547.28 168.71 574.30 190.75 -1 -1 -1 -1000 -1000 -1000 -10 0.47
77 51 Car -1 -1 -1 458.00 175.09 519.13 213.93 -1 -1 -1 -1000 -1000 -1000 -10 0.86
77 46 Car -1 -1 -1 593.46 164.66 649.68 203.09 -1 -1 -1 -1000 -1000 -1000 -10 0.79
77 49 Car -1 -1 -1 668.98 166.21 750.90 198.39 -1 -1 -1 -1000 -1000 -1000 -10 0.77
77 48 Car -1 -1 -1 519.07 170.90 554.18 200.01 -1 -1 -1 -1000 -1000 -1000 -10 0.76
77 42 Pedestrian -1 -1 -1 861.15 144.89 894.89 228.40 -1 -1 -1 -1000 -1000 -1000 -10 0.76
77 55 Pedestrian -1 -1 -1 812.27 156.07 828.51 202.79 -1 -1 -1 -1000 -1000 -1000 -10 0.71
77 58 Car -1 -1 -1 543.78 169.20 570.21 191.66 -1 -1 -1 -1000 -1000 -1000 -10 0.68
77 57 Pedestrian -1 -1 -1 835.91 160.47 850.19 203.57 -1 -1 -1 -1000 -1000 -1000 -10 0.62
77 59 Car -1 -1 -1 534.06 170.64 563.66 194.89 -1 -1 -1 -1000 -1000 -1000 -10 0.46
78 51 Car -1 -1 -1 448.70 174.88 512.48 215.78 -1 -1 -1 -1000 -1000 -1000 -10 0.88
78 49 Car -1 -1 -1 669.24 167.39 750.54 197.57 -1 -1 -1 -1000 -1000 -1000 -10 0.85
78 46 Car -1 -1 -1 587.21 165.57 648.89 207.53 -1 -1 -1 -1000 -1000 -1000 -10 0.76
78 42 Pedestrian -1 -1 -1 870.99 141.79 907.33 231.47 -1 -1 -1 -1000 -1000 -1000 -10 0.76
78 48 Car -1 -1 -1 512.69 171.05 549.03 200.87 -1 -1 -1 -1000 -1000 -1000 -10 0.75
78 55 Pedestrian -1 -1 -1 814.92 155.24 832.57 205.43 -1 -1 -1 -1000 -1000 -1000 -10 0.63
78 58 Car -1 -1 -1 533.77 170.00 564.97 194.43 -1 -1 -1 -1000 -1000 -1000 -10 0.57
78 57 Pedestrian -1 -1 -1 836.88 157.61 850.96 203.17 -1 -1 -1 -1000 -1000 -1000 -10 0.54
78 60 Car -1 -1 -1 2.99 156.34 145.62 196.30 -1 -1 -1 -1000 -1000 -1000 -10 0.45
79 51 Car -1 -1 -1 438.57 175.85 506.64 219.40 -1 -1 -1 -1000 -1000 -1000 -10 0.88
79 49 Car -1 -1 -1 669.63 167.81 750.35 198.08 -1 -1 -1 -1000 -1000 -1000 -10 0.86
79 48 Car -1 -1 -1 506.13 171.95 543.83 202.72 -1 -1 -1 -1000 -1000 -1000 -10 0.85
79 46 Car -1 -1 -1 581.32 166.75 647.30 207.70 -1 -1 -1 -1000 -1000 -1000 -10 0.79
79 42 Pedestrian -1 -1 -1 882.80 144.17 918.53 236.16 -1 -1 -1 -1000 -1000 -1000 -10 0.79
79 58 Car -1 -1 -1 530.87 171.07 559.81 195.20 -1 -1 -1 -1000 -1000 -1000 -10 0.72
79 60 Car -1 -1 -1 -1.92 153.07 120.43 199.40 -1 -1 -1 -1000 -1000 -1000 -10 0.70
79 55 Pedestrian -1 -1 -1 818.88 157.90 836.68 205.68 -1 -1 -1 -1000 -1000 -1000 -10 0.61
79 57 Pedestrian -1 -1 -1 837.45 155.33 855.92 205.77 -1 -1 -1 -1000 -1000 -1000 -10 0.55
80 51 Car -1 -1 -1 430.26 177.17 497.81 220.58 -1 -1 -1 -1000 -1000 -1000 -10 0.90
80 49 Car -1 -1 -1 667.10 167.87 751.57 197.94 -1 -1 -1 -1000 -1000 -1000 -10 0.85
80 48 Car -1 -1 -1 498.33 172.12 537.84 204.11 -1 -1 -1 -1000 -1000 -1000 -10 0.83
80 42 Pedestrian -1 -1 -1 893.23 139.96 930.43 235.64 -1 -1 -1 -1000 -1000 -1000 -10 0.69
80 60 Car -1 -1 -1 -3.10 156.83 98.70 200.80 -1 -1 -1 -1000 -1000 -1000 -10 0.63
80 46 Car -1 -1 -1 578.23 170.26 641.71 204.79 -1 -1 -1 -1000 -1000 -1000 -10 0.61
80 57 Pedestrian -1 -1 -1 841.20 154.81 859.37 205.42 -1 -1 -1 -1000 -1000 -1000 -10 0.61
80 58 Car -1 -1 -1 524.24 170.64 557.48 196.78 -1 -1 -1 -1000 -1000 -1000 -10 0.55
80 55 Pedestrian -1 -1 -1 819.38 153.55 837.65 205.26 -1 -1 -1 -1000 -1000 -1000 -10 0.49
80 61 Car -1 -1 -1 -1.86 157.23 74.08 200.96 -1 -1 -1 -1000 -1000 -1000 -10 0.47
81 51 Car -1 -1 -1 417.11 177.83 489.36 224.83 -1 -1 -1 -1000 -1000 -1000 -10 0.90
81 48 Car -1 -1 -1 492.33 173.44 531.02 205.97 -1 -1 -1 -1000 -1000 -1000 -10 0.82
81 49 Car -1 -1 -1 662.92 168.11 749.86 199.67 -1 -1 -1 -1000 -1000 -1000 -10 0.79
81 42 Pedestrian -1 -1 -1 904.79 138.91 942.49 236.47 -1 -1 -1 -1000 -1000 -1000 -10 0.74
81 46 Car -1 -1 -1 576.39 168.70 636.13 206.65 -1 -1 -1 -1000 -1000 -1000 -10 0.64
81 60 Car -1 -1 -1 0.18 154.09 65.16 204.94 -1 -1 -1 -1000 -1000 -1000 -10 0.62
81 58 Car -1 -1 -1 521.34 171.64 551.64 196.45 -1 -1 -1 -1000 -1000 -1000 -10 0.62
81 55 Pedestrian -1 -1 -1 825.41 155.62 844.92 209.43 -1 -1 -1 -1000 -1000 -1000 -10 0.57
81 57 Pedestrian -1 -1 -1 844.23 151.89 864.50 208.81 -1 -1 -1 -1000 -1000 -1000 -10 0.54
82 51 Car -1 -1 -1 403.51 177.86 481.27 227.04 -1 -1 -1 -1000 -1000 -1000 -10 0.91
82 48 Car -1 -1 -1 483.84 173.86 524.18 207.86 -1 -1 -1 -1000 -1000 -1000 -10 0.85
82 49 Car -1 -1 -1 661.73 170.03 750.10 201.20 -1 -1 -1 -1000 -1000 -1000 -10 0.81
82 42 Pedestrian -1 -1 -1 917.37 141.19 961.03 247.02 -1 -1 -1 -1000 -1000 -1000 -10 0.78
82 57 Pedestrian -1 -1 -1 848.99 157.48 868.11 210.37 -1 -1 -1 -1000 -1000 -1000 -10 0.69
82 60 Car -1 -1 -1 -1.35 154.17 50.02 204.00 -1 -1 -1 -1000 -1000 -1000 -10 0.68
82 46 Car -1 -1 -1 570.45 168.16 634.07 207.35 -1 -1 -1 -1000 -1000 -1000 -10 0.66
82 58 Car -1 -1 -1 514.91 171.62 545.43 197.40 -1 -1 -1 -1000 -1000 -1000 -10 0.65
82 55 Pedestrian -1 -1 -1 829.65 158.08 848.34 208.96 -1 -1 -1 -1000 -1000 -1000 -10 0.56
83 51 Car -1 -1 -1 392.54 178.45 474.91 231.32 -1 -1 -1 -1000 -1000 -1000 -10 0.90
83 48 Car -1 -1 -1 477.24 174.22 519.67 209.53 -1 -1 -1 -1000 -1000 -1000 -10 0.86
83 49 Car -1 -1 -1 661.51 169.78 749.61 202.03 -1 -1 -1 -1000 -1000 -1000 -10 0.83
83 42 Pedestrian -1 -1 -1 936.81 139.49 978.95 249.04 -1 -1 -1 -1000 -1000 -1000 -10 0.77
83 58 Car -1 -1 -1 510.01 172.41 540.98 199.00 -1 -1 -1 -1000 -1000 -1000 -10 0.74
83 46 Car -1 -1 -1 567.02 169.89 629.96 204.92 -1 -1 -1 -1000 -1000 -1000 -10 0.68
83 57 Pedestrian -1 -1 -1 853.27 157.92 870.91 208.99 -1 -1 -1 -1000 -1000 -1000 -10 0.66
83 55 Pedestrian -1 -1 -1 832.69 156.53 854.29 209.77 -1 -1 -1 -1000 -1000 -1000 -10 0.41
84 51 Car -1 -1 -1 381.19 179.09 465.40 233.77 -1 -1 -1 -1000 -1000 -1000 -10 0.93
84 48 Car -1 -1 -1 470.22 175.73 512.91 211.19 -1 -1 -1 -1000 -1000 -1000 -10 0.87
84 49 Car -1 -1 -1 658.15 170.92 747.45 203.50 -1 -1 -1 -1000 -1000 -1000 -10 0.80
84 42 Pedestrian -1 -1 -1 950.88 136.93 995.50 253.18 -1 -1 -1 -1000 -1000 -1000 -10 0.73
84 58 Car -1 -1 -1 505.49 173.05 536.49 199.74 -1 -1 -1 -1000 -1000 -1000 -10 0.70
84 46 Car -1 -1 -1 562.30 168.61 627.39 205.83 -1 -1 -1 -1000 -1000 -1000 -10 0.61
84 57 Pedestrian -1 -1 -1 854.26 156.94 871.23 209.72 -1 -1 -1 -1000 -1000 -1000 -10 0.57
84 62 Car -1 -1 -1 489.54 175.50 524.64 206.08 -1 -1 -1 -1000 -1000 -1000 -10 0.45
84 63 Car -1 -1 -1 644.94 170.85 705.25 197.04 -1 -1 -1 -1000 -1000 -1000 -10 0.41
85 51 Car -1 -1 -1 371.10 179.06 458.17 234.38 -1 -1 -1 -1000 -1000 -1000 -10 0.94
85 48 Car -1 -1 -1 464.41 175.05 509.20 211.45 -1 -1 -1 -1000 -1000 -1000 -10 0.84
85 49 Car -1 -1 -1 657.48 171.48 747.22 204.63 -1 -1 -1 -1000 -1000 -1000 -10 0.81
85 63 Car -1 -1 -1 643.00 170.03 700.01 196.59 -1 -1 -1 -1000 -1000 -1000 -10 0.76
85 42 Pedestrian -1 -1 -1 966.27 139.76 1011.06 256.43 -1 -1 -1 -1000 -1000 -1000 -10 0.72
85 62 Car -1 -1 -1 484.71 174.76 520.47 205.88 -1 -1 -1 -1000 -1000 -1000 -10 0.69
85 58 Car -1 -1 -1 501.42 172.40 533.00 199.33 -1 -1 -1 -1000 -1000 -1000 -10 0.69
85 46 Car -1 -1 -1 560.19 170.19 622.30 204.36 -1 -1 -1 -1000 -1000 -1000 -10 0.64
85 57 Pedestrian -1 -1 -1 836.51 153.69 857.71 212.10 -1 -1 -1 -1000 -1000 -1000 -10 0.51
85 64 Pedestrian -1 -1 -1 855.78 154.98 875.90 212.42 -1 -1 -1 -1000 -1000 -1000 -10 0.51
86 51 Car -1 -1 -1 359.05 181.01 449.92 238.41 -1 -1 -1 -1000 -1000 -1000 -10 0.93
86 48 Car -1 -1 -1 458.60 177.72 503.75 213.44 -1 -1 -1 -1000 -1000 -1000 -10 0.84
86 49 Car -1 -1 -1 657.61 173.16 752.08 205.84 -1 -1 -1 -1000 -1000 -1000 -10 0.84
86 63 Car -1 -1 -1 636.11 172.33 699.60 199.65 -1 -1 -1 -1000 -1000 -1000 -10 0.74
86 57 Pedestrian -1 -1 -1 837.20 159.15 857.61 214.39 -1 -1 -1 -1000 -1000 -1000 -10 0.73
86 42 Pedestrian -1 -1 -1 978.21 140.94 1022.49 262.55 -1 -1 -1 -1000 -1000 -1000 -10 0.71
86 58 Car -1 -1 -1 496.66 173.92 530.19 200.38 -1 -1 -1 -1000 -1000 -1000 -10 0.67
86 46 Car -1 -1 -1 557.68 171.58 617.28 203.53 -1 -1 -1 -1000 -1000 -1000 -10 0.60
86 62 Car -1 -1 -1 476.27 178.25 515.70 208.58 -1 -1 -1 -1000 -1000 -1000 -10 0.57
86 64 Pedestrian -1 -1 -1 859.19 160.94 879.78 214.74 -1 -1 -1 -1000 -1000 -1000 -10 0.53
87 51 Car -1 -1 -1 349.33 182.27 443.18 242.85 -1 -1 -1 -1000 -1000 -1000 -10 0.92
87 48 Car -1 -1 -1 452.90 178.43 499.24 216.33 -1 -1 -1 -1000 -1000 -1000 -10 0.89
87 49 Car -1 -1 -1 658.09 173.63 751.67 207.64 -1 -1 -1 -1000 -1000 -1000 -10 0.86
87 63 Car -1 -1 -1 636.89 174.21 698.28 200.29 -1 -1 -1 -1000 -1000 -1000 -10 0.80
87 42 Pedestrian -1 -1 -1 991.56 138.60 1039.66 267.24 -1 -1 -1 -1000 -1000 -1000 -10 0.76
87 58 Car -1 -1 -1 490.24 175.39 525.56 204.65 -1 -1 -1 -1000 -1000 -1000 -10 0.76
87 62 Car -1 -1 -1 472.75 178.51 510.87 210.46 -1 -1 -1 -1000 -1000 -1000 -10 0.70
87 46 Car -1 -1 -1 556.40 172.91 617.39 201.91 -1 -1 -1 -1000 -1000 -1000 -10 0.64
87 57 Pedestrian -1 -1 -1 839.54 158.67 861.26 216.34 -1 -1 -1 -1000 -1000 -1000 -10 0.64
87 64 Pedestrian -1 -1 -1 859.41 157.43 881.89 218.63 -1 -1 -1 -1000 -1000 -1000 -10 0.57
87 65 Car -1 -1 -1 622.32 166.81 681.41 192.53 -1 -1 -1 -1000 -1000 -1000 -10 0.49
88 51 Car -1 -1 -1 341.07 183.03 436.35 244.36 -1 -1 -1 -1000 -1000 -1000 -10 0.94
88 48 Car -1 -1 -1 447.91 178.65 494.67 217.39 -1 -1 -1 -1000 -1000 -1000 -10 0.92
88 49 Car -1 -1 -1 656.26 174.08 753.38 208.30 -1 -1 -1 -1000 -1000 -1000 -10 0.83
88 62 Car -1 -1 -1 468.69 178.47 508.11 211.41 -1 -1 -1 -1000 -1000 -1000 -10 0.80
88 42 Pedestrian -1 -1 -1 1004.36 140.24 1057.01 271.57 -1 -1 -1 -1000 -1000 -1000 -10 0.78
88 58 Car -1 -1 -1 488.86 176.74 522.83 203.47 -1 -1 -1 -1000 -1000 -1000 -10 0.77
88 63 Car -1 -1 -1 638.32 174.52 696.42 200.16 -1 -1 -1 -1000 -1000 -1000 -10 0.75
88 64 Pedestrian -1 -1 -1 863.21 160.40 885.64 219.40 -1 -1 -1 -1000 -1000 -1000 -10 0.71
88 57 Pedestrian -1 -1 -1 840.81 158.08 862.10 216.92 -1 -1 -1 -1000 -1000 -1000 -10 0.69
88 65 Car -1 -1 -1 618.01 166.39 679.51 194.42 -1 -1 -1 -1000 -1000 -1000 -10 0.69
88 46 Car -1 -1 -1 557.15 174.90 610.29 199.89 -1 -1 -1 -1000 -1000 -1000 -10 0.64
89 51 Car -1 -1 -1 330.09 183.44 430.21 246.39 -1 -1 -1 -1000 -1000 -1000 -10 0.93
89 48 Car -1 -1 -1 442.49 179.30 491.98 218.41 -1 -1 -1 -1000 -1000 -1000 -10 0.87
89 58 Car -1 -1 -1 485.44 176.72 519.80 204.12 -1 -1 -1 -1000 -1000 -1000 -10 0.83
89 49 Car -1 -1 -1 652.98 175.60 751.91 210.40 -1 -1 -1 -1000 -1000 -1000 -10 0.78
89 65 Car -1 -1 -1 618.33 166.77 677.94 194.26 -1 -1 -1 -1000 -1000 -1000 -10 0.72
89 63 Car -1 -1 -1 634.81 174.35 693.77 201.45 -1 -1 -1 -1000 -1000 -1000 -10 0.71
89 62 Car -1 -1 -1 464.10 179.21 505.07 211.88 -1 -1 -1 -1000 -1000 -1000 -10 0.71
89 46 Car -1 -1 -1 556.16 175.06 609.52 199.68 -1 -1 -1 -1000 -1000 -1000 -10 0.63
89 64 Pedestrian -1 -1 -1 866.96 163.18 887.00 218.08 -1 -1 -1 -1000 -1000 -1000 -10 0.62
89 57 Pedestrian -1 -1 -1 841.70 161.86 861.91 217.40 -1 -1 -1 -1000 -1000 -1000 -10 0.61
89 42 Pedestrian -1 -1 -1 1011.34 157.44 1073.34 269.51 -1 -1 -1 -1000 -1000 -1000 -10 0.44
89 66 Cyclist -1 -1 -1 970.73 160.90 1021.75 221.98 -1 -1 -1 -1000 -1000 -1000 -10 0.53
89 67 Cyclist -1 -1 -1 1011.18 157.54 1080.11 269.29 -1 -1 -1 -1000 -1000 -1000 -10 0.52
