0 1 Pedestrian -1 -1 -1 614.72 166.45 628.46 206.03 -1 -1 -1 -1000 -1000 -1000 -10 0.81
0 2 Pedestrian -1 -1 -1 625.76 166.92 640.03 207.91 -1 -1 -1 -1000 -1000 -1000 -10 0.79
0 3 Pedestrian -1 -1 -1 571.39 160.62 586.64 204.82 -1 -1 -1 -1000 -1000 -1000 -10 0.74
0 4 Pedestrian -1 -1 -1 505.45 164.08 523.40 214.87 -1 -1 -1 -1000 -1000 -1000 -10 0.68
0 5 Pedestrian -1 -1 -1 533.45 160.16 548.18 205.28 -1 -1 -1 -1000 -1000 -1000 -10 0.67
0 6 Pedestrian -1 -1 -1 724.26 161.32 748.73 227.31 -1 -1 -1 -1000 -1000 -1000 -10 0.59
0 7 Pedestrian -1 -1 -1 552.67 161.15 567.08 206.62 -1 -1 -1 -1000 -1000 -1000 -10 0.59
0 8 Pedestrian -1 -1 -1 540.90 162.18 557.17 210.39 -1 -1 -1 -1000 -1000 -1000 -10 0.58
0 9 Pedestrian -1 -1 -1 480.58 158.01 502.64 217.05 -1 -1 -1 -1000 -1000 -1000 -10 0.56
1 3 Pedestrian -1 -1 -1 567.88 164.22 583.19 207.14 -1 -1 -1 -1000 -1000 -1000 -10 0.70
1 2 Pedestrian -1 -1 -1 626.70 168.24 640.06 210.87 -1 -1 -1 -1000 -1000 -1000 -10 0.68
1 8 Pedestrian -1 -1 -1 540.54 166.03 557.51 213.20 -1 -1 -1 -1000 -1000 -1000 -10 0.68
1 6 Pedestrian -1 -1 -1 730.56 162.31 756.71 228.97 -1 -1 -1 -1000 -1000 -1000 -10 0.68
1 1 Pedestrian -1 -1 -1 616.57 166.34 627.74 209.19 -1 -1 -1 -1000 -1000 -1000 -10 0.67
1 7 Pedestrian -1 -1 -1 549.02 163.80 564.80 211.08 -1 -1 -1 -1000 -1000 -1000 -10 0.66
1 9 Pedestrian -1 -1 -1 479.43 161.06 502.76 220.87 -1 -1 -1 -1000 -1000 -1000 -10 0.64
1 4 Pedestrian -1 -1 -1 500.66 163.32 521.27 219.66 -1 -1 -1 -1000 -1000 -1000 -10 0.63
1 5 Pedestrian -1 -1 -1 530.03 161.93 544.88 207.07 -1 -1 -1 -1000 -1000 -1000 -10 0.61
2 7 Pedestrian -1 -1 -1 547.50 164.73 565.00 215.99 -1 -1 -1 -1000 -1000 -1000 -10 0.81
2 4 Pedestrian -1 -1 -1 500.55 167.35 520.21 221.41 -1 -1 -1 -1000 -1000 -1000 -10 0.78
2 6 Pedestrian -1 -1 -1 738.89 162.87 764.29 233.14 -1 -1 -1 -1000 -1000 -1000 -10 0.76
2 2 Pedestrian -1 -1 -1 629.80 169.38 644.17 213.52 -1 -1 -1 -1000 -1000 -1000 -10 0.75
2 1 Pedestrian -1 -1 -1 618.94 168.03 631.87 212.05 -1 -1 -1 -1000 -1000 -1000 -10 0.72
2 3 Pedestrian -1 -1 -1 567.56 163.63 582.34 208.81 -1 -1 -1 -1000 -1000 -1000 -10 0.71
2 9 Pedestrian -1 -1 -1 476.82 164.60 499.67 224.60 -1 -1 -1 -1000 -1000 -1000 -10 0.70
2 5 Pedestrian -1 -1 -1 526.96 162.88 541.67 209.45 -1 -1 -1 -1000 -1000 -1000 -10 0.69
3 7 Pedestrian -1 -1 -1 545.84 160.83 568.02 220.83 -1 -1 -1 -1000 -1000 -1000 -10 0.78
3 3 Pedestrian -1 -1 -1 568.26 163.90 582.98 210.21 -1 -1 -1 -1000 -1000 -1000 -10 0.76
3 4 Pedestrian -1 -1 -1 497.39 166.85 517.77 222.42 -1 -1 -1 -1000 -1000 -1000 -10 0.73
3 5 Pedestrian -1 -1 -1 525.66 162.94 540.88 208.75 -1 -1 -1 -1000 -1000 -1000 -10 0.71
3 9 Pedestrian -1 -1 -1 477.02 163.43 498.93 225.98 -1 -1 -1 -1000 -1000 -1000 -10 0.71
3 1 Pedestrian -1 -1 -1 623.23 167.29 636.33 213.12 -1 -1 -1 -1000 -1000 -1000 -10 0.70
3 6 Pedestrian -1 -1 -1 745.98 161.42 772.61 233.73 -1 -1 -1 -1000 -1000 -1000 -10 0.70
3 2 Pedestrian -1 -1 -1 635.31 166.89 653.16 216.36 -1 -1 -1 -1000 -1000 -1000 -10 0.69
4 1 Pedestrian -1 -1 -1 625.59 165.49 640.77 217.53 -1 -1 -1 -1000 -1000 -1000 -10 0.75
4 6 Pedestrian -1 -1 -1 752.14 161.42 781.91 242.41 -1 -1 -1 -1000 -1000 -1000 -10 0.71
4 5 Pedestrian -1 -1 -1 522.41 162.39 538.57 211.26 -1 -1 -1 -1000 -1000 -1000 -10 0.70
4 7 Pedestrian -1 -1 -1 553.14 165.73 575.29 221.23 -1 -1 -1 -1000 -1000 -1000 -10 0.69
4 3 Pedestrian -1 -1 -1 565.81 163.05 584.87 220.26 -1 -1 -1 -1000 -1000 -1000 -10 0.68
4 9 Pedestrian -1 -1 -1 475.90 161.93 499.98 229.20 -1 -1 -1 -1000 -1000 -1000 -10 0.67
4 4 Pedestrian -1 -1 -1 496.28 166.70 516.56 224.53 -1 -1 -1 -1000 -1000 -1000 -10 0.64
4 2 Pedestrian -1 -1 -1 636.42 165.75 653.47 217.85 -1 -1 -1 -1000 -1000 -1000 -10 0.60
5 3 Pedestrian -1 -1 -1 565.04 164.61 586.83 225.37 -1 -1 -1 -1000 -1000 -1000 -10 0.79
5 5 Pedestrian -1 -1 -1 521.13 162.29 537.59 212.32 -1 -1 -1 -1000 -1000 -1000 -10 0.76
5 9 Pedestrian -1 -1 -1 473.61 162.62 500.65 233.52 -1 -1 -1 -1000 -1000 -1000 -10 0.73
5 1 Pedestrian -1 -1 -1 629.82 168.35 645.00 219.21 -1 -1 -1 -1000 -1000 -1000 -10 0.70
5 6 Pedestrian -1 -1 -1 760.19 163.39 789.38 243.11 -1 -1 -1 -1000 -1000 -1000 -10 0.70
5 2 Pedestrian -1 -1 -1 642.71 167.95 661.11 221.86 -1 -1 -1 -1000 -1000 -1000 -10 0.69
5 4 Pedestrian -1 -1 -1 491.82 162.36 514.41 228.18 -1 -1 -1 -1000 -1000 -1000 -10 0.63
5 7 Pedestrian -1 -1 -1 543.26 161.39 561.36 214.65 -1 -1 -1 -1000 -1000 -1000 -10 0.57
6 1 Pedestrian -1 -1 -1 636.38 167.89 653.05 222.42 -1 -1 -1 -1000 -1000 -1000 -10 0.76
6 3 Pedestrian -1 -1 -1 571.09 163.97 595.45 227.44 -1 -1 -1 -1000 -1000 -1000 -10 0.75
6 4 Pedestrian -1 -1 -1 488.78 166.05 510.57 229.31 -1 -1 -1 -1000 -1000 -1000 -10 0.73
6 9 Pedestrian -1 -1 -1 470.91 161.07 497.88 236.34 -1 -1 -1 -1000 -1000 -1000 -10 0.72
6 6 Pedestrian -1 -1 -1 765.15 160.60 799.41 246.30 -1 -1 -1 -1000 -1000 -1000 -10 0.66
6 5 Pedestrian -1 -1 -1 517.18 160.92 535.02 216.07 -1 -1 -1 -1000 -1000 -1000 -10 0.65
6 7 Pedestrian -1 -1 -1 542.69 161.77 561.38 214.56 -1 -1 -1 -1000 -1000 -1000 -10 0.64
6 2 Pedestrian -1 -1 -1 648.68 166.60 670.63 224.92 -1 -1 -1 -1000 -1000 -1000 -10 0.64
7 3 Pedestrian -1 -1 -1 579.26 160.03 602.29 223.90 -1 -1 -1 -1000 -1000 -1000 -10 0.74
7 6 Pedestrian -1 -1 -1 776.34 157.87 810.27 246.17 -1 -1 -1 -1000 -1000 -1000 -10 0.69
7 7 Pedestrian -1 -1 -1 543.40 157.40 561.95 210.94 -1 -1 -1 -1000 -1000 -1000 -10 0.68
7 1 Pedestrian -1 -1 -1 642.98 160.70 661.80 222.88 -1 -1 -1 -1000 -1000 -1000 -10 0.68
7 2 Pedestrian -1 -1 -1 648.90 159.66 670.14 223.92 -1 -1 -1 -1000 -1000 -1000 -10 0.64
7 4 Pedestrian -1 -1 -1 483.40 159.92 506.76 229.57 -1 -1 -1 -1000 -1000 -1000 -10 0.62
7 5 Pedestrian -1 -1 -1 514.22 154.97 530.86 213.90 -1 -1 -1 -1000 -1000 -1000 -10 0.62
7 9 Pedestrian -1 -1 -1 466.34 157.68 493.10 233.78 -1 -1 -1 -1000 -1000 -1000 -10 0.60
8 3 Pedestrian -1 -1 -1 588.66 159.20 615.80 223.69 -1 -1 -1 -1000 -1000 -1000 -10 0.80
8 7 Pedestrian -1 -1 -1 543.76 154.98 562.49 211.36 -1 -1 -1 -1000 -1000 -1000 -10 0.77
8 9 Pedestrian -1 -1 -1 458.69 157.70 486.07 233.39 -1 -1 -1 -1000 -1000 -1000 -10 0.74
8 2 Pedestrian -1 -1 -1 652.66 159.66 673.76 224.57 -1 -1 -1 -1000 -1000 -1000 -10 0.73
8 6 Pedestrian -1 -1 -1 785.40 152.46 825.21 253.18 -1 -1 -1 -1000 -1000 -1000 -10 0.68
8 5 Pedestrian -1 -1 -1 512.65 154.45 530.29 213.28 -1 -1 -1 -1000 -1000 -1000 -10 0.68
8 4 Pedestrian -1 -1 -1 476.34 161.92 500.13 228.84 -1 -1 -1 -1000 -1000 -1000 -10 0.67
8 1 Pedestrian -1 -1 -1 667.55 162.20 690.12 225.94 -1 -1 -1 -1000 -1000 -1000 -10 0.56
8 10 Pedestrian -1 -1 -1 567.24 161.02 575.72 189.57 -1 -1 -1 -1000 -1000 -1000 -10 0.65
8 11 Pedestrian -1 -1 -1 531.39 153.40 551.12 213.62 -1 -1 -1 -1000 -1000 -1000 -10 0.63
8 12 Pedestrian -1 -1 -1 581.27 158.92 592.76 191.67 -1 -1 -1 -1000 -1000 -1000 -10 0.61
9 3 Pedestrian -1 -1 -1 598.57 162.54 628.54 233.73 -1 -1 -1 -1000 -1000 -1000 -10 0.80
9 7 Pedestrian -1 -1 -1 543.26 159.32 562.47 216.20 -1 -1 -1 -1000 -1000 -1000 -10 0.78
9 4 Pedestrian -1 -1 -1 471.05 167.24 496.79 234.83 -1 -1 -1 -1000 -1000 -1000 -10 0.75
9 2 Pedestrian -1 -1 -1 659.86 162.75 683.24 232.68 -1 -1 -1 -1000 -1000 -1000 -10 0.74
9 10 Pedestrian -1 -1 -1 568.08 163.90 576.56 194.70 -1 -1 -1 -1000 -1000 -1000 -10 0.74
9 6 Pedestrian -1 -1 -1 797.27 156.34 843.75 263.84 -1 -1 -1 -1000 -1000 -1000 -10 0.74
9 9 Pedestrian -1 -1 -1 445.94 159.95 476.36 242.21 -1 -1 -1 -1000 -1000 -1000 -10 0.72
9 5 Pedestrian -1 -1 -1 508.33 160.74 527.63 218.27 -1 -1 -1 -1000 -1000 -1000 -10 0.70
9 11 Pedestrian -1 -1 -1 527.27 160.33 547.43 218.82 -1 -1 -1 -1000 -1000 -1000 -10 0.69
9 1 Pedestrian -1 -1 -1 672.98 163.30 699.98 235.49 -1 -1 -1 -1000 -1000 -1000 -10 0.68
9 12 Pedestrian -1 -1 -1 585.39 162.32 595.82 196.30 -1 -1 -1 -1000 -1000 -1000 -10 0.63
9 13 Cyclist -1 -1 -1 585.39 162.32 595.82 196.30 -1 -1 -1 -1000 -1000 -1000 -10 0.58
10 6 Pedestrian -1 -1 -1 811.28 157.00 859.89 272.07 -1 -1 -1 -1000 -1000 -1000 -10 0.76
10 7 Pedestrian -1 -1 -1 541.94 161.02 562.50 220.79 -1 -1 -1 -1000 -1000 -1000 -10 0.73
10 3 Pedestrian -1 -1 -1 614.05 164.87 643.36 238.65 -1 -1 -1 -1000 -1000 -1000 -10 0.73
10 4 Pedestrian -1 -1 -1 463.20 165.80 489.91 240.36 -1 -1 -1 -1000 -1000 -1000 -10 0.73
10 2 Pedestrian -1 -1 -1 669.40 163.66 695.68 242.16 -1 -1 -1 -1000 -1000 -1000 -10 0.72
10 1 Pedestrian -1 -1 -1 679.93 165.91 709.08 244.37 -1 -1 -1 -1000 -1000 -1000 -10 0.72
10 9 Pedestrian -1 -1 -1 434.36 160.74 464.95 246.07 -1 -1 -1 -1000 -1000 -1000 -10 0.68
10 5 Pedestrian -1 -1 -1 503.27 159.76 524.96 224.13 -1 -1 -1 -1000 -1000 -1000 -10 0.67
10 10 Pedestrian -1 -1 -1 569.96 166.70 579.97 197.27 -1 -1 -1 -1000 -1000 -1000 -10 0.63
10 13 Cyclist -1 -1 -1 586.12 165.11 597.29 199.11 -1 -1 -1 -1000 -1000 -1000 -10 0.62
10 11 Pedestrian -1 -1 -1 519.39 162.57 541.48 223.93 -1 -1 -1 -1000 -1000 -1000 -10 0.59
10 12 Pedestrian -1 -1 -1 586.12 165.11 597.29 199.11 -1 -1 -1 -1000 -1000 -1000 -10 0.54
11 3 Pedestrian -1 -1 -1 624.90 163.08 656.66 240.73 -1 -1 -1 -1000 -1000 -1000 -10 0.79
11 9 Pedestrian -1 -1 -1 421.01 159.62 455.47 251.61 -1 -1 -1 -1000 -1000 -1000 -10 0.75
11 4 Pedestrian -1 -1 -1 455.94 167.47 482.07 239.16 -1 -1 -1 -1000 -1000 -1000 -10 0.74
11 6 Pedestrian -1 -1 -1 825.80 156.65 875.77 278.62 -1 -1 -1 -1000 -1000 -1000 -10 0.73
11 7 Pedestrian -1 -1 -1 540.86 158.97 563.50 222.08 -1 -1 -1 -1000 -1000 -1000 -10 0.68
11 5 Pedestrian -1 -1 -1 498.77 158.94 522.11 224.88 -1 -1 -1 -1000 -1000 -1000 -10 0.68
11 1 Pedestrian -1 -1 -1 690.37 164.06 721.36 249.57 -1 -1 -1 -1000 -1000 -1000 -10 0.67
11 11 Pedestrian -1 -1 -1 515.55 159.25 536.82 224.06 -1 -1 -1 -1000 -1000 -1000 -10 0.66
11 2 Pedestrian -1 -1 -1 675.71 161.48 705.50 245.34 -1 -1 -1 -1000 -1000 -1000 -10 0.62
11 10 Pedestrian -1 -1 -1 571.03 164.35 581.39 197.21 -1 -1 -1 -1000 -1000 -1000 -10 0.59
11 12 Pedestrian -1 -1 -1 588.55 162.98 600.81 198.09 -1 -1 -1 -1000 -1000 -1000 -10 0.47
11 13 Cyclist -1 -1 -1 588.55 162.98 600.81 198.09 -1 -1 -1 -1000 -1000 -1000 -10 0.44
12 4 Pedestrian -1 -1 -1 451.41 169.60 477.81 242.78 -1 -1 -1 -1000 -1000 -1000 -10 0.80
12 6 Pedestrian -1 -1 -1 840.03 157.35 892.56 286.79 -1 -1 -1 -1000 -1000 -1000 -10 0.77
12 3 Pedestrian -1 -1 -1 640.00 162.98 671.24 243.29 -1 -1 -1 -1000 -1000 -1000 -10 0.76
12 5 Pedestrian -1 -1 -1 494.98 158.74 518.61 228.57 -1 -1 -1 -1000 -1000 -1000 -10 0.75
12 11 Pedestrian -1 -1 -1 513.95 160.10 537.26 227.82 -1 -1 -1 -1000 -1000 -1000 -10 0.71
12 2 Pedestrian -1 -1 -1 685.09 160.91 719.05 252.85 -1 -1 -1 -1000 -1000 -1000 -10 0.71
12 9 Pedestrian -1 -1 -1 413.26 159.16 446.65 253.22 -1 -1 -1 -1000 -1000 -1000 -10 0.70
12 1 Pedestrian -1 -1 -1 704.17 164.89 737.75 254.38 -1 -1 -1 -1000 -1000 -1000 -10 0.69
12 13 Cyclist -1 -1 -1 590.26 164.61 613.19 199.46 -1 -1 -1 -1000 -1000 -1000 -10 0.66
12 10 Pedestrian -1 -1 -1 574.03 165.32 585.47 198.40 -1 -1 -1 -1000 -1000 -1000 -10 0.65
12 7 Pedestrian -1 -1 -1 538.11 161.67 560.64 224.97 -1 -1 -1 -1000 -1000 -1000 -10 0.61
12 14 Pedestrian -1 -1 -1 558.96 162.96 569.95 197.53 -1 -1 -1 -1000 -1000 -1000 -10 0.49
13 3 Pedestrian -1 -1 -1 653.66 162.99 688.98 248.86 -1 -1 -1 -1000 -1000 -1000 -10 0.79
13 13 Cyclist -1 -1 -1 592.69 164.83 619.87 201.74 -1 -1 -1 -1000 -1000 -1000 -10 0.78
13 6 Pedestrian -1 -1 -1 860.32 157.13 918.27 300.83 -1 -1 -1 -1000 -1000 -1000 -10 0.77
13 4 Pedestrian -1 -1 -1 443.11 169.53 472.44 249.04 -1 -1 -1 -1000 -1000 -1000 -10 0.75
13 5 Pedestrian -1 -1 -1 490.13 158.28 515.89 232.19 -1 -1 -1 -1000 -1000 -1000 -10 0.75
13 10 Pedestrian -1 -1 -1 576.84 165.32 589.16 199.47 -1 -1 -1 -1000 -1000 -1000 -10 0.74
13 9 Pedestrian -1 -1 -1 400.11 159.02 437.22 259.92 -1 -1 -1 -1000 -1000 -1000 -10 0.73
13 7 Pedestrian -1 -1 -1 537.18 160.58 560.12 229.21 -1 -1 -1 -1000 -1000 -1000 -10 0.71
13 14 Pedestrian -1 -1 -1 561.25 164.61 574.02 200.07 -1 -1 -1 -1000 -1000 -1000 -10 0.69
13 2 Pedestrian -1 -1 -1 695.77 163.40 731.54 262.63 -1 -1 -1 -1000 -1000 -1000 -10 0.66
13 1 Pedestrian -1 -1 -1 717.93 166.72 754.68 263.12 -1 -1 -1 -1000 -1000 -1000 -10 0.65
13 11 Pedestrian -1 -1 -1 509.31 159.82 534.30 231.45 -1 -1 -1 -1000 -1000 -1000 -10 0.58
14 6 Pedestrian -1 -1 -1 879.45 155.91 945.19 309.83 -1 -1 -1 -1000 -1000 -1000 -10 0.80
14 3 Pedestrian -1 -1 -1 667.90 164.08 705.37 254.01 -1 -1 -1 -1000 -1000 -1000 -10 0.79
14 11 Pedestrian -1 -1 -1 504.32 159.06 532.14 236.92 -1 -1 -1 -1000 -1000 -1000 -10 0.77
14 13 Cyclist -1 -1 -1 597.92 166.41 622.73 201.12 -1 -1 -1 -1000 -1000 -1000 -10 0.75
14 9 Pedestrian -1 -1 -1 383.16 159.09 424.84 267.61 -1 -1 -1 -1000 -1000 -1000 -10 0.75
14 10 Pedestrian -1 -1 -1 580.82 166.40 592.39 199.73 -1 -1 -1 -1000 -1000 -1000 -10 0.74
14 5 Pedestrian -1 -1 -1 485.76 158.92 512.69 236.08 -1 -1 -1 -1000 -1000 -1000 -10 0.74
14 2 Pedestrian -1 -1 -1 709.52 163.12 748.02 270.80 -1 -1 -1 -1000 -1000 -1000 -10 0.73
14 4 Pedestrian -1 -1 -1 437.90 169.94 468.01 252.40 -1 -1 -1 -1000 -1000 -1000 -10 0.70
14 7 Pedestrian -1 -1 -1 535.33 158.81 561.41 232.43 -1 -1 -1 -1000 -1000 -1000 -10 0.67
14 1 Pedestrian -1 -1 -1 736.11 167.53 774.80 273.15 -1 -1 -1 -1000 -1000 -1000 -10 0.66
14 14 Pedestrian -1 -1 -1 563.04 165.94 573.54 198.53 -1 -1 -1 -1000 -1000 -1000 -10 0.65
15 9 Pedestrian -1 -1 -1 369.76 156.77 414.01 271.19 -1 -1 -1 -1000 -1000 -1000 -10 0.78
15 4 Pedestrian -1 -1 -1 430.24 169.35 461.36 255.66 -1 -1 -1 -1000 -1000 -1000 -10 0.77
15 6 Pedestrian -1 -1 -1 893.53 154.82 961.81 317.63 -1 -1 -1 -1000 -1000 -1000 -10 0.75
15 5 Pedestrian -1 -1 -1 481.59 158.47 509.56 238.25 -1 -1 -1 -1000 -1000 -1000 -10 0.75
15 11 Pedestrian -1 -1 -1 500.55 158.31 528.76 238.80 -1 -1 -1 -1000 -1000 -1000 -10 0.73
15 3 Pedestrian -1 -1 -1 689.05 162.53 722.84 256.14 -1 -1 -1 -1000 -1000 -1000 -10 0.71
15 10 Pedestrian -1 -1 -1 584.01 164.02 597.11 200.33 -1 -1 -1 -1000 -1000 -1000 -10 0.70
15 7 Pedestrian -1 -1 -1 534.72 158.61 562.83 231.97 -1 -1 -1 -1000 -1000 -1000 -10 0.68
15 1 Pedestrian -1 -1 -1 756.76 164.00 799.57 279.78 -1 -1 -1 -1000 -1000 -1000 -10 0.67
15 2 Pedestrian -1 -1 -1 722.83 160.46 765.74 275.91 -1 -1 -1 -1000 -1000 -1000 -10 0.67
15 14 Pedestrian -1 -1 -1 565.35 164.04 577.61 200.09 -1 -1 -1 -1000 -1000 -1000 -10 0.67
15 13 Cyclist -1 -1 -1 605.44 165.00 628.47 201.82 -1 -1 -1 -1000 -1000 -1000 -10 0.67
15 15 Pedestrian -1 -1 -1 604.48 163.94 624.21 202.13 -1 -1 -1 -1000 -1000 -1000 -10 0.54
16 6 Pedestrian -1 -1 -1 911.98 152.90 989.23 329.31 -1 -1 -1 -1000 -1000 -1000 -10 0.78
16 3 Pedestrian -1 -1 -1 700.69 160.64 741.86 260.61 -1 -1 -1 -1000 -1000 -1000 -10 0.78
16 10 Pedestrian -1 -1 -1 589.48 165.81 600.63 199.64 -1 -1 -1 -1000 -1000 -1000 -10 0.78
16 4 Pedestrian -1 -1 -1 425.79 168.16 457.11 257.98 -1 -1 -1 -1000 -1000 -1000 -10 0.78
16 9 Pedestrian -1 -1 -1 353.90 158.13 399.08 275.45 -1 -1 -1 -1000 -1000 -1000 -10 0.76
16 1 Pedestrian -1 -1 -1 775.13 166.08 826.92 290.39 -1 -1 -1 -1000 -1000 -1000 -10 0.75
16 5 Pedestrian -1 -1 -1 479.27 155.96 510.60 241.09 -1 -1 -1 -1000 -1000 -1000 -10 0.74
16 11 Pedestrian -1 -1 -1 498.95 155.69 529.12 242.41 -1 -1 -1 -1000 -1000 -1000 -10 0.71
16 7 Pedestrian -1 -1 -1 533.98 156.80 563.21 234.57 -1 -1 -1 -1000 -1000 -1000 -10 0.66
16 14 Pedestrian -1 -1 -1 554.17 163.97 574.11 219.20 -1 -1 -1 -1000 -1000 -1000 -10 0.64
16 2 Pedestrian -1 -1 -1 741.82 157.47 791.91 292.55 -1 -1 -1 -1000 -1000 -1000 -10 0.64
16 15 Pedestrian -1 -1 -1 610.08 163.79 626.69 201.59 -1 -1 -1 -1000 -1000 -1000 -10 0.64
16 13 Cyclist -1 -1 -1 611.84 164.60 629.90 201.40 -1 -1 -1 -1000 -1000 -1000 -10 0.51
16 16 Pedestrian -1 -1 -1 569.55 162.44 582.01 201.70 -1 -1 -1 -1000 -1000 -1000 -10 0.54
17 9 Pedestrian -1 -1 -1 332.97 156.03 382.73 286.63 -1 -1 -1 -1000 -1000 -1000 -10 0.81
17 5 Pedestrian -1 -1 -1 474.90 157.35 507.92 246.60 -1 -1 -1 -1000 -1000 -1000 -10 0.80
17 3 Pedestrian -1 -1 -1 716.25 162.08 756.80 265.65 -1 -1 -1 -1000 -1000 -1000 -10 0.80
17 6 Pedestrian -1 -1 -1 932.58 152.92 1014.54 343.19 -1 -1 -1 -1000 -1000 -1000 -10 0.79
17 4 Pedestrian -1 -1 -1 418.38 169.67 450.94 263.92 -1 -1 -1 -1000 -1000 -1000 -10 0.78
17 11 Pedestrian -1 -1 -1 492.26 159.80 521.81 244.79 -1 -1 -1 -1000 -1000 -1000 -10 0.77
17 1 Pedestrian -1 -1 -1 797.04 165.41 852.00 307.09 -1 -1 -1 -1000 -1000 -1000 -10 0.73
17 7 Pedestrian -1 -1 -1 530.96 157.40 559.22 241.59 -1 -1 -1 -1000 -1000 -1000 -10 0.72
17 2 Pedestrian -1 -1 -1 760.84 158.32 819.01 308.74 -1 -1 -1 -1000 -1000 -1000 -10 0.70
17 10 Pedestrian -1 -1 -1 593.44 165.76 605.24 200.64 -1 -1 -1 -1000 -1000 -1000 -10 0.69
17 14 Pedestrian -1 -1 -1 564.58 162.81 585.90 221.08 -1 -1 -1 -1000 -1000 -1000 -10 0.67
17 13 Cyclist -1 -1 -1 614.91 164.84 635.32 202.81 -1 -1 -1 -1000 -1000 -1000 -10 0.61
17 15 Pedestrian -1 -1 -1 614.91 164.84 635.32 202.81 -1 -1 -1 -1000 -1000 -1000 -10 0.48
17 16 Pedestrian -1 -1 -1 577.06 164.78 589.67 202.03 -1 -1 -1 -1000 -1000 -1000 -10 0.45
18 9 Pedestrian -1 -1 -1 316.99 154.51 367.84 295.12 -1 -1 -1 -1000 -1000 -1000 -10 0.83
18 5 Pedestrian -1 -1 -1 470.23 155.22 504.63 249.16 -1 -1 -1 -1000 -1000 -1000 -10 0.81
18 4 Pedestrian -1 -1 -1 411.67 166.79 447.92 268.09 -1 -1 -1 -1000 -1000 -1000 -10 0.75
18 3 Pedestrian -1 -1 -1 731.27 159.00 772.29 267.32 -1 -1 -1 -1000 -1000 -1000 -10 0.74
18 6 Pedestrian -1 -1 -1 962.15 142.48 1053.73 354.88 -1 -1 -1 -1000 -1000 -1000 -10 0.74
18 11 Pedestrian -1 -1 -1 487.39 157.88 518.05 247.68 -1 -1 -1 -1000 -1000 -1000 -10 0.71
18 14 Pedestrian -1 -1 -1 574.75 164.52 598.33 222.73 -1 -1 -1 -1000 -1000 -1000 -10 0.67
18 1 Pedestrian -1 -1 -1 823.99 159.06 886.05 322.93 -1 -1 -1 -1000 -1000 -1000 -10 0.67
18 15 Pedestrian -1 -1 -1 620.71 162.41 638.19 202.54 -1 -1 -1 -1000 -1000 -1000 -10 0.62
18 7 Pedestrian -1 -1 -1 525.66 157.05 557.42 244.99 -1 -1 -1 -1000 -1000 -1000 -10 0.61
18 2 Pedestrian -1 -1 -1 791.88 155.27 856.09 325.24 -1 -1 -1 -1000 -1000 -1000 -10 0.61
18 10 Pedestrian -1 -1 -1 599.21 163.51 612.37 200.19 -1 -1 -1 -1000 -1000 -1000 -10 0.57
18 13 Cyclist -1 -1 -1 623.06 163.35 641.88 202.60 -1 -1 -1 -1000 -1000 -1000 -10 0.52
18 16 Pedestrian -1 -1 -1 580.76 164.77 592.55 201.59 -1 -1 -1 -1000 -1000 -1000 -10 0.46
19 5 Pedestrian -1 -1 -1 461.49 151.13 499.09 253.53 -1 -1 -1 -1000 -1000 -1000 -10 0.80
19 3 Pedestrian -1 -1 -1 743.80 156.80 789.59 278.48 -1 -1 -1 -1000 -1000 -1000 -10 0.78
19 9 Pedestrian -1 -1 -1 295.16 154.52 350.92 302.60 -1 -1 -1 -1000 -1000 -1000 -10 0.77
19 4 Pedestrian -1 -1 -1 399.74 168.60 437.41 272.22 -1 -1 -1 -1000 -1000 -1000 -10 0.75
19 15 Pedestrian -1 -1 -1 625.24 162.73 640.66 202.21 -1 -1 -1 -1000 -1000 -1000 -10 0.73
19 7 Pedestrian -1 -1 -1 520.50 152.90 555.11 249.90 -1 -1 -1 -1000 -1000 -1000 -10 0.71
19 6 Pedestrian -1 -1 -1 988.27 152.70 1088.75 366.79 -1 -1 -1 -1000 -1000 -1000 -10 0.71
19 14 Pedestrian -1 -1 -1 583.31 161.45 605.28 221.96 -1 -1 -1 -1000 -1000 -1000 -10 0.69
19 11 Pedestrian -1 -1 -1 473.27 152.21 510.02 253.87 -1 -1 -1 -1000 -1000 -1000 -10 0.66
19 10 Pedestrian -1 -1 -1 604.04 164.73 614.93 199.81 -1 -1 -1 -1000 -1000 -1000 -10 0.66
19 1 Pedestrian -1 -1 -1 857.36 164.64 921.35 339.47 -1 -1 -1 -1000 -1000 -1000 -10 0.63
19 16 Pedestrian -1 -1 -1 580.85 159.51 594.44 206.30 -1 -1 -1 -1000 -1000 -1000 -10 0.58
19 2 Pedestrian -1 -1 -1 826.99 153.34 898.03 343.07 -1 -1 -1 -1000 -1000 -1000 -10 0.57
19 13 Cyclist -1 -1 -1 625.24 162.73 640.66 202.21 -1 -1 -1 -1000 -1000 -1000 -10 0.43
20 4 Pedestrian -1 -1 -1 383.15 165.45 424.34 276.19 -1 -1 -1 -1000 -1000 -1000 -10 0.81
20 5 Pedestrian -1 -1 -1 453.10 149.39 492.24 256.28 -1 -1 -1 -1000 -1000 -1000 -10 0.78
20 7 Pedestrian -1 -1 -1 516.91 153.78 551.18 249.23 -1 -1 -1 -1000 -1000 -1000 -10 0.77
20 16 Pedestrian -1 -1 -1 584.20 160.86 596.71 199.84 -1 -1 -1 -1000 -1000 -1000 -10 0.74
20 3 Pedestrian -1 -1 -1 754.67 158.32 802.05 283.02 -1 -1 -1 -1000 -1000 -1000 -10 0.71
20 9 Pedestrian -1 -1 -1 267.27 153.05 326.14 311.69 -1 -1 -1 -1000 -1000 -1000 -10 0.71
20 14 Pedestrian -1 -1 -1 593.60 162.44 618.19 224.47 -1 -1 -1 -1000 -1000 -1000 -10 0.68
20 2 Pedestrian -1 -1 -1 861.16 151.85 955.81 359.70 -1 -1 -1 -1000 -1000 -1000 -10 0.68
20 6 Pedestrian -1 -1 -1 1002.87 142.85 1127.80 368.29 -1 -1 -1 -1000 -1000 -1000 -10 0.66
20 1 Pedestrian -1 -1 -1 885.81 156.41 976.79 362.69 -1 -1 -1 -1000 -1000 -1000 -10 0.61
20 10 Pedestrian -1 -1 -1 603.40 162.32 617.09 202.69 -1 -1 -1 -1000 -1000 -1000 -10 0.59
20 15 Pedestrian -1 -1 -1 629.36 160.51 643.76 200.78 -1 -1 -1 -1000 -1000 -1000 -10 0.58
21 5 Pedestrian -1 -1 -1 443.97 150.23 486.41 261.63 -1 -1 -1 -1000 -1000 -1000 -10 0.86
21 3 Pedestrian -1 -1 -1 764.42 160.55 814.90 289.33 -1 -1 -1 -1000 -1000 -1000 -10 0.78
21 14 Pedestrian -1 -1 -1 601.12 160.65 627.16 227.02 -1 -1 -1 -1000 -1000 -1000 -10 0.76
21 7 Pedestrian -1 -1 -1 510.86 153.23 548.33 253.42 -1 -1 -1 -1000 -1000 -1000 -10 0.76
21 4 Pedestrian -1 -1 -1 366.29 162.97 409.74 277.90 -1 -1 -1 -1000 -1000 -1000 -10 0.76
21 16 Pedestrian -1 -1 -1 586.28 162.49 596.45 197.26 -1 -1 -1 -1000 -1000 -1000 -10 0.73
21 2 Pedestrian -1 -1 -1 905.81 140.45 1033.50 363.91 -1 -1 -1 -1000 -1000 -1000 -10 0.71
21 9 Pedestrian -1 -1 -1 238.06 147.60 301.74 326.52 -1 -1 -1 -1000 -1000 -1000 -10 0.70
21 6 Pedestrian -1 -1 -1 1025.50 147.67 1166.40 363.35 -1 -1 -1 -1000 -1000 -1000 -10 0.69
21 15 Pedestrian -1 -1 -1 630.68 160.59 644.11 200.07 -1 -1 -1 -1000 -1000 -1000 -10 0.46
21 17 Cyclist -1 -1 -1 532.68 158.96 550.93 201.70 -1 -1 -1 -1000 -1000 -1000 -10 0.47
21 18 Pedestrian -1 -1 -1 537.23 160.93 552.21 203.26 -1 -1 -1 -1000 -1000 -1000 -10 0.45
21 19 Pedestrian -1 -1 -1 497.24 157.20 509.87 199.83 -1 -1 -1 -1000 -1000 -1000 -10 0.44
21 20 Cyclist -1 -1 -1 630.42 160.33 648.98 200.61 -1 -1 -1 -1000 -1000 -1000 -10 0.43
22 7 Pedestrian -1 -1 -1 498.57 153.48 538.46 257.42 -1 -1 -1 -1000 -1000 -1000 -10 0.84
22 5 Pedestrian -1 -1 -1 430.92 150.38 476.46 269.51 -1 -1 -1 -1000 -1000 -1000 -10 0.84
22 3 Pedestrian -1 -1 -1 773.09 161.11 829.32 296.92 -1 -1 -1 -1000 -1000 -1000 -10 0.79
22 14 Pedestrian -1 -1 -1 609.41 161.45 633.46 228.59 -1 -1 -1 -1000 -1000 -1000 -10 0.77
22 4 Pedestrian -1 -1 -1 347.34 166.39 390.70 282.67 -1 -1 -1 -1000 -1000 -1000 -10 0.73
22 18 Pedestrian -1 -1 -1 533.86 160.46 549.46 204.23 -1 -1 -1 -1000 -1000 -1000 -10 0.73
22 9 Pedestrian -1 -1 -1 201.06 154.83 269.50 342.21 -1 -1 -1 -1000 -1000 -1000 -10 0.70
22 16 Pedestrian -1 -1 -1 586.34 162.62 596.46 198.52 -1 -1 -1 -1000 -1000 -1000 -10 0.65
22 6 Pedestrian -1 -1 -1 1057.56 140.83 1210.79 363.06 -1 -1 -1 -1000 -1000 -1000 -10 0.64
22 2 Pedestrian -1 -1 -1 965.73 131.67 1126.71 364.28 -1 -1 -1 -1000 -1000 -1000 -10 0.59
22 19 Pedestrian -1 -1 -1 495.71 158.91 509.71 200.25 -1 -1 -1 -1000 -1000 -1000 -10 0.58
22 20 Cyclist -1 -1 -1 629.59 161.01 650.20 203.63 -1 -1 -1 -1000 -1000 -1000 -10 0.49
22 21 Cyclist -1 -1 -1 424.76 157.28 444.93 200.81 -1 -1 -1 -1000 -1000 -1000 -10 0.52
23 5 Pedestrian -1 -1 -1 417.88 148.36 465.88 273.14 -1 -1 -1 -1000 -1000 -1000 -10 0.80
23 3 Pedestrian -1 -1 -1 782.13 162.12 843.70 304.82 -1 -1 -1 -1000 -1000 -1000 -10 0.79
23 7 Pedestrian -1 -1 -1 483.02 153.75 523.34 265.01 -1 -1 -1 -1000 -1000 -1000 -10 0.79
23 18 Pedestrian -1 -1 -1 532.74 160.80 548.39 204.59 -1 -1 -1 -1000 -1000 -1000 -10 0.75
23 4 Pedestrian -1 -1 -1 322.93 163.93 369.90 286.95 -1 -1 -1 -1000 -1000 -1000 -10 0.74
23 14 Pedestrian -1 -1 -1 615.19 161.65 643.46 233.44 -1 -1 -1 -1000 -1000 -1000 -10 0.72
23 9 Pedestrian -1 -1 -1 150.34 149.70 228.50 362.69 -1 -1 -1 -1000 -1000 -1000 -10 0.70
23 16 Pedestrian -1 -1 -1 583.91 162.88 596.81 200.49 -1 -1 -1 -1000 -1000 -1000 -10 0.65
23 20 Cyclist -1 -1 -1 625.47 160.44 648.30 205.69 -1 -1 -1 -1000 -1000 -1000 -10 0.40
23 22 Pedestrian -1 -1 -1 414.02 156.88 430.44 202.56 -1 -1 -1 -1000 -1000 -1000 -10 0.49
23 23 Pedestrian -1 -1 -1 608.03 162.97 621.42 201.33 -1 -1 -1 -1000 -1000 -1000 -10 0.40
24 5 Pedestrian -1 -1 -1 400.74 148.32 452.01 280.28 -1 -1 -1 -1000 -1000 -1000 -10 0.80
24 4 Pedestrian -1 -1 -1 302.98 164.33 350.72 292.73 -1 -1 -1 -1000 -1000 -1000 -10 0.75
24 7 Pedestrian -1 -1 -1 464.68 151.64 510.48 269.48 -1 -1 -1 -1000 -1000 -1000 -10 0.75
24 9 Pedestrian -1 -1 -1 86.62 149.81 177.46 370.28 -1 -1 -1 -1000 -1000 -1000 -10 0.69
24 14 Pedestrian -1 -1 -1 623.50 161.35 649.61 232.95 -1 -1 -1 -1000 -1000 -1000 -10 0.68
24 18 Pedestrian -1 -1 -1 525.57 158.54 542.65 205.77 -1 -1 -1 -1000 -1000 -1000 -10 0.68
24 3 Pedestrian -1 -1 -1 794.94 170.03 853.58 318.84 -1 -1 -1 -1000 -1000 -1000 -10 0.67
24 23 Pedestrian -1 -1 -1 606.76 163.08 619.99 200.83 -1 -1 -1 -1000 -1000 -1000 -10 0.65
24 16 Pedestrian -1 -1 -1 582.55 161.52 593.34 199.17 -1 -1 -1 -1000 -1000 -1000 -10 0.62
24 22 Pedestrian -1 -1 -1 399.63 156.95 414.76 201.92 -1 -1 -1 -1000 -1000 -1000 -10 0.60
24 24 Pedestrian -1 -1 -1 505.54 157.58 523.94 207.98 -1 -1 -1 -1000 -1000 -1000 -10 0.64
24 25 Pedestrian -1 -1 -1 624.34 158.09 642.20 207.52 -1 -1 -1 -1000 -1000 -1000 -10 0.62
24 26 Pedestrian -1 -1 -1 1086.92 134.31 1219.82 362.14 -1 -1 -1 -1000 -1000 -1000 -10 0.50
24 27 Pedestrian -1 -1 -1 731.91 155.83 755.86 223.94 -1 -1 -1 -1000 -1000 -1000 -10 0.50
24 28 Pedestrian -1 -1 -1 721.45 157.13 743.49 218.17 -1 -1 -1 -1000 -1000 -1000 -10 0.44
25 5 Pedestrian -1 -1 -1 374.84 148.82 432.40 286.67 -1 -1 -1 -1000 -1000 -1000 -10 0.79
25 14 Pedestrian -1 -1 -1 629.06 160.11 659.86 236.04 -1 -1 -1 -1000 -1000 -1000 -10 0.79
25 7 Pedestrian -1 -1 -1 443.66 150.27 493.78 276.65 -1 -1 -1 -1000 -1000 -1000 -10 0.78
25 24 Pedestrian -1 -1 -1 501.66 157.34 519.47 208.06 -1 -1 -1 -1000 -1000 -1000 -10 0.74
25 3 Pedestrian -1 -1 -1 806.52 173.91 872.47 330.11 -1 -1 -1 -1000 -1000 -1000 -10 0.73
25 28 Pedestrian -1 -1 -1 717.55 156.22 740.40 224.61 -1 -1 -1 -1000 -1000 -1000 -10 0.73
25 25 Pedestrian -1 -1 -1 621.54 160.15 638.21 204.55 -1 -1 -1 -1000 -1000 -1000 -10 0.71
25 4 Pedestrian -1 -1 -1 278.11 164.14 329.83 299.66 -1 -1 -1 -1000 -1000 -1000 -10 0.70
25 9 Pedestrian -1 -1 -1 11.87 143.82 122.13 368.15 -1 -1 -1 -1000 -1000 -1000 -10 0.70
25 23 Pedestrian -1 -1 -1 603.85 162.06 616.32 199.45 -1 -1 -1 -1000 -1000 -1000 -10 0.68
25 18 Pedestrian -1 -1 -1 521.93 159.65 538.32 204.83 -1 -1 -1 -1000 -1000 -1000 -10 0.68
25 16 Pedestrian -1 -1 -1 579.83 161.43 592.97 198.86 -1 -1 -1 -1000 -1000 -1000 -10 0.56
25 29 Cyclist -1 -1 -1 579.83 161.43 592.97 198.86 -1 -1 -1 -1000 -1000 -1000 -10 0.51
26 14 Pedestrian -1 -1 -1 636.54 159.84 667.11 236.97 -1 -1 -1 -1000 -1000 -1000 -10 0.80
26 7 Pedestrian -1 -1 -1 427.19 146.04 479.54 282.98 -1 -1 -1 -1000 -1000 -1000 -10 0.79
26 4 Pedestrian -1 -1 -1 250.06 159.47 304.85 306.76 -1 -1 -1 -1000 -1000 -1000 -10 0.72
26 23 Pedestrian -1 -1 -1 599.46 160.14 613.40 200.80 -1 -1 -1 -1000 -1000 -1000 -10 0.71
26 5 Pedestrian -1 -1 -1 351.08 142.90 410.08 293.38 -1 -1 -1 -1000 -1000 -1000 -10 0.71
26 24 Pedestrian -1 -1 -1 494.44 156.23 512.53 207.21 -1 -1 -1 -1000 -1000 -1000 -10 0.71
26 28 Pedestrian -1 -1 -1 702.17 153.44 732.27 227.57 -1 -1 -1 -1000 -1000 -1000 -10 0.68
26 3 Pedestrian -1 -1 -1 818.67 175.06 891.20 344.44 -1 -1 -1 -1000 -1000 -1000 -10 0.67
26 16 Pedestrian -1 -1 -1 573.63 160.66 586.33 198.72 -1 -1 -1 -1000 -1000 -1000 -10 0.67
26 18 Pedestrian -1 -1 -1 516.67 158.61 534.80 205.11 -1 -1 -1 -1000 -1000 -1000 -10 0.55
26 25 Pedestrian -1 -1 -1 618.41 159.08 633.68 201.24 -1 -1 -1 -1000 -1000 -1000 -10 0.50
26 29 Cyclist -1 -1 -1 573.63 160.66 586.33 198.72 -1 -1 -1 -1000 -1000 -1000 -10 0.44
26 30 Cyclist -1 -1 -1 619.99 159.14 637.67 201.13 -1 -1 -1 -1000 -1000 -1000 -10 0.50
27 7 Pedestrian -1 -1 -1 406.58 148.48 461.79 293.02 -1 -1 -1 -1000 -1000 -1000 -10 0.77
27 16 Pedestrian -1 -1 -1 568.66 158.43 582.73 200.27 -1 -1 -1 -1000 -1000 -1000 -10 0.75
27 14 Pedestrian -1 -1 -1 643.78 158.69 675.51 238.76 -1 -1 -1 -1000 -1000 -1000 -10 0.74
27 24 Pedestrian -1 -1 -1 486.99 156.38 504.79 207.81 -1 -1 -1 -1000 -1000 -1000 -10 0.72
27 28 Pedestrian -1 -1 -1 686.34 153.48 717.40 227.54 -1 -1 -1 -1000 -1000 -1000 -10 0.70
27 23 Pedestrian -1 -1 -1 594.97 160.24 609.36 201.41 -1 -1 -1 -1000 -1000 -1000 -10 0.69
27 4 Pedestrian -1 -1 -1 221.48 162.49 279.58 311.96 -1 -1 -1 -1000 -1000 -1000 -10 0.68
27 3 Pedestrian -1 -1 -1 838.52 179.04 924.96 362.61 -1 -1 -1 -1000 -1000 -1000 -10 0.67
27 5 Pedestrian -1 -1 -1 319.27 142.80 380.94 306.77 -1 -1 -1 -1000 -1000 -1000 -10 0.66
27 18 Pedestrian -1 -1 -1 512.91 157.24 530.65 204.14 -1 -1 -1 -1000 -1000 -1000 -10 0.60
27 25 Pedestrian -1 -1 -1 614.95 158.25 629.36 202.63 -1 -1 -1 -1000 -1000 -1000 -10 0.58
27 30 Cyclist -1 -1 -1 615.77 158.23 633.90 202.49 -1 -1 -1 -1000 -1000 -1000 -10 0.51
28 7 Pedestrian -1 -1 -1 380.31 146.41 442.35 304.78 -1 -1 -1 -1000 -1000 -1000 -10 0.78
28 18 Pedestrian -1 -1 -1 506.30 160.20 523.28 206.76 -1 -1 -1 -1000 -1000 -1000 -10 0.77
28 16 Pedestrian -1 -1 -1 564.74 161.63 578.37 202.18 -1 -1 -1 -1000 -1000 -1000 -10 0.74
28 23 Pedestrian -1 -1 -1 587.85 160.63 603.11 205.46 -1 -1 -1 -1000 -1000 -1000 -10 0.71
28 3 Pedestrian -1 -1 -1 859.16 180.93 965.21 361.89 -1 -1 -1 -1000 -1000 -1000 -10 0.71
28 24 Pedestrian -1 -1 -1 481.67 156.54 500.29 209.75 -1 -1 -1 -1000 -1000 -1000 -10 0.68
28 14 Pedestrian -1 -1 -1 650.18 160.14 684.47 243.49 -1 -1 -1 -1000 -1000 -1000 -10 0.68
28 4 Pedestrian -1 -1 -1 185.89 164.78 246.69 323.21 -1 -1 -1 -1000 -1000 -1000 -10 0.67
28 5 Pedestrian -1 -1 -1 286.12 139.12 352.84 319.79 -1 -1 -1 -1000 -1000 -1000 -10 0.66
28 25 Pedestrian -1 -1 -1 611.78 159.22 630.88 206.03 -1 -1 -1 -1000 -1000 -1000 -10 0.56
28 28 Pedestrian -1 -1 -1 673.05 153.91 707.11 236.97 -1 -1 -1 -1000 -1000 -1000 -10 0.55
28 30 Cyclist -1 -1 -1 611.78 159.22 630.88 206.03 -1 -1 -1 -1000 -1000 -1000 -10 0.43
28 31 Cyclist -1 -1 -1 455.83 153.75 480.48 210.11 -1 -1 -1 -1000 -1000 -1000 -10 0.58
29 7 Pedestrian -1 -1 -1 356.31 149.67 420.24 316.99 -1 -1 -1 -1000 -1000 -1000 -10 0.78
29 28 Pedestrian -1 -1 -1 666.12 161.81 700.05 249.29 -1 -1 -1 -1000 -1000 -1000 -10 0.77
29 14 Pedestrian -1 -1 -1 646.84 156.44 679.75 240.71 -1 -1 -1 -1000 -1000 -1000 -10 0.73
29 18 Pedestrian -1 -1 -1 498.01 162.24 516.29 210.49 -1 -1 -1 -1000 -1000 -1000 -10 0.71
29 24 Pedestrian -1 -1 -1 474.09 159.56 492.83 213.34 -1 -1 -1 -1000 -1000 -1000 -10 0.69
29 16 Pedestrian -1 -1 -1 556.96 164.14 571.69 205.12 -1 -1 -1 -1000 -1000 -1000 -10 0.68
29 3 Pedestrian -1 -1 -1 887.10 181.26 1013.99 361.35 -1 -1 -1 -1000 -1000 -1000 -10 0.66
29 4 Pedestrian -1 -1 -1 144.42 165.18 211.58 339.67 -1 -1 -1 -1000 -1000 -1000 -10 0.66
29 23 Pedestrian -1 -1 -1 583.69 163.78 598.71 207.18 -1 -1 -1 -1000 -1000 -1000 -10 0.64
29 5 Pedestrian -1 -1 -1 247.66 141.46 322.37 339.23 -1 -1 -1 -1000 -1000 -1000 -10 0.64
29 30 Cyclist -1 -1 -1 607.35 157.67 634.39 209.95 -1 -1 -1 -1000 -1000 -1000 -10 0.62
29 31 Cyclist -1 -1 -1 449.90 153.85 471.47 212.11 -1 -1 -1 -1000 -1000 -1000 -10 0.53
29 32 Pedestrian -1 -1 -1 449.90 153.85 471.47 212.11 -1 -1 -1 -1000 -1000 -1000 -10 0.51
30 7 Pedestrian -1 -1 -1 322.98 150.05 392.48 330.58 -1 -1 -1 -1000 -1000 -1000 -10 0.75
30 28 Pedestrian -1 -1 -1 672.29 161.38 715.73 251.96 -1 -1 -1 -1000 -1000 -1000 -10 0.75
30 23 Pedestrian -1 -1 -1 579.88 163.83 595.35 208.15 -1 -1 -1 -1000 -1000 -1000 -10 0.75
30 24 Pedestrian -1 -1 -1 466.32 160.74 485.73 213.94 -1 -1 -1 -1000 -1000 -1000 -10 0.75
30 16 Pedestrian -1 -1 -1 553.21 164.33 568.20 206.91 -1 -1 -1 -1000 -1000 -1000 -10 0.69
30 4 Pedestrian -1 -1 -1 95.80 163.88 168.29 355.99 -1 -1 -1 -1000 -1000 -1000 -10 0.69
30 5 Pedestrian -1 -1 -1 202.05 140.40 283.79 356.03 -1 -1 -1 -1000 -1000 -1000 -10 0.65
30 14 Pedestrian -1 -1 -1 630.38 156.97 666.11 239.09 -1 -1 -1 -1000 -1000 -1000 -10 0.65
30 18 Pedestrian -1 -1 -1 494.01 161.72 512.28 210.96 -1 -1 -1 -1000 -1000 -1000 -10 0.61
30 31 Cyclist -1 -1 -1 441.69 153.70 464.38 211.77 -1 -1 -1 -1000 -1000 -1000 -10 0.57
30 30 Cyclist -1 -1 -1 603.12 161.61 625.52 210.95 -1 -1 -1 -1000 -1000 -1000 -10 0.54
30 3 Pedestrian -1 -1 -1 888.72 187.36 1111.87 361.59 -1 -1 -1 -1000 -1000 -1000 -10 0.51
31 16 Pedestrian -1 -1 -1 549.76 164.82 563.74 208.10 -1 -1 -1 -1000 -1000 -1000 -10 0.79
31 28 Pedestrian -1 -1 -1 683.59 163.24 719.68 255.32 -1 -1 -1 -1000 -1000 -1000 -10 0.77
31 7 Pedestrian -1 -1 -1 294.66 149.50 367.15 346.89 -1 -1 -1 -1000 -1000 -1000 -10 0.75
31 14 Pedestrian -1 -1 -1 603.78 157.44 647.41 246.02 -1 -1 -1 -1000 -1000 -1000 -10 0.75
31 23 Pedestrian -1 -1 -1 579.14 164.61 593.71 209.49 -1 -1 -1 -1000 -1000 -1000 -10 0.72
31 18 Pedestrian -1 -1 -1 490.48 162.16 508.79 213.12 -1 -1 -1 -1000 -1000 -1000 -10 0.69
31 4 Pedestrian -1 -1 -1 38.48 161.47 118.56 366.62 -1 -1 -1 -1000 -1000 -1000 -10 0.69
31 24 Pedestrian -1 -1 -1 459.91 161.68 477.99 214.41 -1 -1 -1 -1000 -1000 -1000 -10 0.69
31 5 Pedestrian -1 -1 -1 149.01 140.95 237.47 370.77 -1 -1 -1 -1000 -1000 -1000 -10 0.61
31 33 Pedestrian -1 -1 -1 433.31 155.72 457.41 215.55 -1 -1 -1 -1000 -1000 -1000 -10 0.55
31 34 Pedestrian -1 -1 -1 601.31 162.42 620.04 212.40 -1 -1 -1 -1000 -1000 -1000 -10 0.52
31 35 Pedestrian -1 -1 -1 474.86 162.66 492.96 212.94 -1 -1 -1 -1000 -1000 -1000 -10 0.44
32 14 Pedestrian -1 -1 -1 595.88 158.74 631.70 251.85 -1 -1 -1 -1000 -1000 -1000 -10 0.76
32 33 Pedestrian -1 -1 -1 431.31 157.88 452.40 216.31 -1 -1 -1 -1000 -1000 -1000 -10 0.76
32 7 Pedestrian -1 -1 -1 260.99 149.69 339.62 361.43 -1 -1 -1 -1000 -1000 -1000 -10 0.76
32 28 Pedestrian -1 -1 -1 698.26 164.56 736.09 261.71 -1 -1 -1 -1000 -1000 -1000 -10 0.74
32 16 Pedestrian -1 -1 -1 548.43 165.45 563.02 210.64 -1 -1 -1 -1000 -1000 -1000 -10 0.68
32 5 Pedestrian -1 -1 -1 88.95 137.16 190.41 367.65 -1 -1 -1 -1000 -1000 -1000 -10 0.67
32 4 Pedestrian -1 -1 -1 0.45 169.63 80.03 364.95 -1 -1 -1 -1000 -1000 -1000 -10 0.67
32 24 Pedestrian -1 -1 -1 456.04 163.37 474.06 216.51 -1 -1 -1 -1000 -1000 -1000 -10 0.65
32 18 Pedestrian -1 -1 -1 486.56 163.91 505.54 215.70 -1 -1 -1 -1000 -1000 -1000 -10 0.65
32 23 Pedestrian -1 -1 -1 578.81 164.89 593.72 210.70 -1 -1 -1 -1000 -1000 -1000 -10 0.59
32 35 Pedestrian -1 -1 -1 471.79 162.34 489.40 213.51 -1 -1 -1 -1000 -1000 -1000 -10 0.58
32 34 Pedestrian -1 -1 -1 596.58 160.84 616.75 214.51 -1 -1 -1 -1000 -1000 -1000 -10 0.41
33 14 Pedestrian -1 -1 -1 571.07 157.71 611.59 253.56 -1 -1 -1 -1000 -1000 -1000 -10 0.77
33 7 Pedestrian -1 -1 -1 215.21 146.60 308.96 363.95 -1 -1 -1 -1000 -1000 -1000 -10 0.75
33 16 Pedestrian -1 -1 -1 548.67 165.34 563.55 209.32 -1 -1 -1 -1000 -1000 -1000 -10 0.73
33 33 Pedestrian -1 -1 -1 431.68 159.59 451.49 215.41 -1 -1 -1 -1000 -1000 -1000 -10 0.73
33 28 Pedestrian -1 -1 -1 714.87 165.68 764.94 269.15 -1 -1 -1 -1000 -1000 -1000 -10 0.73
33 35 Pedestrian -1 -1 -1 471.15 164.26 488.17 215.09 -1 -1 -1 -1000 -1000 -1000 -10 0.62
33 18 Pedestrian -1 -1 -1 486.86 163.49 504.71 215.96 -1 -1 -1 -1000 -1000 -1000 -10 0.62
33 5 Pedestrian -1 -1 -1 21.25 131.68 135.71 364.85 -1 -1 -1 -1000 -1000 -1000 -10 0.62
33 24 Pedestrian -1 -1 -1 452.72 162.00 470.96 217.62 -1 -1 -1 -1000 -1000 -1000 -10 0.55
33 23 Pedestrian -1 -1 -1 578.72 161.93 594.34 211.76 -1 -1 -1 -1000 -1000 -1000 -10 0.49
33 34 Pedestrian -1 -1 -1 599.39 161.22 621.30 218.98 -1 -1 -1 -1000 -1000 -1000 -10 0.42
33 36 Cyclist -1 -1 -1 601.35 161.10 625.77 220.03 -1 -1 -1 -1000 -1000 -1000 -10 0.48
34 14 Pedestrian -1 -1 -1 554.76 158.36 597.19 259.67 -1 -1 -1 -1000 -1000 -1000 -10 0.74
34 7 Pedestrian -1 -1 -1 165.15 141.79 274.91 362.58 -1 -1 -1 -1000 -1000 -1000 -10 0.74
34 16 Pedestrian -1 -1 -1 549.53 163.62 564.10 210.04 -1 -1 -1 -1000 -1000 -1000 -10 0.72
34 18 Pedestrian -1 -1 -1 490.00 164.14 508.38 215.95 -1 -1 -1 -1000 -1000 -1000 -10 0.71
34 28 Pedestrian -1 -1 -1 743.81 161.38 790.05 272.83 -1 -1 -1 -1000 -1000 -1000 -10 0.70
34 33 Pedestrian -1 -1 -1 433.09 159.57 451.09 215.61 -1 -1 -1 -1000 -1000 -1000 -10 0.68
34 24 Pedestrian -1 -1 -1 451.33 161.02 471.33 218.25 -1 -1 -1 -1000 -1000 -1000 -10 0.65
34 36 Cyclist -1 -1 -1 603.39 160.50 630.81 222.12 -1 -1 -1 -1000 -1000 -1000 -10 0.57
34 35 Pedestrian -1 -1 -1 471.97 165.45 489.01 213.51 -1 -1 -1 -1000 -1000 -1000 -10 0.56
34 5 Pedestrian -1 -1 -1 19.07 140.97 145.63 363.35 -1 -1 -1 -1000 -1000 -1000 -10 0.51
34 34 Pedestrian -1 -1 -1 601.36 159.81 627.08 222.30 -1 -1 -1 -1000 -1000 -1000 -10 0.45
34 23 Pedestrian -1 -1 -1 569.69 161.66 588.83 212.57 -1 -1 -1 -1000 -1000 -1000 -10 0.43
34 37 Pedestrian -1 -1 -1 1.84 129.33 86.24 367.04 -1 -1 -1 -1000 -1000 -1000 -10 0.43
35 33 Pedestrian -1 -1 -1 436.02 162.70 454.89 218.66 -1 -1 -1 -1000 -1000 -1000 -10 0.73
35 14 Pedestrian -1 -1 -1 542.82 155.21 585.38 264.79 -1 -1 -1 -1000 -1000 -1000 -10 0.69
35 28 Pedestrian -1 -1 -1 768.50 166.95 818.57 282.59 -1 -1 -1 -1000 -1000 -1000 -10 0.68
35 7 Pedestrian -1 -1 -1 103.44 140.37 237.15 363.70 -1 -1 -1 -1000 -1000 -1000 -10 0.65
35 35 Pedestrian -1 -1 -1 475.08 164.94 492.96 215.71 -1 -1 -1 -1000 -1000 -1000 -10 0.62
35 36 Cyclist -1 -1 -1 606.50 161.89 636.28 226.35 -1 -1 -1 -1000 -1000 -1000 -10 0.60
35 18 Pedestrian -1 -1 -1 493.64 164.26 512.88 219.82 -1 -1 -1 -1000 -1000 -1000 -10 0.60
35 24 Pedestrian -1 -1 -1 453.97 164.08 474.08 219.60 -1 -1 -1 -1000 -1000 -1000 -10 0.59
35 5 Pedestrian -1 -1 -1 -3.15 129.75 98.90 366.70 -1 -1 -1 -1000 -1000 -1000 -10 0.51
35 16 Pedestrian -1 -1 -1 547.91 162.23 564.59 213.10 -1 -1 -1 -1000 -1000 -1000 -10 0.49
36 14 Pedestrian -1 -1 -1 521.72 155.80 575.67 269.75 -1 -1 -1 -1000 -1000 -1000 -10 0.75
36 24 Pedestrian -1 -1 -1 457.40 162.83 479.35 220.19 -1 -1 -1 -1000 -1000 -1000 -10 0.66
36 18 Pedestrian -1 -1 -1 501.18 163.30 520.98 217.31 -1 -1 -1 -1000 -1000 -1000 -10 0.62
36 33 Pedestrian -1 -1 -1 443.92 157.86 462.75 215.53 -1 -1 -1 -1000 -1000 -1000 -10 0.61
36 35 Pedestrian -1 -1 -1 482.42 164.98 500.54 214.40 -1 -1 -1 -1000 -1000 -1000 -10 0.60
36 28 Pedestrian -1 -1 -1 803.02 164.66 852.83 285.37 -1 -1 -1 -1000 -1000 -1000 -10 0.54
36 16 Pedestrian -1 -1 -1 559.58 163.09 576.61 212.98 -1 -1 -1 -1000 -1000 -1000 -10 0.50
36 36 Cyclist -1 -1 -1 614.74 160.38 642.97 221.35 -1 -1 -1 -1000 -1000 -1000 -10 0.48
36 38 Pedestrian -1 -1 -1 593.54 166.82 611.03 212.15 -1 -1 -1 -1000 -1000 -1000 -10 0.50
36 39 Pedestrian -1 -1 -1 614.74 160.38 642.97 221.35 -1 -1 -1 -1000 -1000 -1000 -10 0.47
37 14 Pedestrian -1 -1 -1 507.75 152.12 559.80 275.73 -1 -1 -1 -1000 -1000 -1000 -10 0.74
37 16 Pedestrian -1 -1 -1 571.69 161.77 587.73 212.89 -1 -1 -1 -1000 -1000 -1000 -10 0.71
37 39 Pedestrian -1 -1 -1 625.11 160.34 648.85 220.50 -1 -1 -1 -1000 -1000 -1000 -10 0.70
37 33 Pedestrian -1 -1 -1 451.46 158.21 470.85 216.31 -1 -1 -1 -1000 -1000 -1000 -10 0.66
37 38 Pedestrian -1 -1 -1 604.28 163.59 623.28 215.58 -1 -1 -1 -1000 -1000 -1000 -10 0.54
37 24 Pedestrian -1 -1 -1 464.78 161.02 487.42 220.04 -1 -1 -1 -1000 -1000 -1000 -10 0.53
37 28 Pedestrian -1 -1 -1 842.32 164.69 897.88 300.61 -1 -1 -1 -1000 -1000 -1000 -10 0.49
37 35 Pedestrian -1 -1 -1 490.22 164.31 508.92 214.59 -1 -1 -1 -1000 -1000 -1000 -10 0.41
37 40 Cyclist -1 -1 -1 0.36 129.64 148.88 366.40 -1 -1 -1 -1000 -1000 -1000 -10 0.50
38 14 Pedestrian -1 -1 -1 484.74 153.70 544.36 280.91 -1 -1 -1 -1000 -1000 -1000 -10 0.78
38 16 Pedestrian -1 -1 -1 580.99 163.45 600.27 216.74 -1 -1 -1 -1000 -1000 -1000 -10 0.72
38 38 Pedestrian -1 -1 -1 611.69 162.47 631.80 219.64 -1 -1 -1 -1000 -1000 -1000 -10 0.67
38 39 Pedestrian -1 -1 -1 636.37 163.00 659.44 218.22 -1 -1 -1 -1000 -1000 -1000 -10 0.64
38 33 Pedestrian -1 -1 -1 462.18 162.59 482.30 219.85 -1 -1 -1 -1000 -1000 -1000 -10 0.64
39 14 Pedestrian -1 -1 -1 468.31 152.54 530.24 290.62 -1 -1 -1 -1000 -1000 -1000 -10 0.75
39 39 Pedestrian -1 -1 -1 644.07 161.01 667.46 219.07 -1 -1 -1 -1000 -1000 -1000 -10 0.66
39 16 Pedestrian -1 -1 -1 589.56 160.62 608.55 215.08 -1 -1 -1 -1000 -1000 -1000 -10 0.65
39 38 Pedestrian -1 -1 -1 620.91 163.26 638.75 218.58 -1 -1 -1 -1000 -1000 -1000 -10 0.64
39 33 Pedestrian -1 -1 -1 467.54 161.77 492.81 218.77 -1 -1 -1 -1000 -1000 -1000 -10 0.42
39 41 Pedestrian -1 -1 -1 67.29 154.87 112.58 254.99 -1 -1 -1 -1000 -1000 -1000 -10 0.69
39 42 Pedestrian -1 -1 -1 530.72 161.34 551.15 220.74 -1 -1 -1 -1000 -1000 -1000 -10 0.54
39 43 Pedestrian -1 -1 -1 513.16 163.09 530.72 218.07 -1 -1 -1 -1000 -1000 -1000 -10 0.53
39 44 Cyclist -1 -1 -1 467.54 161.77 492.81 218.77 -1 -1 -1 -1000 -1000 -1000 -10 0.49
40 14 Pedestrian -1 -1 -1 444.78 146.74 507.82 296.16 -1 -1 -1 -1000 -1000 -1000 -10 0.73
40 16 Pedestrian -1 -1 -1 599.73 159.72 619.57 215.08 -1 -1 -1 -1000 -1000 -1000 -10 0.73
40 41 Pedestrian -1 -1 -1 62.70 153.72 109.27 256.78 -1 -1 -1 -1000 -1000 -1000 -10 0.73
40 42 Pedestrian -1 -1 -1 537.37 161.30 559.47 218.70 -1 -1 -1 -1000 -1000 -1000 -10 0.71
40 38 Pedestrian -1 -1 -1 627.07 160.95 647.15 220.04 -1 -1 -1 -1000 -1000 -1000 -10 0.65
40 43 Pedestrian -1 -1 -1 520.05 163.09 538.71 215.66 -1 -1 -1 -1000 -1000 -1000 -10 0.59
40 39 Pedestrian -1 -1 -1 649.94 161.54 677.37 217.51 -1 -1 -1 -1000 -1000 -1000 -10 0.45
40 33 Pedestrian -1 -1 -1 483.45 160.51 507.78 220.50 -1 -1 -1 -1000 -1000 -1000 -10 0.41
40 45 Cyclist -1 -1 -1 650.99 162.28 682.76 213.73 -1 -1 -1 -1000 -1000 -1000 -10 0.48
40 46 Pedestrian -1 -1 -1 474.62 158.01 500.64 222.76 -1 -1 -1 -1000 -1000 -1000 -10 0.40
41 14 Pedestrian -1 -1 -1 408.10 145.71 483.29 305.32 -1 -1 -1 -1000 -1000 -1000 -10 0.74
41 43 Pedestrian -1 -1 -1 524.72 160.13 542.96 215.53 -1 -1 -1 -1000 -1000 -1000 -10 0.71
41 38 Pedestrian -1 -1 -1 633.73 160.87 654.54 220.16 -1 -1 -1 -1000 -1000 -1000 -10 0.66
41 42 Pedestrian -1 -1 -1 544.46 160.60 567.33 219.43 -1 -1 -1 -1000 -1000 -1000 -10 0.66
41 33 Pedestrian -1 -1 -1 485.27 160.23 505.51 219.59 -1 -1 -1 -1000 -1000 -1000 -10 0.64
41 16 Pedestrian -1 -1 -1 602.82 161.87 624.81 213.41 -1 -1 -1 -1000 -1000 -1000 -10 0.55
41 41 Pedestrian -1 -1 -1 57.76 151.38 99.24 259.26 -1 -1 -1 -1000 -1000 -1000 -10 0.54
41 45 Cyclist -1 -1 -1 658.74 160.26 690.65 213.31 -1 -1 -1 -1000 -1000 -1000 -10 0.53
41 39 Pedestrian -1 -1 -1 656.37 159.21 686.43 214.11 -1 -1 -1 -1000 -1000 -1000 -10 0.52
41 47 Cyclist -1 -1 -1 602.82 161.87 624.81 213.41 -1 -1 -1 -1000 -1000 -1000 -10 0.55
42 16 Pedestrian -1 -1 -1 612.05 161.07 630.22 212.21 -1 -1 -1 -1000 -1000 -1000 -10 0.73
42 43 Pedestrian -1 -1 -1 530.91 159.10 550.96 216.27 -1 -1 -1 -1000 -1000 -1000 -10 0.72
42 14 Pedestrian -1 -1 -1 380.75 145.30 449.51 312.84 -1 -1 -1 -1000 -1000 -1000 -10 0.72
42 41 Pedestrian -1 -1 -1 54.89 149.50 102.23 262.25 -1 -1 -1 -1000 -1000 -1000 -10 0.71
42 42 Pedestrian -1 -1 -1 549.96 157.86 571.38 217.96 -1 -1 -1 -1000 -1000 -1000 -10 0.68
42 33 Pedestrian -1 -1 -1 494.24 158.90 518.60 220.44 -1 -1 -1 -1000 -1000 -1000 -10 0.55
42 45 Cyclist -1 -1 -1 664.75 161.55 699.22 213.28 -1 -1 -1 -1000 -1000 -1000 -10 0.52
42 38 Pedestrian -1 -1 -1 636.82 159.85 659.95 218.96 -1 -1 -1 -1000 -1000 -1000 -10 0.52
42 39 Pedestrian -1 -1 -1 661.99 160.92 695.27 213.75 -1 -1 -1 -1000 -1000 -1000 -10 0.48
43 14 Pedestrian -1 -1 -1 331.89 145.30 414.16 328.23 -1 -1 -1 -1000 -1000 -1000 -10 0.73
43 42 Pedestrian -1 -1 -1 553.21 159.41 575.41 220.80 -1 -1 -1 -1000 -1000 -1000 -10 0.72
43 41 Pedestrian -1 -1 -1 43.99 151.41 97.75 269.35 -1 -1 -1 -1000 -1000 -1000 -10 0.71
43 43 Pedestrian -1 -1 -1 534.79 159.86 554.82 215.65 -1 -1 -1 -1000 -1000 -1000 -10 0.64
43 33 Pedestrian -1 -1 -1 494.30 154.37 518.73 222.04 -1 -1 -1 -1000 -1000 -1000 -10 0.63
43 38 Pedestrian -1 -1 -1 640.87 159.16 664.53 222.34 -1 -1 -1 -1000 -1000 -1000 -10 0.56
43 45 Cyclist -1 -1 -1 668.41 161.42 704.02 213.80 -1 -1 -1 -1000 -1000 -1000 -10 0.53
43 16 Pedestrian -1 -1 -1 614.55 159.99 635.44 213.72 -1 -1 -1 -1000 -1000 -1000 -10 0.51
43 48 Cyclist -1 -1 -1 614.55 159.99 635.44 213.72 -1 -1 -1 -1000 -1000 -1000 -10 0.53
44 42 Pedestrian -1 -1 -1 556.94 159.82 579.30 221.21 -1 -1 -1 -1000 -1000 -1000 -10 0.79
44 33 Pedestrian -1 -1 -1 497.51 159.22 523.01 222.94 -1 -1 -1 -1000 -1000 -1000 -10 0.72
44 38 Pedestrian -1 -1 -1 643.98 160.17 667.77 227.18 -1 -1 -1 -1000 -1000 -1000 -10 0.68
44 16 Pedestrian -1 -1 -1 619.41 161.05 637.45 215.08 -1 -1 -1 -1000 -1000 -1000 -10 0.66
44 14 Pedestrian -1 -1 -1 283.16 143.52 371.01 345.66 -1 -1 -1 -1000 -1000 -1000 -10 0.63
44 43 Pedestrian -1 -1 -1 537.89 161.95 558.36 217.32 -1 -1 -1 -1000 -1000 -1000 -10 0.63
44 41 Pedestrian -1 -1 -1 42.41 152.47 91.44 273.68 -1 -1 -1 -1000 -1000 -1000 -10 0.55
44 45 Cyclist -1 -1 -1 680.53 164.02 714.97 216.77 -1 -1 -1 -1000 -1000 -1000 -10 0.40
44 49 Pedestrian -1 -1 -1 79.30 153.29 130.89 265.22 -1 -1 -1 -1000 -1000 -1000 -10 0.45
45 42 Pedestrian -1 -1 -1 563.57 160.36 587.34 222.64 -1 -1 -1 -1000 -1000 -1000 -10 0.72
45 33 Pedestrian -1 -1 -1 500.75 158.80 527.84 223.92 -1 -1 -1 -1000 -1000 -1000 -10 0.71
45 16 Pedestrian -1 -1 -1 624.47 162.90 642.13 217.43 -1 -1 -1 -1000 -1000 -1000 -10 0.71
45 38 Pedestrian -1 -1 -1 647.60 161.15 672.06 228.13 -1 -1 -1 -1000 -1000 -1000 -10 0.71
45 43 Pedestrian -1 -1 -1 542.94 161.78 563.07 218.83 -1 -1 -1 -1000 -1000 -1000 -10 0.70
45 14 Pedestrian -1 -1 -1 220.41 131.89 319.01 350.27 -1 -1 -1 -1000 -1000 -1000 -10 0.67
45 41 Pedestrian -1 -1 -1 39.42 151.57 94.34 276.83 -1 -1 -1 -1000 -1000 -1000 -10 0.59
45 49 Pedestrian -1 -1 -1 69.78 148.51 117.39 271.46 -1 -1 -1 -1000 -1000 -1000 -10 0.42
45 50 Pedestrian -1 -1 -1 685.43 161.04 710.37 220.46 -1 -1 -1 -1000 -1000 -1000 -10 0.63
46 42 Pedestrian -1 -1 -1 567.70 162.81 591.70 224.53 -1 -1 -1 -1000 -1000 -1000 -10 0.77
46 33 Pedestrian -1 -1 -1 506.34 160.01 530.68 227.36 -1 -1 -1 -1000 -1000 -1000 -10 0.72
46 43 Pedestrian -1 -1 -1 549.68 161.93 570.26 220.34 -1 -1 -1 -1000 -1000 -1000 -10 0.72
46 14 Pedestrian -1 -1 -1 146.81 134.71 270.24 360.91 -1 -1 -1 -1000 -1000 -1000 -10 0.71
46 16 Pedestrian -1 -1 -1 630.32 161.72 649.97 219.52 -1 -1 -1 -1000 -1000 -1000 -10 0.64
46 38 Pedestrian -1 -1 -1 652.47 162.86 676.07 224.33 -1 -1 -1 -1000 -1000 -1000 -10 0.58
46 41 Pedestrian -1 -1 -1 33.02 150.05 85.40 278.34 -1 -1 -1 -1000 -1000 -1000 -10 0.54
46 49 Pedestrian -1 -1 -1 61.69 150.93 110.44 276.02 -1 -1 -1 -1000 -1000 -1000 -10 0.52
46 50 Pedestrian -1 -1 -1 689.15 162.48 713.11 218.76 -1 -1 -1 -1000 -1000 -1000 -10 0.48
47 43 Pedestrian -1 -1 -1 554.46 161.99 574.53 220.29 -1 -1 -1 -1000 -1000 -1000 -10 0.73
47 33 Pedestrian -1 -1 -1 508.86 157.87 535.26 225.91 -1 -1 -1 -1000 -1000 -1000 -10 0.70
47 42 Pedestrian -1 -1 -1 574.67 160.40 598.57 223.79 -1 -1 -1 -1000 -1000 -1000 -10 0.66
47 14 Pedestrian -1 -1 -1 67.03 124.04 189.31 365.04 -1 -1 -1 -1000 -1000 -1000 -10 0.66
47 16 Pedestrian -1 -1 -1 634.34 160.80 654.56 221.05 -1 -1 -1 -1000 -1000 -1000 -10 0.60
47 38 Pedestrian -1 -1 -1 658.79 161.96 682.97 220.08 -1 -1 -1 -1000 -1000 -1000 -10 0.54
47 41 Pedestrian -1 -1 -1 25.14 146.03 78.30 281.51 -1 -1 -1 -1000 -1000 -1000 -10 0.54
47 50 Pedestrian -1 -1 -1 692.79 161.17 718.23 219.06 -1 -1 -1 -1000 -1000 -1000 -10 0.44
48 42 Pedestrian -1 -1 -1 581.66 156.91 607.33 224.53 -1 -1 -1 -1000 -1000 -1000 -10 0.74
48 33 Pedestrian -1 -1 -1 515.56 153.31 544.00 227.51 -1 -1 -1 -1000 -1000 -1000 -10 0.72
48 43 Pedestrian -1 -1 -1 561.51 159.41 582.68 219.74 -1 -1 -1 -1000 -1000 -1000 -10 0.66
48 14 Pedestrian -1 -1 -1 1.67 122.29 109.38 366.54 -1 -1 -1 -1000 -1000 -1000 -10 0.62
48 16 Pedestrian -1 -1 -1 638.31 156.94 658.23 218.95 -1 -1 -1 -1000 -1000 -1000 -10 0.59
48 38 Pedestrian -1 -1 -1 662.48 158.39 687.22 217.59 -1 -1 -1 -1000 -1000 -1000 -10 0.51
48 50 Pedestrian -1 -1 -1 698.03 158.11 719.86 217.40 -1 -1 -1 -1000 -1000 -1000 -10 0.49
49 42 Pedestrian -1 -1 -1 585.86 158.78 611.30 224.86 -1 -1 -1 -1000 -1000 -1000 -10 0.78
49 33 Pedestrian -1 -1 -1 518.91 153.52 547.50 227.33 -1 -1 -1 -1000 -1000 -1000 -10 0.71
49 43 Pedestrian -1 -1 -1 565.03 159.62 587.22 220.58 -1 -1 -1 -1000 -1000 -1000 -10 0.70
49 38 Pedestrian -1 -1 -1 667.10 161.27 689.85 219.71 -1 -1 -1 -1000 -1000 -1000 -10 0.69
49 16 Pedestrian -1 -1 -1 641.17 158.88 662.56 220.74 -1 -1 -1 -1000 -1000 -1000 -10 0.64
49 50 Pedestrian -1 -1 -1 701.65 158.93 724.35 217.22 -1 -1 -1 -1000 -1000 -1000 -10 0.53
49 14 Pedestrian -1 -1 -1 16.50 149.05 86.69 300.93 -1 -1 -1 -1000 -1000 -1000 -10 0.52
50 16 Pedestrian -1 -1 -1 644.62 158.18 666.72 222.98 -1 -1 -1 -1000 -1000 -1000 -10 0.75
50 42 Pedestrian -1 -1 -1 593.47 158.76 618.53 224.56 -1 -1 -1 -1000 -1000 -1000 -10 0.75
50 33 Pedestrian -1 -1 -1 523.44 156.73 551.34 225.42 -1 -1 -1 -1000 -1000 -1000 -10 0.75
50 43 Pedestrian -1 -1 -1 571.85 159.63 594.15 220.65 -1 -1 -1 -1000 -1000 -1000 -10 0.74
50 38 Pedestrian -1 -1 -1 670.13 159.22 694.81 222.15 -1 -1 -1 -1000 -1000 -1000 -10 0.65
50 14 Pedestrian -1 -1 -1 10.98 145.59 77.09 304.08 -1 -1 -1 -1000 -1000 -1000 -10 0.65
50 50 Pedestrian -1 -1 -1 706.19 159.48 729.02 219.28 -1 -1 -1 -1000 -1000 -1000 -10 0.48
51 33 Pedestrian -1 -1 -1 531.19 154.77 558.70 226.26 -1 -1 -1 -1000 -1000 -1000 -10 0.75
51 43 Pedestrian -1 -1 -1 580.34 159.66 601.58 220.55 -1 -1 -1 -1000 -1000 -1000 -10 0.75
51 42 Pedestrian -1 -1 -1 598.01 158.49 622.80 224.85 -1 -1 -1 -1000 -1000 -1000 -10 0.73
51 16 Pedestrian -1 -1 -1 649.28 158.12 670.73 222.13 -1 -1 -1 -1000 -1000 -1000 -10 0.70
51 38 Pedestrian -1 -1 -1 674.69 159.34 698.20 221.87 -1 -1 -1 -1000 -1000 -1000 -10 0.67
51 14 Pedestrian -1 -1 -1 4.57 140.77 68.35 309.37 -1 -1 -1 -1000 -1000 -1000 -10 0.63
51 50 Pedestrian -1 -1 -1 712.95 159.47 735.72 220.39 -1 -1 -1 -1000 -1000 -1000 -10 0.57
51 51 Pedestrian -1 -1 -1 54.52 145.09 117.57 288.98 -1 -1 -1 -1000 -1000 -1000 -10 0.52
52 42 Pedestrian -1 -1 -1 605.84 161.56 629.99 227.06 -1 -1 -1 -1000 -1000 -1000 -10 0.76
52 33 Pedestrian -1 -1 -1 539.57 157.88 565.77 229.26 -1 -1 -1 -1000 -1000 -1000 -10 0.74
52 16 Pedestrian -1 -1 -1 655.66 157.81 678.72 225.04 -1 -1 -1 -1000 -1000 -1000 -10 0.71
52 43 Pedestrian -1 -1 -1 588.27 161.93 608.63 222.25 -1 -1 -1 -1000 -1000 -1000 -10 0.64
52 50 Pedestrian -1 -1 -1 717.86 159.61 740.39 221.21 -1 -1 -1 -1000 -1000 -1000 -10 0.62
52 14 Pedestrian -1 -1 -1 4.79 147.08 67.81 310.77 -1 -1 -1 -1000 -1000 -1000 -10 0.62
52 51 Pedestrian -1 -1 -1 55.24 145.44 124.62 296.47 -1 -1 -1 -1000 -1000 -1000 -10 0.58
52 38 Pedestrian -1 -1 -1 681.72 160.77 706.36 222.60 -1 -1 -1 -1000 -1000 -1000 -10 0.53
53 33 Pedestrian -1 -1 -1 545.46 157.59 574.85 232.83 -1 -1 -1 -1000 -1000 -1000 -10 0.74
53 43 Pedestrian -1 -1 -1 595.84 163.03 616.41 225.97 -1 -1 -1 -1000 -1000 -1000 -10 0.73
53 42 Pedestrian -1 -1 -1 612.20 160.50 638.96 230.52 -1 -1 -1 -1000 -1000 -1000 -10 0.70
53 38 Pedestrian -1 -1 -1 688.97 162.33 714.36 225.13 -1 -1 -1 -1000 -1000 -1000 -10 0.60
53 50 Pedestrian -1 -1 -1 723.77 160.65 748.17 222.59 -1 -1 -1 -1000 -1000 -1000 -10 0.59
53 51 Pedestrian -1 -1 -1 45.83 152.81 111.32 305.39 -1 -1 -1 -1000 -1000 -1000 -10 0.58
53 16 Pedestrian -1 -1 -1 660.42 160.97 683.53 226.10 -1 -1 -1 -1000 -1000 -1000 -10 0.57
53 14 Pedestrian -1 -1 -1 2.49 142.71 55.12 323.22 -1 -1 -1 -1000 -1000 -1000 -10 0.48
54 42 Pedestrian -1 -1 -1 619.26 158.99 646.77 230.79 -1 -1 -1 -1000 -1000 -1000 -10 0.73
54 43 Pedestrian -1 -1 -1 602.67 161.10 625.12 226.59 -1 -1 -1 -1000 -1000 -1000 -10 0.68
54 33 Pedestrian -1 -1 -1 556.21 157.34 586.89 233.29 -1 -1 -1 -1000 -1000 -1000 -10 0.65
54 38 Pedestrian -1 -1 -1 694.17 161.85 717.15 226.21 -1 -1 -1 -1000 -1000 -1000 -10 0.63
54 51 Pedestrian -1 -1 -1 39.74 153.56 109.69 305.49 -1 -1 -1 -1000 -1000 -1000 -10 0.56
54 16 Pedestrian -1 -1 -1 666.44 158.75 690.04 227.84 -1 -1 -1 -1000 -1000 -1000 -10 0.55
54 50 Pedestrian -1 -1 -1 727.75 161.10 753.17 222.62 -1 -1 -1 -1000 -1000 -1000 -10 0.54
54 14 Pedestrian -1 -1 -1 1.15 148.92 48.41 332.01 -1 -1 -1 -1000 -1000 -1000 -10 0.53
55 51 Pedestrian -1 -1 -1 37.64 148.38 118.95 316.98 -1 -1 -1 -1000 -1000 -1000 -10 0.71
55 16 Pedestrian -1 -1 -1 671.45 160.55 694.04 227.99 -1 -1 -1 -1000 -1000 -1000 -10 0.70
55 42 Pedestrian -1 -1 -1 627.06 160.42 653.60 231.45 -1 -1 -1 -1000 -1000 -1000 -10 0.68
55 43 Pedestrian -1 -1 -1 606.96 163.54 629.33 227.60 -1 -1 -1 -1000 -1000 -1000 -10 0.66
55 50 Pedestrian -1 -1 -1 735.96 162.08 760.65 225.27 -1 -1 -1 -1000 -1000 -1000 -10 0.62
55 38 Pedestrian -1 -1 -1 694.69 162.35 723.34 227.20 -1 -1 -1 -1000 -1000 -1000 -10 0.62
55 33 Pedestrian -1 -1 -1 557.23 155.53 586.46 233.24 -1 -1 -1 -1000 -1000 -1000 -10 0.61
55 14 Pedestrian -1 -1 -1 0.44 145.77 56.67 335.65 -1 -1 -1 -1000 -1000 -1000 -10 0.55
56 33 Pedestrian -1 -1 -1 560.46 160.12 590.24 235.65 -1 -1 -1 -1000 -1000 -1000 -10 0.73
56 38 Pedestrian -1 -1 -1 699.37 163.58 726.94 232.37 -1 -1 -1 -1000 -1000 -1000 -10 0.72
56 42 Pedestrian -1 -1 -1 632.46 164.31 657.59 233.77 -1 -1 -1 -1000 -1000 -1000 -10 0.68
56 51 Pedestrian -1 -1 -1 31.71 150.33 102.20 330.40 -1 -1 -1 -1000 -1000 -1000 -10 0.68
56 16 Pedestrian -1 -1 -1 674.17 164.59 697.55 230.74 -1 -1 -1 -1000 -1000 -1000 -10 0.62
56 43 Pedestrian -1 -1 -1 613.45 166.19 636.12 229.95 -1 -1 -1 -1000 -1000 -1000 -10 0.61
56 50 Pedestrian -1 -1 -1 741.43 164.01 768.84 227.10 -1 -1 -1 -1000 -1000 -1000 -10 0.59
56 14 Pedestrian -1 -1 -1 0.33 140.60 41.57 355.64 -1 -1 -1 -1000 -1000 -1000 -10 0.40
57 38 Pedestrian -1 -1 -1 704.47 158.89 730.29 230.03 -1 -1 -1 -1000 -1000 -1000 -10 0.73
57 33 Pedestrian -1 -1 -1 565.04 154.92 594.35 233.41 -1 -1 -1 -1000 -1000 -1000 -10 0.71
57 16 Pedestrian -1 -1 -1 675.06 158.69 699.08 230.13 -1 -1 -1 -1000 -1000 -1000 -10 0.68
57 43 Pedestrian -1 -1 -1 621.15 161.40 644.14 229.30 -1 -1 -1 -1000 -1000 -1000 -10 0.68
57 51 Pedestrian -1 -1 -1 15.38 147.64 87.88 340.42 -1 -1 -1 -1000 -1000 -1000 -10 0.65
57 42 Pedestrian -1 -1 -1 640.69 161.18 670.17 233.19 -1 -1 -1 -1000 -1000 -1000 -10 0.60
57 50 Pedestrian -1 -1 -1 747.55 160.15 779.29 227.41 -1 -1 -1 -1000 -1000 -1000 -10 0.51
58 33 Pedestrian -1 -1 -1 571.28 153.88 602.05 234.38 -1 -1 -1 -1000 -1000 -1000 -10 0.74
58 42 Pedestrian -1 -1 -1 648.23 157.64 677.94 233.23 -1 -1 -1 -1000 -1000 -1000 -10 0.72
58 43 Pedestrian -1 -1 -1 625.30 160.93 648.89 228.10 -1 -1 -1 -1000 -1000 -1000 -10 0.71
58 51 Pedestrian -1 -1 -1 3.85 140.52 83.99 355.43 -1 -1 -1 -1000 -1000 -1000 -10 0.64
58 16 Pedestrian -1 -1 -1 677.71 157.83 701.52 225.61 -1 -1 -1 -1000 -1000 -1000 -10 0.64
58 38 Pedestrian -1 -1 -1 708.99 157.52 739.98 229.29 -1 -1 -1 -1000 -1000 -1000 -10 0.51
58 50 Pedestrian -1 -1 -1 754.51 157.71 785.74 225.17 -1 -1 -1 -1000 -1000 -1000 -10 0.45
59 33 Pedestrian -1 -1 -1 575.75 158.09 606.25 239.79 -1 -1 -1 -1000 -1000 -1000 -10 0.77
59 38 Pedestrian -1 -1 -1 717.84 160.34 746.77 236.06 -1 -1 -1 -1000 -1000 -1000 -10 0.73
59 42 Pedestrian -1 -1 -1 658.30 162.08 684.22 236.27 -1 -1 -1 -1000 -1000 -1000 -10 0.71
59 16 Pedestrian -1 -1 -1 681.14 162.86 706.19 235.02 -1 -1 -1 -1000 -1000 -1000 -10 0.65
59 51 Pedestrian -1 -1 -1 1.44 141.02 55.97 363.22 -1 -1 -1 -1000 -1000 -1000 -10 0.62
59 43 Pedestrian -1 -1 -1 632.44 164.30 657.21 232.94 -1 -1 -1 -1000 -1000 -1000 -10 0.60
59 50 Pedestrian -1 -1 -1 761.66 161.21 788.44 228.76 -1 -1 -1 -1000 -1000 -1000 -10 0.60
59 52 Pedestrian -1 -1 -1 589.26 161.56 623.17 242.98 -1 -1 -1 -1000 -1000 -1000 -10 0.55
60 52 Pedestrian -1 -1 -1 596.53 159.14 631.45 245.40 -1 -1 -1 -1000 -1000 -1000 -10 0.72
60 38 Pedestrian -1 -1 -1 722.77 160.19 750.89 236.20 -1 -1 -1 -1000 -1000 -1000 -10 0.71
60 33 Pedestrian -1 -1 -1 583.16 156.37 613.37 239.34 -1 -1 -1 -1000 -1000 -1000 -10 0.67
60 16 Pedestrian -1 -1 -1 684.83 160.62 711.34 238.41 -1 -1 -1 -1000 -1000 -1000 -10 0.67
60 43 Pedestrian -1 -1 -1 638.66 164.28 664.93 235.03 -1 -1 -1 -1000 -1000 -1000 -10 0.60
60 42 Pedestrian -1 -1 -1 664.38 161.59 692.44 237.19 -1 -1 -1 -1000 -1000 -1000 -10 0.58
60 53 Cyclist -1 -1 -1 767.07 161.76 803.74 229.45 -1 -1 -1 -1000 -1000 -1000 -10 0.45
61 33 Pedestrian -1 -1 -1 585.75 155.41 619.43 243.06 -1 -1 -1 -1000 -1000 -1000 -10 0.74
61 43 Pedestrian -1 -1 -1 646.15 165.76 673.42 238.66 -1 -1 -1 -1000 -1000 -1000 -10 0.70
61 38 Pedestrian -1 -1 -1 728.85 159.52 759.76 239.43 -1 -1 -1 -1000 -1000 -1000 -10 0.67
61 52 Pedestrian -1 -1 -1 605.17 159.63 638.13 246.10 -1 -1 -1 -1000 -1000 -1000 -10 0.64
61 16 Pedestrian -1 -1 -1 687.28 161.08 716.87 243.15 -1 -1 -1 -1000 -1000 -1000 -10 0.63
61 42 Pedestrian -1 -1 -1 671.67 162.89 702.28 241.25 -1 -1 -1 -1000 -1000 -1000 -10 0.55
61 54 Pedestrian -1 -1 -1 777.33 161.07 809.39 234.13 -1 -1 -1 -1000 -1000 -1000 -10 0.66
62 33 Pedestrian -1 -1 -1 592.70 158.83 627.02 247.58 -1 -1 -1 -1000 -1000 -1000 -10 0.72
62 16 Pedestrian -1 -1 -1 697.17 162.88 728.59 249.66 -1 -1 -1 -1000 -1000 -1000 -10 0.67
62 38 Pedestrian -1 -1 -1 738.90 163.20 771.20 243.23 -1 -1 -1 -1000 -1000 -1000 -10 0.67
62 52 Pedestrian -1 -1 -1 615.80 162.55 650.28 251.30 -1 -1 -1 -1000 -1000 -1000 -10 0.65
62 43 Pedestrian -1 -1 -1 653.49 166.53 682.26 243.30 -1 -1 -1 -1000 -1000 -1000 -10 0.58
62 54 Pedestrian -1 -1 -1 783.40 162.23 819.35 236.38 -1 -1 -1 -1000 -1000 -1000 -10 0.55
63 33 Pedestrian -1 -1 -1 600.51 156.27 635.52 249.91 -1 -1 -1 -1000 -1000 -1000 -10 0.72
63 16 Pedestrian -1 -1 -1 704.10 161.94 737.05 250.07 -1 -1 -1 -1000 -1000 -1000 -10 0.69
63 43 Pedestrian -1 -1 -1 664.45 166.34 693.52 245.31 -1 -1 -1 -1000 -1000 -1000 -10 0.69
63 52 Pedestrian -1 -1 -1 626.10 160.73 662.38 253.26 -1 -1 -1 -1000 -1000 -1000 -10 0.65
63 38 Pedestrian -1 -1 -1 745.99 162.19 780.37 247.59 -1 -1 -1 -1000 -1000 -1000 -10 0.64
63 55 Cyclist -1 -1 -1 788.36 160.64 830.72 235.67 -1 -1 -1 -1000 -1000 -1000 -10 0.63
64 33 Pedestrian -1 -1 -1 612.19 162.75 646.93 255.33 -1 -1 -1 -1000 -1000 -1000 -10 0.75
64 16 Pedestrian -1 -1 -1 713.90 164.18 750.84 257.15 -1 -1 -1 -1000 -1000 -1000 -10 0.70
64 52 Pedestrian -1 -1 -1 640.06 164.48 679.93 261.28 -1 -1 -1 -1000 -1000 -1000 -10 0.69
64 38 Pedestrian -1 -1 -1 760.15 164.55 795.79 253.74 -1 -1 -1 -1000 -1000 -1000 -10 0.68
64 55 Cyclist -1 -1 -1 808.05 162.78 854.97 248.20 -1 -1 -1 -1000 -1000 -1000 -10 0.62
64 43 Pedestrian -1 -1 -1 674.02 167.51 707.38 253.02 -1 -1 -1 -1000 -1000 -1000 -10 0.62
65 33 Pedestrian -1 -1 -1 622.01 156.35 659.97 257.18 -1 -1 -1 -1000 -1000 -1000 -10 0.77
65 38 Pedestrian -1 -1 -1 773.53 157.86 813.34 254.16 -1 -1 -1 -1000 -1000 -1000 -10 0.72
65 52 Pedestrian -1 -1 -1 654.55 159.71 696.29 262.10 -1 -1 -1 -1000 -1000 -1000 -10 0.67
65 16 Pedestrian -1 -1 -1 729.61 158.82 766.20 254.03 -1 -1 -1 -1000 -1000 -1000 -10 0.66
65 43 Pedestrian -1 -1 -1 688.30 161.70 722.95 252.17 -1 -1 -1 -1000 -1000 -1000 -10 0.53
65 56 Pedestrian -1 -1 -1 827.76 157.52 866.57 247.32 -1 -1 -1 -1000 -1000 -1000 -10 0.65
66 33 Pedestrian -1 -1 -1 636.35 154.05 676.00 258.64 -1 -1 -1 -1000 -1000 -1000 -10 0.76
66 38 Pedestrian -1 -1 -1 788.06 155.57 829.75 262.51 -1 -1 -1 -1000 -1000 -1000 -10 0.73
66 56 Pedestrian -1 -1 -1 846.73 156.18 886.28 249.77 -1 -1 -1 -1000 -1000 -1000 -10 0.72
66 52 Pedestrian -1 -1 -1 677.51 157.59 718.24 268.05 -1 -1 -1 -1000 -1000 -1000 -10 0.66
66 43 Pedestrian -1 -1 -1 706.92 161.47 742.36 257.89 -1 -1 -1 -1000 -1000 -1000 -10 0.60
66 16 Pedestrian -1 -1 -1 748.08 158.53 786.17 259.02 -1 -1 -1 -1000 -1000 -1000 -10 0.60
67 33 Pedestrian -1 -1 -1 648.65 152.64 694.46 265.87 -1 -1 -1 -1000 -1000 -1000 -10 0.78
67 56 Pedestrian -1 -1 -1 871.41 156.57 914.61 256.50 -1 -1 -1 -1000 -1000 -1000 -10 0.71
67 52 Pedestrian -1 -1 -1 703.71 157.62 746.35 276.10 -1 -1 -1 -1000 -1000 -1000 -10 0.69
67 38 Pedestrian -1 -1 -1 807.66 157.78 848.72 264.50 -1 -1 -1 -1000 -1000 -1000 -10 0.66
67 16 Pedestrian -1 -1 -1 769.76 160.74 809.21 260.71 -1 -1 -1 -1000 -1000 -1000 -10 0.65
67 43 Pedestrian -1 -1 -1 725.72 162.98 762.55 262.42 -1 -1 -1 -1000 -1000 -1000 -10 0.51
68 33 Pedestrian -1 -1 -1 661.73 154.00 711.03 272.52 -1 -1 -1 -1000 -1000 -1000 -10 0.80
68 16 Pedestrian -1 -1 -1 790.77 157.97 834.83 268.80 -1 -1 -1 -1000 -1000 -1000 -10 0.75
68 56 Pedestrian -1 -1 -1 899.80 154.03 947.68 265.43 -1 -1 -1 -1000 -1000 -1000 -10 0.73
68 52 Pedestrian -1 -1 -1 728.09 159.43 775.52 283.50 -1 -1 -1 -1000 -1000 -1000 -10 0.73
68 38 Pedestrian -1 -1 -1 831.69 155.10 878.40 273.79 -1 -1 -1 -1000 -1000 -1000 -10 0.71
68 43 Pedestrian -1 -1 -1 747.38 160.46 786.43 267.47 -1 -1 -1 -1000 -1000 -1000 -10 0.51
69 33 Pedestrian -1 -1 -1 683.57 149.46 735.53 279.44 -1 -1 -1 -1000 -1000 -1000 -10 0.75
69 38 Pedestrian -1 -1 -1 863.24 151.21 915.45 282.32 -1 -1 -1 -1000 -1000 -1000 -10 0.72
69 16 Pedestrian -1 -1 -1 816.70 155.92 862.33 278.43 -1 -1 -1 -1000 -1000 -1000 -10 0.68
69 56 Pedestrian -1 -1 -1 928.14 149.39 987.78 271.91 -1 -1 -1 -1000 -1000 -1000 -10 0.64
69 43 Pedestrian -1 -1 -1 771.81 156.88 815.18 279.42 -1 -1 -1 -1000 -1000 -1000 -10 0.59
70 33 Pedestrian -1 -1 -1 708.39 151.26 763.81 290.35 -1 -1 -1 -1000 -1000 -1000 -10 0.79
70 38 Pedestrian -1 -1 -1 898.42 148.22 956.64 296.00 -1 -1 -1 -1000 -1000 -1000 -10 0.74
70 16 Pedestrian -1 -1 -1 846.72 155.03 893.31 287.02 -1 -1 -1 -1000 -1000 -1000 -10 0.73
70 56 Pedestrian -1 -1 -1 970.32 153.44 1029.99 288.75 -1 -1 -1 -1000 -1000 -1000 -10 0.73
70 43 Pedestrian -1 -1 -1 794.22 154.20 846.39 297.56 -1 -1 -1 -1000 -1000 -1000 -10 0.69
71 33 Pedestrian -1 -1 -1 731.55 150.53 794.02 306.66 -1 -1 -1 -1000 -1000 -1000 -10 0.76
71 56 Pedestrian -1 -1 -1 1010.67 153.92 1081.16 303.77 -1 -1 -1 -1000 -1000 -1000 -10 0.74
71 38 Pedestrian -1 -1 -1 943.48 156.92 1003.57 315.18 -1 -1 -1 -1000 -1000 -1000 -10 0.72
71 43 Pedestrian -1 -1 -1 823.29 158.11 879.09 315.18 -1 -1 -1 -1000 -1000 -1000 -10 0.69
71 16 Pedestrian -1 -1 -1 874.80 159.16 926.59 299.59 -1 -1 -1 -1000 -1000 -1000 -10 0.67
72 56 Pedestrian -1 -1 -1 1055.61 143.82 1128.54 307.98 -1 -1 -1 -1000 -1000 -1000 -10 0.76
72 33 Pedestrian -1 -1 -1 757.85 146.19 822.47 312.07 -1 -1 -1 -1000 -1000 -1000 -10 0.69
72 43 Pedestrian -1 -1 -1 866.24 151.90 927.55 328.09 -1 -1 -1 -1000 -1000 -1000 -10 0.65
72 38 Pedestrian -1 -1 -1 998.43 146.72 1063.21 325.59 -1 -1 -1 -1000 -1000 -1000 -10 0.61
72 16 Pedestrian -1 -1 -1 914.59 155.18 971.23 310.87 -1 -1 -1 -1000 -1000 -1000 -10 0.61
73 43 Pedestrian -1 -1 -1 913.36 149.96 987.87 353.59 -1 -1 -1 -1000 -1000 -1000 -10 0.74
73 33 Pedestrian -1 -1 -1 783.93 143.94 865.09 328.36 -1 -1 -1 -1000 -1000 -1000 -10 0.66
73 56 Pedestrian -1 -1 -1 1104.06 147.17 1202.84 332.75 -1 -1 -1 -1000 -1000 -1000 -10 0.63
73 38 Pedestrian -1 -1 -1 1065.39 141.71 1141.85 346.19 -1 -1 -1 -1000 -1000 -1000 -10 0.53
74 33 Pedestrian -1 -1 -1 825.66 146.62 906.87 356.89 -1 -1 -1 -1000 -1000 -1000 -10 0.76
74 43 Pedestrian -1 -1 -1 991.61 150.75 1085.56 368.46 -1 -1 -1 -1000 -1000 -1000 -10 0.74
74 38 Pedestrian -1 -1 -1 1138.09 141.85 1222.10 362.24 -1 -1 -1 -1000 -1000 -1000 -10 0.50
74 57 Pedestrian -1 -1 -1 945.25 154.66 1017.03 341.82 -1 -1 -1 -1000 -1000 -1000 -10 0.49
75 33 Pedestrian -1 -1 -1 871.26 136.02 968.79 368.00 -1 -1 -1 -1000 -1000 -1000 -10 0.72
75 57 Pedestrian -1 -1 -1 999.06 151.13 1077.95 361.25 -1 -1 -1 -1000 -1000 -1000 -10 0.68
75 43 Pedestrian -1 -1 -1 1075.82 140.53 1207.87 371.19 -1 -1 -1 -1000 -1000 -1000 -10 0.62
75 58 Car -1 -1 -1 631.16 177.46 673.74 194.17 -1 -1 -1 -1000 -1000 -1000 -10 0.59
76 58 Car -1 -1 -1 624.26 176.65 670.97 194.23 -1 -1 -1 -1000 -1000 -1000 -10 0.57
76 33 Pedestrian -1 -1 -1 930.28 126.83 1055.07 369.80 -1 -1 -1 -1000 -1000 -1000 -10 0.57
76 57 Pedestrian -1 -1 -1 1038.71 144.30 1183.61 366.86 -1 -1 -1 -1000 -1000 -1000 -10 0.54
76 59 Cyclist -1 -1 -1 830.65 159.01 887.15 239.39 -1 -1 -1 -1000 -1000 -1000 -10 0.60
77 58 Car -1 -1 -1 617.17 177.46 655.14 194.92 -1 -1 -1 -1000 -1000 -1000 -10 0.63
77 57 Pedestrian -1 -1 -1 1125.82 151.75 1218.95 359.16 -1 -1 -1 -1000 -1000 -1000 -10 0.62
77 59 Cyclist -1 -1 -1 832.55 160.40 892.92 244.97 -1 -1 -1 -1000 -1000 -1000 -10 0.60
77 33 Pedestrian -1 -1 -1 1021.73 127.42 1139.49 368.48 -1 -1 -1 -1000 -1000 -1000 -10 0.55
78 59 Cyclist -1 -1 -1 835.42 158.28 897.08 252.71 -1 -1 -1 -1000 -1000 -1000 -10 0.75
78 58 Car -1 -1 -1 598.29 175.13 643.90 193.73 -1 -1 -1 -1000 -1000 -1000 -10 0.64
78 60 Cyclist -1 -1 -1 803.33 170.13 860.62 250.68 -1 -1 -1 -1000 -1000 -1000 -10 0.58
79 59 Cyclist -1 -1 -1 836.59 156.06 903.29 256.38 -1 -1 -1 -1000 -1000 -1000 -10 0.81
79 58 Car -1 -1 -1 582.28 176.54 624.61 195.62 -1 -1 -1 -1000 -1000 -1000 -10 0.60
79 60 Cyclist -1 -1 -1 806.69 168.02 864.11 260.54 -1 -1 -1 -1000 -1000 -1000 -10 0.48
79 61 Cyclist -1 -1 -1 1148.51 174.22 1218.77 252.86 -1 -1 -1 -1000 -1000 -1000 -10 0.54
80 59 Cyclist -1 -1 -1 844.64 155.68 918.15 265.05 -1 -1 -1 -1000 -1000 -1000 -10 0.85
80 61 Cyclist -1 -1 -1 1160.82 173.03 1222.06 254.32 -1 -1 -1 -1000 -1000 -1000 -10 0.68
80 58 Car -1 -1 -1 564.01 174.70 612.10 194.36 -1 -1 -1 -1000 -1000 -1000 -10 0.61
80 60 Cyclist -1 -1 -1 807.60 166.65 863.45 267.25 -1 -1 -1 -1000 -1000 -1000 -10 0.41
81 59 Cyclist -1 -1 -1 852.07 149.60 934.48 276.58 -1 -1 -1 -1000 -1000 -1000 -10 0.86
81 58 Car -1 -1 -1 546.19 173.26 599.21 193.18 -1 -1 -1 -1000 -1000 -1000 -10 0.76
81 61 Cyclist -1 -1 -1 1185.39 169.46 1219.45 250.28 -1 -1 -1 -1000 -1000 -1000 -10 0.58
81 62 Pedestrian -1 -1 -1 1158.27 168.50 1179.49 228.03 -1 -1 -1 -1000 -1000 -1000 -10 0.50
82 59 Cyclist -1 -1 -1 863.71 144.62 960.56 289.85 -1 -1 -1 -1000 -1000 -1000 -10 0.88
82 58 Car -1 -1 -1 533.06 172.93 589.23 193.96 -1 -1 -1 -1000 -1000 -1000 -10 0.82
82 62 Pedestrian -1 -1 -1 1172.53 170.93 1195.50 227.35 -1 -1 -1 -1000 -1000 -1000 -10 0.52
82 63 Pedestrian -1 -1 -1 813.55 155.32 872.75 280.34 -1 -1 -1 -1000 -1000 -1000 -10 0.46
83 59 Cyclist -1 -1 -1 902.06 144.17 999.08 307.46 -1 -1 -1 -1000 -1000 -1000 -10 0.91
83 58 Car -1 -1 -1 520.96 176.37 577.70 196.87 -1 -1 -1 -1000 -1000 -1000 -10 0.81
83 62 Pedestrian -1 -1 -1 1202.52 174.68 1218.71 228.16 -1 -1 -1 -1000 -1000 -1000 -10 0.51
83 64 Cyclist -1 -1 -1 832.65 158.87 907.08 299.23 -1 -1 -1 -1000 -1000 -1000 -10 0.66
83 65 Pedestrian -1 -1 -1 477.64 170.47 496.84 217.64 -1 -1 -1 -1000 -1000 -1000 -10 0.47
83 66 Car -1 -1 -1 590.54 181.16 629.31 198.02 -1 -1 -1 -1000 -1000 -1000 -10 0.46
84 59 Cyclist -1 -1 -1 956.44 141.93 1066.50 340.05 -1 -1 -1 -1000 -1000 -1000 -10 0.76
84 58 Car -1 -1 -1 516.99 178.30 575.25 201.03 -1 -1 -1 -1000 -1000 -1000 -10 0.73
84 65 Pedestrian -1 -1 -1 466.99 172.95 485.67 225.99 -1 -1 -1 -1000 -1000 -1000 -10 0.71
84 64 Cyclist -1 -1 -1 866.18 157.13 957.50 324.71 -1 -1 -1 -1000 -1000 -1000 -10 0.58
