0 1 Car -1 -1 -1 556.23 191.26 682.94 303.80 -1 -1 -1 -1000 -1000 -1000 -10 0.97
0 2 Car -1 -1 -1 996.99 126.54 1222.50 232.19 -1 -1 -1 -1000 -1000 -1000 -10 0.82
0 3 Pedestrian -1 -1 -1 506.52 166.68 531.36 238.55 -1 -1 -1 -1000 -1000 -1000 -10 0.75
0 4 Pedestrian -1 -1 -1 484.90 175.55 514.44 259.75 -1 -1 -1 -1000 -1000 -1000 -10 0.71
0 5 Pedestrian -1 -1 -1 382.50 171.87 448.82 333.39 -1 -1 -1 -1000 -1000 -1000 -10 0.68
0 6 Pedestrian -1 -1 -1 185.58 159.46 278.32 367.39 -1 -1 -1 -1000 -1000 -1000 -10 0.64
0 7 Pedestrian -1 -1 -1 462.45 168.73 491.45 252.48 -1 -1 -1 -1000 -1000 -1000 -10 0.61
0 8 Pedestrian -1 -1 -1 153.79 185.90 179.74 256.92 -1 -1 -1 -1000 -1000 -1000 -10 0.47
0 9 Pedestrian -1 -1 -1 422.17 170.13 462.40 281.63 -1 -1 -1 -1000 -1000 -1000 -10 0.44
0 10 Pedestrian -1 -1 -1 936.53 152.55 967.54 230.67 -1 -1 -1 -1000 -1000 -1000 -10 0.43
1 1 Car -1 -1 -1 557.14 191.20 681.21 304.36 -1 -1 -1 -1000 -1000 -1000 -10 0.98
1 2 Car -1 -1 -1 1017.53 119.57 1223.36 239.71 -1 -1 -1 -1000 -1000 -1000 -10 0.91
1 3 Pedestrian -1 -1 -1 502.06 168.32 528.72 244.59 -1 -1 -1 -1000 -1000 -1000 -10 0.80
1 5 Pedestrian -1 -1 -1 342.24 170.06 420.37 357.77 -1 -1 -1 -1000 -1000 -1000 -10 0.77
1 7 Pedestrian -1 -1 -1 452.53 167.80 486.09 261.68 -1 -1 -1 -1000 -1000 -1000 -10 0.71
1 9 Pedestrian -1 -1 -1 397.05 173.19 449.34 300.21 -1 -1 -1 -1000 -1000 -1000 -10 0.67
1 4 Pedestrian -1 -1 -1 476.41 177.66 507.43 266.51 -1 -1 -1 -1000 -1000 -1000 -10 0.67
1 10 Pedestrian -1 -1 -1 960.80 150.49 997.21 237.54 -1 -1 -1 -1000 -1000 -1000 -10 0.65
1 11 Cyclist -1 -1 -1 252.94 184.12 280.68 222.48 -1 -1 -1 -1000 -1000 -1000 -10 0.56
1 12 Car -1 -1 -1 791.71 174.51 851.73 197.79 -1 -1 -1 -1000 -1000 -1000 -10 0.49
1 13 Pedestrian -1 -1 -1 486.60 169.77 513.73 249.15 -1 -1 -1 -1000 -1000 -1000 -10 0.42
2 1 Car -1 -1 -1 556.85 189.61 679.15 301.27 -1 -1 -1 -1000 -1000 -1000 -10 0.97
2 2 Car -1 -1 -1 1041.85 122.18 1221.66 244.14 -1 -1 -1 -1000 -1000 -1000 -10 0.90
2 12 Car -1 -1 -1 800.33 174.07 857.44 198.68 -1 -1 -1 -1000 -1000 -1000 -10 0.77
2 3 Pedestrian -1 -1 -1 498.98 167.85 524.11 237.40 -1 -1 -1 -1000 -1000 -1000 -10 0.72
2 9 Pedestrian -1 -1 -1 365.73 169.38 427.67 312.95 -1 -1 -1 -1000 -1000 -1000 -10 0.70
2 7 Pedestrian -1 -1 -1 440.72 166.05 475.21 268.04 -1 -1 -1 -1000 -1000 -1000 -10 0.70
2 13 Pedestrian -1 -1 -1 482.41 169.01 509.82 249.96 -1 -1 -1 -1000 -1000 -1000 -10 0.70
2 11 Cyclist -1 -1 -1 241.72 181.80 268.82 222.74 -1 -1 -1 -1000 -1000 -1000 -10 0.67
2 10 Pedestrian -1 -1 -1 993.43 150.66 1033.15 243.96 -1 -1 -1 -1000 -1000 -1000 -10 0.64
2 4 Pedestrian -1 -1 -1 464.98 176.77 497.57 272.24 -1 -1 -1 -1000 -1000 -1000 -10 0.64
2 5 Pedestrian -1 -1 -1 292.44 167.22 393.42 360.61 -1 -1 -1 -1000 -1000 -1000 -10 0.63
2 14 Car -1 -1 -1 395.57 184.01 434.44 207.35 -1 -1 -1 -1000 -1000 -1000 -10 0.55
2 15 Pedestrian -1 -1 -1 131.95 180.88 163.30 259.47 -1 -1 -1 -1000 -1000 -1000 -10 0.52
2 16 Cyclist -1 -1 -1 5.82 177.75 189.32 364.93 -1 -1 -1 -1000 -1000 -1000 -10 0.45
3 1 Car -1 -1 -1 556.84 187.25 679.02 295.70 -1 -1 -1 -1000 -1000 -1000 -10 0.96
3 2 Car -1 -1 -1 1067.85 119.52 1220.50 239.41 -1 -1 -1 -1000 -1000 -1000 -10 0.89
3 12 Car -1 -1 -1 807.46 170.52 865.92 195.90 -1 -1 -1 -1000 -1000 -1000 -10 0.80
3 15 Pedestrian -1 -1 -1 103.67 180.63 137.91 262.57 -1 -1 -1 -1000 -1000 -1000 -10 0.71
3 3 Pedestrian -1 -1 -1 495.28 163.53 520.54 234.84 -1 -1 -1 -1000 -1000 -1000 -10 0.70
3 4 Pedestrian -1 -1 -1 450.64 172.00 487.95 279.06 -1 -1 -1 -1000 -1000 -1000 -10 0.69
3 14 Car -1 -1 -1 377.33 181.45 425.14 207.49 -1 -1 -1 -1000 -1000 -1000 -10 0.68
3 9 Pedestrian -1 -1 -1 337.02 165.82 402.53 330.90 -1 -1 -1 -1000 -1000 -1000 -10 0.68
3 13 Pedestrian -1 -1 -1 476.45 164.64 507.63 254.08 -1 -1 -1 -1000 -1000 -1000 -10 0.67
3 7 Pedestrian -1 -1 -1 426.64 160.87 466.21 274.84 -1 -1 -1 -1000 -1000 -1000 -10 0.65
3 11 Cyclist -1 -1 -1 229.22 181.47 255.79 220.66 -1 -1 -1 -1000 -1000 -1000 -10 0.59
3 5 Pedestrian -1 -1 -1 212.07 170.78 358.89 364.11 -1 -1 -1 -1000 -1000 -1000 -10 0.55
3 17 Pedestrian -1 -1 -1 51.49 189.39 82.56 270.29 -1 -1 -1 -1000 -1000 -1000 -10 0.53
3 18 Car -1 -1 -1 970.58 166.48 1086.90 222.32 -1 -1 -1 -1000 -1000 -1000 -10 0.41
4 1 Car -1 -1 -1 558.32 182.77 677.03 291.01 -1 -1 -1 -1000 -1000 -1000 -10 0.96
4 12 Car -1 -1 -1 819.01 165.78 870.95 192.41 -1 -1 -1 -1000 -1000 -1000 -10 0.81
4 13 Pedestrian -1 -1 -1 472.04 158.94 505.24 254.21 -1 -1 -1 -1000 -1000 -1000 -10 0.71
4 4 Pedestrian -1 -1 -1 433.08 172.69 475.63 285.07 -1 -1 -1 -1000 -1000 -1000 -10 0.69
4 15 Pedestrian -1 -1 -1 70.40 176.97 109.88 267.67 -1 -1 -1 -1000 -1000 -1000 -10 0.64
4 9 Pedestrian -1 -1 -1 297.78 160.69 372.79 350.82 -1 -1 -1 -1000 -1000 -1000 -10 0.64
4 3 Pedestrian -1 -1 -1 490.85 159.63 517.13 236.74 -1 -1 -1 -1000 -1000 -1000 -10 0.60
4 7 Pedestrian -1 -1 -1 412.14 160.20 457.34 281.39 -1 -1 -1 -1000 -1000 -1000 -10 0.60
4 17 Pedestrian -1 -1 -1 11.81 186.20 45.92 280.74 -1 -1 -1 -1000 -1000 -1000 -10 0.58
4 14 Car -1 -1 -1 364.09 176.10 420.64 205.84 -1 -1 -1 -1000 -1000 -1000 -10 0.53
4 5 Pedestrian -1 -1 -1 228.83 158.50 319.21 361.40 -1 -1 -1 -1000 -1000 -1000 -10 0.46
4 19 Pedestrian -1 -1 -1 122.20 161.69 303.06 365.71 -1 -1 -1 -1000 -1000 -1000 -10 0.45
5 1 Car -1 -1 -1 561.83 181.55 675.75 286.52 -1 -1 -1 -1000 -1000 -1000 -10 0.96
5 13 Pedestrian -1 -1 -1 466.09 159.89 503.16 259.52 -1 -1 -1 -1000 -1000 -1000 -10 0.77
5 12 Car -1 -1 -1 821.80 164.65 884.62 192.12 -1 -1 -1 -1000 -1000 -1000 -10 0.70
5 4 Pedestrian -1 -1 -1 412.26 171.47 464.88 295.53 -1 -1 -1 -1000 -1000 -1000 -10 0.69
5 5 Pedestrian -1 -1 -1 147.09 158.77 278.25 368.11 -1 -1 -1 -1000 -1000 -1000 -10 0.67
5 9 Pedestrian -1 -1 -1 237.34 162.75 333.75 364.08 -1 -1 -1 -1000 -1000 -1000 -10 0.65
5 14 Car -1 -1 -1 343.47 178.67 396.95 208.47 -1 -1 -1 -1000 -1000 -1000 -10 0.63
5 3 Pedestrian -1 -1 -1 486.50 159.89 514.50 236.26 -1 -1 -1 -1000 -1000 -1000 -10 0.60
6 1 Car -1 -1 -1 563.80 180.56 679.09 285.44 -1 -1 -1 -1000 -1000 -1000 -10 0.96
6 14 Car -1 -1 -1 326.81 179.29 388.55 208.65 -1 -1 -1 -1000 -1000 -1000 -10 0.83
6 13 Pedestrian -1 -1 -1 456.23 157.06 497.83 264.17 -1 -1 -1 -1000 -1000 -1000 -10 0.80
6 4 Pedestrian -1 -1 -1 385.09 168.43 446.26 313.24 -1 -1 -1 -1000 -1000 -1000 -10 0.74
6 12 Car -1 -1 -1 833.12 164.54 886.93 192.34 -1 -1 -1 -1000 -1000 -1000 -10 0.70
6 3 Pedestrian -1 -1 -1 481.38 159.79 511.52 236.55 -1 -1 -1 -1000 -1000 -1000 -10 0.66
6 5 Pedestrian -1 -1 -1 18.43 152.84 207.72 366.46 -1 -1 -1 -1000 -1000 -1000 -10 0.58
6 9 Pedestrian -1 -1 -1 161.21 153.67 287.01 365.99 -1 -1 -1 -1000 -1000 -1000 -10 0.52
6 20 Car -1 -1 -1 424.42 175.64 462.40 196.25 -1 -1 -1 -1000 -1000 -1000 -10 0.58
7 1 Car -1 -1 -1 565.90 178.44 677.14 282.00 -1 -1 -1 -1000 -1000 -1000 -10 0.94
7 20 Car -1 -1 -1 412.40 176.26 457.18 198.36 -1 -1 -1 -1000 -1000 -1000 -10 0.80
7 13 Pedestrian -1 -1 -1 442.98 156.25 488.45 272.41 -1 -1 -1 -1000 -1000 -1000 -10 0.79
7 14 Car -1 -1 -1 307.87 179.90 379.72 211.90 -1 -1 -1 -1000 -1000 -1000 -10 0.70
7 4 Pedestrian -1 -1 -1 350.50 167.68 419.49 329.30 -1 -1 -1 -1000 -1000 -1000 -10 0.64
7 3 Pedestrian -1 -1 -1 477.24 159.46 507.44 239.18 -1 -1 -1 -1000 -1000 -1000 -10 0.64
7 21 Cyclist -1 -1 -1 161.45 172.80 202.07 223.08 -1 -1 -1 -1000 -1000 -1000 -10 0.63
7 22 Car -1 -1 -1 0.27 184.15 64.52 219.81 -1 -1 -1 -1000 -1000 -1000 -10 0.53
7 23 Cyclist -1 -1 -1 6.95 156.46 234.57 370.57 -1 -1 -1 -1000 -1000 -1000 -10 0.43
7 24 Car -1 -1 -1 557.66 172.45 595.69 198.96 -1 -1 -1 -1000 -1000 -1000 -10 0.41
8 1 Car -1 -1 -1 566.16 178.52 673.78 280.68 -1 -1 -1 -1000 -1000 -1000 -10 0.95
8 13 Pedestrian -1 -1 -1 429.92 155.11 477.97 280.36 -1 -1 -1 -1000 -1000 -1000 -10 0.74
8 24 Car -1 -1 -1 560.17 170.68 592.03 196.80 -1 -1 -1 -1000 -1000 -1000 -10 0.74
8 20 Car -1 -1 -1 398.69 175.56 449.43 199.76 -1 -1 -1 -1000 -1000 -1000 -10 0.73
8 3 Pedestrian -1 -1 -1 468.97 157.92 501.31 245.81 -1 -1 -1 -1000 -1000 -1000 -10 0.71
8 4 Pedestrian -1 -1 -1 300.39 159.95 385.66 360.10 -1 -1 -1 -1000 -1000 -1000 -10 0.69
8 14 Car -1 -1 -1 285.50 178.82 361.73 217.62 -1 -1 -1 -1000 -1000 -1000 -10 0.63
8 21 Cyclist -1 -1 -1 142.38 174.06 184.52 222.58 -1 -1 -1 -1000 -1000 -1000 -10 0.55
8 25 Pedestrian -1 -1 -1 511.47 162.35 534.79 226.21 -1 -1 -1 -1000 -1000 -1000 -10 0.46
9 1 Car -1 -1 -1 566.36 179.33 672.08 278.10 -1 -1 -1 -1000 -1000 -1000 -10 0.97
9 20 Car -1 -1 -1 384.08 176.32 440.04 204.42 -1 -1 -1 -1000 -1000 -1000 -10 0.74
9 24 Car -1 -1 -1 553.96 171.22 592.20 196.44 -1 -1 -1 -1000 -1000 -1000 -10 0.73
9 13 Pedestrian -1 -1 -1 408.20 155.83 461.88 295.49 -1 -1 -1 -1000 -1000 -1000 -10 0.71
9 3 Pedestrian -1 -1 -1 463.66 156.94 497.61 249.50 -1 -1 -1 -1000 -1000 -1000 -10 0.68
9 21 Cyclist -1 -1 -1 129.95 174.58 165.78 227.74 -1 -1 -1 -1000 -1000 -1000 -10 0.54
9 25 Pedestrian -1 -1 -1 511.58 162.83 532.72 226.84 -1 -1 -1 -1000 -1000 -1000 -10 0.48
9 4 Pedestrian -1 -1 -1 229.02 149.67 349.49 362.27 -1 -1 -1 -1000 -1000 -1000 -10 0.41
9 26 Pedestrian -1 -1 -1 423.02 156.75 469.38 278.99 -1 -1 -1 -1000 -1000 -1000 -10 0.47
9 27 Car -1 -1 -1 847.52 162.81 918.80 189.00 -1 -1 -1 -1000 -1000 -1000 -10 0.45
10 1 Car -1 -1 -1 568.47 177.48 669.64 273.60 -1 -1 -1 -1000 -1000 -1000 -10 0.98
10 27 Car -1 -1 -1 850.64 160.85 931.53 189.56 -1 -1 -1 -1000 -1000 -1000 -10 0.79
10 3 Pedestrian -1 -1 -1 451.75 157.05 487.43 256.43 -1 -1 -1 -1000 -1000 -1000 -10 0.75
10 24 Car -1 -1 -1 552.32 169.98 585.62 196.39 -1 -1 -1 -1000 -1000 -1000 -10 0.72
10 20 Car -1 -1 -1 364.66 175.59 421.49 206.87 -1 -1 -1 -1000 -1000 -1000 -10 0.68
10 13 Pedestrian -1 -1 -1 384.21 162.04 439.40 311.45 -1 -1 -1 -1000 -1000 -1000 -10 0.68
10 26 Pedestrian -1 -1 -1 420.31 162.94 464.22 279.27 -1 -1 -1 -1000 -1000 -1000 -10 0.67
10 25 Pedestrian -1 -1 -1 503.04 164.01 527.40 233.46 -1 -1 -1 -1000 -1000 -1000 -10 0.62
10 28 Car -1 -1 -1 217.00 187.02 308.04 231.18 -1 -1 -1 -1000 -1000 -1000 -10 0.79
10 29 Cyclist -1 -1 -1 88.64 143.12 298.41 368.86 -1 -1 -1 -1000 -1000 -1000 -10 0.58
11 1 Car -1 -1 -1 569.61 174.37 669.90 269.37 -1 -1 -1 -1000 -1000 -1000 -10 0.96
11 28 Car -1 -1 -1 171.63 185.04 278.18 233.85 -1 -1 -1 -1000 -1000 -1000 -10 0.89
11 3 Pedestrian -1 -1 -1 438.77 153.31 477.21 259.03 -1 -1 -1 -1000 -1000 -1000 -10 0.74
11 26 Pedestrian -1 -1 -1 405.24 161.48 456.30 287.79 -1 -1 -1 -1000 -1000 -1000 -10 0.73
11 13 Pedestrian -1 -1 -1 353.41 157.62 416.82 331.26 -1 -1 -1 -1000 -1000 -1000 -10 0.68
11 27 Car -1 -1 -1 858.59 159.02 945.26 188.94 -1 -1 -1 -1000 -1000 -1000 -10 0.67
11 29 Cyclist -1 -1 -1 1.25 141.01 209.46 363.28 -1 -1 -1 -1000 -1000 -1000 -10 0.64
11 24 Car -1 -1 -1 552.36 167.80 578.82 191.64 -1 -1 -1 -1000 -1000 -1000 -10 0.59
11 25 Pedestrian -1 -1 -1 498.45 158.40 523.97 232.07 -1 -1 -1 -1000 -1000 -1000 -10 0.56
12 1 Car -1 -1 -1 572.04 173.60 666.81 263.60 -1 -1 -1 -1000 -1000 -1000 -10 0.96
12 28 Car -1 -1 -1 116.49 188.13 246.08 241.59 -1 -1 -1 -1000 -1000 -1000 -10 0.84
12 3 Pedestrian -1 -1 -1 424.46 152.26 468.41 266.80 -1 -1 -1 -1000 -1000 -1000 -10 0.82
12 26 Pedestrian -1 -1 -1 377.79 158.13 438.33 300.92 -1 -1 -1 -1000 -1000 -1000 -10 0.74
12 27 Car -1 -1 -1 860.33 155.95 952.57 188.01 -1 -1 -1 -1000 -1000 -1000 -10 0.68
12 25 Pedestrian -1 -1 -1 492.80 154.13 521.52 241.57 -1 -1 -1 -1000 -1000 -1000 -10 0.62
12 13 Pedestrian -1 -1 -1 303.43 149.96 382.45 347.11 -1 -1 -1 -1000 -1000 -1000 -10 0.61
12 24 Car -1 -1 -1 551.96 166.07 578.02 191.20 -1 -1 -1 -1000 -1000 -1000 -10 0.45
12 30 Car -1 -1 -1 324.38 172.65 390.45 210.31 -1 -1 -1 -1000 -1000 -1000 -10 0.62
12 31 Pedestrian -1 -1 -1 517.36 159.11 543.29 232.09 -1 -1 -1 -1000 -1000 -1000 -10 0.51
13 1 Car -1 -1 -1 574.09 175.84 664.16 261.13 -1 -1 -1 -1000 -1000 -1000 -10 0.97
13 28 Car -1 -1 -1 41.36 194.72 193.19 256.12 -1 -1 -1 -1000 -1000 -1000 -10 0.90
13 30 Car -1 -1 -1 300.16 176.91 371.37 214.10 -1 -1 -1 -1000 -1000 -1000 -10 0.81
13 24 Car -1 -1 -1 545.47 167.40 575.96 191.29 -1 -1 -1 -1000 -1000 -1000 -10 0.78
13 3 Pedestrian -1 -1 -1 409.88 154.69 459.43 278.66 -1 -1 -1 -1000 -1000 -1000 -10 0.77
13 26 Pedestrian -1 -1 -1 348.01 159.13 414.47 321.82 -1 -1 -1 -1000 -1000 -1000 -10 0.71
13 25 Pedestrian -1 -1 -1 487.13 158.63 519.59 246.80 -1 -1 -1 -1000 -1000 -1000 -10 0.65
13 13 Pedestrian -1 -1 -1 242.80 149.75 343.48 362.52 -1 -1 -1 -1000 -1000 -1000 -10 0.65
13 31 Pedestrian -1 -1 -1 508.97 164.47 538.69 238.28 -1 -1 -1 -1000 -1000 -1000 -10 0.48
13 32 Pedestrian -1 -1 -1 755.17 154.50 796.15 263.66 -1 -1 -1 -1000 -1000 -1000 -10 0.51
13 33 Car -1 -1 -1 954.25 154.85 1041.51 194.96 -1 -1 -1 -1000 -1000 -1000 -10 0.51
13 34 Car -1 -1 -1 457.10 169.81 519.50 205.54 -1 -1 -1 -1000 -1000 -1000 -10 0.49
13 35 Car -1 -1 -1 613.08 161.86 662.28 186.42 -1 -1 -1 -1000 -1000 -1000 -10 0.48
14 1 Car -1 -1 -1 574.03 177.03 662.14 258.85 -1 -1 -1 -1000 -1000 -1000 -10 0.97
14 28 Car -1 -1 -1 -1.67 195.40 135.46 271.68 -1 -1 -1 -1000 -1000 -1000 -10 0.93
14 3 Pedestrian -1 -1 -1 386.82 152.31 444.77 291.49 -1 -1 -1 -1000 -1000 -1000 -10 0.76
14 31 Pedestrian -1 -1 -1 505.00 163.97 532.73 242.36 -1 -1 -1 -1000 -1000 -1000 -10 0.75
14 32 Pedestrian -1 -1 -1 766.14 155.95 808.82 272.34 -1 -1 -1 -1000 -1000 -1000 -10 0.74
14 25 Pedestrian -1 -1 -1 479.59 159.90 512.26 253.18 -1 -1 -1 -1000 -1000 -1000 -10 0.70
14 24 Car -1 -1 -1 543.70 168.84 571.28 191.84 -1 -1 -1 -1000 -1000 -1000 -10 0.69
14 35 Car -1 -1 -1 612.91 161.55 663.64 188.87 -1 -1 -1 -1000 -1000 -1000 -10 0.68
14 26 Pedestrian -1 -1 -1 309.69 158.37 383.92 346.05 -1 -1 -1 -1000 -1000 -1000 -10 0.67
14 34 Car -1 -1 -1 453.94 169.70 515.43 210.35 -1 -1 -1 -1000 -1000 -1000 -10 0.65
14 30 Car -1 -1 -1 265.60 174.33 350.67 220.46 -1 -1 -1 -1000 -1000 -1000 -10 0.58
14 13 Pedestrian -1 -1 -1 134.51 150.44 298.50 368.84 -1 -1 -1 -1000 -1000 -1000 -10 0.49
15 1 Car -1 -1 -1 573.96 177.27 657.54 255.49 -1 -1 -1 -1000 -1000 -1000 -10 0.92
15 30 Car -1 -1 -1 225.83 181.75 313.81 223.29 -1 -1 -1 -1000 -1000 -1000 -10 0.76
15 31 Pedestrian -1 -1 -1 496.83 164.21 525.80 246.68 -1 -1 -1 -1000 -1000 -1000 -10 0.75
15 24 Car -1 -1 -1 540.54 169.02 567.07 190.54 -1 -1 -1 -1000 -1000 -1000 -10 0.71
15 32 Pedestrian -1 -1 -1 784.92 150.12 835.06 285.22 -1 -1 -1 -1000 -1000 -1000 -10 0.70
15 3 Pedestrian -1 -1 -1 361.11 150.63 424.37 307.26 -1 -1 -1 -1000 -1000 -1000 -10 0.69
15 25 Pedestrian -1 -1 -1 468.07 159.63 501.63 259.73 -1 -1 -1 -1000 -1000 -1000 -10 0.67
15 26 Pedestrian -1 -1 -1 257.61 155.66 344.11 364.67 -1 -1 -1 -1000 -1000 -1000 -10 0.64
15 35 Car -1 -1 -1 610.94 160.99 663.94 188.07 -1 -1 -1 -1000 -1000 -1000 -10 0.56
15 34 Car -1 -1 -1 445.06 169.71 508.70 210.34 -1 -1 -1 -1000 -1000 -1000 -10 0.55
15 36 Car -1 -1 -1 406.24 175.37 449.68 199.15 -1 -1 -1 -1000 -1000 -1000 -10 0.67
15 37 Cyclist -1 -1 -1 -3.83 134.91 214.39 369.46 -1 -1 -1 -1000 -1000 -1000 -10 0.50
15 38 Pedestrian -1 -1 -1 905.21 165.17 983.88 354.81 -1 -1 -1 -1000 -1000 -1000 -10 0.41
16 1 Car -1 -1 -1 572.76 175.00 655.18 252.44 -1 -1 -1 -1000 -1000 -1000 -10 0.95
16 36 Car -1 -1 -1 390.95 178.35 441.09 203.36 -1 -1 -1 -1000 -1000 -1000 -10 0.83
16 31 Pedestrian -1 -1 -1 488.36 162.43 519.47 251.52 -1 -1 -1 -1000 -1000 -1000 -10 0.75
16 32 Pedestrian -1 -1 -1 805.18 150.69 861.26 299.09 -1 -1 -1 -1000 -1000 -1000 -10 0.72
16 25 Pedestrian -1 -1 -1 459.11 156.68 494.99 262.52 -1 -1 -1 -1000 -1000 -1000 -10 0.72
16 24 Car -1 -1 -1 539.88 169.07 567.04 191.09 -1 -1 -1 -1000 -1000 -1000 -10 0.71
16 30 Car -1 -1 -1 181.57 183.31 282.18 230.24 -1 -1 -1 -1000 -1000 -1000 -10 0.67
16 3 Pedestrian -1 -1 -1 330.55 152.84 401.21 321.16 -1 -1 -1 -1000 -1000 -1000 -10 0.64
16 26 Pedestrian -1 -1 -1 194.22 159.92 300.09 366.98 -1 -1 -1 -1000 -1000 -1000 -10 0.58
16 35 Car -1 -1 -1 610.38 161.87 665.83 188.88 -1 -1 -1 -1000 -1000 -1000 -10 0.56
16 34 Car -1 -1 -1 440.22 170.57 498.44 211.72 -1 -1 -1 -1000 -1000 -1000 -10 0.51
16 38 Pedestrian -1 -1 -1 949.25 170.89 1092.89 364.06 -1 -1 -1 -1000 -1000 -1000 -10 0.46
16 39 Car -1 -1 -1 566.17 172.39 617.84 216.28 -1 -1 -1 -1000 -1000 -1000 -10 0.54
16 40 Pedestrian -1 -1 -1 895.31 145.06 970.48 343.91 -1 -1 -1 -1000 -1000 -1000 -10 0.40
17 1 Car -1 -1 -1 570.17 177.74 651.19 251.10 -1 -1 -1 -1000 -1000 -1000 -10 0.96
17 39 Car -1 -1 -1 559.40 173.89 610.27 217.34 -1 -1 -1 -1000 -1000 -1000 -10 0.82
17 31 Pedestrian -1 -1 -1 478.77 166.88 513.07 260.54 -1 -1 -1 -1000 -1000 -1000 -10 0.80
17 36 Car -1 -1 -1 373.36 182.12 429.24 208.54 -1 -1 -1 -1000 -1000 -1000 -10 0.79
17 25 Pedestrian -1 -1 -1 443.64 154.78 487.21 272.69 -1 -1 -1 -1000 -1000 -1000 -10 0.77
17 30 Car -1 -1 -1 130.01 190.59 250.12 244.94 -1 -1 -1 -1000 -1000 -1000 -10 0.73
17 32 Pedestrian -1 -1 -1 829.23 155.88 890.94 317.21 -1 -1 -1 -1000 -1000 -1000 -10 0.69
17 24 Car -1 -1 -1 536.84 171.46 563.30 193.84 -1 -1 -1 -1000 -1000 -1000 -10 0.67
17 3 Pedestrian -1 -1 -1 296.96 152.99 373.52 336.51 -1 -1 -1 -1000 -1000 -1000 -10 0.65
17 40 Pedestrian -1 -1 -1 941.66 149.18 1023.92 363.39 -1 -1 -1 -1000 -1000 -1000 -10 0.60
17 26 Pedestrian -1 -1 -1 79.48 150.58 238.59 369.16 -1 -1 -1 -1000 -1000 -1000 -10 0.59
17 35 Car -1 -1 -1 608.48 164.99 659.89 192.14 -1 -1 -1 -1000 -1000 -1000 -10 0.53
17 34 Car -1 -1 -1 431.05 171.15 491.63 218.37 -1 -1 -1 -1000 -1000 -1000 -10 0.48
18 1 Car -1 -1 -1 569.15 179.06 645.03 248.84 -1 -1 -1 -1000 -1000 -1000 -10 0.96
18 30 Car -1 -1 -1 40.70 190.16 208.93 260.82 -1 -1 -1 -1000 -1000 -1000 -10 0.87
18 36 Car -1 -1 -1 355.26 183.94 415.55 211.02 -1 -1 -1 -1000 -1000 -1000 -10 0.83
18 39 Car -1 -1 -1 554.29 176.73 606.77 217.41 -1 -1 -1 -1000 -1000 -1000 -10 0.80
18 25 Pedestrian -1 -1 -1 433.06 160.16 474.59 273.34 -1 -1 -1 -1000 -1000 -1000 -10 0.74
18 31 Pedestrian -1 -1 -1 466.05 167.16 503.04 269.72 -1 -1 -1 -1000 -1000 -1000 -10 0.72
18 3 Pedestrian -1 -1 -1 244.09 150.16 334.55 361.42 -1 -1 -1 -1000 -1000 -1000 -10 0.67
18 24 Car -1 -1 -1 535.67 174.40 557.42 193.47 -1 -1 -1 -1000 -1000 -1000 -10 0.66
18 32 Pedestrian -1 -1 -1 864.72 161.48 932.14 342.90 -1 -1 -1 -1000 -1000 -1000 -10 0.64
18 34 Car -1 -1 -1 422.28 173.82 485.33 216.52 -1 -1 -1 -1000 -1000 -1000 -10 0.48
18 40 Pedestrian -1 -1 -1 994.25 143.85 1086.29 368.64 -1 -1 -1 -1000 -1000 -1000 -10 0.42
19 1 Car -1 -1 -1 566.58 177.68 639.94 243.34 -1 -1 -1 -1000 -1000 -1000 -10 0.96
19 30 Car -1 -1 -1 0.96 196.68 149.04 277.60 -1 -1 -1 -1000 -1000 -1000 -10 0.87
19 39 Car -1 -1 -1 549.33 174.44 597.90 214.04 -1 -1 -1 -1000 -1000 -1000 -10 0.86
19 36 Car -1 -1 -1 332.30 184.18 400.73 212.72 -1 -1 -1 -1000 -1000 -1000 -10 0.85
19 31 Pedestrian -1 -1 -1 450.30 169.42 489.10 280.28 -1 -1 -1 -1000 -1000 -1000 -10 0.75
19 32 Pedestrian -1 -1 -1 904.00 147.14 984.87 365.00 -1 -1 -1 -1000 -1000 -1000 -10 0.67
19 24 Car -1 -1 -1 533.32 173.00 556.25 193.68 -1 -1 -1 -1000 -1000 -1000 -10 0.67
19 25 Pedestrian -1 -1 -1 416.39 157.67 460.55 277.41 -1 -1 -1 -1000 -1000 -1000 -10 0.67
19 3 Pedestrian -1 -1 -1 164.34 148.00 284.00 363.43 -1 -1 -1 -1000 -1000 -1000 -10 0.61
19 40 Pedestrian -1 -1 -1 1070.07 142.79 1171.36 369.26 -1 -1 -1 -1000 -1000 -1000 -10 0.45
20 1 Car -1 -1 -1 562.81 175.44 633.98 239.16 -1 -1 -1 -1000 -1000 -1000 -10 0.89
20 39 Car -1 -1 -1 544.17 175.07 586.84 211.71 -1 -1 -1 -1000 -1000 -1000 -10 0.80
20 36 Car -1 -1 -1 305.56 183.59 381.86 215.78 -1 -1 -1 -1000 -1000 -1000 -10 0.79
20 24 Car -1 -1 -1 530.99 172.22 553.51 193.74 -1 -1 -1 -1000 -1000 -1000 -10 0.76
20 31 Pedestrian -1 -1 -1 431.61 167.28 476.57 290.25 -1 -1 -1 -1000 -1000 -1000 -10 0.74
20 30 Car -1 -1 -1 -0.49 201.09 73.72 288.50 -1 -1 -1 -1000 -1000 -1000 -10 0.70
20 25 Pedestrian -1 -1 -1 396.87 157.63 442.52 286.28 -1 -1 -1 -1000 -1000 -1000 -10 0.59
20 32 Pedestrian -1 -1 -1 940.01 145.98 1063.86 366.08 -1 -1 -1 -1000 -1000 -1000 -10 0.50
21 1 Car -1 -1 -1 558.32 175.72 627.69 236.98 -1 -1 -1 -1000 -1000 -1000 -10 0.94
21 36 Car -1 -1 -1 277.02 185.09 361.76 219.49 -1 -1 -1 -1000 -1000 -1000 -10 0.88
21 39 Car -1 -1 -1 539.43 175.78 580.58 210.60 -1 -1 -1 -1000 -1000 -1000 -10 0.65
21 31 Pedestrian -1 -1 -1 410.26 171.53 459.01 301.94 -1 -1 -1 -1000 -1000 -1000 -10 0.62
21 24 Car -1 -1 -1 528.94 171.00 554.44 194.18 -1 -1 -1 -1000 -1000 -1000 -10 0.60
21 25 Pedestrian -1 -1 -1 379.17 165.08 428.83 292.35 -1 -1 -1 -1000 -1000 -1000 -10 0.56
21 32 Pedestrian -1 -1 -1 1017.96 139.18 1139.11 364.67 -1 -1 -1 -1000 -1000 -1000 -10 0.49
21 41 Cyclist -1 -1 -1 679.32 162.59 711.17 209.83 -1 -1 -1 -1000 -1000 -1000 -10 0.61
21 42 Car -1 -1 -1 412.55 174.18 487.67 223.96 -1 -1 -1 -1000 -1000 -1000 -10 0.51
21 43 Pedestrian -1 -1 -1 244.72 180.93 257.32 215.10 -1 -1 -1 -1000 -1000 -1000 -10 0.41
22 1 Car -1 -1 -1 551.74 176.96 619.35 236.39 -1 -1 -1 -1000 -1000 -1000 -10 0.90
22 36 Car -1 -1 -1 241.24 187.09 336.33 226.65 -1 -1 -1 -1000 -1000 -1000 -10 0.90
22 39 Car -1 -1 -1 534.53 176.92 572.56 210.68 -1 -1 -1 -1000 -1000 -1000 -10 0.84
22 42 Car -1 -1 -1 391.79 176.52 477.09 228.95 -1 -1 -1 -1000 -1000 -1000 -10 0.84
22 31 Pedestrian -1 -1 -1 374.86 166.22 433.59 323.14 -1 -1 -1 -1000 -1000 -1000 -10 0.53
22 25 Pedestrian -1 -1 -1 360.53 166.67 417.02 314.84 -1 -1 -1 -1000 -1000 -1000 -10 0.52
22 43 Pedestrian -1 -1 -1 230.69 183.63 240.44 219.36 -1 -1 -1 -1000 -1000 -1000 -10 0.48
23 1 Car -1 -1 -1 548.21 176.81 613.15 233.29 -1 -1 -1 -1000 -1000 -1000 -10 0.93
23 36 Car -1 -1 -1 194.88 187.56 308.26 233.21 -1 -1 -1 -1000 -1000 -1000 -10 0.89
23 42 Car -1 -1 -1 369.78 173.88 470.44 231.72 -1 -1 -1 -1000 -1000 -1000 -10 0.87
23 39 Car -1 -1 -1 529.70 174.63 570.29 209.38 -1 -1 -1 -1000 -1000 -1000 -10 0.78
23 31 Pedestrian -1 -1 -1 323.70 159.66 400.43 352.61 -1 -1 -1 -1000 -1000 -1000 -10 0.64
23 25 Pedestrian -1 -1 -1 331.14 161.59 408.35 357.62 -1 -1 -1 -1000 -1000 -1000 -10 0.62
23 43 Pedestrian -1 -1 -1 209.22 184.04 215.65 222.48 -1 -1 -1 -1000 -1000 -1000 -10 0.41
23 44 Cyclist -1 -1 -1 667.11 164.84 692.70 207.41 -1 -1 -1 -1000 -1000 -1000 -10 0.47
24 1 Car -1 -1 -1 542.43 178.24 603.39 232.75 -1 -1 -1 -1000 -1000 -1000 -10 0.94
24 42 Car -1 -1 -1 362.06 176.56 462.89 236.18 -1 -1 -1 -1000 -1000 -1000 -10 0.90
24 36 Car -1 -1 -1 134.07 189.70 269.86 244.01 -1 -1 -1 -1000 -1000 -1000 -10 0.83
24 39 Car -1 -1 -1 524.47 176.87 565.56 210.53 -1 -1 -1 -1000 -1000 -1000 -10 0.79
24 25 Pedestrian -1 -1 -1 255.66 149.99 353.67 369.51 -1 -1 -1 -1000 -1000 -1000 -10 0.69
24 44 Cyclist -1 -1 -1 652.82 167.93 692.03 212.31 -1 -1 -1 -1000 -1000 -1000 -10 0.61
24 45 Car -1 -1 -1 976.23 151.37 1112.27 200.17 -1 -1 -1 -1000 -1000 -1000 -10 0.75
24 46 Car -1 -1 -1 1133.36 149.41 1222.16 202.03 -1 -1 -1 -1000 -1000 -1000 -10 0.55
25 1 Car -1 -1 -1 538.06 180.56 597.50 232.34 -1 -1 -1 -1000 -1000 -1000 -10 0.93
25 42 Car -1 -1 -1 351.57 179.65 455.79 242.12 -1 -1 -1 -1000 -1000 -1000 -10 0.88
25 45 Car -1 -1 -1 984.09 151.03 1141.80 206.55 -1 -1 -1 -1000 -1000 -1000 -10 0.85
25 36 Car -1 -1 -1 69.93 198.64 224.96 258.15 -1 -1 -1 -1000 -1000 -1000 -10 0.83
25 46 Car -1 -1 -1 1163.96 145.54 1222.82 206.08 -1 -1 -1 -1000 -1000 -1000 -10 0.76
25 39 Car -1 -1 -1 522.00 182.06 561.55 212.19 -1 -1 -1 -1000 -1000 -1000 -10 0.70
25 44 Cyclist -1 -1 -1 645.32 170.19 677.05 212.80 -1 -1 -1 -1000 -1000 -1000 -10 0.61
25 25 Pedestrian -1 -1 -1 146.71 151.85 301.62 367.41 -1 -1 -1 -1000 -1000 -1000 -10 0.47
25 47 Car -1 -1 -1 1124.57 146.63 1223.57 196.65 -1 -1 -1 -1000 -1000 -1000 -10 0.48
26 1 Car -1 -1 -1 533.09 181.62 590.31 230.95 -1 -1 -1 -1000 -1000 -1000 -10 0.95
26 42 Car -1 -1 -1 340.28 181.97 444.87 244.87 -1 -1 -1 -1000 -1000 -1000 -10 0.89
26 45 Car -1 -1 -1 1009.05 153.83 1163.07 210.36 -1 -1 -1 -1000 -1000 -1000 -10 0.84
26 39 Car -1 -1 -1 519.59 183.08 556.63 211.65 -1 -1 -1 -1000 -1000 -1000 -10 0.71
26 46 Car -1 -1 -1 1202.93 148.63 1222.84 217.49 -1 -1 -1 -1000 -1000 -1000 -10 0.68
26 47 Car -1 -1 -1 1165.44 146.74 1221.28 204.39 -1 -1 -1 -1000 -1000 -1000 -10 0.59
26 44 Cyclist -1 -1 -1 638.27 169.23 677.14 214.20 -1 -1 -1 -1000 -1000 -1000 -10 0.53
26 48 Car -1 -1 -1 312.28 187.64 380.77 225.33 -1 -1 -1 -1000 -1000 -1000 -10 0.40
27 1 Car -1 -1 -1 527.01 182.25 582.65 229.89 -1 -1 -1 -1000 -1000 -1000 -10 0.89
27 42 Car -1 -1 -1 325.58 182.85 437.19 251.04 -1 -1 -1 -1000 -1000 -1000 -10 0.87
27 48 Car -1 -1 -1 284.51 190.14 364.08 230.28 -1 -1 -1 -1000 -1000 -1000 -10 0.79
27 39 Car -1 -1 -1 517.63 183.48 550.99 211.88 -1 -1 -1 -1000 -1000 -1000 -10 0.68
27 47 Car -1 -1 -1 1172.20 144.81 1222.39 199.19 -1 -1 -1 -1000 -1000 -1000 -10 0.51
27 49 Car -1 -1 -1 -0.34 206.35 110.20 297.34 -1 -1 -1 -1000 -1000 -1000 -10 0.68
27 50 Car -1 -1 -1 567.41 176.98 592.65 196.07 -1 -1 -1 -1000 -1000 -1000 -10 0.42
27 51 Car -1 -1 -1 627.32 172.26 687.20 210.75 -1 -1 -1 -1000 -1000 -1000 -10 0.41
28 1 Car -1 -1 -1 522.37 182.92 575.08 228.44 -1 -1 -1 -1000 -1000 -1000 -10 0.92
28 48 Car -1 -1 -1 253.05 192.02 341.99 235.72 -1 -1 -1 -1000 -1000 -1000 -10 0.85
28 42 Car -1 -1 -1 302.50 180.66 429.13 255.89 -1 -1 -1 -1000 -1000 -1000 -10 0.80
28 50 Car -1 -1 -1 565.54 175.71 592.95 197.72 -1 -1 -1 -1000 -1000 -1000 -10 0.67
28 39 Car -1 -1 -1 514.51 183.02 546.87 211.45 -1 -1 -1 -1000 -1000 -1000 -10 0.67
28 52 Car -1 -1 -1 1040.11 146.87 1209.01 211.31 -1 -1 -1 -1000 -1000 -1000 -10 0.48
29 42 Car -1 -1 -1 281.70 183.17 419.56 265.95 -1 -1 -1 -1000 -1000 -1000 -10 0.89
29 1 Car -1 -1 -1 518.13 184.52 568.48 229.38 -1 -1 -1 -1000 -1000 -1000 -10 0.87
29 52 Car -1 -1 -1 1071.44 152.53 1222.78 220.21 -1 -1 -1 -1000 -1000 -1000 -10 0.86
29 48 Car -1 -1 -1 208.08 195.55 316.49 241.59 -1 -1 -1 -1000 -1000 -1000 -10 0.82
29 39 Car -1 -1 -1 510.68 182.93 544.28 213.32 -1 -1 -1 -1000 -1000 -1000 -10 0.74
29 50 Car -1 -1 -1 566.38 177.83 594.24 201.88 -1 -1 -1 -1000 -1000 -1000 -10 0.73
29 53 Pedestrian -1 -1 -1 608.22 172.41 629.01 226.72 -1 -1 -1 -1000 -1000 -1000 -10 0.52
29 54 Cyclist -1 -1 -1 7.09 195.17 57.89 261.55 -1 -1 -1 -1000 -1000 -1000 -10 0.52
29 55 Car -1 -1 -1 388.75 187.10 425.83 208.24 -1 -1 -1 -1000 -1000 -1000 -10 0.51
30 42 Car -1 -1 -1 268.16 182.56 395.21 275.83 -1 -1 -1 -1000 -1000 -1000 -10 0.90
30 52 Car -1 -1 -1 1101.39 149.10 1223.45 218.61 -1 -1 -1 -1000 -1000 -1000 -10 0.88
30 1 Car -1 -1 -1 514.15 187.50 561.28 229.99 -1 -1 -1 -1000 -1000 -1000 -10 0.87
30 48 Car -1 -1 -1 157.88 200.51 281.79 251.95 -1 -1 -1 -1000 -1000 -1000 -10 0.82
30 50 Car -1 -1 -1 566.78 179.16 596.05 204.14 -1 -1 -1 -1000 -1000 -1000 -10 0.72
30 39 Car -1 -1 -1 511.54 184.98 541.75 213.93 -1 -1 -1 -1000 -1000 -1000 -10 0.67
30 55 Car -1 -1 -1 390.10 188.71 423.72 210.61 -1 -1 -1 -1000 -1000 -1000 -10 0.60
30 53 Pedestrian -1 -1 -1 609.11 174.53 629.28 230.31 -1 -1 -1 -1000 -1000 -1000 -10 0.56
30 56 Car -1 -1 -1 423.52 186.79 445.94 203.81 -1 -1 -1 -1000 -1000 -1000 -10 0.48
31 48 Car -1 -1 -1 87.42 197.38 246.29 262.44 -1 -1 -1 -1000 -1000 -1000 -10 0.93
31 1 Car -1 -1 -1 515.19 182.68 556.42 223.83 -1 -1 -1 -1000 -1000 -1000 -10 0.80
31 52 Car -1 -1 -1 1141.44 140.85 1221.83 218.24 -1 -1 -1 -1000 -1000 -1000 -10 0.79
31 42 Car -1 -1 -1 247.21 184.81 391.88 280.30 -1 -1 -1 -1000 -1000 -1000 -10 0.74
31 50 Car -1 -1 -1 570.17 175.65 600.22 199.84 -1 -1 -1 -1000 -1000 -1000 -10 0.65
31 55 Car -1 -1 -1 387.79 186.55 422.57 207.06 -1 -1 -1 -1000 -1000 -1000 -10 0.60
31 56 Car -1 -1 -1 421.38 182.56 446.56 200.39 -1 -1 -1 -1000 -1000 -1000 -10 0.57
31 53 Pedestrian -1 -1 -1 612.30 170.76 632.46 226.59 -1 -1 -1 -1000 -1000 -1000 -10 0.54
32 48 Car -1 -1 -1 4.19 197.92 192.19 275.45 -1 -1 -1 -1000 -1000 -1000 -10 0.92
32 1 Car -1 -1 -1 514.72 180.94 561.01 221.35 -1 -1 -1 -1000 -1000 -1000 -10 0.86
32 42 Car -1 -1 -1 212.18 179.67 373.67 287.55 -1 -1 -1 -1000 -1000 -1000 -10 0.83
32 55 Car -1 -1 -1 389.32 183.46 424.20 204.76 -1 -1 -1 -1000 -1000 -1000 -10 0.70
32 50 Car -1 -1 -1 573.97 173.21 608.22 199.52 -1 -1 -1 -1000 -1000 -1000 -10 0.66
32 52 Car -1 -1 -1 1187.67 145.53 1223.03 221.03 -1 -1 -1 -1000 -1000 -1000 -10 0.61
32 56 Car -1 -1 -1 418.99 179.99 450.22 199.13 -1 -1 -1 -1000 -1000 -1000 -10 0.60
32 53 Pedestrian -1 -1 -1 616.16 169.97 637.60 227.45 -1 -1 -1 -1000 -1000 -1000 -10 0.50
32 57 Car -1 -1 -1 338.78 187.99 386.14 213.96 -1 -1 -1 -1000 -1000 -1000 -10 0.61
32 58 Car -1 -1 -1 150.15 175.85 274.63 259.05 -1 -1 -1 -1000 -1000 -1000 -10 0.53
33 42 Car -1 -1 -1 198.88 187.07 355.47 302.26 -1 -1 -1 -1000 -1000 -1000 -10 0.92
33 1 Car -1 -1 -1 518.69 182.77 563.45 223.16 -1 -1 -1 -1000 -1000 -1000 -10 0.87
33 57 Car -1 -1 -1 336.69 190.77 388.50 220.36 -1 -1 -1 -1000 -1000 -1000 -10 0.81
33 50 Car -1 -1 -1 580.14 174.87 612.81 201.46 -1 -1 -1 -1000 -1000 -1000 -10 0.67
33 55 Car -1 -1 -1 392.78 187.45 425.76 209.22 -1 -1 -1 -1000 -1000 -1000 -10 0.67
33 48 Car -1 -1 -1 5.11 185.35 175.32 303.69 -1 -1 -1 -1000 -1000 -1000 -10 0.56
33 56 Car -1 -1 -1 429.07 184.37 453.85 201.91 -1 -1 -1 -1000 -1000 -1000 -10 0.47
33 53 Pedestrian -1 -1 -1 622.85 173.36 652.13 237.91 -1 -1 -1 -1000 -1000 -1000 -10 0.41
33 59 Car -1 -1 -1 368.77 190.21 408.81 213.44 -1 -1 -1 -1000 -1000 -1000 -10 0.62
33 60 Car -1 -1 -1 618.01 170.15 696.35 204.97 -1 -1 -1 -1000 -1000 -1000 -10 0.46
33 61 Car -1 -1 -1 416.87 184.44 445.03 203.71 -1 -1 -1 -1000 -1000 -1000 -10 0.45
34 42 Car -1 -1 -1 172.26 192.31 336.51 320.27 -1 -1 -1 -1000 -1000 -1000 -10 0.91
34 57 Car -1 -1 -1 339.20 192.50 392.60 221.61 -1 -1 -1 -1000 -1000 -1000 -10 0.86
34 1 Car -1 -1 -1 525.87 183.24 568.68 222.54 -1 -1 -1 -1000 -1000 -1000 -10 0.82
34 55 Car -1 -1 -1 398.80 187.85 434.43 211.57 -1 -1 -1 -1000 -1000 -1000 -10 0.76
34 50 Car -1 -1 -1 589.06 177.74 620.20 204.67 -1 -1 -1 -1000 -1000 -1000 -10 0.76
34 59 Car -1 -1 -1 371.21 189.67 414.66 217.15 -1 -1 -1 -1000 -1000 -1000 -10 0.69
34 53 Pedestrian -1 -1 -1 635.15 174.02 664.16 239.78 -1 -1 -1 -1000 -1000 -1000 -10 0.64
34 60 Car -1 -1 -1 628.54 169.99 709.00 210.33 -1 -1 -1 -1000 -1000 -1000 -10 0.60
34 56 Car -1 -1 -1 432.40 183.97 461.80 204.80 -1 -1 -1 -1000 -1000 -1000 -10 0.58
34 48 Car -1 -1 -1 2.48 209.60 46.78 317.98 -1 -1 -1 -1000 -1000 -1000 -10 0.58
34 61 Car -1 -1 -1 423.05 184.04 453.96 205.98 -1 -1 -1 -1000 -1000 -1000 -10 0.45
35 1 Car -1 -1 -1 536.96 184.69 579.27 221.77 -1 -1 -1 -1000 -1000 -1000 -10 0.89
35 42 Car -1 -1 -1 135.15 190.13 320.10 337.22 -1 -1 -1 -1000 -1000 -1000 -10 0.87
35 57 Car -1 -1 -1 345.42 192.43 400.28 220.98 -1 -1 -1 -1000 -1000 -1000 -10 0.87
35 50 Car -1 -1 -1 601.03 179.87 636.57 206.97 -1 -1 -1 -1000 -1000 -1000 -10 0.74
35 59 Car -1 -1 -1 377.48 189.20 423.86 216.68 -1 -1 -1 -1000 -1000 -1000 -10 0.74
35 55 Car -1 -1 -1 407.00 187.37 444.69 211.12 -1 -1 -1 -1000 -1000 -1000 -10 0.70
35 56 Car -1 -1 -1 442.83 182.93 472.74 204.09 -1 -1 -1 -1000 -1000 -1000 -10 0.59
35 60 Car -1 -1 -1 645.41 169.77 722.27 217.76 -1 -1 -1 -1000 -1000 -1000 -10 0.59
35 53 Pedestrian -1 -1 -1 653.75 173.54 682.92 247.20 -1 -1 -1 -1000 -1000 -1000 -10 0.58
35 61 Car -1 -1 -1 431.43 183.52 462.32 205.90 -1 -1 -1 -1000 -1000 -1000 -10 0.54
36 57 Car -1 -1 -1 352.72 184.61 408.89 214.52 -1 -1 -1 -1000 -1000 -1000 -10 0.81
36 42 Car -1 -1 -1 89.43 178.78 290.21 349.02 -1 -1 -1 -1000 -1000 -1000 -10 0.81
36 1 Car -1 -1 -1 550.87 177.60 592.91 213.87 -1 -1 -1 -1000 -1000 -1000 -10 0.77
36 50 Car -1 -1 -1 614.06 172.90 652.45 202.95 -1 -1 -1 -1000 -1000 -1000 -10 0.74
36 56 Car -1 -1 -1 454.81 176.86 483.51 197.46 -1 -1 -1 -1000 -1000 -1000 -10 0.71
36 59 Car -1 -1 -1 383.39 181.98 432.24 209.93 -1 -1 -1 -1000 -1000 -1000 -10 0.69
36 53 Pedestrian -1 -1 -1 675.17 168.32 707.71 251.83 -1 -1 -1 -1000 -1000 -1000 -10 0.66
36 55 Car -1 -1 -1 418.55 180.59 455.85 203.68 -1 -1 -1 -1000 -1000 -1000 -10 0.61
36 60 Car -1 -1 -1 653.63 166.65 752.34 216.17 -1 -1 -1 -1000 -1000 -1000 -10 0.53
37 42 Car -1 -1 -1 10.67 169.07 253.55 358.26 -1 -1 -1 -1000 -1000 -1000 -10 0.85
37 57 Car -1 -1 -1 358.07 175.92 414.22 206.97 -1 -1 -1 -1000 -1000 -1000 -10 0.83
37 1 Car -1 -1 -1 564.20 170.66 605.45 205.50 -1 -1 -1 -1000 -1000 -1000 -10 0.83
37 59 Car -1 -1 -1 389.27 173.32 441.08 202.72 -1 -1 -1 -1000 -1000 -1000 -10 0.76
37 56 Car -1 -1 -1 466.91 168.34 494.50 189.10 -1 -1 -1 -1000 -1000 -1000 -10 0.71
37 55 Car -1 -1 -1 426.56 172.95 463.90 195.62 -1 -1 -1 -1000 -1000 -1000 -10 0.70
37 50 Car -1 -1 -1 627.70 166.01 669.20 197.91 -1 -1 -1 -1000 -1000 -1000 -10 0.67
37 53 Pedestrian -1 -1 -1 695.88 165.78 733.25 251.64 -1 -1 -1 -1000 -1000 -1000 -10 0.54
37 60 Car -1 -1 -1 673.79 159.56 762.76 213.18 -1 -1 -1 -1000 -1000 -1000 -10 0.49
37 62 Car -1 -1 -1 449.09 168.89 482.10 191.57 -1 -1 -1 -1000 -1000 -1000 -10 0.46
38 57 Car -1 -1 -1 361.02 175.98 422.21 206.77 -1 -1 -1 -1000 -1000 -1000 -10 0.86
38 42 Car -1 -1 -1 5.15 164.76 197.44 370.20 -1 -1 -1 -1000 -1000 -1000 -10 0.82
38 1 Car -1 -1 -1 577.25 171.14 617.05 205.17 -1 -1 -1 -1000 -1000 -1000 -10 0.79
38 50 Car -1 -1 -1 640.35 167.75 680.56 198.85 -1 -1 -1 -1000 -1000 -1000 -10 0.77
38 56 Car -1 -1 -1 474.44 168.90 503.13 190.05 -1 -1 -1 -1000 -1000 -1000 -10 0.72
38 59 Car -1 -1 -1 396.61 172.49 448.88 203.07 -1 -1 -1 -1000 -1000 -1000 -10 0.70
38 55 Car -1 -1 -1 432.72 171.96 472.89 197.04 -1 -1 -1 -1000 -1000 -1000 -10 0.64
38 60 Car -1 -1 -1 681.47 163.01 778.49 212.10 -1 -1 -1 -1000 -1000 -1000 -10 0.59
38 62 Car -1 -1 -1 459.68 168.94 493.42 192.17 -1 -1 -1 -1000 -1000 -1000 -10 0.47
38 63 Cyclist -1 -1 -1 707.59 162.33 781.65 264.89 -1 -1 -1 -1000 -1000 -1000 -10 0.58
39 57 Car -1 -1 -1 359.83 178.51 426.81 211.44 -1 -1 -1 -1000 -1000 -1000 -10 0.91
39 1 Car -1 -1 -1 587.65 174.73 628.24 209.51 -1 -1 -1 -1000 -1000 -1000 -10 0.82
39 55 Car -1 -1 -1 435.94 174.88 478.86 201.13 -1 -1 -1 -1000 -1000 -1000 -10 0.78
39 59 Car -1 -1 -1 398.64 175.70 454.67 208.13 -1 -1 -1 -1000 -1000 -1000 -10 0.75
39 56 Car -1 -1 -1 479.58 172.42 511.15 194.52 -1 -1 -1 -1000 -1000 -1000 -10 0.70
39 50 Car -1 -1 -1 651.94 172.39 690.35 203.80 -1 -1 -1 -1000 -1000 -1000 -10 0.68
39 62 Car -1 -1 -1 461.95 171.19 500.41 197.28 -1 -1 -1 -1000 -1000 -1000 -10 0.63
39 60 Car -1 -1 -1 699.88 170.30 797.99 218.54 -1 -1 -1 -1000 -1000 -1000 -10 0.55
39 42 Car -1 -1 -1 -5.18 164.76 124.16 362.33 -1 -1 -1 -1000 -1000 -1000 -10 0.52
39 63 Cyclist -1 -1 -1 718.97 157.31 832.39 286.67 -1 -1 -1 -1000 -1000 -1000 -10 0.50
40 50 Car -1 -1 -1 659.06 174.25 699.02 206.42 -1 -1 -1 -1000 -1000 -1000 -10 0.83
40 1 Car -1 -1 -1 596.95 175.42 634.28 208.85 -1 -1 -1 -1000 -1000 -1000 -10 0.80
40 57 Car -1 -1 -1 357.07 178.79 423.13 212.98 -1 -1 -1 -1000 -1000 -1000 -10 0.79
40 55 Car -1 -1 -1 435.35 175.76 480.01 202.74 -1 -1 -1 -1000 -1000 -1000 -10 0.78
40 63 Cyclist -1 -1 -1 744.65 159.41 860.14 299.17 -1 -1 -1 -1000 -1000 -1000 -10 0.67
40 59 Car -1 -1 -1 399.04 176.76 453.47 209.33 -1 -1 -1 -1000 -1000 -1000 -10 0.67
40 56 Car -1 -1 -1 483.11 172.86 514.22 194.76 -1 -1 -1 -1000 -1000 -1000 -10 0.63
40 60 Car -1 -1 -1 710.70 171.29 810.16 217.17 -1 -1 -1 -1000 -1000 -1000 -10 0.60
40 62 Car -1 -1 -1 463.45 173.52 500.57 197.53 -1 -1 -1 -1000 -1000 -1000 -10 0.58
40 64 Car -1 -1 -1 729.15 166.11 891.26 231.74 -1 -1 -1 -1000 -1000 -1000 -10 0.55
41 57 Car -1 -1 -1 351.17 180.93 424.03 216.58 -1 -1 -1 -1000 -1000 -1000 -10 0.87
41 59 Car -1 -1 -1 394.84 179.23 452.93 211.77 -1 -1 -1 -1000 -1000 -1000 -10 0.85
41 55 Car -1 -1 -1 434.38 177.68 482.69 205.56 -1 -1 -1 -1000 -1000 -1000 -10 0.83
41 50 Car -1 -1 -1 667.73 175.23 708.23 208.62 -1 -1 -1 -1000 -1000 -1000 -10 0.82
41 56 Car -1 -1 -1 483.25 174.53 517.94 197.30 -1 -1 -1 -1000 -1000 -1000 -10 0.77
41 62 Car -1 -1 -1 465.07 174.57 503.70 200.16 -1 -1 -1 -1000 -1000 -1000 -10 0.73
41 1 Car -1 -1 -1 606.52 177.49 643.82 209.21 -1 -1 -1 -1000 -1000 -1000 -10 0.72
41 64 Car -1 -1 -1 739.61 166.04 911.57 245.38 -1 -1 -1 -1000 -1000 -1000 -10 0.70
41 60 Car -1 -1 -1 715.72 167.78 828.31 222.24 -1 -1 -1 -1000 -1000 -1000 -10 0.63
41 63 Cyclist -1 -1 -1 783.79 162.14 905.24 326.18 -1 -1 -1 -1000 -1000 -1000 -10 0.59
42 57 Car -1 -1 -1 343.12 185.78 421.52 224.45 -1 -1 -1 -1000 -1000 -1000 -10 0.86
42 55 Car -1 -1 -1 433.80 181.63 481.39 210.39 -1 -1 -1 -1000 -1000 -1000 -10 0.79
42 62 Car -1 -1 -1 464.95 178.13 504.28 205.49 -1 -1 -1 -1000 -1000 -1000 -10 0.78
42 56 Car -1 -1 -1 485.37 178.27 520.36 201.82 -1 -1 -1 -1000 -1000 -1000 -10 0.76
42 1 Car -1 -1 -1 615.38 181.88 651.07 212.28 -1 -1 -1 -1000 -1000 -1000 -10 0.73
42 50 Car -1 -1 -1 675.82 180.25 717.29 214.69 -1 -1 -1 -1000 -1000 -1000 -10 0.72
42 59 Car -1 -1 -1 392.16 184.00 452.54 217.63 -1 -1 -1 -1000 -1000 -1000 -10 0.71
42 60 Car -1 -1 -1 724.99 171.93 842.16 225.88 -1 -1 -1 -1000 -1000 -1000 -10 0.71
42 63 Cyclist -1 -1 -1 809.79 144.02 1001.96 361.07 -1 -1 -1 -1000 -1000 -1000 -10 0.63
42 64 Car -1 -1 -1 758.42 164.85 984.95 263.36 -1 -1 -1 -1000 -1000 -1000 -10 0.42
42 65 Car -1 -1 -1 758.37 169.75 962.64 258.39 -1 -1 -1 -1000 -1000 -1000 -10 0.40
