0 4 Car -1 -1 -1 545.78 187.85 572.42 210.26 -1 -1 -1 -1000 -1000 -1000 -10 1
0 3 Car -1 -1 -1 552.11 181.30 594.70 217.62 -1 -1 -1 -1000 -1000 -1000 -10 1
0 2 Car -1 -1 -1 440.27 184.00 503.84 231.36 -1 -1 -1 -1000 -1000 -1000 -10 1
0 1 Car -1 -1 -1 138.85 184.79 217.11 219.83 -1 -1 -1 -1000 -1000 -1000 -10 1
1 7 Car -1 -1 -1 4.38 169.40 76.78 239.05 -1 -1 -1 -1000 -1000 -1000 -10 1
1 6 Car -1 -1 -1 495.03 181.49 523.35 205.52 -1 -1 -1 -1000 -1000 -1000 -10 1
1 5 Car -1 -1 -1 2.95 178.52 79.16 237.88 -1 -1 -1 -1000 -1000 -1000 -10 1
1 3 Car -1 -1 -1 553.24 181.11 591.90 211.88 -1 -1 -1 -1000 -1000 -1000 -10 1
1 2 Car -1 -1 -1 414.15 184.44 495.16 245.75 -1 -1 -1 -1000 -1000 -1000 -10 1
1 1 Car -1 -1 -1 119.73 188.39 207.80 222.08 -1 -1 -1 -1000 -1000 -1000 -10 1
2 6 Car -1 -1 -1 489.62 181.44 522.06 208.41 -1 -1 -1 -1000 -1000 -1000 -10 1
2 4 Car -1 -1 -1 554.22 192.43 579.77 216.51 -1 -1 -1 -1000 -1000 -1000 -10 1
2 3 Car -1 -1 -1 553.04 180.54 592.77 212.13 -1 -1 -1 -1000 -1000 -1000 -10 1
2 2 Car -1 -1 -1 387.30 187.12 479.38 257.44 -1 -1 -1 -1000 -1000 -1000 -10 1
2 1 Car -1 -1 -1 98.01 191.80 186.14 227.52 -1 -1 -1 -1000 -1000 -1000 -10 1
3 3 Car -1 -1 -1 552.79 182.05 594.11 215.58 -1 -1 -1 -1000 -1000 -1000 -10 1
3 2 Car -1 -1 -1 350.43 188.91 459.95 270.92 -1 -1 -1 -1000 -1000 -1000 -10 1
3 1 Car -1 -1 -1 76.28 190.18 170.38 229.32 -1 -1 -1 -1000 -1000 -1000 -10 1
4 3 Car -1 -1 -1 553.04 181.97 594.17 216.10 -1 -1 -1 -1000 -1000 -1000 -10 1
4 2 Car -1 -1 -1 293.60 186.94 436.26 291.63 -1 -1 -1 -1000 -1000 -1000 -10 1
4 1 Car -1 -1 -1 52.07 188.51 155.53 229.10 -1 -1 -1 -1000 -1000 -1000 -10 1
5 3 Car -1 -1 -1 552.91 177.88 593.37 211.01 -1 -1 -1 -1000 -1000 -1000 -10 1
5 2 Car -1 -1 -1 189.37 187.86 398.80 333.01 -1 -1 -1 -1000 -1000 -1000 -10 1
5 1 Car -1 -1 -1 26.17 187.72 139.48 230.63 -1 -1 -1 -1000 -1000 -1000 -10 1
6 6 Car -1 -1 -1 483.83 179.62 520.84 210.35 -1 -1 -1 -1000 -1000 -1000 -10 1
6 3 Car -1 -1 -1 552.88 177.57 592.93 210.01 -1 -1 -1 -1000 -1000 -1000 -10 1
6 2 Car -1 -1 -1 54.40 194.27 326.00 369.34 -1 -1 -1 -1000 -1000 -1000 -10 1
7 6 Car -1 -1 -1 481.58 181.02 521.19 213.25 -1 -1 -1 -1000 -1000 -1000 -10 1
7 3 Car -1 -1 -1 552.68 180.17 592.19 212.74 -1 -1 -1 -1000 -1000 -1000 -10 1
7 2 Car -1 -1 -1 -25.44 203.38 224.68 377.21 -1 -1 -1 -1000 -1000 -1000 -10 1
8 6 Car -1 -1 -1 478.44 182.05 520.56 215.74 -1 -1 -1 -1000 -1000 -1000 -10 1
8 3 Car -1 -1 -1 552.16 178.67 592.30 212.07 -1 -1 -1 -1000 -1000 -1000 -10 1
9 9 Car -1 -1 -1 307.80 185.04 340.58 204.48 -1 -1 -1 -1000 -1000 -1000 -10 1
9 6 Car -1 -1 -1 473.51 182.31 519.40 218.52 -1 -1 -1 -1000 -1000 -1000 -10 1
9 3 Car -1 -1 -1 551.48 177.36 593.06 211.23 -1 -1 -1 -1000 -1000 -1000 -10 1
10 9 Car -1 -1 -1 304.00 186.10 337.83 205.71 -1 -1 -1 -1000 -1000 -1000 -10 1
10 6 Car -1 -1 -1 466.86 182.96 520.25 221.07 -1 -1 -1 -1000 -1000 -1000 -10 1
10 3 Car -1 -1 -1 551.79 177.23 593.52 211.05 -1 -1 -1 -1000 -1000 -1000 -10 1
11 9 Car -1 -1 -1 303.73 185.61 337.89 205.09 -1 -1 -1 -1000 -1000 -1000 -10 1
11 6 Car -1 -1 -1 456.60 182.77 516.91 225.66 -1 -1 -1 -1000 -1000 -1000 -10 1
11 3 Car -1 -1 -1 552.57 177.60 593.96 211.02 -1 -1 -1 -1000 -1000 -1000 -10 1
12 6 Car -1 -1 -1 445.29 184.45 513.76 232.61 -1 -1 -1 -1000 -1000 -1000 -10 1
12 3 Car -1 -1 -1 553.18 176.82 594.66 210.56 -1 -1 -1 -1000 -1000 -1000 -10 1
13 6 Car -1 -1 -1 427.70 184.14 507.40 240.40 -1 -1 -1 -1000 -1000 -1000 -10 1
13 3 Car -1 -1 -1 553.72 175.80 594.88 209.25 -1 -1 -1 -1000 -1000 -1000 -10 1
14 6 Car -1 -1 -1 400.14 184.78 496.49 250.49 -1 -1 -1 -1000 -1000 -1000 -10 1
14 3 Car -1 -1 -1 553.95 175.86 595.34 209.39 -1 -1 -1 -1000 -1000 -1000 -10 1
15 6 Car -1 -1 -1 359.57 191.06 477.79 270.97 -1 -1 -1 -1000 -1000 -1000 -10 1
15 3 Car -1 -1 -1 554.82 176.77 595.92 210.02 -1 -1 -1 -1000 -1000 -1000 -10 1
16 13 Car -1 -1 -1 486.85 182.13 529.11 210.93 -1 -1 -1 -1000 -1000 -1000 -10 1
16 6 Car -1 -1 -1 289.90 198.21 449.73 301.46 -1 -1 -1 -1000 -1000 -1000 -10 1
16 3 Car -1 -1 -1 555.08 177.89 595.93 211.21 -1 -1 -1 -1000 -1000 -1000 -10 1
17 13 Car -1 -1 -1 482.07 182.17 530.11 215.19 -1 -1 -1 -1000 -1000 -1000 -10 1
17 3 Car -1 -1 -1 555.43 178.93 595.92 211.96 -1 -1 -1 -1000 -1000 -1000 -10 1
18 13 Car -1 -1 -1 473.98 179.16 529.08 217.39 -1 -1 -1 -1000 -1000 -1000 -10 1
18 3 Car -1 -1 -1 554.82 176.61 594.95 209.67 -1 -1 -1 -1000 -1000 -1000 -10 1
19 13 Car -1 -1 -1 465.27 179.08 525.90 221.01 -1 -1 -1 -1000 -1000 -1000 -10 1
19 3 Car -1 -1 -1 553.41 175.28 593.56 208.23 -1 -1 -1 -1000 -1000 -1000 -10 1
20 13 Car -1 -1 -1 453.01 178.11 518.40 223.46 -1 -1 -1 -1000 -1000 -1000 -10 1
20 3 Car -1 -1 -1 551.89 175.28 592.23 207.44 -1 -1 -1 -1000 -1000 -1000 -10 1
21 13 Car -1 -1 -1 439.53 181.53 511.87 228.82 -1 -1 -1 -1000 -1000 -1000 -10 1
21 3 Car -1 -1 -1 550.55 175.26 591.16 206.81 -1 -1 -1 -1000 -1000 -1000 -10 1
22 13 Car -1 -1 -1 415.33 184.10 500.30 240.81 -1 -1 -1 -1000 -1000 -1000 -10 1
22 3 Car -1 -1 -1 548.59 176.47 588.72 207.68 -1 -1 -1 -1000 -1000 -1000 -10 1
23 13 Car -1 -1 -1 381.86 187.18 487.68 254.84 -1 -1 -1 -1000 -1000 -1000 -10 1
23 3 Car -1 -1 -1 547.67 178.08 587.95 209.21 -1 -1 -1 -1000 -1000 -1000 -10 1
24 13 Car -1 -1 -1 327.07 193.57 465.02 279.03 -1 -1 -1 -1000 -1000 -1000 -10 1
24 3 Car -1 -1 -1 547.07 179.31 587.49 210.85 -1 -1 -1 -1000 -1000 -1000 -10 1
25 16 Car -1 -1 -1 490.47 180.39 530.93 210.09 -1 -1 -1 -1000 -1000 -1000 -10 1
25 3 Car -1 -1 -1 543.69 178.09 581.61 208.23 -1 -1 -1 -1000 -1000 -1000 -10 1
26 16 Car -1 -1 -1 489.09 183.87 532.94 215.39 -1 -1 -1 -1000 -1000 -1000 -10 1
26 3 Car -1 -1 -1 542.08 179.00 578.83 209.03 -1 -1 -1 -1000 -1000 -1000 -10 1
27 16 Car -1 -1 -1 486.60 187.82 532.18 221.33 -1 -1 -1 -1000 -1000 -1000 -10 1
27 3 Car -1 -1 -1 545.81 182.33 582.76 213.00 -1 -1 -1 -1000 -1000 -1000 -10 1
28 16 Car -1 -1 -1 481.23 192.78 530.28 229.42 -1 -1 -1 -1000 -1000 -1000 -10 1
28 3 Car -1 -1 -1 546.76 184.43 584.35 215.83 -1 -1 -1 -1000 -1000 -1000 -10 1
29 16 Car -1 -1 -1 474.98 191.45 530.39 232.76 -1 -1 -1 -1000 -1000 -1000 -10 1
29 3 Car -1 -1 -1 546.35 183.99 584.65 215.33 -1 -1 -1 -1000 -1000 -1000 -10 1
30 19 Car -1 -1 -1 185.82 185.73 242.68 214.01 -1 -1 -1 -1000 -1000 -1000 -10 1
30 16 Car -1 -1 -1 467.33 190.27 529.86 236.76 -1 -1 -1 -1000 -1000 -1000 -10 1
30 3 Car -1 -1 -1 545.87 182.37 584.69 213.67 -1 -1 -1 -1000 -1000 -1000 -10 1
31 19 Car -1 -1 -1 173.38 185.70 233.65 215.34 -1 -1 -1 -1000 -1000 -1000 -10 1
31 16 Car -1 -1 -1 454.97 190.61 526.49 243.28 -1 -1 -1 -1000 -1000 -1000 -10 1
31 3 Car -1 -1 -1 544.47 182.12 583.74 213.58 -1 -1 -1 -1000 -1000 -1000 -10 1
32 19 Car -1 -1 -1 159.33 184.53 222.73 213.97 -1 -1 -1 -1000 -1000 -1000 -10 1
32 16 Car -1 -1 -1 437.63 190.45 520.25 250.56 -1 -1 -1 -1000 -1000 -1000 -10 1
32 3 Car -1 -1 -1 543.89 181.63 582.92 212.59 -1 -1 -1 -1000 -1000 -1000 -10 1
33 20 Car -1 -1 -1 209.83 181.73 262.70 210.01 -1 -1 -1 -1000 -1000 -1000 -10 1
33 19 Car -1 -1 -1 146.17 183.30 214.48 213.97 -1 -1 -1 -1000 -1000 -1000 -10 1
33 16 Car -1 -1 -1 411.25 191.10 506.99 258.11 -1 -1 -1 -1000 -1000 -1000 -10 1
33 3 Car -1 -1 -1 542.24 180.96 580.19 211.38 -1 -1 -1 -1000 -1000 -1000 -10 1
34 20 Car -1 -1 -1 199.65 181.56 252.94 209.98 -1 -1 -1 -1000 -1000 -1000 -10 1
34 19 Car -1 -1 -1 130.03 181.66 201.16 213.58 -1 -1 -1 -1000 -1000 -1000 -10 1
34 16 Car -1 -1 -1 374.00 195.62 489.30 275.27 -1 -1 -1 -1000 -1000 -1000 -10 1
34 3 Car -1 -1 -1 541.19 181.20 579.30 211.27 -1 -1 -1 -1000 -1000 -1000 -10 1
35 20 Car -1 -1 -1 191.62 180.38 245.61 209.43 -1 -1 -1 -1000 -1000 -1000 -10 1
35 19 Car -1 -1 -1 109.36 180.57 183.79 213.71 -1 -1 -1 -1000 -1000 -1000 -10 1
35 16 Car -1 -1 -1 313.28 201.05 461.12 301.11 -1 -1 -1 -1000 -1000 -1000 -10 1
35 3 Car -1 -1 -1 538.92 181.34 576.54 210.77 -1 -1 -1 -1000 -1000 -1000 -10 1
37 21 Car -1 -1 -1 456.17 185.14 514.62 225.58 -1 -1 -1 -1000 -1000 -1000 -10 1
37 20 Car -1 -1 -1 164.64 178.01 229.80 210.27 -1 -1 -1 -1000 -1000 -1000 -10 1
37 19 Car -1 -1 -1 64.19 172.95 151.15 211.44 -1 -1 -1 -1000 -1000 -1000 -10 1
37 3 Car -1 -1 -1 535.30 180.36 571.98 208.13 -1 -1 -1 -1000 -1000 -1000 -10 1
38 21 Car -1 -1 -1 445.53 184.36 508.50 227.50 -1 -1 -1 -1000 -1000 -1000 -10 1
38 20 Car -1 -1 -1 147.07 172.83 215.38 205.48 -1 -1 -1 -1000 -1000 -1000 -10 1
38 19 Car -1 -1 -1 45.91 168.63 141.69 208.25 -1 -1 -1 -1000 -1000 -1000 -10 1
38 3 Car -1 -1 -1 533.09 178.93 569.88 205.91 -1 -1 -1 -1000 -1000 -1000 -10 1
39 21 Car -1 -1 -1 433.25 184.45 503.83 230.42 -1 -1 -1 -1000 -1000 -1000 -10 1
39 20 Car -1 -1 -1 133.98 164.13 201.80 196.92 -1 -1 -1 -1000 -1000 -1000 -10 1
39 19 Car -1 -1 -1 21.05 166.50 126.20 205.36 -1 -1 -1 -1000 -1000 -1000 -10 1
39 3 Car -1 -1 -1 536.06 177.32 570.50 203.66 -1 -1 -1 -1000 -1000 -1000 -10 1
40 21 Car -1 -1 -1 412.98 183.59 493.81 237.30 -1 -1 -1 -1000 -1000 -1000 -10 1
40 20 Car -1 -1 -1 122.35 162.40 190.77 194.38 -1 -1 -1 -1000 -1000 -1000 -10 1
40 19 Car -1 -1 -1 -0.49 163.76 108.58 202.31 -1 -1 -1 -1000 -1000 -1000 -10 1
40 3 Car -1 -1 -1 537.31 171.10 571.00 198.00 -1 -1 -1 -1000 -1000 -1000 -10 1
41 21 Car -1 -1 -1 388.78 183.60 482.76 246.29 -1 -1 -1 -1000 -1000 -1000 -10 1
41 20 Car -1 -1 -1 111.63 162.66 180.15 194.44 -1 -1 -1 -1000 -1000 -1000 -10 1
41 19 Car -1 -1 -1 -10.80 161.30 94.34 201.53 -1 -1 -1 -1000 -1000 -1000 -10 1
41 3 Car -1 -1 -1 537.19 168.09 570.53 194.97 -1 -1 -1 -1000 -1000 -1000 -10 1
42 21 Car -1 -1 -1 347.88 186.66 463.55 260.48 -1 -1 -1 -1000 -1000 -1000 -10 1
42 20 Car -1 -1 -1 91.85 159.46 163.32 192.51 -1 -1 -1 -1000 -1000 -1000 -10 1
42 19 Car -1 -1 -1 -17.41 161.31 77.32 202.03 -1 -1 -1 -1000 -1000 -1000 -10 1
42 3 Car -1 -1 -1 537.42 166.11 570.61 192.52 -1 -1 -1 -1000 -1000 -1000 -10 1
43 21 Car -1 -1 -1 282.50 191.87 434.11 285.45 -1 -1 -1 -1000 -1000 -1000 -10 1
43 20 Car -1 -1 -1 73.34 157.55 148.74 191.94 -1 -1 -1 -1000 -1000 -1000 -10 1
43 3 Car -1 -1 -1 537.82 164.46 570.51 190.58 -1 -1 -1 -1000 -1000 -1000 -10 1
44 23 Car -1 -1 -1 453.78 167.85 498.96 197.96 -1 -1 -1 -1000 -1000 -1000 -10 1
44 20 Car -1 -1 -1 53.14 155.87 135.37 190.86 -1 -1 -1 -1000 -1000 -1000 -10 1
44 3 Car -1 -1 -1 539.07 165.22 571.07 190.54 -1 -1 -1 -1000 -1000 -1000 -10 1
45 23 Car -1 -1 -1 450.99 172.20 499.53 204.09 -1 -1 -1 -1000 -1000 -1000 -10 1
45 3 Car -1 -1 -1 540.66 167.87 571.84 192.55 -1 -1 -1 -1000 -1000 -1000 -10 1
46 24 Car -1 -1 -1 5.39 164.10 93.69 200.73 -1 -1 -1 -1000 -1000 -1000 -10 1
46 23 Car -1 -1 -1 445.10 173.53 497.76 208.46 -1 -1 -1 -1000 -1000 -1000 -10 1
46 3 Car -1 -1 -1 543.24 168.77 573.71 193.03 -1 -1 -1 -1000 -1000 -1000 -10 1
47 24 Car -1 -1 -1 -5.20 159.07 82.74 195.50 -1 -1 -1 -1000 -1000 -1000 -10 1
47 23 Car -1 -1 -1 436.80 173.80 495.47 212.41 -1 -1 -1 -1000 -1000 -1000 -10 1
47 3 Car -1 -1 -1 546.70 168.42 576.84 192.30 -1 -1 -1 -1000 -1000 -1000 -10 1
48 24 Car -1 -1 -1 -12.46 161.27 64.19 197.68 -1 -1 -1 -1000 -1000 -1000 -10 1
48 23 Car -1 -1 -1 423.20 173.43 489.54 217.57 -1 -1 -1 -1000 -1000 -1000 -10 1
48 3 Car -1 -1 -1 548.36 168.30 578.33 191.59 -1 -1 -1 -1000 -1000 -1000 -10 1
49 23 Car -1 -1 -1 403.74 174.13 478.13 223.10 -1 -1 -1 -1000 -1000 -1000 -10 1
49 3 Car -1 -1 -1 550.07 167.69 579.72 190.43 -1 -1 -1 -1000 -1000 -1000 -10 1
50 23 Car -1 -1 -1 379.06 177.32 464.69 232.29 -1 -1 -1 -1000 -1000 -1000 -10 1
50 3 Car -1 -1 -1 551.53 166.66 580.90 188.98 -1 -1 -1 -1000 -1000 -1000 -10 1
51 28 Car -1 -1 -1 592.53 156.74 615.85 182.34 -1 -1 -1 -1000 -1000 -1000 -10 1
51 23 Car -1 -1 -1 345.65 178.84 447.48 243.37 -1 -1 -1 -1000 -1000 -1000 -10 1
51 3 Car -1 -1 -1 552.72 166.25 581.67 187.98 -1 -1 -1 -1000 -1000 -1000 -10 1
52 23 Car -1 -1 -1 290.94 184.77 414.85 262.34 -1 -1 -1 -1000 -1000 -1000 -10 1
52 3 Car -1 -1 -1 554.18 165.92 582.27 187.97 -1 -1 -1 -1000 -1000 -1000 -10 1
53 3 Car -1 -1 -1 554.91 166.64 582.64 188.21 -1 -1 -1 -1000 -1000 -1000 -10 1
54 29 Car -1 -1 -1 594.30 163.96 616.42 188.12 -1 -1 -1 -1000 -1000 -1000 -10 1
54 3 Car -1 -1 -1 556.75 168.64 583.54 189.57 -1 -1 -1 -1000 -1000 -1000 -10 1
55 29 Car -1 -1 -1 596.44 166.14 619.98 191.91 -1 -1 -1 -1000 -1000 -1000 -10 1
55 3 Car -1 -1 -1 557.97 172.16 583.90 193.01 -1 -1 -1 -1000 -1000 -1000 -10 1
56 29 Car -1 -1 -1 598.69 168.10 622.37 193.82 -1 -1 -1 -1000 -1000 -1000 -10 1
56 3 Car -1 -1 -1 558.79 172.74 584.32 193.85 -1 -1 -1 -1000 -1000 -1000 -10 1
57 29 Car -1 -1 -1 603.69 167.43 626.44 190.08 -1 -1 -1 -1000 -1000 -1000 -10 1
58 29 Car -1 -1 -1 605.63 164.74 628.70 186.08 -1 -1 -1 -1000 -1000 -1000 -10 1
59 29 Car -1 -1 -1 610.76 165.14 632.44 185.24 -1 -1 -1 -1000 -1000 -1000 -10 1
60 29 Car -1 -1 -1 615.38 163.94 636.62 184.03 -1 -1 -1 -1000 -1000 -1000 -10 1
60 3 Car -1 -1 -1 571.71 166.54 595.68 187.34 -1 -1 -1 -1000 -1000 -1000 -10 1
61 29 Car -1 -1 -1 618.42 164.90 640.05 183.72 -1 -1 -1 -1000 -1000 -1000 -10 1
61 3 Car -1 -1 -1 571.37 168.19 595.23 189.09 -1 -1 -1 -1000 -1000 -1000 -10 1
62 3 Car -1 -1 -1 575.76 170.22 599.46 190.86 -1 -1 -1 -1000 -1000 -1000 -10 1
63 3 Car -1 -1 -1 580.42 171.31 604.10 191.81 -1 -1 -1 -1000 -1000 -1000 -10 1
64 33 Car -1 -1 -1 631.74 170.27 656.54 190.61 -1 -1 -1 -1000 -1000 -1000 -10 1
64 3 Car -1 -1 -1 584.11 171.80 607.81 192.25 -1 -1 -1 -1000 -1000 -1000 -10 1
65 33 Car -1 -1 -1 633.17 170.72 658.17 191.56 -1 -1 -1 -1000 -1000 -1000 -10 1
65 3 Car -1 -1 -1 587.38 172.97 611.54 193.67 -1 -1 -1 -1000 -1000 -1000 -10 1
66 33 Car -1 -1 -1 633.35 171.44 658.32 191.86 -1 -1 -1 -1000 -1000 -1000 -10 1
66 3 Car -1 -1 -1 590.87 174.83 615.99 195.94 -1 -1 -1 -1000 -1000 -1000 -10 1
67 33 Car -1 -1 -1 635.10 171.24 660.57 192.04 -1 -1 -1 -1000 -1000 -1000 -10 1
67 3 Car -1 -1 -1 594.60 175.32 620.42 196.80 -1 -1 -1 -1000 -1000 -1000 -10 1
68 33 Car -1 -1 -1 641.12 168.43 666.46 190.15 -1 -1 -1 -1000 -1000 -1000 -10 1
68 3 Car -1 -1 -1 600.70 174.71 627.09 196.33 -1 -1 -1 -1000 -1000 -1000 -10 1
69 33 Car -1 -1 -1 642.79 166.62 667.98 189.23 -1 -1 -1 -1000 -1000 -1000 -10 1
69 3 Car -1 -1 -1 602.57 174.20 629.07 195.88 -1 -1 -1 -1000 -1000 -1000 -10 1
70 33 Car -1 -1 -1 644.56 167.37 669.42 190.09 -1 -1 -1 -1000 -1000 -1000 -10 1
70 3 Car -1 -1 -1 602.90 174.28 629.25 196.06 -1 -1 -1 -1000 -1000 -1000 -10 1
71 33 Car -1 -1 -1 644.46 167.48 668.82 190.16 -1 -1 -1 -1000 -1000 -1000 -10 1
71 3 Car -1 -1 -1 603.39 173.87 629.42 195.68 -1 -1 -1 -1000 -1000 -1000 -10 1
72 33 Car -1 -1 -1 643.48 167.32 667.65 189.97 -1 -1 -1 -1000 -1000 -1000 -10 1
72 3 Car -1 -1 -1 599.78 173.93 625.26 194.38 -1 -1 -1 -1000 -1000 -1000 -10 1
73 33 Car -1 -1 -1 643.23 166.83 667.48 190.04 -1 -1 -1 -1000 -1000 -1000 -10 1
73 3 Car -1 -1 -1 602.84 174.65 628.13 195.36 -1 -1 -1 -1000 -1000 -1000 -10 1
74 34 Car -1 -1 -1 471.70 176.24 498.14 197.14 -1 -1 -1 -1000 -1000 -1000 -10 1
74 33 Car -1 -1 -1 643.68 167.39 668.48 191.46 -1 -1 -1 -1000 -1000 -1000 -10 1
74 3 Car -1 -1 -1 603.07 175.27 628.69 196.69 -1 -1 -1 -1000 -1000 -1000 -10 1
75 34 Car -1 -1 -1 462.91 172.58 492.90 195.77 -1 -1 -1 -1000 -1000 -1000 -10 1
75 33 Car -1 -1 -1 646.82 170.73 671.87 194.36 -1 -1 -1 -1000 -1000 -1000 -10 1
75 3 Car -1 -1 -1 602.57 175.69 628.25 197.28 -1 -1 -1 -1000 -1000 -1000 -10 1
76 34 Car -1 -1 -1 451.60 174.16 483.83 198.80 -1 -1 -1 -1000 -1000 -1000 -10 1
76 33 Car -1 -1 -1 646.88 171.69 672.22 195.33 -1 -1 -1 -1000 -1000 -1000 -10 1
76 3 Car -1 -1 -1 601.85 175.55 627.53 197.44 -1 -1 -1 -1000 -1000 -1000 -10 1
77 34 Car -1 -1 -1 440.87 175.38 475.96 201.00 -1 -1 -1 -1000 -1000 -1000 -10 1
77 33 Car -1 -1 -1 643.59 169.06 669.10 193.36 -1 -1 -1 -1000 -1000 -1000 -10 1
77 3 Car -1 -1 -1 601.38 175.16 626.62 196.77 -1 -1 -1 -1000 -1000 -1000 -10 1
78 34 Car -1 -1 -1 429.39 176.58 468.11 204.16 -1 -1 -1 -1000 -1000 -1000 -10 1
78 33 Car -1 -1 -1 642.18 167.84 667.93 192.82 -1 -1 -1 -1000 -1000 -1000 -10 1
78 3 Car -1 -1 -1 600.92 175.23 626.13 196.56 -1 -1 -1 -1000 -1000 -1000 -10 1
79 34 Car -1 -1 -1 414.13 178.62 457.56 209.24 -1 -1 -1 -1000 -1000 -1000 -10 1
79 33 Car -1 -1 -1 638.43 171.79 663.76 195.63 -1 -1 -1 -1000 -1000 -1000 -10 1
79 3 Car -1 -1 -1 598.61 175.86 623.76 197.06 -1 -1 -1 -1000 -1000 -1000 -10 1
80 34 Car -1 -1 -1 399.37 179.92 448.99 214.69 -1 -1 -1 -1000 -1000 -1000 -10 1
80 33 Car -1 -1 -1 632.92 173.69 657.48 196.32 -1 -1 -1 -1000 -1000 -1000 -10 1
80 3 Car -1 -1 -1 597.98 176.43 622.85 197.31 -1 -1 -1 -1000 -1000 -1000 -10 1
81 34 Car -1 -1 -1 379.49 180.24 435.40 218.99 -1 -1 -1 -1000 -1000 -1000 -10 1
81 33 Car -1 -1 -1 635.82 173.45 660.19 195.45 -1 -1 -1 -1000 -1000 -1000 -10 1
81 3 Car -1 -1 -1 598.13 176.36 623.10 197.06 -1 -1 -1 -1000 -1000 -1000 -10 1
82 34 Car -1 -1 -1 353.91 180.00 416.66 223.04 -1 -1 -1 -1000 -1000 -1000 -10 1
82 33 Car -1 -1 -1 638.00 170.63 662.94 193.66 -1 -1 -1 -1000 -1000 -1000 -10 1
82 3 Car -1 -1 -1 598.27 175.77 623.50 196.57 -1 -1 -1 -1000 -1000 -1000 -10 1
83 36 Car -1 -1 -1 479.76 171.75 511.55 194.97 -1 -1 -1 -1000 -1000 -1000 -10 1
83 34 Car -1 -1 -1 322.63 181.01 396.68 228.64 -1 -1 -1 -1000 -1000 -1000 -10 1
83 33 Car -1 -1 -1 638.67 169.16 663.96 192.86 -1 -1 -1 -1000 -1000 -1000 -10 1
83 3 Car -1 -1 -1 593.95 176.03 618.73 195.51 -1 -1 -1 -1000 -1000 -1000 -10 1
84 36 Car -1 -1 -1 471.14 171.93 503.81 194.39 -1 -1 -1 -1000 -1000 -1000 -10 1
84 34 Car -1 -1 -1 278.18 181.16 364.42 236.80 -1 -1 -1 -1000 -1000 -1000 -10 1
84 33 Car -1 -1 -1 638.40 167.05 663.73 191.38 -1 -1 -1 -1000 -1000 -1000 -10 1
84 3 Car -1 -1 -1 592.93 174.71 617.66 193.64 -1 -1 -1 -1000 -1000 -1000 -10 1
85 36 Car -1 -1 -1 466.05 170.51 501.23 195.03 -1 -1 -1 -1000 -1000 -1000 -10 1
85 33 Car -1 -1 -1 638.99 168.12 663.76 191.71 -1 -1 -1 -1000 -1000 -1000 -10 1
85 3 Car -1 -1 -1 592.09 172.71 616.09 191.15 -1 -1 -1 -1000 -1000 -1000 -10 1
86 36 Car -1 -1 -1 457.03 170.66 497.56 195.45 -1 -1 -1 -1000 -1000 -1000 -10 1
86 33 Car -1 -1 -1 639.36 170.96 663.54 193.69 -1 -1 -1 -1000 -1000 -1000 -10 1
87 36 Car -1 -1 -1 457.47 172.67 497.87 197.84 -1 -1 -1 -1000 -1000 -1000 -10 1
87 33 Car -1 -1 -1 639.07 169.27 663.79 193.15 -1 -1 -1 -1000 -1000 -1000 -10 1
88 33 Car -1 -1 -1 639.65 171.59 664.26 194.82 -1 -1 -1 -1000 -1000 -1000 -10 1
89 33 Car -1 -1 -1 637.30 174.33 661.54 196.86 -1 -1 -1 -1000 -1000 -1000 -10 1
90 41 Car -1 -1 -1 391.14 167.91 459.05 215.62 -1 -1 -1 -1000 -1000 -1000 -10 1
90 33 Car -1 -1 -1 640.88 170.80 665.44 194.46 -1 -1 -1 -1000 -1000 -1000 -10 1
91 41 Car -1 -1 -1 370.74 168.34 442.27 218.54 -1 -1 -1 -1000 -1000 -1000 -10 1
91 33 Car -1 -1 -1 643.52 170.72 667.92 194.18 -1 -1 -1 -1000 -1000 -1000 -10 1
92 41 Car -1 -1 -1 356.68 159.09 428.87 211.20 -1 -1 -1 -1000 -1000 -1000 -10 1
92 38 Car -1 -1 -1 603.09 173.89 627.91 195.98 -1 -1 -1 -1000 -1000 -1000 -10 1
93 38 Car -1 -1 -1 602.04 173.86 627.30 196.75 -1 -1 -1 -1000 -1000 -1000 -10 1
94 43 Car -1 -1 -1 644.85 168.04 669.97 194.52 -1 -1 -1 -1000 -1000 -1000 -10 1
95 47 Car -1 -1 -1 134.75 182.78 286.74 269.88 -1 -1 -1 -1000 -1000 -1000 -10 1
95 46 Car -1 -1 -1 341.34 177.05 405.62 218.04 -1 -1 -1 -1000 -1000 -1000 -10 1
95 45 Car -1 -1 -1 450.82 178.49 486.79 202.59 -1 -1 -1 -1000 -1000 -1000 -10 1
95 43 Car -1 -1 -1 645.93 168.40 670.88 194.64 -1 -1 -1 -1000 -1000 -1000 -10 1
96 47 Car -1 -1 -1 16.54 182.00 235.23 308.48 -1 -1 -1 -1000 -1000 -1000 -10 1
96 46 Car -1 -1 -1 311.92 177.00 383.76 223.33 -1 -1 -1 -1000 -1000 -1000 -10 1
96 45 Car -1 -1 -1 442.98 177.48 481.03 203.48 -1 -1 -1 -1000 -1000 -1000 -10 1
96 43 Car -1 -1 -1 646.60 168.28 671.74 194.40 -1 -1 -1 -1000 -1000 -1000 -10 1
97 47 Car -1 -1 -1 -40.15 186.79 147.37 315.40 -1 -1 -1 -1000 -1000 -1000 -10 1
97 46 Car -1 -1 -1 269.22 175.01 359.11 227.74 -1 -1 -1 -1000 -1000 -1000 -10 1
97 45 Car -1 -1 -1 423.79 173.99 465.49 202.52 -1 -1 -1 -1000 -1000 -1000 -10 1
97 43 Car -1 -1 -1 645.97 167.24 670.76 193.02 -1 -1 -1 -1000 -1000 -1000 -10 1
98 46 Car -1 -1 -1 212.88 171.12 326.52 233.61 -1 -1 -1 -1000 -1000 -1000 -10 1
98 45 Car -1 -1 -1 406.60 174.14 452.87 204.74 -1 -1 -1 -1000 -1000 -1000 -10 1
98 43 Car -1 -1 -1 644.17 165.62 668.37 191.18 -1 -1 -1 -1000 -1000 -1000 -10 1
99 46 Car -1 -1 -1 137.04 168.98 276.63 244.98 -1 -1 -1 -1000 -1000 -1000 -10 1
99 45 Car -1 -1 -1 385.53 174.76 439.03 208.85 -1 -1 -1 -1000 -1000 -1000 -10 1
99 43 Car -1 -1 -1 645.01 166.76 669.68 192.60 -1 -1 -1 -1000 -1000 -1000 -10 1
100 49 Car -1 -1 -1 646.46 171.33 673.20 196.99 -1 -1 -1 -1000 -1000 -1000 -10 1
100 46 Car -1 -1 -1 36.82 174.12 214.03 269.34 -1 -1 -1 -1000 -1000 -1000 -10 1
100 45 Car -1 -1 -1 357.29 174.12 419.95 213.79 -1 -1 -1 -1000 -1000 -1000 -10 1
101 49 Car -1 -1 -1 645.41 171.73 673.09 198.19 -1 -1 -1 -1000 -1000 -1000 -10 1
101 46 Car -1 -1 -1 -22.52 180.93 132.65 276.83 -1 -1 -1 -1000 -1000 -1000 -10 1
101 45 Car -1 -1 -1 325.42 178.32 399.80 222.04 -1 -1 -1 -1000 -1000 -1000 -10 1
102 50 Car -1 -1 -1 615.15 178.26 635.49 194.68 -1 -1 -1 -1000 -1000 -1000 -10 1
102 49 Car -1 -1 -1 644.35 170.43 671.99 196.72 -1 -1 -1 -1000 -1000 -1000 -10 1
102 45 Car -1 -1 -1 279.14 177.82 372.46 230.25 -1 -1 -1 -1000 -1000 -1000 -10 1
103 53 Car -1 -1 -1 580.30 174.63 602.47 192.01 -1 -1 -1 -1000 -1000 -1000 -10 1
103 50 Car -1 -1 -1 620.11 176.38 640.70 193.39 -1 -1 -1 -1000 -1000 -1000 -10 1
103 49 Car -1 -1 -1 641.49 167.77 667.94 193.69 -1 -1 -1 -1000 -1000 -1000 -10 1
103 45 Car -1 -1 -1 220.04 177.19 332.78 238.57 -1 -1 -1 -1000 -1000 -1000 -10 1
104 53 Car -1 -1 -1 578.59 173.71 600.89 191.21 -1 -1 -1 -1000 -1000 -1000 -10 1
104 49 Car -1 -1 -1 642.45 166.82 668.60 192.96 -1 -1 -1 -1000 -1000 -1000 -10 1
104 45 Car -1 -1 -1 137.62 179.06 280.87 252.29 -1 -1 -1 -1000 -1000 -1000 -10 1
105 53 Car -1 -1 -1 578.58 175.39 600.82 192.95 -1 -1 -1 -1000 -1000 -1000 -10 1
105 49 Car -1 -1 -1 644.07 167.66 670.98 194.45 -1 -1 -1 -1000 -1000 -1000 -10 1
107 54 Car -1 -1 -1 630.94 178.61 652.66 197.69 -1 -1 -1 -1000 -1000 -1000 -10 1
109 59 Car -1 -1 -1 459.65 180.06 492.20 201.49 -1 -1 -1 -1000 -1000 -1000 -10 1
109 49 Car -1 -1 -1 646.56 169.87 674.92 198.08 -1 -1 -1 -1000 -1000 -1000 -10 1
110 60 Car -1 -1 -1 246.80 136.86 397.42 210.99 -1 -1 -1 -1000 -1000 -1000 -10 1
110 59 Car -1 -1 -1 454.20 179.94 489.67 202.80 -1 -1 -1 -1000 -1000 -1000 -10 1
110 49 Car -1 -1 -1 646.83 169.44 675.76 197.85 -1 -1 -1 -1000 -1000 -1000 -10 1
111 61 Car -1 -1 -1 641.52 177.89 663.82 197.88 -1 -1 -1 -1000 -1000 -1000 -10 1
111 60 Car -1 -1 -1 208.76 133.66 378.89 216.04 -1 -1 -1 -1000 -1000 -1000 -10 1
111 59 Car -1 -1 -1 439.79 177.90 478.87 202.54 -1 -1 -1 -1000 -1000 -1000 -10 1
111 49 Car -1 -1 -1 648.50 168.78 677.48 197.09 -1 -1 -1 -1000 -1000 -1000 -10 1
112 60 Car -1 -1 -1 155.86 128.58 352.62 221.62 -1 -1 -1 -1000 -1000 -1000 -10 1
112 59 Car -1 -1 -1 426.14 177.42 468.34 203.67 -1 -1 -1 -1000 -1000 -1000 -10 1
113 60 Car -1 -1 -1 98.82 123.11 313.48 224.49 -1 -1 -1 -1000 -1000 -1000 -10 1
113 59 Car -1 -1 -1 411.64 177.25 457.50 205.59 -1 -1 -1 -1000 -1000 -1000 -10 1
114 60 Car -1 -1 -1 31.09 115.13 295.44 237.62 -1 -1 -1 -1000 -1000 -1000 -10 1
114 59 Car -1 -1 -1 397.48 176.71 450.84 206.52 -1 -1 -1 -1000 -1000 -1000 -10 1
115 65 Car -1 -1 -1 456.33 177.20 487.12 194.04 -1 -1 -1 -1000 -1000 -1000 -10 1
115 60 Car -1 -1 -1 -4.66 108.56 281.49 242.32 -1 -1 -1 -1000 -1000 -1000 -10 1
115 59 Car -1 -1 -1 377.25 178.38 434.00 210.45 -1 -1 -1 -1000 -1000 -1000 -10 1
116 65 Car -1 -1 -1 448.26 178.48 481.32 197.74 -1 -1 -1 -1000 -1000 -1000 -10 1
116 60 Car -1 -1 -1 -24.19 107.75 254.12 248.17 -1 -1 -1 -1000 -1000 -1000 -10 1
116 59 Car -1 -1 -1 355.81 178.46 418.68 214.22 -1 -1 -1 -1000 -1000 -1000 -10 1
117 65 Car -1 -1 -1 438.90 177.80 473.68 198.95 -1 -1 -1 -1000 -1000 -1000 -10 1
117 59 Car -1 -1 -1 330.00 180.00 400.80 219.37 -1 -1 -1 -1000 -1000 -1000 -10 1
118 65 Car -1 -1 -1 429.77 178.54 467.22 201.49 -1 -1 -1 -1000 -1000 -1000 -10 1
118 59 Car -1 -1 -1 293.80 182.81 378.65 224.54 -1 -1 -1 -1000 -1000 -1000 -10 1
119 65 Car -1 -1 -1 416.24 178.69 454.96 202.21 -1 -1 -1 -1000 -1000 -1000 -10 1
119 59 Car -1 -1 -1 247.49 185.44 348.77 230.30 -1 -1 -1 -1000 -1000 -1000 -10 1
120 65 Car -1 -1 -1 404.94 178.13 444.79 202.35 -1 -1 -1 -1000 -1000 -1000 -10 1
120 59 Car -1 -1 -1 190.73 185.73 309.24 237.89 -1 -1 -1 -1000 -1000 -1000 -10 1
121 68 Car -1 -1 -1 654.50 179.40 685.88 201.97 -1 -1 -1 -1000 -1000 -1000 -10 1
121 65 Car -1 -1 -1 390.52 178.52 433.68 205.39 -1 -1 -1 -1000 -1000 -1000 -10 1
121 59 Car -1 -1 -1 112.31 186.36 256.72 246.62 -1 -1 -1 -1000 -1000 -1000 -10 1
122 68 Car -1 -1 -1 654.33 179.04 685.79 201.71 -1 -1 -1 -1000 -1000 -1000 -10 1
122 65 Car -1 -1 -1 371.97 178.40 418.83 207.85 -1 -1 -1 -1000 -1000 -1000 -10 1
122 59 Car -1 -1 -1 34.81 189.97 195.62 259.29 -1 -1 -1 -1000 -1000 -1000 -10 1
123 68 Car -1 -1 -1 655.27 178.90 686.29 201.09 -1 -1 -1 -1000 -1000 -1000 -10 1
123 65 Car -1 -1 -1 355.24 175.67 403.63 206.48 -1 -1 -1 -1000 -1000 -1000 -10 1
123 59 Car -1 -1 -1 -15.38 193.93 123.88 266.83 -1 -1 -1 -1000 -1000 -1000 -10 1
124 68 Car -1 -1 -1 655.96 179.50 686.81 201.58 -1 -1 -1 -1000 -1000 -1000 -10 1
124 65 Car -1 -1 -1 336.45 176.31 388.91 208.77 -1 -1 -1 -1000 -1000 -1000 -10 1
125 68 Car -1 -1 -1 656.63 179.34 687.68 201.50 -1 -1 -1 -1000 -1000 -1000 -10 1
125 65 Car -1 -1 -1 309.68 173.22 366.90 208.21 -1 -1 -1 -1000 -1000 -1000 -10 1
126 69 Car -1 -1 -1 445.98 174.66 478.34 196.20 -1 -1 -1 -1000 -1000 -1000 -10 1
126 68 Car -1 -1 -1 657.35 178.80 687.96 201.12 -1 -1 -1 -1000 -1000 -1000 -10 1
126 65 Car -1 -1 -1 278.47 171.75 341.65 209.24 -1 -1 -1 -1000 -1000 -1000 -10 1
127 69 Car -1 -1 -1 436.11 174.08 468.83 195.83 -1 -1 -1 -1000 -1000 -1000 -10 1
127 68 Car -1 -1 -1 657.47 177.21 687.87 199.68 -1 -1 -1 -1000 -1000 -1000 -10 1
127 65 Car -1 -1 -1 240.13 170.56 309.35 210.11 -1 -1 -1 -1000 -1000 -1000 -10 1
128 69 Car -1 -1 -1 424.92 174.66 458.67 197.08 -1 -1 -1 -1000 -1000 -1000 -10 1
128 68 Car -1 -1 -1 657.60 172.84 689.65 197.29 -1 -1 -1 -1000 -1000 -1000 -10 1
128 65 Car -1 -1 -1 189.91 169.82 272.80 214.33 -1 -1 -1 -1000 -1000 -1000 -10 1
129 69 Car -1 -1 -1 412.76 174.19 448.25 196.64 -1 -1 -1 -1000 -1000 -1000 -10 1
129 68 Car -1 -1 -1 660.04 170.94 692.97 196.45 -1 -1 -1 -1000 -1000 -1000 -10 1
130 69 Car -1 -1 -1 397.19 175.75 436.46 200.09 -1 -1 -1 -1000 -1000 -1000 -10 1
130 68 Car -1 -1 -1 661.52 169.94 695.25 196.65 -1 -1 -1 -1000 -1000 -1000 -10 1
131 69 Car -1 -1 -1 378.79 176.22 423.77 203.33 -1 -1 -1 -1000 -1000 -1000 -10 1
131 68 Car -1 -1 -1 662.33 171.24 696.14 198.40 -1 -1 -1 -1000 -1000 -1000 -10 1
132 69 Car -1 -1 -1 362.76 175.90 411.42 204.70 -1 -1 -1 -1000 -1000 -1000 -10 1
132 68 Car -1 -1 -1 663.82 172.82 697.57 200.62 -1 -1 -1 -1000 -1000 -1000 -10 1
133 69 Car -1 -1 -1 344.26 177.80 398.63 206.24 -1 -1 -1 -1000 -1000 -1000 -10 1
133 68 Car -1 -1 -1 664.78 173.50 697.83 201.26 -1 -1 -1 -1000 -1000 -1000 -10 1
134 69 Car -1 -1 -1 324.00 179.31 382.12 209.91 -1 -1 -1 -1000 -1000 -1000 -10 1
134 68 Car -1 -1 -1 669.12 174.58 701.90 201.94 -1 -1 -1 -1000 -1000 -1000 -10 1
135 69 Car -1 -1 -1 299.52 180.18 361.54 213.13 -1 -1 -1 -1000 -1000 -1000 -10 1
135 68 Car -1 -1 -1 672.92 172.98 705.92 200.18 -1 -1 -1 -1000 -1000 -1000 -10 1
136 69 Car -1 -1 -1 266.82 181.03 339.34 215.71 -1 -1 -1 -1000 -1000 -1000 -10 1
136 68 Car -1 -1 -1 675.92 172.03 709.77 199.34 -1 -1 -1 -1000 -1000 -1000 -10 1
137 69 Car -1 -1 -1 227.37 184.99 314.48 220.85 -1 -1 -1 -1000 -1000 -1000 -10 1
137 68 Car -1 -1 -1 678.83 170.67 713.00 198.12 -1 -1 -1 -1000 -1000 -1000 -10 1
138 69 Car -1 -1 -1 174.49 186.29 279.39 225.74 -1 -1 -1 -1000 -1000 -1000 -10 1
138 68 Car -1 -1 -1 679.20 170.26 713.14 198.17 -1 -1 -1 -1000 -1000 -1000 -10 1
139 69 Car -1 -1 -1 113.51 186.39 237.31 231.73 -1 -1 -1 -1000 -1000 -1000 -10 1
139 68 Car -1 -1 -1 686.51 172.70 720.67 201.03 -1 -1 -1 -1000 -1000 -1000 -10 1
140 68 Car -1 -1 -1 692.50 174.57 726.19 203.20 -1 -1 -1 -1000 -1000 -1000 -10 1
141 68 Car -1 -1 -1 700.57 176.77 735.22 205.60 -1 -1 -1 -1000 -1000 -1000 -10 1
142 68 Car -1 -1 -1 705.77 179.10 741.76 207.91 -1 -1 -1 -1000 -1000 -1000 -10 1
143 68 Car -1 -1 -1 710.77 181.06 747.55 210.59 -1 -1 -1 -1000 -1000 -1000 -10 1
144 68 Car -1 -1 -1 717.88 178.73 753.56 208.02 -1 -1 -1 -1000 -1000 -1000 -10 1
145 68 Car -1 -1 -1 720.89 173.30 755.87 202.41 -1 -1 -1 -1000 -1000 -1000 -10 1
146 68 Car -1 -1 -1 725.54 172.19 758.46 199.83 -1 -1 -1 -1000 -1000 -1000 -10 1
149 77 Car -1 -1 -1 751.28 177.81 797.09 208.86 -1 -1 -1 -1000 -1000 -1000 -10 1
150 77 Car -1 -1 -1 756.56 176.81 802.85 207.99 -1 -1 -1 -1000 -1000 -1000 -10 1
151 77 Car -1 -1 -1 762.28 175.98 809.47 208.04 -1 -1 -1 -1000 -1000 -1000 -10 1
152 77 Car -1 -1 -1 766.70 176.82 815.61 210.10 -1 -1 -1 -1000 -1000 -1000 -10 1
153 77 Car -1 -1 -1 768.93 176.37 820.87 211.22 -1 -1 -1 -1000 -1000 -1000 -10 1
154 80 Car -1 -1 -1 631.96 176.12 654.97 194.26 -1 -1 -1 -1000 -1000 -1000 -10 1
154 77 Car -1 -1 -1 769.48 176.73 824.63 212.97 -1 -1 -1 -1000 -1000 -1000 -10 1
155 80 Car -1 -1 -1 630.02 175.29 653.39 193.69 -1 -1 -1 -1000 -1000 -1000 -10 1
155 77 Car -1 -1 -1 773.33 177.07 830.71 214.53 -1 -1 -1 -1000 -1000 -1000 -10 1
156 80 Car -1 -1 -1 627.86 174.64 651.00 192.97 -1 -1 -1 -1000 -1000 -1000 -10 1
156 77 Car -1 -1 -1 774.42 176.33 833.65 214.80 -1 -1 -1 -1000 -1000 -1000 -10 1
157 82 Car -1 -1 -1 742.79 176.27 773.24 197.11 -1 -1 -1 -1000 -1000 -1000 -10 1
157 80 Car -1 -1 -1 627.40 174.61 650.27 192.78 -1 -1 -1 -1000 -1000 -1000 -10 1
157 77 Car -1 -1 -1 777.92 174.71 840.05 212.82 -1 -1 -1 -1000 -1000 -1000 -10 1
158 82 Car -1 -1 -1 741.02 175.33 771.52 197.11 -1 -1 -1 -1000 -1000 -1000 -10 1
158 80 Car -1 -1 -1 629.47 175.97 651.95 193.65 -1 -1 -1 -1000 -1000 -1000 -10 1
158 77 Car -1 -1 -1 780.82 175.90 843.66 216.24 -1 -1 -1 -1000 -1000 -1000 -10 1
159 82 Car -1 -1 -1 741.03 174.90 771.95 197.79 -1 -1 -1 -1000 -1000 -1000 -10 1
159 80 Car -1 -1 -1 627.28 175.42 650.15 193.26 -1 -1 -1 -1000 -1000 -1000 -10 1
159 77 Car -1 -1 -1 784.63 176.73 849.01 218.01 -1 -1 -1 -1000 -1000 -1000 -10 1
160 82 Car -1 -1 -1 744.79 173.56 776.77 196.61 -1 -1 -1 -1000 -1000 -1000 -10 1
160 80 Car -1 -1 -1 623.76 172.97 647.35 191.45 -1 -1 -1 -1000 -1000 -1000 -10 1
160 77 Car -1 -1 -1 784.97 176.11 852.79 218.17 -1 -1 -1 -1000 -1000 -1000 -10 1
161 82 Car -1 -1 -1 745.97 173.22 779.46 196.12 -1 -1 -1 -1000 -1000 -1000 -10 1
161 80 Car -1 -1 -1 623.86 171.70 647.68 190.35 -1 -1 -1 -1000 -1000 -1000 -10 1
161 77 Car -1 -1 -1 785.00 175.03 857.46 217.82 -1 -1 -1 -1000 -1000 -1000 -10 1
162 82 Car -1 -1 -1 746.30 172.75 780.87 196.22 -1 -1 -1 -1000 -1000 -1000 -10 1
162 80 Car -1 -1 -1 620.96 170.99 644.79 189.75 -1 -1 -1 -1000 -1000 -1000 -10 1
162 77 Car -1 -1 -1 787.66 174.29 862.77 218.23 -1 -1 -1 -1000 -1000 -1000 -10 1
163 82 Car -1 -1 -1 747.06 172.54 781.18 196.71 -1 -1 -1 -1000 -1000 -1000 -10 1
163 80 Car -1 -1 -1 619.56 171.05 643.32 190.12 -1 -1 -1 -1000 -1000 -1000 -10 1
163 77 Car -1 -1 -1 793.29 174.28 869.61 219.47 -1 -1 -1 -1000 -1000 -1000 -10 1
164 80 Car -1 -1 -1 616.74 172.31 640.54 191.86 -1 -1 -1 -1000 -1000 -1000 -10 1
164 77 Car -1 -1 -1 798.82 174.85 877.58 221.12 -1 -1 -1 -1000 -1000 -1000 -10 1
165 80 Car -1 -1 -1 614.94 172.75 638.66 192.68 -1 -1 -1 -1000 -1000 -1000 -10 1
165 77 Car -1 -1 -1 804.23 175.15 885.88 222.78 -1 -1 -1 -1000 -1000 -1000 -10 1
166 80 Car -1 -1 -1 614.38 174.14 637.78 194.22 -1 -1 -1 -1000 -1000 -1000 -10 1
166 77 Car -1 -1 -1 809.78 178.01 894.40 225.85 -1 -1 -1 -1000 -1000 -1000 -10 1
167 82 Car -1 -1 -1 750.53 179.29 788.71 207.19 -1 -1 -1 -1000 -1000 -1000 -10 1
167 80 Car -1 -1 -1 610.55 173.02 633.30 192.28 -1 -1 -1 -1000 -1000 -1000 -10 1
167 77 Car -1 -1 -1 812.73 180.83 903.97 226.28 -1 -1 -1 -1000 -1000 -1000 -10 1
168 82 Car -1 -1 -1 752.04 178.20 791.61 206.59 -1 -1 -1 -1000 -1000 -1000 -10 1
168 80 Car -1 -1 -1 605.87 173.13 628.81 192.59 -1 -1 -1 -1000 -1000 -1000 -10 1
168 77 Car -1 -1 -1 816.35 180.05 913.17 226.12 -1 -1 -1 -1000 -1000 -1000 -10 1
169 82 Car -1 -1 -1 752.83 176.80 794.03 205.43 -1 -1 -1 -1000 -1000 -1000 -10 1
169 80 Car -1 -1 -1 601.98 172.22 625.45 192.19 -1 -1 -1 -1000 -1000 -1000 -10 1
169 77 Car -1 -1 -1 818.54 179.30 924.13 227.63 -1 -1 -1 -1000 -1000 -1000 -10 1
170 82 Car -1 -1 -1 755.39 176.58 798.30 205.99 -1 -1 -1 -1000 -1000 -1000 -10 1
170 80 Car -1 -1 -1 600.04 172.22 623.79 192.49 -1 -1 -1 -1000 -1000 -1000 -10 1
170 77 Car -1 -1 -1 824.72 180.79 936.02 228.96 -1 -1 -1 -1000 -1000 -1000 -10 1
171 82 Car -1 -1 -1 758.84 176.80 804.25 207.65 -1 -1 -1 -1000 -1000 -1000 -10 1
171 80 Car -1 -1 -1 596.82 172.13 620.99 192.91 -1 -1 -1 -1000 -1000 -1000 -10 1
171 77 Car -1 -1 -1 833.41 182.13 950.90 231.68 -1 -1 -1 -1000 -1000 -1000 -10 1
172 82 Car -1 -1 -1 761.11 177.64 809.17 209.76 -1 -1 -1 -1000 -1000 -1000 -10 1
172 80 Car -1 -1 -1 592.84 172.96 617.20 193.92 -1 -1 -1 -1000 -1000 -1000 -10 1
172 77 Car -1 -1 -1 841.37 183.21 964.72 234.39 -1 -1 -1 -1000 -1000 -1000 -10 1
173 82 Car -1 -1 -1 762.53 177.91 813.28 211.57 -1 -1 -1 -1000 -1000 -1000 -10 1
173 80 Car -1 -1 -1 589.71 173.16 614.89 194.80 -1 -1 -1 -1000 -1000 -1000 -10 1
173 77 Car -1 -1 -1 848.78 183.12 976.46 236.32 -1 -1 -1 -1000 -1000 -1000 -10 1
174 82 Car -1 -1 -1 766.06 178.10 818.78 212.11 -1 -1 -1 -1000 -1000 -1000 -10 1
174 80 Car -1 -1 -1 582.57 173.43 608.13 195.23 -1 -1 -1 -1000 -1000 -1000 -10 1
174 77 Car -1 -1 -1 858.36 182.82 989.29 238.05 -1 -1 -1 -1000 -1000 -1000 -10 1
175 82 Car -1 -1 -1 771.80 177.24 826.45 212.40 -1 -1 -1 -1000 -1000 -1000 -10 1
175 80 Car -1 -1 -1 577.45 172.98 603.35 195.25 -1 -1 -1 -1000 -1000 -1000 -10 1
175 77 Car -1 -1 -1 868.15 181.18 1006.52 240.19 -1 -1 -1 -1000 -1000 -1000 -10 1
176 82 Car -1 -1 -1 776.53 176.78 833.64 213.30 -1 -1 -1 -1000 -1000 -1000 -10 1
176 80 Car -1 -1 -1 573.72 173.34 599.58 195.73 -1 -1 -1 -1000 -1000 -1000 -10 1
176 77 Car -1 -1 -1 878.36 181.81 1024.25 243.57 -1 -1 -1 -1000 -1000 -1000 -10 1
177 82 Car -1 -1 -1 779.10 176.69 838.61 214.27 -1 -1 -1 -1000 -1000 -1000 -10 1
177 77 Car -1 -1 -1 888.40 181.58 1044.30 248.12 -1 -1 -1 -1000 -1000 -1000 -10 1
178 82 Car -1 -1 -1 782.37 174.90 844.22 213.41 -1 -1 -1 -1000 -1000 -1000 -10 1
178 77 Car -1 -1 -1 907.90 180.20 1067.38 250.28 -1 -1 -1 -1000 -1000 -1000 -10 1
179 82 Car -1 -1 -1 784.37 175.88 848.68 215.36 -1 -1 -1 -1000 -1000 -1000 -10 1
179 77 Car -1 -1 -1 924.95 180.50 1091.00 254.26 -1 -1 -1 -1000 -1000 -1000 -10 1
180 82 Car -1 -1 -1 786.48 175.84 854.99 217.27 -1 -1 -1 -1000 -1000 -1000 -10 1
180 77 Car -1 -1 -1 932.97 182.25 1117.83 262.08 -1 -1 -1 -1000 -1000 -1000 -10 1
181 90 Car -1 -1 -1 524.32 169.44 557.53 191.16 -1 -1 -1 -1000 -1000 -1000 -10 1
181 82 Car -1 -1 -1 790.52 174.93 861.97 217.95 -1 -1 -1 -1000 -1000 -1000 -10 1
181 77 Car -1 -1 -1 938.35 179.54 1143.07 265.59 -1 -1 -1 -1000 -1000 -1000 -10 1
182 90 Car -1 -1 -1 517.67 171.10 550.60 193.64 -1 -1 -1 -1000 -1000 -1000 -10 1
182 82 Car -1 -1 -1 795.53 175.49 869.45 219.44 -1 -1 -1 -1000 -1000 -1000 -10 1
182 77 Car -1 -1 -1 956.38 178.62 1180.64 271.36 -1 -1 -1 -1000 -1000 -1000 -10 1
183 90 Car -1 -1 -1 504.52 171.61 540.28 195.43 -1 -1 -1 -1000 -1000 -1000 -10 1
183 82 Car -1 -1 -1 800.13 175.57 879.33 220.42 -1 -1 -1 -1000 -1000 -1000 -10 1
183 77 Car -1 -1 -1 973.70 179.56 1213.53 275.03 -1 -1 -1 -1000 -1000 -1000 -10 1
184 90 Car -1 -1 -1 496.56 171.17 534.27 195.24 -1 -1 -1 -1000 -1000 -1000 -10 1
184 82 Car -1 -1 -1 804.92 175.89 886.39 221.31 -1 -1 -1 -1000 -1000 -1000 -10 1
184 77 Car -1 -1 -1 982.74 179.35 1228.06 275.70 -1 -1 -1 -1000 -1000 -1000 -10 1
185 90 Car -1 -1 -1 482.85 170.17 522.50 195.43 -1 -1 -1 -1000 -1000 -1000 -10 1
185 82 Car -1 -1 -1 811.11 176.97 899.25 222.61 -1 -1 -1 -1000 -1000 -1000 -10 1
185 77 Car -1 -1 -1 999.90 178.09 1247.08 279.04 -1 -1 -1 -1000 -1000 -1000 -10 1
186 90 Car -1 -1 -1 471.46 170.93 511.92 196.94 -1 -1 -1 -1000 -1000 -1000 -10 1
186 82 Car -1 -1 -1 814.65 175.17 911.49 221.50 -1 -1 -1 -1000 -1000 -1000 -10 1
186 77 Car -1 -1 -1 1015.06 178.84 1256.43 283.47 -1 -1 -1 -1000 -1000 -1000 -10 1
187 90 Car -1 -1 -1 462.11 170.33 502.89 196.80 -1 -1 -1 -1000 -1000 -1000 -10 1
187 82 Car -1 -1 -1 820.26 175.04 924.49 222.81 -1 -1 -1 -1000 -1000 -1000 -10 1
187 77 Car -1 -1 -1 1036.29 182.49 1263.91 292.35 -1 -1 -1 -1000 -1000 -1000 -10 1
188 90 Car -1 -1 -1 445.21 169.89 489.63 197.45 -1 -1 -1 -1000 -1000 -1000 -10 1
188 82 Car -1 -1 -1 826.47 178.05 936.20 226.36 -1 -1 -1 -1000 -1000 -1000 -10 1
188 77 Car -1 -1 -1 1054.87 160.71 1271.79 282.76 -1 -1 -1 -1000 -1000 -1000 -10 1
189 90 Car -1 -1 -1 429.85 170.08 479.00 198.99 -1 -1 -1 -1000 -1000 -1000 -10 1
189 82 Car -1 -1 -1 835.73 178.24 951.22 228.51 -1 -1 -1 -1000 -1000 -1000 -10 1
189 77 Car -1 -1 -1 1080.57 166.10 1274.30 290.04 -1 -1 -1 -1000 -1000 -1000 -10 1
190 90 Car -1 -1 -1 413.05 170.45 462.24 198.53 -1 -1 -1 -1000 -1000 -1000 -10 1
190 82 Car -1 -1 -1 843.15 178.67 965.73 229.99 -1 -1 -1 -1000 -1000 -1000 -10 1
190 77 Car -1 -1 -1 1109.80 164.54 1279.83 296.04 -1 -1 -1 -1000 -1000 -1000 -10 1
191 90 Car -1 -1 -1 396.47 172.10 448.80 199.46 -1 -1 -1 -1000 -1000 -1000 -10 1
191 82 Car -1 -1 -1 852.87 178.91 981.50 233.17 -1 -1 -1 -1000 -1000 -1000 -10 1
193 90 Car -1 -1 -1 361.58 171.73 423.90 198.54 -1 -1 -1 -1000 -1000 -1000 -10 1
193 82 Car -1 -1 -1 879.22 179.08 1017.22 238.04 -1 -1 -1 -1000 -1000 -1000 -10 1
194 90 Car -1 -1 -1 345.93 171.76 409.81 197.64 -1 -1 -1 -1000 -1000 -1000 -10 1
194 82 Car -1 -1 -1 892.21 180.45 1037.97 243.73 -1 -1 -1 -1000 -1000 -1000 -10 1
195 90 Car -1 -1 -1 338.60 172.80 398.47 199.31 -1 -1 -1 -1000 -1000 -1000 -10 1
195 82 Car -1 -1 -1 908.63 179.30 1062.02 246.81 -1 -1 -1 -1000 -1000 -1000 -10 1
196 90 Car -1 -1 -1 317.98 173.62 377.66 199.81 -1 -1 -1 -1000 -1000 -1000 -10 1
196 82 Car -1 -1 -1 928.02 181.60 1085.99 250.95 -1 -1 -1 -1000 -1000 -1000 -10 1
197 82 Car -1 -1 -1 940.21 180.61 1114.68 257.17 -1 -1 -1 -1000 -1000 -1000 -10 1
198 82 Car -1 -1 -1 959.15 183.34 1140.22 263.45 -1 -1 -1 -1000 -1000 -1000 -10 1
199 82 Car -1 -1 -1 975.96 182.66 1175.35 270.44 -1 -1 -1 -1000 -1000 -1000 -10 1
200 82 Car -1 -1 -1 998.98 186.04 1207.91 275.33 -1 -1 -1 -1000 -1000 -1000 -10 1
201 82 Car -1 -1 -1 1010.38 184.66 1231.62 278.65 -1 -1 -1 -1000 -1000 -1000 -10 1
202 82 Car -1 -1 -1 1021.40 181.10 1247.45 281.22 -1 -1 -1 -1000 -1000 -1000 -10 1
203 82 Car -1 -1 -1 1037.55 181.00 1255.65 283.51 -1 -1 -1 -1000 -1000 -1000 -10 1
204 90 Car -1 -1 -1 171.90 174.07 226.85 199.07 -1 -1 -1 -1000 -1000 -1000 -10 1
204 82 Car -1 -1 -1 1054.88 178.52 1261.88 285.35 -1 -1 -1 -1000 -1000 -1000 -10 1
205 82 Car -1 -1 -1 1072.44 172.66 1266.66 284.58 -1 -1 -1 -1000 -1000 -1000 -10 1
206 82 Car -1 -1 -1 1094.00 185.06 1271.10 295.51 -1 -1 -1 -1000 -1000 -1000 -10 1
