0 3 Car -1 -1 -1 1193.17 158.00 1243.00 222.90 -1 -1 -1 -1000 -1000 -1000 -10 1
0 2 Car -1 -1 -1 0.96 200.77 53.67 260.16 -1 -1 -1 -1000 -1000 -1000 -10 1
0 1 Car -1 -1 -1 480.29 179.61 658.36 233.17 -1 -1 -1 -1000 -1000 -1000 -10 1
1 5 Car -1 -1 -1 -4.28 191.40 151.54 251.61 -1 -1 -1 -1000 -1000 -1000 -10 1
1 4 Car -1 -1 -1 593.27 177.38 775.65 231.57 -1 -1 -1 -1000 -1000 -1000 -10 1
2 6 Car -1 -1 -1 700.60 167.36 883.96 234.33 -1 -1 -1 -1000 -1000 -1000 -10 1
2 5 Car -1 -1 -1 46.01 187.14 248.28 252.78 -1 -1 -1 -1000 -1000 -1000 -10 1
4 5 Car -1 -1 -1 261.19 181.40 469.22 249.68 -1 -1 -1 -1000 -1000 -1000 -10 1
5 5 Car -1 -1 -1 367.61 174.02 579.23 244.04 -1 -1 -1 -1000 -1000 -1000 -10 1
6 5 Car -1 -1 -1 480.88 175.31 676.03 238.70 -1 -1 -1 -1000 -1000 -1000 -10 1
7 5 Car -1 -1 -1 585.75 168.06 779.22 232.69 -1 -1 -1 -1000 -1000 -1000 -10 1
8 5 Car -1 -1 -1 688.95 166.89 883.16 231.87 -1 -1 -1 -1000 -1000 -1000 -10 1
9 5 Car -1 -1 -1 793.73 165.33 991.28 231.23 -1 -1 -1 -1000 -1000 -1000 -10 1
10 5 Car -1 -1 -1 899.38 160.92 1100.51 226.79 -1 -1 -1 -1000 -1000 -1000 -10 1
11 11 Car -1 -1 -1 4.29 174.00 143.95 316.27 -1 -1 -1 -1000 -1000 -1000 -10 1
11 5 Car -1 -1 -1 1005.68 155.71 1209.56 222.87 -1 -1 -1 -1000 -1000 -1000 -10 1
12 11 Car -1 -1 -1 3.87 174.10 154.95 323.67 -1 -1 -1 -1000 -1000 -1000 -10 1
12 5 Car -1 -1 -1 1088.96 148.43 1277.24 216.64 -1 -1 -1 -1000 -1000 -1000 -10 1
13 11 Car -1 -1 -1 1.94 175.74 160.39 331.59 -1 -1 -1 -1000 -1000 -1000 -10 1
14 11 Car -1 -1 -1 -0.61 180.00 159.57 346.19 -1 -1 -1 -1000 -1000 -1000 -10 1
15 11 Car -1 -1 -1 -10.32 175.59 148.67 357.37 -1 -1 -1 -1000 -1000 -1000 -10 1
16 11 Car -1 -1 -1 -11.82 174.95 142.66 356.29 -1 -1 -1 -1000 -1000 -1000 -10 1
17 17 Car -1 -1 -1 285.70 192.92 458.80 257.02 -1 -1 -1 -1000 -1000 -1000 -10 1
17 11 Car -1 -1 -1 -13.13 172.38 138.65 365.27 -1 -1 -1 -1000 -1000 -1000 -10 1
18 17 Car -1 -1 -1 369.46 184.77 567.31 256.42 -1 -1 -1 -1000 -1000 -1000 -10 1
18 11 Car -1 -1 -1 -16.11 170.51 125.47 368.88 -1 -1 -1 -1000 -1000 -1000 -10 1
19 17 Car -1 -1 -1 480.30 182.54 682.80 252.71 -1 -1 -1 -1000 -1000 -1000 -10 1
20 17 Car -1 -1 -1 588.51 179.28 792.18 249.87 -1 -1 -1 -1000 -1000 -1000 -10 1
21 17 Car -1 -1 -1 700.27 175.77 900.90 244.75 -1 -1 -1 -1000 -1000 -1000 -10 1
22 23 Car -1 -1 -1 118.87 182.88 314.51 254.74 -1 -1 -1 -1000 -1000 -1000 -10 1
22 17 Car -1 -1 -1 807.96 172.72 1013.87 241.28 -1 -1 -1 -1000 -1000 -1000 -10 1
23 23 Car -1 -1 -1 207.42 180.98 399.57 252.18 -1 -1 -1 -1000 -1000 -1000 -10 1
23 17 Car -1 -1 -1 927.03 170.91 1130.33 237.78 -1 -1 -1 -1000 -1000 -1000 -10 1
24 23 Car -1 -1 -1 311.04 179.39 496.49 250.20 -1 -1 -1 -1000 -1000 -1000 -10 1
24 17 Car -1 -1 -1 1026.26 164.52 1238.50 233.46 -1 -1 -1 -1000 -1000 -1000 -10 1
25 23 Car -1 -1 -1 410.16 174.55 593.47 246.22 -1 -1 -1 -1000 -1000 -1000 -10 1
25 17 Car -1 -1 -1 1112.19 161.31 1299.20 229.66 -1 -1 -1 -1000 -1000 -1000 -10 1
26 23 Car -1 -1 -1 514.20 172.61 692.95 241.86 -1 -1 -1 -1000 -1000 -1000 -10 1
27 23 Car -1 -1 -1 611.76 166.99 789.72 236.60 -1 -1 -1 -1000 -1000 -1000 -10 1
28 23 Car -1 -1 -1 713.20 167.91 887.37 234.05 -1 -1 -1 -1000 -1000 -1000 -10 1
29 23 Car -1 -1 -1 811.86 166.79 987.51 229.91 -1 -1 -1 -1000 -1000 -1000 -10 1
30 23 Car -1 -1 -1 905.81 165.27 1082.81 227.20 -1 -1 -1 -1000 -1000 -1000 -10 1
31 23 Car -1 -1 -1 1009.79 160.51 1188.26 221.72 -1 -1 -1 -1000 -1000 -1000 -10 1
32 23 Car -1 -1 -1 1092.81 152.93 1264.10 215.73 -1 -1 -1 -1000 -1000 -1000 -10 1
47 28 Car -1 -1 -1 944.68 169.16 1058.97 200.47 -1 -1 -1 -1000 -1000 -1000 -10 1
48 28 Car -1 -1 -1 882.98 169.19 994.91 200.77 -1 -1 -1 -1000 -1000 -1000 -10 1
49 28 Car -1 -1 -1 818.50 170.05 932.97 203.50 -1 -1 -1 -1000 -1000 -1000 -10 1
50 28 Car -1 -1 -1 746.34 172.40 862.20 204.63 -1 -1 -1 -1000 -1000 -1000 -10 1
51 28 Car -1 -1 -1 689.66 173.80 795.61 204.05 -1 -1 -1 -1000 -1000 -1000 -10 1
52 28 Car -1 -1 -1 630.29 176.89 730.89 205.68 -1 -1 -1 -1000 -1000 -1000 -10 1
53 28 Car -1 -1 -1 568.61 182.41 667.50 210.82 -1 -1 -1 -1000 -1000 -1000 -10 1
54 28 Car -1 -1 -1 500.21 183.56 601.63 213.75 -1 -1 -1 -1000 -1000 -1000 -10 1
55 28 Car -1 -1 -1 433.79 184.22 538.49 215.60 -1 -1 -1 -1000 -1000 -1000 -10 1
56 28 Car -1 -1 -1 383.11 185.53 484.72 219.47 -1 -1 -1 -1000 -1000 -1000 -10 1
