0 4 Car -1 -1 -1 545.78 187.85 572.42 210.26 -1 -1 -1 -1000 -1000 -1000 -10 1
0 3 Car -1 -1 -1 552.11 181.30 594.70 217.62 -1 -1 -1 -1000 -1000 -1000 -10 1
0 2 Car -1 -1 -1 440.27 184.00 503.84 231.36 -1 -1 -1 -1000 -1000 -1000 -10 1
0 1 Car -1 -1 -1 138.85 184.79 217.11 219.83 -1 -1 -1 -1000 -1000 -1000 -10 1
1 7 Car -1 -1 -1 99.75 191.00 183.47 228.50 -1 -1 -1 -1000 -1000 -1000 -10 1
1 6 Car -1 -1 -1 387.70 187.07 478.49 257.46 -1 -1 -1 -1000 -1000 -1000 -10 1
1 5 Car -1 -1 -1 489.47 181.56 522.21 208.29 -1 -1 -1 -1000 -1000 -1000 -10 1
1 4 Car -1 -1 -1 554.19 192.45 579.80 216.49 -1 -1 -1 -1000 -1000 -1000 -10 1
1 3 Car -1 -1 -1 552.81 179.94 593.15 213.08 -1 -1 -1 -1000 -1000 -1000 -10 1
2 9 Car -1 -1 -1 510.18 183.38 536.54 209.73 -1 -1 -1 -1000 -1000 -1000 -10 1
2 8 Car -1 -1 -1 281.92 184.75 439.08 294.91 -1 -1 -1 -1000 -1000 -1000 -10 1
2 7 Car -1 -1 -1 51.15 187.53 156.45 228.39 -1 -1 -1 -1000 -1000 -1000 -10 1
2 5 Car -1 -1 -1 487.74 180.75 522.21 209.44 -1 -1 -1 -1000 -1000 -1000 -10 1
2 3 Car -1 -1 -1 553.32 181.53 593.67 215.51 -1 -1 -1 -1000 -1000 -1000 -10 1
3 3 Car -1 -1 -1 553.21 178.47 592.69 210.98 -1 -1 -1 -1000 -1000 -1000 -10 1
4 5 Car -1 -1 -1 478.11 181.89 520.15 215.74 -1 -1 -1 -1000 -1000 -1000 -10 1
4 3 Car -1 -1 -1 552.19 177.81 592.46 211.33 -1 -1 -1 -1000 -1000 -1000 -10 1
5 5 Car -1 -1 -1 466.64 182.62 520.69 221.35 -1 -1 -1 -1000 -1000 -1000 -10 1
5 3 Car -1 -1 -1 552.25 177.30 593.07 210.88 -1 -1 -1 -1000 -1000 -1000 -10 1
6 5 Car -1 -1 -1 445.97 184.21 514.97 232.98 -1 -1 -1 -1000 -1000 -1000 -10 1
6 3 Car -1 -1 -1 553.20 176.50 594.27 210.39 -1 -1 -1 -1000 -1000 -1000 -10 1
7 5 Car -1 -1 -1 401.43 184.09 498.96 250.61 -1 -1 -1 -1000 -1000 -1000 -10 1
7 3 Car -1 -1 -1 553.84 175.91 595.13 209.73 -1 -1 -1 -1000 -1000 -1000 -10 1
8 3 Car -1 -1 -1 554.79 177.45 595.66 211.09 -1 -1 -1 -1000 -1000 -1000 -10 1
9 3 Car -1 -1 -1 554.61 175.87 594.87 209.25 -1 -1 -1 -1000 -1000 -1000 -10 1
10 13 Car -1 -1 -1 450.98 177.51 518.04 223.26 -1 -1 -1 -1000 -1000 -1000 -10 1
10 3 Car -1 -1 -1 552.39 175.39 592.64 207.69 -1 -1 -1 -1000 -1000 -1000 -10 1
11 13 Car -1 -1 -1 412.37 181.96 500.62 242.82 -1 -1 -1 -1000 -1000 -1000 -10 1
11 3 Car -1 -1 -1 549.38 176.37 589.05 207.97 -1 -1 -1 -1000 -1000 -1000 -10 1
12 3 Car -1 -1 -1 547.78 178.53 587.70 210.39 -1 -1 -1 -1000 -1000 -1000 -10 1
13 3 Car -1 -1 -1 543.27 178.90 581.20 209.99 -1 -1 -1 -1000 -1000 -1000 -10 1
14 17 Car -1 -1 -1 480.08 192.99 530.73 229.73 -1 -1 -1 -1000 -1000 -1000 -10 1
14 3 Car -1 -1 -1 545.54 183.07 583.80 214.73 -1 -1 -1 -1000 -1000 -1000 -10 1
15 17 Car -1 -1 -1 466.64 190.93 530.25 237.32 -1 -1 -1 -1000 -1000 -1000 -10 1
15 3 Car -1 -1 -1 545.50 181.98 584.20 213.44 -1 -1 -1 -1000 -1000 -1000 -10 1
16 17 Car -1 -1 -1 437.85 190.50 521.30 250.75 -1 -1 -1 -1000 -1000 -1000 -10 1
16 3 Car -1 -1 -1 544.33 181.63 582.80 212.48 -1 -1 -1 -1000 -1000 -1000 -10 1
17 21 Car -1 -1 -1 128.70 181.31 200.31 213.95 -1 -1 -1 -1000 -1000 -1000 -10 1
17 3 Car -1 -1 -1 541.82 181.43 580.18 211.70 -1 -1 -1 -1000 -1000 -1000 -10 1
18 22 Car -1 -1 -1 177.46 175.42 244.21 209.09 -1 -1 -1 -1000 -1000 -1000 -10 1
18 21 Car -1 -1 -1 94.16 176.21 174.81 211.86 -1 -1 -1 -1000 -1000 -1000 -10 1
18 3 Car -1 -1 -1 537.77 180.68 575.50 209.78 -1 -1 -1 -1000 -1000 -1000 -10 1
19 22 Car -1 -1 -1 146.40 170.87 216.61 204.74 -1 -1 -1 -1000 -1000 -1000 -10 1
19 21 Car -1 -1 -1 49.80 168.68 145.77 208.20 -1 -1 -1 -1000 -1000 -1000 -10 1
19 3 Car -1 -1 -1 533.74 178.89 571.12 206.66 -1 -1 -1 -1000 -1000 -1000 -10 1
20 24 Car -1 -1 -1 410.40 182.56 493.16 239.05 -1 -1 -1 -1000 -1000 -1000 -10 1
20 22 Car -1 -1 -1 122.23 163.86 192.21 196.46 -1 -1 -1 -1000 -1000 -1000 -10 1
20 21 Car -1 -1 -1 4.23 163.38 108.95 203.15 -1 -1 -1 -1000 -1000 -1000 -10 1
20 3 Car -1 -1 -1 535.82 171.46 571.44 199.27 -1 -1 -1 -1000 -1000 -1000 -10 1
21 24 Car -1 -1 -1 344.34 185.42 464.12 262.71 -1 -1 -1 -1000 -1000 -1000 -10 1
21 22 Car -1 -1 -1 90.21 158.72 163.74 192.83 -1 -1 -1 -1000 -1000 -1000 -10 1
21 21 Car -1 -1 -1 -17.33 161.73 76.57 201.92 -1 -1 -1 -1000 -1000 -1000 -10 1
21 3 Car -1 -1 -1 536.41 167.22 571.04 194.14 -1 -1 -1 -1000 -1000 -1000 -10 1
22 22 Car -1 -1 -1 53.86 155.23 136.61 190.81 -1 -1 -1 -1000 -1000 -1000 -10 1
22 3 Car -1 -1 -1 538.13 166.09 571.28 191.82 -1 -1 -1 -1000 -1000 -1000 -10 1
23 22 Car -1 -1 -1 13.01 158.81 101.00 196.30 -1 -1 -1 -1000 -1000 -1000 -10 1
23 3 Car -1 -1 -1 541.88 167.86 573.52 192.69 -1 -1 -1 -1000 -1000 -1000 -10 1
24 27 Car -1 -1 -1 421.09 173.55 489.68 218.61 -1 -1 -1 -1000 -1000 -1000 -10 1
24 22 Car -1 -1 -1 -12.04 159.40 67.81 197.95 -1 -1 -1 -1000 -1000 -1000 -10 1
24 3 Car -1 -1 -1 546.23 167.87 577.04 191.65 -1 -1 -1 -1000 -1000 -1000 -10 1
25 27 Car -1 -1 -1 378.03 177.52 466.27 233.95 -1 -1 -1 -1000 -1000 -1000 -10 1
25 3 Car -1 -1 -1 549.89 166.50 579.83 189.36 -1 -1 -1 -1000 -1000 -1000 -10 1
26 30 Car -1 -1 -1 594.93 158.92 618.26 182.55 -1 -1 -1 -1000 -1000 -1000 -10 1
26 3 Car -1 -1 -1 553.00 165.74 581.51 188.42 -1 -1 -1 -1000 -1000 -1000 -10 1
27 30 Car -1 -1 -1 594.97 163.15 617.96 186.61 -1 -1 -1 -1000 -1000 -1000 -10 1
27 3 Car -1 -1 -1 555.99 168.06 583.05 189.54 -1 -1 -1 -1000 -1000 -1000 -10 1
28 30 Car -1 -1 -1 598.64 167.10 622.11 191.34 -1 -1 -1 -1000 -1000 -1000 -10 1
28 3 Car -1 -1 -1 557.97 171.02 584.03 192.36 -1 -1 -1 -1000 -1000 -1000 -10 1
29 30 Car -1 -1 -1 604.15 164.25 627.77 186.63 -1 -1 -1 -1000 -1000 -1000 -10 1
29 3 Car -1 -1 -1 562.11 168.51 588.17 189.37 -1 -1 -1 -1000 -1000 -1000 -10 1
30 30 Car -1 -1 -1 613.28 163.15 635.82 184.80 -1 -1 -1 -1000 -1000 -1000 -10 1
30 3 Car -1 -1 -1 568.53 167.36 593.37 188.09 -1 -1 -1 -1000 -1000 -1000 -10 1
31 3 Car -1 -1 -1 574.78 169.91 598.89 190.17 -1 -1 -1 -1000 -1000 -1000 -10 1
32 3 Car -1 -1 -1 582.21 171.30 605.93 191.33 -1 -1 -1 -1000 -1000 -1000 -10 1
33 3 Car -1 -1 -1 589.32 174.29 613.90 194.74 -1 -1 -1 -1000 -1000 -1000 -10 1
34 33 Car -1 -1 -1 641.74 167.95 666.66 189.65 -1 -1 -1 -1000 -1000 -1000 -10 1
34 3 Car -1 -1 -1 599.31 174.50 624.59 195.20 -1 -1 -1 -1000 -1000 -1000 -10 1
35 33 Car -1 -1 -1 644.90 167.86 669.57 189.96 -1 -1 -1 -1000 -1000 -1000 -10 1
35 3 Car -1 -1 -1 602.37 174.59 627.60 195.46 -1 -1 -1 -1000 -1000 -1000 -10 1
36 33 Car -1 -1 -1 643.90 167.43 668.23 189.61 -1 -1 -1 -1000 -1000 -1000 -10 1
36 3 Car -1 -1 -1 600.12 174.43 624.69 193.96 -1 -1 -1 -1000 -1000 -1000 -10 1
37 33 Car -1 -1 -1 644.06 167.59 669.31 191.22 -1 -1 -1 -1000 -1000 -1000 -10 1
37 3 Car -1 -1 -1 602.70 175.44 627.62 195.82 -1 -1 -1 -1000 -1000 -1000 -10 1
38 33 Car -1 -1 -1 646.17 170.56 671.73 194.27 -1 -1 -1 -1000 -1000 -1000 -10 1
38 3 Car -1 -1 -1 602.60 175.73 627.53 196.56 -1 -1 -1 -1000 -1000 -1000 -10 1
39 33 Car -1 -1 -1 643.25 168.36 669.26 193.10 -1 -1 -1 -1000 -1000 -1000 -10 1
39 3 Car -1 -1 -1 602.02 175.66 626.78 196.24 -1 -1 -1 -1000 -1000 -1000 -10 1
40 3 Car -1 -1 -1 599.91 176.55 624.25 196.78 -1 -1 -1 -1000 -1000 -1000 -10 1
41 3 Car -1 -1 -1 599.58 176.00 624.15 196.29 -1 -1 -1 -1000 -1000 -1000 -10 1
42 3 Car -1 -1 -1 595.60 174.66 619.96 193.97 -1 -1 -1 -1000 -1000 -1000 -10 1
43 33 Car -1 -1 -1 636.13 166.45 661.23 191.84 -1 -1 -1 -1000 -1000 -1000 -10 1
44 41 Car -1 -1 -1 434.12 176.21 483.25 204.60 -1 -1 -1 -1000 -1000 -1000 -10 1
45 41 Car -1 -1 -1 395.35 169.77 462.64 212.32 -1 -1 -1 -1000 -1000 -1000 -10 1
46 44 Car -1 -1 -1 644.25 167.32 670.30 192.93 -1 -1 -1 -1000 -1000 -1000 -10 1
46 41 Car -1 -1 -1 387.22 171.37 448.71 211.06 -1 -1 -1 -1000 -1000 -1000 -10 1
46 3 Car -1 -1 -1 603.20 174.93 626.80 195.12 -1 -1 -1 -1000 -1000 -1000 -10 1
47 44 Car -1 -1 -1 644.63 167.37 670.99 193.88 -1 -1 -1 -1000 -1000 -1000 -10 1
47 41 Car -1 -1 -1 365.38 174.71 427.16 214.58 -1 -1 -1 -1000 -1000 -1000 -10 1
48 44 Car -1 -1 -1 646.16 167.51 672.54 194.05 -1 -1 -1 -1000 -1000 -1000 -10 1
49 44 Car -1 -1 -1 648.38 167.42 673.60 192.66 -1 -1 -1 -1000 -1000 -1000 -10 1
50 50 Car -1 -1 -1 352.67 172.62 418.92 215.18 -1 -1 -1 -1000 -1000 -1000 -10 1
50 44 Car -1 -1 -1 647.28 169.51 673.66 195.81 -1 -1 -1 -1000 -1000 -1000 -10 1
51 50 Car -1 -1 -1 273.78 173.98 371.95 232.19 -1 -1 -1 -1000 -1000 -1000 -10 1
51 44 Car -1 -1 -1 645.82 169.47 672.60 195.73 -1 -1 -1 -1000 -1000 -1000 -10 1
52 44 Car -1 -1 -1 644.43 167.32 670.86 193.75 -1 -1 -1 -1000 -1000 -1000 -10 1
56 59 Car -1 -1 -1 426.84 177.75 468.63 204.00 -1 -1 -1 -1000 -1000 -1000 -10 1
57 61 Car -1 -1 -1 19.82 113.61 304.06 241.68 -1 -1 -1 -1000 -1000 -1000 -10 1
57 59 Car -1 -1 -1 398.14 176.40 451.90 206.46 -1 -1 -1 -1000 -1000 -1000 -10 1
58 61 Car -1 -1 -1 -28.56 110.03 251.54 248.53 -1 -1 -1 -1000 -1000 -1000 -10 1
58 59 Car -1 -1 -1 357.13 177.45 421.38 213.71 -1 -1 -1 -1000 -1000 -1000 -10 1
59 64 Car -1 -1 -1 429.64 178.89 467.73 202.00 -1 -1 -1 -1000 -1000 -1000 -10 1
60 64 Car -1 -1 -1 406.13 178.20 446.18 202.52 -1 -1 -1 -1000 -1000 -1000 -10 1
61 64 Car -1 -1 -1 372.77 178.32 419.86 207.41 -1 -1 -1 -1000 -1000 -1000 -10 1
62 67 Car -1 -1 -1 655.71 179.52 686.79 201.88 -1 -1 -1 -1000 -1000 -1000 -10 1
62 64 Car -1 -1 -1 337.64 177.27 391.09 209.62 -1 -1 -1 -1000 -1000 -1000 -10 1
63 69 Car -1 -1 -1 445.62 174.78 478.25 195.95 -1 -1 -1 -1000 -1000 -1000 -10 1
63 67 Car -1 -1 -1 657.19 178.71 687.77 201.19 -1 -1 -1 -1000 -1000 -1000 -10 1
64 69 Car -1 -1 -1 425.14 174.73 459.42 197.11 -1 -1 -1 -1000 -1000 -1000 -10 1
64 67 Car -1 -1 -1 657.23 172.59 690.22 197.69 -1 -1 -1 -1000 -1000 -1000 -10 1
65 69 Car -1 -1 -1 397.69 175.55 437.60 200.83 -1 -1 -1 -1000 -1000 -1000 -10 1
65 67 Car -1 -1 -1 660.53 170.08 694.88 196.95 -1 -1 -1 -1000 -1000 -1000 -10 1
66 69 Car -1 -1 -1 365.73 175.37 412.79 204.18 -1 -1 -1 -1000 -1000 -1000 -10 1
66 67 Car -1 -1 -1 663.26 172.23 697.68 200.04 -1 -1 -1 -1000 -1000 -1000 -10 1
67 69 Car -1 -1 -1 328.00 177.88 382.68 210.12 -1 -1 -1 -1000 -1000 -1000 -10 1
67 67 Car -1 -1 -1 668.78 174.01 702.54 201.41 -1 -1 -1 -1000 -1000 -1000 -10 1
68 67 Car -1 -1 -1 674.65 172.14 709.28 199.78 -1 -1 -1 -1000 -1000 -1000 -10 1
69 67 Car -1 -1 -1 677.97 170.57 712.40 198.74 -1 -1 -1 -1000 -1000 -1000 -10 1
70 67 Car -1 -1 -1 689.86 173.68 723.89 202.29 -1 -1 -1 -1000 -1000 -1000 -10 1
71 67 Car -1 -1 -1 702.52 177.84 738.34 206.73 -1 -1 -1 -1000 -1000 -1000 -10 1
72 67 Car -1 -1 -1 715.83 177.58 750.88 206.45 -1 -1 -1 -1000 -1000 -1000 -10 1
73 67 Car -1 -1 -1 724.68 173.88 757.46 201.20 -1 -1 -1 -1000 -1000 -1000 -10 1
76 81 Car -1 -1 -1 767.03 176.51 814.89 210.60 -1 -1 -1 -1000 -1000 -1000 -10 1
77 81 Car -1 -1 -1 770.07 176.34 824.07 213.21 -1 -1 -1 -1000 -1000 -1000 -10 1
78 82 Car -1 -1 -1 628.34 174.45 651.81 193.01 -1 -1 -1 -1000 -1000 -1000 -10 1
78 81 Car -1 -1 -1 774.63 175.70 832.69 214.61 -1 -1 -1 -1000 -1000 -1000 -10 1
79 82 Car -1 -1 -1 629.78 175.82 652.81 193.85 -1 -1 -1 -1000 -1000 -1000 -10 1
79 81 Car -1 -1 -1 781.29 175.73 842.33 217.63 -1 -1 -1 -1000 -1000 -1000 -10 1
79 67 Car -1 -1 -1 742.74 173.48 775.07 198.17 -1 -1 -1 -1000 -1000 -1000 -10 1
80 82 Car -1 -1 -1 624.18 172.73 648.23 191.63 -1 -1 -1 -1000 -1000 -1000 -10 1
80 81 Car -1 -1 -1 785.14 175.24 851.85 218.59 -1 -1 -1 -1000 -1000 -1000 -10 1
80 67 Car -1 -1 -1 746.37 172.76 779.41 197.09 -1 -1 -1 -1000 -1000 -1000 -10 1
81 82 Car -1 -1 -1 620.64 171.08 644.80 190.16 -1 -1 -1 -1000 -1000 -1000 -10 1
81 81 Car -1 -1 -1 789.55 173.82 861.84 219.10 -1 -1 -1 -1000 -1000 -1000 -10 1
81 67 Car -1 -1 -1 747.81 172.36 781.94 196.78 -1 -1 -1 -1000 -1000 -1000 -10 1
82 82 Car -1 -1 -1 616.59 172.17 640.89 191.89 -1 -1 -1 -1000 -1000 -1000 -10 1
82 81 Car -1 -1 -1 799.11 174.32 876.24 221.49 -1 -1 -1 -1000 -1000 -1000 -10 1
83 82 Car -1 -1 -1 614.48 173.89 638.42 193.91 -1 -1 -1 -1000 -1000 -1000 -10 1
83 81 Car -1 -1 -1 809.75 177.55 892.32 225.80 -1 -1 -1 -1000 -1000 -1000 -10 1
84 82 Car -1 -1 -1 606.56 173.22 630.46 193.32 -1 -1 -1 -1000 -1000 -1000 -10 1
84 81 Car -1 -1 -1 817.77 178.11 909.76 226.90 -1 -1 -1 -1000 -1000 -1000 -10 1
85 82 Car -1 -1 -1 601.06 172.45 625.29 192.94 -1 -1 -1 -1000 -1000 -1000 -10 1
85 81 Car -1 -1 -1 827.83 180.04 930.91 229.31 -1 -1 -1 -1000 -1000 -1000 -10 1
85 67 Car -1 -1 -1 757.23 177.27 798.00 205.51 -1 -1 -1 -1000 -1000 -1000 -10 1
86 82 Car -1 -1 -1 593.72 173.02 618.27 193.90 -1 -1 -1 -1000 -1000 -1000 -10 1
86 81 Car -1 -1 -1 842.74 182.11 957.68 234.20 -1 -1 -1 -1000 -1000 -1000 -10 1
86 67 Car -1 -1 -1 762.16 178.23 806.88 208.51 -1 -1 -1 -1000 -1000 -1000 -10 1
87 82 Car -1 -1 -1 583.36 173.39 608.66 194.82 -1 -1 -1 -1000 -1000 -1000 -10 1
87 81 Car -1 -1 -1 859.41 182.32 983.09 237.79 -1 -1 -1 -1000 -1000 -1000 -10 1
87 67 Car -1 -1 -1 767.83 178.77 816.17 210.40 -1 -1 -1 -1000 -1000 -1000 -10 1
88 82 Car -1 -1 -1 575.20 173.55 600.80 195.46 -1 -1 -1 -1000 -1000 -1000 -10 1
88 81 Car -1 -1 -1 878.48 182.39 1016.49 242.97 -1 -1 -1 -1000 -1000 -1000 -10 1
88 67 Car -1 -1 -1 776.95 177.95 829.55 212.00 -1 -1 -1 -1000 -1000 -1000 -10 1
89 81 Car -1 -1 -1 908.18 181.09 1057.79 248.23 -1 -1 -1 -1000 -1000 -1000 -10 1
89 67 Car -1 -1 -1 783.63 175.98 840.51 212.03 -1 -1 -1 -1000 -1000 -1000 -10 1
90 81 Car -1 -1 -1 929.85 182.81 1107.42 260.04 -1 -1 -1 -1000 -1000 -1000 -10 1
90 67 Car -1 -1 -1 788.36 176.43 851.59 215.55 -1 -1 -1 -1000 -1000 -1000 -10 1
91 81 Car -1 -1 -1 958.12 180.37 1168.11 269.35 -1 -1 -1 -1000 -1000 -1000 -10 1
91 67 Car -1 -1 -1 797.07 176.73 865.10 217.98 -1 -1 -1 -1000 -1000 -1000 -10 1
92 81 Car -1 -1 -1 983.67 180.37 1210.41 273.49 -1 -1 -1 -1000 -1000 -1000 -10 1
92 67 Car -1 -1 -1 806.68 176.94 880.10 219.91 -1 -1 -1 -1000 -1000 -1000 -10 1
93 87 Car -1 -1 -1 473.21 170.83 511.67 197.14 -1 -1 -1 -1000 -1000 -1000 -10 1
93 81 Car -1 -1 -1 1014.33 180.89 1244.01 280.89 -1 -1 -1 -1000 -1000 -1000 -10 1
93 67 Car -1 -1 -1 816.60 175.55 902.77 220.25 -1 -1 -1 -1000 -1000 -1000 -10 1
94 87 Car -1 -1 -1 444.08 169.50 488.61 197.96 -1 -1 -1 -1000 -1000 -1000 -10 1
94 81 Car -1 -1 -1 1047.68 162.23 1270.46 276.97 -1 -1 -1 -1000 -1000 -1000 -10 1
94 67 Car -1 -1 -1 829.36 178.73 926.05 225.08 -1 -1 -1 -1000 -1000 -1000 -10 1
95 87 Car -1 -1 -1 413.93 170.27 460.05 198.09 -1 -1 -1 -1000 -1000 -1000 -10 1
95 81 Car -1 -1 -1 1095.21 165.95 1288.21 288.94 -1 -1 -1 -1000 -1000 -1000 -10 1
95 67 Car -1 -1 -1 845.18 179.46 954.33 228.30 -1 -1 -1 -1000 -1000 -1000 -10 1
96 87 Car -1 -1 -1 382.07 171.74 434.85 200.82 -1 -1 -1 -1000 -1000 -1000 -10 1
96 67 Car -1 -1 -1 866.87 179.53 985.99 232.34 -1 -1 -1 -1000 -1000 -1000 -10 1
97 87 Car -1 -1 -1 349.75 171.40 407.42 198.85 -1 -1 -1 -1000 -1000 -1000 -10 1
97 67 Car -1 -1 -1 891.91 181.56 1024.96 240.91 -1 -1 -1 -1000 -1000 -1000 -10 1
98 87 Car -1 -1 -1 317.09 172.97 375.42 199.91 -1 -1 -1 -1000 -1000 -1000 -10 1
98 67 Car -1 -1 -1 926.66 183.84 1070.62 247.67 -1 -1 -1 -1000 -1000 -1000 -10 1
99 87 Car -1 -1 -1 282.11 175.29 344.62 203.11 -1 -1 -1 -1000 -1000 -1000 -10 1
99 67 Car -1 -1 -1 960.54 186.61 1121.19 258.22 -1 -1 -1 -1000 -1000 -1000 -10 1
100 87 Car -1 -1 -1 242.37 177.85 307.14 205.77 -1 -1 -1 -1000 -1000 -1000 -10 1
100 67 Car -1 -1 -1 1001.49 190.05 1183.83 268.68 -1 -1 -1 -1000 -1000 -1000 -10 1
101 87 Car -1 -1 -1 203.93 175.95 269.63 202.61 -1 -1 -1 -1000 -1000 -1000 -10 1
101 67 Car -1 -1 -1 1026.23 185.70 1226.67 275.49 -1 -1 -1 -1000 -1000 -1000 -10 1
102 87 Car -1 -1 -1 171.20 174.48 230.01 200.51 -1 -1 -1 -1000 -1000 -1000 -10 1
102 67 Car -1 -1 -1 1056.03 183.09 1251.62 280.19 -1 -1 -1 -1000 -1000 -1000 -10 1
103 67 Car -1 -1 -1 1090.74 192.44 1269.08 291.12 -1 -1 -1 -1000 -1000 -1000 -10 1
