0 3 Car -1 -1 -1 384.27 176.99 511.45 232.33 -1 -1 -1 -1000 -1000 -1000 -10 1
0 2 Car -1 -1 -1 322.59 195.49 454.83 284.88 -1 -1 -1 -1000 -1000 -1000 -10 1
0 1 Car -1 -1 -1 1.65 210.03 360.87 364.94 -1 -1 -1 -1000 -1000 -1000 -10 1
1 4 Car -1 -1 -1 387.85 175.69 504.23 240.13 -1 -1 -1 -1000 -1000 -1000 -10 1
1 3 Car -1 -1 -1 379.03 176.40 510.03 236.35 -1 -1 -1 -1000 -1000 -1000 -10 1
1 2 Car -1 -1 -1 282.05 195.71 435.12 292.27 -1 -1 -1 -1000 -1000 -1000 -10 1
1 1 Car -1 -1 -1 -3.13 213.93 325.78 369.68 -1 -1 -1 -1000 -1000 -1000 -10 1
2 4 Car -1 -1 -1 387.69 169.72 503.47 242.04 -1 -1 -1 -1000 -1000 -1000 -10 1
2 3 Car -1 -1 -1 375.42 174.59 509.86 241.71 -1 -1 -1 -1000 -1000 -1000 -10 1
2 2 Car -1 -1 -1 231.40 195.54 427.72 316.17 -1 -1 -1 -1000 -1000 -1000 -10 1
2 1 Car -1 -1 -1 -15.30 225.01 263.86 370.76 -1 -1 -1 -1000 -1000 -1000 -10 1
3 2 Car -1 -1 -1 178.25 190.98 411.98 333.17 -1 -1 -1 -1000 -1000 -1000 -10 1
3 1 Car -1 -1 -1 -29.39 243.16 153.69 359.48 -1 -1 -1 -1000 -1000 -1000 -10 1
4 4 Car -1 -1 -1 351.12 161.71 495.23 249.04 -1 -1 -1 -1000 -1000 -1000 -10 1
4 2 Car -1 -1 -1 112.33 195.99 382.07 351.36 -1 -1 -1 -1000 -1000 -1000 -10 1
5 4 Car -1 -1 -1 336.97 160.23 482.57 254.56 -1 -1 -1 -1000 -1000 -1000 -10 1
5 2 Car -1 -1 -1 29.45 203.06 338.86 367.75 -1 -1 -1 -1000 -1000 -1000 -10 1
6 4 Car -1 -1 -1 317.04 160.14 474.15 263.91 -1 -1 -1 -1000 -1000 -1000 -10 1
6 2 Car -1 -1 -1 -12.01 200.26 316.46 375.47 -1 -1 -1 -1000 -1000 -1000 -10 1
7 4 Car -1 -1 -1 293.27 165.65 458.06 279.30 -1 -1 -1 -1000 -1000 -1000 -10 1
7 2 Car -1 -1 -1 -35.24 203.87 280.30 380.40 -1 -1 -1 -1000 -1000 -1000 -10 1
8 5 Car -1 -1 -1 412.69 172.94 476.05 207.29 -1 -1 -1 -1000 -1000 -1000 -10 1
8 4 Car -1 -1 -1 270.35 164.55 437.69 279.96 -1 -1 -1 -1000 -1000 -1000 -10 1
8 2 Car -1 -1 -1 -51.38 212.94 225.91 383.53 -1 -1 -1 -1000 -1000 -1000 -10 1
9 5 Car -1 -1 -1 402.75 173.63 467.45 209.32 -1 -1 -1 -1000 -1000 -1000 -10 1
9 4 Car -1 -1 -1 246.99 162.27 408.54 270.63 -1 -1 -1 -1000 -1000 -1000 -10 1
10 5 Car -1 -1 -1 394.38 172.86 460.25 210.35 -1 -1 -1 -1000 -1000 -1000 -10 1
11 6 Car -1 -1 -1 88.23 146.06 363.68 371.57 -1 -1 -1 -1000 -1000 -1000 -10 1
11 5 Car -1 -1 -1 386.94 171.26 456.51 210.40 -1 -1 -1 -1000 -1000 -1000 -10 1
12 6 Car -1 -1 -1 15.17 144.95 316.85 381.84 -1 -1 -1 -1000 -1000 -1000 -10 1
12 5 Car -1 -1 -1 375.84 173.41 452.26 215.48 -1 -1 -1 -1000 -1000 -1000 -10 1
13 10 Car -1 -1 -1 264.75 177.06 384.68 247.98 -1 -1 -1 -1000 -1000 -1000 -10 1
13 5 Car -1 -1 -1 363.86 178.74 446.37 222.67 -1 -1 -1 -1000 -1000 -1000 -10 1
14 10 Car -1 -1 -1 245.27 180.84 375.08 254.90 -1 -1 -1 -1000 -1000 -1000 -10 1
14 5 Car -1 -1 -1 355.77 177.04 439.29 222.69 -1 -1 -1 -1000 -1000 -1000 -10 1
15 10 Car -1 -1 -1 232.38 186.69 367.48 263.76 -1 -1 -1 -1000 -1000 -1000 -10 1
15 9 Car -1 -1 -1 -18.83 153.20 187.56 367.19 -1 -1 -1 -1000 -1000 -1000 -10 1
15 5 Car -1 -1 -1 349.03 184.60 432.44 231.30 -1 -1 -1 -1000 -1000 -1000 -10 1
16 10 Car -1 -1 -1 213.63 201.41 358.40 284.10 -1 -1 -1 -1000 -1000 -1000 -10 1
16 9 Car -1 -1 -1 -26.34 169.90 155.62 373.45 -1 -1 -1 -1000 -1000 -1000 -10 1
16 5 Car -1 -1 -1 339.76 197.34 427.18 247.98 -1 -1 -1 -1000 -1000 -1000 -10 1
17 10 Car -1 -1 -1 189.82 210.51 350.27 305.19 -1 -1 -1 -1000 -1000 -1000 -10 1
17 5 Car -1 -1 -1 329.42 210.90 421.61 264.86 -1 -1 -1 -1000 -1000 -1000 -10 1
18 10 Car -1 -1 -1 170.94 218.04 346.04 322.54 -1 -1 -1 -1000 -1000 -1000 -10 1
18 5 Car -1 -1 -1 320.67 219.64 419.10 274.77 -1 -1 -1 -1000 -1000 -1000 -10 1
19 10 Car -1 -1 -1 154.47 227.50 334.65 332.73 -1 -1 -1 -1000 -1000 -1000 -10 1
19 5 Car -1 -1 -1 314.25 224.22 413.00 281.34 -1 -1 -1 -1000 -1000 -1000 -10 1
20 10 Car -1 -1 -1 135.82 216.64 333.34 333.44 -1 -1 -1 -1000 -1000 -1000 -10 1
20 5 Car -1 -1 -1 310.29 221.11 413.03 280.35 -1 -1 -1 -1000 -1000 -1000 -10 1
21 10 Car -1 -1 -1 119.24 206.18 329.65 330.27 -1 -1 -1 -1000 -1000 -1000 -10 1
21 5 Car -1 -1 -1 317.13 210.54 422.13 272.32 -1 -1 -1 -1000 -1000 -1000 -10 1
22 10 Car -1 -1 -1 108.22 201.37 332.55 331.65 -1 -1 -1 -1000 -1000 -1000 -10 1
22 5 Car -1 -1 -1 317.87 206.21 429.32 266.81 -1 -1 -1 -1000 -1000 -1000 -10 1
23 10 Car -1 -1 -1 97.90 200.25 335.23 336.08 -1 -1 -1 -1000 -1000 -1000 -10 1
23 5 Car -1 -1 -1 317.89 205.19 436.28 265.56 -1 -1 -1 -1000 -1000 -1000 -10 1
24 10 Car -1 -1 -1 85.82 200.54 338.03 342.81 -1 -1 -1 -1000 -1000 -1000 -10 1
24 5 Car -1 -1 -1 326.53 204.48 448.87 264.45 -1 -1 -1 -1000 -1000 -1000 -10 1
25 10 Car -1 -1 -1 68.97 205.06 339.10 349.13 -1 -1 -1 -1000 -1000 -1000 -10 1
25 5 Car -1 -1 -1 333.22 203.83 461.38 264.21 -1 -1 -1 -1000 -1000 -1000 -10 1
26 10 Car -1 -1 -1 50.72 206.64 345.97 360.34 -1 -1 -1 -1000 -1000 -1000 -10 1
26 5 Car -1 -1 -1 339.11 203.47 469.06 266.48 -1 -1 -1 -1000 -1000 -1000 -10 1
27 10 Car -1 -1 -1 25.07 205.82 353.59 368.38 -1 -1 -1 -1000 -1000 -1000 -10 1
27 5 Car -1 -1 -1 353.45 206.51 486.91 270.34 -1 -1 -1 -1000 -1000 -1000 -10 1
28 10 Car -1 -1 -1 7.29 205.05 360.17 371.77 -1 -1 -1 -1000 -1000 -1000 -10 1
28 5 Car -1 -1 -1 365.83 207.92 504.08 273.55 -1 -1 -1 -1000 -1000 -1000 -10 1
29 10 Car -1 -1 -1 -1.64 204.38 365.17 373.70 -1 -1 -1 -1000 -1000 -1000 -10 1
29 5 Car -1 -1 -1 375.98 206.56 520.48 277.97 -1 -1 -1 -1000 -1000 -1000 -10 1
30 10 Car -1 -1 -1 -7.18 206.48 368.47 373.99 -1 -1 -1 -1000 -1000 -1000 -10 1
30 5 Car -1 -1 -1 390.47 209.29 539.54 283.72 -1 -1 -1 -1000 -1000 -1000 -10 1
31 10 Car -1 -1 -1 -9.84 207.67 360.00 374.27 -1 -1 -1 -1000 -1000 -1000 -10 1
31 5 Car -1 -1 -1 402.32 212.07 556.19 289.29 -1 -1 -1 -1000 -1000 -1000 -10 1
32 10 Car -1 -1 -1 -16.43 212.69 348.74 379.69 -1 -1 -1 -1000 -1000 -1000 -10 1
32 5 Car -1 -1 -1 409.53 209.47 572.38 293.34 -1 -1 -1 -1000 -1000 -1000 -10 1
33 10 Car -1 -1 -1 -27.92 211.27 319.49 377.31 -1 -1 -1 -1000 -1000 -1000 -10 1
33 5 Car -1 -1 -1 413.98 203.52 588.46 294.52 -1 -1 -1 -1000 -1000 -1000 -10 1
34 10 Car -1 -1 -1 -39.14 210.01 275.17 375.87 -1 -1 -1 -1000 -1000 -1000 -10 1
34 5 Car -1 -1 -1 418.68 198.88 600.01 292.62 -1 -1 -1 -1000 -1000 -1000 -10 1
35 5 Car -1 -1 -1 412.54 193.62 607.85 293.80 -1 -1 -1 -1000 -1000 -1000 -10 1
36 15 Car -1 -1 -1 724.48 164.97 775.42 198.39 -1 -1 -1 -1000 -1000 -1000 -10 1
36 5 Car -1 -1 -1 403.35 192.36 614.91 301.39 -1 -1 -1 -1000 -1000 -1000 -10 1
37 15 Car -1 -1 -1 725.79 158.60 783.45 197.14 -1 -1 -1 -1000 -1000 -1000 -10 1
37 5 Car -1 -1 -1 386.56 193.78 619.59 314.81 -1 -1 -1 -1000 -1000 -1000 -10 1
38 15 Car -1 -1 -1 731.86 162.37 788.36 201.04 -1 -1 -1 -1000 -1000 -1000 -10 1
38 5 Car -1 -1 -1 355.99 201.90 604.81 330.35 -1 -1 -1 -1000 -1000 -1000 -10 1
39 15 Car -1 -1 -1 727.51 165.57 784.23 204.86 -1 -1 -1 -1000 -1000 -1000 -10 1
39 5 Car -1 -1 -1 301.63 205.01 584.83 351.37 -1 -1 -1 -1000 -1000 -1000 -10 1
40 15 Car -1 -1 -1 724.47 166.71 780.03 205.67 -1 -1 -1 -1000 -1000 -1000 -10 1
40 5 Car -1 -1 -1 221.77 205.53 553.81 364.10 -1 -1 -1 -1000 -1000 -1000 -10 1
41 15 Car -1 -1 -1 714.04 169.50 770.45 208.50 -1 -1 -1 -1000 -1000 -1000 -10 1
41 5 Car -1 -1 -1 149.55 202.64 532.29 369.21 -1 -1 -1 -1000 -1000 -1000 -10 1
42 15 Car -1 -1 -1 705.40 175.89 762.59 215.52 -1 -1 -1 -1000 -1000 -1000 -10 1
42 5 Car -1 -1 -1 123.87 202.97 524.23 371.70 -1 -1 -1 -1000 -1000 -1000 -10 1
43 15 Car -1 -1 -1 689.70 180.47 748.88 222.28 -1 -1 -1 -1000 -1000 -1000 -10 1
43 5 Car -1 -1 -1 47.03 206.90 474.47 376.13 -1 -1 -1 -1000 -1000 -1000 -10 1
44 15 Car -1 -1 -1 668.09 184.05 728.95 227.54 -1 -1 -1 -1000 -1000 -1000 -10 1
48 16 Car -1 -1 -1 540.75 187.03 608.31 236.90 -1 -1 -1 -1000 -1000 -1000 -10 1
49 16 Car -1 -1 -1 516.88 180.06 588.03 232.12 -1 -1 -1 -1000 -1000 -1000 -10 1
50 16 Car -1 -1 -1 495.20 161.04 571.41 215.69 -1 -1 -1 -1000 -1000 -1000 -10 1
51 16 Car -1 -1 -1 485.75 157.49 560.66 211.37 -1 -1 -1 -1000 -1000 -1000 -10 1
55 17 Car -1 -1 -1 428.56 175.17 531.55 245.28 -1 -1 -1 -1000 -1000 -1000 -10 1
56 17 Car -1 -1 -1 410.03 187.85 523.09 263.15 -1 -1 -1 -1000 -1000 -1000 -10 1
57 17 Car -1 -1 -1 391.70 191.00 513.67 268.46 -1 -1 -1 -1000 -1000 -1000 -10 1
58 17 Car -1 -1 -1 369.65 191.74 501.44 276.68 -1 -1 -1 -1000 -1000 -1000 -10 1
59 17 Car -1 -1 -1 341.63 194.23 490.85 290.60 -1 -1 -1 -1000 -1000 -1000 -10 1
60 17 Car -1 -1 -1 302.70 198.00 477.93 310.05 -1 -1 -1 -1000 -1000 -1000 -10 1
61 17 Car -1 -1 -1 260.26 202.29 465.66 332.13 -1 -1 -1 -1000 -1000 -1000 -10 1
62 17 Car -1 -1 -1 206.87 200.09 445.13 352.01 -1 -1 -1 -1000 -1000 -1000 -10 1
63 17 Car -1 -1 -1 132.33 201.15 413.09 369.24 -1 -1 -1 -1000 -1000 -1000 -10 1
64 17 Car -1 -1 -1 49.36 200.34 377.59 376.86 -1 -1 -1 -1000 -1000 -1000 -10 1
65 17 Car -1 -1 -1 5.05 201.36 354.63 380.57 -1 -1 -1 -1000 -1000 -1000 -10 1
66 17 Car -1 -1 -1 -18.16 210.99 316.86 384.17 -1 -1 -1 -1000 -1000 -1000 -10 1
67 17 Car -1 -1 -1 -42.70 222.86 255.85 389.21 -1 -1 -1 -1000 -1000 -1000 -10 1
80 21 Car -1 -1 -1 538.31 179.35 569.63 204.20 -1 -1 -1 -1000 -1000 -1000 -10 1
81 21 Car -1 -1 -1 535.52 178.67 566.94 202.55 -1 -1 -1 -1000 -1000 -1000 -10 1
91 21 Car -1 -1 -1 501.40 179.78 548.82 214.51 -1 -1 -1 -1000 -1000 -1000 -10 1
92 21 Car -1 -1 -1 496.04 185.54 545.75 221.15 -1 -1 -1 -1000 -1000 -1000 -10 1
93 21 Car -1 -1 -1 486.39 189.60 541.02 229.10 -1 -1 -1 -1000 -1000 -1000 -10 1
94 21 Car -1 -1 -1 482.15 192.95 540.73 235.36 -1 -1 -1 -1000 -1000 -1000 -10 1
95 21 Car -1 -1 -1 468.94 189.02 533.53 236.27 -1 -1 -1 -1000 -1000 -1000 -10 1
96 22 Car -1 -1 -1 546.24 181.38 580.23 208.31 -1 -1 -1 -1000 -1000 -1000 -10 1
96 21 Car -1 -1 -1 455.37 188.47 526.30 239.09 -1 -1 -1 -1000 -1000 -1000 -10 1
97 22 Car -1 -1 -1 542.15 183.04 580.63 213.04 -1 -1 -1 -1000 -1000 -1000 -10 1
97 21 Car -1 -1 -1 439.46 192.22 521.49 246.91 -1 -1 -1 -1000 -1000 -1000 -10 1
98 22 Car -1 -1 -1 539.43 182.64 580.74 214.40 -1 -1 -1 -1000 -1000 -1000 -10 1
98 21 Car -1 -1 -1 423.02 190.26 511.52 251.44 -1 -1 -1 -1000 -1000 -1000 -10 1
99 22 Car -1 -1 -1 535.55 182.95 579.64 216.46 -1 -1 -1 -1000 -1000 -1000 -10 1
99 21 Car -1 -1 -1 399.92 193.40 503.74 261.19 -1 -1 -1 -1000 -1000 -1000 -10 1
100 22 Car -1 -1 -1 531.40 181.27 579.06 216.49 -1 -1 -1 -1000 -1000 -1000 -10 1
100 21 Car -1 -1 -1 372.31 194.56 490.97 270.35 -1 -1 -1 -1000 -1000 -1000 -10 1
101 22 Car -1 -1 -1 526.34 181.80 577.60 218.80 -1 -1 -1 -1000 -1000 -1000 -10 1
101 21 Car -1 -1 -1 335.03 198.04 477.01 285.77 -1 -1 -1 -1000 -1000 -1000 -10 1
102 22 Car -1 -1 -1 521.85 182.11 578.43 222.45 -1 -1 -1 -1000 -1000 -1000 -10 1
102 21 Car -1 -1 -1 281.60 198.44 460.12 307.73 -1 -1 -1 -1000 -1000 -1000 -10 1
103 22 Car -1 -1 -1 514.03 180.37 575.04 222.33 -1 -1 -1 -1000 -1000 -1000 -10 1
103 21 Car -1 -1 -1 206.89 202.55 422.05 333.30 -1 -1 -1 -1000 -1000 -1000 -10 1
104 22 Car -1 -1 -1 515.36 178.26 574.46 220.07 -1 -1 -1 -1000 -1000 -1000 -10 1
104 21 Car -1 -1 -1 92.88 193.12 381.72 350.15 -1 -1 -1 -1000 -1000 -1000 -10 1
105 22 Car -1 -1 -1 498.12 182.55 562.95 229.00 -1 -1 -1 -1000 -1000 -1000 -10 1
105 21 Car -1 -1 -1 35.82 204.96 354.26 364.36 -1 -1 -1 -1000 -1000 -1000 -10 1
106 22 Car -1 -1 -1 485.90 186.57 555.99 237.34 -1 -1 -1 -1000 -1000 -1000 -10 1
106 21 Car -1 -1 -1 -3.52 213.57 311.00 374.53 -1 -1 -1 -1000 -1000 -1000 -10 1
107 22 Car -1 -1 -1 469.77 185.47 549.51 244.26 -1 -1 -1 -1000 -1000 -1000 -10 1
107 21 Car -1 -1 -1 -40.51 220.71 229.84 380.09 -1 -1 -1 -1000 -1000 -1000 -10 1
108 22 Car -1 -1 -1 446.95 188.27 540.20 254.66 -1 -1 -1 -1000 -1000 -1000 -10 1
109 25 Car -1 -1 -1 481.49 181.15 561.29 233.83 -1 -1 -1 -1000 -1000 -1000 -10 1
109 22 Car -1 -1 -1 422.04 191.41 527.82 266.74 -1 -1 -1 -1000 -1000 -1000 -10 1
110 25 Car -1 -1 -1 468.90 179.87 553.68 235.46 -1 -1 -1 -1000 -1000 -1000 -10 1
110 22 Car -1 -1 -1 386.51 191.64 510.33 280.89 -1 -1 -1 -1000 -1000 -1000 -10 1
111 25 Car -1 -1 -1 451.47 179.09 541.30 238.68 -1 -1 -1 -1000 -1000 -1000 -10 1
111 22 Car -1 -1 -1 340.70 193.98 490.44 301.44 -1 -1 -1 -1000 -1000 -1000 -10 1
112 25 Car -1 -1 -1 441.93 183.50 538.75 250.77 -1 -1 -1 -1000 -1000 -1000 -10 1
112 22 Car -1 -1 -1 270.64 205.22 462.08 341.37 -1 -1 -1 -1000 -1000 -1000 -10 1
113 25 Car -1 -1 -1 415.83 189.03 530.42 268.21 -1 -1 -1 -1000 -1000 -1000 -10 1
113 22 Car -1 -1 -1 141.06 206.42 413.16 363.39 -1 -1 -1 -1000 -1000 -1000 -10 1
114 25 Car -1 -1 -1 394.86 184.73 518.78 275.41 -1 -1 -1 -1000 -1000 -1000 -10 1
114 22 Car -1 -1 -1 56.37 205.06 372.02 370.43 -1 -1 -1 -1000 -1000 -1000 -10 1
115 25 Car -1 -1 -1 359.36 190.72 502.40 296.09 -1 -1 -1 -1000 -1000 -1000 -10 1
115 22 Car -1 -1 -1 11.87 215.56 318.94 370.99 -1 -1 -1 -1000 -1000 -1000 -10 1
116 25 Car -1 -1 -1 311.33 195.46 481.26 323.62 -1 -1 -1 -1000 -1000 -1000 -10 1
117 25 Car -1 -1 -1 238.14 199.80 455.20 355.86 -1 -1 -1 -1000 -1000 -1000 -10 1
118 25 Car -1 -1 -1 119.75 196.46 406.73 371.43 -1 -1 -1 -1000 -1000 -1000 -10 1
119 25 Car -1 -1 -1 34.22 198.35 345.48 379.97 -1 -1 -1 -1000 -1000 -1000 -10 1
127 26 Car -1 -1 -1 563.95 180.67 592.78 203.87 -1 -1 -1 -1000 -1000 -1000 -10 1
