0 2 Car -1 -1 -1 628.20 172.43 658.92 200.17 -1 -1 -1 -1000 -1000 -1000 -10 1
0 1 Car -1 -1 -1 184.51 184.73 438.39 338.54 -1 -1 -1 -1000 -1000 -1000 -10 1
1 3 Car -1 -1 -1 -4.02 200.45 250.23 375.01 -1 -1 -1 -1000 -1000 -1000 -10 1
1 2 Car -1 -1 -1 629.30 173.00 659.34 200.43 -1 -1 -1 -1000 -1000 -1000 -10 1
2 2 Car -1 -1 -1 630.35 170.19 662.39 198.84 -1 -1 -1 -1000 -1000 -1000 -10 1
3 2 Car -1 -1 -1 630.52 170.99 663.11 199.22 -1 -1 -1 -1000 -1000 -1000 -10 1
4 2 Car -1 -1 -1 629.51 167.27 662.31 196.47 -1 -1 -1 -1000 -1000 -1000 -10 1
5 2 Car -1 -1 -1 629.33 168.06 662.30 196.99 -1 -1 -1 -1000 -1000 -1000 -10 1
6 2 Car -1 -1 -1 630.69 167.86 663.73 196.47 -1 -1 -1 -1000 -1000 -1000 -10 1
7 2 Car -1 -1 -1 633.48 169.40 667.82 196.70 -1 -1 -1 -1000 -1000 -1000 -10 1
8 2 Car -1 -1 -1 636.38 168.57 671.94 195.90 -1 -1 -1 -1000 -1000 -1000 -10 1
9 2 Car -1 -1 -1 640.13 172.84 673.73 199.56 -1 -1 -1 -1000 -1000 -1000 -10 1
10 2 Car -1 -1 -1 644.66 173.19 676.49 199.62 -1 -1 -1 -1000 -1000 -1000 -10 1
11 2 Car -1 -1 -1 645.30 172.17 676.45 198.43 -1 -1 -1 -1000 -1000 -1000 -10 1
12 2 Car -1 -1 -1 645.17 173.35 676.60 199.80 -1 -1 -1 -1000 -1000 -1000 -10 1
13 2 Car -1 -1 -1 645.63 169.23 679.42 195.54 -1 -1 -1 -1000 -1000 -1000 -10 1
14 2 Car -1 -1 -1 646.92 168.24 681.69 194.55 -1 -1 -1 -1000 -1000 -1000 -10 1
15 2 Car -1 -1 -1 648.19 167.41 683.39 193.63 -1 -1 -1 -1000 -1000 -1000 -10 1
19 2 Car -1 -1 -1 653.87 166.86 688.43 195.97 -1 -1 -1 -1000 -1000 -1000 -10 1
20 2 Car -1 -1 -1 653.68 167.47 687.70 196.45 -1 -1 -1 -1000 -1000 -1000 -10 1
21 2 Car -1 -1 -1 655.67 168.62 688.80 196.94 -1 -1 -1 -1000 -1000 -1000 -10 1
22 2 Car -1 -1 -1 657.91 168.90 689.16 196.09 -1 -1 -1 -1000 -1000 -1000 -10 1
23 2 Car -1 -1 -1 657.69 171.08 688.10 197.62 -1 -1 -1 -1000 -1000 -1000 -10 1
24 2 Car -1 -1 -1 658.24 170.04 688.31 196.81 -1 -1 -1 -1000 -1000 -1000 -10 1
25 2 Car -1 -1 -1 658.86 170.54 689.60 197.19 -1 -1 -1 -1000 -1000 -1000 -10 1
26 2 Car -1 -1 -1 662.35 175.38 694.21 201.71 -1 -1 -1 -1000 -1000 -1000 -10 1
27 2 Car -1 -1 -1 662.32 176.36 694.44 202.59 -1 -1 -1 -1000 -1000 -1000 -10 1
28 2 Car -1 -1 -1 664.39 167.66 697.50 195.72 -1 -1 -1 -1000 -1000 -1000 -10 1
29 2 Car -1 -1 -1 662.71 169.12 697.23 198.30 -1 -1 -1 -1000 -1000 -1000 -10 1
30 2 Car -1 -1 -1 660.60 169.64 697.04 199.38 -1 -1 -1 -1000 -1000 -1000 -10 1
31 2 Car -1 -1 -1 658.71 171.19 694.77 201.28 -1 -1 -1 -1000 -1000 -1000 -10 1
32 2 Car -1 -1 -1 658.27 171.16 695.29 201.86 -1 -1 -1 -1000 -1000 -1000 -10 1
33 2 Car -1 -1 -1 660.37 172.98 696.70 203.86 -1 -1 -1 -1000 -1000 -1000 -10 1
34 2 Car -1 -1 -1 659.27 172.03 695.98 203.45 -1 -1 -1 -1000 -1000 -1000 -10 1
35 2 Car -1 -1 -1 660.26 170.88 696.25 202.18 -1 -1 -1 -1000 -1000 -1000 -10 1
36 2 Car -1 -1 -1 661.74 172.72 697.55 203.26 -1 -1 -1 -1000 -1000 -1000 -10 1
37 2 Car -1 -1 -1 661.73 169.52 698.34 200.00 -1 -1 -1 -1000 -1000 -1000 -10 1
38 2 Car -1 -1 -1 661.88 171.41 698.24 201.32 -1 -1 -1 -1000 -1000 -1000 -10 1
39 2 Car -1 -1 -1 662.36 172.43 698.32 202.74 -1 -1 -1 -1000 -1000 -1000 -10 1
40 2 Car -1 -1 -1 661.64 169.58 698.33 201.08 -1 -1 -1 -1000 -1000 -1000 -10 1
41 2 Car -1 -1 -1 659.93 163.27 697.20 195.11 -1 -1 -1 -1000 -1000 -1000 -10 1
42 2 Car -1 -1 -1 658.22 164.84 696.38 197.27 -1 -1 -1 -1000 -1000 -1000 -10 1
43 2 Car -1 -1 -1 658.07 172.20 697.82 205.20 -1 -1 -1 -1000 -1000 -1000 -10 1
44 2 Car -1 -1 -1 657.07 169.42 696.55 202.24 -1 -1 -1 -1000 -1000 -1000 -10 1
45 2 Car -1 -1 -1 653.01 165.47 692.77 198.35 -1 -1 -1 -1000 -1000 -1000 -10 1
46 2 Car -1 -1 -1 650.90 164.84 691.83 198.10 -1 -1 -1 -1000 -1000 -1000 -10 1
47 2 Car -1 -1 -1 650.05 165.75 691.71 199.57 -1 -1 -1 -1000 -1000 -1000 -10 1
48 2 Car -1 -1 -1 649.84 169.64 691.21 202.98 -1 -1 -1 -1000 -1000 -1000 -10 1
49 2 Car -1 -1 -1 649.57 170.86 690.75 203.95 -1 -1 -1 -1000 -1000 -1000 -10 1
50 2 Car -1 -1 -1 642.66 168.16 686.73 200.77 -1 -1 -1 -1000 -1000 -1000 -10 1
51 2 Car -1 -1 -1 639.51 165.30 684.32 198.72 -1 -1 -1 -1000 -1000 -1000 -10 1
52 2 Car -1 -1 -1 637.67 171.25 682.41 205.33 -1 -1 -1 -1000 -1000 -1000 -10 1
53 2 Car -1 -1 -1 633.46 172.75 680.53 208.10 -1 -1 -1 -1000 -1000 -1000 -10 1
54 2 Car -1 -1 -1 631.90 168.77 677.41 205.08 -1 -1 -1 -1000 -1000 -1000 -10 1
55 2 Car -1 -1 -1 632.57 166.49 675.94 201.89 -1 -1 -1 -1000 -1000 -1000 -10 1
56 2 Car -1 -1 -1 633.20 167.16 676.07 202.27 -1 -1 -1 -1000 -1000 -1000 -10 1
57 2 Car -1 -1 -1 633.08 171.84 676.57 206.76 -1 -1 -1 -1000 -1000 -1000 -10 1
58 2 Car -1 -1 -1 633.50 173.55 676.86 209.14 -1 -1 -1 -1000 -1000 -1000 -10 1
59 2 Car -1 -1 -1 631.94 172.66 676.03 209.35 -1 -1 -1 -1000 -1000 -1000 -10 1
60 2 Car -1 -1 -1 628.51 173.56 673.32 210.93 -1 -1 -1 -1000 -1000 -1000 -10 1
61 2 Car -1 -1 -1 626.72 174.56 671.55 211.51 -1 -1 -1 -1000 -1000 -1000 -10 1
62 2 Car -1 -1 -1 624.72 173.73 669.64 210.43 -1 -1 -1 -1000 -1000 -1000 -10 1
63 2 Car -1 -1 -1 620.10 174.27 665.16 211.76 -1 -1 -1 -1000 -1000 -1000 -10 1
64 2 Car -1 -1 -1 616.23 173.18 662.11 211.85 -1 -1 -1 -1000 -1000 -1000 -10 1
65 2 Car -1 -1 -1 614.35 177.71 662.74 219.03 -1 -1 -1 -1000 -1000 -1000 -10 1
66 2 Car -1 -1 -1 610.42 176.65 659.39 218.22 -1 -1 -1 -1000 -1000 -1000 -10 1
67 2 Car -1 -1 -1 608.63 173.61 657.93 215.18 -1 -1 -1 -1000 -1000 -1000 -10 1
68 2 Car -1 -1 -1 606.21 175.30 657.10 218.14 -1 -1 -1 -1000 -1000 -1000 -10 1
69 2 Car -1 -1 -1 604.77 172.99 656.65 217.04 -1 -1 -1 -1000 -1000 -1000 -10 1
70 2 Car -1 -1 -1 601.64 174.07 653.78 219.19 -1 -1 -1 -1000 -1000 -1000 -10 1
71 16 Car -1 -1 -1 498.57 183.17 551.32 219.72 -1 -1 -1 -1000 -1000 -1000 -10 1
71 2 Car -1 -1 -1 600.74 174.12 653.87 220.52 -1 -1 -1 -1000 -1000 -1000 -10 1
72 16 Car -1 -1 -1 457.04 185.30 527.40 229.78 -1 -1 -1 -1000 -1000 -1000 -10 1
72 2 Car -1 -1 -1 602.15 175.42 655.58 222.40 -1 -1 -1 -1000 -1000 -1000 -10 1
73 16 Car -1 -1 -1 394.23 187.05 490.96 246.97 -1 -1 -1 -1000 -1000 -1000 -10 1
75 17 Car -1 -1 -1 607.24 171.29 660.17 220.00 -1 -1 -1 -1000 -1000 -1000 -10 1
76 17 Car -1 -1 -1 604.68 169.29 657.79 219.09 -1 -1 -1 -1000 -1000 -1000 -10 1
77 17 Car -1 -1 -1 604.58 168.96 659.05 218.52 -1 -1 -1 -1000 -1000 -1000 -10 1
78 17 Car -1 -1 -1 601.01 171.33 658.59 221.96 -1 -1 -1 -1000 -1000 -1000 -10 1
79 17 Car -1 -1 -1 598.81 172.83 658.16 223.98 -1 -1 -1 -1000 -1000 -1000 -10 1
80 17 Car -1 -1 -1 599.85 173.08 659.45 224.29 -1 -1 -1 -1000 -1000 -1000 -10 1
81 17 Car -1 -1 -1 598.93 173.68 657.78 224.34 -1 -1 -1 -1000 -1000 -1000 -10 1
82 17 Car -1 -1 -1 596.73 172.92 655.33 223.81 -1 -1 -1 -1000 -1000 -1000 -10 1
83 17 Car -1 -1 -1 593.27 170.77 651.78 222.91 -1 -1 -1 -1000 -1000 -1000 -10 1
84 17 Car -1 -1 -1 592.67 172.33 651.24 224.70 -1 -1 -1 -1000 -1000 -1000 -10 1
85 17 Car -1 -1 -1 590.17 174.56 650.26 228.08 -1 -1 -1 -1000 -1000 -1000 -10 1
86 17 Car -1 -1 -1 588.95 173.44 648.96 227.30 -1 -1 -1 -1000 -1000 -1000 -10 1
87 17 Car -1 -1 -1 586.50 172.45 647.07 227.08 -1 -1 -1 -1000 -1000 -1000 -10 1
88 17 Car -1 -1 -1 583.90 171.16 645.17 227.52 -1 -1 -1 -1000 -1000 -1000 -10 1
89 17 Car -1 -1 -1 581.96 171.06 643.41 228.57 -1 -1 -1 -1000 -1000 -1000 -10 1
90 17 Car -1 -1 -1 581.21 171.81 642.60 228.63 -1 -1 -1 -1000 -1000 -1000 -10 1
91 17 Car -1 -1 -1 581.15 170.19 642.04 226.10 -1 -1 -1 -1000 -1000 -1000 -10 1
92 17 Car -1 -1 -1 582.01 170.75 642.27 226.49 -1 -1 -1 -1000 -1000 -1000 -10 1
93 17 Car -1 -1 -1 581.73 173.64 645.37 229.42 -1 -1 -1 -1000 -1000 -1000 -10 1
94 17 Car -1 -1 -1 581.82 173.20 646.28 230.40 -1 -1 -1 -1000 -1000 -1000 -10 1
95 17 Car -1 -1 -1 582.84 172.78 647.24 230.08 -1 -1 -1 -1000 -1000 -1000 -10 1
96 17 Car -1 -1 -1 583.48 169.99 648.18 227.99 -1 -1 -1 -1000 -1000 -1000 -10 1
97 17 Car -1 -1 -1 583.81 173.79 650.48 231.41 -1 -1 -1 -1000 -1000 -1000 -10 1
98 17 Car -1 -1 -1 586.21 168.90 651.73 227.14 -1 -1 -1 -1000 -1000 -1000 -10 1
99 17 Car -1 -1 -1 587.66 167.84 652.73 226.52 -1 -1 -1 -1000 -1000 -1000 -10 1
100 17 Car -1 -1 -1 586.54 172.97 651.10 231.08 -1 -1 -1 -1000 -1000 -1000 -10 1
101 17 Car -1 -1 -1 586.18 174.16 650.36 231.68 -1 -1 -1 -1000 -1000 -1000 -10 1
102 17 Car -1 -1 -1 585.47 177.07 649.49 234.21 -1 -1 -1 -1000 -1000 -1000 -10 1
103 17 Car -1 -1 -1 585.21 177.01 650.11 234.91 -1 -1 -1 -1000 -1000 -1000 -10 1
104 17 Car -1 -1 -1 586.35 176.93 651.31 235.36 -1 -1 -1 -1000 -1000 -1000 -10 1
105 17 Car -1 -1 -1 586.32 174.53 650.27 232.34 -1 -1 -1 -1000 -1000 -1000 -10 1
106 17 Car -1 -1 -1 585.23 174.41 647.94 230.41 -1 -1 -1 -1000 -1000 -1000 -10 1
107 17 Car -1 -1 -1 584.53 175.14 646.27 229.88 -1 -1 -1 -1000 -1000 -1000 -10 1
108 17 Car -1 -1 -1 581.80 175.58 643.17 230.26 -1 -1 -1 -1000 -1000 -1000 -10 1
109 17 Car -1 -1 -1 580.86 171.36 641.56 225.86 -1 -1 -1 -1000 -1000 -1000 -10 1
110 17 Car -1 -1 -1 579.29 171.07 639.54 225.51 -1 -1 -1 -1000 -1000 -1000 -10 1
111 17 Car -1 -1 -1 579.47 171.42 640.28 226.17 -1 -1 -1 -1000 -1000 -1000 -10 1
112 17 Car -1 -1 -1 580.94 170.05 642.13 225.37 -1 -1 -1 -1000 -1000 -1000 -10 1
113 17 Car -1 -1 -1 580.23 171.52 640.82 226.87 -1 -1 -1 -1000 -1000 -1000 -10 1
114 17 Car -1 -1 -1 580.51 173.77 640.86 229.01 -1 -1 -1 -1000 -1000 -1000 -10 1
115 17 Car -1 -1 -1 579.52 176.42 643.17 231.21 -1 -1 -1 -1000 -1000 -1000 -10 1
116 17 Car -1 -1 -1 579.62 174.96 642.01 229.43 -1 -1 -1 -1000 -1000 -1000 -10 1
117 17 Car -1 -1 -1 580.85 173.42 643.07 227.74 -1 -1 -1 -1000 -1000 -1000 -10 1
118 17 Car -1 -1 -1 581.15 173.72 643.16 228.20 -1 -1 -1 -1000 -1000 -1000 -10 1
119 17 Car -1 -1 -1 578.87 177.25 643.92 231.69 -1 -1 -1 -1000 -1000 -1000 -10 1
120 17 Car -1 -1 -1 578.55 178.17 644.80 232.36 -1 -1 -1 -1000 -1000 -1000 -10 1
121 17 Car -1 -1 -1 576.43 177.63 644.33 232.50 -1 -1 -1 -1000 -1000 -1000 -10 1
122 17 Car -1 -1 -1 578.28 174.36 643.89 228.41 -1 -1 -1 -1000 -1000 -1000 -10 1
123 17 Car -1 -1 -1 574.23 174.97 638.32 227.81 -1 -1 -1 -1000 -1000 -1000 -10 1
124 17 Car -1 -1 -1 574.04 174.48 638.31 228.12 -1 -1 -1 -1000 -1000 -1000 -10 1
125 17 Car -1 -1 -1 569.60 174.62 634.62 229.20 -1 -1 -1 -1000 -1000 -1000 -10 1
126 17 Car -1 -1 -1 566.89 176.41 632.03 231.01 -1 -1 -1 -1000 -1000 -1000 -10 1
127 17 Car -1 -1 -1 562.60 175.11 627.45 230.35 -1 -1 -1 -1000 -1000 -1000 -10 1
128 17 Car -1 -1 -1 562.15 174.50 626.71 230.64 -1 -1 -1 -1000 -1000 -1000 -10 1
129 17 Car -1 -1 -1 560.18 171.81 624.86 229.62 -1 -1 -1 -1000 -1000 -1000 -10 1
130 17 Car -1 -1 -1 559.71 170.10 624.52 228.67 -1 -1 -1 -1000 -1000 -1000 -10 1
131 17 Car -1 -1 -1 558.38 170.12 622.91 229.31 -1 -1 -1 -1000 -1000 -1000 -10 1
132 17 Car -1 -1 -1 557.80 171.95 622.55 231.89 -1 -1 -1 -1000 -1000 -1000 -10 1
133 17 Car -1 -1 -1 558.35 172.12 622.25 232.31 -1 -1 -1 -1000 -1000 -1000 -10 1
134 17 Car -1 -1 -1 558.84 172.77 622.10 232.97 -1 -1 -1 -1000 -1000 -1000 -10 1
135 17 Car -1 -1 -1 559.35 172.62 622.84 232.34 -1 -1 -1 -1000 -1000 -1000 -10 1
136 17 Car -1 -1 -1 560.36 173.29 624.35 233.70 -1 -1 -1 -1000 -1000 -1000 -10 1
137 17 Car -1 -1 -1 559.63 172.27 623.97 233.80 -1 -1 -1 -1000 -1000 -1000 -10 1
138 17 Car -1 -1 -1 558.84 172.79 621.99 234.16 -1 -1 -1 -1000 -1000 -1000 -10 1
139 17 Car -1 -1 -1 559.61 174.14 622.77 235.01 -1 -1 -1 -1000 -1000 -1000 -10 1
140 17 Car -1 -1 -1 559.30 172.16 621.84 232.99 -1 -1 -1 -1000 -1000 -1000 -10 1
141 17 Car -1 -1 -1 560.14 170.02 621.79 231.22 -1 -1 -1 -1000 -1000 -1000 -10 1
142 17 Car -1 -1 -1 556.01 170.42 618.32 232.29 -1 -1 -1 -1000 -1000 -1000 -10 1
143 17 Car -1 -1 -1 554.23 170.98 616.22 232.84 -1 -1 -1 -1000 -1000 -1000 -10 1
144 17 Car -1 -1 -1 551.96 171.44 614.68 234.47 -1 -1 -1 -1000 -1000 -1000 -10 1
145 17 Car -1 -1 -1 550.99 172.42 615.99 235.91 -1 -1 -1 -1000 -1000 -1000 -10 1
146 17 Car -1 -1 -1 548.03 171.58 615.08 235.76 -1 -1 -1 -1000 -1000 -1000 -10 1
147 17 Car -1 -1 -1 546.51 173.69 615.66 236.10 -1 -1 -1 -1000 -1000 -1000 -10 1
148 17 Car -1 -1 -1 545.96 174.21 615.77 235.24 -1 -1 -1 -1000 -1000 -1000 -10 1
149 17 Car -1 -1 -1 549.22 172.06 619.52 233.23 -1 -1 -1 -1000 -1000 -1000 -10 1
150 17 Car -1 -1 -1 552.33 174.18 622.87 234.48 -1 -1 -1 -1000 -1000 -1000 -10 1
151 17 Car -1 -1 -1 554.99 176.42 625.90 236.70 -1 -1 -1 -1000 -1000 -1000 -10 1
152 17 Car -1 -1 -1 555.15 173.43 626.87 233.59 -1 -1 -1 -1000 -1000 -1000 -10 1
153 17 Car -1 -1 -1 557.16 172.64 629.22 233.74 -1 -1 -1 -1000 -1000 -1000 -10 1
154 17 Car -1 -1 -1 559.66 169.76 630.06 230.89 -1 -1 -1 -1000 -1000 -1000 -10 1
155 17 Car -1 -1 -1 560.66 171.45 630.79 232.65 -1 -1 -1 -1000 -1000 -1000 -10 1
156 17 Car -1 -1 -1 559.23 172.36 629.21 233.76 -1 -1 -1 -1000 -1000 -1000 -10 1
157 17 Car -1 -1 -1 558.55 169.84 628.66 231.58 -1 -1 -1 -1000 -1000 -1000 -10 1
158 17 Car -1 -1 -1 561.15 171.54 630.73 232.72 -1 -1 -1 -1000 -1000 -1000 -10 1
159 17 Car -1 -1 -1 563.99 172.54 633.12 233.80 -1 -1 -1 -1000 -1000 -1000 -10 1
160 17 Car -1 -1 -1 563.47 174.58 633.98 235.31 -1 -1 -1 -1000 -1000 -1000 -10 1
161 17 Car -1 -1 -1 565.19 173.86 636.20 234.98 -1 -1 -1 -1000 -1000 -1000 -10 1
162 17 Car -1 -1 -1 565.91 172.92 638.34 235.29 -1 -1 -1 -1000 -1000 -1000 -10 1
163 17 Car -1 -1 -1 565.56 175.95 639.37 237.81 -1 -1 -1 -1000 -1000 -1000 -10 1
164 17 Car -1 -1 -1 566.00 175.89 640.75 238.38 -1 -1 -1 -1000 -1000 -1000 -10 1
165 17 Car -1 -1 -1 563.60 175.59 640.51 238.98 -1 -1 -1 -1000 -1000 -1000 -10 1
166 17 Car -1 -1 -1 563.84 173.81 640.66 237.39 -1 -1 -1 -1000 -1000 -1000 -10 1
167 17 Car -1 -1 -1 565.15 174.58 640.34 237.62 -1 -1 -1 -1000 -1000 -1000 -10 1
168 17 Car -1 -1 -1 564.99 174.35 637.98 236.81 -1 -1 -1 -1000 -1000 -1000 -10 1
169 17 Car -1 -1 -1 564.11 172.44 635.61 234.69 -1 -1 -1 -1000 -1000 -1000 -10 1
170 17 Car -1 -1 -1 562.27 173.29 633.95 234.65 -1 -1 -1 -1000 -1000 -1000 -10 1
171 17 Car -1 -1 -1 561.27 173.65 633.20 235.12 -1 -1 -1 -1000 -1000 -1000 -10 1
172 17 Car -1 -1 -1 560.40 173.60 632.43 234.82 -1 -1 -1 -1000 -1000 -1000 -10 1
173 17 Car -1 -1 -1 559.28 173.65 631.47 234.92 -1 -1 -1 -1000 -1000 -1000 -10 1
174 17 Car -1 -1 -1 559.48 173.56 631.35 235.27 -1 -1 -1 -1000 -1000 -1000 -10 1
175 17 Car -1 -1 -1 559.16 170.88 630.78 233.21 -1 -1 -1 -1000 -1000 -1000 -10 1
176 17 Car -1 -1 -1 559.16 170.44 629.83 233.54 -1 -1 -1 -1000 -1000 -1000 -10 1
177 17 Car -1 -1 -1 559.48 167.11 629.19 231.16 -1 -1 -1 -1000 -1000 -1000 -10 1
178 17 Car -1 -1 -1 561.98 168.61 630.93 231.92 -1 -1 -1 -1000 -1000 -1000 -10 1
179 17 Car -1 -1 -1 564.03 168.77 632.22 231.54 -1 -1 -1 -1000 -1000 -1000 -10 1
180 17 Car -1 -1 -1 565.19 169.48 633.61 232.35 -1 -1 -1 -1000 -1000 -1000 -10 1
181 17 Car -1 -1 -1 566.69 169.79 635.20 232.30 -1 -1 -1 -1000 -1000 -1000 -10 1
182 17 Car -1 -1 -1 567.11 168.65 636.13 231.31 -1 -1 -1 -1000 -1000 -1000 -10 1
183 17 Car -1 -1 -1 567.92 171.67 638.21 234.64 -1 -1 -1 -1000 -1000 -1000 -10 1
184 17 Car -1 -1 -1 569.55 175.12 640.01 238.53 -1 -1 -1 -1000 -1000 -1000 -10 1
185 17 Car -1 -1 -1 569.35 172.38 640.19 236.49 -1 -1 -1 -1000 -1000 -1000 -10 1
186 17 Car -1 -1 -1 569.07 170.79 640.27 235.61 -1 -1 -1 -1000 -1000 -1000 -10 1
187 17 Car -1 -1 -1 568.18 170.95 638.93 236.20 -1 -1 -1 -1000 -1000 -1000 -10 1
188 17 Car -1 -1 -1 566.77 170.80 637.62 236.06 -1 -1 -1 -1000 -1000 -1000 -10 1
189 17 Car -1 -1 -1 566.29 169.35 636.65 234.60 -1 -1 -1 -1000 -1000 -1000 -10 1
190 17 Car -1 -1 -1 565.76 168.95 635.73 235.10 -1 -1 -1 -1000 -1000 -1000 -10 1
191 17 Car -1 -1 -1 565.35 171.85 635.74 238.74 -1 -1 -1 -1000 -1000 -1000 -10 1
192 17 Car -1 -1 -1 564.12 171.12 635.25 238.81 -1 -1 -1 -1000 -1000 -1000 -10 1
193 17 Car -1 -1 -1 563.81 172.50 634.87 240.17 -1 -1 -1 -1000 -1000 -1000 -10 1
194 17 Car -1 -1 -1 563.62 173.85 634.72 241.07 -1 -1 -1 -1000 -1000 -1000 -10 1
195 17 Car -1 -1 -1 563.47 170.15 634.26 236.99 -1 -1 -1 -1000 -1000 -1000 -10 1
196 17 Car -1 -1 -1 562.45 169.32 633.33 235.74 -1 -1 -1 -1000 -1000 -1000 -10 1
197 17 Car -1 -1 -1 562.79 170.91 633.70 237.25 -1 -1 -1 -1000 -1000 -1000 -10 1
198 17 Car -1 -1 -1 563.12 171.00 633.96 237.40 -1 -1 -1 -1000 -1000 -1000 -10 1
199 17 Car -1 -1 -1 564.55 169.95 635.90 236.53 -1 -1 -1 -1000 -1000 -1000 -10 1
200 17 Car -1 -1 -1 564.30 170.06 635.89 236.73 -1 -1 -1 -1000 -1000 -1000 -10 1
201 17 Car -1 -1 -1 565.36 169.54 636.84 236.29 -1 -1 -1 -1000 -1000 -1000 -10 1
202 17 Car -1 -1 -1 565.29 173.84 637.60 240.14 -1 -1 -1 -1000 -1000 -1000 -10 1
203 17 Car -1 -1 -1 565.67 171.71 637.75 238.16 -1 -1 -1 -1000 -1000 -1000 -10 1
204 17 Car -1 -1 -1 565.82 172.77 638.86 239.39 -1 -1 -1 -1000 -1000 -1000 -10 1
205 17 Car -1 -1 -1 565.92 171.12 638.92 237.84 -1 -1 -1 -1000 -1000 -1000 -10 1
206 17 Car -1 -1 -1 566.02 169.40 638.40 235.30 -1 -1 -1 -1000 -1000 -1000 -10 1
207 17 Car -1 -1 -1 565.68 173.08 638.22 238.79 -1 -1 -1 -1000 -1000 -1000 -10 1
208 17 Car -1 -1 -1 566.85 171.64 638.88 237.48 -1 -1 -1 -1000 -1000 -1000 -10 1
209 17 Car -1 -1 -1 568.28 170.58 639.10 236.35 -1 -1 -1 -1000 -1000 -1000 -10 1
