0 1 Car -1 -1 -1 220.53 190.34 322.20 237.18 -1 -1 -1 -1000 -1000 -1000 -10 1
1 3 Car -1 -1 -1 277.23 192.70 358.10 224.03 -1 -1 -1 -1000 -1000 -1000 -10 1
1 2 Car -1 -1 -1 175.31 196.57 245.70 227.65 -1 -1 -1 -1000 -1000 -1000 -10 1
2 4 Car -1 -1 -1 35.21 196.29 135.30 231.46 -1 -1 -1 -1000 -1000 -1000 -10 1
2 3 Car -1 -1 -1 307.27 188.91 372.80 216.28 -1 -1 -1 -1000 -1000 -1000 -10 1
4 3 Car -1 -1 -1 357.59 190.47 410.82 213.84 -1 -1 -1 -1000 -1000 -1000 -10 1
5 3 Car -1 -1 -1 383.53 188.38 432.81 210.63 -1 -1 -1 -1000 -1000 -1000 -10 1
6 3 Car -1 -1 -1 398.54 187.23 442.31 207.16 -1 -1 -1 -1000 -1000 -1000 -10 1
216 29 Car -1 -1 -1 684.18 164.66 762.50 225.91 -1 -1 -1 -1000 -1000 -1000 -10 1
217 29 Car -1 -1 -1 704.93 166.93 792.21 236.02 -1 -1 -1 -1000 -1000 -1000 -10 1
218 29 Car -1 -1 -1 730.21 161.41 862.78 262.57 -1 -1 -1 -1000 -1000 -1000 -10 1
219 30 Car -1 -1 -1 786.36 166.75 1058.35 338.80 -1 -1 -1 -1000 -1000 -1000 -10 1
220 31 Car -1 -1 -1 21.98 188.38 389.75 382.23 -1 -1 -1 -1000 -1000 -1000 -10 1
220 30 Car -1 -1 -1 894.62 169.30 1218.77 356.38 -1 -1 -1 -1000 -1000 -1000 -10 1
221 31 Car -1 -1 -1 120.72 186.97 434.45 365.55 -1 -1 -1 -1000 -1000 -1000 -10 1
222 31 Car -1 -1 -1 201.65 180.98 478.48 338.20 -1 -1 -1 -1000 -1000 -1000 -10 1
223 31 Car -1 -1 -1 268.25 180.44 500.64 312.44 -1 -1 -1 -1000 -1000 -1000 -10 1
224 31 Car -1 -1 -1 327.30 179.33 515.39 287.47 -1 -1 -1 -1000 -1000 -1000 -10 1
225 31 Car -1 -1 -1 371.37 178.23 526.25 268.50 -1 -1 -1 -1000 -1000 -1000 -10 1
226 31 Car -1 -1 -1 406.50 179.93 531.24 254.60 -1 -1 -1 -1000 -1000 -1000 -10 1
227 31 Car -1 -1 -1 441.30 184.50 534.74 241.85 -1 -1 -1 -1000 -1000 -1000 -10 1
231 33 Car -1 -1 -1 508.82 179.19 564.61 222.14 -1 -1 -1 -1000 -1000 -1000 -10 1
232 33 Car -1 -1 -1 522.06 179.03 572.71 218.99 -1 -1 -1 -1000 -1000 -1000 -10 1
233 33 Car -1 -1 -1 531.40 179.73 579.37 216.20 -1 -1 -1 -1000 -1000 -1000 -10 1
234 33 Car -1 -1 -1 542.50 177.77 586.86 210.70 -1 -1 -1 -1000 -1000 -1000 -10 1
235 33 Car -1 -1 -1 551.80 176.84 592.86 207.14 -1 -1 -1 -1000 -1000 -1000 -10 1
236 33 Car -1 -1 -1 557.94 176.20 594.02 202.88 -1 -1 -1 -1000 -1000 -1000 -10 1
237 33 Car -1 -1 -1 561.48 176.83 594.44 201.04 -1 -1 -1 -1000 -1000 -1000 -10 1
238 33 Car -1 -1 -1 564.47 177.63 594.51 199.56 -1 -1 -1 -1000 -1000 -1000 -10 1
239 33 Car -1 -1 -1 569.76 178.63 596.53 198.06 -1 -1 -1 -1000 -1000 -1000 -10 1
243 41 Car -1 -1 -1 577.84 177.97 600.85 196.11 -1 -1 -1 -1000 -1000 -1000 -10 1
244 41 Car -1 -1 -1 574.76 176.10 598.86 194.14 -1 -1 -1 -1000 -1000 -1000 -10 1
245 41 Car -1 -1 -1 575.51 175.30 599.89 193.00 -1 -1 -1 -1000 -1000 -1000 -10 1
246 41 Car -1 -1 -1 578.47 176.89 601.74 194.13 -1 -1 -1 -1000 -1000 -1000 -10 1
247 41 Car -1 -1 -1 579.61 176.69 602.14 193.60 -1 -1 -1 -1000 -1000 -1000 -10 1
248 41 Car -1 -1 -1 580.69 177.06 602.46 193.46 -1 -1 -1 -1000 -1000 -1000 -10 1
249 41 Car -1 -1 -1 581.13 176.94 602.34 193.03 -1 -1 -1 -1000 -1000 -1000 -10 1
250 41 Car -1 -1 -1 582.26 176.83 602.93 192.65 -1 -1 -1 -1000 -1000 -1000 -10 1
251 41 Car -1 -1 -1 582.80 176.88 602.95 192.34 -1 -1 -1 -1000 -1000 -1000 -10 1
252 41 Car -1 -1 -1 582.75 176.91 602.51 192.11 -1 -1 -1 -1000 -1000 -1000 -10 1
253 41 Car -1 -1 -1 582.46 176.48 602.23 191.67 -1 -1 -1 -1000 -1000 -1000 -10 1
254 41 Car -1 -1 -1 583.17 176.66 602.72 191.68 -1 -1 -1 -1000 -1000 -1000 -10 1
255 41 Car -1 -1 -1 582.81 176.57 602.20 191.43 -1 -1 -1 -1000 -1000 -1000 -10 1
256 41 Car -1 -1 -1 583.25 175.77 602.67 190.74 -1 -1 -1 -1000 -1000 -1000 -10 1
257 41 Car -1 -1 -1 582.33 176.18 601.85 191.27 -1 -1 -1 -1000 -1000 -1000 -10 1
258 41 Car -1 -1 -1 579.33 175.85 599.10 191.15 -1 -1 -1 -1000 -1000 -1000 -10 1
259 41 Car -1 -1 -1 579.24 176.33 598.99 191.62 -1 -1 -1 -1000 -1000 -1000 -10 1
260 41 Car -1 -1 -1 578.01 176.38 597.80 191.72 -1 -1 -1 -1000 -1000 -1000 -10 1
261 41 Car -1 -1 -1 578.71 176.58 599.03 192.42 -1 -1 -1 -1000 -1000 -1000 -10 1
286 48 Car -1 -1 -1 14.02 192.29 279.61 383.81 -1 -1 -1 -1000 -1000 -1000 -10 1
287 48 Car -1 -1 -1 16.20 190.91 311.45 382.81 -1 -1 -1 -1000 -1000 -1000 -10 1
288 48 Car -1 -1 -1 14.61 190.68 335.18 381.20 -1 -1 -1 -1000 -1000 -1000 -10 1
289 48 Car -1 -1 -1 26.97 188.82 358.06 373.63 -1 -1 -1 -1000 -1000 -1000 -10 1
290 48 Car -1 -1 -1 56.30 184.21 388.15 355.46 -1 -1 -1 -1000 -1000 -1000 -10 1
291 48 Car -1 -1 -1 115.89 182.45 420.69 337.52 -1 -1 -1 -1000 -1000 -1000 -10 1
292 48 Car -1 -1 -1 159.25 180.88 436.29 315.27 -1 -1 -1 -1000 -1000 -1000 -10 1
293 48 Car -1 -1 -1 206.51 179.04 449.34 303.61 -1 -1 -1 -1000 -1000 -1000 -10 1
294 51 Car -1 -1 -1 15.84 84.13 332.43 389.31 -1 -1 -1 -1000 -1000 -1000 -10 1
294 48 Car -1 -1 -1 237.78 180.71 458.56 294.47 -1 -1 -1 -1000 -1000 -1000 -10 1
295 51 Car -1 -1 -1 83.14 95.38 370.58 353.96 -1 -1 -1 -1000 -1000 -1000 -10 1
295 48 Car -1 -1 -1 265.32 178.13 465.85 280.51 -1 -1 -1 -1000 -1000 -1000 -10 1
296 51 Car -1 -1 -1 148.25 107.96 396.62 335.14 -1 -1 -1 -1000 -1000 -1000 -10 1
296 48 Car -1 -1 -1 303.43 175.50 475.17 267.78 -1 -1 -1 -1000 -1000 -1000 -10 1
297 51 Car -1 -1 -1 195.64 116.16 416.47 315.86 -1 -1 -1 -1000 -1000 -1000 -10 1
297 48 Car -1 -1 -1 326.89 178.08 477.71 259.94 -1 -1 -1 -1000 -1000 -1000 -10 1
298 51 Car -1 -1 -1 238.67 129.25 431.22 303.78 -1 -1 -1 -1000 -1000 -1000 -10 1
298 48 Car -1 -1 -1 349.21 176.63 479.35 250.05 -1 -1 -1 -1000 -1000 -1000 -10 1
299 51 Car -1 -1 -1 277.18 132.48 450.46 283.48 -1 -1 -1 -1000 -1000 -1000 -10 1
301 54 Car -1 -1 -1 308.21 126.93 478.25 265.52 -1 -1 -1 -1000 -1000 -1000 -10 1
302 54 Car -1 -1 -1 333.04 130.02 483.94 255.41 -1 -1 -1 -1000 -1000 -1000 -10 1
303 54 Car -1 -1 -1 350.31 132.81 486.42 249.41 -1 -1 -1 -1000 -1000 -1000 -10 1
304 54 Car -1 -1 -1 366.34 138.34 489.44 244.28 -1 -1 -1 -1000 -1000 -1000 -10 1
305 54 Car -1 -1 -1 382.92 143.56 494.95 241.65 -1 -1 -1 -1000 -1000 -1000 -10 1
306 54 Car -1 -1 -1 394.00 146.39 499.10 237.59 -1 -1 -1 -1000 -1000 -1000 -10 1
307 54 Car -1 -1 -1 408.47 149.33 506.08 232.98 -1 -1 -1 -1000 -1000 -1000 -10 1
308 54 Car -1 -1 -1 427.98 156.52 512.53 228.69 -1 -1 -1 -1000 -1000 -1000 -10 1
309 54 Car -1 -1 -1 440.38 162.98 513.15 225.60 -1 -1 -1 -1000 -1000 -1000 -10 1
310 54 Car -1 -1 -1 447.96 165.87 511.08 220.45 -1 -1 -1 -1000 -1000 -1000 -10 1
311 54 Car -1 -1 -1 453.74 168.93 507.07 214.33 -1 -1 -1 -1000 -1000 -1000 -10 1
315 59 Car -1 -1 -1 458.49 154.07 519.89 211.28 -1 -1 -1 -1000 -1000 -1000 -10 1
316 59 Car -1 -1 -1 466.25 160.47 528.97 216.61 -1 -1 -1 -1000 -1000 -1000 -10 1
317 59 Car -1 -1 -1 477.03 159.87 535.07 211.68 -1 -1 -1 -1000 -1000 -1000 -10 1
318 59 Car -1 -1 -1 483.15 156.94 540.81 205.78 -1 -1 -1 -1000 -1000 -1000 -10 1
319 59 Car -1 -1 -1 489.67 158.17 544.02 204.69 -1 -1 -1 -1000 -1000 -1000 -10 1
320 59 Car -1 -1 -1 493.51 160.58 546.67 205.50 -1 -1 -1 -1000 -1000 -1000 -10 1
321 59 Car -1 -1 -1 500.48 160.10 550.44 203.11 -1 -1 -1 -1000 -1000 -1000 -10 1
322 59 Car -1 -1 -1 505.28 160.97 553.34 202.64 -1 -1 -1 -1000 -1000 -1000 -10 1
323 59 Car -1 -1 -1 515.21 161.58 559.31 201.04 -1 -1 -1 -1000 -1000 -1000 -10 1
324 59 Car -1 -1 -1 522.94 163.54 563.92 200.92 -1 -1 -1 -1000 -1000 -1000 -10 1
328 59 Car -1 -1 -1 543.50 166.61 574.67 197.98 -1 -1 -1 -1000 -1000 -1000 -10 1
329 59 Car -1 -1 -1 541.35 165.64 573.12 197.93 -1 -1 -1 -1000 -1000 -1000 -10 1
330 59 Car -1 -1 -1 542.61 164.13 573.73 196.16 -1 -1 -1 -1000 -1000 -1000 -10 1
331 74 Car -1 -1 -1 539.04 161.69 574.88 198.05 -1 -1 -1 -1000 -1000 -1000 -10 1
331 59 Car -1 -1 -1 543.44 165.71 573.27 196.40 -1 -1 -1 -1000 -1000 -1000 -10 1
332 74 Car -1 -1 -1 543.05 161.18 576.72 195.84 -1 -1 -1 -1000 -1000 -1000 -10 1
332 59 Car -1 -1 -1 546.27 166.46 574.21 194.99 -1 -1 -1 -1000 -1000 -1000 -10 1
333 74 Car -1 -1 -1 545.96 162.11 577.87 195.33 -1 -1 -1 -1000 -1000 -1000 -10 1
333 59 Car -1 -1 -1 551.25 168.13 577.79 195.52 -1 -1 -1 -1000 -1000 -1000 -10 1
334 74 Car -1 -1 -1 547.65 160.47 579.51 193.88 -1 -1 -1 -1000 -1000 -1000 -10 1
335 79 Car -1 -1 -1 551.29 166.53 581.45 194.99 -1 -1 -1 -1000 -1000 -1000 -10 1
335 74 Car -1 -1 -1 551.20 159.96 581.62 191.78 -1 -1 -1 -1000 -1000 -1000 -10 1
336 79 Car -1 -1 -1 555.71 166.89 583.40 193.26 -1 -1 -1 -1000 -1000 -1000 -10 1
336 74 Car -1 -1 -1 554.59 158.90 584.86 189.23 -1 -1 -1 -1000 -1000 -1000 -10 1
337 79 Car -1 -1 -1 558.91 167.03 586.20 193.18 -1 -1 -1 -1000 -1000 -1000 -10 1
340 74 Car -1 -1 -1 562.20 159.23 589.66 186.81 -1 -1 -1 -1000 -1000 -1000 -10 1
341 79 Car -1 -1 -1 568.05 166.76 593.67 193.35 -1 -1 -1 -1000 -1000 -1000 -10 1
341 74 Car -1 -1 -1 562.92 160.05 590.61 187.43 -1 -1 -1 -1000 -1000 -1000 -10 1
342 79 Car -1 -1 -1 567.88 165.15 593.67 192.06 -1 -1 -1 -1000 -1000 -1000 -10 1
342 74 Car -1 -1 -1 562.98 159.64 590.88 186.80 -1 -1 -1 -1000 -1000 -1000 -10 1
343 79 Car -1 -1 -1 566.82 165.04 592.54 191.97 -1 -1 -1 -1000 -1000 -1000 -10 1
343 74 Car -1 -1 -1 562.51 160.01 590.49 186.88 -1 -1 -1 -1000 -1000 -1000 -10 1
344 79 Car -1 -1 -1 565.17 163.71 590.27 190.16 -1 -1 -1 -1000 -1000 -1000 -10 1
344 74 Car -1 -1 -1 561.57 158.72 589.37 185.29 -1 -1 -1 -1000 -1000 -1000 -10 1
345 79 Car -1 -1 -1 564.14 164.14 588.75 190.24 -1 -1 -1 -1000 -1000 -1000 -10 1
345 74 Car -1 -1 -1 561.08 159.50 588.56 185.80 -1 -1 -1 -1000 -1000 -1000 -10 1
346 79 Car -1 -1 -1 564.61 165.03 589.32 190.97 -1 -1 -1 -1000 -1000 -1000 -10 1
346 74 Car -1 -1 -1 561.88 161.26 589.01 186.97 -1 -1 -1 -1000 -1000 -1000 -10 1
347 79 Car -1 -1 -1 566.26 165.49 590.60 190.93 -1 -1 -1 -1000 -1000 -1000 -10 1
347 74 Car -1 -1 -1 563.08 161.17 589.67 186.22 -1 -1 -1 -1000 -1000 -1000 -10 1
348 79 Car -1 -1 -1 568.40 164.75 592.62 189.97 -1 -1 -1 -1000 -1000 -1000 -10 1
348 74 Car -1 -1 -1 564.56 160.32 590.85 185.05 -1 -1 -1 -1000 -1000 -1000 -10 1
349 79 Car -1 -1 -1 573.04 165.97 597.76 191.53 -1 -1 -1 -1000 -1000 -1000 -10 1
349 74 Car -1 -1 -1 567.64 162.79 593.72 186.89 -1 -1 -1 -1000 -1000 -1000 -10 1
350 79 Car -1 -1 -1 574.41 167.89 599.29 193.56 -1 -1 -1 -1000 -1000 -1000 -10 1
350 74 Car -1 -1 -1 569.45 166.06 595.10 189.47 -1 -1 -1 -1000 -1000 -1000 -10 1
351 79 Car -1 -1 -1 576.42 167.98 601.07 193.39 -1 -1 -1 -1000 -1000 -1000 -10 1
351 74 Car -1 -1 -1 571.51 165.81 596.63 188.51 -1 -1 -1 -1000 -1000 -1000 -10 1
352 74 Car -1 -1 -1 572.16 167.51 597.27 190.09 -1 -1 -1 -1000 -1000 -1000 -10 1
353 74 Car -1 -1 -1 572.41 168.96 597.30 191.35 -1 -1 -1 -1000 -1000 -1000 -10 1
354 74 Car -1 -1 -1 572.72 168.60 597.57 191.06 -1 -1 -1 -1000 -1000 -1000 -10 1
355 74 Car -1 -1 -1 572.97 166.25 598.05 188.71 -1 -1 -1 -1000 -1000 -1000 -10 1
356 74 Car -1 -1 -1 575.20 167.10 599.84 189.93 -1 -1 -1 -1000 -1000 -1000 -10 1
357 79 Car -1 -1 -1 580.40 169.99 605.36 195.11 -1 -1 -1 -1000 -1000 -1000 -10 1
357 74 Car -1 -1 -1 574.70 166.74 599.63 189.20 -1 -1 -1 -1000 -1000 -1000 -10 1
358 74 Car -1 -1 -1 574.63 166.30 599.79 188.47 -1 -1 -1 -1000 -1000 -1000 -10 1
359 74 Car -1 -1 -1 576.02 165.14 601.76 187.41 -1 -1 -1 -1000 -1000 -1000 -10 1
360 74 Car -1 -1 -1 577.09 164.41 603.00 186.69 -1 -1 -1 -1000 -1000 -1000 -10 1
361 74 Car -1 -1 -1 576.81 165.81 602.69 187.76 -1 -1 -1 -1000 -1000 -1000 -10 1
362 74 Car -1 -1 -1 575.37 165.82 601.29 187.48 -1 -1 -1 -1000 -1000 -1000 -10 1
366 74 Car -1 -1 -1 569.42 166.94 595.05 187.23 -1 -1 -1 -1000 -1000 -1000 -10 1
367 74 Car -1 -1 -1 568.12 167.76 593.28 187.14 -1 -1 -1 -1000 -1000 -1000 -10 1
368 74 Car -1 -1 -1 567.64 168.27 592.32 187.19 -1 -1 -1 -1000 -1000 -1000 -10 1
369 74 Car -1 -1 -1 568.20 168.07 592.55 186.70 -1 -1 -1 -1000 -1000 -1000 -10 1
370 74 Car -1 -1 -1 569.50 168.23 593.61 186.49 -1 -1 -1 -1000 -1000 -1000 -10 1
371 74 Car -1 -1 -1 571.23 168.61 595.03 186.32 -1 -1 -1 -1000 -1000 -1000 -10 1
372 74 Car -1 -1 -1 572.25 169.77 595.89 187.29 -1 -1 -1 -1000 -1000 -1000 -10 1
373 74 Car -1 -1 -1 572.68 169.89 596.25 187.28 -1 -1 -1 -1000 -1000 -1000 -10 1
374 74 Car -1 -1 -1 572.53 169.90 595.91 186.98 -1 -1 -1 -1000 -1000 -1000 -10 1
375 74 Car -1 -1 -1 571.30 169.28 594.55 186.13 -1 -1 -1 -1000 -1000 -1000 -10 1
376 74 Car -1 -1 -1 571.27 169.94 594.14 186.40 -1 -1 -1 -1000 -1000 -1000 -10 1
377 74 Car -1 -1 -1 570.86 170.06 593.46 186.04 -1 -1 -1 -1000 -1000 -1000 -10 1
378 74 Car -1 -1 -1 570.22 168.98 592.43 184.60 -1 -1 -1 -1000 -1000 -1000 -10 1
379 74 Car -1 -1 -1 569.73 169.58 591.72 185.05 -1 -1 -1 -1000 -1000 -1000 -10 1
380 74 Car -1 -1 -1 569.07 168.79 590.95 184.25 -1 -1 -1 -1000 -1000 -1000 -10 1
381 74 Car -1 -1 -1 568.37 168.46 590.20 183.88 -1 -1 -1 -1000 -1000 -1000 -10 1
382 74 Car -1 -1 -1 567.75 168.68 589.48 184.02 -1 -1 -1 -1000 -1000 -1000 -10 1
383 74 Car -1 -1 -1 567.32 168.51 588.88 183.84 -1 -1 -1 -1000 -1000 -1000 -10 1
384 96 Car -1 -1 -1 569.72 171.91 591.06 189.61 -1 -1 -1 -1000 -1000 -1000 -10 1
385 96 Car -1 -1 -1 568.82 170.94 590.42 189.43 -1 -1 -1 -1000 -1000 -1000 -10 1
386 96 Car -1 -1 -1 569.29 171.82 590.66 190.30 -1 -1 -1 -1000 -1000 -1000 -10 1
387 96 Car -1 -1 -1 567.64 169.19 589.21 186.82 -1 -1 -1 -1000 -1000 -1000 -10 1
388 96 Car -1 -1 -1 566.66 166.47 588.45 183.74 -1 -1 -1 -1000 -1000 -1000 -10 1
394 98 Car -1 -1 -1 260.14 147.00 352.45 210.43 -1 -1 -1 -1000 -1000 -1000 -10 1
396 97 Car -1 -1 -1 575.52 171.47 596.05 189.59 -1 -1 -1 -1000 -1000 -1000 -10 1
397 97 Car -1 -1 -1 575.99 171.00 596.25 188.84 -1 -1 -1 -1000 -1000 -1000 -10 1
398 97 Car -1 -1 -1 575.98 171.20 596.08 188.72 -1 -1 -1 -1000 -1000 -1000 -10 1
