0 2 Car -1 -1 -1 376.21 170.16 490.21 256.05 -1 -1 -1 -1000 -1000 -1000 -10 1
0 1 Car -1 -1 -1 375.76 168.94 488.41 259.05 -1 -1 -1 -1000 -1000 -1000 -10 1
1 2 Car -1 -1 -1 408.94 171.09 506.24 245.59 -1 -1 -1 -1000 -1000 -1000 -10 1
1 1 Car -1 -1 -1 407.78 172.87 506.23 245.13 -1 -1 -1 -1000 -1000 -1000 -10 1
2 1 Car -1 -1 -1 436.35 178.81 516.66 234.81 -1 -1 -1 -1000 -1000 -1000 -10 1
5 2 Car -1 -1 -1 490.08 176.80 538.68 211.93 -1 -1 -1 -1000 -1000 -1000 -10 1
9 3 Car -1 -1 -1 523.35 177.48 555.85 203.59 -1 -1 -1 -1000 -1000 -1000 -10 1
10 3 Car -1 -1 -1 531.06 179.87 559.87 203.28 -1 -1 -1 -1000 -1000 -1000 -10 1
11 3 Car -1 -1 -1 537.29 180.05 562.71 200.87 -1 -1 -1 -1000 -1000 -1000 -10 1
12 3 Car -1 -1 -1 541.99 178.44 564.42 197.24 -1 -1 -1 -1000 -1000 -1000 -10 1
13 3 Car -1 -1 -1 543.55 177.44 564.75 195.39 -1 -1 -1 -1000 -1000 -1000 -10 1
14 3 Car -1 -1 -1 545.92 176.75 566.64 194.28 -1 -1 -1 -1000 -1000 -1000 -10 1
15 3 Car -1 -1 -1 545.51 175.18 566.69 192.05 -1 -1 -1 -1000 -1000 -1000 -10 1
16 3 Car -1 -1 -1 546.25 174.75 567.31 190.59 -1 -1 -1 -1000 -1000 -1000 -10 1
17 3 Car -1 -1 -1 548.43 175.22 568.56 191.01 -1 -1 -1 -1000 -1000 -1000 -10 1
18 3 Car -1 -1 -1 549.24 174.61 568.73 190.20 -1 -1 -1 -1000 -1000 -1000 -10 1
19 3 Car -1 -1 -1 550.65 173.88 569.63 189.12 -1 -1 -1 -1000 -1000 -1000 -10 1
20 3 Car -1 -1 -1 551.63 174.12 570.13 189.05 -1 -1 -1 -1000 -1000 -1000 -10 1
21 3 Car -1 -1 -1 551.93 175.09 569.93 189.72 -1 -1 -1 -1000 -1000 -1000 -10 1
29 20 Car -1 -1 -1 277.88 152.26 507.10 311.33 -1 -1 -1 -1000 -1000 -1000 -10 1
30 23 Car -1 -1 -1 375.26 163.92 528.63 273.38 -1 -1 -1 -1000 -1000 -1000 -10 1
30 20 Car -1 -1 -1 373.84 159.37 536.25 275.27 -1 -1 -1 -1000 -1000 -1000 -10 1
34 25 Car -1 -1 -1 500.81 169.86 569.04 225.49 -1 -1 -1 -1000 -1000 -1000 -10 1
35 25 Car -1 -1 -1 519.16 171.70 573.58 216.59 -1 -1 -1 -1000 -1000 -1000 -10 1
36 25 Car -1 -1 -1 534.18 172.43 578.80 209.87 -1 -1 -1 -1000 -1000 -1000 -10 1
37 27 Car -1 -1 -1 299.24 187.87 469.80 274.79 -1 -1 -1 -1000 -1000 -1000 -10 1
38 27 Car -1 -1 -1 360.46 179.62 507.98 256.96 -1 -1 -1 -1000 -1000 -1000 -10 1
40 28 Car -1 -1 -1 562.96 169.68 589.11 197.72 -1 -1 -1 -1000 -1000 -1000 -10 1
41 28 Car -1 -1 -1 573.12 171.37 596.35 196.22 -1 -1 -1 -1000 -1000 -1000 -10 1
42 32 Car -1 -1 -1 465.71 182.36 524.27 222.78 -1 -1 -1 -1000 -1000 -1000 -10 1
42 28 Car -1 -1 -1 577.46 172.58 599.00 195.33 -1 -1 -1 -1000 -1000 -1000 -10 1
43 32 Car -1 -1 -1 483.01 183.00 532.66 218.18 -1 -1 -1 -1000 -1000 -1000 -10 1
43 28 Car -1 -1 -1 580.30 174.56 599.75 194.91 -1 -1 -1 -1000 -1000 -1000 -10 1
44 32 Car -1 -1 -1 494.29 180.31 536.86 208.64 -1 -1 -1 -1000 -1000 -1000 -10 1
45 36 Car -1 -1 -1 578.87 171.96 599.72 191.85 -1 -1 -1 -1000 -1000 -1000 -10 1
46 36 Car -1 -1 -1 582.95 173.80 601.93 191.52 -1 -1 -1 -1000 -1000 -1000 -10 1
48 39 Car -1 -1 -1 517.50 178.90 547.60 201.91 -1 -1 -1 -1000 -1000 -1000 -10 1
49 39 Car -1 -1 -1 525.50 179.32 552.69 199.62 -1 -1 -1 -1000 -1000 -1000 -10 1
49 38 Car -1 -1 -1 581.21 173.90 601.35 189.06 -1 -1 -1 -1000 -1000 -1000 -10 1
50 39 Car -1 -1 -1 529.94 180.03 555.82 198.89 -1 -1 -1 -1000 -1000 -1000 -10 1
50 38 Car -1 -1 -1 579.26 175.61 600.72 191.03 -1 -1 -1 -1000 -1000 -1000 -10 1
54 39 Car -1 -1 -1 547.43 178.37 569.58 192.41 -1 -1 -1 -1000 -1000 -1000 -10 1
