0 1 Car -1 -1 -1 639.18 184.28 702.11 233.96 -1 -1 -1 -1000 -1000 -1000 -10 1
1 1 Car -1 -1 -1 644.09 182.48 711.46 235.85 -1 -1 -1 -1000 -1000 -1000 -10 1
2 2 Car -1 -1 -1 901.48 176.65 941.51 196.75 -1 -1 -1 -1000 -1000 -1000 -10 1
2 1 Car -1 -1 -1 652.27 178.51 719.68 233.66 -1 -1 -1 -1000 -1000 -1000 -10 1
3 1 Car -1 -1 -1 662.22 178.12 726.00 230.83 -1 -1 -1 -1000 -1000 -1000 -10 1
4 1 Car -1 -1 -1 665.84 178.84 732.60 233.21 -1 -1 -1 -1000 -1000 -1000 -10 1
5 1 Car -1 -1 -1 671.24 180.04 739.28 233.35 -1 -1 -1 -1000 -1000 -1000 -10 1
6 1 Car -1 -1 -1 674.48 180.20 744.74 233.36 -1 -1 -1 -1000 -1000 -1000 -10 1
7 1 Car -1 -1 -1 677.99 179.39 753.38 234.37 -1 -1 -1 -1000 -1000 -1000 -10 1
8 1 Car -1 -1 -1 681.92 179.28 760.59 235.70 -1 -1 -1 -1000 -1000 -1000 -10 1
9 1 Car -1 -1 -1 687.53 178.59 768.87 235.35 -1 -1 -1 -1000 -1000 -1000 -10 1
10 1 Car -1 -1 -1 694.43 180.31 776.36 237.63 -1 -1 -1 -1000 -1000 -1000 -10 1
11 1 Car -1 -1 -1 699.71 178.05 782.29 237.38 -1 -1 -1 -1000 -1000 -1000 -10 1
12 1 Car -1 -1 -1 702.49 178.28 787.99 240.18 -1 -1 -1 -1000 -1000 -1000 -10 1
13 1 Car -1 -1 -1 704.33 178.44 791.76 241.63 -1 -1 -1 -1000 -1000 -1000 -10 1
14 1 Car -1 -1 -1 704.02 178.58 792.41 242.90 -1 -1 -1 -1000 -1000 -1000 -10 1
15 1 Car -1 -1 -1 704.52 181.21 794.52 246.34 -1 -1 -1 -1000 -1000 -1000 -10 1
16 9 Car -1 -1 -1 503.23 183.31 600.06 221.24 -1 -1 -1 -1000 -1000 -1000 -10 1
16 1 Car -1 -1 -1 702.79 183.23 793.87 250.18 -1 -1 -1 -1000 -1000 -1000 -10 1
17 9 Car -1 -1 -1 545.61 186.38 641.77 221.47 -1 -1 -1 -1000 -1000 -1000 -10 1
17 1 Car -1 -1 -1 702.15 185.23 793.22 252.45 -1 -1 -1 -1000 -1000 -1000 -10 1
18 9 Car -1 -1 -1 592.95 184.54 663.71 214.00 -1 -1 -1 -1000 -1000 -1000 -10 1
18 1 Car -1 -1 -1 699.23 186.00 791.10 254.32 -1 -1 -1 -1000 -1000 -1000 -10 1
19 1 Car -1 -1 -1 703.50 180.70 792.07 247.65 -1 -1 -1 -1000 -1000 -1000 -10 1
20 1 Car -1 -1 -1 703.12 179.92 792.09 247.36 -1 -1 -1 -1000 -1000 -1000 -10 1
21 1 Car -1 -1 -1 702.51 178.29 791.40 245.01 -1 -1 -1 -1000 -1000 -1000 -10 1
22 12 Car -1 -1 -1 670.47 176.00 715.54 202.64 -1 -1 -1 -1000 -1000 -1000 -10 1
22 1 Car -1 -1 -1 702.42 178.50 791.22 245.83 -1 -1 -1 -1000 -1000 -1000 -10 1
23 12 Car -1 -1 -1 686.78 178.75 731.25 207.30 -1 -1 -1 -1000 -1000 -1000 -10 1
23 1 Car -1 -1 -1 702.73 177.66 788.71 244.43 -1 -1 -1 -1000 -1000 -1000 -10 1
24 1 Car -1 -1 -1 698.26 178.50 782.50 243.94 -1 -1 -1 -1000 -1000 -1000 -10 1
25 1 Car -1 -1 -1 693.13 179.14 775.12 243.65 -1 -1 -1 -1000 -1000 -1000 -10 1
26 20 Car -1 -1 -1 665.80 175.41 696.35 196.24 -1 -1 -1 -1000 -1000 -1000 -10 1
26 1 Car -1 -1 -1 690.63 180.70 770.54 241.77 -1 -1 -1 -1000 -1000 -1000 -10 1
27 20 Car -1 -1 -1 656.49 173.68 688.32 195.57 -1 -1 -1 -1000 -1000 -1000 -10 1
27 1 Car -1 -1 -1 684.99 180.71 765.04 240.65 -1 -1 -1 -1000 -1000 -1000 -10 1
28 20 Car -1 -1 -1 640.92 174.52 670.80 195.97 -1 -1 -1 -1000 -1000 -1000 -10 1
28 1 Car -1 -1 -1 679.85 181.31 759.04 239.94 -1 -1 -1 -1000 -1000 -1000 -10 1
29 1 Car -1 -1 -1 674.31 177.26 751.82 235.35 -1 -1 -1 -1000 -1000 -1000 -10 1
30 1 Car -1 -1 -1 667.70 174.11 742.86 231.84 -1 -1 -1 -1000 -1000 -1000 -10 1
31 1 Car -1 -1 -1 663.99 174.67 736.45 232.63 -1 -1 -1 -1000 -1000 -1000 -10 1
32 1 Car -1 -1 -1 655.70 172.40 726.53 230.04 -1 -1 -1 -1000 -1000 -1000 -10 1
33 1 Car -1 -1 -1 647.61 172.45 719.04 230.42 -1 -1 -1 -1000 -1000 -1000 -10 1
34 35 Car -1 -1 -1 145.57 176.38 384.18 336.40 -1 -1 -1 -1000 -1000 -1000 -10 1
35 35 Car -1 -1 -1 221.37 177.52 427.91 317.61 -1 -1 -1 -1000 -1000 -1000 -10 1
36 35 Car -1 -1 -1 283.76 178.31 461.63 295.96 -1 -1 -1 -1000 -1000 -1000 -10 1
37 35 Car -1 -1 -1 330.34 180.36 479.56 278.15 -1 -1 -1 -1000 -1000 -1000 -10 1
37 1 Car -1 -1 -1 609.35 179.59 676.97 236.79 -1 -1 -1 -1000 -1000 -1000 -10 1
38 35 Car -1 -1 -1 370.21 183.33 494.34 264.94 -1 -1 -1 -1000 -1000 -1000 -10 1
38 1 Car -1 -1 -1 602.27 179.81 669.37 236.95 -1 -1 -1 -1000 -1000 -1000 -10 1
39 35 Car -1 -1 -1 397.67 186.38 500.83 255.40 -1 -1 -1 -1000 -1000 -1000 -10 1
39 1 Car -1 -1 -1 598.58 180.43 663.53 237.06 -1 -1 -1 -1000 -1000 -1000 -10 1
40 1 Car -1 -1 -1 595.26 183.20 659.43 238.72 -1 -1 -1 -1000 -1000 -1000 -10 1
41 1 Car -1 -1 -1 592.25 183.19 655.96 238.19 -1 -1 -1 -1000 -1000 -1000 -10 1
42 1 Car -1 -1 -1 591.79 181.97 655.23 236.21 -1 -1 -1 -1000 -1000 -1000 -10 1
43 47 Car -1 -1 -1 445.59 180.79 516.84 237.66 -1 -1 -1 -1000 -1000 -1000 -10 1
43 1 Car -1 -1 -1 594.97 180.33 658.70 233.53 -1 -1 -1 -1000 -1000 -1000 -10 1
44 47 Car -1 -1 -1 461.15 180.90 531.24 234.54 -1 -1 -1 -1000 -1000 -1000 -10 1
44 1 Car -1 -1 -1 599.01 181.86 663.11 234.57 -1 -1 -1 -1000 -1000 -1000 -10 1
45 47 Car -1 -1 -1 480.79 180.57 545.73 231.02 -1 -1 -1 -1000 -1000 -1000 -10 1
45 1 Car -1 -1 -1 604.87 180.83 667.40 233.54 -1 -1 -1 -1000 -1000 -1000 -10 1
46 53 Car -1 -1 -1 315.65 183.86 406.53 229.67 -1 -1 -1 -1000 -1000 -1000 -10 1
46 47 Car -1 -1 -1 498.00 181.45 556.64 227.34 -1 -1 -1 -1000 -1000 -1000 -10 1
46 1 Car -1 -1 -1 608.68 178.74 672.33 232.19 -1 -1 -1 -1000 -1000 -1000 -10 1
47 53 Car -1 -1 -1 246.23 182.82 365.94 243.21 -1 -1 -1 -1000 -1000 -1000 -10 1
47 47 Car -1 -1 -1 513.56 179.84 566.01 221.07 -1 -1 -1 -1000 -1000 -1000 -10 1
47 1 Car -1 -1 -1 616.39 177.04 679.66 231.13 -1 -1 -1 -1000 -1000 -1000 -10 1
48 47 Car -1 -1 -1 525.64 180.17 576.25 219.82 -1 -1 -1 -1000 -1000 -1000 -10 1
48 1 Car -1 -1 -1 623.04 176.34 686.10 229.15 -1 -1 -1 -1000 -1000 -1000 -10 1
49 57 Car -1 -1 -1 203.53 166.71 336.81 239.53 -1 -1 -1 -1000 -1000 -1000 -10 1
49 47 Car -1 -1 -1 536.34 179.60 586.37 217.56 -1 -1 -1 -1000 -1000 -1000 -10 1
49 1 Car -1 -1 -1 629.35 176.24 692.91 227.01 -1 -1 -1 -1000 -1000 -1000 -10 1
50 57 Car -1 -1 -1 80.26 166.58 267.62 259.05 -1 -1 -1 -1000 -1000 -1000 -10 1
50 47 Car -1 -1 -1 545.38 179.98 593.31 215.53 -1 -1 -1 -1000 -1000 -1000 -10 1
50 1 Car -1 -1 -1 631.11 178.45 698.33 229.94 -1 -1 -1 -1000 -1000 -1000 -10 1
51 57 Car -1 -1 -1 -7.27 175.40 173.41 273.96 -1 -1 -1 -1000 -1000 -1000 -10 1
51 47 Car -1 -1 -1 554.90 180.96 599.16 214.68 -1 -1 -1 -1000 -1000 -1000 -10 1
51 1 Car -1 -1 -1 634.71 178.21 700.83 228.92 -1 -1 -1 -1000 -1000 -1000 -10 1
52 47 Car -1 -1 -1 561.98 178.77 603.03 209.61 -1 -1 -1 -1000 -1000 -1000 -10 1
52 1 Car -1 -1 -1 636.80 177.46 702.29 228.89 -1 -1 -1 -1000 -1000 -1000 -10 1
53 47 Car -1 -1 -1 571.30 178.88 608.60 208.07 -1 -1 -1 -1000 -1000 -1000 -10 1
53 1 Car -1 -1 -1 639.53 176.01 703.33 226.70 -1 -1 -1 -1000 -1000 -1000 -10 1
54 47 Car -1 -1 -1 577.25 177.51 612.19 205.57 -1 -1 -1 -1000 -1000 -1000 -10 1
54 1 Car -1 -1 -1 643.11 175.91 706.38 225.75 -1 -1 -1 -1000 -1000 -1000 -10 1
55 64 Car -1 -1 -1 368.54 175.27 439.87 219.10 -1 -1 -1 -1000 -1000 -1000 -10 1
55 47 Car -1 -1 -1 583.02 177.99 615.79 204.41 -1 -1 -1 -1000 -1000 -1000 -10 1
55 1 Car -1 -1 -1 645.13 175.68 708.24 224.62 -1 -1 -1 -1000 -1000 -1000 -10 1
56 64 Car -1 -1 -1 318.97 177.80 405.52 225.78 -1 -1 -1 -1000 -1000 -1000 -10 1
56 47 Car -1 -1 -1 586.35 177.55 617.53 203.07 -1 -1 -1 -1000 -1000 -1000 -10 1
56 1 Car -1 -1 -1 644.43 177.00 707.04 226.32 -1 -1 -1 -1000 -1000 -1000 -10 1
57 47 Car -1 -1 -1 589.36 177.99 619.70 202.71 -1 -1 -1 -1000 -1000 -1000 -10 1
57 1 Car -1 -1 -1 643.41 176.46 704.82 225.67 -1 -1 -1 -1000 -1000 -1000 -10 1
58 1 Car -1 -1 -1 640.61 177.23 702.40 227.40 -1 -1 -1 -1000 -1000 -1000 -10 1
59 1 Car -1 -1 -1 636.67 179.12 700.17 228.82 -1 -1 -1 -1000 -1000 -1000 -10 1
60 1 Car -1 -1 -1 629.26 178.97 694.57 227.91 -1 -1 -1 -1000 -1000 -1000 -10 1
61 74 Car -1 -1 -1 569.78 177.67 604.16 206.38 -1 -1 -1 -1000 -1000 -1000 -10 1
61 1 Car -1 -1 -1 621.35 178.20 686.88 226.94 -1 -1 -1 -1000 -1000 -1000 -10 1
62 74 Car -1 -1 -1 567.05 176.76 600.46 204.83 -1 -1 -1 -1000 -1000 -1000 -10 1
62 1 Car -1 -1 -1 616.13 177.75 681.46 226.68 -1 -1 -1 -1000 -1000 -1000 -10 1
63 74 Car -1 -1 -1 563.84 177.03 595.61 203.89 -1 -1 -1 -1000 -1000 -1000 -10 1
63 1 Car -1 -1 -1 611.66 177.60 675.75 226.04 -1 -1 -1 -1000 -1000 -1000 -10 1
64 74 Car -1 -1 -1 560.78 179.27 592.96 205.27 -1 -1 -1 -1000 -1000 -1000 -10 1
64 1 Car -1 -1 -1 602.94 179.25 667.83 223.53 -1 -1 -1 -1000 -1000 -1000 -10 1
65 74 Car -1 -1 -1 558.62 179.37 590.07 205.29 -1 -1 -1 -1000 -1000 -1000 -10 1
65 1 Car -1 -1 -1 597.83 179.87 661.81 223.00 -1 -1 -1 -1000 -1000 -1000 -10 1
66 1 Car -1 -1 -1 593.67 178.61 655.06 221.15 -1 -1 -1 -1000 -1000 -1000 -10 1
67 1 Car -1 -1 -1 591.98 179.45 650.78 221.82 -1 -1 -1 -1000 -1000 -1000 -10 1
68 1 Car -1 -1 -1 588.22 180.49 646.45 222.88 -1 -1 -1 -1000 -1000 -1000 -10 1
69 1 Car -1 -1 -1 585.66 181.56 643.44 223.95 -1 -1 -1 -1000 -1000 -1000 -10 1
70 1 Car -1 -1 -1 584.07 182.00 641.19 225.30 -1 -1 -1 -1000 -1000 -1000 -10 1
71 1 Car -1 -1 -1 583.43 179.98 638.45 222.95 -1 -1 -1 -1000 -1000 -1000 -10 1
72 1 Car -1 -1 -1 581.96 179.79 635.97 222.75 -1 -1 -1 -1000 -1000 -1000 -10 1
73 1 Car -1 -1 -1 580.67 179.04 633.46 221.66 -1 -1 -1 -1000 -1000 -1000 -10 1
74 1 Car -1 -1 -1 579.31 180.11 631.26 222.29 -1 -1 -1 -1000 -1000 -1000 -10 1
75 1 Car -1 -1 -1 578.70 180.78 629.95 223.11 -1 -1 -1 -1000 -1000 -1000 -10 1
76 1 Car -1 -1 -1 577.53 180.67 627.98 221.33 -1 -1 -1 -1000 -1000 -1000 -10 1
77 87 Car -1 -1 -1 549.54 179.82 569.61 196.74 -1 -1 -1 -1000 -1000 -1000 -10 1
77 1 Car -1 -1 -1 577.05 180.62 627.15 221.03 -1 -1 -1 -1000 -1000 -1000 -10 1
78 87 Car -1 -1 -1 549.46 179.96 570.24 197.12 -1 -1 -1 -1000 -1000 -1000 -10 1
78 1 Car -1 -1 -1 576.08 181.25 627.08 220.44 -1 -1 -1 -1000 -1000 -1000 -10 1
79 87 Car -1 -1 -1 551.17 178.45 572.35 195.73 -1 -1 -1 -1000 -1000 -1000 -10 1
79 1 Car -1 -1 -1 575.52 180.25 626.37 218.20 -1 -1 -1 -1000 -1000 -1000 -10 1
80 1 Car -1 -1 -1 575.39 178.08 625.55 215.05 -1 -1 -1 -1000 -1000 -1000 -10 1
81 1 Car -1 -1 -1 576.46 177.24 625.43 215.00 -1 -1 -1 -1000 -1000 -1000 -10 1
82 1 Car -1 -1 -1 575.42 178.03 624.30 215.24 -1 -1 -1 -1000 -1000 -1000 -10 1
83 87 Car -1 -1 -1 553.93 175.44 578.27 195.30 -1 -1 -1 -1000 -1000 -1000 -10 1
83 1 Car -1 -1 -1 576.55 177.28 624.47 215.29 -1 -1 -1 -1000 -1000 -1000 -10 1
84 87 Car -1 -1 -1 555.11 175.47 579.81 195.60 -1 -1 -1 -1000 -1000 -1000 -10 1
84 1 Car -1 -1 -1 576.75 177.66 624.32 216.15 -1 -1 -1 -1000 -1000 -1000 -10 1
85 87 Car -1 -1 -1 556.27 174.06 581.31 194.77 -1 -1 -1 -1000 -1000 -1000 -10 1
85 1 Car -1 -1 -1 576.64 178.14 624.16 215.35 -1 -1 -1 -1000 -1000 -1000 -10 1
86 87 Car -1 -1 -1 557.77 172.36 583.06 193.38 -1 -1 -1 -1000 -1000 -1000 -10 1
86 1 Car -1 -1 -1 576.76 178.05 624.12 214.31 -1 -1 -1 -1000 -1000 -1000 -10 1
87 87 Car -1 -1 -1 557.77 172.08 582.98 192.81 -1 -1 -1 -1000 -1000 -1000 -10 1
87 1 Car -1 -1 -1 577.51 175.93 625.14 213.40 -1 -1 -1 -1000 -1000 -1000 -10 1
88 87 Car -1 -1 -1 558.34 172.90 583.10 193.37 -1 -1 -1 -1000 -1000 -1000 -10 1
88 1 Car -1 -1 -1 577.48 177.39 625.67 214.30 -1 -1 -1 -1000 -1000 -1000 -10 1
89 87 Car -1 -1 -1 557.83 173.02 582.94 193.23 -1 -1 -1 -1000 -1000 -1000 -10 1
89 1 Car -1 -1 -1 577.33 177.83 625.95 214.44 -1 -1 -1 -1000 -1000 -1000 -10 1
90 1 Car -1 -1 -1 577.86 177.89 626.55 214.31 -1 -1 -1 -1000 -1000 -1000 -10 1
91 1 Car -1 -1 -1 578.40 178.60 627.44 215.40 -1 -1 -1 -1000 -1000 -1000 -10 1
92 1 Car -1 -1 -1 578.99 178.58 628.05 215.44 -1 -1 -1 -1000 -1000 -1000 -10 1
93 1 Car -1 -1 -1 579.00 177.63 628.10 214.98 -1 -1 -1 -1000 -1000 -1000 -10 1
94 1 Car -1 -1 -1 579.87 176.84 628.90 214.48 -1 -1 -1 -1000 -1000 -1000 -10 1
95 1 Car -1 -1 -1 582.53 177.44 631.08 216.18 -1 -1 -1 -1000 -1000 -1000 -10 1
96 1 Car -1 -1 -1 583.59 178.83 634.36 218.18 -1 -1 -1 -1000 -1000 -1000 -10 1
97 1 Car -1 -1 -1 584.41 178.27 635.07 218.69 -1 -1 -1 -1000 -1000 -1000 -10 1
98 1 Car -1 -1 -1 586.07 177.74 636.10 218.69 -1 -1 -1 -1000 -1000 -1000 -10 1
99 1 Car -1 -1 -1 585.56 177.38 635.91 218.99 -1 -1 -1 -1000 -1000 -1000 -10 1
100 1 Car -1 -1 -1 583.54 176.42 634.76 217.25 -1 -1 -1 -1000 -1000 -1000 -10 1
101 1 Car -1 -1 -1 584.22 174.72 635.35 216.58 -1 -1 -1 -1000 -1000 -1000 -10 1
102 1 Car -1 -1 -1 584.03 174.03 634.81 216.59 -1 -1 -1 -1000 -1000 -1000 -10 1
103 1 Car -1 -1 -1 582.73 174.08 633.12 217.13 -1 -1 -1 -1000 -1000 -1000 -10 1
104 1 Car -1 -1 -1 580.77 174.89 631.35 216.44 -1 -1 -1 -1000 -1000 -1000 -10 1
105 1 Car -1 -1 -1 579.62 174.85 630.30 215.38 -1 -1 -1 -1000 -1000 -1000 -10 1
106 1 Car -1 -1 -1 580.58 174.61 631.20 214.31 -1 -1 -1 -1000 -1000 -1000 -10 1
