0 8 Car -1 -1 -1 520.30 184.00 576.27 221.94 -1 -1 -1 -1000 -1000 -1000 -10 1
0 7 Car -1 -1 -1 371.95 190.39 498.28 285.60 -1 -1 -1 -1000 -1000 -1000 -10 1
0 6 Car -1 -1 -1 660.95 185.64 776.14 262.17 -1 -1 -1 -1000 -1000 -1000 -10 1
0 5 Car -1 -1 -1 724.84 191.34 903.71 307.97 -1 -1 -1 -1000 -1000 -1000 -10 1
0 4 Car -1 -1 -1 843.74 192.77 1222.57 368.45 -1 -1 -1 -1000 -1000 -1000 -10 1
0 3 Car -1 -1 -1 490.21 181.71 548.29 223.49 -1 -1 -1 -1000 -1000 -1000 -10 1
0 2 Car -1 -1 -1 648.67 179.73 714.33 229.31 -1 -1 -1 -1000 -1000 -1000 -10 1
0 1 Car -1 -1 -1 564.78 179.28 640.72 243.63 -1 -1 -1 -1000 -1000 -1000 -10 1
1 10 Car -1 -1 -1 -5.74 227.87 329.86 368.82 -1 -1 -1 -1000 -1000 -1000 -10 1
1 9 Car -1 -1 -1 634.44 182.52 675.29 221.96 -1 -1 -1 -1000 -1000 -1000 -10 1
1 7 Car -1 -1 -1 294.60 192.97 481.98 326.02 -1 -1 -1 -1000 -1000 -1000 -10 1
1 6 Car -1 -1 -1 663.54 185.84 779.08 265.47 -1 -1 -1 -1000 -1000 -1000 -10 1
1 5 Car -1 -1 -1 723.95 191.50 925.77 321.95 -1 -1 -1 -1000 -1000 -1000 -10 1
1 4 Car -1 -1 -1 857.62 198.37 1234.17 372.68 -1 -1 -1 -1000 -1000 -1000 -10 1
1 3 Car -1 -1 -1 480.45 184.63 542.68 227.74 -1 -1 -1 -1000 -1000 -1000 -10 1
1 2 Car -1 -1 -1 652.59 183.17 720.76 234.44 -1 -1 -1 -1000 -1000 -1000 -10 1
1 1 Car -1 -1 -1 562.40 180.23 645.93 251.02 -1 -1 -1 -1000 -1000 -1000 -10 1
2 9 Car -1 -1 -1 634.97 184.24 672.33 220.96 -1 -1 -1 -1000 -1000 -1000 -10 1
2 7 Car -1 -1 -1 150.64 196.07 431.97 376.66 -1 -1 -1 -1000 -1000 -1000 -10 1
2 6 Car -1 -1 -1 669.09 186.95 786.66 268.28 -1 -1 -1 -1000 -1000 -1000 -10 1
2 5 Car -1 -1 -1 734.57 194.39 958.87 337.32 -1 -1 -1 -1000 -1000 -1000 -10 1
2 4 Car -1 -1 -1 888.58 202.18 1247.42 371.05 -1 -1 -1 -1000 -1000 -1000 -10 1
2 3 Car -1 -1 -1 479.23 185.03 536.53 225.50 -1 -1 -1 -1000 -1000 -1000 -10 1
2 2 Car -1 -1 -1 653.43 184.24 719.69 235.24 -1 -1 -1 -1000 -1000 -1000 -10 1
2 1 Car -1 -1 -1 555.54 179.60 652.55 257.67 -1 -1 -1 -1000 -1000 -1000 -10 1
3 6 Car -1 -1 -1 680.41 186.79 791.47 266.27 -1 -1 -1 -1000 -1000 -1000 -10 1
3 5 Car -1 -1 -1 750.41 197.33 999.77 355.86 -1 -1 -1 -1000 -1000 -1000 -10 1
3 4 Car -1 -1 -1 932.27 206.13 1253.65 367.96 -1 -1 -1 -1000 -1000 -1000 -10 1
3 2 Car -1 -1 -1 660.19 185.39 724.76 235.33 -1 -1 -1 -1000 -1000 -1000 -10 1
3 1 Car -1 -1 -1 557.58 177.84 650.86 254.03 -1 -1 -1 -1000 -1000 -1000 -10 1
4 6 Car -1 -1 -1 691.40 188.33 813.00 272.41 -1 -1 -1 -1000 -1000 -1000 -10 1
4 5 Car -1 -1 -1 766.81 194.95 1052.88 373.11 -1 -1 -1 -1000 -1000 -1000 -10 1
4 4 Car -1 -1 -1 1009.96 221.57 1256.77 361.28 -1 -1 -1 -1000 -1000 -1000 -10 1
4 2 Car -1 -1 -1 666.76 183.83 731.12 233.85 -1 -1 -1 -1000 -1000 -1000 -10 1
4 1 Car -1 -1 -1 561.16 179.46 651.09 254.00 -1 -1 -1 -1000 -1000 -1000 -10 1
5 10 Car -1 -1 -1 -19.93 223.28 262.65 365.00 -1 -1 -1 -1000 -1000 -1000 -10 1
5 6 Car -1 -1 -1 694.01 189.62 831.58 281.21 -1 -1 -1 -1000 -1000 -1000 -10 1
5 5 Car -1 -1 -1 797.57 191.01 1126.62 380.16 -1 -1 -1 -1000 -1000 -1000 -10 1
5 2 Car -1 -1 -1 668.51 182.35 739.93 237.63 -1 -1 -1 -1000 -1000 -1000 -10 1
5 1 Car -1 -1 -1 564.92 181.09 653.83 254.60 -1 -1 -1 -1000 -1000 -1000 -10 1
6 11 Car -1 -1 -1 271.03 197.40 456.89 299.68 -1 -1 -1 -1000 -1000 -1000 -10 1
6 6 Car -1 -1 -1 705.58 188.62 854.46 289.93 -1 -1 -1 -1000 -1000 -1000 -10 1
6 5 Car -1 -1 -1 819.32 185.90 1205.84 384.44 -1 -1 -1 -1000 -1000 -1000 -10 1
6 2 Car -1 -1 -1 669.75 181.34 745.05 239.32 -1 -1 -1 -1000 -1000 -1000 -10 1
6 1 Car -1 -1 -1 570.05 181.91 655.66 251.63 -1 -1 -1 -1000 -1000 -1000 -10 1
7 11 Car -1 -1 -1 136.60 203.61 402.29 351.80 -1 -1 -1 -1000 -1000 -1000 -10 1
7 6 Car -1 -1 -1 717.75 191.42 879.21 299.77 -1 -1 -1 -1000 -1000 -1000 -10 1
7 5 Car -1 -1 -1 837.41 189.52 1240.65 385.99 -1 -1 -1 -1000 -1000 -1000 -10 1
7 2 Car -1 -1 -1 668.35 180.94 740.40 237.42 -1 -1 -1 -1000 -1000 -1000 -10 1
7 1 Car -1 -1 -1 573.74 181.25 655.96 247.36 -1 -1 -1 -1000 -1000 -1000 -10 1
8 14 Car -1 -1 -1 519.31 182.64 585.86 226.48 -1 -1 -1 -1000 -1000 -1000 -10 1
8 11 Car -1 -1 -1 18.65 204.63 333.26 377.74 -1 -1 -1 -1000 -1000 -1000 -10 1
8 6 Car -1 -1 -1 730.75 193.51 920.35 321.25 -1 -1 -1 -1000 -1000 -1000 -10 1
8 5 Car -1 -1 -1 861.19 197.60 1262.40 385.38 -1 -1 -1 -1000 -1000 -1000 -10 1
8 2 Car -1 -1 -1 669.95 181.55 735.03 234.04 -1 -1 -1 -1000 -1000 -1000 -10 1
8 1 Car -1 -1 -1 575.30 181.76 658.32 247.73 -1 -1 -1 -1000 -1000 -1000 -10 1
9 14 Car -1 -1 -1 503.13 185.72 578.41 232.38 -1 -1 -1 -1000 -1000 -1000 -10 1
9 11 Car -1 -1 -1 -47.32 208.52 217.32 379.13 -1 -1 -1 -1000 -1000 -1000 -10 1
9 6 Car -1 -1 -1 747.57 195.60 966.85 344.66 -1 -1 -1 -1000 -1000 -1000 -10 1
9 5 Car -1 -1 -1 904.00 204.22 1278.97 382.15 -1 -1 -1 -1000 -1000 -1000 -10 1
9 2 Car -1 -1 -1 667.01 181.44 728.01 231.04 -1 -1 -1 -1000 -1000 -1000 -10 1
9 1 Car -1 -1 -1 577.75 182.99 657.02 246.58 -1 -1 -1 -1000 -1000 -1000 -10 1
10 14 Car -1 -1 -1 483.18 187.43 567.78 241.48 -1 -1 -1 -1000 -1000 -1000 -10 1
10 6 Car -1 -1 -1 777.23 197.23 1047.24 367.02 -1 -1 -1 -1000 -1000 -1000 -10 1
10 1 Car -1 -1 -1 588.54 183.19 662.55 244.07 -1 -1 -1 -1000 -1000 -1000 -10 1
11 18 Car -1 -1 -1 699.01 190.19 812.73 275.52 -1 -1 -1 -1000 -1000 -1000 -10 1
11 14 Car -1 -1 -1 458.98 191.81 552.94 253.27 -1 -1 -1 -1000 -1000 -1000 -10 1
11 6 Car -1 -1 -1 813.34 195.55 1158.39 376.92 -1 -1 -1 -1000 -1000 -1000 -10 1
11 1 Car -1 -1 -1 588.34 187.33 670.54 253.56 -1 -1 -1 -1000 -1000 -1000 -10 1
12 18 Car -1 -1 -1 713.72 188.76 842.49 285.83 -1 -1 -1 -1000 -1000 -1000 -10 1
12 14 Car -1 -1 -1 430.11 193.80 537.55 263.21 -1 -1 -1 -1000 -1000 -1000 -10 1
12 6 Car -1 -1 -1 827.15 195.27 1216.71 381.31 -1 -1 -1 -1000 -1000 -1000 -10 1
12 1 Car -1 -1 -1 587.35 185.78 675.61 256.20 -1 -1 -1 -1000 -1000 -1000 -10 1
13 22 Car -1 -1 -1 547.57 179.04 599.29 214.63 -1 -1 -1 -1000 -1000 -1000 -10 1
13 18 Car -1 -1 -1 727.18 189.61 873.67 299.01 -1 -1 -1 -1000 -1000 -1000 -10 1
13 14 Car -1 -1 -1 384.29 194.92 517.81 280.68 -1 -1 -1 -1000 -1000 -1000 -10 1
13 6 Car -1 -1 -1 859.99 204.59 1253.79 385.50 -1 -1 -1 -1000 -1000 -1000 -10 1
13 1 Car -1 -1 -1 588.95 181.58 683.76 256.47 -1 -1 -1 -1000 -1000 -1000 -10 1
14 22 Car -1 -1 -1 541.31 180.85 594.78 217.59 -1 -1 -1 -1000 -1000 -1000 -10 1
14 18 Car -1 -1 -1 745.28 189.98 915.45 316.69 -1 -1 -1 -1000 -1000 -1000 -10 1
14 1 Car -1 -1 -1 601.54 179.36 694.47 253.02 -1 -1 -1 -1000 -1000 -1000 -10 1
15 22 Car -1 -1 -1 525.38 176.91 590.67 222.05 -1 -1 -1 -1000 -1000 -1000 -10 1
15 18 Car -1 -1 -1 768.27 188.51 972.39 338.08 -1 -1 -1 -1000 -1000 -1000 -10 1
15 1 Car -1 -1 -1 608.34 178.26 699.81 251.54 -1 -1 -1 -1000 -1000 -1000 -10 1
16 23 Car -1 -1 -1 727.64 182.58 886.87 292.56 -1 -1 -1 -1000 -1000 -1000 -10 1
16 22 Car -1 -1 -1 506.79 177.72 583.56 229.33 -1 -1 -1 -1000 -1000 -1000 -10 1
16 18 Car -1 -1 -1 809.25 193.47 1057.50 365.18 -1 -1 -1 -1000 -1000 -1000 -10 1
16 1 Car -1 -1 -1 606.79 179.75 704.66 257.86 -1 -1 -1 -1000 -1000 -1000 -10 1
17 23 Car -1 -1 -1 740.62 186.07 926.45 312.83 -1 -1 -1 -1000 -1000 -1000 -10 1
17 22 Car -1 -1 -1 482.16 181.59 571.58 243.01 -1 -1 -1 -1000 -1000 -1000 -10 1
17 18 Car -1 -1 -1 851.61 194.21 1166.13 378.20 -1 -1 -1 -1000 -1000 -1000 -10 1
17 1 Car -1 -1 -1 607.31 178.83 712.94 261.47 -1 -1 -1 -1000 -1000 -1000 -10 1
18 23 Car -1 -1 -1 755.11 186.60 979.88 339.32 -1 -1 -1 -1000 -1000 -1000 -10 1
18 22 Car -1 -1 -1 443.38 182.78 554.67 257.46 -1 -1 -1 -1000 -1000 -1000 -10 1
18 18 Car -1 -1 -1 877.03 191.43 1225.17 382.04 -1 -1 -1 -1000 -1000 -1000 -10 1
18 1 Car -1 -1 -1 611.16 177.63 720.20 262.20 -1 -1 -1 -1000 -1000 -1000 -10 1
19 30 Car -1 -1 -1 545.31 162.58 614.87 212.13 -1 -1 -1 -1000 -1000 -1000 -10 1
19 28 Car -1 -1 -1 666.22 163.86 755.13 231.87 -1 -1 -1 -1000 -1000 -1000 -10 1
19 23 Car -1 -1 -1 783.92 192.46 1039.66 364.86 -1 -1 -1 -1000 -1000 -1000 -10 1
19 22 Car -1 -1 -1 380.93 185.79 525.74 282.00 -1 -1 -1 -1000 -1000 -1000 -10 1
19 18 Car -1 -1 -1 918.88 197.02 1262.72 385.14 -1 -1 -1 -1000 -1000 -1000 -10 1
19 1 Car -1 -1 -1 611.60 176.31 725.85 261.64 -1 -1 -1 -1000 -1000 -1000 -10 1
20 31 Car -1 -1 -1 -15.62 199.71 155.61 263.65 -1 -1 -1 -1000 -1000 -1000 -10 1
20 30 Car -1 -1 -1 530.44 163.92 610.84 219.19 -1 -1 -1 -1000 -1000 -1000 -10 1
20 23 Car -1 -1 -1 824.35 186.69 1138.04 377.84 -1 -1 -1 -1000 -1000 -1000 -10 1
20 1 Car -1 -1 -1 630.40 172.92 741.05 255.99 -1 -1 -1 -1000 -1000 -1000 -10 1
21 30 Car -1 -1 -1 512.00 169.40 600.33 227.93 -1 -1 -1 -1000 -1000 -1000 -10 1
21 23 Car -1 -1 -1 855.01 190.20 1204.39 384.05 -1 -1 -1 -1000 -1000 -1000 -10 1
21 1 Car -1 -1 -1 623.34 187.01 733.99 272.65 -1 -1 -1 -1000 -1000 -1000 -10 1
22 30 Car -1 -1 -1 486.22 168.95 587.11 235.67 -1 -1 -1 -1000 -1000 -1000 -10 1
22 23 Car -1 -1 -1 873.99 192.51 1242.86 386.01 -1 -1 -1 -1000 -1000 -1000 -10 1
22 1 Car -1 -1 -1 621.19 185.55 733.71 272.71 -1 -1 -1 -1000 -1000 -1000 -10 1
23 30 Car -1 -1 -1 456.93 170.46 567.25 245.70 -1 -1 -1 -1000 -1000 -1000 -10 1
23 28 Car -1 -1 -1 707.98 156.01 832.54 235.11 -1 -1 -1 -1000 -1000 -1000 -10 1
23 23 Car -1 -1 -1 896.60 194.43 1267.57 386.98 -1 -1 -1 -1000 -1000 -1000 -10 1
23 1 Car -1 -1 -1 619.63 184.74 734.97 272.97 -1 -1 -1 -1000 -1000 -1000 -10 1
24 30 Car -1 -1 -1 414.93 174.81 542.11 260.64 -1 -1 -1 -1000 -1000 -1000 -10 1
24 23 Car -1 -1 -1 941.99 203.13 1277.57 383.62 -1 -1 -1 -1000 -1000 -1000 -10 1
24 1 Car -1 -1 -1 618.59 185.15 738.11 275.73 -1 -1 -1 -1000 -1000 -1000 -10 1
25 37 Car -1 -1 -1 749.27 165.43 888.56 233.05 -1 -1 -1 -1000 -1000 -1000 -10 1
25 30 Car -1 -1 -1 355.43 172.64 513.74 278.22 -1 -1 -1 -1000 -1000 -1000 -10 1
25 1 Car -1 -1 -1 615.31 184.03 737.80 277.32 -1 -1 -1 -1000 -1000 -1000 -10 1
26 39 Car -1 -1 -1 538.97 182.17 599.83 219.48 -1 -1 -1 -1000 -1000 -1000 -10 1
26 38 Car -1 -1 -1 618.49 173.43 679.99 215.90 -1 -1 -1 -1000 -1000 -1000 -10 1
26 37 Car -1 -1 -1 760.66 165.86 904.71 235.76 -1 -1 -1 -1000 -1000 -1000 -10 1
26 1 Car -1 -1 -1 605.14 183.52 728.84 276.11 -1 -1 -1 -1000 -1000 -1000 -10 1
27 40 Car -1 -1 -1 29.25 86.66 413.21 360.08 -1 -1 -1 -1000 -1000 -1000 -10 1
27 39 Car -1 -1 -1 516.06 180.58 583.97 222.15 -1 -1 -1 -1000 -1000 -1000 -10 1
27 38 Car -1 -1 -1 598.11 170.92 654.35 210.76 -1 -1 -1 -1000 -1000 -1000 -10 1
27 37 Car -1 -1 -1 775.62 162.52 924.83 234.14 -1 -1 -1 -1000 -1000 -1000 -10 1
27 1 Car -1 -1 -1 596.40 180.40 721.20 273.33 -1 -1 -1 -1000 -1000 -1000 -10 1
28 40 Car -1 -1 -1 -42.74 59.45 366.42 374.68 -1 -1 -1 -1000 -1000 -1000 -10 1
28 39 Car -1 -1 -1 490.29 184.51 562.72 227.92 -1 -1 -1 -1000 -1000 -1000 -10 1
28 38 Car -1 -1 -1 589.60 174.45 641.11 212.19 -1 -1 -1 -1000 -1000 -1000 -10 1
28 37 Car -1 -1 -1 791.14 160.18 948.46 232.65 -1 -1 -1 -1000 -1000 -1000 -10 1
28 1 Car -1 -1 -1 589.91 178.36 713.41 272.04 -1 -1 -1 -1000 -1000 -1000 -10 1
29 39 Car -1 -1 -1 457.24 186.26 538.66 236.26 -1 -1 -1 -1000 -1000 -1000 -10 1
29 38 Car -1 -1 -1 567.70 174.96 615.16 209.78 -1 -1 -1 -1000 -1000 -1000 -10 1
29 37 Car -1 -1 -1 809.71 157.31 981.23 232.78 -1 -1 -1 -1000 -1000 -1000 -10 1
29 1 Car -1 -1 -1 580.76 175.90 703.82 270.46 -1 -1 -1 -1000 -1000 -1000 -10 1
30 39 Car -1 -1 -1 419.25 186.41 519.13 247.04 -1 -1 -1 -1000 -1000 -1000 -10 1
30 38 Car -1 -1 -1 549.55 176.75 594.77 209.56 -1 -1 -1 -1000 -1000 -1000 -10 1
30 37 Car -1 -1 -1 833.77 154.63 1020.34 234.59 -1 -1 -1 -1000 -1000 -1000 -10 1
30 1 Car -1 -1 -1 574.34 175.37 696.09 268.02 -1 -1 -1 -1000 -1000 -1000 -10 1
31 39 Car -1 -1 -1 378.38 189.00 494.31 260.96 -1 -1 -1 -1000 -1000 -1000 -10 1
31 38 Car -1 -1 -1 533.49 176.24 581.14 210.40 -1 -1 -1 -1000 -1000 -1000 -10 1
31 37 Car -1 -1 -1 887.81 149.82 1100.44 232.73 -1 -1 -1 -1000 -1000 -1000 -10 1
31 1 Car -1 -1 -1 568.70 174.29 691.32 266.03 -1 -1 -1 -1000 -1000 -1000 -10 1
32 43 Car -1 -1 -1 762.66 162.14 880.38 210.45 -1 -1 -1 -1000 -1000 -1000 -10 1
32 39 Car -1 -1 -1 319.14 194.48 462.83 281.92 -1 -1 -1 -1000 -1000 -1000 -10 1
32 38 Car -1 -1 -1 517.55 177.13 567.92 212.67 -1 -1 -1 -1000 -1000 -1000 -10 1
32 37 Car -1 -1 -1 930.07 143.10 1172.63 235.38 -1 -1 -1 -1000 -1000 -1000 -10 1
32 1 Car -1 -1 -1 562.28 172.91 681.14 262.03 -1 -1 -1 -1000 -1000 -1000 -10 1
33 43 Car -1 -1 -1 764.55 168.87 874.35 214.63 -1 -1 -1 -1000 -1000 -1000 -10 1
33 39 Car -1 -1 -1 221.71 204.06 420.16 320.50 -1 -1 -1 -1000 -1000 -1000 -10 1
33 38 Car -1 -1 -1 502.32 177.05 555.76 212.92 -1 -1 -1 -1000 -1000 -1000 -10 1
33 37 Car -1 -1 -1 959.07 136.62 1216.66 236.88 -1 -1 -1 -1000 -1000 -1000 -10 1
33 1 Car -1 -1 -1 559.71 172.87 673.60 258.81 -1 -1 -1 -1000 -1000 -1000 -10 1
34 43 Car -1 -1 -1 766.63 167.69 883.72 215.31 -1 -1 -1 -1000 -1000 -1000 -10 1
34 39 Car -1 -1 -1 83.46 210.42 356.22 354.53 -1 -1 -1 -1000 -1000 -1000 -10 1
34 38 Car -1 -1 -1 482.68 180.38 541.88 220.11 -1 -1 -1 -1000 -1000 -1000 -10 1
34 37 Car -1 -1 -1 1000.28 130.98 1254.41 238.06 -1 -1 -1 -1000 -1000 -1000 -10 1
34 1 Car -1 -1 -1 556.66 172.55 666.67 256.26 -1 -1 -1 -1000 -1000 -1000 -10 1
35 47 Car -1 -1 -1 644.84 170.16 704.92 200.76 -1 -1 -1 -1000 -1000 -1000 -10 1
35 43 Car -1 -1 -1 768.91 168.33 891.25 214.89 -1 -1 -1 -1000 -1000 -1000 -10 1
35 39 Car -1 -1 -1 6.04 215.77 288.78 370.44 -1 -1 -1 -1000 -1000 -1000 -10 1
35 38 Car -1 -1 -1 459.15 182.98 527.99 226.44 -1 -1 -1 -1000 -1000 -1000 -10 1
35 37 Car -1 -1 -1 1013.89 121.83 1272.28 232.11 -1 -1 -1 -1000 -1000 -1000 -10 1
35 1 Car -1 -1 -1 556.41 173.33 660.87 253.92 -1 -1 -1 -1000 -1000 -1000 -10 1
36 48 Car -1 -1 -1 521.45 175.65 557.04 203.34 -1 -1 -1 -1000 -1000 -1000 -10 1
36 47 Car -1 -1 -1 633.86 170.39 695.69 200.13 -1 -1 -1 -1000 -1000 -1000 -10 1
36 43 Car -1 -1 -1 770.62 169.34 897.76 219.84 -1 -1 -1 -1000 -1000 -1000 -10 1
36 38 Car -1 -1 -1 430.20 183.80 510.50 234.52 -1 -1 -1 -1000 -1000 -1000 -10 1
36 1 Car -1 -1 -1 554.58 173.06 652.00 250.56 -1 -1 -1 -1000 -1000 -1000 -10 1
37 48 Car -1 -1 -1 525.76 177.05 558.78 202.28 -1 -1 -1 -1000 -1000 -1000 -10 1
37 47 Car -1 -1 -1 632.42 169.84 696.45 199.55 -1 -1 -1 -1000 -1000 -1000 -10 1
37 43 Car -1 -1 -1 778.70 166.57 912.25 219.17 -1 -1 -1 -1000 -1000 -1000 -10 1
37 38 Car -1 -1 -1 392.51 185.51 488.51 246.24 -1 -1 -1 -1000 -1000 -1000 -10 1
37 1 Car -1 -1 -1 553.02 171.70 643.64 245.70 -1 -1 -1 -1000 -1000 -1000 -10 1
38 48 Car -1 -1 -1 517.77 180.13 550.11 204.85 -1 -1 -1 -1000 -1000 -1000 -10 1
38 47 Car -1 -1 -1 624.61 175.59 684.34 205.28 -1 -1 -1 -1000 -1000 -1000 -10 1
38 43 Car -1 -1 -1 779.76 167.54 920.08 224.50 -1 -1 -1 -1000 -1000 -1000 -10 1
38 38 Car -1 -1 -1 343.03 188.38 460.43 260.98 -1 -1 -1 -1000 -1000 -1000 -10 1
38 1 Car -1 -1 -1 547.76 175.36 635.71 242.67 -1 -1 -1 -1000 -1000 -1000 -10 1
39 50 Car -1 -1 -1 434.00 185.34 503.36 229.25 -1 -1 -1 -1000 -1000 -1000 -10 1
39 48 Car -1 -1 -1 501.05 182.36 535.42 208.06 -1 -1 -1 -1000 -1000 -1000 -10 1
39 47 Car -1 -1 -1 619.50 175.83 677.60 206.98 -1 -1 -1 -1000 -1000 -1000 -10 1
39 43 Car -1 -1 -1 777.38 169.36 922.02 228.62 -1 -1 -1 -1000 -1000 -1000 -10 1
39 38 Car -1 -1 -1 267.22 196.75 416.29 284.03 -1 -1 -1 -1000 -1000 -1000 -10 1
39 1 Car -1 -1 -1 539.65 178.63 619.26 241.47 -1 -1 -1 -1000 -1000 -1000 -10 1
40 50 Car -1 -1 -1 397.92 189.06 474.61 238.06 -1 -1 -1 -1000 -1000 -1000 -10 1
40 47 Car -1 -1 -1 603.55 174.67 665.01 207.65 -1 -1 -1 -1000 -1000 -1000 -10 1
40 43 Car -1 -1 -1 765.65 168.86 921.09 235.69 -1 -1 -1 -1000 -1000 -1000 -10 1
40 1 Car -1 -1 -1 528.02 176.80 600.87 236.61 -1 -1 -1 -1000 -1000 -1000 -10 1
41 50 Car -1 -1 -1 345.69 188.65 438.66 244.94 -1 -1 -1 -1000 -1000 -1000 -10 1
41 43 Car -1 -1 -1 746.21 168.71 909.53 240.89 -1 -1 -1 -1000 -1000 -1000 -10 1
41 1 Car -1 -1 -1 508.25 177.45 575.62 233.51 -1 -1 -1 -1000 -1000 -1000 -10 1
42 50 Car -1 -1 -1 271.15 192.28 384.13 260.10 -1 -1 -1 -1000 -1000 -1000 -10 1
42 43 Car -1 -1 -1 723.00 169.43 892.85 248.81 -1 -1 -1 -1000 -1000 -1000 -10 1
43 43 Car -1 -1 -1 689.44 172.75 862.60 255.06 -1 -1 -1 -1000 -1000 -1000 -10 1
44 43 Car -1 -1 -1 645.59 170.70 821.35 257.07 -1 -1 -1 -1000 -1000 -1000 -10 1
45 43 Car -1 -1 -1 594.74 171.46 774.63 261.34 -1 -1 -1 -1000 -1000 -1000 -10 1
46 43 Car -1 -1 -1 525.61 169.75 716.79 266.34 -1 -1 -1 -1000 -1000 -1000 -10 1
47 43 Car -1 -1 -1 453.87 175.49 653.55 279.92 -1 -1 -1 -1000 -1000 -1000 -10 1
48 43 Car -1 -1 -1 369.21 178.38 579.10 290.85 -1 -1 -1 -1000 -1000 -1000 -10 1
49 43 Car -1 -1 -1 264.36 181.87 490.75 305.35 -1 -1 -1 -1000 -1000 -1000 -10 1
54 83 Car -1 -1 -1 1036.54 176.46 1226.94 367.70 -1 -1 -1 -1000 -1000 -1000 -10 1
55 83 Car -1 -1 -1 996.32 164.28 1211.53 348.45 -1 -1 -1 -1000 -1000 -1000 -10 1
56 89 Car -1 -1 -1 188.39 136.29 333.74 189.81 -1 -1 -1 -1000 -1000 -1000 -10 1
56 85 Car -1 -1 -1 862.63 154.83 990.95 243.44 -1 -1 -1 -1000 -1000 -1000 -10 1
56 83 Car -1 -1 -1 1022.61 178.77 1228.17 363.16 -1 -1 -1 -1000 -1000 -1000 -10 1
57 85 Car -1 -1 -1 821.53 160.53 947.55 245.86 -1 -1 -1 -1000 -1000 -1000 -10 1
57 83 Car -1 -1 -1 958.60 177.65 1212.89 365.84 -1 -1 -1 -1000 -1000 -1000 -10 1
58 85 Car -1 -1 -1 797.69 166.23 915.32 247.85 -1 -1 -1 -1000 -1000 -1000 -10 1
58 83 Car -1 -1 -1 918.40 179.99 1214.41 372.29 -1 -1 -1 -1000 -1000 -1000 -10 1
59 97 Car -1 -1 -1 672.39 156.83 745.14 213.68 -1 -1 -1 -1000 -1000 -1000 -10 1
59 85 Car -1 -1 -1 781.86 169.55 910.14 257.89 -1 -1 -1 -1000 -1000 -1000 -10 1
59 83 Car -1 -1 -1 907.74 186.55 1218.07 377.99 -1 -1 -1 -1000 -1000 -1000 -10 1
60 99 Car -1 -1 -1 748.52 166.59 804.79 214.02 -1 -1 -1 -1000 -1000 -1000 -10 1
60 97 Car -1 -1 -1 666.88 152.14 732.09 205.75 -1 -1 -1 -1000 -1000 -1000 -10 1
60 85 Car -1 -1 -1 774.20 173.70 910.49 265.87 -1 -1 -1 -1000 -1000 -1000 -10 1
60 83 Car -1 -1 -1 916.11 188.46 1229.40 378.46 -1 -1 -1 -1000 -1000 -1000 -10 1
61 100 Car -1 -1 -1 234.64 146.45 324.40 186.12 -1 -1 -1 -1000 -1000 -1000 -10 1
61 99 Car -1 -1 -1 744.04 165.58 812.28 222.44 -1 -1 -1 -1000 -1000 -1000 -10 1
61 97 Car -1 -1 -1 651.24 154.25 719.67 208.40 -1 -1 -1 -1000 -1000 -1000 -10 1
61 85 Car -1 -1 -1 769.52 175.60 914.32 275.16 -1 -1 -1 -1000 -1000 -1000 -10 1
61 83 Car -1 -1 -1 945.60 196.29 1240.37 376.33 -1 -1 -1 -1000 -1000 -1000 -10 1
62 100 Car -1 -1 -1 188.93 145.26 290.59 188.92 -1 -1 -1 -1000 -1000 -1000 -10 1
62 99 Car -1 -1 -1 725.29 163.72 802.17 223.15 -1 -1 -1 -1000 -1000 -1000 -10 1
62 97 Car -1 -1 -1 634.89 155.80 706.57 209.61 -1 -1 -1 -1000 -1000 -1000 -10 1
62 85 Car -1 -1 -1 766.22 180.04 922.63 286.47 -1 -1 -1 -1000 -1000 -1000 -10 1
62 83 Car -1 -1 -1 1005.16 200.55 1261.24 375.51 -1 -1 -1 -1000 -1000 -1000 -10 1
63 100 Car -1 -1 -1 149.15 144.95 260.92 188.72 -1 -1 -1 -1000 -1000 -1000 -10 1
63 99 Car -1 -1 -1 703.33 164.27 790.05 227.25 -1 -1 -1 -1000 -1000 -1000 -10 1
63 97 Car -1 -1 -1 628.04 157.08 692.29 207.15 -1 -1 -1 -1000 -1000 -1000 -10 1
63 85 Car -1 -1 -1 761.52 180.34 938.32 303.45 -1 -1 -1 -1000 -1000 -1000 -10 1
64 100 Car -1 -1 -1 103.21 151.45 224.55 196.65 -1 -1 -1 -1000 -1000 -1000 -10 1
64 99 Car -1 -1 -1 692.89 167.06 783.27 232.12 -1 -1 -1 -1000 -1000 -1000 -10 1
64 97 Car -1 -1 -1 624.82 156.50 681.61 200.76 -1 -1 -1 -1000 -1000 -1000 -10 1
64 85 Car -1 -1 -1 762.86 184.17 969.25 324.36 -1 -1 -1 -1000 -1000 -1000 -10 1
65 104 Car -1 -1 -1 733.25 181.47 862.14 267.68 -1 -1 -1 -1000 -1000 -1000 -10 1
65 100 Car -1 -1 -1 53.02 158.90 186.19 205.29 -1 -1 -1 -1000 -1000 -1000 -10 1
65 99 Car -1 -1 -1 688.87 170.89 780.42 235.91 -1 -1 -1 -1000 -1000 -1000 -10 1
65 97 Car -1 -1 -1 611.46 158.75 665.88 200.47 -1 -1 -1 -1000 -1000 -1000 -10 1
65 85 Car -1 -1 -1 775.17 190.80 1015.25 352.22 -1 -1 -1 -1000 -1000 -1000 -10 1
66 105 Car -1 -1 -1 133.32 162.68 245.76 208.35 -1 -1 -1 -1000 -1000 -1000 -10 1
66 104 Car -1 -1 -1 742.63 189.47 890.69 287.42 -1 -1 -1 -1000 -1000 -1000 -10 1
66 100 Car -1 -1 -1 9.60 162.62 153.40 212.93 -1 -1 -1 -1000 -1000 -1000 -10 1
66 99 Car -1 -1 -1 687.02 173.98 786.00 244.54 -1 -1 -1 -1000 -1000 -1000 -10 1
66 97 Car -1 -1 -1 600.85 161.98 649.90 200.79 -1 -1 -1 -1000 -1000 -1000 -10 1
66 85 Car -1 -1 -1 799.98 191.59 1084.25 368.70 -1 -1 -1 -1000 -1000 -1000 -10 1
67 104 Car -1 -1 -1 743.90 192.50 915.29 306.94 -1 -1 -1 -1000 -1000 -1000 -10 1
67 100 Car -1 -1 -1 -16.96 178.62 119.25 230.93 -1 -1 -1 -1000 -1000 -1000 -10 1
67 99 Car -1 -1 -1 687.43 177.07 792.16 251.78 -1 -1 -1 -1000 -1000 -1000 -10 1
67 97 Car -1 -1 -1 599.84 168.82 645.81 205.59 -1 -1 -1 -1000 -1000 -1000 -10 1
67 85 Car -1 -1 -1 826.35 188.02 1163.79 376.33 -1 -1 -1 -1000 -1000 -1000 -10 1
68 109 Car -1 -1 -1 670.56 178.08 749.88 235.23 -1 -1 -1 -1000 -1000 -1000 -10 1
68 104 Car -1 -1 -1 755.84 196.23 957.73 330.68 -1 -1 -1 -1000 -1000 -1000 -10 1
68 99 Car -1 -1 -1 689.10 180.14 803.82 260.17 -1 -1 -1 -1000 -1000 -1000 -10 1
68 97 Car -1 -1 -1 601.01 172.24 644.19 207.36 -1 -1 -1 -1000 -1000 -1000 -10 1
68 85 Car -1 -1 -1 842.81 185.40 1208.58 378.03 -1 -1 -1 -1000 -1000 -1000 -10 1
69 109 Car -1 -1 -1 665.54 179.65 736.47 231.74 -1 -1 -1 -1000 -1000 -1000 -10 1
69 104 Car -1 -1 -1 779.92 200.62 1032.71 359.64 -1 -1 -1 -1000 -1000 -1000 -10 1
69 99 Car -1 -1 -1 676.97 181.51 786.98 257.60 -1 -1 -1 -1000 -1000 -1000 -10 1
69 97 Car -1 -1 -1 591.98 174.41 637.82 213.21 -1 -1 -1 -1000 -1000 -1000 -10 1
69 85 Car -1 -1 -1 869.04 185.23 1243.01 382.28 -1 -1 -1 -1000 -1000 -1000 -10 1
70 109 Car -1 -1 -1 665.27 183.21 737.42 237.00 -1 -1 -1 -1000 -1000 -1000 -10 1
70 104 Car -1 -1 -1 807.86 201.42 1117.46 376.87 -1 -1 -1 -1000 -1000 -1000 -10 1
70 99 Car -1 -1 -1 674.67 189.13 784.47 264.86 -1 -1 -1 -1000 -1000 -1000 -10 1
70 97 Car -1 -1 -1 581.84 176.57 632.26 220.50 -1 -1 -1 -1000 -1000 -1000 -10 1
70 85 Car -1 -1 -1 927.79 191.38 1274.32 385.54 -1 -1 -1 -1000 -1000 -1000 -10 1
71 109 Car -1 -1 -1 665.56 179.74 738.83 235.92 -1 -1 -1 -1000 -1000 -1000 -10 1
71 104 Car -1 -1 -1 835.68 196.92 1199.36 383.31 -1 -1 -1 -1000 -1000 -1000 -10 1
71 99 Car -1 -1 -1 678.71 189.23 788.57 263.47 -1 -1 -1 -1000 -1000 -1000 -10 1
71 97 Car -1 -1 -1 577.60 176.29 629.66 223.03 -1 -1 -1 -1000 -1000 -1000 -10 1
72 112 Car -1 -1 -1 636.95 176.90 678.14 206.47 -1 -1 -1 -1000 -1000 -1000 -10 1
72 109 Car -1 -1 -1 666.33 178.55 740.99 236.59 -1 -1 -1 -1000 -1000 -1000 -10 1
72 104 Car -1 -1 -1 871.69 198.19 1245.10 384.73 -1 -1 -1 -1000 -1000 -1000 -10 1
72 99 Car -1 -1 -1 687.67 191.23 804.21 271.22 -1 -1 -1 -1000 -1000 -1000 -10 1
72 97 Car -1 -1 -1 575.44 175.57 629.07 224.57 -1 -1 -1 -1000 -1000 -1000 -10 1
73 114 Car -1 -1 -1 749.75 193.70 1052.99 376.28 -1 -1 -1 -1000 -1000 -1000 -10 1
73 112 Car -1 -1 -1 636.83 176.56 681.57 208.66 -1 -1 -1 -1000 -1000 -1000 -10 1
73 109 Car -1 -1 -1 660.56 178.95 731.44 233.42 -1 -1 -1 -1000 -1000 -1000 -10 1
73 104 Car -1 -1 -1 927.98 201.01 1270.92 382.69 -1 -1 -1 -1000 -1000 -1000 -10 1
73 99 Car -1 -1 -1 701.19 194.71 827.30 281.18 -1 -1 -1 -1000 -1000 -1000 -10 1
73 97 Car -1 -1 -1 574.26 177.74 632.43 229.11 -1 -1 -1 -1000 -1000 -1000 -10 1
74 114 Car -1 -1 -1 795.93 189.52 1178.57 387.26 -1 -1 -1 -1000 -1000 -1000 -10 1
74 112 Car -1 -1 -1 629.56 174.41 677.02 207.34 -1 -1 -1 -1000 -1000 -1000 -10 1
74 109 Car -1 -1 -1 655.44 171.13 720.78 221.73 -1 -1 -1 -1000 -1000 -1000 -10 1
74 99 Car -1 -1 -1 712.95 195.26 854.15 291.63 -1 -1 -1 -1000 -1000 -1000 -10 1
74 97 Car -1 -1 -1 574.52 172.66 633.91 225.54 -1 -1 -1 -1000 -1000 -1000 -10 1
75 115 Car -1 -1 -1 -12.69 194.49 134.99 244.05 -1 -1 -1 -1000 -1000 -1000 -10 1
75 114 Car -1 -1 -1 815.46 190.38 1242.16 389.81 -1 -1 -1 -1000 -1000 -1000 -10 1
75 112 Car -1 -1 -1 626.04 173.08 675.64 206.02 -1 -1 -1 -1000 -1000 -1000 -10 1
75 109 Car -1 -1 -1 655.35 169.02 716.87 217.27 -1 -1 -1 -1000 -1000 -1000 -10 1
75 99 Car -1 -1 -1 734.11 198.32 900.38 311.05 -1 -1 -1 -1000 -1000 -1000 -10 1
75 97 Car -1 -1 -1 576.34 169.06 637.72 223.64 -1 -1 -1 -1000 -1000 -1000 -10 1
76 116 Car -1 -1 -1 690.39 175.62 807.66 256.72 -1 -1 -1 -1000 -1000 -1000 -10 1
76 115 Car -1 -1 -1 -20.49 194.93 108.43 246.04 -1 -1 -1 -1000 -1000 -1000 -10 1
76 114 Car -1 -1 -1 846.90 197.72 1275.73 389.59 -1 -1 -1 -1000 -1000 -1000 -10 1
76 112 Car -1 -1 -1 630.18 171.61 682.20 206.31 -1 -1 -1 -1000 -1000 -1000 -10 1
76 109 Car -1 -1 -1 658.97 170.57 718.51 217.19 -1 -1 -1 -1000 -1000 -1000 -10 1
76 99 Car -1 -1 -1 759.14 204.33 964.35 339.78 -1 -1 -1 -1000 -1000 -1000 -10 1
76 97 Car -1 -1 -1 577.45 167.48 640.53 223.35 -1 -1 -1 -1000 -1000 -1000 -10 1
77 116 Car -1 -1 -1 697.52 175.99 825.21 260.67 -1 -1 -1 -1000 -1000 -1000 -10 1
77 115 Car -1 -1 -1 -23.75 201.35 72.45 248.16 -1 -1 -1 -1000 -1000 -1000 -10 1
77 114 Car -1 -1 -1 891.40 202.56 1290.34 388.05 -1 -1 -1 -1000 -1000 -1000 -10 1
77 109 Car -1 -1 -1 655.38 169.55 712.37 214.61 -1 -1 -1 -1000 -1000 -1000 -10 1
77 99 Car -1 -1 -1 789.87 203.55 1049.07 360.54 -1 -1 -1 -1000 -1000 -1000 -10 1
77 97 Car -1 -1 -1 576.22 169.37 639.84 226.00 -1 -1 -1 -1000 -1000 -1000 -10 1
78 116 Car -1 -1 -1 707.08 183.38 843.12 271.70 -1 -1 -1 -1000 -1000 -1000 -10 1
78 109 Car -1 -1 -1 651.11 171.64 708.58 216.81 -1 -1 -1 -1000 -1000 -1000 -10 1
78 99 Car -1 -1 -1 831.71 202.88 1150.75 370.58 -1 -1 -1 -1000 -1000 -1000 -10 1
78 97 Car -1 -1 -1 576.06 170.21 640.72 228.31 -1 -1 -1 -1000 -1000 -1000 -10 1
79 121 Car -1 -1 -1 258.12 178.73 321.60 212.85 -1 -1 -1 -1000 -1000 -1000 -10 1
79 116 Car -1 -1 -1 718.31 186.59 875.40 283.42 -1 -1 -1 -1000 -1000 -1000 -10 1
79 109 Car -1 -1 -1 652.77 172.79 711.14 218.20 -1 -1 -1 -1000 -1000 -1000 -10 1
79 99 Car -1 -1 -1 853.28 207.06 1202.37 376.92 -1 -1 -1 -1000 -1000 -1000 -10 1
79 97 Car -1 -1 -1 575.63 169.80 641.07 229.10 -1 -1 -1 -1000 -1000 -1000 -10 1
80 121 Car -1 -1 -1 246.54 178.18 316.38 214.82 -1 -1 -1 -1000 -1000 -1000 -10 1
80 116 Car -1 -1 -1 731.47 188.06 913.37 297.29 -1 -1 -1 -1000 -1000 -1000 -10 1
80 109 Car -1 -1 -1 655.90 172.94 715.77 219.76 -1 -1 -1 -1000 -1000 -1000 -10 1
80 99 Car -1 -1 -1 892.53 210.35 1245.90 379.71 -1 -1 -1 -1000 -1000 -1000 -10 1
80 97 Car -1 -1 -1 575.21 168.95 642.02 229.18 -1 -1 -1 -1000 -1000 -1000 -10 1
81 123 Car -1 -1 -1 302.74 177.91 348.67 204.72 -1 -1 -1 -1000 -1000 -1000 -10 1
81 121 Car -1 -1 -1 234.47 177.32 308.16 215.62 -1 -1 -1 -1000 -1000 -1000 -10 1
81 116 Car -1 -1 -1 746.77 192.89 962.39 320.20 -1 -1 -1 -1000 -1000 -1000 -10 1
81 109 Car -1 -1 -1 658.85 173.36 720.93 222.21 -1 -1 -1 -1000 -1000 -1000 -10 1
81 97 Car -1 -1 -1 575.99 169.16 643.74 229.94 -1 -1 -1 -1000 -1000 -1000 -10 1
82 125 Car -1 -1 -1 606.08 176.17 657.57 213.49 -1 -1 -1 -1000 -1000 -1000 -10 1
82 123 Car -1 -1 -1 293.14 176.82 346.35 207.76 -1 -1 -1 -1000 -1000 -1000 -10 1
82 121 Car -1 -1 -1 220.80 178.87 294.84 216.50 -1 -1 -1 -1000 -1000 -1000 -10 1
82 116 Car -1 -1 -1 764.00 196.21 1017.12 345.59 -1 -1 -1 -1000 -1000 -1000 -10 1
82 109 Car -1 -1 -1 660.85 174.13 726.13 225.97 -1 -1 -1 -1000 -1000 -1000 -10 1
82 97 Car -1 -1 -1 572.82 170.39 643.11 230.63 -1 -1 -1 -1000 -1000 -1000 -10 1
83 123 Car -1 -1 -1 287.46 175.38 343.35 208.86 -1 -1 -1 -1000 -1000 -1000 -10 1
83 121 Car -1 -1 -1 210.09 181.20 292.64 218.82 -1 -1 -1 -1000 -1000 -1000 -10 1
83 116 Car -1 -1 -1 786.51 198.38 1079.04 365.98 -1 -1 -1 -1000 -1000 -1000 -10 1
83 109 Car -1 -1 -1 664.31 179.19 735.22 232.88 -1 -1 -1 -1000 -1000 -1000 -10 1
83 97 Car -1 -1 -1 574.51 172.41 643.87 231.67 -1 -1 -1 -1000 -1000 -1000 -10 1
84 127 Car -1 -1 -1 739.89 188.78 920.44 306.96 -1 -1 -1 -1000 -1000 -1000 -10 1
84 126 Car -1 -1 -1 -11.92 188.35 105.07 244.89 -1 -1 -1 -1000 -1000 -1000 -10 1
84 123 Car -1 -1 -1 280.67 174.10 338.56 208.75 -1 -1 -1 -1000 -1000 -1000 -10 1
84 121 Car -1 -1 -1 192.91 181.99 282.96 220.38 -1 -1 -1 -1000 -1000 -1000 -10 1
84 116 Car -1 -1 -1 824.60 199.06 1174.67 377.64 -1 -1 -1 -1000 -1000 -1000 -10 1
84 109 Car -1 -1 -1 669.05 180.10 743.55 236.28 -1 -1 -1 -1000 -1000 -1000 -10 1
84 97 Car -1 -1 -1 575.16 173.00 644.54 232.16 -1 -1 -1 -1000 -1000 -1000 -10 1
85 127 Car -1 -1 -1 747.10 191.67 956.32 324.11 -1 -1 -1 -1000 -1000 -1000 -10 1
85 126 Car -1 -1 -1 -15.47 185.97 77.55 239.23 -1 -1 -1 -1000 -1000 -1000 -10 1
85 123 Car -1 -1 -1 269.69 173.52 332.89 210.38 -1 -1 -1 -1000 -1000 -1000 -10 1
85 121 Car -1 -1 -1 176.76 181.88 274.99 222.12 -1 -1 -1 -1000 -1000 -1000 -10 1
85 116 Car -1 -1 -1 840.84 198.92 1225.34 380.29 -1 -1 -1 -1000 -1000 -1000 -10 1
85 109 Car -1 -1 -1 670.85 181.37 748.37 239.55 -1 -1 -1 -1000 -1000 -1000 -10 1
85 97 Car -1 -1 -1 573.61 175.78 645.03 234.72 -1 -1 -1 -1000 -1000 -1000 -10 1
86 129 Car -1 -1 -1 334.24 178.96 385.62 204.02 -1 -1 -1 -1000 -1000 -1000 -10 1
86 127 Car -1 -1 -1 763.81 196.24 997.31 343.79 -1 -1 -1 -1000 -1000 -1000 -10 1
86 123 Car -1 -1 -1 258.23 173.29 326.11 211.97 -1 -1 -1 -1000 -1000 -1000 -10 1
86 121 Car -1 -1 -1 156.32 181.36 260.26 223.17 -1 -1 -1 -1000 -1000 -1000 -10 1
86 116 Car -1 -1 -1 849.03 202.70 1253.49 382.66 -1 -1 -1 -1000 -1000 -1000 -10 1
86 109 Car -1 -1 -1 674.27 182.11 755.91 243.74 -1 -1 -1 -1000 -1000 -1000 -10 1
86 97 Car -1 -1 -1 575.63 174.73 646.05 233.37 -1 -1 -1 -1000 -1000 -1000 -10 1
87 129 Car -1 -1 -1 339.66 180.02 389.37 205.01 -1 -1 -1 -1000 -1000 -1000 -10 1
87 127 Car -1 -1 -1 785.97 198.88 1049.08 364.31 -1 -1 -1 -1000 -1000 -1000 -10 1
87 123 Car -1 -1 -1 248.14 173.84 317.08 211.82 -1 -1 -1 -1000 -1000 -1000 -10 1
87 121 Car -1 -1 -1 137.18 182.93 247.06 225.53 -1 -1 -1 -1000 -1000 -1000 -10 1
87 116 Car -1 -1 -1 872.63 203.78 1272.72 383.27 -1 -1 -1 -1000 -1000 -1000 -10 1
87 109 Car -1 -1 -1 675.74 182.98 764.38 249.62 -1 -1 -1 -1000 -1000 -1000 -10 1
87 97 Car -1 -1 -1 577.87 173.94 647.01 231.00 -1 -1 -1 -1000 -1000 -1000 -10 1
88 129 Car -1 -1 -1 330.00 177.48 388.23 205.42 -1 -1 -1 -1000 -1000 -1000 -10 1
88 127 Car -1 -1 -1 807.88 196.43 1114.47 376.69 -1 -1 -1 -1000 -1000 -1000 -10 1
88 123 Car -1 -1 -1 240.48 174.59 312.45 214.11 -1 -1 -1 -1000 -1000 -1000 -10 1
88 121 Car -1 -1 -1 119.43 183.49 236.81 227.69 -1 -1 -1 -1000 -1000 -1000 -10 1
88 116 Car -1 -1 -1 915.02 203.87 1292.84 382.31 -1 -1 -1 -1000 -1000 -1000 -10 1
88 109 Car -1 -1 -1 677.75 182.57 775.83 254.85 -1 -1 -1 -1000 -1000 -1000 -10 1
88 97 Car -1 -1 -1 578.30 174.35 646.15 230.33 -1 -1 -1 -1000 -1000 -1000 -10 1
89 131 Car -1 -1 -1 651.70 177.84 707.72 221.89 -1 -1 -1 -1000 -1000 -1000 -10 1
89 129 Car -1 -1 -1 322.03 175.96 385.85 206.19 -1 -1 -1 -1000 -1000 -1000 -10 1
89 127 Car -1 -1 -1 838.30 197.42 1187.92 383.73 -1 -1 -1 -1000 -1000 -1000 -10 1
89 123 Car -1 -1 -1 230.74 174.08 302.50 212.79 -1 -1 -1 -1000 -1000 -1000 -10 1
89 121 Car -1 -1 -1 98.37 184.11 224.61 229.03 -1 -1 -1 -1000 -1000 -1000 -10 1
89 109 Car -1 -1 -1 682.66 181.65 786.28 259.05 -1 -1 -1 -1000 -1000 -1000 -10 1
89 97 Car -1 -1 -1 578.45 176.28 647.89 232.43 -1 -1 -1 -1000 -1000 -1000 -10 1
90 131 Car -1 -1 -1 651.77 178.99 710.27 224.98 -1 -1 -1 -1000 -1000 -1000 -10 1
90 129 Car -1 -1 -1 314.17 174.60 381.08 206.02 -1 -1 -1 -1000 -1000 -1000 -10 1
90 127 Car -1 -1 -1 858.38 198.78 1231.12 384.26 -1 -1 -1 -1000 -1000 -1000 -10 1
90 123 Car -1 -1 -1 219.33 174.89 292.59 213.81 -1 -1 -1 -1000 -1000 -1000 -10 1
90 121 Car -1 -1 -1 73.83 184.75 209.73 231.20 -1 -1 -1 -1000 -1000 -1000 -10 1
90 109 Car -1 -1 -1 687.93 183.69 797.21 265.80 -1 -1 -1 -1000 -1000 -1000 -10 1
90 97 Car -1 -1 -1 576.92 177.60 648.86 234.44 -1 -1 -1 -1000 -1000 -1000 -10 1
91 131 Car -1 -1 -1 653.05 180.35 715.34 228.86 -1 -1 -1 -1000 -1000 -1000 -10 1
91 129 Car -1 -1 -1 304.69 174.65 372.98 207.17 -1 -1 -1 -1000 -1000 -1000 -10 1
91 127 Car -1 -1 -1 881.74 203.78 1255.37 385.65 -1 -1 -1 -1000 -1000 -1000 -10 1
91 123 Car -1 -1 -1 193.21 177.02 279.74 218.91 -1 -1 -1 -1000 -1000 -1000 -10 1
91 121 Car -1 -1 -1 46.75 185.03 190.28 234.50 -1 -1 -1 -1000 -1000 -1000 -10 1
91 109 Car -1 -1 -1 694.84 187.27 811.74 273.34 -1 -1 -1 -1000 -1000 -1000 -10 1
91 97 Car -1 -1 -1 575.92 177.73 649.61 234.70 -1 -1 -1 -1000 -1000 -1000 -10 1
92 131 Car -1 -1 -1 657.09 178.86 721.69 229.22 -1 -1 -1 -1000 -1000 -1000 -10 1
92 129 Car -1 -1 -1 298.33 175.00 365.40 208.31 -1 -1 -1 -1000 -1000 -1000 -10 1
92 127 Car -1 -1 -1 923.56 214.61 1270.72 384.32 -1 -1 -1 -1000 -1000 -1000 -10 1
92 123 Car -1 -1 -1 164.65 174.50 265.61 220.48 -1 -1 -1 -1000 -1000 -1000 -10 1
92 121 Car -1 -1 -1 19.60 184.19 169.17 235.97 -1 -1 -1 -1000 -1000 -1000 -10 1
92 109 Car -1 -1 -1 701.96 188.80 827.43 282.60 -1 -1 -1 -1000 -1000 -1000 -10 1
92 97 Car -1 -1 -1 573.96 175.81 645.68 232.53 -1 -1 -1 -1000 -1000 -1000 -10 1
93 131 Car -1 -1 -1 659.17 178.28 725.82 231.00 -1 -1 -1 -1000 -1000 -1000 -10 1
93 123 Car -1 -1 -1 138.73 175.20 248.15 221.93 -1 -1 -1 -1000 -1000 -1000 -10 1
93 121 Car -1 -1 -1 -1.67 182.16 146.51 236.98 -1 -1 -1 -1000 -1000 -1000 -10 1
93 109 Car -1 -1 -1 710.21 189.94 851.46 295.17 -1 -1 -1 -1000 -1000 -1000 -10 1
93 97 Car -1 -1 -1 573.64 174.80 643.77 230.71 -1 -1 -1 -1000 -1000 -1000 -10 1
94 131 Car -1 -1 -1 659.90 179.57 728.86 234.66 -1 -1 -1 -1000 -1000 -1000 -10 1
94 123 Car -1 -1 -1 111.41 175.90 229.13 223.66 -1 -1 -1 -1000 -1000 -1000 -10 1
94 121 Car -1 -1 -1 -15.74 181.60 123.25 237.71 -1 -1 -1 -1000 -1000 -1000 -10 1
94 109 Car -1 -1 -1 723.47 195.59 877.81 309.16 -1 -1 -1 -1000 -1000 -1000 -10 1
94 97 Car -1 -1 -1 573.87 175.32 643.76 231.18 -1 -1 -1 -1000 -1000 -1000 -10 1
95 131 Car -1 -1 -1 659.97 180.85 730.53 236.72 -1 -1 -1 -1000 -1000 -1000 -10 1
95 123 Car -1 -1 -1 91.47 175.45 215.78 225.45 -1 -1 -1 -1000 -1000 -1000 -10 1
95 121 Car -1 -1 -1 -24.19 178.93 95.42 234.55 -1 -1 -1 -1000 -1000 -1000 -10 1
95 109 Car -1 -1 -1 737.03 198.99 917.08 330.41 -1 -1 -1 -1000 -1000 -1000 -10 1
95 97 Car -1 -1 -1 573.58 178.52 645.87 233.78 -1 -1 -1 -1000 -1000 -1000 -10 1
96 131 Car -1 -1 -1 661.33 179.91 732.39 235.92 -1 -1 -1 -1000 -1000 -1000 -10 1
96 129 Car -1 -1 -1 262.63 172.61 344.73 211.99 -1 -1 -1 -1000 -1000 -1000 -10 1
96 123 Car -1 -1 -1 57.19 174.19 189.37 226.90 -1 -1 -1 -1000 -1000 -1000 -10 1
96 109 Car -1 -1 -1 752.74 201.00 962.10 350.06 -1 -1 -1 -1000 -1000 -1000 -10 1
96 97 Car -1 -1 -1 572.67 178.58 645.14 233.73 -1 -1 -1 -1000 -1000 -1000 -10 1
97 137 Car -1 -1 -1 620.09 179.12 667.66 218.09 -1 -1 -1 -1000 -1000 -1000 -10 1
97 131 Car -1 -1 -1 665.90 179.04 739.31 237.49 -1 -1 -1 -1000 -1000 -1000 -10 1
97 123 Car -1 -1 -1 23.10 171.18 164.77 227.50 -1 -1 -1 -1000 -1000 -1000 -10 1
97 109 Car -1 -1 -1 783.97 199.84 1035.87 364.16 -1 -1 -1 -1000 -1000 -1000 -10 1
97 97 Car -1 -1 -1 572.70 178.64 645.07 233.31 -1 -1 -1 -1000 -1000 -1000 -10 1
98 137 Car -1 -1 -1 623.07 180.81 671.16 220.13 -1 -1 -1 -1000 -1000 -1000 -10 1
98 131 Car -1 -1 -1 666.73 180.68 742.94 240.40 -1 -1 -1 -1000 -1000 -1000 -10 1
98 123 Car -1 -1 -1 0.74 171.98 142.79 230.83 -1 -1 -1 -1000 -1000 -1000 -10 1
98 109 Car -1 -1 -1 827.88 199.79 1140.07 371.84 -1 -1 -1 -1000 -1000 -1000 -10 1
98 97 Car -1 -1 -1 573.21 178.41 646.26 233.19 -1 -1 -1 -1000 -1000 -1000 -10 1
99 140 Car -1 -1 -1 -11.21 167.17 117.02 233.38 -1 -1 -1 -1000 -1000 -1000 -10 1
99 139 Car -1 -1 -1 751.36 201.17 951.07 338.40 -1 -1 -1 -1000 -1000 -1000 -10 1
99 137 Car -1 -1 -1 614.34 180.58 665.03 223.03 -1 -1 -1 -1000 -1000 -1000 -10 1
99 131 Car -1 -1 -1 666.22 181.04 742.29 240.47 -1 -1 -1 -1000 -1000 -1000 -10 1
99 123 Car -1 -1 -1 -11.89 169.95 124.06 231.89 -1 -1 -1 -1000 -1000 -1000 -10 1
99 109 Car -1 -1 -1 852.07 199.65 1191.83 374.71 -1 -1 -1 -1000 -1000 -1000 -10 1
99 97 Car -1 -1 -1 573.85 178.11 646.37 233.36 -1 -1 -1 -1000 -1000 -1000 -10 1
100 140 Car -1 -1 -1 -15.37 171.12 90.75 233.55 -1 -1 -1 -1000 -1000 -1000 -10 1
100 139 Car -1 -1 -1 780.24 199.77 1034.94 368.00 -1 -1 -1 -1000 -1000 -1000 -10 1
100 131 Car -1 -1 -1 676.77 181.90 758.26 247.49 -1 -1 -1 -1000 -1000 -1000 -10 1
100 129 Car -1 -1 -1 187.39 169.78 282.44 214.06 -1 -1 -1 -1000 -1000 -1000 -10 1
100 109 Car -1 -1 -1 882.26 200.87 1232.29 377.26 -1 -1 -1 -1000 -1000 -1000 -10 1
100 97 Car -1 -1 -1 576.48 176.18 645.73 230.94 -1 -1 -1 -1000 -1000 -1000 -10 1
101 139 Car -1 -1 -1 806.74 203.75 1129.48 384.93 -1 -1 -1 -1000 -1000 -1000 -10 1
101 131 Car -1 -1 -1 680.69 182.70 772.50 255.77 -1 -1 -1 -1000 -1000 -1000 -10 1
101 129 Car -1 -1 -1 158.84 166.76 263.25 213.67 -1 -1 -1 -1000 -1000 -1000 -10 1
101 109 Car -1 -1 -1 947.89 197.07 1267.77 374.61 -1 -1 -1 -1000 -1000 -1000 -10 1
101 97 Car -1 -1 -1 577.88 175.63 644.82 229.72 -1 -1 -1 -1000 -1000 -1000 -10 1
102 139 Car -1 -1 -1 833.20 205.96 1211.14 389.97 -1 -1 -1 -1000 -1000 -1000 -10 1
102 131 Car -1 -1 -1 691.01 182.22 791.20 262.12 -1 -1 -1 -1000 -1000 -1000 -10 1
102 129 Car -1 -1 -1 129.50 166.05 242.18 215.02 -1 -1 -1 -1000 -1000 -1000 -10 1
102 97 Car -1 -1 -1 577.13 175.92 643.25 230.25 -1 -1 -1 -1000 -1000 -1000 -10 1
103 143 Car -1 -1 -1 655.17 180.89 727.23 233.25 -1 -1 -1 -1000 -1000 -1000 -10 1
103 139 Car -1 -1 -1 858.78 208.13 1255.12 389.55 -1 -1 -1 -1000 -1000 -1000 -10 1
103 131 Car -1 -1 -1 698.13 183.51 809.42 270.48 -1 -1 -1 -1000 -1000 -1000 -10 1
103 129 Car -1 -1 -1 96.97 166.03 221.24 218.59 -1 -1 -1 -1000 -1000 -1000 -10 1
103 97 Car -1 -1 -1 575.07 175.58 645.52 231.44 -1 -1 -1 -1000 -1000 -1000 -10 1
104 143 Car -1 -1 -1 653.81 178.62 725.06 230.23 -1 -1 -1 -1000 -1000 -1000 -10 1
104 142 Car -1 -1 -1 189.02 167.78 280.45 211.37 -1 -1 -1 -1000 -1000 -1000 -10 1
104 139 Car -1 -1 -1 893.78 210.21 1276.10 388.35 -1 -1 -1 -1000 -1000 -1000 -10 1
104 131 Car -1 -1 -1 709.48 186.02 829.88 279.39 -1 -1 -1 -1000 -1000 -1000 -10 1
104 129 Car -1 -1 -1 56.93 166.55 195.80 223.36 -1 -1 -1 -1000 -1000 -1000 -10 1
104 97 Car -1 -1 -1 576.80 174.96 645.27 230.94 -1 -1 -1 -1000 -1000 -1000 -10 1
105 143 Car -1 -1 -1 659.53 180.13 734.19 234.30 -1 -1 -1 -1000 -1000 -1000 -10 1
105 142 Car -1 -1 -1 168.57 167.33 265.40 212.77 -1 -1 -1 -1000 -1000 -1000 -10 1
105 131 Car -1 -1 -1 721.47 189.74 857.96 292.13 -1 -1 -1 -1000 -1000 -1000 -10 1
105 129 Car -1 -1 -1 19.57 169.58 163.71 226.70 -1 -1 -1 -1000 -1000 -1000 -10 1
105 97 Car -1 -1 -1 576.57 175.21 643.55 230.71 -1 -1 -1 -1000 -1000 -1000 -10 1
106 146 Car -1 -1 -1 261.49 174.45 327.62 206.80 -1 -1 -1 -1000 -1000 -1000 -10 1
106 143 Car -1 -1 -1 658.77 179.54 734.13 233.43 -1 -1 -1 -1000 -1000 -1000 -10 1
106 142 Car -1 -1 -1 138.34 171.15 244.29 216.12 -1 -1 -1 -1000 -1000 -1000 -10 1
106 131 Car -1 -1 -1 737.28 190.01 898.83 308.47 -1 -1 -1 -1000 -1000 -1000 -10 1
106 129 Car -1 -1 -1 -4.23 165.60 136.02 225.34 -1 -1 -1 -1000 -1000 -1000 -10 1
106 97 Car -1 -1 -1 577.06 173.73 648.48 230.79 -1 -1 -1 -1000 -1000 -1000 -10 1
107 146 Car -1 -1 -1 244.64 173.05 311.35 206.19 -1 -1 -1 -1000 -1000 -1000 -10 1
107 143 Car -1 -1 -1 661.98 181.39 731.62 232.70 -1 -1 -1 -1000 -1000 -1000 -10 1
107 142 Car -1 -1 -1 117.93 166.76 224.05 213.48 -1 -1 -1 -1000 -1000 -1000 -10 1
107 131 Car -1 -1 -1 753.81 190.07 948.10 331.25 -1 -1 -1 -1000 -1000 -1000 -10 1
107 129 Car -1 -1 -1 -9.53 166.82 120.40 228.16 -1 -1 -1 -1000 -1000 -1000 -10 1
107 97 Car -1 -1 -1 578.70 172.74 648.46 230.79 -1 -1 -1 -1000 -1000 -1000 -10 1
108 146 Car -1 -1 -1 229.12 170.98 298.42 204.94 -1 -1 -1 -1000 -1000 -1000 -10 1
108 143 Car -1 -1 -1 659.60 178.49 731.74 231.72 -1 -1 -1 -1000 -1000 -1000 -10 1
108 142 Car -1 -1 -1 68.88 165.72 188.71 218.96 -1 -1 -1 -1000 -1000 -1000 -10 1
108 131 Car -1 -1 -1 785.74 186.34 1027.61 354.59 -1 -1 -1 -1000 -1000 -1000 -10 1
108 97 Car -1 -1 -1 580.29 170.21 648.21 228.67 -1 -1 -1 -1000 -1000 -1000 -10 1
109 149 Car -1 -1 -1 700.58 185.31 833.95 272.07 -1 -1 -1 -1000 -1000 -1000 -10 1
109 146 Car -1 -1 -1 214.26 169.65 286.36 204.18 -1 -1 -1 -1000 -1000 -1000 -10 1
109 143 Car -1 -1 -1 664.34 178.35 733.84 230.49 -1 -1 -1 -1000 -1000 -1000 -10 1
109 142 Car -1 -1 -1 40.71 164.70 172.73 220.98 -1 -1 -1 -1000 -1000 -1000 -10 1
109 131 Car -1 -1 -1 819.39 177.36 1143.76 368.59 -1 -1 -1 -1000 -1000 -1000 -10 1
109 97 Car -1 -1 -1 582.14 168.11 650.12 227.74 -1 -1 -1 -1000 -1000 -1000 -10 1
110 149 Car -1 -1 -1 710.51 187.72 865.63 285.73 -1 -1 -1 -1000 -1000 -1000 -10 1
110 146 Car -1 -1 -1 195.65 171.78 270.97 207.01 -1 -1 -1 -1000 -1000 -1000 -10 1
110 143 Car -1 -1 -1 660.52 175.24 728.01 225.52 -1 -1 -1 -1000 -1000 -1000 -10 1
110 142 Car -1 -1 -1 2.49 164.15 138.96 222.49 -1 -1 -1 -1000 -1000 -1000 -10 1
110 131 Car -1 -1 -1 849.48 173.42 1206.28 373.56 -1 -1 -1 -1000 -1000 -1000 -10 1
110 97 Car -1 -1 -1 583.42 167.62 651.21 227.02 -1 -1 -1 -1000 -1000 -1000 -10 1
111 149 Car -1 -1 -1 722.34 188.35 906.39 301.29 -1 -1 -1 -1000 -1000 -1000 -10 1
111 146 Car -1 -1 -1 173.06 173.29 258.69 211.57 -1 -1 -1 -1000 -1000 -1000 -10 1
111 143 Car -1 -1 -1 660.81 174.60 734.19 226.08 -1 -1 -1 -1000 -1000 -1000 -10 1
111 142 Car -1 -1 -1 -13.64 165.52 118.76 224.19 -1 -1 -1 -1000 -1000 -1000 -10 1
111 131 Car -1 -1 -1 871.32 166.69 1241.23 374.54 -1 -1 -1 -1000 -1000 -1000 -10 1
111 97 Car -1 -1 -1 585.25 166.69 652.45 226.41 -1 -1 -1 -1000 -1000 -1000 -10 1
112 149 Car -1 -1 -1 734.82 186.55 958.37 321.41 -1 -1 -1 -1000 -1000 -1000 -10 1
112 146 Car -1 -1 -1 149.43 172.93 241.53 213.60 -1 -1 -1 -1000 -1000 -1000 -10 1
112 143 Car -1 -1 -1 660.33 174.93 738.24 228.01 -1 -1 -1 -1000 -1000 -1000 -10 1
112 131 Car -1 -1 -1 909.14 169.60 1266.52 376.99 -1 -1 -1 -1000 -1000 -1000 -10 1
112 97 Car -1 -1 -1 594.51 166.07 659.89 223.85 -1 -1 -1 -1000 -1000 -1000 -10 1
113 150 Car -1 -1 -1 691.24 184.48 827.97 268.33 -1 -1 -1 -1000 -1000 -1000 -10 1
113 149 Car -1 -1 -1 752.97 190.95 1022.20 352.05 -1 -1 -1 -1000 -1000 -1000 -10 1
113 146 Car -1 -1 -1 117.91 171.41 223.55 213.78 -1 -1 -1 -1000 -1000 -1000 -10 1
113 143 Car -1 -1 -1 665.14 174.81 748.10 230.19 -1 -1 -1 -1000 -1000 -1000 -10 1
113 97 Car -1 -1 -1 589.69 166.08 655.39 224.79 -1 -1 -1 -1000 -1000 -1000 -10 1
114 150 Car -1 -1 -1 700.83 185.76 849.24 275.84 -1 -1 -1 -1000 -1000 -1000 -10 1
114 149 Car -1 -1 -1 778.35 192.03 1097.84 370.99 -1 -1 -1 -1000 -1000 -1000 -10 1
114 146 Car -1 -1 -1 87.65 173.47 203.74 217.52 -1 -1 -1 -1000 -1000 -1000 -10 1
114 143 Car -1 -1 -1 664.20 175.17 749.59 231.87 -1 -1 -1 -1000 -1000 -1000 -10 1
114 97 Car -1 -1 -1 592.43 167.94 657.26 226.45 -1 -1 -1 -1000 -1000 -1000 -10 1
115 150 Car -1 -1 -1 707.92 187.48 876.91 292.04 -1 -1 -1 -1000 -1000 -1000 -10 1
115 149 Car -1 -1 -1 810.92 192.55 1186.12 381.06 -1 -1 -1 -1000 -1000 -1000 -10 1
115 146 Car -1 -1 -1 52.70 173.91 183.31 222.67 -1 -1 -1 -1000 -1000 -1000 -10 1
115 143 Car -1 -1 -1 664.31 174.76 753.28 232.64 -1 -1 -1 -1000 -1000 -1000 -10 1
115 97 Car -1 -1 -1 590.24 169.40 655.85 228.45 -1 -1 -1 -1000 -1000 -1000 -10 1
116 150 Car -1 -1 -1 718.35 189.94 912.18 309.61 -1 -1 -1 -1000 -1000 -1000 -10 1
116 149 Car -1 -1 -1 831.84 192.55 1231.92 384.22 -1 -1 -1 -1000 -1000 -1000 -10 1
116 146 Car -1 -1 -1 19.00 173.33 160.43 225.20 -1 -1 -1 -1000 -1000 -1000 -10 1
116 143 Car -1 -1 -1 666.60 174.51 755.23 232.44 -1 -1 -1 -1000 -1000 -1000 -10 1
116 97 Car -1 -1 -1 586.43 168.89 653.35 229.37 -1 -1 -1 -1000 -1000 -1000 -10 1
117 150 Car -1 -1 -1 730.36 189.60 962.36 329.26 -1 -1 -1 -1000 -1000 -1000 -10 1
117 149 Car -1 -1 -1 855.06 197.62 1261.99 385.16 -1 -1 -1 -1000 -1000 -1000 -10 1
117 146 Car -1 -1 -1 -7.03 172.53 139.03 229.27 -1 -1 -1 -1000 -1000 -1000 -10 1
117 143 Car -1 -1 -1 667.18 175.62 756.66 232.81 -1 -1 -1 -1000 -1000 -1000 -10 1
117 97 Car -1 -1 -1 583.04 168.86 655.39 231.89 -1 -1 -1 -1000 -1000 -1000 -10 1
118 150 Car -1 -1 -1 744.25 191.02 1015.95 354.49 -1 -1 -1 -1000 -1000 -1000 -10 1
118 149 Car -1 -1 -1 889.15 200.80 1281.93 386.21 -1 -1 -1 -1000 -1000 -1000 -10 1
118 146 Car -1 -1 -1 -18.25 167.65 124.07 227.85 -1 -1 -1 -1000 -1000 -1000 -10 1
118 143 Car -1 -1 -1 676.94 179.25 769.42 240.52 -1 -1 -1 -1000 -1000 -1000 -10 1
118 97 Car -1 -1 -1 580.35 168.03 657.14 233.50 -1 -1 -1 -1000 -1000 -1000 -10 1
119 150 Car -1 -1 -1 765.90 191.89 1083.32 372.58 -1 -1 -1 -1000 -1000 -1000 -10 1
119 149 Car -1 -1 -1 951.38 214.97 1299.14 392.42 -1 -1 -1 -1000 -1000 -1000 -10 1
119 146 Car -1 -1 -1 -26.36 163.82 102.64 226.52 -1 -1 -1 -1000 -1000 -1000 -10 1
119 143 Car -1 -1 -1 680.26 180.11 784.97 248.54 -1 -1 -1 -1000 -1000 -1000 -10 1
119 97 Car -1 -1 -1 580.51 167.79 657.60 235.31 -1 -1 -1 -1000 -1000 -1000 -10 1
120 150 Car -1 -1 -1 795.09 189.23 1175.76 380.52 -1 -1 -1 -1000 -1000 -1000 -10 1
120 146 Car -1 -1 -1 -31.61 162.91 75.61 226.51 -1 -1 -1 -1000 -1000 -1000 -10 1
120 143 Car -1 -1 -1 684.97 182.93 797.59 257.09 -1 -1 -1 -1000 -1000 -1000 -10 1
120 97 Car -1 -1 -1 578.78 168.01 655.80 236.09 -1 -1 -1 -1000 -1000 -1000 -10 1
121 155 Car -1 -1 -1 425.24 178.41 459.29 196.62 -1 -1 -1 -1000 -1000 -1000 -10 1
121 150 Car -1 -1 -1 798.45 189.64 1222.55 381.91 -1 -1 -1 -1000 -1000 -1000 -10 1
121 143 Car -1 -1 -1 690.32 183.48 812.76 261.61 -1 -1 -1 -1000 -1000 -1000 -10 1
121 97 Car -1 -1 -1 576.64 166.99 654.52 236.46 -1 -1 -1 -1000 -1000 -1000 -10 1
122 156 Car -1 -1 -1 658.58 180.43 743.35 232.72 -1 -1 -1 -1000 -1000 -1000 -10 1
122 155 Car -1 -1 -1 429.32 177.29 465.59 195.05 -1 -1 -1 -1000 -1000 -1000 -10 1
122 150 Car -1 -1 -1 812.64 189.98 1250.28 383.07 -1 -1 -1 -1000 -1000 -1000 -10 1
122 143 Car -1 -1 -1 692.71 185.08 824.11 267.02 -1 -1 -1 -1000 -1000 -1000 -10 1
122 97 Car -1 -1 -1 572.30 167.44 651.17 237.79 -1 -1 -1 -1000 -1000 -1000 -10 1
123 158 Car -1 -1 -1 334.51 181.48 382.47 207.34 -1 -1 -1 -1000 -1000 -1000 -10 1
123 156 Car -1 -1 -1 669.90 182.80 770.77 243.89 -1 -1 -1 -1000 -1000 -1000 -10 1
123 150 Car -1 -1 -1 828.65 194.33 1271.26 381.69 -1 -1 -1 -1000 -1000 -1000 -10 1
123 143 Car -1 -1 -1 701.79 190.23 842.39 281.12 -1 -1 -1 -1000 -1000 -1000 -10 1
123 97 Car -1 -1 -1 564.76 171.01 645.67 241.54 -1 -1 -1 -1000 -1000 -1000 -10 1
124 160 Car -1 -1 -1 270.56 175.64 337.74 210.26 -1 -1 -1 -1000 -1000 -1000 -10 1
124 158 Car -1 -1 -1 324.79 180.68 377.92 208.76 -1 -1 -1 -1000 -1000 -1000 -10 1
124 156 Car -1 -1 -1 671.41 183.33 782.27 250.15 -1 -1 -1 -1000 -1000 -1000 -10 1
124 150 Car -1 -1 -1 861.19 204.52 1286.30 385.17 -1 -1 -1 -1000 -1000 -1000 -10 1
124 143 Car -1 -1 -1 707.73 192.54 860.74 292.38 -1 -1 -1 -1000 -1000 -1000 -10 1
124 97 Car -1 -1 -1 551.37 170.94 634.97 242.16 -1 -1 -1 -1000 -1000 -1000 -10 1
125 160 Car -1 -1 -1 261.29 177.26 328.33 211.63 -1 -1 -1 -1000 -1000 -1000 -10 1
125 158 Car -1 -1 -1 315.27 180.66 372.76 210.64 -1 -1 -1 -1000 -1000 -1000 -10 1
125 156 Car -1 -1 -1 675.02 187.40 788.06 257.13 -1 -1 -1 -1000 -1000 -1000 -10 1
125 143 Car -1 -1 -1 721.71 193.70 887.04 302.07 -1 -1 -1 -1000 -1000 -1000 -10 1
125 97 Car -1 -1 -1 535.35 170.44 627.28 246.19 -1 -1 -1 -1000 -1000 -1000 -10 1
126 158 Car -1 -1 -1 308.45 181.50 366.26 211.99 -1 -1 -1 -1000 -1000 -1000 -10 1
126 156 Car -1 -1 -1 682.82 188.16 797.06 261.20 -1 -1 -1 -1000 -1000 -1000 -10 1
126 143 Car -1 -1 -1 734.50 196.37 917.02 317.47 -1 -1 -1 -1000 -1000 -1000 -10 1
126 97 Car -1 -1 -1 512.79 172.88 615.16 251.25 -1 -1 -1 -1000 -1000 -1000 -10 1
127 158 Car -1 -1 -1 302.72 182.89 362.07 213.36 -1 -1 -1 -1000 -1000 -1000 -10 1
127 156 Car -1 -1 -1 688.40 190.32 807.07 267.09 -1 -1 -1 -1000 -1000 -1000 -10 1
127 143 Car -1 -1 -1 746.96 201.34 948.07 331.62 -1 -1 -1 -1000 -1000 -1000 -10 1
127 97 Car -1 -1 -1 487.34 175.06 604.74 255.51 -1 -1 -1 -1000 -1000 -1000 -10 1
128 158 Car -1 -1 -1 293.13 181.50 355.21 213.01 -1 -1 -1 -1000 -1000 -1000 -10 1
128 156 Car -1 -1 -1 693.60 190.15 821.21 272.13 -1 -1 -1 -1000 -1000 -1000 -10 1
128 143 Car -1 -1 -1 769.78 203.99 994.85 350.02 -1 -1 -1 -1000 -1000 -1000 -10 1
128 97 Car -1 -1 -1 461.71 174.92 588.10 257.41 -1 -1 -1 -1000 -1000 -1000 -10 1
129 160 Car -1 -1 -1 209.20 181.11 293.53 219.25 -1 -1 -1 -1000 -1000 -1000 -10 1
129 158 Car -1 -1 -1 280.57 181.50 344.67 213.21 -1 -1 -1 -1000 -1000 -1000 -10 1
129 156 Car -1 -1 -1 701.54 194.26 842.26 281.61 -1 -1 -1 -1000 -1000 -1000 -10 1
129 143 Car -1 -1 -1 791.40 203.58 1059.61 364.24 -1 -1 -1 -1000 -1000 -1000 -10 1
129 97 Car -1 -1 -1 428.37 175.88 565.13 261.18 -1 -1 -1 -1000 -1000 -1000 -10 1
130 160 Car -1 -1 -1 189.58 186.92 279.85 225.44 -1 -1 -1 -1000 -1000 -1000 -10 1
130 158 Car -1 -1 -1 260.14 185.03 332.87 218.49 -1 -1 -1 -1000 -1000 -1000 -10 1
130 156 Car -1 -1 -1 707.49 199.26 866.05 300.33 -1 -1 -1 -1000 -1000 -1000 -10 1
130 143 Car -1 -1 -1 825.79 203.43 1154.83 372.54 -1 -1 -1 -1000 -1000 -1000 -10 1
130 97 Car -1 -1 -1 386.20 178.89 537.26 266.40 -1 -1 -1 -1000 -1000 -1000 -10 1
131 162 Car -1 -1 -1 677.37 194.93 793.14 269.22 -1 -1 -1 -1000 -1000 -1000 -10 1
131 160 Car -1 -1 -1 164.34 188.49 258.58 229.62 -1 -1 -1 -1000 -1000 -1000 -10 1
131 158 Car -1 -1 -1 245.63 185.76 322.72 221.39 -1 -1 -1 -1000 -1000 -1000 -10 1
131 156 Car -1 -1 -1 720.11 201.86 897.92 316.63 -1 -1 -1 -1000 -1000 -1000 -10 1
131 143 Car -1 -1 -1 847.73 203.66 1204.58 375.78 -1 -1 -1 -1000 -1000 -1000 -10 1
131 97 Car -1 -1 -1 330.75 180.03 492.77 270.91 -1 -1 -1 -1000 -1000 -1000 -10 1
132 163 Car -1 -1 -1 638.11 191.52 704.54 240.57 -1 -1 -1 -1000 -1000 -1000 -10 1
132 162 Car -1 -1 -1 684.73 195.79 807.82 273.78 -1 -1 -1 -1000 -1000 -1000 -10 1
132 160 Car -1 -1 -1 135.89 191.16 234.58 234.23 -1 -1 -1 -1000 -1000 -1000 -10 1
132 156 Car -1 -1 -1 734.52 205.82 940.35 337.23 -1 -1 -1 -1000 -1000 -1000 -10 1
132 143 Car -1 -1 -1 866.79 204.12 1235.33 376.88 -1 -1 -1 -1000 -1000 -1000 -10 1
132 97 Car -1 -1 -1 268.89 179.15 445.07 273.53 -1 -1 -1 -1000 -1000 -1000 -10 1
133 163 Car -1 -1 -1 639.16 189.09 708.75 241.84 -1 -1 -1 -1000 -1000 -1000 -10 1
133 162 Car -1 -1 -1 692.31 196.83 825.13 280.37 -1 -1 -1 -1000 -1000 -1000 -10 1
133 160 Car -1 -1 -1 113.62 192.90 220.81 237.87 -1 -1 -1 -1000 -1000 -1000 -10 1
133 156 Car -1 -1 -1 754.55 209.79 992.73 359.52 -1 -1 -1 -1000 -1000 -1000 -10 1
133 143 Car -1 -1 -1 914.20 215.02 1262.09 383.29 -1 -1 -1 -1000 -1000 -1000 -10 1
133 97 Car -1 -1 -1 201.83 182.33 397.37 281.16 -1 -1 -1 -1000 -1000 -1000 -10 1
134 163 Car -1 -1 -1 640.14 186.49 710.84 240.79 -1 -1 -1 -1000 -1000 -1000 -10 1
134 162 Car -1 -1 -1 703.77 200.49 854.18 296.15 -1 -1 -1 -1000 -1000 -1000 -10 1
134 156 Car -1 -1 -1 784.04 208.56 1066.11 367.89 -1 -1 -1 -1000 -1000 -1000 -10 1
134 97 Car -1 -1 -1 100.58 178.48 340.17 291.86 -1 -1 -1 -1000 -1000 -1000 -10 1
135 163 Car -1 -1 -1 641.28 183.28 718.44 241.74 -1 -1 -1 -1000 -1000 -1000 -10 1
135 162 Car -1 -1 -1 711.81 200.03 879.77 309.15 -1 -1 -1 -1000 -1000 -1000 -10 1
135 156 Car -1 -1 -1 822.78 207.13 1161.68 375.56 -1 -1 -1 -1000 -1000 -1000 -10 1
135 97 Car -1 -1 -1 32.81 174.79 293.57 303.32 -1 -1 -1 -1000 -1000 -1000 -10 1
136 163 Car -1 -1 -1 645.79 183.47 726.09 243.85 -1 -1 -1 -1000 -1000 -1000 -10 1
136 162 Car -1 -1 -1 727.75 201.53 927.05 330.78 -1 -1 -1 -1000 -1000 -1000 -10 1
136 156 Car -1 -1 -1 851.26 206.42 1220.96 377.27 -1 -1 -1 -1000 -1000 -1000 -10 1
137 163 Car -1 -1 -1 651.96 183.04 734.47 244.71 -1 -1 -1 -1000 -1000 -1000 -10 1
137 162 Car -1 -1 -1 753.97 203.38 989.79 354.21 -1 -1 -1 -1000 -1000 -1000 -10 1
137 156 Car -1 -1 -1 899.74 211.30 1260.29 382.06 -1 -1 -1 -1000 -1000 -1000 -10 1
138 163 Car -1 -1 -1 654.67 182.91 740.47 247.03 -1 -1 -1 -1000 -1000 -1000 -10 1
138 162 Car -1 -1 -1 784.24 199.82 1079.00 369.36 -1 -1 -1 -1000 -1000 -1000 -10 1
139 165 Car -1 -1 -1 57.97 186.80 190.48 237.28 -1 -1 -1 -1000 -1000 -1000 -10 1
139 163 Car -1 -1 -1 667.69 184.92 756.81 252.94 -1 -1 -1 -1000 -1000 -1000 -10 1
139 162 Car -1 -1 -1 827.30 201.11 1170.28 377.65 -1 -1 -1 -1000 -1000 -1000 -10 1
140 165 Car -1 -1 -1 13.41 182.96 165.15 241.38 -1 -1 -1 -1000 -1000 -1000 -10 1
140 163 Car -1 -1 -1 673.53 186.09 772.69 259.52 -1 -1 -1 -1000 -1000 -1000 -10 1
140 162 Car -1 -1 -1 860.22 206.15 1221.36 379.04 -1 -1 -1 -1000 -1000 -1000 -10 1
141 165 Car -1 -1 -1 -12.13 184.33 139.25 244.60 -1 -1 -1 -1000 -1000 -1000 -10 1
141 163 Car -1 -1 -1 684.98 187.61 793.27 267.12 -1 -1 -1 -1000 -1000 -1000 -10 1
141 162 Car -1 -1 -1 926.07 213.02 1263.89 382.18 -1 -1 -1 -1000 -1000 -1000 -10 1
142 165 Car -1 -1 -1 -24.12 182.97 110.57 244.05 -1 -1 -1 -1000 -1000 -1000 -10 1
142 163 Car -1 -1 -1 692.82 190.03 811.47 274.29 -1 -1 -1 -1000 -1000 -1000 -10 1
143 166 Car -1 -1 -1 648.04 180.88 685.51 213.79 -1 -1 -1 -1000 -1000 -1000 -10 1
143 165 Car -1 -1 -1 -27.27 178.96 86.77 240.51 -1 -1 -1 -1000 -1000 -1000 -10 1
143 163 Car -1 -1 -1 709.00 194.08 841.68 283.35 -1 -1 -1 -1000 -1000 -1000 -10 1
144 169 Car -1 -1 -1 684.79 185.07 790.94 263.68 -1 -1 -1 -1000 -1000 -1000 -10 1
144 166 Car -1 -1 -1 650.12 181.91 691.65 216.99 -1 -1 -1 -1000 -1000 -1000 -10 1
144 163 Car -1 -1 -1 724.66 199.22 877.81 298.88 -1 -1 -1 -1000 -1000 -1000 -10 1
145 169 Car -1 -1 -1 693.66 185.83 809.69 270.60 -1 -1 -1 -1000 -1000 -1000 -10 1
145 166 Car -1 -1 -1 653.04 182.77 697.44 218.93 -1 -1 -1 -1000 -1000 -1000 -10 1
145 163 Car -1 -1 -1 744.13 198.18 932.04 320.45 -1 -1 -1 -1000 -1000 -1000 -10 1
146 170 Car -1 -1 -1 287.84 172.22 348.71 203.66 -1 -1 -1 -1000 -1000 -1000 -10 1
146 169 Car -1 -1 -1 706.22 187.54 830.91 279.22 -1 -1 -1 -1000 -1000 -1000 -10 1
146 166 Car -1 -1 -1 653.42 182.87 699.41 219.27 -1 -1 -1 -1000 -1000 -1000 -10 1
146 163 Car -1 -1 -1 774.50 204.45 1011.51 352.15 -1 -1 -1 -1000 -1000 -1000 -10 1
147 170 Car -1 -1 -1 270.16 172.87 337.75 206.83 -1 -1 -1 -1000 -1000 -1000 -10 1
147 169 Car -1 -1 -1 714.49 195.00 851.94 292.43 -1 -1 -1 -1000 -1000 -1000 -10 1
147 166 Car -1 -1 -1 654.16 183.39 700.09 220.31 -1 -1 -1 -1000 -1000 -1000 -10 1
147 163 Car -1 -1 -1 821.53 205.66 1127.77 368.57 -1 -1 -1 -1000 -1000 -1000 -10 1
148 170 Car -1 -1 -1 254.39 172.87 327.31 209.93 -1 -1 -1 -1000 -1000 -1000 -10 1
148 169 Car -1 -1 -1 727.26 198.57 895.17 313.14 -1 -1 -1 -1000 -1000 -1000 -10 1
148 166 Car -1 -1 -1 658.59 182.45 705.61 220.30 -1 -1 -1 -1000 -1000 -1000 -10 1
148 163 Car -1 -1 -1 840.62 205.16 1191.42 375.27 -1 -1 -1 -1000 -1000 -1000 -10 1
149 170 Car -1 -1 -1 229.51 170.90 317.01 212.83 -1 -1 -1 -1000 -1000 -1000 -10 1
149 169 Car -1 -1 -1 749.68 203.53 948.46 335.50 -1 -1 -1 -1000 -1000 -1000 -10 1
149 166 Car -1 -1 -1 665.51 183.85 714.62 222.87 -1 -1 -1 -1000 -1000 -1000 -10 1
149 163 Car -1 -1 -1 868.59 209.65 1236.18 377.84 -1 -1 -1 -1000 -1000 -1000 -10 1
150 170 Car -1 -1 -1 200.71 171.69 296.99 216.82 -1 -1 -1 -1000 -1000 -1000 -10 1
150 169 Car -1 -1 -1 777.58 203.26 1037.46 364.20 -1 -1 -1 -1000 -1000 -1000 -10 1
150 163 Car -1 -1 -1 928.87 214.66 1276.98 382.63 -1 -1 -1 -1000 -1000 -1000 -10 1
151 171 Car -1 -1 -1 49.75 189.39 171.51 235.31 -1 -1 -1 -1000 -1000 -1000 -10 1
151 170 Car -1 -1 -1 172.66 172.67 277.63 221.28 -1 -1 -1 -1000 -1000 -1000 -10 1
151 169 Car -1 -1 -1 824.41 200.04 1161.25 377.96 -1 -1 -1 -1000 -1000 -1000 -10 1
152 173 Car -1 -1 -1 687.26 193.80 786.76 264.36 -1 -1 -1 -1000 -1000 -1000 -10 1
152 171 Car -1 -1 -1 7.95 189.96 139.43 240.69 -1 -1 -1 -1000 -1000 -1000 -10 1
152 170 Car -1 -1 -1 142.43 173.05 255.67 223.44 -1 -1 -1 -1000 -1000 -1000 -10 1
152 169 Car -1 -1 -1 849.21 204.95 1219.88 381.14 -1 -1 -1 -1000 -1000 -1000 -10 1
153 173 Car -1 -1 -1 693.57 193.50 801.69 271.01 -1 -1 -1 -1000 -1000 -1000 -10 1
153 171 Car -1 -1 -1 -17.23 188.89 105.83 240.96 -1 -1 -1 -1000 -1000 -1000 -10 1
153 170 Car -1 -1 -1 113.15 172.84 236.74 227.14 -1 -1 -1 -1000 -1000 -1000 -10 1
153 169 Car -1 -1 -1 890.77 207.55 1261.78 384.80 -1 -1 -1 -1000 -1000 -1000 -10 1
153 166 Car -1 -1 -1 665.22 190.70 722.57 236.12 -1 -1 -1 -1000 -1000 -1000 -10 1
154 173 Car -1 -1 -1 701.54 193.55 825.40 280.10 -1 -1 -1 -1000 -1000 -1000 -10 1
154 166 Car -1 -1 -1 669.13 190.44 732.15 239.06 -1 -1 -1 -1000 -1000 -1000 -10 1
155 173 Car -1 -1 -1 714.34 195.34 855.33 292.32 -1 -1 -1 -1000 -1000 -1000 -10 1
155 166 Car -1 -1 -1 672.56 188.44 740.46 241.45 -1 -1 -1 -1000 -1000 -1000 -10 1
156 173 Car -1 -1 -1 727.84 199.01 900.75 313.52 -1 -1 -1 -1000 -1000 -1000 -10 1
156 166 Car -1 -1 -1 677.83 189.30 756.52 248.19 -1 -1 -1 -1000 -1000 -1000 -10 1
157 173 Car -1 -1 -1 752.10 205.51 962.37 337.20 -1 -1 -1 -1000 -1000 -1000 -10 1
157 166 Car -1 -1 -1 684.94 190.30 773.12 252.37 -1 -1 -1 -1000 -1000 -1000 -10 1
158 173 Car -1 -1 -1 788.31 206.27 1058.73 364.53 -1 -1 -1 -1000 -1000 -1000 -10 1
158 166 Car -1 -1 -1 692.69 190.51 788.88 259.33 -1 -1 -1 -1000 -1000 -1000 -10 1
159 173 Car -1 -1 -1 830.30 203.44 1170.97 376.99 -1 -1 -1 -1000 -1000 -1000 -10 1
159 166 Car -1 -1 -1 700.62 192.07 807.90 266.67 -1 -1 -1 -1000 -1000 -1000 -10 1
160 173 Car -1 -1 -1 857.95 214.93 1227.65 379.30 -1 -1 -1 -1000 -1000 -1000 -10 1
160 166 Car -1 -1 -1 713.13 193.36 835.79 276.76 -1 -1 -1 -1000 -1000 -1000 -10 1
161 166 Car -1 -1 -1 729.53 198.30 864.66 288.62 -1 -1 -1 -1000 -1000 -1000 -10 1
162 166 Car -1 -1 -1 754.21 201.64 917.44 312.54 -1 -1 -1 -1000 -1000 -1000 -10 1
163 166 Car -1 -1 -1 780.69 203.15 985.35 341.15 -1 -1 -1 -1000 -1000 -1000 -10 1
164 166 Car -1 -1 -1 833.57 203.03 1100.36 359.24 -1 -1 -1 -1000 -1000 -1000 -10 1
165 166 Car -1 -1 -1 873.07 199.65 1177.65 367.12 -1 -1 -1 -1000 -1000 -1000 -10 1
166 166 Car -1 -1 -1 937.64 204.98 1236.39 374.78 -1 -1 -1 -1000 -1000 -1000 -10 1
183 178 Car -1 -1 -1 459.90 180.61 540.49 231.94 -1 -1 -1 -1000 -1000 -1000 -10 1
184 178 Car -1 -1 -1 464.08 180.37 550.06 235.07 -1 -1 -1 -1000 -1000 -1000 -10 1
185 179 Car -1 -1 -1 402.60 190.33 493.48 229.02 -1 -1 -1 -1000 -1000 -1000 -10 1
185 178 Car -1 -1 -1 462.32 178.68 557.12 236.97 -1 -1 -1 -1000 -1000 -1000 -10 1
186 179 Car -1 -1 -1 403.40 189.19 494.76 227.83 -1 -1 -1 -1000 -1000 -1000 -10 1
186 178 Car -1 -1 -1 463.47 177.92 562.86 236.69 -1 -1 -1 -1000 -1000 -1000 -10 1
187 179 Car -1 -1 -1 410.76 180.50 494.94 218.31 -1 -1 -1 -1000 -1000 -1000 -10 1
187 178 Car -1 -1 -1 467.72 171.79 578.13 232.36 -1 -1 -1 -1000 -1000 -1000 -10 1
188 179 Car -1 -1 -1 417.73 174.77 500.50 212.43 -1 -1 -1 -1000 -1000 -1000 -10 1
188 178 Car -1 -1 -1 464.29 163.93 586.81 225.17 -1 -1 -1 -1000 -1000 -1000 -10 1
189 178 Car -1 -1 -1 475.97 161.32 605.75 222.79 -1 -1 -1 -1000 -1000 -1000 -10 1
190 178 Car -1 -1 -1 489.35 167.41 623.01 231.25 -1 -1 -1 -1000 -1000 -1000 -10 1
191 178 Car -1 -1 -1 505.67 171.07 646.58 238.89 -1 -1 -1 -1000 -1000 -1000 -10 1
192 179 Car -1 -1 -1 479.72 179.60 575.27 225.32 -1 -1 -1 -1000 -1000 -1000 -10 1
192 178 Car -1 -1 -1 525.30 168.18 672.67 241.48 -1 -1 -1 -1000 -1000 -1000 -10 1
193 179 Car -1 -1 -1 494.21 176.86 593.25 222.98 -1 -1 -1 -1000 -1000 -1000 -10 1
193 178 Car -1 -1 -1 549.57 165.40 704.64 243.53 -1 -1 -1 -1000 -1000 -1000 -10 1
194 178 Car -1 -1 -1 563.50 168.66 736.68 254.09 -1 -1 -1 -1000 -1000 -1000 -10 1
195 178 Car -1 -1 -1 588.53 174.65 773.47 267.28 -1 -1 -1 -1000 -1000 -1000 -10 1
196 178 Car -1 -1 -1 621.98 174.06 818.43 273.64 -1 -1 -1 -1000 -1000 -1000 -10 1
197 178 Car -1 -1 -1 649.97 175.43 864.92 283.36 -1 -1 -1 -1000 -1000 -1000 -10 1
198 180 Car -1 -1 -1 610.02 188.17 743.93 253.55 -1 -1 -1 -1000 -1000 -1000 -10 1
198 178 Car -1 -1 -1 685.86 172.98 931.65 299.05 -1 -1 -1 -1000 -1000 -1000 -10 1
199 180 Car -1 -1 -1 635.43 191.48 779.78 262.36 -1 -1 -1 -1000 -1000 -1000 -10 1
199 178 Car -1 -1 -1 735.24 170.00 1013.53 318.22 -1 -1 -1 -1000 -1000 -1000 -10 1
200 180 Car -1 -1 -1 661.56 189.92 827.10 272.69 -1 -1 -1 -1000 -1000 -1000 -10 1
200 178 Car -1 -1 -1 791.69 161.09 1121.81 339.84 -1 -1 -1 -1000 -1000 -1000 -10 1
201 180 Car -1 -1 -1 682.62 186.12 863.30 275.92 -1 -1 -1 -1000 -1000 -1000 -10 1
201 178 Car -1 -1 -1 822.25 146.54 1195.08 347.58 -1 -1 -1 -1000 -1000 -1000 -10 1
202 180 Car -1 -1 -1 708.11 180.26 910.74 285.77 -1 -1 -1 -1000 -1000 -1000 -10 1
203 180 Car -1 -1 -1 735.38 178.88 958.66 293.74 -1 -1 -1 -1000 -1000 -1000 -10 1
204 180 Car -1 -1 -1 765.16 175.29 1045.26 322.92 -1 -1 -1 -1000 -1000 -1000 -10 1
205 180 Car -1 -1 -1 805.12 179.95 1150.22 356.15 -1 -1 -1 -1000 -1000 -1000 -10 1
206 180 Car -1 -1 -1 828.78 165.89 1214.40 366.38 -1 -1 -1 -1000 -1000 -1000 -10 1
207 180 Car -1 -1 -1 866.86 163.37 1259.00 372.87 -1 -1 -1 -1000 -1000 -1000 -10 1
208 180 Car -1 -1 -1 924.15 168.76 1283.81 378.33 -1 -1 -1 -1000 -1000 -1000 -10 1
227 185 Car -1 -1 -1 288.72 192.03 406.73 265.25 -1 -1 -1 -1000 -1000 -1000 -10 1
228 187 Car -1 -1 -1 529.77 184.02 586.36 223.89 -1 -1 -1 -1000 -1000 -1000 -10 1
229 187 Car -1 -1 -1 545.60 185.73 604.91 227.50 -1 -1 -1 -1000 -1000 -1000 -10 1
230 187 Car -1 -1 -1 562.39 187.15 624.48 229.79 -1 -1 -1 -1000 -1000 -1000 -10 1
231 187 Car -1 -1 -1 576.39 184.72 641.68 230.09 -1 -1 -1 -1000 -1000 -1000 -10 1
231 185 Car -1 -1 -1 109.13 202.04 370.11 349.14 -1 -1 -1 -1000 -1000 -1000 -10 1
232 187 Car -1 -1 -1 583.99 186.57 656.76 235.24 -1 -1 -1 -1000 -1000 -1000 -10 1
232 185 Car -1 -1 -1 39.53 202.09 347.36 369.22 -1 -1 -1 -1000 -1000 -1000 -10 1
233 187 Car -1 -1 -1 589.57 191.29 669.01 242.98 -1 -1 -1 -1000 -1000 -1000 -10 1
233 185 Car -1 -1 -1 0.65 204.19 332.80 379.41 -1 -1 -1 -1000 -1000 -1000 -10 1
234 187 Car -1 -1 -1 592.33 188.00 679.85 243.04 -1 -1 -1 -1000 -1000 -1000 -10 1
234 185 Car -1 -1 -1 -24.99 202.11 302.35 382.26 -1 -1 -1 -1000 -1000 -1000 -10 1
235 187 Car -1 -1 -1 595.42 185.17 689.55 245.37 -1 -1 -1 -1000 -1000 -1000 -10 1
235 185 Car -1 -1 -1 -47.13 201.83 237.21 381.94 -1 -1 -1 -1000 -1000 -1000 -10 1
236 187 Car -1 -1 -1 601.25 186.67 702.03 253.10 -1 -1 -1 -1000 -1000 -1000 -10 1
237 187 Car -1 -1 -1 609.84 190.65 721.77 261.74 -1 -1 -1 -1000 -1000 -1000 -10 1
238 187 Car -1 -1 -1 621.69 187.71 745.55 265.85 -1 -1 -1 -1000 -1000 -1000 -10 1
239 187 Car -1 -1 -1 640.96 189.60 774.28 273.63 -1 -1 -1 -1000 -1000 -1000 -10 1
240 187 Car -1 -1 -1 658.64 194.62 817.24 293.65 -1 -1 -1 -1000 -1000 -1000 -10 1
241 190 Car -1 -1 -1 381.89 188.76 462.13 251.00 -1 -1 -1 -1000 -1000 -1000 -10 1
241 187 Car -1 -1 -1 685.54 196.50 874.95 315.40 -1 -1 -1 -1000 -1000 -1000 -10 1
242 190 Car -1 -1 -1 363.97 184.13 464.54 260.58 -1 -1 -1 -1000 -1000 -1000 -10 1
242 187 Car -1 -1 -1 722.20 200.52 950.18 340.24 -1 -1 -1 -1000 -1000 -1000 -10 1
243 190 Car -1 -1 -1 359.40 183.07 473.00 267.38 -1 -1 -1 -1000 -1000 -1000 -10 1
243 187 Car -1 -1 -1 772.36 200.36 1057.11 361.13 -1 -1 -1 -1000 -1000 -1000 -10 1
244 190 Car -1 -1 -1 339.70 188.51 470.26 280.31 -1 -1 -1 -1000 -1000 -1000 -10 1
244 187 Car -1 -1 -1 826.92 198.92 1159.97 370.98 -1 -1 -1 -1000 -1000 -1000 -10 1
245 190 Car -1 -1 -1 317.09 196.73 468.50 303.34 -1 -1 -1 -1000 -1000 -1000 -10 1
245 187 Car -1 -1 -1 873.19 208.31 1221.30 376.72 -1 -1 -1 -1000 -1000 -1000 -10 1
246 190 Car -1 -1 -1 291.10 200.75 467.57 326.66 -1 -1 -1 -1000 -1000 -1000 -10 1
247 190 Car -1 -1 -1 241.39 203.27 455.66 354.23 -1 -1 -1 -1000 -1000 -1000 -10 1
248 190 Car -1 -1 -1 133.98 199.84 413.42 371.93 -1 -1 -1 -1000 -1000 -1000 -10 1
249 190 Car -1 -1 -1 50.54 198.61 385.18 380.00 -1 -1 -1 -1000 -1000 -1000 -10 1
250 190 Car -1 -1 -1 2.98 198.50 355.27 383.28 -1 -1 -1 -1000 -1000 -1000 -10 1
251 190 Car -1 -1 -1 -36.53 205.31 284.72 384.20 -1 -1 -1 -1000 -1000 -1000 -10 1
260 194 Car -1 -1 -1 -22.59 190.50 383.30 382.46 -1 -1 -1 -1000 -1000 -1000 -10 1
261 194 Car -1 -1 -1 -38.02 200.46 336.63 377.42 -1 -1 -1 -1000 -1000 -1000 -10 1
271 195 Car -1 -1 -1 -21.41 221.84 268.45 373.85 -1 -1 -1 -1000 -1000 -1000 -10 1
276 196 Car -1 -1 -1 382.62 191.54 499.39 265.46 -1 -1 -1 -1000 -1000 -1000 -10 1
277 196 Car -1 -1 -1 335.17 191.29 483.04 280.43 -1 -1 -1 -1000 -1000 -1000 -10 1
278 196 Car -1 -1 -1 279.92 198.38 459.15 308.18 -1 -1 -1 -1000 -1000 -1000 -10 1
279 196 Car -1 -1 -1 207.95 203.90 429.68 334.99 -1 -1 -1 -1000 -1000 -1000 -10 1
280 196 Car -1 -1 -1 114.16 206.87 392.44 364.42 -1 -1 -1 -1000 -1000 -1000 -10 1
281 196 Car -1 -1 -1 25.17 206.19 345.51 377.84 -1 -1 -1 -1000 -1000 -1000 -10 1
282 196 Car -1 -1 -1 -16.23 210.82 304.21 383.18 -1 -1 -1 -1000 -1000 -1000 -10 1
283 198 Car -1 -1 -1 607.13 180.06 645.45 205.88 -1 -1 -1 -1000 -1000 -1000 -10 1
283 196 Car -1 -1 -1 -41.86 216.85 255.48 386.10 -1 -1 -1 -1000 -1000 -1000 -10 1
284 198 Car -1 -1 -1 598.97 180.61 637.47 206.98 -1 -1 -1 -1000 -1000 -1000 -10 1
285 201 Car -1 -1 -1 409.80 181.15 516.35 259.09 -1 -1 -1 -1000 -1000 -1000 -10 1
285 198 Car -1 -1 -1 590.28 178.71 631.31 206.60 -1 -1 -1 -1000 -1000 -1000 -10 1
286 201 Car -1 -1 -1 387.30 182.72 506.78 263.26 -1 -1 -1 -1000 -1000 -1000 -10 1
286 199 Car -1 -1 -1 512.65 182.17 577.99 224.23 -1 -1 -1 -1000 -1000 -1000 -10 1
286 198 Car -1 -1 -1 583.10 176.70 624.88 206.24 -1 -1 -1 -1000 -1000 -1000 -10 1
287 201 Car -1 -1 -1 356.33 185.30 488.57 272.45 -1 -1 -1 -1000 -1000 -1000 -10 1
287 199 Car -1 -1 -1 498.02 183.86 568.63 229.70 -1 -1 -1 -1000 -1000 -1000 -10 1
287 198 Car -1 -1 -1 575.03 179.51 619.12 210.84 -1 -1 -1 -1000 -1000 -1000 -10 1
288 201 Car -1 -1 -1 316.42 192.58 465.45 287.69 -1 -1 -1 -1000 -1000 -1000 -10 1
288 199 Car -1 -1 -1 482.47 185.83 557.22 235.60 -1 -1 -1 -1000 -1000 -1000 -10 1
288 198 Car -1 -1 -1 570.37 181.67 615.02 213.50 -1 -1 -1 -1000 -1000 -1000 -10 1
289 201 Car -1 -1 -1 258.67 197.04 440.68 311.58 -1 -1 -1 -1000 -1000 -1000 -10 1
289 199 Car -1 -1 -1 463.39 195.12 543.98 249.30 -1 -1 -1 -1000 -1000 -1000 -10 1
289 198 Car -1 -1 -1 558.72 189.07 605.23 222.69 -1 -1 -1 -1000 -1000 -1000 -10 1
290 201 Car -1 -1 -1 173.51 202.45 396.17 336.04 -1 -1 -1 -1000 -1000 -1000 -10 1
290 199 Car -1 -1 -1 440.89 197.44 530.90 254.17 -1 -1 -1 -1000 -1000 -1000 -10 1
290 198 Car -1 -1 -1 543.81 189.87 593.19 224.31 -1 -1 -1 -1000 -1000 -1000 -10 1
291 201 Car -1 -1 -1 62.83 205.72 342.92 362.94 -1 -1 -1 -1000 -1000 -1000 -10 1
291 199 Car -1 -1 -1 416.90 197.17 516.58 259.14 -1 -1 -1 -1000 -1000 -1000 -10 1
291 198 Car -1 -1 -1 530.92 189.12 583.48 224.92 -1 -1 -1 -1000 -1000 -1000 -10 1
292 201 Car -1 -1 -1 4.49 206.20 307.52 374.14 -1 -1 -1 -1000 -1000 -1000 -10 1
292 199 Car -1 -1 -1 389.64 197.56 500.34 265.88 -1 -1 -1 -1000 -1000 -1000 -10 1
292 198 Car -1 -1 -1 517.25 189.33 573.84 226.95 -1 -1 -1 -1000 -1000 -1000 -10 1
293 201 Car -1 -1 -1 -30.88 207.84 256.11 378.50 -1 -1 -1 -1000 -1000 -1000 -10 1
293 199 Car -1 -1 -1 354.47 199.48 481.57 277.27 -1 -1 -1 -1000 -1000 -1000 -10 1
293 198 Car -1 -1 -1 508.76 188.81 568.05 227.81 -1 -1 -1 -1000 -1000 -1000 -10 1
294 199 Car -1 -1 -1 316.92 206.34 456.05 292.39 -1 -1 -1 -1000 -1000 -1000 -10 1
294 198 Car -1 -1 -1 506.09 187.51 567.15 227.96 -1 -1 -1 -1000 -1000 -1000 -10 1
295 199 Car -1 -1 -1 260.21 210.78 425.23 311.83 -1 -1 -1 -1000 -1000 -1000 -10 1
295 198 Car -1 -1 -1 482.88 188.48 549.70 232.59 -1 -1 -1 -1000 -1000 -1000 -10 1
296 199 Car -1 -1 -1 182.41 214.03 387.04 341.03 -1 -1 -1 -1000 -1000 -1000 -10 1
296 198 Car -1 -1 -1 468.68 191.54 540.92 238.50 -1 -1 -1 -1000 -1000 -1000 -10 1
297 202 Car -1 -1 -1 564.74 182.41 600.45 209.26 -1 -1 -1 -1000 -1000 -1000 -10 1
297 199 Car -1 -1 -1 74.99 215.81 334.66 361.98 -1 -1 -1 -1000 -1000 -1000 -10 1
297 198 Car -1 -1 -1 449.63 194.26 533.09 245.22 -1 -1 -1 -1000 -1000 -1000 -10 1
298 202 Car -1 -1 -1 557.02 179.32 593.99 207.47 -1 -1 -1 -1000 -1000 -1000 -10 1
298 199 Car -1 -1 -1 19.54 217.70 291.74 371.05 -1 -1 -1 -1000 -1000 -1000 -10 1
298 198 Car -1 -1 -1 424.65 194.95 517.81 249.62 -1 -1 -1 -1000 -1000 -1000 -10 1
299 202 Car -1 -1 -1 545.81 178.80 584.44 207.93 -1 -1 -1 -1000 -1000 -1000 -10 1
299 199 Car -1 -1 -1 -15.99 222.99 236.19 376.13 -1 -1 -1 -1000 -1000 -1000 -10 1
299 198 Car -1 -1 -1 396.70 198.43 503.52 258.72 -1 -1 -1 -1000 -1000 -1000 -10 1
300 202 Car -1 -1 -1 534.72 182.09 576.31 213.37 -1 -1 -1 -1000 -1000 -1000 -10 1
300 198 Car -1 -1 -1 368.46 203.71 486.29 268.99 -1 -1 -1 -1000 -1000 -1000 -10 1
301 202 Car -1 -1 -1 530.93 178.35 572.16 209.35 -1 -1 -1 -1000 -1000 -1000 -10 1
301 198 Car -1 -1 -1 335.23 202.69 467.78 276.77 -1 -1 -1 -1000 -1000 -1000 -10 1
302 202 Car -1 -1 -1 524.82 173.99 565.02 205.53 -1 -1 -1 -1000 -1000 -1000 -10 1
302 198 Car -1 -1 -1 297.41 199.08 446.42 282.41 -1 -1 -1 -1000 -1000 -1000 -10 1
303 203 Car -1 -1 -1 375.28 191.22 480.66 258.97 -1 -1 -1 -1000 -1000 -1000 -10 1
303 202 Car -1 -1 -1 518.28 177.09 560.38 210.29 -1 -1 -1 -1000 -1000 -1000 -10 1
303 198 Car -1 -1 -1 243.72 207.48 419.04 304.83 -1 -1 -1 -1000 -1000 -1000 -10 1
304 203 Car -1 -1 -1 349.49 193.79 470.04 270.85 -1 -1 -1 -1000 -1000 -1000 -10 1
304 202 Car -1 -1 -1 513.02 179.30 557.72 214.20 -1 -1 -1 -1000 -1000 -1000 -10 1
304 198 Car -1 -1 -1 181.21 211.69 391.63 326.63 -1 -1 -1 -1000 -1000 -1000 -10 1
305 203 Car -1 -1 -1 329.06 194.24 456.38 273.66 -1 -1 -1 -1000 -1000 -1000 -10 1
305 202 Car -1 -1 -1 507.65 179.42 555.44 216.02 -1 -1 -1 -1000 -1000 -1000 -10 1
305 198 Car -1 -1 -1 91.42 214.95 348.73 351.16 -1 -1 -1 -1000 -1000 -1000 -10 1
306 203 Car -1 -1 -1 285.19 194.36 434.84 285.82 -1 -1 -1 -1000 -1000 -1000 -10 1
306 202 Car -1 -1 -1 502.51 179.04 552.52 217.46 -1 -1 -1 -1000 -1000 -1000 -10 1
306 198 Car -1 -1 -1 31.63 215.11 316.36 363.28 -1 -1 -1 -1000 -1000 -1000 -10 1
307 203 Car -1 -1 -1 238.26 199.90 410.55 303.83 -1 -1 -1 -1000 -1000 -1000 -10 1
307 202 Car -1 -1 -1 498.42 185.73 549.69 225.67 -1 -1 -1 -1000 -1000 -1000 -10 1
307 198 Car -1 -1 -1 -3.57 224.31 286.44 374.56 -1 -1 -1 -1000 -1000 -1000 -10 1
308 203 Car -1 -1 -1 176.79 202.12 392.62 328.83 -1 -1 -1 -1000 -1000 -1000 -10 1
308 202 Car -1 -1 -1 493.31 185.46 545.60 226.40 -1 -1 -1 -1000 -1000 -1000 -10 1
308 198 Car -1 -1 -1 -32.51 210.57 239.56 369.13 -1 -1 -1 -1000 -1000 -1000 -10 1
309 203 Car -1 -1 -1 77.29 207.70 352.16 357.45 -1 -1 -1 -1000 -1000 -1000 -10 1
309 202 Car -1 -1 -1 484.82 182.82 539.30 226.81 -1 -1 -1 -1000 -1000 -1000 -10 1
310 203 Car -1 -1 -1 18.10 209.55 323.25 371.11 -1 -1 -1 -1000 -1000 -1000 -10 1
310 202 Car -1 -1 -1 474.05 179.97 533.16 227.57 -1 -1 -1 -1000 -1000 -1000 -10 1
311 203 Car -1 -1 -1 -12.40 210.91 283.64 374.92 -1 -1 -1 -1000 -1000 -1000 -10 1
311 202 Car -1 -1 -1 463.22 178.91 526.84 229.68 -1 -1 -1 -1000 -1000 -1000 -10 1
312 203 Car -1 -1 -1 -36.08 214.68 232.97 377.81 -1 -1 -1 -1000 -1000 -1000 -10 1
312 202 Car -1 -1 -1 453.30 181.00 515.70 233.51 -1 -1 -1 -1000 -1000 -1000 -10 1
320 206 Car -1 -1 -1 243.25 190.35 425.83 322.66 -1 -1 -1 -1000 -1000 -1000 -10 1
321 206 Car -1 -1 -1 188.03 186.05 403.75 341.32 -1 -1 -1 -1000 -1000 -1000 -10 1
322 206 Car -1 -1 -1 110.81 168.44 385.58 364.50 -1 -1 -1 -1000 -1000 -1000 -10 1
323 206 Car -1 -1 -1 35.07 174.30 347.38 380.60 -1 -1 -1 -1000 -1000 -1000 -10 1
324 206 Car -1 -1 -1 -7.98 172.35 321.76 378.34 -1 -1 -1 -1000 -1000 -1000 -10 1
325 206 Car -1 -1 -1 -25.96 175.01 300.43 381.56 -1 -1 -1 -1000 -1000 -1000 -10 1
326 206 Car -1 -1 -1 -38.37 167.44 275.90 374.46 -1 -1 -1 -1000 -1000 -1000 -10 1
327 206 Car -1 -1 -1 -50.79 161.85 233.01 369.78 -1 -1 -1 -1000 -1000 -1000 -10 1
328 206 Car -1 -1 -1 -59.99 166.67 177.17 371.91 -1 -1 -1 -1000 -1000 -1000 -10 1
