0 3 Car -1 -1 -1 525.54 189.83 729.54 352.61 -1 -1 -1 -1000 -1000 -1000 -10 1
0 2 Car -1 -1 -1 1063.58 152.47 1204.98 192.82 -1 -1 -1 -1000 -1000 -1000 -10 1
0 1 Car -1 -1 -1 400.58 184.69 536.92 267.01 -1 -1 -1 -1000 -1000 -1000 -10 1
1 3 Car -1 -1 -1 531.70 187.78 720.68 341.12 -1 -1 -1 -1000 -1000 -1000 -10 1
1 2 Car -1 -1 -1 1065.56 152.62 1206.87 192.79 -1 -1 -1 -1000 -1000 -1000 -10 1
1 1 Car -1 -1 -1 406.16 182.88 539.77 263.01 -1 -1 -1 -1000 -1000 -1000 -10 1
2 3 Car -1 -1 -1 537.18 191.91 722.43 345.33 -1 -1 -1 -1000 -1000 -1000 -10 1
2 2 Car -1 -1 -1 1066.04 152.79 1208.81 193.33 -1 -1 -1 -1000 -1000 -1000 -10 1
2 1 Car -1 -1 -1 410.28 183.00 540.75 261.85 -1 -1 -1 -1000 -1000 -1000 -10 1
3 3 Car -1 -1 -1 544.42 194.19 708.81 331.20 -1 -1 -1 -1000 -1000 -1000 -10 1
3 2 Car -1 -1 -1 1065.22 153.24 1206.38 193.74 -1 -1 -1 -1000 -1000 -1000 -10 1
3 1 Car -1 -1 -1 419.15 177.72 547.05 258.41 -1 -1 -1 -1000 -1000 -1000 -10 1
4 3 Car -1 -1 -1 552.61 198.02 698.46 320.52 -1 -1 -1 -1000 -1000 -1000 -10 1
4 2 Car -1 -1 -1 1062.52 152.25 1207.60 195.02 -1 -1 -1 -1000 -1000 -1000 -10 1
4 1 Car -1 -1 -1 427.39 175.23 552.14 255.64 -1 -1 -1 -1000 -1000 -1000 -10 1
5 3 Car -1 -1 -1 558.92 199.43 690.44 309.94 -1 -1 -1 -1000 -1000 -1000 -10 1
5 2 Car -1 -1 -1 1063.85 154.58 1211.33 197.94 -1 -1 -1 -1000 -1000 -1000 -10 1
5 1 Car -1 -1 -1 433.75 178.41 552.85 256.06 -1 -1 -1 -1000 -1000 -1000 -10 1
6 3 Car -1 -1 -1 564.35 198.71 685.87 300.37 -1 -1 -1 -1000 -1000 -1000 -10 1
6 2 Car -1 -1 -1 1065.63 156.34 1213.99 198.94 -1 -1 -1 -1000 -1000 -1000 -10 1
6 1 Car -1 -1 -1 439.58 178.88 553.38 253.98 -1 -1 -1 -1000 -1000 -1000 -10 1
7 3 Car -1 -1 -1 568.96 195.66 679.80 290.18 -1 -1 -1 -1000 -1000 -1000 -10 1
7 2 Car -1 -1 -1 1078.32 158.63 1223.99 199.44 -1 -1 -1 -1000 -1000 -1000 -10 1
7 1 Car -1 -1 -1 441.29 182.10 546.04 254.52 -1 -1 -1 -1000 -1000 -1000 -10 1
8 3 Car -1 -1 -1 572.92 196.68 675.43 284.88 -1 -1 -1 -1000 -1000 -1000 -10 1
8 2 Car -1 -1 -1 1085.64 158.91 1231.13 197.86 -1 -1 -1 -1000 -1000 -1000 -10 1
8 1 Car -1 -1 -1 444.37 183.58 542.25 253.36 -1 -1 -1 -1000 -1000 -1000 -10 1
9 3 Car -1 -1 -1 577.66 190.39 671.64 270.25 -1 -1 -1 -1000 -1000 -1000 -10 1
9 2 Car -1 -1 -1 1088.78 161.04 1234.83 199.09 -1 -1 -1 -1000 -1000 -1000 -10 1
9 1 Car -1 -1 -1 446.69 183.48 542.09 252.34 -1 -1 -1 -1000 -1000 -1000 -10 1
10 3 Car -1 -1 -1 580.74 191.24 666.59 265.07 -1 -1 -1 -1000 -1000 -1000 -10 1
10 2 Car -1 -1 -1 1092.87 152.97 1238.56 192.43 -1 -1 -1 -1000 -1000 -1000 -10 1
10 1 Car -1 -1 -1 447.76 184.46 538.97 251.89 -1 -1 -1 -1000 -1000 -1000 -10 1
11 3 Car -1 -1 -1 584.16 193.14 665.02 263.03 -1 -1 -1 -1000 -1000 -1000 -10 1
11 1 Car -1 -1 -1 449.29 184.15 537.56 250.66 -1 -1 -1 -1000 -1000 -1000 -10 1
12 3 Car -1 -1 -1 585.56 194.93 662.13 261.35 -1 -1 -1 -1000 -1000 -1000 -10 1
12 1 Car -1 -1 -1 445.78 184.27 540.09 253.21 -1 -1 -1 -1000 -1000 -1000 -10 1
13 3 Car -1 -1 -1 586.07 195.54 661.65 261.94 -1 -1 -1 -1000 -1000 -1000 -10 1
13 1 Car -1 -1 -1 444.00 185.10 535.33 254.51 -1 -1 -1 -1000 -1000 -1000 -10 1
14 8 Car -1 -1 -1 340.05 191.11 417.04 225.00 -1 -1 -1 -1000 -1000 -1000 -10 1
14 3 Car -1 -1 -1 588.02 195.91 662.68 261.35 -1 -1 -1 -1000 -1000 -1000 -10 1
14 2 Car -1 -1 -1 1123.14 149.48 1255.33 197.31 -1 -1 -1 -1000 -1000 -1000 -10 1
14 1 Car -1 -1 -1 442.88 188.01 526.67 254.37 -1 -1 -1 -1000 -1000 -1000 -10 1
15 8 Car -1 -1 -1 313.24 192.32 392.43 227.81 -1 -1 -1 -1000 -1000 -1000 -10 1
15 3 Car -1 -1 -1 587.62 192.97 664.13 257.73 -1 -1 -1 -1000 -1000 -1000 -10 1
15 2 Car -1 -1 -1 1137.67 147.68 1255.47 194.24 -1 -1 -1 -1000 -1000 -1000 -10 1
16 10 Car -1 -1 -1 419.61 180.69 519.55 259.68 -1 -1 -1 -1000 -1000 -1000 -10 1
16 8 Car -1 -1 -1 267.96 193.73 364.71 236.83 -1 -1 -1 -1000 -1000 -1000 -10 1
16 3 Car -1 -1 -1 588.98 189.31 660.82 249.71 -1 -1 -1 -1000 -1000 -1000 -10 1
17 10 Car -1 -1 -1 409.09 179.38 514.20 263.22 -1 -1 -1 -1000 -1000 -1000 -10 1
17 8 Car -1 -1 -1 218.31 195.04 331.90 245.81 -1 -1 -1 -1000 -1000 -1000 -10 1
17 3 Car -1 -1 -1 588.32 188.00 659.29 247.44 -1 -1 -1 -1000 -1000 -1000 -10 1
18 10 Car -1 -1 -1 398.53 179.16 508.98 267.58 -1 -1 -1 -1000 -1000 -1000 -10 1
18 8 Car -1 -1 -1 149.29 196.79 292.73 261.50 -1 -1 -1 -1000 -1000 -1000 -10 1
18 3 Car -1 -1 -1 588.93 189.39 664.48 251.06 -1 -1 -1 -1000 -1000 -1000 -10 1
18 1 Car -1 -1 -1 401.24 184.05 509.87 262.32 -1 -1 -1 -1000 -1000 -1000 -10 1
19 10 Car -1 -1 -1 379.97 182.03 502.17 274.18 -1 -1 -1 -1000 -1000 -1000 -10 1
19 8 Car -1 -1 -1 55.09 201.92 234.40 282.15 -1 -1 -1 -1000 -1000 -1000 -10 1
19 3 Car -1 -1 -1 596.54 191.55 668.90 251.57 -1 -1 -1 -1000 -1000 -1000 -10 1
20 10 Car -1 -1 -1 365.64 184.64 491.83 276.70 -1 -1 -1 -1000 -1000 -1000 -10 1
20 8 Car -1 -1 -1 -5.67 211.08 177.00 303.16 -1 -1 -1 -1000 -1000 -1000 -10 1
20 3 Car -1 -1 -1 601.43 192.41 674.46 252.81 -1 -1 -1 -1000 -1000 -1000 -10 1
21 10 Car -1 -1 -1 347.99 186.25 481.54 281.30 -1 -1 -1 -1000 -1000 -1000 -10 1
21 3 Car -1 -1 -1 607.21 193.38 686.51 256.66 -1 -1 -1 -1000 -1000 -1000 -10 1
22 12 Car -1 -1 -1 192.22 200.01 325.89 258.45 -1 -1 -1 -1000 -1000 -1000 -10 1
22 10 Car -1 -1 -1 318.45 191.39 463.98 293.83 -1 -1 -1 -1000 -1000 -1000 -10 1
22 3 Car -1 -1 -1 616.64 193.88 701.03 258.14 -1 -1 -1 -1000 -1000 -1000 -10 1
23 12 Car -1 -1 -1 98.85 202.60 264.62 274.38 -1 -1 -1 -1000 -1000 -1000 -10 1
23 10 Car -1 -1 -1 281.58 194.80 446.74 311.34 -1 -1 -1 -1000 -1000 -1000 -10 1
23 3 Car -1 -1 -1 628.05 193.40 718.89 259.99 -1 -1 -1 -1000 -1000 -1000 -10 1
24 12 Car -1 -1 -1 3.23 208.19 192.62 297.12 -1 -1 -1 -1000 -1000 -1000 -10 1
24 10 Car -1 -1 -1 229.39 196.28 422.76 331.37 -1 -1 -1 -1000 -1000 -1000 -10 1
24 3 Car -1 -1 -1 643.91 191.49 742.53 260.89 -1 -1 -1 -1000 -1000 -1000 -10 1
25 10 Car -1 -1 -1 155.10 198.93 384.22 355.73 -1 -1 -1 -1000 -1000 -1000 -10 1
25 3 Car -1 -1 -1 665.11 191.63 772.39 263.51 -1 -1 -1 -1000 -1000 -1000 -10 1
26 10 Car -1 -1 -1 66.79 192.85 340.44 366.62 -1 -1 -1 -1000 -1000 -1000 -10 1
26 3 Car -1 -1 -1 699.00 191.72 813.40 266.46 -1 -1 -1 -1000 -1000 -1000 -10 1
27 15 Car -1 -1 -1 427.82 191.95 486.46 222.45 -1 -1 -1 -1000 -1000 -1000 -10 1
27 10 Car -1 -1 -1 18.44 189.17 305.15 371.32 -1 -1 -1 -1000 -1000 -1000 -10 1
27 3 Car -1 -1 -1 739.07 192.87 862.93 269.24 -1 -1 -1 -1000 -1000 -1000 -10 1
28 16 Car -1 -1 -1 627.03 184.93 674.58 218.32 -1 -1 -1 -1000 -1000 -1000 -10 1
28 15 Car -1 -1 -1 407.03 191.87 468.26 223.80 -1 -1 -1 -1000 -1000 -1000 -10 1
28 10 Car -1 -1 -1 -16.23 190.80 257.64 374.68 -1 -1 -1 -1000 -1000 -1000 -10 1
28 3 Car -1 -1 -1 789.75 192.13 918.68 269.86 -1 -1 -1 -1000 -1000 -1000 -10 1
29 16 Car -1 -1 -1 630.71 184.62 680.05 217.47 -1 -1 -1 -1000 -1000 -1000 -10 1
29 15 Car -1 -1 -1 376.20 191.57 445.46 227.84 -1 -1 -1 -1000 -1000 -1000 -10 1
29 10 Car -1 -1 -1 -47.14 196.23 179.06 378.07 -1 -1 -1 -1000 -1000 -1000 -10 1
30 18 Car -1 -1 -1 706.99 182.33 763.49 215.49 -1 -1 -1 -1000 -1000 -1000 -10 1
30 16 Car -1 -1 -1 633.94 183.21 685.47 216.42 -1 -1 -1 -1000 -1000 -1000 -10 1
30 15 Car -1 -1 -1 339.36 188.93 420.32 231.09 -1 -1 -1 -1000 -1000 -1000 -10 1
31 19 Car -1 -1 -1 428.96 189.18 489.61 222.76 -1 -1 -1 -1000 -1000 -1000 -10 1
31 18 Car -1 -1 -1 710.29 181.47 767.94 216.42 -1 -1 -1 -1000 -1000 -1000 -10 1
31 16 Car -1 -1 -1 639.38 181.39 689.70 215.65 -1 -1 -1 -1000 -1000 -1000 -10 1
31 15 Car -1 -1 -1 292.27 192.22 386.68 240.29 -1 -1 -1 -1000 -1000 -1000 -10 1
32 19 Car -1 -1 -1 406.59 190.29 479.39 228.74 -1 -1 -1 -1000 -1000 -1000 -10 1
32 18 Car -1 -1 -1 713.18 181.27 775.97 220.00 -1 -1 -1 -1000 -1000 -1000 -10 1
32 16 Car -1 -1 -1 641.77 182.21 694.88 216.62 -1 -1 -1 -1000 -1000 -1000 -10 1
32 15 Car -1 -1 -1 226.75 188.94 344.00 247.62 -1 -1 -1 -1000 -1000 -1000 -10 1
33 19 Car -1 -1 -1 376.81 191.78 458.67 232.50 -1 -1 -1 -1000 -1000 -1000 -10 1
33 18 Car -1 -1 -1 716.86 181.37 781.51 221.51 -1 -1 -1 -1000 -1000 -1000 -10 1
33 16 Car -1 -1 -1 643.71 181.89 698.39 218.20 -1 -1 -1 -1000 -1000 -1000 -10 1
33 15 Car -1 -1 -1 143.42 189.93 284.22 258.81 -1 -1 -1 -1000 -1000 -1000 -10 1
34 19 Car -1 -1 -1 337.53 190.09 432.36 237.11 -1 -1 -1 -1000 -1000 -1000 -10 1
34 18 Car -1 -1 -1 719.42 180.50 784.46 221.41 -1 -1 -1 -1000 -1000 -1000 -10 1
34 16 Car -1 -1 -1 645.39 179.95 700.16 217.27 -1 -1 -1 -1000 -1000 -1000 -10 1
34 15 Car -1 -1 -1 45.53 196.03 207.58 272.32 -1 -1 -1 -1000 -1000 -1000 -10 1
35 19 Car -1 -1 -1 290.77 190.18 399.67 243.99 -1 -1 -1 -1000 -1000 -1000 -10 1
35 16 Car -1 -1 -1 648.77 180.90 702.31 218.19 -1 -1 -1 -1000 -1000 -1000 -10 1
36 23 Car -1 -1 -1 433.02 181.74 499.65 222.63 -1 -1 -1 -1000 -1000 -1000 -10 1
36 19 Car -1 -1 -1 224.79 181.40 359.49 247.97 -1 -1 -1 -1000 -1000 -1000 -10 1
36 16 Car -1 -1 -1 652.37 182.26 705.26 219.11 -1 -1 -1 -1000 -1000 -1000 -10 1
37 23 Car -1 -1 -1 405.29 183.82 478.40 231.97 -1 -1 -1 -1000 -1000 -1000 -10 1
37 19 Car -1 -1 -1 128.10 183.80 294.48 254.70 -1 -1 -1 -1000 -1000 -1000 -10 1
37 16 Car -1 -1 -1 654.54 179.86 705.67 216.23 -1 -1 -1 -1000 -1000 -1000 -10 1
38 23 Car -1 -1 -1 377.65 182.82 454.76 240.39 -1 -1 -1 -1000 -1000 -1000 -10 1
38 19 Car -1 -1 -1 37.44 189.28 221.13 267.68 -1 -1 -1 -1000 -1000 -1000 -10 1
38 18 Car -1 -1 -1 746.84 178.27 822.53 227.10 -1 -1 -1 -1000 -1000 -1000 -10 1
38 16 Car -1 -1 -1 658.07 177.75 708.34 214.08 -1 -1 -1 -1000 -1000 -1000 -10 1
39 18 Car -1 -1 -1 751.61 176.13 835.34 229.73 -1 -1 -1 -1000 -1000 -1000 -10 1
39 16 Car -1 -1 -1 660.84 174.41 709.69 210.94 -1 -1 -1 -1000 -1000 -1000 -10 1
40 18 Car -1 -1 -1 763.33 175.61 856.89 234.60 -1 -1 -1 -1000 -1000 -1000 -10 1
40 16 Car -1 -1 -1 663.96 176.95 710.79 212.98 -1 -1 -1 -1000 -1000 -1000 -10 1
41 18 Car -1 -1 -1 774.80 178.98 879.50 244.00 -1 -1 -1 -1000 -1000 -1000 -10 1
41 16 Car -1 -1 -1 665.33 180.20 710.64 215.45 -1 -1 -1 -1000 -1000 -1000 -10 1
42 29 Car -1 -1 -1 742.36 183.47 832.54 236.09 -1 -1 -1 -1000 -1000 -1000 -10 1
42 18 Car -1 -1 -1 790.97 180.75 909.76 254.36 -1 -1 -1 -1000 -1000 -1000 -10 1
42 16 Car -1 -1 -1 664.56 181.13 709.02 215.80 -1 -1 -1 -1000 -1000 -1000 -10 1
43 29 Car -1 -1 -1 737.41 181.37 826.60 234.93 -1 -1 -1 -1000 -1000 -1000 -10 1
43 18 Car -1 -1 -1 808.26 174.65 948.69 263.51 -1 -1 -1 -1000 -1000 -1000 -10 1
43 16 Car -1 -1 -1 663.64 177.74 707.71 210.63 -1 -1 -1 -1000 -1000 -1000 -10 1
44 29 Car -1 -1 -1 730.41 182.32 816.23 235.12 -1 -1 -1 -1000 -1000 -1000 -10 1
44 18 Car -1 -1 -1 834.79 174.73 1004.91 280.52 -1 -1 -1 -1000 -1000 -1000 -10 1
44 16 Car -1 -1 -1 657.43 176.84 700.22 208.20 -1 -1 -1 -1000 -1000 -1000 -10 1
45 29 Car -1 -1 -1 727.29 180.77 812.67 235.53 -1 -1 -1 -1000 -1000 -1000 -10 1
45 18 Car -1 -1 -1 873.48 171.97 1090.00 303.67 -1 -1 -1 -1000 -1000 -1000 -10 1
45 16 Car -1 -1 -1 652.17 177.05 692.72 206.88 -1 -1 -1 -1000 -1000 -1000 -10 1
46 29 Car -1 -1 -1 721.78 181.88 815.05 241.70 -1 -1 -1 -1000 -1000 -1000 -10 1
46 18 Car -1 -1 -1 920.23 183.75 1184.68 342.05 -1 -1 -1 -1000 -1000 -1000 -10 1
46 16 Car -1 -1 -1 642.55 179.19 681.82 207.69 -1 -1 -1 -1000 -1000 -1000 -10 1
47 36 Car -1 -1 -1 787.98 186.21 997.53 305.42 -1 -1 -1 -1000 -1000 -1000 -10 1
47 29 Car -1 -1 -1 719.42 182.06 829.91 251.14 -1 -1 -1 -1000 -1000 -1000 -10 1
47 18 Car -1 -1 -1 963.70 185.47 1230.69 357.25 -1 -1 -1 -1000 -1000 -1000 -10 1
47 16 Car -1 -1 -1 632.64 180.10 670.98 208.86 -1 -1 -1 -1000 -1000 -1000 -10 1
48 37 Car -1 -1 -1 681.21 184.44 735.60 224.09 -1 -1 -1 -1000 -1000 -1000 -10 1
48 36 Car -1 -1 -1 813.49 194.86 1091.18 347.77 -1 -1 -1 -1000 -1000 -1000 -10 1
48 29 Car -1 -1 -1 719.24 188.23 842.77 262.61 -1 -1 -1 -1000 -1000 -1000 -10 1
48 18 Car -1 -1 -1 1053.73 196.73 1278.65 369.52 -1 -1 -1 -1000 -1000 -1000 -10 1
48 16 Car -1 -1 -1 621.70 181.21 659.60 209.36 -1 -1 -1 -1000 -1000 -1000 -10 1
49 37 Car -1 -1 -1 674.39 181.00 736.51 225.14 -1 -1 -1 -1000 -1000 -1000 -10 1
49 36 Car -1 -1 -1 862.39 193.10 1201.19 371.80 -1 -1 -1 -1000 -1000 -1000 -10 1
49 29 Car -1 -1 -1 731.50 192.15 866.65 272.96 -1 -1 -1 -1000 -1000 -1000 -10 1
49 16 Car -1 -1 -1 611.29 179.70 648.83 207.11 -1 -1 -1 -1000 -1000 -1000 -10 1
50 37 Car -1 -1 -1 675.35 179.93 747.87 228.72 -1 -1 -1 -1000 -1000 -1000 -10 1
50 36 Car -1 -1 -1 914.17 190.71 1261.84 380.20 -1 -1 -1 -1000 -1000 -1000 -10 1
50 29 Car -1 -1 -1 750.77 192.29 919.89 290.47 -1 -1 -1 -1000 -1000 -1000 -10 1
50 16 Car -1 -1 -1 604.23 178.91 641.35 206.33 -1 -1 -1 -1000 -1000 -1000 -10 1
51 37 Car -1 -1 -1 674.21 177.05 761.99 234.04 -1 -1 -1 -1000 -1000 -1000 -10 1
51 29 Car -1 -1 -1 776.73 194.26 1013.17 326.82 -1 -1 -1 -1000 -1000 -1000 -10 1
51 16 Car -1 -1 -1 598.67 178.78 635.35 205.45 -1 -1 -1 -1000 -1000 -1000 -10 1
52 37 Car -1 -1 -1 679.32 176.71 777.29 240.19 -1 -1 -1 -1000 -1000 -1000 -10 1
52 29 Car -1 -1 -1 831.45 192.65 1143.58 355.83 -1 -1 -1 -1000 -1000 -1000 -10 1
52 16 Car -1 -1 -1 592.48 178.64 629.07 205.11 -1 -1 -1 -1000 -1000 -1000 -10 1
53 37 Car -1 -1 -1 687.36 176.17 798.38 248.58 -1 -1 -1 -1000 -1000 -1000 -10 1
53 29 Car -1 -1 -1 874.02 193.13 1204.98 367.09 -1 -1 -1 -1000 -1000 -1000 -10 1
53 16 Car -1 -1 -1 586.24 178.37 623.28 204.26 -1 -1 -1 -1000 -1000 -1000 -10 1
54 37 Car -1 -1 -1 693.05 175.37 823.06 257.43 -1 -1 -1 -1000 -1000 -1000 -10 1
54 16 Car -1 -1 -1 579.85 177.85 617.83 202.93 -1 -1 -1 -1000 -1000 -1000 -10 1
55 45 Car -1 -1 -1 635.92 178.72 681.24 208.57 -1 -1 -1 -1000 -1000 -1000 -10 1
55 44 Car -1 -1 -1 664.48 179.43 771.33 247.31 -1 -1 -1 -1000 -1000 -1000 -10 1
55 37 Car -1 -1 -1 713.73 182.01 866.50 276.44 -1 -1 -1 -1000 -1000 -1000 -10 1
55 16 Car -1 -1 -1 577.35 181.33 614.42 207.33 -1 -1 -1 -1000 -1000 -1000 -10 1
56 45 Car -1 -1 -1 631.61 180.45 685.34 213.77 -1 -1 -1 -1000 -1000 -1000 -10 1
56 44 Car -1 -1 -1 671.51 182.34 798.36 260.14 -1 -1 -1 -1000 -1000 -1000 -10 1
56 37 Car -1 -1 -1 738.50 187.05 929.09 302.71 -1 -1 -1 -1000 -1000 -1000 -10 1
56 16 Car -1 -1 -1 574.70 183.40 611.78 209.62 -1 -1 -1 -1000 -1000 -1000 -10 1
57 45 Car -1 -1 -1 635.28 183.12 692.23 218.50 -1 -1 -1 -1000 -1000 -1000 -10 1
57 44 Car -1 -1 -1 686.47 184.95 827.11 270.01 -1 -1 -1 -1000 -1000 -1000 -10 1
57 37 Car -1 -1 -1 772.79 181.65 1050.07 343.19 -1 -1 -1 -1000 -1000 -1000 -10 1
57 16 Car -1 -1 -1 572.12 182.68 608.65 209.72 -1 -1 -1 -1000 -1000 -1000 -10 1
58 50 Car -1 -1 -1 466.74 185.44 519.38 212.72 -1 -1 -1 -1000 -1000 -1000 -10 1
58 45 Car -1 -1 -1 634.67 181.19 687.35 215.18 -1 -1 -1 -1000 -1000 -1000 -10 1
58 44 Car -1 -1 -1 708.20 188.56 877.28 292.84 -1 -1 -1 -1000 -1000 -1000 -10 1
58 37 Car -1 -1 -1 828.29 183.72 1165.21 364.75 -1 -1 -1 -1000 -1000 -1000 -10 1
58 16 Car -1 -1 -1 572.81 182.59 608.98 210.57 -1 -1 -1 -1000 -1000 -1000 -10 1
59 50 Car -1 -1 -1 471.20 184.24 524.47 212.43 -1 -1 -1 -1000 -1000 -1000 -10 1
59 45 Car -1 -1 -1 633.64 177.75 683.56 211.76 -1 -1 -1 -1000 -1000 -1000 -10 1
59 44 Car -1 -1 -1 742.31 191.44 976.97 336.92 -1 -1 -1 -1000 -1000 -1000 -10 1
59 37 Car -1 -1 -1 893.82 187.27 1231.51 374.38 -1 -1 -1 -1000 -1000 -1000 -10 1
59 16 Car -1 -1 -1 576.70 181.00 612.91 209.99 -1 -1 -1 -1000 -1000 -1000 -10 1
60 52 Car -1 -1 -1 680.84 182.90 796.05 254.97 -1 -1 -1 -1000 -1000 -1000 -10 1
60 51 Car -1 -1 -1 394.93 186.44 491.83 228.81 -1 -1 -1 -1000 -1000 -1000 -10 1
60 50 Car -1 -1 -1 469.62 186.56 524.95 216.21 -1 -1 -1 -1000 -1000 -1000 -10 1
60 45 Car -1 -1 -1 637.58 178.80 683.81 211.36 -1 -1 -1 -1000 -1000 -1000 -10 1
60 37 Car -1 -1 -1 843.44 189.68 1230.65 380.11 -1 -1 -1 -1000 -1000 -1000 -10 1
60 16 Car -1 -1 -1 582.93 182.05 619.72 210.62 -1 -1 -1 -1000 -1000 -1000 -10 1
61 52 Car -1 -1 -1 705.17 180.07 840.83 263.56 -1 -1 -1 -1000 -1000 -1000 -10 1
61 51 Car -1 -1 -1 383.85 187.64 485.36 229.18 -1 -1 -1 -1000 -1000 -1000 -10 1
61 50 Car -1 -1 -1 478.97 184.26 531.74 213.59 -1 -1 -1 -1000 -1000 -1000 -10 1
61 37 Car -1 -1 -1 854.88 190.55 1248.38 381.63 -1 -1 -1 -1000 -1000 -1000 -10 1
61 16 Car -1 -1 -1 587.75 180.34 623.39 208.99 -1 -1 -1 -1000 -1000 -1000 -10 1
62 52 Car -1 -1 -1 734.63 180.46 897.32 280.36 -1 -1 -1 -1000 -1000 -1000 -10 1
62 51 Car -1 -1 -1 373.65 189.00 484.55 228.62 -1 -1 -1 -1000 -1000 -1000 -10 1
62 50 Car -1 -1 -1 480.22 183.38 532.26 212.69 -1 -1 -1 -1000 -1000 -1000 -10 1
62 37 Car -1 -1 -1 930.10 199.41 1287.52 385.85 -1 -1 -1 -1000 -1000 -1000 -10 1
62 16 Car -1 -1 -1 595.63 178.68 629.39 206.08 -1 -1 -1 -1000 -1000 -1000 -10 1
63 54 Car -1 -1 -1 704.59 180.91 825.25 265.04 -1 -1 -1 -1000 -1000 -1000 -10 1
63 52 Car -1 -1 -1 766.93 179.70 984.28 313.05 -1 -1 -1 -1000 -1000 -1000 -10 1
63 51 Car -1 -1 -1 361.14 187.76 480.06 230.75 -1 -1 -1 -1000 -1000 -1000 -10 1
63 50 Car -1 -1 -1 481.09 183.37 536.05 213.49 -1 -1 -1 -1000 -1000 -1000 -10 1
63 16 Car -1 -1 -1 602.15 178.98 636.80 205.48 -1 -1 -1 -1000 -1000 -1000 -10 1
64 54 Car -1 -1 -1 722.92 180.22 869.22 280.38 -1 -1 -1 -1000 -1000 -1000 -10 1
64 52 Car -1 -1 -1 827.91 185.15 1125.94 357.33 -1 -1 -1 -1000 -1000 -1000 -10 1
64 51 Car -1 -1 -1 343.47 186.64 472.02 233.26 -1 -1 -1 -1000 -1000 -1000 -10 1
64 50 Car -1 -1 -1 464.88 182.86 531.31 215.10 -1 -1 -1 -1000 -1000 -1000 -10 1
64 45 Car -1 -1 -1 671.49 176.51 723.81 211.98 -1 -1 -1 -1000 -1000 -1000 -10 1
64 16 Car -1 -1 -1 607.51 178.72 642.16 204.63 -1 -1 -1 -1000 -1000 -1000 -10 1
65 54 Car -1 -1 -1 752.06 180.57 932.05 302.54 -1 -1 -1 -1000 -1000 -1000 -10 1
65 52 Car -1 -1 -1 888.35 189.36 1217.03 373.33 -1 -1 -1 -1000 -1000 -1000 -10 1
65 51 Car -1 -1 -1 324.98 191.26 459.91 237.27 -1 -1 -1 -1000 -1000 -1000 -10 1
65 50 Car -1 -1 -1 444.41 185.23 519.43 219.89 -1 -1 -1 -1000 -1000 -1000 -10 1
65 45 Car -1 -1 -1 684.53 177.25 745.24 217.80 -1 -1 -1 -1000 -1000 -1000 -10 1
65 16 Car -1 -1 -1 612.69 179.22 647.64 204.92 -1 -1 -1 -1000 -1000 -1000 -10 1
66 54 Car -1 -1 -1 797.18 190.31 1032.08 347.07 -1 -1 -1 -1000 -1000 -1000 -10 1
66 52 Car -1 -1 -1 977.37 197.86 1276.08 376.68 -1 -1 -1 -1000 -1000 -1000 -10 1
66 51 Car -1 -1 -1 302.06 196.82 445.15 244.93 -1 -1 -1 -1000 -1000 -1000 -10 1
66 50 Car -1 -1 -1 431.94 185.73 517.12 222.70 -1 -1 -1 -1000 -1000 -1000 -10 1
66 45 Car -1 -1 -1 695.45 175.02 762.25 221.40 -1 -1 -1 -1000 -1000 -1000 -10 1
66 16 Car -1 -1 -1 615.93 179.58 651.26 205.50 -1 -1 -1 -1000 -1000 -1000 -10 1
67 54 Car -1 -1 -1 854.64 188.13 1169.65 373.73 -1 -1 -1 -1000 -1000 -1000 -10 1
67 51 Car -1 -1 -1 263.28 197.23 423.18 251.38 -1 -1 -1 -1000 -1000 -1000 -10 1
67 50 Car -1 -1 -1 404.96 186.35 504.25 226.64 -1 -1 -1 -1000 -1000 -1000 -10 1
67 45 Car -1 -1 -1 705.01 170.52 777.08 223.29 -1 -1 -1 -1000 -1000 -1000 -10 1
67 16 Car -1 -1 -1 616.78 179.05 651.84 204.63 -1 -1 -1 -1000 -1000 -1000 -10 1
68 54 Car -1 -1 -1 905.12 196.04 1235.63 383.73 -1 -1 -1 -1000 -1000 -1000 -10 1
68 51 Car -1 -1 -1 227.22 203.36 395.32 259.42 -1 -1 -1 -1000 -1000 -1000 -10 1
68 50 Car -1 -1 -1 372.18 186.09 486.61 231.25 -1 -1 -1 -1000 -1000 -1000 -10 1
68 45 Car -1 -1 -1 712.44 169.57 793.11 230.32 -1 -1 -1 -1000 -1000 -1000 -10 1
68 16 Car -1 -1 -1 615.13 178.40 649.76 203.33 -1 -1 -1 -1000 -1000 -1000 -10 1
69 55 Car -1 -1 -1 678.09 176.34 735.12 217.50 -1 -1 -1 -1000 -1000 -1000 -10 1
69 51 Car -1 -1 -1 168.86 209.83 359.03 272.24 -1 -1 -1 -1000 -1000 -1000 -10 1
69 50 Car -1 -1 -1 382.00 184.97 495.56 229.80 -1 -1 -1 -1000 -1000 -1000 -10 1
69 16 Car -1 -1 -1 614.14 178.44 648.63 203.17 -1 -1 -1 -1000 -1000 -1000 -10 1
70 56 Car -1 -1 -1 469.38 180.27 530.03 215.19 -1 -1 -1 -1000 -1000 -1000 -10 1
70 55 Car -1 -1 -1 681.11 173.51 742.95 218.67 -1 -1 -1 -1000 -1000 -1000 -10 1
70 51 Car -1 -1 -1 92.68 215.97 310.98 286.99 -1 -1 -1 -1000 -1000 -1000 -10 1
70 50 Car -1 -1 -1 385.13 184.39 498.06 228.49 -1 -1 -1 -1000 -1000 -1000 -10 1
70 16 Car -1 -1 -1 616.40 177.27 650.01 202.61 -1 -1 -1 -1000 -1000 -1000 -10 1
71 58 Car -1 -1 -1 759.02 156.45 920.82 281.11 -1 -1 -1 -1000 -1000 -1000 -10 1
71 55 Car -1 -1 -1 685.72 174.42 763.81 229.14 -1 -1 -1 -1000 -1000 -1000 -10 1
71 51 Car -1 -1 -1 26.46 222.42 272.70 307.94 -1 -1 -1 -1000 -1000 -1000 -10 1
71 50 Car -1 -1 -1 369.93 184.47 486.76 229.76 -1 -1 -1 -1000 -1000 -1000 -10 1
71 16 Car -1 -1 -1 617.91 177.62 650.78 203.49 -1 -1 -1 -1000 -1000 -1000 -10 1
72 59 Car -1 -1 -1 183.05 198.50 371.16 265.62 -1 -1 -1 -1000 -1000 -1000 -10 1
72 58 Car -1 -1 -1 785.56 156.23 1002.59 315.03 -1 -1 -1 -1000 -1000 -1000 -10 1
72 55 Car -1 -1 -1 689.71 175.81 779.95 237.76 -1 -1 -1 -1000 -1000 -1000 -10 1
72 51 Car -1 -1 -1 -14.51 236.07 220.26 331.58 -1 -1 -1 -1000 -1000 -1000 -10 1
72 50 Car -1 -1 -1 378.78 184.10 494.99 229.13 -1 -1 -1 -1000 -1000 -1000 -10 1
72 16 Car -1 -1 -1 616.55 177.14 649.13 203.54 -1 -1 -1 -1000 -1000 -1000 -10 1
73 60 Car -1 -1 -1 674.06 152.68 733.44 208.05 -1 -1 -1 -1000 -1000 -1000 -10 1
73 59 Car -1 -1 -1 115.62 195.40 338.67 273.15 -1 -1 -1 -1000 -1000 -1000 -10 1
73 58 Car -1 -1 -1 831.74 146.61 1151.83 363.53 -1 -1 -1 -1000 -1000 -1000 -10 1
73 55 Car -1 -1 -1 689.90 174.11 780.72 235.34 -1 -1 -1 -1000 -1000 -1000 -10 1
73 50 Car -1 -1 -1 383.11 186.26 491.45 231.63 -1 -1 -1 -1000 -1000 -1000 -10 1
73 16 Car -1 -1 -1 614.77 176.28 648.14 203.87 -1 -1 -1 -1000 -1000 -1000 -10 1
74 60 Car -1 -1 -1 667.41 147.65 743.59 214.87 -1 -1 -1 -1000 -1000 -1000 -10 1
74 59 Car -1 -1 -1 20.09 196.12 313.96 297.51 -1 -1 -1 -1000 -1000 -1000 -10 1
74 58 Car -1 -1 -1 882.68 133.62 1231.20 369.37 -1 -1 -1 -1000 -1000 -1000 -10 1
74 55 Car -1 -1 -1 689.49 175.43 785.63 238.50 -1 -1 -1 -1000 -1000 -1000 -10 1
74 50 Car -1 -1 -1 398.02 181.52 506.44 226.26 -1 -1 -1 -1000 -1000 -1000 -10 1
74 16 Car -1 -1 -1 609.89 176.18 644.21 203.44 -1 -1 -1 -1000 -1000 -1000 -10 1
75 61 Car -1 -1 -1 153.11 199.50 321.24 266.98 -1 -1 -1 -1000 -1000 -1000 -10 1
75 60 Car -1 -1 -1 661.38 144.23 745.75 216.63 -1 -1 -1 -1000 -1000 -1000 -10 1
75 59 Car -1 -1 -1 -26.53 202.31 274.50 316.78 -1 -1 -1 -1000 -1000 -1000 -10 1
75 55 Car -1 -1 -1 695.66 176.09 797.23 243.09 -1 -1 -1 -1000 -1000 -1000 -10 1
75 50 Car -1 -1 -1 375.78 181.61 488.81 226.86 -1 -1 -1 -1000 -1000 -1000 -10 1
75 16 Car -1 -1 -1 609.38 176.96 643.23 204.31 -1 -1 -1 -1000 -1000 -1000 -10 1
76 63 Car -1 -1 -1 757.52 191.59 967.26 315.29 -1 -1 -1 -1000 -1000 -1000 -10 1
76 61 Car -1 -1 -1 31.97 201.46 271.19 299.22 -1 -1 -1 -1000 -1000 -1000 -10 1
76 60 Car -1 -1 -1 661.00 143.11 747.43 217.39 -1 -1 -1 -1000 -1000 -1000 -10 1
76 59 Car -1 -1 -1 -61.02 216.89 198.11 339.73 -1 -1 -1 -1000 -1000 -1000 -10 1
76 55 Car -1 -1 -1 699.66 177.52 817.56 250.17 -1 -1 -1 -1000 -1000 -1000 -10 1
76 50 Car -1 -1 -1 347.61 184.84 468.58 231.54 -1 -1 -1 -1000 -1000 -1000 -10 1
76 16 Car -1 -1 -1 603.66 176.69 637.18 204.22 -1 -1 -1 -1000 -1000 -1000 -10 1
77 65 Car -1 -1 -1 152.21 199.06 343.79 267.68 -1 -1 -1 -1000 -1000 -1000 -10 1
77 63 Car -1 -1 -1 791.59 196.38 1082.17 358.38 -1 -1 -1 -1000 -1000 -1000 -10 1
77 61 Car -1 -1 -1 -17.34 206.62 239.95 321.25 -1 -1 -1 -1000 -1000 -1000 -10 1
77 60 Car -1 -1 -1 656.94 139.74 752.73 218.49 -1 -1 -1 -1000 -1000 -1000 -10 1
77 59 Car -1 -1 -1 -62.53 226.16 157.84 353.67 -1 -1 -1 -1000 -1000 -1000 -10 1
77 55 Car -1 -1 -1 709.11 184.18 839.44 262.58 -1 -1 -1 -1000 -1000 -1000 -10 1
77 50 Car -1 -1 -1 314.53 186.88 443.96 237.60 -1 -1 -1 -1000 -1000 -1000 -10 1
77 16 Car -1 -1 -1 596.41 178.09 630.43 206.07 -1 -1 -1 -1000 -1000 -1000 -10 1
78 67 Car -1 -1 -1 388.41 184.21 494.27 222.99 -1 -1 -1 -1000 -1000 -1000 -10 1
78 65 Car -1 -1 -1 55.26 196.50 307.47 286.82 -1 -1 -1 -1000 -1000 -1000 -10 1
78 63 Car -1 -1 -1 843.21 206.28 1202.67 380.50 -1 -1 -1 -1000 -1000 -1000 -10 1
78 60 Car -1 -1 -1 657.13 136.76 761.75 222.19 -1 -1 -1 -1000 -1000 -1000 -10 1
78 59 Car -1 -1 -1 -52.64 222.05 145.45 357.39 -1 -1 -1 -1000 -1000 -1000 -10 1
78 55 Car -1 -1 -1 723.48 186.73 878.63 279.52 -1 -1 -1 -1000 -1000 -1000 -10 1
78 50 Car -1 -1 -1 270.58 191.45 413.46 244.74 -1 -1 -1 -1000 -1000 -1000 -10 1
78 16 Car -1 -1 -1 591.15 177.48 625.86 205.05 -1 -1 -1 -1000 -1000 -1000 -10 1
79 67 Car -1 -1 -1 373.41 184.27 481.79 223.08 -1 -1 -1 -1000 -1000 -1000 -10 1
79 65 Car -1 -1 -1 -10.17 202.51 268.73 305.98 -1 -1 -1 -1000 -1000 -1000 -10 1
79 63 Car -1 -1 -1 893.39 209.68 1263.47 386.89 -1 -1 -1 -1000 -1000 -1000 -10 1
79 60 Car -1 -1 -1 658.40 133.63 767.95 222.22 -1 -1 -1 -1000 -1000 -1000 -10 1
79 55 Car -1 -1 -1 749.35 192.61 944.34 307.80 -1 -1 -1 -1000 -1000 -1000 -10 1
79 50 Car -1 -1 -1 278.66 185.30 426.58 240.90 -1 -1 -1 -1000 -1000 -1000 -10 1
79 16 Car -1 -1 -1 588.97 177.81 624.30 206.16 -1 -1 -1 -1000 -1000 -1000 -10 1
80 67 Car -1 -1 -1 379.75 184.12 487.77 222.01 -1 -1 -1 -1000 -1000 -1000 -10 1
80 65 Car -1 -1 -1 -16.92 215.94 249.30 319.24 -1 -1 -1 -1000 -1000 -1000 -10 1
80 60 Car -1 -1 -1 663.25 130.20 783.24 228.04 -1 -1 -1 -1000 -1000 -1000 -10 1
80 55 Car -1 -1 -1 787.56 194.34 1060.68 348.14 -1 -1 -1 -1000 -1000 -1000 -10 1
80 50 Car -1 -1 -1 256.23 191.60 410.37 247.76 -1 -1 -1 -1000 -1000 -1000 -10 1
80 16 Car -1 -1 -1 587.02 177.80 623.12 206.94 -1 -1 -1 -1000 -1000 -1000 -10 1
81 67 Car -1 -1 -1 365.59 184.61 479.25 223.02 -1 -1 -1 -1000 -1000 -1000 -10 1
81 60 Car -1 -1 -1 670.59 124.53 803.28 230.53 -1 -1 -1 -1000 -1000 -1000 -10 1
81 55 Car -1 -1 -1 835.55 195.88 1163.27 366.48 -1 -1 -1 -1000 -1000 -1000 -10 1
81 50 Car -1 -1 -1 251.28 194.43 405.86 249.49 -1 -1 -1 -1000 -1000 -1000 -10 1
81 16 Car -1 -1 -1 586.17 177.62 620.76 206.14 -1 -1 -1 -1000 -1000 -1000 -10 1
82 70 Car -1 -1 -1 -22.59 194.73 280.32 311.69 -1 -1 -1 -1000 -1000 -1000 -10 1
82 55 Car -1 -1 -1 896.60 199.58 1229.93 373.37 -1 -1 -1 -1000 -1000 -1000 -10 1
82 50 Car -1 -1 -1 239.23 192.41 397.61 248.74 -1 -1 -1 -1000 -1000 -1000 -10 1
82 16 Car -1 -1 -1 584.56 177.81 619.95 206.92 -1 -1 -1 -1000 -1000 -1000 -10 1
83 70 Car -1 -1 -1 -48.11 213.84 215.32 338.63 -1 -1 -1 -1000 -1000 -1000 -10 1
83 69 Car -1 -1 -1 702.31 113.14 871.31 259.46 -1 -1 -1 -1000 -1000 -1000 -10 1
83 50 Car -1 -1 -1 187.30 195.52 374.39 259.38 -1 -1 -1 -1000 -1000 -1000 -10 1
83 16 Car -1 -1 -1 582.56 177.38 618.53 207.09 -1 -1 -1 -1000 -1000 -1000 -10 1
84 72 Car -1 -1 -1 279.17 185.14 427.29 238.23 -1 -1 -1 -1000 -1000 -1000 -10 1
84 69 Car -1 -1 -1 709.35 89.98 925.66 276.90 -1 -1 -1 -1000 -1000 -1000 -10 1
84 50 Car -1 -1 -1 173.05 193.43 369.40 260.37 -1 -1 -1 -1000 -1000 -1000 -10 1
84 16 Car -1 -1 -1 582.33 177.28 618.12 207.06 -1 -1 -1 -1000 -1000 -1000 -10 1
85 75 Car -1 -1 -1 -22.25 192.83 281.84 303.63 -1 -1 -1 -1000 -1000 -1000 -10 1
85 74 Car -1 -1 -1 319.31 187.65 448.23 229.63 -1 -1 -1 -1000 -1000 -1000 -10 1
85 72 Car -1 -1 -1 250.78 189.94 405.55 244.46 -1 -1 -1 -1000 -1000 -1000 -10 1
85 69 Car -1 -1 -1 727.77 60.11 1010.10 308.88 -1 -1 -1 -1000 -1000 -1000 -10 1
85 50 Car -1 -1 -1 156.22 194.57 362.54 265.67 -1 -1 -1 -1000 -1000 -1000 -10 1
85 16 Car -1 -1 -1 581.83 177.08 617.37 206.96 -1 -1 -1 -1000 -1000 -1000 -10 1
86 75 Car -1 -1 -1 -25.04 203.16 231.24 311.72 -1 -1 -1 -1000 -1000 -1000 -10 1
86 74 Car -1 -1 -1 297.52 184.92 439.01 231.06 -1 -1 -1 -1000 -1000 -1000 -10 1
86 69 Car -1 -1 -1 760.53 19.14 1146.38 351.38 -1 -1 -1 -1000 -1000 -1000 -10 1
86 50 Car -1 -1 -1 149.77 190.20 365.04 264.61 -1 -1 -1 -1000 -1000 -1000 -10 1
86 16 Car -1 -1 -1 577.54 176.08 613.75 204.36 -1 -1 -1 -1000 -1000 -1000 -10 1
87 76 Car -1 -1 -1 400.42 179.43 472.36 209.99 -1 -1 -1 -1000 -1000 -1000 -10 1
87 75 Car -1 -1 -1 -18.76 198.49 241.41 311.09 -1 -1 -1 -1000 -1000 -1000 -10 1
87 74 Car -1 -1 -1 271.67 185.63 420.24 233.66 -1 -1 -1 -1000 -1000 -1000 -10 1
87 69 Car -1 -1 -1 785.86 5.37 1212.21 367.12 -1 -1 -1 -1000 -1000 -1000 -10 1
87 50 Car -1 -1 -1 108.90 191.40 329.80 265.98 -1 -1 -1 -1000 -1000 -1000 -10 1
87 16 Car -1 -1 -1 573.94 175.67 608.90 203.57 -1 -1 -1 -1000 -1000 -1000 -10 1
88 76 Car -1 -1 -1 393.85 179.71 468.06 211.24 -1 -1 -1 -1000 -1000 -1000 -10 1
88 75 Car -1 -1 -1 -32.90 207.38 201.38 326.16 -1 -1 -1 -1000 -1000 -1000 -10 1
88 74 Car -1 -1 -1 225.73 185.61 399.31 243.33 -1 -1 -1 -1000 -1000 -1000 -10 1
88 69 Car -1 -1 -1 822.82 -6.53 1257.92 377.10 -1 -1 -1 -1000 -1000 -1000 -10 1
88 50 Car -1 -1 -1 117.67 189.70 330.72 264.17 -1 -1 -1 -1000 -1000 -1000 -10 1
88 16 Car -1 -1 -1 569.28 176.52 604.63 204.90 -1 -1 -1 -1000 -1000 -1000 -10 1
89 77 Car -1 -1 -1 484.54 182.11 539.04 219.34 -1 -1 -1 -1000 -1000 -1000 -10 1
89 76 Car -1 -1 -1 373.44 180.81 460.16 214.81 -1 -1 -1 -1000 -1000 -1000 -10 1
89 75 Car -1 -1 -1 -14.86 190.92 235.12 316.41 -1 -1 -1 -1000 -1000 -1000 -10 1
89 74 Car -1 -1 -1 227.14 188.37 394.89 245.01 -1 -1 -1 -1000 -1000 -1000 -10 1
89 16 Car -1 -1 -1 567.10 177.64 602.66 206.07 -1 -1 -1 -1000 -1000 -1000 -10 1
90 77 Car -1 -1 -1 464.64 183.93 530.01 228.95 -1 -1 -1 -1000 -1000 -1000 -10 1
90 76 Car -1 -1 -1 351.56 182.75 451.91 219.20 -1 -1 -1 -1000 -1000 -1000 -10 1
90 75 Car -1 -1 -1 -21.57 202.42 201.33 323.66 -1 -1 -1 -1000 -1000 -1000 -10 1
90 74 Car -1 -1 -1 208.80 190.21 376.84 248.70 -1 -1 -1 -1000 -1000 -1000 -10 1
90 16 Car -1 -1 -1 565.35 177.02 601.27 205.68 -1 -1 -1 -1000 -1000 -1000 -10 1
91 77 Car -1 -1 -1 439.92 185.84 517.15 239.53 -1 -1 -1 -1000 -1000 -1000 -10 1
91 76 Car -1 -1 -1 334.37 182.95 441.48 221.10 -1 -1 -1 -1000 -1000 -1000 -10 1
91 75 Car -1 -1 -1 -22.56 201.27 179.85 321.41 -1 -1 -1 -1000 -1000 -1000 -10 1
91 74 Car -1 -1 -1 174.12 189.72 357.76 254.86 -1 -1 -1 -1000 -1000 -1000 -10 1
91 16 Car -1 -1 -1 565.47 176.86 601.40 205.68 -1 -1 -1 -1000 -1000 -1000 -10 1
92 77 Car -1 -1 -1 392.57 189.27 497.01 261.64 -1 -1 -1 -1000 -1000 -1000 -10 1
92 76 Car -1 -1 -1 314.14 183.99 428.31 225.93 -1 -1 -1 -1000 -1000 -1000 -10 1
92 75 Car -1 -1 -1 -28.61 212.99 142.40 332.81 -1 -1 -1 -1000 -1000 -1000 -10 1
92 74 Car -1 -1 -1 115.33 196.84 313.96 267.18 -1 -1 -1 -1000 -1000 -1000 -10 1
92 50 Car -1 -1 -1 6.46 198.37 258.09 292.66 -1 -1 -1 -1000 -1000 -1000 -10 1
92 16 Car -1 -1 -1 564.03 177.91 599.52 206.96 -1 -1 -1 -1000 -1000 -1000 -10 1
93 50 Car -1 -1 -1 5.21 199.87 265.91 298.73 -1 -1 -1 -1000 -1000 -1000 -10 1
93 16 Car -1 -1 -1 563.29 176.70 598.90 206.75 -1 -1 -1 -1000 -1000 -1000 -10 1
94 50 Car -1 -1 -1 11.84 215.96 319.30 335.32 -1 -1 -1 -1000 -1000 -1000 -10 1
94 16 Car -1 -1 -1 563.75 179.23 599.37 208.86 -1 -1 -1 -1000 -1000 -1000 -10 1
95 50 Car -1 -1 -1 -38.45 221.91 215.64 345.31 -1 -1 -1 -1000 -1000 -1000 -10 1
95 16 Car -1 -1 -1 564.60 179.37 600.00 208.70 -1 -1 -1 -1000 -1000 -1000 -10 1
96 76 Car -1 -1 -1 177.09 191.19 353.51 251.55 -1 -1 -1 -1000 -1000 -1000 -10 1
96 16 Car -1 -1 -1 565.95 178.17 601.35 207.77 -1 -1 -1 -1000 -1000 -1000 -10 1
97 76 Car -1 -1 -1 122.37 193.79 325.88 262.99 -1 -1 -1 -1000 -1000 -1000 -10 1
97 16 Car -1 -1 -1 567.89 178.19 603.41 208.14 -1 -1 -1 -1000 -1000 -1000 -10 1
98 76 Car -1 -1 -1 60.79 196.71 288.45 272.88 -1 -1 -1 -1000 -1000 -1000 -10 1
98 16 Car -1 -1 -1 566.73 177.51 604.14 207.34 -1 -1 -1 -1000 -1000 -1000 -10 1
99 76 Car -1 -1 -1 5.63 199.37 252.54 286.10 -1 -1 -1 -1000 -1000 -1000 -10 1
99 16 Car -1 -1 -1 566.93 176.74 604.44 207.40 -1 -1 -1 -1000 -1000 -1000 -10 1
100 76 Car -1 -1 -1 -27.32 204.27 212.44 302.34 -1 -1 -1 -1000 -1000 -1000 -10 1
100 16 Car -1 -1 -1 567.53 175.11 604.72 206.13 -1 -1 -1 -1000 -1000 -1000 -10 1
101 16 Car -1 -1 -1 567.98 173.10 605.31 205.02 -1 -1 -1 -1000 -1000 -1000 -10 1
102 16 Car -1 -1 -1 566.49 173.11 604.99 206.43 -1 -1 -1 -1000 -1000 -1000 -10 1
103 16 Car -1 -1 -1 564.92 172.94 604.48 207.12 -1 -1 -1 -1000 -1000 -1000 -10 1
104 16 Car -1 -1 -1 563.15 172.97 602.65 206.80 -1 -1 -1 -1000 -1000 -1000 -10 1
105 84 Car -1 -1 -1 1043.68 151.84 1187.38 189.80 -1 -1 -1 -1000 -1000 -1000 -10 1
105 16 Car -1 -1 -1 557.97 172.90 598.42 207.03 -1 -1 -1 -1000 -1000 -1000 -10 1
106 84 Car -1 -1 -1 1079.39 150.85 1225.11 189.98 -1 -1 -1 -1000 -1000 -1000 -10 1
106 16 Car -1 -1 -1 552.16 173.53 594.92 209.34 -1 -1 -1 -1000 -1000 -1000 -10 1
107 84 Car -1 -1 -1 1110.79 147.46 1255.36 188.98 -1 -1 -1 -1000 -1000 -1000 -10 1
107 16 Car -1 -1 -1 545.31 174.31 589.68 211.25 -1 -1 -1 -1000 -1000 -1000 -10 1
108 84 Car -1 -1 -1 1150.21 147.20 1272.90 188.60 -1 -1 -1 -1000 -1000 -1000 -10 1
108 16 Car -1 -1 -1 534.45 175.34 582.32 210.85 -1 -1 -1 -1000 -1000 -1000 -10 1
109 84 Car -1 -1 -1 1177.04 148.40 1272.40 188.44 -1 -1 -1 -1000 -1000 -1000 -10 1
109 16 Car -1 -1 -1 525.58 174.39 574.75 211.41 -1 -1 -1 -1000 -1000 -1000 -10 1
110 16 Car -1 -1 -1 517.11 175.49 567.68 213.59 -1 -1 -1 -1000 -1000 -1000 -10 1
111 16 Car -1 -1 -1 507.12 181.05 559.45 220.84 -1 -1 -1 -1000 -1000 -1000 -10 1
112 16 Car -1 -1 -1 495.59 181.12 549.95 223.34 -1 -1 -1 -1000 -1000 -1000 -10 1
113 16 Car -1 -1 -1 486.08 179.39 542.78 223.70 -1 -1 -1 -1000 -1000 -1000 -10 1
114 16 Car -1 -1 -1 474.91 178.56 532.83 225.03 -1 -1 -1 -1000 -1000 -1000 -10 1
115 16 Car -1 -1 -1 462.96 178.39 523.40 226.57 -1 -1 -1 -1000 -1000 -1000 -10 1
116 16 Car -1 -1 -1 447.32 181.56 513.09 231.55 -1 -1 -1 -1000 -1000 -1000 -10 1
117 16 Car -1 -1 -1 432.52 183.18 502.44 236.57 -1 -1 -1 -1000 -1000 -1000 -10 1
118 16 Car -1 -1 -1 418.60 182.12 494.83 236.90 -1 -1 -1 -1000 -1000 -1000 -10 1
119 16 Car -1 -1 -1 399.32 184.81 479.73 243.26 -1 -1 -1 -1000 -1000 -1000 -10 1
120 16 Car -1 -1 -1 378.60 187.21 465.61 251.76 -1 -1 -1 -1000 -1000 -1000 -10 1
121 16 Car -1 -1 -1 362.94 188.22 455.96 259.34 -1 -1 -1 -1000 -1000 -1000 -10 1
122 16 Car -1 -1 -1 343.74 184.53 446.10 259.43 -1 -1 -1 -1000 -1000 -1000 -10 1
123 16 Car -1 -1 -1 321.29 185.32 433.00 266.06 -1 -1 -1 -1000 -1000 -1000 -10 1
124 16 Car -1 -1 -1 298.56 186.99 422.57 275.73 -1 -1 -1 -1000 -1000 -1000 -10 1
125 16 Car -1 -1 -1 275.78 188.45 412.75 285.56 -1 -1 -1 -1000 -1000 -1000 -10 1
126 16 Car -1 -1 -1 248.28 190.39 401.56 295.92 -1 -1 -1 -1000 -1000 -1000 -10 1
127 16 Car -1 -1 -1 210.92 191.66 387.41 309.94 -1 -1 -1 -1000 -1000 -1000 -10 1
128 16 Car -1 -1 -1 164.59 197.46 369.28 331.65 -1 -1 -1 -1000 -1000 -1000 -10 1
129 16 Car -1 -1 -1 107.20 201.70 348.09 352.68 -1 -1 -1 -1000 -1000 -1000 -10 1
130 16 Car -1 -1 -1 54.85 197.97 322.60 357.47 -1 -1 -1 -1000 -1000 -1000 -10 1
131 16 Car -1 -1 -1 22.49 197.30 313.00 365.48 -1 -1 -1 -1000 -1000 -1000 -10 1
132 16 Car -1 -1 -1 7.77 192.21 305.26 366.78 -1 -1 -1 -1000 -1000 -1000 -10 1
133 16 Car -1 -1 -1 -6.86 194.60 287.62 371.39 -1 -1 -1 -1000 -1000 -1000 -10 1
134 111 Car -1 -1 -1 463.69 170.58 575.68 203.25 -1 -1 -1 -1000 -1000 -1000 -10 1
134 16 Car -1 -1 -1 -17.11 203.69 264.55 375.02 -1 -1 -1 -1000 -1000 -1000 -10 1
135 111 Car -1 -1 -1 509.26 170.68 617.98 202.78 -1 -1 -1 -1000 -1000 -1000 -10 1
135 16 Car -1 -1 -1 -30.78 198.02 222.87 373.21 -1 -1 -1 -1000 -1000 -1000 -10 1
136 111 Car -1 -1 -1 556.48 173.20 663.51 206.68 -1 -1 -1 -1000 -1000 -1000 -10 1
137 113 Car -1 -1 -1 258.45 183.75 367.74 214.49 -1 -1 -1 -1000 -1000 -1000 -10 1
137 112 Car -1 -1 -1 452.86 169.56 487.85 198.10 -1 -1 -1 -1000 -1000 -1000 -10 1
137 111 Car -1 -1 -1 591.74 167.83 690.77 202.01 -1 -1 -1 -1000 -1000 -1000 -10 1
138 114 Car -1 -1 -1 452.63 167.47 492.50 196.21 -1 -1 -1 -1000 -1000 -1000 -10 1
138 113 Car -1 -1 -1 280.91 183.08 383.74 212.60 -1 -1 -1 -1000 -1000 -1000 -10 1
138 112 Car -1 -1 -1 456.32 170.40 492.04 199.58 -1 -1 -1 -1000 -1000 -1000 -10 1
139 115 Car -1 -1 -1 108.30 183.51 249.13 221.17 -1 -1 -1 -1000 -1000 -1000 -10 1
139 114 Car -1 -1 -1 457.23 164.55 497.35 193.05 -1 -1 -1 -1000 -1000 -1000 -10 1
139 113 Car -1 -1 -1 311.92 179.92 405.50 208.19 -1 -1 -1 -1000 -1000 -1000 -10 1
139 112 Car -1 -1 -1 459.55 168.23 495.75 196.23 -1 -1 -1 -1000 -1000 -1000 -10 1
140 115 Car -1 -1 -1 154.48 183.08 293.66 219.59 -1 -1 -1 -1000 -1000 -1000 -10 1
140 113 Car -1 -1 -1 335.72 179.02 427.03 205.38 -1 -1 -1 -1000 -1000 -1000 -10 1
140 112 Car -1 -1 -1 460.78 166.86 499.43 197.91 -1 -1 -1 -1000 -1000 -1000 -10 1
141 115 Car -1 -1 -1 192.58 178.11 327.12 214.97 -1 -1 -1 -1000 -1000 -1000 -10 1
141 113 Car -1 -1 -1 361.65 178.30 450.02 205.28 -1 -1 -1 -1000 -1000 -1000 -10 1
141 112 Car -1 -1 -1 465.63 163.16 506.47 195.68 -1 -1 -1 -1000 -1000 -1000 -10 1
142 115 Car -1 -1 -1 241.02 178.99 371.45 217.19 -1 -1 -1 -1000 -1000 -1000 -10 1
142 113 Car -1 -1 -1 383.63 177.15 466.93 203.59 -1 -1 -1 -1000 -1000 -1000 -10 1
142 112 Car -1 -1 -1 467.56 161.45 510.67 193.95 -1 -1 -1 -1000 -1000 -1000 -10 1
143 115 Car -1 -1 -1 296.51 176.98 418.06 213.49 -1 -1 -1 -1000 -1000 -1000 -10 1
143 114 Car -1 -1 -1 469.13 160.64 514.53 192.83 -1 -1 -1 -1000 -1000 -1000 -10 1
143 113 Car -1 -1 -1 406.42 176.76 481.35 202.35 -1 -1 -1 -1000 -1000 -1000 -10 1
143 112 Car -1 -1 -1 470.32 160.34 515.33 192.47 -1 -1 -1 -1000 -1000 -1000 -10 1
144 115 Car -1 -1 -1 352.54 174.84 469.35 211.02 -1 -1 -1 -1000 -1000 -1000 -10 1
144 113 Car -1 -1 -1 418.06 169.31 504.90 200.83 -1 -1 -1 -1000 -1000 -1000 -10 1
145 118 Car -1 -1 -1 6.70 182.30 123.25 226.95 -1 -1 -1 -1000 -1000 -1000 -10 1
145 115 Car -1 -1 -1 398.50 169.49 517.43 205.88 -1 -1 -1 -1000 -1000 -1000 -10 1
146 118 Car -1 -1 -1 37.53 180.80 170.58 224.97 -1 -1 -1 -1000 -1000 -1000 -10 1
146 115 Car -1 -1 -1 446.89 168.10 566.31 204.55 -1 -1 -1 -1000 -1000 -1000 -10 1
147 118 Car -1 -1 -1 76.43 181.18 217.40 224.22 -1 -1 -1 -1000 -1000 -1000 -10 1
147 115 Car -1 -1 -1 484.60 167.00 609.55 203.90 -1 -1 -1 -1000 -1000 -1000 -10 1
148 118 Car -1 -1 -1 117.59 178.69 260.06 220.84 -1 -1 -1 -1000 -1000 -1000 -10 1
148 115 Car -1 -1 -1 534.52 167.92 655.35 203.71 -1 -1 -1 -1000 -1000 -1000 -10 1
149 118 Car -1 -1 -1 161.53 177.46 305.95 220.36 -1 -1 -1 -1000 -1000 -1000 -10 1
149 115 Car -1 -1 -1 580.53 166.97 705.05 203.15 -1 -1 -1 -1000 -1000 -1000 -10 1
150 118 Car -1 -1 -1 204.84 175.65 352.49 215.19 -1 -1 -1 -1000 -1000 -1000 -10 1
150 115 Car -1 -1 -1 622.76 165.33 747.43 202.56 -1 -1 -1 -1000 -1000 -1000 -10 1
151 118 Car -1 -1 -1 246.48 174.95 390.78 212.48 -1 -1 -1 -1000 -1000 -1000 -10 1
151 115 Car -1 -1 -1 668.33 165.56 790.89 203.19 -1 -1 -1 -1000 -1000 -1000 -10 1
152 118 Car -1 -1 -1 292.39 173.40 432.91 208.80 -1 -1 -1 -1000 -1000 -1000 -10 1
153 118 Car -1 -1 -1 340.56 172.99 476.53 205.90 -1 -1 -1 -1000 -1000 -1000 -10 1
154 120 Car -1 -1 -1 529.40 168.79 579.22 195.32 -1 -1 -1 -1000 -1000 -1000 -10 1
154 118 Car -1 -1 -1 382.55 171.82 515.34 206.81 -1 -1 -1 -1000 -1000 -1000 -10 1
155 121 Car -1 -1 -1 96.24 179.94 235.79 226.92 -1 -1 -1 -1000 -1000 -1000 -10 1
155 118 Car -1 -1 -1 427.35 170.29 556.12 206.51 -1 -1 -1 -1000 -1000 -1000 -10 1
156 121 Car -1 -1 -1 141.54 184.18 278.19 224.93 -1 -1 -1 -1000 -1000 -1000 -10 1
156 118 Car -1 -1 -1 473.54 170.51 593.64 206.47 -1 -1 -1 -1000 -1000 -1000 -10 1
157 121 Car -1 -1 -1 188.49 184.54 319.55 222.69 -1 -1 -1 -1000 -1000 -1000 -10 1
157 118 Car -1 -1 -1 519.90 170.28 634.83 205.54 -1 -1 -1 -1000 -1000 -1000 -10 1
158 121 Car -1 -1 -1 233.93 181.39 359.38 217.75 -1 -1 -1 -1000 -1000 -1000 -10 1
158 118 Car -1 -1 -1 559.40 169.99 678.38 204.17 -1 -1 -1 -1000 -1000 -1000 -10 1
159 121 Car -1 -1 -1 285.38 178.24 407.04 212.00 -1 -1 -1 -1000 -1000 -1000 -10 1
159 118 Car -1 -1 -1 600.90 169.16 724.71 203.46 -1 -1 -1 -1000 -1000 -1000 -10 1
160 124 Car -1 -1 -1 478.54 163.65 520.01 194.95 -1 -1 -1 -1000 -1000 -1000 -10 1
160 121 Car -1 -1 -1 331.28 176.45 449.42 208.56 -1 -1 -1 -1000 -1000 -1000 -10 1
160 118 Car -1 -1 -1 640.49 169.40 758.89 203.16 -1 -1 -1 -1000 -1000 -1000 -10 1
161 124 Car -1 -1 -1 476.16 162.38 519.23 194.65 -1 -1 -1 -1000 -1000 -1000 -10 1
161 121 Car -1 -1 -1 376.11 174.31 494.00 205.40 -1 -1 -1 -1000 -1000 -1000 -10 1
161 118 Car -1 -1 -1 684.31 169.42 803.09 203.72 -1 -1 -1 -1000 -1000 -1000 -10 1
162 121 Car -1 -1 -1 418.20 173.70 535.54 202.88 -1 -1 -1 -1000 -1000 -1000 -10 1
163 121 Car -1 -1 -1 465.01 173.47 579.36 201.72 -1 -1 -1 -1000 -1000 -1000 -10 1
164 127 Car -1 -1 -1 69.63 178.81 187.27 226.48 -1 -1 -1 -1000 -1000 -1000 -10 1
164 121 Car -1 -1 -1 507.80 170.17 613.84 199.53 -1 -1 -1 -1000 -1000 -1000 -10 1
165 127 Car -1 -1 -1 114.27 180.23 235.09 222.61 -1 -1 -1 -1000 -1000 -1000 -10 1
165 121 Car -1 -1 -1 550.91 171.45 654.03 202.25 -1 -1 -1 -1000 -1000 -1000 -10 1
166 127 Car -1 -1 -1 162.42 178.35 284.97 216.44 -1 -1 -1 -1000 -1000 -1000 -10 1
166 121 Car -1 -1 -1 599.39 170.78 697.28 201.48 -1 -1 -1 -1000 -1000 -1000 -10 1
167 129 Car -1 -1 -1 479.90 164.13 517.82 194.33 -1 -1 -1 -1000 -1000 -1000 -10 1
167 127 Car -1 -1 -1 212.50 177.79 330.96 213.30 -1 -1 -1 -1000 -1000 -1000 -10 1
167 121 Car -1 -1 -1 637.17 171.24 733.63 201.88 -1 -1 -1 -1000 -1000 -1000 -10 1
168 130 Car -1 -1 -1 479.79 162.59 517.55 194.06 -1 -1 -1 -1000 -1000 -1000 -10 1
168 129 Car -1 -1 -1 478.63 164.04 516.87 194.25 -1 -1 -1 -1000 -1000 -1000 -10 1
168 127 Car -1 -1 -1 258.45 174.78 375.56 208.43 -1 -1 -1 -1000 -1000 -1000 -10 1
168 121 Car -1 -1 -1 680.04 170.66 778.04 202.08 -1 -1 -1 -1000 -1000 -1000 -10 1
169 130 Car -1 -1 -1 480.42 162.83 518.80 193.97 -1 -1 -1 -1000 -1000 -1000 -10 1
169 129 Car -1 -1 -1 478.01 162.75 518.13 193.45 -1 -1 -1 -1000 -1000 -1000 -10 1
169 127 Car -1 -1 -1 308.71 175.36 421.06 208.74 -1 -1 -1 -1000 -1000 -1000 -10 1
170 132 Car -1 -1 -1 567.80 169.77 596.45 189.76 -1 -1 -1 -1000 -1000 -1000 -10 1
170 129 Car -1 -1 -1 476.84 162.65 519.11 194.34 -1 -1 -1 -1000 -1000 -1000 -10 1
170 127 Car -1 -1 -1 366.24 174.51 470.13 206.86 -1 -1 -1 -1000 -1000 -1000 -10 1
171 129 Car -1 -1 -1 475.96 164.64 518.76 197.25 -1 -1 -1 -1000 -1000 -1000 -10 1
171 127 Car -1 -1 -1 399.65 173.23 501.24 206.98 -1 -1 -1 -1000 -1000 -1000 -10 1
172 133 Car -1 -1 -1 36.12 166.74 171.89 226.78 -1 -1 -1 -1000 -1000 -1000 -10 1
172 127 Car -1 -1 -1 444.62 172.53 546.95 203.70 -1 -1 -1 -1000 -1000 -1000 -10 1
173 133 Car -1 -1 -1 65.97 165.38 212.40 225.12 -1 -1 -1 -1000 -1000 -1000 -10 1
173 127 Car -1 -1 -1 487.69 172.09 584.38 203.43 -1 -1 -1 -1000 -1000 -1000 -10 1
174 133 Car -1 -1 -1 106.51 165.78 255.37 224.03 -1 -1 -1 -1000 -1000 -1000 -10 1
174 127 Car -1 -1 -1 523.11 169.47 624.77 202.62 -1 -1 -1 -1000 -1000 -1000 -10 1
175 127 Car -1 -1 -1 563.00 168.96 664.20 202.65 -1 -1 -1 -1000 -1000 -1000 -10 1
176 134 Car -1 -1 -1 201.33 166.68 349.73 216.73 -1 -1 -1 -1000 -1000 -1000 -10 1
176 127 Car -1 -1 -1 601.60 164.76 702.07 200.92 -1 -1 -1 -1000 -1000 -1000 -10 1
177 136 Car -1 -1 -1 476.46 160.35 517.05 190.93 -1 -1 -1 -1000 -1000 -1000 -10 1
177 134 Car -1 -1 -1 254.04 164.62 393.91 212.09 -1 -1 -1 -1000 -1000 -1000 -10 1
178 138 Car -1 -1 -1 480.17 162.23 522.31 193.36 -1 -1 -1 -1000 -1000 -1000 -10 1
178 134 Car -1 -1 -1 307.87 169.26 436.71 212.27 -1 -1 -1 -1000 -1000 -1000 -10 1
179 138 Car -1 -1 -1 480.01 162.95 521.86 193.05 -1 -1 -1 -1000 -1000 -1000 -10 1
179 134 Car -1 -1 -1 358.05 166.16 487.59 208.92 -1 -1 -1 -1000 -1000 -1000 -10 1
180 134 Car -1 -1 -1 390.19 161.81 520.17 206.48 -1 -1 -1 -1000 -1000 -1000 -10 1
181 134 Car -1 -1 -1 444.54 158.56 569.67 203.37 -1 -1 -1 -1000 -1000 -1000 -10 1
182 142 Car -1 -1 -1 150.07 185.02 283.54 221.08 -1 -1 -1 -1000 -1000 -1000 -10 1
182 134 Car -1 -1 -1 477.41 156.89 607.43 202.96 -1 -1 -1 -1000 -1000 -1000 -10 1
183 142 Car -1 -1 -1 191.98 185.81 324.05 219.89 -1 -1 -1 -1000 -1000 -1000 -10 1
183 134 Car -1 -1 -1 520.74 158.44 651.07 203.29 -1 -1 -1 -1000 -1000 -1000 -10 1
184 142 Car -1 -1 -1 238.20 184.72 364.35 216.93 -1 -1 -1 -1000 -1000 -1000 -10 1
184 134 Car -1 -1 -1 570.34 158.42 696.61 203.25 -1 -1 -1 -1000 -1000 -1000 -10 1
185 142 Car -1 -1 -1 284.73 177.53 408.62 208.27 -1 -1 -1 -1000 -1000 -1000 -10 1
185 134 Car -1 -1 -1 602.50 157.60 731.95 202.92 -1 -1 -1 -1000 -1000 -1000 -10 1
186 142 Car -1 -1 -1 323.91 176.35 441.16 204.31 -1 -1 -1 -1000 -1000 -1000 -10 1
186 134 Car -1 -1 -1 631.16 160.20 756.73 203.66 -1 -1 -1 -1000 -1000 -1000 -10 1
187 144 Car -1 -1 -1 476.00 162.63 518.64 196.03 -1 -1 -1 -1000 -1000 -1000 -10 1
187 142 Car -1 -1 -1 375.76 176.30 486.74 205.85 -1 -1 -1 -1000 -1000 -1000 -10 1
188 142 Car -1 -1 -1 416.44 174.19 532.05 203.42 -1 -1 -1 -1000 -1000 -1000 -10 1
189 142 Car -1 -1 -1 456.69 173.44 569.90 202.11 -1 -1 -1 -1000 -1000 -1000 -10 1
190 142 Car -1 -1 -1 497.02 170.56 606.99 200.89 -1 -1 -1 -1000 -1000 -1000 -10 1
191 142 Car -1 -1 -1 537.03 172.27 644.78 203.53 -1 -1 -1 -1000 -1000 -1000 -10 1
192 142 Car -1 -1 -1 579.42 171.05 690.33 202.94 -1 -1 -1 -1000 -1000 -1000 -10 1
194 147 Car -1 -1 -1 476.96 162.93 516.78 192.58 -1 -1 -1 -1000 -1000 -1000 -10 1
195 148 Car -1 -1 -1 479.71 161.99 518.32 193.72 -1 -1 -1 -1000 -1000 -1000 -10 1
195 147 Car -1 -1 -1 476.88 162.72 516.71 192.45 -1 -1 -1 -1000 -1000 -1000 -10 1
196 150 Car -1 -1 -1 148.98 185.11 258.52 223.90 -1 -1 -1 -1000 -1000 -1000 -10 1
196 148 Car -1 -1 -1 479.55 161.94 518.51 193.64 -1 -1 -1 -1000 -1000 -1000 -10 1
196 147 Car -1 -1 -1 476.38 162.82 516.66 192.73 -1 -1 -1 -1000 -1000 -1000 -10 1
197 150 Car -1 -1 -1 212.76 181.85 311.58 219.30 -1 -1 -1 -1000 -1000 -1000 -10 1
197 148 Car -1 -1 -1 479.55 161.87 518.62 193.46 -1 -1 -1 -1000 -1000 -1000 -10 1
197 147 Car -1 -1 -1 476.41 163.08 517.10 193.10 -1 -1 -1 -1000 -1000 -1000 -10 1
198 150 Car -1 -1 -1 275.14 179.12 360.03 213.24 -1 -1 -1 -1000 -1000 -1000 -10 1
198 148 Car -1 -1 -1 479.60 162.15 518.65 193.68 -1 -1 -1 -1000 -1000 -1000 -10 1
198 147 Car -1 -1 -1 475.83 163.51 516.26 193.51 -1 -1 -1 -1000 -1000 -1000 -10 1
199 150 Car -1 -1 -1 336.57 177.75 418.04 209.37 -1 -1 -1 -1000 -1000 -1000 -10 1
199 148 Car -1 -1 -1 479.20 162.47 518.93 193.90 -1 -1 -1 -1000 -1000 -1000 -10 1
199 147 Car -1 -1 -1 476.57 162.78 518.06 193.04 -1 -1 -1 -1000 -1000 -1000 -10 1
200 150 Car -1 -1 -1 397.69 175.21 477.40 206.79 -1 -1 -1 -1000 -1000 -1000 -10 1
200 148 Car -1 -1 -1 476.66 161.46 515.30 191.45 -1 -1 -1 -1000 -1000 -1000 -10 1
200 147 Car -1 -1 -1 475.40 161.57 517.19 192.43 -1 -1 -1 -1000 -1000 -1000 -10 1
201 150 Car -1 -1 -1 462.02 174.30 535.51 204.68 -1 -1 -1 -1000 -1000 -1000 -10 1
202 153 Car -1 -1 -1 617.85 167.61 710.59 198.65 -1 -1 -1 -1000 -1000 -1000 -10 1
202 150 Car -1 -1 -1 517.43 170.80 589.29 201.32 -1 -1 -1 -1000 -1000 -1000 -10 1
203 154 Car -1 -1 -1 213.27 182.33 335.86 215.64 -1 -1 -1 -1000 -1000 -1000 -10 1
203 150 Car -1 -1 -1 574.03 170.88 642.24 200.53 -1 -1 -1 -1000 -1000 -1000 -10 1
204 154 Car -1 -1 -1 286.45 180.69 396.74 211.96 -1 -1 -1 -1000 -1000 -1000 -10 1
204 150 Car -1 -1 -1 615.79 171.05 683.14 199.83 -1 -1 -1 -1000 -1000 -1000 -10 1
204 147 Car -1 -1 -1 478.83 164.93 519.24 195.53 -1 -1 -1 -1000 -1000 -1000 -10 1
205 154 Car -1 -1 -1 342.91 177.12 445.32 204.97 -1 -1 -1 -1000 -1000 -1000 -10 1
205 150 Car -1 -1 -1 676.21 168.70 742.16 198.33 -1 -1 -1 -1000 -1000 -1000 -10 1
205 147 Car -1 -1 -1 479.24 165.21 517.86 194.67 -1 -1 -1 -1000 -1000 -1000 -10 1
206 154 Car -1 -1 -1 395.45 174.59 499.39 202.19 -1 -1 -1 -1000 -1000 -1000 -10 1
206 153 Car -1 -1 -1 525.25 169.95 593.49 197.13 -1 -1 -1 -1000 -1000 -1000 -10 1
206 147 Car -1 -1 -1 476.70 166.59 520.29 195.86 -1 -1 -1 -1000 -1000 -1000 -10 1
207 154 Car -1 -1 -1 456.81 172.05 559.34 201.30 -1 -1 -1 -1000 -1000 -1000 -10 1
210 153 Car -1 -1 -1 419.02 172.26 493.65 202.64 -1 -1 -1 -1000 -1000 -1000 -10 1
211 154 Car -1 -1 -1 671.34 174.88 752.17 203.52 -1 -1 -1 -1000 -1000 -1000 -10 1
211 153 Car -1 -1 -1 386.96 175.48 460.30 206.10 -1 -1 -1 -1000 -1000 -1000 -10 1
212 153 Car -1 -1 -1 348.87 177.48 422.18 206.18 -1 -1 -1 -1000 -1000 -1000 -10 1
213 157 Car -1 -1 -1 480.13 162.65 521.55 192.85 -1 -1 -1 -1000 -1000 -1000 -10 1
213 156 Car -1 -1 -1 476.83 162.19 518.34 191.53 -1 -1 -1 -1000 -1000 -1000 -10 1
213 153 Car -1 -1 -1 316.51 177.82 396.48 206.93 -1 -1 -1 -1000 -1000 -1000 -10 1
214 157 Car -1 -1 -1 479.62 163.01 520.53 193.45 -1 -1 -1 -1000 -1000 -1000 -10 1
214 156 Car -1 -1 -1 476.48 162.71 517.23 191.76 -1 -1 -1 -1000 -1000 -1000 -10 1
214 153 Car -1 -1 -1 301.13 179.46 383.96 208.86 -1 -1 -1 -1000 -1000 -1000 -10 1
215 157 Car -1 -1 -1 479.27 163.01 520.59 194.11 -1 -1 -1 -1000 -1000 -1000 -10 1
215 156 Car -1 -1 -1 475.66 162.01 516.99 191.53 -1 -1 -1 -1000 -1000 -1000 -10 1
215 153 Car -1 -1 -1 253.14 180.66 337.73 210.12 -1 -1 -1 -1000 -1000 -1000 -10 1
216 157 Car -1 -1 -1 474.30 166.12 517.68 198.62 -1 -1 -1 -1000 -1000 -1000 -10 1
216 153 Car -1 -1 -1 218.01 182.13 305.56 212.58 -1 -1 -1 -1000 -1000 -1000 -10 1
217 157 Car -1 -1 -1 477.70 167.29 519.62 198.16 -1 -1 -1 -1000 -1000 -1000 -10 1
217 153 Car -1 -1 -1 177.49 181.86 272.48 213.52 -1 -1 -1 -1000 -1000 -1000 -10 1
218 157 Car -1 -1 -1 478.23 165.03 518.29 195.75 -1 -1 -1 -1000 -1000 -1000 -10 1
218 153 Car -1 -1 -1 143.22 183.97 234.50 213.99 -1 -1 -1 -1000 -1000 -1000 -10 1
219 157 Car -1 -1 -1 479.22 164.71 518.16 195.02 -1 -1 -1 -1000 -1000 -1000 -10 1
220 157 Car -1 -1 -1 479.23 164.95 517.48 195.70 -1 -1 -1 -1000 -1000 -1000 -10 1
221 157 Car -1 -1 -1 482.21 165.60 521.22 196.02 -1 -1 -1 -1000 -1000 -1000 -10 1
222 157 Car -1 -1 -1 488.83 165.84 541.85 200.41 -1 -1 -1 -1000 -1000 -1000 -10 1
223 157 Car -1 -1 -1 477.49 167.48 529.86 202.07 -1 -1 -1 -1000 -1000 -1000 -10 1
226 163 Car -1 -1 -1 478.01 159.97 518.53 189.18 -1 -1 -1 -1000 -1000 -1000 -10 1
227 163 Car -1 -1 -1 479.19 160.59 517.94 189.72 -1 -1 -1 -1000 -1000 -1000 -10 1
227 157 Car -1 -1 -1 478.08 162.08 520.78 195.27 -1 -1 -1 -1000 -1000 -1000 -10 1
228 166 Car -1 -1 -1 546.71 168.33 644.95 201.14 -1 -1 -1 -1000 -1000 -1000 -10 1
228 163 Car -1 -1 -1 478.10 162.30 515.28 190.72 -1 -1 -1 -1000 -1000 -1000 -10 1
228 157 Car -1 -1 -1 478.13 162.71 519.43 195.27 -1 -1 -1 -1000 -1000 -1000 -10 1
229 166 Car -1 -1 -1 504.02 166.64 605.03 201.00 -1 -1 -1 -1000 -1000 -1000 -10 1
229 157 Car -1 -1 -1 482.56 163.86 527.60 195.70 -1 -1 -1 -1000 -1000 -1000 -10 1
230 166 Car -1 -1 -1 469.83 165.26 563.95 200.36 -1 -1 -1 -1000 -1000 -1000 -10 1
230 157 Car -1 -1 -1 484.25 161.43 539.01 195.02 -1 -1 -1 -1000 -1000 -1000 -10 1
231 166 Car -1 -1 -1 430.14 167.74 524.97 201.72 -1 -1 -1 -1000 -1000 -1000 -10 1
232 166 Car -1 -1 -1 389.09 168.01 493.34 204.08 -1 -1 -1 -1000 -1000 -1000 -10 1
233 166 Car -1 -1 -1 346.37 172.12 446.54 208.14 -1 -1 -1 -1000 -1000 -1000 -10 1
234 166 Car -1 -1 -1 306.95 173.19 407.99 208.53 -1 -1 -1 -1000 -1000 -1000 -10 1
234 157 Car -1 -1 -1 476.90 161.51 523.25 193.72 -1 -1 -1 -1000 -1000 -1000 -10 1
235 166 Car -1 -1 -1 268.28 177.71 371.82 213.22 -1 -1 -1 -1000 -1000 -1000 -10 1
235 157 Car -1 -1 -1 476.41 161.60 520.87 193.40 -1 -1 -1 -1000 -1000 -1000 -10 1
236 166 Car -1 -1 -1 227.87 173.65 335.02 209.06 -1 -1 -1 -1000 -1000 -1000 -10 1
236 157 Car -1 -1 -1 476.96 161.13 520.02 192.90 -1 -1 -1 -1000 -1000 -1000 -10 1
237 166 Car -1 -1 -1 182.28 173.99 290.19 210.19 -1 -1 -1 -1000 -1000 -1000 -10 1
237 157 Car -1 -1 -1 476.24 162.05 517.11 193.22 -1 -1 -1 -1000 -1000 -1000 -10 1
238 172 Car -1 -1 -1 518.51 170.40 610.07 201.90 -1 -1 -1 -1000 -1000 -1000 -10 1
238 171 Car -1 -1 -1 480.73 165.40 522.80 197.87 -1 -1 -1 -1000 -1000 -1000 -10 1
239 172 Car -1 -1 -1 482.21 170.72 569.34 201.13 -1 -1 -1 -1000 -1000 -1000 -10 1
240 172 Car -1 -1 -1 452.16 171.22 538.99 201.72 -1 -1 -1 -1000 -1000 -1000 -10 1
241 172 Car -1 -1 -1 414.08 170.95 502.87 203.08 -1 -1 -1 -1000 -1000 -1000 -10 1
242 172 Car -1 -1 -1 376.90 174.34 463.59 207.06 -1 -1 -1 -1000 -1000 -1000 -10 1
243 172 Car -1 -1 -1 336.25 176.32 422.74 207.36 -1 -1 -1 -1000 -1000 -1000 -10 1
244 174 Car -1 -1 -1 479.93 162.77 520.41 193.44 -1 -1 -1 -1000 -1000 -1000 -10 1
244 173 Car -1 -1 -1 478.97 161.41 520.10 190.87 -1 -1 -1 -1000 -1000 -1000 -10 1
244 172 Car -1 -1 -1 299.21 176.38 389.78 208.24 -1 -1 -1 -1000 -1000 -1000 -10 1
245 175 Car -1 -1 -1 574.66 174.67 639.06 198.47 -1 -1 -1 -1000 -1000 -1000 -10 1
245 174 Car -1 -1 -1 478.55 164.88 517.99 195.75 -1 -1 -1 -1000 -1000 -1000 -10 1
245 173 Car -1 -1 -1 477.27 163.91 516.03 192.70 -1 -1 -1 -1000 -1000 -1000 -10 1
245 172 Car -1 -1 -1 256.59 177.94 346.00 209.86 -1 -1 -1 -1000 -1000 -1000 -10 1
246 175 Car -1 -1 -1 535.12 173.36 597.52 197.41 -1 -1 -1 -1000 -1000 -1000 -10 1
246 174 Car -1 -1 -1 479.31 166.13 519.81 196.28 -1 -1 -1 -1000 -1000 -1000 -10 1
246 172 Car -1 -1 -1 216.18 177.56 309.58 210.95 -1 -1 -1 -1000 -1000 -1000 -10 1
247 175 Car -1 -1 -1 493.18 171.92 556.02 197.12 -1 -1 -1 -1000 -1000 -1000 -10 1
247 172 Car -1 -1 -1 169.87 178.92 266.38 213.23 -1 -1 -1 -1000 -1000 -1000 -10 1
248 175 Car -1 -1 -1 460.44 166.15 521.05 192.72 -1 -1 -1 -1000 -1000 -1000 -10 1
248 172 Car -1 -1 -1 134.70 179.97 225.97 212.90 -1 -1 -1 -1000 -1000 -1000 -10 1
250 174 Car -1 -1 -1 475.12 162.82 520.65 196.66 -1 -1 -1 -1000 -1000 -1000 -10 1
251 174 Car -1 -1 -1 477.70 162.08 521.02 195.12 -1 -1 -1 -1000 -1000 -1000 -10 1
252 174 Car -1 -1 -1 478.54 162.03 520.33 194.61 -1 -1 -1 -1000 -1000 -1000 -10 1
253 179 Car -1 -1 -1 476.57 162.21 516.50 192.17 -1 -1 -1 -1000 -1000 -1000 -10 1
253 174 Car -1 -1 -1 478.86 161.52 519.68 193.97 -1 -1 -1 -1000 -1000 -1000 -10 1
254 179 Car -1 -1 -1 477.13 162.97 516.94 192.80 -1 -1 -1 -1000 -1000 -1000 -10 1
254 174 Car -1 -1 -1 479.12 161.68 519.25 193.93 -1 -1 -1 -1000 -1000 -1000 -10 1
255 179 Car -1 -1 -1 478.71 163.02 518.48 193.06 -1 -1 -1 -1000 -1000 -1000 -10 1
255 174 Car -1 -1 -1 479.20 161.49 518.44 193.64 -1 -1 -1 -1000 -1000 -1000 -10 1
256 179 Car -1 -1 -1 478.79 163.02 517.87 192.97 -1 -1 -1 -1000 -1000 -1000 -10 1
256 174 Car -1 -1 -1 480.42 161.47 518.54 193.44 -1 -1 -1 -1000 -1000 -1000 -10 1
257 179 Car -1 -1 -1 478.52 163.68 516.62 193.29 -1 -1 -1 -1000 -1000 -1000 -10 1
257 174 Car -1 -1 -1 479.79 163.18 517.57 195.10 -1 -1 -1 -1000 -1000 -1000 -10 1
258 174 Car -1 -1 -1 480.33 165.10 518.95 196.02 -1 -1 -1 -1000 -1000 -1000 -10 1
259 185 Car -1 -1 -1 494.57 169.91 559.28 197.78 -1 -1 -1 -1000 -1000 -1000 -10 1
260 185 Car -1 -1 -1 469.64 169.05 532.89 199.06 -1 -1 -1 -1000 -1000 -1000 -10 1
261 185 Car -1 -1 -1 442.32 173.93 505.88 201.50 -1 -1 -1 -1000 -1000 -1000 -10 1
262 185 Car -1 -1 -1 414.59 175.18 481.69 204.25 -1 -1 -1 -1000 -1000 -1000 -10 1
263 187 Car -1 -1 -1 625.08 169.89 727.62 204.03 -1 -1 -1 -1000 -1000 -1000 -10 1
263 185 Car -1 -1 -1 379.26 178.32 444.78 208.04 -1 -1 -1 -1000 -1000 -1000 -10 1
264 187 Car -1 -1 -1 606.32 172.97 707.63 203.12 -1 -1 -1 -1000 -1000 -1000 -10 1
264 185 Car -1 -1 -1 341.12 178.82 409.63 207.50 -1 -1 -1 -1000 -1000 -1000 -10 1
265 187 Car -1 -1 -1 580.78 173.85 686.27 202.48 -1 -1 -1 -1000 -1000 -1000 -10 1
265 185 Car -1 -1 -1 312.15 179.86 386.95 208.74 -1 -1 -1 -1000 -1000 -1000 -10 1
266 188 Car -1 -1 -1 478.75 162.56 516.56 191.99 -1 -1 -1 -1000 -1000 -1000 -10 1
266 187 Car -1 -1 -1 554.04 174.23 663.18 202.26 -1 -1 -1 -1000 -1000 -1000 -10 1
266 185 Car -1 -1 -1 272.86 182.45 348.21 210.94 -1 -1 -1 -1000 -1000 -1000 -10 1
267 188 Car -1 -1 -1 478.15 163.90 517.06 192.92 -1 -1 -1 -1000 -1000 -1000 -10 1
267 187 Car -1 -1 -1 528.89 174.76 639.08 202.42 -1 -1 -1 -1000 -1000 -1000 -10 1
267 185 Car -1 -1 -1 236.24 182.81 313.87 211.59 -1 -1 -1 -1000 -1000 -1000 -10 1
268 187 Car -1 -1 -1 500.87 173.91 617.58 202.84 -1 -1 -1 -1000 -1000 -1000 -10 1
269 187 Car -1 -1 -1 475.43 173.71 593.00 203.04 -1 -1 -1 -1000 -1000 -1000 -10 1
270 187 Car -1 -1 -1 447.64 174.53 565.82 204.92 -1 -1 -1 -1000 -1000 -1000 -10 1
271 187 Car -1 -1 -1 420.48 175.47 541.64 205.91 -1 -1 -1 -1000 -1000 -1000 -10 1
272 187 Car -1 -1 -1 393.14 177.56 515.81 208.19 -1 -1 -1 -1000 -1000 -1000 -10 1
273 187 Car -1 -1 -1 372.13 177.16 491.41 208.42 -1 -1 -1 -1000 -1000 -1000 -10 1
274 191 Car -1 -1 -1 607.24 171.92 713.13 206.09 -1 -1 -1 -1000 -1000 -1000 -10 1
274 187 Car -1 -1 -1 330.09 181.82 449.69 213.16 -1 -1 -1 -1000 -1000 -1000 -10 1
275 191 Car -1 -1 -1 587.58 173.32 687.02 205.88 -1 -1 -1 -1000 -1000 -1000 -10 1
275 187 Car -1 -1 -1 303.64 182.68 425.67 215.40 -1 -1 -1 -1000 -1000 -1000 -10 1
276 192 Car -1 -1 -1 479.22 164.70 516.34 194.62 -1 -1 -1 -1000 -1000 -1000 -10 1
276 191 Car -1 -1 -1 563.65 173.59 667.97 203.39 -1 -1 -1 -1000 -1000 -1000 -10 1
276 187 Car -1 -1 -1 273.66 184.87 400.89 220.64 -1 -1 -1 -1000 -1000 -1000 -10 1
277 192 Car -1 -1 -1 478.78 165.86 517.09 195.56 -1 -1 -1 -1000 -1000 -1000 -10 1
277 191 Car -1 -1 -1 537.17 174.50 643.22 202.56 -1 -1 -1 -1000 -1000 -1000 -10 1
277 187 Car -1 -1 -1 224.79 188.15 359.60 228.27 -1 -1 -1 -1000 -1000 -1000 -10 1
278 192 Car -1 -1 -1 481.50 167.20 521.68 196.79 -1 -1 -1 -1000 -1000 -1000 -10 1
278 191 Car -1 -1 -1 510.42 173.74 622.56 202.72 -1 -1 -1 -1000 -1000 -1000 -10 1
278 187 Car -1 -1 -1 179.66 188.66 328.00 234.42 -1 -1 -1 -1000 -1000 -1000 -10 1
279 191 Car -1 -1 -1 481.60 173.53 596.68 202.75 -1 -1 -1 -1000 -1000 -1000 -10 1
279 187 Car -1 -1 -1 132.26 191.52 290.82 240.75 -1 -1 -1 -1000 -1000 -1000 -10 1
280 191 Car -1 -1 -1 453.39 173.94 565.35 203.60 -1 -1 -1 -1000 -1000 -1000 -10 1
280 187 Car -1 -1 -1 78.63 193.61 256.74 250.72 -1 -1 -1 -1000 -1000 -1000 -10 1
281 191 Car -1 -1 -1 427.80 175.05 543.08 204.43 -1 -1 -1 -1000 -1000 -1000 -10 1
281 187 Car -1 -1 -1 26.09 196.81 221.17 261.02 -1 -1 -1 -1000 -1000 -1000 -10 1
282 191 Car -1 -1 -1 401.52 175.90 517.84 205.54 -1 -1 -1 -1000 -1000 -1000 -10 1
282 187 Car -1 -1 -1 -9.30 199.66 184.49 270.54 -1 -1 -1 -1000 -1000 -1000 -10 1
283 191 Car -1 -1 -1 376.64 175.95 494.03 207.21 -1 -1 -1 -1000 -1000 -1000 -10 1
283 187 Car -1 -1 -1 -32.78 201.56 147.04 276.36 -1 -1 -1 -1000 -1000 -1000 -10 1
284 191 Car -1 -1 -1 340.84 178.94 460.84 211.76 -1 -1 -1 -1000 -1000 -1000 -10 1
284 187 Car -1 -1 -1 -46.34 201.57 101.65 277.43 -1 -1 -1 -1000 -1000 -1000 -10 1
285 191 Car -1 -1 -1 309.56 180.47 428.84 213.43 -1 -1 -1 -1000 -1000 -1000 -10 1
286 194 Car -1 -1 -1 477.72 162.96 518.06 193.18 -1 -1 -1 -1000 -1000 -1000 -10 1
286 191 Car -1 -1 -1 267.65 182.75 399.42 219.73 -1 -1 -1 -1000 -1000 -1000 -10 1
287 194 Car -1 -1 -1 477.78 163.32 518.19 193.36 -1 -1 -1 -1000 -1000 -1000 -10 1
287 191 Car -1 -1 -1 226.06 187.17 356.72 226.99 -1 -1 -1 -1000 -1000 -1000 -10 1
288 195 Car -1 -1 -1 479.92 163.22 518.76 193.93 -1 -1 -1 -1000 -1000 -1000 -10 1
288 194 Car -1 -1 -1 477.81 163.40 518.36 193.42 -1 -1 -1 -1000 -1000 -1000 -10 1
288 191 Car -1 -1 -1 189.86 187.62 331.98 232.71 -1 -1 -1 -1000 -1000 -1000 -10 1
289 195 Car -1 -1 -1 479.90 162.53 518.86 193.37 -1 -1 -1 -1000 -1000 -1000 -10 1
289 191 Car -1 -1 -1 143.69 191.84 294.61 241.22 -1 -1 -1 -1000 -1000 -1000 -10 1
290 195 Car -1 -1 -1 479.94 162.33 519.02 193.35 -1 -1 -1 -1000 -1000 -1000 -10 1
290 191 Car -1 -1 -1 96.87 192.62 265.79 249.93 -1 -1 -1 -1000 -1000 -1000 -10 1
291 195 Car -1 -1 -1 480.02 162.52 519.13 193.44 -1 -1 -1 -1000 -1000 -1000 -10 1
291 191 Car -1 -1 -1 45.86 197.52 228.85 259.34 -1 -1 -1 -1000 -1000 -1000 -10 1
292 195 Car -1 -1 -1 480.02 162.75 519.01 193.54 -1 -1 -1 -1000 -1000 -1000 -10 1
292 191 Car -1 -1 -1 3.01 196.17 200.06 268.09 -1 -1 -1 -1000 -1000 -1000 -10 1
293 195 Car -1 -1 -1 480.24 162.86 519.15 193.58 -1 -1 -1 -1000 -1000 -1000 -10 1
293 191 Car -1 -1 -1 -21.48 197.85 165.66 276.85 -1 -1 -1 -1000 -1000 -1000 -10 1
294 195 Car -1 -1 -1 480.30 162.97 519.18 193.69 -1 -1 -1 -1000 -1000 -1000 -10 1
294 191 Car -1 -1 -1 -38.78 198.90 122.82 282.08 -1 -1 -1 -1000 -1000 -1000 -10 1
295 195 Car -1 -1 -1 480.31 162.79 519.27 193.58 -1 -1 -1 -1000 -1000 -1000 -10 1
296 195 Car -1 -1 -1 480.14 162.58 519.31 193.52 -1 -1 -1 -1000 -1000 -1000 -10 1
297 196 Car -1 -1 -1 475.54 163.20 516.13 192.92 -1 -1 -1 -1000 -1000 -1000 -10 1
297 195 Car -1 -1 -1 480.14 162.43 519.38 193.41 -1 -1 -1 -1000 -1000 -1000 -10 1
298 196 Car -1 -1 -1 475.63 163.40 516.33 193.05 -1 -1 -1 -1000 -1000 -1000 -10 1
298 195 Car -1 -1 -1 480.38 162.49 519.71 193.36 -1 -1 -1 -1000 -1000 -1000 -10 1
299 195 Car -1 -1 -1 480.50 162.60 519.91 193.47 -1 -1 -1 -1000 -1000 -1000 -10 1
300 195 Car -1 -1 -1 480.43 162.63 519.92 193.48 -1 -1 -1 -1000 -1000 -1000 -10 1
301 195 Car -1 -1 -1 480.22 162.51 519.83 193.50 -1 -1 -1 -1000 -1000 -1000 -10 1
302 195 Car -1 -1 -1 480.16 162.49 519.75 193.58 -1 -1 -1 -1000 -1000 -1000 -10 1
303 195 Car -1 -1 -1 480.51 162.54 520.17 193.55 -1 -1 -1 -1000 -1000 -1000 -10 1
304 195 Car -1 -1 -1 480.30 162.58 520.10 193.61 -1 -1 -1 -1000 -1000 -1000 -10 1
305 195 Car -1 -1 -1 480.41 162.76 520.25 193.73 -1 -1 -1 -1000 -1000 -1000 -10 1
306 195 Car -1 -1 -1 480.54 162.65 520.38 193.60 -1 -1 -1 -1000 -1000 -1000 -10 1
307 195 Car -1 -1 -1 480.56 162.56 520.45 193.54 -1 -1 -1 -1000 -1000 -1000 -10 1
308 195 Car -1 -1 -1 480.67 162.55 520.61 193.50 -1 -1 -1 -1000 -1000 -1000 -10 1
309 195 Car -1 -1 -1 480.80 162.63 520.93 193.49 -1 -1 -1 -1000 -1000 -1000 -10 1
310 195 Car -1 -1 -1 480.56 162.61 520.64 193.54 -1 -1 -1 -1000 -1000 -1000 -10 1
311 195 Car -1 -1 -1 480.70 162.57 520.86 193.54 -1 -1 -1 -1000 -1000 -1000 -10 1
312 195 Car -1 -1 -1 480.72 162.56 520.90 193.57 -1 -1 -1 -1000 -1000 -1000 -10 1
313 195 Car -1 -1 -1 480.70 162.64 520.87 193.66 -1 -1 -1 -1000 -1000 -1000 -10 1
314 198 Car -1 -1 -1 476.30 164.00 517.87 193.79 -1 -1 -1 -1000 -1000 -1000 -10 1
314 195 Car -1 -1 -1 480.75 162.53 520.93 193.58 -1 -1 -1 -1000 -1000 -1000 -10 1
315 198 Car -1 -1 -1 476.20 164.02 517.77 193.82 -1 -1 -1 -1000 -1000 -1000 -10 1
315 195 Car -1 -1 -1 480.56 162.43 520.69 193.51 -1 -1 -1 -1000 -1000 -1000 -10 1
316 198 Car -1 -1 -1 476.28 163.99 517.78 193.79 -1 -1 -1 -1000 -1000 -1000 -10 1
316 195 Car -1 -1 -1 480.62 162.32 520.68 193.44 -1 -1 -1 -1000 -1000 -1000 -10 1
317 198 Car -1 -1 -1 476.28 163.94 517.68 193.77 -1 -1 -1 -1000 -1000 -1000 -10 1
317 195 Car -1 -1 -1 480.57 162.22 520.60 193.42 -1 -1 -1 -1000 -1000 -1000 -10 1
318 198 Car -1 -1 -1 476.43 163.89 517.84 193.76 -1 -1 -1 -1000 -1000 -1000 -10 1
318 195 Car -1 -1 -1 480.39 162.12 520.50 193.42 -1 -1 -1 -1000 -1000 -1000 -10 1
319 198 Car -1 -1 -1 476.36 164.19 517.72 194.04 -1 -1 -1 -1000 -1000 -1000 -10 1
319 195 Car -1 -1 -1 480.46 162.32 520.51 193.66 -1 -1 -1 -1000 -1000 -1000 -10 1
320 198 Car -1 -1 -1 476.52 164.09 517.97 194.01 -1 -1 -1 -1000 -1000 -1000 -10 1
320 195 Car -1 -1 -1 480.50 161.98 520.60 193.43 -1 -1 -1 -1000 -1000 -1000 -10 1
321 198 Car -1 -1 -1 476.92 164.21 518.49 194.14 -1 -1 -1 -1000 -1000 -1000 -10 1
321 195 Car -1 -1 -1 480.64 162.00 520.90 193.49 -1 -1 -1 -1000 -1000 -1000 -10 1
322 198 Car -1 -1 -1 476.47 164.06 518.09 194.02 -1 -1 -1 -1000 -1000 -1000 -10 1
322 195 Car -1 -1 -1 480.35 161.92 520.64 193.44 -1 -1 -1 -1000 -1000 -1000 -10 1
323 198 Car -1 -1 -1 476.53 163.93 518.28 193.96 -1 -1 -1 -1000 -1000 -1000 -10 1
323 195 Car -1 -1 -1 480.37 161.70 520.74 193.32 -1 -1 -1 -1000 -1000 -1000 -10 1
324 198 Car -1 -1 -1 476.61 163.99 518.31 194.04 -1 -1 -1 -1000 -1000 -1000 -10 1
324 195 Car -1 -1 -1 480.14 161.68 520.50 193.37 -1 -1 -1 -1000 -1000 -1000 -10 1
325 198 Car -1 -1 -1 476.54 164.00 518.15 194.05 -1 -1 -1 -1000 -1000 -1000 -10 1
325 195 Car -1 -1 -1 480.05 161.48 520.43 193.24 -1 -1 -1 -1000 -1000 -1000 -10 1
326 198 Car -1 -1 -1 476.52 163.96 518.11 194.09 -1 -1 -1 -1000 -1000 -1000 -10 1
326 195 Car -1 -1 -1 480.14 161.38 520.52 193.25 -1 -1 -1 -1000 -1000 -1000 -10 1
327 198 Car -1 -1 -1 476.62 163.93 518.06 194.09 -1 -1 -1 -1000 -1000 -1000 -10 1
327 195 Car -1 -1 -1 480.06 161.29 520.35 193.21 -1 -1 -1 -1000 -1000 -1000 -10 1
328 198 Car -1 -1 -1 476.36 163.76 517.68 193.96 -1 -1 -1 -1000 -1000 -1000 -10 1
328 195 Car -1 -1 -1 479.97 161.33 520.14 193.26 -1 -1 -1 -1000 -1000 -1000 -10 1
329 198 Car -1 -1 -1 476.17 163.80 517.32 193.95 -1 -1 -1 -1000 -1000 -1000 -10 1
329 195 Car -1 -1 -1 479.84 161.51 519.84 193.37 -1 -1 -1 -1000 -1000 -1000 -10 1
330 198 Car -1 -1 -1 476.00 163.75 517.13 193.95 -1 -1 -1 -1000 -1000 -1000 -10 1
330 195 Car -1 -1 -1 479.97 161.49 519.97 193.32 -1 -1 -1 -1000 -1000 -1000 -10 1
331 198 Car -1 -1 -1 475.88 163.86 516.95 194.05 -1 -1 -1 -1000 -1000 -1000 -10 1
331 195 Car -1 -1 -1 479.82 161.63 519.79 193.42 -1 -1 -1 -1000 -1000 -1000 -10 1
332 195 Car -1 -1 -1 479.66 161.82 519.54 193.56 -1 -1 -1 -1000 -1000 -1000 -10 1
333 195 Car -1 -1 -1 479.53 161.86 519.31 193.60 -1 -1 -1 -1000 -1000 -1000 -10 1
334 195 Car -1 -1 -1 479.70 161.70 519.41 193.45 -1 -1 -1 -1000 -1000 -1000 -10 1
335 198 Car -1 -1 -1 476.05 163.97 516.89 194.19 -1 -1 -1 -1000 -1000 -1000 -10 1
335 195 Car -1 -1 -1 479.80 161.70 519.39 193.46 -1 -1 -1 -1000 -1000 -1000 -10 1
336 198 Car -1 -1 -1 476.05 163.89 516.87 194.06 -1 -1 -1 -1000 -1000 -1000 -10 1
336 195 Car -1 -1 -1 479.82 161.72 519.48 193.46 -1 -1 -1 -1000 -1000 -1000 -10 1
337 195 Car -1 -1 -1 479.89 161.68 519.48 193.43 -1 -1 -1 -1000 -1000 -1000 -10 1
338 195 Car -1 -1 -1 479.86 161.76 519.42 193.49 -1 -1 -1 -1000 -1000 -1000 -10 1
339 195 Car -1 -1 -1 479.91 161.73 519.50 193.46 -1 -1 -1 -1000 -1000 -1000 -10 1
340 198 Car -1 -1 -1 476.30 163.76 516.81 193.89 -1 -1 -1 -1000 -1000 -1000 -10 1
340 195 Car -1 -1 -1 479.66 161.64 519.16 193.44 -1 -1 -1 -1000 -1000 -1000 -10 1
341 198 Car -1 -1 -1 476.47 163.98 516.99 194.05 -1 -1 -1 -1000 -1000 -1000 -10 1
341 195 Car -1 -1 -1 479.77 161.86 519.30 193.60 -1 -1 -1 -1000 -1000 -1000 -10 1
342 198 Car -1 -1 -1 476.31 164.06 516.74 194.10 -1 -1 -1 -1000 -1000 -1000 -10 1
342 195 Car -1 -1 -1 479.73 161.89 519.24 193.67 -1 -1 -1 -1000 -1000 -1000 -10 1
343 198 Car -1 -1 -1 476.16 163.96 516.57 193.96 -1 -1 -1 -1000 -1000 -1000 -10 1
343 195 Car -1 -1 -1 479.81 161.79 519.31 193.58 -1 -1 -1 -1000 -1000 -1000 -10 1
344 198 Car -1 -1 -1 476.12 163.77 516.56 193.80 -1 -1 -1 -1000 -1000 -1000 -10 1
344 195 Car -1 -1 -1 479.78 161.63 519.32 193.48 -1 -1 -1 -1000 -1000 -1000 -10 1
345 198 Car -1 -1 -1 475.99 163.61 516.47 193.62 -1 -1 -1 -1000 -1000 -1000 -10 1
345 195 Car -1 -1 -1 479.71 161.59 519.37 193.44 -1 -1 -1 -1000 -1000 -1000 -10 1
