0 5 Car -1 -1 -1 402.78 170.57 458.21 198.13 -1 -1 -1 -1000 -1000 -1000 -10 1
0 4 Car -1 -1 -1 790.16 167.12 882.94 208.29 -1 -1 -1 -1000 -1000 -1000 -10 1
0 3 Car -1 -1 -1 438.20 173.40 472.91 193.70 -1 -1 -1 -1000 -1000 -1000 -10 1
0 2 Car -1 -1 -1 776.34 178.15 870.62 234.74 -1 -1 -1 -1000 -1000 -1000 -10 1
0 1 Car -1 -1 -1 788.97 155.06 893.04 194.33 -1 -1 -1 -1000 -1000 -1000 -10 1
1 5 Car -1 -1 -1 384.88 170.27 450.43 197.97 -1 -1 -1 -1000 -1000 -1000 -10 1
1 2 Car -1 -1 -1 767.81 175.85 867.28 230.82 -1 -1 -1 -1000 -1000 -1000 -10 1
1 1 Car -1 -1 -1 818.81 153.77 915.97 193.95 -1 -1 -1 -1000 -1000 -1000 -10 1
2 6 Car -1 -1 -1 379.88 169.87 432.44 204.07 -1 -1 -1 -1000 -1000 -1000 -10 1
2 5 Car -1 -1 -1 372.63 170.58 434.93 200.46 -1 -1 -1 -1000 -1000 -1000 -10 1
2 4 Car -1 -1 -1 800.42 163.65 881.30 201.78 -1 -1 -1 -1000 -1000 -1000 -10 1
2 2 Car -1 -1 -1 765.46 181.09 857.74 232.10 -1 -1 -1 -1000 -1000 -1000 -10 1
2 1 Car -1 -1 -1 795.33 151.17 899.80 194.94 -1 -1 -1 -1000 -1000 -1000 -10 1
3 5 Car -1 -1 -1 359.45 163.69 426.45 198.70 -1 -1 -1 -1000 -1000 -1000 -10 1
3 2 Car -1 -1 -1 758.52 181.07 847.19 230.43 -1 -1 -1 -1000 -1000 -1000 -10 1
4 5 Car -1 -1 -1 337.09 169.87 401.32 203.06 -1 -1 -1 -1000 -1000 -1000 -10 1
4 4 Car -1 -1 -1 803.45 160.87 872.72 193.31 -1 -1 -1 -1000 -1000 -1000 -10 1
4 2 Car -1 -1 -1 754.54 177.86 832.03 223.93 -1 -1 -1 -1000 -1000 -1000 -10 1
5 5 Car -1 -1 -1 324.06 170.03 389.85 203.96 -1 -1 -1 -1000 -1000 -1000 -10 1
5 4 Car -1 -1 -1 801.56 159.99 871.22 190.71 -1 -1 -1 -1000 -1000 -1000 -10 1
5 2 Car -1 -1 -1 751.55 173.23 822.30 217.16 -1 -1 -1 -1000 -1000 -1000 -10 1
6 5 Car -1 -1 -1 304.49 170.92 377.06 207.64 -1 -1 -1 -1000 -1000 -1000 -10 1
6 2 Car -1 -1 -1 749.75 173.99 814.40 216.01 -1 -1 -1 -1000 -1000 -1000 -10 1
7 5 Car -1 -1 -1 285.38 169.49 372.02 210.98 -1 -1 -1 -1000 -1000 -1000 -10 1
7 2 Car -1 -1 -1 744.86 177.29 807.22 218.88 -1 -1 -1 -1000 -1000 -1000 -10 1
8 5 Car -1 -1 -1 265.31 169.97 360.55 216.92 -1 -1 -1 -1000 -1000 -1000 -10 1
8 2 Car -1 -1 -1 741.09 178.06 800.45 218.82 -1 -1 -1 -1000 -1000 -1000 -10 1
9 5 Car -1 -1 -1 245.81 167.91 346.28 218.47 -1 -1 -1 -1000 -1000 -1000 -10 1
9 2 Car -1 -1 -1 738.07 177.48 794.45 216.93 -1 -1 -1 -1000 -1000 -1000 -10 1
10 8 Car -1 -1 -1 835.36 158.27 942.55 191.60 -1 -1 -1 -1000 -1000 -1000 -10 1
10 5 Car -1 -1 -1 217.77 170.32 328.20 221.91 -1 -1 -1 -1000 -1000 -1000 -10 1
10 2 Car -1 -1 -1 736.61 177.11 790.33 215.80 -1 -1 -1 -1000 -1000 -1000 -10 1
11 5 Car -1 -1 -1 186.84 173.72 308.68 228.47 -1 -1 -1 -1000 -1000 -1000 -10 1
11 2 Car -1 -1 -1 733.33 178.41 786.18 217.36 -1 -1 -1 -1000 -1000 -1000 -10 1
12 16 Car -1 -1 -1 346.07 185.00 427.36 228.31 -1 -1 -1 -1000 -1000 -1000 -10 1
12 2 Car -1 -1 -1 730.79 179.87 781.74 218.62 -1 -1 -1 -1000 -1000 -1000 -10 1
13 16 Car -1 -1 -1 285.40 185.21 386.58 239.20 -1 -1 -1 -1000 -1000 -1000 -10 1
13 15 Car -1 -1 -1 89.64 169.24 260.87 235.12 -1 -1 -1 -1000 -1000 -1000 -10 1
13 2 Car -1 -1 -1 724.85 180.34 774.51 219.09 -1 -1 -1 -1000 -1000 -1000 -10 1
14 15 Car -1 -1 -1 33.39 167.00 216.19 239.40 -1 -1 -1 -1000 -1000 -1000 -10 1
14 2 Car -1 -1 -1 717.23 180.00 768.07 219.44 -1 -1 -1 -1000 -1000 -1000 -10 1
15 17 Car -1 -1 -1 342.31 177.79 408.20 215.29 -1 -1 -1 -1000 -1000 -1000 -10 1
15 15 Car -1 -1 -1 -6.58 174.77 219.14 273.73 -1 -1 -1 -1000 -1000 -1000 -10 1
15 2 Car -1 -1 -1 710.38 176.63 759.95 214.94 -1 -1 -1 -1000 -1000 -1000 -10 1
16 17 Car -1 -1 -1 305.54 179.97 377.89 220.59 -1 -1 -1 -1000 -1000 -1000 -10 1
16 15 Car -1 -1 -1 -35.52 164.04 165.78 259.24 -1 -1 -1 -1000 -1000 -1000 -10 1
16 2 Car -1 -1 -1 705.13 176.85 754.17 214.40 -1 -1 -1 -1000 -1000 -1000 -10 1
17 17 Car -1 -1 -1 248.98 179.06 344.39 227.75 -1 -1 -1 -1000 -1000 -1000 -10 1
17 15 Car -1 -1 -1 -38.09 160.31 141.54 248.41 -1 -1 -1 -1000 -1000 -1000 -10 1
17 2 Car -1 -1 -1 702.57 176.38 749.75 213.12 -1 -1 -1 -1000 -1000 -1000 -10 1
18 17 Car -1 -1 -1 183.15 182.24 294.41 235.61 -1 -1 -1 -1000 -1000 -1000 -10 1
18 2 Car -1 -1 -1 696.61 177.60 743.37 215.12 -1 -1 -1 -1000 -1000 -1000 -10 1
19 2 Car -1 -1 -1 695.08 176.32 740.04 212.17 -1 -1 -1 -1000 -1000 -1000 -10 1
20 22 Car -1 -1 -1 595.76 171.93 625.38 195.32 -1 -1 -1 -1000 -1000 -1000 -10 1
20 2 Car -1 -1 -1 692.11 176.50 735.57 212.34 -1 -1 -1 -1000 -1000 -1000 -10 1
21 22 Car -1 -1 -1 594.25 169.63 624.65 193.53 -1 -1 -1 -1000 -1000 -1000 -10 1
21 2 Car -1 -1 -1 690.59 176.33 733.39 211.07 -1 -1 -1 -1000 -1000 -1000 -10 1
22 22 Car -1 -1 -1 594.03 168.94 625.07 192.97 -1 -1 -1 -1000 -1000 -1000 -10 1
22 2 Car -1 -1 -1 688.47 176.09 732.16 211.20 -1 -1 -1 -1000 -1000 -1000 -10 1
23 22 Car -1 -1 -1 591.83 169.72 623.74 193.77 -1 -1 -1 -1000 -1000 -1000 -10 1
23 2 Car -1 -1 -1 687.27 175.75 732.27 211.24 -1 -1 -1 -1000 -1000 -1000 -10 1
24 22 Car -1 -1 -1 592.91 171.72 625.62 197.97 -1 -1 -1 -1000 -1000 -1000 -10 1
24 2 Car -1 -1 -1 688.30 177.47 732.32 212.06 -1 -1 -1 -1000 -1000 -1000 -10 1
25 29 Car -1 -1 -1 140.98 179.81 283.80 244.77 -1 -1 -1 -1000 -1000 -1000 -10 1
25 22 Car -1 -1 -1 584.03 173.87 615.39 199.60 -1 -1 -1 -1000 -1000 -1000 -10 1
25 2 Car -1 -1 -1 695.10 178.64 737.07 212.01 -1 -1 -1 -1000 -1000 -1000 -10 1
26 29 Car -1 -1 -1 31.08 184.61 201.67 258.95 -1 -1 -1 -1000 -1000 -1000 -10 1
26 2 Car -1 -1 -1 702.90 178.93 743.60 211.49 -1 -1 -1 -1000 -1000 -1000 -10 1
27 31 Car -1 -1 -1 358.18 174.70 441.50 225.47 -1 -1 -1 -1000 -1000 -1000 -10 1
27 29 Car -1 -1 -1 -29.38 190.96 110.18 264.29 -1 -1 -1 -1000 -1000 -1000 -10 1
28 34 Car -1 -1 -1 199.04 184.34 259.88 218.58 -1 -1 -1 -1000 -1000 -1000 -10 1
28 31 Car -1 -1 -1 324.13 171.60 420.99 229.75 -1 -1 -1 -1000 -1000 -1000 -10 1
29 34 Car -1 -1 -1 175.74 183.52 241.41 221.10 -1 -1 -1 -1000 -1000 -1000 -10 1
29 31 Car -1 -1 -1 273.12 166.48 392.14 234.43 -1 -1 -1 -1000 -1000 -1000 -10 1
29 22 Car -1 -1 -1 592.89 167.26 634.24 202.76 -1 -1 -1 -1000 -1000 -1000 -10 1
30 37 Car -1 -1 -1 768.38 165.58 815.33 199.29 -1 -1 -1 -1000 -1000 -1000 -10 1
30 34 Car -1 -1 -1 153.77 180.12 223.69 221.61 -1 -1 -1 -1000 -1000 -1000 -10 1
30 33 Car -1 -1 -1 204.89 167.11 347.53 245.60 -1 -1 -1 -1000 -1000 -1000 -10 1
30 31 Car -1 -1 -1 202.82 163.05 349.82 246.11 -1 -1 -1 -1000 -1000 -1000 -10 1
30 22 Car -1 -1 -1 592.72 164.89 636.54 202.60 -1 -1 -1 -1000 -1000 -1000 -10 1
31 37 Car -1 -1 -1 794.56 167.19 842.05 199.87 -1 -1 -1 -1000 -1000 -1000 -10 1
31 33 Car -1 -1 -1 103.89 164.22 293.15 261.16 -1 -1 -1 -1000 -1000 -1000 -10 1
31 31 Car -1 -1 -1 105.98 162.08 297.39 263.00 -1 -1 -1 -1000 -1000 -1000 -10 1
31 22 Car -1 -1 -1 590.63 164.46 637.64 204.36 -1 -1 -1 -1000 -1000 -1000 -10 1
32 40 Car -1 -1 -1 332.02 177.70 419.43 224.16 -1 -1 -1 -1000 -1000 -1000 -10 1
32 37 Car -1 -1 -1 820.20 168.62 869.68 199.09 -1 -1 -1 -1000 -1000 -1000 -10 1
32 33 Car -1 -1 -1 10.26 170.33 225.08 285.83 -1 -1 -1 -1000 -1000 -1000 -10 1
32 22 Car -1 -1 -1 590.31 163.15 639.57 206.34 -1 -1 -1 -1000 -1000 -1000 -10 1
33 40 Car -1 -1 -1 284.02 180.80 389.98 232.92 -1 -1 -1 -1000 -1000 -1000 -10 1
33 37 Car -1 -1 -1 843.93 168.74 900.05 199.59 -1 -1 -1 -1000 -1000 -1000 -10 1
33 22 Car -1 -1 -1 588.68 162.90 639.82 208.42 -1 -1 -1 -1000 -1000 -1000 -10 1
34 40 Car -1 -1 -1 230.37 183.74 348.79 242.24 -1 -1 -1 -1000 -1000 -1000 -10 1
34 22 Car -1 -1 -1 587.92 162.65 641.02 210.10 -1 -1 -1 -1000 -1000 -1000 -10 1
35 40 Car -1 -1 -1 144.19 182.95 296.35 253.95 -1 -1 -1 -1000 -1000 -1000 -10 1
35 22 Car -1 -1 -1 585.29 164.02 639.90 212.35 -1 -1 -1 -1000 -1000 -1000 -10 1
36 40 Car -1 -1 -1 35.88 190.05 221.09 271.40 -1 -1 -1 -1000 -1000 -1000 -10 1
36 22 Car -1 -1 -1 586.34 164.67 642.69 214.66 -1 -1 -1 -1000 -1000 -1000 -10 1
37 40 Car -1 -1 -1 -25.66 199.34 145.60 289.55 -1 -1 -1 -1000 -1000 -1000 -10 1
37 22 Car -1 -1 -1 586.53 167.30 645.45 219.62 -1 -1 -1 -1000 -1000 -1000 -10 1
38 46 Car -1 -1 -1 184.00 179.61 348.29 248.28 -1 -1 -1 -1000 -1000 -1000 -10 1
38 42 Car -1 -1 -1 813.03 163.20 878.95 189.61 -1 -1 -1 -1000 -1000 -1000 -10 1
38 22 Car -1 -1 -1 584.44 167.45 645.74 221.69 -1 -1 -1 -1000 -1000 -1000 -10 1
39 46 Car -1 -1 -1 72.60 183.48 290.67 272.55 -1 -1 -1 -1000 -1000 -1000 -10 1
39 42 Car -1 -1 -1 794.15 162.75 858.53 188.52 -1 -1 -1 -1000 -1000 -1000 -10 1
39 22 Car -1 -1 -1 579.70 166.81 643.50 223.73 -1 -1 -1 -1000 -1000 -1000 -10 1
40 48 Car -1 -1 -1 1148.89 156.89 1251.25 195.34 -1 -1 -1 -1000 -1000 -1000 -10 1
40 46 Car -1 -1 -1 7.89 183.79 234.77 275.31 -1 -1 -1 -1000 -1000 -1000 -10 1
40 42 Car -1 -1 -1 767.68 161.16 838.95 186.86 -1 -1 -1 -1000 -1000 -1000 -10 1
40 22 Car -1 -1 -1 576.25 167.80 642.78 227.65 -1 -1 -1 -1000 -1000 -1000 -10 1
41 46 Car -1 -1 -1 -28.28 185.49 183.86 272.42 -1 -1 -1 -1000 -1000 -1000 -10 1
41 42 Car -1 -1 -1 747.70 161.59 818.52 188.57 -1 -1 -1 -1000 -1000 -1000 -10 1
41 22 Car -1 -1 -1 570.62 168.80 642.41 229.87 -1 -1 -1 -1000 -1000 -1000 -10 1
42 46 Car -1 -1 -1 -48.60 202.71 147.05 303.64 -1 -1 -1 -1000 -1000 -1000 -10 1
42 22 Car -1 -1 -1 568.19 169.73 646.23 233.18 -1 -1 -1 -1000 -1000 -1000 -10 1
43 52 Car -1 -1 -1 3.80 213.53 307.03 375.74 -1 -1 -1 -1000 -1000 -1000 -10 1
43 22 Car -1 -1 -1 568.17 170.76 652.54 237.75 -1 -1 -1 -1000 -1000 -1000 -10 1
44 52 Car -1 -1 -1 7.82 207.95 323.40 374.73 -1 -1 -1 -1000 -1000 -1000 -10 1
44 22 Car -1 -1 -1 566.45 170.66 656.50 241.47 -1 -1 -1 -1000 -1000 -1000 -10 1
45 52 Car -1 -1 -1 7.37 204.24 342.35 375.23 -1 -1 -1 -1000 -1000 -1000 -10 1
45 22 Car -1 -1 -1 561.10 170.50 654.60 246.45 -1 -1 -1 -1000 -1000 -1000 -10 1
46 52 Car -1 -1 -1 4.34 199.04 361.08 374.77 -1 -1 -1 -1000 -1000 -1000 -10 1
46 22 Car -1 -1 -1 559.08 170.07 656.31 249.99 -1 -1 -1 -1000 -1000 -1000 -10 1
47 52 Car -1 -1 -1 0.50 198.81 374.69 375.00 -1 -1 -1 -1000 -1000 -1000 -10 1
47 22 Car -1 -1 -1 555.23 168.54 654.98 251.91 -1 -1 -1 -1000 -1000 -1000 -10 1
48 52 Car -1 -1 -1 -2.17 195.12 388.90 375.11 -1 -1 -1 -1000 -1000 -1000 -10 1
48 22 Car -1 -1 -1 557.75 171.91 661.44 256.57 -1 -1 -1 -1000 -1000 -1000 -10 1
49 52 Car -1 -1 -1 -6.94 192.63 408.75 375.80 -1 -1 -1 -1000 -1000 -1000 -10 1
49 22 Car -1 -1 -1 553.63 172.20 661.83 260.72 -1 -1 -1 -1000 -1000 -1000 -10 1
50 52 Car -1 -1 -1 -8.74 190.59 409.69 374.76 -1 -1 -1 -1000 -1000 -1000 -10 1
50 22 Car -1 -1 -1 551.44 169.06 667.25 262.99 -1 -1 -1 -1000 -1000 -1000 -10 1
51 52 Car -1 -1 -1 -11.86 189.35 419.36 372.01 -1 -1 -1 -1000 -1000 -1000 -10 1
51 22 Car -1 -1 -1 547.70 167.68 672.21 267.65 -1 -1 -1 -1000 -1000 -1000 -10 1
52 52 Car -1 -1 -1 -10.91 188.68 423.74 372.93 -1 -1 -1 -1000 -1000 -1000 -10 1
52 22 Car -1 -1 -1 547.10 169.10 668.96 267.20 -1 -1 -1 -1000 -1000 -1000 -10 1
53 52 Car -1 -1 -1 -14.57 187.06 430.48 372.66 -1 -1 -1 -1000 -1000 -1000 -10 1
54 52 Car -1 -1 -1 -16.45 183.09 436.10 372.62 -1 -1 -1 -1000 -1000 -1000 -10 1
55 57 Car -1 -1 -1 528.15 164.79 695.28 292.69 -1 -1 -1 -1000 -1000 -1000 -10 1
55 52 Car -1 -1 -1 -10.65 181.47 442.97 372.97 -1 -1 -1 -1000 -1000 -1000 -10 1
56 57 Car -1 -1 -1 527.78 166.77 697.72 299.85 -1 -1 -1 -1000 -1000 -1000 -10 1
56 52 Car -1 -1 -1 -3.15 180.44 450.34 373.14 -1 -1 -1 -1000 -1000 -1000 -10 1
57 57 Car -1 -1 -1 527.91 168.79 696.18 301.29 -1 -1 -1 -1000 -1000 -1000 -10 1
57 52 Car -1 -1 -1 6.13 179.58 456.11 373.17 -1 -1 -1 -1000 -1000 -1000 -10 1
58 57 Car -1 -1 -1 523.03 166.10 696.24 303.73 -1 -1 -1 -1000 -1000 -1000 -10 1
58 52 Car -1 -1 -1 8.85 178.59 454.73 373.10 -1 -1 -1 -1000 -1000 -1000 -10 1
59 52 Car -1 -1 -1 7.75 179.42 450.76 373.80 -1 -1 -1 -1000 -1000 -1000 -10 1
60 52 Car -1 -1 -1 3.94 178.93 448.73 373.80 -1 -1 -1 -1000 -1000 -1000 -10 1
61 60 Car -1 -1 -1 510.73 158.32 712.80 323.89 -1 -1 -1 -1000 -1000 -1000 -10 1
61 52 Car -1 -1 -1 -7.51 182.15 439.08 373.30 -1 -1 -1 -1000 -1000 -1000 -10 1
62 60 Car -1 -1 -1 508.07 155.30 713.40 330.62 -1 -1 -1 -1000 -1000 -1000 -10 1
62 57 Car -1 -1 -1 516.44 163.24 705.08 324.00 -1 -1 -1 -1000 -1000 -1000 -10 1
62 52 Car -1 -1 -1 -16.19 185.13 434.02 375.14 -1 -1 -1 -1000 -1000 -1000 -10 1
63 60 Car -1 -1 -1 503.01 152.52 714.08 337.28 -1 -1 -1 -1000 -1000 -1000 -10 1
63 57 Car -1 -1 -1 512.25 162.45 704.56 330.62 -1 -1 -1 -1000 -1000 -1000 -10 1
63 52 Car -1 -1 -1 -16.22 187.06 430.86 375.59 -1 -1 -1 -1000 -1000 -1000 -10 1
64 60 Car -1 -1 -1 497.58 149.39 718.82 343.38 -1 -1 -1 -1000 -1000 -1000 -10 1
64 57 Car -1 -1 -1 507.33 160.40 706.69 334.96 -1 -1 -1 -1000 -1000 -1000 -10 1
64 52 Car -1 -1 -1 -17.00 187.36 431.13 373.54 -1 -1 -1 -1000 -1000 -1000 -10 1
65 60 Car -1 -1 -1 493.46 147.21 724.27 349.79 -1 -1 -1 -1000 -1000 -1000 -10 1
65 57 Car -1 -1 -1 502.65 159.21 709.55 339.03 -1 -1 -1 -1000 -1000 -1000 -10 1
65 52 Car -1 -1 -1 -18.97 190.79 424.52 372.27 -1 -1 -1 -1000 -1000 -1000 -10 1
66 60 Car -1 -1 -1 490.13 144.66 725.74 352.56 -1 -1 -1 -1000 -1000 -1000 -10 1
66 57 Car -1 -1 -1 500.06 157.90 708.16 341.35 -1 -1 -1 -1000 -1000 -1000 -10 1
66 52 Car -1 -1 -1 -13.89 191.83 424.28 373.06 -1 -1 -1 -1000 -1000 -1000 -10 1
67 60 Car -1 -1 -1 486.38 144.36 725.96 356.30 -1 -1 -1 -1000 -1000 -1000 -10 1
67 57 Car -1 -1 -1 498.59 157.44 708.68 344.51 -1 -1 -1 -1000 -1000 -1000 -10 1
67 52 Car -1 -1 -1 -19.27 193.21 427.26 375.00 -1 -1 -1 -1000 -1000 -1000 -10 1
68 60 Car -1 -1 -1 486.41 145.91 730.44 360.56 -1 -1 -1 -1000 -1000 -1000 -10 1
68 57 Car -1 -1 -1 497.88 158.35 712.59 348.33 -1 -1 -1 -1000 -1000 -1000 -10 1
68 52 Car -1 -1 -1 -24.18 192.84 425.11 376.28 -1 -1 -1 -1000 -1000 -1000 -10 1
69 60 Car -1 -1 -1 488.11 148.48 734.63 365.25 -1 -1 -1 -1000 -1000 -1000 -10 1
69 57 Car -1 -1 -1 497.91 158.43 714.67 353.02 -1 -1 -1 -1000 -1000 -1000 -10 1
69 52 Car -1 -1 -1 -19.86 191.12 420.59 374.82 -1 -1 -1 -1000 -1000 -1000 -10 1
70 60 Car -1 -1 -1 482.49 149.95 734.03 367.70 -1 -1 -1 -1000 -1000 -1000 -10 1
70 57 Car -1 -1 -1 495.80 156.92 722.08 359.55 -1 -1 -1 -1000 -1000 -1000 -10 1
70 52 Car -1 -1 -1 -19.93 190.13 415.22 373.85 -1 -1 -1 -1000 -1000 -1000 -10 1
71 57 Car -1 -1 -1 492.84 155.95 727.44 364.57 -1 -1 -1 -1000 -1000 -1000 -10 1
71 52 Car -1 -1 -1 -16.52 192.29 409.46 374.48 -1 -1 -1 -1000 -1000 -1000 -10 1
72 57 Car -1 -1 -1 490.77 155.13 731.08 367.78 -1 -1 -1 -1000 -1000 -1000 -10 1
72 52 Car -1 -1 -1 -12.81 193.15 405.87 374.03 -1 -1 -1 -1000 -1000 -1000 -10 1
73 57 Car -1 -1 -1 488.42 153.97 733.37 369.23 -1 -1 -1 -1000 -1000 -1000 -10 1
73 52 Car -1 -1 -1 -9.71 193.20 403.79 373.25 -1 -1 -1 -1000 -1000 -1000 -10 1
74 57 Car -1 -1 -1 486.61 152.88 734.99 370.07 -1 -1 -1 -1000 -1000 -1000 -10 1
74 52 Car -1 -1 -1 -7.19 193.65 401.77 372.91 -1 -1 -1 -1000 -1000 -1000 -10 1
