0 6 Car -1 -1 -1 1133.23 141.16 1254.13 198.49 -1 -1 -1 -1000 -1000 -1000 -10 1
0 5 Car -1 -1 -1 863.27 172.99 989.64 206.23 -1 -1 -1 -1000 -1000 -1000 -10 1
0 4 Car -1 -1 -1 519.51 175.22 655.24 281.66 -1 -1 -1 -1000 -1000 -1000 -10 1
0 3 Car -1 -1 -1 -13.11 209.00 407.90 369.19 -1 -1 -1 -1000 -1000 -1000 -10 1
0 2 Car -1 -1 -1 1150.18 136.99 1240.18 199.68 -1 -1 -1 -1000 -1000 -1000 -10 1
0 1 Car -1 -1 -1 982.34 158.08 1136.00 208.10 -1 -1 -1 -1000 -1000 -1000 -10 1
1 7 Car -1 -1 -1 528.42 176.81 638.22 280.60 -1 -1 -1 -1000 -1000 -1000 -10 1
1 5 Car -1 -1 -1 857.92 172.17 994.51 208.16 -1 -1 -1 -1000 -1000 -1000 -10 1
1 4 Car -1 -1 -1 518.95 175.25 647.05 278.65 -1 -1 -1 -1000 -1000 -1000 -10 1
1 3 Car -1 -1 -1 -19.22 204.11 409.72 370.10 -1 -1 -1 -1000 -1000 -1000 -10 1
1 2 Car -1 -1 -1 1157.32 139.33 1239.60 200.05 -1 -1 -1 -1000 -1000 -1000 -10 1
1 1 Car -1 -1 -1 987.72 155.75 1141.33 206.45 -1 -1 -1 -1000 -1000 -1000 -10 1
2 5 Car -1 -1 -1 863.58 171.52 995.87 210.24 -1 -1 -1 -1000 -1000 -1000 -10 1
2 4 Car -1 -1 -1 518.08 175.46 640.58 275.73 -1 -1 -1 -1000 -1000 -1000 -10 1
2 3 Car -1 -1 -1 -21.31 204.40 399.63 367.10 -1 -1 -1 -1000 -1000 -1000 -10 1
2 2 Car -1 -1 -1 1165.82 142.84 1242.55 204.20 -1 -1 -1 -1000 -1000 -1000 -10 1
2 1 Car -1 -1 -1 1003.37 152.50 1168.01 207.67 -1 -1 -1 -1000 -1000 -1000 -10 1
3 5 Car -1 -1 -1 873.72 169.07 1011.00 210.03 -1 -1 -1 -1000 -1000 -1000 -10 1
3 4 Car -1 -1 -1 517.14 177.30 635.38 273.75 -1 -1 -1 -1000 -1000 -1000 -10 1
3 3 Car -1 -1 -1 -16.49 208.19 393.79 367.45 -1 -1 -1 -1000 -1000 -1000 -10 1
3 2 Car -1 -1 -1 1177.62 146.25 1243.77 202.72 -1 -1 -1 -1000 -1000 -1000 -10 1
3 1 Car -1 -1 -1 1015.97 146.84 1191.07 209.65 -1 -1 -1 -1000 -1000 -1000 -10 1
4 5 Car -1 -1 -1 889.59 169.01 1027.31 210.35 -1 -1 -1 -1000 -1000 -1000 -10 1
4 4 Car -1 -1 -1 506.98 178.67 626.40 271.63 -1 -1 -1 -1000 -1000 -1000 -10 1
4 3 Car -1 -1 -1 -13.53 210.81 388.76 367.88 -1 -1 -1 -1000 -1000 -1000 -10 1
4 2 Car -1 -1 -1 1189.92 147.08 1244.12 200.24 -1 -1 -1 -1000 -1000 -1000 -10 1
4 1 Car -1 -1 -1 1025.50 150.96 1195.10 212.06 -1 -1 -1 -1000 -1000 -1000 -10 1
5 4 Car -1 -1 -1 493.16 184.40 613.90 275.65 -1 -1 -1 -1000 -1000 -1000 -10 1
5 3 Car -1 -1 -1 -15.08 208.38 374.29 368.40 -1 -1 -1 -1000 -1000 -1000 -10 1
5 1 Car -1 -1 -1 1032.95 152.58 1196.37 211.85 -1 -1 -1 -1000 -1000 -1000 -10 1
6 4 Car -1 -1 -1 473.82 184.49 592.46 274.37 -1 -1 -1 -1000 -1000 -1000 -10 1
6 3 Car -1 -1 -1 -15.18 207.93 362.46 369.89 -1 -1 -1 -1000 -1000 -1000 -10 1
6 1 Car -1 -1 -1 1055.87 154.37 1213.84 212.57 -1 -1 -1 -1000 -1000 -1000 -10 1
7 4 Car -1 -1 -1 452.48 182.87 574.59 272.17 -1 -1 -1 -1000 -1000 -1000 -10 1
7 3 Car -1 -1 -1 -15.06 209.16 349.09 370.54 -1 -1 -1 -1000 -1000 -1000 -10 1
7 1 Car -1 -1 -1 1075.72 149.78 1230.01 211.08 -1 -1 -1 -1000 -1000 -1000 -10 1
8 4 Car -1 -1 -1 423.04 179.49 549.39 270.54 -1 -1 -1 -1000 -1000 -1000 -10 1
8 3 Car -1 -1 -1 -17.04 209.50 333.60 369.04 -1 -1 -1 -1000 -1000 -1000 -10 1
8 1 Car -1 -1 -1 1075.70 151.72 1223.43 210.52 -1 -1 -1 -1000 -1000 -1000 -10 1
9 4 Car -1 -1 -1 391.15 178.89 522.89 271.80 -1 -1 -1 -1000 -1000 -1000 -10 1
9 3 Car -1 -1 -1 -18.29 214.30 307.71 370.45 -1 -1 -1 -1000 -1000 -1000 -10 1
10 4 Car -1 -1 -1 356.18 176.35 495.00 268.96 -1 -1 -1 -1000 -1000 -1000 -10 1
10 3 Car -1 -1 -1 -18.52 212.82 282.82 366.47 -1 -1 -1 -1000 -1000 -1000 -10 1
11 5 Car -1 -1 -1 986.12 142.49 1196.03 213.45 -1 -1 -1 -1000 -1000 -1000 -10 1
11 4 Car -1 -1 -1 315.58 177.98 462.62 275.65 -1 -1 -1 -1000 -1000 -1000 -10 1
11 3 Car -1 -1 -1 -21.22 208.62 259.84 364.24 -1 -1 -1 -1000 -1000 -1000 -10 1
12 13 Car -1 -1 -1 975.23 156.00 1128.96 208.57 -1 -1 -1 -1000 -1000 -1000 -10 1
12 5 Car -1 -1 -1 1030.00 144.34 1231.12 213.74 -1 -1 -1 -1000 -1000 -1000 -10 1
12 4 Car -1 -1 -1 269.16 176.75 425.81 278.27 -1 -1 -1 -1000 -1000 -1000 -10 1
12 3 Car -1 -1 -1 -25.04 211.45 218.74 361.45 -1 -1 -1 -1000 -1000 -1000 -10 1
13 13 Car -1 -1 -1 1000.63 154.92 1190.97 216.70 -1 -1 -1 -1000 -1000 -1000 -10 1
13 5 Car -1 -1 -1 1086.47 142.43 1268.23 210.33 -1 -1 -1 -1000 -1000 -1000 -10 1
13 3 Car -1 -1 -1 -24.36 215.68 186.02 361.38 -1 -1 -1 -1000 -1000 -1000 -10 1
14 16 Car -1 -1 -1 163.68 180.81 355.04 283.86 -1 -1 -1 -1000 -1000 -1000 -10 1
14 13 Car -1 -1 -1 1048.52 154.38 1232.63 213.49 -1 -1 -1 -1000 -1000 -1000 -10 1
15 16 Car -1 -1 -1 121.33 178.24 323.21 286.38 -1 -1 -1 -1000 -1000 -1000 -10 1
15 13 Car -1 -1 -1 1098.40 156.16 1262.83 210.96 -1 -1 -1 -1000 -1000 -1000 -10 1
16 16 Car -1 -1 -1 82.14 183.54 289.50 289.23 -1 -1 -1 -1000 -1000 -1000 -10 1
17 16 Car -1 -1 -1 43.04 183.22 259.00 292.48 -1 -1 -1 -1000 -1000 -1000 -10 1
18 16 Car -1 -1 -1 14.73 183.46 227.36 289.25 -1 -1 -1 -1000 -1000 -1000 -10 1
19 16 Car -1 -1 -1 -7.84 185.06 201.35 290.27 -1 -1 -1 -1000 -1000 -1000 -10 1
20 16 Car -1 -1 -1 -18.16 185.12 181.34 289.39 -1 -1 -1 -1000 -1000 -1000 -10 1
21 23 Car -1 -1 -1 437.38 179.08 530.15 219.58 -1 -1 -1 -1000 -1000 -1000 -10 1
21 16 Car -1 -1 -1 -22.87 185.79 160.02 284.56 -1 -1 -1 -1000 -1000 -1000 -10 1
22 23 Car -1 -1 -1 486.27 176.86 582.42 218.95 -1 -1 -1 -1000 -1000 -1000 -10 1
22 22 Car -1 -1 -1 471.82 176.19 581.57 213.68 -1 -1 -1 -1000 -1000 -1000 -10 1
22 16 Car -1 -1 -1 -22.72 190.51 145.10 287.17 -1 -1 -1 -1000 -1000 -1000 -10 1
23 16 Car -1 -1 -1 -25.52 188.42 128.71 280.36 -1 -1 -1 -1000 -1000 -1000 -10 1
24 16 Car -1 -1 -1 -21.48 190.31 126.10 281.02 -1 -1 -1 -1000 -1000 -1000 -10 1
25 34 Car -1 -1 -1 479.24 193.70 580.65 231.12 -1 -1 -1 -1000 -1000 -1000 -10 1
25 16 Car -1 -1 -1 -10.70 193.28 132.11 280.95 -1 -1 -1 -1000 -1000 -1000 -10 1
28 43 Car -1 -1 -1 320.28 172.37 433.79 207.42 -1 -1 -1 -1000 -1000 -1000 -10 1
28 33 Car -1 -1 -1 467.63 174.51 604.60 224.76 -1 -1 -1 -1000 -1000 -1000 -10 1
29 46 Car -1 -1 -1 986.39 148.83 1211.78 222.96 -1 -1 -1 -1000 -1000 -1000 -10 1
29 45 Car -1 -1 -1 207.59 186.57 296.50 239.10 -1 -1 -1 -1000 -1000 -1000 -10 1
29 34 Car -1 -1 -1 738.97 174.19 878.18 226.82 -1 -1 -1 -1000 -1000 -1000 -10 1
29 33 Car -1 -1 -1 456.40 177.05 592.09 226.13 -1 -1 -1 -1000 -1000 -1000 -10 1
30 46 Car -1 -1 -1 1073.04 151.46 1267.65 227.98 -1 -1 -1 -1000 -1000 -1000 -10 1
30 45 Car -1 -1 -1 265.97 188.86 340.63 236.12 -1 -1 -1 -1000 -1000 -1000 -10 1
30 34 Car -1 -1 -1 819.68 172.70 964.87 228.25 -1 -1 -1 -1000 -1000 -1000 -10 1
30 33 Car -1 -1 -1 426.04 176.14 558.39 223.18 -1 -1 -1 -1000 -1000 -1000 -10 1
31 55 Car -1 -1 -1 483.91 172.66 600.27 214.27 -1 -1 -1 -1000 -1000 -1000 -10 1
31 54 Car -1 -1 -1 593.53 177.13 725.40 226.75 -1 -1 -1 -1000 -1000 -1000 -10 1
31 53 Car -1 -1 -1 85.31 189.85 274.38 309.40 -1 -1 -1 -1000 -1000 -1000 -10 1
31 45 Car -1 -1 -1 321.04 187.28 384.52 229.23 -1 -1 -1 -1000 -1000 -1000 -10 1
31 34 Car -1 -1 -1 916.48 173.43 1082.12 239.21 -1 -1 -1 -1000 -1000 -1000 -10 1
32 54 Car -1 -1 -1 609.84 177.81 739.94 225.43 -1 -1 -1 -1000 -1000 -1000 -10 1
32 53 Car -1 -1 -1 159.49 190.88 328.97 293.67 -1 -1 -1 -1000 -1000 -1000 -10 1
32 45 Car -1 -1 -1 378.87 189.80 428.50 224.90 -1 -1 -1 -1000 -1000 -1000 -10 1
32 34 Car -1 -1 -1 958.13 173.22 1120.87 234.10 -1 -1 -1 -1000 -1000 -1000 -10 1
33 53 Car -1 -1 -1 225.87 190.88 381.34 282.48 -1 -1 -1 -1000 -1000 -1000 -10 1
34 61 Car -1 -1 -1 125.72 199.80 243.62 241.57 -1 -1 -1 -1000 -1000 -1000 -10 1
34 60 Car -1 -1 -1 766.86 177.72 904.97 230.51 -1 -1 -1 -1000 -1000 -1000 -10 1
34 53 Car -1 -1 -1 282.09 191.90 421.27 273.53 -1 -1 -1 -1000 -1000 -1000 -10 1
35 63 Car -1 -1 -1 26.76 195.70 159.52 269.56 -1 -1 -1 -1000 -1000 -1000 -10 1
35 62 Car -1 -1 -1 811.39 180.55 947.01 236.75 -1 -1 -1 -1000 -1000 -1000 -10 1
35 61 Car -1 -1 -1 149.87 199.09 269.69 241.69 -1 -1 -1 -1000 -1000 -1000 -10 1
35 59 Car -1 -1 -1 712.56 177.93 843.07 226.21 -1 -1 -1 -1000 -1000 -1000 -10 1
35 53 Car -1 -1 -1 331.23 192.81 457.12 267.35 -1 -1 -1 -1000 -1000 -1000 -10 1
36 64 Car -1 -1 -1 872.66 176.82 1056.97 247.52 -1 -1 -1 -1000 -1000 -1000 -10 1
36 63 Car -1 -1 -1 35.43 201.91 184.90 274.03 -1 -1 -1 -1000 -1000 -1000 -10 1
36 61 Car -1 -1 -1 169.18 201.04 294.33 245.13 -1 -1 -1 -1000 -1000 -1000 -10 1
36 53 Car -1 -1 -1 375.65 195.65 490.73 263.91 -1 -1 -1 -1000 -1000 -1000 -10 1
37 67 Car -1 -1 -1 937.30 176.57 1147.13 257.70 -1 -1 -1 -1000 -1000 -1000 -10 1
37 64 Car -1 -1 -1 877.69 182.68 1045.50 245.68 -1 -1 -1 -1000 -1000 -1000 -10 1
37 63 Car -1 -1 -1 31.04 205.04 194.31 279.03 -1 -1 -1 -1000 -1000 -1000 -10 1
37 61 Car -1 -1 -1 179.97 203.21 311.82 249.89 -1 -1 -1 -1000 -1000 -1000 -10 1
37 53 Car -1 -1 -1 413.89 197.14 519.22 261.42 -1 -1 -1 -1000 -1000 -1000 -10 1
38 67 Car -1 -1 -1 923.26 177.98 1102.81 246.80 -1 -1 -1 -1000 -1000 -1000 -10 1
38 63 Car -1 -1 -1 25.14 210.08 196.57 284.96 -1 -1 -1 -1000 -1000 -1000 -10 1
38 61 Car -1 -1 -1 186.56 201.46 317.93 251.18 -1 -1 -1 -1000 -1000 -1000 -10 1
38 53 Car -1 -1 -1 445.38 195.77 543.89 255.45 -1 -1 -1 -1000 -1000 -1000 -10 1
39 72 Car -1 -1 -1 992.90 174.21 1195.28 270.29 -1 -1 -1 -1000 -1000 -1000 -10 1
39 71 Car -1 -1 -1 573.46 180.73 617.67 215.98 -1 -1 -1 -1000 -1000 -1000 -10 1
39 67 Car -1 -1 -1 918.33 177.75 1095.56 245.90 -1 -1 -1 -1000 -1000 -1000 -10 1
39 63 Car -1 -1 -1 10.97 210.02 177.27 282.26 -1 -1 -1 -1000 -1000 -1000 -10 1
39 62 Car -1 -1 -1 805.64 173.09 939.00 225.39 -1 -1 -1 -1000 -1000 -1000 -10 1
39 61 Car -1 -1 -1 175.11 203.13 314.38 255.44 -1 -1 -1 -1000 -1000 -1000 -10 1
39 53 Car -1 -1 -1 469.35 195.09 559.65 251.73 -1 -1 -1 -1000 -1000 -1000 -10 1
40 72 Car -1 -1 -1 958.77 178.99 1141.34 263.17 -1 -1 -1 -1000 -1000 -1000 -10 1
40 71 Car -1 -1 -1 578.96 183.59 622.02 218.86 -1 -1 -1 -1000 -1000 -1000 -10 1
40 67 Car -1 -1 -1 889.52 175.81 1061.50 241.69 -1 -1 -1 -1000 -1000 -1000 -10 1
40 63 Car -1 -1 -1 2.54 214.21 144.98 285.64 -1 -1 -1 -1000 -1000 -1000 -10 1
40 61 Car -1 -1 -1 204.50 201.12 326.51 249.23 -1 -1 -1 -1000 -1000 -1000 -10 1
41 72 Car -1 -1 -1 928.87 167.92 1121.21 253.07 -1 -1 -1 -1000 -1000 -1000 -10 1
41 71 Car -1 -1 -1 580.22 181.34 620.88 215.37 -1 -1 -1 -1000 -1000 -1000 -10 1
41 64 Car -1 -1 -1 829.83 170.35 1005.53 232.78 -1 -1 -1 -1000 -1000 -1000 -10 1
41 63 Car -1 -1 -1 -1.91 209.60 138.02 279.45 -1 -1 -1 -1000 -1000 -1000 -10 1
42 75 Car -1 -1 -1 244.94 195.71 316.77 231.43 -1 -1 -1 -1000 -1000 -1000 -10 1
42 71 Car -1 -1 -1 582.68 176.44 619.70 208.73 -1 -1 -1 -1000 -1000 -1000 -10 1
42 64 Car -1 -1 -1 845.26 166.97 1026.92 227.98 -1 -1 -1 -1000 -1000 -1000 -10 1
43 77 Car -1 -1 -1 -4.85 195.65 175.04 266.08 -1 -1 -1 -1000 -1000 -1000 -10 1
43 76 Car -1 -1 -1 491.90 181.11 573.43 236.67 -1 -1 -1 -1000 -1000 -1000 -10 1
43 75 Car -1 -1 -1 222.87 193.17 297.92 230.88 -1 -1 -1 -1000 -1000 -1000 -10 1
43 71 Car -1 -1 -1 581.72 172.73 617.09 204.31 -1 -1 -1 -1000 -1000 -1000 -10 1
44 77 Car -1 -1 -1 -23.30 198.35 134.80 266.88 -1 -1 -1 -1000 -1000 -1000 -10 1
44 76 Car -1 -1 -1 498.96 181.81 575.43 232.20 -1 -1 -1 -1000 -1000 -1000 -10 1
44 75 Car -1 -1 -1 201.76 193.45 280.41 231.37 -1 -1 -1 -1000 -1000 -1000 -10 1
44 71 Car -1 -1 -1 583.90 171.33 617.64 202.13 -1 -1 -1 -1000 -1000 -1000 -10 1
45 82 Car -1 -1 -1 376.65 184.51 421.96 212.82 -1 -1 -1 -1000 -1000 -1000 -10 1
45 81 Car -1 -1 -1 40.21 204.01 188.29 254.72 -1 -1 -1 -1000 -1000 -1000 -10 1
45 77 Car -1 -1 -1 -33.97 205.66 83.65 269.99 -1 -1 -1 -1000 -1000 -1000 -10 1
45 76 Car -1 -1 -1 507.84 182.05 581.71 230.61 -1 -1 -1 -1000 -1000 -1000 -10 1
45 75 Car -1 -1 -1 170.14 195.05 262.16 238.71 -1 -1 -1 -1000 -1000 -1000 -10 1
45 71 Car -1 -1 -1 582.94 171.71 616.47 202.42 -1 -1 -1 -1000 -1000 -1000 -10 1
46 82 Car -1 -1 -1 358.84 185.28 408.92 215.83 -1 -1 -1 -1000 -1000 -1000 -10 1
46 81 Car -1 -1 -1 -0.92 209.18 157.97 263.71 -1 -1 -1 -1000 -1000 -1000 -10 1
46 76 Car -1 -1 -1 512.95 180.06 587.29 230.17 -1 -1 -1 -1000 -1000 -1000 -10 1
46 75 Car -1 -1 -1 132.29 200.24 238.29 245.99 -1 -1 -1 -1000 -1000 -1000 -10 1
46 71 Car -1 -1 -1 584.15 172.10 618.30 203.34 -1 -1 -1 -1000 -1000 -1000 -10 1
47 82 Car -1 -1 -1 334.90 186.32 389.89 219.25 -1 -1 -1 -1000 -1000 -1000 -10 1
47 79 Car -1 -1 -1 1022.13 148.63 1249.61 256.25 -1 -1 -1 -1000 -1000 -1000 -10 1
47 76 Car -1 -1 -1 519.31 177.12 592.60 228.16 -1 -1 -1 -1000 -1000 -1000 -10 1
47 75 Car -1 -1 -1 90.52 204.31 206.76 253.86 -1 -1 -1 -1000 -1000 -1000 -10 1
48 82 Car -1 -1 -1 311.87 194.12 370.99 228.43 -1 -1 -1 -1000 -1000 -1000 -10 1
48 76 Car -1 -1 -1 524.56 179.31 596.61 231.07 -1 -1 -1 -1000 -1000 -1000 -10 1
48 75 Car -1 -1 -1 41.17 210.97 171.44 262.46 -1 -1 -1 -1000 -1000 -1000 -10 1
49 85 Car -1 -1 -1 574.14 187.60 615.48 224.12 -1 -1 -1 -1000 -1000 -1000 -10 1
49 82 Car -1 -1 -1 280.70 201.25 350.01 239.59 -1 -1 -1 -1000 -1000 -1000 -10 1
49 76 Car -1 -1 -1 530.80 184.54 601.18 237.62 -1 -1 -1 -1000 -1000 -1000 -10 1
49 75 Car -1 -1 -1 -2.54 220.39 136.75 277.14 -1 -1 -1 -1000 -1000 -1000 -10 1
50 82 Car -1 -1 -1 237.86 203.73 323.10 246.62 -1 -1 -1 -1000 -1000 -1000 -10 1
50 76 Car -1 -1 -1 536.66 182.56 605.55 235.74 -1 -1 -1 -1000 -1000 -1000 -10 1
50 75 Car -1 -1 -1 -25.71 220.38 98.41 280.67 -1 -1 -1 -1000 -1000 -1000 -10 1
51 82 Car -1 -1 -1 182.06 206.31 287.21 254.52 -1 -1 -1 -1000 -1000 -1000 -10 1
51 76 Car -1 -1 -1 544.47 179.03 610.56 231.44 -1 -1 -1 -1000 -1000 -1000 -10 1
52 82 Car -1 -1 -1 108.55 209.86 238.05 265.95 -1 -1 -1 -1000 -1000 -1000 -10 1
52 76 Car -1 -1 -1 551.62 179.95 616.25 232.77 -1 -1 -1 -1000 -1000 -1000 -10 1
53 86 Car -1 -1 -1 762.85 164.43 847.13 212.40 -1 -1 -1 -1000 -1000 -1000 -10 1
53 82 Car -1 -1 -1 26.87 211.28 176.93 278.45 -1 -1 -1 -1000 -1000 -1000 -10 1
53 76 Car -1 -1 -1 556.89 181.25 619.67 233.85 -1 -1 -1 -1000 -1000 -1000 -10 1
54 86 Car -1 -1 -1 775.96 161.82 879.99 217.62 -1 -1 -1 -1000 -1000 -1000 -10 1
54 82 Car -1 -1 -1 -20.55 215.68 109.81 286.55 -1 -1 -1 -1000 -1000 -1000 -10 1
54 76 Car -1 -1 -1 561.49 181.09 622.69 233.12 -1 -1 -1 -1000 -1000 -1000 -10 1
55 86 Car -1 -1 -1 791.38 163.21 913.55 222.13 -1 -1 -1 -1000 -1000 -1000 -10 1
55 76 Car -1 -1 -1 565.21 180.95 625.10 232.61 -1 -1 -1 -1000 -1000 -1000 -10 1
56 86 Car -1 -1 -1 819.86 158.87 949.47 224.13 -1 -1 -1 -1000 -1000 -1000 -10 1
56 76 Car -1 -1 -1 568.73 178.19 627.10 229.09 -1 -1 -1 -1000 -1000 -1000 -10 1
57 86 Car -1 -1 -1 845.69 151.88 990.10 223.19 -1 -1 -1 -1000 -1000 -1000 -10 1
57 76 Car -1 -1 -1 571.62 172.17 628.46 221.62 -1 -1 -1 -1000 -1000 -1000 -10 1
58 86 Car -1 -1 -1 881.60 147.60 1052.75 230.98 -1 -1 -1 -1000 -1000 -1000 -10 1
58 76 Car -1 -1 -1 575.15 170.15 631.11 218.63 -1 -1 -1 -1000 -1000 -1000 -10 1
59 90 Car -1 -1 -1 837.87 156.71 983.92 217.39 -1 -1 -1 -1000 -1000 -1000 -10 1
59 86 Car -1 -1 -1 923.80 139.73 1133.67 241.13 -1 -1 -1 -1000 -1000 -1000 -10 1
59 76 Car -1 -1 -1 580.40 172.83 634.99 220.47 -1 -1 -1 -1000 -1000 -1000 -10 1
60 90 Car -1 -1 -1 861.81 156.91 1024.96 221.59 -1 -1 -1 -1000 -1000 -1000 -10 1
60 86 Car -1 -1 -1 967.03 136.16 1209.27 250.53 -1 -1 -1 -1000 -1000 -1000 -10 1
60 76 Car -1 -1 -1 584.60 172.85 637.52 219.14 -1 -1 -1 -1000 -1000 -1000 -10 1
61 90 Car -1 -1 -1 900.10 153.50 1110.89 233.41 -1 -1 -1 -1000 -1000 -1000 -10 1
61 86 Car -1 -1 -1 1022.53 133.24 1259.03 257.39 -1 -1 -1 -1000 -1000 -1000 -10 1
61 76 Car -1 -1 -1 587.18 173.36 639.20 218.64 -1 -1 -1 -1000 -1000 -1000 -10 1
62 90 Car -1 -1 -1 940.61 144.46 1204.07 243.08 -1 -1 -1 -1000 -1000 -1000 -10 1
62 76 Car -1 -1 -1 588.31 174.18 640.05 218.97 -1 -1 -1 -1000 -1000 -1000 -10 1
63 90 Car -1 -1 -1 979.31 136.57 1259.82 249.01 -1 -1 -1 -1000 -1000 -1000 -10 1
63 76 Car -1 -1 -1 589.26 171.92 640.87 216.51 -1 -1 -1 -1000 -1000 -1000 -10 1
64 91 Car -1 -1 -1 840.80 152.23 980.03 210.36 -1 -1 -1 -1000 -1000 -1000 -10 1
64 90 Car -1 -1 -1 989.33 133.74 1241.11 232.94 -1 -1 -1 -1000 -1000 -1000 -10 1
64 76 Car -1 -1 -1 588.09 175.49 639.05 218.97 -1 -1 -1 -1000 -1000 -1000 -10 1
65 91 Car -1 -1 -1 876.61 151.93 1067.17 224.80 -1 -1 -1 -1000 -1000 -1000 -10 1
65 90 Car -1 -1 -1 1012.25 140.54 1263.05 236.94 -1 -1 -1 -1000 -1000 -1000 -10 1
65 76 Car -1 -1 -1 586.14 179.06 636.97 222.29 -1 -1 -1 -1000 -1000 -1000 -10 1
66 91 Car -1 -1 -1 902.25 158.39 1117.96 238.59 -1 -1 -1 -1000 -1000 -1000 -10 1
66 76 Car -1 -1 -1 581.67 180.38 630.39 221.77 -1 -1 -1 -1000 -1000 -1000 -10 1
67 91 Car -1 -1 -1 932.48 154.44 1207.31 259.59 -1 -1 -1 -1000 -1000 -1000 -10 1
67 76 Car -1 -1 -1 575.94 180.25 622.44 219.34 -1 -1 -1 -1000 -1000 -1000 -10 1
68 91 Car -1 -1 -1 971.38 150.61 1263.56 271.37 -1 -1 -1 -1000 -1000 -1000 -10 1
68 76 Car -1 -1 -1 577.71 182.17 626.28 222.51 -1 -1 -1 -1000 -1000 -1000 -10 1
69 91 Car -1 -1 -1 1029.26 146.85 1290.22 271.42 -1 -1 -1 -1000 -1000 -1000 -10 1
69 76 Car -1 -1 -1 577.65 181.99 628.47 223.57 -1 -1 -1 -1000 -1000 -1000 -10 1
70 98 Car -1 -1 -1 981.22 156.32 1154.36 212.61 -1 -1 -1 -1000 -1000 -1000 -10 1
70 76 Car -1 -1 -1 576.40 182.76 628.70 225.71 -1 -1 -1 -1000 -1000 -1000 -10 1
71 98 Car -1 -1 -1 1007.46 158.86 1189.96 217.44 -1 -1 -1 -1000 -1000 -1000 -10 1
71 76 Car -1 -1 -1 575.46 182.33 628.87 226.65 -1 -1 -1 -1000 -1000 -1000 -10 1
72 99 Car -1 -1 -1 547.79 178.59 580.81 204.34 -1 -1 -1 -1000 -1000 -1000 -10 1
72 98 Car -1 -1 -1 1031.23 161.46 1228.60 225.43 -1 -1 -1 -1000 -1000 -1000 -10 1
72 76 Car -1 -1 -1 573.36 183.68 627.52 228.93 -1 -1 -1 -1000 -1000 -1000 -10 1
73 99 Car -1 -1 -1 546.46 177.52 580.38 203.66 -1 -1 -1 -1000 -1000 -1000 -10 1
73 98 Car -1 -1 -1 1068.92 163.64 1264.10 232.08 -1 -1 -1 -1000 -1000 -1000 -10 1
73 76 Car -1 -1 -1 572.84 182.03 627.68 228.01 -1 -1 -1 -1000 -1000 -1000 -10 1
74 98 Car -1 -1 -1 1123.93 165.08 1282.25 231.29 -1 -1 -1 -1000 -1000 -1000 -10 1
74 76 Car -1 -1 -1 571.87 179.38 627.31 225.22 -1 -1 -1 -1000 -1000 -1000 -10 1
75 76 Car -1 -1 -1 570.50 177.77 626.53 223.64 -1 -1 -1 -1000 -1000 -1000 -10 1
76 76 Car -1 -1 -1 570.57 177.93 626.89 223.71 -1 -1 -1 -1000 -1000 -1000 -10 1
77 76 Car -1 -1 -1 570.55 178.25 627.73 224.05 -1 -1 -1 -1000 -1000 -1000 -10 1
78 76 Car -1 -1 -1 571.52 179.37 629.55 225.33 -1 -1 -1 -1000 -1000 -1000 -10 1
79 76 Car -1 -1 -1 572.69 178.90 631.46 225.34 -1 -1 -1 -1000 -1000 -1000 -10 1
80 76 Car -1 -1 -1 573.55 176.08 633.26 223.10 -1 -1 -1 -1000 -1000 -1000 -10 1
81 101 Car -1 -1 -1 428.05 178.85 457.41 197.79 -1 -1 -1 -1000 -1000 -1000 -10 1
81 76 Car -1 -1 -1 575.50 176.86 635.49 223.55 -1 -1 -1 -1000 -1000 -1000 -10 1
82 101 Car -1 -1 -1 411.85 179.20 445.14 200.41 -1 -1 -1 -1000 -1000 -1000 -10 1
82 76 Car -1 -1 -1 578.14 178.10 638.77 225.24 -1 -1 -1 -1000 -1000 -1000 -10 1
83 101 Car -1 -1 -1 396.99 183.21 436.31 208.26 -1 -1 -1 -1000 -1000 -1000 -10 1
83 76 Car -1 -1 -1 580.52 181.37 642.64 229.15 -1 -1 -1 -1000 -1000 -1000 -10 1
84 101 Car -1 -1 -1 379.37 190.09 422.92 217.43 -1 -1 -1 -1000 -1000 -1000 -10 1
84 76 Car -1 -1 -1 586.45 187.57 650.99 236.60 -1 -1 -1 -1000 -1000 -1000 -10 1
85 101 Car -1 -1 -1 366.63 190.58 418.14 221.52 -1 -1 -1 -1000 -1000 -1000 -10 1
85 76 Car -1 -1 -1 599.89 186.97 666.33 237.95 -1 -1 -1 -1000 -1000 -1000 -10 1
86 101 Car -1 -1 -1 357.62 188.40 417.19 222.56 -1 -1 -1 -1000 -1000 -1000 -10 1
86 76 Car -1 -1 -1 619.36 185.15 688.15 237.44 -1 -1 -1 -1000 -1000 -1000 -10 1
87 101 Car -1 -1 -1 345.52 183.87 409.62 219.09 -1 -1 -1 -1000 -1000 -1000 -10 1
87 76 Car -1 -1 -1 644.76 183.21 713.74 236.79 -1 -1 -1 -1000 -1000 -1000 -10 1
88 101 Car -1 -1 -1 316.27 183.67 392.53 221.14 -1 -1 -1 -1000 -1000 -1000 -10 1
88 76 Car -1 -1 -1 665.60 184.44 737.42 240.96 -1 -1 -1 -1000 -1000 -1000 -10 1
89 101 Car -1 -1 -1 268.97 186.75 364.35 229.25 -1 -1 -1 -1000 -1000 -1000 -10 1
89 76 Car -1 -1 -1 682.35 188.39 757.67 246.12 -1 -1 -1 -1000 -1000 -1000 -10 1
90 76 Car -1 -1 -1 696.45 185.09 774.38 245.61 -1 -1 -1 -1000 -1000 -1000 -10 1
91 76 Car -1 -1 -1 712.38 184.49 793.27 247.84 -1 -1 -1 -1000 -1000 -1000 -10 1
92 76 Car -1 -1 -1 723.07 183.38 807.82 249.59 -1 -1 -1 -1000 -1000 -1000 -10 1
93 76 Car -1 -1 -1 733.12 186.48 823.89 256.80 -1 -1 -1 -1000 -1000 -1000 -10 1
94 108 Car -1 -1 -1 1058.32 177.80 1204.29 220.99 -1 -1 -1 -1000 -1000 -1000 -10 1
94 76 Car -1 -1 -1 736.25 190.14 834.64 263.89 -1 -1 -1 -1000 -1000 -1000 -10 1
95 108 Car -1 -1 -1 1093.68 183.47 1249.82 233.95 -1 -1 -1 -1000 -1000 -1000 -10 1
95 76 Car -1 -1 -1 740.11 195.63 844.95 272.88 -1 -1 -1 -1000 -1000 -1000 -10 1
96 108 Car -1 -1 -1 1130.19 191.55 1267.31 244.14 -1 -1 -1 -1000 -1000 -1000 -10 1
96 76 Car -1 -1 -1 744.00 195.59 855.59 275.32 -1 -1 -1 -1000 -1000 -1000 -10 1
97 76 Car -1 -1 -1 747.63 193.38 866.57 275.33 -1 -1 -1 -1000 -1000 -1000 -10 1
98 76 Car -1 -1 -1 755.14 196.04 884.66 283.69 -1 -1 -1 -1000 -1000 -1000 -10 1
99 76 Car -1 -1 -1 760.49 195.83 905.19 290.91 -1 -1 -1 -1000 -1000 -1000 -10 1
100 76 Car -1 -1 -1 764.66 193.26 925.34 296.44 -1 -1 -1 -1000 -1000 -1000 -10 1
101 76 Car -1 -1 -1 775.25 198.52 952.90 309.58 -1 -1 -1 -1000 -1000 -1000 -10 1
102 112 Car -1 -1 -1 678.14 183.87 734.86 219.74 -1 -1 -1 -1000 -1000 -1000 -10 1
102 76 Car -1 -1 -1 780.45 200.20 982.98 323.56 -1 -1 -1 -1000 -1000 -1000 -10 1
103 112 Car -1 -1 -1 673.17 181.71 732.19 218.73 -1 -1 -1 -1000 -1000 -1000 -10 1
103 76 Car -1 -1 -1 791.78 205.39 1020.32 342.08 -1 -1 -1 -1000 -1000 -1000 -10 1
104 112 Car -1 -1 -1 672.17 184.34 735.51 226.26 -1 -1 -1 -1000 -1000 -1000 -10 1
104 76 Car -1 -1 -1 810.21 208.25 1068.84 356.63 -1 -1 -1 -1000 -1000 -1000 -10 1
105 112 Car -1 -1 -1 673.80 185.65 739.32 229.63 -1 -1 -1 -1000 -1000 -1000 -10 1
105 76 Car -1 -1 -1 837.34 206.72 1143.53 365.60 -1 -1 -1 -1000 -1000 -1000 -10 1
106 112 Car -1 -1 -1 666.39 186.40 733.22 232.07 -1 -1 -1 -1000 -1000 -1000 -10 1
106 76 Car -1 -1 -1 851.29 206.69 1193.45 370.63 -1 -1 -1 -1000 -1000 -1000 -10 1
107 112 Car -1 -1 -1 676.18 191.10 746.51 241.95 -1 -1 -1 -1000 -1000 -1000 -10 1
107 76 Car -1 -1 -1 862.01 207.01 1221.90 373.25 -1 -1 -1 -1000 -1000 -1000 -10 1
108 112 Car -1 -1 -1 680.63 188.19 754.11 243.59 -1 -1 -1 -1000 -1000 -1000 -10 1
108 76 Car -1 -1 -1 879.13 207.50 1242.90 374.25 -1 -1 -1 -1000 -1000 -1000 -10 1
109 115 Car -1 -1 -1 649.30 174.87 709.22 216.80 -1 -1 -1 -1000 -1000 -1000 -10 1
109 112 Car -1 -1 -1 684.10 184.29 761.55 243.89 -1 -1 -1 -1000 -1000 -1000 -10 1
109 76 Car -1 -1 -1 905.85 213.24 1260.16 377.07 -1 -1 -1 -1000 -1000 -1000 -10 1
110 115 Car -1 -1 -1 646.47 171.21 706.93 212.18 -1 -1 -1 -1000 -1000 -1000 -10 1
110 112 Car -1 -1 -1 689.76 181.19 772.06 244.79 -1 -1 -1 -1000 -1000 -1000 -10 1
110 76 Car -1 -1 -1 950.00 213.88 1280.61 377.27 -1 -1 -1 -1000 -1000 -1000 -10 1
111 115 Car -1 -1 -1 649.38 169.74 708.73 209.75 -1 -1 -1 -1000 -1000 -1000 -10 1
111 112 Car -1 -1 -1 695.50 180.90 783.81 249.21 -1 -1 -1 -1000 -1000 -1000 -10 1
111 76 Car -1 -1 -1 1018.26 216.43 1298.60 377.93 -1 -1 -1 -1000 -1000 -1000 -10 1
112 115 Car -1 -1 -1 649.20 171.55 707.86 212.91 -1 -1 -1 -1000 -1000 -1000 -10 1
112 112 Car -1 -1 -1 700.78 181.53 796.69 254.53 -1 -1 -1 -1000 -1000 -1000 -10 1
113 115 Car -1 -1 -1 650.13 172.06 709.64 216.70 -1 -1 -1 -1000 -1000 -1000 -10 1
113 112 Car -1 -1 -1 707.41 184.62 812.78 260.22 -1 -1 -1 -1000 -1000 -1000 -10 1
114 115 Car -1 -1 -1 655.18 172.66 719.30 221.58 -1 -1 -1 -1000 -1000 -1000 -10 1
114 112 Car -1 -1 -1 714.01 185.65 829.39 264.85 -1 -1 -1 -1000 -1000 -1000 -10 1
115 115 Car -1 -1 -1 660.96 176.52 730.01 229.72 -1 -1 -1 -1000 -1000 -1000 -10 1
115 112 Car -1 -1 -1 723.22 190.50 849.54 276.76 -1 -1 -1 -1000 -1000 -1000 -10 1
116 115 Car -1 -1 -1 666.26 179.12 737.24 234.49 -1 -1 -1 -1000 -1000 -1000 -10 1
116 112 Car -1 -1 -1 733.78 193.95 871.95 285.83 -1 -1 -1 -1000 -1000 -1000 -10 1
117 115 Car -1 -1 -1 673.58 180.65 745.02 235.90 -1 -1 -1 -1000 -1000 -1000 -10 1
117 112 Car -1 -1 -1 742.52 199.39 902.36 304.59 -1 -1 -1 -1000 -1000 -1000 -10 1
118 121 Car -1 -1 -1 596.06 175.83 623.25 199.55 -1 -1 -1 -1000 -1000 -1000 -10 1
118 120 Car -1 -1 -1 632.96 177.58 660.90 200.39 -1 -1 -1 -1000 -1000 -1000 -10 1
118 115 Car -1 -1 -1 678.89 182.04 754.77 239.86 -1 -1 -1 -1000 -1000 -1000 -10 1
118 112 Car -1 -1 -1 758.62 202.70 937.21 318.95 -1 -1 -1 -1000 -1000 -1000 -10 1
119 121 Car -1 -1 -1 598.34 177.32 625.52 199.64 -1 -1 -1 -1000 -1000 -1000 -10 1
119 120 Car -1 -1 -1 632.33 179.21 659.72 201.08 -1 -1 -1 -1000 -1000 -1000 -10 1
119 115 Car -1 -1 -1 687.24 185.73 769.57 248.36 -1 -1 -1 -1000 -1000 -1000 -10 1
119 112 Car -1 -1 -1 770.86 208.09 977.53 340.43 -1 -1 -1 -1000 -1000 -1000 -10 1
120 121 Car -1 -1 -1 599.69 177.55 627.26 199.43 -1 -1 -1 -1000 -1000 -1000 -10 1
120 120 Car -1 -1 -1 635.20 180.42 662.16 201.58 -1 -1 -1 -1000 -1000 -1000 -10 1
120 115 Car -1 -1 -1 692.78 187.76 780.28 254.67 -1 -1 -1 -1000 -1000 -1000 -10 1
120 112 Car -1 -1 -1 788.27 209.43 1034.67 357.68 -1 -1 -1 -1000 -1000 -1000 -10 1
121 121 Car -1 -1 -1 599.74 177.56 627.37 199.19 -1 -1 -1 -1000 -1000 -1000 -10 1
121 120 Car -1 -1 -1 637.33 180.57 663.33 201.09 -1 -1 -1 -1000 -1000 -1000 -10 1
121 115 Car -1 -1 -1 699.57 188.57 796.65 261.35 -1 -1 -1 -1000 -1000 -1000 -10 1
121 112 Car -1 -1 -1 816.37 206.00 1112.67 368.56 -1 -1 -1 -1000 -1000 -1000 -10 1
122 121 Car -1 -1 -1 599.04 177.45 628.43 199.72 -1 -1 -1 -1000 -1000 -1000 -10 1
122 120 Car -1 -1 -1 636.07 180.62 661.98 200.89 -1 -1 -1 -1000 -1000 -1000 -10 1
122 115 Car -1 -1 -1 711.40 188.56 815.26 267.07 -1 -1 -1 -1000 -1000 -1000 -10 1
122 112 Car -1 -1 -1 843.07 205.81 1181.92 374.60 -1 -1 -1 -1000 -1000 -1000 -10 1
123 121 Car -1 -1 -1 600.76 171.25 631.40 193.41 -1 -1 -1 -1000 -1000 -1000 -10 1
123 120 Car -1 -1 -1 638.14 174.75 664.48 195.55 -1 -1 -1 -1000 -1000 -1000 -10 1
123 115 Car -1 -1 -1 720.07 184.71 835.18 270.35 -1 -1 -1 -1000 -1000 -1000 -10 1
123 112 Car -1 -1 -1 861.70 201.32 1221.09 376.34 -1 -1 -1 -1000 -1000 -1000 -10 1
124 121 Car -1 -1 -1 600.05 167.94 631.82 190.42 -1 -1 -1 -1000 -1000 -1000 -10 1
124 120 Car -1 -1 -1 635.51 171.72 661.90 193.09 -1 -1 -1 -1000 -1000 -1000 -10 1
124 115 Car -1 -1 -1 732.06 183.07 857.45 275.46 -1 -1 -1 -1000 -1000 -1000 -10 1
124 112 Car -1 -1 -1 886.43 202.13 1246.41 378.27 -1 -1 -1 -1000 -1000 -1000 -10 1
125 121 Car -1 -1 -1 599.09 170.06 631.36 192.78 -1 -1 -1 -1000 -1000 -1000 -10 1
125 120 Car -1 -1 -1 633.58 172.98 661.12 195.50 -1 -1 -1 -1000 -1000 -1000 -10 1
125 115 Car -1 -1 -1 748.13 184.53 886.80 287.20 -1 -1 -1 -1000 -1000 -1000 -10 1
125 112 Car -1 -1 -1 928.41 201.81 1266.42 379.13 -1 -1 -1 -1000 -1000 -1000 -10 1
126 121 Car -1 -1 -1 597.47 172.00 630.19 195.27 -1 -1 -1 -1000 -1000 -1000 -10 1
126 120 Car -1 -1 -1 628.87 174.32 657.51 197.58 -1 -1 -1 -1000 -1000 -1000 -10 1
126 115 Car -1 -1 -1 758.13 185.84 918.16 302.48 -1 -1 -1 -1000 -1000 -1000 -10 1
127 121 Car -1 -1 -1 596.28 170.60 630.44 193.75 -1 -1 -1 -1000 -1000 -1000 -10 1
127 120 Car -1 -1 -1 627.04 173.33 656.39 197.02 -1 -1 -1 -1000 -1000 -1000 -10 1
127 115 Car -1 -1 -1 772.20 186.31 956.13 316.67 -1 -1 -1 -1000 -1000 -1000 -10 1
128 121 Car -1 -1 -1 595.02 170.92 630.28 194.41 -1 -1 -1 -1000 -1000 -1000 -10 1
128 120 Car -1 -1 -1 625.74 170.77 655.97 195.14 -1 -1 -1 -1000 -1000 -1000 -10 1
128 115 Car -1 -1 -1 785.81 189.27 997.55 335.19 -1 -1 -1 -1000 -1000 -1000 -10 1
129 121 Car -1 -1 -1 595.19 170.16 630.93 193.60 -1 -1 -1 -1000 -1000 -1000 -10 1
129 120 Car -1 -1 -1 629.73 170.86 660.63 195.34 -1 -1 -1 -1000 -1000 -1000 -10 1
129 115 Car -1 -1 -1 803.75 187.39 1050.19 350.29 -1 -1 -1 -1000 -1000 -1000 -10 1
130 126 Car -1 -1 -1 -3.48 173.21 127.23 213.29 -1 -1 -1 -1000 -1000 -1000 -10 1
130 121 Car -1 -1 -1 596.49 170.10 632.83 193.76 -1 -1 -1 -1000 -1000 -1000 -10 1
130 120 Car -1 -1 -1 633.49 170.60 664.25 194.66 -1 -1 -1 -1000 -1000 -1000 -10 1
130 115 Car -1 -1 -1 826.86 184.28 1120.19 362.11 -1 -1 -1 -1000 -1000 -1000 -10 1
131 126 Car -1 -1 -1 -12.57 186.26 107.34 226.36 -1 -1 -1 -1000 -1000 -1000 -10 1
131 121 Car -1 -1 -1 595.48 176.19 630.93 199.56 -1 -1 -1 -1000 -1000 -1000 -10 1
131 120 Car -1 -1 -1 632.79 175.67 663.03 199.60 -1 -1 -1 -1000 -1000 -1000 -10 1
131 115 Car -1 -1 -1 851.78 181.20 1186.41 369.53 -1 -1 -1 -1000 -1000 -1000 -10 1
132 126 Car -1 -1 -1 -17.58 191.03 77.94 228.53 -1 -1 -1 -1000 -1000 -1000 -10 1
132 120 Car -1 -1 -1 633.89 174.85 663.68 198.14 -1 -1 -1 -1000 -1000 -1000 -10 1
132 115 Car -1 -1 -1 865.22 175.21 1220.44 370.31 -1 -1 -1 -1000 -1000 -1000 -10 1
133 120 Car -1 -1 -1 636.99 175.05 666.58 197.73 -1 -1 -1 -1000 -1000 -1000 -10 1
133 115 Car -1 -1 -1 874.15 170.70 1241.67 373.89 -1 -1 -1 -1000 -1000 -1000 -10 1
134 120 Car -1 -1 -1 638.57 173.05 669.37 194.81 -1 -1 -1 -1000 -1000 -1000 -10 1
134 115 Car -1 -1 -1 896.24 172.51 1257.25 376.67 -1 -1 -1 -1000 -1000 -1000 -10 1
135 120 Car -1 -1 -1 639.44 172.26 670.78 193.44 -1 -1 -1 -1000 -1000 -1000 -10 1
135 115 Car -1 -1 -1 924.10 167.50 1269.69 374.67 -1 -1 -1 -1000 -1000 -1000 -10 1
136 120 Car -1 -1 -1 641.29 172.76 673.70 194.07 -1 -1 -1 -1000 -1000 -1000 -10 1
136 115 Car -1 -1 -1 953.72 174.84 1277.37 378.90 -1 -1 -1 -1000 -1000 -1000 -10 1
137 120 Car -1 -1 -1 638.44 174.48 672.64 197.72 -1 -1 -1 -1000 -1000 -1000 -10 1
137 115 Car -1 -1 -1 992.30 190.80 1281.69 383.44 -1 -1 -1 -1000 -1000 -1000 -10 1
138 120 Car -1 -1 -1 642.07 171.73 676.53 194.25 -1 -1 -1 -1000 -1000 -1000 -10 1
139 120 Car -1 -1 -1 640.64 173.55 673.59 196.61 -1 -1 -1 -1000 -1000 -1000 -10 1
140 120 Car -1 -1 -1 638.17 171.81 671.07 195.18 -1 -1 -1 -1000 -1000 -1000 -10 1
141 120 Car -1 -1 -1 633.25 169.13 665.54 192.91 -1 -1 -1 -1000 -1000 -1000 -10 1
142 129 Car -1 -1 -1 432.72 178.51 462.81 197.91 -1 -1 -1 -1000 -1000 -1000 -10 1
142 120 Car -1 -1 -1 629.26 171.42 660.54 195.44 -1 -1 -1 -1000 -1000 -1000 -10 1
143 129 Car -1 -1 -1 419.46 183.83 454.05 205.57 -1 -1 -1 -1000 -1000 -1000 -10 1
144 129 Car -1 -1 -1 409.62 180.18 444.90 201.98 -1 -1 -1 -1000 -1000 -1000 -10 1
145 129 Car -1 -1 -1 396.22 180.15 435.08 203.42 -1 -1 -1 -1000 -1000 -1000 -10 1
146 129 Car -1 -1 -1 381.50 178.97 422.22 203.14 -1 -1 -1 -1000 -1000 -1000 -10 1
146 120 Car -1 -1 -1 619.30 173.03 654.37 200.76 -1 -1 -1 -1000 -1000 -1000 -10 1
147 129 Car -1 -1 -1 362.00 173.19 406.27 196.63 -1 -1 -1 -1000 -1000 -1000 -10 1
147 120 Car -1 -1 -1 611.33 170.28 649.62 200.53 -1 -1 -1 -1000 -1000 -1000 -10 1
148 129 Car -1 -1 -1 339.96 175.40 389.64 200.98 -1 -1 -1 -1000 -1000 -1000 -10 1
148 120 Car -1 -1 -1 611.42 173.10 650.73 204.39 -1 -1 -1 -1000 -1000 -1000 -10 1
149 120 Car -1 -1 -1 607.55 180.72 651.35 214.85 -1 -1 -1 -1000 -1000 -1000 -10 1
150 120 Car -1 -1 -1 606.92 177.93 653.91 211.34 -1 -1 -1 -1000 -1000 -1000 -10 1
151 120 Car -1 -1 -1 607.73 176.70 656.86 209.90 -1 -1 -1 -1000 -1000 -1000 -10 1
152 132 Car -1 -1 -1 152.07 185.54 263.15 238.35 -1 -1 -1 -1000 -1000 -1000 -10 1
152 120 Car -1 -1 -1 610.76 176.22 661.77 209.63 -1 -1 -1 -1000 -1000 -1000 -10 1
153 132 Car -1 -1 -1 58.80 183.38 206.15 247.55 -1 -1 -1 -1000 -1000 -1000 -10 1
153 120 Car -1 -1 -1 616.58 171.96 666.60 207.04 -1 -1 -1 -1000 -1000 -1000 -10 1
154 132 Car -1 -1 -1 -12.42 186.13 128.73 252.01 -1 -1 -1 -1000 -1000 -1000 -10 1
154 120 Car -1 -1 -1 618.15 174.86 668.95 211.61 -1 -1 -1 -1000 -1000 -1000 -10 1
155 120 Car -1 -1 -1 623.92 170.59 674.55 208.63 -1 -1 -1 -1000 -1000 -1000 -10 1
156 120 Car -1 -1 -1 626.88 167.00 678.33 206.75 -1 -1 -1 -1000 -1000 -1000 -10 1
157 120 Car -1 -1 -1 629.93 169.45 684.56 213.37 -1 -1 -1 -1000 -1000 -1000 -10 1
158 120 Car -1 -1 -1 634.94 172.53 692.38 219.58 -1 -1 -1 -1000 -1000 -1000 -10 1
159 120 Car -1 -1 -1 642.16 178.57 702.30 227.51 -1 -1 -1 -1000 -1000 -1000 -10 1
160 120 Car -1 -1 -1 647.03 178.90 708.63 229.90 -1 -1 -1 -1000 -1000 -1000 -10 1
161 120 Car -1 -1 -1 652.22 180.46 717.43 232.40 -1 -1 -1 -1000 -1000 -1000 -10 1
162 141 Car -1 -1 -1 344.17 174.10 396.54 201.98 -1 -1 -1 -1000 -1000 -1000 -10 1
162 140 Car -1 -1 -1 175.19 179.46 280.30 220.14 -1 -1 -1 -1000 -1000 -1000 -10 1
162 120 Car -1 -1 -1 655.13 180.76 722.33 233.79 -1 -1 -1 -1000 -1000 -1000 -10 1
163 141 Car -1 -1 -1 308.06 178.01 370.04 210.35 -1 -1 -1 -1000 -1000 -1000 -10 1
163 140 Car -1 -1 -1 79.39 181.48 214.60 233.74 -1 -1 -1 -1000 -1000 -1000 -10 1
163 120 Car -1 -1 -1 658.95 179.38 730.02 235.23 -1 -1 -1 -1000 -1000 -1000 -10 1
164 142 Car -1 -1 -1 738.47 178.01 812.01 216.08 -1 -1 -1 -1000 -1000 -1000 -10 1
164 141 Car -1 -1 -1 257.28 180.91 337.06 218.65 -1 -1 -1 -1000 -1000 -1000 -10 1
164 140 Car -1 -1 -1 -5.85 193.36 128.79 252.39 -1 -1 -1 -1000 -1000 -1000 -10 1
164 120 Car -1 -1 -1 662.56 177.37 737.97 237.38 -1 -1 -1 -1000 -1000 -1000 -10 1
165 142 Car -1 -1 -1 762.16 183.19 849.75 222.31 -1 -1 -1 -1000 -1000 -1000 -10 1
165 141 Car -1 -1 -1 191.75 185.92 293.58 233.94 -1 -1 -1 -1000 -1000 -1000 -10 1
165 120 Car -1 -1 -1 667.81 179.57 748.23 243.91 -1 -1 -1 -1000 -1000 -1000 -10 1
166 143 Car -1 -1 -1 633.74 179.54 661.69 201.83 -1 -1 -1 -1000 -1000 -1000 -10 1
166 142 Car -1 -1 -1 794.12 183.63 892.39 224.21 -1 -1 -1 -1000 -1000 -1000 -10 1
166 120 Car -1 -1 -1 676.69 179.83 763.79 250.69 -1 -1 -1 -1000 -1000 -1000 -10 1
167 142 Car -1 -1 -1 830.28 182.44 938.76 222.81 -1 -1 -1 -1000 -1000 -1000 -10 1
167 120 Car -1 -1 -1 685.44 176.33 779.53 252.75 -1 -1 -1 -1000 -1000 -1000 -10 1
168 142 Car -1 -1 -1 873.79 181.63 992.08 222.69 -1 -1 -1 -1000 -1000 -1000 -10 1
168 120 Car -1 -1 -1 699.46 172.77 800.45 254.04 -1 -1 -1 -1000 -1000 -1000 -10 1
169 142 Car -1 -1 -1 935.39 181.10 1065.06 224.72 -1 -1 -1 -1000 -1000 -1000 -10 1
169 120 Car -1 -1 -1 720.09 172.44 824.65 256.50 -1 -1 -1 -1000 -1000 -1000 -10 1
170 142 Car -1 -1 -1 1003.29 178.57 1139.76 223.40 -1 -1 -1 -1000 -1000 -1000 -10 1
170 120 Car -1 -1 -1 749.37 168.69 867.76 260.99 -1 -1 -1 -1000 -1000 -1000 -10 1
171 142 Car -1 -1 -1 1084.11 180.12 1226.76 230.23 -1 -1 -1 -1000 -1000 -1000 -10 1
171 120 Car -1 -1 -1 787.05 171.05 918.42 271.92 -1 -1 -1 -1000 -1000 -1000 -10 1
172 150 Car -1 -1 -1 270.94 184.28 329.23 212.53 -1 -1 -1 -1000 -1000 -1000 -10 1
172 120 Car -1 -1 -1 803.38 165.54 937.93 254.33 -1 -1 -1 -1000 -1000 -1000 -10 1
173 151 Car -1 -1 -1 648.25 182.35 696.83 213.50 -1 -1 -1 -1000 -1000 -1000 -10 1
173 150 Car -1 -1 -1 246.93 189.40 314.78 221.90 -1 -1 -1 -1000 -1000 -1000 -10 1
173 120 Car -1 -1 -1 832.56 169.05 980.45 247.95 -1 -1 -1 -1000 -1000 -1000 -10 1
174 151 Car -1 -1 -1 652.04 184.10 703.21 215.28 -1 -1 -1 -1000 -1000 -1000 -10 1
174 150 Car -1 -1 -1 226.61 192.38 305.01 228.18 -1 -1 -1 -1000 -1000 -1000 -10 1
174 120 Car -1 -1 -1 866.16 172.96 1034.44 251.23 -1 -1 -1 -1000 -1000 -1000 -10 1
175 153 Car -1 -1 -1 524.70 184.27 568.48 223.14 -1 -1 -1 -1000 -1000 -1000 -10 1
175 151 Car -1 -1 -1 656.37 182.95 712.11 214.82 -1 -1 -1 -1000 -1000 -1000 -10 1
175 150 Car -1 -1 -1 204.78 191.88 291.85 228.66 -1 -1 -1 -1000 -1000 -1000 -10 1
175 120 Car -1 -1 -1 912.98 178.37 1107.37 261.90 -1 -1 -1 -1000 -1000 -1000 -10 1
176 153 Car -1 -1 -1 519.39 181.72 567.59 224.10 -1 -1 -1 -1000 -1000 -1000 -10 1
176 151 Car -1 -1 -1 660.99 182.33 718.47 217.08 -1 -1 -1 -1000 -1000 -1000 -10 1
176 150 Car -1 -1 -1 179.83 189.31 280.21 228.90 -1 -1 -1 -1000 -1000 -1000 -10 1
176 120 Car -1 -1 -1 959.16 181.06 1180.04 271.13 -1 -1 -1 -1000 -1000 -1000 -10 1
177 156 Car -1 -1 -1 234.59 181.99 319.24 227.98 -1 -1 -1 -1000 -1000 -1000 -10 1
177 153 Car -1 -1 -1 510.91 171.77 564.03 216.93 -1 -1 -1 -1000 -1000 -1000 -10 1
177 150 Car -1 -1 -1 149.11 187.16 262.93 228.56 -1 -1 -1 -1000 -1000 -1000 -10 1
177 120 Car -1 -1 -1 1007.18 183.28 1224.20 272.07 -1 -1 -1 -1000 -1000 -1000 -10 1
178 156 Car -1 -1 -1 178.30 188.01 288.44 241.66 -1 -1 -1 -1000 -1000 -1000 -10 1
178 153 Car -1 -1 -1 493.57 178.61 557.83 227.33 -1 -1 -1 -1000 -1000 -1000 -10 1
178 150 Car -1 -1 -1 113.11 193.29 239.48 240.54 -1 -1 -1 -1000 -1000 -1000 -10 1
178 120 Car -1 -1 -1 1080.93 197.76 1269.89 287.69 -1 -1 -1 -1000 -1000 -1000 -10 1
179 153 Car -1 -1 -1 485.42 183.57 555.46 235.75 -1 -1 -1 -1000 -1000 -1000 -10 1
179 150 Car -1 -1 -1 72.40 197.91 225.63 256.77 -1 -1 -1 -1000 -1000 -1000 -10 1
180 157 Car -1 -1 -1 308.88 188.98 374.70 221.02 -1 -1 -1 -1000 -1000 -1000 -10 1
180 153 Car -1 -1 -1 469.37 184.08 554.72 243.66 -1 -1 -1 -1000 -1000 -1000 -10 1
180 151 Car -1 -1 -1 670.97 185.15 731.63 224.00 -1 -1 -1 -1000 -1000 -1000 -10 1
180 150 Car -1 -1 -1 22.20 201.37 184.09 265.99 -1 -1 -1 -1000 -1000 -1000 -10 1
181 160 Car -1 -1 -1 510.66 173.57 566.58 224.83 -1 -1 -1 -1000 -1000 -1000 -10 1
181 153 Car -1 -1 -1 455.12 179.59 548.26 243.96 -1 -1 -1 -1000 -1000 -1000 -10 1
181 151 Car -1 -1 -1 674.23 180.92 733.92 218.62 -1 -1 -1 -1000 -1000 -1000 -10 1
181 150 Car -1 -1 -1 -15.32 192.08 127.38 259.30 -1 -1 -1 -1000 -1000 -1000 -10 1
182 160 Car -1 -1 -1 499.98 166.24 564.55 220.80 -1 -1 -1 -1000 -1000 -1000 -10 1
182 153 Car -1 -1 -1 427.75 177.96 537.99 249.89 -1 -1 -1 -1000 -1000 -1000 -10 1
182 151 Car -1 -1 -1 676.17 177.87 733.30 213.41 -1 -1 -1 -1000 -1000 -1000 -10 1
183 162 Car -1 -1 -1 715.63 172.81 798.87 229.53 -1 -1 -1 -1000 -1000 -1000 -10 1
183 160 Car -1 -1 -1 473.49 161.79 552.87 222.46 -1 -1 -1 -1000 -1000 -1000 -10 1
183 153 Car -1 -1 -1 398.27 178.96 521.72 257.77 -1 -1 -1 -1000 -1000 -1000 -10 1
184 165 Car -1 -1 -1 212.92 178.93 305.22 215.74 -1 -1 -1 -1000 -1000 -1000 -10 1
184 162 Car -1 -1 -1 730.18 172.58 826.43 237.82 -1 -1 -1 -1000 -1000 -1000 -10 1
184 153 Car -1 -1 -1 360.07 181.57 504.80 274.16 -1 -1 -1 -1000 -1000 -1000 -10 1
185 169 Car -1 -1 -1 662.27 176.11 696.36 200.05 -1 -1 -1 -1000 -1000 -1000 -10 1
185 168 Car -1 -1 -1 414.29 176.97 529.79 249.55 -1 -1 -1 -1000 -1000 -1000 -10 1
185 165 Car -1 -1 -1 178.78 184.60 288.37 224.64 -1 -1 -1 -1000 -1000 -1000 -10 1
185 162 Car -1 -1 -1 742.60 174.22 859.35 250.23 -1 -1 -1 -1000 -1000 -1000 -10 1
185 153 Car -1 -1 -1 301.95 183.24 485.27 303.98 -1 -1 -1 -1000 -1000 -1000 -10 1
186 169 Car -1 -1 -1 663.50 175.91 698.85 201.26 -1 -1 -1 -1000 -1000 -1000 -10 1
186 168 Car -1 -1 -1 381.27 174.58 513.61 252.42 -1 -1 -1 -1000 -1000 -1000 -10 1
186 162 Car -1 -1 -1 760.89 178.08 893.47 260.98 -1 -1 -1 -1000 -1000 -1000 -10 1
186 153 Car -1 -1 -1 206.14 190.72 438.69 340.38 -1 -1 -1 -1000 -1000 -1000 -10 1
186 151 Car -1 -1 -1 686.49 175.77 742.36 210.02 -1 -1 -1 -1000 -1000 -1000 -10 1
187 171 Car -1 -1 -1 702.97 175.62 797.21 226.03 -1 -1 -1 -1000 -1000 -1000 -10 1
187 169 Car -1 -1 -1 666.45 172.73 703.56 198.81 -1 -1 -1 -1000 -1000 -1000 -10 1
187 168 Car -1 -1 -1 334.05 165.09 497.06 262.65 -1 -1 -1 -1000 -1000 -1000 -10 1
187 162 Car -1 -1 -1 791.34 182.12 942.95 273.69 -1 -1 -1 -1000 -1000 -1000 -10 1
187 160 Car -1 -1 -1 442.64 160.55 546.77 230.02 -1 -1 -1 -1000 -1000 -1000 -10 1
187 153 Car -1 -1 -1 83.59 184.94 387.82 363.94 -1 -1 -1 -1000 -1000 -1000 -10 1
188 171 Car -1 -1 -1 709.66 171.90 818.14 230.05 -1 -1 -1 -1000 -1000 -1000 -10 1
188 169 Car -1 -1 -1 668.01 171.20 707.95 199.05 -1 -1 -1 -1000 -1000 -1000 -10 1
188 168 Car -1 -1 -1 305.61 157.20 474.94 261.10 -1 -1 -1 -1000 -1000 -1000 -10 1
188 162 Car -1 -1 -1 828.25 186.12 1024.05 300.93 -1 -1 -1 -1000 -1000 -1000 -10 1
188 160 Car -1 -1 -1 426.39 164.97 532.84 238.21 -1 -1 -1 -1000 -1000 -1000 -10 1
188 153 Car -1 -1 -1 19.59 189.71 342.44 374.10 -1 -1 -1 -1000 -1000 -1000 -10 1
189 173 Car -1 -1 -1 473.51 176.33 552.03 229.66 -1 -1 -1 -1000 -1000 -1000 -10 1
189 171 Car -1 -1 -1 720.37 179.62 847.13 245.97 -1 -1 -1 -1000 -1000 -1000 -10 1
189 169 Car -1 -1 -1 668.65 176.74 710.64 206.54 -1 -1 -1 -1000 -1000 -1000 -10 1
189 168 Car -1 -1 -1 207.60 167.00 448.18 315.13 -1 -1 -1 -1000 -1000 -1000 -10 1
189 162 Car -1 -1 -1 890.43 195.50 1161.70 347.42 -1 -1 -1 -1000 -1000 -1000 -10 1
190 177 Car -1 -1 -1 826.79 193.45 1098.22 339.73 -1 -1 -1 -1000 -1000 -1000 -10 1
190 173 Car -1 -1 -1 460.87 179.90 543.53 236.14 -1 -1 -1 -1000 -1000 -1000 -10 1
190 171 Car -1 -1 -1 744.64 188.06 883.67 261.20 -1 -1 -1 -1000 -1000 -1000 -10 1
190 169 Car -1 -1 -1 669.65 178.99 716.66 212.18 -1 -1 -1 -1000 -1000 -1000 -10 1
190 168 Car -1 -1 -1 78.24 133.65 387.59 333.69 -1 -1 -1 -1000 -1000 -1000 -10 1
190 162 Car -1 -1 -1 948.65 202.31 1235.53 367.51 -1 -1 -1 -1000 -1000 -1000 -10 1
190 151 Car -1 -1 -1 711.07 185.21 788.75 235.77 -1 -1 -1 -1000 -1000 -1000 -10 1
191 177 Car -1 -1 -1 882.03 200.75 1226.54 373.69 -1 -1 -1 -1000 -1000 -1000 -10 1
191 176 Car -1 -1 -1 282.59 156.27 486.46 297.69 -1 -1 -1 -1000 -1000 -1000 -10 1
191 173 Car -1 -1 -1 459.44 179.56 542.34 237.27 -1 -1 -1 -1000 -1000 -1000 -10 1
191 171 Car -1 -1 -1 770.75 194.70 925.48 275.29 -1 -1 -1 -1000 -1000 -1000 -10 1
191 169 Car -1 -1 -1 670.73 179.71 721.24 215.17 -1 -1 -1 -1000 -1000 -1000 -10 1
191 168 Car -1 -1 -1 -2.09 110.54 326.37 343.75 -1 -1 -1 -1000 -1000 -1000 -10 1
191 151 Car -1 -1 -1 726.45 188.28 818.26 246.76 -1 -1 -1 -1000 -1000 -1000 -10 1
192 177 Car -1 -1 -1 945.99 206.95 1279.62 382.45 -1 -1 -1 -1000 -1000 -1000 -10 1
192 176 Car -1 -1 -1 178.78 145.73 456.20 334.69 -1 -1 -1 -1000 -1000 -1000 -10 1
192 173 Car -1 -1 -1 455.11 177.60 541.66 239.69 -1 -1 -1 -1000 -1000 -1000 -10 1
192 171 Car -1 -1 -1 810.41 199.06 995.82 298.36 -1 -1 -1 -1000 -1000 -1000 -10 1
192 169 Car -1 -1 -1 675.82 176.50 730.99 215.26 -1 -1 -1 -1000 -1000 -1000 -10 1
192 153 Car -1 -1 -1 -55.54 145.71 250.06 378.84 -1 -1 -1 -1000 -1000 -1000 -10 1
192 151 Car -1 -1 -1 751.68 189.93 860.35 254.76 -1 -1 -1 -1000 -1000 -1000 -10 1
193 180 Car -1 -1 -1 0.58 88.53 429.80 371.41 -1 -1 -1 -1000 -1000 -1000 -10 1
193 179 Car -1 -1 -1 648.47 169.38 678.61 193.39 -1 -1 -1 -1000 -1000 -1000 -10 1
193 177 Car -1 -1 -1 900.06 197.77 1248.36 382.01 -1 -1 -1 -1000 -1000 -1000 -10 1
193 173 Car -1 -1 -1 447.73 174.34 540.69 240.81 -1 -1 -1 -1000 -1000 -1000 -10 1
193 169 Car -1 -1 -1 686.64 175.70 743.74 216.60 -1 -1 -1 -1000 -1000 -1000 -10 1
193 151 Car -1 -1 -1 779.52 193.94 901.91 267.01 -1 -1 -1 -1000 -1000 -1000 -10 1
194 181 Car -1 -1 -1 514.99 172.76 572.83 219.00 -1 -1 -1 -1000 -1000 -1000 -10 1
194 180 Car -1 -1 -1 -50.01 70.00 391.39 378.32 -1 -1 -1 -1000 -1000 -1000 -10 1
194 179 Car -1 -1 -1 651.77 168.38 683.24 192.58 -1 -1 -1 -1000 -1000 -1000 -10 1
194 177 Car -1 -1 -1 929.17 196.33 1269.66 382.54 -1 -1 -1 -1000 -1000 -1000 -10 1
194 173 Car -1 -1 -1 429.60 174.49 526.44 244.65 -1 -1 -1 -1000 -1000 -1000 -10 1
194 169 Car -1 -1 -1 693.22 174.67 755.54 219.08 -1 -1 -1 -1000 -1000 -1000 -10 1
195 182 Car -1 -1 -1 484.82 178.52 565.46 226.37 -1 -1 -1 -1000 -1000 -1000 -10 1
195 181 Car -1 -1 -1 518.85 173.18 574.63 216.87 -1 -1 -1 -1000 -1000 -1000 -10 1
195 179 Car -1 -1 -1 656.34 172.15 689.28 196.11 -1 -1 -1 -1000 -1000 -1000 -10 1
195 173 Car -1 -1 -1 405.59 175.67 520.17 255.06 -1 -1 -1 -1000 -1000 -1000 -10 1
195 169 Car -1 -1 -1 701.23 175.30 770.88 223.66 -1 -1 -1 -1000 -1000 -1000 -10 1
196 181 Car -1 -1 -1 522.96 176.54 576.86 220.16 -1 -1 -1 -1000 -1000 -1000 -10 1
196 173 Car -1 -1 -1 365.38 179.05 504.50 272.30 -1 -1 -1 -1000 -1000 -1000 -10 1
196 171 Car -1 -1 -1 882.91 197.05 1212.54 357.63 -1 -1 -1 -1000 -1000 -1000 -10 1
196 169 Car -1 -1 -1 710.15 175.09 786.52 227.00 -1 -1 -1 -1000 -1000 -1000 -10 1
197 186 Car -1 -1 -1 -19.83 195.62 348.61 384.70 -1 -1 -1 -1000 -1000 -1000 -10 1
197 181 Car -1 -1 -1 520.69 174.97 575.86 220.54 -1 -1 -1 -1000 -1000 -1000 -10 1
197 173 Car -1 -1 -1 310.91 180.84 483.94 297.44 -1 -1 -1 -1000 -1000 -1000 -10 1
197 171 Car -1 -1 -1 941.29 195.91 1260.67 365.56 -1 -1 -1 -1000 -1000 -1000 -10 1
197 169 Car -1 -1 -1 721.85 176.01 810.00 236.69 -1 -1 -1 -1000 -1000 -1000 -10 1
198 187 Car -1 -1 -1 663.05 176.49 698.81 204.98 -1 -1 -1 -1000 -1000 -1000 -10 1
198 181 Car -1 -1 -1 516.68 171.25 572.81 217.41 -1 -1 -1 -1000 -1000 -1000 -10 1
198 171 Car -1 -1 -1 924.96 188.35 1196.07 364.85 -1 -1 -1 -1000 -1000 -1000 -10 1
198 169 Car -1 -1 -1 735.09 175.62 833.02 243.31 -1 -1 -1 -1000 -1000 -1000 -10 1
199 193 Car -1 -1 -1 364.06 180.49 520.19 272.67 -1 -1 -1 -1000 -1000 -1000 -10 1
199 187 Car -1 -1 -1 664.45 174.83 701.19 203.68 -1 -1 -1 -1000 -1000 -1000 -10 1
199 171 Car -1 -1 -1 984.80 188.91 1243.87 371.64 -1 -1 -1 -1000 -1000 -1000 -10 1
199 169 Car -1 -1 -1 749.36 175.73 858.30 250.83 -1 -1 -1 -1000 -1000 -1000 -10 1
200 193 Car -1 -1 -1 298.70 185.41 499.23 307.46 -1 -1 -1 -1000 -1000 -1000 -10 1
200 187 Car -1 -1 -1 656.98 176.63 699.67 207.71 -1 -1 -1 -1000 -1000 -1000 -10 1
200 169 Car -1 -1 -1 768.74 182.24 901.16 269.07 -1 -1 -1 -1000 -1000 -1000 -10 1
201 194 Car -1 -1 -1 436.56 179.63 532.67 247.12 -1 -1 -1 -1000 -1000 -1000 -10 1
201 193 Car -1 -1 -1 192.41 193.34 459.58 356.03 -1 -1 -1 -1000 -1000 -1000 -10 1
201 187 Car -1 -1 -1 655.74 177.72 701.87 209.85 -1 -1 -1 -1000 -1000 -1000 -10 1
201 169 Car -1 -1 -1 804.57 183.34 963.50 284.45 -1 -1 -1 -1000 -1000 -1000 -10 1
202 194 Car -1 -1 -1 416.68 168.08 524.15 246.14 -1 -1 -1 -1000 -1000 -1000 -10 1
202 193 Car -1 -1 -1 61.67 190.31 407.20 377.96 -1 -1 -1 -1000 -1000 -1000 -10 1
202 187 Car -1 -1 -1 661.05 174.68 709.40 207.51 -1 -1 -1 -1000 -1000 -1000 -10 1
202 181 Car -1 -1 -1 488.99 173.44 557.68 225.40 -1 -1 -1 -1000 -1000 -1000 -10 1
202 169 Car -1 -1 -1 831.46 178.36 1041.77 303.94 -1 -1 -1 -1000 -1000 -1000 -10 1
203 201 Car -1 -1 -1 257.32 185.12 470.32 317.72 -1 -1 -1 -1000 -1000 -1000 -10 1
203 194 Car -1 -1 -1 373.06 165.93 500.36 255.44 -1 -1 -1 -1000 -1000 -1000 -10 1
203 193 Car -1 -1 -1 1.36 193.86 361.87 385.15 -1 -1 -1 -1000 -1000 -1000 -10 1
203 187 Car -1 -1 -1 666.23 176.61 718.41 211.83 -1 -1 -1 -1000 -1000 -1000 -10 1
203 181 Car -1 -1 -1 469.60 171.28 546.22 228.11 -1 -1 -1 -1000 -1000 -1000 -10 1
203 169 Car -1 -1 -1 889.01 180.50 1157.89 337.65 -1 -1 -1 -1000 -1000 -1000 -10 1
204 203 Car -1 -1 -1 -20.33 193.04 56.23 233.53 -1 -1 -1 -1000 -1000 -1000 -10 1
204 201 Car -1 -1 -1 151.36 194.57 419.51 360.36 -1 -1 -1 -1000 -1000 -1000 -10 1
204 194 Car -1 -1 -1 324.48 166.19 484.45 278.47 -1 -1 -1 -1000 -1000 -1000 -10 1
204 187 Car -1 -1 -1 666.99 177.96 721.53 215.01 -1 -1 -1 -1000 -1000 -1000 -10 1
204 181 Car -1 -1 -1 453.56 174.55 540.79 235.16 -1 -1 -1 -1000 -1000 -1000 -10 1
204 169 Car -1 -1 -1 925.79 181.15 1218.44 355.88 -1 -1 -1 -1000 -1000 -1000 -10 1
205 201 Car -1 -1 -1 28.26 182.84 361.19 379.80 -1 -1 -1 -1000 -1000 -1000 -10 1
205 194 Car -1 -1 -1 264.63 163.13 458.67 300.57 -1 -1 -1 -1000 -1000 -1000 -10 1
205 187 Car -1 -1 -1 672.14 174.00 730.97 213.29 -1 -1 -1 -1000 -1000 -1000 -10 1
205 181 Car -1 -1 -1 440.34 169.10 538.32 234.13 -1 -1 -1 -1000 -1000 -1000 -10 1
206 201 Car -1 -1 -1 -28.45 193.62 297.10 387.90 -1 -1 -1 -1000 -1000 -1000 -10 1
206 194 Car -1 -1 -1 170.21 153.34 428.73 335.87 -1 -1 -1 -1000 -1000 -1000 -10 1
206 187 Car -1 -1 -1 676.83 173.42 738.93 214.34 -1 -1 -1 -1000 -1000 -1000 -10 1
206 181 Car -1 -1 -1 420.45 171.44 528.93 241.16 -1 -1 -1 -1000 -1000 -1000 -10 1
207 187 Car -1 -1 -1 673.47 174.80 739.26 216.65 -1 -1 -1 -1000 -1000 -1000 -10 1
207 181 Car -1 -1 -1 391.84 170.48 508.85 247.09 -1 -1 -1 -1000 -1000 -1000 -10 1
208 187 Car -1 -1 -1 691.02 179.72 764.85 227.54 -1 -1 -1 -1000 -1000 -1000 -10 1
208 181 Car -1 -1 -1 348.04 176.47 490.96 268.54 -1 -1 -1 -1000 -1000 -1000 -10 1
209 212 Car -1 -1 -1 383.40 179.70 506.46 254.21 -1 -1 -1 -1000 -1000 -1000 -10 1
209 211 Car -1 -1 -1 660.11 180.54 701.01 211.21 -1 -1 -1 -1000 -1000 -1000 -10 1
209 187 Car -1 -1 -1 702.03 182.70 784.65 235.94 -1 -1 -1 -1000 -1000 -1000 -10 1
209 181 Car -1 -1 -1 282.86 183.45 465.23 301.18 -1 -1 -1 -1000 -1000 -1000 -10 1
210 212 Car -1 -1 -1 367.13 186.65 496.02 266.52 -1 -1 -1 -1000 -1000 -1000 -10 1
210 211 Car -1 -1 -1 661.68 181.63 702.45 212.41 -1 -1 -1 -1000 -1000 -1000 -10 1
210 187 Car -1 -1 -1 693.97 183.56 776.98 236.07 -1 -1 -1 -1000 -1000 -1000 -10 1
211 212 Car -1 -1 -1 320.83 187.53 472.18 280.95 -1 -1 -1 -1000 -1000 -1000 -10 1
211 211 Car -1 -1 -1 663.31 177.92 701.84 208.89 -1 -1 -1 -1000 -1000 -1000 -10 1
211 187 Car -1 -1 -1 700.40 180.30 786.73 235.03 -1 -1 -1 -1000 -1000 -1000 -10 1
212 219 Car -1 -1 -1 515.48 172.94 560.98 210.15 -1 -1 -1 -1000 -1000 -1000 -10 1
212 212 Car -1 -1 -1 242.05 193.43 447.46 319.64 -1 -1 -1 -1000 -1000 -1000 -10 1
212 187 Car -1 -1 -1 712.88 184.21 811.34 241.47 -1 -1 -1 -1000 -1000 -1000 -10 1
213 220 Car -1 -1 -1 784.33 195.56 984.61 306.32 -1 -1 -1 -1000 -1000 -1000 -10 1
213 219 Car -1 -1 -1 514.50 176.40 562.57 214.88 -1 -1 -1 -1000 -1000 -1000 -10 1
213 212 Car -1 -1 -1 140.29 195.17 411.23 357.64 -1 -1 -1 -1000 -1000 -1000 -10 1
214 220 Car -1 -1 -1 823.48 192.73 1093.24 339.74 -1 -1 -1 -1000 -1000 -1000 -10 1
214 219 Car -1 -1 -1 506.00 174.45 561.34 216.54 -1 -1 -1 -1000 -1000 -1000 -10 1
214 212 Car -1 -1 -1 44.79 191.19 363.44 374.16 -1 -1 -1 -1000 -1000 -1000 -10 1
215 224 Car -1 -1 -1 130.48 167.90 248.53 213.67 -1 -1 -1 -1000 -1000 -1000 -10 1
215 220 Car -1 -1 -1 889.27 199.97 1211.07 369.38 -1 -1 -1 -1000 -1000 -1000 -10 1
215 219 Car -1 -1 -1 497.96 175.27 556.51 219.52 -1 -1 -1 -1000 -1000 -1000 -10 1
215 212 Car -1 -1 -1 -12.82 191.56 303.39 379.32 -1 -1 -1 -1000 -1000 -1000 -10 1
216 227 Car -1 -1 -1 837.83 190.72 1147.95 345.24 -1 -1 -1 -1000 -1000 -1000 -10 1
216 224 Car -1 -1 -1 95.93 176.88 218.49 223.08 -1 -1 -1 -1000 -1000 -1000 -10 1
216 223 Car -1 -1 -1 687.64 179.06 740.37 215.36 -1 -1 -1 -1000 -1000 -1000 -10 1
216 220 Car -1 -1 -1 951.90 212.22 1269.03 380.25 -1 -1 -1 -1000 -1000 -1000 -10 1
216 219 Car -1 -1 -1 491.36 179.52 553.98 226.63 -1 -1 -1 -1000 -1000 -1000 -10 1
216 187 Car -1 -1 -1 762.93 191.56 892.88 268.48 -1 -1 -1 -1000 -1000 -1000 -10 1
217 227 Car -1 -1 -1 889.52 201.05 1245.39 373.07 -1 -1 -1 -1000 -1000 -1000 -10 1
217 224 Car -1 -1 -1 47.60 179.42 182.07 228.22 -1 -1 -1 -1000 -1000 -1000 -10 1
217 223 Car -1 -1 -1 693.75 182.86 748.38 221.20 -1 -1 -1 -1000 -1000 -1000 -10 1
217 219 Car -1 -1 -1 476.98 181.65 545.06 232.62 -1 -1 -1 -1000 -1000 -1000 -10 1
217 187 Car -1 -1 -1 786.24 194.47 950.90 291.12 -1 -1 -1 -1000 -1000 -1000 -10 1
218 227 Car -1 -1 -1 954.35 215.13 1283.69 383.08 -1 -1 -1 -1000 -1000 -1000 -10 1
218 224 Car -1 -1 -1 -3.66 178.76 140.12 233.36 -1 -1 -1 -1000 -1000 -1000 -10 1
218 223 Car -1 -1 -1 699.87 183.44 758.17 224.27 -1 -1 -1 -1000 -1000 -1000 -10 1
218 219 Car -1 -1 -1 459.52 183.91 535.45 239.05 -1 -1 -1 -1000 -1000 -1000 -10 1
218 187 Car -1 -1 -1 823.18 203.21 1029.30 319.83 -1 -1 -1 -1000 -1000 -1000 -10 1
219 230 Car -1 -1 -1 495.96 179.00 557.99 227.22 -1 -1 -1 -1000 -1000 -1000 -10 1
219 224 Car -1 -1 -1 -26.54 177.66 94.94 231.22 -1 -1 -1 -1000 -1000 -1000 -10 1
219 223 Car -1 -1 -1 703.13 185.58 769.16 230.59 -1 -1 -1 -1000 -1000 -1000 -10 1
219 219 Car -1 -1 -1 441.32 184.84 524.26 243.83 -1 -1 -1 -1000 -1000 -1000 -10 1
219 187 Car -1 -1 -1 868.88 205.92 1144.82 350.53 -1 -1 -1 -1000 -1000 -1000 -10 1
220 230 Car -1 -1 -1 492.92 171.40 553.89 219.86 -1 -1 -1 -1000 -1000 -1000 -10 1
220 223 Car -1 -1 -1 705.54 183.63 777.07 231.89 -1 -1 -1 -1000 -1000 -1000 -10 1
220 219 Car -1 -1 -1 419.02 182.80 509.45 247.70 -1 -1 -1 -1000 -1000 -1000 -10 1
220 187 Car -1 -1 -1 904.12 209.76 1206.86 363.85 -1 -1 -1 -1000 -1000 -1000 -10 1
221 230 Car -1 -1 -1 484.63 164.92 548.32 215.70 -1 -1 -1 -1000 -1000 -1000 -10 1
221 223 Car -1 -1 -1 707.52 182.19 787.99 235.68 -1 -1 -1 -1000 -1000 -1000 -10 1
221 219 Car -1 -1 -1 389.07 182.21 489.92 254.28 -1 -1 -1 -1000 -1000 -1000 -10 1
221 187 Car -1 -1 -1 963.17 215.40 1253.30 372.59 -1 -1 -1 -1000 -1000 -1000 -10 1
222 230 Car -1 -1 -1 471.56 164.99 540.81 221.08 -1 -1 -1 -1000 -1000 -1000 -10 1
222 223 Car -1 -1 -1 709.08 182.40 789.97 237.49 -1 -1 -1 -1000 -1000 -1000 -10 1
222 219 Car -1 -1 -1 351.84 183.38 473.07 266.50 -1 -1 -1 -1000 -1000 -1000 -10 1
223 230 Car -1 -1 -1 453.51 162.74 532.15 223.54 -1 -1 -1 -1000 -1000 -1000 -10 1
223 223 Car -1 -1 -1 722.91 184.13 822.94 248.05 -1 -1 -1 -1000 -1000 -1000 -10 1
223 219 Car -1 -1 -1 298.73 185.04 446.60 285.00 -1 -1 -1 -1000 -1000 -1000 -10 1
224 230 Car -1 -1 -1 439.61 165.08 524.01 230.50 -1 -1 -1 -1000 -1000 -1000 -10 1
224 223 Car -1 -1 -1 740.29 188.22 856.40 258.96 -1 -1 -1 -1000 -1000 -1000 -10 1
224 219 Car -1 -1 -1 212.81 192.65 410.51 317.57 -1 -1 -1 -1000 -1000 -1000 -10 1
225 230 Car -1 -1 -1 418.98 163.39 516.62 236.32 -1 -1 -1 -1000 -1000 -1000 -10 1
225 223 Car -1 -1 -1 759.64 189.33 898.54 273.95 -1 -1 -1 -1000 -1000 -1000 -10 1
225 219 Car -1 -1 -1 91.03 191.55 352.58 345.86 -1 -1 -1 -1000 -1000 -1000 -10 1
226 230 Car -1 -1 -1 394.32 163.36 506.71 243.09 -1 -1 -1 -1000 -1000 -1000 -10 1
226 223 Car -1 -1 -1 783.20 187.01 963.42 294.82 -1 -1 -1 -1000 -1000 -1000 -10 1
226 219 Car -1 -1 -1 26.56 192.65 306.07 358.78 -1 -1 -1 -1000 -1000 -1000 -10 1
227 230 Car -1 -1 -1 360.56 166.57 485.44 256.02 -1 -1 -1 -1000 -1000 -1000 -10 1
227 223 Car -1 -1 -1 822.73 198.31 1050.58 326.14 -1 -1 -1 -1000 -1000 -1000 -10 1
227 219 Car -1 -1 -1 -18.80 211.75 235.26 375.40 -1 -1 -1 -1000 -1000 -1000 -10 1
228 230 Car -1 -1 -1 324.53 170.62 471.60 270.89 -1 -1 -1 -1000 -1000 -1000 -10 1
228 223 Car -1 -1 -1 870.82 207.31 1161.12 353.03 -1 -1 -1 -1000 -1000 -1000 -10 1
229 235 Car -1 -1 -1 -23.74 172.29 112.10 234.62 -1 -1 -1 -1000 -1000 -1000 -10 1
229 223 Car -1 -1 -1 910.76 218.58 1220.67 369.76 -1 -1 -1 -1000 -1000 -1000 -10 1
231 237 Car -1 -1 -1 3.20 153.71 371.63 379.22 -1 -1 -1 -1000 -1000 -1000 -10 1
232 237 Car -1 -1 -1 -27.25 158.54 333.01 382.06 -1 -1 -1 -1000 -1000 -1000 -10 1
233 237 Car -1 -1 -1 -47.51 181.16 262.68 386.38 -1 -1 -1 -1000 -1000 -1000 -10 1
236 239 Car -1 -1 -1 501.68 171.97 596.09 201.06 -1 -1 -1 -1000 -1000 -1000 -10 1
237 239 Car -1 -1 -1 522.75 169.67 627.91 203.52 -1 -1 -1 -1000 -1000 -1000 -10 1
238 239 Car -1 -1 -1 538.58 172.92 640.22 207.37 -1 -1 -1 -1000 -1000 -1000 -10 1
239 239 Car -1 -1 -1 560.88 180.78 665.40 215.58 -1 -1 -1 -1000 -1000 -1000 -10 1
240 239 Car -1 -1 -1 578.89 186.51 692.13 222.12 -1 -1 -1 -1000 -1000 -1000 -10 1
241 239 Car -1 -1 -1 596.49 187.18 722.83 225.49 -1 -1 -1 -1000 -1000 -1000 -10 1
242 241 Car -1 -1 -1 494.07 164.64 546.87 207.80 -1 -1 -1 -1000 -1000 -1000 -10 1
242 240 Car -1 -1 -1 489.40 157.93 552.34 205.49 -1 -1 -1 -1000 -1000 -1000 -10 1
242 239 Car -1 -1 -1 620.44 184.75 761.07 228.48 -1 -1 -1 -1000 -1000 -1000 -10 1
243 241 Car -1 -1 -1 505.73 161.18 561.27 209.14 -1 -1 -1 -1000 -1000 -1000 -10 1
243 240 Car -1 -1 -1 504.73 155.24 568.61 206.43 -1 -1 -1 -1000 -1000 -1000 -10 1
243 239 Car -1 -1 -1 649.67 184.36 804.91 233.39 -1 -1 -1 -1000 -1000 -1000 -10 1
244 241 Car -1 -1 -1 520.42 160.48 584.33 212.16 -1 -1 -1 -1000 -1000 -1000 -10 1
244 240 Car -1 -1 -1 516.26 156.16 586.58 208.97 -1 -1 -1 -1000 -1000 -1000 -10 1
244 239 Car -1 -1 -1 686.38 184.12 857.70 239.34 -1 -1 -1 -1000 -1000 -1000 -10 1
245 241 Car -1 -1 -1 532.05 157.93 605.99 214.00 -1 -1 -1 -1000 -1000 -1000 -10 1
245 240 Car -1 -1 -1 529.18 152.62 609.25 210.32 -1 -1 -1 -1000 -1000 -1000 -10 1
245 239 Car -1 -1 -1 718.89 180.82 914.66 244.34 -1 -1 -1 -1000 -1000 -1000 -10 1
246 240 Car -1 -1 -1 535.85 149.45 627.46 216.73 -1 -1 -1 -1000 -1000 -1000 -10 1
246 239 Car -1 -1 -1 734.22 182.37 928.30 250.99 -1 -1 -1 -1000 -1000 -1000 -10 1
247 243 Car -1 -1 -1 527.73 137.35 652.27 221.46 -1 -1 -1 -1000 -1000 -1000 -10 1
247 240 Car -1 -1 -1 541.07 146.94 641.77 219.21 -1 -1 -1 -1000 -1000 -1000 -10 1
248 243 Car -1 -1 -1 521.18 134.77 656.35 225.57 -1 -1 -1 -1000 -1000 -1000 -10 1
248 240 Car -1 -1 -1 532.64 131.33 653.79 218.21 -1 -1 -1 -1000 -1000 -1000 -10 1
249 243 Car -1 -1 -1 505.84 116.42 667.54 229.90 -1 -1 -1 -1000 -1000 -1000 -10 1
250 243 Car -1 -1 -1 473.03 110.79 657.25 242.50 -1 -1 -1 -1000 -1000 -1000 -10 1
251 245 Car -1 -1 -1 390.13 104.33 624.77 267.45 -1 -1 -1 -1000 -1000 -1000 -10 1
251 244 Car -1 -1 -1 980.06 209.30 1283.69 344.68 -1 -1 -1 -1000 -1000 -1000 -10 1
252 245 Car -1 -1 -1 281.81 82.04 591.03 291.24 -1 -1 -1 -1000 -1000 -1000 -10 1
252 244 Car -1 -1 -1 1050.68 216.16 1298.56 353.05 -1 -1 -1 -1000 -1000 -1000 -10 1
253 245 Car -1 -1 -1 75.48 37.95 512.87 343.36 -1 -1 -1 -1000 -1000 -1000 -10 1
254 245 Car -1 -1 -1 -12.46 17.27 454.50 359.40 -1 -1 -1 -1000 -1000 -1000 -10 1
257 249 Car -1 -1 -1 813.82 177.30 842.18 197.28 -1 -1 -1 -1000 -1000 -1000 -10 1
258 249 Car -1 -1 -1 799.20 176.54 826.15 195.66 -1 -1 -1 -1000 -1000 -1000 -10 1
259 249 Car -1 -1 -1 784.95 173.67 814.99 194.18 -1 -1 -1 -1000 -1000 -1000 -10 1
260 249 Car -1 -1 -1 764.58 175.42 793.88 196.21 -1 -1 -1 -1000 -1000 -1000 -10 1
261 249 Car -1 -1 -1 747.12 172.77 776.45 193.41 -1 -1 -1 -1000 -1000 -1000 -10 1
262 249 Car -1 -1 -1 724.66 170.77 751.39 190.44 -1 -1 -1 -1000 -1000 -1000 -10 1
263 249 Car -1 -1 -1 704.04 167.50 731.85 189.37 -1 -1 -1 -1000 -1000 -1000 -10 1
264 249 Car -1 -1 -1 682.14 166.85 710.52 188.71 -1 -1 -1 -1000 -1000 -1000 -10 1
265 249 Car -1 -1 -1 661.00 168.36 688.20 190.37 -1 -1 -1 -1000 -1000 -1000 -10 1
266 249 Car -1 -1 -1 642.48 174.87 668.83 196.52 -1 -1 -1 -1000 -1000 -1000 -10 1
267 249 Car -1 -1 -1 621.76 178.50 648.49 200.95 -1 -1 -1 -1000 -1000 -1000 -10 1
268 249 Car -1 -1 -1 605.26 175.82 632.45 199.10 -1 -1 -1 -1000 -1000 -1000 -10 1
272 253 Car -1 -1 -1 475.92 183.24 523.07 206.95 -1 -1 -1 -1000 -1000 -1000 -10 1
272 252 Car -1 -1 -1 593.85 178.05 623.16 204.05 -1 -1 -1 -1000 -1000 -1000 -10 1
273 253 Car -1 -1 -1 468.07 180.53 517.36 205.13 -1 -1 -1 -1000 -1000 -1000 -10 1
273 252 Car -1 -1 -1 589.14 172.73 618.89 197.76 -1 -1 -1 -1000 -1000 -1000 -10 1
274 253 Car -1 -1 -1 458.38 179.31 513.85 205.33 -1 -1 -1 -1000 -1000 -1000 -10 1
274 252 Car -1 -1 -1 589.65 173.78 618.46 198.76 -1 -1 -1 -1000 -1000 -1000 -10 1
275 253 Car -1 -1 -1 453.73 179.66 509.71 205.48 -1 -1 -1 -1000 -1000 -1000 -10 1
275 252 Car -1 -1 -1 589.72 174.93 618.26 200.16 -1 -1 -1 -1000 -1000 -1000 -10 1
276 253 Car -1 -1 -1 448.14 179.65 508.10 206.36 -1 -1 -1 -1000 -1000 -1000 -10 1
276 252 Car -1 -1 -1 589.42 173.20 617.87 198.70 -1 -1 -1 -1000 -1000 -1000 -10 1
277 253 Car -1 -1 -1 441.64 179.63 508.92 206.68 -1 -1 -1 -1000 -1000 -1000 -10 1
277 252 Car -1 -1 -1 587.87 175.26 618.85 201.98 -1 -1 -1 -1000 -1000 -1000 -10 1
278 252 Car -1 -1 -1 589.77 177.12 622.42 205.53 -1 -1 -1 -1000 -1000 -1000 -10 1
279 252 Car -1 -1 -1 589.05 170.16 623.35 200.32 -1 -1 -1 -1000 -1000 -1000 -10 1
280 252 Car -1 -1 -1 589.13 168.10 625.17 199.69 -1 -1 -1 -1000 -1000 -1000 -10 1
281 253 Car -1 -1 -1 416.08 177.95 497.37 207.38 -1 -1 -1 -1000 -1000 -1000 -10 1
281 252 Car -1 -1 -1 589.21 167.83 626.37 200.41 -1 -1 -1 -1000 -1000 -1000 -10 1
282 253 Car -1 -1 -1 405.49 178.40 493.33 209.46 -1 -1 -1 -1000 -1000 -1000 -10 1
282 252 Car -1 -1 -1 587.36 168.09 624.72 201.23 -1 -1 -1 -1000 -1000 -1000 -10 1
283 253 Car -1 -1 -1 398.54 178.78 491.46 211.13 -1 -1 -1 -1000 -1000 -1000 -10 1
283 252 Car -1 -1 -1 584.60 172.41 621.70 205.68 -1 -1 -1 -1000 -1000 -1000 -10 1
284 253 Car -1 -1 -1 387.30 181.20 487.61 216.45 -1 -1 -1 -1000 -1000 -1000 -10 1
284 252 Car -1 -1 -1 576.84 175.43 615.50 210.75 -1 -1 -1 -1000 -1000 -1000 -10 1
285 253 Car -1 -1 -1 378.09 182.31 485.22 219.46 -1 -1 -1 -1000 -1000 -1000 -10 1
285 252 Car -1 -1 -1 566.84 176.96 604.07 212.56 -1 -1 -1 -1000 -1000 -1000 -10 1
286 253 Car -1 -1 -1 363.01 187.21 474.41 226.88 -1 -1 -1 -1000 -1000 -1000 -10 1
287 253 Car -1 -1 -1 347.23 188.94 461.00 232.04 -1 -1 -1 -1000 -1000 -1000 -10 1
288 255 Car -1 -1 -1 446.16 183.91 539.03 227.64 -1 -1 -1 -1000 -1000 -1000 -10 1
288 253 Car -1 -1 -1 332.57 188.39 452.61 236.06 -1 -1 -1 -1000 -1000 -1000 -10 1
289 255 Car -1 -1 -1 423.54 183.70 517.47 224.97 -1 -1 -1 -1000 -1000 -1000 -10 1
289 253 Car -1 -1 -1 317.50 186.82 447.37 237.54 -1 -1 -1 -1000 -1000 -1000 -10 1
290 253 Car -1 -1 -1 318.28 190.16 454.38 240.40 -1 -1 -1 -1000 -1000 -1000 -10 1
291 253 Car -1 -1 -1 294.30 189.81 444.06 247.61 -1 -1 -1 -1000 -1000 -1000 -10 1
292 253 Car -1 -1 -1 260.33 189.43 427.43 253.76 -1 -1 -1 -1000 -1000 -1000 -10 1
293 253 Car -1 -1 -1 224.47 197.47 413.09 269.87 -1 -1 -1 -1000 -1000 -1000 -10 1
294 253 Car -1 -1 -1 184.63 205.77 389.25 284.25 -1 -1 -1 -1000 -1000 -1000 -10 1
295 253 Car -1 -1 -1 127.87 212.97 371.40 310.77 -1 -1 -1 -1000 -1000 -1000 -10 1
296 253 Car -1 -1 -1 49.11 219.97 337.93 341.49 -1 -1 -1 -1000 -1000 -1000 -10 1
297 253 Car -1 -1 -1 -2.68 221.55 287.63 355.82 -1 -1 -1 -1000 -1000 -1000 -10 1
322 260 Car -1 -1 -1 1135.42 156.19 1261.85 209.48 -1 -1 -1 -1000 -1000 -1000 -10 1
337 262 Car -1 -1 -1 537.34 181.93 574.30 207.38 -1 -1 -1 -1000 -1000 -1000 -10 1
338 262 Car -1 -1 -1 530.47 183.87 569.16 211.81 -1 -1 -1 -1000 -1000 -1000 -10 1
339 262 Car -1 -1 -1 525.25 181.80 566.98 212.57 -1 -1 -1 -1000 -1000 -1000 -10 1
340 262 Car -1 -1 -1 513.44 179.71 562.64 216.18 -1 -1 -1 -1000 -1000 -1000 -10 1
341 262 Car -1 -1 -1 497.52 180.10 554.98 222.70 -1 -1 -1 -1000 -1000 -1000 -10 1
342 262 Car -1 -1 -1 470.95 189.18 543.62 242.30 -1 -1 -1 -1000 -1000 -1000 -10 1
343 262 Car -1 -1 -1 428.71 196.11 529.07 266.03 -1 -1 -1 -1000 -1000 -1000 -10 1
345 273 Car -1 -1 -1 504.88 181.38 560.11 222.41 -1 -1 -1 -1000 -1000 -1000 -10 1
345 272 Car -1 -1 -1 1067.41 177.81 1273.28 254.09 -1 -1 -1 -1000 -1000 -1000 -10 1
346 273 Car -1 -1 -1 485.23 178.58 549.65 226.19 -1 -1 -1 -1000 -1000 -1000 -10 1
346 272 Car -1 -1 -1 1116.68 179.50 1283.28 249.59 -1 -1 -1 -1000 -1000 -1000 -10 1
347 273 Car -1 -1 -1 455.11 183.03 535.17 241.53 -1 -1 -1 -1000 -1000 -1000 -10 1
348 273 Car -1 -1 -1 410.50 188.75 516.73 263.63 -1 -1 -1 -1000 -1000 -1000 -10 1
350 280 Car -1 -1 -1 544.57 179.76 576.61 201.63 -1 -1 -1 -1000 -1000 -1000 -10 1
350 279 Car -1 -1 -1 898.53 182.30 1037.47 226.85 -1 -1 -1 -1000 -1000 -1000 -10 1
351 280 Car -1 -1 -1 537.88 180.78 573.27 205.01 -1 -1 -1 -1000 -1000 -1000 -10 1
351 279 Car -1 -1 -1 917.29 182.34 1071.53 232.86 -1 -1 -1 -1000 -1000 -1000 -10 1
352 280 Car -1 -1 -1 529.27 182.52 568.67 209.69 -1 -1 -1 -1000 -1000 -1000 -10 1
353 280 Car -1 -1 -1 516.06 182.24 561.43 213.98 -1 -1 -1 -1000 -1000 -1000 -10 1
354 280 Car -1 -1 -1 501.58 183.64 555.15 220.93 -1 -1 -1 -1000 -1000 -1000 -10 1
355 280 Car -1 -1 -1 478.68 183.45 547.19 227.89 -1 -1 -1 -1000 -1000 -1000 -10 1
356 280 Car -1 -1 -1 450.77 186.54 534.10 241.55 -1 -1 -1 -1000 -1000 -1000 -10 1
357 280 Car -1 -1 -1 409.19 191.50 515.27 257.92 -1 -1 -1 -1000 -1000 -1000 -10 1
360 287 Car -1 -1 -1 1101.21 180.53 1228.15 234.70 -1 -1 -1 -1000 -1000 -1000 -10 1
361 287 Car -1 -1 -1 1110.11 181.81 1243.94 241.33 -1 -1 -1 -1000 -1000 -1000 -10 1
362 287 Car -1 -1 -1 1138.91 167.82 1252.18 231.48 -1 -1 -1 -1000 -1000 -1000 -10 1
367 294 Car -1 -1 -1 542.63 177.99 585.64 205.93 -1 -1 -1 -1000 -1000 -1000 -10 1
367 293 Car -1 -1 -1 909.00 148.47 1040.89 193.19 -1 -1 -1 -1000 -1000 -1000 -10 1
368 294 Car -1 -1 -1 537.74 175.27 581.53 203.36 -1 -1 -1 -1000 -1000 -1000 -10 1
369 294 Car -1 -1 -1 527.05 176.17 576.90 207.86 -1 -1 -1 -1000 -1000 -1000 -10 1
370 294 Car -1 -1 -1 511.67 178.49 567.49 213.61 -1 -1 -1 -1000 -1000 -1000 -10 1
371 294 Car -1 -1 -1 494.06 178.95 556.31 218.85 -1 -1 -1 -1000 -1000 -1000 -10 1
372 296 Car -1 -1 -1 849.27 164.63 956.52 203.07 -1 -1 -1 -1000 -1000 -1000 -10 1
372 294 Car -1 -1 -1 468.54 184.12 536.55 228.69 -1 -1 -1 -1000 -1000 -1000 -10 1
373 296 Car -1 -1 -1 830.21 171.40 935.77 210.21 -1 -1 -1 -1000 -1000 -1000 -10 1
373 294 Car -1 -1 -1 434.95 189.63 509.78 240.10 -1 -1 -1 -1000 -1000 -1000 -10 1
374 294 Car -1 -1 -1 388.78 191.27 472.94 247.98 -1 -1 -1 -1000 -1000 -1000 -10 1
377 296 Car -1 -1 -1 701.52 175.62 801.49 213.60 -1 -1 -1 -1000 -1000 -1000 -10 1
378 296 Car -1 -1 -1 660.59 174.22 769.21 213.57 -1 -1 -1 -1000 -1000 -1000 -10 1
379 296 Car -1 -1 -1 614.25 171.34 734.14 210.59 -1 -1 -1 -1000 -1000 -1000 -10 1
380 296 Car -1 -1 -1 560.34 178.86 688.90 220.63 -1 -1 -1 -1000 -1000 -1000 -10 1
381 296 Car -1 -1 -1 522.35 186.46 654.54 230.74 -1 -1 -1 -1000 -1000 -1000 -10 1
382 296 Car -1 -1 -1 474.49 178.32 609.13 226.47 -1 -1 -1 -1000 -1000 -1000 -10 1
383 306 Car -1 -1 -1 386.31 170.01 497.38 219.71 -1 -1 -1 -1000 -1000 -1000 -10 1
383 305 Car -1 -1 -1 582.23 171.68 790.03 252.88 -1 -1 -1 -1000 -1000 -1000 -10 1
383 296 Car -1 -1 -1 445.74 182.67 584.48 232.31 -1 -1 -1 -1000 -1000 -1000 -10 1
384 306 Car -1 -1 -1 355.76 177.57 472.27 228.30 -1 -1 -1 -1000 -1000 -1000 -10 1
384 305 Car -1 -1 -1 563.29 176.16 786.66 264.64 -1 -1 -1 -1000 -1000 -1000 -10 1
384 296 Car -1 -1 -1 420.95 187.18 563.58 237.94 -1 -1 -1 -1000 -1000 -1000 -10 1
385 305 Car -1 -1 -1 546.70 171.31 802.34 272.22 -1 -1 -1 -1000 -1000 -1000 -10 1
385 296 Car -1 -1 -1 407.25 186.79 553.76 240.51 -1 -1 -1 -1000 -1000 -1000 -10 1
386 296 Car -1 -1 -1 401.41 185.77 549.86 240.70 -1 -1 -1 -1000 -1000 -1000 -10 1
387 296 Car -1 -1 -1 398.59 186.62 553.06 242.92 -1 -1 -1 -1000 -1000 -1000 -10 1
388 296 Car -1 -1 -1 410.53 191.34 567.58 251.76 -1 -1 -1 -1000 -1000 -1000 -10 1
389 310 Car -1 -1 -1 340.75 179.14 476.79 237.27 -1 -1 -1 -1000 -1000 -1000 -10 1
389 308 Car -1 -1 -1 291.19 186.14 406.21 222.87 -1 -1 -1 -1000 -1000 -1000 -10 1
389 305 Car -1 -1 -1 560.05 163.50 864.15 287.96 -1 -1 -1 -1000 -1000 -1000 -10 1
389 296 Car -1 -1 -1 423.28 194.99 582.06 256.91 -1 -1 -1 -1000 -1000 -1000 -10 1
390 308 Car -1 -1 -1 313.20 183.03 423.44 219.71 -1 -1 -1 -1000 -1000 -1000 -10 1
390 305 Car -1 -1 -1 599.24 157.89 944.11 292.87 -1 -1 -1 -1000 -1000 -1000 -10 1
390 296 Car -1 -1 -1 441.14 193.06 612.31 262.84 -1 -1 -1 -1000 -1000 -1000 -10 1
391 296 Car -1 -1 -1 469.95 190.16 642.12 263.55 -1 -1 -1 -1000 -1000 -1000 -10 1
392 296 Car -1 -1 -1 492.66 186.32 678.39 268.56 -1 -1 -1 -1000 -1000 -1000 -10 1
393 312 Car -1 -1 -1 486.48 158.95 635.60 249.19 -1 -1 -1 -1000 -1000 -1000 -10 1
393 310 Car -1 -1 -1 401.37 173.03 487.32 212.77 -1 -1 -1 -1000 -1000 -1000 -10 1
393 296 Car -1 -1 -1 530.75 186.92 727.34 279.32 -1 -1 -1 -1000 -1000 -1000 -10 1
394 312 Car -1 -1 -1 514.98 159.02 667.90 251.30 -1 -1 -1 -1000 -1000 -1000 -10 1
394 296 Car -1 -1 -1 571.16 191.34 780.07 292.83 -1 -1 -1 -1000 -1000 -1000 -10 1
395 312 Car -1 -1 -1 543.52 153.12 712.68 257.95 -1 -1 -1 -1000 -1000 -1000 -10 1
395 296 Car -1 -1 -1 621.17 194.48 846.09 308.55 -1 -1 -1 -1000 -1000 -1000 -10 1
396 312 Car -1 -1 -1 580.36 148.95 763.26 267.31 -1 -1 -1 -1000 -1000 -1000 -10 1
397 312 Car -1 -1 -1 627.01 153.60 824.16 287.15 -1 -1 -1 -1000 -1000 -1000 -10 1
398 321 Car -1 -1 -1 576.70 176.84 643.94 219.65 -1 -1 -1 -1000 -1000 -1000 -10 1
398 312 Car -1 -1 -1 678.49 153.23 893.67 304.35 -1 -1 -1 -1000 -1000 -1000 -10 1
399 327 Car -1 -1 -1 873.65 199.22 1276.28 371.34 -1 -1 -1 -1000 -1000 -1000 -10 1
399 326 Car -1 -1 -1 616.80 178.35 697.85 228.36 -1 -1 -1 -1000 -1000 -1000 -10 1
399 321 Car -1 -1 -1 592.34 174.50 643.15 210.07 -1 -1 -1 -1000 -1000 -1000 -10 1
399 312 Car -1 -1 -1 721.97 139.05 995.97 325.19 -1 -1 -1 -1000 -1000 -1000 -10 1
400 326 Car -1 -1 -1 635.30 176.81 709.10 223.00 -1 -1 -1 -1000 -1000 -1000 -10 1
400 312 Car -1 -1 -1 765.15 118.67 1121.45 356.75 -1 -1 -1 -1000 -1000 -1000 -10 1
401 330 Car -1 -1 -1 701.65 187.10 858.28 278.27 -1 -1 -1 -1000 -1000 -1000 -10 1
401 326 Car -1 -1 -1 651.67 182.30 722.84 228.54 -1 -1 -1 -1000 -1000 -1000 -10 1
401 312 Car -1 -1 -1 806.81 99.59 1213.53 370.72 -1 -1 -1 -1000 -1000 -1000 -10 1
402 330 Car -1 -1 -1 722.09 188.61 915.74 300.94 -1 -1 -1 -1000 -1000 -1000 -10 1
402 326 Car -1 -1 -1 663.73 185.38 736.20 233.47 -1 -1 -1 -1000 -1000 -1000 -10 1
402 312 Car -1 -1 -1 839.15 78.66 1245.51 371.55 -1 -1 -1 -1000 -1000 -1000 -10 1
403 330 Car -1 -1 -1 753.57 190.08 995.65 332.84 -1 -1 -1 -1000 -1000 -1000 -10 1
403 326 Car -1 -1 -1 671.30 185.14 745.70 235.58 -1 -1 -1 -1000 -1000 -1000 -10 1
404 334 Car -1 -1 -1 712.31 187.08 877.64 291.26 -1 -1 -1 -1000 -1000 -1000 -10 1
404 330 Car -1 -1 -1 794.55 190.31 1102.92 366.37 -1 -1 -1 -1000 -1000 -1000 -10 1
404 326 Car -1 -1 -1 682.29 181.59 767.76 241.34 -1 -1 -1 -1000 -1000 -1000 -10 1
405 336 Car -1 -1 -1 250.85 175.27 327.89 206.41 -1 -1 -1 -1000 -1000 -1000 -10 1
405 334 Car -1 -1 -1 735.03 188.82 919.18 303.60 -1 -1 -1 -1000 -1000 -1000 -10 1
405 330 Car -1 -1 -1 838.82 187.01 1208.44 379.53 -1 -1 -1 -1000 -1000 -1000 -10 1
405 326 Car -1 -1 -1 692.00 181.77 787.21 248.15 -1 -1 -1 -1000 -1000 -1000 -10 1
406 337 Car -1 -1 -1 644.32 177.47 680.99 207.99 -1 -1 -1 -1000 -1000 -1000 -10 1
406 336 Car -1 -1 -1 237.43 178.84 319.20 213.15 -1 -1 -1 -1000 -1000 -1000 -10 1
406 334 Car -1 -1 -1 753.76 195.48 989.96 338.63 -1 -1 -1 -1000 -1000 -1000 -10 1
406 330 Car -1 -1 -1 884.10 190.35 1252.75 382.61 -1 -1 -1 -1000 -1000 -1000 -10 1
406 326 Car -1 -1 -1 702.08 182.51 814.67 257.28 -1 -1 -1 -1000 -1000 -1000 -10 1
407 337 Car -1 -1 -1 644.59 179.02 684.18 211.65 -1 -1 -1 -1000 -1000 -1000 -10 1
407 334 Car -1 -1 -1 793.74 194.37 1099.74 369.37 -1 -1 -1 -1000 -1000 -1000 -10 1
407 330 Car -1 -1 -1 965.68 196.37 1299.78 385.86 -1 -1 -1 -1000 -1000 -1000 -10 1
407 326 Car -1 -1 -1 718.74 182.57 851.68 270.93 -1 -1 -1 -1000 -1000 -1000 -10 1
408 337 Car -1 -1 -1 646.73 178.25 688.27 212.41 -1 -1 -1 -1000 -1000 -1000 -10 1
408 334 Car -1 -1 -1 844.99 193.01 1199.86 380.34 -1 -1 -1 -1000 -1000 -1000 -10 1
408 326 Car -1 -1 -1 738.18 181.67 890.86 281.26 -1 -1 -1 -1000 -1000 -1000 -10 1
409 337 Car -1 -1 -1 648.67 177.77 694.00 212.09 -1 -1 -1 -1000 -1000 -1000 -10 1
409 334 Car -1 -1 -1 891.68 196.81 1253.15 385.23 -1 -1 -1 -1000 -1000 -1000 -10 1
409 326 Car -1 -1 -1 756.09 174.52 952.09 301.97 -1 -1 -1 -1000 -1000 -1000 -10 1
410 340 Car -1 -1 -1 293.92 180.20 360.19 207.48 -1 -1 -1 -1000 -1000 -1000 -10 1
410 337 Car -1 -1 -1 653.64 179.46 701.11 215.32 -1 -1 -1 -1000 -1000 -1000 -10 1
410 336 Car -1 -1 -1 156.49 183.37 256.95 221.26 -1 -1 -1 -1000 -1000 -1000 -10 1
410 326 Car -1 -1 -1 784.56 173.81 1033.02 334.32 -1 -1 -1 -1000 -1000 -1000 -10 1
411 341 Car -1 -1 -1 233.89 186.38 323.53 219.17 -1 -1 -1 -1000 -1000 -1000 -10 1
411 340 Car -1 -1 -1 286.03 185.22 352.47 214.10 -1 -1 -1 -1000 -1000 -1000 -10 1
411 337 Car -1 -1 -1 655.36 181.81 707.41 218.86 -1 -1 -1 -1000 -1000 -1000 -10 1
411 336 Car -1 -1 -1 124.46 185.37 232.97 227.57 -1 -1 -1 -1000 -1000 -1000 -10 1
411 326 Car -1 -1 -1 831.83 170.89 1156.91 359.76 -1 -1 -1 -1000 -1000 -1000 -10 1
412 341 Car -1 -1 -1 210.63 188.16 309.20 222.55 -1 -1 -1 -1000 -1000 -1000 -10 1
412 340 Car -1 -1 -1 272.38 183.36 346.27 214.96 -1 -1 -1 -1000 -1000 -1000 -10 1
412 339 Car -1 -1 -1 336.19 184.05 392.11 210.10 -1 -1 -1 -1000 -1000 -1000 -10 1
412 337 Car -1 -1 -1 658.80 182.22 714.79 221.86 -1 -1 -1 -1000 -1000 -1000 -10 1
412 336 Car -1 -1 -1 92.70 188.67 205.39 233.26 -1 -1 -1 -1000 -1000 -1000 -10 1
412 326 Car -1 -1 -1 856.52 168.53 1216.98 368.33 -1 -1 -1 -1000 -1000 -1000 -10 1
413 341 Car -1 -1 -1 195.20 188.14 307.90 223.83 -1 -1 -1 -1000 -1000 -1000 -10 1
413 337 Car -1 -1 -1 660.61 180.95 721.24 223.37 -1 -1 -1 -1000 -1000 -1000 -10 1
413 336 Car -1 -1 -1 66.42 188.30 188.03 234.12 -1 -1 -1 -1000 -1000 -1000 -10 1
413 326 Car -1 -1 -1 906.47 166.85 1259.25 371.87 -1 -1 -1 -1000 -1000 -1000 -10 1
414 341 Car -1 -1 -1 162.83 190.20 279.09 229.27 -1 -1 -1 -1000 -1000 -1000 -10 1
414 337 Car -1 -1 -1 661.77 182.52 725.12 226.94 -1 -1 -1 -1000 -1000 -1000 -10 1
414 336 Car -1 -1 -1 17.64 195.61 150.86 246.35 -1 -1 -1 -1000 -1000 -1000 -10 1
415 341 Car -1 -1 -1 131.18 190.35 254.39 231.05 -1 -1 -1 -1000 -1000 -1000 -10 1
415 337 Car -1 -1 -1 671.14 185.54 738.73 231.89 -1 -1 -1 -1000 -1000 -1000 -10 1
415 336 Car -1 -1 -1 -11.96 194.45 115.15 247.44 -1 -1 -1 -1000 -1000 -1000 -10 1
416 341 Car -1 -1 -1 100.19 191.11 227.44 234.52 -1 -1 -1 -1000 -1000 -1000 -10 1
416 340 Car -1 -1 -1 189.70 190.25 277.21 227.44 -1 -1 -1 -1000 -1000 -1000 -10 1
416 339 Car -1 -1 -1 276.65 187.73 337.59 217.05 -1 -1 -1 -1000 -1000 -1000 -10 1
416 337 Car -1 -1 -1 676.00 186.43 746.19 234.05 -1 -1 -1 -1000 -1000 -1000 -10 1
416 336 Car -1 -1 -1 -27.31 194.68 78.91 248.66 -1 -1 -1 -1000 -1000 -1000 -10 1
417 341 Car -1 -1 -1 60.00 193.81 198.00 241.18 -1 -1 -1 -1000 -1000 -1000 -10 1
417 340 Car -1 -1 -1 163.51 190.66 256.49 231.60 -1 -1 -1 -1000 -1000 -1000 -10 1
417 339 Car -1 -1 -1 245.62 188.62 314.81 220.75 -1 -1 -1 -1000 -1000 -1000 -10 1
417 337 Car -1 -1 -1 685.06 187.95 766.99 242.29 -1 -1 -1 -1000 -1000 -1000 -10 1
418 344 Car -1 -1 -1 656.24 182.29 713.92 223.39 -1 -1 -1 -1000 -1000 -1000 -10 1
418 341 Car -1 -1 -1 17.18 196.96 163.47 246.28 -1 -1 -1 -1000 -1000 -1000 -10 1
418 340 Car -1 -1 -1 135.66 189.45 236.79 235.44 -1 -1 -1 -1000 -1000 -1000 -10 1
418 339 Car -1 -1 -1 221.75 188.72 295.87 222.52 -1 -1 -1 -1000 -1000 -1000 -10 1
418 337 Car -1 -1 -1 692.52 188.18 786.81 250.10 -1 -1 -1 -1000 -1000 -1000 -10 1
419 345 Car -1 -1 -1 246.30 188.61 315.57 221.37 -1 -1 -1 -1000 -1000 -1000 -10 1
419 344 Car -1 -1 -1 664.78 184.06 727.04 229.23 -1 -1 -1 -1000 -1000 -1000 -10 1
419 343 Car -1 -1 -1 326.94 189.52 379.91 215.12 -1 -1 -1 -1000 -1000 -1000 -10 1
419 341 Car -1 -1 -1 -10.05 198.60 131.58 249.89 -1 -1 -1 -1000 -1000 -1000 -10 1
419 340 Car -1 -1 -1 100.81 191.74 209.52 239.68 -1 -1 -1 -1000 -1000 -1000 -10 1
419 339 Car -1 -1 -1 195.15 189.86 276.21 227.17 -1 -1 -1 -1000 -1000 -1000 -10 1
419 337 Car -1 -1 -1 698.97 191.35 807.49 261.71 -1 -1 -1 -1000 -1000 -1000 -10 1
420 345 Car -1 -1 -1 228.74 189.00 297.77 222.65 -1 -1 -1 -1000 -1000 -1000 -10 1
420 344 Car -1 -1 -1 670.51 186.86 736.10 234.03 -1 -1 -1 -1000 -1000 -1000 -10 1
420 343 Car -1 -1 -1 316.88 188.01 371.11 213.51 -1 -1 -1 -1000 -1000 -1000 -10 1
420 340 Car -1 -1 -1 58.27 192.40 178.13 243.59 -1 -1 -1 -1000 -1000 -1000 -10 1
420 339 Car -1 -1 -1 159.99 192.77 247.99 233.30 -1 -1 -1 -1000 -1000 -1000 -10 1
420 337 Car -1 -1 -1 714.46 194.36 836.86 274.64 -1 -1 -1 -1000 -1000 -1000 -10 1
421 345 Car -1 -1 -1 201.92 185.80 275.48 220.42 -1 -1 -1 -1000 -1000 -1000 -10 1
421 344 Car -1 -1 -1 675.81 187.56 744.91 234.85 -1 -1 -1 -1000 -1000 -1000 -10 1
421 343 Car -1 -1 -1 304.10 185.73 360.12 212.34 -1 -1 -1 -1000 -1000 -1000 -10 1
421 340 Car -1 -1 -1 11.00 192.59 141.48 247.57 -1 -1 -1 -1000 -1000 -1000 -10 1
421 339 Car -1 -1 -1 125.81 189.75 220.90 232.39 -1 -1 -1 -1000 -1000 -1000 -10 1
421 337 Car -1 -1 -1 738.48 193.61 883.89 287.66 -1 -1 -1 -1000 -1000 -1000 -10 1
422 347 Car -1 -1 -1 232.06 188.69 299.82 221.10 -1 -1 -1 -1000 -1000 -1000 -10 1
422 345 Car -1 -1 -1 173.40 187.45 255.84 227.43 -1 -1 -1 -1000 -1000 -1000 -10 1
422 344 Car -1 -1 -1 679.74 185.19 757.55 237.57 -1 -1 -1 -1000 -1000 -1000 -10 1
422 340 Car -1 -1 -1 -14.65 198.57 106.35 254.44 -1 -1 -1 -1000 -1000 -1000 -10 1
422 339 Car -1 -1 -1 82.92 192.80 188.20 238.21 -1 -1 -1 -1000 -1000 -1000 -10 1
422 337 Car -1 -1 -1 765.02 194.77 951.70 311.23 -1 -1 -1 -1000 -1000 -1000 -10 1
423 349 Car -1 -1 -1 720.53 190.33 876.52 282.58 -1 -1 -1 -1000 -1000 -1000 -10 1
423 347 Car -1 -1 -1 189.33 185.46 279.41 225.14 -1 -1 -1 -1000 -1000 -1000 -10 1
423 344 Car -1 -1 -1 683.20 184.11 772.79 241.63 -1 -1 -1 -1000 -1000 -1000 -10 1
423 339 Car -1 -1 -1 34.02 197.98 153.80 245.08 -1 -1 -1 -1000 -1000 -1000 -10 1
423 337 Car -1 -1 -1 805.45 200.72 1059.61 345.77 -1 -1 -1 -1000 -1000 -1000 -10 1
