0 3 Car -1 -1 -1 474.94 203.47 508.92 238.69 -1 -1 -1 -1000 -1000 -1000 -10 1
0 2 Car -1 -1 -1 603.70 197.50 996.00 366.61 -1 -1 -1 -1000 -1000 -1000 -10 1
0 1 Car -1 -1 -1 1066.10 172.98 1238.23 248.37 -1 -1 -1 -1000 -1000 -1000 -10 1
1 3 Car -1 -1 -1 473.40 195.56 511.14 231.11 -1 -1 -1 -1000 -1000 -1000 -10 1
1 2 Car -1 -1 -1 442.86 200.22 853.43 375.35 -1 -1 -1 -1000 -1000 -1000 -10 1
1 1 Car -1 -1 -1 1055.88 170.36 1243.92 253.51 -1 -1 -1 -1000 -1000 -1000 -10 1
2 2 Car -1 -1 -1 270.82 197.12 710.87 377.31 -1 -1 -1 -1000 -1000 -1000 -10 1
2 1 Car -1 -1 -1 1060.46 175.70 1231.07 249.39 -1 -1 -1 -1000 -1000 -1000 -10 1
3 2 Car -1 -1 -1 98.17 206.34 522.90 377.19 -1 -1 -1 -1000 -1000 -1000 -10 1
3 1 Car -1 -1 -1 1054.37 177.45 1234.59 253.27 -1 -1 -1 -1000 -1000 -1000 -10 1
4 2 Car -1 -1 -1 -36.89 217.39 324.94 373.62 -1 -1 -1 -1000 -1000 -1000 -10 1
4 1 Car -1 -1 -1 1045.09 180.15 1238.78 258.65 -1 -1 -1 -1000 -1000 -1000 -10 1
5 1 Car -1 -1 -1 1028.47 181.41 1237.74 262.44 -1 -1 -1 -1000 -1000 -1000 -10 1
6 1 Car -1 -1 -1 1017.03 184.94 1236.94 266.66 -1 -1 -1 -1000 -1000 -1000 -10 1
7 1 Car -1 -1 -1 1006.57 183.16 1236.60 268.80 -1 -1 -1 -1000 -1000 -1000 -10 1
8 1 Car -1 -1 -1 996.57 189.24 1220.90 271.40 -1 -1 -1 -1000 -1000 -1000 -10 1
9 5 Car -1 -1 -1 330.50 215.13 402.37 275.14 -1 -1 -1 -1000 -1000 -1000 -10 1
9 1 Car -1 -1 -1 979.23 193.05 1203.47 274.63 -1 -1 -1 -1000 -1000 -1000 -10 1
10 5 Car -1 -1 -1 299.21 219.57 378.74 286.19 -1 -1 -1 -1000 -1000 -1000 -10 1
10 1 Car -1 -1 -1 971.30 194.28 1197.36 274.56 -1 -1 -1 -1000 -1000 -1000 -10 1
11 5 Car -1 -1 -1 271.47 218.48 358.08 289.65 -1 -1 -1 -1000 -1000 -1000 -10 1
11 1 Car -1 -1 -1 966.72 194.93 1197.41 274.38 -1 -1 -1 -1000 -1000 -1000 -10 1
12 5 Car -1 -1 -1 239.82 219.86 338.77 299.22 -1 -1 -1 -1000 -1000 -1000 -10 1
12 1 Car -1 -1 -1 967.60 195.12 1198.79 275.67 -1 -1 -1 -1000 -1000 -1000 -10 1
13 5 Car -1 -1 -1 208.45 217.68 316.80 304.19 -1 -1 -1 -1000 -1000 -1000 -10 1
13 1 Car -1 -1 -1 969.94 186.86 1215.51 275.02 -1 -1 -1 -1000 -1000 -1000 -10 1
14 5 Car -1 -1 -1 187.38 213.15 308.10 307.49 -1 -1 -1 -1000 -1000 -1000 -10 1
14 1 Car -1 -1 -1 997.47 183.48 1239.44 276.69 -1 -1 -1 -1000 -1000 -1000 -10 1
15 5 Car -1 -1 -1 165.90 208.65 306.64 316.09 -1 -1 -1 -1000 -1000 -1000 -10 1
15 1 Car -1 -1 -1 1037.54 179.01 1256.41 274.24 -1 -1 -1 -1000 -1000 -1000 -10 1
16 5 Car -1 -1 -1 130.66 207.54 303.74 337.75 -1 -1 -1 -1000 -1000 -1000 -10 1
17 5 Car -1 -1 -1 77.34 210.25 298.21 360.62 -1 -1 -1 -1000 -1000 -1000 -10 1
18 5 Car -1 -1 -1 28.70 211.54 286.34 372.19 -1 -1 -1 -1000 -1000 -1000 -10 1
19 5 Car -1 -1 -1 -3.09 208.56 269.92 376.51 -1 -1 -1 -1000 -1000 -1000 -10 1
69 7 Car -1 -1 -1 -16.14 204.23 171.39 273.38 -1 -1 -1 -1000 -1000 -1000 -10 1
70 7 Car -1 -1 -1 -33.29 208.35 117.60 275.86 -1 -1 -1 -1000 -1000 -1000 -10 1
71 8 Car -1 -1 -1 526.78 179.69 569.35 205.13 -1 -1 -1 -1000 -1000 -1000 -10 1
72 8 Car -1 -1 -1 516.97 179.19 562.43 206.52 -1 -1 -1 -1000 -1000 -1000 -10 1
73 8 Car -1 -1 -1 506.47 180.15 551.22 207.67 -1 -1 -1 -1000 -1000 -1000 -10 1
74 8 Car -1 -1 -1 493.84 180.34 539.29 209.04 -1 -1 -1 -1000 -1000 -1000 -10 1
78 8 Car -1 -1 -1 448.37 177.29 503.12 210.55 -1 -1 -1 -1000 -1000 -1000 -10 1
79 8 Car -1 -1 -1 443.10 179.50 500.75 215.34 -1 -1 -1 -1000 -1000 -1000 -10 1
80 8 Car -1 -1 -1 437.67 178.65 497.86 216.34 -1 -1 -1 -1000 -1000 -1000 -10 1
81 8 Car -1 -1 -1 428.35 180.27 492.61 219.17 -1 -1 -1 -1000 -1000 -1000 -10 1
82 8 Car -1 -1 -1 418.30 181.78 486.97 224.34 -1 -1 -1 -1000 -1000 -1000 -10 1
83 8 Car -1 -1 -1 404.37 185.85 482.44 231.43 -1 -1 -1 -1000 -1000 -1000 -10 1
84 8 Car -1 -1 -1 388.68 187.68 473.27 238.01 -1 -1 -1 -1000 -1000 -1000 -10 1
85 9 Car -1 -1 -1 45.88 198.94 230.39 277.91 -1 -1 -1 -1000 -1000 -1000 -10 1
85 8 Car -1 -1 -1 370.43 186.92 463.97 243.22 -1 -1 -1 -1000 -1000 -1000 -10 1
86 9 Car -1 -1 -1 -5.47 200.43 183.50 287.03 -1 -1 -1 -1000 -1000 -1000 -10 1
86 8 Car -1 -1 -1 343.39 184.16 450.54 247.22 -1 -1 -1 -1000 -1000 -1000 -10 1
87 9 Car -1 -1 -1 -33.95 199.31 124.02 285.36 -1 -1 -1 -1000 -1000 -1000 -10 1
87 8 Car -1 -1 -1 310.69 183.29 427.77 252.56 -1 -1 -1 -1000 -1000 -1000 -10 1
88 8 Car -1 -1 -1 262.43 184.27 396.37 262.31 -1 -1 -1 -1000 -1000 -1000 -10 1
89 8 Car -1 -1 -1 199.68 187.83 358.32 279.00 -1 -1 -1 -1000 -1000 -1000 -10 1
90 8 Car -1 -1 -1 111.63 191.03 315.03 305.04 -1 -1 -1 -1000 -1000 -1000 -10 1
91 8 Car -1 -1 -1 38.20 196.19 270.04 330.57 -1 -1 -1 -1000 -1000 -1000 -10 1
92 8 Car -1 -1 -1 -5.80 203.79 217.32 348.23 -1 -1 -1 -1000 -1000 -1000 -10 1
144 12 Car -1 -1 -1 379.29 179.40 436.38 206.29 -1 -1 -1 -1000 -1000 -1000 -10 1
145 12 Car -1 -1 -1 374.45 179.97 436.71 209.66 -1 -1 -1 -1000 -1000 -1000 -10 1
146 12 Car -1 -1 -1 371.02 181.18 435.73 213.54 -1 -1 -1 -1000 -1000 -1000 -10 1
147 12 Car -1 -1 -1 370.91 178.86 433.82 209.46 -1 -1 -1 -1000 -1000 -1000 -10 1
148 12 Car -1 -1 -1 372.35 178.63 433.27 207.46 -1 -1 -1 -1000 -1000 -1000 -10 1
149 12 Car -1 -1 -1 377.63 178.21 436.00 205.35 -1 -1 -1 -1000 -1000 -1000 -10 1
150 12 Car -1 -1 -1 375.11 176.82 431.22 203.51 -1 -1 -1 -1000 -1000 -1000 -10 1
151 12 Car -1 -1 -1 380.37 176.42 435.99 202.67 -1 -1 -1 -1000 -1000 -1000 -10 1
152 12 Car -1 -1 -1 379.21 176.21 446.17 204.10 -1 -1 -1 -1000 -1000 -1000 -10 1
155 16 Car -1 -1 -1 693.74 170.86 767.88 201.30 -1 -1 -1 -1000 -1000 -1000 -10 1
156 18 Car -1 -1 -1 611.48 170.64 680.07 200.90 -1 -1 -1 -1000 -1000 -1000 -10 1
156 16 Car -1 -1 -1 699.65 168.96 779.14 201.55 -1 -1 -1 -1000 -1000 -1000 -10 1
156 12 Car -1 -1 -1 373.89 177.53 433.90 204.85 -1 -1 -1 -1000 -1000 -1000 -10 1
157 18 Car -1 -1 -1 612.30 170.11 684.55 201.18 -1 -1 -1 -1000 -1000 -1000 -10 1
157 16 Car -1 -1 -1 706.33 167.47 787.38 201.22 -1 -1 -1 -1000 -1000 -1000 -10 1
157 12 Car -1 -1 -1 370.16 177.28 429.80 204.18 -1 -1 -1 -1000 -1000 -1000 -10 1
158 21 Car -1 -1 -1 809.76 159.03 925.61 193.80 -1 -1 -1 -1000 -1000 -1000 -10 1
158 18 Car -1 -1 -1 614.61 169.41 698.81 201.99 -1 -1 -1 -1000 -1000 -1000 -10 1
158 16 Car -1 -1 -1 716.17 166.18 799.00 200.52 -1 -1 -1 -1000 -1000 -1000 -10 1
158 12 Car -1 -1 -1 366.50 177.23 427.13 204.15 -1 -1 -1 -1000 -1000 -1000 -10 1
159 21 Car -1 -1 -1 824.12 155.84 937.85 191.04 -1 -1 -1 -1000 -1000 -1000 -10 1
159 18 Car -1 -1 -1 616.88 168.90 710.00 201.82 -1 -1 -1 -1000 -1000 -1000 -10 1
159 16 Car -1 -1 -1 727.43 165.73 808.17 199.67 -1 -1 -1 -1000 -1000 -1000 -10 1
159 12 Car -1 -1 -1 361.91 176.16 424.76 203.81 -1 -1 -1 -1000 -1000 -1000 -10 1
160 21 Car -1 -1 -1 832.50 153.68 953.64 190.45 -1 -1 -1 -1000 -1000 -1000 -10 1
160 18 Car -1 -1 -1 616.21 168.21 717.70 201.75 -1 -1 -1 -1000 -1000 -1000 -10 1
160 16 Car -1 -1 -1 737.73 163.23 822.18 196.31 -1 -1 -1 -1000 -1000 -1000 -10 1
160 12 Car -1 -1 -1 354.89 175.20 419.13 204.49 -1 -1 -1 -1000 -1000 -1000 -10 1
161 21 Car -1 -1 -1 843.47 153.76 965.55 189.09 -1 -1 -1 -1000 -1000 -1000 -10 1
161 18 Car -1 -1 -1 614.46 168.80 724.14 202.43 -1 -1 -1 -1000 -1000 -1000 -10 1
161 16 Car -1 -1 -1 745.82 163.58 829.04 196.85 -1 -1 -1 -1000 -1000 -1000 -10 1
161 12 Car -1 -1 -1 348.84 175.86 414.51 205.03 -1 -1 -1 -1000 -1000 -1000 -10 1
162 21 Car -1 -1 -1 849.01 156.98 969.56 192.14 -1 -1 -1 -1000 -1000 -1000 -10 1
162 18 Car -1 -1 -1 612.98 169.24 726.34 203.79 -1 -1 -1 -1000 -1000 -1000 -10 1
162 16 Car -1 -1 -1 748.32 164.85 833.35 200.07 -1 -1 -1 -1000 -1000 -1000 -10 1
162 12 Car -1 -1 -1 340.10 176.66 407.71 206.77 -1 -1 -1 -1000 -1000 -1000 -10 1
163 21 Car -1 -1 -1 859.44 158.10 983.28 194.23 -1 -1 -1 -1000 -1000 -1000 -10 1
163 18 Car -1 -1 -1 620.67 167.86 728.13 203.57 -1 -1 -1 -1000 -1000 -1000 -10 1
163 16 Car -1 -1 -1 757.21 165.70 849.21 201.57 -1 -1 -1 -1000 -1000 -1000 -10 1
163 12 Car -1 -1 -1 332.81 179.79 400.68 211.12 -1 -1 -1 -1000 -1000 -1000 -10 1
164 26 Car -1 -1 -1 1107.38 145.36 1239.87 190.54 -1 -1 -1 -1000 -1000 -1000 -10 1
164 21 Car -1 -1 -1 868.68 157.51 993.26 193.35 -1 -1 -1 -1000 -1000 -1000 -10 1
164 18 Car -1 -1 -1 622.54 168.04 732.58 205.25 -1 -1 -1 -1000 -1000 -1000 -10 1
164 16 Car -1 -1 -1 762.69 165.68 860.38 201.71 -1 -1 -1 -1000 -1000 -1000 -10 1
164 12 Car -1 -1 -1 327.14 177.71 399.97 211.57 -1 -1 -1 -1000 -1000 -1000 -10 1
165 26 Car -1 -1 -1 1130.25 146.98 1251.07 191.38 -1 -1 -1 -1000 -1000 -1000 -10 1
165 21 Car -1 -1 -1 880.21 156.29 1010.77 193.24 -1 -1 -1 -1000 -1000 -1000 -10 1
165 18 Car -1 -1 -1 621.59 167.48 736.40 206.39 -1 -1 -1 -1000 -1000 -1000 -10 1
165 16 Car -1 -1 -1 765.86 164.83 871.39 202.08 -1 -1 -1 -1000 -1000 -1000 -10 1
165 12 Car -1 -1 -1 315.52 175.74 393.49 210.58 -1 -1 -1 -1000 -1000 -1000 -10 1
166 27 Car -1 -1 -1 540.54 162.56 636.32 200.45 -1 -1 -1 -1000 -1000 -1000 -10 1
166 26 Car -1 -1 -1 1146.82 150.95 1257.77 198.90 -1 -1 -1 -1000 -1000 -1000 -10 1
166 21 Car -1 -1 -1 887.57 155.65 1022.71 193.31 -1 -1 -1 -1000 -1000 -1000 -10 1
166 18 Car -1 -1 -1 620.60 166.74 740.59 206.86 -1 -1 -1 -1000 -1000 -1000 -10 1
166 16 Car -1 -1 -1 768.34 164.08 880.56 202.02 -1 -1 -1 -1000 -1000 -1000 -10 1
167 27 Car -1 -1 -1 538.16 163.84 636.96 201.60 -1 -1 -1 -1000 -1000 -1000 -10 1
167 21 Car -1 -1 -1 897.34 155.01 1037.12 193.92 -1 -1 -1 -1000 -1000 -1000 -10 1
167 18 Car -1 -1 -1 620.49 166.16 744.28 207.93 -1 -1 -1 -1000 -1000 -1000 -10 1
167 16 Car -1 -1 -1 770.10 164.38 890.10 203.36 -1 -1 -1 -1000 -1000 -1000 -10 1
168 27 Car -1 -1 -1 534.13 166.30 634.39 203.60 -1 -1 -1 -1000 -1000 -1000 -10 1
168 21 Car -1 -1 -1 904.40 158.47 1047.62 199.12 -1 -1 -1 -1000 -1000 -1000 -10 1
168 18 Car -1 -1 -1 616.61 167.75 745.68 208.30 -1 -1 -1 -1000 -1000 -1000 -10 1
168 16 Car -1 -1 -1 769.69 164.95 896.48 205.82 -1 -1 -1 -1000 -1000 -1000 -10 1
169 27 Car -1 -1 -1 529.99 166.37 635.90 204.72 -1 -1 -1 -1000 -1000 -1000 -10 1
169 21 Car -1 -1 -1 917.38 158.03 1063.01 200.84 -1 -1 -1 -1000 -1000 -1000 -10 1
169 18 Car -1 -1 -1 613.42 168.31 747.37 208.63 -1 -1 -1 -1000 -1000 -1000 -10 1
169 16 Car -1 -1 -1 771.13 165.07 901.52 206.16 -1 -1 -1 -1000 -1000 -1000 -10 1
170 27 Car -1 -1 -1 525.17 165.99 635.19 205.23 -1 -1 -1 -1000 -1000 -1000 -10 1
170 21 Car -1 -1 -1 924.70 158.65 1073.57 202.50 -1 -1 -1 -1000 -1000 -1000 -10 1
170 18 Car -1 -1 -1 609.47 168.53 749.09 209.36 -1 -1 -1 -1000 -1000 -1000 -10 1
170 16 Car -1 -1 -1 778.05 164.93 911.32 207.91 -1 -1 -1 -1000 -1000 -1000 -10 1
171 27 Car -1 -1 -1 520.03 166.13 627.59 204.29 -1 -1 -1 -1000 -1000 -1000 -10 1
171 21 Car -1 -1 -1 926.88 156.91 1079.73 202.49 -1 -1 -1 -1000 -1000 -1000 -10 1
171 18 Car -1 -1 -1 607.74 168.11 752.53 209.37 -1 -1 -1 -1000 -1000 -1000 -10 1
171 16 Car -1 -1 -1 783.79 164.32 921.37 208.60 -1 -1 -1 -1000 -1000 -1000 -10 1
172 27 Car -1 -1 -1 516.88 166.51 624.08 204.57 -1 -1 -1 -1000 -1000 -1000 -10 1
172 21 Car -1 -1 -1 938.75 156.39 1093.53 202.89 -1 -1 -1 -1000 -1000 -1000 -10 1
172 18 Car -1 -1 -1 605.78 168.77 755.98 211.11 -1 -1 -1 -1000 -1000 -1000 -10 1
172 16 Car -1 -1 -1 785.79 164.46 927.48 209.60 -1 -1 -1 -1000 -1000 -1000 -10 1
173 30 Car -1 -1 -1 1111.91 142.98 1249.76 200.01 -1 -1 -1 -1000 -1000 -1000 -10 1
173 27 Car -1 -1 -1 514.41 166.76 622.28 204.56 -1 -1 -1 -1000 -1000 -1000 -10 1
173 21 Car -1 -1 -1 949.36 155.35 1108.34 204.43 -1 -1 -1 -1000 -1000 -1000 -10 1
173 18 Car -1 -1 -1 604.81 168.27 759.98 212.20 -1 -1 -1 -1000 -1000 -1000 -10 1
173 16 Car -1 -1 -1 786.72 164.54 930.65 210.23 -1 -1 -1 -1000 -1000 -1000 -10 1
174 30 Car -1 -1 -1 1121.00 145.16 1254.27 200.15 -1 -1 -1 -1000 -1000 -1000 -10 1
174 27 Car -1 -1 -1 512.45 166.10 620.77 204.06 -1 -1 -1 -1000 -1000 -1000 -10 1
174 21 Car -1 -1 -1 956.16 152.18 1122.44 205.52 -1 -1 -1 -1000 -1000 -1000 -10 1
174 18 Car -1 -1 -1 604.56 167.66 763.43 213.05 -1 -1 -1 -1000 -1000 -1000 -10 1
174 16 Car -1 -1 -1 795.50 163.26 942.89 211.10 -1 -1 -1 -1000 -1000 -1000 -10 1
175 30 Car -1 -1 -1 1123.50 146.51 1254.07 199.82 -1 -1 -1 -1000 -1000 -1000 -10 1
175 27 Car -1 -1 -1 511.91 166.33 621.82 204.25 -1 -1 -1 -1000 -1000 -1000 -10 1
175 21 Car -1 -1 -1 972.19 153.47 1139.76 206.74 -1 -1 -1 -1000 -1000 -1000 -10 1
175 18 Car -1 -1 -1 604.16 167.66 765.99 214.49 -1 -1 -1 -1000 -1000 -1000 -10 1
175 16 Car -1 -1 -1 801.85 162.37 952.71 211.81 -1 -1 -1 -1000 -1000 -1000 -10 1
176 30 Car -1 -1 -1 1128.92 148.68 1254.63 201.69 -1 -1 -1 -1000 -1000 -1000 -10 1
176 27 Car -1 -1 -1 511.64 166.25 623.60 204.91 -1 -1 -1 -1000 -1000 -1000 -10 1
176 21 Car -1 -1 -1 985.98 153.58 1162.28 209.57 -1 -1 -1 -1000 -1000 -1000 -10 1
176 18 Car -1 -1 -1 607.03 167.36 773.17 217.96 -1 -1 -1 -1000 -1000 -1000 -10 1
176 16 Car -1 -1 -1 810.98 161.49 962.45 212.01 -1 -1 -1 -1000 -1000 -1000 -10 1
177 27 Car -1 -1 -1 516.16 166.27 630.76 206.32 -1 -1 -1 -1000 -1000 -1000 -10 1
177 21 Car -1 -1 -1 998.60 154.69 1179.71 212.43 -1 -1 -1 -1000 -1000 -1000 -10 1
177 18 Car -1 -1 -1 613.55 167.72 783.20 220.86 -1 -1 -1 -1000 -1000 -1000 -10 1
177 16 Car -1 -1 -1 820.99 161.03 978.96 213.65 -1 -1 -1 -1000 -1000 -1000 -10 1
178 27 Car -1 -1 -1 522.15 165.44 639.42 206.78 -1 -1 -1 -1000 -1000 -1000 -10 1
178 21 Car -1 -1 -1 1022.89 152.45 1208.82 213.06 -1 -1 -1 -1000 -1000 -1000 -10 1
178 18 Car -1 -1 -1 622.63 169.86 794.24 222.60 -1 -1 -1 -1000 -1000 -1000 -10 1
178 16 Car -1 -1 -1 835.77 162.47 1000.56 218.14 -1 -1 -1 -1000 -1000 -1000 -10 1
179 27 Car -1 -1 -1 529.29 165.57 650.31 207.36 -1 -1 -1 -1000 -1000 -1000 -10 1
179 21 Car -1 -1 -1 1042.33 152.21 1230.30 214.95 -1 -1 -1 -1000 -1000 -1000 -10 1
179 18 Car -1 -1 -1 634.28 168.08 810.31 224.34 -1 -1 -1 -1000 -1000 -1000 -10 1
179 16 Car -1 -1 -1 853.46 163.54 1025.03 221.53 -1 -1 -1 -1000 -1000 -1000 -10 1
180 27 Car -1 -1 -1 543.15 164.28 660.45 207.18 -1 -1 -1 -1000 -1000 -1000 -10 1
180 21 Car -1 -1 -1 1062.82 152.48 1247.79 217.19 -1 -1 -1 -1000 -1000 -1000 -10 1
180 18 Car -1 -1 -1 644.99 166.68 826.06 226.03 -1 -1 -1 -1000 -1000 -1000 -10 1
180 16 Car -1 -1 -1 871.63 163.85 1050.00 224.51 -1 -1 -1 -1000 -1000 -1000 -10 1
181 27 Car -1 -1 -1 552.71 165.41 671.53 207.93 -1 -1 -1 -1000 -1000 -1000 -10 1
181 21 Car -1 -1 -1 1078.95 150.30 1258.17 218.31 -1 -1 -1 -1000 -1000 -1000 -10 1
181 18 Car -1 -1 -1 661.63 167.78 844.79 228.40 -1 -1 -1 -1000 -1000 -1000 -10 1
181 16 Car -1 -1 -1 889.91 165.60 1073.84 228.44 -1 -1 -1 -1000 -1000 -1000 -10 1
182 27 Car -1 -1 -1 566.93 164.76 686.69 208.73 -1 -1 -1 -1000 -1000 -1000 -10 1
182 21 Car -1 -1 -1 1097.60 150.45 1264.39 220.82 -1 -1 -1 -1000 -1000 -1000 -10 1
182 18 Car -1 -1 -1 674.20 169.13 861.74 230.64 -1 -1 -1 -1000 -1000 -1000 -10 1
182 16 Car -1 -1 -1 910.24 166.08 1098.65 228.23 -1 -1 -1 -1000 -1000 -1000 -10 1
183 27 Car -1 -1 -1 573.50 164.77 691.06 209.02 -1 -1 -1 -1000 -1000 -1000 -10 1
183 21 Car -1 -1 -1 1111.56 152.25 1272.17 223.97 -1 -1 -1 -1000 -1000 -1000 -10 1
183 18 Car -1 -1 -1 681.21 166.89 874.73 230.82 -1 -1 -1 -1000 -1000 -1000 -10 1
183 16 Car -1 -1 -1 925.05 166.51 1121.20 230.62 -1 -1 -1 -1000 -1000 -1000 -10 1
184 27 Car -1 -1 -1 579.11 165.05 694.31 209.20 -1 -1 -1 -1000 -1000 -1000 -10 1
184 21 Car -1 -1 -1 1121.71 154.94 1274.17 225.48 -1 -1 -1 -1000 -1000 -1000 -10 1
184 18 Car -1 -1 -1 684.00 164.81 882.13 230.34 -1 -1 -1 -1000 -1000 -1000 -10 1
184 16 Car -1 -1 -1 933.09 165.75 1135.20 232.31 -1 -1 -1 -1000 -1000 -1000 -10 1
185 27 Car -1 -1 -1 583.72 165.85 697.00 209.98 -1 -1 -1 -1000 -1000 -1000 -10 1
185 21 Car -1 -1 -1 1128.89 163.07 1270.93 229.99 -1 -1 -1 -1000 -1000 -1000 -10 1
185 18 Car -1 -1 -1 688.13 164.65 890.69 232.10 -1 -1 -1 -1000 -1000 -1000 -10 1
185 16 Car -1 -1 -1 940.86 165.84 1147.79 234.15 -1 -1 -1 -1000 -1000 -1000 -10 1
186 35 Car -1 -1 -1 259.53 174.08 359.83 230.65 -1 -1 -1 -1000 -1000 -1000 -10 1
186 27 Car -1 -1 -1 587.37 166.88 699.01 210.54 -1 -1 -1 -1000 -1000 -1000 -10 1
186 21 Car -1 -1 -1 1142.29 163.30 1266.11 231.08 -1 -1 -1 -1000 -1000 -1000 -10 1
186 18 Car -1 -1 -1 691.49 165.61 896.91 234.03 -1 -1 -1 -1000 -1000 -1000 -10 1
186 16 Car -1 -1 -1 945.76 165.93 1154.21 233.63 -1 -1 -1 -1000 -1000 -1000 -10 1
187 27 Car -1 -1 -1 589.68 168.06 700.12 211.77 -1 -1 -1 -1000 -1000 -1000 -10 1
187 21 Car -1 -1 -1 1150.55 164.20 1261.64 232.58 -1 -1 -1 -1000 -1000 -1000 -10 1
187 18 Car -1 -1 -1 691.81 165.40 900.43 234.76 -1 -1 -1 -1000 -1000 -1000 -10 1
187 16 Car -1 -1 -1 946.61 166.35 1156.04 233.50 -1 -1 -1 -1000 -1000 -1000 -10 1
188 27 Car -1 -1 -1 590.37 168.29 701.30 212.61 -1 -1 -1 -1000 -1000 -1000 -10 1
188 21 Car -1 -1 -1 1154.94 164.27 1256.93 233.04 -1 -1 -1 -1000 -1000 -1000 -10 1
188 18 Car -1 -1 -1 691.86 165.31 902.25 235.40 -1 -1 -1 -1000 -1000 -1000 -10 1
188 16 Car -1 -1 -1 946.39 166.41 1156.70 233.11 -1 -1 -1 -1000 -1000 -1000 -10 1
189 27 Car -1 -1 -1 590.21 170.17 699.29 214.23 -1 -1 -1 -1000 -1000 -1000 -10 1
189 21 Car -1 -1 -1 1156.30 163.22 1252.74 233.28 -1 -1 -1 -1000 -1000 -1000 -10 1
189 18 Car -1 -1 -1 692.32 166.11 901.99 236.78 -1 -1 -1 -1000 -1000 -1000 -10 1
189 16 Car -1 -1 -1 945.33 167.43 1156.32 233.90 -1 -1 -1 -1000 -1000 -1000 -10 1
190 27 Car -1 -1 -1 589.77 170.37 698.27 214.60 -1 -1 -1 -1000 -1000 -1000 -10 1
190 21 Car -1 -1 -1 1157.55 162.84 1249.76 233.68 -1 -1 -1 -1000 -1000 -1000 -10 1
190 18 Car -1 -1 -1 692.35 165.96 900.85 236.93 -1 -1 -1 -1000 -1000 -1000 -10 1
190 16 Car -1 -1 -1 944.54 167.58 1155.22 234.07 -1 -1 -1 -1000 -1000 -1000 -10 1
191 27 Car -1 -1 -1 589.37 170.14 697.39 214.65 -1 -1 -1 -1000 -1000 -1000 -10 1
191 21 Car -1 -1 -1 1158.55 161.72 1247.59 233.56 -1 -1 -1 -1000 -1000 -1000 -10 1
191 18 Car -1 -1 -1 692.38 165.94 899.92 237.04 -1 -1 -1 -1000 -1000 -1000 -10 1
191 16 Car -1 -1 -1 944.65 167.32 1155.77 233.63 -1 -1 -1 -1000 -1000 -1000 -10 1
192 27 Car -1 -1 -1 590.23 170.85 696.80 215.23 -1 -1 -1 -1000 -1000 -1000 -10 1
192 21 Car -1 -1 -1 1159.01 160.99 1245.94 233.66 -1 -1 -1 -1000 -1000 -1000 -10 1
192 18 Car -1 -1 -1 692.01 166.16 899.15 237.40 -1 -1 -1 -1000 -1000 -1000 -10 1
192 16 Car -1 -1 -1 943.84 167.47 1155.55 233.61 -1 -1 -1 -1000 -1000 -1000 -10 1
193 27 Car -1 -1 -1 589.53 169.96 695.80 214.60 -1 -1 -1 -1000 -1000 -1000 -10 1
193 21 Car -1 -1 -1 1159.44 161.38 1244.88 234.17 -1 -1 -1 -1000 -1000 -1000 -10 1
193 18 Car -1 -1 -1 692.14 165.89 898.99 237.24 -1 -1 -1 -1000 -1000 -1000 -10 1
193 16 Car -1 -1 -1 942.78 167.45 1155.16 233.52 -1 -1 -1 -1000 -1000 -1000 -10 1
194 27 Car -1 -1 -1 589.28 169.20 695.88 214.31 -1 -1 -1 -1000 -1000 -1000 -10 1
194 21 Car -1 -1 -1 1159.82 161.12 1243.96 234.41 -1 -1 -1 -1000 -1000 -1000 -10 1
194 18 Car -1 -1 -1 692.16 165.82 898.27 237.25 -1 -1 -1 -1000 -1000 -1000 -10 1
194 16 Car -1 -1 -1 942.38 167.69 1154.72 233.75 -1 -1 -1 -1000 -1000 -1000 -10 1
195 27 Car -1 -1 -1 588.97 168.75 695.98 214.17 -1 -1 -1 -1000 -1000 -1000 -10 1
195 21 Car -1 -1 -1 1159.71 160.88 1243.15 234.32 -1 -1 -1 -1000 -1000 -1000 -10 1
195 18 Car -1 -1 -1 692.38 165.48 897.92 236.92 -1 -1 -1 -1000 -1000 -1000 -10 1
195 16 Car -1 -1 -1 942.23 167.67 1154.35 233.72 -1 -1 -1 -1000 -1000 -1000 -10 1
196 27 Car -1 -1 -1 589.06 168.81 695.49 214.35 -1 -1 -1 -1000 -1000 -1000 -10 1
196 21 Car -1 -1 -1 1159.63 160.40 1242.45 234.05 -1 -1 -1 -1000 -1000 -1000 -10 1
196 18 Car -1 -1 -1 692.14 165.77 897.64 237.36 -1 -1 -1 -1000 -1000 -1000 -10 1
196 16 Car -1 -1 -1 941.73 167.75 1154.27 233.72 -1 -1 -1 -1000 -1000 -1000 -10 1
197 27 Car -1 -1 -1 584.28 169.52 690.69 215.99 -1 -1 -1 -1000 -1000 -1000 -10 1
197 21 Car -1 -1 -1 1159.51 160.08 1241.86 233.56 -1 -1 -1 -1000 -1000 -1000 -10 1
197 18 Car -1 -1 -1 692.33 166.06 897.78 237.65 -1 -1 -1 -1000 -1000 -1000 -10 1
197 16 Car -1 -1 -1 941.53 167.85 1154.50 233.82 -1 -1 -1 -1000 -1000 -1000 -10 1
198 21 Car -1 -1 -1 1158.70 164.32 1243.61 234.48 -1 -1 -1 -1000 -1000 -1000 -10 1
198 16 Car -1 -1 -1 947.94 166.89 1165.99 236.05 -1 -1 -1 -1000 -1000 -1000 -10 1
199 16 Car -1 -1 -1 940.32 172.42 1156.84 244.87 -1 -1 -1 -1000 -1000 -1000 -10 1
200 16 Car -1 -1 -1 939.87 168.24 1155.14 238.99 -1 -1 -1 -1000 -1000 -1000 -10 1
201 27 Car -1 -1 -1 588.81 168.96 693.37 214.85 -1 -1 -1 -1000 -1000 -1000 -10 1
201 18 Car -1 -1 -1 691.61 165.72 896.51 237.68 -1 -1 -1 -1000 -1000 -1000 -10 1
201 16 Car -1 -1 -1 939.89 166.73 1154.72 236.26 -1 -1 -1 -1000 -1000 -1000 -10 1
202 27 Car -1 -1 -1 588.73 168.68 693.77 214.59 -1 -1 -1 -1000 -1000 -1000 -10 1
202 21 Car -1 -1 -1 1158.46 161.18 1241.05 233.65 -1 -1 -1 -1000 -1000 -1000 -10 1
202 18 Car -1 -1 -1 692.12 165.77 896.48 237.51 -1 -1 -1 -1000 -1000 -1000 -10 1
202 16 Car -1 -1 -1 940.10 166.36 1153.91 234.86 -1 -1 -1 -1000 -1000 -1000 -10 1
203 27 Car -1 -1 -1 588.91 168.43 694.18 214.38 -1 -1 -1 -1000 -1000 -1000 -10 1
203 21 Car -1 -1 -1 1158.76 161.00 1241.05 233.90 -1 -1 -1 -1000 -1000 -1000 -10 1
203 18 Car -1 -1 -1 692.11 165.49 895.90 237.21 -1 -1 -1 -1000 -1000 -1000 -10 1
203 16 Car -1 -1 -1 940.04 166.77 1153.25 234.51 -1 -1 -1 -1000 -1000 -1000 -10 1
204 27 Car -1 -1 -1 588.63 168.28 694.13 214.28 -1 -1 -1 -1000 -1000 -1000 -10 1
204 21 Car -1 -1 -1 1158.95 159.99 1240.64 233.74 -1 -1 -1 -1000 -1000 -1000 -10 1
204 18 Car -1 -1 -1 692.25 165.64 895.82 237.20 -1 -1 -1 -1000 -1000 -1000 -10 1
204 16 Car -1 -1 -1 939.73 167.02 1152.82 234.39 -1 -1 -1 -1000 -1000 -1000 -10 1
205 27 Car -1 -1 -1 588.29 168.07 693.62 214.16 -1 -1 -1 -1000 -1000 -1000 -10 1
205 21 Car -1 -1 -1 1158.69 160.37 1240.33 233.82 -1 -1 -1 -1000 -1000 -1000 -10 1
205 18 Car -1 -1 -1 692.23 165.62 895.67 237.26 -1 -1 -1 -1000 -1000 -1000 -10 1
205 16 Car -1 -1 -1 939.87 166.81 1152.94 233.78 -1 -1 -1 -1000 -1000 -1000 -10 1
206 27 Car -1 -1 -1 588.52 167.96 694.02 214.15 -1 -1 -1 -1000 -1000 -1000 -10 1
206 21 Car -1 -1 -1 1158.57 160.56 1240.13 233.84 -1 -1 -1 -1000 -1000 -1000 -10 1
206 18 Car -1 -1 -1 692.06 165.57 895.19 237.15 -1 -1 -1 -1000 -1000 -1000 -10 1
206 16 Car -1 -1 -1 939.89 167.27 1151.79 233.77 -1 -1 -1 -1000 -1000 -1000 -10 1
207 27 Car -1 -1 -1 588.20 168.08 693.77 214.25 -1 -1 -1 -1000 -1000 -1000 -10 1
207 21 Car -1 -1 -1 1158.64 160.08 1239.90 233.75 -1 -1 -1 -1000 -1000 -1000 -10 1
207 18 Car -1 -1 -1 692.38 165.55 895.58 237.10 -1 -1 -1 -1000 -1000 -1000 -10 1
207 16 Car -1 -1 -1 940.22 167.36 1151.57 233.79 -1 -1 -1 -1000 -1000 -1000 -10 1
208 27 Car -1 -1 -1 588.17 168.15 693.46 214.17 -1 -1 -1 -1000 -1000 -1000 -10 1
208 21 Car -1 -1 -1 1158.76 159.95 1239.81 233.66 -1 -1 -1 -1000 -1000 -1000 -10 1
208 18 Car -1 -1 -1 692.32 165.67 895.31 237.07 -1 -1 -1 -1000 -1000 -1000 -10 1
208 16 Car -1 -1 -1 940.46 167.22 1151.99 233.51 -1 -1 -1 -1000 -1000 -1000 -10 1
209 27 Car -1 -1 -1 588.27 168.24 693.45 214.25 -1 -1 -1 -1000 -1000 -1000 -10 1
209 21 Car -1 -1 -1 1158.98 161.12 1239.72 234.46 -1 -1 -1 -1000 -1000 -1000 -10 1
209 18 Car -1 -1 -1 692.28 165.64 895.26 237.02 -1 -1 -1 -1000 -1000 -1000 -10 1
209 16 Car -1 -1 -1 939.98 167.27 1151.45 233.36 -1 -1 -1 -1000 -1000 -1000 -10 1
210 27 Car -1 -1 -1 588.28 168.13 693.04 214.10 -1 -1 -1 -1000 -1000 -1000 -10 1
210 21 Car -1 -1 -1 1159.14 160.94 1239.47 234.33 -1 -1 -1 -1000 -1000 -1000 -10 1
210 18 Car -1 -1 -1 691.81 165.56 895.10 237.03 -1 -1 -1 -1000 -1000 -1000 -10 1
210 16 Car -1 -1 -1 940.03 167.32 1151.50 233.22 -1 -1 -1 -1000 -1000 -1000 -10 1
211 27 Car -1 -1 -1 588.56 167.99 693.74 214.12 -1 -1 -1 -1000 -1000 -1000 -10 1
211 21 Car -1 -1 -1 1159.19 160.40 1239.33 234.15 -1 -1 -1 -1000 -1000 -1000 -10 1
211 18 Car -1 -1 -1 692.14 165.47 895.12 236.94 -1 -1 -1 -1000 -1000 -1000 -10 1
211 16 Car -1 -1 -1 940.21 167.42 1150.93 233.11 -1 -1 -1 -1000 -1000 -1000 -10 1
212 27 Car -1 -1 -1 588.32 168.15 694.02 214.30 -1 -1 -1 -1000 -1000 -1000 -10 1
212 21 Car -1 -1 -1 1121.53 156.61 1228.05 244.75 -1 -1 -1 -1000 -1000 -1000 -10 1
212 18 Car -1 -1 -1 692.22 165.67 894.85 236.89 -1 -1 -1 -1000 -1000 -1000 -10 1
212 16 Car -1 -1 -1 938.56 167.64 1145.75 232.86 -1 -1 -1 -1000 -1000 -1000 -10 1
213 27 Car -1 -1 -1 588.35 168.11 694.01 214.19 -1 -1 -1 -1000 -1000 -1000 -10 1
213 21 Car -1 -1 -1 1143.93 157.28 1242.55 243.35 -1 -1 -1 -1000 -1000 -1000 -10 1
213 18 Car -1 -1 -1 692.24 165.67 894.91 236.80 -1 -1 -1 -1000 -1000 -1000 -10 1
213 16 Car -1 -1 -1 947.17 168.57 1179.37 243.02 -1 -1 -1 -1000 -1000 -1000 -10 1
214 27 Car -1 -1 -1 587.79 168.07 693.13 214.11 -1 -1 -1 -1000 -1000 -1000 -10 1
214 21 Car -1 -1 -1 1150.56 155.99 1243.75 239.79 -1 -1 -1 -1000 -1000 -1000 -10 1
214 18 Car -1 -1 -1 697.57 171.14 897.86 241.26 -1 -1 -1 -1000 -1000 -1000 -10 1
214 16 Car -1 -1 -1 958.25 164.96 1178.79 238.35 -1 -1 -1 -1000 -1000 -1000 -10 1
215 27 Car -1 -1 -1 587.43 166.08 692.44 212.41 -1 -1 -1 -1000 -1000 -1000 -10 1
215 21 Car -1 -1 -1 1153.30 156.45 1243.33 237.80 -1 -1 -1 -1000 -1000 -1000 -10 1
215 18 Car -1 -1 -1 670.35 172.02 888.25 250.34 -1 -1 -1 -1000 -1000 -1000 -10 1
215 16 Car -1 -1 -1 944.99 165.23 1163.09 236.27 -1 -1 -1 -1000 -1000 -1000 -10 1
216 21 Car -1 -1 -1 1154.97 157.98 1242.57 236.68 -1 -1 -1 -1000 -1000 -1000 -10 1
216 18 Car -1 -1 -1 686.10 167.39 896.52 242.81 -1 -1 -1 -1000 -1000 -1000 -10 1
216 16 Car -1 -1 -1 940.68 165.64 1156.68 235.18 -1 -1 -1 -1000 -1000 -1000 -10 1
217 21 Car -1 -1 -1 1155.80 158.30 1241.68 235.84 -1 -1 -1 -1000 -1000 -1000 -10 1
217 18 Car -1 -1 -1 688.54 165.62 896.29 239.74 -1 -1 -1 -1000 -1000 -1000 -10 1
217 16 Car -1 -1 -1 939.21 165.71 1154.19 234.33 -1 -1 -1 -1000 -1000 -1000 -10 1
218 21 Car -1 -1 -1 1156.75 158.19 1241.05 235.15 -1 -1 -1 -1000 -1000 -1000 -10 1
218 18 Car -1 -1 -1 689.69 164.92 896.03 238.33 -1 -1 -1 -1000 -1000 -1000 -10 1
218 16 Car -1 -1 -1 939.03 166.21 1152.93 234.06 -1 -1 -1 -1000 -1000 -1000 -10 1
219 27 Car -1 -1 -1 587.49 168.63 692.12 213.99 -1 -1 -1 -1000 -1000 -1000 -10 1
219 21 Car -1 -1 -1 1157.26 159.02 1240.52 235.22 -1 -1 -1 -1000 -1000 -1000 -10 1
219 18 Car -1 -1 -1 690.68 164.90 895.70 237.78 -1 -1 -1 -1000 -1000 -1000 -10 1
219 16 Car -1 -1 -1 938.83 166.86 1152.47 233.95 -1 -1 -1 -1000 -1000 -1000 -10 1
220 27 Car -1 -1 -1 588.17 168.70 692.68 214.16 -1 -1 -1 -1000 -1000 -1000 -10 1
220 21 Car -1 -1 -1 1158.06 159.12 1240.25 235.08 -1 -1 -1 -1000 -1000 -1000 -10 1
220 18 Car -1 -1 -1 691.01 165.05 895.26 237.36 -1 -1 -1 -1000 -1000 -1000 -10 1
220 16 Car -1 -1 -1 938.86 166.84 1151.86 233.46 -1 -1 -1 -1000 -1000 -1000 -10 1
221 27 Car -1 -1 -1 588.14 168.49 692.40 214.08 -1 -1 -1 -1000 -1000 -1000 -10 1
221 21 Car -1 -1 -1 1157.92 160.36 1239.60 234.97 -1 -1 -1 -1000 -1000 -1000 -10 1
221 18 Car -1 -1 -1 691.32 165.44 894.84 237.35 -1 -1 -1 -1000 -1000 -1000 -10 1
221 16 Car -1 -1 -1 938.89 167.36 1151.00 233.71 -1 -1 -1 -1000 -1000 -1000 -10 1
222 27 Car -1 -1 -1 588.39 168.51 692.94 214.18 -1 -1 -1 -1000 -1000 -1000 -10 1
222 21 Car -1 -1 -1 1157.50 160.37 1239.07 234.38 -1 -1 -1 -1000 -1000 -1000 -10 1
222 18 Car -1 -1 -1 691.72 165.25 894.92 237.04 -1 -1 -1 -1000 -1000 -1000 -10 1
222 16 Car -1 -1 -1 938.80 166.97 1150.57 233.15 -1 -1 -1 -1000 -1000 -1000 -10 1
223 27 Car -1 -1 -1 588.86 168.54 693.40 214.20 -1 -1 -1 -1000 -1000 -1000 -10 1
223 21 Car -1 -1 -1 1158.03 160.47 1238.76 233.60 -1 -1 -1 -1000 -1000 -1000 -10 1
223 18 Car -1 -1 -1 691.74 165.39 894.58 236.86 -1 -1 -1 -1000 -1000 -1000 -10 1
223 16 Car -1 -1 -1 938.97 166.90 1150.38 232.95 -1 -1 -1 -1000 -1000 -1000 -10 1
224 27 Car -1 -1 -1 589.21 168.41 694.25 214.23 -1 -1 -1 -1000 -1000 -1000 -10 1
224 21 Car -1 -1 -1 1143.88 164.27 1237.06 249.75 -1 -1 -1 -1000 -1000 -1000 -10 1
224 18 Car -1 -1 -1 691.94 165.34 894.50 236.59 -1 -1 -1 -1000 -1000 -1000 -10 1
224 16 Car -1 -1 -1 938.78 166.98 1149.32 232.75 -1 -1 -1 -1000 -1000 -1000 -10 1
225 27 Car -1 -1 -1 589.09 168.47 694.35 214.33 -1 -1 -1 -1000 -1000 -1000 -10 1
225 18 Car -1 -1 -1 691.95 165.62 894.43 236.55 -1 -1 -1 -1000 -1000 -1000 -10 1
225 16 Car -1 -1 -1 951.02 162.20 1184.70 240.30 -1 -1 -1 -1000 -1000 -1000 -10 1
226 27 Car -1 -1 -1 587.82 168.33 693.04 214.17 -1 -1 -1 -1000 -1000 -1000 -10 1
226 18 Car -1 -1 -1 698.35 170.23 902.97 240.80 -1 -1 -1 -1000 -1000 -1000 -10 1
226 16 Car -1 -1 -1 935.26 167.73 1204.03 259.26 -1 -1 -1 -1000 -1000 -1000 -10 1
227 27 Car -1 -1 -1 588.56 167.00 693.56 212.95 -1 -1 -1 -1000 -1000 -1000 -10 1
227 18 Car -1 -1 -1 660.77 171.65 900.12 248.61 -1 -1 -1 -1000 -1000 -1000 -10 1
228 21 Car -1 -1 -1 1160.03 160.88 1243.46 246.51 -1 -1 -1 -1000 -1000 -1000 -10 1
228 18 Car -1 -1 -1 671.32 169.39 908.57 245.50 -1 -1 -1 -1000 -1000 -1000 -10 1
229 47 Car -1 -1 -1 633.09 169.79 978.02 289.89 -1 -1 -1 -1000 -1000 -1000 -10 1
229 21 Car -1 -1 -1 1158.09 157.89 1240.99 240.35 -1 -1 -1 -1000 -1000 -1000 -10 1
230 47 Car -1 -1 -1 552.48 169.88 891.12 294.41 -1 -1 -1 -1000 -1000 -1000 -10 1
230 21 Car -1 -1 -1 1157.83 158.16 1240.02 237.75 -1 -1 -1 -1000 -1000 -1000 -10 1
230 16 Car -1 -1 -1 933.41 162.72 1162.80 239.18 -1 -1 -1 -1000 -1000 -1000 -10 1
231 47 Car -1 -1 -1 466.14 170.84 799.08 299.58 -1 -1 -1 -1000 -1000 -1000 -10 1
231 21 Car -1 -1 -1 1157.67 158.09 1239.55 236.17 -1 -1 -1 -1000 -1000 -1000 -10 1
231 16 Car -1 -1 -1 934.01 163.59 1158.75 237.03 -1 -1 -1 -1000 -1000 -1000 -10 1
232 47 Car -1 -1 -1 377.45 173.58 719.94 308.58 -1 -1 -1 -1000 -1000 -1000 -10 1
232 21 Car -1 -1 -1 1157.94 158.57 1239.21 235.53 -1 -1 -1 -1000 -1000 -1000 -10 1
232 18 Car -1 -1 -1 699.28 167.77 896.17 237.99 -1 -1 -1 -1000 -1000 -1000 -10 1
232 16 Car -1 -1 -1 934.71 164.66 1155.86 235.55 -1 -1 -1 -1000 -1000 -1000 -10 1
233 47 Car -1 -1 -1 287.88 173.90 641.17 317.33 -1 -1 -1 -1000 -1000 -1000 -10 1
233 21 Car -1 -1 -1 1158.00 158.14 1239.06 234.54 -1 -1 -1 -1000 -1000 -1000 -10 1
233 18 Car -1 -1 -1 695.94 166.72 893.38 236.85 -1 -1 -1 -1000 -1000 -1000 -10 1
233 16 Car -1 -1 -1 936.02 165.43 1154.62 234.91 -1 -1 -1 -1000 -1000 -1000 -10 1
234 47 Car -1 -1 -1 178.52 171.56 560.83 332.46 -1 -1 -1 -1000 -1000 -1000 -10 1
234 21 Car -1 -1 -1 1158.09 159.75 1239.00 234.46 -1 -1 -1 -1000 -1000 -1000 -10 1
234 18 Car -1 -1 -1 694.18 166.15 892.55 236.39 -1 -1 -1 -1000 -1000 -1000 -10 1
234 16 Car -1 -1 -1 936.96 165.65 1153.73 233.93 -1 -1 -1 -1000 -1000 -1000 -10 1
235 47 Car -1 -1 -1 49.22 177.99 475.67 354.27 -1 -1 -1 -1000 -1000 -1000 -10 1
235 21 Car -1 -1 -1 1158.17 160.14 1238.92 234.20 -1 -1 -1 -1000 -1000 -1000 -10 1
235 18 Car -1 -1 -1 693.56 166.05 892.69 236.45 -1 -1 -1 -1000 -1000 -1000 -10 1
235 16 Car -1 -1 -1 937.58 166.38 1152.74 233.89 -1 -1 -1 -1000 -1000 -1000 -10 1
236 54 Car -1 -1 -1 590.43 169.31 690.50 213.35 -1 -1 -1 -1000 -1000 -1000 -10 1
236 47 Car -1 -1 -1 -28.35 179.70 395.87 364.84 -1 -1 -1 -1000 -1000 -1000 -10 1
236 21 Car -1 -1 -1 1157.16 160.95 1238.29 233.42 -1 -1 -1 -1000 -1000 -1000 -10 1
236 18 Car -1 -1 -1 692.91 165.98 892.72 236.48 -1 -1 -1 -1000 -1000 -1000 -10 1
236 16 Car -1 -1 -1 938.03 166.61 1152.20 233.51 -1 -1 -1 -1000 -1000 -1000 -10 1
237 54 Car -1 -1 -1 590.19 169.05 690.59 213.20 -1 -1 -1 -1000 -1000 -1000 -10 1
237 47 Car -1 -1 -1 -65.23 187.99 314.22 372.40 -1 -1 -1 -1000 -1000 -1000 -10 1
237 21 Car -1 -1 -1 1149.83 170.31 1239.74 252.23 -1 -1 -1 -1000 -1000 -1000 -10 1
237 18 Car -1 -1 -1 692.73 165.84 893.33 236.49 -1 -1 -1 -1000 -1000 -1000 -10 1
237 16 Car -1 -1 -1 938.14 166.80 1150.66 233.54 -1 -1 -1 -1000 -1000 -1000 -10 1
238 54 Car -1 -1 -1 590.13 168.71 692.06 213.24 -1 -1 -1 -1000 -1000 -1000 -10 1
238 47 Car -1 -1 -1 -90.63 189.56 222.27 371.44 -1 -1 -1 -1000 -1000 -1000 -10 1
238 21 Car -1 -1 -1 1106.18 164.98 1227.57 262.57 -1 -1 -1 -1000 -1000 -1000 -10 1
238 18 Car -1 -1 -1 692.44 165.87 893.68 236.48 -1 -1 -1 -1000 -1000 -1000 -10 1
238 16 Car -1 -1 -1 936.86 167.86 1149.94 234.94 -1 -1 -1 -1000 -1000 -1000 -10 1
239 54 Car -1 -1 -1 589.89 168.76 692.40 213.43 -1 -1 -1 -1000 -1000 -1000 -10 1
239 21 Car -1 -1 -1 1025.07 160.36 1194.97 263.21 -1 -1 -1 -1000 -1000 -1000 -10 1
239 18 Car -1 -1 -1 692.56 165.84 893.79 236.43 -1 -1 -1 -1000 -1000 -1000 -10 1
239 16 Car -1 -1 -1 937.45 167.97 1145.01 234.51 -1 -1 -1 -1000 -1000 -1000 -10 1
240 54 Car -1 -1 -1 589.38 168.70 692.87 213.50 -1 -1 -1 -1000 -1000 -1000 -10 1
240 21 Car -1 -1 -1 970.18 165.14 1189.55 273.62 -1 -1 -1 -1000 -1000 -1000 -10 1
240 18 Car -1 -1 -1 692.85 165.83 894.44 236.27 -1 -1 -1 -1000 -1000 -1000 -10 1
241 54 Car -1 -1 -1 589.59 168.83 693.41 213.70 -1 -1 -1 -1000 -1000 -1000 -10 1
241 21 Car -1 -1 -1 909.81 164.96 1174.29 276.68 -1 -1 -1 -1000 -1000 -1000 -10 1
241 18 Car -1 -1 -1 692.21 165.72 895.19 236.51 -1 -1 -1 -1000 -1000 -1000 -10 1
242 54 Car -1 -1 -1 589.33 168.83 692.71 213.67 -1 -1 -1 -1000 -1000 -1000 -10 1
242 21 Car -1 -1 -1 848.38 167.12 1140.29 281.63 -1 -1 -1 -1000 -1000 -1000 -10 1
242 18 Car -1 -1 -1 693.71 167.23 903.19 240.68 -1 -1 -1 -1000 -1000 -1000 -10 1
243 54 Car -1 -1 -1 589.00 168.77 692.44 213.70 -1 -1 -1 -1000 -1000 -1000 -10 1
243 21 Car -1 -1 -1 793.30 166.28 1108.29 281.37 -1 -1 -1 -1000 -1000 -1000 -10 1
243 18 Car -1 -1 -1 691.68 168.12 912.81 244.02 -1 -1 -1 -1000 -1000 -1000 -10 1
244 56 Car -1 -1 -1 1159.32 158.51 1239.36 234.26 -1 -1 -1 -1000 -1000 -1000 -10 1
244 54 Car -1 -1 -1 588.68 168.49 691.77 213.46 -1 -1 -1 -1000 -1000 -1000 -10 1
244 21 Car -1 -1 -1 755.75 166.48 1085.45 279.77 -1 -1 -1 -1000 -1000 -1000 -10 1
244 18 Car -1 -1 -1 691.66 169.99 912.51 243.16 -1 -1 -1 -1000 -1000 -1000 -10 1
245 56 Car -1 -1 -1 1160.14 159.02 1239.40 234.10 -1 -1 -1 -1000 -1000 -1000 -10 1
245 54 Car -1 -1 -1 588.09 167.65 691.85 212.90 -1 -1 -1 -1000 -1000 -1000 -10 1
245 21 Car -1 -1 -1 722.72 169.31 1059.51 283.02 -1 -1 -1 -1000 -1000 -1000 -10 1
245 18 Car -1 -1 -1 691.50 171.18 910.03 242.67 -1 -1 -1 -1000 -1000 -1000 -10 1
246 57 Car -1 -1 -1 979.52 163.65 1161.07 235.28 -1 -1 -1 -1000 -1000 -1000 -10 1
246 56 Car -1 -1 -1 1159.90 159.27 1239.10 234.17 -1 -1 -1 -1000 -1000 -1000 -10 1
246 54 Car -1 -1 -1 587.41 167.26 690.39 212.26 -1 -1 -1 -1000 -1000 -1000 -10 1
246 21 Car -1 -1 -1 707.11 167.89 1050.94 284.18 -1 -1 -1 -1000 -1000 -1000 -10 1
246 18 Car -1 -1 -1 695.33 169.91 906.14 240.12 -1 -1 -1 -1000 -1000 -1000 -10 1
247 57 Car -1 -1 -1 981.77 163.92 1161.33 234.87 -1 -1 -1 -1000 -1000 -1000 -10 1
247 56 Car -1 -1 -1 1159.84 159.79 1239.01 234.05 -1 -1 -1 -1000 -1000 -1000 -10 1
247 54 Car -1 -1 -1 586.72 167.78 688.94 212.43 -1 -1 -1 -1000 -1000 -1000 -10 1
247 21 Car -1 -1 -1 696.15 167.44 1043.96 286.00 -1 -1 -1 -1000 -1000 -1000 -10 1
247 18 Car -1 -1 -1 693.94 173.59 909.97 245.88 -1 -1 -1 -1000 -1000 -1000 -10 1
248 57 Car -1 -1 -1 982.39 164.15 1161.78 235.02 -1 -1 -1 -1000 -1000 -1000 -10 1
248 56 Car -1 -1 -1 1160.18 159.89 1239.08 234.17 -1 -1 -1 -1000 -1000 -1000 -10 1
248 54 Car -1 -1 -1 586.32 167.62 687.55 212.05 -1 -1 -1 -1000 -1000 -1000 -10 1
248 21 Car -1 -1 -1 693.78 166.60 1043.56 286.57 -1 -1 -1 -1000 -1000 -1000 -10 1
249 57 Car -1 -1 -1 980.04 164.83 1162.42 236.13 -1 -1 -1 -1000 -1000 -1000 -10 1
249 56 Car -1 -1 -1 1159.99 159.76 1238.71 234.19 -1 -1 -1 -1000 -1000 -1000 -10 1
249 54 Car -1 -1 -1 586.59 167.63 687.31 212.12 -1 -1 -1 -1000 -1000 -1000 -10 1
249 21 Car -1 -1 -1 692.95 165.82 1044.25 286.64 -1 -1 -1 -1000 -1000 -1000 -10 1
250 57 Car -1 -1 -1 978.52 164.95 1162.96 236.57 -1 -1 -1 -1000 -1000 -1000 -10 1
250 56 Car -1 -1 -1 1161.51 164.60 1240.81 238.35 -1 -1 -1 -1000 -1000 -1000 -10 1
250 54 Car -1 -1 -1 585.93 167.62 685.99 212.05 -1 -1 -1 -1000 -1000 -1000 -10 1
250 21 Car -1 -1 -1 691.98 165.20 1044.75 286.69 -1 -1 -1 -1000 -1000 -1000 -10 1
251 57 Car -1 -1 -1 978.28 165.09 1163.55 236.59 -1 -1 -1 -1000 -1000 -1000 -10 1
251 56 Car -1 -1 -1 1160.39 161.10 1239.28 235.22 -1 -1 -1 -1000 -1000 -1000 -10 1
251 54 Car -1 -1 -1 586.17 167.82 685.60 212.09 -1 -1 -1 -1000 -1000 -1000 -10 1
251 21 Car -1 -1 -1 691.27 164.88 1044.98 286.72 -1 -1 -1 -1000 -1000 -1000 -10 1
252 57 Car -1 -1 -1 978.09 164.97 1164.06 236.43 -1 -1 -1 -1000 -1000 -1000 -10 1
252 56 Car -1 -1 -1 1161.86 164.57 1240.97 239.19 -1 -1 -1 -1000 -1000 -1000 -10 1
252 54 Car -1 -1 -1 586.38 167.63 685.74 211.96 -1 -1 -1 -1000 -1000 -1000 -10 1
252 21 Car -1 -1 -1 691.58 164.44 1045.88 286.51 -1 -1 -1 -1000 -1000 -1000 -10 1
253 57 Car -1 -1 -1 977.79 165.22 1163.77 236.54 -1 -1 -1 -1000 -1000 -1000 -10 1
253 56 Car -1 -1 -1 1160.67 162.03 1239.34 235.71 -1 -1 -1 -1000 -1000 -1000 -10 1
253 54 Car -1 -1 -1 586.61 167.61 685.60 211.90 -1 -1 -1 -1000 -1000 -1000 -10 1
253 21 Car -1 -1 -1 687.27 168.48 1048.05 286.58 -1 -1 -1 -1000 -1000 -1000 -10 1
254 57 Car -1 -1 -1 978.39 165.30 1164.31 236.47 -1 -1 -1 -1000 -1000 -1000 -10 1
254 56 Car -1 -1 -1 1159.70 161.62 1238.64 234.87 -1 -1 -1 -1000 -1000 -1000 -10 1
254 54 Car -1 -1 -1 587.03 167.78 685.59 212.02 -1 -1 -1 -1000 -1000 -1000 -10 1
254 21 Car -1 -1 -1 689.11 166.53 1048.76 285.89 -1 -1 -1 -1000 -1000 -1000 -10 1
255 57 Car -1 -1 -1 978.25 165.14 1164.48 236.34 -1 -1 -1 -1000 -1000 -1000 -10 1
255 56 Car -1 -1 -1 1159.91 160.52 1238.69 234.06 -1 -1 -1 -1000 -1000 -1000 -10 1
255 54 Car -1 -1 -1 587.11 167.72 685.46 211.95 -1 -1 -1 -1000 -1000 -1000 -10 1
255 21 Car -1 -1 -1 690.35 165.30 1049.53 285.69 -1 -1 -1 -1000 -1000 -1000 -10 1
256 57 Car -1 -1 -1 978.12 165.50 1164.00 236.62 -1 -1 -1 -1000 -1000 -1000 -10 1
256 56 Car -1 -1 -1 1161.41 164.50 1240.73 237.09 -1 -1 -1 -1000 -1000 -1000 -10 1
256 54 Car -1 -1 -1 584.21 168.64 683.54 213.44 -1 -1 -1 -1000 -1000 -1000 -10 1
256 21 Car -1 -1 -1 691.25 165.02 1049.19 285.93 -1 -1 -1 -1000 -1000 -1000 -10 1
257 57 Car -1 -1 -1 981.00 165.21 1165.42 236.56 -1 -1 -1 -1000 -1000 -1000 -10 1
257 56 Car -1 -1 -1 1162.48 167.19 1242.23 237.79 -1 -1 -1 -1000 -1000 -1000 -10 1
257 54 Car -1 -1 -1 584.21 167.86 681.69 212.31 -1 -1 -1 -1000 -1000 -1000 -10 1
257 21 Car -1 -1 -1 641.22 187.31 1039.27 330.15 -1 -1 -1 -1000 -1000 -1000 -10 1
258 54 Car -1 -1 -1 586.16 167.77 682.67 211.90 -1 -1 -1 -1000 -1000 -1000 -10 1
258 21 Car -1 -1 -1 667.67 170.21 1058.34 306.90 -1 -1 -1 -1000 -1000 -1000 -10 1
259 54 Car -1 -1 -1 587.01 167.88 683.85 211.81 -1 -1 -1 -1000 -1000 -1000 -10 1
259 21 Car -1 -1 -1 678.23 164.12 1060.29 297.02 -1 -1 -1 -1000 -1000 -1000 -10 1
260 54 Car -1 -1 -1 587.35 167.55 685.53 211.73 -1 -1 -1 -1000 -1000 -1000 -10 1
260 21 Car -1 -1 -1 683.93 161.99 1059.65 292.29 -1 -1 -1 -1000 -1000 -1000 -10 1
261 57 Car -1 -1 -1 980.09 165.62 1163.71 236.22 -1 -1 -1 -1000 -1000 -1000 -10 1
261 56 Car -1 -1 -1 1159.79 161.77 1238.46 234.07 -1 -1 -1 -1000 -1000 -1000 -10 1
261 54 Car -1 -1 -1 587.16 167.52 685.79 211.73 -1 -1 -1 -1000 -1000 -1000 -10 1
261 21 Car -1 -1 -1 687.95 161.97 1058.57 289.97 -1 -1 -1 -1000 -1000 -1000 -10 1
262 57 Car -1 -1 -1 980.16 165.37 1163.85 236.04 -1 -1 -1 -1000 -1000 -1000 -10 1
262 56 Car -1 -1 -1 1162.06 166.20 1240.72 238.21 -1 -1 -1 -1000 -1000 -1000 -10 1
262 54 Car -1 -1 -1 587.39 167.59 686.72 211.89 -1 -1 -1 -1000 -1000 -1000 -10 1
262 21 Car -1 -1 -1 685.36 166.12 1058.74 289.15 -1 -1 -1 -1000 -1000 -1000 -10 1
263 57 Car -1 -1 -1 979.89 165.21 1163.71 236.16 -1 -1 -1 -1000 -1000 -1000 -10 1
263 56 Car -1 -1 -1 1160.43 163.11 1239.01 235.26 -1 -1 -1 -1000 -1000 -1000 -10 1
263 54 Car -1 -1 -1 587.28 167.68 686.54 212.00 -1 -1 -1 -1000 -1000 -1000 -10 1
263 21 Car -1 -1 -1 684.23 167.56 1059.30 287.78 -1 -1 -1 -1000 -1000 -1000 -10 1
264 57 Car -1 -1 -1 979.98 165.00 1163.78 236.09 -1 -1 -1 -1000 -1000 -1000 -10 1
264 56 Car -1 -1 -1 1160.13 161.66 1238.63 234.39 -1 -1 -1 -1000 -1000 -1000 -10 1
264 54 Car -1 -1 -1 587.22 167.46 686.74 211.98 -1 -1 -1 -1000 -1000 -1000 -10 1
264 21 Car -1 -1 -1 683.66 168.53 1059.84 286.80 -1 -1 -1 -1000 -1000 -1000 -10 1
265 57 Car -1 -1 -1 980.09 165.37 1163.83 236.23 -1 -1 -1 -1000 -1000 -1000 -10 1
265 56 Car -1 -1 -1 1161.83 164.93 1240.52 238.39 -1 -1 -1 -1000 -1000 -1000 -10 1
265 54 Car -1 -1 -1 587.23 167.46 686.89 211.96 -1 -1 -1 -1000 -1000 -1000 -10 1
265 21 Car -1 -1 -1 687.48 166.05 1058.49 285.75 -1 -1 -1 -1000 -1000 -1000 -10 1
266 57 Car -1 -1 -1 979.99 165.53 1163.58 236.29 -1 -1 -1 -1000 -1000 -1000 -10 1
266 56 Car -1 -1 -1 1160.66 161.61 1239.09 235.44 -1 -1 -1 -1000 -1000 -1000 -10 1
266 54 Car -1 -1 -1 586.96 167.44 686.82 212.04 -1 -1 -1 -1000 -1000 -1000 -10 1
266 21 Car -1 -1 -1 690.00 164.82 1057.41 285.57 -1 -1 -1 -1000 -1000 -1000 -10 1
267 57 Car -1 -1 -1 980.59 165.44 1163.47 236.14 -1 -1 -1 -1000 -1000 -1000 -10 1
267 56 Car -1 -1 -1 1159.97 160.66 1238.60 234.68 -1 -1 -1 -1000 -1000 -1000 -10 1
267 54 Car -1 -1 -1 587.02 167.62 686.54 212.17 -1 -1 -1 -1000 -1000 -1000 -10 1
267 21 Car -1 -1 -1 691.32 164.25 1056.36 285.88 -1 -1 -1 -1000 -1000 -1000 -10 1
268 57 Car -1 -1 -1 980.42 165.34 1163.63 235.98 -1 -1 -1 -1000 -1000 -1000 -10 1
268 56 Car -1 -1 -1 1160.28 159.56 1238.46 234.15 -1 -1 -1 -1000 -1000 -1000 -10 1
268 54 Car -1 -1 -1 587.13 167.49 686.48 212.19 -1 -1 -1 -1000 -1000 -1000 -10 1
268 21 Car -1 -1 -1 692.82 163.80 1055.23 286.06 -1 -1 -1 -1000 -1000 -1000 -10 1
269 57 Car -1 -1 -1 979.89 165.04 1163.84 235.86 -1 -1 -1 -1000 -1000 -1000 -10 1
269 56 Car -1 -1 -1 1159.82 160.31 1238.19 234.46 -1 -1 -1 -1000 -1000 -1000 -10 1
269 54 Car -1 -1 -1 587.00 167.81 686.46 212.41 -1 -1 -1 -1000 -1000 -1000 -10 1
269 21 Car -1 -1 -1 693.66 163.78 1054.91 286.43 -1 -1 -1 -1000 -1000 -1000 -10 1
270 57 Car -1 -1 -1 980.16 165.25 1163.85 235.91 -1 -1 -1 -1000 -1000 -1000 -10 1
270 56 Car -1 -1 -1 1160.02 160.61 1238.17 234.17 -1 -1 -1 -1000 -1000 -1000 -10 1
270 54 Car -1 -1 -1 586.87 167.77 686.34 212.22 -1 -1 -1 -1000 -1000 -1000 -10 1
270 21 Car -1 -1 -1 694.13 163.33 1054.30 286.25 -1 -1 -1 -1000 -1000 -1000 -10 1
271 57 Car -1 -1 -1 980.50 165.46 1163.83 236.04 -1 -1 -1 -1000 -1000 -1000 -10 1
271 56 Car -1 -1 -1 1159.86 160.02 1237.95 233.85 -1 -1 -1 -1000 -1000 -1000 -10 1
271 54 Car -1 -1 -1 586.75 167.60 685.95 211.92 -1 -1 -1 -1000 -1000 -1000 -10 1
271 21 Car -1 -1 -1 694.64 163.50 1053.77 286.65 -1 -1 -1 -1000 -1000 -1000 -10 1
272 57 Car -1 -1 -1 980.21 165.42 1163.89 236.01 -1 -1 -1 -1000 -1000 -1000 -10 1
272 56 Car -1 -1 -1 1162.08 165.36 1240.58 238.22 -1 -1 -1 -1000 -1000 -1000 -10 1
272 54 Car -1 -1 -1 586.92 167.68 686.61 212.06 -1 -1 -1 -1000 -1000 -1000 -10 1
272 21 Car -1 -1 -1 695.26 163.62 1053.45 286.87 -1 -1 -1 -1000 -1000 -1000 -10 1
273 57 Car -1 -1 -1 980.18 165.38 1164.09 236.14 -1 -1 -1 -1000 -1000 -1000 -10 1
273 56 Car -1 -1 -1 1162.73 166.93 1241.44 239.70 -1 -1 -1 -1000 -1000 -1000 -10 1
273 54 Car -1 -1 -1 586.87 167.56 686.47 211.97 -1 -1 -1 -1000 -1000 -1000 -10 1
273 21 Car -1 -1 -1 695.54 163.31 1053.53 286.67 -1 -1 -1 -1000 -1000 -1000 -10 1
274 57 Car -1 -1 -1 980.57 165.43 1164.11 236.10 -1 -1 -1 -1000 -1000 -1000 -10 1
274 56 Car -1 -1 -1 1160.71 163.89 1239.47 235.81 -1 -1 -1 -1000 -1000 -1000 -10 1
274 54 Car -1 -1 -1 586.77 167.61 686.49 212.03 -1 -1 -1 -1000 -1000 -1000 -10 1
274 21 Car -1 -1 -1 695.96 163.26 1053.45 286.73 -1 -1 -1 -1000 -1000 -1000 -10 1
275 57 Car -1 -1 -1 980.21 165.22 1163.77 236.04 -1 -1 -1 -1000 -1000 -1000 -10 1
275 56 Car -1 -1 -1 1160.35 162.06 1238.87 234.35 -1 -1 -1 -1000 -1000 -1000 -10 1
275 54 Car -1 -1 -1 586.87 167.62 686.86 212.13 -1 -1 -1 -1000 -1000 -1000 -10 1
275 21 Car -1 -1 -1 696.00 163.24 1053.39 286.80 -1 -1 -1 -1000 -1000 -1000 -10 1
276 57 Car -1 -1 -1 980.38 165.68 1163.68 236.22 -1 -1 -1 -1000 -1000 -1000 -10 1
276 56 Car -1 -1 -1 1159.92 160.50 1238.25 233.32 -1 -1 -1 -1000 -1000 -1000 -10 1
276 54 Car -1 -1 -1 586.70 167.83 686.88 212.30 -1 -1 -1 -1000 -1000 -1000 -10 1
276 21 Car -1 -1 -1 695.85 163.28 1053.45 286.90 -1 -1 -1 -1000 -1000 -1000 -10 1
277 57 Car -1 -1 -1 980.35 165.50 1163.46 236.06 -1 -1 -1 -1000 -1000 -1000 -10 1
277 56 Car -1 -1 -1 1162.11 164.81 1240.60 237.50 -1 -1 -1 -1000 -1000 -1000 -10 1
277 54 Car -1 -1 -1 586.53 167.66 686.83 212.19 -1 -1 -1 -1000 -1000 -1000 -10 1
277 21 Car -1 -1 -1 691.62 166.96 1055.50 287.06 -1 -1 -1 -1000 -1000 -1000 -10 1
278 57 Car -1 -1 -1 979.67 165.95 1163.20 236.63 -1 -1 -1 -1000 -1000 -1000 -10 1
278 56 Car -1 -1 -1 1160.57 162.19 1239.02 235.20 -1 -1 -1 -1000 -1000 -1000 -10 1
278 54 Car -1 -1 -1 586.28 167.81 687.20 212.48 -1 -1 -1 -1000 -1000 -1000 -10 1
278 21 Car -1 -1 -1 692.72 165.32 1055.40 286.31 -1 -1 -1 -1000 -1000 -1000 -10 1
279 57 Car -1 -1 -1 979.10 165.94 1163.62 236.65 -1 -1 -1 -1000 -1000 -1000 -10 1
279 56 Car -1 -1 -1 1160.21 161.40 1238.57 234.37 -1 -1 -1 -1000 -1000 -1000 -10 1
279 54 Car -1 -1 -1 585.73 168.12 686.21 212.68 -1 -1 -1 -1000 -1000 -1000 -10 1
279 21 Car -1 -1 -1 691.93 164.48 1052.44 285.98 -1 -1 -1 -1000 -1000 -1000 -10 1
280 57 Car -1 -1 -1 978.34 165.54 1164.61 236.35 -1 -1 -1 -1000 -1000 -1000 -10 1
280 56 Car -1 -1 -1 1162.03 165.52 1240.61 237.73 -1 -1 -1 -1000 -1000 -1000 -10 1
280 54 Car -1 -1 -1 586.48 168.15 686.41 212.79 -1 -1 -1 -1000 -1000 -1000 -10 1
280 21 Car -1 -1 -1 687.54 167.69 1047.31 285.45 -1 -1 -1 -1000 -1000 -1000 -10 1
281 57 Car -1 -1 -1 978.50 165.97 1164.42 237.21 -1 -1 -1 -1000 -1000 -1000 -10 1
281 56 Car -1 -1 -1 1161.85 167.02 1241.24 237.73 -1 -1 -1 -1000 -1000 -1000 -10 1
281 21 Car -1 -1 -1 730.84 169.71 1049.19 281.36 -1 -1 -1 -1000 -1000 -1000 -10 1
282 21 Car -1 -1 -1 683.60 168.01 991.07 281.43 -1 -1 -1 -1000 -1000 -1000 -10 1
283 21 Car -1 -1 -1 674.45 168.13 987.84 283.83 -1 -1 -1 -1000 -1000 -1000 -10 1
284 54 Car -1 -1 -1 589.53 167.22 691.02 213.03 -1 -1 -1 -1000 -1000 -1000 -10 1
284 21 Car -1 -1 -1 660.36 168.43 976.88 284.11 -1 -1 -1 -1000 -1000 -1000 -10 1
285 57 Car -1 -1 -1 947.57 165.82 1150.71 235.82 -1 -1 -1 -1000 -1000 -1000 -10 1
285 56 Car -1 -1 -1 1158.53 161.89 1238.64 233.51 -1 -1 -1 -1000 -1000 -1000 -10 1
285 54 Car -1 -1 -1 589.80 167.25 690.03 212.97 -1 -1 -1 -1000 -1000 -1000 -10 1
285 21 Car -1 -1 -1 639.83 168.27 960.73 285.95 -1 -1 -1 -1000 -1000 -1000 -10 1
286 57 Car -1 -1 -1 944.01 167.08 1146.97 235.10 -1 -1 -1 -1000 -1000 -1000 -10 1
286 56 Car -1 -1 -1 1158.42 161.18 1238.58 233.26 -1 -1 -1 -1000 -1000 -1000 -10 1
286 54 Car -1 -1 -1 591.31 167.22 693.12 213.55 -1 -1 -1 -1000 -1000 -1000 -10 1
286 21 Car -1 -1 -1 616.70 172.23 945.08 285.46 -1 -1 -1 -1000 -1000 -1000 -10 1
287 57 Car -1 -1 -1 942.61 167.21 1146.25 234.26 -1 -1 -1 -1000 -1000 -1000 -10 1
287 56 Car -1 -1 -1 1158.01 161.11 1238.54 233.60 -1 -1 -1 -1000 -1000 -1000 -10 1
287 54 Car -1 -1 -1 591.14 167.52 691.90 214.38 -1 -1 -1 -1000 -1000 -1000 -10 1
287 21 Car -1 -1 -1 595.68 171.46 923.46 285.92 -1 -1 -1 -1000 -1000 -1000 -10 1
288 57 Car -1 -1 -1 942.02 166.99 1147.07 233.26 -1 -1 -1 -1000 -1000 -1000 -10 1
288 56 Car -1 -1 -1 1157.99 161.04 1238.59 233.26 -1 -1 -1 -1000 -1000 -1000 -10 1
288 54 Car -1 -1 -1 592.49 168.45 694.45 217.33 -1 -1 -1 -1000 -1000 -1000 -10 1
288 21 Car -1 -1 -1 577.61 171.49 897.14 284.64 -1 -1 -1 -1000 -1000 -1000 -10 1
289 57 Car -1 -1 -1 941.79 167.43 1147.44 233.23 -1 -1 -1 -1000 -1000 -1000 -10 1
289 56 Car -1 -1 -1 1158.25 160.55 1238.69 232.86 -1 -1 -1 -1000 -1000 -1000 -10 1
289 21 Car -1 -1 -1 543.18 174.29 861.75 287.04 -1 -1 -1 -1000 -1000 -1000 -10 1
290 57 Car -1 -1 -1 940.34 167.82 1147.93 233.22 -1 -1 -1 -1000 -1000 -1000 -10 1
290 56 Car -1 -1 -1 1157.71 163.96 1240.03 235.22 -1 -1 -1 -1000 -1000 -1000 -10 1
290 21 Car -1 -1 -1 526.45 193.43 906.65 325.82 -1 -1 -1 -1000 -1000 -1000 -10 1
291 57 Car -1 -1 -1 943.44 168.31 1142.33 233.04 -1 -1 -1 -1000 -1000 -1000 -10 1
291 21 Car -1 -1 -1 461.41 180.91 823.17 305.42 -1 -1 -1 -1000 -1000 -1000 -10 1
292 57 Car -1 -1 -1 943.30 167.92 1144.65 232.53 -1 -1 -1 -1000 -1000 -1000 -10 1
292 21 Car -1 -1 -1 409.76 178.33 756.08 297.57 -1 -1 -1 -1000 -1000 -1000 -10 1
293 68 Car -1 -1 -1 700.39 166.75 885.70 236.28 -1 -1 -1 -1000 -1000 -1000 -10 1
293 57 Car -1 -1 -1 942.70 167.74 1146.00 232.13 -1 -1 -1 -1000 -1000 -1000 -10 1
293 21 Car -1 -1 -1 350.77 178.04 694.41 297.96 -1 -1 -1 -1000 -1000 -1000 -10 1
294 68 Car -1 -1 -1 696.23 165.94 886.66 235.91 -1 -1 -1 -1000 -1000 -1000 -10 1
294 57 Car -1 -1 -1 941.69 168.10 1146.19 231.91 -1 -1 -1 -1000 -1000 -1000 -10 1
294 56 Car -1 -1 -1 1160.59 169.21 1239.68 236.52 -1 -1 -1 -1000 -1000 -1000 -10 1
294 21 Car -1 -1 -1 281.06 178.24 630.79 305.45 -1 -1 -1 -1000 -1000 -1000 -10 1
295 68 Car -1 -1 -1 694.26 165.67 888.47 235.82 -1 -1 -1 -1000 -1000 -1000 -10 1
295 57 Car -1 -1 -1 942.36 169.94 1141.22 232.45 -1 -1 -1 -1000 -1000 -1000 -10 1
295 21 Car -1 -1 -1 245.27 183.37 586.98 311.63 -1 -1 -1 -1000 -1000 -1000 -10 1
296 68 Car -1 -1 -1 693.08 165.66 889.64 235.94 -1 -1 -1 -1000 -1000 -1000 -10 1
296 21 Car -1 -1 -1 169.17 185.47 524.82 321.22 -1 -1 -1 -1000 -1000 -1000 -10 1
297 71 Car -1 -1 -1 590.97 168.72 695.63 214.50 -1 -1 -1 -1000 -1000 -1000 -10 1
297 68 Car -1 -1 -1 691.61 166.02 883.46 235.18 -1 -1 -1 -1000 -1000 -1000 -10 1
297 21 Car -1 -1 -1 67.30 199.48 440.34 340.62 -1 -1 -1 -1000 -1000 -1000 -10 1
298 71 Car -1 -1 -1 590.42 168.23 692.10 212.79 -1 -1 -1 -1000 -1000 -1000 -10 1
298 21 Car -1 -1 -1 9.85 206.05 373.29 350.51 -1 -1 -1 -1000 -1000 -1000 -10 1
299 21 Car -1 -1 -1 -27.81 209.86 307.25 360.08 -1 -1 -1 -1000 -1000 -1000 -10 1
300 21 Car -1 -1 -1 -63.34 211.02 216.92 363.35 -1 -1 -1 -1000 -1000 -1000 -10 1
303 74 Car -1 -1 -1 1157.11 160.99 1239.02 232.82 -1 -1 -1 -1000 -1000 -1000 -10 1
304 76 Car -1 -1 -1 941.04 166.80 1147.00 233.25 -1 -1 -1 -1000 -1000 -1000 -10 1
304 74 Car -1 -1 -1 1156.42 159.85 1239.00 232.84 -1 -1 -1 -1000 -1000 -1000 -10 1
305 76 Car -1 -1 -1 939.20 167.58 1146.92 233.44 -1 -1 -1 -1000 -1000 -1000 -10 1
305 74 Car -1 -1 -1 1157.93 165.39 1240.98 238.47 -1 -1 -1 -1000 -1000 -1000 -10 1
306 77 Car -1 -1 -1 692.22 165.46 894.66 238.11 -1 -1 -1 -1000 -1000 -1000 -10 1
306 76 Car -1 -1 -1 938.06 167.79 1147.99 233.59 -1 -1 -1 -1000 -1000 -1000 -10 1
306 74 Car -1 -1 -1 1157.19 162.20 1240.06 236.15 -1 -1 -1 -1000 -1000 -1000 -10 1
307 77 Car -1 -1 -1 692.46 165.72 895.04 238.38 -1 -1 -1 -1000 -1000 -1000 -10 1
307 76 Car -1 -1 -1 937.46 167.68 1148.12 233.47 -1 -1 -1 -1000 -1000 -1000 -10 1
307 74 Car -1 -1 -1 1156.28 160.68 1239.84 235.11 -1 -1 -1 -1000 -1000 -1000 -10 1
308 78 Car -1 -1 -1 589.53 169.76 697.85 215.70 -1 -1 -1 -1000 -1000 -1000 -10 1
308 77 Car -1 -1 -1 692.86 166.11 895.35 238.52 -1 -1 -1 -1000 -1000 -1000 -10 1
308 76 Car -1 -1 -1 936.42 167.69 1148.75 234.02 -1 -1 -1 -1000 -1000 -1000 -10 1
308 74 Car -1 -1 -1 1157.47 163.83 1241.60 238.41 -1 -1 -1 -1000 -1000 -1000 -10 1
309 78 Car -1 -1 -1 589.07 169.62 698.45 215.89 -1 -1 -1 -1000 -1000 -1000 -10 1
309 77 Car -1 -1 -1 693.37 166.73 895.68 238.99 -1 -1 -1 -1000 -1000 -1000 -10 1
309 76 Car -1 -1 -1 936.04 168.15 1148.95 234.58 -1 -1 -1 -1000 -1000 -1000 -10 1
309 74 Car -1 -1 -1 1155.93 160.67 1240.48 235.77 -1 -1 -1 -1000 -1000 -1000 -10 1
310 78 Car -1 -1 -1 588.95 169.89 697.12 215.71 -1 -1 -1 -1000 -1000 -1000 -10 1
310 77 Car -1 -1 -1 693.77 166.95 896.49 239.23 -1 -1 -1 -1000 -1000 -1000 -10 1
310 76 Car -1 -1 -1 936.25 168.92 1148.42 234.79 -1 -1 -1 -1000 -1000 -1000 -10 1
310 74 Car -1 -1 -1 1155.55 159.45 1240.22 234.82 -1 -1 -1 -1000 -1000 -1000 -10 1
311 78 Car -1 -1 -1 589.01 169.89 698.28 215.88 -1 -1 -1 -1000 -1000 -1000 -10 1
311 77 Car -1 -1 -1 694.24 166.94 896.70 239.10 -1 -1 -1 -1000 -1000 -1000 -10 1
311 76 Car -1 -1 -1 936.58 169.09 1148.89 234.85 -1 -1 -1 -1000 -1000 -1000 -10 1
311 74 Car -1 -1 -1 1155.86 159.37 1240.16 234.76 -1 -1 -1 -1000 -1000 -1000 -10 1
312 78 Car -1 -1 -1 588.37 169.29 698.66 215.61 -1 -1 -1 -1000 -1000 -1000 -10 1
312 77 Car -1 -1 -1 694.33 167.04 897.15 239.11 -1 -1 -1 -1000 -1000 -1000 -10 1
312 76 Car -1 -1 -1 936.04 169.10 1149.26 234.97 -1 -1 -1 -1000 -1000 -1000 -10 1
312 74 Car -1 -1 -1 1155.63 157.58 1240.35 234.22 -1 -1 -1 -1000 -1000 -1000 -10 1
313 78 Car -1 -1 -1 588.72 169.35 699.31 215.73 -1 -1 -1 -1000 -1000 -1000 -10 1
313 77 Car -1 -1 -1 695.37 167.30 898.17 239.16 -1 -1 -1 -1000 -1000 -1000 -10 1
313 76 Car -1 -1 -1 936.09 169.18 1150.52 235.26 -1 -1 -1 -1000 -1000 -1000 -10 1
313 74 Car -1 -1 -1 1155.93 157.37 1240.29 234.57 -1 -1 -1 -1000 -1000 -1000 -10 1
314 78 Car -1 -1 -1 591.10 169.18 703.23 215.80 -1 -1 -1 -1000 -1000 -1000 -10 1
314 77 Car -1 -1 -1 696.61 167.22 899.79 239.12 -1 -1 -1 -1000 -1000 -1000 -10 1
314 76 Car -1 -1 -1 935.98 169.14 1151.73 235.90 -1 -1 -1 -1000 -1000 -1000 -10 1
314 74 Car -1 -1 -1 1157.46 155.79 1240.60 234.61 -1 -1 -1 -1000 -1000 -1000 -10 1
315 78 Car -1 -1 -1 591.44 168.78 704.56 215.55 -1 -1 -1 -1000 -1000 -1000 -10 1
315 77 Car -1 -1 -1 697.81 167.45 901.00 239.36 -1 -1 -1 -1000 -1000 -1000 -10 1
315 76 Car -1 -1 -1 936.04 169.39 1151.58 235.76 -1 -1 -1 -1000 -1000 -1000 -10 1
315 74 Car -1 -1 -1 1160.09 155.79 1241.02 234.97 -1 -1 -1 -1000 -1000 -1000 -10 1
316 78 Car -1 -1 -1 592.76 168.76 706.43 215.64 -1 -1 -1 -1000 -1000 -1000 -10 1
316 77 Car -1 -1 -1 701.49 167.16 905.07 239.52 -1 -1 -1 -1000 -1000 -1000 -10 1
316 76 Car -1 -1 -1 940.17 167.83 1164.27 238.36 -1 -1 -1 -1000 -1000 -1000 -10 1
316 74 Car -1 -1 -1 1162.23 155.89 1241.41 235.37 -1 -1 -1 -1000 -1000 -1000 -10 1
317 78 Car -1 -1 -1 596.48 168.30 709.51 214.74 -1 -1 -1 -1000 -1000 -1000 -10 1
317 77 Car -1 -1 -1 701.63 166.77 909.22 239.91 -1 -1 -1 -1000 -1000 -1000 -10 1
317 76 Car -1 -1 -1 948.79 166.88 1174.11 238.52 -1 -1 -1 -1000 -1000 -1000 -10 1
317 74 Car -1 -1 -1 1167.96 157.18 1243.50 235.77 -1 -1 -1 -1000 -1000 -1000 -10 1
318 78 Car -1 -1 -1 594.21 169.03 703.11 214.43 -1 -1 -1 -1000 -1000 -1000 -10 1
318 77 Car -1 -1 -1 706.68 169.82 908.05 239.87 -1 -1 -1 -1000 -1000 -1000 -10 1
318 76 Car -1 -1 -1 955.90 165.25 1182.89 237.67 -1 -1 -1 -1000 -1000 -1000 -10 1
318 74 Car -1 -1 -1 1175.45 158.15 1245.12 236.51 -1 -1 -1 -1000 -1000 -1000 -10 1
319 78 Car -1 -1 -1 595.48 169.68 701.14 214.23 -1 -1 -1 -1000 -1000 -1000 -10 1
319 77 Car -1 -1 -1 706.31 168.76 908.79 238.69 -1 -1 -1 -1000 -1000 -1000 -10 1
319 76 Car -1 -1 -1 960.22 164.05 1189.83 237.26 -1 -1 -1 -1000 -1000 -1000 -10 1
319 74 Car -1 -1 -1 1182.29 164.29 1245.59 240.49 -1 -1 -1 -1000 -1000 -1000 -10 1
320 78 Car -1 -1 -1 603.42 169.47 704.43 212.65 -1 -1 -1 -1000 -1000 -1000 -10 1
320 77 Car -1 -1 -1 713.81 168.97 920.74 240.17 -1 -1 -1 -1000 -1000 -1000 -10 1
320 76 Car -1 -1 -1 966.09 164.73 1197.78 238.20 -1 -1 -1 -1000 -1000 -1000 -10 1
321 78 Car -1 -1 -1 609.11 169.93 707.04 212.31 -1 -1 -1 -1000 -1000 -1000 -10 1
321 77 Car -1 -1 -1 720.51 168.40 928.64 240.56 -1 -1 -1 -1000 -1000 -1000 -10 1
321 76 Car -1 -1 -1 974.60 166.42 1203.80 238.20 -1 -1 -1 -1000 -1000 -1000 -10 1
322 78 Car -1 -1 -1 611.85 169.72 709.81 211.98 -1 -1 -1 -1000 -1000 -1000 -10 1
322 77 Car -1 -1 -1 725.10 168.20 934.99 241.20 -1 -1 -1 -1000 -1000 -1000 -10 1
322 76 Car -1 -1 -1 980.40 166.36 1214.20 239.86 -1 -1 -1 -1000 -1000 -1000 -10 1
323 78 Car -1 -1 -1 614.22 172.29 713.41 214.15 -1 -1 -1 -1000 -1000 -1000 -10 1
323 77 Car -1 -1 -1 730.30 170.08 945.74 245.07 -1 -1 -1 -1000 -1000 -1000 -10 1
323 76 Car -1 -1 -1 991.46 167.25 1232.83 243.70 -1 -1 -1 -1000 -1000 -1000 -10 1
324 78 Car -1 -1 -1 617.28 175.37 715.50 217.54 -1 -1 -1 -1000 -1000 -1000 -10 1
324 77 Car -1 -1 -1 736.46 170.18 959.76 248.28 -1 -1 -1 -1000 -1000 -1000 -10 1
324 76 Car -1 -1 -1 1000.52 167.73 1241.97 245.61 -1 -1 -1 -1000 -1000 -1000 -10 1
325 78 Car -1 -1 -1 624.00 177.89 726.93 219.96 -1 -1 -1 -1000 -1000 -1000 -10 1
325 77 Car -1 -1 -1 741.16 171.16 971.22 252.43 -1 -1 -1 -1000 -1000 -1000 -10 1
325 76 Car -1 -1 -1 1009.95 168.48 1249.84 249.05 -1 -1 -1 -1000 -1000 -1000 -10 1
326 78 Car -1 -1 -1 630.63 180.64 735.95 222.49 -1 -1 -1 -1000 -1000 -1000 -10 1
326 77 Car -1 -1 -1 748.69 171.68 985.57 255.91 -1 -1 -1 -1000 -1000 -1000 -10 1
326 76 Car -1 -1 -1 1019.31 168.25 1257.59 252.57 -1 -1 -1 -1000 -1000 -1000 -10 1
327 78 Car -1 -1 -1 637.20 179.28 740.25 222.59 -1 -1 -1 -1000 -1000 -1000 -10 1
327 77 Car -1 -1 -1 759.50 172.33 1003.23 257.29 -1 -1 -1 -1000 -1000 -1000 -10 1
327 76 Car -1 -1 -1 1035.55 173.11 1261.55 256.01 -1 -1 -1 -1000 -1000 -1000 -10 1
328 78 Car -1 -1 -1 648.09 181.83 756.73 225.12 -1 -1 -1 -1000 -1000 -1000 -10 1
328 77 Car -1 -1 -1 770.00 174.55 1022.53 261.41 -1 -1 -1 -1000 -1000 -1000 -10 1
328 76 Car -1 -1 -1 1048.08 175.88 1260.73 260.17 -1 -1 -1 -1000 -1000 -1000 -10 1
329 78 Car -1 -1 -1 655.58 184.12 765.09 227.63 -1 -1 -1 -1000 -1000 -1000 -10 1
329 77 Car -1 -1 -1 789.07 178.75 1044.63 266.79 -1 -1 -1 -1000 -1000 -1000 -10 1
329 76 Car -1 -1 -1 1073.69 180.59 1266.22 265.04 -1 -1 -1 -1000 -1000 -1000 -10 1
330 78 Car -1 -1 -1 667.38 184.92 780.70 229.05 -1 -1 -1 -1000 -1000 -1000 -10 1
330 77 Car -1 -1 -1 807.96 181.20 1072.14 271.16 -1 -1 -1 -1000 -1000 -1000 -10 1
330 76 Car -1 -1 -1 1089.87 180.60 1262.22 263.36 -1 -1 -1 -1000 -1000 -1000 -10 1
331 78 Car -1 -1 -1 683.18 185.06 800.97 230.08 -1 -1 -1 -1000 -1000 -1000 -10 1
331 77 Car -1 -1 -1 823.37 185.35 1102.51 274.52 -1 -1 -1 -1000 -1000 -1000 -10 1
331 76 Car -1 -1 -1 1040.79 184.91 1246.54 282.57 -1 -1 -1 -1000 -1000 -1000 -10 1
332 78 Car -1 -1 -1 703.14 185.29 828.16 234.09 -1 -1 -1 -1000 -1000 -1000 -10 1
332 76 Car -1 -1 -1 931.72 189.37 1202.88 303.64 -1 -1 -1 -1000 -1000 -1000 -10 1
333 78 Car -1 -1 -1 719.95 189.25 849.90 241.99 -1 -1 -1 -1000 -1000 -1000 -10 1
333 76 Car -1 -1 -1 927.74 189.65 1201.55 299.31 -1 -1 -1 -1000 -1000 -1000 -10 1
334 76 Car -1 -1 -1 928.34 189.83 1223.23 296.83 -1 -1 -1 -1000 -1000 -1000 -10 1
335 76 Car -1 -1 -1 954.84 197.20 1242.18 303.28 -1 -1 -1 -1000 -1000 -1000 -10 1
336 86 Car -1 -1 -1 254.94 196.86 581.55 324.52 -1 -1 -1 -1000 -1000 -1000 -10 1
336 85 Car -1 -1 -1 863.05 197.50 995.74 253.60 -1 -1 -1 -1000 -1000 -1000 -10 1
336 76 Car -1 -1 -1 1004.52 199.27 1266.99 309.42 -1 -1 -1 -1000 -1000 -1000 -10 1
337 86 Car -1 -1 -1 181.52 202.55 477.93 324.17 -1 -1 -1 -1000 -1000 -1000 -10 1
338 86 Car -1 -1 -1 132.06 201.76 402.05 315.69 -1 -1 -1 -1000 -1000 -1000 -10 1
339 86 Car -1 -1 -1 114.01 200.85 353.87 307.71 -1 -1 -1 -1000 -1000 -1000 -10 1
346 97 Car -1 -1 -1 391.12 185.91 460.85 232.80 -1 -1 -1 -1000 -1000 -1000 -10 1
347 97 Car -1 -1 -1 419.08 185.31 482.28 228.02 -1 -1 -1 -1000 -1000 -1000 -10 1
348 97 Car -1 -1 -1 447.39 184.56 497.63 221.04 -1 -1 -1 -1000 -1000 -1000 -10 1
