0 2 Car -1 -1 -1 450.12 178.09 490.12 200.61 -1 -1 -1 -1000 -1000 -1000 -10 1
0 1 Car -1 -1 -1 1111.42 148.93 1249.84 189.82 -1 -1 -1 -1000 -1000 -1000 -10 1
1 2 Car -1 -1 -1 445.25 178.05 487.08 202.75 -1 -1 -1 -1000 -1000 -1000 -10 1
1 1 Car -1 -1 -1 1128.76 158.47 1253.49 198.03 -1 -1 -1 -1000 -1000 -1000 -10 1
2 3 Car -1 -1 -1 575.80 90.65 760.52 230.76 -1 -1 -1 -1000 -1000 -1000 -10 1
2 2 Car -1 -1 -1 444.11 177.61 483.56 202.27 -1 -1 -1 -1000 -1000 -1000 -10 1
3 2 Car -1 -1 -1 440.37 177.88 479.44 203.52 -1 -1 -1 -1000 -1000 -1000 -10 1
4 2 Car -1 -1 -1 434.10 177.80 473.82 204.18 -1 -1 -1 -1000 -1000 -1000 -10 1
5 3 Car -1 -1 -1 591.64 70.95 813.30 259.94 -1 -1 -1 -1000 -1000 -1000 -10 1
5 2 Car -1 -1 -1 431.23 175.51 470.82 201.76 -1 -1 -1 -1000 -1000 -1000 -10 1
6 3 Car -1 -1 -1 606.00 79.87 818.74 269.63 -1 -1 -1 -1000 -1000 -1000 -10 1
6 2 Car -1 -1 -1 424.03 174.23 465.35 201.15 -1 -1 -1 -1000 -1000 -1000 -10 1
7 3 Car -1 -1 -1 610.39 72.49 830.04 260.41 -1 -1 -1 -1000 -1000 -1000 -10 1
7 2 Car -1 -1 -1 409.17 176.66 452.27 204.59 -1 -1 -1 -1000 -1000 -1000 -10 1
8 3 Car -1 -1 -1 610.71 70.21 834.53 262.07 -1 -1 -1 -1000 -1000 -1000 -10 1
8 2 Car -1 -1 -1 389.42 177.13 433.73 206.53 -1 -1 -1 -1000 -1000 -1000 -10 1
9 2 Car -1 -1 -1 366.48 179.28 413.93 210.11 -1 -1 -1 -1000 -1000 -1000 -10 1
28 16 Car -1 -1 -1 1053.85 166.09 1231.04 345.57 -1 -1 -1 -1000 -1000 -1000 -10 1
29 16 Car -1 -1 -1 1011.65 165.71 1230.57 357.70 -1 -1 -1 -1000 -1000 -1000 -10 1
30 18 Car -1 -1 -1 910.53 174.65 1053.33 275.34 -1 -1 -1 -1000 -1000 -1000 -10 1
30 16 Car -1 -1 -1 974.71 172.00 1225.80 373.19 -1 -1 -1 -1000 -1000 -1000 -10 1
31 18 Car -1 -1 -1 872.94 181.61 1024.45 285.53 -1 -1 -1 -1000 -1000 -1000 -10 1
31 16 Car -1 -1 -1 948.97 178.29 1230.31 383.28 -1 -1 -1 -1000 -1000 -1000 -10 1
32 18 Car -1 -1 -1 848.65 189.57 1017.44 299.59 -1 -1 -1 -1000 -1000 -1000 -10 1
32 16 Car -1 -1 -1 930.91 180.64 1231.65 384.93 -1 -1 -1 -1000 -1000 -1000 -10 1
33 22 Car -1 -1 -1 769.05 183.89 910.17 271.63 -1 -1 -1 -1000 -1000 -1000 -10 1
33 18 Car -1 -1 -1 829.41 192.09 1032.94 321.09 -1 -1 -1 -1000 -1000 -1000 -10 1
33 16 Car -1 -1 -1 928.73 187.47 1238.49 387.24 -1 -1 -1 -1000 -1000 -1000 -10 1
34 23 Car -1 -1 -1 712.04 167.61 816.97 243.44 -1 -1 -1 -1000 -1000 -1000 -10 1
34 22 Car -1 -1 -1 756.36 182.75 914.83 280.10 -1 -1 -1 -1000 -1000 -1000 -10 1
34 18 Car -1 -1 -1 828.30 192.46 1076.05 345.11 -1 -1 -1 -1000 -1000 -1000 -10 1
34 16 Car -1 -1 -1 943.75 189.55 1247.14 384.53 -1 -1 -1 -1000 -1000 -1000 -10 1
35 23 Car -1 -1 -1 704.77 163.95 816.38 248.88 -1 -1 -1 -1000 -1000 -1000 -10 1
35 22 Car -1 -1 -1 752.35 182.43 930.91 291.26 -1 -1 -1 -1000 -1000 -1000 -10 1
35 18 Car -1 -1 -1 846.57 190.60 1151.40 368.40 -1 -1 -1 -1000 -1000 -1000 -10 1
35 16 Car -1 -1 -1 1006.96 205.74 1269.25 389.99 -1 -1 -1 -1000 -1000 -1000 -10 1
36 25 Car -1 -1 -1 683.04 177.83 777.45 242.59 -1 -1 -1 -1000 -1000 -1000 -10 1
36 23 Car -1 -1 -1 699.62 164.52 821.47 256.15 -1 -1 -1 -1000 -1000 -1000 -10 1
36 22 Car -1 -1 -1 756.21 185.26 968.83 312.43 -1 -1 -1 -1000 -1000 -1000 -10 1
36 18 Car -1 -1 -1 877.74 193.08 1206.16 378.99 -1 -1 -1 -1000 -1000 -1000 -10 1
37 26 Car -1 -1 -1 656.27 182.29 700.92 216.92 -1 -1 -1 -1000 -1000 -1000 -10 1
37 22 Car -1 -1 -1 770.33 182.21 1046.43 341.64 -1 -1 -1 -1000 -1000 -1000 -10 1
37 18 Car -1 -1 -1 913.49 194.82 1240.97 383.04 -1 -1 -1 -1000 -1000 -1000 -10 1
38 26 Car -1 -1 -1 655.15 182.03 702.69 218.82 -1 -1 -1 -1000 -1000 -1000 -10 1
38 18 Car -1 -1 -1 847.23 186.53 1215.55 384.44 -1 -1 -1 -1000 -1000 -1000 -10 1
39 27 Car -1 -1 -1 729.33 159.99 915.75 295.73 -1 -1 -1 -1000 -1000 -1000 -10 1
39 26 Car -1 -1 -1 657.96 182.22 708.04 220.91 -1 -1 -1 -1000 -1000 -1000 -10 1
39 18 Car -1 -1 -1 838.38 177.21 1236.98 381.15 -1 -1 -1 -1000 -1000 -1000 -10 1
40 27 Car -1 -1 -1 752.27 157.94 973.82 313.37 -1 -1 -1 -1000 -1000 -1000 -10 1
40 26 Car -1 -1 -1 661.84 179.70 713.82 219.96 -1 -1 -1 -1000 -1000 -1000 -10 1
40 25 Car -1 -1 -1 702.81 180.93 804.13 251.14 -1 -1 -1 -1000 -1000 -1000 -10 1
40 18 Car -1 -1 -1 858.20 177.12 1255.69 377.17 -1 -1 -1 -1000 -1000 -1000 -10 1
41 27 Car -1 -1 -1 778.93 151.52 1063.41 343.11 -1 -1 -1 -1000 -1000 -1000 -10 1
41 26 Car -1 -1 -1 666.54 178.18 721.76 221.24 -1 -1 -1 -1000 -1000 -1000 -10 1
41 25 Car -1 -1 -1 714.67 183.18 825.94 257.20 -1 -1 -1 -1000 -1000 -1000 -10 1
41 18 Car -1 -1 -1 916.27 181.63 1277.88 379.86 -1 -1 -1 -1000 -1000 -1000 -10 1
42 27 Car -1 -1 -1 818.54 135.72 1183.18 370.20 -1 -1 -1 -1000 -1000 -1000 -10 1
42 26 Car -1 -1 -1 675.93 178.35 734.70 223.54 -1 -1 -1 -1000 -1000 -1000 -10 1
42 25 Car -1 -1 -1 731.67 184.72 854.74 263.57 -1 -1 -1 -1000 -1000 -1000 -10 1
43 27 Car -1 -1 -1 850.56 123.41 1242.27 376.02 -1 -1 -1 -1000 -1000 -1000 -10 1
43 26 Car -1 -1 -1 687.05 178.23 753.36 227.52 -1 -1 -1 -1000 -1000 -1000 -10 1
43 25 Car -1 -1 -1 750.13 186.47 889.59 273.18 -1 -1 -1 -1000 -1000 -1000 -10 1
44 27 Car -1 -1 -1 885.05 117.32 1272.92 378.50 -1 -1 -1 -1000 -1000 -1000 -10 1
44 26 Car -1 -1 -1 692.38 179.84 764.74 229.86 -1 -1 -1 -1000 -1000 -1000 -10 1
44 25 Car -1 -1 -1 770.50 188.04 948.81 295.74 -1 -1 -1 -1000 -1000 -1000 -10 1
45 27 Car -1 -1 -1 953.01 151.83 1296.84 394.23 -1 -1 -1 -1000 -1000 -1000 -10 1
45 26 Car -1 -1 -1 697.32 179.56 778.39 234.60 -1 -1 -1 -1000 -1000 -1000 -10 1
45 25 Car -1 -1 -1 800.50 188.25 1024.71 319.27 -1 -1 -1 -1000 -1000 -1000 -10 1
46 26 Car -1 -1 -1 707.51 179.80 794.73 239.20 -1 -1 -1 -1000 -1000 -1000 -10 1
46 25 Car -1 -1 -1 850.93 190.85 1143.23 351.96 -1 -1 -1 -1000 -1000 -1000 -10 1
47 26 Car -1 -1 -1 718.45 181.84 819.73 246.22 -1 -1 -1 -1000 -1000 -1000 -10 1
47 25 Car -1 -1 -1 891.62 190.31 1218.78 364.44 -1 -1 -1 -1000 -1000 -1000 -10 1
48 26 Car -1 -1 -1 723.51 180.92 840.03 251.14 -1 -1 -1 -1000 -1000 -1000 -10 1
48 25 Car -1 -1 -1 923.55 193.68 1251.02 373.77 -1 -1 -1 -1000 -1000 -1000 -10 1
49 26 Car -1 -1 -1 734.62 184.71 862.98 260.38 -1 -1 -1 -1000 -1000 -1000 -10 1
49 25 Car -1 -1 -1 970.27 183.80 1280.19 373.09 -1 -1 -1 -1000 -1000 -1000 -10 1
50 26 Car -1 -1 -1 749.44 184.51 900.77 275.19 -1 -1 -1 -1000 -1000 -1000 -10 1
51 26 Car -1 -1 -1 769.54 182.59 951.35 289.85 -1 -1 -1 -1000 -1000 -1000 -10 1
52 26 Car -1 -1 -1 792.60 182.36 1015.36 309.05 -1 -1 -1 -1000 -1000 -1000 -10 1
53 26 Car -1 -1 -1 825.85 189.88 1102.71 342.90 -1 -1 -1 -1000 -1000 -1000 -10 1
54 26 Car -1 -1 -1 851.65 189.92 1189.36 361.93 -1 -1 -1 -1000 -1000 -1000 -10 1
55 26 Car -1 -1 -1 877.16 190.25 1228.96 368.44 -1 -1 -1 -1000 -1000 -1000 -10 1
56 29 Car -1 -1 -1 466.60 181.90 514.08 210.00 -1 -1 -1 -1000 -1000 -1000 -10 1
56 26 Car -1 -1 -1 910.86 190.11 1249.21 369.27 -1 -1 -1 -1000 -1000 -1000 -10 1
57 29 Car -1 -1 -1 446.02 182.15 499.09 213.35 -1 -1 -1 -1000 -1000 -1000 -10 1
57 26 Car -1 -1 -1 955.33 184.18 1276.60 371.56 -1 -1 -1 -1000 -1000 -1000 -10 1
58 29 Car -1 -1 -1 428.77 180.87 488.82 215.41 -1 -1 -1 -1000 -1000 -1000 -10 1
59 29 Car -1 -1 -1 406.96 180.92 474.15 218.55 -1 -1 -1 -1000 -1000 -1000 -10 1
60 29 Car -1 -1 -1 379.61 183.29 458.18 224.56 -1 -1 -1 -1000 -1000 -1000 -10 1
61 29 Car -1 -1 -1 358.17 185.93 439.28 229.26 -1 -1 -1 -1000 -1000 -1000 -10 1
62 29 Car -1 -1 -1 320.82 187.66 414.08 236.57 -1 -1 -1 -1000 -1000 -1000 -10 1
63 29 Car -1 -1 -1 289.36 189.35 397.01 243.36 -1 -1 -1 -1000 -1000 -1000 -10 1
64 29 Car -1 -1 -1 246.97 194.69 368.22 253.15 -1 -1 -1 -1000 -1000 -1000 -10 1
65 29 Car -1 -1 -1 197.87 198.15 333.73 264.08 -1 -1 -1 -1000 -1000 -1000 -10 1
66 29 Car -1 -1 -1 129.65 196.01 300.38 276.20 -1 -1 -1 -1000 -1000 -1000 -10 1
67 29 Car -1 -1 -1 59.56 196.42 274.30 294.93 -1 -1 -1 -1000 -1000 -1000 -10 1
68 29 Car -1 -1 -1 9.90 201.68 239.60 313.07 -1 -1 -1 -1000 -1000 -1000 -10 1
69 29 Car -1 -1 -1 -12.27 211.43 211.18 329.43 -1 -1 -1 -1000 -1000 -1000 -10 1
70 33 Car -1 -1 -1 491.91 180.64 533.29 207.68 -1 -1 -1 -1000 -1000 -1000 -10 1
71 33 Car -1 -1 -1 486.60 181.28 530.90 209.62 -1 -1 -1 -1000 -1000 -1000 -10 1
72 33 Car -1 -1 -1 481.42 181.69 528.22 211.73 -1 -1 -1 -1000 -1000 -1000 -10 1
73 33 Car -1 -1 -1 472.69 182.32 524.72 215.11 -1 -1 -1 -1000 -1000 -1000 -10 1
74 36 Car -1 -1 -1 622.33 176.67 649.45 198.16 -1 -1 -1 -1000 -1000 -1000 -10 1
74 33 Car -1 -1 -1 464.19 183.16 520.10 217.36 -1 -1 -1 -1000 -1000 -1000 -10 1
75 37 Car -1 -1 -1 544.23 179.39 574.35 200.56 -1 -1 -1 -1000 -1000 -1000 -10 1
75 33 Car -1 -1 -1 458.10 183.38 517.02 219.12 -1 -1 -1 -1000 -1000 -1000 -10 1
76 37 Car -1 -1 -1 544.08 179.62 573.06 200.62 -1 -1 -1 -1000 -1000 -1000 -10 1
76 33 Car -1 -1 -1 441.98 185.21 512.84 224.59 -1 -1 -1 -1000 -1000 -1000 -10 1
77 37 Car -1 -1 -1 545.56 178.62 576.19 201.87 -1 -1 -1 -1000 -1000 -1000 -10 1
77 33 Car -1 -1 -1 426.75 188.33 502.14 231.38 -1 -1 -1 -1000 -1000 -1000 -10 1
78 37 Car -1 -1 -1 544.65 178.31 576.52 203.20 -1 -1 -1 -1000 -1000 -1000 -10 1
78 36 Car -1 -1 -1 633.88 179.27 668.60 205.52 -1 -1 -1 -1000 -1000 -1000 -10 1
78 33 Car -1 -1 -1 416.43 189.39 494.95 235.12 -1 -1 -1 -1000 -1000 -1000 -10 1
79 37 Car -1 -1 -1 541.30 178.29 574.58 205.17 -1 -1 -1 -1000 -1000 -1000 -10 1
79 36 Car -1 -1 -1 633.75 178.48 669.59 205.95 -1 -1 -1 -1000 -1000 -1000 -10 1
79 33 Car -1 -1 -1 400.69 190.77 484.29 239.73 -1 -1 -1 -1000 -1000 -1000 -10 1
80 36 Car -1 -1 -1 634.00 178.20 668.80 204.93 -1 -1 -1 -1000 -1000 -1000 -10 1
80 33 Car -1 -1 -1 375.98 186.79 463.80 241.62 -1 -1 -1 -1000 -1000 -1000 -10 1
81 39 Car -1 -1 -1 532.16 176.92 569.25 208.16 -1 -1 -1 -1000 -1000 -1000 -10 1
81 36 Car -1 -1 -1 634.92 177.85 668.89 203.95 -1 -1 -1 -1000 -1000 -1000 -10 1
81 33 Car -1 -1 -1 353.53 183.17 452.03 247.17 -1 -1 -1 -1000 -1000 -1000 -10 1
82 39 Car -1 -1 -1 526.09 176.04 565.94 208.57 -1 -1 -1 -1000 -1000 -1000 -10 1
82 36 Car -1 -1 -1 635.19 177.76 668.46 203.68 -1 -1 -1 -1000 -1000 -1000 -10 1
82 33 Car -1 -1 -1 321.64 184.45 435.66 257.32 -1 -1 -1 -1000 -1000 -1000 -10 1
83 39 Car -1 -1 -1 523.32 178.07 564.40 210.10 -1 -1 -1 -1000 -1000 -1000 -10 1
83 36 Car -1 -1 -1 636.11 177.76 668.92 203.63 -1 -1 -1 -1000 -1000 -1000 -10 1
83 33 Car -1 -1 -1 290.55 189.78 417.89 264.10 -1 -1 -1 -1000 -1000 -1000 -10 1
84 39 Car -1 -1 -1 517.65 178.59 561.29 212.49 -1 -1 -1 -1000 -1000 -1000 -10 1
84 36 Car -1 -1 -1 636.40 178.42 669.74 204.93 -1 -1 -1 -1000 -1000 -1000 -10 1
84 33 Car -1 -1 -1 261.10 193.89 403.39 274.94 -1 -1 -1 -1000 -1000 -1000 -10 1
85 36 Car -1 -1 -1 636.11 178.54 670.22 205.70 -1 -1 -1 -1000 -1000 -1000 -10 1
85 33 Car -1 -1 -1 213.21 194.22 385.85 285.44 -1 -1 -1 -1000 -1000 -1000 -10 1
86 33 Car -1 -1 -1 166.12 196.97 359.10 291.93 -1 -1 -1 -1000 -1000 -1000 -10 1
87 33 Car -1 -1 -1 117.04 199.28 337.91 301.98 -1 -1 -1 -1000 -1000 -1000 -10 1
88 33 Car -1 -1 -1 54.04 205.90 311.38 325.72 -1 -1 -1 -1000 -1000 -1000 -10 1
89 36 Car -1 -1 -1 634.02 178.32 669.91 206.13 -1 -1 -1 -1000 -1000 -1000 -10 1
89 33 Car -1 -1 -1 19.92 208.90 294.52 338.71 -1 -1 -1 -1000 -1000 -1000 -10 1
90 40 Car -1 -1 -1 470.25 180.89 533.77 224.50 -1 -1 -1 -1000 -1000 -1000 -10 1
90 36 Car -1 -1 -1 633.61 178.74 669.78 206.87 -1 -1 -1 -1000 -1000 -1000 -10 1
90 33 Car -1 -1 -1 -7.59 213.17 268.18 352.25 -1 -1 -1 -1000 -1000 -1000 -10 1
91 40 Car -1 -1 -1 450.76 185.71 520.75 231.57 -1 -1 -1 -1000 -1000 -1000 -10 1
91 36 Car -1 -1 -1 631.46 181.32 667.33 209.91 -1 -1 -1 -1000 -1000 -1000 -10 1
91 33 Car -1 -1 -1 -22.70 211.75 237.01 354.34 -1 -1 -1 -1000 -1000 -1000 -10 1
92 40 Car -1 -1 -1 427.83 188.03 504.76 238.18 -1 -1 -1 -1000 -1000 -1000 -10 1
92 36 Car -1 -1 -1 629.04 184.59 663.98 213.86 -1 -1 -1 -1000 -1000 -1000 -10 1
92 33 Car -1 -1 -1 -34.06 212.49 203.05 360.50 -1 -1 -1 -1000 -1000 -1000 -10 1
93 40 Car -1 -1 -1 402.84 188.30 486.75 240.80 -1 -1 -1 -1000 -1000 -1000 -10 1
93 36 Car -1 -1 -1 623.46 184.25 658.36 212.27 -1 -1 -1 -1000 -1000 -1000 -10 1
93 33 Car -1 -1 -1 -42.52 213.74 162.79 365.64 -1 -1 -1 -1000 -1000 -1000 -10 1
94 40 Car -1 -1 -1 370.44 189.56 465.57 246.50 -1 -1 -1 -1000 -1000 -1000 -10 1
94 36 Car -1 -1 -1 615.16 183.58 650.14 212.10 -1 -1 -1 -1000 -1000 -1000 -10 1
95 40 Car -1 -1 -1 332.26 191.55 440.83 254.11 -1 -1 -1 -1000 -1000 -1000 -10 1
96 40 Car -1 -1 -1 285.16 193.32 407.43 261.12 -1 -1 -1 -1000 -1000 -1000 -10 1
97 40 Car -1 -1 -1 237.31 196.05 370.41 269.07 -1 -1 -1 -1000 -1000 -1000 -10 1
98 43 Car -1 -1 -1 565.29 185.87 597.87 215.75 -1 -1 -1 -1000 -1000 -1000 -10 1
98 40 Car -1 -1 -1 179.41 194.90 337.09 278.91 -1 -1 -1 -1000 -1000 -1000 -10 1
99 43 Car -1 -1 -1 564.73 186.96 597.27 215.56 -1 -1 -1 -1000 -1000 -1000 -10 1
99 40 Car -1 -1 -1 122.36 198.94 304.70 292.16 -1 -1 -1 -1000 -1000 -1000 -10 1
100 40 Car -1 -1 -1 50.19 201.73 271.94 311.87 -1 -1 -1 -1000 -1000 -1000 -10 1
101 40 Car -1 -1 -1 8.12 205.32 245.20 327.40 -1 -1 -1 -1000 -1000 -1000 -10 1
102 40 Car -1 -1 -1 -18.39 215.38 208.01 347.48 -1 -1 -1 -1000 -1000 -1000 -10 1
103 45 Car -1 -1 -1 603.37 195.16 637.46 232.61 -1 -1 -1 -1000 -1000 -1000 -10 1
103 40 Car -1 -1 -1 -40.67 218.93 161.52 356.64 -1 -1 -1 -1000 -1000 -1000 -10 1
105 47 Car -1 -1 -1 517.96 186.64 547.70 211.40 -1 -1 -1 -1000 -1000 -1000 -10 1
108 50 Car -1 -1 -1 482.93 186.06 530.43 219.02 -1 -1 -1 -1000 -1000 -1000 -10 1
109 50 Car -1 -1 -1 484.75 184.33 534.24 218.92 -1 -1 -1 -1000 -1000 -1000 -10 1
110 50 Car -1 -1 -1 485.47 184.04 536.70 220.07 -1 -1 -1 -1000 -1000 -1000 -10 1
111 51 Car -1 -1 -1 681.01 181.24 739.36 221.93 -1 -1 -1 -1000 -1000 -1000 -10 1
111 50 Car -1 -1 -1 484.19 183.77 537.81 221.06 -1 -1 -1 -1000 -1000 -1000 -10 1
112 51 Car -1 -1 -1 689.61 182.18 755.09 226.05 -1 -1 -1 -1000 -1000 -1000 -10 1
112 50 Car -1 -1 -1 481.17 184.10 537.87 222.76 -1 -1 -1 -1000 -1000 -1000 -10 1
113 51 Car -1 -1 -1 695.98 179.86 765.16 225.11 -1 -1 -1 -1000 -1000 -1000 -10 1
113 50 Car -1 -1 -1 477.60 182.53 535.90 221.42 -1 -1 -1 -1000 -1000 -1000 -10 1
114 51 Car -1 -1 -1 698.18 176.20 768.70 221.79 -1 -1 -1 -1000 -1000 -1000 -10 1
114 50 Car -1 -1 -1 473.07 180.53 531.98 220.09 -1 -1 -1 -1000 -1000 -1000 -10 1
115 51 Car -1 -1 -1 706.93 177.78 778.95 224.77 -1 -1 -1 -1000 -1000 -1000 -10 1
115 50 Car -1 -1 -1 463.09 180.45 525.41 221.19 -1 -1 -1 -1000 -1000 -1000 -10 1
116 51 Car -1 -1 -1 707.86 180.72 782.71 231.14 -1 -1 -1 -1000 -1000 -1000 -10 1
116 50 Car -1 -1 -1 452.30 186.65 517.77 230.46 -1 -1 -1 -1000 -1000 -1000 -10 1
117 51 Car -1 -1 -1 716.29 183.32 803.12 241.65 -1 -1 -1 -1000 -1000 -1000 -10 1
117 50 Car -1 -1 -1 438.12 189.29 507.82 235.71 -1 -1 -1 -1000 -1000 -1000 -10 1
118 55 Car -1 -1 -1 699.19 178.11 767.02 229.23 -1 -1 -1 -1000 -1000 -1000 -10 1
118 51 Car -1 -1 -1 724.94 184.73 819.41 248.57 -1 -1 -1 -1000 -1000 -1000 -10 1
118 50 Car -1 -1 -1 422.51 189.56 498.92 239.76 -1 -1 -1 -1000 -1000 -1000 -10 1
119 55 Car -1 -1 -1 698.33 176.36 765.66 227.81 -1 -1 -1 -1000 -1000 -1000 -10 1
119 53 Car -1 -1 -1 523.85 177.15 563.55 203.73 -1 -1 -1 -1000 -1000 -1000 -10 1
119 51 Car -1 -1 -1 733.43 185.32 839.24 255.60 -1 -1 -1 -1000 -1000 -1000 -10 1
119 50 Car -1 -1 -1 402.97 189.87 486.64 242.80 -1 -1 -1 -1000 -1000 -1000 -10 1
120 55 Car -1 -1 -1 697.95 177.26 766.63 229.37 -1 -1 -1 -1000 -1000 -1000 -10 1
120 53 Car -1 -1 -1 519.81 176.76 560.10 203.38 -1 -1 -1 -1000 -1000 -1000 -10 1
120 51 Car -1 -1 -1 742.84 186.32 861.85 262.41 -1 -1 -1 -1000 -1000 -1000 -10 1
120 50 Car -1 -1 -1 380.95 191.36 473.81 248.82 -1 -1 -1 -1000 -1000 -1000 -10 1
121 55 Car -1 -1 -1 700.00 178.37 772.31 232.47 -1 -1 -1 -1000 -1000 -1000 -10 1
121 53 Car -1 -1 -1 511.01 176.61 553.39 205.93 -1 -1 -1 -1000 -1000 -1000 -10 1
121 51 Car -1 -1 -1 758.11 189.00 892.78 275.11 -1 -1 -1 -1000 -1000 -1000 -10 1
121 50 Car -1 -1 -1 351.93 190.59 457.88 254.38 -1 -1 -1 -1000 -1000 -1000 -10 1
122 55 Car -1 -1 -1 699.36 179.65 778.42 236.93 -1 -1 -1 -1000 -1000 -1000 -10 1
122 53 Car -1 -1 -1 508.12 176.31 551.22 206.85 -1 -1 -1 -1000 -1000 -1000 -10 1
122 51 Car -1 -1 -1 777.02 193.50 937.62 292.94 -1 -1 -1 -1000 -1000 -1000 -10 1
122 50 Car -1 -1 -1 319.37 193.13 436.31 262.72 -1 -1 -1 -1000 -1000 -1000 -10 1
123 55 Car -1 -1 -1 700.56 178.42 784.80 239.91 -1 -1 -1 -1000 -1000 -1000 -10 1
123 53 Car -1 -1 -1 505.99 169.72 550.65 202.97 -1 -1 -1 -1000 -1000 -1000 -10 1
123 51 Car -1 -1 -1 807.64 196.36 1009.81 321.09 -1 -1 -1 -1000 -1000 -1000 -10 1
123 50 Car -1 -1 -1 274.77 193.61 410.06 275.07 -1 -1 -1 -1000 -1000 -1000 -10 1
124 56 Car -1 -1 -1 751.55 187.63 904.19 280.25 -1 -1 -1 -1000 -1000 -1000 -10 1
124 55 Car -1 -1 -1 703.93 175.81 794.54 242.46 -1 -1 -1 -1000 -1000 -1000 -10 1
124 53 Car -1 -1 -1 493.27 167.68 546.22 203.43 -1 -1 -1 -1000 -1000 -1000 -10 1
124 51 Car -1 -1 -1 850.41 199.01 1110.75 351.91 -1 -1 -1 -1000 -1000 -1000 -10 1
124 50 Car -1 -1 -1 217.82 193.29 378.32 287.49 -1 -1 -1 -1000 -1000 -1000 -10 1
125 56 Car -1 -1 -1 767.34 186.56 965.18 305.77 -1 -1 -1 -1000 -1000 -1000 -10 1
125 55 Car -1 -1 -1 708.53 175.20 806.72 246.31 -1 -1 -1 -1000 -1000 -1000 -10 1
125 53 Car -1 -1 -1 479.50 160.27 541.79 202.06 -1 -1 -1 -1000 -1000 -1000 -10 1
125 51 Car -1 -1 -1 893.23 198.91 1191.64 366.15 -1 -1 -1 -1000 -1000 -1000 -10 1
125 50 Car -1 -1 -1 142.65 195.38 339.41 308.33 -1 -1 -1 -1000 -1000 -1000 -10 1
126 56 Car -1 -1 -1 793.58 182.19 1045.78 331.82 -1 -1 -1 -1000 -1000 -1000 -10 1
126 55 Car -1 -1 -1 719.56 172.40 836.88 255.09 -1 -1 -1 -1000 -1000 -1000 -10 1
126 53 Car -1 -1 -1 478.32 158.46 540.99 200.19 -1 -1 -1 -1000 -1000 -1000 -10 1
126 51 Car -1 -1 -1 938.12 200.87 1240.77 373.11 -1 -1 -1 -1000 -1000 -1000 -10 1
126 50 Car -1 -1 -1 60.82 203.98 287.82 332.57 -1 -1 -1 -1000 -1000 -1000 -10 1
127 57 Car -1 -1 -1 465.67 151.94 539.34 199.65 -1 -1 -1 -1000 -1000 -1000 -10 1
127 56 Car -1 -1 -1 840.90 179.85 1171.03 365.16 -1 -1 -1 -1000 -1000 -1000 -10 1
127 55 Car -1 -1 -1 726.08 173.51 853.54 264.22 -1 -1 -1 -1000 -1000 -1000 -10 1
127 53 Car -1 -1 -1 474.41 159.59 538.41 201.97 -1 -1 -1 -1000 -1000 -1000 -10 1
127 51 Car -1 -1 -1 1031.84 204.54 1288.75 377.09 -1 -1 -1 -1000 -1000 -1000 -10 1
127 50 Car -1 -1 -1 10.42 210.54 250.27 353.62 -1 -1 -1 -1000 -1000 -1000 -10 1
128 58 Car -1 -1 -1 440.05 183.62 498.28 218.93 -1 -1 -1 -1000 -1000 -1000 -10 1
128 57 Car -1 -1 -1 451.35 156.43 532.49 207.02 -1 -1 -1 -1000 -1000 -1000 -10 1
128 56 Car -1 -1 -1 877.77 180.09 1231.78 374.21 -1 -1 -1 -1000 -1000 -1000 -10 1
128 55 Car -1 -1 -1 745.14 174.61 892.82 279.66 -1 -1 -1 -1000 -1000 -1000 -10 1
128 53 Car -1 -1 -1 473.30 163.74 535.03 205.55 -1 -1 -1 -1000 -1000 -1000 -10 1
128 50 Car -1 -1 -1 -22.00 216.08 199.41 365.27 -1 -1 -1 -1000 -1000 -1000 -10 1
129 58 Car -1 -1 -1 423.49 182.28 489.57 222.69 -1 -1 -1 -1000 -1000 -1000 -10 1
129 57 Car -1 -1 -1 447.43 159.30 524.35 207.73 -1 -1 -1 -1000 -1000 -1000 -10 1
129 56 Car -1 -1 -1 927.26 185.91 1269.77 376.46 -1 -1 -1 -1000 -1000 -1000 -10 1
129 55 Car -1 -1 -1 768.57 174.75 958.81 303.98 -1 -1 -1 -1000 -1000 -1000 -10 1
129 53 Car -1 -1 -1 465.32 165.87 526.13 208.00 -1 -1 -1 -1000 -1000 -1000 -10 1
130 58 Car -1 -1 -1 410.28 182.03 486.44 227.98 -1 -1 -1 -1000 -1000 -1000 -10 1
130 57 Car -1 -1 -1 431.69 158.41 516.63 213.62 -1 -1 -1 -1000 -1000 -1000 -10 1
130 56 Car -1 -1 -1 1024.74 196.90 1309.44 382.82 -1 -1 -1 -1000 -1000 -1000 -10 1
130 55 Car -1 -1 -1 797.94 181.77 1043.95 336.73 -1 -1 -1 -1000 -1000 -1000 -10 1
130 53 Car -1 -1 -1 464.27 163.75 528.52 206.40 -1 -1 -1 -1000 -1000 -1000 -10 1
131 58 Car -1 -1 -1 390.90 185.64 472.38 234.91 -1 -1 -1 -1000 -1000 -1000 -10 1
131 57 Car -1 -1 -1 419.92 163.64 505.08 221.42 -1 -1 -1 -1000 -1000 -1000 -10 1
131 55 Car -1 -1 -1 850.20 182.57 1153.46 357.51 -1 -1 -1 -1000 -1000 -1000 -10 1
131 53 Car -1 -1 -1 469.50 172.13 526.44 212.31 -1 -1 -1 -1000 -1000 -1000 -10 1
132 59 Car -1 -1 -1 516.93 177.96 567.53 209.08 -1 -1 -1 -1000 -1000 -1000 -10 1
132 58 Car -1 -1 -1 369.97 186.48 458.75 240.90 -1 -1 -1 -1000 -1000 -1000 -10 1
132 57 Car -1 -1 -1 416.36 166.41 498.75 224.74 -1 -1 -1 -1000 -1000 -1000 -10 1
132 55 Car -1 -1 -1 884.37 184.57 1212.69 370.31 -1 -1 -1 -1000 -1000 -1000 -10 1
133 60 Car -1 -1 -1 406.83 170.75 485.17 231.43 -1 -1 -1 -1000 -1000 -1000 -10 1
133 59 Car -1 -1 -1 515.69 179.34 564.78 211.14 -1 -1 -1 -1000 -1000 -1000 -10 1
133 58 Car -1 -1 -1 347.56 186.91 445.88 246.50 -1 -1 -1 -1000 -1000 -1000 -10 1
133 57 Car -1 -1 -1 402.43 165.16 485.00 226.92 -1 -1 -1 -1000 -1000 -1000 -10 1
133 55 Car -1 -1 -1 952.68 194.74 1259.61 379.82 -1 -1 -1 -1000 -1000 -1000 -10 1
134 59 Car -1 -1 -1 511.34 180.22 560.12 213.46 -1 -1 -1 -1000 -1000 -1000 -10 1
134 58 Car -1 -1 -1 319.80 188.37 431.48 253.76 -1 -1 -1 -1000 -1000 -1000 -10 1
134 57 Car -1 -1 -1 390.40 163.32 477.47 228.60 -1 -1 -1 -1000 -1000 -1000 -10 1
135 59 Car -1 -1 -1 503.98 178.60 554.95 214.75 -1 -1 -1 -1000 -1000 -1000 -10 1
135 58 Car -1 -1 -1 289.58 187.50 415.19 259.65 -1 -1 -1 -1000 -1000 -1000 -10 1
135 57 Car -1 -1 -1 376.35 163.98 469.74 233.94 -1 -1 -1 -1000 -1000 -1000 -10 1
136 59 Car -1 -1 -1 495.15 177.05 548.26 215.56 -1 -1 -1 -1000 -1000 -1000 -10 1
136 58 Car -1 -1 -1 262.34 188.13 398.68 264.47 -1 -1 -1 -1000 -1000 -1000 -10 1
136 57 Car -1 -1 -1 355.86 163.64 455.56 238.89 -1 -1 -1 -1000 -1000 -1000 -10 1
137 59 Car -1 -1 -1 492.90 176.22 548.36 215.79 -1 -1 -1 -1000 -1000 -1000 -10 1
137 58 Car -1 -1 -1 216.06 189.61 373.25 274.94 -1 -1 -1 -1000 -1000 -1000 -10 1
138 59 Car -1 -1 -1 487.14 177.98 546.32 220.60 -1 -1 -1 -1000 -1000 -1000 -10 1
138 58 Car -1 -1 -1 159.06 189.97 347.02 292.79 -1 -1 -1 -1000 -1000 -1000 -10 1
139 59 Car -1 -1 -1 475.68 178.82 543.25 225.38 -1 -1 -1 -1000 -1000 -1000 -10 1
139 58 Car -1 -1 -1 83.34 193.99 318.42 318.98 -1 -1 -1 -1000 -1000 -1000 -10 1
140 62 Car -1 -1 -1 214.88 132.28 409.17 269.96 -1 -1 -1 -1000 -1000 -1000 -10 1
140 59 Car -1 -1 -1 463.64 178.02 538.84 229.17 -1 -1 -1 -1000 -1000 -1000 -10 1
140 58 Car -1 -1 -1 23.71 204.65 283.24 345.71 -1 -1 -1 -1000 -1000 -1000 -10 1
140 57 Car -1 -1 -1 235.12 142.08 392.18 258.35 -1 -1 -1 -1000 -1000 -1000 -10 1
141 62 Car -1 -1 -1 135.66 111.36 382.59 287.01 -1 -1 -1 -1000 -1000 -1000 -10 1
141 59 Car -1 -1 -1 449.35 178.90 531.99 235.17 -1 -1 -1 -1000 -1000 -1000 -10 1
141 58 Car -1 -1 -1 -10.57 211.30 247.58 362.80 -1 -1 -1 -1000 -1000 -1000 -10 1
141 57 Car -1 -1 -1 173.00 129.24 361.21 269.60 -1 -1 -1 -1000 -1000 -1000 -10 1
142 62 Car -1 -1 -1 58.06 101.78 359.63 311.83 -1 -1 -1 -1000 -1000 -1000 -10 1
142 59 Car -1 -1 -1 430.75 180.78 526.36 243.12 -1 -1 -1 -1000 -1000 -1000 -10 1
142 58 Car -1 -1 -1 -35.21 212.41 195.44 368.56 -1 -1 -1 -1000 -1000 -1000 -10 1
143 62 Car -1 -1 -1 -1.01 94.54 339.62 332.44 -1 -1 -1 -1000 -1000 -1000 -10 1
143 59 Car -1 -1 -1 404.17 181.35 513.84 251.30 -1 -1 -1 -1000 -1000 -1000 -10 1
144 62 Car -1 -1 -1 -36.49 84.78 319.74 348.17 -1 -1 -1 -1000 -1000 -1000 -10 1
144 59 Car -1 -1 -1 380.67 184.71 503.32 262.30 -1 -1 -1 -1000 -1000 -1000 -10 1
145 62 Car -1 -1 -1 -63.27 79.10 276.58 366.78 -1 -1 -1 -1000 -1000 -1000 -10 1
145 59 Car -1 -1 -1 350.35 191.48 484.07 277.74 -1 -1 -1 -1000 -1000 -1000 -10 1
146 59 Car -1 -1 -1 306.72 199.02 462.12 298.07 -1 -1 -1 -1000 -1000 -1000 -10 1
147 59 Car -1 -1 -1 233.59 206.82 432.44 332.13 -1 -1 -1 -1000 -1000 -1000 -10 1
148 59 Car -1 -1 -1 126.71 208.24 385.03 357.56 -1 -1 -1 -1000 -1000 -1000 -10 1
149 67 Car -1 -1 -1 367.79 187.10 458.92 248.06 -1 -1 -1 -1000 -1000 -1000 -10 1
149 66 Car -1 -1 -1 473.93 181.76 518.19 215.02 -1 -1 -1 -1000 -1000 -1000 -10 1
149 59 Car -1 -1 -1 54.45 216.46 352.90 367.69 -1 -1 -1 -1000 -1000 -1000 -10 1
150 67 Car -1 -1 -1 354.84 182.63 449.30 246.15 -1 -1 -1 -1000 -1000 -1000 -10 1
150 66 Car -1 -1 -1 468.10 177.95 519.17 213.40 -1 -1 -1 -1000 -1000 -1000 -10 1
150 59 Car -1 -1 -1 6.75 210.54 324.75 372.59 -1 -1 -1 -1000 -1000 -1000 -10 1
151 67 Car -1 -1 -1 336.07 180.62 439.32 249.75 -1 -1 -1 -1000 -1000 -1000 -10 1
151 66 Car -1 -1 -1 461.65 175.60 511.20 209.32 -1 -1 -1 -1000 -1000 -1000 -10 1
151 59 Car -1 -1 -1 -3.33 203.37 288.87 368.36 -1 -1 -1 -1000 -1000 -1000 -10 1
152 67 Car -1 -1 -1 314.14 179.08 424.22 251.53 -1 -1 -1 -1000 -1000 -1000 -10 1
152 66 Car -1 -1 -1 451.59 175.05 499.93 207.40 -1 -1 -1 -1000 -1000 -1000 -10 1
152 59 Car -1 -1 -1 -21.40 191.71 272.42 359.00 -1 -1 -1 -1000 -1000 -1000 -10 1
153 67 Car -1 -1 -1 285.49 181.23 406.13 257.40 -1 -1 -1 -1000 -1000 -1000 -10 1
153 66 Car -1 -1 -1 448.03 172.25 499.81 207.51 -1 -1 -1 -1000 -1000 -1000 -10 1
153 59 Car -1 -1 -1 -35.21 200.89 238.28 370.34 -1 -1 -1 -1000 -1000 -1000 -10 1
154 67 Car -1 -1 -1 246.03 183.08 384.38 269.11 -1 -1 -1 -1000 -1000 -1000 -10 1
154 66 Car -1 -1 -1 442.44 173.82 499.21 213.26 -1 -1 -1 -1000 -1000 -1000 -10 1
154 59 Car -1 -1 -1 -53.96 205.54 178.96 374.51 -1 -1 -1 -1000 -1000 -1000 -10 1
155 67 Car -1 -1 -1 195.03 187.18 360.17 287.69 -1 -1 -1 -1000 -1000 -1000 -10 1
155 66 Car -1 -1 -1 430.43 176.25 490.59 217.92 -1 -1 -1 -1000 -1000 -1000 -10 1
156 69 Car -1 -1 -1 482.28 174.85 530.62 216.85 -1 -1 -1 -1000 -1000 -1000 -10 1
156 67 Car -1 -1 -1 127.90 187.63 327.33 306.66 -1 -1 -1 -1000 -1000 -1000 -10 1
156 66 Car -1 -1 -1 421.20 179.34 487.75 222.96 -1 -1 -1 -1000 -1000 -1000 -10 1
157 69 Car -1 -1 -1 486.67 172.98 535.49 209.54 -1 -1 -1 -1000 -1000 -1000 -10 1
157 67 Car -1 -1 -1 44.22 191.38 290.55 332.06 -1 -1 -1 -1000 -1000 -1000 -10 1
157 66 Car -1 -1 -1 424.27 183.61 490.35 230.87 -1 -1 -1 -1000 -1000 -1000 -10 1
158 69 Car -1 -1 -1 477.81 169.63 533.34 206.20 -1 -1 -1 -1000 -1000 -1000 -10 1
158 67 Car -1 -1 -1 -0.07 200.11 258.04 354.54 -1 -1 -1 -1000 -1000 -1000 -10 1
158 66 Car -1 -1 -1 407.86 182.93 490.08 229.58 -1 -1 -1 -1000 -1000 -1000 -10 1
159 69 Car -1 -1 -1 476.40 170.74 531.59 206.32 -1 -1 -1 -1000 -1000 -1000 -10 1
159 67 Car -1 -1 -1 -26.49 203.68 212.90 364.54 -1 -1 -1 -1000 -1000 -1000 -10 1
159 66 Car -1 -1 -1 387.96 181.58 478.25 230.70 -1 -1 -1 -1000 -1000 -1000 -10 1
160 69 Car -1 -1 -1 479.04 172.12 534.31 207.03 -1 -1 -1 -1000 -1000 -1000 -10 1
160 66 Car -1 -1 -1 373.42 181.37 467.75 235.11 -1 -1 -1 -1000 -1000 -1000 -10 1
161 69 Car -1 -1 -1 477.27 172.78 534.32 207.80 -1 -1 -1 -1000 -1000 -1000 -10 1
161 66 Car -1 -1 -1 356.91 181.89 459.41 241.01 -1 -1 -1 -1000 -1000 -1000 -10 1
162 71 Car -1 -1 -1 428.35 179.65 503.00 221.48 -1 -1 -1 -1000 -1000 -1000 -10 1
162 69 Car -1 -1 -1 475.91 174.60 533.45 210.00 -1 -1 -1 -1000 -1000 -1000 -10 1
162 66 Car -1 -1 -1 332.24 183.15 443.39 247.14 -1 -1 -1 -1000 -1000 -1000 -10 1
163 71 Car -1 -1 -1 427.98 182.94 497.73 224.85 -1 -1 -1 -1000 -1000 -1000 -10 1
163 69 Car -1 -1 -1 476.67 174.93 534.11 210.40 -1 -1 -1 -1000 -1000 -1000 -10 1
163 66 Car -1 -1 -1 307.29 185.08 428.23 254.01 -1 -1 -1 -1000 -1000 -1000 -10 1
164 69 Car -1 -1 -1 477.28 174.80 534.52 209.67 -1 -1 -1 -1000 -1000 -1000 -10 1
164 66 Car -1 -1 -1 281.21 186.37 410.74 259.16 -1 -1 -1 -1000 -1000 -1000 -10 1
165 75 Car -1 -1 -1 401.62 194.67 466.70 236.40 -1 -1 -1 -1000 -1000 -1000 -10 1
165 69 Car -1 -1 -1 472.81 174.24 531.29 209.95 -1 -1 -1 -1000 -1000 -1000 -10 1
165 66 Car -1 -1 -1 244.80 187.18 388.30 266.57 -1 -1 -1 -1000 -1000 -1000 -10 1
166 69 Car -1 -1 -1 462.48 176.48 525.21 214.04 -1 -1 -1 -1000 -1000 -1000 -10 1
166 66 Car -1 -1 -1 196.87 188.73 359.21 279.90 -1 -1 -1 -1000 -1000 -1000 -10 1
167 69 Car -1 -1 -1 458.28 178.13 523.22 217.22 -1 -1 -1 -1000 -1000 -1000 -10 1
167 66 Car -1 -1 -1 135.54 192.17 331.56 302.17 -1 -1 -1 -1000 -1000 -1000 -10 1
168 79 Car -1 -1 -1 342.00 184.78 452.63 254.92 -1 -1 -1 -1000 -1000 -1000 -10 1
168 69 Car -1 -1 -1 456.68 177.70 522.56 218.10 -1 -1 -1 -1000 -1000 -1000 -10 1
168 66 Car -1 -1 -1 57.43 191.97 297.72 321.74 -1 -1 -1 -1000 -1000 -1000 -10 1
169 79 Car -1 -1 -1 320.00 182.58 443.02 260.16 -1 -1 -1 -1000 -1000 -1000 -10 1
169 69 Car -1 -1 -1 444.90 175.09 516.19 217.44 -1 -1 -1 -1000 -1000 -1000 -10 1
169 66 Car -1 -1 -1 9.03 199.34 264.66 344.32 -1 -1 -1 -1000 -1000 -1000 -10 1
170 79 Car -1 -1 -1 287.88 180.06 421.88 264.65 -1 -1 -1 -1000 -1000 -1000 -10 1
170 69 Car -1 -1 -1 432.49 174.07 511.45 219.15 -1 -1 -1 -1000 -1000 -1000 -10 1
170 66 Car -1 -1 -1 -18.85 200.62 224.19 356.05 -1 -1 -1 -1000 -1000 -1000 -10 1
171 79 Car -1 -1 -1 259.06 176.46 402.67 266.23 -1 -1 -1 -1000 -1000 -1000 -10 1
171 69 Car -1 -1 -1 419.69 171.15 505.18 219.66 -1 -1 -1 -1000 -1000 -1000 -10 1
171 66 Car -1 -1 -1 -41.43 204.24 167.85 363.71 -1 -1 -1 -1000 -1000 -1000 -10 1
172 79 Car -1 -1 -1 192.55 182.85 367.58 288.49 -1 -1 -1 -1000 -1000 -1000 -10 1
172 69 Car -1 -1 -1 402.80 169.68 498.64 222.98 -1 -1 -1 -1000 -1000 -1000 -10 1
173 79 Car -1 -1 -1 114.29 186.87 332.34 313.72 -1 -1 -1 -1000 -1000 -1000 -10 1
173 69 Car -1 -1 -1 399.14 167.72 498.91 223.46 -1 -1 -1 -1000 -1000 -1000 -10 1
174 79 Car -1 -1 -1 37.74 198.09 290.04 340.55 -1 -1 -1 -1000 -1000 -1000 -10 1
174 69 Car -1 -1 -1 404.07 172.00 502.43 226.57 -1 -1 -1 -1000 -1000 -1000 -10 1
175 79 Car -1 -1 -1 -1.72 207.20 262.14 361.68 -1 -1 -1 -1000 -1000 -1000 -10 1
175 69 Car -1 -1 -1 400.42 175.55 496.24 229.56 -1 -1 -1 -1000 -1000 -1000 -10 1
176 82 Car -1 -1 -1 299.70 173.53 439.94 259.03 -1 -1 -1 -1000 -1000 -1000 -10 1
176 79 Car -1 -1 -1 -29.71 208.77 215.44 367.00 -1 -1 -1 -1000 -1000 -1000 -10 1
176 69 Car -1 -1 -1 395.73 179.75 489.60 234.21 -1 -1 -1 -1000 -1000 -1000 -10 1
177 82 Car -1 -1 -1 263.47 171.48 425.68 267.90 -1 -1 -1 -1000 -1000 -1000 -10 1
177 79 Car -1 -1 -1 -51.07 213.21 151.36 371.65 -1 -1 -1 -1000 -1000 -1000 -10 1
177 69 Car -1 -1 -1 386.34 183.42 481.14 238.95 -1 -1 -1 -1000 -1000 -1000 -10 1
178 82 Car -1 -1 -1 226.22 171.90 405.23 279.15 -1 -1 -1 -1000 -1000 -1000 -10 1
178 69 Car -1 -1 -1 371.48 183.53 469.82 241.63 -1 -1 -1 -1000 -1000 -1000 -10 1
179 82 Car -1 -1 -1 177.78 173.28 378.57 294.21 -1 -1 -1 -1000 -1000 -1000 -10 1
179 69 Car -1 -1 -1 350.14 182.84 458.77 246.80 -1 -1 -1 -1000 -1000 -1000 -10 1
180 82 Car -1 -1 -1 106.92 167.87 348.33 310.50 -1 -1 -1 -1000 -1000 -1000 -10 1
180 69 Car -1 -1 -1 325.87 181.06 445.77 250.34 -1 -1 -1 -1000 -1000 -1000 -10 1
181 82 Car -1 -1 -1 25.69 167.76 311.21 333.73 -1 -1 -1 -1000 -1000 -1000 -10 1
181 69 Car -1 -1 -1 298.16 185.04 426.95 258.54 -1 -1 -1 -1000 -1000 -1000 -10 1
182 82 Car -1 -1 -1 -9.73 180.30 285.97 359.09 -1 -1 -1 -1000 -1000 -1000 -10 1
182 69 Car -1 -1 -1 264.95 190.53 404.58 268.17 -1 -1 -1 -1000 -1000 -1000 -10 1
183 82 Car -1 -1 -1 -31.70 181.16 242.59 366.25 -1 -1 -1 -1000 -1000 -1000 -10 1
183 69 Car -1 -1 -1 207.41 192.34 378.84 282.18 -1 -1 -1 -1000 -1000 -1000 -10 1
184 82 Car -1 -1 -1 -51.17 196.56 182.24 373.69 -1 -1 -1 -1000 -1000 -1000 -10 1
184 69 Car -1 -1 -1 138.65 192.88 350.19 304.12 -1 -1 -1 -1000 -1000 -1000 -10 1
185 69 Car -1 -1 -1 58.71 201.04 313.78 336.76 -1 -1 -1 -1000 -1000 -1000 -10 1
186 69 Car -1 -1 -1 14.57 207.39 278.86 355.07 -1 -1 -1 -1000 -1000 -1000 -10 1
187 69 Car -1 -1 -1 -16.20 204.75 239.10 358.42 -1 -1 -1 -1000 -1000 -1000 -10 1
202 92 Car -1 -1 -1 518.06 177.38 549.03 202.23 -1 -1 -1 -1000 -1000 -1000 -10 1
203 92 Car -1 -1 -1 516.84 177.43 549.03 203.16 -1 -1 -1 -1000 -1000 -1000 -10 1
204 92 Car -1 -1 -1 515.82 178.81 548.18 204.96 -1 -1 -1 -1000 -1000 -1000 -10 1
205 92 Car -1 -1 -1 514.50 178.18 546.71 203.93 -1 -1 -1 -1000 -1000 -1000 -10 1
206 92 Car -1 -1 -1 513.47 178.22 545.94 204.15 -1 -1 -1 -1000 -1000 -1000 -10 1
207 92 Car -1 -1 -1 513.28 179.28 546.30 205.08 -1 -1 -1 -1000 -1000 -1000 -10 1
208 92 Car -1 -1 -1 514.28 179.71 548.50 205.68 -1 -1 -1 -1000 -1000 -1000 -10 1
209 92 Car -1 -1 -1 512.11 177.84 547.63 204.03 -1 -1 -1 -1000 -1000 -1000 -10 1
210 92 Car -1 -1 -1 511.63 177.62 548.08 204.13 -1 -1 -1 -1000 -1000 -1000 -10 1
211 92 Car -1 -1 -1 510.62 178.26 548.17 205.26 -1 -1 -1 -1000 -1000 -1000 -10 1
212 92 Car -1 -1 -1 505.57 176.94 544.13 204.46 -1 -1 -1 -1000 -1000 -1000 -10 1
213 92 Car -1 -1 -1 500.30 176.28 539.95 204.51 -1 -1 -1 -1000 -1000 -1000 -10 1
214 92 Car -1 -1 -1 496.64 180.13 538.38 209.42 -1 -1 -1 -1000 -1000 -1000 -10 1
215 92 Car -1 -1 -1 489.92 182.16 534.54 212.74 -1 -1 -1 -1000 -1000 -1000 -10 1
216 92 Car -1 -1 -1 483.87 179.04 529.88 210.74 -1 -1 -1 -1000 -1000 -1000 -10 1
217 92 Car -1 -1 -1 476.41 177.45 524.66 210.77 -1 -1 -1 -1000 -1000 -1000 -10 1
218 92 Car -1 -1 -1 469.05 176.88 520.48 213.10 -1 -1 -1 -1000 -1000 -1000 -10 1
219 97 Car -1 -1 -1 505.22 181.18 541.93 205.23 -1 -1 -1 -1000 -1000 -1000 -10 1
220 97 Car -1 -1 -1 500.81 181.74 539.60 207.65 -1 -1 -1 -1000 -1000 -1000 -10 1
221 97 Car -1 -1 -1 494.61 178.03 535.24 205.69 -1 -1 -1 -1000 -1000 -1000 -10 1
222 97 Car -1 -1 -1 490.46 176.69 532.82 205.35 -1 -1 -1 -1000 -1000 -1000 -10 1
222 92 Car -1 -1 -1 421.95 182.25 494.45 229.47 -1 -1 -1 -1000 -1000 -1000 -10 1
223 97 Car -1 -1 -1 487.03 178.07 531.68 207.84 -1 -1 -1 -1000 -1000 -1000 -10 1
223 92 Car -1 -1 -1 403.04 184.45 485.06 236.10 -1 -1 -1 -1000 -1000 -1000 -10 1
224 97 Car -1 -1 -1 480.83 179.15 526.92 210.09 -1 -1 -1 -1000 -1000 -1000 -10 1
224 92 Car -1 -1 -1 382.52 185.67 477.46 243.28 -1 -1 -1 -1000 -1000 -1000 -10 1
225 97 Car -1 -1 -1 475.02 179.94 522.30 211.98 -1 -1 -1 -1000 -1000 -1000 -10 1
225 92 Car -1 -1 -1 356.18 186.26 464.71 249.48 -1 -1 -1 -1000 -1000 -1000 -10 1
226 97 Car -1 -1 -1 468.92 181.65 518.94 215.93 -1 -1 -1 -1000 -1000 -1000 -10 1
226 92 Car -1 -1 -1 325.22 191.19 447.73 259.02 -1 -1 -1 -1000 -1000 -1000 -10 1
227 97 Car -1 -1 -1 463.22 187.70 513.29 223.23 -1 -1 -1 -1000 -1000 -1000 -10 1
227 92 Car -1 -1 -1 288.56 201.68 427.51 276.64 -1 -1 -1 -1000 -1000 -1000 -10 1
228 97 Car -1 -1 -1 452.44 185.70 506.34 223.97 -1 -1 -1 -1000 -1000 -1000 -10 1
228 92 Car -1 -1 -1 235.91 204.38 402.91 292.20 -1 -1 -1 -1000 -1000 -1000 -10 1
229 97 Car -1 -1 -1 443.71 184.61 500.94 224.90 -1 -1 -1 -1000 -1000 -1000 -10 1
229 92 Car -1 -1 -1 168.82 207.70 374.83 314.96 -1 -1 -1 -1000 -1000 -1000 -10 1
230 97 Car -1 -1 -1 433.16 184.19 495.95 228.31 -1 -1 -1 -1000 -1000 -1000 -10 1
230 92 Car -1 -1 -1 78.04 212.72 333.80 344.02 -1 -1 -1 -1000 -1000 -1000 -10 1
231 102 Car -1 -1 -1 632.29 175.04 663.56 198.11 -1 -1 -1 -1000 -1000 -1000 -10 1
231 97 Car -1 -1 -1 421.11 184.20 490.53 231.88 -1 -1 -1 -1000 -1000 -1000 -10 1
231 92 Car -1 -1 -1 25.94 213.37 309.02 359.18 -1 -1 -1 -1000 -1000 -1000 -10 1
232 102 Car -1 -1 -1 636.23 173.79 667.23 197.71 -1 -1 -1 -1000 -1000 -1000 -10 1
232 97 Car -1 -1 -1 406.56 185.88 481.04 235.98 -1 -1 -1 -1000 -1000 -1000 -10 1
232 92 Car -1 -1 -1 -6.91 213.38 278.06 366.74 -1 -1 -1 -1000 -1000 -1000 -10 1
233 102 Car -1 -1 -1 639.70 173.00 670.89 197.89 -1 -1 -1 -1000 -1000 -1000 -10 1
233 97 Car -1 -1 -1 389.20 187.64 472.48 242.67 -1 -1 -1 -1000 -1000 -1000 -10 1
233 92 Car -1 -1 -1 -36.16 218.85 216.37 372.96 -1 -1 -1 -1000 -1000 -1000 -10 1
234 102 Car -1 -1 -1 640.35 175.70 672.63 200.81 -1 -1 -1 -1000 -1000 -1000 -10 1
234 97 Car -1 -1 -1 368.32 189.53 457.84 249.98 -1 -1 -1 -1000 -1000 -1000 -10 1
235 102 Car -1 -1 -1 641.08 176.73 675.17 203.07 -1 -1 -1 -1000 -1000 -1000 -10 1
235 97 Car -1 -1 -1 343.26 194.40 444.42 260.29 -1 -1 -1 -1000 -1000 -1000 -10 1
236 102 Car -1 -1 -1 640.54 176.77 676.62 204.30 -1 -1 -1 -1000 -1000 -1000 -10 1
236 97 Car -1 -1 -1 313.28 196.04 428.49 269.97 -1 -1 -1 -1000 -1000 -1000 -10 1
237 102 Car -1 -1 -1 640.28 177.30 676.06 204.89 -1 -1 -1 -1000 -1000 -1000 -10 1
237 97 Car -1 -1 -1 273.88 199.69 405.60 280.33 -1 -1 -1 -1000 -1000 -1000 -10 1
238 102 Car -1 -1 -1 638.34 176.01 674.44 203.91 -1 -1 -1 -1000 -1000 -1000 -10 1
238 97 Car -1 -1 -1 215.61 203.53 372.06 295.39 -1 -1 -1 -1000 -1000 -1000 -10 1
239 102 Car -1 -1 -1 634.74 174.87 670.37 202.48 -1 -1 -1 -1000 -1000 -1000 -10 1
239 97 Car -1 -1 -1 135.65 201.01 332.04 313.01 -1 -1 -1 -1000 -1000 -1000 -10 1
240 102 Car -1 -1 -1 631.73 174.22 667.57 201.84 -1 -1 -1 -1000 -1000 -1000 -10 1
240 97 Car -1 -1 -1 52.53 207.86 283.88 340.92 -1 -1 -1 -1000 -1000 -1000 -10 1
241 102 Car -1 -1 -1 628.60 174.45 665.07 202.86 -1 -1 -1 -1000 -1000 -1000 -10 1
241 97 Car -1 -1 -1 4.41 213.02 238.84 357.30 -1 -1 -1 -1000 -1000 -1000 -10 1
242 102 Car -1 -1 -1 622.07 175.91 661.11 206.01 -1 -1 -1 -1000 -1000 -1000 -10 1
242 97 Car -1 -1 -1 -32.88 207.74 171.71 358.76 -1 -1 -1 -1000 -1000 -1000 -10 1
243 102 Car -1 -1 -1 612.84 175.70 656.25 206.61 -1 -1 -1 -1000 -1000 -1000 -10 1
244 102 Car -1 -1 -1 605.28 177.18 649.40 209.34 -1 -1 -1 -1000 -1000 -1000 -10 1
245 102 Car -1 -1 -1 594.37 178.54 640.27 211.06 -1 -1 -1 -1000 -1000 -1000 -10 1
246 102 Car -1 -1 -1 583.84 179.97 631.59 214.46 -1 -1 -1 -1000 -1000 -1000 -10 1
247 102 Car -1 -1 -1 571.58 180.44 621.96 217.89 -1 -1 -1 -1000 -1000 -1000 -10 1
248 102 Car -1 -1 -1 559.01 185.77 612.11 225.74 -1 -1 -1 -1000 -1000 -1000 -10 1
249 102 Car -1 -1 -1 547.50 184.35 601.95 226.10 -1 -1 -1 -1000 -1000 -1000 -10 1
250 102 Car -1 -1 -1 531.75 183.29 588.54 226.37 -1 -1 -1 -1000 -1000 -1000 -10 1
251 102 Car -1 -1 -1 515.70 182.24 576.65 227.08 -1 -1 -1 -1000 -1000 -1000 -10 1
252 102 Car -1 -1 -1 501.70 177.26 565.70 224.14 -1 -1 -1 -1000 -1000 -1000 -10 1
253 102 Car -1 -1 -1 483.48 175.92 551.40 223.37 -1 -1 -1 -1000 -1000 -1000 -10 1
