0 4 Car -1 -1 -1 594.90 170.90 622.44 207.59 -1 -1 -1 -1000 -1000 -1000 -10 1
0 3 Car -1 -1 -1 953.15 182.51 1071.76 232.97 -1 -1 -1 -1000 -1000 -1000 -10 1
0 2 Car -1 -1 -1 1092.05 183.87 1229.20 231.98 -1 -1 -1 -1000 -1000 -1000 -10 1
0 1 Car -1 -1 -1 1030.42 185.56 1161.28 228.02 -1 -1 -1 -1000 -1000 -1000 -10 1
1 4 Car -1 -1 -1 598.20 170.88 626.59 205.32 -1 -1 -1 -1000 -1000 -1000 -10 1
1 3 Car -1 -1 -1 963.79 183.38 1073.85 226.76 -1 -1 -1 -1000 -1000 -1000 -10 1
1 2 Car -1 -1 -1 1091.70 183.71 1229.42 231.76 -1 -1 -1 -1000 -1000 -1000 -10 1
1 1 Car -1 -1 -1 1030.78 185.49 1161.82 227.54 -1 -1 -1 -1000 -1000 -1000 -10 1
2 4 Car -1 -1 -1 597.33 171.47 623.92 204.55 -1 -1 -1 -1000 -1000 -1000 -10 1
2 3 Car -1 -1 -1 963.68 180.96 1069.81 224.12 -1 -1 -1 -1000 -1000 -1000 -10 1
2 2 Car -1 -1 -1 1093.46 183.72 1225.29 231.06 -1 -1 -1 -1000 -1000 -1000 -10 1
2 1 Car -1 -1 -1 1030.88 185.57 1161.53 227.13 -1 -1 -1 -1000 -1000 -1000 -10 1
3 4 Car -1 -1 -1 599.88 170.76 632.46 203.74 -1 -1 -1 -1000 -1000 -1000 -10 1
3 3 Car -1 -1 -1 965.01 183.24 1071.39 225.62 -1 -1 -1 -1000 -1000 -1000 -10 1
3 2 Car -1 -1 -1 1093.97 183.57 1228.72 231.49 -1 -1 -1 -1000 -1000 -1000 -10 1
3 1 Car -1 -1 -1 1030.58 185.69 1161.43 227.17 -1 -1 -1 -1000 -1000 -1000 -10 1
4 3 Car -1 -1 -1 964.83 184.07 1072.26 226.13 -1 -1 -1 -1000 -1000 -1000 -10 1
4 2 Car -1 -1 -1 1091.22 190.79 1229.80 242.05 -1 -1 -1 -1000 -1000 -1000 -10 1
4 1 Car -1 -1 -1 1028.90 185.57 1162.30 228.33 -1 -1 -1 -1000 -1000 -1000 -10 1
5 3 Car -1 -1 -1 959.93 185.49 1066.89 228.87 -1 -1 -1 -1000 -1000 -1000 -10 1
5 2 Car -1 -1 -1 1091.03 186.78 1227.14 236.07 -1 -1 -1 -1000 -1000 -1000 -10 1
5 1 Car -1 -1 -1 1027.84 188.10 1164.36 233.99 -1 -1 -1 -1000 -1000 -1000 -10 1
6 2 Car -1 -1 -1 1099.75 185.06 1229.63 233.59 -1 -1 -1 -1000 -1000 -1000 -10 1
6 1 Car -1 -1 -1 1018.80 191.32 1166.04 241.46 -1 -1 -1 -1000 -1000 -1000 -10 1
7 2 Car -1 -1 -1 1095.18 184.01 1222.83 232.21 -1 -1 -1 -1000 -1000 -1000 -10 1
7 1 Car -1 -1 -1 1022.72 186.42 1166.37 235.28 -1 -1 -1 -1000 -1000 -1000 -10 1
8 2 Car -1 -1 -1 1094.95 183.64 1225.65 231.95 -1 -1 -1 -1000 -1000 -1000 -10 1
8 1 Car -1 -1 -1 1025.90 184.80 1165.17 231.27 -1 -1 -1 -1000 -1000 -1000 -10 1
9 3 Car -1 -1 -1 965.48 184.75 1072.45 228.01 -1 -1 -1 -1000 -1000 -1000 -10 1
9 2 Car -1 -1 -1 1094.33 183.56 1226.84 231.79 -1 -1 -1 -1000 -1000 -1000 -10 1
9 1 Car -1 -1 -1 1027.77 184.65 1163.99 229.44 -1 -1 -1 -1000 -1000 -1000 -10 1
10 6 Car -1 -1 -1 598.88 172.57 637.91 201.74 -1 -1 -1 -1000 -1000 -1000 -10 1
10 3 Car -1 -1 -1 964.32 184.34 1072.79 227.09 -1 -1 -1 -1000 -1000 -1000 -10 1
10 2 Car -1 -1 -1 1093.88 183.54 1227.63 231.68 -1 -1 -1 -1000 -1000 -1000 -10 1
10 1 Car -1 -1 -1 1029.02 184.79 1163.20 228.34 -1 -1 -1 -1000 -1000 -1000 -10 1
11 6 Car -1 -1 -1 599.26 172.33 639.04 202.37 -1 -1 -1 -1000 -1000 -1000 -10 1
11 3 Car -1 -1 -1 962.28 182.25 1070.35 225.46 -1 -1 -1 -1000 -1000 -1000 -10 1
11 2 Car -1 -1 -1 1093.44 183.57 1228.27 231.72 -1 -1 -1 -1000 -1000 -1000 -10 1
11 1 Car -1 -1 -1 1029.70 185.06 1162.37 227.79 -1 -1 -1 -1000 -1000 -1000 -10 1
12 3 Car -1 -1 -1 962.97 183.38 1072.05 226.21 -1 -1 -1 -1000 -1000 -1000 -10 1
12 2 Car -1 -1 -1 1093.03 183.55 1228.62 231.65 -1 -1 -1 -1000 -1000 -1000 -10 1
12 1 Car -1 -1 -1 1029.91 185.37 1161.51 227.54 -1 -1 -1 -1000 -1000 -1000 -10 1
13 3 Car -1 -1 -1 963.08 183.84 1072.92 226.23 -1 -1 -1 -1000 -1000 -1000 -10 1
13 2 Car -1 -1 -1 1092.36 183.53 1228.64 231.53 -1 -1 -1 -1000 -1000 -1000 -10 1
13 1 Car -1 -1 -1 1030.48 185.50 1161.52 227.24 -1 -1 -1 -1000 -1000 -1000 -10 1
14 3 Car -1 -1 -1 962.46 184.03 1073.29 226.34 -1 -1 -1 -1000 -1000 -1000 -10 1
14 2 Car -1 -1 -1 1092.35 183.54 1228.83 231.52 -1 -1 -1 -1000 -1000 -1000 -10 1
14 1 Car -1 -1 -1 1030.60 185.62 1161.34 227.15 -1 -1 -1 -1000 -1000 -1000 -10 1
15 3 Car -1 -1 -1 962.15 184.11 1073.49 226.29 -1 -1 -1 -1000 -1000 -1000 -10 1
15 2 Car -1 -1 -1 1092.17 183.61 1228.97 231.56 -1 -1 -1 -1000 -1000 -1000 -10 1
15 1 Car -1 -1 -1 1030.73 185.74 1161.34 227.05 -1 -1 -1 -1000 -1000 -1000 -10 1
16 3 Car -1 -1 -1 962.16 184.27 1073.61 226.11 -1 -1 -1 -1000 -1000 -1000 -10 1
16 2 Car -1 -1 -1 1092.25 183.55 1229.17 231.42 -1 -1 -1 -1000 -1000 -1000 -10 1
16 1 Car -1 -1 -1 1030.96 185.78 1161.24 226.90 -1 -1 -1 -1000 -1000 -1000 -10 1
17 11 Car -1 -1 -1 598.03 172.25 638.23 202.71 -1 -1 -1 -1000 -1000 -1000 -10 1
17 3 Car -1 -1 -1 962.07 184.42 1073.86 226.12 -1 -1 -1 -1000 -1000 -1000 -10 1
17 2 Car -1 -1 -1 1092.29 183.57 1229.30 231.47 -1 -1 -1 -1000 -1000 -1000 -10 1
17 1 Car -1 -1 -1 1030.86 185.83 1161.03 226.90 -1 -1 -1 -1000 -1000 -1000 -10 1
18 11 Car -1 -1 -1 597.76 172.12 638.43 202.81 -1 -1 -1 -1000 -1000 -1000 -10 1
18 3 Car -1 -1 -1 962.25 184.47 1073.92 225.84 -1 -1 -1 -1000 -1000 -1000 -10 1
18 2 Car -1 -1 -1 1092.25 183.55 1229.15 231.43 -1 -1 -1 -1000 -1000 -1000 -10 1
18 1 Car -1 -1 -1 1030.74 185.83 1160.92 226.83 -1 -1 -1 -1000 -1000 -1000 -10 1
19 11 Car -1 -1 -1 598.02 172.02 638.89 202.68 -1 -1 -1 -1000 -1000 -1000 -10 1
19 3 Car -1 -1 -1 961.95 184.52 1073.74 225.86 -1 -1 -1 -1000 -1000 -1000 -10 1
19 2 Car -1 -1 -1 1092.08 183.60 1229.10 231.49 -1 -1 -1 -1000 -1000 -1000 -10 1
19 1 Car -1 -1 -1 1030.92 185.92 1161.05 226.88 -1 -1 -1 -1000 -1000 -1000 -10 1
20 11 Car -1 -1 -1 597.81 172.18 638.67 202.81 -1 -1 -1 -1000 -1000 -1000 -10 1
20 3 Car -1 -1 -1 962.10 184.50 1073.60 225.69 -1 -1 -1 -1000 -1000 -1000 -10 1
20 2 Car -1 -1 -1 1092.35 183.62 1229.30 231.50 -1 -1 -1 -1000 -1000 -1000 -10 1
20 1 Car -1 -1 -1 1031.11 185.89 1161.17 226.80 -1 -1 -1 -1000 -1000 -1000 -10 1
21 11 Car -1 -1 -1 597.51 172.25 638.16 202.74 -1 -1 -1 -1000 -1000 -1000 -10 1
21 3 Car -1 -1 -1 962.22 184.40 1073.82 225.69 -1 -1 -1 -1000 -1000 -1000 -10 1
21 2 Car -1 -1 -1 1091.99 183.53 1229.18 231.50 -1 -1 -1 -1000 -1000 -1000 -10 1
21 1 Car -1 -1 -1 1031.10 185.86 1161.31 226.82 -1 -1 -1 -1000 -1000 -1000 -10 1
22 11 Car -1 -1 -1 597.53 172.11 637.96 202.69 -1 -1 -1 -1000 -1000 -1000 -10 1
22 3 Car -1 -1 -1 962.30 184.42 1073.92 225.81 -1 -1 -1 -1000 -1000 -1000 -10 1
22 2 Car -1 -1 -1 1092.15 183.55 1229.49 231.58 -1 -1 -1 -1000 -1000 -1000 -10 1
22 1 Car -1 -1 -1 1030.82 185.87 1161.07 226.85 -1 -1 -1 -1000 -1000 -1000 -10 1
23 11 Car -1 -1 -1 597.87 172.03 638.14 202.64 -1 -1 -1 -1000 -1000 -1000 -10 1
23 3 Car -1 -1 -1 961.76 182.61 1071.96 224.78 -1 -1 -1 -1000 -1000 -1000 -10 1
23 2 Car -1 -1 -1 1092.19 183.56 1229.58 231.65 -1 -1 -1 -1000 -1000 -1000 -10 1
23 1 Car -1 -1 -1 1030.89 185.95 1161.25 226.91 -1 -1 -1 -1000 -1000 -1000 -10 1
24 11 Car -1 -1 -1 597.50 172.04 637.90 202.74 -1 -1 -1 -1000 -1000 -1000 -10 1
24 3 Car -1 -1 -1 962.48 183.64 1073.14 225.66 -1 -1 -1 -1000 -1000 -1000 -10 1
24 2 Car -1 -1 -1 1092.17 183.54 1229.55 231.59 -1 -1 -1 -1000 -1000 -1000 -10 1
24 1 Car -1 -1 -1 1030.93 185.89 1161.30 226.82 -1 -1 -1 -1000 -1000 -1000 -10 1
25 11 Car -1 -1 -1 598.06 171.89 638.44 202.62 -1 -1 -1 -1000 -1000 -1000 -10 1
25 3 Car -1 -1 -1 962.43 184.05 1073.70 226.05 -1 -1 -1 -1000 -1000 -1000 -10 1
25 2 Car -1 -1 -1 1092.02 183.55 1229.52 231.58 -1 -1 -1 -1000 -1000 -1000 -10 1
25 1 Car -1 -1 -1 1030.95 185.88 1161.37 226.85 -1 -1 -1 -1000 -1000 -1000 -10 1
26 11 Car -1 -1 -1 597.91 171.76 638.23 202.46 -1 -1 -1 -1000 -1000 -1000 -10 1
26 3 Car -1 -1 -1 962.23 184.14 1073.82 226.06 -1 -1 -1 -1000 -1000 -1000 -10 1
26 2 Car -1 -1 -1 1092.08 183.54 1229.61 231.56 -1 -1 -1 -1000 -1000 -1000 -10 1
26 1 Car -1 -1 -1 1030.84 185.84 1161.24 226.87 -1 -1 -1 -1000 -1000 -1000 -10 1
27 11 Car -1 -1 -1 599.35 171.64 638.92 201.82 -1 -1 -1 -1000 -1000 -1000 -10 1
27 3 Car -1 -1 -1 961.34 182.39 1071.40 224.90 -1 -1 -1 -1000 -1000 -1000 -10 1
27 2 Car -1 -1 -1 1092.15 183.58 1229.49 231.53 -1 -1 -1 -1000 -1000 -1000 -10 1
27 1 Car -1 -1 -1 1030.94 185.80 1161.43 226.89 -1 -1 -1 -1000 -1000 -1000 -10 1
28 11 Car -1 -1 -1 599.04 171.71 638.60 201.98 -1 -1 -1 -1000 -1000 -1000 -10 1
28 3 Car -1 -1 -1 961.87 183.41 1072.92 225.81 -1 -1 -1 -1000 -1000 -1000 -10 1
28 2 Car -1 -1 -1 1091.98 183.53 1229.47 231.52 -1 -1 -1 -1000 -1000 -1000 -10 1
28 1 Car -1 -1 -1 1030.82 185.86 1161.37 226.94 -1 -1 -1 -1000 -1000 -1000 -10 1
29 11 Car -1 -1 -1 599.50 171.37 638.50 201.27 -1 -1 -1 -1000 -1000 -1000 -10 1
29 3 Car -1 -1 -1 961.90 183.79 1073.46 226.07 -1 -1 -1 -1000 -1000 -1000 -10 1
29 2 Car -1 -1 -1 1092.04 183.51 1229.70 231.51 -1 -1 -1 -1000 -1000 -1000 -10 1
29 1 Car -1 -1 -1 1030.83 185.91 1161.65 226.88 -1 -1 -1 -1000 -1000 -1000 -10 1
30 11 Car -1 -1 -1 600.30 171.50 638.79 201.19 -1 -1 -1 -1000 -1000 -1000 -10 1
30 3 Car -1 -1 -1 961.78 183.96 1073.91 226.12 -1 -1 -1 -1000 -1000 -1000 -10 1
30 2 Car -1 -1 -1 1091.77 183.57 1229.63 231.53 -1 -1 -1 -1000 -1000 -1000 -10 1
30 1 Car -1 -1 -1 1030.75 185.94 1161.52 226.97 -1 -1 -1 -1000 -1000 -1000 -10 1
31 11 Car -1 -1 -1 600.82 171.79 638.98 201.31 -1 -1 -1 -1000 -1000 -1000 -10 1
31 3 Car -1 -1 -1 961.73 184.08 1074.24 226.19 -1 -1 -1 -1000 -1000 -1000 -10 1
31 2 Car -1 -1 -1 1090.46 184.91 1229.52 233.69 -1 -1 -1 -1000 -1000 -1000 -10 1
31 1 Car -1 -1 -1 1030.66 186.09 1161.08 227.20 -1 -1 -1 -1000 -1000 -1000 -10 1
32 11 Car -1 -1 -1 601.16 171.92 639.04 201.30 -1 -1 -1 -1000 -1000 -1000 -10 1
32 3 Car -1 -1 -1 961.64 184.15 1074.26 226.30 -1 -1 -1 -1000 -1000 -1000 -10 1
32 2 Car -1 -1 -1 1090.14 192.03 1237.62 251.90 -1 -1 -1 -1000 -1000 -1000 -10 1
32 1 Car -1 -1 -1 1032.47 185.94 1163.42 227.89 -1 -1 -1 -1000 -1000 -1000 -10 1
33 11 Car -1 -1 -1 601.54 172.02 639.11 201.25 -1 -1 -1 -1000 -1000 -1000 -10 1
33 3 Car -1 -1 -1 961.71 184.44 1075.23 226.57 -1 -1 -1 -1000 -1000 -1000 -10 1
33 1 Car -1 -1 -1 1029.83 185.27 1159.38 228.95 -1 -1 -1 -1000 -1000 -1000 -10 1
34 11 Car -1 -1 -1 601.24 172.01 638.55 201.11 -1 -1 -1 -1000 -1000 -1000 -10 1
34 3 Car -1 -1 -1 960.81 182.75 1073.76 226.23 -1 -1 -1 -1000 -1000 -1000 -10 1
34 1 Car -1 -1 -1 1027.14 186.98 1156.22 233.36 -1 -1 -1 -1000 -1000 -1000 -10 1
35 11 Car -1 -1 -1 601.22 172.17 638.36 201.18 -1 -1 -1 -1000 -1000 -1000 -10 1
35 3 Car -1 -1 -1 964.99 181.38 1075.63 227.09 -1 -1 -1 -1000 -1000 -1000 -10 1
36 11 Car -1 -1 -1 601.20 172.09 638.42 201.17 -1 -1 -1 -1000 -1000 -1000 -10 1
36 3 Car -1 -1 -1 961.72 190.13 1083.00 251.79 -1 -1 -1 -1000 -1000 -1000 -10 1
36 2 Car -1 -1 -1 1091.15 182.49 1227.61 234.52 -1 -1 -1 -1000 -1000 -1000 -10 1
37 11 Car -1 -1 -1 601.21 171.92 638.60 200.99 -1 -1 -1 -1000 -1000 -1000 -10 1
37 2 Car -1 -1 -1 1089.62 182.44 1227.76 233.49 -1 -1 -1 -1000 -1000 -1000 -10 1
38 11 Car -1 -1 -1 601.08 172.02 638.44 201.03 -1 -1 -1 -1000 -1000 -1000 -10 1
38 2 Car -1 -1 -1 1090.47 182.76 1228.55 233.14 -1 -1 -1 -1000 -1000 -1000 -10 1
38 1 Car -1 -1 -1 1030.81 185.14 1162.03 228.64 -1 -1 -1 -1000 -1000 -1000 -10 1
39 11 Car -1 -1 -1 600.98 171.58 638.25 200.62 -1 -1 -1 -1000 -1000 -1000 -10 1
39 2 Car -1 -1 -1 1090.62 182.46 1228.51 232.42 -1 -1 -1 -1000 -1000 -1000 -10 1
39 1 Car -1 -1 -1 1031.11 185.23 1161.42 228.25 -1 -1 -1 -1000 -1000 -1000 -10 1
40 11 Car -1 -1 -1 601.08 171.56 638.37 200.62 -1 -1 -1 -1000 -1000 -1000 -10 1
40 3 Car -1 -1 -1 954.85 183.09 1075.56 230.20 -1 -1 -1 -1000 -1000 -1000 -10 1
40 2 Car -1 -1 -1 1091.61 182.90 1229.03 232.38 -1 -1 -1 -1000 -1000 -1000 -10 1
40 1 Car -1 -1 -1 1031.23 185.25 1161.34 227.83 -1 -1 -1 -1000 -1000 -1000 -10 1
41 11 Car -1 -1 -1 600.66 171.46 637.84 200.55 -1 -1 -1 -1000 -1000 -1000 -10 1
41 3 Car -1 -1 -1 955.28 181.50 1073.17 228.23 -1 -1 -1 -1000 -1000 -1000 -10 1
41 2 Car -1 -1 -1 1091.84 183.04 1229.18 232.23 -1 -1 -1 -1000 -1000 -1000 -10 1
41 1 Car -1 -1 -1 1030.92 185.30 1161.37 227.68 -1 -1 -1 -1000 -1000 -1000 -10 1
42 11 Car -1 -1 -1 600.82 170.79 637.76 199.94 -1 -1 -1 -1000 -1000 -1000 -10 1
42 3 Car -1 -1 -1 953.54 183.44 1071.46 227.67 -1 -1 -1 -1000 -1000 -1000 -10 1
42 2 Car -1 -1 -1 1091.90 183.21 1229.24 232.16 -1 -1 -1 -1000 -1000 -1000 -10 1
42 1 Car -1 -1 -1 1030.75 185.42 1161.60 227.51 -1 -1 -1 -1000 -1000 -1000 -10 1
43 11 Car -1 -1 -1 599.90 170.53 636.62 199.93 -1 -1 -1 -1000 -1000 -1000 -10 1
43 3 Car -1 -1 -1 957.57 183.48 1074.66 227.15 -1 -1 -1 -1000 -1000 -1000 -10 1
43 2 Car -1 -1 -1 1091.81 183.22 1229.19 231.88 -1 -1 -1 -1000 -1000 -1000 -10 1
43 1 Car -1 -1 -1 1030.59 185.34 1161.56 227.29 -1 -1 -1 -1000 -1000 -1000 -10 1
44 11 Car -1 -1 -1 600.74 170.60 637.20 200.00 -1 -1 -1 -1000 -1000 -1000 -10 1
44 3 Car -1 -1 -1 958.51 181.64 1072.85 225.75 -1 -1 -1 -1000 -1000 -1000 -10 1
44 2 Car -1 -1 -1 1091.82 183.29 1229.33 231.77 -1 -1 -1 -1000 -1000 -1000 -10 1
44 1 Car -1 -1 -1 1030.42 185.44 1161.35 227.18 -1 -1 -1 -1000 -1000 -1000 -10 1
45 11 Car -1 -1 -1 601.36 170.83 637.46 200.23 -1 -1 -1 -1000 -1000 -1000 -10 1
45 3 Car -1 -1 -1 960.18 182.84 1074.18 226.40 -1 -1 -1 -1000 -1000 -1000 -10 1
45 2 Car -1 -1 -1 1091.71 183.36 1229.35 231.66 -1 -1 -1 -1000 -1000 -1000 -10 1
45 1 Car -1 -1 -1 1030.39 185.68 1161.15 227.22 -1 -1 -1 -1000 -1000 -1000 -10 1
46 11 Car -1 -1 -1 600.88 170.89 636.80 200.23 -1 -1 -1 -1000 -1000 -1000 -10 1
46 3 Car -1 -1 -1 960.94 183.45 1074.48 226.68 -1 -1 -1 -1000 -1000 -1000 -10 1
46 2 Car -1 -1 -1 1091.86 183.40 1229.60 231.81 -1 -1 -1 -1000 -1000 -1000 -10 1
46 1 Car -1 -1 -1 1030.53 185.69 1161.44 227.18 -1 -1 -1 -1000 -1000 -1000 -10 1
47 11 Car -1 -1 -1 601.18 171.07 637.35 200.20 -1 -1 -1 -1000 -1000 -1000 -10 1
47 3 Car -1 -1 -1 961.26 183.67 1074.34 226.64 -1 -1 -1 -1000 -1000 -1000 -10 1
47 2 Car -1 -1 -1 1092.27 183.27 1231.17 231.15 -1 -1 -1 -1000 -1000 -1000 -10 1
47 1 Car -1 -1 -1 1031.16 185.92 1162.08 227.30 -1 -1 -1 -1000 -1000 -1000 -10 1
48 11 Car -1 -1 -1 600.75 171.13 637.51 200.52 -1 -1 -1 -1000 -1000 -1000 -10 1
48 3 Car -1 -1 -1 957.78 185.04 1069.95 228.14 -1 -1 -1 -1000 -1000 -1000 -10 1
48 2 Car -1 -1 -1 1096.98 183.03 1230.84 231.17 -1 -1 -1 -1000 -1000 -1000 -10 1
48 1 Car -1 -1 -1 1027.47 186.49 1157.32 229.35 -1 -1 -1 -1000 -1000 -1000 -10 1
49 11 Car -1 -1 -1 600.25 171.68 637.82 201.55 -1 -1 -1 -1000 -1000 -1000 -10 1
49 2 Car -1 -1 -1 1093.95 183.68 1229.04 232.06 -1 -1 -1 -1000 -1000 -1000 -10 1
49 1 Car -1 -1 -1 1029.66 185.65 1160.27 228.40 -1 -1 -1 -1000 -1000 -1000 -10 1
50 11 Car -1 -1 -1 601.61 170.19 639.19 200.42 -1 -1 -1 -1000 -1000 -1000 -10 1
50 2 Car -1 -1 -1 1093.08 183.14 1226.64 231.26 -1 -1 -1 -1000 -1000 -1000 -10 1
50 1 Car -1 -1 -1 1030.14 185.67 1160.90 227.98 -1 -1 -1 -1000 -1000 -1000 -10 1
51 2 Car -1 -1 -1 1091.06 193.33 1233.02 250.72 -1 -1 -1 -1000 -1000 -1000 -10 1
51 1 Car -1 -1 -1 1026.23 186.49 1161.08 231.17 -1 -1 -1 -1000 -1000 -1000 -10 1
52 3 Car -1 -1 -1 962.69 180.34 1071.80 222.97 -1 -1 -1 -1000 -1000 -1000 -10 1
52 2 Car -1 -1 -1 1088.45 187.00 1228.84 241.59 -1 -1 -1 -1000 -1000 -1000 -10 1
52 1 Car -1 -1 -1 1026.71 188.81 1161.93 236.40 -1 -1 -1 -1000 -1000 -1000 -10 1
53 3 Car -1 -1 -1 964.09 182.38 1076.28 225.61 -1 -1 -1 -1000 -1000 -1000 -10 1
53 2 Car -1 -1 -1 1088.51 183.87 1228.84 236.89 -1 -1 -1 -1000 -1000 -1000 -10 1
53 1 Car -1 -1 -1 1027.52 185.71 1162.23 231.99 -1 -1 -1 -1000 -1000 -1000 -10 1
54 3 Car -1 -1 -1 958.25 184.23 1071.44 226.47 -1 -1 -1 -1000 -1000 -1000 -10 1
54 2 Car -1 -1 -1 1089.92 182.89 1229.63 234.61 -1 -1 -1 -1000 -1000 -1000 -10 1
54 1 Car -1 -1 -1 1028.70 184.93 1162.69 229.87 -1 -1 -1 -1000 -1000 -1000 -10 1
55 15 Car -1 -1 -1 569.98 159.54 625.74 259.42 -1 -1 -1 -1000 -1000 -1000 -10 1
55 3 Car -1 -1 -1 959.02 182.18 1070.58 225.21 -1 -1 -1 -1000 -1000 -1000 -10 1
55 2 Car -1 -1 -1 1090.76 182.62 1229.86 233.41 -1 -1 -1 -1000 -1000 -1000 -10 1
55 1 Car -1 -1 -1 1028.97 184.73 1162.28 228.77 -1 -1 -1 -1000 -1000 -1000 -10 1
56 15 Car -1 -1 -1 557.87 163.24 614.74 267.66 -1 -1 -1 -1000 -1000 -1000 -10 1
56 3 Car -1 -1 -1 961.06 183.12 1072.86 225.98 -1 -1 -1 -1000 -1000 -1000 -10 1
56 2 Car -1 -1 -1 1090.98 182.71 1229.75 232.79 -1 -1 -1 -1000 -1000 -1000 -10 1
56 1 Car -1 -1 -1 1029.30 184.79 1162.28 228.10 -1 -1 -1 -1000 -1000 -1000 -10 1
57 3 Car -1 -1 -1 962.40 183.61 1073.68 226.24 -1 -1 -1 -1000 -1000 -1000 -10 1
57 2 Car -1 -1 -1 1091.63 182.88 1229.99 232.38 -1 -1 -1 -1000 -1000 -1000 -10 1
57 1 Car -1 -1 -1 1029.23 184.93 1161.98 227.70 -1 -1 -1 -1000 -1000 -1000 -10 1
58 3 Car -1 -1 -1 963.01 183.92 1073.93 226.42 -1 -1 -1 -1000 -1000 -1000 -10 1
58 2 Car -1 -1 -1 1091.94 183.01 1227.80 232.16 -1 -1 -1 -1000 -1000 -1000 -10 1
58 1 Car -1 -1 -1 1029.50 185.06 1162.05 227.44 -1 -1 -1 -1000 -1000 -1000 -10 1
59 3 Car -1 -1 -1 963.05 183.99 1074.23 226.44 -1 -1 -1 -1000 -1000 -1000 -10 1
59 2 Car -1 -1 -1 1092.20 183.15 1228.41 232.04 -1 -1 -1 -1000 -1000 -1000 -10 1
59 1 Car -1 -1 -1 1029.44 185.26 1161.78 227.40 -1 -1 -1 -1000 -1000 -1000 -10 1
60 3 Car -1 -1 -1 962.85 184.07 1074.28 226.53 -1 -1 -1 -1000 -1000 -1000 -10 1
60 2 Car -1 -1 -1 1092.16 183.25 1228.67 231.89 -1 -1 -1 -1000 -1000 -1000 -10 1
60 1 Car -1 -1 -1 1029.73 185.41 1161.74 227.31 -1 -1 -1 -1000 -1000 -1000 -10 1
61 17 Car -1 -1 -1 599.97 173.17 637.44 202.97 -1 -1 -1 -1000 -1000 -1000 -10 1
61 3 Car -1 -1 -1 961.78 181.95 1071.94 225.25 -1 -1 -1 -1000 -1000 -1000 -10 1
61 2 Car -1 -1 -1 1091.49 183.36 1228.68 231.83 -1 -1 -1 -1000 -1000 -1000 -10 1
61 1 Car -1 -1 -1 1029.88 185.53 1161.73 227.27 -1 -1 -1 -1000 -1000 -1000 -10 1
62 17 Car -1 -1 -1 601.21 172.00 638.35 201.95 -1 -1 -1 -1000 -1000 -1000 -10 1
62 3 Car -1 -1 -1 962.70 183.20 1073.16 226.24 -1 -1 -1 -1000 -1000 -1000 -10 1
62 2 Car -1 -1 -1 1091.78 183.45 1229.03 231.78 -1 -1 -1 -1000 -1000 -1000 -10 1
62 1 Car -1 -1 -1 1030.04 185.58 1161.71 227.13 -1 -1 -1 -1000 -1000 -1000 -10 1
63 17 Car -1 -1 -1 601.47 170.91 638.63 201.29 -1 -1 -1 -1000 -1000 -1000 -10 1
63 3 Car -1 -1 -1 962.36 181.66 1070.83 225.26 -1 -1 -1 -1000 -1000 -1000 -10 1
63 2 Car -1 -1 -1 1091.76 183.49 1229.08 231.74 -1 -1 -1 -1000 -1000 -1000 -10 1
63 1 Car -1 -1 -1 1030.12 185.71 1161.83 227.16 -1 -1 -1 -1000 -1000 -1000 -10 1
64 17 Car -1 -1 -1 602.14 170.93 639.24 201.33 -1 -1 -1 -1000 -1000 -1000 -10 1
64 3 Car -1 -1 -1 963.52 182.90 1072.52 226.20 -1 -1 -1 -1000 -1000 -1000 -10 1
64 2 Car -1 -1 -1 1091.78 183.56 1229.27 231.81 -1 -1 -1 -1000 -1000 -1000 -10 1
64 1 Car -1 -1 -1 1029.82 185.70 1161.32 227.16 -1 -1 -1 -1000 -1000 -1000 -10 1
65 17 Car -1 -1 -1 601.83 171.51 638.38 201.54 -1 -1 -1 -1000 -1000 -1000 -10 1
65 3 Car -1 -1 -1 964.03 183.51 1073.17 226.56 -1 -1 -1 -1000 -1000 -1000 -10 1
65 2 Car -1 -1 -1 1091.73 183.55 1229.23 231.75 -1 -1 -1 -1000 -1000 -1000 -10 1
65 1 Car -1 -1 -1 1029.97 185.57 1161.60 227.07 -1 -1 -1 -1000 -1000 -1000 -10 1
66 17 Car -1 -1 -1 602.15 171.86 638.21 201.82 -1 -1 -1 -1000 -1000 -1000 -10 1
66 3 Car -1 -1 -1 963.93 183.81 1073.71 226.69 -1 -1 -1 -1000 -1000 -1000 -10 1
66 2 Car -1 -1 -1 1091.64 183.58 1229.27 231.77 -1 -1 -1 -1000 -1000 -1000 -10 1
66 1 Car -1 -1 -1 1029.97 185.54 1161.66 227.13 -1 -1 -1 -1000 -1000 -1000 -10 1
67 17 Car -1 -1 -1 602.17 171.69 637.99 201.69 -1 -1 -1 -1000 -1000 -1000 -10 1
67 3 Car -1 -1 -1 963.75 183.96 1074.08 226.76 -1 -1 -1 -1000 -1000 -1000 -10 1
67 2 Car -1 -1 -1 1092.06 183.47 1227.32 231.63 -1 -1 -1 -1000 -1000 -1000 -10 1
67 1 Car -1 -1 -1 1029.87 185.58 1161.63 227.19 -1 -1 -1 -1000 -1000 -1000 -10 1
68 17 Car -1 -1 -1 602.73 171.47 638.11 201.42 -1 -1 -1 -1000 -1000 -1000 -10 1
68 3 Car -1 -1 -1 963.41 183.99 1074.21 226.62 -1 -1 -1 -1000 -1000 -1000 -10 1
68 2 Car -1 -1 -1 1092.21 183.59 1228.19 231.69 -1 -1 -1 -1000 -1000 -1000 -10 1
68 1 Car -1 -1 -1 1029.74 185.59 1161.53 227.18 -1 -1 -1 -1000 -1000 -1000 -10 1
69 17 Car -1 -1 -1 603.18 171.74 638.15 201.66 -1 -1 -1 -1000 -1000 -1000 -10 1
69 3 Car -1 -1 -1 961.93 182.05 1071.65 225.35 -1 -1 -1 -1000 -1000 -1000 -10 1
69 2 Car -1 -1 -1 1092.35 183.62 1228.67 231.71 -1 -1 -1 -1000 -1000 -1000 -10 1
69 1 Car -1 -1 -1 1029.61 185.64 1161.48 227.18 -1 -1 -1 -1000 -1000 -1000 -10 1
70 17 Car -1 -1 -1 603.83 171.74 638.37 201.51 -1 -1 -1 -1000 -1000 -1000 -10 1
70 3 Car -1 -1 -1 962.55 183.17 1073.15 226.24 -1 -1 -1 -1000 -1000 -1000 -10 1
70 2 Car -1 -1 -1 1092.33 183.64 1228.93 231.73 -1 -1 -1 -1000 -1000 -1000 -10 1
70 1 Car -1 -1 -1 1029.84 185.67 1161.74 227.14 -1 -1 -1 -1000 -1000 -1000 -10 1
71 17 Car -1 -1 -1 603.81 171.94 638.32 201.66 -1 -1 -1 -1000 -1000 -1000 -10 1
71 3 Car -1 -1 -1 961.86 181.66 1071.08 225.22 -1 -1 -1 -1000 -1000 -1000 -10 1
71 2 Car -1 -1 -1 1092.40 183.54 1226.80 231.62 -1 -1 -1 -1000 -1000 -1000 -10 1
71 1 Car -1 -1 -1 1030.01 185.59 1162.00 227.08 -1 -1 -1 -1000 -1000 -1000 -10 1
72 17 Car -1 -1 -1 603.64 171.83 638.16 201.69 -1 -1 -1 -1000 -1000 -1000 -10 1
72 3 Car -1 -1 -1 961.55 181.01 1070.13 224.90 -1 -1 -1 -1000 -1000 -1000 -10 1
72 2 Car -1 -1 -1 1092.35 183.64 1227.69 231.76 -1 -1 -1 -1000 -1000 -1000 -10 1
72 1 Car -1 -1 -1 1030.17 185.63 1162.02 227.11 -1 -1 -1 -1000 -1000 -1000 -10 1
73 17 Car -1 -1 -1 603.93 171.79 638.43 201.75 -1 -1 -1 -1000 -1000 -1000 -10 1
73 3 Car -1 -1 -1 961.31 180.79 1069.53 224.87 -1 -1 -1 -1000 -1000 -1000 -10 1
73 2 Car -1 -1 -1 1092.43 183.58 1228.40 231.64 -1 -1 -1 -1000 -1000 -1000 -10 1
73 1 Car -1 -1 -1 1030.09 185.59 1161.82 227.10 -1 -1 -1 -1000 -1000 -1000 -10 1
74 17 Car -1 -1 -1 603.66 171.66 638.29 201.77 -1 -1 -1 -1000 -1000 -1000 -10 1
74 3 Car -1 -1 -1 961.20 180.67 1069.32 224.95 -1 -1 -1 -1000 -1000 -1000 -10 1
74 2 Car -1 -1 -1 1092.16 183.62 1228.78 231.77 -1 -1 -1 -1000 -1000 -1000 -10 1
74 1 Car -1 -1 -1 1030.21 185.63 1161.86 227.17 -1 -1 -1 -1000 -1000 -1000 -10 1
75 17 Car -1 -1 -1 603.45 171.52 638.15 201.74 -1 -1 -1 -1000 -1000 -1000 -10 1
75 3 Car -1 -1 -1 961.06 180.49 1069.25 225.07 -1 -1 -1 -1000 -1000 -1000 -10 1
75 2 Car -1 -1 -1 1092.13 183.63 1229.11 231.78 -1 -1 -1 -1000 -1000 -1000 -10 1
75 1 Car -1 -1 -1 1030.24 185.66 1161.91 227.19 -1 -1 -1 -1000 -1000 -1000 -10 1
76 17 Car -1 -1 -1 602.84 171.48 637.52 201.75 -1 -1 -1 -1000 -1000 -1000 -10 1
76 3 Car -1 -1 -1 961.51 180.35 1069.28 225.04 -1 -1 -1 -1000 -1000 -1000 -10 1
76 2 Car -1 -1 -1 1091.90 183.68 1229.17 231.87 -1 -1 -1 -1000 -1000 -1000 -10 1
76 1 Car -1 -1 -1 1030.18 185.61 1161.92 227.15 -1 -1 -1 -1000 -1000 -1000 -10 1
77 17 Car -1 -1 -1 602.30 171.43 636.96 201.84 -1 -1 -1 -1000 -1000 -1000 -10 1
77 3 Car -1 -1 -1 961.52 180.36 1069.16 225.16 -1 -1 -1 -1000 -1000 -1000 -10 1
77 2 Car -1 -1 -1 1091.75 183.66 1229.20 231.80 -1 -1 -1 -1000 -1000 -1000 -10 1
77 1 Car -1 -1 -1 1030.25 185.69 1161.98 227.12 -1 -1 -1 -1000 -1000 -1000 -10 1
78 17 Car -1 -1 -1 602.13 171.45 636.85 201.99 -1 -1 -1 -1000 -1000 -1000 -10 1
78 3 Car -1 -1 -1 961.24 180.44 1069.28 225.43 -1 -1 -1 -1000 -1000 -1000 -10 1
78 2 Car -1 -1 -1 1091.55 183.67 1229.16 231.80 -1 -1 -1 -1000 -1000 -1000 -10 1
78 1 Car -1 -1 -1 1030.18 185.72 1161.82 227.16 -1 -1 -1 -1000 -1000 -1000 -10 1
79 17 Car -1 -1 -1 601.99 171.51 636.79 202.16 -1 -1 -1 -1000 -1000 -1000 -10 1
79 3 Car -1 -1 -1 961.19 180.33 1069.24 225.41 -1 -1 -1 -1000 -1000 -1000 -10 1
79 2 Car -1 -1 -1 1091.89 183.53 1227.04 231.67 -1 -1 -1 -1000 -1000 -1000 -10 1
79 1 Car -1 -1 -1 1030.12 185.66 1161.86 227.15 -1 -1 -1 -1000 -1000 -1000 -10 1
80 17 Car -1 -1 -1 601.99 171.46 636.86 202.14 -1 -1 -1 -1000 -1000 -1000 -10 1
80 3 Car -1 -1 -1 961.48 180.34 1069.26 225.41 -1 -1 -1 -1000 -1000 -1000 -10 1
80 2 Car -1 -1 -1 1092.31 183.45 1225.67 231.60 -1 -1 -1 -1000 -1000 -1000 -10 1
80 1 Car -1 -1 -1 1030.06 185.67 1161.78 227.16 -1 -1 -1 -1000 -1000 -1000 -10 1
81 17 Car -1 -1 -1 601.94 171.47 636.83 202.20 -1 -1 -1 -1000 -1000 -1000 -10 1
81 3 Car -1 -1 -1 961.62 180.31 1069.06 225.42 -1 -1 -1 -1000 -1000 -1000 -10 1
81 2 Car -1 -1 -1 1093.20 183.44 1225.16 231.61 -1 -1 -1 -1000 -1000 -1000 -10 1
81 1 Car -1 -1 -1 1030.19 185.76 1161.93 227.13 -1 -1 -1 -1000 -1000 -1000 -10 1
82 17 Car -1 -1 -1 601.92 171.53 636.89 202.29 -1 -1 -1 -1000 -1000 -1000 -10 1
82 3 Car -1 -1 -1 962.82 182.23 1071.91 226.56 -1 -1 -1 -1000 -1000 -1000 -10 1
82 2 Car -1 -1 -1 1092.97 183.55 1226.69 231.65 -1 -1 -1 -1000 -1000 -1000 -10 1
82 1 Car -1 -1 -1 1030.18 185.71 1161.83 227.09 -1 -1 -1 -1000 -1000 -1000 -10 1
83 17 Car -1 -1 -1 601.84 171.58 636.97 202.35 -1 -1 -1 -1000 -1000 -1000 -10 1
83 3 Car -1 -1 -1 962.93 183.08 1073.28 227.02 -1 -1 -1 -1000 -1000 -1000 -10 1
83 2 Car -1 -1 -1 1092.73 183.60 1227.69 231.70 -1 -1 -1 -1000 -1000 -1000 -10 1
83 1 Car -1 -1 -1 1030.14 185.73 1161.70 227.13 -1 -1 -1 -1000 -1000 -1000 -10 1
84 17 Car -1 -1 -1 601.62 171.60 636.86 202.40 -1 -1 -1 -1000 -1000 -1000 -10 1
84 3 Car -1 -1 -1 961.88 181.48 1071.16 225.79 -1 -1 -1 -1000 -1000 -1000 -10 1
84 2 Car -1 -1 -1 1092.79 183.53 1226.06 231.64 -1 -1 -1 -1000 -1000 -1000 -10 1
84 1 Car -1 -1 -1 1030.27 185.65 1161.84 227.09 -1 -1 -1 -1000 -1000 -1000 -10 1
85 17 Car -1 -1 -1 601.30 171.62 636.65 202.39 -1 -1 -1 -1000 -1000 -1000 -10 1
85 3 Car -1 -1 -1 961.46 180.91 1070.21 225.49 -1 -1 -1 -1000 -1000 -1000 -10 1
85 2 Car -1 -1 -1 1092.91 183.62 1227.37 231.74 -1 -1 -1 -1000 -1000 -1000 -10 1
85 1 Car -1 -1 -1 1030.27 185.70 1161.79 227.17 -1 -1 -1 -1000 -1000 -1000 -10 1
