0 4 Car -1 -1 -1 1091.95 183.55 1229.71 232.20 -1 -1 -1 -1000 -1000 -1000 -10 1
0 3 Car -1 -1 -1 961.32 181.49 1068.63 228.48 -1 -1 -1 -1000 -1000 -1000 -10 1
0 2 Car -1 -1 -1 602.95 172.45 637.92 202.04 -1 -1 -1 -1000 -1000 -1000 -10 1
0 1 Car -1 -1 -1 1031.63 186.56 1158.43 227.27 -1 -1 -1 -1000 -1000 -1000 -10 1
1 4 Car -1 -1 -1 1091.61 183.59 1229.74 232.23 -1 -1 -1 -1000 -1000 -1000 -10 1
1 3 Car -1 -1 -1 962.14 180.94 1067.76 227.47 -1 -1 -1 -1000 -1000 -1000 -10 1
1 2 Car -1 -1 -1 602.59 172.03 637.71 201.66 -1 -1 -1 -1000 -1000 -1000 -10 1
1 1 Car -1 -1 -1 1031.61 186.32 1159.22 227.28 -1 -1 -1 -1000 -1000 -1000 -10 1
2 4 Car -1 -1 -1 1091.94 183.70 1229.89 232.34 -1 -1 -1 -1000 -1000 -1000 -10 1
2 3 Car -1 -1 -1 962.11 181.05 1067.96 227.85 -1 -1 -1 -1000 -1000 -1000 -10 1
2 2 Car -1 -1 -1 602.11 172.23 637.18 201.84 -1 -1 -1 -1000 -1000 -1000 -10 1
2 1 Car -1 -1 -1 1031.57 186.48 1158.93 227.25 -1 -1 -1 -1000 -1000 -1000 -10 1
3 4 Car -1 -1 -1 1091.96 183.59 1229.70 232.13 -1 -1 -1 -1000 -1000 -1000 -10 1
3 3 Car -1 -1 -1 961.24 180.85 1068.73 228.26 -1 -1 -1 -1000 -1000 -1000 -10 1
3 2 Car -1 -1 -1 602.21 172.39 637.16 201.98 -1 -1 -1 -1000 -1000 -1000 -10 1
3 1 Car -1 -1 -1 1031.78 186.49 1158.93 227.15 -1 -1 -1 -1000 -1000 -1000 -10 1
4 4 Car -1 -1 -1 1091.59 183.55 1229.56 232.10 -1 -1 -1 -1000 -1000 -1000 -10 1
4 3 Car -1 -1 -1 961.71 180.91 1068.76 228.38 -1 -1 -1 -1000 -1000 -1000 -10 1
4 2 Car -1 -1 -1 602.06 172.54 636.85 201.81 -1 -1 -1 -1000 -1000 -1000 -10 1
4 1 Car -1 -1 -1 1031.66 186.46 1158.87 227.06 -1 -1 -1 -1000 -1000 -1000 -10 1
5 4 Car -1 -1 -1 1091.71 183.61 1229.79 232.26 -1 -1 -1 -1000 -1000 -1000 -10 1
5 3 Car -1 -1 -1 962.61 180.70 1068.09 227.85 -1 -1 -1 -1000 -1000 -1000 -10 1
5 2 Car -1 -1 -1 602.02 172.02 637.26 201.50 -1 -1 -1 -1000 -1000 -1000 -10 1
5 1 Car -1 -1 -1 1031.55 186.51 1158.84 227.11 -1 -1 -1 -1000 -1000 -1000 -10 1
6 4 Car -1 -1 -1 1091.71 183.57 1229.92 232.17 -1 -1 -1 -1000 -1000 -1000 -10 1
6 3 Car -1 -1 -1 963.90 180.70 1067.08 227.22 -1 -1 -1 -1000 -1000 -1000 -10 1
6 2 Car -1 -1 -1 601.85 172.08 637.70 202.01 -1 -1 -1 -1000 -1000 -1000 -10 1
6 1 Car -1 -1 -1 1031.50 186.59 1158.48 227.08 -1 -1 -1 -1000 -1000 -1000 -10 1
7 4 Car -1 -1 -1 1091.78 183.55 1229.88 232.12 -1 -1 -1 -1000 -1000 -1000 -10 1
7 3 Car -1 -1 -1 963.90 180.64 1067.45 227.44 -1 -1 -1 -1000 -1000 -1000 -10 1
7 2 Car -1 -1 -1 601.62 172.20 637.84 202.36 -1 -1 -1 -1000 -1000 -1000 -10 1
7 1 Car -1 -1 -1 1031.52 186.55 1158.92 227.18 -1 -1 -1 -1000 -1000 -1000 -10 1
8 4 Car -1 -1 -1 1092.01 183.63 1229.80 232.19 -1 -1 -1 -1000 -1000 -1000 -10 1
8 3 Car -1 -1 -1 962.31 180.72 1067.61 227.69 -1 -1 -1 -1000 -1000 -1000 -10 1
8 2 Car -1 -1 -1 601.82 173.18 638.12 203.53 -1 -1 -1 -1000 -1000 -1000 -10 1
8 1 Car -1 -1 -1 1031.49 186.52 1159.08 227.16 -1 -1 -1 -1000 -1000 -1000 -10 1
9 4 Car -1 -1 -1 1092.40 183.67 1230.08 232.30 -1 -1 -1 -1000 -1000 -1000 -10 1
9 3 Car -1 -1 -1 961.56 180.62 1067.81 227.58 -1 -1 -1 -1000 -1000 -1000 -10 1
9 2 Car -1 -1 -1 601.74 172.88 638.06 203.27 -1 -1 -1 -1000 -1000 -1000 -10 1
9 1 Car -1 -1 -1 1031.27 186.52 1159.00 227.25 -1 -1 -1 -1000 -1000 -1000 -10 1
10 4 Car -1 -1 -1 1092.16 183.67 1229.96 232.36 -1 -1 -1 -1000 -1000 -1000 -10 1
10 3 Car -1 -1 -1 958.76 183.56 1066.73 228.55 -1 -1 -1 -1000 -1000 -1000 -10 1
10 2 Car -1 -1 -1 601.26 173.26 637.74 203.74 -1 -1 -1 -1000 -1000 -1000 -10 1
10 1 Car -1 -1 -1 1031.26 186.46 1159.43 227.36 -1 -1 -1 -1000 -1000 -1000 -10 1
11 4 Car -1 -1 -1 1092.19 183.69 1229.94 232.44 -1 -1 -1 -1000 -1000 -1000 -10 1
11 3 Car -1 -1 -1 957.52 184.94 1066.52 228.64 -1 -1 -1 -1000 -1000 -1000 -10 1
11 2 Car -1 -1 -1 601.16 174.46 637.91 205.06 -1 -1 -1 -1000 -1000 -1000 -10 1
11 1 Car -1 -1 -1 1031.12 186.40 1159.51 227.34 -1 -1 -1 -1000 -1000 -1000 -10 1
12 4 Car -1 -1 -1 1092.26 183.73 1229.80 232.44 -1 -1 -1 -1000 -1000 -1000 -10 1
12 3 Car -1 -1 -1 959.22 182.74 1068.51 227.65 -1 -1 -1 -1000 -1000 -1000 -10 1
12 2 Car -1 -1 -1 597.83 173.06 635.59 204.54 -1 -1 -1 -1000 -1000 -1000 -10 1
12 1 Car -1 -1 -1 1031.13 186.38 1159.44 227.28 -1 -1 -1 -1000 -1000 -1000 -10 1
13 4 Car -1 -1 -1 1092.28 183.72 1229.56 232.44 -1 -1 -1 -1000 -1000 -1000 -10 1
13 3 Car -1 -1 -1 957.58 184.78 1067.40 228.20 -1 -1 -1 -1000 -1000 -1000 -10 1
13 2 Car -1 -1 -1 597.57 172.01 636.66 202.57 -1 -1 -1 -1000 -1000 -1000 -10 1
13 1 Car -1 -1 -1 1031.08 186.36 1159.34 227.32 -1 -1 -1 -1000 -1000 -1000 -10 1
14 4 Car -1 -1 -1 1092.36 183.68 1229.58 232.35 -1 -1 -1 -1000 -1000 -1000 -10 1
14 3 Car -1 -1 -1 959.87 182.53 1068.77 226.92 -1 -1 -1 -1000 -1000 -1000 -10 1
14 2 Car -1 -1 -1 599.59 172.87 638.49 203.47 -1 -1 -1 -1000 -1000 -1000 -10 1
14 1 Car -1 -1 -1 1031.11 186.32 1159.45 227.29 -1 -1 -1 -1000 -1000 -1000 -10 1
15 7 Car -1 -1 -1 576.83 169.48 627.24 262.82 -1 -1 -1 -1000 -1000 -1000 -10 1
15 4 Car -1 -1 -1 1092.42 183.62 1229.69 232.30 -1 -1 -1 -1000 -1000 -1000 -10 1
15 3 Car -1 -1 -1 960.99 181.68 1068.72 226.82 -1 -1 -1 -1000 -1000 -1000 -10 1
15 2 Car -1 -1 -1 599.17 171.73 639.38 202.02 -1 -1 -1 -1000 -1000 -1000 -10 1
15 1 Car -1 -1 -1 1031.15 186.34 1159.25 227.36 -1 -1 -1 -1000 -1000 -1000 -10 1
16 7 Car -1 -1 -1 592.63 165.73 642.09 261.55 -1 -1 -1 -1000 -1000 -1000 -10 1
16 4 Car -1 -1 -1 1092.45 183.56 1229.57 232.22 -1 -1 -1 -1000 -1000 -1000 -10 1
16 3 Car -1 -1 -1 961.99 181.19 1068.53 226.93 -1 -1 -1 -1000 -1000 -1000 -10 1
16 1 Car -1 -1 -1 1031.03 186.36 1159.04 227.42 -1 -1 -1 -1000 -1000 -1000 -10 1
17 7 Car -1 -1 -1 607.47 164.95 657.75 262.60 -1 -1 -1 -1000 -1000 -1000 -10 1
17 4 Car -1 -1 -1 1092.86 183.44 1227.32 232.00 -1 -1 -1 -1000 -1000 -1000 -10 1
17 3 Car -1 -1 -1 962.50 180.68 1069.12 227.05 -1 -1 -1 -1000 -1000 -1000 -10 1
17 1 Car -1 -1 -1 1031.06 186.24 1159.37 227.39 -1 -1 -1 -1000 -1000 -1000 -10 1
18 7 Car -1 -1 -1 620.76 162.32 670.30 256.66 -1 -1 -1 -1000 -1000 -1000 -10 1
18 4 Car -1 -1 -1 1092.90 183.63 1228.15 232.26 -1 -1 -1 -1000 -1000 -1000 -10 1
18 3 Car -1 -1 -1 962.33 179.99 1069.60 227.20 -1 -1 -1 -1000 -1000 -1000 -10 1
18 1 Car -1 -1 -1 1031.04 186.16 1159.71 227.47 -1 -1 -1 -1000 -1000 -1000 -10 1
19 4 Car -1 -1 -1 1092.49 183.68 1228.36 232.26 -1 -1 -1 -1000 -1000 -1000 -10 1
19 3 Car -1 -1 -1 962.70 179.80 1069.53 227.20 -1 -1 -1 -1000 -1000 -1000 -10 1
19 1 Car -1 -1 -1 1030.82 186.13 1159.69 227.44 -1 -1 -1 -1000 -1000 -1000 -10 1
20 4 Car -1 -1 -1 1092.55 183.73 1228.85 232.41 -1 -1 -1 -1000 -1000 -1000 -10 1
20 3 Car -1 -1 -1 961.99 179.85 1069.60 227.51 -1 -1 -1 -1000 -1000 -1000 -10 1
20 1 Car -1 -1 -1 1031.09 186.22 1159.88 227.50 -1 -1 -1 -1000 -1000 -1000 -10 1
21 4 Car -1 -1 -1 1092.65 183.72 1229.08 232.38 -1 -1 -1 -1000 -1000 -1000 -10 1
21 3 Car -1 -1 -1 961.63 180.16 1069.78 227.96 -1 -1 -1 -1000 -1000 -1000 -10 1
21 1 Car -1 -1 -1 1031.22 186.26 1159.81 227.51 -1 -1 -1 -1000 -1000 -1000 -10 1
22 4 Car -1 -1 -1 1092.42 183.73 1229.21 232.40 -1 -1 -1 -1000 -1000 -1000 -10 1
22 3 Car -1 -1 -1 961.51 179.79 1069.21 227.52 -1 -1 -1 -1000 -1000 -1000 -10 1
22 1 Car -1 -1 -1 1031.22 186.18 1159.62 227.42 -1 -1 -1 -1000 -1000 -1000 -10 1
23 8 Car -1 -1 -1 598.53 172.82 638.77 199.37 -1 -1 -1 -1000 -1000 -1000 -10 1
23 4 Car -1 -1 -1 1092.43 183.74 1229.23 232.42 -1 -1 -1 -1000 -1000 -1000 -10 1
23 3 Car -1 -1 -1 958.39 183.02 1067.72 228.70 -1 -1 -1 -1000 -1000 -1000 -10 1
23 1 Car -1 -1 -1 1031.18 186.20 1159.62 227.43 -1 -1 -1 -1000 -1000 -1000 -10 1
24 8 Car -1 -1 -1 598.15 172.68 638.88 199.64 -1 -1 -1 -1000 -1000 -1000 -10 1
24 4 Car -1 -1 -1 1092.38 183.63 1229.32 232.30 -1 -1 -1 -1000 -1000 -1000 -10 1
24 3 Car -1 -1 -1 960.39 181.41 1068.58 227.63 -1 -1 -1 -1000 -1000 -1000 -10 1
24 1 Car -1 -1 -1 1031.33 186.21 1159.54 227.37 -1 -1 -1 -1000 -1000 -1000 -10 1
25 8 Car -1 -1 -1 597.60 172.55 638.33 199.55 -1 -1 -1 -1000 -1000 -1000 -10 1
25 4 Car -1 -1 -1 1092.13 183.64 1229.22 232.36 -1 -1 -1 -1000 -1000 -1000 -10 1
25 3 Car -1 -1 -1 961.63 180.48 1069.32 227.20 -1 -1 -1 -1000 -1000 -1000 -10 1
25 1 Car -1 -1 -1 1031.50 186.24 1159.81 227.30 -1 -1 -1 -1000 -1000 -1000 -10 1
26 8 Car -1 -1 -1 599.61 173.04 639.77 201.05 -1 -1 -1 -1000 -1000 -1000 -10 1
26 4 Car -1 -1 -1 1092.35 183.68 1229.37 232.41 -1 -1 -1 -1000 -1000 -1000 -10 1
26 3 Car -1 -1 -1 958.59 183.37 1067.70 228.52 -1 -1 -1 -1000 -1000 -1000 -10 1
26 1 Car -1 -1 -1 1031.35 186.24 1159.66 227.37 -1 -1 -1 -1000 -1000 -1000 -10 1
27 8 Car -1 -1 -1 600.06 172.77 640.05 201.70 -1 -1 -1 -1000 -1000 -1000 -10 1
27 4 Car -1 -1 -1 1092.27 183.62 1229.34 232.38 -1 -1 -1 -1000 -1000 -1000 -10 1
27 3 Car -1 -1 -1 960.48 181.19 1068.80 227.14 -1 -1 -1 -1000 -1000 -1000 -10 1
27 1 Car -1 -1 -1 1031.38 186.12 1159.75 227.31 -1 -1 -1 -1000 -1000 -1000 -10 1
28 8 Car -1 -1 -1 600.06 172.55 639.83 202.16 -1 -1 -1 -1000 -1000 -1000 -10 1
28 4 Car -1 -1 -1 1092.30 183.65 1229.36 232.48 -1 -1 -1 -1000 -1000 -1000 -10 1
28 3 Car -1 -1 -1 957.74 183.54 1067.89 228.26 -1 -1 -1 -1000 -1000 -1000 -10 1
28 1 Car -1 -1 -1 1031.36 186.03 1159.88 227.36 -1 -1 -1 -1000 -1000 -1000 -10 1
29 8 Car -1 -1 -1 599.86 172.21 639.44 202.31 -1 -1 -1 -1000 -1000 -1000 -10 1
29 4 Car -1 -1 -1 1092.09 183.60 1229.26 232.44 -1 -1 -1 -1000 -1000 -1000 -10 1
29 3 Car -1 -1 -1 959.57 181.68 1069.29 227.24 -1 -1 -1 -1000 -1000 -1000 -10 1
29 1 Car -1 -1 -1 1031.68 186.12 1160.01 227.34 -1 -1 -1 -1000 -1000 -1000 -10 1
30 8 Car -1 -1 -1 602.19 172.72 640.75 202.23 -1 -1 -1 -1000 -1000 -1000 -10 1
30 4 Car -1 -1 -1 1092.15 183.63 1229.41 232.44 -1 -1 -1 -1000 -1000 -1000 -10 1
30 3 Car -1 -1 -1 956.65 183.95 1068.73 227.89 -1 -1 -1 -1000 -1000 -1000 -10 1
30 1 Car -1 -1 -1 1031.42 186.28 1159.66 227.38 -1 -1 -1 -1000 -1000 -1000 -10 1
31 8 Car -1 -1 -1 603.02 173.12 640.97 202.27 -1 -1 -1 -1000 -1000 -1000 -10 1
31 4 Car -1 -1 -1 1092.62 183.65 1227.16 232.42 -1 -1 -1 -1000 -1000 -1000 -10 1
31 3 Car -1 -1 -1 958.29 182.25 1069.35 227.49 -1 -1 -1 -1000 -1000 -1000 -10 1
31 1 Car -1 -1 -1 1031.32 186.13 1159.88 227.37 -1 -1 -1 -1000 -1000 -1000 -10 1
32 8 Car -1 -1 -1 601.16 172.75 639.67 202.52 -1 -1 -1 -1000 -1000 -1000 -10 1
32 4 Car -1 -1 -1 1092.91 183.79 1228.23 232.55 -1 -1 -1 -1000 -1000 -1000 -10 1
32 3 Car -1 -1 -1 960.86 180.63 1070.55 226.39 -1 -1 -1 -1000 -1000 -1000 -10 1
32 1 Car -1 -1 -1 1030.81 186.24 1159.67 227.56 -1 -1 -1 -1000 -1000 -1000 -10 1
33 8 Car -1 -1 -1 600.65 172.50 639.45 202.73 -1 -1 -1 -1000 -1000 -1000 -10 1
33 4 Car -1 -1 -1 1092.97 183.63 1228.62 232.34 -1 -1 -1 -1000 -1000 -1000 -10 1
33 3 Car -1 -1 -1 956.72 183.53 1069.45 228.58 -1 -1 -1 -1000 -1000 -1000 -10 1
33 1 Car -1 -1 -1 1030.78 186.24 1159.40 227.68 -1 -1 -1 -1000 -1000 -1000 -10 1
34 8 Car -1 -1 -1 601.40 172.59 639.95 202.72 -1 -1 -1 -1000 -1000 -1000 -10 1
34 4 Car -1 -1 -1 1092.42 183.90 1228.48 232.86 -1 -1 -1 -1000 -1000 -1000 -10 1
34 3 Car -1 -1 -1 959.92 183.00 1071.69 228.56 -1 -1 -1 -1000 -1000 -1000 -10 1
34 1 Car -1 -1 -1 1030.04 186.25 1159.44 227.88 -1 -1 -1 -1000 -1000 -1000 -10 1
35 8 Car -1 -1 -1 601.64 172.42 640.23 202.66 -1 -1 -1 -1000 -1000 -1000 -10 1
35 4 Car -1 -1 -1 1092.48 183.85 1228.42 232.94 -1 -1 -1 -1000 -1000 -1000 -10 1
35 3 Car -1 -1 -1 959.92 182.21 1071.31 228.18 -1 -1 -1 -1000 -1000 -1000 -10 1
35 1 Car -1 -1 -1 1030.15 186.23 1159.72 227.94 -1 -1 -1 -1000 -1000 -1000 -10 1
36 8 Car -1 -1 -1 599.51 171.88 638.52 201.42 -1 -1 -1 -1000 -1000 -1000 -10 1
36 4 Car -1 -1 -1 1091.82 183.56 1228.31 232.84 -1 -1 -1 -1000 -1000 -1000 -10 1
36 3 Car -1 -1 -1 960.20 184.96 1072.36 235.01 -1 -1 -1 -1000 -1000 -1000 -10 1
36 1 Car -1 -1 -1 1028.29 185.71 1159.50 228.33 -1 -1 -1 -1000 -1000 -1000 -10 1
37 8 Car -1 -1 -1 598.78 171.77 637.97 200.82 -1 -1 -1 -1000 -1000 -1000 -10 1
37 4 Car -1 -1 -1 1091.36 184.33 1226.81 233.53 -1 -1 -1 -1000 -1000 -1000 -10 1
37 3 Car -1 -1 -1 965.04 190.05 1075.08 241.27 -1 -1 -1 -1000 -1000 -1000 -10 1
37 1 Car -1 -1 -1 1030.05 186.00 1160.13 228.73 -1 -1 -1 -1000 -1000 -1000 -10 1
38 8 Car -1 -1 -1 598.46 171.79 637.91 200.44 -1 -1 -1 -1000 -1000 -1000 -10 1
38 4 Car -1 -1 -1 1087.35 185.38 1224.28 235.24 -1 -1 -1 -1000 -1000 -1000 -10 1
38 3 Car -1 -1 -1 961.63 185.02 1069.41 236.21 -1 -1 -1 -1000 -1000 -1000 -10 1
38 1 Car -1 -1 -1 1028.60 185.50 1156.06 230.26 -1 -1 -1 -1000 -1000 -1000 -10 1
39 8 Car -1 -1 -1 599.89 172.22 638.46 201.17 -1 -1 -1 -1000 -1000 -1000 -10 1
39 4 Car -1 -1 -1 1098.68 183.25 1227.99 234.54 -1 -1 -1 -1000 -1000 -1000 -10 1
39 3 Car -1 -1 -1 961.37 182.09 1067.18 232.16 -1 -1 -1 -1000 -1000 -1000 -10 1
39 1 Car -1 -1 -1 1028.21 186.07 1152.99 231.14 -1 -1 -1 -1000 -1000 -1000 -10 1
40 8 Car -1 -1 -1 600.14 172.03 638.03 201.11 -1 -1 -1 -1000 -1000 -1000 -10 1
40 3 Car -1 -1 -1 958.43 183.63 1066.89 230.33 -1 -1 -1 -1000 -1000 -1000 -10 1
40 1 Car -1 -1 -1 1029.38 185.12 1155.06 229.75 -1 -1 -1 -1000 -1000 -1000 -10 1
41 8 Car -1 -1 -1 600.75 171.86 638.23 201.19 -1 -1 -1 -1000 -1000 -1000 -10 1
41 3 Car -1 -1 -1 961.84 183.61 1073.41 228.85 -1 -1 -1 -1000 -1000 -1000 -10 1
41 1 Car -1 -1 -1 1031.07 177.56 1156.58 225.18 -1 -1 -1 -1000 -1000 -1000 -10 1
42 8 Car -1 -1 -1 600.94 172.13 637.97 201.56 -1 -1 -1 -1000 -1000 -1000 -10 1
42 3 Car -1 -1 -1 957.61 184.86 1070.28 228.91 -1 -1 -1 -1000 -1000 -1000 -10 1
42 1 Car -1 -1 -1 1027.90 174.88 1149.55 224.09 -1 -1 -1 -1000 -1000 -1000 -10 1
43 10 Car -1 -1 -1 1036.47 159.44 1153.04 365.18 -1 -1 -1 -1000 -1000 -1000 -10 1
43 8 Car -1 -1 -1 601.35 172.25 638.03 201.74 -1 -1 -1 -1000 -1000 -1000 -10 1
43 3 Car -1 -1 -1 955.92 185.57 1069.10 229.18 -1 -1 -1 -1000 -1000 -1000 -10 1
44 10 Car -1 -1 -1 1013.87 164.17 1128.86 367.06 -1 -1 -1 -1000 -1000 -1000 -10 1
44 8 Car -1 -1 -1 601.45 172.19 637.93 201.78 -1 -1 -1 -1000 -1000 -1000 -10 1
44 3 Car -1 -1 -1 956.69 184.39 1069.21 230.19 -1 -1 -1 -1000 -1000 -1000 -10 1
45 8 Car -1 -1 -1 601.56 172.20 637.78 201.81 -1 -1 -1 -1000 -1000 -1000 -10 1
45 3 Car -1 -1 -1 954.71 184.69 1065.51 230.87 -1 -1 -1 -1000 -1000 -1000 -10 1
46 8 Car -1 -1 -1 601.80 172.05 637.97 201.82 -1 -1 -1 -1000 -1000 -1000 -10 1
46 3 Car -1 -1 -1 954.93 181.29 1064.17 232.18 -1 -1 -1 -1000 -1000 -1000 -10 1
47 8 Car -1 -1 -1 602.25 172.23 638.33 201.99 -1 -1 -1 -1000 -1000 -1000 -10 1
47 3 Car -1 -1 -1 966.45 179.74 1072.97 234.15 -1 -1 -1 -1000 -1000 -1000 -10 1
48 14 Car -1 -1 -1 1029.90 185.07 1160.62 232.65 -1 -1 -1 -1000 -1000 -1000 -10 1
48 13 Car -1 -1 -1 1092.85 182.73 1221.55 232.52 -1 -1 -1 -1000 -1000 -1000 -10 1
48 8 Car -1 -1 -1 602.18 172.23 638.21 201.99 -1 -1 -1 -1000 -1000 -1000 -10 1
49 14 Car -1 -1 -1 1029.77 184.76 1159.03 229.71 -1 -1 -1 -1000 -1000 -1000 -10 1
49 13 Car -1 -1 -1 1092.33 182.78 1226.49 233.25 -1 -1 -1 -1000 -1000 -1000 -10 1
49 8 Car -1 -1 -1 602.07 172.37 638.12 202.18 -1 -1 -1 -1000 -1000 -1000 -10 1
50 14 Car -1 -1 -1 1030.93 185.16 1159.41 228.47 -1 -1 -1 -1000 -1000 -1000 -10 1
50 13 Car -1 -1 -1 1092.23 182.95 1228.71 233.56 -1 -1 -1 -1000 -1000 -1000 -10 1
50 8 Car -1 -1 -1 601.91 172.40 637.91 202.25 -1 -1 -1 -1000 -1000 -1000 -10 1
51 14 Car -1 -1 -1 1031.11 185.31 1159.48 227.87 -1 -1 -1 -1000 -1000 -1000 -10 1
51 13 Car -1 -1 -1 1092.48 182.84 1229.31 233.15 -1 -1 -1 -1000 -1000 -1000 -10 1
51 8 Car -1 -1 -1 602.07 172.20 638.07 202.08 -1 -1 -1 -1000 -1000 -1000 -10 1
51 3 Car -1 -1 -1 954.62 182.50 1068.89 230.75 -1 -1 -1 -1000 -1000 -1000 -10 1
52 14 Car -1 -1 -1 1031.34 185.70 1159.04 227.62 -1 -1 -1 -1000 -1000 -1000 -10 1
52 13 Car -1 -1 -1 1092.17 182.96 1229.57 233.00 -1 -1 -1 -1000 -1000 -1000 -10 1
52 8 Car -1 -1 -1 602.17 171.87 638.13 201.80 -1 -1 -1 -1000 -1000 -1000 -10 1
52 3 Car -1 -1 -1 958.74 181.73 1074.07 228.24 -1 -1 -1 -1000 -1000 -1000 -10 1
53 14 Car -1 -1 -1 1031.73 185.93 1158.76 227.49 -1 -1 -1 -1000 -1000 -1000 -10 1
53 13 Car -1 -1 -1 1091.76 183.05 1229.85 232.86 -1 -1 -1 -1000 -1000 -1000 -10 1
53 8 Car -1 -1 -1 602.19 171.91 638.18 201.85 -1 -1 -1 -1000 -1000 -1000 -10 1
53 3 Car -1 -1 -1 954.16 183.34 1071.06 228.99 -1 -1 -1 -1000 -1000 -1000 -10 1
54 15 Car -1 -1 -1 842.08 153.00 962.57 368.03 -1 -1 -1 -1000 -1000 -1000 -10 1
54 14 Car -1 -1 -1 1032.08 186.16 1158.63 227.33 -1 -1 -1 -1000 -1000 -1000 -10 1
54 13 Car -1 -1 -1 1091.67 183.00 1230.22 232.80 -1 -1 -1 -1000 -1000 -1000 -10 1
54 8 Car -1 -1 -1 602.26 172.04 638.32 201.99 -1 -1 -1 -1000 -1000 -1000 -10 1
54 3 Car -1 -1 -1 958.35 180.76 1072.73 226.83 -1 -1 -1 -1000 -1000 -1000 -10 1
55 15 Car -1 -1 -1 830.36 157.47 944.78 366.70 -1 -1 -1 -1000 -1000 -1000 -10 1
55 14 Car -1 -1 -1 1032.33 186.20 1158.52 227.23 -1 -1 -1 -1000 -1000 -1000 -10 1
55 13 Car -1 -1 -1 1091.53 183.07 1230.27 232.75 -1 -1 -1 -1000 -1000 -1000 -10 1
55 8 Car -1 -1 -1 601.88 172.11 637.95 202.11 -1 -1 -1 -1000 -1000 -1000 -10 1
55 3 Car -1 -1 -1 961.98 181.01 1072.46 227.21 -1 -1 -1 -1000 -1000 -1000 -10 1
56 14 Car -1 -1 -1 1032.35 186.33 1158.17 227.18 -1 -1 -1 -1000 -1000 -1000 -10 1
56 13 Car -1 -1 -1 1091.51 183.12 1230.21 232.61 -1 -1 -1 -1000 -1000 -1000 -10 1
56 8 Car -1 -1 -1 602.06 171.72 638.11 201.84 -1 -1 -1 -1000 -1000 -1000 -10 1
56 3 Car -1 -1 -1 958.01 183.58 1069.58 227.67 -1 -1 -1 -1000 -1000 -1000 -10 1
57 14 Car -1 -1 -1 1032.63 186.47 1158.22 227.10 -1 -1 -1 -1000 -1000 -1000 -10 1
57 13 Car -1 -1 -1 1091.85 183.29 1230.59 232.68 -1 -1 -1 -1000 -1000 -1000 -10 1
57 8 Car -1 -1 -1 602.31 171.92 638.23 201.97 -1 -1 -1 -1000 -1000 -1000 -10 1
57 3 Car -1 -1 -1 956.19 185.06 1068.73 227.86 -1 -1 -1 -1000 -1000 -1000 -10 1
58 14 Car -1 -1 -1 1032.61 186.50 1158.05 226.98 -1 -1 -1 -1000 -1000 -1000 -10 1
58 13 Car -1 -1 -1 1091.88 183.28 1230.63 232.66 -1 -1 -1 -1000 -1000 -1000 -10 1
58 8 Car -1 -1 -1 602.29 171.78 638.06 201.77 -1 -1 -1 -1000 -1000 -1000 -10 1
58 3 Car -1 -1 -1 958.94 183.30 1069.51 227.08 -1 -1 -1 -1000 -1000 -1000 -10 1
59 14 Car -1 -1 -1 1032.65 186.43 1158.28 226.92 -1 -1 -1 -1000 -1000 -1000 -10 1
59 13 Car -1 -1 -1 1091.75 183.27 1230.54 232.57 -1 -1 -1 -1000 -1000 -1000 -10 1
59 8 Car -1 -1 -1 602.47 171.44 638.05 201.38 -1 -1 -1 -1000 -1000 -1000 -10 1
59 3 Car -1 -1 -1 960.33 181.91 1069.10 226.53 -1 -1 -1 -1000 -1000 -1000 -10 1
60 14 Car -1 -1 -1 1032.66 186.54 1158.21 226.92 -1 -1 -1 -1000 -1000 -1000 -10 1
60 13 Car -1 -1 -1 1091.73 183.33 1230.49 232.46 -1 -1 -1 -1000 -1000 -1000 -10 1
60 8 Car -1 -1 -1 602.57 171.73 637.88 201.61 -1 -1 -1 -1000 -1000 -1000 -10 1
60 3 Car -1 -1 -1 961.80 181.04 1069.25 226.33 -1 -1 -1 -1000 -1000 -1000 -10 1
61 14 Car -1 -1 -1 1032.68 186.59 1158.20 226.85 -1 -1 -1 -1000 -1000 -1000 -10 1
61 13 Car -1 -1 -1 1091.51 183.33 1230.28 232.37 -1 -1 -1 -1000 -1000 -1000 -10 1
61 8 Car -1 -1 -1 602.25 171.61 637.52 201.43 -1 -1 -1 -1000 -1000 -1000 -10 1
61 3 Car -1 -1 -1 962.24 180.73 1068.34 226.45 -1 -1 -1 -1000 -1000 -1000 -10 1
62 14 Car -1 -1 -1 1032.60 186.69 1158.16 226.88 -1 -1 -1 -1000 -1000 -1000 -10 1
62 13 Car -1 -1 -1 1091.46 183.38 1230.21 232.45 -1 -1 -1 -1000 -1000 -1000 -10 1
62 8 Car -1 -1 -1 602.67 172.53 638.35 202.30 -1 -1 -1 -1000 -1000 -1000 -10 1
62 3 Car -1 -1 -1 962.51 180.88 1067.78 227.10 -1 -1 -1 -1000 -1000 -1000 -10 1
63 14 Car -1 -1 -1 1032.60 186.63 1158.08 226.78 -1 -1 -1 -1000 -1000 -1000 -10 1
63 13 Car -1 -1 -1 1091.74 183.43 1230.25 232.49 -1 -1 -1 -1000 -1000 -1000 -10 1
63 8 Car -1 -1 -1 601.30 171.05 637.62 201.40 -1 -1 -1 -1000 -1000 -1000 -10 1
63 3 Car -1 -1 -1 962.84 180.75 1067.22 227.29 -1 -1 -1 -1000 -1000 -1000 -10 1
64 14 Car -1 -1 -1 1032.92 186.72 1158.15 226.77 -1 -1 -1 -1000 -1000 -1000 -10 1
64 13 Car -1 -1 -1 1092.02 183.47 1230.26 232.51 -1 -1 -1 -1000 -1000 -1000 -10 1
64 8 Car -1 -1 -1 602.03 171.40 639.01 201.67 -1 -1 -1 -1000 -1000 -1000 -10 1
64 3 Car -1 -1 -1 963.21 180.60 1067.01 227.41 -1 -1 -1 -1000 -1000 -1000 -10 1
65 14 Car -1 -1 -1 1032.74 186.83 1157.91 226.79 -1 -1 -1 -1000 -1000 -1000 -10 1
65 13 Car -1 -1 -1 1091.93 183.56 1230.16 232.51 -1 -1 -1 -1000 -1000 -1000 -10 1
65 8 Car -1 -1 -1 603.73 171.12 641.98 202.39 -1 -1 -1 -1000 -1000 -1000 -10 1
65 3 Car -1 -1 -1 962.71 180.66 1067.15 227.57 -1 -1 -1 -1000 -1000 -1000 -10 1
66 14 Car -1 -1 -1 1032.70 186.79 1158.21 226.78 -1 -1 -1 -1000 -1000 -1000 -10 1
66 13 Car -1 -1 -1 1091.93 183.63 1230.10 232.64 -1 -1 -1 -1000 -1000 -1000 -10 1
66 8 Car -1 -1 -1 601.29 170.98 642.41 201.40 -1 -1 -1 -1000 -1000 -1000 -10 1
66 3 Car -1 -1 -1 962.37 180.30 1067.21 227.34 -1 -1 -1 -1000 -1000 -1000 -10 1
67 14 Car -1 -1 -1 1032.62 186.81 1158.14 226.85 -1 -1 -1 -1000 -1000 -1000 -10 1
67 13 Car -1 -1 -1 1091.95 183.53 1230.10 232.52 -1 -1 -1 -1000 -1000 -1000 -10 1
67 8 Car -1 -1 -1 601.33 169.12 641.16 199.57 -1 -1 -1 -1000 -1000 -1000 -10 1
67 3 Car -1 -1 -1 962.28 180.44 1067.29 227.35 -1 -1 -1 -1000 -1000 -1000 -10 1
68 14 Car -1 -1 -1 1032.45 186.81 1158.26 226.98 -1 -1 -1 -1000 -1000 -1000 -10 1
68 13 Car -1 -1 -1 1091.89 183.56 1230.15 232.60 -1 -1 -1 -1000 -1000 -1000 -10 1
68 3 Car -1 -1 -1 961.83 180.76 1067.49 227.57 -1 -1 -1 -1000 -1000 -1000 -10 1
69 14 Car -1 -1 -1 1032.46 186.81 1158.15 227.00 -1 -1 -1 -1000 -1000 -1000 -10 1
69 13 Car -1 -1 -1 1091.96 183.53 1230.20 232.52 -1 -1 -1 -1000 -1000 -1000 -10 1
69 3 Car -1 -1 -1 961.73 180.84 1067.72 227.62 -1 -1 -1 -1000 -1000 -1000 -10 1
70 14 Car -1 -1 -1 1032.38 186.77 1158.03 227.01 -1 -1 -1 -1000 -1000 -1000 -10 1
70 13 Car -1 -1 -1 1091.80 183.49 1230.18 232.45 -1 -1 -1 -1000 -1000 -1000 -10 1
70 3 Car -1 -1 -1 962.20 180.70 1067.72 227.58 -1 -1 -1 -1000 -1000 -1000 -10 1
71 14 Car -1 -1 -1 1032.39 186.75 1158.19 227.00 -1 -1 -1 -1000 -1000 -1000 -10 1
71 13 Car -1 -1 -1 1091.63 183.56 1230.02 232.50 -1 -1 -1 -1000 -1000 -1000 -10 1
71 8 Car -1 -1 -1 600.36 169.52 639.80 203.23 -1 -1 -1 -1000 -1000 -1000 -10 1
71 3 Car -1 -1 -1 961.68 180.83 1068.05 227.82 -1 -1 -1 -1000 -1000 -1000 -10 1
72 14 Car -1 -1 -1 1032.40 186.77 1158.24 227.00 -1 -1 -1 -1000 -1000 -1000 -10 1
72 13 Car -1 -1 -1 1091.93 183.62 1230.15 232.56 -1 -1 -1 -1000 -1000 -1000 -10 1
72 8 Car -1 -1 -1 600.74 168.05 640.61 201.61 -1 -1 -1 -1000 -1000 -1000 -10 1
72 3 Car -1 -1 -1 961.78 180.67 1068.23 227.66 -1 -1 -1 -1000 -1000 -1000 -10 1
73 14 Car -1 -1 -1 1032.24 186.76 1158.15 226.98 -1 -1 -1 -1000 -1000 -1000 -10 1
73 13 Car -1 -1 -1 1091.86 183.61 1230.10 232.49 -1 -1 -1 -1000 -1000 -1000 -10 1
73 8 Car -1 -1 -1 598.86 168.54 638.83 201.78 -1 -1 -1 -1000 -1000 -1000 -10 1
73 3 Car -1 -1 -1 962.03 180.62 1068.75 227.71 -1 -1 -1 -1000 -1000 -1000 -10 1
74 14 Car -1 -1 -1 1032.19 186.78 1158.17 226.93 -1 -1 -1 -1000 -1000 -1000 -10 1
74 13 Car -1 -1 -1 1091.61 183.62 1230.03 232.47 -1 -1 -1 -1000 -1000 -1000 -10 1
74 8 Car -1 -1 -1 598.63 170.37 638.40 203.02 -1 -1 -1 -1000 -1000 -1000 -10 1
74 3 Car -1 -1 -1 962.89 180.37 1068.34 227.53 -1 -1 -1 -1000 -1000 -1000 -10 1
75 14 Car -1 -1 -1 1032.21 186.86 1158.06 226.93 -1 -1 -1 -1000 -1000 -1000 -10 1
75 13 Car -1 -1 -1 1091.76 183.62 1230.07 232.42 -1 -1 -1 -1000 -1000 -1000 -10 1
75 8 Car -1 -1 -1 598.81 171.19 638.69 201.93 -1 -1 -1 -1000 -1000 -1000 -10 1
75 3 Car -1 -1 -1 963.34 180.34 1067.61 227.44 -1 -1 -1 -1000 -1000 -1000 -10 1
76 14 Car -1 -1 -1 1032.36 186.84 1158.26 226.90 -1 -1 -1 -1000 -1000 -1000 -10 1
76 13 Car -1 -1 -1 1091.70 183.61 1230.00 232.36 -1 -1 -1 -1000 -1000 -1000 -10 1
76 8 Car -1 -1 -1 599.37 171.80 639.12 201.51 -1 -1 -1 -1000 -1000 -1000 -10 1
76 3 Car -1 -1 -1 963.47 180.29 1067.47 227.45 -1 -1 -1 -1000 -1000 -1000 -10 1
77 14 Car -1 -1 -1 1032.56 186.82 1158.30 226.89 -1 -1 -1 -1000 -1000 -1000 -10 1
77 13 Car -1 -1 -1 1091.71 183.55 1229.92 232.30 -1 -1 -1 -1000 -1000 -1000 -10 1
77 8 Car -1 -1 -1 599.93 172.49 639.83 201.41 -1 -1 -1 -1000 -1000 -1000 -10 1
77 3 Car -1 -1 -1 963.21 180.16 1067.31 227.23 -1 -1 -1 -1000 -1000 -1000 -10 1
78 14 Car -1 -1 -1 1032.59 186.80 1158.27 226.84 -1 -1 -1 -1000 -1000 -1000 -10 1
78 13 Car -1 -1 -1 1091.48 183.51 1229.79 232.28 -1 -1 -1 -1000 -1000 -1000 -10 1
78 8 Car -1 -1 -1 599.69 172.82 640.22 201.13 -1 -1 -1 -1000 -1000 -1000 -10 1
78 3 Car -1 -1 -1 962.71 180.49 1067.60 227.51 -1 -1 -1 -1000 -1000 -1000 -10 1
79 14 Car -1 -1 -1 1032.46 186.83 1158.39 226.88 -1 -1 -1 -1000 -1000 -1000 -10 1
79 13 Car -1 -1 -1 1091.71 183.60 1229.96 232.38 -1 -1 -1 -1000 -1000 -1000 -10 1
79 8 Car -1 -1 -1 599.20 172.87 640.73 200.76 -1 -1 -1 -1000 -1000 -1000 -10 1
79 3 Car -1 -1 -1 962.19 180.37 1068.11 227.49 -1 -1 -1 -1000 -1000 -1000 -10 1
80 14 Car -1 -1 -1 1032.40 186.79 1158.38 226.89 -1 -1 -1 -1000 -1000 -1000 -10 1
80 13 Car -1 -1 -1 1091.73 183.59 1229.96 232.34 -1 -1 -1 -1000 -1000 -1000 -10 1
80 8 Car -1 -1 -1 599.11 172.90 641.37 200.48 -1 -1 -1 -1000 -1000 -1000 -10 1
80 3 Car -1 -1 -1 961.75 180.38 1068.28 227.48 -1 -1 -1 -1000 -1000 -1000 -10 1
81 14 Car -1 -1 -1 1032.23 186.85 1158.34 226.99 -1 -1 -1 -1000 -1000 -1000 -10 1
81 13 Car -1 -1 -1 1091.92 183.66 1230.09 232.41 -1 -1 -1 -1000 -1000 -1000 -10 1
81 8 Car -1 -1 -1 598.91 172.97 641.25 200.22 -1 -1 -1 -1000 -1000 -1000 -10 1
81 3 Car -1 -1 -1 961.68 180.34 1068.37 227.57 -1 -1 -1 -1000 -1000 -1000 -10 1
82 14 Car -1 -1 -1 1032.30 186.75 1158.63 226.97 -1 -1 -1 -1000 -1000 -1000 -10 1
82 13 Car -1 -1 -1 1091.89 183.61 1229.98 232.38 -1 -1 -1 -1000 -1000 -1000 -10 1
82 8 Car -1 -1 -1 597.93 172.34 640.60 200.00 -1 -1 -1 -1000 -1000 -1000 -10 1
82 3 Car -1 -1 -1 961.53 180.41 1068.75 227.67 -1 -1 -1 -1000 -1000 -1000 -10 1
83 14 Car -1 -1 -1 1032.23 186.71 1158.61 227.00 -1 -1 -1 -1000 -1000 -1000 -10 1
83 13 Car -1 -1 -1 1092.05 183.66 1230.17 232.44 -1 -1 -1 -1000 -1000 -1000 -10 1
83 3 Car -1 -1 -1 961.62 180.61 1068.70 227.97 -1 -1 -1 -1000 -1000 -1000 -10 1
84 14 Car -1 -1 -1 1032.14 186.70 1158.57 227.06 -1 -1 -1 -1000 -1000 -1000 -10 1
84 13 Car -1 -1 -1 1092.08 183.68 1230.13 232.46 -1 -1 -1 -1000 -1000 -1000 -10 1
84 3 Car -1 -1 -1 961.86 180.62 1068.83 227.98 -1 -1 -1 -1000 -1000 -1000 -10 1
85 14 Car -1 -1 -1 1031.97 186.67 1158.39 227.16 -1 -1 -1 -1000 -1000 -1000 -10 1
85 13 Car -1 -1 -1 1092.17 183.63 1230.22 232.44 -1 -1 -1 -1000 -1000 -1000 -10 1
85 3 Car -1 -1 -1 961.86 180.51 1068.95 227.76 -1 -1 -1 -1000 -1000 -1000 -10 1
86 14 Car -1 -1 -1 1031.93 186.64 1158.41 227.19 -1 -1 -1 -1000 -1000 -1000 -10 1
86 13 Car -1 -1 -1 1092.08 183.56 1230.20 232.34 -1 -1 -1 -1000 -1000 -1000 -10 1
86 3 Car -1 -1 -1 961.64 180.36 1069.06 227.62 -1 -1 -1 -1000 -1000 -1000 -10 1
87 14 Car -1 -1 -1 1031.80 186.57 1158.53 227.22 -1 -1 -1 -1000 -1000 -1000 -10 1
87 13 Car -1 -1 -1 1092.16 183.62 1230.15 232.42 -1 -1 -1 -1000 -1000 -1000 -10 1
87 3 Car -1 -1 -1 961.59 180.38 1068.69 227.61 -1 -1 -1 -1000 -1000 -1000 -10 1
88 23 Car -1 -1 -1 33.71 166.26 173.81 368.09 -1 -1 -1 -1000 -1000 -1000 -10 1
88 14 Car -1 -1 -1 1031.93 186.61 1158.61 227.20 -1 -1 -1 -1000 -1000 -1000 -10 1
88 13 Car -1 -1 -1 1092.14 183.61 1230.07 232.41 -1 -1 -1 -1000 -1000 -1000 -10 1
88 8 Car -1 -1 -1 600.29 171.15 643.61 202.20 -1 -1 -1 -1000 -1000 -1000 -10 1
88 3 Car -1 -1 -1 961.93 180.46 1068.29 227.73 -1 -1 -1 -1000 -1000 -1000 -10 1
89 14 Car -1 -1 -1 1032.02 186.57 1158.71 227.20 -1 -1 -1 -1000 -1000 -1000 -10 1
89 13 Car -1 -1 -1 1092.18 183.56 1229.95 232.37 -1 -1 -1 -1000 -1000 -1000 -10 1
89 8 Car -1 -1 -1 601.75 172.53 642.77 204.46 -1 -1 -1 -1000 -1000 -1000 -10 1
89 3 Car -1 -1 -1 961.77 180.51 1068.32 227.85 -1 -1 -1 -1000 -1000 -1000 -10 1
90 14 Car -1 -1 -1 1032.00 186.60 1158.65 227.23 -1 -1 -1 -1000 -1000 -1000 -10 1
90 13 Car -1 -1 -1 1092.09 183.59 1229.92 232.42 -1 -1 -1 -1000 -1000 -1000 -10 1
90 8 Car -1 -1 -1 610.33 173.28 649.67 206.12 -1 -1 -1 -1000 -1000 -1000 -10 1
90 3 Car -1 -1 -1 961.39 180.67 1068.54 228.11 -1 -1 -1 -1000 -1000 -1000 -10 1
91 14 Car -1 -1 -1 1031.85 186.63 1158.49 227.20 -1 -1 -1 -1000 -1000 -1000 -10 1
91 13 Car -1 -1 -1 1092.06 183.57 1229.88 232.36 -1 -1 -1 -1000 -1000 -1000 -10 1
91 8 Car -1 -1 -1 608.52 173.61 646.30 206.15 -1 -1 -1 -1000 -1000 -1000 -10 1
91 3 Car -1 -1 -1 961.21 180.79 1068.72 228.21 -1 -1 -1 -1000 -1000 -1000 -10 1
92 14 Car -1 -1 -1 1032.12 186.61 1158.68 227.15 -1 -1 -1 -1000 -1000 -1000 -10 1
92 13 Car -1 -1 -1 1092.02 183.57 1229.87 232.34 -1 -1 -1 -1000 -1000 -1000 -10 1
92 8 Car -1 -1 -1 605.04 173.44 641.91 206.99 -1 -1 -1 -1000 -1000 -1000 -10 1
92 3 Car -1 -1 -1 961.28 180.92 1069.03 228.40 -1 -1 -1 -1000 -1000 -1000 -10 1
93 14 Car -1 -1 -1 1032.03 186.64 1158.70 227.20 -1 -1 -1 -1000 -1000 -1000 -10 1
93 13 Car -1 -1 -1 1092.19 183.61 1229.92 232.37 -1 -1 -1 -1000 -1000 -1000 -10 1
93 8 Car -1 -1 -1 604.70 173.50 640.25 208.21 -1 -1 -1 -1000 -1000 -1000 -10 1
93 3 Car -1 -1 -1 961.23 180.76 1069.02 228.28 -1 -1 -1 -1000 -1000 -1000 -10 1
94 14 Car -1 -1 -1 1031.94 186.55 1158.74 227.16 -1 -1 -1 -1000 -1000 -1000 -10 1
94 13 Car -1 -1 -1 1092.04 183.53 1229.74 232.32 -1 -1 -1 -1000 -1000 -1000 -10 1
94 8 Car -1 -1 -1 602.98 173.34 638.51 210.36 -1 -1 -1 -1000 -1000 -1000 -10 1
94 3 Car -1 -1 -1 961.29 180.74 1068.87 228.26 -1 -1 -1 -1000 -1000 -1000 -10 1
95 14 Car -1 -1 -1 1032.08 186.64 1158.81 227.17 -1 -1 -1 -1000 -1000 -1000 -10 1
95 13 Car -1 -1 -1 1091.94 183.59 1229.81 232.35 -1 -1 -1 -1000 -1000 -1000 -10 1
95 8 Car -1 -1 -1 602.31 173.54 637.54 212.52 -1 -1 -1 -1000 -1000 -1000 -10 1
95 3 Car -1 -1 -1 961.24 180.57 1068.97 228.10 -1 -1 -1 -1000 -1000 -1000 -10 1
96 14 Car -1 -1 -1 1031.85 186.61 1158.76 227.22 -1 -1 -1 -1000 -1000 -1000 -10 1
96 13 Car -1 -1 -1 1092.11 183.60 1229.88 232.36 -1 -1 -1 -1000 -1000 -1000 -10 1
96 8 Car -1 -1 -1 600.98 172.75 636.31 213.94 -1 -1 -1 -1000 -1000 -1000 -10 1
96 3 Car -1 -1 -1 961.16 180.48 1069.06 228.16 -1 -1 -1 -1000 -1000 -1000 -10 1
97 14 Car -1 -1 -1 1031.75 186.63 1158.70 227.26 -1 -1 -1 -1000 -1000 -1000 -10 1
97 13 Car -1 -1 -1 1091.91 183.59 1229.77 232.36 -1 -1 -1 -1000 -1000 -1000 -10 1
97 8 Car -1 -1 -1 600.28 170.68 634.76 210.74 -1 -1 -1 -1000 -1000 -1000 -10 1
97 3 Car -1 -1 -1 961.78 180.29 1069.06 227.92 -1 -1 -1 -1000 -1000 -1000 -10 1
98 14 Car -1 -1 -1 1031.75 186.57 1158.80 227.21 -1 -1 -1 -1000 -1000 -1000 -10 1
98 13 Car -1 -1 -1 1092.11 183.62 1229.83 232.42 -1 -1 -1 -1000 -1000 -1000 -10 1
98 8 Car -1 -1 -1 597.28 171.54 632.85 211.23 -1 -1 -1 -1000 -1000 -1000 -10 1
98 3 Car -1 -1 -1 961.82 180.36 1069.19 227.99 -1 -1 -1 -1000 -1000 -1000 -10 1
99 14 Car -1 -1 -1 1031.76 186.58 1158.81 227.19 -1 -1 -1 -1000 -1000 -1000 -10 1
99 13 Car -1 -1 -1 1092.05 183.57 1229.82 232.39 -1 -1 -1 -1000 -1000 -1000 -10 1
99 8 Car -1 -1 -1 600.15 170.65 636.58 208.36 -1 -1 -1 -1000 -1000 -1000 -10 1
99 3 Car -1 -1 -1 961.54 180.35 1069.49 227.92 -1 -1 -1 -1000 -1000 -1000 -10 1
100 14 Car -1 -1 -1 1031.89 186.62 1159.07 227.26 -1 -1 -1 -1000 -1000 -1000 -10 1
100 13 Car -1 -1 -1 1091.86 183.61 1229.79 232.43 -1 -1 -1 -1000 -1000 -1000 -10 1
100 8 Car -1 -1 -1 601.99 169.73 639.15 205.73 -1 -1 -1 -1000 -1000 -1000 -10 1
100 3 Car -1 -1 -1 958.26 183.12 1068.06 228.53 -1 -1 -1 -1000 -1000 -1000 -10 1
101 14 Car -1 -1 -1 1031.60 186.54 1158.99 227.30 -1 -1 -1 -1000 -1000 -1000 -10 1
101 13 Car -1 -1 -1 1091.93 183.60 1229.79 232.47 -1 -1 -1 -1000 -1000 -1000 -10 1
101 8 Car -1 -1 -1 604.43 169.84 641.09 204.31 -1 -1 -1 -1000 -1000 -1000 -10 1
101 3 Car -1 -1 -1 959.20 181.71 1069.63 227.79 -1 -1 -1 -1000 -1000 -1000 -10 1
102 14 Car -1 -1 -1 1031.73 186.49 1159.12 227.29 -1 -1 -1 -1000 -1000 -1000 -10 1
102 13 Car -1 -1 -1 1091.77 183.50 1229.69 232.38 -1 -1 -1 -1000 -1000 -1000 -10 1
102 8 Car -1 -1 -1 603.63 170.30 641.36 202.33 -1 -1 -1 -1000 -1000 -1000 -10 1
102 3 Car -1 -1 -1 959.48 180.93 1070.03 227.42 -1 -1 -1 -1000 -1000 -1000 -10 1
103 25 Car -1 -1 -1 556.91 164.11 613.06 275.23 -1 -1 -1 -1000 -1000 -1000 -10 1
103 14 Car -1 -1 -1 1031.69 186.58 1159.15 227.31 -1 -1 -1 -1000 -1000 -1000 -10 1
103 13 Car -1 -1 -1 1091.93 183.52 1229.79 232.37 -1 -1 -1 -1000 -1000 -1000 -10 1
103 3 Car -1 -1 -1 959.52 180.67 1070.19 227.52 -1 -1 -1 -1000 -1000 -1000 -10 1
104 25 Car -1 -1 -1 573.22 164.57 626.64 275.73 -1 -1 -1 -1000 -1000 -1000 -10 1
104 14 Car -1 -1 -1 1031.73 186.55 1159.25 227.33 -1 -1 -1 -1000 -1000 -1000 -10 1
104 13 Car -1 -1 -1 1092.02 183.53 1229.72 232.46 -1 -1 -1 -1000 -1000 -1000 -10 1
104 3 Car -1 -1 -1 956.91 183.39 1068.89 228.12 -1 -1 -1 -1000 -1000 -1000 -10 1
105 25 Car -1 -1 -1 580.31 162.74 633.47 275.41 -1 -1 -1 -1000 -1000 -1000 -10 1
105 14 Car -1 -1 -1 1031.71 186.54 1159.32 227.31 -1 -1 -1 -1000 -1000 -1000 -10 1
105 13 Car -1 -1 -1 1092.11 183.56 1229.93 232.50 -1 -1 -1 -1000 -1000 -1000 -10 1
105 3 Car -1 -1 -1 958.51 181.83 1070.34 227.27 -1 -1 -1 -1000 -1000 -1000 -10 1
106 25 Car -1 -1 -1 579.30 161.58 630.35 275.74 -1 -1 -1 -1000 -1000 -1000 -10 1
106 14 Car -1 -1 -1 1031.60 186.61 1159.19 227.37 -1 -1 -1 -1000 -1000 -1000 -10 1
106 13 Car -1 -1 -1 1092.43 183.60 1230.07 232.52 -1 -1 -1 -1000 -1000 -1000 -10 1
106 3 Car -1 -1 -1 959.27 181.42 1070.77 227.51 -1 -1 -1 -1000 -1000 -1000 -10 1
107 25 Car -1 -1 -1 581.26 161.93 630.16 275.19 -1 -1 -1 -1000 -1000 -1000 -10 1
107 14 Car -1 -1 -1 1031.57 186.64 1159.08 227.31 -1 -1 -1 -1000 -1000 -1000 -10 1
107 13 Car -1 -1 -1 1092.38 183.61 1230.12 232.55 -1 -1 -1 -1000 -1000 -1000 -10 1
107 3 Car -1 -1 -1 959.81 181.24 1070.38 227.70 -1 -1 -1 -1000 -1000 -1000 -10 1
108 25 Car -1 -1 -1 595.52 161.89 645.64 276.20 -1 -1 -1 -1000 -1000 -1000 -10 1
108 14 Car -1 -1 -1 1031.62 186.60 1159.16 227.28 -1 -1 -1 -1000 -1000 -1000 -10 1
108 13 Car -1 -1 -1 1092.31 183.54 1230.05 232.49 -1 -1 -1 -1000 -1000 -1000 -10 1
108 3 Car -1 -1 -1 960.64 181.04 1069.99 227.86 -1 -1 -1 -1000 -1000 -1000 -10 1
109 25 Car -1 -1 -1 610.96 159.50 662.89 281.62 -1 -1 -1 -1000 -1000 -1000 -10 1
109 14 Car -1 -1 -1 1031.62 186.60 1159.07 227.24 -1 -1 -1 -1000 -1000 -1000 -10 1
109 13 Car -1 -1 -1 1092.26 183.57 1230.06 232.48 -1 -1 -1 -1000 -1000 -1000 -10 1
109 3 Car -1 -1 -1 961.50 180.76 1069.23 227.91 -1 -1 -1 -1000 -1000 -1000 -10 1
110 25 Car -1 -1 -1 621.03 159.17 673.53 280.58 -1 -1 -1 -1000 -1000 -1000 -10 1
110 14 Car -1 -1 -1 1031.66 186.57 1159.08 227.27 -1 -1 -1 -1000 -1000 -1000 -10 1
110 13 Car -1 -1 -1 1092.11 183.58 1229.88 232.47 -1 -1 -1 -1000 -1000 -1000 -10 1
110 3 Car -1 -1 -1 961.71 180.65 1068.82 228.06 -1 -1 -1 -1000 -1000 -1000 -10 1
111 14 Car -1 -1 -1 1031.62 186.58 1159.00 227.29 -1 -1 -1 -1000 -1000 -1000 -10 1
111 13 Car -1 -1 -1 1092.31 183.55 1230.04 232.42 -1 -1 -1 -1000 -1000 -1000 -10 1
111 3 Car -1 -1 -1 961.54 180.69 1068.62 228.27 -1 -1 -1 -1000 -1000 -1000 -10 1
112 14 Car -1 -1 -1 1031.64 186.56 1159.10 227.23 -1 -1 -1 -1000 -1000 -1000 -10 1
112 13 Car -1 -1 -1 1092.27 183.56 1229.99 232.50 -1 -1 -1 -1000 -1000 -1000 -10 1
112 3 Car -1 -1 -1 961.09 180.49 1068.54 228.18 -1 -1 -1 -1000 -1000 -1000 -10 1
113 14 Car -1 -1 -1 1031.70 186.52 1159.29 227.16 -1 -1 -1 -1000 -1000 -1000 -10 1
113 13 Car -1 -1 -1 1092.18 183.54 1229.80 232.46 -1 -1 -1 -1000 -1000 -1000 -10 1
113 3 Car -1 -1 -1 960.78 180.56 1068.61 228.29 -1 -1 -1 -1000 -1000 -1000 -10 1
114 14 Car -1 -1 -1 1031.76 186.62 1159.26 227.26 -1 -1 -1 -1000 -1000 -1000 -10 1
114 13 Car -1 -1 -1 1092.02 183.54 1229.59 232.45 -1 -1 -1 -1000 -1000 -1000 -10 1
114 3 Car -1 -1 -1 960.57 180.74 1068.97 228.58 -1 -1 -1 -1000 -1000 -1000 -10 1
115 14 Car -1 -1 -1 1031.84 186.62 1159.23 227.20 -1 -1 -1 -1000 -1000 -1000 -10 1
115 13 Car -1 -1 -1 1092.12 183.60 1229.80 232.49 -1 -1 -1 -1000 -1000 -1000 -10 1
115 3 Car -1 -1 -1 960.93 180.79 1069.08 228.65 -1 -1 -1 -1000 -1000 -1000 -10 1
116 14 Car -1 -1 -1 1031.80 186.63 1159.18 227.21 -1 -1 -1 -1000 -1000 -1000 -10 1
116 13 Car -1 -1 -1 1092.16 183.56 1229.86 232.43 -1 -1 -1 -1000 -1000 -1000 -10 1
116 3 Car -1 -1 -1 961.59 180.65 1068.97 228.56 -1 -1 -1 -1000 -1000 -1000 -10 1
117 26 Car -1 -1 -1 602.04 171.35 645.59 205.63 -1 -1 -1 -1000 -1000 -1000 -10 1
117 14 Car -1 -1 -1 1031.88 186.64 1159.20 227.29 -1 -1 -1 -1000 -1000 -1000 -10 1
117 13 Car -1 -1 -1 1092.22 183.62 1229.92 232.45 -1 -1 -1 -1000 -1000 -1000 -10 1
117 3 Car -1 -1 -1 958.10 183.43 1068.02 228.91 -1 -1 -1 -1000 -1000 -1000 -10 1
118 26 Car -1 -1 -1 596.40 171.43 637.61 201.47 -1 -1 -1 -1000 -1000 -1000 -10 1
118 14 Car -1 -1 -1 1031.90 186.63 1159.30 227.30 -1 -1 -1 -1000 -1000 -1000 -10 1
118 13 Car -1 -1 -1 1092.20 183.62 1229.98 232.50 -1 -1 -1 -1000 -1000 -1000 -10 1
118 3 Car -1 -1 -1 956.27 184.73 1068.13 228.68 -1 -1 -1 -1000 -1000 -1000 -10 1
119 26 Car -1 -1 -1 596.27 172.29 636.36 199.84 -1 -1 -1 -1000 -1000 -1000 -10 1
119 14 Car -1 -1 -1 1031.82 186.61 1159.39 227.35 -1 -1 -1 -1000 -1000 -1000 -10 1
119 13 Car -1 -1 -1 1092.09 183.61 1230.00 232.49 -1 -1 -1 -1000 -1000 -1000 -10 1
119 3 Car -1 -1 -1 955.15 185.54 1068.54 228.69 -1 -1 -1 -1000 -1000 -1000 -10 1
120 26 Car -1 -1 -1 596.78 172.82 635.83 199.06 -1 -1 -1 -1000 -1000 -1000 -10 1
120 14 Car -1 -1 -1 1031.80 186.57 1159.45 227.40 -1 -1 -1 -1000 -1000 -1000 -10 1
120 13 Car -1 -1 -1 1092.12 183.61 1229.94 232.54 -1 -1 -1 -1000 -1000 -1000 -10 1
120 3 Car -1 -1 -1 957.00 184.00 1069.64 228.62 -1 -1 -1 -1000 -1000 -1000 -10 1
121 26 Car -1 -1 -1 597.03 173.37 636.03 199.16 -1 -1 -1 -1000 -1000 -1000 -10 1
121 14 Car -1 -1 -1 1031.59 186.52 1159.43 227.49 -1 -1 -1 -1000 -1000 -1000 -10 1
121 13 Car -1 -1 -1 1091.96 183.63 1229.87 232.53 -1 -1 -1 -1000 -1000 -1000 -10 1
121 3 Car -1 -1 -1 955.08 185.19 1069.54 228.82 -1 -1 -1 -1000 -1000 -1000 -10 1
122 26 Car -1 -1 -1 597.41 173.42 636.63 199.25 -1 -1 -1 -1000 -1000 -1000 -10 1
122 14 Car -1 -1 -1 1031.32 186.41 1159.06 227.77 -1 -1 -1 -1000 -1000 -1000 -10 1
122 13 Car -1 -1 -1 1092.05 183.63 1230.03 232.60 -1 -1 -1 -1000 -1000 -1000 -10 1
122 3 Car -1 -1 -1 957.40 183.63 1071.04 228.90 -1 -1 -1 -1000 -1000 -1000 -10 1
123 26 Car -1 -1 -1 598.09 173.52 637.34 199.43 -1 -1 -1 -1000 -1000 -1000 -10 1
123 14 Car -1 -1 -1 1031.16 186.25 1159.51 227.70 -1 -1 -1 -1000 -1000 -1000 -10 1
123 13 Car -1 -1 -1 1091.54 183.69 1229.88 232.70 -1 -1 -1 -1000 -1000 -1000 -10 1
123 3 Car -1 -1 -1 954.16 184.08 1069.98 228.62 -1 -1 -1 -1000 -1000 -1000 -10 1
124 26 Car -1 -1 -1 598.08 173.52 636.59 199.23 -1 -1 -1 -1000 -1000 -1000 -10 1
124 14 Car -1 -1 -1 1030.96 186.31 1159.58 228.22 -1 -1 -1 -1000 -1000 -1000 -10 1
124 13 Car -1 -1 -1 1091.37 184.00 1229.53 233.33 -1 -1 -1 -1000 -1000 -1000 -10 1
124 3 Car -1 -1 -1 952.35 182.70 1070.14 228.66 -1 -1 -1 -1000 -1000 -1000 -10 1
125 26 Car -1 -1 -1 598.25 173.63 636.58 199.32 -1 -1 -1 -1000 -1000 -1000 -10 1
125 14 Car -1 -1 -1 1029.89 185.78 1159.78 228.55 -1 -1 -1 -1000 -1000 -1000 -10 1
125 13 Car -1 -1 -1 1091.06 184.04 1229.39 233.77 -1 -1 -1 -1000 -1000 -1000 -10 1
125 3 Car -1 -1 -1 955.10 191.15 1073.61 241.34 -1 -1 -1 -1000 -1000 -1000 -10 1
126 26 Car -1 -1 -1 598.26 173.60 636.31 199.31 -1 -1 -1 -1000 -1000 -1000 -10 1
126 14 Car -1 -1 -1 1029.88 185.87 1159.16 229.35 -1 -1 -1 -1000 -1000 -1000 -10 1
126 13 Car -1 -1 -1 1092.90 183.49 1227.39 233.22 -1 -1 -1 -1000 -1000 -1000 -10 1
126 3 Car -1 -1 -1 955.24 188.36 1076.69 239.28 -1 -1 -1 -1000 -1000 -1000 -10 1
127 26 Car -1 -1 -1 598.77 173.50 636.69 199.21 -1 -1 -1 -1000 -1000 -1000 -10 1
127 14 Car -1 -1 -1 1032.73 184.57 1161.92 229.92 -1 -1 -1 -1000 -1000 -1000 -10 1
127 13 Car -1 -1 -1 1091.52 183.53 1224.36 233.32 -1 -1 -1 -1000 -1000 -1000 -10 1
127 3 Car -1 -1 -1 951.75 186.19 1075.07 240.24 -1 -1 -1 -1000 -1000 -1000 -10 1
128 26 Car -1 -1 -1 598.43 173.42 636.52 199.21 -1 -1 -1 -1000 -1000 -1000 -10 1
128 14 Car -1 -1 -1 1029.10 186.55 1157.06 233.64 -1 -1 -1 -1000 -1000 -1000 -10 1
128 13 Car -1 -1 -1 1095.60 183.59 1225.22 233.05 -1 -1 -1 -1000 -1000 -1000 -10 1
128 3 Car -1 -1 -1 950.94 183.77 1070.42 236.86 -1 -1 -1 -1000 -1000 -1000 -10 1
129 26 Car -1 -1 -1 598.36 173.38 636.72 199.25 -1 -1 -1 -1000 -1000 -1000 -10 1
129 14 Car -1 -1 -1 1032.33 185.39 1159.01 233.31 -1 -1 -1 -1000 -1000 -1000 -10 1
129 13 Car -1 -1 -1 1096.60 186.99 1225.31 237.69 -1 -1 -1 -1000 -1000 -1000 -10 1
129 3 Car -1 -1 -1 954.24 182.44 1070.18 234.67 -1 -1 -1 -1000 -1000 -1000 -10 1
130 26 Car -1 -1 -1 598.23 173.37 636.68 199.31 -1 -1 -1 -1000 -1000 -1000 -10 1
130 3 Car -1 -1 -1 958.25 182.14 1074.21 232.02 -1 -1 -1 -1000 -1000 -1000 -10 1
131 26 Car -1 -1 -1 598.19 173.23 636.64 199.20 -1 -1 -1 -1000 -1000 -1000 -10 1
131 3 Car -1 -1 -1 959.36 182.34 1075.88 229.98 -1 -1 -1 -1000 -1000 -1000 -10 1
132 26 Car -1 -1 -1 597.94 173.16 636.63 199.30 -1 -1 -1 -1000 -1000 -1000 -10 1
132 3 Car -1 -1 -1 955.76 183.83 1072.24 229.14 -1 -1 -1 -1000 -1000 -1000 -10 1
133 26 Car -1 -1 -1 597.96 173.06 636.99 199.34 -1 -1 -1 -1000 -1000 -1000 -10 1
133 13 Car -1 -1 -1 1100.95 186.47 1222.45 238.83 -1 -1 -1 -1000 -1000 -1000 -10 1
133 3 Car -1 -1 -1 956.72 182.58 1071.45 228.51 -1 -1 -1 -1000 -1000 -1000 -10 1
134 26 Car -1 -1 -1 600.63 172.92 639.51 199.60 -1 -1 -1 -1000 -1000 -1000 -10 1
134 13 Car -1 -1 -1 1098.31 183.80 1224.14 234.98 -1 -1 -1 -1000 -1000 -1000 -10 1
134 3 Car -1 -1 -1 957.88 181.85 1071.03 228.25 -1 -1 -1 -1000 -1000 -1000 -10 1
135 30 Car -1 -1 -1 1030.89 186.42 1159.72 227.44 -1 -1 -1 -1000 -1000 -1000 -10 1
135 26 Car -1 -1 -1 601.52 172.47 640.25 199.47 -1 -1 -1 -1000 -1000 -1000 -10 1
135 13 Car -1 -1 -1 1097.12 182.93 1225.77 233.41 -1 -1 -1 -1000 -1000 -1000 -10 1
135 3 Car -1 -1 -1 958.75 181.38 1070.80 227.99 -1 -1 -1 -1000 -1000 -1000 -10 1
136 30 Car -1 -1 -1 1031.10 186.43 1159.59 227.37 -1 -1 -1 -1000 -1000 -1000 -10 1
136 26 Car -1 -1 -1 602.07 172.31 640.62 199.64 -1 -1 -1 -1000 -1000 -1000 -10 1
136 13 Car -1 -1 -1 1095.56 183.00 1226.76 232.92 -1 -1 -1 -1000 -1000 -1000 -10 1
136 3 Car -1 -1 -1 959.43 181.01 1070.68 227.80 -1 -1 -1 -1000 -1000 -1000 -10 1
137 30 Car -1 -1 -1 1031.32 186.41 1159.62 227.32 -1 -1 -1 -1000 -1000 -1000 -10 1
137 26 Car -1 -1 -1 601.79 172.25 640.17 199.97 -1 -1 -1 -1000 -1000 -1000 -10 1
137 13 Car -1 -1 -1 1094.40 183.07 1227.45 232.69 -1 -1 -1 -1000 -1000 -1000 -10 1
137 3 Car -1 -1 -1 959.81 180.90 1070.41 227.78 -1 -1 -1 -1000 -1000 -1000 -10 1
138 30 Car -1 -1 -1 1031.30 186.38 1159.61 227.41 -1 -1 -1 -1000 -1000 -1000 -10 1
138 26 Car -1 -1 -1 601.84 172.16 640.14 200.28 -1 -1 -1 -1000 -1000 -1000 -10 1
138 13 Car -1 -1 -1 1094.00 183.20 1228.19 232.62 -1 -1 -1 -1000 -1000 -1000 -10 1
138 3 Car -1 -1 -1 957.12 183.49 1068.94 228.32 -1 -1 -1 -1000 -1000 -1000 -10 1
139 30 Car -1 -1 -1 1031.34 186.41 1159.32 227.41 -1 -1 -1 -1000 -1000 -1000 -10 1
139 26 Car -1 -1 -1 601.86 172.27 639.89 200.69 -1 -1 -1 -1000 -1000 -1000 -10 1
139 13 Car -1 -1 -1 1093.62 183.25 1228.71 232.44 -1 -1 -1 -1000 -1000 -1000 -10 1
139 3 Car -1 -1 -1 958.69 182.42 1069.74 227.87 -1 -1 -1 -1000 -1000 -1000 -10 1
140 30 Car -1 -1 -1 1031.32 186.35 1159.32 227.37 -1 -1 -1 -1000 -1000 -1000 -10 1
140 26 Car -1 -1 -1 601.69 171.97 639.63 200.59 -1 -1 -1 -1000 -1000 -1000 -10 1
140 13 Car -1 -1 -1 1093.38 183.30 1229.02 232.38 -1 -1 -1 -1000 -1000 -1000 -10 1
140 3 Car -1 -1 -1 959.37 181.64 1069.98 227.50 -1 -1 -1 -1000 -1000 -1000 -10 1
141 30 Car -1 -1 -1 1031.33 186.35 1159.08 227.37 -1 -1 -1 -1000 -1000 -1000 -10 1
141 26 Car -1 -1 -1 600.11 172.10 638.47 200.39 -1 -1 -1 -1000 -1000 -1000 -10 1
141 13 Car -1 -1 -1 1093.19 183.33 1229.14 232.31 -1 -1 -1 -1000 -1000 -1000 -10 1
141 3 Car -1 -1 -1 959.92 181.28 1070.14 227.40 -1 -1 -1 -1000 -1000 -1000 -10 1
142 30 Car -1 -1 -1 1031.44 186.42 1159.22 227.38 -1 -1 -1 -1000 -1000 -1000 -10 1
142 26 Car -1 -1 -1 600.40 172.35 638.24 200.85 -1 -1 -1 -1000 -1000 -1000 -10 1
142 13 Car -1 -1 -1 1092.86 183.40 1229.25 232.32 -1 -1 -1 -1000 -1000 -1000 -10 1
142 3 Car -1 -1 -1 960.07 181.17 1070.23 227.56 -1 -1 -1 -1000 -1000 -1000 -10 1
143 30 Car -1 -1 -1 1031.34 186.40 1159.30 227.47 -1 -1 -1 -1000 -1000 -1000 -10 1
143 26 Car -1 -1 -1 600.23 172.27 637.78 201.04 -1 -1 -1 -1000 -1000 -1000 -10 1
143 13 Car -1 -1 -1 1092.86 183.49 1229.47 232.36 -1 -1 -1 -1000 -1000 -1000 -10 1
143 3 Car -1 -1 -1 960.18 181.23 1070.47 227.94 -1 -1 -1 -1000 -1000 -1000 -10 1
144 30 Car -1 -1 -1 1031.45 186.39 1159.58 227.40 -1 -1 -1 -1000 -1000 -1000 -10 1
144 26 Car -1 -1 -1 600.05 172.17 637.22 201.03 -1 -1 -1 -1000 -1000 -1000 -10 1
144 13 Car -1 -1 -1 1092.79 183.54 1229.63 232.37 -1 -1 -1 -1000 -1000 -1000 -10 1
144 3 Car -1 -1 -1 960.17 181.17 1070.44 228.07 -1 -1 -1 -1000 -1000 -1000 -10 1
145 30 Car -1 -1 -1 1031.31 186.50 1159.40 227.48 -1 -1 -1 -1000 -1000 -1000 -10 1
145 26 Car -1 -1 -1 599.73 171.95 636.71 201.15 -1 -1 -1 -1000 -1000 -1000 -10 1
145 13 Car -1 -1 -1 1092.63 183.56 1229.62 232.39 -1 -1 -1 -1000 -1000 -1000 -10 1
145 3 Car -1 -1 -1 960.15 181.11 1070.09 228.10 -1 -1 -1 -1000 -1000 -1000 -10 1
146 30 Car -1 -1 -1 1031.37 186.49 1159.50 227.48 -1 -1 -1 -1000 -1000 -1000 -10 1
146 26 Car -1 -1 -1 599.71 171.76 636.55 201.15 -1 -1 -1 -1000 -1000 -1000 -10 1
146 13 Car -1 -1 -1 1092.50 183.57 1229.69 232.40 -1 -1 -1 -1000 -1000 -1000 -10 1
146 3 Car -1 -1 -1 960.08 181.14 1070.03 228.19 -1 -1 -1 -1000 -1000 -1000 -10 1
147 30 Car -1 -1 -1 1031.46 186.48 1159.42 227.43 -1 -1 -1 -1000 -1000 -1000 -10 1
147 26 Car -1 -1 -1 600.46 171.80 636.81 201.24 -1 -1 -1 -1000 -1000 -1000 -10 1
147 13 Car -1 -1 -1 1092.46 183.58 1229.70 232.41 -1 -1 -1 -1000 -1000 -1000 -10 1
147 3 Car -1 -1 -1 959.59 181.10 1069.79 228.18 -1 -1 -1 -1000 -1000 -1000 -10 1
148 30 Car -1 -1 -1 1031.34 186.46 1159.45 227.47 -1 -1 -1 -1000 -1000 -1000 -10 1
148 26 Car -1 -1 -1 601.06 171.83 636.93 201.36 -1 -1 -1 -1000 -1000 -1000 -10 1
148 13 Car -1 -1 -1 1092.57 183.56 1229.71 232.43 -1 -1 -1 -1000 -1000 -1000 -10 1
148 3 Car -1 -1 -1 959.43 181.16 1070.00 228.30 -1 -1 -1 -1000 -1000 -1000 -10 1
149 30 Car -1 -1 -1 1031.48 186.48 1159.53 227.42 -1 -1 -1 -1000 -1000 -1000 -10 1
149 26 Car -1 -1 -1 601.14 171.91 636.81 201.38 -1 -1 -1 -1000 -1000 -1000 -10 1
149 13 Car -1 -1 -1 1092.43 183.57 1229.76 232.43 -1 -1 -1 -1000 -1000 -1000 -10 1
149 3 Car -1 -1 -1 959.47 181.23 1069.86 228.42 -1 -1 -1 -1000 -1000 -1000 -10 1
150 30 Car -1 -1 -1 1031.34 186.49 1159.42 227.48 -1 -1 -1 -1000 -1000 -1000 -10 1
150 26 Car -1 -1 -1 600.41 171.99 636.46 201.73 -1 -1 -1 -1000 -1000 -1000 -10 1
150 13 Car -1 -1 -1 1092.53 183.67 1229.81 232.52 -1 -1 -1 -1000 -1000 -1000 -10 1
150 3 Car -1 -1 -1 959.39 181.25 1070.03 228.52 -1 -1 -1 -1000 -1000 -1000 -10 1
151 30 Car -1 -1 -1 1031.33 186.46 1159.28 227.39 -1 -1 -1 -1000 -1000 -1000 -10 1
151 26 Car -1 -1 -1 600.12 172.03 636.37 201.97 -1 -1 -1 -1000 -1000 -1000 -10 1
151 13 Car -1 -1 -1 1092.41 183.60 1229.74 232.45 -1 -1 -1 -1000 -1000 -1000 -10 1
151 3 Car -1 -1 -1 959.51 181.17 1070.32 228.41 -1 -1 -1 -1000 -1000 -1000 -10 1
152 30 Car -1 -1 -1 1031.50 186.51 1159.46 227.43 -1 -1 -1 -1000 -1000 -1000 -10 1
152 26 Car -1 -1 -1 600.12 171.94 636.57 202.15 -1 -1 -1 -1000 -1000 -1000 -10 1
152 13 Car -1 -1 -1 1092.38 183.62 1229.76 232.50 -1 -1 -1 -1000 -1000 -1000 -10 1
152 3 Car -1 -1 -1 956.78 183.49 1069.07 228.62 -1 -1 -1 -1000 -1000 -1000 -10 1
153 30 Car -1 -1 -1 1031.53 186.54 1159.45 227.46 -1 -1 -1 -1000 -1000 -1000 -10 1
153 26 Car -1 -1 -1 599.99 171.84 636.67 202.23 -1 -1 -1 -1000 -1000 -1000 -10 1
153 13 Car -1 -1 -1 1092.29 183.61 1229.66 232.47 -1 -1 -1 -1000 -1000 -1000 -10 1
153 3 Car -1 -1 -1 957.99 182.31 1070.32 228.04 -1 -1 -1 -1000 -1000 -1000 -10 1
154 30 Car -1 -1 -1 1031.50 186.55 1159.43 227.45 -1 -1 -1 -1000 -1000 -1000 -10 1
154 26 Car -1 -1 -1 599.95 171.84 636.89 202.40 -1 -1 -1 -1000 -1000 -1000 -10 1
154 13 Car -1 -1 -1 1092.30 183.59 1229.69 232.47 -1 -1 -1 -1000 -1000 -1000 -10 1
154 3 Car -1 -1 -1 958.53 181.81 1070.82 227.89 -1 -1 -1 -1000 -1000 -1000 -10 1
155 30 Car -1 -1 -1 1031.56 186.53 1159.43 227.40 -1 -1 -1 -1000 -1000 -1000 -10 1
155 26 Car -1 -1 -1 599.61 171.84 636.79 202.48 -1 -1 -1 -1000 -1000 -1000 -10 1
155 13 Car -1 -1 -1 1092.42 183.61 1229.74 232.50 -1 -1 -1 -1000 -1000 -1000 -10 1
155 3 Car -1 -1 -1 958.82 181.51 1071.07 227.85 -1 -1 -1 -1000 -1000 -1000 -10 1
156 30 Car -1 -1 -1 1031.64 186.52 1159.42 227.40 -1 -1 -1 -1000 -1000 -1000 -10 1
156 26 Car -1 -1 -1 599.77 171.79 637.07 202.47 -1 -1 -1 -1000 -1000 -1000 -10 1
156 13 Car -1 -1 -1 1092.19 183.57 1229.57 232.50 -1 -1 -1 -1000 -1000 -1000 -10 1
156 3 Car -1 -1 -1 959.06 181.37 1071.10 227.95 -1 -1 -1 -1000 -1000 -1000 -10 1
157 30 Car -1 -1 -1 1031.61 186.48 1159.46 227.47 -1 -1 -1 -1000 -1000 -1000 -10 1
157 26 Car -1 -1 -1 599.90 171.74 637.19 202.45 -1 -1 -1 -1000 -1000 -1000 -10 1
157 13 Car -1 -1 -1 1092.32 183.61 1229.67 232.55 -1 -1 -1 -1000 -1000 -1000 -10 1
157 3 Car -1 -1 -1 959.54 181.17 1071.17 227.75 -1 -1 -1 -1000 -1000 -1000 -10 1
158 30 Car -1 -1 -1 1031.79 186.49 1159.53 227.48 -1 -1 -1 -1000 -1000 -1000 -10 1
158 26 Car -1 -1 -1 599.66 171.68 636.92 202.32 -1 -1 -1 -1000 -1000 -1000 -10 1
158 13 Car -1 -1 -1 1092.24 183.60 1229.77 232.48 -1 -1 -1 -1000 -1000 -1000 -10 1
158 3 Car -1 -1 -1 956.01 183.45 1070.20 227.87 -1 -1 -1 -1000 -1000 -1000 -10 1
159 30 Car -1 -1 -1 1031.77 186.53 1159.47 227.51 -1 -1 -1 -1000 -1000 -1000 -10 1
159 26 Car -1 -1 -1 600.63 172.18 637.20 202.78 -1 -1 -1 -1000 -1000 -1000 -10 1
159 13 Car -1 -1 -1 1092.33 183.64 1229.82 232.53 -1 -1 -1 -1000 -1000 -1000 -10 1
159 3 Car -1 -1 -1 957.47 182.20 1071.36 227.37 -1 -1 -1 -1000 -1000 -1000 -10 1
160 30 Car -1 -1 -1 1031.81 186.57 1159.52 227.50 -1 -1 -1 -1000 -1000 -1000 -10 1
160 26 Car -1 -1 -1 601.89 172.29 637.75 202.62 -1 -1 -1 -1000 -1000 -1000 -10 1
160 13 Car -1 -1 -1 1092.44 183.61 1229.92 232.53 -1 -1 -1 -1000 -1000 -1000 -10 1
160 3 Car -1 -1 -1 958.62 181.53 1072.02 226.78 -1 -1 -1 -1000 -1000 -1000 -10 1
161 30 Car -1 -1 -1 1031.63 186.61 1159.51 227.50 -1 -1 -1 -1000 -1000 -1000 -10 1
161 26 Car -1 -1 -1 601.64 172.40 637.27 202.59 -1 -1 -1 -1000 -1000 -1000 -10 1
161 13 Car -1 -1 -1 1092.27 183.65 1229.73 232.55 -1 -1 -1 -1000 -1000 -1000 -10 1
161 3 Car -1 -1 -1 955.49 183.89 1070.72 227.27 -1 -1 -1 -1000 -1000 -1000 -10 1
162 30 Car -1 -1 -1 1031.56 186.56 1159.52 227.51 -1 -1 -1 -1000 -1000 -1000 -10 1
162 26 Car -1 -1 -1 601.39 172.47 637.10 202.59 -1 -1 -1 -1000 -1000 -1000 -10 1
162 13 Car -1 -1 -1 1092.15 183.59 1229.58 232.46 -1 -1 -1 -1000 -1000 -1000 -10 1
162 3 Car -1 -1 -1 953.79 184.84 1070.63 226.95 -1 -1 -1 -1000 -1000 -1000 -10 1
163 30 Car -1 -1 -1 1031.53 186.56 1159.68 227.52 -1 -1 -1 -1000 -1000 -1000 -10 1
163 26 Car -1 -1 -1 601.43 172.36 637.11 202.36 -1 -1 -1 -1000 -1000 -1000 -10 1
163 13 Car -1 -1 -1 1092.47 183.57 1229.79 232.48 -1 -1 -1 -1000 -1000 -1000 -10 1
163 3 Car -1 -1 -1 952.74 185.45 1070.92 226.85 -1 -1 -1 -1000 -1000 -1000 -10 1
164 30 Car -1 -1 -1 1031.33 186.48 1159.60 227.54 -1 -1 -1 -1000 -1000 -1000 -10 1
164 26 Car -1 -1 -1 601.63 172.02 637.47 202.15 -1 -1 -1 -1000 -1000 -1000 -10 1
164 13 Car -1 -1 -1 1092.56 183.55 1229.87 232.49 -1 -1 -1 -1000 -1000 -1000 -10 1
164 3 Car -1 -1 -1 952.02 185.58 1071.26 227.10 -1 -1 -1 -1000 -1000 -1000 -10 1
165 30 Car -1 -1 -1 1031.55 186.55 1159.55 227.51 -1 -1 -1 -1000 -1000 -1000 -10 1
165 26 Car -1 -1 -1 601.13 172.13 637.34 202.65 -1 -1 -1 -1000 -1000 -1000 -10 1
165 13 Car -1 -1 -1 1092.43 183.46 1229.84 232.36 -1 -1 -1 -1000 -1000 -1000 -10 1
165 3 Car -1 -1 -1 955.83 182.80 1073.64 225.29 -1 -1 -1 -1000 -1000 -1000 -10 1
166 30 Car -1 -1 -1 1031.52 186.59 1159.36 227.47 -1 -1 -1 -1000 -1000 -1000 -10 1
166 26 Car -1 -1 -1 600.97 172.16 637.56 202.98 -1 -1 -1 -1000 -1000 -1000 -10 1
166 13 Car -1 -1 -1 1092.35 183.47 1229.77 232.26 -1 -1 -1 -1000 -1000 -1000 -10 1
166 3 Car -1 -1 -1 958.60 181.93 1073.72 224.81 -1 -1 -1 -1000 -1000 -1000 -10 1
167 31 Car -1 -1 -1 516.35 166.93 546.15 190.16 -1 -1 -1 -1000 -1000 -1000 -10 1
167 30 Car -1 -1 -1 1031.21 186.67 1159.25 227.56 -1 -1 -1 -1000 -1000 -1000 -10 1
167 26 Car -1 -1 -1 601.51 172.50 638.11 203.34 -1 -1 -1 -1000 -1000 -1000 -10 1
167 13 Car -1 -1 -1 1092.39 183.51 1229.69 232.37 -1 -1 -1 -1000 -1000 -1000 -10 1
167 3 Car -1 -1 -1 959.66 181.99 1074.22 225.46 -1 -1 -1 -1000 -1000 -1000 -10 1
168 30 Car -1 -1 -1 1031.27 186.64 1159.56 227.54 -1 -1 -1 -1000 -1000 -1000 -10 1
168 26 Car -1 -1 -1 601.82 173.51 638.38 204.35 -1 -1 -1 -1000 -1000 -1000 -10 1
168 13 Car -1 -1 -1 1092.15 183.51 1229.58 232.32 -1 -1 -1 -1000 -1000 -1000 -10 1
168 3 Car -1 -1 -1 953.53 184.01 1071.25 227.04 -1 -1 -1 -1000 -1000 -1000 -10 1
169 30 Car -1 -1 -1 1031.12 186.54 1159.58 227.53 -1 -1 -1 -1000 -1000 -1000 -10 1
169 26 Car -1 -1 -1 602.54 174.18 639.08 205.08 -1 -1 -1 -1000 -1000 -1000 -10 1
169 13 Car -1 -1 -1 1092.25 183.49 1229.41 232.32 -1 -1 -1 -1000 -1000 -1000 -10 1
169 3 Car -1 -1 -1 956.88 185.39 1071.49 228.86 -1 -1 -1 -1000 -1000 -1000 -10 1
170 30 Car -1 -1 -1 1030.57 186.52 1159.31 227.38 -1 -1 -1 -1000 -1000 -1000 -10 1
170 26 Car -1 -1 -1 600.27 172.89 637.30 203.95 -1 -1 -1 -1000 -1000 -1000 -10 1
170 13 Car -1 -1 -1 1091.95 183.50 1229.27 232.27 -1 -1 -1 -1000 -1000 -1000 -10 1
170 3 Car -1 -1 -1 958.56 184.15 1068.37 229.27 -1 -1 -1 -1000 -1000 -1000 -10 1
171 30 Car -1 -1 -1 1030.63 186.64 1159.98 227.21 -1 -1 -1 -1000 -1000 -1000 -10 1
171 26 Car -1 -1 -1 599.14 172.39 636.73 203.77 -1 -1 -1 -1000 -1000 -1000 -10 1
171 13 Car -1 -1 -1 1091.59 183.49 1229.30 232.33 -1 -1 -1 -1000 -1000 -1000 -10 1
171 3 Car -1 -1 -1 954.30 184.92 1065.41 229.85 -1 -1 -1 -1000 -1000 -1000 -10 1
172 30 Car -1 -1 -1 1030.04 186.61 1160.38 227.09 -1 -1 -1 -1000 -1000 -1000 -10 1
172 26 Car -1 -1 -1 599.88 172.37 637.74 204.30 -1 -1 -1 -1000 -1000 -1000 -10 1
172 13 Car -1 -1 -1 1091.05 183.56 1228.99 232.53 -1 -1 -1 -1000 -1000 -1000 -10 1
172 3 Car -1 -1 -1 953.73 185.31 1064.75 229.74 -1 -1 -1 -1000 -1000 -1000 -10 1
173 30 Car -1 -1 -1 1030.00 186.56 1160.51 227.35 -1 -1 -1 -1000 -1000 -1000 -10 1
173 26 Car -1 -1 -1 600.86 172.02 638.62 203.52 -1 -1 -1 -1000 -1000 -1000 -10 1
173 13 Car -1 -1 -1 1090.79 183.59 1229.04 232.62 -1 -1 -1 -1000 -1000 -1000 -10 1
173 3 Car -1 -1 -1 953.82 185.29 1064.21 230.06 -1 -1 -1 -1000 -1000 -1000 -10 1
174 34 Car -1 -1 -1 502.58 174.02 539.41 201.22 -1 -1 -1 -1000 -1000 -1000 -10 1
174 30 Car -1 -1 -1 1030.52 186.28 1161.24 227.04 -1 -1 -1 -1000 -1000 -1000 -10 1
174 26 Car -1 -1 -1 597.17 171.08 637.32 202.03 -1 -1 -1 -1000 -1000 -1000 -10 1
174 13 Car -1 -1 -1 1090.08 183.52 1228.98 232.57 -1 -1 -1 -1000 -1000 -1000 -10 1
174 3 Car -1 -1 -1 955.25 182.92 1062.78 230.00 -1 -1 -1 -1000 -1000 -1000 -10 1
175 35 Car -1 -1 -1 583.66 164.77 629.78 259.19 -1 -1 -1 -1000 -1000 -1000 -10 1
175 34 Car -1 -1 -1 499.88 174.17 536.50 201.49 -1 -1 -1 -1000 -1000 -1000 -10 1
175 30 Car -1 -1 -1 1029.36 186.82 1159.68 229.27 -1 -1 -1 -1000 -1000 -1000 -10 1
175 13 Car -1 -1 -1 1090.46 182.85 1227.64 231.78 -1 -1 -1 -1000 -1000 -1000 -10 1
175 3 Car -1 -1 -1 958.35 184.65 1057.51 233.75 -1 -1 -1 -1000 -1000 -1000 -10 1
176 35 Car -1 -1 -1 593.93 162.22 641.54 260.09 -1 -1 -1 -1000 -1000 -1000 -10 1
176 34 Car -1 -1 -1 488.68 174.56 529.42 204.14 -1 -1 -1 -1000 -1000 -1000 -10 1
176 30 Car -1 -1 -1 1031.16 185.55 1159.43 229.04 -1 -1 -1 -1000 -1000 -1000 -10 1
176 13 Car -1 -1 -1 1089.65 182.70 1226.27 231.37 -1 -1 -1 -1000 -1000 -1000 -10 1
176 3 Car -1 -1 -1 960.51 182.94 1058.11 233.01 -1 -1 -1 -1000 -1000 -1000 -10 1
177 35 Car -1 -1 -1 603.93 164.98 652.74 259.92 -1 -1 -1 -1000 -1000 -1000 -10 1
177 34 Car -1 -1 -1 480.90 174.55 526.20 207.00 -1 -1 -1 -1000 -1000 -1000 -10 1
177 30 Car -1 -1 -1 1033.75 184.75 1159.99 228.91 -1 -1 -1 -1000 -1000 -1000 -10 1
177 13 Car -1 -1 -1 1089.53 182.81 1227.00 231.22 -1 -1 -1 -1000 -1000 -1000 -10 1
177 3 Car -1 -1 -1 958.92 182.98 1061.05 233.41 -1 -1 -1 -1000 -1000 -1000 -10 1
178 35 Car -1 -1 -1 617.14 166.51 668.40 266.71 -1 -1 -1 -1000 -1000 -1000 -10 1
178 34 Car -1 -1 -1 471.86 175.52 521.60 210.00 -1 -1 -1 -1000 -1000 -1000 -10 1
178 30 Car -1 -1 -1 1035.23 184.49 1160.59 228.85 -1 -1 -1 -1000 -1000 -1000 -10 1
178 13 Car -1 -1 -1 1089.25 182.23 1226.91 230.50 -1 -1 -1 -1000 -1000 -1000 -10 1
178 3 Car -1 -1 -1 960.32 181.30 1064.07 231.73 -1 -1 -1 -1000 -1000 -1000 -10 1
179 34 Car -1 -1 -1 464.70 175.61 517.47 212.52 -1 -1 -1 -1000 -1000 -1000 -10 1
179 30 Car -1 -1 -1 1035.91 184.67 1159.74 229.27 -1 -1 -1 -1000 -1000 -1000 -10 1
179 13 Car -1 -1 -1 1091.76 182.09 1228.20 230.28 -1 -1 -1 -1000 -1000 -1000 -10 1
179 3 Car -1 -1 -1 959.02 182.43 1063.67 230.96 -1 -1 -1 -1000 -1000 -1000 -10 1
180 34 Car -1 -1 -1 458.80 176.17 514.42 215.65 -1 -1 -1 -1000 -1000 -1000 -10 1
180 13 Car -1 -1 -1 1091.98 182.04 1228.50 230.11 -1 -1 -1 -1000 -1000 -1000 -10 1
180 3 Car -1 -1 -1 958.11 183.14 1064.83 230.17 -1 -1 -1 -1000 -1000 -1000 -10 1
181 34 Car -1 -1 -1 448.16 176.37 507.70 219.00 -1 -1 -1 -1000 -1000 -1000 -10 1
181 13 Car -1 -1 -1 1092.81 182.28 1228.39 230.48 -1 -1 -1 -1000 -1000 -1000 -10 1
181 3 Car -1 -1 -1 959.24 182.46 1068.78 230.25 -1 -1 -1 -1000 -1000 -1000 -10 1
182 34 Car -1 -1 -1 438.44 176.08 502.66 222.61 -1 -1 -1 -1000 -1000 -1000 -10 1
182 13 Car -1 -1 -1 1093.74 181.40 1227.02 229.57 -1 -1 -1 -1000 -1000 -1000 -10 1
182 3 Car -1 -1 -1 959.79 181.38 1070.42 229.14 -1 -1 -1 -1000 -1000 -1000 -10 1
183 36 Car -1 -1 -1 599.51 173.28 638.91 199.91 -1 -1 -1 -1000 -1000 -1000 -10 1
183 34 Car -1 -1 -1 425.25 178.74 494.85 227.06 -1 -1 -1 -1000 -1000 -1000 -10 1
183 30 Car -1 -1 -1 1039.46 184.94 1154.16 228.63 -1 -1 -1 -1000 -1000 -1000 -10 1
183 13 Car -1 -1 -1 1098.99 182.61 1227.55 230.79 -1 -1 -1 -1000 -1000 -1000 -10 1
183 3 Car -1 -1 -1 960.70 181.57 1071.79 229.18 -1 -1 -1 -1000 -1000 -1000 -10 1
184 36 Car -1 -1 -1 599.73 172.10 638.22 199.62 -1 -1 -1 -1000 -1000 -1000 -10 1
184 34 Car -1 -1 -1 409.05 178.19 486.28 231.37 -1 -1 -1 -1000 -1000 -1000 -10 1
184 30 Car -1 -1 -1 1037.13 186.75 1157.14 232.73 -1 -1 -1 -1000 -1000 -1000 -10 1
184 13 Car -1 -1 -1 1100.14 184.96 1223.65 233.09 -1 -1 -1 -1000 -1000 -1000 -10 1
184 3 Car -1 -1 -1 962.02 181.70 1071.75 229.16 -1 -1 -1 -1000 -1000 -1000 -10 1
185 36 Car -1 -1 -1 601.32 173.23 638.58 201.28 -1 -1 -1 -1000 -1000 -1000 -10 1
185 34 Car -1 -1 -1 390.65 180.44 475.31 238.56 -1 -1 -1 -1000 -1000 -1000 -10 1
185 30 Car -1 -1 -1 1035.44 184.66 1156.31 229.19 -1 -1 -1 -1000 -1000 -1000 -10 1
185 13 Car -1 -1 -1 1106.42 183.48 1228.29 231.41 -1 -1 -1 -1000 -1000 -1000 -10 1
185 3 Car -1 -1 -1 961.41 181.42 1070.51 228.57 -1 -1 -1 -1000 -1000 -1000 -10 1
186 36 Car -1 -1 -1 601.32 173.20 637.87 201.62 -1 -1 -1 -1000 -1000 -1000 -10 1
186 34 Car -1 -1 -1 367.28 180.80 466.82 246.30 -1 -1 -1 -1000 -1000 -1000 -10 1
186 30 Car -1 -1 -1 1041.82 183.51 1160.36 228.60 -1 -1 -1 -1000 -1000 -1000 -10 1
186 13 Car -1 -1 -1 1101.69 183.41 1226.48 231.77 -1 -1 -1 -1000 -1000 -1000 -10 1
186 3 Car -1 -1 -1 963.81 181.35 1071.70 228.38 -1 -1 -1 -1000 -1000 -1000 -10 1
187 36 Car -1 -1 -1 601.75 173.31 637.99 202.19 -1 -1 -1 -1000 -1000 -1000 -10 1
187 34 Car -1 -1 -1 336.10 184.36 449.51 257.75 -1 -1 -1 -1000 -1000 -1000 -10 1
187 30 Car -1 -1 -1 1037.41 183.11 1159.23 227.19 -1 -1 -1 -1000 -1000 -1000 -10 1
187 13 Car -1 -1 -1 1098.45 182.76 1226.99 232.10 -1 -1 -1 -1000 -1000 -1000 -10 1
187 3 Car -1 -1 -1 958.87 183.51 1069.26 228.48 -1 -1 -1 -1000 -1000 -1000 -10 1
188 36 Car -1 -1 -1 600.43 172.47 637.52 202.31 -1 -1 -1 -1000 -1000 -1000 -10 1
188 34 Car -1 -1 -1 292.17 185.62 429.60 274.90 -1 -1 -1 -1000 -1000 -1000 -10 1
188 30 Car -1 -1 -1 1034.56 184.31 1157.28 226.75 -1 -1 -1 -1000 -1000 -1000 -10 1
188 13 Car -1 -1 -1 1102.45 182.86 1229.78 231.36 -1 -1 -1 -1000 -1000 -1000 -10 1
188 3 Car -1 -1 -1 960.17 181.99 1070.21 227.85 -1 -1 -1 -1000 -1000 -1000 -10 1
189 36 Car -1 -1 -1 599.79 172.29 636.09 202.25 -1 -1 -1 -1000 -1000 -1000 -10 1
189 34 Car -1 -1 -1 225.03 187.15 397.99 297.76 -1 -1 -1 -1000 -1000 -1000 -10 1
189 30 Car -1 -1 -1 1034.97 185.35 1159.69 226.53 -1 -1 -1 -1000 -1000 -1000 -10 1
189 13 Car -1 -1 -1 1100.45 183.89 1224.97 231.64 -1 -1 -1 -1000 -1000 -1000 -10 1
189 3 Car -1 -1 -1 957.23 184.11 1068.85 228.43 -1 -1 -1 -1000 -1000 -1000 -10 1
190 36 Car -1 -1 -1 600.66 172.37 636.69 202.29 -1 -1 -1 -1000 -1000 -1000 -10 1
190 34 Car -1 -1 -1 126.15 195.42 346.52 330.32 -1 -1 -1 -1000 -1000 -1000 -10 1
190 30 Car -1 -1 -1 1033.73 185.46 1160.02 228.29 -1 -1 -1 -1000 -1000 -1000 -10 1
190 13 Car -1 -1 -1 1101.90 186.26 1226.75 235.36 -1 -1 -1 -1000 -1000 -1000 -10 1
190 3 Car -1 -1 -1 955.34 185.07 1069.04 228.07 -1 -1 -1 -1000 -1000 -1000 -10 1
191 36 Car -1 -1 -1 600.81 172.34 636.79 202.32 -1 -1 -1 -1000 -1000 -1000 -10 1
191 34 Car -1 -1 -1 46.60 200.20 305.57 353.33 -1 -1 -1 -1000 -1000 -1000 -10 1
191 30 Car -1 -1 -1 1034.74 186.14 1161.94 227.84 -1 -1 -1 -1000 -1000 -1000 -10 1
191 13 Car -1 -1 -1 1103.51 186.25 1224.99 236.02 -1 -1 -1 -1000 -1000 -1000 -10 1
191 3 Car -1 -1 -1 953.94 185.88 1069.67 228.25 -1 -1 -1 -1000 -1000 -1000 -10 1
192 36 Car -1 -1 -1 600.86 172.07 636.94 202.12 -1 -1 -1 -1000 -1000 -1000 -10 1
192 34 Car -1 -1 -1 0.31 203.02 254.08 364.23 -1 -1 -1 -1000 -1000 -1000 -10 1
192 30 Car -1 -1 -1 1033.92 186.55 1162.11 227.56 -1 -1 -1 -1000 -1000 -1000 -10 1
192 13 Car -1 -1 -1 1107.58 183.89 1224.45 233.31 -1 -1 -1 -1000 -1000 -1000 -10 1
192 3 Car -1 -1 -1 953.44 185.75 1070.12 227.87 -1 -1 -1 -1000 -1000 -1000 -10 1
193 36 Car -1 -1 -1 601.19 172.25 637.26 202.28 -1 -1 -1 -1000 -1000 -1000 -10 1
193 30 Car -1 -1 -1 1033.41 186.58 1161.37 227.54 -1 -1 -1 -1000 -1000 -1000 -10 1
193 13 Car -1 -1 -1 1104.17 184.18 1225.40 234.07 -1 -1 -1 -1000 -1000 -1000 -10 1
193 3 Car -1 -1 -1 952.67 185.95 1070.29 228.33 -1 -1 -1 -1000 -1000 -1000 -10 1
194 36 Car -1 -1 -1 601.09 172.32 637.11 202.29 -1 -1 -1 -1000 -1000 -1000 -10 1
194 30 Car -1 -1 -1 1031.80 186.31 1160.80 227.59 -1 -1 -1 -1000 -1000 -1000 -10 1
194 13 Car -1 -1 -1 1098.65 183.63 1224.73 233.37 -1 -1 -1 -1000 -1000 -1000 -10 1
194 3 Car -1 -1 -1 958.73 185.45 1073.48 229.67 -1 -1 -1 -1000 -1000 -1000 -10 1
195 36 Car -1 -1 -1 601.03 172.36 637.08 202.30 -1 -1 -1 -1000 -1000 -1000 -10 1
195 30 Car -1 -1 -1 1030.76 185.83 1160.48 227.79 -1 -1 -1 -1000 -1000 -1000 -10 1
195 13 Car -1 -1 -1 1096.20 183.49 1225.73 233.52 -1 -1 -1 -1000 -1000 -1000 -10 1
195 3 Car -1 -1 -1 960.92 182.19 1073.17 226.37 -1 -1 -1 -1000 -1000 -1000 -10 1
196 36 Car -1 -1 -1 600.91 172.54 636.90 202.44 -1 -1 -1 -1000 -1000 -1000 -10 1
196 30 Car -1 -1 -1 1029.00 185.60 1159.85 228.01 -1 -1 -1 -1000 -1000 -1000 -10 1
196 13 Car -1 -1 -1 1093.82 183.41 1227.19 233.81 -1 -1 -1 -1000 -1000 -1000 -10 1
196 3 Car -1 -1 -1 958.64 185.63 1070.16 234.47 -1 -1 -1 -1000 -1000 -1000 -10 1
197 36 Car -1 -1 -1 600.95 172.60 636.78 202.36 -1 -1 -1 -1000 -1000 -1000 -10 1
197 30 Car -1 -1 -1 1029.45 185.99 1157.99 229.61 -1 -1 -1 -1000 -1000 -1000 -10 1
197 13 Car -1 -1 -1 1092.97 183.21 1225.59 233.46 -1 -1 -1 -1000 -1000 -1000 -10 1
197 3 Car -1 -1 -1 959.71 190.72 1072.91 242.18 -1 -1 -1 -1000 -1000 -1000 -10 1
198 36 Car -1 -1 -1 601.04 172.65 636.85 202.37 -1 -1 -1 -1000 -1000 -1000 -10 1
198 30 Car -1 -1 -1 1027.70 184.26 1156.61 230.50 -1 -1 -1 -1000 -1000 -1000 -10 1
198 13 Car -1 -1 -1 1090.72 182.53 1224.22 232.61 -1 -1 -1 -1000 -1000 -1000 -10 1
198 3 Car -1 -1 -1 957.86 186.84 1070.12 237.98 -1 -1 -1 -1000 -1000 -1000 -10 1
199 36 Car -1 -1 -1 601.11 172.70 636.90 202.39 -1 -1 -1 -1000 -1000 -1000 -10 1
199 30 Car -1 -1 -1 1028.63 184.73 1156.84 232.18 -1 -1 -1 -1000 -1000 -1000 -10 1
199 13 Car -1 -1 -1 1096.58 182.02 1225.62 231.91 -1 -1 -1 -1000 -1000 -1000 -10 1
199 3 Car -1 -1 -1 955.55 185.40 1069.63 233.94 -1 -1 -1 -1000 -1000 -1000 -10 1
200 36 Car -1 -1 -1 601.03 172.66 636.79 202.31 -1 -1 -1 -1000 -1000 -1000 -10 1
200 30 Car -1 -1 -1 1029.34 183.54 1158.03 230.43 -1 -1 -1 -1000 -1000 -1000 -10 1
200 13 Car -1 -1 -1 1089.65 189.47 1224.79 243.84 -1 -1 -1 -1000 -1000 -1000 -10 1
200 3 Car -1 -1 -1 954.36 185.01 1069.73 231.35 -1 -1 -1 -1000 -1000 -1000 -10 1
201 36 Car -1 -1 -1 601.08 172.78 636.86 202.42 -1 -1 -1 -1000 -1000 -1000 -10 1
201 30 Car -1 -1 -1 1031.06 184.77 1158.49 229.85 -1 -1 -1 -1000 -1000 -1000 -10 1
201 13 Car -1 -1 -1 1095.82 187.33 1228.75 240.89 -1 -1 -1 -1000 -1000 -1000 -10 1
201 3 Car -1 -1 -1 953.98 185.17 1069.78 229.79 -1 -1 -1 -1000 -1000 -1000 -10 1
202 36 Car -1 -1 -1 601.09 172.76 636.94 202.39 -1 -1 -1 -1000 -1000 -1000 -10 1
202 30 Car -1 -1 -1 1032.55 185.55 1160.32 229.09 -1 -1 -1 -1000 -1000 -1000 -10 1
202 13 Car -1 -1 -1 1101.69 184.53 1229.85 236.63 -1 -1 -1 -1000 -1000 -1000 -10 1
202 3 Car -1 -1 -1 953.88 185.49 1069.76 228.82 -1 -1 -1 -1000 -1000 -1000 -10 1
203 36 Car -1 -1 -1 600.97 172.66 636.87 202.31 -1 -1 -1 -1000 -1000 -1000 -10 1
203 30 Car -1 -1 -1 1032.04 185.77 1159.92 228.62 -1 -1 -1 -1000 -1000 -1000 -10 1
203 13 Car -1 -1 -1 1097.26 183.60 1226.14 235.08 -1 -1 -1 -1000 -1000 -1000 -10 1
203 3 Car -1 -1 -1 956.54 183.69 1070.89 228.13 -1 -1 -1 -1000 -1000 -1000 -10 1
204 36 Car -1 -1 -1 600.93 172.54 636.86 202.23 -1 -1 -1 -1000 -1000 -1000 -10 1
204 30 Car -1 -1 -1 1031.57 185.85 1159.64 228.31 -1 -1 -1 -1000 -1000 -1000 -10 1
204 13 Car -1 -1 -1 1094.86 182.74 1223.75 233.43 -1 -1 -1 -1000 -1000 -1000 -10 1
204 3 Car -1 -1 -1 957.63 182.51 1071.05 227.67 -1 -1 -1 -1000 -1000 -1000 -10 1
205 36 Car -1 -1 -1 600.89 172.49 636.80 202.14 -1 -1 -1 -1000 -1000 -1000 -10 1
205 30 Car -1 -1 -1 1031.39 186.09 1159.65 228.22 -1 -1 -1 -1000 -1000 -1000 -10 1
205 13 Car -1 -1 -1 1095.23 182.88 1226.10 233.06 -1 -1 -1 -1000 -1000 -1000 -10 1
205 3 Car -1 -1 -1 958.49 181.74 1071.02 227.63 -1 -1 -1 -1000 -1000 -1000 -10 1
206 36 Car -1 -1 -1 600.99 172.52 636.92 202.17 -1 -1 -1 -1000 -1000 -1000 -10 1
206 30 Car -1 -1 -1 1031.50 186.21 1159.69 228.01 -1 -1 -1 -1000 -1000 -1000 -10 1
206 13 Car -1 -1 -1 1094.46 183.13 1227.41 232.99 -1 -1 -1 -1000 -1000 -1000 -10 1
206 3 Car -1 -1 -1 958.64 181.57 1070.65 227.96 -1 -1 -1 -1000 -1000 -1000 -10 1
207 36 Car -1 -1 -1 601.04 172.55 636.95 202.15 -1 -1 -1 -1000 -1000 -1000 -10 1
207 30 Car -1 -1 -1 1031.61 186.20 1159.64 227.87 -1 -1 -1 -1000 -1000 -1000 -10 1
207 13 Car -1 -1 -1 1093.82 183.32 1227.97 232.91 -1 -1 -1 -1000 -1000 -1000 -10 1
207 3 Car -1 -1 -1 958.97 181.27 1070.33 227.99 -1 -1 -1 -1000 -1000 -1000 -10 1
208 36 Car -1 -1 -1 601.13 172.63 637.05 202.17 -1 -1 -1 -1000 -1000 -1000 -10 1
208 30 Car -1 -1 -1 1031.50 186.29 1159.42 227.85 -1 -1 -1 -1000 -1000 -1000 -10 1
208 13 Car -1 -1 -1 1093.38 183.40 1228.45 232.79 -1 -1 -1 -1000 -1000 -1000 -10 1
208 3 Car -1 -1 -1 959.26 181.09 1070.34 228.05 -1 -1 -1 -1000 -1000 -1000 -10 1
209 36 Car -1 -1 -1 601.04 172.69 636.95 202.24 -1 -1 -1 -1000 -1000 -1000 -10 1
209 30 Car -1 -1 -1 1031.81 186.32 1159.44 227.64 -1 -1 -1 -1000 -1000 -1000 -10 1
209 13 Car -1 -1 -1 1092.90 183.43 1228.77 232.63 -1 -1 -1 -1000 -1000 -1000 -10 1
209 3 Car -1 -1 -1 959.40 181.14 1070.14 228.16 -1 -1 -1 -1000 -1000 -1000 -10 1
210 36 Car -1 -1 -1 601.00 172.66 636.95 202.25 -1 -1 -1 -1000 -1000 -1000 -10 1
210 30 Car -1 -1 -1 1032.00 186.38 1159.48 227.54 -1 -1 -1 -1000 -1000 -1000 -10 1
210 13 Car -1 -1 -1 1092.53 183.53 1229.04 232.57 -1 -1 -1 -1000 -1000 -1000 -10 1
210 3 Car -1 -1 -1 959.34 181.06 1070.09 228.19 -1 -1 -1 -1000 -1000 -1000 -10 1
211 36 Car -1 -1 -1 600.96 172.62 636.92 202.20 -1 -1 -1 -1000 -1000 -1000 -10 1
211 30 Car -1 -1 -1 1031.92 186.41 1159.30 227.45 -1 -1 -1 -1000 -1000 -1000 -10 1
211 13 Car -1 -1 -1 1092.26 183.59 1229.09 232.53 -1 -1 -1 -1000 -1000 -1000 -10 1
211 3 Car -1 -1 -1 959.46 181.05 1069.88 228.16 -1 -1 -1 -1000 -1000 -1000 -10 1
212 36 Car -1 -1 -1 600.86 172.50 636.87 202.10 -1 -1 -1 -1000 -1000 -1000 -10 1
212 30 Car -1 -1 -1 1031.90 186.49 1159.19 227.38 -1 -1 -1 -1000 -1000 -1000 -10 1
212 13 Car -1 -1 -1 1092.42 183.62 1229.32 232.46 -1 -1 -1 -1000 -1000 -1000 -10 1
212 3 Car -1 -1 -1 959.46 181.25 1069.72 228.31 -1 -1 -1 -1000 -1000 -1000 -10 1
213 36 Car -1 -1 -1 600.80 172.35 636.84 201.99 -1 -1 -1 -1000 -1000 -1000 -10 1
213 30 Car -1 -1 -1 1031.72 186.51 1159.08 227.38 -1 -1 -1 -1000 -1000 -1000 -10 1
213 13 Car -1 -1 -1 1092.20 183.59 1229.41 232.41 -1 -1 -1 -1000 -1000 -1000 -10 1
213 3 Car -1 -1 -1 959.51 181.22 1069.65 228.31 -1 -1 -1 -1000 -1000 -1000 -10 1
