0 4 Car -1 -1 -1 1024.88 180.85 1153.80 236.06 -1 -1 -1 -1000 -1000 -1000 -10 1
0 3 Car -1 -1 -1 602.30 171.53 637.74 201.09 -1 -1 -1 -1000 -1000 -1000 -10 1
0 2 Car -1 -1 -1 1104.66 182.61 1222.83 233.04 -1 -1 -1 -1000 -1000 -1000 -10 1
0 1 Car -1 -1 -1 952.33 186.07 1071.17 229.83 -1 -1 -1 -1000 -1000 -1000 -10 1
1 4 Car -1 -1 -1 1031.82 184.46 1164.36 236.61 -1 -1 -1 -1000 -1000 -1000 -10 1
1 3 Car -1 -1 -1 602.55 171.54 637.94 200.99 -1 -1 -1 -1000 -1000 -1000 -10 1
1 2 Car -1 -1 -1 1097.00 183.76 1220.23 233.55 -1 -1 -1 -1000 -1000 -1000 -10 1
1 1 Car -1 -1 -1 957.77 181.65 1077.34 228.38 -1 -1 -1 -1000 -1000 -1000 -10 1
2 4 Car -1 -1 -1 1034.42 185.52 1159.73 234.61 -1 -1 -1 -1000 -1000 -1000 -10 1
2 3 Car -1 -1 -1 602.35 171.71 637.70 201.09 -1 -1 -1 -1000 -1000 -1000 -10 1
2 2 Car -1 -1 -1 1095.69 183.41 1222.16 233.25 -1 -1 -1 -1000 -1000 -1000 -10 1
3 4 Car -1 -1 -1 1032.64 184.13 1158.25 230.49 -1 -1 -1 -1000 -1000 -1000 -10 1
3 3 Car -1 -1 -1 602.28 171.88 637.92 201.35 -1 -1 -1 -1000 -1000 -1000 -10 1
3 2 Car -1 -1 -1 1092.09 183.03 1226.46 234.31 -1 -1 -1 -1000 -1000 -1000 -10 1
4 4 Car -1 -1 -1 1033.46 184.97 1157.55 228.83 -1 -1 -1 -1000 -1000 -1000 -10 1
4 3 Car -1 -1 -1 602.13 171.84 637.77 201.17 -1 -1 -1 -1000 -1000 -1000 -10 1
4 2 Car -1 -1 -1 1091.65 183.17 1228.53 234.43 -1 -1 -1 -1000 -1000 -1000 -10 1
5 4 Car -1 -1 -1 1034.60 185.81 1157.66 227.76 -1 -1 -1 -1000 -1000 -1000 -10 1
5 3 Car -1 -1 -1 602.15 172.06 637.37 201.03 -1 -1 -1 -1000 -1000 -1000 -10 1
5 2 Car -1 -1 -1 1093.73 183.26 1229.47 234.26 -1 -1 -1 -1000 -1000 -1000 -10 1
5 1 Car -1 -1 -1 961.53 181.00 1068.55 231.36 -1 -1 -1 -1000 -1000 -1000 -10 1
6 4 Car -1 -1 -1 1036.05 186.48 1157.33 226.71 -1 -1 -1 -1000 -1000 -1000 -10 1
6 3 Car -1 -1 -1 601.67 171.85 636.82 200.60 -1 -1 -1 -1000 -1000 -1000 -10 1
6 2 Car -1 -1 -1 1094.25 182.73 1226.35 231.86 -1 -1 -1 -1000 -1000 -1000 -10 1
6 1 Car -1 -1 -1 957.06 182.86 1068.21 229.99 -1 -1 -1 -1000 -1000 -1000 -10 1
7 4 Car -1 -1 -1 1036.14 186.94 1155.20 226.40 -1 -1 -1 -1000 -1000 -1000 -10 1
7 3 Car -1 -1 -1 601.81 171.87 636.71 200.31 -1 -1 -1 -1000 -1000 -1000 -10 1
7 2 Car -1 -1 -1 1100.46 183.52 1220.21 230.24 -1 -1 -1 -1000 -1000 -1000 -10 1
7 1 Car -1 -1 -1 956.56 184.54 1067.38 228.92 -1 -1 -1 -1000 -1000 -1000 -10 1
8 4 Car -1 -1 -1 1037.75 186.48 1156.54 225.45 -1 -1 -1 -1000 -1000 -1000 -10 1
8 3 Car -1 -1 -1 601.93 172.31 636.82 200.62 -1 -1 -1 -1000 -1000 -1000 -10 1
8 2 Car -1 -1 -1 1098.92 183.89 1220.79 231.32 -1 -1 -1 -1000 -1000 -1000 -10 1
8 1 Car -1 -1 -1 954.97 185.45 1068.39 227.98 -1 -1 -1 -1000 -1000 -1000 -10 1
9 4 Car -1 -1 -1 1034.46 186.78 1156.89 226.83 -1 -1 -1 -1000 -1000 -1000 -10 1
9 3 Car -1 -1 -1 602.16 172.22 637.11 200.63 -1 -1 -1 -1000 -1000 -1000 -10 1
9 2 Car -1 -1 -1 1096.04 184.05 1223.81 232.57 -1 -1 -1 -1000 -1000 -1000 -10 1
9 1 Car -1 -1 -1 954.16 185.64 1068.64 228.18 -1 -1 -1 -1000 -1000 -1000 -10 1
10 4 Car -1 -1 -1 1033.45 186.99 1156.81 226.62 -1 -1 -1 -1000 -1000 -1000 -10 1
10 3 Car -1 -1 -1 601.18 171.40 636.06 200.05 -1 -1 -1 -1000 -1000 -1000 -10 1
10 2 Car -1 -1 -1 1095.04 183.80 1226.70 232.65 -1 -1 -1 -1000 -1000 -1000 -10 1
10 1 Car -1 -1 -1 962.47 182.40 1060.11 223.40 -1 -1 -1 -1000 -1000 -1000 -10 1
11 4 Car -1 -1 -1 1033.74 186.96 1158.15 226.59 -1 -1 -1 -1000 -1000 -1000 -10 1
11 3 Car -1 -1 -1 601.65 171.12 636.58 200.25 -1 -1 -1 -1000 -1000 -1000 -10 1
11 2 Car -1 -1 -1 1093.77 183.57 1227.89 232.64 -1 -1 -1 -1000 -1000 -1000 -10 1
11 1 Car -1 -1 -1 960.38 185.35 1061.91 225.23 -1 -1 -1 -1000 -1000 -1000 -10 1
12 4 Car -1 -1 -1 1033.68 186.94 1158.65 226.61 -1 -1 -1 -1000 -1000 -1000 -10 1
12 3 Car -1 -1 -1 602.71 171.44 637.61 200.76 -1 -1 -1 -1000 -1000 -1000 -10 1
12 2 Car -1 -1 -1 1092.86 183.54 1228.80 232.67 -1 -1 -1 -1000 -1000 -1000 -10 1
12 1 Car -1 -1 -1 958.33 185.67 1064.39 225.99 -1 -1 -1 -1000 -1000 -1000 -10 1
13 4 Car -1 -1 -1 1033.50 187.00 1158.92 226.71 -1 -1 -1 -1000 -1000 -1000 -10 1
13 3 Car -1 -1 -1 603.01 171.24 637.67 200.46 -1 -1 -1 -1000 -1000 -1000 -10 1
13 2 Car -1 -1 -1 1092.27 183.63 1229.34 232.78 -1 -1 -1 -1000 -1000 -1000 -10 1
13 1 Car -1 -1 -1 956.42 185.71 1066.57 226.10 -1 -1 -1 -1000 -1000 -1000 -10 1
14 4 Car -1 -1 -1 1033.38 187.03 1159.08 226.64 -1 -1 -1 -1000 -1000 -1000 -10 1
14 3 Car -1 -1 -1 602.83 171.30 637.32 200.48 -1 -1 -1 -1000 -1000 -1000 -10 1
14 2 Car -1 -1 -1 1092.12 183.65 1230.03 232.81 -1 -1 -1 -1000 -1000 -1000 -10 1
14 1 Car -1 -1 -1 955.83 186.26 1067.46 226.24 -1 -1 -1 -1000 -1000 -1000 -10 1
15 4 Car -1 -1 -1 1033.15 186.98 1159.33 226.70 -1 -1 -1 -1000 -1000 -1000 -10 1
15 3 Car -1 -1 -1 603.34 170.45 638.73 199.91 -1 -1 -1 -1000 -1000 -1000 -10 1
15 2 Car -1 -1 -1 1091.99 183.51 1230.35 232.69 -1 -1 -1 -1000 -1000 -1000 -10 1
15 1 Car -1 -1 -1 958.93 183.56 1069.09 225.46 -1 -1 -1 -1000 -1000 -1000 -10 1
16 4 Car -1 -1 -1 1033.16 187.06 1159.35 226.74 -1 -1 -1 -1000 -1000 -1000 -10 1
16 3 Car -1 -1 -1 601.30 171.51 638.02 200.19 -1 -1 -1 -1000 -1000 -1000 -10 1
16 2 Car -1 -1 -1 1091.55 183.55 1230.45 232.43 -1 -1 -1 -1000 -1000 -1000 -10 1
16 1 Car -1 -1 -1 959.59 182.43 1069.42 225.87 -1 -1 -1 -1000 -1000 -1000 -10 1
17 4 Car -1 -1 -1 1033.09 187.09 1159.32 226.81 -1 -1 -1 -1000 -1000 -1000 -10 1
17 3 Car -1 -1 -1 602.27 170.49 639.07 199.83 -1 -1 -1 -1000 -1000 -1000 -10 1
17 2 Car -1 -1 -1 1091.19 183.46 1230.20 232.04 -1 -1 -1 -1000 -1000 -1000 -10 1
17 1 Car -1 -1 -1 959.86 181.82 1069.44 226.37 -1 -1 -1 -1000 -1000 -1000 -10 1
18 4 Car -1 -1 -1 1033.28 187.02 1159.41 226.76 -1 -1 -1 -1000 -1000 -1000 -10 1
18 3 Car -1 -1 -1 600.58 171.36 638.69 200.40 -1 -1 -1 -1000 -1000 -1000 -10 1
18 2 Car -1 -1 -1 1092.71 183.99 1231.52 232.78 -1 -1 -1 -1000 -1000 -1000 -10 1
18 1 Car -1 -1 -1 959.97 181.42 1069.61 226.82 -1 -1 -1 -1000 -1000 -1000 -10 1
19 4 Car -1 -1 -1 1034.40 187.62 1161.36 226.60 -1 -1 -1 -1000 -1000 -1000 -10 1
19 2 Car -1 -1 -1 1094.93 183.70 1229.80 233.14 -1 -1 -1 -1000 -1000 -1000 -10 1
19 1 Car -1 -1 -1 960.31 180.83 1069.82 227.06 -1 -1 -1 -1000 -1000 -1000 -10 1
20 4 Car -1 -1 -1 1033.00 187.19 1159.65 227.74 -1 -1 -1 -1000 -1000 -1000 -10 1
20 2 Car -1 -1 -1 1099.09 183.94 1228.63 233.91 -1 -1 -1 -1000 -1000 -1000 -10 1
20 1 Car -1 -1 -1 959.75 180.31 1068.84 227.16 -1 -1 -1 -1000 -1000 -1000 -10 1
21 1 Car -1 -1 -1 962.56 182.25 1074.57 228.12 -1 -1 -1 -1000 -1000 -1000 -10 1
22 1 Car -1 -1 -1 958.50 183.87 1069.65 229.80 -1 -1 -1 -1000 -1000 -1000 -10 1
23 7 Car -1 -1 -1 1008.21 147.04 1120.12 317.74 -1 -1 -1 -1000 -1000 -1000 -10 1
23 1 Car -1 -1 -1 956.75 184.32 1076.06 235.99 -1 -1 -1 -1000 -1000 -1000 -10 1
24 2 Car -1 -1 -1 1100.18 181.86 1222.38 232.12 -1 -1 -1 -1000 -1000 -1000 -10 1
24 1 Car -1 -1 -1 953.12 188.17 1085.77 250.89 -1 -1 -1 -1000 -1000 -1000 -10 1
25 2 Car -1 -1 -1 1096.98 181.73 1219.91 231.37 -1 -1 -1 -1000 -1000 -1000 -10 1
26 2 Car -1 -1 -1 1094.60 182.40 1223.38 231.95 -1 -1 -1 -1000 -1000 -1000 -10 1
27 8 Car -1 -1 -1 548.68 158.65 602.90 262.41 -1 -1 -1 -1000 -1000 -1000 -10 1
27 2 Car -1 -1 -1 1093.99 183.12 1225.49 232.35 -1 -1 -1 -1000 -1000 -1000 -10 1
28 8 Car -1 -1 -1 550.33 161.28 600.45 257.38 -1 -1 -1 -1000 -1000 -1000 -10 1
28 2 Car -1 -1 -1 1092.49 182.94 1226.39 231.89 -1 -1 -1 -1000 -1000 -1000 -10 1
28 1 Car -1 -1 -1 950.33 180.30 1070.26 242.06 -1 -1 -1 -1000 -1000 -1000 -10 1
29 10 Car -1 -1 -1 1031.50 185.50 1160.32 228.53 -1 -1 -1 -1000 -1000 -1000 -10 1
29 8 Car -1 -1 -1 544.33 155.01 605.49 246.54 -1 -1 -1 -1000 -1000 -1000 -10 1
29 2 Car -1 -1 -1 1092.51 183.34 1227.70 232.25 -1 -1 -1 -1000 -1000 -1000 -10 1
29 1 Car -1 -1 -1 950.09 180.25 1071.63 236.53 -1 -1 -1 -1000 -1000 -1000 -10 1
30 10 Car -1 -1 -1 1030.29 185.94 1160.23 228.16 -1 -1 -1 -1000 -1000 -1000 -10 1
30 2 Car -1 -1 -1 1092.47 183.50 1228.30 232.56 -1 -1 -1 -1000 -1000 -1000 -10 1
30 1 Car -1 -1 -1 951.74 180.97 1066.83 235.65 -1 -1 -1 -1000 -1000 -1000 -10 1
31 10 Car -1 -1 -1 1031.05 186.13 1160.82 227.88 -1 -1 -1 -1000 -1000 -1000 -10 1
31 2 Car -1 -1 -1 1092.08 183.33 1228.40 232.35 -1 -1 -1 -1000 -1000 -1000 -10 1
31 1 Car -1 -1 -1 951.93 182.90 1068.05 233.19 -1 -1 -1 -1000 -1000 -1000 -10 1
32 10 Car -1 -1 -1 1031.45 186.34 1160.94 227.68 -1 -1 -1 -1000 -1000 -1000 -10 1
32 2 Car -1 -1 -1 1091.91 183.10 1228.73 231.79 -1 -1 -1 -1000 -1000 -1000 -10 1
32 1 Car -1 -1 -1 951.87 183.18 1069.70 229.70 -1 -1 -1 -1000 -1000 -1000 -10 1
33 12 Car -1 -1 -1 606.38 162.23 655.79 243.78 -1 -1 -1 -1000 -1000 -1000 -10 1
33 10 Car -1 -1 -1 1032.55 186.72 1160.93 227.38 -1 -1 -1 -1000 -1000 -1000 -10 1
33 2 Car -1 -1 -1 1091.49 183.99 1228.41 232.91 -1 -1 -1 -1000 -1000 -1000 -10 1
33 1 Car -1 -1 -1 956.12 181.36 1069.79 228.00 -1 -1 -1 -1000 -1000 -1000 -10 1
34 12 Car -1 -1 -1 596.73 162.84 657.22 243.29 -1 -1 -1 -1000 -1000 -1000 -10 1
34 10 Car -1 -1 -1 1033.84 187.06 1162.12 227.13 -1 -1 -1 -1000 -1000 -1000 -10 1
34 2 Car -1 -1 -1 1090.90 184.67 1227.05 233.90 -1 -1 -1 -1000 -1000 -1000 -10 1
34 1 Car -1 -1 -1 959.01 180.31 1071.17 227.37 -1 -1 -1 -1000 -1000 -1000 -10 1
35 12 Car -1 -1 -1 612.37 161.54 668.32 244.55 -1 -1 -1 -1000 -1000 -1000 -10 1
35 10 Car -1 -1 -1 1033.43 186.42 1161.16 227.07 -1 -1 -1 -1000 -1000 -1000 -10 1
35 1 Car -1 -1 -1 959.52 180.08 1071.00 227.73 -1 -1 -1 -1000 -1000 -1000 -10 1
36 10 Car -1 -1 -1 1032.35 186.85 1170.24 232.57 -1 -1 -1 -1000 -1000 -1000 -10 1
36 1 Car -1 -1 -1 961.94 181.45 1074.09 228.55 -1 -1 -1 -1000 -1000 -1000 -10 1
37 10 Car -1 -1 -1 1021.38 186.57 1159.67 234.51 -1 -1 -1 -1000 -1000 -1000 -10 1
37 1 Car -1 -1 -1 961.14 182.59 1073.91 230.91 -1 -1 -1 -1000 -1000 -1000 -10 1
38 10 Car -1 -1 -1 1026.92 186.53 1161.65 236.14 -1 -1 -1 -1000 -1000 -1000 -10 1
38 1 Car -1 -1 -1 958.10 183.21 1069.50 231.10 -1 -1 -1 -1000 -1000 -1000 -10 1
39 10 Car -1 -1 -1 1024.33 188.53 1158.65 242.95 -1 -1 -1 -1000 -1000 -1000 -10 1
39 1 Car -1 -1 -1 960.82 187.91 1078.39 240.08 -1 -1 -1 -1000 -1000 -1000 -10 1
40 10 Car -1 -1 -1 1024.68 186.19 1155.80 242.99 -1 -1 -1 -1000 -1000 -1000 -10 1
40 2 Car -1 -1 -1 1093.34 182.25 1223.99 234.35 -1 -1 -1 -1000 -1000 -1000 -10 1
40 1 Car -1 -1 -1 956.91 191.57 1073.51 250.32 -1 -1 -1 -1000 -1000 -1000 -10 1
41 12 Car -1 -1 -1 585.24 161.35 640.90 272.03 -1 -1 -1 -1000 -1000 -1000 -10 1
41 10 Car -1 -1 -1 1026.58 183.84 1159.82 236.37 -1 -1 -1 -1000 -1000 -1000 -10 1
41 2 Car -1 -1 -1 1091.62 182.36 1225.60 233.96 -1 -1 -1 -1000 -1000 -1000 -10 1
42 12 Car -1 -1 -1 576.01 160.84 630.71 276.16 -1 -1 -1 -1000 -1000 -1000 -10 1
42 10 Car -1 -1 -1 1028.30 183.52 1161.84 232.94 -1 -1 -1 -1000 -1000 -1000 -10 1
42 2 Car -1 -1 -1 1092.20 182.57 1227.40 233.52 -1 -1 -1 -1000 -1000 -1000 -10 1
43 10 Car -1 -1 -1 1029.35 183.89 1161.96 230.91 -1 -1 -1 -1000 -1000 -1000 -10 1
43 2 Car -1 -1 -1 1092.16 182.78 1228.21 233.16 -1 -1 -1 -1000 -1000 -1000 -10 1
44 10 Car -1 -1 -1 1029.72 184.34 1161.81 229.70 -1 -1 -1 -1000 -1000 -1000 -10 1
44 2 Car -1 -1 -1 1092.11 182.98 1228.93 232.88 -1 -1 -1 -1000 -1000 -1000 -10 1
44 1 Car -1 -1 -1 955.86 183.19 1071.07 236.43 -1 -1 -1 -1000 -1000 -1000 -10 1
45 10 Car -1 -1 -1 1030.26 184.89 1161.38 229.14 -1 -1 -1 -1000 -1000 -1000 -10 1
45 2 Car -1 -1 -1 1092.44 183.13 1229.39 232.65 -1 -1 -1 -1000 -1000 -1000 -10 1
45 1 Car -1 -1 -1 953.23 183.32 1071.13 232.94 -1 -1 -1 -1000 -1000 -1000 -10 1
46 10 Car -1 -1 -1 1030.63 185.36 1161.12 228.56 -1 -1 -1 -1000 -1000 -1000 -10 1
46 2 Car -1 -1 -1 1092.32 183.37 1229.72 232.58 -1 -1 -1 -1000 -1000 -1000 -10 1
46 1 Car -1 -1 -1 952.82 183.31 1070.96 230.18 -1 -1 -1 -1000 -1000 -1000 -10 1
47 10 Car -1 -1 -1 1030.86 185.69 1160.97 228.27 -1 -1 -1 -1000 -1000 -1000 -10 1
47 2 Car -1 -1 -1 1092.14 183.45 1229.86 232.55 -1 -1 -1 -1000 -1000 -1000 -10 1
47 1 Car -1 -1 -1 955.45 181.36 1070.91 228.40 -1 -1 -1 -1000 -1000 -1000 -10 1
48 16 Car -1 -1 -1 571.60 158.25 619.30 259.86 -1 -1 -1 -1000 -1000 -1000 -10 1
48 10 Car -1 -1 -1 1031.05 185.92 1160.74 227.97 -1 -1 -1 -1000 -1000 -1000 -10 1
48 2 Car -1 -1 -1 1092.34 183.47 1230.27 232.44 -1 -1 -1 -1000 -1000 -1000 -10 1
48 1 Car -1 -1 -1 958.65 180.98 1068.22 227.92 -1 -1 -1 -1000 -1000 -1000 -10 1
49 10 Car -1 -1 -1 1031.30 186.20 1160.80 227.75 -1 -1 -1 -1000 -1000 -1000 -10 1
49 2 Car -1 -1 -1 1091.99 183.50 1230.13 232.32 -1 -1 -1 -1000 -1000 -1000 -10 1
49 1 Car -1 -1 -1 961.02 180.45 1068.66 227.47 -1 -1 -1 -1000 -1000 -1000 -10 1
50 10 Car -1 -1 -1 1031.45 186.35 1160.76 227.59 -1 -1 -1 -1000 -1000 -1000 -10 1
50 2 Car -1 -1 -1 1091.67 183.53 1230.05 232.25 -1 -1 -1 -1000 -1000 -1000 -10 1
50 1 Car -1 -1 -1 962.22 180.27 1068.32 227.47 -1 -1 -1 -1000 -1000 -1000 -10 1
51 10 Car -1 -1 -1 1031.42 186.43 1160.66 227.44 -1 -1 -1 -1000 -1000 -1000 -10 1
51 2 Car -1 -1 -1 1091.70 183.56 1230.16 232.28 -1 -1 -1 -1000 -1000 -1000 -10 1
51 1 Car -1 -1 -1 963.49 179.72 1067.53 226.93 -1 -1 -1 -1000 -1000 -1000 -10 1
52 10 Car -1 -1 -1 1031.53 186.56 1160.82 227.48 -1 -1 -1 -1000 -1000 -1000 -10 1
52 2 Car -1 -1 -1 1091.75 183.36 1230.32 232.21 -1 -1 -1 -1000 -1000 -1000 -10 1
52 1 Car -1 -1 -1 963.22 179.87 1067.01 227.21 -1 -1 -1 -1000 -1000 -1000 -10 1
53 10 Car -1 -1 -1 1031.54 186.73 1160.55 227.52 -1 -1 -1 -1000 -1000 -1000 -10 1
53 2 Car -1 -1 -1 1091.49 183.36 1230.19 232.23 -1 -1 -1 -1000 -1000 -1000 -10 1
53 1 Car -1 -1 -1 963.04 180.59 1067.07 228.48 -1 -1 -1 -1000 -1000 -1000 -10 1
54 17 Car -1 -1 -1 599.64 172.31 637.89 201.12 -1 -1 -1 -1000 -1000 -1000 -10 1
54 10 Car -1 -1 -1 1031.52 186.81 1160.62 227.60 -1 -1 -1 -1000 -1000 -1000 -10 1
54 2 Car -1 -1 -1 1090.45 183.31 1226.92 232.35 -1 -1 -1 -1000 -1000 -1000 -10 1
54 1 Car -1 -1 -1 961.75 181.10 1066.66 229.32 -1 -1 -1 -1000 -1000 -1000 -10 1
55 17 Car -1 -1 -1 601.60 172.51 640.19 201.64 -1 -1 -1 -1000 -1000 -1000 -10 1
55 10 Car -1 -1 -1 1031.86 186.86 1160.39 227.60 -1 -1 -1 -1000 -1000 -1000 -10 1
55 2 Car -1 -1 -1 1093.63 184.63 1228.86 234.24 -1 -1 -1 -1000 -1000 -1000 -10 1
55 1 Car -1 -1 -1 962.28 180.91 1067.89 229.34 -1 -1 -1 -1000 -1000 -1000 -10 1
56 10 Car -1 -1 -1 1033.75 186.81 1162.88 227.82 -1 -1 -1 -1000 -1000 -1000 -10 1
56 2 Car -1 -1 -1 1095.46 190.97 1232.77 245.27 -1 -1 -1 -1000 -1000 -1000 -10 1
56 1 Car -1 -1 -1 962.82 179.76 1068.13 227.86 -1 -1 -1 -1000 -1000 -1000 -10 1
57 10 Car -1 -1 -1 1030.63 186.99 1160.98 229.96 -1 -1 -1 -1000 -1000 -1000 -10 1
57 1 Car -1 -1 -1 958.85 182.33 1067.41 227.85 -1 -1 -1 -1000 -1000 -1000 -10 1
58 10 Car -1 -1 -1 1030.28 187.02 1159.11 230.43 -1 -1 -1 -1000 -1000 -1000 -10 1
58 1 Car -1 -1 -1 956.25 184.02 1067.51 229.64 -1 -1 -1 -1000 -1000 -1000 -10 1
59 1 Car -1 -1 -1 963.58 182.12 1071.07 229.93 -1 -1 -1 -1000 -1000 -1000 -10 1
60 19 Car -1 -1 -1 596.48 162.52 643.57 269.91 -1 -1 -1 -1000 -1000 -1000 -10 1
60 2 Car -1 -1 -1 1104.77 181.03 1222.71 231.16 -1 -1 -1 -1000 -1000 -1000 -10 1
60 1 Car -1 -1 -1 965.09 184.50 1070.58 234.95 -1 -1 -1 -1000 -1000 -1000 -10 1
61 19 Car -1 -1 -1 587.35 162.66 634.22 268.25 -1 -1 -1 -1000 -1000 -1000 -10 1
61 2 Car -1 -1 -1 1106.34 181.61 1224.10 231.09 -1 -1 -1 -1000 -1000 -1000 -10 1
62 10 Car -1 -1 -1 1031.67 182.79 1158.03 228.76 -1 -1 -1 -1000 -1000 -1000 -10 1
62 2 Car -1 -1 -1 1100.98 182.53 1223.72 231.52 -1 -1 -1 -1000 -1000 -1000 -10 1
63 10 Car -1 -1 -1 1031.05 185.40 1155.12 232.66 -1 -1 -1 -1000 -1000 -1000 -10 1
63 2 Car -1 -1 -1 1099.13 182.78 1222.87 231.53 -1 -1 -1 -1000 -1000 -1000 -10 1
64 10 Car -1 -1 -1 1028.35 185.55 1153.43 234.91 -1 -1 -1 -1000 -1000 -1000 -10 1
64 2 Car -1 -1 -1 1095.94 183.25 1219.59 231.40 -1 -1 -1 -1000 -1000 -1000 -10 1
65 10 Car -1 -1 -1 1027.47 190.93 1156.69 245.70 -1 -1 -1 -1000 -1000 -1000 -10 1
65 2 Car -1 -1 -1 1100.04 183.20 1222.53 231.62 -1 -1 -1 -1000 -1000 -1000 -10 1
66 10 Car -1 -1 -1 1028.52 186.01 1157.16 239.43 -1 -1 -1 -1000 -1000 -1000 -10 1
66 2 Car -1 -1 -1 1100.81 182.08 1223.14 230.47 -1 -1 -1 -1000 -1000 -1000 -10 1
66 1 Car -1 -1 -1 963.79 182.37 1074.25 233.81 -1 -1 -1 -1000 -1000 -1000 -10 1
67 10 Car -1 -1 -1 1030.82 183.46 1157.28 234.16 -1 -1 -1 -1000 -1000 -1000 -10 1
67 2 Car -1 -1 -1 1089.99 181.51 1215.97 229.95 -1 -1 -1 -1000 -1000 -1000 -10 1
67 1 Car -1 -1 -1 957.83 183.42 1070.91 231.48 -1 -1 -1 -1000 -1000 -1000 -10 1
68 23 Car -1 -1 -1 600.37 170.74 636.44 202.30 -1 -1 -1 -1000 -1000 -1000 -10 1
68 10 Car -1 -1 -1 1031.97 183.20 1157.57 231.91 -1 -1 -1 -1000 -1000 -1000 -10 1
68 2 Car -1 -1 -1 1087.36 192.65 1225.77 249.59 -1 -1 -1 -1000 -1000 -1000 -10 1
68 1 Car -1 -1 -1 960.81 181.71 1073.44 229.53 -1 -1 -1 -1000 -1000 -1000 -10 1
69 23 Car -1 -1 -1 599.04 170.84 635.97 201.11 -1 -1 -1 -1000 -1000 -1000 -10 1
69 10 Car -1 -1 -1 1033.36 183.76 1159.90 230.53 -1 -1 -1 -1000 -1000 -1000 -10 1
69 2 Car -1 -1 -1 1092.20 188.81 1229.53 245.05 -1 -1 -1 -1000 -1000 -1000 -10 1
69 1 Car -1 -1 -1 957.11 183.40 1070.42 228.99 -1 -1 -1 -1000 -1000 -1000 -10 1
70 23 Car -1 -1 -1 598.69 171.09 636.28 200.59 -1 -1 -1 -1000 -1000 -1000 -10 1
70 10 Car -1 -1 -1 1033.32 184.54 1160.34 229.39 -1 -1 -1 -1000 -1000 -1000 -10 1
70 2 Car -1 -1 -1 1092.01 184.70 1227.31 238.56 -1 -1 -1 -1000 -1000 -1000 -10 1
70 1 Car -1 -1 -1 955.54 184.24 1069.38 228.49 -1 -1 -1 -1000 -1000 -1000 -10 1
71 23 Car -1 -1 -1 601.06 172.19 637.63 202.69 -1 -1 -1 -1000 -1000 -1000 -10 1
71 10 Car -1 -1 -1 1032.60 185.24 1159.88 228.86 -1 -1 -1 -1000 -1000 -1000 -10 1
71 2 Car -1 -1 -1 1091.77 182.51 1225.61 235.18 -1 -1 -1 -1000 -1000 -1000 -10 1
71 1 Car -1 -1 -1 955.04 184.91 1068.88 228.18 -1 -1 -1 -1000 -1000 -1000 -10 1
72 23 Car -1 -1 -1 601.42 171.67 638.11 202.91 -1 -1 -1 -1000 -1000 -1000 -10 1
72 10 Car -1 -1 -1 1032.42 185.66 1159.79 228.39 -1 -1 -1 -1000 -1000 -1000 -10 1
72 2 Car -1 -1 -1 1092.83 182.82 1227.74 234.34 -1 -1 -1 -1000 -1000 -1000 -10 1
72 1 Car -1 -1 -1 957.37 182.89 1068.90 227.32 -1 -1 -1 -1000 -1000 -1000 -10 1
73 23 Car -1 -1 -1 600.90 171.39 638.75 202.56 -1 -1 -1 -1000 -1000 -1000 -10 1
73 10 Car -1 -1 -1 1032.05 185.91 1159.70 228.11 -1 -1 -1 -1000 -1000 -1000 -10 1
73 2 Car -1 -1 -1 1092.90 182.68 1228.72 233.32 -1 -1 -1 -1000 -1000 -1000 -10 1
73 1 Car -1 -1 -1 958.71 181.92 1068.94 227.13 -1 -1 -1 -1000 -1000 -1000 -10 1
74 23 Car -1 -1 -1 600.08 171.14 639.51 202.51 -1 -1 -1 -1000 -1000 -1000 -10 1
74 10 Car -1 -1 -1 1032.30 186.10 1159.88 227.84 -1 -1 -1 -1000 -1000 -1000 -10 1
74 2 Car -1 -1 -1 1092.33 182.91 1229.16 232.92 -1 -1 -1 -1000 -1000 -1000 -10 1
74 1 Car -1 -1 -1 956.83 184.06 1068.20 227.76 -1 -1 -1 -1000 -1000 -1000 -10 1
75 23 Car -1 -1 -1 603.30 171.63 644.21 207.09 -1 -1 -1 -1000 -1000 -1000 -10 1
75 10 Car -1 -1 -1 1032.18 186.29 1159.63 227.61 -1 -1 -1 -1000 -1000 -1000 -10 1
75 2 Car -1 -1 -1 1092.04 183.11 1229.42 232.67 -1 -1 -1 -1000 -1000 -1000 -10 1
75 1 Car -1 -1 -1 956.04 185.08 1068.01 227.79 -1 -1 -1 -1000 -1000 -1000 -10 1
76 10 Car -1 -1 -1 1031.93 186.43 1159.69 227.51 -1 -1 -1 -1000 -1000 -1000 -10 1
76 2 Car -1 -1 -1 1091.89 183.25 1229.78 232.49 -1 -1 -1 -1000 -1000 -1000 -10 1
76 1 Car -1 -1 -1 955.47 185.58 1068.18 227.61 -1 -1 -1 -1000 -1000 -1000 -10 1
77 10 Car -1 -1 -1 1032.18 186.50 1159.84 227.33 -1 -1 -1 -1000 -1000 -1000 -10 1
77 2 Car -1 -1 -1 1091.44 183.35 1229.77 232.37 -1 -1 -1 -1000 -1000 -1000 -10 1
77 1 Car -1 -1 -1 957.70 183.35 1069.28 226.65 -1 -1 -1 -1000 -1000 -1000 -10 1
78 10 Car -1 -1 -1 1032.40 186.63 1160.02 227.34 -1 -1 -1 -1000 -1000 -1000 -10 1
78 2 Car -1 -1 -1 1091.51 183.43 1229.89 232.35 -1 -1 -1 -1000 -1000 -1000 -10 1
78 1 Car -1 -1 -1 956.27 184.86 1068.51 227.38 -1 -1 -1 -1000 -1000 -1000 -10 1
79 10 Car -1 -1 -1 1032.17 186.64 1159.70 227.30 -1 -1 -1 -1000 -1000 -1000 -10 1
79 2 Car -1 -1 -1 1091.16 183.53 1229.79 232.31 -1 -1 -1 -1000 -1000 -1000 -10 1
79 1 Car -1 -1 -1 958.15 183.03 1069.14 226.62 -1 -1 -1 -1000 -1000 -1000 -10 1
80 10 Car -1 -1 -1 1032.17 186.63 1159.96 227.25 -1 -1 -1 -1000 -1000 -1000 -10 1
80 2 Car -1 -1 -1 1091.31 183.64 1229.90 232.32 -1 -1 -1 -1000 -1000 -1000 -10 1
80 1 Car -1 -1 -1 959.17 182.18 1069.33 226.64 -1 -1 -1 -1000 -1000 -1000 -10 1
81 10 Car -1 -1 -1 1032.18 186.71 1159.99 227.21 -1 -1 -1 -1000 -1000 -1000 -10 1
81 2 Car -1 -1 -1 1091.47 183.67 1230.13 232.33 -1 -1 -1 -1000 -1000 -1000 -10 1
81 1 Car -1 -1 -1 957.04 184.25 1068.39 227.55 -1 -1 -1 -1000 -1000 -1000 -10 1
82 27 Car -1 -1 -1 552.45 160.98 604.60 274.25 -1 -1 -1 -1000 -1000 -1000 -10 1
82 10 Car -1 -1 -1 1032.27 186.79 1160.11 227.18 -1 -1 -1 -1000 -1000 -1000 -10 1
82 2 Car -1 -1 -1 1091.64 183.77 1230.41 232.39 -1 -1 -1 -1000 -1000 -1000 -10 1
82 1 Car -1 -1 -1 958.47 182.55 1068.98 226.79 -1 -1 -1 -1000 -1000 -1000 -10 1
83 27 Car -1 -1 -1 548.90 164.22 599.24 272.03 -1 -1 -1 -1000 -1000 -1000 -10 1
83 10 Car -1 -1 -1 1032.15 186.67 1160.22 227.20 -1 -1 -1 -1000 -1000 -1000 -10 1
83 2 Car -1 -1 -1 1091.75 183.74 1230.58 232.52 -1 -1 -1 -1000 -1000 -1000 -10 1
83 1 Car -1 -1 -1 956.64 184.33 1068.38 227.51 -1 -1 -1 -1000 -1000 -1000 -10 1
84 10 Car -1 -1 -1 1032.05 186.72 1160.27 227.21 -1 -1 -1 -1000 -1000 -1000 -10 1
84 2 Car -1 -1 -1 1091.53 183.71 1230.43 232.46 -1 -1 -1 -1000 -1000 -1000 -10 1
84 1 Car -1 -1 -1 955.85 185.25 1068.25 227.77 -1 -1 -1 -1000 -1000 -1000 -10 1
85 29 Car -1 -1 -1 599.78 171.67 636.46 202.72 -1 -1 -1 -1000 -1000 -1000 -10 1
85 10 Car -1 -1 -1 1031.98 186.79 1160.29 227.21 -1 -1 -1 -1000 -1000 -1000 -10 1
85 2 Car -1 -1 -1 1091.55 183.68 1230.41 232.47 -1 -1 -1 -1000 -1000 -1000 -10 1
85 1 Car -1 -1 -1 955.29 185.71 1068.45 227.63 -1 -1 -1 -1000 -1000 -1000 -10 1
86 29 Car -1 -1 -1 598.79 171.83 635.53 202.87 -1 -1 -1 -1000 -1000 -1000 -10 1
86 10 Car -1 -1 -1 1031.86 186.80 1160.34 227.20 -1 -1 -1 -1000 -1000 -1000 -10 1
86 2 Car -1 -1 -1 1091.44 183.73 1230.48 232.49 -1 -1 -1 -1000 -1000 -1000 -10 1
86 1 Car -1 -1 -1 954.97 185.88 1068.65 227.52 -1 -1 -1 -1000 -1000 -1000 -10 1
