0 2 Car -1 -1 -1 1051.49 178.22 1197.05 224.47 -1 -1 -1 -1000 -1000 -1000 -10 1
0 1 Car -1 -1 -1 560.63 161.99 602.53 201.13 -1 -1 -1 -1000 -1000 -1000 -10 1
1 4 Car -1 -1 -1 576.82 161.36 609.97 223.51 -1 -1 -1 -1000 -1000 -1000 -10 1
1 3 Car -1 -1 -1 910.06 181.21 1015.28 220.44 -1 -1 -1 -1000 -1000 -1000 -10 1
1 2 Car -1 -1 -1 1070.52 180.98 1220.83 229.59 -1 -1 -1 -1000 -1000 -1000 -10 1
1 1 Car -1 -1 -1 559.60 160.90 601.33 203.21 -1 -1 -1 -1000 -1000 -1000 -10 1
2 4 Car -1 -1 -1 581.40 158.88 617.64 220.64 -1 -1 -1 -1000 -1000 -1000 -10 1
2 3 Car -1 -1 -1 910.30 184.50 1019.77 221.90 -1 -1 -1 -1000 -1000 -1000 -10 1
2 2 Car -1 -1 -1 1079.08 183.58 1230.58 232.94 -1 -1 -1 -1000 -1000 -1000 -10 1
2 1 Car -1 -1 -1 563.48 160.93 609.67 205.82 -1 -1 -1 -1000 -1000 -1000 -10 1
3 2 Car -1 -1 -1 1087.91 182.63 1231.59 232.26 -1 -1 -1 -1000 -1000 -1000 -10 1
3 1 Car -1 -1 -1 566.56 161.44 621.14 213.19 -1 -1 -1 -1000 -1000 -1000 -10 1
4 2 Car -1 -1 -1 1102.47 183.55 1236.03 232.50 -1 -1 -1 -1000 -1000 -1000 -10 1
4 1 Car -1 -1 -1 561.30 162.51 624.64 218.17 -1 -1 -1 -1000 -1000 -1000 -10 1
5 2 Car -1 -1 -1 1112.90 179.95 1239.28 227.79 -1 -1 -1 -1000 -1000 -1000 -10 1
5 1 Car -1 -1 -1 564.82 161.53 632.01 218.60 -1 -1 -1 -1000 -1000 -1000 -10 1
6 2 Car -1 -1 -1 1120.40 180.16 1234.13 226.32 -1 -1 -1 -1000 -1000 -1000 -10 1
6 1 Car -1 -1 -1 568.15 162.71 643.37 219.34 -1 -1 -1 -1000 -1000 -1000 -10 1
7 2 Car -1 -1 -1 1128.63 176.18 1234.67 223.85 -1 -1 -1 -1000 -1000 -1000 -10 1
8 2 Car -1 -1 -1 1142.38 171.87 1239.19 223.28 -1 -1 -1 -1000 -1000 -1000 -10 1
9 7 Car -1 -1 -1 962.01 187.55 1056.19 224.68 -1 -1 -1 -1000 -1000 -1000 -10 1
10 7 Car -1 -1 -1 965.30 184.11 1059.11 221.71 -1 -1 -1 -1000 -1000 -1000 -10 1
10 1 Car -1 -1 -1 593.64 169.51 701.90 224.85 -1 -1 -1 -1000 -1000 -1000 -10 1
11 7 Car -1 -1 -1 962.89 182.84 1061.13 221.85 -1 -1 -1 -1000 -1000 -1000 -10 1
11 1 Car -1 -1 -1 604.31 168.88 721.77 225.84 -1 -1 -1 -1000 -1000 -1000 -10 1
12 7 Car -1 -1 -1 971.79 181.24 1076.78 222.82 -1 -1 -1 -1000 -1000 -1000 -10 1
12 3 Car -1 -1 -1 1017.69 181.41 1151.26 232.65 -1 -1 -1 -1000 -1000 -1000 -10 1
12 1 Car -1 -1 -1 611.59 165.96 735.66 228.91 -1 -1 -1 -1000 -1000 -1000 -10 1
13 10 Car -1 -1 -1 1104.36 186.69 1233.98 233.91 -1 -1 -1 -1000 -1000 -1000 -10 1
13 7 Car -1 -1 -1 973.79 178.26 1081.04 220.83 -1 -1 -1 -1000 -1000 -1000 -10 1
13 3 Car -1 -1 -1 1029.19 180.19 1163.17 228.11 -1 -1 -1 -1000 -1000 -1000 -10 1
14 10 Car -1 -1 -1 1105.03 188.79 1234.26 236.39 -1 -1 -1 -1000 -1000 -1000 -10 1
14 7 Car -1 -1 -1 973.17 176.35 1083.67 219.69 -1 -1 -1 -1000 -1000 -1000 -10 1
14 3 Car -1 -1 -1 1035.50 179.86 1170.46 226.75 -1 -1 -1 -1000 -1000 -1000 -10 1
15 10 Car -1 -1 -1 1117.24 186.06 1236.78 230.86 -1 -1 -1 -1000 -1000 -1000 -10 1
15 7 Car -1 -1 -1 975.59 175.45 1088.74 219.60 -1 -1 -1 -1000 -1000 -1000 -10 1
15 3 Car -1 -1 -1 1036.53 181.41 1168.46 228.90 -1 -1 -1 -1000 -1000 -1000 -10 1
16 7 Car -1 -1 -1 976.71 175.19 1093.20 221.78 -1 -1 -1 -1000 -1000 -1000 -10 1
16 3 Car -1 -1 -1 1048.61 182.18 1186.12 228.42 -1 -1 -1 -1000 -1000 -1000 -10 1
17 7 Car -1 -1 -1 981.71 176.54 1102.98 224.65 -1 -1 -1 -1000 -1000 -1000 -10 1
17 3 Car -1 -1 -1 1053.79 182.42 1195.86 231.21 -1 -1 -1 -1000 -1000 -1000 -10 1
18 7 Car -1 -1 -1 984.73 179.55 1109.79 227.71 -1 -1 -1 -1000 -1000 -1000 -10 1
18 3 Car -1 -1 -1 1056.84 183.81 1198.66 231.25 -1 -1 -1 -1000 -1000 -1000 -10 1
18 1 Car -1 -1 -1 729.37 165.71 903.57 250.06 -1 -1 -1 -1000 -1000 -1000 -10 1
19 7 Car -1 -1 -1 989.87 181.83 1115.78 230.14 -1 -1 -1 -1000 -1000 -1000 -10 1
19 3 Car -1 -1 -1 1065.74 182.38 1208.42 230.12 -1 -1 -1 -1000 -1000 -1000 -10 1
19 1 Car -1 -1 -1 762.98 162.38 930.23 241.96 -1 -1 -1 -1000 -1000 -1000 -10 1
20 12 Car -1 -1 -1 521.52 177.13 563.37 208.15 -1 -1 -1 -1000 -1000 -1000 -10 1
20 7 Car -1 -1 -1 1001.08 182.16 1122.15 230.08 -1 -1 -1 -1000 -1000 -1000 -10 1
20 3 Car -1 -1 -1 1069.41 182.83 1214.49 231.83 -1 -1 -1 -1000 -1000 -1000 -10 1
20 1 Car -1 -1 -1 779.04 172.92 945.96 258.06 -1 -1 -1 -1000 -1000 -1000 -10 1
21 7 Car -1 -1 -1 994.56 181.63 1120.26 229.93 -1 -1 -1 -1000 -1000 -1000 -10 1
21 3 Car -1 -1 -1 1072.20 184.16 1217.02 234.56 -1 -1 -1 -1000 -1000 -1000 -10 1
22 7 Car -1 -1 -1 1000.04 184.52 1133.50 233.89 -1 -1 -1 -1000 -1000 -1000 -10 1
22 3 Car -1 -1 -1 1083.06 184.22 1223.95 234.71 -1 -1 -1 -1000 -1000 -1000 -10 1
23 7 Car -1 -1 -1 964.62 190.84 1107.73 247.93 -1 -1 -1 -1000 -1000 -1000 -10 1
23 3 Car -1 -1 -1 1053.92 185.38 1196.06 237.04 -1 -1 -1 -1000 -1000 -1000 -10 1
24 7 Car -1 -1 -1 942.22 188.07 1101.90 254.71 -1 -1 -1 -1000 -1000 -1000 -10 1
24 3 Car -1 -1 -1 1068.28 182.50 1210.23 236.83 -1 -1 -1 -1000 -1000 -1000 -10 1
25 3 Car -1 -1 -1 1096.59 181.41 1234.00 242.48 -1 -1 -1 -1000 -1000 -1000 -10 1
26 18 Car -1 -1 -1 485.49 182.31 534.34 218.01 -1 -1 -1 -1000 -1000 -1000 -10 1
27 19 Car -1 -1 -1 1041.25 162.88 1234.81 255.70 -1 -1 -1 -1000 -1000 -1000 -10 1
27 18 Car -1 -1 -1 482.99 183.81 532.17 222.90 -1 -1 -1 -1000 -1000 -1000 -10 1
28 19 Car -1 -1 -1 1059.09 164.23 1238.51 253.37 -1 -1 -1 -1000 -1000 -1000 -10 1
28 18 Car -1 -1 -1 469.33 186.34 523.98 235.03 -1 -1 -1 -1000 -1000 -1000 -10 1
29 19 Car -1 -1 -1 1076.04 167.20 1232.86 247.47 -1 -1 -1 -1000 -1000 -1000 -10 1
30 19 Car -1 -1 -1 1096.27 171.63 1243.38 251.42 -1 -1 -1 -1000 -1000 -1000 -10 1
31 19 Car -1 -1 -1 1097.88 175.28 1233.97 249.13 -1 -1 -1 -1000 -1000 -1000 -10 1
32 19 Car -1 -1 -1 1118.74 176.69 1237.27 240.80 -1 -1 -1 -1000 -1000 -1000 -10 1
33 19 Car -1 -1 -1 1112.79 181.32 1224.73 240.61 -1 -1 -1 -1000 -1000 -1000 -10 1
34 19 Car -1 -1 -1 1107.98 185.90 1219.14 240.49 -1 -1 -1 -1000 -1000 -1000 -10 1
35 19 Car -1 -1 -1 1116.76 186.85 1224.89 238.19 -1 -1 -1 -1000 -1000 -1000 -10 1
36 19 Car -1 -1 -1 1117.49 188.86 1224.33 240.63 -1 -1 -1 -1000 -1000 -1000 -10 1
37 24 Car -1 -1 -1 399.78 178.38 504.75 253.92 -1 -1 -1 -1000 -1000 -1000 -10 1
37 19 Car -1 -1 -1 1106.75 189.22 1219.27 243.20 -1 -1 -1 -1000 -1000 -1000 -10 1
38 24 Car -1 -1 -1 385.44 178.72 499.68 257.08 -1 -1 -1 -1000 -1000 -1000 -10 1
38 19 Car -1 -1 -1 1090.48 186.91 1213.20 242.12 -1 -1 -1 -1000 -1000 -1000 -10 1
39 24 Car -1 -1 -1 371.08 180.78 493.07 262.47 -1 -1 -1 -1000 -1000 -1000 -10 1
40 24 Car -1 -1 -1 356.43 183.02 484.13 268.39 -1 -1 -1 -1000 -1000 -1000 -10 1
41 24 Car -1 -1 -1 337.30 181.69 479.37 278.72 -1 -1 -1 -1000 -1000 -1000 -10 1
42 24 Car -1 -1 -1 315.10 185.74 468.04 287.99 -1 -1 -1 -1000 -1000 -1000 -10 1
43 24 Car -1 -1 -1 289.74 187.52 455.31 297.26 -1 -1 -1 -1000 -1000 -1000 -10 1
44 24 Car -1 -1 -1 257.95 187.26 443.27 309.48 -1 -1 -1 -1000 -1000 -1000 -10 1
45 24 Car -1 -1 -1 217.95 189.83 425.93 325.42 -1 -1 -1 -1000 -1000 -1000 -10 1
46 29 Car -1 -1 -1 1104.36 185.90 1221.09 236.09 -1 -1 -1 -1000 -1000 -1000 -10 1
46 24 Car -1 -1 -1 171.24 196.21 401.84 345.29 -1 -1 -1 -1000 -1000 -1000 -10 1
47 29 Car -1 -1 -1 1106.02 187.43 1222.91 239.00 -1 -1 -1 -1000 -1000 -1000 -10 1
47 24 Car -1 -1 -1 98.30 194.49 374.45 359.75 -1 -1 -1 -1000 -1000 -1000 -10 1
48 29 Car -1 -1 -1 1106.06 188.29 1223.48 239.69 -1 -1 -1 -1000 -1000 -1000 -10 1
48 24 Car -1 -1 -1 40.43 193.30 361.35 368.01 -1 -1 -1 -1000 -1000 -1000 -10 1
49 29 Car -1 -1 -1 1103.64 188.03 1222.53 239.09 -1 -1 -1 -1000 -1000 -1000 -10 1
49 24 Car -1 -1 -1 10.59 192.54 350.00 371.34 -1 -1 -1 -1000 -1000 -1000 -10 1
50 29 Car -1 -1 -1 1102.57 187.45 1222.81 238.11 -1 -1 -1 -1000 -1000 -1000 -10 1
50 24 Car -1 -1 -1 -8.45 194.00 337.49 374.34 -1 -1 -1 -1000 -1000 -1000 -10 1
51 29 Car -1 -1 -1 1102.57 188.91 1224.50 238.99 -1 -1 -1 -1000 -1000 -1000 -10 1
51 24 Car -1 -1 -1 -28.25 197.30 304.34 374.00 -1 -1 -1 -1000 -1000 -1000 -10 1
52 29 Car -1 -1 -1 1103.44 189.32 1226.08 239.07 -1 -1 -1 -1000 -1000 -1000 -10 1
52 24 Car -1 -1 -1 -46.19 206.81 247.30 379.65 -1 -1 -1 -1000 -1000 -1000 -10 1
53 29 Car -1 -1 -1 1104.76 184.20 1226.35 235.31 -1 -1 -1 -1000 -1000 -1000 -10 1
54 29 Car -1 -1 -1 1111.35 183.62 1229.61 233.17 -1 -1 -1 -1000 -1000 -1000 -10 1
55 33 Car -1 -1 -1 1046.61 180.93 1185.83 234.42 -1 -1 -1 -1000 -1000 -1000 -10 1
56 34 Car -1 -1 -1 622.34 175.74 657.93 204.66 -1 -1 -1 -1000 -1000 -1000 -10 1
57 34 Car -1 -1 -1 623.86 175.80 662.21 205.13 -1 -1 -1 -1000 -1000 -1000 -10 1
58 34 Car -1 -1 -1 624.69 175.61 665.81 205.82 -1 -1 -1 -1000 -1000 -1000 -10 1
71 43 Car -1 -1 -1 611.03 174.43 660.88 212.36 -1 -1 -1 -1000 -1000 -1000 -10 1
72 43 Car -1 -1 -1 611.48 173.73 662.06 212.12 -1 -1 -1 -1000 -1000 -1000 -10 1
73 43 Car -1 -1 -1 611.03 173.13 660.91 211.22 -1 -1 -1 -1000 -1000 -1000 -10 1
74 43 Car -1 -1 -1 615.32 174.60 664.20 211.97 -1 -1 -1 -1000 -1000 -1000 -10 1
75 43 Car -1 -1 -1 618.59 177.36 668.24 215.68 -1 -1 -1 -1000 -1000 -1000 -10 1
76 43 Car -1 -1 -1 620.96 178.48 672.37 218.34 -1 -1 -1 -1000 -1000 -1000 -10 1
77 43 Car -1 -1 -1 623.13 179.50 675.04 219.68 -1 -1 -1 -1000 -1000 -1000 -10 1
78 43 Car -1 -1 -1 625.94 177.85 679.76 219.30 -1 -1 -1 -1000 -1000 -1000 -10 1
79 43 Car -1 -1 -1 628.51 175.71 684.64 218.53 -1 -1 -1 -1000 -1000 -1000 -10 1
83 43 Car -1 -1 -1 636.45 177.04 696.35 220.76 -1 -1 -1 -1000 -1000 -1000 -10 1
84 43 Car -1 -1 -1 637.42 174.49 698.74 219.58 -1 -1 -1 -1000 -1000 -1000 -10 1
85 43 Car -1 -1 -1 638.78 172.81 701.18 219.47 -1 -1 -1 -1000 -1000 -1000 -10 1
86 43 Car -1 -1 -1 637.93 172.58 703.34 221.48 -1 -1 -1 -1000 -1000 -1000 -10 1
