17 1 Car -1 -1 -1 471.95 169.73 499.89 190.18 -1 -1 -1 -1000 -1000 -1000 -10 1
18 1 Car -1 -1 -1 474.25 171.29 503.38 192.38 -1 -1 -1 -1000 -1000 -1000 -10 1
19 1 Car -1 -1 -1 477.65 169.36 510.49 191.80 -1 -1 -1 -1000 -1000 -1000 -10 1
20 2 Car -1 -1 -1 404.58 174.89 436.63 195.91 -1 -1 -1 -1000 -1000 -1000 -10 1
20 1 Car -1 -1 -1 482.68 168.63 517.44 191.57 -1 -1 -1 -1000 -1000 -1000 -10 1
21 2 Car -1 -1 -1 399.50 173.53 431.10 193.87 -1 -1 -1 -1000 -1000 -1000 -10 1
22 2 Car -1 -1 -1 395.17 173.25 426.22 193.32 -1 -1 -1 -1000 -1000 -1000 -10 1
23 2 Car -1 -1 -1 396.20 172.54 426.86 192.12 -1 -1 -1 -1000 -1000 -1000 -10 1
24 2 Car -1 -1 -1 398.07 172.55 429.98 192.73 -1 -1 -1 -1000 -1000 -1000 -10 1
25 2 Car -1 -1 -1 402.55 174.18 436.06 195.61 -1 -1 -1 -1000 -1000 -1000 -10 1
26 3 Car -1 -1 -1 550.69 171.40 603.17 195.86 -1 -1 -1 -1000 -1000 -1000 -10 1
26 2 Car -1 -1 -1 403.56 173.51 437.54 195.02 -1 -1 -1 -1000 -1000 -1000 -10 1
27 3 Car -1 -1 -1 568.67 169.51 620.48 195.33 -1 -1 -1 -1000 -1000 -1000 -10 1
27 2 Car -1 -1 -1 404.11 170.74 443.04 192.87 -1 -1 -1 -1000 -1000 -1000 -10 1
28 3 Car -1 -1 -1 583.96 171.46 639.35 196.76 -1 -1 -1 -1000 -1000 -1000 -10 1
28 2 Car -1 -1 -1 409.15 173.28 448.80 196.46 -1 -1 -1 -1000 -1000 -1000 -10 1
29 3 Car -1 -1 -1 601.68 174.15 659.11 200.91 -1 -1 -1 -1000 -1000 -1000 -10 1
29 2 Car -1 -1 -1 413.05 175.52 453.67 199.12 -1 -1 -1 -1000 -1000 -1000 -10 1
31 3 Car -1 -1 -1 649.88 173.35 710.81 201.42 -1 -1 -1 -1000 -1000 -1000 -10 1
32 3 Car -1 -1 -1 670.63 171.96 733.09 200.73 -1 -1 -1 -1000 -1000 -1000 -10 1
33 3 Car -1 -1 -1 693.92 169.41 757.72 199.11 -1 -1 -1 -1000 -1000 -1000 -10 1
34 3 Car -1 -1 -1 718.24 169.96 781.87 199.37 -1 -1 -1 -1000 -1000 -1000 -10 1
35 3 Car -1 -1 -1 743.67 171.11 811.69 201.28 -1 -1 -1 -1000 -1000 -1000 -10 1
36 3 Car -1 -1 -1 773.71 170.11 845.66 201.57 -1 -1 -1 -1000 -1000 -1000 -10 1
37 3 Car -1 -1 -1 799.57 168.37 880.75 201.53 -1 -1 -1 -1000 -1000 -1000 -10 1
38 5 Car -1 -1 -1 453.03 169.79 550.37 205.04 -1 -1 -1 -1000 -1000 -1000 -10 1
38 3 Car -1 -1 -1 829.99 166.98 916.65 201.52 -1 -1 -1 -1000 -1000 -1000 -10 1
39 5 Car -1 -1 -1 467.49 170.81 559.59 206.41 -1 -1 -1 -1000 -1000 -1000 -10 1
39 3 Car -1 -1 -1 863.74 166.37 950.35 200.89 -1 -1 -1 -1000 -1000 -1000 -10 1
40 5 Car -1 -1 -1 477.36 170.40 557.23 205.00 -1 -1 -1 -1000 -1000 -1000 -10 1
40 3 Car -1 -1 -1 890.01 165.81 982.74 202.24 -1 -1 -1 -1000 -1000 -1000 -10 1
41 5 Car -1 -1 -1 490.87 167.87 583.43 206.99 -1 -1 -1 -1000 -1000 -1000 -10 1
41 3 Car -1 -1 -1 921.49 164.64 1017.40 201.26 -1 -1 -1 -1000 -1000 -1000 -10 1
42 5 Car -1 -1 -1 507.45 166.83 603.05 208.38 -1 -1 -1 -1000 -1000 -1000 -10 1
42 3 Car -1 -1 -1 953.60 161.99 1052.25 200.41 -1 -1 -1 -1000 -1000 -1000 -10 1
43 5 Car -1 -1 -1 516.54 166.92 621.19 210.43 -1 -1 -1 -1000 -1000 -1000 -10 1
43 3 Car -1 -1 -1 990.15 160.83 1091.13 199.19 -1 -1 -1 -1000 -1000 -1000 -10 1
44 6 Car -1 -1 -1 521.97 165.06 639.25 214.64 -1 -1 -1 -1000 -1000 -1000 -10 1
44 5 Car -1 -1 -1 527.79 165.29 641.31 210.21 -1 -1 -1 -1000 -1000 -1000 -10 1
44 3 Car -1 -1 -1 1025.32 156.94 1125.29 196.84 -1 -1 -1 -1000 -1000 -1000 -10 1
45 5 Car -1 -1 -1 536.71 163.88 655.56 210.32 -1 -1 -1 -1000 -1000 -1000 -10 1
45 3 Car -1 -1 -1 1060.24 159.23 1163.43 198.77 -1 -1 -1 -1000 -1000 -1000 -10 1
46 5 Car -1 -1 -1 551.76 163.13 678.41 209.97 -1 -1 -1 -1000 -1000 -1000 -10 1
46 3 Car -1 -1 -1 1090.61 159.34 1197.34 197.88 -1 -1 -1 -1000 -1000 -1000 -10 1
47 5 Car -1 -1 -1 566.51 162.84 698.58 210.74 -1 -1 -1 -1000 -1000 -1000 -10 1
47 3 Car -1 -1 -1 1122.04 154.90 1231.14 195.08 -1 -1 -1 -1000 -1000 -1000 -10 1
48 5 Car -1 -1 -1 582.27 160.25 711.88 209.76 -1 -1 -1 -1000 -1000 -1000 -10 1
48 3 Car -1 -1 -1 1148.80 151.18 1252.19 192.26 -1 -1 -1 -1000 -1000 -1000 -10 1
50 5 Car -1 -1 -1 616.59 162.62 759.38 212.65 -1 -1 -1 -1000 -1000 -1000 -10 1
51 5 Car -1 -1 -1 631.78 161.66 780.60 212.19 -1 -1 -1 -1000 -1000 -1000 -10 1
52 5 Car -1 -1 -1 640.79 157.53 797.44 212.27 -1 -1 -1 -1000 -1000 -1000 -10 1
53 5 Car -1 -1 -1 658.35 153.07 821.04 211.91 -1 -1 -1 -1000 -1000 -1000 -10 1
54 5 Car -1 -1 -1 669.70 148.80 840.76 212.32 -1 -1 -1 -1000 -1000 -1000 -10 1
55 5 Car -1 -1 -1 686.07 149.81 857.95 212.40 -1 -1 -1 -1000 -1000 -1000 -10 1
56 5 Car -1 -1 -1 700.59 146.64 878.45 213.61 -1 -1 -1 -1000 -1000 -1000 -10 1
57 5 Car -1 -1 -1 715.76 146.77 889.68 212.97 -1 -1 -1 -1000 -1000 -1000 -10 1
58 5 Car -1 -1 -1 731.45 145.52 905.05 212.91 -1 -1 -1 -1000 -1000 -1000 -10 1
59 5 Car -1 -1 -1 747.16 138.92 925.53 211.37 -1 -1 -1 -1000 -1000 -1000 -10 1
60 5 Car -1 -1 -1 762.95 132.98 942.28 209.42 -1 -1 -1 -1000 -1000 -1000 -10 1
61 5 Car -1 -1 -1 774.13 129.68 949.93 209.33 -1 -1 -1 -1000 -1000 -1000 -10 1
62 5 Car -1 -1 -1 782.31 131.24 953.79 210.70 -1 -1 -1 -1000 -1000 -1000 -10 1
63 5 Car -1 -1 -1 787.68 129.31 960.38 210.57 -1 -1 -1 -1000 -1000 -1000 -10 1
64 5 Car -1 -1 -1 795.85 129.49 965.23 211.23 -1 -1 -1 -1000 -1000 -1000 -10 1
65 5 Car -1 -1 -1 796.56 130.83 961.84 213.46 -1 -1 -1 -1000 -1000 -1000 -10 1
66 14 Car -1 -1 -1 797.13 140.89 944.31 213.04 -1 -1 -1 -1000 -1000 -1000 -10 1
66 5 Car -1 -1 -1 796.76 133.51 959.48 215.65 -1 -1 -1 -1000 -1000 -1000 -10 1
67 14 Car -1 -1 -1 793.87 145.31 937.62 216.20 -1 -1 -1 -1000 -1000 -1000 -10 1
68 14 Car -1 -1 -1 791.63 148.30 931.65 220.50 -1 -1 -1 -1000 -1000 -1000 -10 1
69 14 Car -1 -1 -1 793.55 154.37 921.78 220.70 -1 -1 -1 -1000 -1000 -1000 -10 1
70 14 Car -1 -1 -1 788.67 160.01 913.88 225.87 -1 -1 -1 -1000 -1000 -1000 -10 1
71 14 Car -1 -1 -1 783.59 163.01 901.18 227.88 -1 -1 -1 -1000 -1000 -1000 -10 1
72 14 Car -1 -1 -1 774.21 165.34 889.50 229.20 -1 -1 -1 -1000 -1000 -1000 -10 1
75 21 Car -1 -1 -1 325.42 185.31 466.52 244.07 -1 -1 -1 -1000 -1000 -1000 -10 1
75 17 Car -1 -1 -1 736.98 169.93 833.00 230.86 -1 -1 -1 -1000 -1000 -1000 -10 1
76 21 Car -1 -1 -1 246.69 188.03 401.48 252.62 -1 -1 -1 -1000 -1000 -1000 -10 1
76 17 Car -1 -1 -1 721.44 169.47 812.99 228.89 -1 -1 -1 -1000 -1000 -1000 -10 1
77 21 Car -1 -1 -1 150.36 191.94 325.27 261.71 -1 -1 -1 -1000 -1000 -1000 -10 1
77 17 Car -1 -1 -1 706.18 169.32 791.54 226.72 -1 -1 -1 -1000 -1000 -1000 -10 1
78 21 Car -1 -1 -1 41.05 195.06 237.87 271.26 -1 -1 -1 -1000 -1000 -1000 -10 1
78 17 Car -1 -1 -1 692.36 169.04 772.69 224.67 -1 -1 -1 -1000 -1000 -1000 -10 1
79 21 Car -1 -1 -1 -27.89 200.34 159.97 282.43 -1 -1 -1 -1000 -1000 -1000 -10 1
79 17 Car -1 -1 -1 679.67 170.68 752.84 223.54 -1 -1 -1 -1000 -1000 -1000 -10 1
80 17 Car -1 -1 -1 664.50 170.26 733.92 221.99 -1 -1 -1 -1000 -1000 -1000 -10 1
81 17 Car -1 -1 -1 651.55 169.73 717.51 219.70 -1 -1 -1 -1000 -1000 -1000 -10 1
82 17 Car -1 -1 -1 637.52 169.21 701.47 218.19 -1 -1 -1 -1000 -1000 -1000 -10 1
83 17 Car -1 -1 -1 623.29 172.42 685.18 220.23 -1 -1 -1 -1000 -1000 -1000 -10 1
84 17 Car -1 -1 -1 610.77 172.38 671.25 220.13 -1 -1 -1 -1000 -1000 -1000 -10 1
85 17 Car -1 -1 -1 598.98 174.18 658.97 221.81 -1 -1 -1 -1000 -1000 -1000 -10 1
86 17 Car -1 -1 -1 587.48 177.51 645.92 224.72 -1 -1 -1 -1000 -1000 -1000 -10 1
87 17 Car -1 -1 -1 576.58 177.92 633.98 225.50 -1 -1 -1 -1000 -1000 -1000 -10 1
88 17 Car -1 -1 -1 569.21 177.29 625.65 225.01 -1 -1 -1 -1000 -1000 -1000 -10 1
89 17 Car -1 -1 -1 564.81 177.11 620.33 224.50 -1 -1 -1 -1000 -1000 -1000 -10 1
90 17 Car -1 -1 -1 562.59 177.92 616.58 224.54 -1 -1 -1 -1000 -1000 -1000 -10 1
91 17 Car -1 -1 -1 560.85 179.00 614.20 225.59 -1 -1 -1 -1000 -1000 -1000 -10 1
92 17 Car -1 -1 -1 559.47 181.27 612.42 226.97 -1 -1 -1 -1000 -1000 -1000 -10 1
93 17 Car -1 -1 -1 558.78 182.47 611.51 227.74 -1 -1 -1 -1000 -1000 -1000 -10 1
94 17 Car -1 -1 -1 558.55 182.44 610.85 227.46 -1 -1 -1 -1000 -1000 -1000 -10 1
95 17 Car -1 -1 -1 556.62 183.39 608.12 228.21 -1 -1 -1 -1000 -1000 -1000 -10 1
96 17 Car -1 -1 -1 553.42 184.25 604.32 228.95 -1 -1 -1 -1000 -1000 -1000 -10 1
97 17 Car -1 -1 -1 551.75 184.12 601.83 228.44 -1 -1 -1 -1000 -1000 -1000 -10 1
98 17 Car -1 -1 -1 549.00 184.01 598.38 228.25 -1 -1 -1 -1000 -1000 -1000 -10 1
99 17 Car -1 -1 -1 547.91 183.54 596.66 227.97 -1 -1 -1 -1000 -1000 -1000 -10 1
100 17 Car -1 -1 -1 547.29 182.00 595.56 226.46 -1 -1 -1 -1000 -1000 -1000 -10 1
104 17 Car -1 -1 -1 544.26 180.39 589.50 219.47 -1 -1 -1 -1000 -1000 -1000 -10 1
105 17 Car -1 -1 -1 544.43 179.98 588.45 217.95 -1 -1 -1 -1000 -1000 -1000 -10 1
106 22 Car -1 -1 -1 544.92 175.99 592.45 214.67 -1 -1 -1 -1000 -1000 -1000 -10 1
106 17 Car -1 -1 -1 543.97 179.91 587.34 217.26 -1 -1 -1 -1000 -1000 -1000 -10 1
107 22 Car -1 -1 -1 543.67 178.35 589.42 216.18 -1 -1 -1 -1000 -1000 -1000 -10 1
108 22 Car -1 -1 -1 542.88 179.06 586.74 215.81 -1 -1 -1 -1000 -1000 -1000 -10 1
109 22 Car -1 -1 -1 543.37 179.51 585.65 215.11 -1 -1 -1 -1000 -1000 -1000 -10 1
110 22 Car -1 -1 -1 544.55 179.15 585.67 214.05 -1 -1 -1 -1000 -1000 -1000 -10 1
111 22 Car -1 -1 -1 545.50 179.27 585.46 213.38 -1 -1 -1 -1000 -1000 -1000 -10 1
112 22 Car -1 -1 -1 546.51 179.82 585.38 213.33 -1 -1 -1 -1000 -1000 -1000 -10 1
113 22 Car -1 -1 -1 548.29 180.31 586.13 213.25 -1 -1 -1 -1000 -1000 -1000 -10 1
114 22 Car -1 -1 -1 549.40 180.74 585.55 212.25 -1 -1 -1 -1000 -1000 -1000 -10 1
115 22 Car -1 -1 -1 550.81 180.62 586.13 211.31 -1 -1 -1 -1000 -1000 -1000 -10 1
116 22 Car -1 -1 -1 551.92 179.99 586.63 210.08 -1 -1 -1 -1000 -1000 -1000 -10 1
117 22 Car -1 -1 -1 552.58 179.19 587.09 209.09 -1 -1 -1 -1000 -1000 -1000 -10 1
118 22 Car -1 -1 -1 552.97 178.80 587.11 208.35 -1 -1 -1 -1000 -1000 -1000 -10 1
119 22 Car -1 -1 -1 552.99 178.76 586.66 207.86 -1 -1 -1 -1000 -1000 -1000 -10 1
120 22 Car -1 -1 -1 552.71 178.83 586.32 207.75 -1 -1 -1 -1000 -1000 -1000 -10 1
121 22 Car -1 -1 -1 551.87 179.71 585.26 208.36 -1 -1 -1 -1000 -1000 -1000 -10 1
122 22 Car -1 -1 -1 551.06 179.92 584.31 208.52 -1 -1 -1 -1000 -1000 -1000 -10 1
123 22 Car -1 -1 -1 550.94 179.65 584.20 208.41 -1 -1 -1 -1000 -1000 -1000 -10 1
124 22 Car -1 -1 -1 550.14 177.94 583.23 206.69 -1 -1 -1 -1000 -1000 -1000 -10 1
125 22 Car -1 -1 -1 549.22 177.37 582.18 205.95 -1 -1 -1 -1000 -1000 -1000 -10 1
126 22 Car -1 -1 -1 548.02 177.48 580.74 205.89 -1 -1 -1 -1000 -1000 -1000 -10 1
127 22 Car -1 -1 -1 547.42 177.37 579.83 205.50 -1 -1 -1 -1000 -1000 -1000 -10 1
128 22 Car -1 -1 -1 545.50 176.97 577.75 203.87 -1 -1 -1 -1000 -1000 -1000 -10 1
129 22 Car -1 -1 -1 546.08 177.34 576.77 203.12 -1 -1 -1 -1000 -1000 -1000 -10 1
130 22 Car -1 -1 -1 543.76 176.93 574.64 202.10 -1 -1 -1 -1000 -1000 -1000 -10 1
131 22 Car -1 -1 -1 544.91 178.10 574.38 202.39 -1 -1 -1 -1000 -1000 -1000 -10 1
132 22 Car -1 -1 -1 543.44 179.05 571.91 202.71 -1 -1 -1 -1000 -1000 -1000 -10 1
133 22 Car -1 -1 -1 541.74 179.03 570.60 203.39 -1 -1 -1 -1000 -1000 -1000 -10 1
134 22 Car -1 -1 -1 540.54 179.90 569.27 204.76 -1 -1 -1 -1000 -1000 -1000 -10 1
135 22 Car -1 -1 -1 539.02 180.58 567.58 205.81 -1 -1 -1 -1000 -1000 -1000 -10 1
136 22 Car -1 -1 -1 537.85 180.45 566.52 205.90 -1 -1 -1 -1000 -1000 -1000 -10 1
137 22 Car -1 -1 -1 537.37 180.47 566.05 206.00 -1 -1 -1 -1000 -1000 -1000 -10 1
138 22 Car -1 -1 -1 536.61 180.37 565.43 205.87 -1 -1 -1 -1000 -1000 -1000 -10 1
139 22 Car -1 -1 -1 535.07 179.32 563.96 204.44 -1 -1 -1 -1000 -1000 -1000 -10 1
140 22 Car -1 -1 -1 536.20 178.90 564.66 203.26 -1 -1 -1 -1000 -1000 -1000 -10 1
141 22 Car -1 -1 -1 538.09 178.49 565.87 201.74 -1 -1 -1 -1000 -1000 -1000 -10 1
142 22 Car -1 -1 -1 540.92 179.18 567.98 201.54 -1 -1 -1 -1000 -1000 -1000 -10 1
143 22 Car -1 -1 -1 542.37 178.80 568.80 200.47 -1 -1 -1 -1000 -1000 -1000 -10 1
144 22 Car -1 -1 -1 543.71 178.31 569.47 199.47 -1 -1 -1 -1000 -1000 -1000 -10 1
145 22 Car -1 -1 -1 544.11 178.39 569.34 199.19 -1 -1 -1 -1000 -1000 -1000 -10 1
146 22 Car -1 -1 -1 544.76 179.24 569.65 199.72 -1 -1 -1 -1000 -1000 -1000 -10 1
147 22 Car -1 -1 -1 545.20 179.66 569.75 199.90 -1 -1 -1 -1000 -1000 -1000 -10 1
148 22 Car -1 -1 -1 545.15 180.09 569.61 200.06 -1 -1 -1 -1000 -1000 -1000 -10 1
160 23 Car -1 -1 -1 535.28 176.84 555.88 193.90 -1 -1 -1 -1000 -1000 -1000 -10 1
161 23 Car -1 -1 -1 536.36 176.85 556.58 193.65 -1 -1 -1 -1000 -1000 -1000 -10 1
162 23 Car -1 -1 -1 538.95 176.48 558.99 193.13 -1 -1 -1 -1000 -1000 -1000 -10 1
163 23 Car -1 -1 -1 541.29 176.18 561.54 192.92 -1 -1 -1 -1000 -1000 -1000 -10 1
164 23 Car -1 -1 -1 544.87 175.04 566.64 192.87 -1 -1 -1 -1000 -1000 -1000 -10 1
165 23 Car -1 -1 -1 546.30 176.14 568.66 194.45 -1 -1 -1 -1000 -1000 -1000 -10 1
166 23 Car -1 -1 -1 547.60 174.34 571.24 193.75 -1 -1 -1 -1000 -1000 -1000 -10 1
167 23 Car -1 -1 -1 548.81 172.49 573.39 192.74 -1 -1 -1 -1000 -1000 -1000 -10 1
168 23 Car -1 -1 -1 549.01 173.98 573.76 194.40 -1 -1 -1 -1000 -1000 -1000 -10 1
169 23 Car -1 -1 -1 549.34 173.08 574.86 193.95 -1 -1 -1 -1000 -1000 -1000 -10 1
170 23 Car -1 -1 -1 549.14 172.34 575.25 193.50 -1 -1 -1 -1000 -1000 -1000 -10 1
171 23 Car -1 -1 -1 549.18 171.91 574.81 192.31 -1 -1 -1 -1000 -1000 -1000 -10 1
172 23 Car -1 -1 -1 549.37 172.17 574.85 192.29 -1 -1 -1 -1000 -1000 -1000 -10 1
173 23 Car -1 -1 -1 548.83 172.22 573.90 192.08 -1 -1 -1 -1000 -1000 -1000 -10 1
174 23 Car -1 -1 -1 548.03 171.70 572.79 191.64 -1 -1 -1 -1000 -1000 -1000 -10 1
175 23 Car -1 -1 -1 546.83 171.09 571.24 190.99 -1 -1 -1 -1000 -1000 -1000 -10 1
176 23 Car -1 -1 -1 545.59 170.57 569.66 190.57 -1 -1 -1 -1000 -1000 -1000 -10 1
177 23 Car -1 -1 -1 544.82 170.58 568.75 190.46 -1 -1 -1 -1000 -1000 -1000 -10 1
178 24 Car -1 -1 -1 550.12 176.98 572.43 194.94 -1 -1 -1 -1000 -1000 -1000 -10 1
178 23 Car -1 -1 -1 545.92 170.63 570.05 190.59 -1 -1 -1 -1000 -1000 -1000 -10 1
179 24 Car -1 -1 -1 551.40 177.42 573.52 195.32 -1 -1 -1 -1000 -1000 -1000 -10 1
179 23 Car -1 -1 -1 546.87 171.21 571.23 191.18 -1 -1 -1 -1000 -1000 -1000 -10 1
183 23 Car -1 -1 -1 550.11 168.01 573.20 187.33 -1 -1 -1 -1000 -1000 -1000 -10 1
184 23 Car -1 -1 -1 551.71 168.05 574.41 187.25 -1 -1 -1 -1000 -1000 -1000 -10 1
223 28 Car -1 -1 -1 584.16 169.26 607.08 190.79 -1 -1 -1 -1000 -1000 -1000 -10 1
224 28 Car -1 -1 -1 582.08 170.39 605.24 192.06 -1 -1 -1 -1000 -1000 -1000 -10 1
225 28 Car -1 -1 -1 581.58 171.68 604.92 193.32 -1 -1 -1 -1000 -1000 -1000 -10 1
226 29 Car -1 -1 -1 577.95 169.82 606.22 190.18 -1 -1 -1 -1000 -1000 -1000 -10 1
226 28 Car -1 -1 -1 581.17 172.34 605.76 194.88 -1 -1 -1 -1000 -1000 -1000 -10 1
227 29 Car -1 -1 -1 572.08 171.11 602.05 191.97 -1 -1 -1 -1000 -1000 -1000 -10 1
228 29 Car -1 -1 -1 565.49 170.18 597.13 191.79 -1 -1 -1 -1000 -1000 -1000 -10 1
229 29 Car -1 -1 -1 559.63 168.35 593.98 192.05 -1 -1 -1 -1000 -1000 -1000 -10 1
230 29 Car -1 -1 -1 556.70 167.16 592.88 193.61 -1 -1 -1 -1000 -1000 -1000 -10 1
231 29 Car -1 -1 -1 551.52 170.51 590.26 195.04 -1 -1 -1 -1000 -1000 -1000 -10 1
232 29 Car -1 -1 -1 544.15 172.86 586.11 196.98 -1 -1 -1 -1000 -1000 -1000 -10 1
233 29 Car -1 -1 -1 533.48 172.09 580.14 198.79 -1 -1 -1 -1000 -1000 -1000 -10 1
234 29 Car -1 -1 -1 529.60 171.25 578.24 200.34 -1 -1 -1 -1000 -1000 -1000 -10 1
235 29 Car -1 -1 -1 527.47 171.85 574.42 202.06 -1 -1 -1 -1000 -1000 -1000 -10 1
237 32 Car -1 -1 -1 573.62 174.73 605.34 197.66 -1 -1 -1 -1000 -1000 -1000 -10 1
238 33 Car -1 -1 -1 480.99 177.89 552.32 218.94 -1 -1 -1 -1000 -1000 -1000 -10 1
238 32 Car -1 -1 -1 567.68 172.12 601.87 197.10 -1 -1 -1 -1000 -1000 -1000 -10 1
239 33 Car -1 -1 -1 460.74 180.70 542.69 227.30 -1 -1 -1 -1000 -1000 -1000 -10 1
239 32 Car -1 -1 -1 566.03 172.85 600.80 197.76 -1 -1 -1 -1000 -1000 -1000 -10 1
240 34 Car -1 -1 -1 376.86 180.70 432.31 205.50 -1 -1 -1 -1000 -1000 -1000 -10 1
240 33 Car -1 -1 -1 438.91 183.34 532.52 233.88 -1 -1 -1 -1000 -1000 -1000 -10 1
240 32 Car -1 -1 -1 558.08 174.90 595.59 201.56 -1 -1 -1 -1000 -1000 -1000 -10 1
241 34 Car -1 -1 -1 369.66 182.48 429.72 211.13 -1 -1 -1 -1000 -1000 -1000 -10 1
241 33 Car -1 -1 -1 398.98 183.59 514.99 245.45 -1 -1 -1 -1000 -1000 -1000 -10 1
241 32 Car -1 -1 -1 549.80 173.39 591.69 202.05 -1 -1 -1 -1000 -1000 -1000 -10 1
242 36 Car -1 -1 -1 596.07 177.71 629.39 195.56 -1 -1 -1 -1000 -1000 -1000 -10 1
242 33 Car -1 -1 -1 359.29 186.12 494.51 259.06 -1 -1 -1 -1000 -1000 -1000 -10 1
242 32 Car -1 -1 -1 542.38 176.63 586.76 206.30 -1 -1 -1 -1000 -1000 -1000 -10 1
243 36 Car -1 -1 -1 591.04 178.21 625.03 197.32 -1 -1 -1 -1000 -1000 -1000 -10 1
243 33 Car -1 -1 -1 281.22 196.14 456.82 289.02 -1 -1 -1 -1000 -1000 -1000 -10 1
243 32 Car -1 -1 -1 525.68 175.32 578.50 211.67 -1 -1 -1 -1000 -1000 -1000 -10 1
244 36 Car -1 -1 -1 585.14 177.27 622.48 198.62 -1 -1 -1 -1000 -1000 -1000 -10 1
244 32 Car -1 -1 -1 512.98 175.09 573.59 216.88 -1 -1 -1 -1000 -1000 -1000 -10 1
245 36 Car -1 -1 -1 580.52 177.36 620.69 200.17 -1 -1 -1 -1000 -1000 -1000 -10 1
245 32 Car -1 -1 -1 498.57 176.50 564.29 221.24 -1 -1 -1 -1000 -1000 -1000 -10 1
246 36 Car -1 -1 -1 570.98 177.22 614.96 201.71 -1 -1 -1 -1000 -1000 -1000 -10 1
246 32 Car -1 -1 -1 472.99 179.85 551.68 231.13 -1 -1 -1 -1000 -1000 -1000 -10 1
247 42 Car -1 -1 -1 392.76 176.00 469.72 210.72 -1 -1 -1 -1000 -1000 -1000 -10 1
247 36 Car -1 -1 -1 563.24 177.77 610.63 203.59 -1 -1 -1 -1000 -1000 -1000 -10 1
247 32 Car -1 -1 -1 446.19 179.08 536.43 238.83 -1 -1 -1 -1000 -1000 -1000 -10 1
248 36 Car -1 -1 -1 551.27 178.28 603.75 206.22 -1 -1 -1 -1000 -1000 -1000 -10 1
248 32 Car -1 -1 -1 405.16 180.43 515.65 251.38 -1 -1 -1 -1000 -1000 -1000 -10 1
249 43 Car -1 -1 -1 267.44 185.09 376.34 221.38 -1 -1 -1 -1000 -1000 -1000 -10 1
249 36 Car -1 -1 -1 538.25 180.42 594.57 211.31 -1 -1 -1 -1000 -1000 -1000 -10 1
249 32 Car -1 -1 -1 348.89 186.91 490.18 274.80 -1 -1 -1 -1000 -1000 -1000 -10 1
250 36 Car -1 -1 -1 525.65 181.02 586.64 214.75 -1 -1 -1 -1000 -1000 -1000 -10 1
251 36 Car -1 -1 -1 512.41 181.20 578.46 218.48 -1 -1 -1 -1000 -1000 -1000 -10 1
252 36 Car -1 -1 -1 496.99 180.87 568.08 220.67 -1 -1 -1 -1000 -1000 -1000 -10 1
253 46 Car -1 -1 -1 314.39 175.76 439.73 214.98 -1 -1 -1 -1000 -1000 -1000 -10 1
253 36 Car -1 -1 -1 472.41 182.40 557.75 226.37 -1 -1 -1 -1000 -1000 -1000 -10 1
254 46 Car -1 -1 -1 305.05 176.13 431.20 214.49 -1 -1 -1 -1000 -1000 -1000 -10 1
254 36 Car -1 -1 -1 444.07 183.19 545.11 233.82 -1 -1 -1 -1000 -1000 -1000 -10 1
255 47 Car -1 -1 -1 165.94 182.64 279.30 222.17 -1 -1 -1 -1000 -1000 -1000 -10 1
255 46 Car -1 -1 -1 282.13 176.38 416.95 218.16 -1 -1 -1 -1000 -1000 -1000 -10 1
255 36 Car -1 -1 -1 408.44 187.18 522.31 245.12 -1 -1 -1 -1000 -1000 -1000 -10 1
256 47 Car -1 -1 -1 139.67 182.76 260.83 225.43 -1 -1 -1 -1000 -1000 -1000 -10 1
256 46 Car -1 -1 -1 266.66 177.71 410.94 225.29 -1 -1 -1 -1000 -1000 -1000 -10 1
256 36 Car -1 -1 -1 362.58 191.12 495.87 260.26 -1 -1 -1 -1000 -1000 -1000 -10 1
257 47 Car -1 -1 -1 113.66 181.53 241.15 227.00 -1 -1 -1 -1000 -1000 -1000 -10 1
257 46 Car -1 -1 -1 236.47 179.56 379.07 229.43 -1 -1 -1 -1000 -1000 -1000 -10 1
258 47 Car -1 -1 -1 87.02 182.95 218.57 229.19 -1 -1 -1 -1000 -1000 -1000 -10 1
258 46 Car -1 -1 -1 196.61 180.13 335.62 229.93 -1 -1 -1 -1000 -1000 -1000 -10 1
259 47 Car -1 -1 -1 44.80 187.50 198.42 243.88 -1 -1 -1 -1000 -1000 -1000 -10 1
259 46 Car -1 -1 -1 174.26 178.91 338.05 239.02 -1 -1 -1 -1000 -1000 -1000 -10 1
260 47 Car -1 -1 -1 15.37 186.12 173.96 243.60 -1 -1 -1 -1000 -1000 -1000 -10 1
260 46 Car -1 -1 -1 151.07 180.42 318.89 245.94 -1 -1 -1 -1000 -1000 -1000 -10 1
261 51 Car -1 -1 -1 214.44 181.08 370.56 234.42 -1 -1 -1 -1000 -1000 -1000 -10 1
261 47 Car -1 -1 -1 -6.10 188.62 150.19 248.16 -1 -1 -1 -1000 -1000 -1000 -10 1
261 46 Car -1 -1 -1 115.35 180.31 298.92 254.49 -1 -1 -1 -1000 -1000 -1000 -10 1
262 51 Car -1 -1 -1 189.23 179.77 357.03 237.60 -1 -1 -1 -1000 -1000 -1000 -10 1
262 47 Car -1 -1 -1 -20.40 192.06 119.54 251.17 -1 -1 -1 -1000 -1000 -1000 -10 1
262 46 Car -1 -1 -1 77.15 184.11 275.82 268.01 -1 -1 -1 -1000 -1000 -1000 -10 1
263 51 Car -1 -1 -1 158.00 178.58 342.99 242.75 -1 -1 -1 -1000 -1000 -1000 -10 1
263 47 Car -1 -1 -1 -25.85 197.02 93.00 256.66 -1 -1 -1 -1000 -1000 -1000 -10 1
263 46 Car -1 -1 -1 37.15 184.18 239.32 276.63 -1 -1 -1 -1000 -1000 -1000 -10 1
264 51 Car -1 -1 -1 126.01 177.60 326.65 247.58 -1 -1 -1 -1000 -1000 -1000 -10 1
264 46 Car -1 -1 -1 -0.86 184.32 205.58 290.74 -1 -1 -1 -1000 -1000 -1000 -10 1
265 51 Car -1 -1 -1 86.79 178.44 305.62 253.76 -1 -1 -1 -1000 -1000 -1000 -10 1
265 46 Car -1 -1 -1 -23.85 181.51 172.74 299.59 -1 -1 -1 -1000 -1000 -1000 -10 1
266 51 Car -1 -1 -1 47.14 184.92 278.17 262.41 -1 -1 -1 -1000 -1000 -1000 -10 1
266 46 Car -1 -1 -1 -38.44 179.86 137.02 308.60 -1 -1 -1 -1000 -1000 -1000 -10 1
267 51 Car -1 -1 -1 18.49 190.12 258.22 269.05 -1 -1 -1 -1000 -1000 -1000 -10 1
268 51 Car -1 -1 -1 -6.17 191.19 245.03 275.49 -1 -1 -1 -1000 -1000 -1000 -10 1
269 51 Car -1 -1 -1 -15.75 193.92 236.81 284.79 -1 -1 -1 -1000 -1000 -1000 -10 1
270 51 Car -1 -1 -1 -25.18 196.55 215.08 295.28 -1 -1 -1 -1000 -1000 -1000 -10 1
271 51 Car -1 -1 -1 -33.76 193.87 195.40 302.76 -1 -1 -1 -1000 -1000 -1000 -10 1
272 51 Car -1 -1 -1 -39.24 197.82 166.79 313.19 -1 -1 -1 -1000 -1000 -1000 -10 1
273 51 Car -1 -1 -1 -39.57 206.71 142.38 325.95 -1 -1 -1 -1000 -1000 -1000 -10 1
274 51 Car -1 -1 -1 -41.70 219.84 109.08 339.34 -1 -1 -1 -1000 -1000 -1000 -10 1
