0 5 Car -1 -1 -1 402.78 170.57 458.21 198.13 -1 -1 -1 -1000 -1000 -1000 -10 1
0 4 Car -1 -1 -1 790.16 167.12 882.94 208.29 -1 -1 -1 -1000 -1000 -1000 -10 1
0 3 Car -1 -1 -1 438.20 173.40 472.91 193.70 -1 -1 -1 -1000 -1000 -1000 -10 1
0 2 Car -1 -1 -1 776.34 178.15 870.62 234.74 -1 -1 -1 -1000 -1000 -1000 -10 1
0 1 Car -1 -1 -1 788.97 155.06 893.04 194.33 -1 -1 -1 -1000 -1000 -1000 -10 1
1 5 Car -1 -1 -1 393.20 168.86 460.50 199.20 -1 -1 -1 -1000 -1000 -1000 -10 1
1 3 Car -1 -1 -1 434.46 170.48 470.74 191.73 -1 -1 -1 -1000 -1000 -1000 -10 1
1 2 Car -1 -1 -1 769.23 180.61 871.19 234.62 -1 -1 -1 -1000 -1000 -1000 -10 1
1 1 Car -1 -1 -1 791.04 150.86 904.43 192.55 -1 -1 -1 -1000 -1000 -1000 -10 1
2 5 Car -1 -1 -1 383.91 169.90 452.05 198.30 -1 -1 -1 -1000 -1000 -1000 -10 1
2 2 Car -1 -1 -1 766.28 176.80 868.74 230.50 -1 -1 -1 -1000 -1000 -1000 -10 1
2 1 Car -1 -1 -1 815.53 153.30 917.73 193.82 -1 -1 -1 -1000 -1000 -1000 -10 1
3 5 Car -1 -1 -1 379.96 171.12 444.49 201.37 -1 -1 -1 -1000 -1000 -1000 -10 1
3 2 Car -1 -1 -1 764.05 175.19 863.87 228.88 -1 -1 -1 -1000 -1000 -1000 -10 1
3 1 Car -1 -1 -1 830.81 153.25 927.87 192.93 -1 -1 -1 -1000 -1000 -1000 -10 1
4 5 Car -1 -1 -1 373.39 170.52 434.80 201.47 -1 -1 -1 -1000 -1000 -1000 -10 1
4 2 Car -1 -1 -1 764.19 179.80 858.64 231.02 -1 -1 -1 -1000 -1000 -1000 -10 1
4 1 Car -1 -1 -1 804.32 151.92 906.62 194.30 -1 -1 -1 -1000 -1000 -1000 -10 1
5 5 Car -1 -1 -1 366.87 175.33 426.83 205.64 -1 -1 -1 -1000 -1000 -1000 -10 1
5 2 Car -1 -1 -1 762.73 182.54 853.46 231.80 -1 -1 -1 -1000 -1000 -1000 -10 1
5 1 Car -1 -1 -1 810.52 159.69 899.33 196.56 -1 -1 -1 -1000 -1000 -1000 -10 1
6 2 Car -1 -1 -1 758.75 181.51 847.49 230.22 -1 -1 -1 -1000 -1000 -1000 -10 1
6 1 Car -1 -1 -1 807.14 163.41 887.79 197.82 -1 -1 -1 -1000 -1000 -1000 -10 1
7 2 Car -1 -1 -1 754.82 180.18 841.04 227.38 -1 -1 -1 -1000 -1000 -1000 -10 1
8 10 Car -1 -1 -1 329.89 171.40 396.27 206.91 -1 -1 -1 -1000 -1000 -1000 -10 1
8 2 Car -1 -1 -1 753.79 177.67 832.46 223.57 -1 -1 -1 -1000 -1000 -1000 -10 1
9 5 Car -1 -1 -1 327.87 171.12 393.01 203.78 -1 -1 -1 -1000 -1000 -1000 -10 1
9 2 Car -1 -1 -1 753.90 173.93 826.99 218.22 -1 -1 -1 -1000 -1000 -1000 -10 1
10 12 Car -1 -1 -1 856.69 143.62 989.39 186.02 -1 -1 -1 -1000 -1000 -1000 -10 1
10 5 Car -1 -1 -1 323.45 170.56 389.32 203.81 -1 -1 -1 -1000 -1000 -1000 -10 1
10 2 Car -1 -1 -1 752.53 172.16 822.01 215.84 -1 -1 -1 -1000 -1000 -1000 -10 1
10 1 Car -1 -1 -1 799.14 160.85 872.32 191.18 -1 -1 -1 -1000 -1000 -1000 -10 1
11 12 Car -1 -1 -1 872.19 140.84 1009.42 185.48 -1 -1 -1 -1000 -1000 -1000 -10 1
11 5 Car -1 -1 -1 314.49 170.22 388.12 204.56 -1 -1 -1 -1000 -1000 -1000 -10 1
11 2 Car -1 -1 -1 751.24 172.47 817.18 215.64 -1 -1 -1 -1000 -1000 -1000 -10 1
12 5 Car -1 -1 -1 303.41 171.18 379.77 207.11 -1 -1 -1 -1000 -1000 -1000 -10 1
12 2 Car -1 -1 -1 750.87 173.62 813.78 216.13 -1 -1 -1 -1000 -1000 -1000 -10 1
13 5 Car -1 -1 -1 291.71 170.64 373.75 210.77 -1 -1 -1 -1000 -1000 -1000 -10 1
13 2 Car -1 -1 -1 747.90 175.67 810.18 218.26 -1 -1 -1 -1000 -1000 -1000 -10 1
14 5 Car -1 -1 -1 283.45 169.49 373.36 211.58 -1 -1 -1 -1000 -1000 -1000 -10 1
14 2 Car -1 -1 -1 745.41 177.62 806.98 220.25 -1 -1 -1 -1000 -1000 -1000 -10 1
16 5 Car -1 -1 -1 261.85 169.83 361.24 218.06 -1 -1 -1 -1000 -1000 -1000 -10 1
16 2 Car -1 -1 -1 741.90 177.75 800.04 219.91 -1 -1 -1 -1000 -1000 -1000 -10 1
17 2 Car -1 -1 -1 739.89 176.99 797.59 219.07 -1 -1 -1 -1000 -1000 -1000 -10 1
18 2 Car -1 -1 -1 738.52 176.63 794.86 217.83 -1 -1 -1 -1000 -1000 -1000 -10 1
19 23 Car -1 -1 -1 843.46 162.50 931.06 196.60 -1 -1 -1 -1000 -1000 -1000 -10 1
19 22 Car -1 -1 -1 834.11 161.36 933.57 192.37 -1 -1 -1 -1000 -1000 -1000 -10 1
19 21 Car -1 -1 -1 224.03 176.08 339.16 218.13 -1 -1 -1 -1000 -1000 -1000 -10 1
19 2 Car -1 -1 -1 737.45 176.27 792.48 216.94 -1 -1 -1 -1000 -1000 -1000 -10 1
20 23 Car -1 -1 -1 842.71 160.50 934.71 195.82 -1 -1 -1 -1000 -1000 -1000 -10 1
20 22 Car -1 -1 -1 838.66 157.87 948.64 191.73 -1 -1 -1 -1000 -1000 -1000 -10 1
20 5 Car -1 -1 -1 214.29 170.65 328.07 222.29 -1 -1 -1 -1000 -1000 -1000 -10 1
20 2 Car -1 -1 -1 737.22 176.23 791.01 216.57 -1 -1 -1 -1000 -1000 -1000 -10 1
21 25 Car -1 -1 -1 408.02 184.08 466.47 219.59 -1 -1 -1 -1000 -1000 -1000 -10 1
21 23 Car -1 -1 -1 842.10 158.94 944.28 197.72 -1 -1 -1 -1000 -1000 -1000 -10 1
21 22 Car -1 -1 -1 841.03 156.55 959.08 192.71 -1 -1 -1 -1000 -1000 -1000 -10 1
21 5 Car -1 -1 -1 199.16 173.72 319.94 226.62 -1 -1 -1 -1000 -1000 -1000 -10 1
21 2 Car -1 -1 -1 735.53 177.72 789.49 218.73 -1 -1 -1 -1000 -1000 -1000 -10 1
22 25 Car -1 -1 -1 389.94 182.28 454.48 220.67 -1 -1 -1 -1000 -1000 -1000 -10 1
22 5 Car -1 -1 -1 182.46 175.05 309.35 229.50 -1 -1 -1 -1000 -1000 -1000 -10 1
22 2 Car -1 -1 -1 733.64 178.08 787.36 219.28 -1 -1 -1 -1000 -1000 -1000 -10 1
23 25 Car -1 -1 -1 369.93 181.18 444.21 225.54 -1 -1 -1 -1000 -1000 -1000 -10 1
23 5 Car -1 -1 -1 163.20 175.91 296.55 231.87 -1 -1 -1 -1000 -1000 -1000 -10 1
23 2 Car -1 -1 -1 732.10 178.85 785.59 219.85 -1 -1 -1 -1000 -1000 -1000 -10 1
24 25 Car -1 -1 -1 346.37 184.28 428.97 228.96 -1 -1 -1 -1000 -1000 -1000 -10 1
24 5 Car -1 -1 -1 141.59 173.93 284.16 233.52 -1 -1 -1 -1000 -1000 -1000 -10 1
24 2 Car -1 -1 -1 730.87 179.44 783.11 220.36 -1 -1 -1 -1000 -1000 -1000 -10 1
25 25 Car -1 -1 -1 311.87 184.42 409.38 233.00 -1 -1 -1 -1000 -1000 -1000 -10 1
25 5 Car -1 -1 -1 119.01 173.08 267.93 233.72 -1 -1 -1 -1000 -1000 -1000 -10 1
25 2 Car -1 -1 -1 727.78 179.63 779.30 220.69 -1 -1 -1 -1000 -1000 -1000 -10 1
26 25 Car -1 -1 -1 281.80 185.04 387.48 238.72 -1 -1 -1 -1000 -1000 -1000 -10 1
26 5 Car -1 -1 -1 102.09 171.80 255.04 235.06 -1 -1 -1 -1000 -1000 -1000 -10 1
26 2 Car -1 -1 -1 724.33 179.63 775.14 220.66 -1 -1 -1 -1000 -1000 -1000 -10 1
27 25 Car -1 -1 -1 232.28 186.42 358.42 247.51 -1 -1 -1 -1000 -1000 -1000 -10 1
27 5 Car -1 -1 -1 77.91 168.23 239.26 235.25 -1 -1 -1 -1000 -1000 -1000 -10 1
27 2 Car -1 -1 -1 719.66 179.90 771.22 221.16 -1 -1 -1 -1000 -1000 -1000 -10 1
28 29 Car -1 -1 -1 375.42 178.97 434.38 212.05 -1 -1 -1 -1000 -1000 -1000 -10 1
28 28 Car -1 -1 -1 33.50 162.91 208.64 242.15 -1 -1 -1 -1000 -1000 -1000 -10 1
28 25 Car -1 -1 -1 168.11 183.52 323.63 255.86 -1 -1 -1 -1000 -1000 -1000 -10 1
29 28 Car -1 -1 -1 26.33 164.82 245.33 262.98 -1 -1 -1 -1000 -1000 -1000 -10 1
30 28 Car -1 -1 -1 -2.76 171.15 234.72 285.76 -1 -1 -1 -1000 -1000 -1000 -10 1
31 28 Car -1 -1 -1 -18.76 167.98 198.49 284.59 -1 -1 -1 -1000 -1000 -1000 -10 1
31 2 Car -1 -1 -1 705.61 174.13 756.60 213.65 -1 -1 -1 -1000 -1000 -1000 -10 1
32 33 Car -1 -1 -1 413.51 175.71 464.78 205.96 -1 -1 -1 -1000 -1000 -1000 -10 1
32 29 Car -1 -1 -1 304.12 180.04 380.49 221.19 -1 -1 -1 -1000 -1000 -1000 -10 1
32 2 Car -1 -1 -1 703.81 175.53 754.61 214.50 -1 -1 -1 -1000 -1000 -1000 -10 1
33 33 Car -1 -1 -1 387.66 178.59 452.52 216.16 -1 -1 -1 -1000 -1000 -1000 -10 1
33 29 Car -1 -1 -1 276.69 178.77 361.87 224.24 -1 -1 -1 -1000 -1000 -1000 -10 1
33 2 Car -1 -1 -1 701.93 175.92 752.37 214.70 -1 -1 -1 -1000 -1000 -1000 -10 1
34 33 Car -1 -1 -1 357.81 177.39 437.60 220.87 -1 -1 -1 -1000 -1000 -1000 -10 1
34 29 Car -1 -1 -1 245.50 179.03 343.99 227.77 -1 -1 -1 -1000 -1000 -1000 -10 1
34 2 Car -1 -1 -1 701.81 175.63 750.79 213.88 -1 -1 -1 -1000 -1000 -1000 -10 1
35 33 Car -1 -1 -1 333.86 178.20 423.76 224.57 -1 -1 -1 -1000 -1000 -1000 -10 1
35 29 Car -1 -1 -1 210.15 182.12 323.47 231.61 -1 -1 -1 -1000 -1000 -1000 -10 1
35 2 Car -1 -1 -1 697.25 177.02 745.33 215.83 -1 -1 -1 -1000 -1000 -1000 -10 1
36 37 Car -1 -1 -1 -7.34 185.66 83.12 234.06 -1 -1 -1 -1000 -1000 -1000 -10 1
36 33 Car -1 -1 -1 303.91 178.82 405.62 228.94 -1 -1 -1 -1000 -1000 -1000 -10 1
36 29 Car -1 -1 -1 175.09 183.75 295.15 235.43 -1 -1 -1 -1000 -1000 -1000 -10 1
36 2 Car -1 -1 -1 695.27 177.35 743.21 216.85 -1 -1 -1 -1000 -1000 -1000 -10 1
37 39 Car -1 -1 -1 596.11 171.81 626.16 196.02 -1 -1 -1 -1000 -1000 -1000 -10 1
37 37 Car -1 -1 -1 -13.33 186.81 58.91 231.82 -1 -1 -1 -1000 -1000 -1000 -10 1
37 33 Car -1 -1 -1 267.30 178.31 381.98 235.04 -1 -1 -1 -1000 -1000 -1000 -10 1
37 29 Car -1 -1 -1 121.66 185.26 260.24 241.81 -1 -1 -1 -1000 -1000 -1000 -10 1
37 2 Car -1 -1 -1 693.23 176.70 740.55 216.70 -1 -1 -1 -1000 -1000 -1000 -10 1
38 39 Car -1 -1 -1 596.69 169.86 626.29 193.36 -1 -1 -1 -1000 -1000 -1000 -10 1
38 33 Car -1 -1 -1 219.87 182.28 343.62 244.94 -1 -1 -1 -1000 -1000 -1000 -10 1
38 29 Car -1 -1 -1 56.25 186.82 213.54 248.28 -1 -1 -1 -1000 -1000 -1000 -10 1
38 2 Car -1 -1 -1 694.36 175.35 740.57 213.60 -1 -1 -1 -1000 -1000 -1000 -10 1
39 39 Car -1 -1 -1 594.91 171.97 624.58 195.84 -1 -1 -1 -1000 -1000 -1000 -10 1
39 33 Car -1 -1 -1 157.03 182.47 304.57 254.02 -1 -1 -1 -1000 -1000 -1000 -10 1
39 29 Car -1 -1 -1 10.09 186.76 172.35 251.97 -1 -1 -1 -1000 -1000 -1000 -10 1
39 2 Car -1 -1 -1 694.83 174.66 740.19 211.65 -1 -1 -1 -1000 -1000 -1000 -10 1
40 39 Car -1 -1 -1 595.36 172.32 624.78 196.31 -1 -1 -1 -1000 -1000 -1000 -10 1
40 33 Car -1 -1 -1 72.81 189.26 245.04 266.47 -1 -1 -1 -1000 -1000 -1000 -10 1
40 29 Car -1 -1 -1 -16.45 191.13 137.31 257.71 -1 -1 -1 -1000 -1000 -1000 -10 1
40 2 Car -1 -1 -1 692.68 175.48 737.09 212.72 -1 -1 -1 -1000 -1000 -1000 -10 1
41 39 Car -1 -1 -1 594.65 172.22 624.38 196.80 -1 -1 -1 -1000 -1000 -1000 -10 1
41 33 Car -1 -1 -1 9.89 200.68 197.50 290.24 -1 -1 -1 -1000 -1000 -1000 -10 1
41 2 Car -1 -1 -1 694.76 174.66 738.21 211.08 -1 -1 -1 -1000 -1000 -1000 -10 1
42 41 Car -1 -1 -1 133.08 172.43 274.22 240.86 -1 -1 -1 -1000 -1000 -1000 -10 1
42 39 Car -1 -1 -1 594.20 169.86 624.34 194.37 -1 -1 -1 -1000 -1000 -1000 -10 1
42 33 Car -1 -1 -1 -28.63 206.18 132.90 300.21 -1 -1 -1 -1000 -1000 -1000 -10 1
42 2 Car -1 -1 -1 692.28 175.35 735.76 211.07 -1 -1 -1 -1000 -1000 -1000 -10 1
43 42 Car -1 -1 -1 229.62 174.87 349.56 238.44 -1 -1 -1 -1000 -1000 -1000 -10 1
43 41 Car -1 -1 -1 76.05 174.92 236.21 249.20 -1 -1 -1 -1000 -1000 -1000 -10 1
43 39 Car -1 -1 -1 593.66 169.13 624.23 193.58 -1 -1 -1 -1000 -1000 -1000 -10 1
43 2 Car -1 -1 -1 690.47 175.25 734.66 211.03 -1 -1 -1 -1000 -1000 -1000 -10 1
44 44 Car -1 -1 -1 323.61 177.16 387.54 214.76 -1 -1 -1 -1000 -1000 -1000 -10 1
44 42 Car -1 -1 -1 179.98 180.61 315.97 248.94 -1 -1 -1 -1000 -1000 -1000 -10 1
44 41 Car -1 -1 -1 14.98 177.92 194.48 256.67 -1 -1 -1 -1000 -1000 -1000 -10 1
44 39 Car -1 -1 -1 593.99 168.82 624.94 193.10 -1 -1 -1 -1000 -1000 -1000 -10 1
44 2 Car -1 -1 -1 688.92 175.40 734.13 211.67 -1 -1 -1 -1000 -1000 -1000 -10 1
45 44 Car -1 -1 -1 299.91 178.71 374.33 220.62 -1 -1 -1 -1000 -1000 -1000 -10 1
45 42 Car -1 -1 -1 118.17 185.51 274.90 258.89 -1 -1 -1 -1000 -1000 -1000 -10 1
45 41 Car -1 -1 -1 -18.18 183.40 154.53 264.25 -1 -1 -1 -1000 -1000 -1000 -10 1
45 39 Car -1 -1 -1 593.47 169.51 624.85 193.68 -1 -1 -1 -1000 -1000 -1000 -10 1
45 2 Car -1 -1 -1 689.93 175.09 734.73 210.85 -1 -1 -1 -1000 -1000 -1000 -10 1
46 44 Car -1 -1 -1 277.02 176.30 361.59 221.76 -1 -1 -1 -1000 -1000 -1000 -10 1
46 42 Car -1 -1 -1 32.41 187.33 227.80 276.59 -1 -1 -1 -1000 -1000 -1000 -10 1
46 39 Car -1 -1 -1 591.88 169.99 623.83 193.99 -1 -1 -1 -1000 -1000 -1000 -10 1
46 2 Car -1 -1 -1 688.35 175.18 734.63 211.51 -1 -1 -1 -1000 -1000 -1000 -10 1
47 44 Car -1 -1 -1 254.46 178.27 347.16 226.87 -1 -1 -1 -1000 -1000 -1000 -10 1
47 42 Car -1 -1 -1 -14.02 195.00 179.77 292.31 -1 -1 -1 -1000 -1000 -1000 -10 1
47 39 Car -1 -1 -1 590.78 171.27 622.74 194.98 -1 -1 -1 -1000 -1000 -1000 -10 1
47 2 Car -1 -1 -1 689.93 177.13 736.27 213.29 -1 -1 -1 -1000 -1000 -1000 -10 1
48 44 Car -1 -1 -1 224.42 182.32 329.69 232.92 -1 -1 -1 -1000 -1000 -1000 -10 1
48 39 Car -1 -1 -1 592.80 172.45 625.07 198.01 -1 -1 -1 -1000 -1000 -1000 -10 1
48 2 Car -1 -1 -1 689.67 177.73 735.28 213.29 -1 -1 -1 -1000 -1000 -1000 -10 1
49 44 Car -1 -1 -1 191.04 181.72 308.86 238.18 -1 -1 -1 -1000 -1000 -1000 -10 1
49 39 Car -1 -1 -1 593.91 173.81 625.68 200.31 -1 -1 -1 -1000 -1000 -1000 -10 1
49 2 Car -1 -1 -1 694.31 178.16 738.18 212.59 -1 -1 -1 -1000 -1000 -1000 -10 1
50 47 Car -1 -1 -1 409.02 166.51 470.77 211.96 -1 -1 -1 -1000 -1000 -1000 -10 1
50 44 Car -1 -1 -1 148.35 180.07 282.78 243.48 -1 -1 -1 -1000 -1000 -1000 -10 1
50 39 Car -1 -1 -1 584.99 174.44 615.80 200.45 -1 -1 -1 -1000 -1000 -1000 -10 1
50 2 Car -1 -1 -1 697.92 178.75 740.44 212.52 -1 -1 -1 -1000 -1000 -1000 -10 1
51 44 Car -1 -1 -1 99.26 184.86 246.30 248.12 -1 -1 -1 -1000 -1000 -1000 -10 1
51 39 Car -1 -1 -1 587.22 175.12 619.21 201.90 -1 -1 -1 -1000 -1000 -1000 -10 1
51 2 Car -1 -1 -1 701.18 178.71 743.02 212.00 -1 -1 -1 -1000 -1000 -1000 -10 1
52 44 Car -1 -1 -1 36.54 186.98 200.87 256.11 -1 -1 -1 -1000 -1000 -1000 -10 1
52 2 Car -1 -1 -1 705.66 178.79 746.91 211.80 -1 -1 -1 -1000 -1000 -1000 -10 1
53 49 Car -1 -1 -1 225.02 181.41 285.79 217.09 -1 -1 -1 -1000 -1000 -1000 -10 1
53 44 Car -1 -1 -1 -7.44 191.98 158.31 264.08 -1 -1 -1 -1000 -1000 -1000 -10 1
53 2 Car -1 -1 -1 705.41 177.91 748.65 213.00 -1 -1 -1 -1000 -1000 -1000 -10 1
54 49 Car -1 -1 -1 217.48 182.91 277.03 218.28 -1 -1 -1 -1000 -1000 -1000 -10 1
54 47 Car -1 -1 -1 358.34 173.75 440.50 224.49 -1 -1 -1 -1000 -1000 -1000 -10 1
54 44 Car -1 -1 -1 -30.77 191.71 111.21 265.40 -1 -1 -1 -1000 -1000 -1000 -10 1
54 2 Car -1 -1 -1 715.65 175.77 757.32 211.24 -1 -1 -1 -1000 -1000 -1000 -10 1
55 49 Car -1 -1 -1 207.40 182.21 268.60 217.93 -1 -1 -1 -1000 -1000 -1000 -10 1
55 47 Car -1 -1 -1 337.39 173.02 430.02 226.35 -1 -1 -1 -1000 -1000 -1000 -10 1
55 39 Car -1 -1 -1 591.98 171.10 630.09 202.76 -1 -1 -1 -1000 -1000 -1000 -10 1
55 2 Car -1 -1 -1 721.31 173.13 763.54 208.71 -1 -1 -1 -1000 -1000 -1000 -10 1
56 49 Car -1 -1 -1 198.34 183.51 260.02 218.55 -1 -1 -1 -1000 -1000 -1000 -10 1
56 47 Car -1 -1 -1 321.79 171.69 420.54 228.65 -1 -1 -1 -1000 -1000 -1000 -10 1
56 39 Car -1 -1 -1 593.20 169.57 633.88 203.49 -1 -1 -1 -1000 -1000 -1000 -10 1
56 2 Car -1 -1 -1 729.78 173.10 771.76 207.69 -1 -1 -1 -1000 -1000 -1000 -10 1
57 53 Car -1 -1 -1 523.12 165.42 558.44 197.47 -1 -1 -1 -1000 -1000 -1000 -10 1
57 49 Car -1 -1 -1 183.35 182.20 249.91 219.30 -1 -1 -1 -1000 -1000 -1000 -10 1
57 47 Car -1 -1 -1 293.13 170.83 404.26 231.95 -1 -1 -1 -1000 -1000 -1000 -10 1
57 39 Car -1 -1 -1 595.70 166.65 637.28 202.53 -1 -1 -1 -1000 -1000 -1000 -10 1
57 2 Car -1 -1 -1 740.21 171.36 782.21 204.51 -1 -1 -1 -1000 -1000 -1000 -10 1
58 56 Car -1 -1 -1 264.53 165.68 389.36 236.69 -1 -1 -1 -1000 -1000 -1000 -10 1
58 49 Car -1 -1 -1 173.32 182.54 241.39 221.15 -1 -1 -1 -1000 -1000 -1000 -10 1
58 47 Car -1 -1 -1 268.39 167.53 390.85 233.43 -1 -1 -1 -1000 -1000 -1000 -10 1
58 39 Car -1 -1 -1 594.19 165.74 635.79 202.56 -1 -1 -1 -1000 -1000 -1000 -10 1
58 2 Car -1 -1 -1 748.68 171.25 791.79 203.59 -1 -1 -1 -1000 -1000 -1000 -10 1
59 56 Car -1 -1 -1 230.92 160.92 365.76 239.57 -1 -1 -1 -1000 -1000 -1000 -10 1
59 49 Car -1 -1 -1 160.58 180.92 235.31 222.09 -1 -1 -1 -1000 -1000 -1000 -10 1
59 47 Car -1 -1 -1 237.08 167.32 371.02 237.28 -1 -1 -1 -1000 -1000 -1000 -10 1
59 39 Car -1 -1 -1 593.75 166.58 636.68 204.27 -1 -1 -1 -1000 -1000 -1000 -10 1
59 2 Car -1 -1 -1 758.92 169.10 805.67 200.31 -1 -1 -1 -1000 -1000 -1000 -10 1
60 56 Car -1 -1 -1 190.22 159.83 344.44 248.27 -1 -1 -1 -1000 -1000 -1000 -10 1
60 49 Car -1 -1 -1 150.99 179.11 225.58 222.04 -1 -1 -1 -1000 -1000 -1000 -10 1
60 47 Car -1 -1 -1 202.79 168.39 347.38 243.33 -1 -1 -1 -1000 -1000 -1000 -10 1
60 39 Car -1 -1 -1 593.11 164.51 637.35 203.22 -1 -1 -1 -1000 -1000 -1000 -10 1
60 2 Car -1 -1 -1 766.60 167.23 813.69 198.13 -1 -1 -1 -1000 -1000 -1000 -10 1
61 56 Car -1 -1 -1 141.42 158.37 318.51 257.82 -1 -1 -1 -1000 -1000 -1000 -10 1
61 39 Car -1 -1 -1 592.23 163.81 637.69 203.66 -1 -1 -1 -1000 -1000 -1000 -10 1
61 2 Car -1 -1 -1 777.98 168.13 829.55 196.78 -1 -1 -1 -1000 -1000 -1000 -10 1
62 56 Car -1 -1 -1 86.40 159.61 289.90 265.66 -1 -1 -1 -1000 -1000 -1000 -10 1
62 39 Car -1 -1 -1 590.51 163.95 637.96 204.76 -1 -1 -1 -1000 -1000 -1000 -10 1
62 2 Car -1 -1 -1 791.51 169.39 841.76 198.19 -1 -1 -1 -1000 -1000 -1000 -10 1
64 58 Car -1 -1 -1 331.22 177.92 416.24 224.00 -1 -1 -1 -1000 -1000 -1000 -10 1
64 56 Car -1 -1 -1 -14.46 166.95 220.81 293.69 -1 -1 -1 -1000 -1000 -1000 -10 1
64 39 Car -1 -1 -1 589.96 162.78 639.54 207.48 -1 -1 -1 -1000 -1000 -1000 -10 1
64 2 Car -1 -1 -1 817.62 170.44 870.08 197.82 -1 -1 -1 -1000 -1000 -1000 -10 1
65 58 Car -1 -1 -1 309.84 180.09 404.66 228.80 -1 -1 -1 -1000 -1000 -1000 -10 1
65 56 Car -1 -1 -1 -32.67 168.71 184.66 296.38 -1 -1 -1 -1000 -1000 -1000 -10 1
65 39 Car -1 -1 -1 589.79 162.32 640.29 208.50 -1 -1 -1 -1000 -1000 -1000 -10 1
65 2 Car -1 -1 -1 829.86 171.14 881.12 197.04 -1 -1 -1 -1000 -1000 -1000 -10 1
66 58 Car -1 -1 -1 283.15 181.44 389.52 232.84 -1 -1 -1 -1000 -1000 -1000 -10 1
66 39 Car -1 -1 -1 588.56 162.28 639.93 209.45 -1 -1 -1 -1000 -1000 -1000 -10 1
66 2 Car -1 -1 -1 842.54 171.15 897.65 197.73 -1 -1 -1 -1000 -1000 -1000 -10 1
67 61 Car -1 -1 -1 385.25 162.02 479.35 206.20 -1 -1 -1 -1000 -1000 -1000 -10 1
67 60 Car -1 -1 -1 879.93 164.83 956.14 194.21 -1 -1 -1 -1000 -1000 -1000 -10 1
67 58 Car -1 -1 -1 253.46 181.67 372.37 236.48 -1 -1 -1 -1000 -1000 -1000 -10 1
67 39 Car -1 -1 -1 588.91 161.91 641.52 210.09 -1 -1 -1 -1000 -1000 -1000 -10 1
67 2 Car -1 -1 -1 857.84 170.38 917.02 197.25 -1 -1 -1 -1000 -1000 -1000 -10 1
68 61 Car -1 -1 -1 375.02 163.30 467.19 207.79 -1 -1 -1 -1000 -1000 -1000 -10 1
68 60 Car -1 -1 -1 877.36 163.13 950.13 193.28 -1 -1 -1 -1000 -1000 -1000 -10 1
68 58 Car -1 -1 -1 226.01 183.68 349.51 241.83 -1 -1 -1 -1000 -1000 -1000 -10 1
68 39 Car -1 -1 -1 588.03 162.02 641.57 210.88 -1 -1 -1 -1000 -1000 -1000 -10 1
69 61 Car -1 -1 -1 366.54 167.00 456.05 209.97 -1 -1 -1 -1000 -1000 -1000 -10 1
69 60 Car -1 -1 -1 883.81 162.59 955.53 193.40 -1 -1 -1 -1000 -1000 -1000 -10 1
69 58 Car -1 -1 -1 183.93 182.96 324.42 248.04 -1 -1 -1 -1000 -1000 -1000 -10 1
69 39 Car -1 -1 -1 586.34 162.37 640.32 211.16 -1 -1 -1 -1000 -1000 -1000 -10 1
70 65 Car -1 -1 -1 7.28 187.95 94.99 240.17 -1 -1 -1 -1000 -1000 -1000 -10 1
70 60 Car -1 -1 -1 885.28 163.03 958.15 194.03 -1 -1 -1 -1000 -1000 -1000 -10 1
70 58 Car -1 -1 -1 136.56 182.90 295.23 253.80 -1 -1 -1 -1000 -1000 -1000 -10 1
70 39 Car -1 -1 -1 584.75 163.85 639.50 212.71 -1 -1 -1 -1000 -1000 -1000 -10 1
71 65 Car -1 -1 -1 -4.75 185.89 82.85 241.58 -1 -1 -1 -1000 -1000 -1000 -10 1
71 58 Car -1 -1 -1 79.66 184.29 264.07 264.75 -1 -1 -1 -1000 -1000 -1000 -10 1
71 39 Car -1 -1 -1 585.38 164.91 641.02 214.57 -1 -1 -1 -1000 -1000 -1000 -10 1
72 58 Car -1 -1 -1 21.09 189.76 220.58 273.47 -1 -1 -1 -1000 -1000 -1000 -10 1
72 39 Car -1 -1 -1 586.43 164.95 642.99 215.43 -1 -1 -1 -1000 -1000 -1000 -10 1
73 66 Car -1 -1 -1 282.68 174.31 410.08 226.39 -1 -1 -1 -1000 -1000 -1000 -10 1
73 58 Car -1 -1 -1 -12.73 194.47 186.22 287.53 -1 -1 -1 -1000 -1000 -1000 -10 1
73 39 Car -1 -1 -1 586.18 165.94 644.09 217.67 -1 -1 -1 -1000 -1000 -1000 -10 1
74 68 Car -1 -1 -1 1007.25 161.39 1109.70 198.20 -1 -1 -1 -1000 -1000 -1000 -10 1
74 66 Car -1 -1 -1 255.81 172.47 396.23 232.60 -1 -1 -1 -1000 -1000 -1000 -10 1
74 60 Car -1 -1 -1 837.17 161.60 899.01 187.28 -1 -1 -1 -1000 -1000 -1000 -10 1
74 58 Car -1 -1 -1 -34.33 197.40 143.42 296.15 -1 -1 -1 -1000 -1000 -1000 -10 1
74 39 Car -1 -1 -1 586.47 167.67 645.89 220.71 -1 -1 -1 -1000 -1000 -1000 -10 1
75 68 Car -1 -1 -1 1023.03 163.39 1119.64 197.81 -1 -1 -1 -1000 -1000 -1000 -10 1
75 66 Car -1 -1 -1 224.86 174.55 374.50 240.46 -1 -1 -1 -1000 -1000 -1000 -10 1
75 39 Car -1 -1 -1 585.70 168.13 646.30 222.09 -1 -1 -1 -1000 -1000 -1000 -10 1
76 68 Car -1 -1 -1 1052.44 162.90 1155.03 198.65 -1 -1 -1 -1000 -1000 -1000 -10 1
76 66 Car -1 -1 -1 187.66 178.78 348.32 249.09 -1 -1 -1 -1000 -1000 -1000 -10 1
76 39 Car -1 -1 -1 584.09 167.65 646.02 222.55 -1 -1 -1 -1000 -1000 -1000 -10 1
77 68 Car -1 -1 -1 1081.74 163.12 1190.51 199.84 -1 -1 -1 -1000 -1000 -1000 -10 1
77 66 Car -1 -1 -1 138.78 182.60 315.31 258.21 -1 -1 -1 -1000 -1000 -1000 -10 1
77 39 Car -1 -1 -1 582.05 168.09 644.28 223.67 -1 -1 -1 -1000 -1000 -1000 -10 1
78 70 Car -1 -1 -1 -3.36 175.88 95.18 222.05 -1 -1 -1 -1000 -1000 -1000 -10 1
78 68 Car -1 -1 -1 1102.61 162.40 1218.11 200.71 -1 -1 -1 -1000 -1000 -1000 -10 1
78 66 Car -1 -1 -1 75.80 184.48 285.49 271.81 -1 -1 -1 -1000 -1000 -1000 -10 1
78 60 Car -1 -1 -1 793.61 162.53 859.27 188.47 -1 -1 -1 -1000 -1000 -1000 -10 1
78 39 Car -1 -1 -1 578.91 166.97 642.76 224.34 -1 -1 -1 -1000 -1000 -1000 -10 1
79 68 Car -1 -1 -1 1122.00 156.71 1244.63 199.30 -1 -1 -1 -1000 -1000 -1000 -10 1
79 66 Car -1 -1 -1 27.13 185.76 251.56 276.17 -1 -1 -1 -1000 -1000 -1000 -10 1
79 60 Car -1 -1 -1 777.35 159.80 843.91 186.37 -1 -1 -1 -1000 -1000 -1000 -10 1
79 39 Car -1 -1 -1 577.11 168.02 642.24 226.87 -1 -1 -1 -1000 -1000 -1000 -10 1
80 68 Car -1 -1 -1 1146.46 154.22 1257.27 197.73 -1 -1 -1 -1000 -1000 -1000 -10 1
80 66 Car -1 -1 -1 3.27 183.95 231.02 274.97 -1 -1 -1 -1000 -1000 -1000 -10 1
80 60 Car -1 -1 -1 764.88 158.49 833.82 185.98 -1 -1 -1 -1000 -1000 -1000 -10 1
80 39 Car -1 -1 -1 575.35 168.07 642.19 228.77 -1 -1 -1 -1000 -1000 -1000 -10 1
81 68 Car -1 -1 -1 1177.65 150.58 1267.94 194.34 -1 -1 -1 -1000 -1000 -1000 -10 1
81 66 Car -1 -1 -1 -9.26 180.83 214.28 270.22 -1 -1 -1 -1000 -1000 -1000 -10 1
81 60 Car -1 -1 -1 755.01 158.86 825.01 186.98 -1 -1 -1 -1000 -1000 -1000 -10 1
81 39 Car -1 -1 -1 571.74 168.94 643.18 230.04 -1 -1 -1 -1000 -1000 -1000 -10 1
82 74 Car -1 -1 -1 -5.23 200.25 269.84 380.58 -1 -1 -1 -1000 -1000 -1000 -10 1
82 60 Car -1 -1 -1 746.75 160.36 816.27 189.10 -1 -1 -1 -1000 -1000 -1000 -10 1
82 39 Car -1 -1 -1 568.38 169.17 643.11 230.55 -1 -1 -1 -1000 -1000 -1000 -10 1
83 74 Car -1 -1 -1 -1.72 215.23 282.53 384.23 -1 -1 -1 -1000 -1000 -1000 -10 1
83 60 Car -1 -1 -1 736.65 160.75 805.95 189.12 -1 -1 -1 -1000 -1000 -1000 -10 1
83 39 Car -1 -1 -1 566.70 169.19 645.18 231.56 -1 -1 -1 -1000 -1000 -1000 -10 1
84 76 Car -1 -1 -1 -24.50 207.91 138.76 305.19 -1 -1 -1 -1000 -1000 -1000 -10 1
84 74 Car -1 -1 -1 2.87 218.51 297.73 382.01 -1 -1 -1 -1000 -1000 -1000 -10 1
84 39 Car -1 -1 -1 565.93 169.84 648.10 233.53 -1 -1 -1 -1000 -1000 -1000 -10 1
85 74 Car -1 -1 -1 1.30 217.68 302.68 379.55 -1 -1 -1 -1000 -1000 -1000 -10 1
85 39 Car -1 -1 -1 565.58 170.40 651.07 235.91 -1 -1 -1 -1000 -1000 -1000 -10 1
86 74 Car -1 -1 -1 -0.83 214.75 310.30 375.31 -1 -1 -1 -1000 -1000 -1000 -10 1
86 39 Car -1 -1 -1 566.33 170.88 655.29 238.57 -1 -1 -1 -1000 -1000 -1000 -10 1
87 74 Car -1 -1 -1 -2.94 208.66 320.63 374.29 -1 -1 -1 -1000 -1000 -1000 -10 1
87 39 Car -1 -1 -1 565.71 170.78 659.02 240.99 -1 -1 -1 -1000 -1000 -1000 -10 1
88 74 Car -1 -1 -1 1.61 206.79 328.54 374.31 -1 -1 -1 -1000 -1000 -1000 -10 1
88 39 Car -1 -1 -1 564.43 170.32 660.11 242.67 -1 -1 -1 -1000 -1000 -1000 -10 1
89 74 Car -1 -1 -1 -2.74 202.96 337.36 374.01 -1 -1 -1 -1000 -1000 -1000 -10 1
89 39 Car -1 -1 -1 560.46 170.38 656.13 246.20 -1 -1 -1 -1000 -1000 -1000 -10 1
90 74 Car -1 -1 -1 -0.31 203.00 347.78 374.84 -1 -1 -1 -1000 -1000 -1000 -10 1
90 39 Car -1 -1 -1 558.36 169.64 654.97 248.59 -1 -1 -1 -1000 -1000 -1000 -10 1
91 74 Car -1 -1 -1 0.64 204.57 353.08 375.65 -1 -1 -1 -1000 -1000 -1000 -10 1
91 39 Car -1 -1 -1 558.19 169.13 656.29 250.61 -1 -1 -1 -1000 -1000 -1000 -10 1
92 74 Car -1 -1 -1 -0.45 200.69 364.05 374.11 -1 -1 -1 -1000 -1000 -1000 -10 1
92 39 Car -1 -1 -1 557.66 168.69 657.34 251.98 -1 -1 -1 -1000 -1000 -1000 -10 1
93 74 Car -1 -1 -1 -2.53 199.52 373.81 372.12 -1 -1 -1 -1000 -1000 -1000 -10 1
93 39 Car -1 -1 -1 555.79 168.31 657.40 253.41 -1 -1 -1 -1000 -1000 -1000 -10 1
94 74 Car -1 -1 -1 -5.39 200.42 379.81 372.98 -1 -1 -1 -1000 -1000 -1000 -10 1
94 39 Car -1 -1 -1 553.66 167.03 655.80 253.59 -1 -1 -1 -1000 -1000 -1000 -10 1
95 74 Car -1 -1 -1 -2.51 194.48 382.19 370.14 -1 -1 -1 -1000 -1000 -1000 -10 1
95 39 Car -1 -1 -1 554.01 167.74 660.36 252.05 -1 -1 -1 -1000 -1000 -1000 -10 1
96 74 Car -1 -1 -1 -4.66 194.75 390.12 372.53 -1 -1 -1 -1000 -1000 -1000 -10 1
96 39 Car -1 -1 -1 556.52 171.50 664.34 256.26 -1 -1 -1 -1000 -1000 -1000 -10 1
97 74 Car -1 -1 -1 -6.63 193.87 400.39 374.02 -1 -1 -1 -1000 -1000 -1000 -10 1
97 39 Car -1 -1 -1 553.05 172.69 663.14 260.06 -1 -1 -1 -1000 -1000 -1000 -10 1
98 74 Car -1 -1 -1 -10.56 193.42 412.00 374.61 -1 -1 -1 -1000 -1000 -1000 -10 1
98 39 Car -1 -1 -1 551.18 172.13 663.23 261.91 -1 -1 -1 -1000 -1000 -1000 -10 1
99 74 Car -1 -1 -1 -6.56 193.17 410.76 373.74 -1 -1 -1 -1000 -1000 -1000 -10 1
99 39 Car -1 -1 -1 551.49 169.03 668.44 262.24 -1 -1 -1 -1000 -1000 -1000 -10 1
100 74 Car -1 -1 -1 -9.18 191.95 408.42 373.32 -1 -1 -1 -1000 -1000 -1000 -10 1
100 39 Car -1 -1 -1 549.65 167.23 670.82 263.67 -1 -1 -1 -1000 -1000 -1000 -10 1
101 74 Car -1 -1 -1 -7.84 190.70 409.21 372.77 -1 -1 -1 -1000 -1000 -1000 -10 1
101 39 Car -1 -1 -1 544.95 167.53 671.49 268.21 -1 -1 -1 -1000 -1000 -1000 -10 1
102 83 Car -1 -1 -1 810.14 165.44 883.47 193.01 -1 -1 -1 -1000 -1000 -1000 -10 1
102 74 Car -1 -1 -1 -11.36 190.50 416.42 370.66 -1 -1 -1 -1000 -1000 -1000 -10 1
102 39 Car -1 -1 -1 543.97 166.17 675.15 270.04 -1 -1 -1 -1000 -1000 -1000 -10 1
103 74 Car -1 -1 -1 -12.05 189.83 424.15 370.16 -1 -1 -1 -1000 -1000 -1000 -10 1
103 39 Car -1 -1 -1 537.03 165.19 676.96 273.91 -1 -1 -1 -1000 -1000 -1000 -10 1
104 74 Car -1 -1 -1 -12.03 189.95 424.10 371.57 -1 -1 -1 -1000 -1000 -1000 -10 1
104 39 Car -1 -1 -1 536.39 164.57 681.50 276.84 -1 -1 -1 -1000 -1000 -1000 -10 1
105 74 Car -1 -1 -1 -16.91 188.20 424.83 371.43 -1 -1 -1 -1000 -1000 -1000 -10 1
105 39 Car -1 -1 -1 534.70 164.27 683.26 278.59 -1 -1 -1 -1000 -1000 -1000 -10 1
106 84 Car -1 -1 -1 460.99 170.97 562.19 210.09 -1 -1 -1 -1000 -1000 -1000 -10 1
106 74 Car -1 -1 -1 -17.97 187.81 429.64 371.59 -1 -1 -1 -1000 -1000 -1000 -10 1
106 39 Car -1 -1 -1 533.69 164.12 685.67 280.05 -1 -1 -1 -1000 -1000 -1000 -10 1
107 84 Car -1 -1 -1 447.00 174.14 552.14 213.89 -1 -1 -1 -1000 -1000 -1000 -10 1
107 74 Car -1 -1 -1 -13.05 187.98 429.43 370.73 -1 -1 -1 -1000 -1000 -1000 -10 1
107 39 Car -1 -1 -1 533.34 164.35 688.33 282.65 -1 -1 -1 -1000 -1000 -1000 -10 1
108 74 Car -1 -1 -1 -15.21 184.75 432.78 371.03 -1 -1 -1 -1000 -1000 -1000 -10 1
108 39 Car -1 -1 -1 532.30 164.27 689.53 284.80 -1 -1 -1 -1000 -1000 -1000 -10 1
109 74 Car -1 -1 -1 -12.26 183.45 437.20 371.70 -1 -1 -1 -1000 -1000 -1000 -10 1
109 39 Car -1 -1 -1 531.63 164.98 692.37 288.28 -1 -1 -1 -1000 -1000 -1000 -10 1
110 74 Car -1 -1 -1 -8.62 182.48 440.69 372.18 -1 -1 -1 -1000 -1000 -1000 -10 1
110 39 Car -1 -1 -1 530.10 165.74 693.77 291.45 -1 -1 -1 -1000 -1000 -1000 -10 1
111 74 Car -1 -1 -1 -2.52 179.78 444.66 371.94 -1 -1 -1 -1000 -1000 -1000 -10 1
111 39 Car -1 -1 -1 529.58 168.04 696.30 296.31 -1 -1 -1 -1000 -1000 -1000 -10 1
112 74 Car -1 -1 -1 0.85 180.29 447.81 372.68 -1 -1 -1 -1000 -1000 -1000 -10 1
112 39 Car -1 -1 -1 529.30 167.98 696.63 299.24 -1 -1 -1 -1000 -1000 -1000 -10 1
113 84 Car -1 -1 -1 349.78 176.85 466.86 222.29 -1 -1 -1 -1000 -1000 -1000 -10 1
113 74 Car -1 -1 -1 5.23 181.13 448.98 373.07 -1 -1 -1 -1000 -1000 -1000 -10 1
113 39 Car -1 -1 -1 527.91 167.74 693.80 299.17 -1 -1 -1 -1000 -1000 -1000 -10 1
114 84 Car -1 -1 -1 337.95 177.73 455.48 224.68 -1 -1 -1 -1000 -1000 -1000 -10 1
114 74 Car -1 -1 -1 10.65 180.51 452.00 372.89 -1 -1 -1 -1000 -1000 -1000 -10 1
114 39 Car -1 -1 -1 528.41 168.64 694.18 300.26 -1 -1 -1 -1000 -1000 -1000 -10 1
115 84 Car -1 -1 -1 316.18 174.84 437.21 225.39 -1 -1 -1 -1000 -1000 -1000 -10 1
115 74 Car -1 -1 -1 10.98 179.21 450.45 372.36 -1 -1 -1 -1000 -1000 -1000 -10 1
115 39 Car -1 -1 -1 528.16 169.03 691.82 306.12 -1 -1 -1 -1000 -1000 -1000 -10 1
116 74 Car -1 -1 -1 12.14 179.03 448.95 372.61 -1 -1 -1 -1000 -1000 -1000 -10 1
116 39 Car -1 -1 -1 525.36 165.93 692.64 304.96 -1 -1 -1 -1000 -1000 -1000 -10 1
117 74 Car -1 -1 -1 13.28 177.19 450.46 372.36 -1 -1 -1 -1000 -1000 -1000 -10 1
117 39 Car -1 -1 -1 524.17 165.73 699.28 310.47 -1 -1 -1 -1000 -1000 -1000 -10 1
118 74 Car -1 -1 -1 10.54 179.24 445.95 373.54 -1 -1 -1 -1000 -1000 -1000 -10 1
118 39 Car -1 -1 -1 521.58 164.43 706.25 310.88 -1 -1 -1 -1000 -1000 -1000 -10 1
119 74 Car -1 -1 -1 11.58 179.13 448.72 373.47 -1 -1 -1 -1000 -1000 -1000 -10 1
119 39 Car -1 -1 -1 518.67 163.89 708.78 310.59 -1 -1 -1 -1000 -1000 -1000 -10 1
120 89 Car -1 -1 -1 400.72 176.32 485.49 209.18 -1 -1 -1 -1000 -1000 -1000 -10 1
120 74 Car -1 -1 -1 6.16 179.33 445.21 373.53 -1 -1 -1 -1000 -1000 -1000 -10 1
120 39 Car -1 -1 -1 517.08 163.45 707.13 311.32 -1 -1 -1 -1000 -1000 -1000 -10 1
121 89 Car -1 -1 -1 374.75 175.51 460.28 208.96 -1 -1 -1 -1000 -1000 -1000 -10 1
121 74 Car -1 -1 -1 -2.60 182.84 435.28 375.05 -1 -1 -1 -1000 -1000 -1000 -10 1
122 90 Car -1 -1 -1 519.85 161.32 702.10 317.26 -1 -1 -1 -1000 -1000 -1000 -10 1
122 89 Car -1 -1 -1 354.42 180.42 434.85 213.01 -1 -1 -1 -1000 -1000 -1000 -10 1
122 74 Car -1 -1 -1 -9.13 184.48 431.32 373.25 -1 -1 -1 -1000 -1000 -1000 -10 1
123 90 Car -1 -1 -1 518.83 161.76 704.03 322.13 -1 -1 -1 -1000 -1000 -1000 -10 1
123 74 Car -1 -1 -1 -11.74 183.90 433.31 373.16 -1 -1 -1 -1000 -1000 -1000 -10 1
124 90 Car -1 -1 -1 518.35 161.96 702.87 326.36 -1 -1 -1 -1000 -1000 -1000 -10 1
124 74 Car -1 -1 -1 -17.67 186.52 430.14 374.64 -1 -1 -1 -1000 -1000 -1000 -10 1
124 39 Car -1 -1 -1 513.01 157.69 709.88 328.70 -1 -1 -1 -1000 -1000 -1000 -10 1
125 90 Car -1 -1 -1 515.80 160.50 702.93 329.57 -1 -1 -1 -1000 -1000 -1000 -10 1
125 74 Car -1 -1 -1 -20.78 187.54 431.68 375.04 -1 -1 -1 -1000 -1000 -1000 -10 1
125 39 Car -1 -1 -1 510.87 154.99 710.36 332.61 -1 -1 -1 -1000 -1000 -1000 -10 1
126 90 Car -1 -1 -1 513.18 160.46 702.12 332.92 -1 -1 -1 -1000 -1000 -1000 -10 1
126 74 Car -1 -1 -1 -18.55 188.72 429.21 375.04 -1 -1 -1 -1000 -1000 -1000 -10 1
126 39 Car -1 -1 -1 507.88 153.59 710.11 336.00 -1 -1 -1 -1000 -1000 -1000 -10 1
127 90 Car -1 -1 -1 510.48 159.06 703.61 335.05 -1 -1 -1 -1000 -1000 -1000 -10 1
127 74 Car -1 -1 -1 -12.65 190.11 426.99 375.08 -1 -1 -1 -1000 -1000 -1000 -10 1
127 39 Car -1 -1 -1 506.12 152.72 712.98 339.37 -1 -1 -1 -1000 -1000 -1000 -10 1
128 90 Car -1 -1 -1 507.35 158.14 705.35 336.76 -1 -1 -1 -1000 -1000 -1000 -10 1
128 74 Car -1 -1 -1 -14.43 189.43 427.27 372.63 -1 -1 -1 -1000 -1000 -1000 -10 1
128 39 Car -1 -1 -1 502.59 151.15 715.22 341.75 -1 -1 -1 -1000 -1000 -1000 -10 1
129 90 Car -1 -1 -1 504.42 157.79 709.29 339.36 -1 -1 -1 -1000 -1000 -1000 -10 1
129 74 Car -1 -1 -1 -18.66 188.98 426.64 372.16 -1 -1 -1 -1000 -1000 -1000 -10 1
129 39 Car -1 -1 -1 500.40 149.89 720.14 344.75 -1 -1 -1 -1000 -1000 -1000 -10 1
130 90 Car -1 -1 -1 501.45 157.40 710.47 340.66 -1 -1 -1 -1000 -1000 -1000 -10 1
130 74 Car -1 -1 -1 -19.30 192.11 421.50 371.20 -1 -1 -1 -1000 -1000 -1000 -10 1
130 39 Car -1 -1 -1 497.61 149.12 722.11 347.79 -1 -1 -1 -1000 -1000 -1000 -10 1
131 90 Car -1 -1 -1 499.74 156.06 709.63 339.82 -1 -1 -1 -1000 -1000 -1000 -10 1
131 74 Car -1 -1 -1 -13.71 193.78 421.03 372.34 -1 -1 -1 -1000 -1000 -1000 -10 1
131 39 Car -1 -1 -1 493.38 147.90 721.57 349.04 -1 -1 -1 -1000 -1000 -1000 -10 1
132 90 Car -1 -1 -1 499.30 156.38 707.76 341.14 -1 -1 -1 -1000 -1000 -1000 -10 1
132 74 Car -1 -1 -1 -10.44 193.70 420.63 372.48 -1 -1 -1 -1000 -1000 -1000 -10 1
132 39 Car -1 -1 -1 492.62 146.48 722.68 350.12 -1 -1 -1 -1000 -1000 -1000 -10 1
133 90 Car -1 -1 -1 499.94 157.18 708.11 344.11 -1 -1 -1 -1000 -1000 -1000 -10 1
133 74 Car -1 -1 -1 -16.71 194.12 422.40 374.39 -1 -1 -1 -1000 -1000 -1000 -10 1
133 39 Car -1 -1 -1 491.23 145.72 722.75 352.07 -1 -1 -1 -1000 -1000 -1000 -10 1
134 90 Car -1 -1 -1 499.36 156.87 707.82 345.03 -1 -1 -1 -1000 -1000 -1000 -10 1
134 74 Car -1 -1 -1 -20.33 194.51 425.76 375.16 -1 -1 -1 -1000 -1000 -1000 -10 1
134 39 Car -1 -1 -1 489.35 146.09 722.80 354.12 -1 -1 -1 -1000 -1000 -1000 -10 1
135 90 Car -1 -1 -1 500.50 157.70 708.57 346.89 -1 -1 -1 -1000 -1000 -1000 -10 1
135 74 Car -1 -1 -1 -24.47 194.55 424.82 375.82 -1 -1 -1 -1000 -1000 -1000 -10 1
135 39 Car -1 -1 -1 489.65 148.00 724.18 357.09 -1 -1 -1 -1000 -1000 -1000 -10 1
136 90 Car -1 -1 -1 499.76 158.39 711.40 348.49 -1 -1 -1 -1000 -1000 -1000 -10 1
136 74 Car -1 -1 -1 -26.45 193.69 423.83 376.30 -1 -1 -1 -1000 -1000 -1000 -10 1
136 39 Car -1 -1 -1 490.12 148.68 727.59 358.74 -1 -1 -1 -1000 -1000 -1000 -10 1
137 90 Car -1 -1 -1 498.76 158.46 711.89 351.82 -1 -1 -1 -1000 -1000 -1000 -10 1
137 74 Car -1 -1 -1 -22.42 192.03 418.45 374.85 -1 -1 -1 -1000 -1000 -1000 -10 1
137 39 Car -1 -1 -1 490.29 150.15 729.42 361.07 -1 -1 -1 -1000 -1000 -1000 -10 1
138 90 Car -1 -1 -1 499.32 158.15 713.36 353.88 -1 -1 -1 -1000 -1000 -1000 -10 1
138 74 Car -1 -1 -1 -17.66 191.07 416.00 374.05 -1 -1 -1 -1000 -1000 -1000 -10 1
138 39 Car -1 -1 -1 491.74 151.41 732.26 363.32 -1 -1 -1 -1000 -1000 -1000 -10 1
139 90 Car -1 -1 -1 499.38 158.21 713.49 355.53 -1 -1 -1 -1000 -1000 -1000 -10 1
139 74 Car -1 -1 -1 -19.84 190.37 412.86 374.45 -1 -1 -1 -1000 -1000 -1000 -10 1
139 39 Car -1 -1 -1 491.43 151.65 732.31 364.51 -1 -1 -1 -1000 -1000 -1000 -10 1
140 90 Car -1 -1 -1 497.68 156.66 720.33 359.87 -1 -1 -1 -1000 -1000 -1000 -10 1
140 74 Car -1 -1 -1 -18.45 189.93 410.39 373.65 -1 -1 -1 -1000 -1000 -1000 -10 1
140 39 Car -1 -1 -1 486.12 152.50 731.07 365.30 -1 -1 -1 -1000 -1000 -1000 -10 1
141 90 Car -1 -1 -1 495.00 155.55 723.87 362.80 -1 -1 -1 -1000 -1000 -1000 -10 1
141 74 Car -1 -1 -1 -13.67 191.52 407.31 373.85 -1 -1 -1 -1000 -1000 -1000 -10 1
141 39 Car -1 -1 -1 483.31 152.96 732.26 365.75 -1 -1 -1 -1000 -1000 -1000 -10 1
142 74 Car -1 -1 -1 -11.61 193.19 403.60 374.13 -1 -1 -1 -1000 -1000 -1000 -10 1
142 39 Car -1 -1 -1 485.37 153.46 733.94 367.11 -1 -1 -1 -1000 -1000 -1000 -10 1
143 74 Car -1 -1 -1 -8.99 194.16 400.87 373.82 -1 -1 -1 -1000 -1000 -1000 -10 1
143 39 Car -1 -1 -1 486.29 153.32 734.17 367.98 -1 -1 -1 -1000 -1000 -1000 -10 1
144 74 Car -1 -1 -1 -7.04 194.41 399.45 373.24 -1 -1 -1 -1000 -1000 -1000 -10 1
144 39 Car -1 -1 -1 487.04 153.67 734.81 368.73 -1 -1 -1 -1000 -1000 -1000 -10 1
145 74 Car -1 -1 -1 -5.24 194.40 398.89 372.64 -1 -1 -1 -1000 -1000 -1000 -10 1
145 39 Car -1 -1 -1 486.96 153.82 735.37 368.99 -1 -1 -1 -1000 -1000 -1000 -10 1
146 74 Car -1 -1 -1 -4.18 194.25 398.28 372.15 -1 -1 -1 -1000 -1000 -1000 -10 1
146 39 Car -1 -1 -1 486.54 153.55 735.36 368.84 -1 -1 -1 -1000 -1000 -1000 -10 1
147 74 Car -1 -1 -1 -3.24 194.32 397.70 371.88 -1 -1 -1 -1000 -1000 -1000 -10 1
147 39 Car -1 -1 -1 486.24 153.23 735.69 368.81 -1 -1 -1 -1000 -1000 -1000 -10 1
148 74 Car -1 -1 -1 -2.41 194.60 396.98 371.85 -1 -1 -1 -1000 -1000 -1000 -10 1
148 39 Car -1 -1 -1 485.90 153.00 735.67 368.77 -1 -1 -1 -1000 -1000 -1000 -10 1
149 74 Car -1 -1 -1 -1.68 194.75 396.49 371.71 -1 -1 -1 -1000 -1000 -1000 -10 1
149 39 Car -1 -1 -1 485.81 153.02 735.86 368.82 -1 -1 -1 -1000 -1000 -1000 -10 1
150 74 Car -1 -1 -1 -1.67 194.76 396.26 371.58 -1 -1 -1 -1000 -1000 -1000 -10 1
150 39 Car -1 -1 -1 486.57 153.37 735.73 368.95 -1 -1 -1 -1000 -1000 -1000 -10 1
