0 4 Car -1 -1 -1 1024.88 180.85 1153.80 236.06 -1 -1 -1 -1000 -1000 -1000 -10 1
0 3 Car -1 -1 -1 602.30 171.53 637.74 201.09 -1 -1 -1 -1000 -1000 -1000 -10 1
0 2 Car -1 -1 -1 1104.66 182.61 1222.83 233.04 -1 -1 -1 -1000 -1000 -1000 -10 1
0 1 Car -1 -1 -1 952.33 186.07 1071.17 229.83 -1 -1 -1 -1000 -1000 -1000 -10 1
1 4 Car -1 -1 -1 1028.86 180.80 1159.23 237.50 -1 -1 -1 -1000 -1000 -1000 -10 1
1 3 Car -1 -1 -1 602.05 171.60 637.49 201.06 -1 -1 -1 -1000 -1000 -1000 -10 1
1 2 Car -1 -1 -1 1099.39 183.69 1220.49 233.37 -1 -1 -1 -1000 -1000 -1000 -10 1
1 1 Car -1 -1 -1 956.54 181.44 1075.50 229.91 -1 -1 -1 -1000 -1000 -1000 -10 1
2 4 Car -1 -1 -1 1032.29 183.78 1163.96 237.20 -1 -1 -1 -1000 -1000 -1000 -10 1
2 3 Car -1 -1 -1 602.50 171.55 637.90 200.98 -1 -1 -1 -1000 -1000 -1000 -10 1
2 2 Car -1 -1 -1 1096.62 183.93 1220.32 233.45 -1 -1 -1 -1000 -1000 -1000 -10 1
2 1 Car -1 -1 -1 958.71 180.74 1076.72 229.11 -1 -1 -1 -1000 -1000 -1000 -10 1
3 4 Car -1 -1 -1 1027.58 185.97 1157.23 240.53 -1 -1 -1 -1000 -1000 -1000 -10 1
3 3 Car -1 -1 -1 602.36 171.62 637.79 201.11 -1 -1 -1 -1000 -1000 -1000 -10 1
3 2 Car -1 -1 -1 1095.27 184.81 1220.59 234.42 -1 -1 -1 -1000 -1000 -1000 -10 1
3 1 Car -1 -1 -1 952.64 188.86 1088.89 248.92 -1 -1 -1 -1000 -1000 -1000 -10 1
4 4 Car -1 -1 -1 1032.89 185.40 1157.87 236.75 -1 -1 -1 -1000 -1000 -1000 -10 1
4 3 Car -1 -1 -1 602.34 171.70 637.73 201.12 -1 -1 -1 -1000 -1000 -1000 -10 1
4 2 Car -1 -1 -1 1095.20 183.88 1222.22 233.50 -1 -1 -1 -1000 -1000 -1000 -10 1
5 4 Car -1 -1 -1 1031.98 183.91 1158.86 232.34 -1 -1 -1 -1000 -1000 -1000 -10 1
5 3 Car -1 -1 -1 602.23 171.74 637.72 201.20 -1 -1 -1 -1000 -1000 -1000 -10 1
5 2 Car -1 -1 -1 1092.10 182.74 1225.44 233.32 -1 -1 -1 -1000 -1000 -1000 -10 1
6 4 Car -1 -1 -1 1031.72 183.84 1158.75 230.29 -1 -1 -1 -1000 -1000 -1000 -10 1
6 3 Car -1 -1 -1 602.26 171.87 637.92 201.34 -1 -1 -1 -1000 -1000 -1000 -10 1
6 2 Car -1 -1 -1 1090.73 182.97 1227.61 234.04 -1 -1 -1 -1000 -1000 -1000 -10 1
7 4 Car -1 -1 -1 1032.11 184.32 1159.13 229.49 -1 -1 -1 -1000 -1000 -1000 -10 1
7 3 Car -1 -1 -1 602.15 171.83 637.93 201.28 -1 -1 -1 -1000 -1000 -1000 -10 1
7 2 Car -1 -1 -1 1090.20 183.13 1228.90 234.26 -1 -1 -1 -1000 -1000 -1000 -10 1
8 4 Car -1 -1 -1 1032.67 185.14 1158.77 228.72 -1 -1 -1 -1000 -1000 -1000 -10 1
8 3 Car -1 -1 -1 602.08 171.81 637.83 201.15 -1 -1 -1 -1000 -1000 -1000 -10 1
8 2 Car -1 -1 -1 1090.44 183.29 1229.74 234.26 -1 -1 -1 -1000 -1000 -1000 -10 1
9 5 Car -1 -1 -1 969.92 180.61 1062.41 230.42 -1 -1 -1 -1000 -1000 -1000 -10 1
9 4 Car -1 -1 -1 1033.31 185.81 1158.74 228.00 -1 -1 -1 -1000 -1000 -1000 -10 1
9 3 Car -1 -1 -1 602.23 172.05 637.80 201.25 -1 -1 -1 -1000 -1000 -1000 -10 1
9 2 Car -1 -1 -1 1090.67 183.24 1229.96 233.96 -1 -1 -1 -1000 -1000 -1000 -10 1
10 5 Car -1 -1 -1 978.28 181.01 1060.99 224.12 -1 -1 -1 -1000 -1000 -1000 -10 1
10 4 Car -1 -1 -1 1033.91 186.33 1158.87 227.52 -1 -1 -1 -1000 -1000 -1000 -10 1
10 3 Car -1 -1 -1 602.18 172.10 637.47 201.08 -1 -1 -1 -1000 -1000 -1000 -10 1
10 2 Car -1 -1 -1 1092.72 183.36 1230.31 233.99 -1 -1 -1 -1000 -1000 -1000 -10 1
11 5 Car -1 -1 -1 976.76 181.61 1065.87 223.33 -1 -1 -1 -1000 -1000 -1000 -10 1
11 4 Car -1 -1 -1 1034.87 186.59 1159.48 227.03 -1 -1 -1 -1000 -1000 -1000 -10 1
11 3 Car -1 -1 -1 602.08 171.87 637.23 200.60 -1 -1 -1 -1000 -1000 -1000 -10 1
11 2 Car -1 -1 -1 1105.23 183.97 1219.89 231.07 -1 -1 -1 -1000 -1000 -1000 -10 1
12 5 Car -1 -1 -1 967.07 183.76 1064.29 225.01 -1 -1 -1 -1000 -1000 -1000 -10 1
12 4 Car -1 -1 -1 1035.37 186.94 1158.87 226.52 -1 -1 -1 -1000 -1000 -1000 -10 1
12 3 Car -1 -1 -1 601.68 171.81 636.84 200.44 -1 -1 -1 -1000 -1000 -1000 -10 1
12 2 Car -1 -1 -1 1101.65 183.51 1219.69 230.31 -1 -1 -1 -1000 -1000 -1000 -10 1
13 5 Car -1 -1 -1 966.08 182.12 1067.51 225.93 -1 -1 -1 -1000 -1000 -1000 -10 1
13 4 Car -1 -1 -1 1034.52 187.06 1157.16 227.00 -1 -1 -1 -1000 -1000 -1000 -10 1
13 3 Car -1 -1 -1 601.94 171.84 636.95 200.32 -1 -1 -1 -1000 -1000 -1000 -10 1
13 2 Car -1 -1 -1 1100.13 183.62 1222.34 231.13 -1 -1 -1 -1000 -1000 -1000 -10 1
14 5 Car -1 -1 -1 962.64 184.49 1065.48 226.27 -1 -1 -1 -1000 -1000 -1000 -10 1
14 4 Car -1 -1 -1 1034.97 187.16 1155.92 226.71 -1 -1 -1 -1000 -1000 -1000 -10 1
14 3 Car -1 -1 -1 601.92 171.88 636.81 200.21 -1 -1 -1 -1000 -1000 -1000 -10 1
14 2 Car -1 -1 -1 1103.15 183.78 1218.15 230.15 -1 -1 -1 -1000 -1000 -1000 -10 1
15 5 Car -1 -1 -1 964.07 182.52 1066.87 225.47 -1 -1 -1 -1000 -1000 -1000 -10 1
15 4 Car -1 -1 -1 1035.34 186.08 1154.87 225.20 -1 -1 -1 -1000 -1000 -1000 -10 1
15 3 Car -1 -1 -1 601.68 172.23 636.53 200.48 -1 -1 -1 -1000 -1000 -1000 -10 1
15 2 Car -1 -1 -1 1104.64 183.60 1218.96 229.80 -1 -1 -1 -1000 -1000 -1000 -10 1
16 5 Car -1 -1 -1 959.99 184.74 1066.82 226.00 -1 -1 -1 -1000 -1000 -1000 -10 1
16 4 Car -1 -1 -1 1037.06 186.23 1156.80 225.16 -1 -1 -1 -1000 -1000 -1000 -10 1
16 3 Car -1 -1 -1 601.90 172.45 636.79 200.66 -1 -1 -1 -1000 -1000 -1000 -10 1
16 2 Car -1 -1 -1 1101.51 184.04 1219.28 231.06 -1 -1 -1 -1000 -1000 -1000 -10 1
17 5 Car -1 -1 -1 958.08 185.63 1066.95 226.21 -1 -1 -1 -1000 -1000 -1000 -10 1
17 4 Car -1 -1 -1 1038.15 187.18 1156.93 225.73 -1 -1 -1 -1000 -1000 -1000 -10 1
17 3 Car -1 -1 -1 602.00 172.24 636.97 200.49 -1 -1 -1 -1000 -1000 -1000 -10 1
17 2 Car -1 -1 -1 1099.01 184.13 1222.83 231.58 -1 -1 -1 -1000 -1000 -1000 -10 1
18 5 Car -1 -1 -1 956.75 185.92 1067.32 226.83 -1 -1 -1 -1000 -1000 -1000 -10 1
18 4 Car -1 -1 -1 1034.82 187.24 1156.96 226.88 -1 -1 -1 -1000 -1000 -1000 -10 1
18 3 Car -1 -1 -1 602.18 172.19 637.20 200.57 -1 -1 -1 -1000 -1000 -1000 -10 1
18 2 Car -1 -1 -1 1096.07 184.29 1224.51 232.52 -1 -1 -1 -1000 -1000 -1000 -10 1
19 5 Car -1 -1 -1 960.76 182.12 1067.78 223.83 -1 -1 -1 -1000 -1000 -1000 -10 1
19 4 Car -1 -1 -1 1034.21 186.98 1158.28 226.17 -1 -1 -1 -1000 -1000 -1000 -10 1
19 3 Car -1 -1 -1 601.72 171.40 636.75 199.94 -1 -1 -1 -1000 -1000 -1000 -10 1
19 2 Car -1 -1 -1 1094.38 184.22 1226.17 232.83 -1 -1 -1 -1000 -1000 -1000 -10 1
20 5 Car -1 -1 -1 966.14 181.02 1059.14 221.60 -1 -1 -1 -1000 -1000 -1000 -10 1
20 4 Car -1 -1 -1 1032.96 187.23 1157.84 226.35 -1 -1 -1 -1000 -1000 -1000 -10 1
20 3 Car -1 -1 -1 601.05 171.09 635.98 199.83 -1 -1 -1 -1000 -1000 -1000 -10 1
20 2 Car -1 -1 -1 1093.87 183.95 1228.03 232.69 -1 -1 -1 -1000 -1000 -1000 -10 1
21 5 Car -1 -1 -1 965.13 183.93 1058.28 225.34 -1 -1 -1 -1000 -1000 -1000 -10 1
21 4 Car -1 -1 -1 1032.97 187.18 1158.27 226.39 -1 -1 -1 -1000 -1000 -1000 -10 1
21 3 Car -1 -1 -1 601.30 171.10 636.19 200.16 -1 -1 -1 -1000 -1000 -1000 -10 1
21 2 Car -1 -1 -1 1093.03 183.76 1228.58 232.45 -1 -1 -1 -1000 -1000 -1000 -10 1
22 5 Car -1 -1 -1 962.53 185.82 1060.50 225.83 -1 -1 -1 -1000 -1000 -1000 -10 1
22 4 Car -1 -1 -1 1033.14 187.14 1159.16 226.53 -1 -1 -1 -1000 -1000 -1000 -10 1
22 3 Car -1 -1 -1 601.73 170.96 636.63 200.36 -1 -1 -1 -1000 -1000 -1000 -10 1
22 2 Car -1 -1 -1 1092.45 183.65 1229.09 232.49 -1 -1 -1 -1000 -1000 -1000 -10 1
23 5 Car -1 -1 -1 966.55 184.77 1066.71 224.72 -1 -1 -1 -1000 -1000 -1000 -10 1
23 4 Car -1 -1 -1 1033.00 187.20 1159.23 226.68 -1 -1 -1 -1000 -1000 -1000 -10 1
23 3 Car -1 -1 -1 602.44 171.36 637.44 201.02 -1 -1 -1 -1000 -1000 -1000 -10 1
23 2 Car -1 -1 -1 1092.09 183.60 1229.55 232.45 -1 -1 -1 -1000 -1000 -1000 -10 1
24 5 Car -1 -1 -1 961.34 185.45 1065.88 225.63 -1 -1 -1 -1000 -1000 -1000 -10 1
24 4 Car -1 -1 -1 1033.00 187.09 1159.50 226.72 -1 -1 -1 -1000 -1000 -1000 -10 1
24 3 Car -1 -1 -1 603.01 171.44 637.94 201.15 -1 -1 -1 -1000 -1000 -1000 -10 1
24 2 Car -1 -1 -1 1091.71 183.64 1229.87 232.53 -1 -1 -1 -1000 -1000 -1000 -10 1
25 5 Car -1 -1 -1 958.52 185.91 1066.57 225.70 -1 -1 -1 -1000 -1000 -1000 -10 1
25 4 Car -1 -1 -1 1033.09 187.03 1159.61 226.72 -1 -1 -1 -1000 -1000 -1000 -10 1
25 3 Car -1 -1 -1 603.31 171.68 637.94 201.28 -1 -1 -1 -1000 -1000 -1000 -10 1
25 2 Car -1 -1 -1 1091.70 183.70 1230.11 232.67 -1 -1 -1 -1000 -1000 -1000 -10 1
26 5 Car -1 -1 -1 956.49 185.90 1067.66 225.77 -1 -1 -1 -1000 -1000 -1000 -10 1
26 4 Car -1 -1 -1 1032.92 187.06 1159.67 226.84 -1 -1 -1 -1000 -1000 -1000 -10 1
26 3 Car -1 -1 -1 603.27 171.28 637.76 200.72 -1 -1 -1 -1000 -1000 -1000 -10 1
26 2 Car -1 -1 -1 1091.46 183.75 1230.15 232.73 -1 -1 -1 -1000 -1000 -1000 -10 1
27 5 Car -1 -1 -1 958.22 183.67 1069.61 225.29 -1 -1 -1 -1000 -1000 -1000 -10 1
27 4 Car -1 -1 -1 1032.88 187.12 1159.63 226.92 -1 -1 -1 -1000 -1000 -1000 -10 1
27 3 Car -1 -1 -1 603.46 170.95 638.11 200.24 -1 -1 -1 -1000 -1000 -1000 -10 1
27 2 Car -1 -1 -1 1091.31 183.69 1230.26 232.68 -1 -1 -1 -1000 -1000 -1000 -10 1
28 5 Car -1 -1 -1 956.49 185.27 1068.85 226.05 -1 -1 -1 -1000 -1000 -1000 -10 1
28 4 Car -1 -1 -1 1032.81 187.07 1159.70 226.82 -1 -1 -1 -1000 -1000 -1000 -10 1
28 3 Car -1 -1 -1 602.99 171.17 637.50 200.42 -1 -1 -1 -1000 -1000 -1000 -10 1
28 2 Car -1 -1 -1 1091.47 183.73 1230.60 232.72 -1 -1 -1 -1000 -1000 -1000 -10 1
29 5 Car -1 -1 -1 958.62 183.27 1070.02 225.71 -1 -1 -1 -1000 -1000 -1000 -10 1
29 4 Car -1 -1 -1 1032.83 187.03 1159.73 226.90 -1 -1 -1 -1000 -1000 -1000 -10 1
29 3 Car -1 -1 -1 603.50 170.24 638.36 199.72 -1 -1 -1 -1000 -1000 -1000 -10 1
29 2 Car -1 -1 -1 1091.59 183.67 1230.73 232.65 -1 -1 -1 -1000 -1000 -1000 -10 1
30 5 Car -1 -1 -1 960.36 182.00 1069.83 225.67 -1 -1 -1 -1000 -1000 -1000 -10 1
30 4 Car -1 -1 -1 1032.65 186.95 1159.88 226.91 -1 -1 -1 -1000 -1000 -1000 -10 1
30 3 Car -1 -1 -1 603.55 170.04 639.14 199.66 -1 -1 -1 -1000 -1000 -1000 -10 1
30 2 Car -1 -1 -1 1091.62 183.58 1230.73 232.59 -1 -1 -1 -1000 -1000 -1000 -10 1
31 5 Car -1 -1 -1 961.09 181.41 1069.12 225.91 -1 -1 -1 -1000 -1000 -1000 -10 1
31 4 Car -1 -1 -1 1032.63 187.01 1159.63 226.94 -1 -1 -1 -1000 -1000 -1000 -10 1
31 3 Car -1 -1 -1 601.45 171.30 638.50 200.09 -1 -1 -1 -1000 -1000 -1000 -10 1
31 2 Car -1 -1 -1 1091.69 183.47 1230.81 232.37 -1 -1 -1 -1000 -1000 -1000 -10 1
32 5 Car -1 -1 -1 961.05 181.18 1068.89 226.47 -1 -1 -1 -1000 -1000 -1000 -10 1
32 4 Car -1 -1 -1 1032.72 187.04 1159.72 226.95 -1 -1 -1 -1000 -1000 -1000 -10 1
32 3 Car -1 -1 -1 600.31 171.95 638.20 200.16 -1 -1 -1 -1000 -1000 -1000 -10 1
32 2 Car -1 -1 -1 1091.32 183.60 1230.69 232.25 -1 -1 -1 -1000 -1000 -1000 -10 1
33 5 Car -1 -1 -1 960.77 180.99 1069.04 226.86 -1 -1 -1 -1000 -1000 -1000 -10 1
33 4 Car -1 -1 -1 1032.68 187.07 1159.78 227.00 -1 -1 -1 -1000 -1000 -1000 -10 1
33 3 Car -1 -1 -1 599.73 172.35 638.23 200.04 -1 -1 -1 -1000 -1000 -1000 -10 1
33 2 Car -1 -1 -1 1091.14 183.58 1230.42 232.20 -1 -1 -1 -1000 -1000 -1000 -10 1
34 5 Car -1 -1 -1 960.78 180.89 1068.89 227.14 -1 -1 -1 -1000 -1000 -1000 -10 1
34 4 Car -1 -1 -1 1032.66 187.05 1159.74 227.02 -1 -1 -1 -1000 -1000 -1000 -10 1
34 3 Car -1 -1 -1 601.38 171.04 639.44 199.57 -1 -1 -1 -1000 -1000 -1000 -10 1
34 2 Car -1 -1 -1 1090.98 183.54 1230.21 231.91 -1 -1 -1 -1000 -1000 -1000 -10 1
35 5 Car -1 -1 -1 960.75 180.95 1069.10 227.62 -1 -1 -1 -1000 -1000 -1000 -10 1
35 4 Car -1 -1 -1 1032.52 187.15 1159.66 227.00 -1 -1 -1 -1000 -1000 -1000 -10 1
35 3 Car -1 -1 -1 601.58 171.71 639.89 200.88 -1 -1 -1 -1000 -1000 -1000 -10 1
35 2 Car -1 -1 -1 1093.22 183.39 1232.11 231.62 -1 -1 -1 -1000 -1000 -1000 -10 1
36 5 Car -1 -1 -1 960.69 180.77 1069.15 227.64 -1 -1 -1 -1000 -1000 -1000 -10 1
36 4 Car -1 -1 -1 1032.81 187.03 1159.80 226.92 -1 -1 -1 -1000 -1000 -1000 -10 1
36 3 Car -1 -1 -1 600.10 171.87 639.23 200.76 -1 -1 -1 -1000 -1000 -1000 -10 1
36 2 Car -1 -1 -1 1093.52 184.05 1232.14 232.54 -1 -1 -1 -1000 -1000 -1000 -10 1
37 5 Car -1 -1 -1 961.05 180.61 1069.44 227.72 -1 -1 -1 -1000 -1000 -1000 -10 1
37 4 Car -1 -1 -1 1033.30 187.35 1160.70 226.87 -1 -1 -1 -1000 -1000 -1000 -10 1
37 3 Car -1 -1 -1 599.25 171.90 639.29 200.77 -1 -1 -1 -1000 -1000 -1000 -10 1
37 2 Car -1 -1 -1 1089.05 184.54 1227.31 232.56 -1 -1 -1 -1000 -1000 -1000 -10 1
38 5 Car -1 -1 -1 961.09 180.29 1069.42 227.68 -1 -1 -1 -1000 -1000 -1000 -10 1
38 4 Car -1 -1 -1 1034.06 187.78 1162.19 226.67 -1 -1 -1 -1000 -1000 -1000 -10 1
38 2 Car -1 -1 -1 1093.59 184.06 1228.10 232.92 -1 -1 -1 -1000 -1000 -1000 -10 1
39 5 Car -1 -1 -1 958.41 183.01 1067.84 228.26 -1 -1 -1 -1000 -1000 -1000 -10 1
39 4 Car -1 -1 -1 1028.72 187.99 1162.14 230.16 -1 -1 -1 -1000 -1000 -1000 -10 1
39 2 Car -1 -1 -1 1095.94 186.27 1230.29 239.50 -1 -1 -1 -1000 -1000 -1000 -10 1
40 5 Car -1 -1 -1 959.14 181.38 1068.01 227.43 -1 -1 -1 -1000 -1000 -1000 -10 1
40 4 Car -1 -1 -1 1029.84 186.77 1160.95 229.70 -1 -1 -1 -1000 -1000 -1000 -10 1
40 2 Car -1 -1 -1 1099.49 184.17 1228.75 237.06 -1 -1 -1 -1000 -1000 -1000 -10 1
41 5 Car -1 -1 -1 957.55 183.74 1067.41 228.17 -1 -1 -1 -1000 -1000 -1000 -10 1
41 4 Car -1 -1 -1 1030.93 181.42 1161.88 226.80 -1 -1 -1 -1000 -1000 -1000 -10 1
42 5 Car -1 -1 -1 961.70 183.99 1074.05 228.09 -1 -1 -1 -1000 -1000 -1000 -10 1
43 5 Car -1 -1 -1 957.57 185.16 1070.62 228.58 -1 -1 -1 -1000 -1000 -1000 -10 1
44 5 Car -1 -1 -1 956.48 185.44 1068.30 229.51 -1 -1 -1 -1000 -1000 -1000 -10 1
45 5 Car -1 -1 -1 963.03 181.07 1078.42 229.04 -1 -1 -1 -1000 -1000 -1000 -10 1
46 11 Car -1 -1 -1 1112.36 181.44 1215.53 227.99 -1 -1 -1 -1000 -1000 -1000 -10 1
46 9 Car -1 -1 -1 1003.25 143.84 1118.37 321.93 -1 -1 -1 -1000 -1000 -1000 -10 1
46 5 Car -1 -1 -1 958.31 183.10 1079.57 235.85 -1 -1 -1 -1000 -1000 -1000 -10 1
47 11 Car -1 -1 -1 1111.30 183.24 1216.96 229.06 -1 -1 -1 -1000 -1000 -1000 -10 1
47 4 Car -1 -1 -1 1023.24 183.13 1157.24 242.63 -1 -1 -1 -1000 -1000 -1000 -10 1
48 11 Car -1 -1 -1 1107.92 183.34 1214.77 229.29 -1 -1 -1 -1000 -1000 -1000 -10 1
48 4 Car -1 -1 -1 1017.49 182.44 1146.78 247.44 -1 -1 -1 -1000 -1000 -1000 -10 1
49 11 Car -1 -1 -1 1105.70 184.52 1212.73 229.88 -1 -1 -1 -1000 -1000 -1000 -10 1
49 4 Car -1 -1 -1 1024.25 182.28 1151.11 246.81 -1 -1 -1 -1000 -1000 -1000 -10 1
50 11 Car -1 -1 -1 1101.95 183.48 1213.02 229.31 -1 -1 -1 -1000 -1000 -1000 -10 1
51 11 Car -1 -1 -1 1102.00 183.49 1214.32 229.29 -1 -1 -1 -1000 -1000 -1000 -10 1
52 11 Car -1 -1 -1 1098.14 183.47 1219.57 230.52 -1 -1 -1 -1000 -1000 -1000 -10 1
53 13 Car -1 -1 -1 558.11 159.04 610.12 259.83 -1 -1 -1 -1000 -1000 -1000 -10 1
53 11 Car -1 -1 -1 1096.61 183.57 1222.27 230.60 -1 -1 -1 -1000 -1000 -1000 -10 1
53 5 Car -1 -1 -1 932.06 177.41 1041.55 276.82 -1 -1 -1 -1000 -1000 -1000 -10 1
53 4 Car -1 -1 -1 1030.60 181.85 1159.62 231.32 -1 -1 -1 -1000 -1000 -1000 -10 1
54 13 Car -1 -1 -1 551.29 160.39 603.93 260.93 -1 -1 -1 -1000 -1000 -1000 -10 1
54 11 Car -1 -1 -1 1095.48 183.97 1224.33 231.27 -1 -1 -1 -1000 -1000 -1000 -10 1
54 5 Car -1 -1 -1 933.70 173.95 1038.61 279.86 -1 -1 -1 -1000 -1000 -1000 -10 1
54 4 Car -1 -1 -1 1032.05 182.87 1161.01 229.32 -1 -1 -1 -1000 -1000 -1000 -10 1
56 13 Car -1 -1 -1 555.07 164.01 603.35 254.59 -1 -1 -1 -1000 -1000 -1000 -10 1
56 11 Car -1 -1 -1 1090.71 183.56 1222.94 229.97 -1 -1 -1 -1000 -1000 -1000 -10 1
56 5 Car -1 -1 -1 925.35 173.00 1014.70 281.78 -1 -1 -1 -1000 -1000 -1000 -10 1
57 13 Car -1 -1 -1 561.72 167.00 606.01 248.27 -1 -1 -1 -1000 -1000 -1000 -10 1
57 11 Car -1 -1 -1 1091.82 184.27 1225.63 231.18 -1 -1 -1 -1000 -1000 -1000 -10 1
57 5 Car -1 -1 -1 915.16 168.50 997.88 280.89 -1 -1 -1 -1000 -1000 -1000 -10 1
58 14 Car -1 -1 -1 960.32 183.25 1068.53 227.89 -1 -1 -1 -1000 -1000 -1000 -10 1
58 13 Car -1 -1 -1 551.97 158.62 608.76 241.98 -1 -1 -1 -1000 -1000 -1000 -10 1
58 11 Car -1 -1 -1 1092.48 184.21 1227.25 231.51 -1 -1 -1 -1000 -1000 -1000 -10 1
58 4 Car -1 -1 -1 1030.98 184.79 1160.75 228.63 -1 -1 -1 -1000 -1000 -1000 -10 1
59 14 Car -1 -1 -1 966.19 183.19 1073.17 226.86 -1 -1 -1 -1000 -1000 -1000 -10 1
59 13 Car -1 -1 -1 545.66 156.61 614.58 237.82 -1 -1 -1 -1000 -1000 -1000 -10 1
59 11 Car -1 -1 -1 1093.32 184.26 1228.23 231.91 -1 -1 -1 -1000 -1000 -1000 -10 1
59 4 Car -1 -1 -1 1030.47 185.29 1160.64 228.44 -1 -1 -1 -1000 -1000 -1000 -10 1
60 14 Car -1 -1 -1 960.61 184.88 1063.65 229.50 -1 -1 -1 -1000 -1000 -1000 -10 1
60 11 Car -1 -1 -1 1093.01 184.09 1228.33 232.12 -1 -1 -1 -1000 -1000 -1000 -10 1
60 4 Car -1 -1 -1 1029.87 185.72 1160.80 228.13 -1 -1 -1 -1000 -1000 -1000 -10 1
61 14 Car -1 -1 -1 957.23 182.35 1055.46 226.87 -1 -1 -1 -1000 -1000 -1000 -10 1
61 11 Car -1 -1 -1 1092.65 183.76 1228.40 231.91 -1 -1 -1 -1000 -1000 -1000 -10 1
61 4 Car -1 -1 -1 1029.97 185.99 1161.11 227.86 -1 -1 -1 -1000 -1000 -1000 -10 1
62 14 Car -1 -1 -1 957.87 185.39 1059.73 228.10 -1 -1 -1 -1000 -1000 -1000 -10 1
62 11 Car -1 -1 -1 1092.35 183.61 1228.27 231.86 -1 -1 -1 -1000 -1000 -1000 -10 1
62 4 Car -1 -1 -1 1030.65 186.11 1161.51 227.70 -1 -1 -1 -1000 -1000 -1000 -10 1
63 14 Car -1 -1 -1 954.93 185.02 1064.82 226.99 -1 -1 -1 -1000 -1000 -1000 -10 1
63 11 Car -1 -1 -1 1092.40 183.52 1228.48 231.85 -1 -1 -1 -1000 -1000 -1000 -10 1
63 4 Car -1 -1 -1 1031.03 186.26 1161.38 227.56 -1 -1 -1 -1000 -1000 -1000 -10 1
64 14 Car -1 -1 -1 954.99 185.50 1066.42 225.89 -1 -1 -1 -1000 -1000 -1000 -10 1
64 11 Car -1 -1 -1 1092.26 183.32 1228.56 231.39 -1 -1 -1 -1000 -1000 -1000 -10 1
64 4 Car -1 -1 -1 1031.27 186.39 1161.41 227.47 -1 -1 -1 -1000 -1000 -1000 -10 1
65 14 Car -1 -1 -1 959.49 183.16 1070.05 224.89 -1 -1 -1 -1000 -1000 -1000 -10 1
65 11 Car -1 -1 -1 1090.94 183.03 1228.78 231.37 -1 -1 -1 -1000 -1000 -1000 -10 1
65 4 Car -1 -1 -1 1031.07 186.38 1160.96 227.44 -1 -1 -1 -1000 -1000 -1000 -10 1
66 14 Car -1 -1 -1 960.48 182.39 1068.47 225.20 -1 -1 -1 -1000 -1000 -1000 -10 1
66 11 Car -1 -1 -1 1091.10 184.05 1228.49 232.61 -1 -1 -1 -1000 -1000 -1000 -10 1
66 4 Car -1 -1 -1 1032.07 186.65 1161.30 227.29 -1 -1 -1 -1000 -1000 -1000 -10 1
67 14 Car -1 -1 -1 962.56 181.70 1069.52 225.36 -1 -1 -1 -1000 -1000 -1000 -10 1
67 11 Car -1 -1 -1 1091.08 185.01 1225.90 233.02 -1 -1 -1 -1000 -1000 -1000 -10 1
67 4 Car -1 -1 -1 1032.98 186.91 1161.57 227.18 -1 -1 -1 -1000 -1000 -1000 -10 1
68 16 Car -1 -1 -1 590.03 163.80 658.43 239.67 -1 -1 -1 -1000 -1000 -1000 -10 1
68 14 Car -1 -1 -1 962.67 181.06 1069.85 225.85 -1 -1 -1 -1000 -1000 -1000 -10 1
68 11 Car -1 -1 -1 1091.25 185.26 1225.62 233.71 -1 -1 -1 -1000 -1000 -1000 -10 1
68 4 Car -1 -1 -1 1033.75 187.10 1162.55 227.02 -1 -1 -1 -1000 -1000 -1000 -10 1
69 16 Car -1 -1 -1 591.31 164.28 662.99 240.36 -1 -1 -1 -1000 -1000 -1000 -10 1
69 14 Car -1 -1 -1 961.48 180.99 1069.47 226.59 -1 -1 -1 -1000 -1000 -1000 -10 1
69 11 Car -1 -1 -1 1097.27 188.89 1227.55 238.01 -1 -1 -1 -1000 -1000 -1000 -10 1
69 4 Car -1 -1 -1 1034.23 186.85 1163.23 227.22 -1 -1 -1 -1000 -1000 -1000 -10 1
70 16 Car -1 -1 -1 607.43 163.61 670.96 241.79 -1 -1 -1 -1000 -1000 -1000 -10 1
70 14 Car -1 -1 -1 961.20 180.68 1069.58 227.23 -1 -1 -1 -1000 -1000 -1000 -10 1
70 4 Car -1 -1 -1 1033.54 186.30 1161.65 227.12 -1 -1 -1 -1000 -1000 -1000 -10 1
71 16 Car -1 -1 -1 600.62 162.49 670.21 240.50 -1 -1 -1 -1000 -1000 -1000 -10 1
71 14 Car -1 -1 -1 961.91 180.64 1069.72 227.76 -1 -1 -1 -1000 -1000 -1000 -10 1
71 4 Car -1 -1 -1 1031.61 185.00 1159.82 226.48 -1 -1 -1 -1000 -1000 -1000 -10 1
72 14 Car -1 -1 -1 963.57 181.88 1072.86 228.51 -1 -1 -1 -1000 -1000 -1000 -10 1
72 4 Car -1 -1 -1 1033.31 186.64 1167.85 231.81 -1 -1 -1 -1000 -1000 -1000 -10 1
73 14 Car -1 -1 -1 959.40 183.78 1069.00 228.85 -1 -1 -1 -1000 -1000 -1000 -10 1
73 4 Car -1 -1 -1 1030.02 183.67 1161.74 229.27 -1 -1 -1 -1000 -1000 -1000 -10 1
74 14 Car -1 -1 -1 960.51 183.90 1071.58 230.75 -1 -1 -1 -1000 -1000 -1000 -10 1
74 4 Car -1 -1 -1 1022.47 185.54 1154.85 232.96 -1 -1 -1 -1000 -1000 -1000 -10 1
75 14 Car -1 -1 -1 957.58 184.35 1068.78 231.55 -1 -1 -1 -1000 -1000 -1000 -10 1
75 4 Car -1 -1 -1 1027.34 186.94 1157.03 236.34 -1 -1 -1 -1000 -1000 -1000 -10 1
76 14 Car -1 -1 -1 957.09 184.18 1067.15 231.16 -1 -1 -1 -1000 -1000 -1000 -10 1
76 4 Car -1 -1 -1 1031.12 186.43 1158.76 236.93 -1 -1 -1 -1000 -1000 -1000 -10 1
77 14 Car -1 -1 -1 959.31 181.92 1068.56 228.68 -1 -1 -1 -1000 -1000 -1000 -10 1
77 4 Car -1 -1 -1 1028.67 188.66 1158.46 242.38 -1 -1 -1 -1000 -1000 -1000 -10 1
78 14 Car -1 -1 -1 961.37 187.58 1077.94 239.13 -1 -1 -1 -1000 -1000 -1000 -10 1
78 4 Car -1 -1 -1 1027.12 188.67 1155.48 245.73 -1 -1 -1 -1000 -1000 -1000 -10 1
79 20 Car -1 -1 -1 1094.97 183.81 1219.46 232.73 -1 -1 -1 -1000 -1000 -1000 -10 1
79 4 Car -1 -1 -1 1031.15 185.52 1159.49 241.55 -1 -1 -1 -1000 -1000 -1000 -10 1
80 20 Car -1 -1 -1 1094.81 183.05 1220.59 231.70 -1 -1 -1 -1000 -1000 -1000 -10 1
80 4 Car -1 -1 -1 1028.92 184.80 1154.63 242.50 -1 -1 -1 -1000 -1000 -1000 -10 1
81 20 Car -1 -1 -1 1095.06 183.05 1220.87 231.44 -1 -1 -1 -1000 -1000 -1000 -10 1
81 4 Car -1 -1 -1 1027.01 186.15 1149.59 246.33 -1 -1 -1 -1000 -1000 -1000 -10 1
82 20 Car -1 -1 -1 1091.95 182.88 1224.67 232.73 -1 -1 -1 -1000 -1000 -1000 -10 1
82 4 Car -1 -1 -1 1028.78 183.42 1156.24 237.92 -1 -1 -1 -1000 -1000 -1000 -10 1
83 20 Car -1 -1 -1 1091.09 183.07 1226.70 233.28 -1 -1 -1 -1000 -1000 -1000 -10 1
83 4 Car -1 -1 -1 1029.23 182.94 1159.05 233.79 -1 -1 -1 -1000 -1000 -1000 -10 1
84 21 Car -1 -1 -1 570.97 159.55 623.24 278.64 -1 -1 -1 -1000 -1000 -1000 -10 1
84 20 Car -1 -1 -1 1091.45 182.99 1228.43 233.20 -1 -1 -1 -1000 -1000 -1000 -10 1
84 4 Car -1 -1 -1 1030.00 183.39 1160.93 231.63 -1 -1 -1 -1000 -1000 -1000 -10 1
85 21 Car -1 -1 -1 579.51 158.39 631.94 280.07 -1 -1 -1 -1000 -1000 -1000 -10 1
85 20 Car -1 -1 -1 1091.46 183.11 1229.54 233.35 -1 -1 -1 -1000 -1000 -1000 -10 1
85 4 Car -1 -1 -1 1030.45 183.86 1161.76 230.45 -1 -1 -1 -1000 -1000 -1000 -10 1
86 20 Car -1 -1 -1 1091.21 183.08 1229.70 233.08 -1 -1 -1 -1000 -1000 -1000 -10 1
86 4 Car -1 -1 -1 1030.64 184.43 1161.52 229.48 -1 -1 -1 -1000 -1000 -1000 -10 1
87 20 Car -1 -1 -1 1091.40 183.21 1230.05 233.01 -1 -1 -1 -1000 -1000 -1000 -10 1
87 4 Car -1 -1 -1 1030.69 184.91 1161.24 228.84 -1 -1 -1 -1000 -1000 -1000 -10 1
88 20 Car -1 -1 -1 1091.24 183.23 1230.22 232.82 -1 -1 -1 -1000 -1000 -1000 -10 1
88 14 Car -1 -1 -1 949.99 181.20 1073.02 234.45 -1 -1 -1 -1000 -1000 -1000 -10 1
88 4 Car -1 -1 -1 1030.69 185.21 1161.13 228.37 -1 -1 -1 -1000 -1000 -1000 -10 1
89 20 Car -1 -1 -1 1091.46 183.25 1230.16 232.64 -1 -1 -1 -1000 -1000 -1000 -10 1
89 14 Car -1 -1 -1 949.78 182.00 1073.04 231.90 -1 -1 -1 -1000 -1000 -1000 -10 1
89 4 Car -1 -1 -1 1031.18 185.59 1160.90 228.21 -1 -1 -1 -1000 -1000 -1000 -10 1
90 20 Car -1 -1 -1 1091.78 183.33 1230.28 232.55 -1 -1 -1 -1000 -1000 -1000 -10 1
90 14 Car -1 -1 -1 949.86 183.26 1073.18 230.75 -1 -1 -1 -1000 -1000 -1000 -10 1
90 4 Car -1 -1 -1 1031.28 185.82 1160.60 228.09 -1 -1 -1 -1000 -1000 -1000 -10 1
91 20 Car -1 -1 -1 1091.86 183.52 1230.36 232.63 -1 -1 -1 -1000 -1000 -1000 -10 1
91 14 Car -1 -1 -1 954.69 182.24 1069.96 228.94 -1 -1 -1 -1000 -1000 -1000 -10 1
91 4 Car -1 -1 -1 1031.43 186.00 1160.41 227.95 -1 -1 -1 -1000 -1000 -1000 -10 1
92 20 Car -1 -1 -1 1091.73 183.59 1230.44 232.57 -1 -1 -1 -1000 -1000 -1000 -10 1
92 14 Car -1 -1 -1 954.11 183.36 1069.99 228.16 -1 -1 -1 -1000 -1000 -1000 -10 1
92 4 Car -1 -1 -1 1031.48 186.16 1160.37 227.70 -1 -1 -1 -1000 -1000 -1000 -10 1
93 25 Car -1 -1 -1 587.98 156.20 641.41 263.93 -1 -1 -1 -1000 -1000 -1000 -10 1
93 20 Car -1 -1 -1 1091.64 183.64 1230.61 232.55 -1 -1 -1 -1000 -1000 -1000 -10 1
93 14 Car -1 -1 -1 957.31 181.41 1070.43 226.71 -1 -1 -1 -1000 -1000 -1000 -10 1
93 4 Car -1 -1 -1 1031.53 186.28 1160.35 227.51 -1 -1 -1 -1000 -1000 -1000 -10 1
94 25 Car -1 -1 -1 583.33 156.61 634.05 260.87 -1 -1 -1 -1000 -1000 -1000 -10 1
94 20 Car -1 -1 -1 1091.52 183.61 1230.55 232.56 -1 -1 -1 -1000 -1000 -1000 -10 1
94 14 Car -1 -1 -1 958.13 180.94 1069.92 226.80 -1 -1 -1 -1000 -1000 -1000 -10 1
94 4 Car -1 -1 -1 1031.53 186.38 1160.38 227.52 -1 -1 -1 -1000 -1000 -1000 -10 1
95 25 Car -1 -1 -1 583.45 158.06 629.15 256.19 -1 -1 -1 -1000 -1000 -1000 -10 1
95 20 Car -1 -1 -1 1091.39 183.60 1230.63 232.48 -1 -1 -1 -1000 -1000 -1000 -10 1
95 14 Car -1 -1 -1 956.53 183.11 1068.81 227.29 -1 -1 -1 -1000 -1000 -1000 -10 1
95 4 Car -1 -1 -1 1031.50 186.47 1160.33 227.43 -1 -1 -1 -1000 -1000 -1000 -10 1
96 25 Car -1 -1 -1 574.67 159.43 619.86 257.60 -1 -1 -1 -1000 -1000 -1000 -10 1
96 20 Car -1 -1 -1 1091.70 183.57 1230.89 232.44 -1 -1 -1 -1000 -1000 -1000 -10 1
96 14 Car -1 -1 -1 959.71 182.25 1066.93 226.96 -1 -1 -1 -1000 -1000 -1000 -10 1
96 4 Car -1 -1 -1 1031.53 186.50 1160.27 227.38 -1 -1 -1 -1000 -1000 -1000 -10 1
97 20 Car -1 -1 -1 1091.54 183.61 1230.72 232.41 -1 -1 -1 -1000 -1000 -1000 -10 1
97 14 Car -1 -1 -1 962.14 181.57 1067.64 226.73 -1 -1 -1 -1000 -1000 -1000 -10 1
97 4 Car -1 -1 -1 1031.70 186.55 1160.26 227.28 -1 -1 -1 -1000 -1000 -1000 -10 1
98 20 Car -1 -1 -1 1091.39 183.59 1230.57 232.33 -1 -1 -1 -1000 -1000 -1000 -10 1
98 14 Car -1 -1 -1 963.13 181.05 1067.77 226.72 -1 -1 -1 -1000 -1000 -1000 -10 1
98 4 Car -1 -1 -1 1031.75 186.66 1160.41 227.27 -1 -1 -1 -1000 -1000 -1000 -10 1
99 20 Car -1 -1 -1 1091.33 183.57 1230.53 232.29 -1 -1 -1 -1000 -1000 -1000 -10 1
99 14 Car -1 -1 -1 963.56 181.04 1067.90 227.28 -1 -1 -1 -1000 -1000 -1000 -10 1
99 4 Car -1 -1 -1 1031.82 186.69 1160.55 227.20 -1 -1 -1 -1000 -1000 -1000 -10 1
100 20 Car -1 -1 -1 1091.17 183.58 1230.43 232.26 -1 -1 -1 -1000 -1000 -1000 -10 1
100 14 Car -1 -1 -1 963.83 180.70 1067.48 227.31 -1 -1 -1 -1000 -1000 -1000 -10 1
100 4 Car -1 -1 -1 1031.79 186.72 1160.52 227.20 -1 -1 -1 -1000 -1000 -1000 -10 1
101 20 Car -1 -1 -1 1091.07 183.60 1230.39 232.23 -1 -1 -1 -1000 -1000 -1000 -10 1
101 14 Car -1 -1 -1 964.21 180.35 1067.06 227.20 -1 -1 -1 -1000 -1000 -1000 -10 1
101 4 Car -1 -1 -1 1031.75 186.77 1160.47 227.17 -1 -1 -1 -1000 -1000 -1000 -10 1
102 20 Car -1 -1 -1 1091.25 183.61 1230.49 232.30 -1 -1 -1 -1000 -1000 -1000 -10 1
102 14 Car -1 -1 -1 964.87 179.87 1066.49 226.81 -1 -1 -1 -1000 -1000 -1000 -10 1
102 4 Car -1 -1 -1 1031.65 186.75 1160.44 227.14 -1 -1 -1 -1000 -1000 -1000 -10 1
103 20 Car -1 -1 -1 1091.31 183.53 1230.62 232.25 -1 -1 -1 -1000 -1000 -1000 -10 1
103 14 Car -1 -1 -1 965.29 179.80 1065.91 226.93 -1 -1 -1 -1000 -1000 -1000 -10 1
103 4 Car -1 -1 -1 1031.73 186.76 1160.65 227.18 -1 -1 -1 -1000 -1000 -1000 -10 1
104 26 Car -1 -1 -1 601.82 170.36 639.99 201.01 -1 -1 -1 -1000 -1000 -1000 -10 1
104 20 Car -1 -1 -1 1091.40 183.36 1230.68 232.24 -1 -1 -1 -1000 -1000 -1000 -10 1
104 14 Car -1 -1 -1 964.53 179.99 1065.81 227.26 -1 -1 -1 -1000 -1000 -1000 -10 1
104 4 Car -1 -1 -1 1031.72 186.80 1160.74 227.28 -1 -1 -1 -1000 -1000 -1000 -10 1
105 26 Car -1 -1 -1 601.44 171.49 638.59 201.28 -1 -1 -1 -1000 -1000 -1000 -10 1
105 20 Car -1 -1 -1 1091.28 183.37 1230.71 232.31 -1 -1 -1 -1000 -1000 -1000 -10 1
105 14 Car -1 -1 -1 963.63 180.20 1066.21 227.52 -1 -1 -1 -1000 -1000 -1000 -10 1
105 4 Car -1 -1 -1 1031.76 186.83 1160.82 227.33 -1 -1 -1 -1000 -1000 -1000 -10 1
106 26 Car -1 -1 -1 600.23 171.97 637.17 200.20 -1 -1 -1 -1000 -1000 -1000 -10 1
106 20 Car -1 -1 -1 1091.11 183.35 1230.53 232.32 -1 -1 -1 -1000 -1000 -1000 -10 1
106 14 Car -1 -1 -1 963.43 180.78 1066.56 228.66 -1 -1 -1 -1000 -1000 -1000 -10 1
106 4 Car -1 -1 -1 1031.67 186.91 1160.50 227.40 -1 -1 -1 -1000 -1000 -1000 -10 1
107 26 Car -1 -1 -1 601.37 172.27 638.85 200.65 -1 -1 -1 -1000 -1000 -1000 -10 1
107 20 Car -1 -1 -1 1090.71 183.31 1229.98 232.30 -1 -1 -1 -1000 -1000 -1000 -10 1
107 14 Car -1 -1 -1 963.24 180.43 1067.45 228.35 -1 -1 -1 -1000 -1000 -1000 -10 1
107 4 Car -1 -1 -1 1031.65 186.90 1160.62 227.43 -1 -1 -1 -1000 -1000 -1000 -10 1
108 26 Car -1 -1 -1 600.60 172.50 638.61 200.94 -1 -1 -1 -1000 -1000 -1000 -10 1
108 20 Car -1 -1 -1 1090.03 183.29 1226.95 232.43 -1 -1 -1 -1000 -1000 -1000 -10 1
108 14 Car -1 -1 -1 961.82 181.11 1066.83 229.33 -1 -1 -1 -1000 -1000 -1000 -10 1
108 4 Car -1 -1 -1 1031.59 186.94 1160.62 227.52 -1 -1 -1 -1000 -1000 -1000 -10 1
109 26 Car -1 -1 -1 599.71 172.51 637.51 200.93 -1 -1 -1 -1000 -1000 -1000 -10 1
109 20 Car -1 -1 -1 1091.23 183.42 1229.54 233.05 -1 -1 -1 -1000 -1000 -1000 -10 1
109 14 Car -1 -1 -1 960.72 182.27 1066.44 230.95 -1 -1 -1 -1000 -1000 -1000 -10 1
109 4 Car -1 -1 -1 1031.52 186.95 1160.55 227.53 -1 -1 -1 -1000 -1000 -1000 -10 1
110 26 Car -1 -1 -1 601.66 172.58 639.79 201.32 -1 -1 -1 -1000 -1000 -1000 -10 1
110 20 Car -1 -1 -1 1093.58 184.58 1230.20 234.64 -1 -1 -1 -1000 -1000 -1000 -10 1
110 14 Car -1 -1 -1 961.77 181.33 1067.94 230.09 -1 -1 -1 -1000 -1000 -1000 -10 1
110 4 Car -1 -1 -1 1031.87 186.96 1160.34 227.55 -1 -1 -1 -1000 -1000 -1000 -10 1
111 20 Car -1 -1 -1 1095.86 186.56 1229.83 236.86 -1 -1 -1 -1000 -1000 -1000 -10 1
111 14 Car -1 -1 -1 961.38 180.44 1067.90 229.43 -1 -1 -1 -1000 -1000 -1000 -10 1
111 4 Car -1 -1 -1 1032.67 187.09 1161.57 227.51 -1 -1 -1 -1000 -1000 -1000 -10 1
112 20 Car -1 -1 -1 1096.44 191.50 1232.97 246.49 -1 -1 -1 -1000 -1000 -1000 -10 1
112 14 Car -1 -1 -1 962.34 179.54 1068.30 228.04 -1 -1 -1 -1000 -1000 -1000 -10 1
112 4 Car -1 -1 -1 1034.02 186.97 1163.35 227.72 -1 -1 -1 -1000 -1000 -1000 -10 1
113 20 Car -1 -1 -1 1089.45 194.55 1229.64 253.98 -1 -1 -1 -1000 -1000 -1000 -10 1
113 14 Car -1 -1 -1 963.44 180.56 1068.04 228.63 -1 -1 -1 -1000 -1000 -1000 -10 1
113 4 Car -1 -1 -1 1033.72 186.84 1162.06 227.88 -1 -1 -1 -1000 -1000 -1000 -10 1
114 14 Car -1 -1 -1 959.22 182.70 1067.25 228.18 -1 -1 -1 -1000 -1000 -1000 -10 1
114 4 Car -1 -1 -1 1030.88 187.05 1160.38 229.96 -1 -1 -1 -1000 -1000 -1000 -10 1
115 29 Car -1 -1 -1 1067.18 142.67 1174.10 335.59 -1 -1 -1 -1000 -1000 -1000 -10 1
115 14 Car -1 -1 -1 956.97 184.07 1067.24 228.65 -1 -1 -1 -1000 -1000 -1000 -10 1
115 4 Car -1 -1 -1 1031.22 186.37 1159.66 230.01 -1 -1 -1 -1000 -1000 -1000 -10 1
116 29 Car -1 -1 -1 1047.93 143.35 1156.80 332.64 -1 -1 -1 -1000 -1000 -1000 -10 1
116 14 Car -1 -1 -1 955.25 184.89 1067.74 229.82 -1 -1 -1 -1000 -1000 -1000 -10 1
116 4 Car -1 -1 -1 1030.88 186.68 1158.22 230.56 -1 -1 -1 -1000 -1000 -1000 -10 1
117 30 Car -1 -1 -1 615.86 158.84 665.88 273.93 -1 -1 -1 -1000 -1000 -1000 -10 1
117 29 Car -1 -1 -1 1037.60 145.96 1139.89 325.35 -1 -1 -1 -1000 -1000 -1000 -10 1
117 20 Car -1 -1 -1 1097.11 181.40 1224.45 236.73 -1 -1 -1 -1000 -1000 -1000 -10 1
117 14 Car -1 -1 -1 957.71 183.29 1072.05 230.76 -1 -1 -1 -1000 -1000 -1000 -10 1
117 4 Car -1 -1 -1 1025.62 186.63 1150.07 231.30 -1 -1 -1 -1000 -1000 -1000 -10 1
118 30 Car -1 -1 -1 609.88 158.10 661.46 273.26 -1 -1 -1 -1000 -1000 -1000 -10 1
118 20 Car -1 -1 -1 1105.61 179.20 1227.31 232.92 -1 -1 -1 -1000 -1000 -1000 -10 1
118 14 Car -1 -1 -1 963.68 181.52 1073.27 230.74 -1 -1 -1 -1000 -1000 -1000 -10 1
119 30 Car -1 -1 -1 603.12 160.00 652.16 269.21 -1 -1 -1 -1000 -1000 -1000 -10 1
119 20 Car -1 -1 -1 1110.59 181.35 1222.94 234.14 -1 -1 -1 -1000 -1000 -1000 -10 1
120 30 Car -1 -1 -1 596.57 162.63 643.61 268.82 -1 -1 -1 -1000 -1000 -1000 -10 1
120 20 Car -1 -1 -1 1107.54 181.09 1218.72 232.04 -1 -1 -1 -1000 -1000 -1000 -10 1
121 30 Car -1 -1 -1 590.18 161.76 637.36 266.90 -1 -1 -1 -1000 -1000 -1000 -10 1
121 20 Car -1 -1 -1 1108.83 182.36 1220.06 232.30 -1 -1 -1 -1000 -1000 -1000 -10 1
121 4 Car -1 -1 -1 1028.50 184.12 1154.45 233.94 -1 -1 -1 -1000 -1000 -1000 -10 1
122 30 Car -1 -1 -1 586.94 162.54 634.10 267.14 -1 -1 -1 -1000 -1000 -1000 -10 1
122 20 Car -1 -1 -1 1109.08 182.10 1221.94 231.43 -1 -1 -1 -1000 -1000 -1000 -10 1
122 4 Car -1 -1 -1 1030.61 181.29 1153.69 230.16 -1 -1 -1 -1000 -1000 -1000 -10 1
123 30 Car -1 -1 -1 576.51 162.38 625.79 270.21 -1 -1 -1 -1000 -1000 -1000 -10 1
123 20 Car -1 -1 -1 1105.23 182.96 1220.24 232.01 -1 -1 -1 -1000 -1000 -1000 -10 1
123 4 Car -1 -1 -1 1030.49 181.13 1153.85 230.41 -1 -1 -1 -1000 -1000 -1000 -10 1
124 20 Car -1 -1 -1 1101.08 183.06 1221.76 231.77 -1 -1 -1 -1000 -1000 -1000 -10 1
124 4 Car -1 -1 -1 1032.63 181.90 1157.00 229.50 -1 -1 -1 -1000 -1000 -1000 -10 1
125 20 Car -1 -1 -1 1099.65 183.10 1221.59 232.01 -1 -1 -1 -1000 -1000 -1000 -10 1
125 4 Car -1 -1 -1 1033.46 183.09 1155.23 231.10 -1 -1 -1 -1000 -1000 -1000 -10 1
126 20 Car -1 -1 -1 1098.79 182.98 1221.95 231.68 -1 -1 -1 -1000 -1000 -1000 -10 1
126 4 Car -1 -1 -1 1032.64 185.15 1153.20 233.90 -1 -1 -1 -1000 -1000 -1000 -10 1
127 30 Car -1 -1 -1 556.17 160.91 607.89 262.79 -1 -1 -1 -1000 -1000 -1000 -10 1
127 20 Car -1 -1 -1 1097.49 182.90 1220.53 231.10 -1 -1 -1 -1000 -1000 -1000 -10 1
127 4 Car -1 -1 -1 1031.75 184.68 1156.67 232.47 -1 -1 -1 -1000 -1000 -1000 -10 1
128 30 Car -1 -1 -1 550.12 163.48 601.92 265.86 -1 -1 -1 -1000 -1000 -1000 -10 1
128 20 Car -1 -1 -1 1095.47 183.37 1218.61 231.12 -1 -1 -1 -1000 -1000 -1000 -10 1
128 4 Car -1 -1 -1 1028.64 185.23 1154.04 234.85 -1 -1 -1 -1000 -1000 -1000 -10 1
129 34 Car -1 -1 -1 956.43 178.52 1055.95 239.49 -1 -1 -1 -1000 -1000 -1000 -10 1
129 30 Car -1 -1 -1 547.49 165.64 598.14 267.80 -1 -1 -1 -1000 -1000 -1000 -10 1
129 20 Car -1 -1 -1 1094.71 183.89 1219.26 232.02 -1 -1 -1 -1000 -1000 -1000 -10 1
129 4 Car -1 -1 -1 1027.60 183.70 1154.04 233.04 -1 -1 -1 -1000 -1000 -1000 -10 1
130 34 Car -1 -1 -1 972.19 178.63 1064.42 226.73 -1 -1 -1 -1000 -1000 -1000 -10 1
130 20 Car -1 -1 -1 1099.46 183.44 1222.61 231.84 -1 -1 -1 -1000 -1000 -1000 -10 1
130 4 Car -1 -1 -1 1027.25 190.37 1156.92 244.82 -1 -1 -1 -1000 -1000 -1000 -10 1
131 20 Car -1 -1 -1 1099.36 183.81 1222.91 232.12 -1 -1 -1 -1000 -1000 -1000 -10 1
131 4 Car -1 -1 -1 1029.23 188.22 1159.01 242.45 -1 -1 -1 -1000 -1000 -1000 -10 1
132 20 Car -1 -1 -1 1100.40 182.32 1223.51 230.63 -1 -1 -1 -1000 -1000 -1000 -10 1
132 4 Car -1 -1 -1 1029.20 185.07 1158.09 238.05 -1 -1 -1 -1000 -1000 -1000 -10 1
133 36 Car -1 -1 -1 599.30 171.61 636.22 202.27 -1 -1 -1 -1000 -1000 -1000 -10 1
133 20 Car -1 -1 -1 1099.15 183.39 1223.51 232.46 -1 -1 -1 -1000 -1000 -1000 -10 1
133 4 Car -1 -1 -1 1025.54 183.45 1152.81 234.73 -1 -1 -1 -1000 -1000 -1000 -10 1
134 36 Car -1 -1 -1 601.12 171.26 637.69 202.26 -1 -1 -1 -1000 -1000 -1000 -10 1
134 20 Car -1 -1 -1 1089.03 181.89 1216.51 230.82 -1 -1 -1 -1000 -1000 -1000 -10 1
134 4 Car -1 -1 -1 1030.04 182.82 1155.33 231.99 -1 -1 -1 -1000 -1000 -1000 -10 1
135 38 Car -1 -1 -1 955.55 185.78 1067.38 227.31 -1 -1 -1 -1000 -1000 -1000 -10 1
135 36 Car -1 -1 -1 601.00 171.00 637.23 202.33 -1 -1 -1 -1000 -1000 -1000 -10 1
136 38 Car -1 -1 -1 960.67 183.34 1073.13 226.70 -1 -1 -1 -1000 -1000 -1000 -10 1
136 36 Car -1 -1 -1 600.34 170.73 636.39 202.33 -1 -1 -1 -1000 -1000 -1000 -10 1
137 38 Car -1 -1 -1 957.71 184.91 1069.37 227.19 -1 -1 -1 -1000 -1000 -1000 -10 1
137 36 Car -1 -1 -1 600.25 170.94 636.80 202.71 -1 -1 -1 -1000 -1000 -1000 -10 1
138 38 Car -1 -1 -1 956.88 185.78 1067.92 226.99 -1 -1 -1 -1000 -1000 -1000 -10 1
138 36 Car -1 -1 -1 599.05 170.89 636.28 201.44 -1 -1 -1 -1000 -1000 -1000 -10 1
138 20 Car -1 -1 -1 1101.96 188.18 1231.08 245.68 -1 -1 -1 -1000 -1000 -1000 -10 1
138 4 Car -1 -1 -1 1034.36 184.38 1159.87 229.32 -1 -1 -1 -1000 -1000 -1000 -10 1
139 38 Car -1 -1 -1 956.49 186.04 1067.51 226.81 -1 -1 -1 -1000 -1000 -1000 -10 1
139 36 Car -1 -1 -1 598.38 171.00 636.18 200.80 -1 -1 -1 -1000 -1000 -1000 -10 1
139 20 Car -1 -1 -1 1098.49 184.38 1227.76 238.70 -1 -1 -1 -1000 -1000 -1000 -10 1
139 4 Car -1 -1 -1 1034.42 185.45 1160.76 228.68 -1 -1 -1 -1000 -1000 -1000 -10 1
140 38 Car -1 -1 -1 956.09 186.17 1067.59 226.78 -1 -1 -1 -1000 -1000 -1000 -10 1
140 36 Car -1 -1 -1 598.35 171.24 636.54 200.46 -1 -1 -1 -1000 -1000 -1000 -10 1
140 20 Car -1 -1 -1 1095.85 183.32 1225.14 235.71 -1 -1 -1 -1000 -1000 -1000 -10 1
140 4 Car -1 -1 -1 1033.88 185.78 1160.53 228.11 -1 -1 -1 -1000 -1000 -1000 -10 1
141 38 Car -1 -1 -1 955.84 186.53 1067.74 226.79 -1 -1 -1 -1000 -1000 -1000 -10 1
141 36 Car -1 -1 -1 600.34 171.58 637.44 201.44 -1 -1 -1 -1000 -1000 -1000 -10 1
141 20 Car -1 -1 -1 1092.30 182.58 1226.40 234.38 -1 -1 -1 -1000 -1000 -1000 -10 1
141 4 Car -1 -1 -1 1032.69 185.94 1159.77 227.94 -1 -1 -1 -1000 -1000 -1000 -10 1
142 38 Car -1 -1 -1 955.83 186.57 1067.69 226.80 -1 -1 -1 -1000 -1000 -1000 -10 1
142 36 Car -1 -1 -1 601.69 172.25 637.88 202.98 -1 -1 -1 -1000 -1000 -1000 -10 1
142 20 Car -1 -1 -1 1092.10 182.02 1225.00 233.20 -1 -1 -1 -1000 -1000 -1000 -10 1
142 4 Car -1 -1 -1 1032.41 186.27 1159.60 227.84 -1 -1 -1 -1000 -1000 -1000 -10 1
143 38 Car -1 -1 -1 955.86 186.62 1067.68 226.78 -1 -1 -1 -1000 -1000 -1000 -10 1
143 36 Car -1 -1 -1 601.29 171.85 637.14 203.03 -1 -1 -1 -1000 -1000 -1000 -10 1
143 20 Car -1 -1 -1 1092.24 182.00 1224.51 232.49 -1 -1 -1 -1000 -1000 -1000 -10 1
143 4 Car -1 -1 -1 1032.25 186.39 1159.69 227.63 -1 -1 -1 -1000 -1000 -1000 -10 1
145 38 Car -1 -1 -1 956.56 183.75 1069.81 226.66 -1 -1 -1 -1000 -1000 -1000 -10 1
145 20 Car -1 -1 -1 1092.70 183.21 1226.02 231.24 -1 -1 -1 -1000 -1000 -1000 -10 1
145 4 Car -1 -1 -1 1032.06 186.15 1161.35 226.84 -1 -1 -1 -1000 -1000 -1000 -10 1
146 38 Car -1 -1 -1 958.16 182.55 1069.69 226.59 -1 -1 -1 -1000 -1000 -1000 -10 1
146 20 Car -1 -1 -1 1093.15 183.41 1227.78 231.55 -1 -1 -1 -1000 -1000 -1000 -10 1
146 4 Car -1 -1 -1 1031.59 186.47 1160.58 227.19 -1 -1 -1 -1000 -1000 -1000 -10 1
147 38 Car -1 -1 -1 956.85 184.43 1068.35 227.31 -1 -1 -1 -1000 -1000 -1000 -10 1
147 36 Car -1 -1 -1 600.42 170.94 638.47 201.97 -1 -1 -1 -1000 -1000 -1000 -10 1
147 20 Car -1 -1 -1 1092.65 183.59 1228.57 231.79 -1 -1 -1 -1000 -1000 -1000 -10 1
147 4 Car -1 -1 -1 1031.75 186.57 1160.45 227.22 -1 -1 -1 -1000 -1000 -1000 -10 1
148 38 Car -1 -1 -1 956.17 185.47 1068.02 227.42 -1 -1 -1 -1000 -1000 -1000 -10 1
148 36 Car -1 -1 -1 599.93 171.08 639.31 202.18 -1 -1 -1 -1000 -1000 -1000 -10 1
148 20 Car -1 -1 -1 1092.23 183.68 1229.11 231.93 -1 -1 -1 -1000 -1000 -1000 -10 1
148 4 Car -1 -1 -1 1032.00 186.65 1160.32 227.26 -1 -1 -1 -1000 -1000 -1000 -10 1
149 38 Car -1 -1 -1 955.74 185.91 1068.07 227.39 -1 -1 -1 -1000 -1000 -1000 -10 1
149 36 Car -1 -1 -1 600.77 171.66 641.69 203.94 -1 -1 -1 -1000 -1000 -1000 -10 1
149 20 Car -1 -1 -1 1092.04 183.69 1229.46 231.99 -1 -1 -1 -1000 -1000 -1000 -10 1
149 4 Car -1 -1 -1 1031.81 186.73 1159.81 227.26 -1 -1 -1 -1000 -1000 -1000 -10 1
150 38 Car -1 -1 -1 955.67 186.22 1068.03 227.24 -1 -1 -1 -1000 -1000 -1000 -10 1
150 36 Car -1 -1 -1 603.53 171.89 644.81 207.43 -1 -1 -1 -1000 -1000 -1000 -10 1
150 20 Car -1 -1 -1 1091.84 183.71 1229.64 232.04 -1 -1 -1 -1000 -1000 -1000 -10 1
150 4 Car -1 -1 -1 1031.92 186.77 1159.65 227.20 -1 -1 -1 -1000 -1000 -1000 -10 1
151 38 Car -1 -1 -1 955.59 186.38 1068.05 227.16 -1 -1 -1 -1000 -1000 -1000 -10 1
151 36 Car -1 -1 -1 602.15 171.38 642.49 209.69 -1 -1 -1 -1000 -1000 -1000 -10 1
151 20 Car -1 -1 -1 1091.71 183.76 1229.63 232.08 -1 -1 -1 -1000 -1000 -1000 -10 1
151 4 Car -1 -1 -1 1031.95 186.77 1159.65 227.19 -1 -1 -1 -1000 -1000 -1000 -10 1
152 38 Car -1 -1 -1 955.37 186.45 1068.22 227.03 -1 -1 -1 -1000 -1000 -1000 -10 1
152 20 Car -1 -1 -1 1091.67 183.73 1229.96 232.07 -1 -1 -1 -1000 -1000 -1000 -10 1
152 4 Car -1 -1 -1 1031.80 186.79 1159.71 227.22 -1 -1 -1 -1000 -1000 -1000 -10 1
153 38 Car -1 -1 -1 957.56 184.03 1069.32 226.39 -1 -1 -1 -1000 -1000 -1000 -10 1
153 20 Car -1 -1 -1 1091.52 183.62 1229.94 232.04 -1 -1 -1 -1000 -1000 -1000 -10 1
153 4 Car -1 -1 -1 1031.96 186.72 1159.83 227.25 -1 -1 -1 -1000 -1000 -1000 -10 1
154 38 Car -1 -1 -1 958.71 182.70 1069.59 226.27 -1 -1 -1 -1000 -1000 -1000 -10 1
154 20 Car -1 -1 -1 1091.21 183.65 1229.93 232.07 -1 -1 -1 -1000 -1000 -1000 -10 1
154 4 Car -1 -1 -1 1032.17 186.73 1159.89 227.15 -1 -1 -1 -1000 -1000 -1000 -10 1
155 38 Car -1 -1 -1 956.82 184.54 1068.55 227.33 -1 -1 -1 -1000 -1000 -1000 -10 1
155 20 Car -1 -1 -1 1091.22 183.69 1230.00 232.15 -1 -1 -1 -1000 -1000 -1000 -10 1
155 4 Car -1 -1 -1 1032.30 186.78 1160.02 227.20 -1 -1 -1 -1000 -1000 -1000 -10 1
156 38 Car -1 -1 -1 956.03 185.44 1068.23 227.55 -1 -1 -1 -1000 -1000 -1000 -10 1
156 20 Car -1 -1 -1 1091.34 183.67 1230.06 232.19 -1 -1 -1 -1000 -1000 -1000 -10 1
156 4 Car -1 -1 -1 1032.43 186.83 1160.07 227.24 -1 -1 -1 -1000 -1000 -1000 -10 1
157 46 Car -1 -1 -1 606.74 168.44 650.88 267.22 -1 -1 -1 -1000 -1000 -1000 -10 1
157 38 Car -1 -1 -1 955.58 185.88 1068.27 227.55 -1 -1 -1 -1000 -1000 -1000 -10 1
157 20 Car -1 -1 -1 1091.04 183.63 1230.01 232.12 -1 -1 -1 -1000 -1000 -1000 -10 1
157 4 Car -1 -1 -1 1032.45 186.80 1160.06 227.22 -1 -1 -1 -1000 -1000 -1000 -10 1
158 38 Car -1 -1 -1 957.83 183.59 1069.19 226.53 -1 -1 -1 -1000 -1000 -1000 -10 1
158 20 Car -1 -1 -1 1090.88 183.70 1229.95 232.17 -1 -1 -1 -1000 -1000 -1000 -10 1
158 4 Car -1 -1 -1 1032.19 186.78 1159.69 227.22 -1 -1 -1 -1000 -1000 -1000 -10 1
159 38 Car -1 -1 -1 958.86 182.44 1069.86 226.53 -1 -1 -1 -1000 -1000 -1000 -10 1
159 20 Car -1 -1 -1 1091.12 183.77 1230.12 232.30 -1 -1 -1 -1000 -1000 -1000 -10 1
159 4 Car -1 -1 -1 1032.03 186.72 1159.88 227.27 -1 -1 -1 -1000 -1000 -1000 -10 1
160 38 Car -1 -1 -1 959.47 181.88 1069.64 226.71 -1 -1 -1 -1000 -1000 -1000 -10 1
160 20 Car -1 -1 -1 1091.23 183.78 1230.09 232.29 -1 -1 -1 -1000 -1000 -1000 -10 1
160 4 Car -1 -1 -1 1032.06 186.71 1160.06 227.23 -1 -1 -1 -1000 -1000 -1000 -10 1
161 46 Car -1 -1 -1 569.20 163.21 615.93 269.05 -1 -1 -1 -1000 -1000 -1000 -10 1
161 38 Car -1 -1 -1 957.27 184.16 1068.41 227.60 -1 -1 -1 -1000 -1000 -1000 -10 1
161 20 Car -1 -1 -1 1091.08 183.79 1230.08 232.30 -1 -1 -1 -1000 -1000 -1000 -10 1
161 4 Car -1 -1 -1 1031.99 186.78 1160.09 227.22 -1 -1 -1 -1000 -1000 -1000 -10 1
162 47 Car -1 -1 -1 350.76 170.86 425.11 239.96 -1 -1 -1 -1000 -1000 -1000 -10 1
162 46 Car -1 -1 -1 563.73 163.10 611.49 271.16 -1 -1 -1 -1000 -1000 -1000 -10 1
162 38 Car -1 -1 -1 956.24 185.19 1068.17 227.76 -1 -1 -1 -1000 -1000 -1000 -10 1
162 20 Car -1 -1 -1 1091.31 183.77 1230.28 232.31 -1 -1 -1 -1000 -1000 -1000 -10 1
162 4 Car -1 -1 -1 1032.06 186.81 1160.06 227.18 -1 -1 -1 -1000 -1000 -1000 -10 1
163 46 Car -1 -1 -1 557.98 163.76 607.86 274.31 -1 -1 -1 -1000 -1000 -1000 -10 1
163 38 Car -1 -1 -1 955.62 185.71 1068.30 227.54 -1 -1 -1 -1000 -1000 -1000 -10 1
163 20 Car -1 -1 -1 1091.29 183.81 1230.27 232.32 -1 -1 -1 -1000 -1000 -1000 -10 1
163 4 Car -1 -1 -1 1032.28 186.85 1160.15 227.11 -1 -1 -1 -1000 -1000 -1000 -10 1
164 46 Car -1 -1 -1 552.25 162.00 604.69 274.51 -1 -1 -1 -1000 -1000 -1000 -10 1
164 38 Car -1 -1 -1 957.68 183.40 1069.25 226.52 -1 -1 -1 -1000 -1000 -1000 -10 1
164 20 Car -1 -1 -1 1091.51 183.86 1230.52 232.38 -1 -1 -1 -1000 -1000 -1000 -10 1
164 4 Car -1 -1 -1 1032.29 186.91 1160.16 227.11 -1 -1 -1 -1000 -1000 -1000 -10 1
165 46 Car -1 -1 -1 546.89 161.48 600.81 274.70 -1 -1 -1 -1000 -1000 -1000 -10 1
165 38 Car -1 -1 -1 956.36 184.98 1068.53 227.24 -1 -1 -1 -1000 -1000 -1000 -10 1
165 20 Car -1 -1 -1 1091.41 183.80 1230.42 232.37 -1 -1 -1 -1000 -1000 -1000 -10 1
165 4 Car -1 -1 -1 1032.24 186.84 1160.10 227.04 -1 -1 -1 -1000 -1000 -1000 -10 1
166 48 Car -1 -1 -1 595.09 172.01 633.74 205.32 -1 -1 -1 -1000 -1000 -1000 -10 1
166 46 Car -1 -1 -1 548.13 163.77 600.17 272.61 -1 -1 -1 -1000 -1000 -1000 -10 1
166 38 Car -1 -1 -1 955.63 185.60 1068.46 227.36 -1 -1 -1 -1000 -1000 -1000 -10 1
166 20 Car -1 -1 -1 1091.62 183.77 1230.63 232.52 -1 -1 -1 -1000 -1000 -1000 -10 1
166 4 Car -1 -1 -1 1032.14 186.73 1160.20 227.13 -1 -1 -1 -1000 -1000 -1000 -10 1
167 48 Car -1 -1 -1 596.99 171.28 634.61 203.16 -1 -1 -1 -1000 -1000 -1000 -10 1
167 38 Car -1 -1 -1 955.15 185.92 1068.63 227.42 -1 -1 -1 -1000 -1000 -1000 -10 1
167 20 Car -1 -1 -1 1091.62 183.76 1230.67 232.53 -1 -1 -1 -1000 -1000 -1000 -10 1
167 4 Car -1 -1 -1 1032.01 186.73 1160.31 227.15 -1 -1 -1 -1000 -1000 -1000 -10 1
168 48 Car -1 -1 -1 598.30 171.34 635.64 202.56 -1 -1 -1 -1000 -1000 -1000 -10 1
168 38 Car -1 -1 -1 955.05 186.15 1068.64 227.45 -1 -1 -1 -1000 -1000 -1000 -10 1
168 20 Car -1 -1 -1 1091.44 183.73 1230.50 232.47 -1 -1 -1 -1000 -1000 -1000 -10 1
168 4 Car -1 -1 -1 1031.96 186.78 1160.33 227.19 -1 -1 -1 -1000 -1000 -1000 -10 1
169 48 Car -1 -1 -1 599.79 171.57 636.40 202.11 -1 -1 -1 -1000 -1000 -1000 -10 1
169 38 Car -1 -1 -1 954.87 186.22 1068.79 227.38 -1 -1 -1 -1000 -1000 -1000 -10 1
169 20 Car -1 -1 -1 1091.44 183.74 1230.39 232.45 -1 -1 -1 -1000 -1000 -1000 -10 1
169 4 Car -1 -1 -1 1031.82 186.80 1160.27 227.27 -1 -1 -1 -1000 -1000 -1000 -10 1
170 48 Car -1 -1 -1 599.73 171.79 636.29 202.44 -1 -1 -1 -1000 -1000 -1000 -10 1
170 38 Car -1 -1 -1 954.72 186.31 1068.91 227.24 -1 -1 -1 -1000 -1000 -1000 -10 1
170 20 Car -1 -1 -1 1091.50 183.72 1230.40 232.47 -1 -1 -1 -1000 -1000 -1000 -10 1
170 4 Car -1 -1 -1 1031.85 186.83 1160.31 227.24 -1 -1 -1 -1000 -1000 -1000 -10 1
171 48 Car -1 -1 -1 598.85 171.84 635.49 202.52 -1 -1 -1 -1000 -1000 -1000 -10 1
171 38 Car -1 -1 -1 954.57 186.29 1069.02 227.22 -1 -1 -1 -1000 -1000 -1000 -10 1
171 20 Car -1 -1 -1 1091.17 183.75 1230.21 232.48 -1 -1 -1 -1000 -1000 -1000 -10 1
171 4 Car -1 -1 -1 1031.76 186.85 1160.39 227.20 -1 -1 -1 -1000 -1000 -1000 -10 1
172 48 Car -1 -1 -1 598.30 171.95 635.08 202.78 -1 -1 -1 -1000 -1000 -1000 -10 1
172 38 Car -1 -1 -1 954.52 186.27 1069.11 227.19 -1 -1 -1 -1000 -1000 -1000 -10 1
172 20 Car -1 -1 -1 1091.26 183.77 1230.44 232.50 -1 -1 -1 -1000 -1000 -1000 -10 1
172 4 Car -1 -1 -1 1031.72 186.85 1160.41 227.19 -1 -1 -1 -1000 -1000 -1000 -10 1
173 48 Car -1 -1 -1 598.49 171.98 635.40 202.79 -1 -1 -1 -1000 -1000 -1000 -10 1
173 38 Car -1 -1 -1 954.49 186.38 1069.15 227.26 -1 -1 -1 -1000 -1000 -1000 -10 1
173 20 Car -1 -1 -1 1091.29 183.82 1230.50 232.57 -1 -1 -1 -1000 -1000 -1000 -10 1
173 4 Car -1 -1 -1 1031.61 186.90 1160.22 227.17 -1 -1 -1 -1000 -1000 -1000 -10 1
174 48 Car -1 -1 -1 598.49 171.92 635.93 202.85 -1 -1 -1 -1000 -1000 -1000 -10 1
174 38 Car -1 -1 -1 954.27 186.35 1069.39 227.26 -1 -1 -1 -1000 -1000 -1000 -10 1
174 20 Car -1 -1 -1 1091.39 183.86 1230.54 232.67 -1 -1 -1 -1000 -1000 -1000 -10 1
174 4 Car -1 -1 -1 1031.50 186.94 1160.04 227.18 -1 -1 -1 -1000 -1000 -1000 -10 1
