0 1 Car -1 -1 -1 218.80 199.51 337.18 248.73 -1 -1 -1 -1000 -1000 -1000 -10 0.83
1 1 Car -1 -1 -1 250.95 200.47 351.57 241.10 -1 -1 -1 -1000 -1000 -1000 -10 0.82
1 2 Car -1 -1 -1 221.04 195.23 294.63 221.76 -1 -1 -1 -1000 -1000 -1000 -10 0.43
2 1 Car -1 -1 -1 275.28 197.39 364.11 237.61 -1 -1 -1 -1000 -1000 -1000 -10 0.79
2 2 Car -1 -1 -1 171.41 195.99 243.60 226.93 -1 -1 -1 -1000 -1000 -1000 -10 0.71
3 1 Car -1 -1 -1 292.73 195.02 370.59 231.84 -1 -1 -1 -1000 -1000 -1000 -10 0.81
3 2 Car -1 -1 -1 105.50 195.62 201.90 231.09 -1 -1 -1 -1000 -1000 -1000 -10 0.69
4 1 Car -1 -1 -1 310.31 192.60 384.68 227.46 -1 -1 -1 -1000 -1000 -1000 -10 0.84
4 2 Car -1 -1 -1 36.96 197.01 137.69 234.72 -1 -1 -1 -1000 -1000 -1000 -10 0.80
5 1 Car -1 -1 -1 323.14 191.21 393.57 226.09 -1 -1 -1 -1000 -1000 -1000 -10 0.83
5 2 Car -1 -1 -1 2.10 197.23 56.91 244.69 -1 -1 -1 -1000 -1000 -1000 -10 0.74
6 1 Car -1 -1 -1 334.03 191.07 401.32 224.15 -1 -1 -1 -1000 -1000 -1000 -10 0.74
6 3 Car -1 -1 -1 455.18 183.38 481.26 194.84 -1 -1 -1 -1000 -1000 -1000 -10 0.44
6 4 Car -1 -1 -1 531.28 177.14 551.37 188.30 -1 -1 -1 -1000 -1000 -1000 -10 0.41
7 1 Car -1 -1 -1 344.13 191.52 411.17 223.98 -1 -1 -1 -1000 -1000 -1000 -10 0.80
7 4 Car -1 -1 -1 525.44 177.20 547.79 191.02 -1 -1 -1 -1000 -1000 -1000 -10 0.59
7 3 Car -1 -1 -1 446.93 184.20 472.61 196.78 -1 -1 -1 -1000 -1000 -1000 -10 0.57
8 1 Car -1 -1 -1 358.43 191.31 420.19 221.26 -1 -1 -1 -1000 -1000 -1000 -10 0.76
8 3 Car -1 -1 -1 434.00 186.06 463.13 199.25 -1 -1 -1 -1000 -1000 -1000 -10 0.65
8 4 Car -1 -1 -1 521.03 176.82 543.80 192.65 -1 -1 -1 -1000 -1000 -1000 -10 0.60
9 1 Car -1 -1 -1 367.98 190.09 422.67 221.33 -1 -1 -1 -1000 -1000 -1000 -10 0.75
9 3 Car -1 -1 -1 425.80 185.08 454.63 200.99 -1 -1 -1 -1000 -1000 -1000 -10 0.72
9 4 Car -1 -1 -1 516.91 177.20 540.54 192.49 -1 -1 -1 -1000 -1000 -1000 -10 0.60
10 1 Car -1 -1 -1 380.05 190.08 431.87 221.36 -1 -1 -1 -1000 -1000 -1000 -10 0.87
10 3 Car -1 -1 -1 416.95 185.94 446.52 201.35 -1 -1 -1 -1000 -1000 -1000 -10 0.66
10 4 Car -1 -1 -1 510.22 178.02 533.97 192.19 -1 -1 -1 -1000 -1000 -1000 -10 0.63
11 1 Car -1 -1 -1 386.37 190.19 439.83 219.36 -1 -1 -1 -1000 -1000 -1000 -10 0.80
11 4 Car -1 -1 -1 503.69 178.23 531.68 193.77 -1 -1 -1 -1000 -1000 -1000 -10 0.63
12 1 Car -1 -1 -1 394.93 190.75 448.54 217.69 -1 -1 -1 -1000 -1000 -1000 -10 0.71
12 4 Car -1 -1 -1 498.55 179.86 522.93 194.00 -1 -1 -1 -1000 -1000 -1000 -10 0.51
13 1 Car -1 -1 -1 406.67 188.82 453.36 215.62 -1 -1 -1 -1000 -1000 -1000 -10 0.63
13 4 Car -1 -1 -1 491.60 180.32 514.80 193.73 -1 -1 -1 -1000 -1000 -1000 -10 0.43
13 5 Car -1 -1 -1 379.28 188.95 407.87 204.26 -1 -1 -1 -1000 -1000 -1000 -10 0.60
13 6 Car -1 -1 -1 465.95 184.76 485.19 196.53 -1 -1 -1 -1000 -1000 -1000 -10 0.42
14 1 Car -1 -1 -1 411.28 188.62 455.79 213.65 -1 -1 -1 -1000 -1000 -1000 -10 0.77
14 5 Car -1 -1 -1 358.65 189.95 392.18 206.25 -1 -1 -1 -1000 -1000 -1000 -10 0.65
14 6 Car -1 -1 -1 455.35 184.38 479.80 197.51 -1 -1 -1 -1000 -1000 -1000 -10 0.53
14 4 Car -1 -1 -1 483.55 180.61 507.50 195.48 -1 -1 -1 -1000 -1000 -1000 -10 0.49
15 4 Car -1 -1 -1 477.10 180.67 502.46 196.36 -1 -1 -1 -1000 -1000 -1000 -10 0.60
15 5 Car -1 -1 -1 339.22 190.28 377.09 206.91 -1 -1 -1 -1000 -1000 -1000 -10 0.53
15 1 Car -1 -1 -1 415.09 189.39 459.49 210.78 -1 -1 -1 -1000 -1000 -1000 -10 0.50
15 6 Car -1 -1 -1 443.60 184.14 474.62 199.72 -1 -1 -1 -1000 -1000 -1000 -10 0.43
16 4 Car -1 -1 -1 466.80 180.78 493.64 199.63 -1 -1 -1 -1000 -1000 -1000 -10 0.70
16 1 Car -1 -1 -1 424.93 185.65 465.57 207.65 -1 -1 -1 -1000 -1000 -1000 -10 0.68
16 5 Car -1 -1 -1 316.31 189.74 356.64 210.34 -1 -1 -1 -1000 -1000 -1000 -10 0.64
16 7 Car -1 -1 -1 -3.97 203.89 123.94 338.23 -1 -1 -1 -1000 -1000 -1000 -10 0.71
17 5 Car -1 -1 -1 290.56 192.02 334.24 211.48 -1 -1 -1 -1000 -1000 -1000 -10 0.70
17 7 Car -1 -1 -1 -2.47 206.09 168.83 312.63 -1 -1 -1 -1000 -1000 -1000 -10 0.66
17 4 Car -1 -1 -1 456.84 181.04 487.89 200.53 -1 -1 -1 -1000 -1000 -1000 -10 0.62
17 1 Car -1 -1 -1 420.68 186.91 460.51 205.12 -1 -1 -1 -1000 -1000 -1000 -10 0.47
18 7 Car -1 -1 -1 9.81 206.33 196.61 289.97 -1 -1 -1 -1000 -1000 -1000 -10 0.87
18 4 Car -1 -1 -1 440.86 181.19 478.61 205.13 -1 -1 -1 -1000 -1000 -1000 -10 0.66
18 5 Car -1 -1 -1 256.06 192.48 308.17 215.18 -1 -1 -1 -1000 -1000 -1000 -10 0.61
18 1 Car -1 -1 -1 411.38 186.34 440.05 202.69 -1 -1 -1 -1000 -1000 -1000 -10 0.59
19 7 Car -1 -1 -1 66.00 204.48 231.97 282.45 -1 -1 -1 -1000 -1000 -1000 -10 0.76
19 5 Car -1 -1 -1 223.74 196.08 285.76 220.68 -1 -1 -1 -1000 -1000 -1000 -10 0.74
19 4 Car -1 -1 -1 437.57 182.02 473.90 202.29 -1 -1 -1 -1000 -1000 -1000 -10 0.71
19 1 Car -1 -1 -1 395.40 189.18 430.42 204.80 -1 -1 -1 -1000 -1000 -1000 -10 0.70
20 7 Car -1 -1 -1 114.11 204.30 253.99 267.83 -1 -1 -1 -1000 -1000 -1000 -10 0.84
20 1 Car -1 -1 -1 383.00 188.38 417.81 205.99 -1 -1 -1 -1000 -1000 -1000 -10 0.63
20 4 Car -1 -1 -1 428.82 182.87 458.33 200.74 -1 -1 -1 -1000 -1000 -1000 -10 0.59
20 5 Car -1 -1 -1 182.51 196.18 248.30 227.09 -1 -1 -1 -1000 -1000 -1000 -10 0.55
21 7 Car -1 -1 -1 156.93 201.26 281.53 256.72 -1 -1 -1 -1000 -1000 -1000 -10 0.86
21 5 Car -1 -1 -1 131.49 197.31 214.90 229.36 -1 -1 -1 -1000 -1000 -1000 -10 0.70
21 4 Car -1 -1 -1 417.82 182.73 446.81 201.06 -1 -1 -1 -1000 -1000 -1000 -10 0.65
21 1 Car -1 -1 -1 367.02 189.05 403.07 207.46 -1 -1 -1 -1000 -1000 -1000 -10 0.62
21 8 Car -1 -1 -1 448.90 183.48 484.43 202.21 -1 -1 -1 -1000 -1000 -1000 -10 0.56
22 5 Car -1 -1 -1 62.05 200.97 157.79 237.62 -1 -1 -1 -1000 -1000 -1000 -10 0.79
22 7 Car -1 -1 -1 186.32 201.56 298.24 253.24 -1 -1 -1 -1000 -1000 -1000 -10 0.77
22 8 Car -1 -1 -1 442.67 183.95 476.23 201.64 -1 -1 -1 -1000 -1000 -1000 -10 0.72
22 1 Car -1 -1 -1 347.72 190.24 386.41 209.33 -1 -1 -1 -1000 -1000 -1000 -10 0.70
22 4 Car -1 -1 -1 405.46 182.73 436.06 201.12 -1 -1 -1 -1000 -1000 -1000 -10 0.59
23 7 Car -1 -1 -1 215.71 200.91 315.36 247.91 -1 -1 -1 -1000 -1000 -1000 -10 0.81
23 5 Car -1 -1 -1 -0.89 204.72 97.33 252.56 -1 -1 -1 -1000 -1000 -1000 -10 0.80
23 4 Car -1 -1 -1 390.02 183.37 421.50 202.76 -1 -1 -1 -1000 -1000 -1000 -10 0.70
23 1 Car -1 -1 -1 329.80 191.34 367.31 209.99 -1 -1 -1 -1000 -1000 -1000 -10 0.66
23 8 Car -1 -1 -1 432.95 186.22 462.25 202.88 -1 -1 -1 -1000 -1000 -1000 -10 0.66
24 7 Car -1 -1 -1 240.04 198.16 323.17 245.24 -1 -1 -1 -1000 -1000 -1000 -10 0.80
24 4 Car -1 -1 -1 373.20 183.18 407.73 204.99 -1 -1 -1 -1000 -1000 -1000 -10 0.74
24 1 Car -1 -1 -1 307.19 191.77 354.50 216.02 -1 -1 -1 -1000 -1000 -1000 -10 0.62
24 8 Car -1 -1 -1 420.14 186.38 451.85 205.54 -1 -1 -1 -1000 -1000 -1000 -10 0.60
25 7 Car -1 -1 -1 258.57 198.35 335.51 243.63 -1 -1 -1 -1000 -1000 -1000 -10 0.79
25 8 Car -1 -1 -1 411.15 187.73 439.83 204.75 -1 -1 -1 -1000 -1000 -1000 -10 0.69
25 4 Car -1 -1 -1 357.34 183.13 391.63 206.28 -1 -1 -1 -1000 -1000 -1000 -10 0.64
25 1 Car -1 -1 -1 268.53 189.01 334.66 227.84 -1 -1 -1 -1000 -1000 -1000 -10 0.51
26 7 Car -1 -1 -1 272.63 198.80 353.42 241.63 -1 -1 -1 -1000 -1000 -1000 -10 0.86
26 8 Car -1 -1 -1 397.77 188.65 427.73 207.38 -1 -1 -1 -1000 -1000 -1000 -10 0.75
26 1 Car -1 -1 -1 245.45 193.46 310.56 223.90 -1 -1 -1 -1000 -1000 -1000 -10 0.74
26 4 Car -1 -1 -1 336.63 185.99 375.81 207.34 -1 -1 -1 -1000 -1000 -1000 -10 0.67
27 7 Car -1 -1 -1 291.63 197.70 362.61 237.69 -1 -1 -1 -1000 -1000 -1000 -10 0.70
27 1 Car -1 -1 -1 209.60 197.21 276.06 223.34 -1 -1 -1 -1000 -1000 -1000 -10 0.64
27 4 Car -1 -1 -1 315.25 186.61 356.32 209.93 -1 -1 -1 -1000 -1000 -1000 -10 0.58
27 8 Car -1 -1 -1 382.58 190.17 415.02 207.26 -1 -1 -1 -1000 -1000 -1000 -10 0.57
28 7 Car -1 -1 -1 304.04 197.76 369.19 236.80 -1 -1 -1 -1000 -1000 -1000 -10 0.82
28 1 Car -1 -1 -1 162.42 199.61 245.06 231.78 -1 -1 -1 -1000 -1000 -1000 -10 0.77
28 4 Car -1 -1 -1 293.32 187.04 337.50 215.64 -1 -1 -1 -1000 -1000 -1000 -10 0.73
28 8 Car -1 -1 -1 364.99 191.12 401.89 210.94 -1 -1 -1 -1000 -1000 -1000 -10 0.69
29 4 Car -1 -1 -1 266.69 188.63 319.40 220.07 -1 -1 -1 -1000 -1000 -1000 -10 0.79
29 1 Car -1 -1 -1 116.94 201.51 205.99 237.92 -1 -1 -1 -1000 -1000 -1000 -10 0.73
29 7 Car -1 -1 -1 317.06 198.76 376.53 232.49 -1 -1 -1 -1000 -1000 -1000 -10 0.71
29 8 Car -1 -1 -1 345.67 192.90 387.68 214.65 -1 -1 -1 -1000 -1000 -1000 -10 0.49
30 1 Car -1 -1 -1 63.27 204.86 158.07 243.68 -1 -1 -1 -1000 -1000 -1000 -10 0.82
30 4 Car -1 -1 -1 238.10 190.10 293.73 220.44 -1 -1 -1 -1000 -1000 -1000 -10 0.82
30 8 Car -1 -1 -1 327.49 193.28 374.11 215.94 -1 -1 -1 -1000 -1000 -1000 -10 0.60
30 9 Car -1 -1 -1 390.30 191.13 427.93 205.61 -1 -1 -1 -1000 -1000 -1000 -10 0.42
31 1 Car -1 -1 -1 -2.08 209.28 100.71 252.82 -1 -1 -1 -1000 -1000 -1000 -10 0.82
31 4 Car -1 -1 -1 204.61 192.54 266.84 224.12 -1 -1 -1 -1000 -1000 -1000 -10 0.80
31 9 Car -1 -1 -1 379.99 192.47 409.91 210.48 -1 -1 -1 -1000 -1000 -1000 -10 0.60
31 8 Car -1 -1 -1 306.62 195.45 356.61 219.59 -1 -1 -1 -1000 -1000 -1000 -10 0.49
32 4 Car -1 -1 -1 165.95 194.04 235.56 226.06 -1 -1 -1 -1000 -1000 -1000 -10 0.74
32 1 Car -1 -1 -1 0.72 208.53 27.59 263.97 -1 -1 -1 -1000 -1000 -1000 -10 0.57
32 9 Car -1 -1 -1 338.99 199.55 402.48 223.72 -1 -1 -1 -1000 -1000 -1000 -10 0.52
32 10 Car -1 -1 -1 363.26 193.18 400.01 211.31 -1 -1 -1 -1000 -1000 -1000 -10 0.51
34 4 Car -1 -1 -1 64.54 197.89 156.09 234.00 -1 -1 -1 -1000 -1000 -1000 -10 0.85
34 10 Car -1 -1 -1 330.97 194.71 372.03 213.92 -1 -1 -1 -1000 -1000 -1000 -10 0.59
34 11 Car -1 -1 -1 367.74 190.58 406.39 212.67 -1 -1 -1 -1000 -1000 -1000 -10 0.57
34 12 Car -1 -1 -1 225.00 200.62 276.34 224.96 -1 -1 -1 -1000 -1000 -1000 -10 0.75
35 4 Car -1 -1 -1 1.97 198.79 101.58 241.10 -1 -1 -1 -1000 -1000 -1000 -10 0.82
35 12 Car -1 -1 -1 174.88 201.72 254.60 230.23 -1 -1 -1 -1000 -1000 -1000 -10 0.79
35 10 Car -1 -1 -1 310.73 196.24 353.16 214.40 -1 -1 -1 -1000 -1000 -1000 -10 0.71
35 11 Car -1 -1 -1 357.40 192.35 390.15 211.62 -1 -1 -1 -1000 -1000 -1000 -10 0.49
35 13 Car -1 -1 -1 369.75 195.30 418.89 216.35 -1 -1 -1 -1000 -1000 -1000 -10 0.46
36 12 Car -1 -1 -1 125.88 202.62 211.19 238.26 -1 -1 -1 -1000 -1000 -1000 -10 0.74
36 11 Car -1 -1 -1 343.96 192.70 372.77 208.67 -1 -1 -1 -1000 -1000 -1000 -10 0.65
36 10 Car -1 -1 -1 292.13 195.88 330.86 214.67 -1 -1 -1 -1000 -1000 -1000 -10 0.63
36 13 Car -1 -1 -1 373.05 195.81 415.97 215.21 -1 -1 -1 -1000 -1000 -1000 -10 0.44
37 12 Car -1 -1 -1 64.37 206.48 164.34 244.46 -1 -1 -1 -1000 -1000 -1000 -10 0.72
37 11 Car -1 -1 -1 326.95 193.42 358.50 208.75 -1 -1 -1 -1000 -1000 -1000 -10 0.68
37 13 Car -1 -1 -1 374.08 194.89 422.89 215.27 -1 -1 -1 -1000 -1000 -1000 -10 0.50
37 10 Car -1 -1 -1 262.25 197.01 314.75 218.26 -1 -1 -1 -1000 -1000 -1000 -10 0.48
38 12 Car -1 -1 -1 6.66 212.29 106.47 252.05 -1 -1 -1 -1000 -1000 -1000 -10 0.73
38 10 Car -1 -1 -1 238.49 200.23 287.14 219.75 -1 -1 -1 -1000 -1000 -1000 -10 0.57
38 11 Car -1 -1 -1 307.29 194.87 342.56 209.64 -1 -1 -1 -1000 -1000 -1000 -10 0.55
38 13 Car -1 -1 -1 383.87 194.64 427.99 217.12 -1 -1 -1 -1000 -1000 -1000 -10 0.43
39 10 Car -1 -1 -1 205.50 201.48 263.85 223.99 -1 -1 -1 -1000 -1000 -1000 -10 0.72
39 11 Car -1 -1 -1 287.08 196.58 322.67 213.25 -1 -1 -1 -1000 -1000 -1000 -10 0.71
39 12 Car -1 -1 -1 1.44 213.37 33.83 259.06 -1 -1 -1 -1000 -1000 -1000 -10 0.65
39 13 Car -1 -1 -1 384.53 196.68 427.80 215.90 -1 -1 -1 -1000 -1000 -1000 -10 0.41
40 10 Car -1 -1 -1 172.90 204.54 232.83 227.34 -1 -1 -1 -1000 -1000 -1000 -10 0.72
40 11 Car -1 -1 -1 266.24 198.14 304.32 214.14 -1 -1 -1 -1000 -1000 -1000 -10 0.61
40 13 Car -1 -1 -1 395.81 195.69 432.84 216.60 -1 -1 -1 -1000 -1000 -1000 -10 0.50
41 11 Car -1 -1 -1 242.39 200.41 281.15 217.89 -1 -1 -1 -1000 -1000 -1000 -10 0.74
41 10 Car -1 -1 -1 129.30 206.94 201.14 231.79 -1 -1 -1 -1000 -1000 -1000 -10 0.71
41 13 Car -1 -1 -1 394.87 196.70 433.23 215.79 -1 -1 -1 -1000 -1000 -1000 -10 0.48
42 10 Car -1 -1 -1 80.12 211.36 157.44 239.13 -1 -1 -1 -1000 -1000 -1000 -10 0.76
42 11 Car -1 -1 -1 213.80 201.46 262.31 221.75 -1 -1 -1 -1000 -1000 -1000 -10 0.63
42 13 Car -1 -1 -1 401.31 195.64 440.90 215.28 -1 -1 -1 -1000 -1000 -1000 -10 0.62
43 10 Car -1 -1 -1 20.30 214.27 108.84 249.57 -1 -1 -1 -1000 -1000 -1000 -10 0.83
43 11 Car -1 -1 -1 182.82 203.28 239.36 223.87 -1 -1 -1 -1000 -1000 -1000 -10 0.77
43 13 Car -1 -1 -1 404.11 195.97 439.19 214.22 -1 -1 -1 -1000 -1000 -1000 -10 0.62
44 11 Car -1 -1 -1 149.61 204.02 211.67 227.59 -1 -1 -1 -1000 -1000 -1000 -10 0.78
44 10 Car -1 -1 -1 -0.54 213.50 52.59 259.48 -1 -1 -1 -1000 -1000 -1000 -10 0.63
44 13 Car -1 -1 -1 401.59 195.80 441.13 214.43 -1 -1 -1 -1000 -1000 -1000 -10 0.49
45 11 Car -1 -1 -1 112.40 207.85 171.74 228.17 -1 -1 -1 -1000 -1000 -1000 -10 0.66
46 11 Car -1 -1 -1 60.45 210.66 136.04 235.52 -1 -1 -1 -1000 -1000 -1000 -10 0.76
47 11 Car -1 -1 -1 0.89 212.30 89.42 244.88 -1 -1 -1 -1000 -1000 -1000 -10 0.72
48 11 Car -1 -1 -1 -0.07 209.84 33.60 245.44 -1 -1 -1 -1000 -1000 -1000 -10 0.56
57 14 Car -1 -1 -1 221.86 211.81 263.08 230.55 -1 -1 -1 -1000 -1000 -1000 -10 0.44
58 14 Car -1 -1 -1 187.36 213.62 234.95 233.40 -1 -1 -1 -1000 -1000 -1000 -10 0.63
59 14 Car -1 -1 -1 144.44 215.78 207.72 238.23 -1 -1 -1 -1000 -1000 -1000 -10 0.62
60 14 Car -1 -1 -1 97.61 219.17 169.29 242.33 -1 -1 -1 -1000 -1000 -1000 -10 0.67
61 14 Car -1 -1 -1 45.65 223.13 121.58 249.46 -1 -1 -1 -1000 -1000 -1000 -10 0.80
62 14 Car -1 -1 -1 0.78 227.54 72.41 260.55 -1 -1 -1 -1000 -1000 -1000 -10 0.67
255 15 Car -1 -1 -1 -0.18 191.06 166.30 242.61 -1 -1 -1 -1000 -1000 -1000 -10 0.56
258 16 Car -1 -1 -1 551.40 176.38 595.50 195.82 -1 -1 -1 -1000 -1000 -1000 -10 0.44
259 16 Car -1 -1 -1 510.77 179.78 562.46 199.35 -1 -1 -1 -1000 -1000 -1000 -10 0.64
261 16 Car -1 -1 -1 423.92 183.64 472.65 205.30 -1 -1 -1 -1000 -1000 -1000 -10 0.56
262 16 Car -1 -1 -1 342.06 184.49 415.65 209.19 -1 -1 -1 -1000 -1000 -1000 -10 0.47
263 16 Car -1 -1 -1 277.85 185.62 346.47 208.84 -1 -1 -1 -1000 -1000 -1000 -10 0.42
275 17 Car -1 -1 -1 460.34 184.58 499.20 202.70 -1 -1 -1 -1000 -1000 -1000 -10 0.44
276 17 Car -1 -1 -1 431.61 186.13 481.16 206.65 -1 -1 -1 -1000 -1000 -1000 -10 0.42
277 17 Car -1 -1 -1 409.57 185.39 462.61 210.65 -1 -1 -1 -1000 -1000 -1000 -10 0.45
300 18 Car -1 -1 -1 419.47 190.19 453.89 206.68 -1 -1 -1 -1000 -1000 -1000 -10 0.48
301 18 Car -1 -1 -1 395.47 191.94 432.44 211.37 -1 -1 -1 -1000 -1000 -1000 -10 0.69
302 18 Car -1 -1 -1 359.59 192.92 406.37 214.68 -1 -1 -1 -1000 -1000 -1000 -10 0.54
303 18 Car -1 -1 -1 318.88 195.19 375.24 221.20 -1 -1 -1 -1000 -1000 -1000 -10 0.75
304 18 Car -1 -1 -1 264.60 198.57 337.82 228.71 -1 -1 -1 -1000 -1000 -1000 -10 0.76
305 18 Car -1 -1 -1 180.80 201.68 274.04 239.61 -1 -1 -1 -1000 -1000 -1000 -10 0.81
306 18 Car -1 -1 -1 50.89 206.75 186.45 256.17 -1 -1 -1 -1000 -1000 -1000 -10 0.67
317 19 Car -1 -1 -1 157.30 198.13 249.55 228.55 -1 -1 -1 -1000 -1000 -1000 -10 0.43
318 19 Car -1 -1 -1 54.67 202.38 175.02 240.30 -1 -1 -1 -1000 -1000 -1000 -10 0.69
319 19 Car -1 -1 -1 -1.25 208.42 82.08 246.34 -1 -1 -1 -1000 -1000 -1000 -10 0.70
374 20 Car -1 -1 -1 460.49 182.71 489.22 201.61 -1 -1 -1 -1000 -1000 -1000 -10 0.44
375 20 Car -1 -1 -1 448.70 182.56 478.61 201.46 -1 -1 -1 -1000 -1000 -1000 -10 0.59
376 20 Car -1 -1 -1 435.30 183.00 467.24 201.96 -1 -1 -1 -1000 -1000 -1000 -10 0.69
377 20 Car -1 -1 -1 419.30 185.04 452.34 204.36 -1 -1 -1 -1000 -1000 -1000 -10 0.61
378 20 Car -1 -1 -1 396.89 185.51 437.07 210.60 -1 -1 -1 -1000 -1000 -1000 -10 0.81
379 20 Car -1 -1 -1 369.77 186.32 419.10 215.09 -1 -1 -1 -1000 -1000 -1000 -10 0.80
380 20 Car -1 -1 -1 335.51 186.83 392.11 218.07 -1 -1 -1 -1000 -1000 -1000 -10 0.71
381 20 Car -1 -1 -1 290.39 187.10 364.22 229.55 -1 -1 -1 -1000 -1000 -1000 -10 0.88
382 20 Car -1 -1 -1 226.46 189.94 319.27 237.41 -1 -1 -1 -1000 -1000 -1000 -10 0.86
383 20 Car -1 -1 -1 134.53 194.15 257.65 252.33 -1 -1 -1 -1000 -1000 -1000 -10 0.89
384 20 Car -1 -1 -1 0.08 197.37 165.70 275.59 -1 -1 -1 -1000 -1000 -1000 -10 0.91
389 21 Car -1 -1 -1 469.24 182.69 495.82 197.38 -1 -1 -1 -1000 -1000 -1000 -10 0.52
390 21 Car -1 -1 -1 457.30 183.50 486.10 200.36 -1 -1 -1 -1000 -1000 -1000 -10 0.59
391 21 Car -1 -1 -1 444.42 185.65 474.33 202.71 -1 -1 -1 -1000 -1000 -1000 -10 0.71
392 21 Car -1 -1 -1 428.24 182.94 462.04 202.83 -1 -1 -1 -1000 -1000 -1000 -10 0.75
393 21 Car -1 -1 -1 410.32 181.22 447.61 202.71 -1 -1 -1 -1000 -1000 -1000 -10 0.64
395 21 Car -1 -1 -1 355.93 183.85 406.74 211.41 -1 -1 -1 -1000 -1000 -1000 -10 0.78
396 21 Car -1 -1 -1 317.79 187.26 376.67 216.42 -1 -1 -1 -1000 -1000 -1000 -10 0.70
397 21 Car -1 -1 -1 263.27 189.69 338.29 222.27 -1 -1 -1 -1000 -1000 -1000 -10 0.73
398 21 Car -1 -1 -1 186.89 193.60 283.03 231.84 -1 -1 -1 -1000 -1000 -1000 -10 0.67
399 21 Car -1 -1 -1 50.23 196.72 202.67 260.13 -1 -1 -1 -1000 -1000 -1000 -10 0.77
400 22 Car -1 -1 -1 632.95 173.52 651.95 184.21 -1 -1 -1 -1000 -1000 -1000 -10 0.40
401 22 Car -1 -1 -1 635.14 173.26 650.83 184.99 -1 -1 -1 -1000 -1000 -1000 -10 0.42
409 23 Car -1 -1 -1 637.47 173.86 657.06 188.75 -1 -1 -1 -1000 -1000 -1000 -10 0.43
410 23 Car -1 -1 -1 638.16 173.56 656.36 188.87 -1 -1 -1 -1000 -1000 -1000 -10 0.63
411 23 Car -1 -1 -1 637.86 173.57 656.15 189.57 -1 -1 -1 -1000 -1000 -1000 -10 0.67
412 23 Car -1 -1 -1 637.39 173.12 657.20 190.29 -1 -1 -1 -1000 -1000 -1000 -10 0.68
413 23 Car -1 -1 -1 636.00 172.48 658.03 191.40 -1 -1 -1 -1000 -1000 -1000 -10 0.73
414 23 Car -1 -1 -1 635.96 172.05 656.68 191.42 -1 -1 -1 -1000 -1000 -1000 -10 0.75
415 23 Car -1 -1 -1 634.63 172.00 657.19 192.09 -1 -1 -1 -1000 -1000 -1000 -10 0.77
416 23 Car -1 -1 -1 633.07 172.30 658.26 193.33 -1 -1 -1 -1000 -1000 -1000 -10 0.73
417 23 Car -1 -1 -1 632.59 172.88 659.13 195.42 -1 -1 -1 -1000 -1000 -1000 -10 0.65
418 23 Car -1 -1 -1 633.30 172.75 661.57 197.68 -1 -1 -1 -1000 -1000 -1000 -10 0.75
419 23 Car -1 -1 -1 633.97 172.94 663.58 198.07 -1 -1 -1 -1000 -1000 -1000 -10 0.71
420 23 Car -1 -1 -1 635.64 171.74 666.40 197.93 -1 -1 -1 -1000 -1000 -1000 -10 0.80
421 23 Car -1 -1 -1 636.05 171.09 670.02 198.16 -1 -1 -1 -1000 -1000 -1000 -10 0.79
422 23 Car -1 -1 -1 638.75 170.84 674.18 199.71 -1 -1 -1 -1000 -1000 -1000 -10 0.73
423 23 Car -1 -1 -1 641.47 170.70 677.25 201.11 -1 -1 -1 -1000 -1000 -1000 -10 0.73
424 23 Car -1 -1 -1 644.16 170.61 681.17 202.00 -1 -1 -1 -1000 -1000 -1000 -10 0.86
425 23 Car -1 -1 -1 646.79 169.72 687.32 203.95 -1 -1 -1 -1000 -1000 -1000 -10 0.76
426 23 Car -1 -1 -1 648.77 170.02 693.17 206.31 -1 -1 -1 -1000 -1000 -1000 -10 0.70
427 23 Car -1 -1 -1 653.02 171.03 700.13 208.52 -1 -1 -1 -1000 -1000 -1000 -10 0.89
428 23 Car -1 -1 -1 656.28 169.75 708.16 211.67 -1 -1 -1 -1000 -1000 -1000 -10 0.85
429 23 Car -1 -1 -1 658.77 168.32 717.91 213.35 -1 -1 -1 -1000 -1000 -1000 -10 0.87
430 23 Car -1 -1 -1 663.65 168.40 728.57 217.27 -1 -1 -1 -1000 -1000 -1000 -10 0.92
431 23 Car -1 -1 -1 669.60 166.83 741.73 222.19 -1 -1 -1 -1000 -1000 -1000 -10 0.88
431 24 Pedestrian -1 -1 -1 741.53 166.32 761.22 220.63 -1 -1 -1 -1000 -1000 -1000 -10 0.46
432 23 Car -1 -1 -1 675.96 166.93 758.32 228.79 -1 -1 -1 -1000 -1000 -1000 -10 0.94
432 24 Pedestrian -1 -1 -1 756.36 168.41 777.42 223.46 -1 -1 -1 -1000 -1000 -1000 -10 0.55
433 23 Car -1 -1 -1 682.83 166.33 778.66 237.76 -1 -1 -1 -1000 -1000 -1000 -10 0.94
433 24 Pedestrian -1 -1 -1 777.13 166.92 801.98 234.50 -1 -1 -1 -1000 -1000 -1000 -10 0.64
434 23 Car -1 -1 -1 691.11 165.32 803.83 246.83 -1 -1 -1 -1000 -1000 -1000 -10 0.95
434 24 Pedestrian -1 -1 -1 796.80 167.15 829.42 242.29 -1 -1 -1 -1000 -1000 -1000 -10 0.60
434 25 Car -1 -1 -1 2.46 221.40 156.46 367.33 -1 -1 -1 -1000 -1000 -1000 -10 0.52
435 23 Car -1 -1 -1 703.30 165.82 836.01 260.90 -1 -1 -1 -1000 -1000 -1000 -10 0.95
435 25 Car -1 -1 -1 3.17 204.87 218.53 368.68 -1 -1 -1 -1000 -1000 -1000 -10 0.80
435 24 Pedestrian -1 -1 -1 824.76 166.80 863.77 251.78 -1 -1 -1 -1000 -1000 -1000 -10 0.61
436 25 Car -1 -1 -1 4.08 209.30 270.77 370.96 -1 -1 -1 -1000 -1000 -1000 -10 0.96
436 23 Car -1 -1 -1 717.95 167.02 884.34 280.77 -1 -1 -1 -1000 -1000 -1000 -10 0.95
436 24 Pedestrian -1 -1 -1 865.73 166.95 907.25 265.58 -1 -1 -1 -1000 -1000 -1000 -10 0.63
437 25 Car -1 -1 -1 1.23 202.40 312.45 371.04 -1 -1 -1 -1000 -1000 -1000 -10 0.96
437 23 Car -1 -1 -1 741.32 164.02 954.46 308.98 -1 -1 -1 -1000 -1000 -1000 -10 0.88
437 24 Pedestrian -1 -1 -1 920.31 163.67 969.68 284.60 -1 -1 -1 -1000 -1000 -1000 -10 0.51
438 25 Car -1 -1 -1 1.12 195.54 344.28 370.07 -1 -1 -1 -1000 -1000 -1000 -10 0.96
438 23 Car -1 -1 -1 774.72 177.21 1083.94 357.37 -1 -1 -1 -1000 -1000 -1000 -10 0.80
438 26 Car -1 -1 -1 887.74 164.08 1095.42 293.21 -1 -1 -1 -1000 -1000 -1000 -10 0.46
439 25 Car -1 -1 -1 3.12 195.67 373.30 369.56 -1 -1 -1 -1000 -1000 -1000 -10 0.97
439 23 Car -1 -1 -1 810.30 194.88 1234.74 370.69 -1 -1 -1 -1000 -1000 -1000 -10 0.84
440 25 Car -1 -1 -1 15.26 195.64 392.11 369.44 -1 -1 -1 -1000 -1000 -1000 -10 0.96
440 23 Car -1 -1 -1 888.24 188.16 1235.38 369.85 -1 -1 -1 -1000 -1000 -1000 -10 0.89
441 25 Car -1 -1 -1 89.32 195.92 410.82 368.55 -1 -1 -1 -1000 -1000 -1000 -10 0.96
442 25 Car -1 -1 -1 152.89 189.48 424.33 353.26 -1 -1 -1 -1000 -1000 -1000 -10 0.95
443 25 Car -1 -1 -1 200.12 190.96 438.96 335.31 -1 -1 -1 -1000 -1000 -1000 -10 0.96
444 25 Car -1 -1 -1 236.90 189.83 449.59 321.06 -1 -1 -1 -1000 -1000 -1000 -10 0.96
445 25 Car -1 -1 -1 269.21 187.00 457.78 309.21 -1 -1 -1 -1000 -1000 -1000 -10 0.95
446 25 Car -1 -1 -1 296.51 186.74 469.02 299.70 -1 -1 -1 -1000 -1000 -1000 -10 0.96
447 25 Car -1 -1 -1 322.20 184.94 473.90 288.51 -1 -1 -1 -1000 -1000 -1000 -10 0.96
448 25 Car -1 -1 -1 342.46 183.82 482.65 281.12 -1 -1 -1 -1000 -1000 -1000 -10 0.96
448 27 Car -1 -1 -1 467.15 175.39 491.58 189.25 -1 -1 -1 -1000 -1000 -1000 -10 0.56
449 25 Car -1 -1 -1 359.40 182.63 490.55 273.66 -1 -1 -1 -1000 -1000 -1000 -10 0.97
449 27 Car -1 -1 -1 455.38 175.19 481.64 189.35 -1 -1 -1 -1000 -1000 -1000 -10 0.58
450 25 Car -1 -1 -1 375.77 182.11 497.42 267.56 -1 -1 -1 -1000 -1000 -1000 -10 0.97
450 27 Car -1 -1 -1 444.24 174.78 468.53 191.00 -1 -1 -1 -1000 -1000 -1000 -10 0.58
451 25 Car -1 -1 -1 388.57 182.31 505.58 263.69 -1 -1 -1 -1000 -1000 -1000 -10 0.92
451 27 Car -1 -1 -1 428.06 174.83 459.44 195.08 -1 -1 -1 -1000 -1000 -1000 -10 0.61
452 25 Car -1 -1 -1 402.46 182.32 510.08 258.77 -1 -1 -1 -1000 -1000 -1000 -10 0.97
452 27 Car -1 -1 -1 407.85 176.20 448.40 195.37 -1 -1 -1 -1000 -1000 -1000 -10 0.67
453 25 Car -1 -1 -1 414.12 180.86 515.39 254.73 -1 -1 -1 -1000 -1000 -1000 -10 0.94
453 27 Car -1 -1 -1 385.78 176.87 424.45 199.53 -1 -1 -1 -1000 -1000 -1000 -10 0.74
454 25 Car -1 -1 -1 426.56 180.38 522.38 250.09 -1 -1 -1 -1000 -1000 -1000 -10 0.93
454 27 Car -1 -1 -1 356.23 176.27 401.56 201.84 -1 -1 -1 -1000 -1000 -1000 -10 0.84
455 25 Car -1 -1 -1 438.47 179.92 527.32 245.41 -1 -1 -1 -1000 -1000 -1000 -10 0.97
455 27 Car -1 -1 -1 313.93 175.98 371.52 204.47 -1 -1 -1 -1000 -1000 -1000 -10 0.82
456 25 Car -1 -1 -1 448.91 180.34 533.20 242.11 -1 -1 -1 -1000 -1000 -1000 -10 0.92
456 27 Car -1 -1 -1 253.77 175.20 331.75 213.09 -1 -1 -1 -1000 -1000 -1000 -10 0.88
457 25 Car -1 -1 -1 459.42 180.10 538.99 238.31 -1 -1 -1 -1000 -1000 -1000 -10 0.96
457 27 Car -1 -1 -1 165.70 175.59 272.01 224.19 -1 -1 -1 -1000 -1000 -1000 -10 0.88
458 25 Car -1 -1 -1 469.04 179.79 545.47 235.76 -1 -1 -1 -1000 -1000 -1000 -10 0.94
458 27 Car -1 -1 -1 21.58 177.34 177.09 239.22 -1 -1 -1 -1000 -1000 -1000 -10 0.89
458 28 Car -1 -1 -1 377.25 170.46 417.21 194.86 -1 -1 -1 -1000 -1000 -1000 -10 0.44
459 25 Car -1 -1 -1 478.98 179.58 550.43 232.34 -1 -1 -1 -1000 -1000 -1000 -10 0.95
459 28 Car -1 -1 -1 351.94 170.80 398.16 199.64 -1 -1 -1 -1000 -1000 -1000 -10 0.80
460 25 Car -1 -1 -1 487.77 179.37 555.10 230.62 -1 -1 -1 -1000 -1000 -1000 -10 0.95
460 28 Car -1 -1 -1 323.94 170.29 377.98 201.47 -1 -1 -1 -1000 -1000 -1000 -10 0.83
461 25 Car -1 -1 -1 496.64 179.33 560.50 228.52 -1 -1 -1 -1000 -1000 -1000 -10 0.90
461 28 Car -1 -1 -1 280.59 170.78 345.74 206.25 -1 -1 -1 -1000 -1000 -1000 -10 0.65
462 25 Car -1 -1 -1 504.52 178.36 564.02 226.41 -1 -1 -1 -1000 -1000 -1000 -10 0.90
462 28 Car -1 -1 -1 222.73 171.09 307.50 215.17 -1 -1 -1 -1000 -1000 -1000 -10 0.84
463 25 Car -1 -1 -1 509.98 177.02 568.14 224.80 -1 -1 -1 -1000 -1000 -1000 -10 0.87
463 28 Car -1 -1 -1 140.46 169.47 250.55 223.49 -1 -1 -1 -1000 -1000 -1000 -10 0.85
464 25 Car -1 -1 -1 516.99 176.85 572.03 222.84 -1 -1 -1 -1000 -1000 -1000 -10 0.90
464 28 Car -1 -1 -1 7.51 170.35 167.79 238.62 -1 -1 -1 -1000 -1000 -1000 -10 0.89
464 29 Car -1 -1 -1 443.38 172.42 469.46 189.42 -1 -1 -1 -1000 -1000 -1000 -10 0.42
465 25 Car -1 -1 -1 523.06 177.94 575.53 221.13 -1 -1 -1 -1000 -1000 -1000 -10 0.86
465 29 Car -1 -1 -1 431.07 172.99 459.19 190.83 -1 -1 -1 -1000 -1000 -1000 -10 0.68
466 25 Car -1 -1 -1 528.16 178.21 578.36 221.36 -1 -1 -1 -1000 -1000 -1000 -10 0.89
466 29 Car -1 -1 -1 416.60 172.49 447.97 193.54 -1 -1 -1 -1000 -1000 -1000 -10 0.57
467 25 Car -1 -1 -1 533.14 177.51 581.55 219.50 -1 -1 -1 -1000 -1000 -1000 -10 0.87
467 29 Car -1 -1 -1 398.55 172.84 434.01 196.10 -1 -1 -1 -1000 -1000 -1000 -10 0.67
468 25 Car -1 -1 -1 537.83 177.50 583.19 217.58 -1 -1 -1 -1000 -1000 -1000 -10 0.91
468 29 Car -1 -1 -1 375.97 171.67 418.03 196.59 -1 -1 -1 -1000 -1000 -1000 -10 0.60
469 25 Car -1 -1 -1 542.23 176.96 586.79 214.58 -1 -1 -1 -1000 -1000 -1000 -10 0.86
469 29 Car -1 -1 -1 346.96 170.45 395.69 198.08 -1 -1 -1 -1000 -1000 -1000 -10 0.69
470 29 Car -1 -1 -1 306.09 168.96 363.60 201.83 -1 -1 -1 -1000 -1000 -1000 -10 0.77
470 25 Car -1 -1 -1 545.14 176.30 587.14 212.86 -1 -1 -1 -1000 -1000 -1000 -10 0.76
471 25 Car -1 -1 -1 548.46 175.77 588.39 211.75 -1 -1 -1 -1000 -1000 -1000 -10 0.90
471 29 Car -1 -1 -1 250.92 167.92 326.35 208.54 -1 -1 -1 -1000 -1000 -1000 -10 0.80
472 29 Car -1 -1 -1 168.81 166.93 269.49 219.13 -1 -1 -1 -1000 -1000 -1000 -10 0.85
472 25 Car -1 -1 -1 552.42 175.88 589.65 210.39 -1 -1 -1 -1000 -1000 -1000 -10 0.80
473 25 Car -1 -1 -1 554.16 176.32 591.02 210.53 -1 -1 -1 -1000 -1000 -1000 -10 0.90
473 29 Car -1 -1 -1 39.37 166.87 182.82 234.73 -1 -1 -1 -1000 -1000 -1000 -10 0.85
474 25 Car -1 -1 -1 557.58 177.58 592.27 209.37 -1 -1 -1 -1000 -1000 -1000 -10 0.79
475 25 Car -1 -1 -1 560.23 177.40 593.06 209.40 -1 -1 -1 -1000 -1000 -1000 -10 0.89
476 25 Car -1 -1 -1 563.09 177.65 594.40 207.66 -1 -1 -1 -1000 -1000 -1000 -10 0.70
477 25 Car -1 -1 -1 564.65 177.72 594.68 206.12 -1 -1 -1 -1000 -1000 -1000 -10 0.76
478 25 Car -1 -1 -1 566.13 178.01 595.28 205.63 -1 -1 -1 -1000 -1000 -1000 -10 0.72
479 25 Car -1 -1 -1 566.91 176.69 596.07 204.24 -1 -1 -1 -1000 -1000 -1000 -10 0.75
480 25 Car -1 -1 -1 567.88 176.36 595.73 202.67 -1 -1 -1 -1000 -1000 -1000 -10 0.66
481 25 Car -1 -1 -1 568.73 176.73 596.70 202.07 -1 -1 -1 -1000 -1000 -1000 -10 0.70
482 25 Car -1 -1 -1 569.05 176.21 596.95 201.54 -1 -1 -1 -1000 -1000 -1000 -10 0.78
483 25 Car -1 -1 -1 570.02 176.37 595.98 200.52 -1 -1 -1 -1000 -1000 -1000 -10 0.76
484 25 Car -1 -1 -1 570.41 176.02 596.20 200.36 -1 -1 -1 -1000 -1000 -1000 -10 0.75
485 25 Car -1 -1 -1 571.72 175.96 596.30 199.77 -1 -1 -1 -1000 -1000 -1000 -10 0.65
486 25 Car -1 -1 -1 572.21 175.20 596.35 198.36 -1 -1 -1 -1000 -1000 -1000 -10 0.73
487 25 Car -1 -1 -1 573.17 175.27 596.45 197.65 -1 -1 -1 -1000 -1000 -1000 -10 0.77
488 25 Car -1 -1 -1 573.78 175.40 596.58 197.23 -1 -1 -1 -1000 -1000 -1000 -10 0.77
489 25 Car -1 -1 -1 574.27 175.45 596.67 196.65 -1 -1 -1 -1000 -1000 -1000 -10 0.70
490 25 Car -1 -1 -1 575.53 176.56 597.55 195.90 -1 -1 -1 -1000 -1000 -1000 -10 0.62
491 25 Car -1 -1 -1 576.37 176.84 597.95 196.12 -1 -1 -1 -1000 -1000 -1000 -10 0.73
492 25 Car -1 -1 -1 577.53 177.16 598.61 195.94 -1 -1 -1 -1000 -1000 -1000 -10 0.75
493 25 Car -1 -1 -1 579.15 176.42 598.96 194.70 -1 -1 -1 -1000 -1000 -1000 -10 0.75
494 25 Car -1 -1 -1 579.72 175.61 599.06 193.71 -1 -1 -1 -1000 -1000 -1000 -10 0.68
495 25 Car -1 -1 -1 580.26 175.80 600.57 193.96 -1 -1 -1 -1000 -1000 -1000 -10 0.65
496 25 Car -1 -1 -1 581.46 176.18 600.78 194.27 -1 -1 -1 -1000 -1000 -1000 -10 0.75
497 25 Car -1 -1 -1 582.17 175.85 600.78 193.74 -1 -1 -1 -1000 -1000 -1000 -10 0.76
498 25 Car -1 -1 -1 582.67 176.08 600.90 193.72 -1 -1 -1 -1000 -1000 -1000 -10 0.77
500 25 Car -1 -1 -1 583.72 176.76 600.78 193.91 -1 -1 -1 -1000 -1000 -1000 -10 0.78
501 25 Car -1 -1 -1 584.09 176.60 600.82 193.47 -1 -1 -1 -1000 -1000 -1000 -10 0.79
502 25 Car -1 -1 -1 584.36 176.47 600.77 192.82 -1 -1 -1 -1000 -1000 -1000 -10 0.77
503 25 Car -1 -1 -1 584.39 176.66 600.47 192.79 -1 -1 -1 -1000 -1000 -1000 -10 0.77
504 25 Car -1 -1 -1 584.70 176.36 600.47 192.57 -1 -1 -1 -1000 -1000 -1000 -10 0.75
505 25 Car -1 -1 -1 584.46 175.40 601.56 190.68 -1 -1 -1 -1000 -1000 -1000 -10 0.63
506 25 Car -1 -1 -1 584.69 175.48 600.88 190.54 -1 -1 -1 -1000 -1000 -1000 -10 0.65
507 25 Car -1 -1 -1 585.45 176.80 599.29 192.27 -1 -1 -1 -1000 -1000 -1000 -10 0.71
508 25 Car -1 -1 -1 584.62 178.07 599.48 192.87 -1 -1 -1 -1000 -1000 -1000 -10 0.76
509 25 Car -1 -1 -1 584.78 177.25 599.48 192.79 -1 -1 -1 -1000 -1000 -1000 -10 0.76
510 25 Car -1 -1 -1 584.55 176.91 599.53 191.95 -1 -1 -1 -1000 -1000 -1000 -10 0.73
511 25 Car -1 -1 -1 584.36 177.02 599.44 191.11 -1 -1 -1 -1000 -1000 -1000 -10 0.58
512 25 Car -1 -1 -1 584.38 176.32 598.36 189.15 -1 -1 -1 -1000 -1000 -1000 -10 0.64
513 25 Car -1 -1 -1 583.32 176.02 597.76 189.58 -1 -1 -1 -1000 -1000 -1000 -10 0.57
514 25 Car -1 -1 -1 581.97 176.82 597.01 189.10 -1 -1 -1 -1000 -1000 -1000 -10 0.54
515 25 Car -1 -1 -1 581.54 176.46 596.44 189.07 -1 -1 -1 -1000 -1000 -1000 -10 0.66
516 25 Car -1 -1 -1 580.25 175.98 595.57 188.71 -1 -1 -1 -1000 -1000 -1000 -10 0.71
517 25 Car -1 -1 -1 579.58 176.21 594.15 188.39 -1 -1 -1 -1000 -1000 -1000 -10 0.68
517 30 Car -1 -1 -1 420.13 174.61 446.01 186.35 -1 -1 -1 -1000 -1000 -1000 -10 0.41
518 30 Car -1 -1 -1 398.02 174.60 428.67 188.73 -1 -1 -1 -1000 -1000 -1000 -10 0.60
518 25 Car -1 -1 -1 578.83 176.68 594.17 188.41 -1 -1 -1 -1000 -1000 -1000 -10 0.53
519 30 Car -1 -1 -1 373.56 174.58 413.72 191.04 -1 -1 -1 -1000 -1000 -1000 -10 0.62
519 25 Car -1 -1 -1 577.80 176.78 593.19 188.47 -1 -1 -1 -1000 -1000 -1000 -10 0.59
520 30 Car -1 -1 -1 341.09 175.13 385.56 195.58 -1 -1 -1 -1000 -1000 -1000 -10 0.75
520 25 Car -1 -1 -1 577.57 176.32 592.91 188.39 -1 -1 -1 -1000 -1000 -1000 -10 0.68
521 30 Car -1 -1 -1 292.85 175.64 354.71 201.18 -1 -1 -1 -1000 -1000 -1000 -10 0.77
521 25 Car -1 -1 -1 577.30 176.14 591.74 187.78 -1 -1 -1 -1000 -1000 -1000 -10 0.71
522 30 Car -1 -1 -1 225.12 175.93 304.88 211.32 -1 -1 -1 -1000 -1000 -1000 -10 0.82
522 25 Car -1 -1 -1 576.58 175.88 590.59 187.50 -1 -1 -1 -1000 -1000 -1000 -10 0.70
523 30 Car -1 -1 -1 109.86 175.61 227.41 217.57 -1 -1 -1 -1000 -1000 -1000 -10 0.88
523 25 Car -1 -1 -1 576.16 175.01 589.84 186.84 -1 -1 -1 -1000 -1000 -1000 -10 0.66
524 30 Car -1 -1 -1 -4.69 177.03 100.56 240.20 -1 -1 -1 -1000 -1000 -1000 -10 0.83
524 25 Car -1 -1 -1 575.92 174.71 589.15 186.44 -1 -1 -1 -1000 -1000 -1000 -10 0.48
525 25 Car -1 -1 -1 574.73 174.84 588.07 186.48 -1 -1 -1 -1000 -1000 -1000 -10 0.65
526 25 Car -1 -1 -1 574.36 175.07 586.68 186.19 -1 -1 -1 -1000 -1000 -1000 -10 0.68
527 25 Car -1 -1 -1 573.20 175.79 585.11 186.34 -1 -1 -1 -1000 -1000 -1000 -10 0.64
528 25 Car -1 -1 -1 572.24 176.04 585.08 186.87 -1 -1 -1 -1000 -1000 -1000 -10 0.53
529 25 Car -1 -1 -1 571.62 175.40 583.83 186.47 -1 -1 -1 -1000 -1000 -1000 -10 0.54
530 25 Car -1 -1 -1 571.65 175.76 583.05 186.24 -1 -1 -1 -1000 -1000 -1000 -10 0.62
531 25 Car -1 -1 -1 571.26 175.95 583.39 186.73 -1 -1 -1 -1000 -1000 -1000 -10 0.63
532 25 Car -1 -1 -1 570.55 176.16 583.80 187.43 -1 -1 -1 -1000 -1000 -1000 -10 0.71
533 25 Car -1 -1 -1 571.05 175.94 583.99 187.52 -1 -1 -1 -1000 -1000 -1000 -10 0.69
534 25 Car -1 -1 -1 572.78 175.32 584.92 186.33 -1 -1 -1 -1000 -1000 -1000 -10 0.57
535 25 Car -1 -1 -1 573.33 173.46 584.95 185.24 -1 -1 -1 -1000 -1000 -1000 -10 0.46
536 25 Car -1 -1 -1 573.19 173.23 585.15 184.88 -1 -1 -1 -1000 -1000 -1000 -10 0.59
537 25 Car -1 -1 -1 572.72 173.57 585.16 184.99 -1 -1 -1 -1000 -1000 -1000 -10 0.44
540 31 Car -1 -1 -1 571.35 175.07 582.93 185.84 -1 -1 -1 -1000 -1000 -1000 -10 0.48
541 31 Car -1 -1 -1 571.32 175.24 582.72 185.85 -1 -1 -1 -1000 -1000 -1000 -10 0.63
542 31 Car -1 -1 -1 570.82 174.79 583.05 185.47 -1 -1 -1 -1000 -1000 -1000 -10 0.53
542 32 Car -1 -1 -1 445.57 176.16 465.62 190.04 -1 -1 -1 -1000 -1000 -1000 -10 0.46
543 32 Car -1 -1 -1 436.58 176.03 460.00 190.21 -1 -1 -1 -1000 -1000 -1000 -10 0.59
543 31 Car -1 -1 -1 570.12 174.05 583.54 184.57 -1 -1 -1 -1000 -1000 -1000 -10 0.52
544 31 Car -1 -1 -1 570.29 173.83 582.12 183.92 -1 -1 -1 -1000 -1000 -1000 -10 0.60
544 32 Car -1 -1 -1 425.48 175.47 453.51 192.57 -1 -1 -1 -1000 -1000 -1000 -10 0.53
545 31 Car -1 -1 -1 569.39 173.66 581.44 183.68 -1 -1 -1 -1000 -1000 -1000 -10 0.59
545 32 Car -1 -1 -1 413.54 174.96 443.33 191.30 -1 -1 -1 -1000 -1000 -1000 -10 0.58
546 32 Car -1 -1 -1 397.13 176.93 429.91 194.95 -1 -1 -1 -1000 -1000 -1000 -10 0.75
546 31 Car -1 -1 -1 567.63 173.96 582.50 184.26 -1 -1 -1 -1000 -1000 -1000 -10 0.41
547 32 Car -1 -1 -1 377.36 178.11 416.86 199.34 -1 -1 -1 -1000 -1000 -1000 -10 0.76
547 31 Car -1 -1 -1 567.57 175.37 579.42 185.37 -1 -1 -1 -1000 -1000 -1000 -10 0.43
548 32 Car -1 -1 -1 352.99 177.43 398.08 202.58 -1 -1 -1 -1000 -1000 -1000 -10 0.78
548 31 Car -1 -1 -1 567.18 174.49 579.00 185.99 -1 -1 -1 -1000 -1000 -1000 -10 0.43
549 32 Car -1 -1 -1 321.75 178.26 374.94 205.76 -1 -1 -1 -1000 -1000 -1000 -10 0.73
549 31 Car -1 -1 -1 566.41 174.96 578.36 185.51 -1 -1 -1 -1000 -1000 -1000 -10 0.40
550 32 Car -1 -1 -1 279.71 178.81 343.71 208.70 -1 -1 -1 -1000 -1000 -1000 -10 0.86
550 31 Car -1 -1 -1 563.86 173.83 575.82 184.31 -1 -1 -1 -1000 -1000 -1000 -10 0.43
551 32 Car -1 -1 -1 219.32 177.99 304.71 216.49 -1 -1 -1 -1000 -1000 -1000 -10 0.89
551 31 Car -1 -1 -1 562.97 173.74 573.95 183.45 -1 -1 -1 -1000 -1000 -1000 -10 0.58
552 32 Car -1 -1 -1 131.31 178.30 251.30 225.47 -1 -1 -1 -1000 -1000 -1000 -10 0.88
552 31 Car -1 -1 -1 561.46 173.78 574.03 183.30 -1 -1 -1 -1000 -1000 -1000 -10 0.57
553 32 Car -1 -1 -1 -1.81 180.03 160.47 239.53 -1 -1 -1 -1000 -1000 -1000 -10 0.92
554 32 Car -1 -1 -1 -0.33 190.28 20.42 250.75 -1 -1 -1 -1000 -1000 -1000 -10 0.47
567 33 Car -1 -1 -1 -0.12 198.26 159.22 366.95 -1 -1 -1 -1000 -1000 -1000 -10 0.79
568 33 Car -1 -1 -1 3.68 203.54 193.01 369.90 -1 -1 -1 -1000 -1000 -1000 -10 0.91
569 33 Car -1 -1 -1 1.48 201.29 218.90 371.90 -1 -1 -1 -1000 -1000 -1000 -10 0.95
570 33 Car -1 -1 -1 1.27 200.95 241.97 372.25 -1 -1 -1 -1000 -1000 -1000 -10 0.95
571 33 Car -1 -1 -1 1.56 201.57 258.90 371.15 -1 -1 -1 -1000 -1000 -1000 -10 0.96
572 33 Car -1 -1 -1 2.33 202.28 281.43 369.73 -1 -1 -1 -1000 -1000 -1000 -10 0.97
573 33 Car -1 -1 -1 3.27 199.69 296.33 366.53 -1 -1 -1 -1000 -1000 -1000 -10 0.97
574 33 Car -1 -1 -1 5.21 198.04 309.98 367.22 -1 -1 -1 -1000 -1000 -1000 -10 0.97
575 33 Car -1 -1 -1 2.96 196.37 326.73 369.19 -1 -1 -1 -1000 -1000 -1000 -10 0.97
576 33 Car -1 -1 -1 -0.13 195.52 338.83 370.06 -1 -1 -1 -1000 -1000 -1000 -10 0.97
577 33 Car -1 -1 -1 1.98 195.86 350.97 370.03 -1 -1 -1 -1000 -1000 -1000 -10 0.96
577 34 Car -1 -1 -1 467.82 168.34 492.31 190.05 -1 -1 -1 -1000 -1000 -1000 -10 0.51
578 33 Car -1 -1 -1 31.57 195.28 359.82 362.78 -1 -1 -1 -1000 -1000 -1000 -10 0.92
578 34 Car -1 -1 -1 460.86 168.89 491.20 191.91 -1 -1 -1 -1000 -1000 -1000 -10 0.71
579 33 Car -1 -1 -1 72.72 193.86 366.26 348.99 -1 -1 -1 -1000 -1000 -1000 -10 0.92
579 34 Car -1 -1 -1 452.16 168.20 483.94 192.71 -1 -1 -1 -1000 -1000 -1000 -10 0.69
580 33 Car -1 -1 -1 99.90 194.11 377.01 340.09 -1 -1 -1 -1000 -1000 -1000 -10 0.90
580 34 Car -1 -1 -1 439.27 166.52 471.36 191.53 -1 -1 -1 -1000 -1000 -1000 -10 0.69
581 33 Car -1 -1 -1 116.58 193.76 384.11 331.79 -1 -1 -1 -1000 -1000 -1000 -10 0.89
581 34 Car -1 -1 -1 423.22 164.69 458.60 192.88 -1 -1 -1 -1000 -1000 -1000 -10 0.78
582 33 Car -1 -1 -1 141.72 191.82 390.07 320.24 -1 -1 -1 -1000 -1000 -1000 -10 0.90
582 34 Car -1 -1 -1 401.09 161.75 448.37 194.71 -1 -1 -1 -1000 -1000 -1000 -10 0.83
583 33 Car -1 -1 -1 155.61 189.52 399.10 314.29 -1 -1 -1 -1000 -1000 -1000 -10 0.91
583 34 Car -1 -1 -1 372.56 157.70 432.00 200.31 -1 -1 -1 -1000 -1000 -1000 -10 0.79
584 33 Car -1 -1 -1 178.43 187.70 407.36 308.43 -1 -1 -1 -1000 -1000 -1000 -10 0.92
584 34 Car -1 -1 -1 336.57 154.56 405.75 203.35 -1 -1 -1 -1000 -1000 -1000 -10 0.82
584 35 Car -1 -1 -1 269.66 155.99 332.86 207.57 -1 -1 -1 -1000 -1000 -1000 -10 0.66
585 33 Car -1 -1 -1 200.72 186.63 415.80 301.96 -1 -1 -1 -1000 -1000 -1000 -10 0.92
585 34 Car -1 -1 -1 284.55 153.04 371.75 211.54 -1 -1 -1 -1000 -1000 -1000 -10 0.85
586 33 Car -1 -1 -1 229.87 187.76 419.06 293.87 -1 -1 -1 -1000 -1000 -1000 -10 0.93
587 33 Car -1 -1 -1 245.04 190.53 426.91 290.88 -1 -1 -1 -1000 -1000 -1000 -10 0.94
588 33 Car -1 -1 -1 261.49 191.65 432.81 288.51 -1 -1 -1 -1000 -1000 -1000 -10 0.95
589 33 Car -1 -1 -1 270.71 191.32 438.90 286.78 -1 -1 -1 -1000 -1000 -1000 -10 0.93
590 33 Car -1 -1 -1 282.25 187.17 444.80 279.05 -1 -1 -1 -1000 -1000 -1000 -10 0.93
591 33 Car -1 -1 -1 299.51 185.96 448.99 272.50 -1 -1 -1 -1000 -1000 -1000 -10 0.93
592 33 Car -1 -1 -1 303.55 184.93 454.69 270.69 -1 -1 -1 -1000 -1000 -1000 -10 0.92
593 33 Car -1 -1 -1 321.68 186.09 456.98 268.50 -1 -1 -1 -1000 -1000 -1000 -10 0.92
594 33 Car -1 -1 -1 326.45 184.89 463.04 265.93 -1 -1 -1 -1000 -1000 -1000 -10 0.91
595 33 Car -1 -1 -1 339.23 186.24 465.43 264.32 -1 -1 -1 -1000 -1000 -1000 -10 0.93
596 33 Car -1 -1 -1 349.51 185.90 468.90 261.29 -1 -1 -1 -1000 -1000 -1000 -10 0.94
597 33 Car -1 -1 -1 361.55 185.13 471.45 256.64 -1 -1 -1 -1000 -1000 -1000 -10 0.92
598 33 Car -1 -1 -1 367.09 184.11 474.36 254.84 -1 -1 -1 -1000 -1000 -1000 -10 0.91
599 33 Car -1 -1 -1 372.34 182.51 478.68 251.24 -1 -1 -1 -1000 -1000 -1000 -10 0.93
600 33 Car -1 -1 -1 376.95 181.79 482.48 250.17 -1 -1 -1 -1000 -1000 -1000 -10 0.92
601 33 Car -1 -1 -1 386.36 183.06 484.78 248.31 -1 -1 -1 -1000 -1000 -1000 -10 0.90
602 33 Car -1 -1 -1 391.04 181.47 488.59 245.93 -1 -1 -1 -1000 -1000 -1000 -10 0.90
603 33 Car -1 -1 -1 399.63 180.83 490.46 242.81 -1 -1 -1 -1000 -1000 -1000 -10 0.91
604 33 Car -1 -1 -1 404.19 180.36 492.41 239.27 -1 -1 -1 -1000 -1000 -1000 -10 0.91
605 33 Car -1 -1 -1 409.74 179.19 495.29 238.71 -1 -1 -1 -1000 -1000 -1000 -10 0.93
606 33 Car -1 -1 -1 413.35 180.02 497.95 238.37 -1 -1 -1 -1000 -1000 -1000 -10 0.92
607 33 Car -1 -1 -1 419.02 180.44 500.09 237.78 -1 -1 -1 -1000 -1000 -1000 -10 0.93
608 33 Car -1 -1 -1 423.01 181.36 503.59 237.41 -1 -1 -1 -1000 -1000 -1000 -10 0.91
609 33 Car -1 -1 -1 424.22 180.01 505.23 237.39 -1 -1 -1 -1000 -1000 -1000 -10 0.86
610 33 Car -1 -1 -1 426.97 179.19 507.98 236.51 -1 -1 -1 -1000 -1000 -1000 -10 0.84
611 33 Car -1 -1 -1 431.17 177.33 510.21 233.96 -1 -1 -1 -1000 -1000 -1000 -10 0.83
612 33 Car -1 -1 -1 431.40 176.95 513.26 233.10 -1 -1 -1 -1000 -1000 -1000 -10 0.85
613 33 Car -1 -1 -1 435.93 177.11 515.36 232.67 -1 -1 -1 -1000 -1000 -1000 -10 0.79
614 33 Car -1 -1 -1 440.32 177.06 517.88 231.23 -1 -1 -1 -1000 -1000 -1000 -10 0.75
615 33 Car -1 -1 -1 439.68 173.87 518.64 229.48 -1 -1 -1 -1000 -1000 -1000 -10 0.82
616 33 Car -1 -1 -1 438.31 173.04 520.39 229.45 -1 -1 -1 -1000 -1000 -1000 -10 0.85
617 33 Car -1 -1 -1 436.31 171.78 521.98 230.54 -1 -1 -1 -1000 -1000 -1000 -10 0.82
618 33 Car -1 -1 -1 437.83 173.00 520.77 228.88 -1 -1 -1 -1000 -1000 -1000 -10 0.74
619 33 Car -1 -1 -1 444.82 173.85 521.54 227.50 -1 -1 -1 -1000 -1000 -1000 -10 0.62
620 33 Car -1 -1 -1 445.10 173.61 521.96 227.62 -1 -1 -1 -1000 -1000 -1000 -10 0.69
621 33 Car -1 -1 -1 444.93 168.45 521.42 226.70 -1 -1 -1 -1000 -1000 -1000 -10 0.65
622 33 Car -1 -1 -1 446.44 168.80 519.69 224.83 -1 -1 -1 -1000 -1000 -1000 -10 0.54
623 33 Car -1 -1 -1 449.27 163.17 517.42 223.97 -1 -1 -1 -1000 -1000 -1000 -10 0.49
624 33 Car -1 -1 -1 456.33 171.59 525.43 222.45 -1 -1 -1 -1000 -1000 -1000 -10 0.45
625 33 Car -1 -1 -1 457.41 171.87 524.35 221.93 -1 -1 -1 -1000 -1000 -1000 -10 0.58
626 33 Car -1 -1 -1 457.93 163.80 523.13 222.89 -1 -1 -1 -1000 -1000 -1000 -10 0.66
627 33 Car -1 -1 -1 458.16 163.45 523.34 222.70 -1 -1 -1 -1000 -1000 -1000 -10 0.54
627 36 Car -1 -1 -1 431.24 163.72 463.89 190.33 -1 -1 -1 -1000 -1000 -1000 -10 0.55
628 36 Car -1 -1 -1 422.55 161.84 452.56 188.82 -1 -1 -1 -1000 -1000 -1000 -10 0.66
628 33 Car -1 -1 -1 457.84 164.34 524.41 221.62 -1 -1 -1 -1000 -1000 -1000 -10 0.53
629 36 Car -1 -1 -1 410.41 160.65 446.05 190.10 -1 -1 -1 -1000 -1000 -1000 -10 0.73
630 36 Car -1 -1 -1 396.89 160.15 436.67 192.89 -1 -1 -1 -1000 -1000 -1000 -10 0.78
631 36 Car -1 -1 -1 382.56 159.03 426.24 194.64 -1 -1 -1 -1000 -1000 -1000 -10 0.77
632 36 Car -1 -1 -1 363.78 157.80 413.88 198.35 -1 -1 -1 -1000 -1000 -1000 -10 0.81
633 36 Car -1 -1 -1 341.85 155.50 397.95 200.53 -1 -1 -1 -1000 -1000 -1000 -10 0.88
634 36 Car -1 -1 -1 312.84 149.84 379.55 199.77 -1 -1 -1 -1000 -1000 -1000 -10 0.84
635 36 Car -1 -1 -1 277.43 148.55 353.67 205.42 -1 -1 -1 -1000 -1000 -1000 -10 0.89
636 36 Car -1 -1 -1 232.15 144.87 322.92 209.44 -1 -1 -1 -1000 -1000 -1000 -10 0.91
637 36 Car -1 -1 -1 171.06 141.68 281.54 214.77 -1 -1 -1 -1000 -1000 -1000 -10 0.88
638 36 Car -1 -1 -1 79.95 139.92 227.09 223.41 -1 -1 -1 -1000 -1000 -1000 -10 0.91
639 36 Car -1 -1 -1 -1.80 127.36 151.63 235.19 -1 -1 -1 -1000 -1000 -1000 -10 0.89
639 37 Car -1 -1 -1 493.89 159.44 542.57 211.96 -1 -1 -1 -1000 -1000 -1000 -10 0.40
646 38 Car -1 -1 -1 437.83 173.36 459.28 187.35 -1 -1 -1 -1000 -1000 -1000 -10 0.43
647 38 Car -1 -1 -1 429.57 172.81 453.74 188.53 -1 -1 -1 -1000 -1000 -1000 -10 0.59
648 38 Car -1 -1 -1 420.84 174.50 445.33 188.33 -1 -1 -1 -1000 -1000 -1000 -10 0.71
649 38 Car -1 -1 -1 409.14 174.12 438.46 191.57 -1 -1 -1 -1000 -1000 -1000 -10 0.56
650 38 Car -1 -1 -1 396.45 174.89 425.11 194.34 -1 -1 -1 -1000 -1000 -1000 -10 0.54
650 39 Car -1 -1 -1 468.58 173.00 496.27 188.39 -1 -1 -1 -1000 -1000 -1000 -10 0.43
650 40 Car -1 -1 -1 520.21 162.14 564.18 208.45 -1 -1 -1 -1000 -1000 -1000 -10 0.41
651 38 Car -1 -1 -1 381.16 174.81 413.04 195.50 -1 -1 -1 -1000 -1000 -1000 -10 0.74
651 39 Car -1 -1 -1 465.08 173.52 493.65 187.73 -1 -1 -1 -1000 -1000 -1000 -10 0.72
651 40 Car -1 -1 -1 522.99 163.91 562.12 206.75 -1 -1 -1 -1000 -1000 -1000 -10 0.49
652 38 Car -1 -1 -1 362.22 173.85 399.53 197.68 -1 -1 -1 -1000 -1000 -1000 -10 0.68
652 39 Car -1 -1 -1 459.85 172.84 491.03 188.28 -1 -1 -1 -1000 -1000 -1000 -10 0.57
652 40 Car -1 -1 -1 525.97 163.78 564.17 205.77 -1 -1 -1 -1000 -1000 -1000 -10 0.57
653 38 Car -1 -1 -1 338.28 172.21 381.42 199.58 -1 -1 -1 -1000 -1000 -1000 -10 0.80
653 40 Car -1 -1 -1 526.78 160.72 564.50 204.07 -1 -1 -1 -1000 -1000 -1000 -10 0.58
653 39 Car -1 -1 -1 457.37 171.03 484.44 186.92 -1 -1 -1 -1000 -1000 -1000 -10 0.51
654 38 Car -1 -1 -1 310.74 172.31 359.18 200.71 -1 -1 -1 -1000 -1000 -1000 -10 0.75
654 39 Car -1 -1 -1 451.42 170.96 475.86 186.70 -1 -1 -1 -1000 -1000 -1000 -10 0.60
655 38 Car -1 -1 -1 274.94 172.27 333.44 206.91 -1 -1 -1 -1000 -1000 -1000 -10 0.85
655 39 Car -1 -1 -1 445.13 172.32 466.88 186.18 -1 -1 -1 -1000 -1000 -1000 -10 0.57
655 41 Car -1 -1 -1 466.47 171.80 493.51 186.23 -1 -1 -1 -1000 -1000 -1000 -10 0.55
655 42 Car -1 -1 -1 528.02 159.65 568.41 205.35 -1 -1 -1 -1000 -1000 -1000 -10 0.44
656 38 Car -1 -1 -1 228.86 173.00 300.83 211.16 -1 -1 -1 -1000 -1000 -1000 -10 0.77
656 41 Car -1 -1 -1 460.83 173.05 489.38 189.21 -1 -1 -1 -1000 -1000 -1000 -10 0.70
656 42 Car -1 -1 -1 529.55 163.01 567.95 205.63 -1 -1 -1 -1000 -1000 -1000 -10 0.57
656 39 Car -1 -1 -1 438.21 173.03 460.83 188.27 -1 -1 -1 -1000 -1000 -1000 -10 0.54
657 38 Car -1 -1 -1 165.13 171.82 256.32 216.18 -1 -1 -1 -1000 -1000 -1000 -10 0.83
657 39 Car -1 -1 -1 429.70 173.25 457.92 189.67 -1 -1 -1 -1000 -1000 -1000 -10 0.76
657 42 Car -1 -1 -1 531.18 163.97 567.82 205.00 -1 -1 -1 -1000 -1000 -1000 -10 0.54
657 41 Car -1 -1 -1 450.87 174.19 478.55 190.21 -1 -1 -1 -1000 -1000 -1000 -10 0.53
658 38 Car -1 -1 -1 69.60 171.66 191.56 223.44 -1 -1 -1 -1000 -1000 -1000 -10 0.85
658 39 Car -1 -1 -1 422.26 174.03 457.27 191.08 -1 -1 -1 -1000 -1000 -1000 -10 0.57
658 41 Car -1 -1 -1 438.21 173.44 471.95 191.11 -1 -1 -1 -1000 -1000 -1000 -10 0.47
659 38 Car -1 -1 -1 -0.38 169.46 103.55 232.43 -1 -1 -1 -1000 -1000 -1000 -10 0.89
659 39 Car -1 -1 -1 409.78 173.52 454.22 192.37 -1 -1 -1 -1000 -1000 -1000 -10 0.58
660 39 Car -1 -1 -1 398.55 173.51 444.07 194.55 -1 -1 -1 -1000 -1000 -1000 -10 0.64
661 39 Car -1 -1 -1 383.29 172.87 426.23 196.91 -1 -1 -1 -1000 -1000 -1000 -10 0.75
661 43 Car -1 -1 -1 434.93 175.22 455.23 186.85 -1 -1 -1 -1000 -1000 -1000 -10 0.41
662 39 Car -1 -1 -1 355.09 172.90 407.75 200.48 -1 -1 -1 -1000 -1000 -1000 -10 0.77
662 43 Car -1 -1 -1 428.20 175.10 450.39 188.01 -1 -1 -1 -1000 -1000 -1000 -10 0.65
663 39 Car -1 -1 -1 306.98 172.88 386.40 205.70 -1 -1 -1 -1000 -1000 -1000 -10 0.84
663 43 Car -1 -1 -1 416.88 175.15 443.08 189.37 -1 -1 -1 -1000 -1000 -1000 -10 0.59
664 39 Car -1 -1 -1 245.14 172.93 334.63 214.98 -1 -1 -1 -1000 -1000 -1000 -10 0.86
664 43 Car -1 -1 -1 406.23 175.58 435.33 190.30 -1 -1 -1 -1000 -1000 -1000 -10 0.62
664 44 Car -1 -1 -1 315.17 173.76 370.17 205.90 -1 -1 -1 -1000 -1000 -1000 -10 0.78
665 39 Car -1 -1 -1 137.81 174.54 276.77 225.94 -1 -1 -1 -1000 -1000 -1000 -10 0.89
665 44 Car -1 -1 -1 278.01 172.65 346.65 211.80 -1 -1 -1 -1000 -1000 -1000 -10 0.85
665 43 Car -1 -1 -1 393.83 174.81 425.91 194.33 -1 -1 -1 -1000 -1000 -1000 -10 0.67
666 39 Car -1 -1 -1 -3.20 172.08 176.66 246.41 -1 -1 -1 -1000 -1000 -1000 -10 0.92
666 44 Car -1 -1 -1 228.26 172.01 317.53 216.34 -1 -1 -1 -1000 -1000 -1000 -10 0.87
666 43 Car -1 -1 -1 379.18 174.38 415.08 195.88 -1 -1 -1 -1000 -1000 -1000 -10 0.75
667 44 Car -1 -1 -1 163.00 174.23 274.78 219.01 -1 -1 -1 -1000 -1000 -1000 -10 0.90
667 43 Car -1 -1 -1 360.09 174.59 402.51 197.88 -1 -1 -1 -1000 -1000 -1000 -10 0.74
668 44 Car -1 -1 -1 70.94 175.07 212.45 225.39 -1 -1 -1 -1000 -1000 -1000 -10 0.92
668 43 Car -1 -1 -1 338.20 175.02 385.99 198.25 -1 -1 -1 -1000 -1000 -1000 -10 0.75
669 44 Car -1 -1 -1 -0.21 174.69 128.16 235.05 -1 -1 -1 -1000 -1000 -1000 -10 0.93
669 43 Car -1 -1 -1 311.43 175.71 365.60 200.57 -1 -1 -1 -1000 -1000 -1000 -10 0.68
670 43 Car -1 -1 -1 271.85 174.84 338.43 202.87 -1 -1 -1 -1000 -1000 -1000 -10 0.82
670 44 Car -1 -1 -1 1.95 172.67 78.35 229.74 -1 -1 -1 -1000 -1000 -1000 -10 0.50
671 43 Car -1 -1 -1 221.40 173.36 303.74 206.52 -1 -1 -1 -1000 -1000 -1000 -10 0.82
672 43 Car -1 -1 -1 148.35 173.77 257.58 214.07 -1 -1 -1 -1000 -1000 -1000 -10 0.87
673 43 Car -1 -1 -1 34.74 174.82 187.73 227.20 -1 -1 -1 -1000 -1000 -1000 -10 0.91
674 43 Car -1 -1 -1 1.37 175.53 80.17 225.51 -1 -1 -1 -1000 -1000 -1000 -10 0.82
687 45 Car -1 -1 -1 441.23 171.84 461.77 184.52 -1 -1 -1 -1000 -1000 -1000 -10 0.51
688 45 Car -1 -1 -1 433.48 170.44 455.62 184.59 -1 -1 -1 -1000 -1000 -1000 -10 0.72
689 45 Car -1 -1 -1 424.61 170.18 448.20 185.66 -1 -1 -1 -1000 -1000 -1000 -10 0.75
690 45 Car -1 -1 -1 414.03 171.73 440.87 188.50 -1 -1 -1 -1000 -1000 -1000 -10 0.45
691 45 Car -1 -1 -1 401.97 172.11 430.94 192.31 -1 -1 -1 -1000 -1000 -1000 -10 0.79
692 45 Car -1 -1 -1 388.06 172.38 420.70 193.57 -1 -1 -1 -1000 -1000 -1000 -10 0.57
693 45 Car -1 -1 -1 370.96 172.38 407.39 196.26 -1 -1 -1 -1000 -1000 -1000 -10 0.71
694 45 Car -1 -1 -1 350.58 172.02 391.83 196.93 -1 -1 -1 -1000 -1000 -1000 -10 0.76
695 45 Car -1 -1 -1 324.29 172.23 372.35 198.04 -1 -1 -1 -1000 -1000 -1000 -10 0.80
696 45 Car -1 -1 -1 289.45 171.98 349.70 201.96 -1 -1 -1 -1000 -1000 -1000 -10 0.76
697 45 Car -1 -1 -1 244.22 172.67 318.47 208.82 -1 -1 -1 -1000 -1000 -1000 -10 0.83
698 45 Car -1 -1 -1 182.13 175.26 278.10 217.54 -1 -1 -1 -1000 -1000 -1000 -10 0.86
699 45 Car -1 -1 -1 91.63 176.80 216.15 225.34 -1 -1 -1 -1000 -1000 -1000 -10 0.91
700 45 Car -1 -1 -1 -1.45 179.02 130.07 237.48 -1 -1 -1 -1000 -1000 -1000 -10 0.90
721 46 Car -1 -1 -1 454.44 175.62 480.92 186.87 -1 -1 -1 -1000 -1000 -1000 -10 0.46
722 46 Car -1 -1 -1 447.69 175.29 472.77 187.82 -1 -1 -1 -1000 -1000 -1000 -10 0.67
723 46 Car -1 -1 -1 439.56 174.72 463.81 188.04 -1 -1 -1 -1000 -1000 -1000 -10 0.69
724 46 Car -1 -1 -1 430.07 174.14 456.63 189.23 -1 -1 -1 -1000 -1000 -1000 -10 0.70
725 46 Car -1 -1 -1 418.73 174.29 446.10 188.98 -1 -1 -1 -1000 -1000 -1000 -10 0.70
726 46 Car -1 -1 -1 403.38 173.43 436.53 190.20 -1 -1 -1 -1000 -1000 -1000 -10 0.66
727 46 Car -1 -1 -1 386.92 173.46 422.40 192.69 -1 -1 -1 -1000 -1000 -1000 -10 0.58
728 46 Car -1 -1 -1 363.34 173.58 407.22 194.98 -1 -1 -1 -1000 -1000 -1000 -10 0.68
729 46 Car -1 -1 -1 336.90 173.50 386.96 198.40 -1 -1 -1 -1000 -1000 -1000 -10 0.78
730 46 Car -1 -1 -1 299.11 174.18 356.99 202.04 -1 -1 -1 -1000 -1000 -1000 -10 0.72
731 46 Car -1 -1 -1 247.43 173.95 324.77 210.12 -1 -1 -1 -1000 -1000 -1000 -10 0.75
732 46 Car -1 -1 -1 181.79 174.61 279.16 214.21 -1 -1 -1 -1000 -1000 -1000 -10 0.83
733 46 Car -1 -1 -1 77.49 175.77 207.00 223.73 -1 -1 -1 -1000 -1000 -1000 -10 0.85
734 46 Car -1 -1 -1 0.19 176.85 103.36 232.75 -1 -1 -1 -1000 -1000 -1000 -10 0.89
782 47 Car -1 -1 -1 463.86 173.61 480.36 184.15 -1 -1 -1 -1000 -1000 -1000 -10 0.42
783 47 Car -1 -1 -1 458.93 173.40 478.71 185.18 -1 -1 -1 -1000 -1000 -1000 -10 0.47
783 48 Car -1 -1 -1 387.05 150.72 433.35 195.63 -1 -1 -1 -1000 -1000 -1000 -10 0.43
784 48 Car -1 -1 -1 371.85 149.95 422.00 196.93 -1 -1 -1 -1000 -1000 -1000 -10 0.60
784 47 Car -1 -1 -1 453.72 174.39 475.49 186.34 -1 -1 -1 -1000 -1000 -1000 -10 0.49
785 47 Car -1 -1 -1 446.56 174.34 471.41 187.73 -1 -1 -1 -1000 -1000 -1000 -10 0.69
785 48 Car -1 -1 -1 352.75 148.62 409.79 198.13 -1 -1 -1 -1000 -1000 -1000 -10 0.48
785 49 Car -1 -1 -1 352.70 163.73 404.49 199.67 -1 -1 -1 -1000 -1000 -1000 -10 0.41
786 47 Car -1 -1 -1 438.61 174.06 463.79 189.32 -1 -1 -1 -1000 -1000 -1000 -10 0.75
786 48 Car -1 -1 -1 327.76 145.99 390.25 200.40 -1 -1 -1 -1000 -1000 -1000 -10 0.58
787 47 Car -1 -1 -1 429.43 173.48 457.19 189.92 -1 -1 -1 -1000 -1000 -1000 -10 0.68
787 48 Car -1 -1 -1 295.42 166.31 359.80 202.96 -1 -1 -1 -1000 -1000 -1000 -10 0.50
788 47 Car -1 -1 -1 420.26 174.03 446.38 190.66 -1 -1 -1 -1000 -1000 -1000 -10 0.73
788 48 Car -1 -1 -1 254.72 164.75 332.29 206.43 -1 -1 -1 -1000 -1000 -1000 -10 0.58
789 48 Car -1 -1 -1 195.22 162.48 289.03 210.21 -1 -1 -1 -1000 -1000 -1000 -10 0.77
789 47 Car -1 -1 -1 405.85 173.79 436.78 194.61 -1 -1 -1 -1000 -1000 -1000 -10 0.63
790 47 Car -1 -1 -1 391.30 172.91 425.77 197.13 -1 -1 -1 -1000 -1000 -1000 -10 0.74
790 48 Car -1 -1 -1 115.22 161.04 245.30 217.64 -1 -1 -1 -1000 -1000 -1000 -10 0.71
790 50 Car -1 -1 -1 106.25 125.01 262.73 222.53 -1 -1 -1 -1000 -1000 -1000 -10 0.47
791 50 Car -1 -1 -1 -1.77 108.80 215.09 231.48 -1 -1 -1 -1000 -1000 -1000 -10 0.75
791 47 Car -1 -1 -1 371.91 172.08 410.51 198.28 -1 -1 -1 -1000 -1000 -1000 -10 0.71
792 47 Car -1 -1 -1 349.69 171.91 393.13 197.19 -1 -1 -1 -1000 -1000 -1000 -10 0.75
793 47 Car -1 -1 -1 317.61 171.38 370.13 200.71 -1 -1 -1 -1000 -1000 -1000 -10 0.84
794 47 Car -1 -1 -1 279.87 171.10 343.13 205.74 -1 -1 -1 -1000 -1000 -1000 -10 0.74
795 47 Car -1 -1 -1 224.83 170.94 305.97 210.21 -1 -1 -1 -1000 -1000 -1000 -10 0.84
796 47 Car -1 -1 -1 147.64 168.92 253.45 217.85 -1 -1 -1 -1000 -1000 -1000 -10 0.88
797 47 Car -1 -1 -1 31.00 170.29 175.33 230.94 -1 -1 -1 -1000 -1000 -1000 -10 0.89
798 47 Car -1 -1 -1 1.75 172.81 55.51 236.07 -1 -1 -1 -1000 -1000 -1000 -10 0.68
802 51 Car -1 -1 -1 468.48 170.36 484.18 183.01 -1 -1 -1 -1000 -1000 -1000 -10 0.44
803 51 Car -1 -1 -1 464.23 169.90 485.49 183.30 -1 -1 -1 -1000 -1000 -1000 -10 0.62
804 51 Car -1 -1 -1 460.26 170.16 481.06 183.97 -1 -1 -1 -1000 -1000 -1000 -10 0.66
805 51 Car -1 -1 -1 454.64 171.06 478.53 184.33 -1 -1 -1 -1000 -1000 -1000 -10 0.61
806 51 Car -1 -1 -1 445.97 171.07 473.54 185.45 -1 -1 -1 -1000 -1000 -1000 -10 0.65
807 51 Car -1 -1 -1 437.80 175.00 464.03 188.69 -1 -1 -1 -1000 -1000 -1000 -10 0.64
808 51 Car -1 -1 -1 428.05 175.88 453.48 190.38 -1 -1 -1 -1000 -1000 -1000 -10 0.60
