0 1 Car -1 -1 -1 372.20 168.07 488.06 255.28 -1 -1 -1 -1000 -1000 -1000 -10 0.95
1 1 Car -1 -1 -1 392.77 168.50 496.60 248.53 -1 -1 -1 -1000 -1000 -1000 -10 0.96
2 1 Car -1 -1 -1 408.72 170.68 503.96 244.95 -1 -1 -1 -1000 -1000 -1000 -10 0.94
3 1 Car -1 -1 -1 421.15 171.47 508.19 240.24 -1 -1 -1 -1000 -1000 -1000 -10 0.94
4 1 Car -1 -1 -1 435.39 171.99 513.36 235.73 -1 -1 -1 -1000 -1000 -1000 -10 0.91
5 1 Car -1 -1 -1 446.32 171.05 518.17 230.17 -1 -1 -1 -1000 -1000 -1000 -10 0.93
6 1 Car -1 -1 -1 453.25 170.14 522.16 226.13 -1 -1 -1 -1000 -1000 -1000 -10 0.93
7 1 Car -1 -1 -1 463.50 171.87 525.54 222.69 -1 -1 -1 -1000 -1000 -1000 -10 0.94
8 1 Car -1 -1 -1 469.69 171.27 529.13 220.72 -1 -1 -1 -1000 -1000 -1000 -10 0.90
9 1 Car -1 -1 -1 477.90 171.20 532.71 217.73 -1 -1 -1 -1000 -1000 -1000 -10 0.86
10 1 Car -1 -1 -1 483.78 171.39 535.57 215.71 -1 -1 -1 -1000 -1000 -1000 -10 0.91
11 1 Car -1 -1 -1 488.92 171.51 539.28 213.95 -1 -1 -1 -1000 -1000 -1000 -10 0.92
12 1 Car -1 -1 -1 494.65 171.81 542.76 212.05 -1 -1 -1 -1000 -1000 -1000 -10 0.84
13 1 Car -1 -1 -1 499.67 172.39 544.10 211.52 -1 -1 -1 -1000 -1000 -1000 -10 0.84
14 1 Car -1 -1 -1 505.00 172.84 546.65 208.27 -1 -1 -1 -1000 -1000 -1000 -10 0.89
15 1 Car -1 -1 -1 509.44 173.56 548.56 206.87 -1 -1 -1 -1000 -1000 -1000 -10 0.88
16 1 Car -1 -1 -1 513.02 172.70 552.31 205.59 -1 -1 -1 -1000 -1000 -1000 -10 0.88
17 1 Car -1 -1 -1 516.29 172.38 554.01 204.45 -1 -1 -1 -1000 -1000 -1000 -10 0.76
18 1 Car -1 -1 -1 520.30 173.22 555.75 203.43 -1 -1 -1 -1000 -1000 -1000 -10 0.86
19 1 Car -1 -1 -1 523.15 173.95 557.03 202.62 -1 -1 -1 -1000 -1000 -1000 -10 0.75
20 1 Car -1 -1 -1 524.85 174.61 557.40 202.01 -1 -1 -1 -1000 -1000 -1000 -10 0.83
20 2 Car -1 -1 -1 440.09 174.70 462.48 189.38 -1 -1 -1 -1000 -1000 -1000 -10 0.55
20 3 Car -1 -1 -1 481.26 174.36 498.57 186.96 -1 -1 -1 -1000 -1000 -1000 -10 0.44
21 1 Car -1 -1 -1 526.50 175.49 557.65 201.64 -1 -1 -1 -1000 -1000 -1000 -10 0.85
21 3 Car -1 -1 -1 476.67 174.74 495.79 187.17 -1 -1 -1 -1000 -1000 -1000 -10 0.72
21 2 Car -1 -1 -1 429.52 175.61 452.70 190.05 -1 -1 -1 -1000 -1000 -1000 -10 0.66
22 1 Car -1 -1 -1 527.94 175.33 559.68 201.59 -1 -1 -1 -1000 -1000 -1000 -10 0.69
22 3 Car -1 -1 -1 472.75 174.89 491.14 187.76 -1 -1 -1 -1000 -1000 -1000 -10 0.62
22 2 Car -1 -1 -1 415.97 175.39 443.76 190.33 -1 -1 -1 -1000 -1000 -1000 -10 0.58
23 1 Car -1 -1 -1 529.78 175.14 560.46 200.80 -1 -1 -1 -1000 -1000 -1000 -10 0.75
23 3 Car -1 -1 -1 465.70 174.94 486.03 187.88 -1 -1 -1 -1000 -1000 -1000 -10 0.72
23 2 Car -1 -1 -1 403.63 174.86 430.12 190.78 -1 -1 -1 -1000 -1000 -1000 -10 0.65
24 1 Car -1 -1 -1 531.76 173.95 560.84 199.92 -1 -1 -1 -1000 -1000 -1000 -10 0.75
24 3 Car -1 -1 -1 459.29 174.48 481.10 188.74 -1 -1 -1 -1000 -1000 -1000 -10 0.65
24 2 Car -1 -1 -1 387.36 174.65 417.04 193.76 -1 -1 -1 -1000 -1000 -1000 -10 0.60
25 3 Car -1 -1 -1 452.55 174.02 474.90 189.23 -1 -1 -1 -1000 -1000 -1000 -10 0.80
25 1 Car -1 -1 -1 533.87 174.65 561.55 198.65 -1 -1 -1 -1000 -1000 -1000 -10 0.64
25 2 Car -1 -1 -1 365.17 174.09 401.44 194.99 -1 -1 -1 -1000 -1000 -1000 -10 0.61
26 1 Car -1 -1 -1 535.44 175.11 561.91 197.60 -1 -1 -1 -1000 -1000 -1000 -10 0.81
26 3 Car -1 -1 -1 444.20 174.25 467.36 189.73 -1 -1 -1 -1000 -1000 -1000 -10 0.79
26 2 Car -1 -1 -1 342.70 174.02 381.61 195.71 -1 -1 -1 -1000 -1000 -1000 -10 0.62
27 1 Car -1 -1 -1 536.34 174.79 562.51 196.63 -1 -1 -1 -1000 -1000 -1000 -10 0.82
27 2 Car -1 -1 -1 304.94 172.62 356.92 199.51 -1 -1 -1 -1000 -1000 -1000 -10 0.69
27 3 Car -1 -1 -1 434.04 174.20 460.12 191.21 -1 -1 -1 -1000 -1000 -1000 -10 0.67
28 2 Car -1 -1 -1 266.70 172.56 325.11 205.72 -1 -1 -1 -1000 -1000 -1000 -10 0.80
28 1 Car -1 -1 -1 537.44 174.37 563.42 195.01 -1 -1 -1 -1000 -1000 -1000 -10 0.74
28 3 Car -1 -1 -1 422.76 174.03 451.00 192.03 -1 -1 -1 -1000 -1000 -1000 -10 0.69
29 2 Car -1 -1 -1 211.63 172.40 281.97 208.98 -1 -1 -1 -1000 -1000 -1000 -10 0.79
29 1 Car -1 -1 -1 538.51 173.99 564.98 195.13 -1 -1 -1 -1000 -1000 -1000 -10 0.70
29 3 Car -1 -1 -1 409.54 174.34 440.69 191.67 -1 -1 -1 -1000 -1000 -1000 -10 0.68
30 2 Car -1 -1 -1 126.80 172.20 227.21 220.27 -1 -1 -1 -1000 -1000 -1000 -10 0.86
30 1 Car -1 -1 -1 539.84 174.17 564.56 194.43 -1 -1 -1 -1000 -1000 -1000 -10 0.70
30 3 Car -1 -1 -1 394.45 174.37 426.95 194.96 -1 -1 -1 -1000 -1000 -1000 -10 0.67
31 2 Car -1 -1 -1 5.64 172.32 145.50 229.45 -1 -1 -1 -1000 -1000 -1000 -10 0.88
31 3 Car -1 -1 -1 376.20 174.71 412.93 195.27 -1 -1 -1 -1000 -1000 -1000 -10 0.75
31 1 Car -1 -1 -1 541.23 173.97 564.78 194.51 -1 -1 -1 -1000 -1000 -1000 -10 0.70
32 1 Car -1 -1 -1 541.93 174.42 564.36 194.28 -1 -1 -1 -1000 -1000 -1000 -10 0.74
32 3 Car -1 -1 -1 353.23 175.34 394.43 198.61 -1 -1 -1 -1000 -1000 -1000 -10 0.73
33 3 Car -1 -1 -1 321.88 174.38 374.39 203.11 -1 -1 -1 -1000 -1000 -1000 -10 0.83
33 1 Car -1 -1 -1 542.73 174.44 565.50 193.90 -1 -1 -1 -1000 -1000 -1000 -10 0.67
34 3 Car -1 -1 -1 282.22 173.61 349.41 207.75 -1 -1 -1 -1000 -1000 -1000 -10 0.83
34 1 Car -1 -1 -1 543.10 174.58 565.96 193.50 -1 -1 -1 -1000 -1000 -1000 -10 0.49
35 3 Car -1 -1 -1 230.68 174.57 315.76 213.67 -1 -1 -1 -1000 -1000 -1000 -10 0.88
35 1 Car -1 -1 -1 544.72 175.22 566.70 193.11 -1 -1 -1 -1000 -1000 -1000 -10 0.58
36 3 Car -1 -1 -1 158.85 173.92 265.59 220.78 -1 -1 -1 -1000 -1000 -1000 -10 0.89
36 1 Car -1 -1 -1 544.45 173.38 567.37 192.91 -1 -1 -1 -1000 -1000 -1000 -10 0.57
36 4 Car -1 -1 -1 431.18 159.00 465.02 187.65 -1 -1 -1 -1000 -1000 -1000 -10 0.46
37 3 Car -1 -1 -1 53.57 172.51 198.22 229.50 -1 -1 -1 -1000 -1000 -1000 -10 0.92
37 1 Car -1 -1 -1 545.01 173.02 567.51 191.88 -1 -1 -1 -1000 -1000 -1000 -10 0.75
37 4 Car -1 -1 -1 421.87 157.45 457.47 188.83 -1 -1 -1 -1000 -1000 -1000 -10 0.59
38 3 Car -1 -1 -1 0.16 172.36 96.01 238.25 -1 -1 -1 -1000 -1000 -1000 -10 0.86
38 1 Car -1 -1 -1 546.29 172.64 566.66 190.45 -1 -1 -1 -1000 -1000 -1000 -10 0.77
38 4 Car -1 -1 -1 408.65 156.23 449.27 189.72 -1 -1 -1 -1000 -1000 -1000 -10 0.67
39 1 Car -1 -1 -1 546.67 172.76 566.30 189.87 -1 -1 -1 -1000 -1000 -1000 -10 0.77
39 4 Car -1 -1 -1 393.94 154.91 440.07 191.82 -1 -1 -1 -1000 -1000 -1000 -10 0.71
40 4 Car -1 -1 -1 376.56 154.13 427.03 193.06 -1 -1 -1 -1000 -1000 -1000 -10 0.77
40 1 Car -1 -1 -1 546.72 172.97 566.00 189.64 -1 -1 -1 -1000 -1000 -1000 -10 0.76
40 5 Car -1 -1 -1 500.71 170.82 522.45 183.54 -1 -1 -1 -1000 -1000 -1000 -10 0.49
41 1 Car -1 -1 -1 547.28 173.21 566.13 189.48 -1 -1 -1 -1000 -1000 -1000 -10 0.77
41 5 Car -1 -1 -1 498.88 169.38 522.12 185.47 -1 -1 -1 -1000 -1000 -1000 -10 0.77
41 4 Car -1 -1 -1 355.59 151.88 407.69 194.93 -1 -1 -1 -1000 -1000 -1000 -10 0.64
42 1 Car -1 -1 -1 547.31 173.39 566.12 189.54 -1 -1 -1 -1000 -1000 -1000 -10 0.77
42 5 Car -1 -1 -1 493.80 169.64 520.36 185.16 -1 -1 -1 -1000 -1000 -1000 -10 0.71
42 4 Car -1 -1 -1 328.86 148.74 387.62 197.39 -1 -1 -1 -1000 -1000 -1000 -10 0.56
43 1 Car -1 -1 -1 547.56 173.45 566.21 189.54 -1 -1 -1 -1000 -1000 -1000 -10 0.77
43 5 Car -1 -1 -1 489.51 169.29 515.15 186.71 -1 -1 -1 -1000 -1000 -1000 -10 0.76
43 4 Car -1 -1 -1 295.53 147.13 360.82 199.14 -1 -1 -1 -1000 -1000 -1000 -10 0.56
44 1 Car -1 -1 -1 547.90 174.05 566.19 189.73 -1 -1 -1 -1000 -1000 -1000 -10 0.77
44 5 Car -1 -1 -1 483.74 169.41 507.85 186.46 -1 -1 -1 -1000 -1000 -1000 -10 0.72
45 1 Car -1 -1 -1 548.11 174.26 566.16 189.67 -1 -1 -1 -1000 -1000 -1000 -10 0.75
45 5 Car -1 -1 -1 478.04 169.94 501.78 186.00 -1 -1 -1 -1000 -1000 -1000 -10 0.66
46 1 Car -1 -1 -1 548.62 174.47 566.15 189.12 -1 -1 -1 -1000 -1000 -1000 -10 0.75
46 5 Car -1 -1 -1 471.70 169.48 494.57 188.01 -1 -1 -1 -1000 -1000 -1000 -10 0.73
47 1 Car -1 -1 -1 548.77 174.45 566.15 188.89 -1 -1 -1 -1000 -1000 -1000 -10 0.76
47 5 Car -1 -1 -1 462.60 169.52 487.29 188.28 -1 -1 -1 -1000 -1000 -1000 -10 0.74
47 6 Car -1 -1 -1 -4.41 114.25 139.49 225.42 -1 -1 -1 -1000 -1000 -1000 -10 0.56
48 1 Car -1 -1 -1 548.68 173.91 565.98 188.23 -1 -1 -1 -1000 -1000 -1000 -10 0.78
48 5 Car -1 -1 -1 451.65 170.31 477.56 187.71 -1 -1 -1 -1000 -1000 -1000 -10 0.66
49 1 Car -1 -1 -1 548.64 173.75 565.58 188.04 -1 -1 -1 -1000 -1000 -1000 -10 0.77
49 5 Car -1 -1 -1 438.71 169.56 468.04 188.74 -1 -1 -1 -1000 -1000 -1000 -10 0.57
50 1 Car -1 -1 -1 548.90 173.55 565.41 187.83 -1 -1 -1 -1000 -1000 -1000 -10 0.75
50 5 Car -1 -1 -1 423.06 169.38 456.09 191.78 -1 -1 -1 -1000 -1000 -1000 -10 0.74
51 1 Car -1 -1 -1 548.77 173.88 565.37 187.91 -1 -1 -1 -1000 -1000 -1000 -10 0.76
51 5 Car -1 -1 -1 403.27 168.76 444.17 194.93 -1 -1 -1 -1000 -1000 -1000 -10 0.75
51 7 Car -1 -1 -1 5.51 197.51 183.93 367.93 -1 -1 -1 -1000 -1000 -1000 -10 0.76
52 5 Car -1 -1 -1 377.88 168.19 425.71 197.61 -1 -1 -1 -1000 -1000 -1000 -10 0.79
52 7 Car -1 -1 -1 0.68 124.39 282.64 363.48 -1 -1 -1 -1000 -1000 -1000 -10 0.79
52 1 Car -1 -1 -1 549.30 174.44 565.36 188.34 -1 -1 -1 -1000 -1000 -1000 -10 0.77
53 7 Car -1 -1 -1 1.67 118.65 343.85 369.54 -1 -1 -1 -1000 -1000 -1000 -10 0.97
53 5 Car -1 -1 -1 344.56 167.06 403.55 203.10 -1 -1 -1 -1000 -1000 -1000 -10 0.85
53 1 Car -1 -1 -1 549.94 174.71 565.94 188.63 -1 -1 -1 -1000 -1000 -1000 -10 0.76
54 7 Car -1 -1 -1 1.20 129.21 382.97 373.84 -1 -1 -1 -1000 -1000 -1000 -10 0.97
54 5 Car -1 -1 -1 299.99 164.96 372.46 206.68 -1 -1 -1 -1000 -1000 -1000 -10 0.79
54 1 Car -1 -1 -1 549.89 174.29 566.47 188.30 -1 -1 -1 -1000 -1000 -1000 -10 0.72
55 7 Car -1 -1 -1 47.47 139.59 422.29 371.73 -1 -1 -1 -1000 -1000 -1000 -10 0.95
55 1 Car -1 -1 -1 549.88 173.94 567.00 188.48 -1 -1 -1 -1000 -1000 -1000 -10 0.64
56 7 Car -1 -1 -1 162.70 148.38 446.15 347.17 -1 -1 -1 -1000 -1000 -1000 -10 0.95
56 1 Car -1 -1 -1 551.46 173.95 567.58 187.77 -1 -1 -1 -1000 -1000 -1000 -10 0.58
57 7 Car -1 -1 -1 236.59 151.38 466.41 321.04 -1 -1 -1 -1000 -1000 -1000 -10 0.95
57 1 Car -1 -1 -1 551.79 174.43 567.55 187.80 -1 -1 -1 -1000 -1000 -1000 -10 0.63
57 8 Car -1 -1 -1 -0.26 153.23 158.33 249.58 -1 -1 -1 -1000 -1000 -1000 -10 0.73
58 7 Car -1 -1 -1 295.52 155.94 484.78 300.51 -1 -1 -1 -1000 -1000 -1000 -10 0.96
58 1 Car -1 -1 -1 552.31 174.48 567.39 187.71 -1 -1 -1 -1000 -1000 -1000 -10 0.62
59 7 Car -1 -1 -1 337.75 157.67 497.85 284.11 -1 -1 -1 -1000 -1000 -1000 -10 0.96
59 1 Car -1 -1 -1 552.19 174.35 567.50 187.62 -1 -1 -1 -1000 -1000 -1000 -10 0.67
60 7 Car -1 -1 -1 371.61 159.50 510.43 272.98 -1 -1 -1 -1000 -1000 -1000 -10 0.96
60 1 Car -1 -1 -1 552.17 173.80 567.88 187.06 -1 -1 -1 -1000 -1000 -1000 -10 0.59
61 7 Car -1 -1 -1 397.33 161.30 521.89 262.51 -1 -1 -1 -1000 -1000 -1000 -10 0.96
61 1 Car -1 -1 -1 552.10 172.11 568.04 186.27 -1 -1 -1 -1000 -1000 -1000 -10 0.54
62 7 Car -1 -1 -1 420.99 159.17 529.62 252.84 -1 -1 -1 -1000 -1000 -1000 -10 0.95
62 1 Car -1 -1 -1 552.36 172.21 567.47 185.23 -1 -1 -1 -1000 -1000 -1000 -10 0.56
63 7 Car -1 -1 -1 436.83 160.37 538.84 249.60 -1 -1 -1 -1000 -1000 -1000 -10 0.96
63 1 Car -1 -1 -1 552.28 172.29 567.53 185.20 -1 -1 -1 -1000 -1000 -1000 -10 0.66
64 7 Car -1 -1 -1 452.64 163.44 544.88 245.31 -1 -1 -1 -1000 -1000 -1000 -10 0.97
64 1 Car -1 -1 -1 553.40 173.46 566.34 184.95 -1 -1 -1 -1000 -1000 -1000 -10 0.50
65 7 Car -1 -1 -1 463.99 163.75 551.30 241.03 -1 -1 -1 -1000 -1000 -1000 -10 0.92
65 1 Car -1 -1 -1 554.74 175.88 565.19 184.91 -1 -1 -1 -1000 -1000 -1000 -10 0.53
66 7 Car -1 -1 -1 476.81 165.50 556.86 237.27 -1 -1 -1 -1000 -1000 -1000 -10 0.94
66 1 Car -1 -1 -1 556.01 175.20 565.67 185.48 -1 -1 -1 -1000 -1000 -1000 -10 0.40
67 7 Car -1 -1 -1 488.04 165.17 561.11 231.75 -1 -1 -1 -1000 -1000 -1000 -10 0.88
67 9 Car -1 -1 -1 -2.81 209.58 216.06 371.57 -1 -1 -1 -1000 -1000 -1000 -10 0.85
68 9 Car -1 -1 -1 2.07 205.68 288.74 366.60 -1 -1 -1 -1000 -1000 -1000 -10 0.96
68 7 Car -1 -1 -1 496.68 165.74 565.28 228.18 -1 -1 -1 -1000 -1000 -1000 -10 0.94
69 9 Car -1 -1 -1 8.76 202.53 336.58 368.98 -1 -1 -1 -1000 -1000 -1000 -10 0.97
69 7 Car -1 -1 -1 505.67 164.54 568.26 223.96 -1 -1 -1 -1000 -1000 -1000 -10 0.94
69 10 Car -1 -1 -1 476.26 170.47 495.68 184.04 -1 -1 -1 -1000 -1000 -1000 -10 0.42
70 9 Car -1 -1 -1 0.16 196.36 377.01 369.34 -1 -1 -1 -1000 -1000 -1000 -10 0.99
70 7 Car -1 -1 -1 511.67 164.31 571.19 220.32 -1 -1 -1 -1000 -1000 -1000 -10 0.94
70 10 Car -1 -1 -1 472.68 170.26 492.20 183.67 -1 -1 -1 -1000 -1000 -1000 -10 0.62
71 9 Car -1 -1 -1 110.44 188.31 405.95 346.85 -1 -1 -1 -1000 -1000 -1000 -10 0.94
71 7 Car -1 -1 -1 518.85 164.02 572.99 217.47 -1 -1 -1 -1000 -1000 -1000 -10 0.90
71 10 Car -1 -1 -1 467.23 169.85 491.15 184.43 -1 -1 -1 -1000 -1000 -1000 -10 0.67
72 7 Car -1 -1 -1 525.02 164.72 575.73 214.58 -1 -1 -1 -1000 -1000 -1000 -10 0.92
72 9 Car -1 -1 -1 195.94 188.23 421.72 315.21 -1 -1 -1 -1000 -1000 -1000 -10 0.92
72 10 Car -1 -1 -1 463.02 169.58 487.35 185.11 -1 -1 -1 -1000 -1000 -1000 -10 0.64
73 9 Car -1 -1 -1 253.21 185.09 441.41 295.49 -1 -1 -1 -1000 -1000 -1000 -10 0.95
73 7 Car -1 -1 -1 529.74 165.34 578.56 212.49 -1 -1 -1 -1000 -1000 -1000 -10 0.91
73 10 Car -1 -1 -1 458.07 169.87 484.44 184.83 -1 -1 -1 -1000 -1000 -1000 -10 0.66
74 9 Car -1 -1 -1 294.70 185.59 455.71 280.15 -1 -1 -1 -1000 -1000 -1000 -10 0.95
74 7 Car -1 -1 -1 535.90 166.56 580.46 210.98 -1 -1 -1 -1000 -1000 -1000 -10 0.89
74 10 Car -1 -1 -1 451.93 171.16 482.21 186.15 -1 -1 -1 -1000 -1000 -1000 -10 0.58
75 9 Car -1 -1 -1 328.28 184.82 468.69 269.83 -1 -1 -1 -1000 -1000 -1000 -10 0.93
75 7 Car -1 -1 -1 541.22 167.18 582.93 210.37 -1 -1 -1 -1000 -1000 -1000 -10 0.86
75 10 Car -1 -1 -1 443.03 172.01 476.25 188.83 -1 -1 -1 -1000 -1000 -1000 -10 0.66
76 9 Car -1 -1 -1 357.44 182.97 478.29 259.95 -1 -1 -1 -1000 -1000 -1000 -10 0.93
76 7 Car -1 -1 -1 545.38 168.07 586.34 209.16 -1 -1 -1 -1000 -1000 -1000 -10 0.86
76 10 Car -1 -1 -1 431.71 171.83 466.12 190.46 -1 -1 -1 -1000 -1000 -1000 -10 0.64
77 9 Car -1 -1 -1 379.86 181.71 486.35 253.35 -1 -1 -1 -1000 -1000 -1000 -10 0.95
77 7 Car -1 -1 -1 549.15 169.03 588.37 209.01 -1 -1 -1 -1000 -1000 -1000 -10 0.91
77 10 Car -1 -1 -1 409.67 170.25 456.12 199.43 -1 -1 -1 -1000 -1000 -1000 -10 0.47
78 7 Car -1 -1 -1 552.89 169.99 589.95 209.03 -1 -1 -1 -1000 -1000 -1000 -10 0.89
78 9 Car -1 -1 -1 398.82 181.91 495.46 248.85 -1 -1 -1 -1000 -1000 -1000 -10 0.88
78 10 Car -1 -1 -1 388.42 173.82 444.67 196.67 -1 -1 -1 -1000 -1000 -1000 -10 0.63
79 9 Car -1 -1 -1 414.81 181.24 502.48 243.33 -1 -1 -1 -1000 -1000 -1000 -10 0.90
79 7 Car -1 -1 -1 554.58 170.29 592.14 207.69 -1 -1 -1 -1000 -1000 -1000 -10 0.88
79 10 Car -1 -1 -1 358.87 175.03 415.57 201.41 -1 -1 -1 -1000 -1000 -1000 -10 0.72
80 9 Car -1 -1 -1 426.29 181.50 507.89 238.54 -1 -1 -1 -1000 -1000 -1000 -10 0.92
80 10 Car -1 -1 -1 311.84 175.64 383.54 209.87 -1 -1 -1 -1000 -1000 -1000 -10 0.90
80 7 Car -1 -1 -1 557.91 171.40 593.57 207.81 -1 -1 -1 -1000 -1000 -1000 -10 0.88
80 11 Car -1 -1 -1 392.91 174.11 425.84 195.24 -1 -1 -1 -1000 -1000 -1000 -10 0.63
82 9 Car -1 -1 -1 448.87 182.75 517.69 232.46 -1 -1 -1 -1000 -1000 -1000 -10 0.87
82 7 Car -1 -1 -1 563.03 171.93 595.98 206.24 -1 -1 -1 -1000 -1000 -1000 -10 0.84
82 10 Car -1 -1 -1 123.94 175.19 269.38 228.25 -1 -1 -1 -1000 -1000 -1000 -10 0.80
82 11 Car -1 -1 -1 353.60 175.09 396.83 201.44 -1 -1 -1 -1000 -1000 -1000 -10 0.71
83 10 Car -1 -1 -1 -0.33 176.65 152.48 242.34 -1 -1 -1 -1000 -1000 -1000 -10 0.91
83 9 Car -1 -1 -1 455.96 181.79 521.13 229.05 -1 -1 -1 -1000 -1000 -1000 -10 0.86
83 7 Car -1 -1 -1 565.08 171.72 597.53 205.06 -1 -1 -1 -1000 -1000 -1000 -10 0.82
83 11 Car -1 -1 -1 331.56 175.32 377.56 204.16 -1 -1 -1 -1000 -1000 -1000 -10 0.81
84 9 Car -1 -1 -1 465.53 181.79 525.75 226.11 -1 -1 -1 -1000 -1000 -1000 -10 0.89
84 11 Car -1 -1 -1 300.43 176.09 355.13 207.99 -1 -1 -1 -1000 -1000 -1000 -10 0.77
84 7 Car -1 -1 -1 566.73 172.12 598.62 204.42 -1 -1 -1 -1000 -1000 -1000 -10 0.67
85 11 Car -1 -1 -1 261.23 176.27 325.30 210.39 -1 -1 -1 -1000 -1000 -1000 -10 0.86
85 9 Car -1 -1 -1 473.00 181.20 527.20 223.00 -1 -1 -1 -1000 -1000 -1000 -10 0.80
85 7 Car -1 -1 -1 568.57 172.43 598.74 203.87 -1 -1 -1 -1000 -1000 -1000 -10 0.76
86 9 Car -1 -1 -1 480.54 181.27 530.12 220.72 -1 -1 -1 -1000 -1000 -1000 -10 0.88
86 11 Car -1 -1 -1 206.77 176.35 287.06 216.00 -1 -1 -1 -1000 -1000 -1000 -10 0.85
86 7 Car -1 -1 -1 570.74 172.99 598.70 203.16 -1 -1 -1 -1000 -1000 -1000 -10 0.72
87 11 Car -1 -1 -1 135.45 174.84 239.66 221.21 -1 -1 -1 -1000 -1000 -1000 -10 0.88
87 9 Car -1 -1 -1 485.46 180.74 533.90 218.88 -1 -1 -1 -1000 -1000 -1000 -10 0.85
87 7 Car -1 -1 -1 572.49 172.53 598.36 200.98 -1 -1 -1 -1000 -1000 -1000 -10 0.65
88 11 Car -1 -1 -1 30.54 173.63 166.20 230.43 -1 -1 -1 -1000 -1000 -1000 -10 0.87
88 9 Car -1 -1 -1 490.05 178.88 536.22 214.64 -1 -1 -1 -1000 -1000 -1000 -10 0.86
88 7 Car -1 -1 -1 573.97 172.27 599.51 199.00 -1 -1 -1 -1000 -1000 -1000 -10 0.69
89 9 Car -1 -1 -1 496.00 177.47 537.88 211.08 -1 -1 -1 -1000 -1000 -1000 -10 0.79
89 11 Car -1 -1 -1 2.43 176.21 56.52 240.55 -1 -1 -1 -1000 -1000 -1000 -10 0.78
89 7 Car -1 -1 -1 574.51 171.42 600.14 197.36 -1 -1 -1 -1000 -1000 -1000 -10 0.72
90 9 Car -1 -1 -1 499.01 176.74 539.96 208.55 -1 -1 -1 -1000 -1000 -1000 -10 0.81
90 7 Car -1 -1 -1 576.29 169.85 600.08 195.20 -1 -1 -1 -1000 -1000 -1000 -10 0.77
91 7 Car -1 -1 -1 577.11 169.43 600.16 193.53 -1 -1 -1 -1000 -1000 -1000 -10 0.78
91 9 Car -1 -1 -1 503.13 177.32 541.94 206.57 -1 -1 -1 -1000 -1000 -1000 -10 0.75
92 7 Car -1 -1 -1 577.80 170.52 599.91 192.32 -1 -1 -1 -1000 -1000 -1000 -10 0.75
92 9 Car -1 -1 -1 506.35 176.20 543.34 205.24 -1 -1 -1 -1000 -1000 -1000 -10 0.72
93 9 Car -1 -1 -1 508.58 177.00 544.81 204.27 -1 -1 -1 -1000 -1000 -1000 -10 0.78
93 7 Car -1 -1 -1 577.75 171.08 599.44 192.58 -1 -1 -1 -1000 -1000 -1000 -10 0.76
94 9 Car -1 -1 -1 511.30 177.63 546.98 203.95 -1 -1 -1 -1000 -1000 -1000 -10 0.74
94 7 Car -1 -1 -1 578.41 171.71 599.78 193.46 -1 -1 -1 -1000 -1000 -1000 -10 0.64
94 12 Car -1 -1 -1 426.73 173.26 454.22 188.47 -1 -1 -1 -1000 -1000 -1000 -10 0.47
95 9 Car -1 -1 -1 514.27 177.68 547.52 203.86 -1 -1 -1 -1000 -1000 -1000 -10 0.68
95 12 Car -1 -1 -1 410.67 173.26 441.68 189.92 -1 -1 -1 -1000 -1000 -1000 -10 0.58
96 9 Car -1 -1 -1 517.58 178.21 548.51 203.10 -1 -1 -1 -1000 -1000 -1000 -10 0.74
96 12 Car -1 -1 -1 390.63 173.11 427.06 191.67 -1 -1 -1 -1000 -1000 -1000 -10 0.69
96 13 Car -1 -1 -1 578.59 171.94 598.06 192.79 -1 -1 -1 -1000 -1000 -1000 -10 0.41
97 9 Car -1 -1 -1 519.95 178.48 549.56 201.50 -1 -1 -1 -1000 -1000 -1000 -10 0.81
97 12 Car -1 -1 -1 365.71 172.23 406.92 193.64 -1 -1 -1 -1000 -1000 -1000 -10 0.60
97 13 Car -1 -1 -1 579.59 172.99 597.83 192.00 -1 -1 -1 -1000 -1000 -1000 -10 0.54
98 9 Car -1 -1 -1 523.19 177.99 550.41 200.37 -1 -1 -1 -1000 -1000 -1000 -10 0.79
98 12 Car -1 -1 -1 332.52 173.53 378.93 196.81 -1 -1 -1 -1000 -1000 -1000 -10 0.74
98 13 Car -1 -1 -1 579.22 172.20 598.38 192.00 -1 -1 -1 -1000 -1000 -1000 -10 0.66
99 9 Car -1 -1 -1 525.81 178.08 551.88 200.12 -1 -1 -1 -1000 -1000 -1000 -10 0.75
99 13 Car -1 -1 -1 579.18 172.93 598.78 192.55 -1 -1 -1 -1000 -1000 -1000 -10 0.61
99 12 Car -1 -1 -1 290.94 173.32 343.31 200.21 -1 -1 -1 -1000 -1000 -1000 -10 0.60
100 9 Car -1 -1 -1 527.91 178.97 552.86 200.35 -1 -1 -1 -1000 -1000 -1000 -10 0.78
100 12 Car -1 -1 -1 224.65 175.48 300.39 209.66 -1 -1 -1 -1000 -1000 -1000 -10 0.69
100 13 Car -1 -1 -1 579.52 174.32 599.00 194.06 -1 -1 -1 -1000 -1000 -1000 -10 0.52
101 9 Car -1 -1 -1 529.70 179.59 552.65 199.53 -1 -1 -1 -1000 -1000 -1000 -10 0.78
101 12 Car -1 -1 -1 114.80 174.49 231.08 221.84 -1 -1 -1 -1000 -1000 -1000 -10 0.73
101 13 Car -1 -1 -1 579.05 174.43 599.54 194.39 -1 -1 -1 -1000 -1000 -1000 -10 0.62
102 12 Car -1 -1 -1 -7.20 174.83 111.61 234.81 -1 -1 -1 -1000 -1000 -1000 -10 0.72
102 9 Car -1 -1 -1 531.42 178.73 556.52 199.66 -1 -1 -1 -1000 -1000 -1000 -10 0.62
102 13 Car -1 -1 -1 580.02 174.21 600.80 194.14 -1 -1 -1 -1000 -1000 -1000 -10 0.42
103 9 Car -1 -1 -1 532.91 177.64 556.50 198.34 -1 -1 -1 -1000 -1000 -1000 -10 0.63
103 13 Car -1 -1 -1 579.20 172.50 599.68 192.05 -1 -1 -1 -1000 -1000 -1000 -10 0.58
104 9 Car -1 -1 -1 534.61 175.94 557.68 196.58 -1 -1 -1 -1000 -1000 -1000 -10 0.77
104 13 Car -1 -1 -1 579.94 171.62 599.05 190.42 -1 -1 -1 -1000 -1000 -1000 -10 0.65
105 9 Car -1 -1 -1 535.08 175.44 560.23 195.01 -1 -1 -1 -1000 -1000 -1000 -10 0.61
105 13 Car -1 -1 -1 580.57 171.57 600.17 189.70 -1 -1 -1 -1000 -1000 -1000 -10 0.59
107 9 Car -1 -1 -1 539.73 176.45 559.56 194.42 -1 -1 -1 -1000 -1000 -1000 -10 0.79
107 13 Car -1 -1 -1 581.18 171.84 599.56 190.12 -1 -1 -1 -1000 -1000 -1000 -10 0.58
108 9 Car -1 -1 -1 540.62 176.69 560.85 195.42 -1 -1 -1 -1000 -1000 -1000 -10 0.66
108 13 Car -1 -1 -1 581.65 173.11 599.14 190.74 -1 -1 -1 -1000 -1000 -1000 -10 0.61
109 9 Car -1 -1 -1 542.64 178.18 562.03 195.05 -1 -1 -1 -1000 -1000 -1000 -10 0.71
109 13 Car -1 -1 -1 582.00 173.97 598.77 191.56 -1 -1 -1 -1000 -1000 -1000 -10 0.54
110 9 Car -1 -1 -1 544.34 178.11 562.60 194.79 -1 -1 -1 -1000 -1000 -1000 -10 0.72
110 13 Car -1 -1 -1 582.31 174.42 599.04 191.72 -1 -1 -1 -1000 -1000 -1000 -10 0.55
111 13 Car -1 -1 -1 582.62 173.77 599.07 190.88 -1 -1 -1 -1000 -1000 -1000 -10 0.67
111 9 Car -1 -1 -1 545.46 177.08 563.52 193.92 -1 -1 -1 -1000 -1000 -1000 -10 0.63
112 13 Car -1 -1 -1 582.08 173.29 599.31 189.51 -1 -1 -1 -1000 -1000 -1000 -10 0.66
112 9 Car -1 -1 -1 546.92 177.25 564.65 192.19 -1 -1 -1 -1000 -1000 -1000 -10 0.63
113 9 Car -1 -1 -1 548.56 178.23 564.92 191.44 -1 -1 -1 -1000 -1000 -1000 -10 0.74
113 13 Car -1 -1 -1 582.74 173.14 598.44 188.45 -1 -1 -1 -1000 -1000 -1000 -10 0.64
