0 1 Car -1 -1 -1 185.30 191.08 440.12 343.33 -1 -1 -1 -1000 -1000 -1000 -10 0.97
0 2 Car -1 -1 -1 628.09 171.05 659.31 199.62 -1 -1 -1 -1000 -1000 -1000 -10 0.75
1 1 Car -1 -1 -1 4.87 193.69 378.89 371.60 -1 -1 -1 -1000 -1000 -1000 -10 0.95
1 2 Car -1 -1 -1 628.63 171.96 658.97 199.67 -1 -1 -1 -1000 -1000 -1000 -10 0.72
2 1 Car -1 -1 -1 -3.66 212.44 217.40 367.96 -1 -1 -1 -1000 -1000 -1000 -10 0.87
2 2 Car -1 -1 -1 629.38 172.35 658.35 199.52 -1 -1 -1 -1000 -1000 -1000 -10 0.64
3 2 Car -1 -1 -1 629.82 171.43 659.65 199.17 -1 -1 -1 -1000 -1000 -1000 -10 0.64
4 2 Car -1 -1 -1 629.54 170.35 660.57 199.30 -1 -1 -1 -1000 -1000 -1000 -10 0.74
5 2 Car -1 -1 -1 629.95 171.88 659.83 199.34 -1 -1 -1 -1000 -1000 -1000 -10 0.69
6 2 Car -1 -1 -1 629.97 172.59 659.83 200.09 -1 -1 -1 -1000 -1000 -1000 -10 0.69
7 2 Car -1 -1 -1 630.10 171.15 660.57 198.90 -1 -1 -1 -1000 -1000 -1000 -10 0.71
8 2 Car -1 -1 -1 629.30 170.01 661.17 198.51 -1 -1 -1 -1000 -1000 -1000 -10 0.71
9 2 Car -1 -1 -1 629.82 168.81 662.07 197.32 -1 -1 -1 -1000 -1000 -1000 -10 0.72
10 2 Car -1 -1 -1 631.08 168.99 662.41 197.20 -1 -1 -1 -1000 -1000 -1000 -10 0.73
11 2 Car -1 -1 -1 631.10 168.42 664.24 197.66 -1 -1 -1 -1000 -1000 -1000 -10 0.64
12 2 Car -1 -1 -1 632.85 168.67 665.33 196.75 -1 -1 -1 -1000 -1000 -1000 -10 0.77
13 2 Car -1 -1 -1 634.40 168.25 667.05 196.58 -1 -1 -1 -1000 -1000 -1000 -10 0.84
14 2 Car -1 -1 -1 634.74 168.48 670.52 197.63 -1 -1 -1 -1000 -1000 -1000 -10 0.63
15 2 Car -1 -1 -1 636.16 167.76 673.66 198.10 -1 -1 -1 -1000 -1000 -1000 -10 0.79
16 2 Car -1 -1 -1 639.70 168.28 673.74 196.68 -1 -1 -1 -1000 -1000 -1000 -10 0.76
17 2 Car -1 -1 -1 642.64 169.41 672.01 196.89 -1 -1 -1 -1000 -1000 -1000 -10 0.66
18 2 Car -1 -1 -1 643.32 172.08 672.71 199.29 -1 -1 -1 -1000 -1000 -1000 -10 0.81
19 2 Car -1 -1 -1 646.07 174.18 671.52 202.22 -1 -1 -1 -1000 -1000 -1000 -10 0.60
20 2 Car -1 -1 -1 644.60 172.44 677.84 200.52 -1 -1 -1 -1000 -1000 -1000 -10 0.60
21 2 Car -1 -1 -1 644.19 169.83 678.28 199.12 -1 -1 -1 -1000 -1000 -1000 -10 0.72
22 2 Car -1 -1 -1 645.69 167.75 677.85 196.79 -1 -1 -1 -1000 -1000 -1000 -10 0.77
23 2 Car -1 -1 -1 646.99 168.56 677.80 196.99 -1 -1 -1 -1000 -1000 -1000 -10 0.66
24 2 Car -1 -1 -1 647.90 170.74 677.64 198.92 -1 -1 -1 -1000 -1000 -1000 -10 0.55
25 2 Car -1 -1 -1 646.43 170.31 679.35 199.44 -1 -1 -1 -1000 -1000 -1000 -10 0.52
26 2 Car -1 -1 -1 647.07 168.04 679.30 196.89 -1 -1 -1 -1000 -1000 -1000 -10 0.69
27 2 Car -1 -1 -1 647.46 167.18 681.15 195.91 -1 -1 -1 -1000 -1000 -1000 -10 0.74
28 2 Car -1 -1 -1 647.00 167.81 682.26 196.79 -1 -1 -1 -1000 -1000 -1000 -10 0.81
29 2 Car -1 -1 -1 646.93 169.24 683.43 198.82 -1 -1 -1 -1000 -1000 -1000 -10 0.73
30 2 Car -1 -1 -1 648.54 167.87 683.29 198.38 -1 -1 -1 -1000 -1000 -1000 -10 0.73
31 2 Car -1 -1 -1 648.50 169.23 683.24 198.85 -1 -1 -1 -1000 -1000 -1000 -10 0.73
32 2 Car -1 -1 -1 649.33 168.57 683.50 199.43 -1 -1 -1 -1000 -1000 -1000 -10 0.70
33 2 Car -1 -1 -1 650.17 168.23 683.42 197.30 -1 -1 -1 -1000 -1000 -1000 -10 0.76
34 2 Car -1 -1 -1 650.49 168.38 683.75 197.25 -1 -1 -1 -1000 -1000 -1000 -10 0.64
35 2 Car -1 -1 -1 650.19 169.24 686.26 198.89 -1 -1 -1 -1000 -1000 -1000 -10 0.64
36 2 Car -1 -1 -1 650.23 169.44 686.80 199.28 -1 -1 -1 -1000 -1000 -1000 -10 0.76
37 2 Car -1 -1 -1 650.55 168.84 687.54 199.50 -1 -1 -1 -1000 -1000 -1000 -10 0.73
38 2 Car -1 -1 -1 651.10 167.31 688.22 198.93 -1 -1 -1 -1000 -1000 -1000 -10 0.73
39 2 Car -1 -1 -1 651.34 167.48 688.90 198.38 -1 -1 -1 -1000 -1000 -1000 -10 0.77
40 2 Car -1 -1 -1 650.42 167.72 689.07 197.53 -1 -1 -1 -1000 -1000 -1000 -10 0.82
41 2 Car -1 -1 -1 651.02 167.59 687.93 198.08 -1 -1 -1 -1000 -1000 -1000 -10 0.80
42 2 Car -1 -1 -1 650.96 167.86 687.16 198.10 -1 -1 -1 -1000 -1000 -1000 -10 0.76
42 3 Car -1 -1 -1 700.49 167.82 724.49 182.67 -1 -1 -1 -1000 -1000 -1000 -10 0.46
43 2 Car -1 -1 -1 651.51 166.97 687.85 196.70 -1 -1 -1 -1000 -1000 -1000 -10 0.84
43 3 Car -1 -1 -1 693.10 168.61 722.17 181.61 -1 -1 -1 -1000 -1000 -1000 -10 0.57
44 2 Car -1 -1 -1 651.73 167.32 688.04 196.53 -1 -1 -1 -1000 -1000 -1000 -10 0.84
44 3 Car -1 -1 -1 689.12 168.09 713.31 182.45 -1 -1 -1 -1000 -1000 -1000 -10 0.50
45 2 Car -1 -1 -1 650.97 167.97 688.53 198.25 -1 -1 -1 -1000 -1000 -1000 -10 0.76
45 3 Car -1 -1 -1 682.96 169.34 710.20 185.25 -1 -1 -1 -1000 -1000 -1000 -10 0.48
46 2 Car -1 -1 -1 650.88 170.30 689.67 199.85 -1 -1 -1 -1000 -1000 -1000 -10 0.86
47 2 Car -1 -1 -1 651.59 170.08 690.08 200.25 -1 -1 -1 -1000 -1000 -1000 -10 0.78
48 2 Car -1 -1 -1 652.53 167.37 691.42 198.69 -1 -1 -1 -1000 -1000 -1000 -10 0.59
49 2 Car -1 -1 -1 655.11 166.94 691.13 197.17 -1 -1 -1 -1000 -1000 -1000 -10 0.87
50 2 Car -1 -1 -1 652.67 168.43 693.54 197.72 -1 -1 -1 -1000 -1000 -1000 -10 0.77
51 2 Car -1 -1 -1 656.49 169.80 692.90 200.23 -1 -1 -1 -1000 -1000 -1000 -10 0.74
51 4 Car -1 -1 -1 643.91 175.79 670.39 193.85 -1 -1 -1 -1000 -1000 -1000 -10 0.56
52 2 Car -1 -1 -1 659.80 171.15 694.04 201.43 -1 -1 -1 -1000 -1000 -1000 -10 0.87
52 4 Car -1 -1 -1 634.24 176.43 667.61 195.17 -1 -1 -1 -1000 -1000 -1000 -10 0.70
53 4 Car -1 -1 -1 624.97 178.58 659.13 199.39 -1 -1 -1 -1000 -1000 -1000 -10 0.83
53 2 Car -1 -1 -1 659.48 172.29 695.71 203.93 -1 -1 -1 -1000 -1000 -1000 -10 0.81
54 2 Car -1 -1 -1 660.40 172.12 695.50 204.39 -1 -1 -1 -1000 -1000 -1000 -10 0.82
54 4 Car -1 -1 -1 617.27 179.04 651.34 200.47 -1 -1 -1 -1000 -1000 -1000 -10 0.80
55 2 Car -1 -1 -1 661.22 168.95 695.34 201.54 -1 -1 -1 -1000 -1000 -1000 -10 0.86
55 4 Car -1 -1 -1 607.14 174.90 645.03 199.02 -1 -1 -1 -1000 -1000 -1000 -10 0.69
56 2 Car -1 -1 -1 661.13 166.10 695.15 198.37 -1 -1 -1 -1000 -1000 -1000 -10 0.85
56 4 Car -1 -1 -1 596.72 172.53 635.45 198.29 -1 -1 -1 -1000 -1000 -1000 -10 0.81
57 2 Car -1 -1 -1 660.44 166.01 694.26 196.87 -1 -1 -1 -1000 -1000 -1000 -10 0.86
57 4 Car -1 -1 -1 585.09 172.70 627.75 200.25 -1 -1 -1 -1000 -1000 -1000 -10 0.83
58 4 Car -1 -1 -1 573.76 175.21 618.34 204.72 -1 -1 -1 -1000 -1000 -1000 -10 0.89
58 2 Car -1 -1 -1 660.71 166.93 695.28 197.99 -1 -1 -1 -1000 -1000 -1000 -10 0.84
59 4 Car -1 -1 -1 559.83 176.87 608.92 210.81 -1 -1 -1 -1000 -1000 -1000 -10 0.88
59 2 Car -1 -1 -1 660.18 168.62 694.08 200.14 -1 -1 -1 -1000 -1000 -1000 -10 0.81
60 2 Car -1 -1 -1 660.46 169.23 693.70 200.17 -1 -1 -1 -1000 -1000 -1000 -10 0.83
60 4 Car -1 -1 -1 544.88 178.42 597.83 213.40 -1 -1 -1 -1000 -1000 -1000 -10 0.79
61 4 Car -1 -1 -1 526.69 178.62 586.03 217.68 -1 -1 -1 -1000 -1000 -1000 -10 0.88
61 2 Car -1 -1 -1 658.85 168.84 694.16 200.46 -1 -1 -1 -1000 -1000 -1000 -10 0.84
62 4 Car -1 -1 -1 506.36 178.60 574.37 222.20 -1 -1 -1 -1000 -1000 -1000 -10 0.87
62 2 Car -1 -1 -1 657.62 168.11 695.37 200.56 -1 -1 -1 -1000 -1000 -1000 -10 0.76
63 4 Car -1 -1 -1 482.61 179.06 559.53 229.30 -1 -1 -1 -1000 -1000 -1000 -10 0.89
63 2 Car -1 -1 -1 657.39 168.25 695.19 200.52 -1 -1 -1 -1000 -1000 -1000 -10 0.78
64 4 Car -1 -1 -1 451.95 180.08 543.48 238.69 -1 -1 -1 -1000 -1000 -1000 -10 0.88
64 2 Car -1 -1 -1 656.44 169.82 693.14 200.91 -1 -1 -1 -1000 -1000 -1000 -10 0.75
65 4 Car -1 -1 -1 412.00 183.80 523.86 251.04 -1 -1 -1 -1000 -1000 -1000 -10 0.92
65 2 Car -1 -1 -1 656.74 171.38 695.01 202.57 -1 -1 -1 -1000 -1000 -1000 -10 0.61
66 4 Car -1 -1 -1 351.92 187.15 499.26 269.31 -1 -1 -1 -1000 -1000 -1000 -10 0.92
66 2 Car -1 -1 -1 656.58 172.81 695.20 203.38 -1 -1 -1 -1000 -1000 -1000 -10 0.70
67 4 Car -1 -1 -1 269.88 189.48 470.63 297.62 -1 -1 -1 -1000 -1000 -1000 -10 0.90
67 2 Car -1 -1 -1 656.68 170.97 695.82 202.56 -1 -1 -1 -1000 -1000 -1000 -10 0.82
68 4 Car -1 -1 -1 107.16 187.75 424.44 355.06 -1 -1 -1 -1000 -1000 -1000 -10 0.93
68 2 Car -1 -1 -1 656.33 169.42 696.28 201.79 -1 -1 -1 -1000 -1000 -1000 -10 0.87
69 4 Car -1 -1 -1 -3.59 192.77 349.40 372.68 -1 -1 -1 -1000 -1000 -1000 -10 0.96
69 2 Car -1 -1 -1 655.94 168.42 696.72 202.09 -1 -1 -1 -1000 -1000 -1000 -10 0.86
70 2 Car -1 -1 -1 657.82 167.96 697.23 201.86 -1 -1 -1 -1000 -1000 -1000 -10 0.89
70 4 Car -1 -1 -1 2.13 197.19 196.31 368.43 -1 -1 -1 -1000 -1000 -1000 -10 0.72
71 2 Car -1 -1 -1 659.86 168.28 696.73 201.09 -1 -1 -1 -1000 -1000 -1000 -10 0.84
72 2 Car -1 -1 -1 660.39 167.87 696.36 201.24 -1 -1 -1 -1000 -1000 -1000 -10 0.82
73 2 Car -1 -1 -1 661.04 166.04 696.30 198.97 -1 -1 -1 -1000 -1000 -1000 -10 0.83
74 2 Car -1 -1 -1 659.87 163.11 697.45 197.41 -1 -1 -1 -1000 -1000 -1000 -10 0.71
75 2 Car -1 -1 -1 660.63 163.96 699.42 196.54 -1 -1 -1 -1000 -1000 -1000 -10 0.77
76 2 Car -1 -1 -1 661.36 165.82 699.78 199.31 -1 -1 -1 -1000 -1000 -1000 -10 0.86
77 2 Car -1 -1 -1 662.04 168.53 699.83 202.05 -1 -1 -1 -1000 -1000 -1000 -10 0.87
78 2 Car -1 -1 -1 662.50 170.05 700.60 202.53 -1 -1 -1 -1000 -1000 -1000 -10 0.89
79 2 Car -1 -1 -1 663.69 169.11 699.98 202.65 -1 -1 -1 -1000 -1000 -1000 -10 0.89
80 2 Car -1 -1 -1 663.94 167.44 699.59 201.42 -1 -1 -1 -1000 -1000 -1000 -10 0.84
81 2 Car -1 -1 -1 662.96 164.80 698.67 198.35 -1 -1 -1 -1000 -1000 -1000 -10 0.88
82 2 Car -1 -1 -1 661.43 160.36 698.02 195.38 -1 -1 -1 -1000 -1000 -1000 -10 0.80
83 2 Car -1 -1 -1 660.11 160.92 697.21 195.12 -1 -1 -1 -1000 -1000 -1000 -10 0.84
84 2 Car -1 -1 -1 659.44 164.83 697.86 198.34 -1 -1 -1 -1000 -1000 -1000 -10 0.83
85 2 Car -1 -1 -1 657.55 168.66 698.54 204.33 -1 -1 -1 -1000 -1000 -1000 -10 0.87
86 2 Car -1 -1 -1 657.95 173.43 697.18 206.92 -1 -1 -1 -1000 -1000 -1000 -10 0.89
87 2 Car -1 -1 -1 656.10 167.90 693.65 202.95 -1 -1 -1 -1000 -1000 -1000 -10 0.77
88 2 Car -1 -1 -1 655.36 164.35 692.51 198.45 -1 -1 -1 -1000 -1000 -1000 -10 0.89
89 2 Car -1 -1 -1 654.12 164.25 690.77 197.26 -1 -1 -1 -1000 -1000 -1000 -10 0.85
90 2 Car -1 -1 -1 651.50 164.08 690.35 198.83 -1 -1 -1 -1000 -1000 -1000 -10 0.81
91 2 Car -1 -1 -1 651.31 163.96 690.26 199.30 -1 -1 -1 -1000 -1000 -1000 -10 0.83
92 2 Car -1 -1 -1 649.20 162.58 692.14 199.28 -1 -1 -1 -1000 -1000 -1000 -10 0.84
93 2 Car -1 -1 -1 648.50 166.79 690.22 202.22 -1 -1 -1 -1000 -1000 -1000 -10 0.78
94 2 Car -1 -1 -1 647.40 171.29 690.95 206.51 -1 -1 -1 -1000 -1000 -1000 -10 0.80
95 2 Car -1 -1 -1 647.44 172.73 689.39 207.43 -1 -1 -1 -1000 -1000 -1000 -10 0.75
96 2 Car -1 -1 -1 645.76 171.76 688.34 206.52 -1 -1 -1 -1000 -1000 -1000 -10 0.76
97 2 Car -1 -1 -1 645.89 168.48 687.51 205.02 -1 -1 -1 -1000 -1000 -1000 -10 0.77
98 2 Car -1 -1 -1 644.25 167.64 688.25 204.26 -1 -1 -1 -1000 -1000 -1000 -10 0.86
99 2 Car -1 -1 -1 642.53 167.31 687.05 203.88 -1 -1 -1 -1000 -1000 -1000 -10 0.78
100 2 Car -1 -1 -1 640.36 167.40 685.10 203.45 -1 -1 -1 -1000 -1000 -1000 -10 0.68
101 2 Car -1 -1 -1 640.01 166.60 684.18 203.65 -1 -1 -1 -1000 -1000 -1000 -10 0.66
102 2 Car -1 -1 -1 638.39 168.09 683.75 203.91 -1 -1 -1 -1000 -1000 -1000 -10 0.81
103 2 Car -1 -1 -1 637.12 170.17 680.48 209.21 -1 -1 -1 -1000 -1000 -1000 -10 0.73
104 2 Car -1 -1 -1 635.55 173.77 681.73 212.02 -1 -1 -1 -1000 -1000 -1000 -10 0.72
105 2 Car -1 -1 -1 635.90 171.75 679.30 209.18 -1 -1 -1 -1000 -1000 -1000 -10 0.77
106 2 Car -1 -1 -1 632.97 169.73 677.50 208.38 -1 -1 -1 -1000 -1000 -1000 -10 0.76
107 2 Car -1 -1 -1 632.85 166.80 676.66 206.19 -1 -1 -1 -1000 -1000 -1000 -10 0.85
108 2 Car -1 -1 -1 631.31 166.95 675.99 205.18 -1 -1 -1 -1000 -1000 -1000 -10 0.86
109 2 Car -1 -1 -1 630.43 168.16 675.05 205.46 -1 -1 -1 -1000 -1000 -1000 -10 0.71
110 2 Car -1 -1 -1 629.58 168.53 675.95 207.68 -1 -1 -1 -1000 -1000 -1000 -10 0.70
111 2 Car -1 -1 -1 628.42 168.60 674.00 208.16 -1 -1 -1 -1000 -1000 -1000 -10 0.82
112 2 Car -1 -1 -1 628.96 170.25 671.85 209.01 -1 -1 -1 -1000 -1000 -1000 -10 0.88
113 2 Car -1 -1 -1 627.89 172.62 672.64 211.25 -1 -1 -1 -1000 -1000 -1000 -10 0.82
114 2 Car -1 -1 -1 628.23 172.61 672.74 211.30 -1 -1 -1 -1000 -1000 -1000 -10 0.84
115 2 Car -1 -1 -1 629.11 170.87 672.84 209.60 -1 -1 -1 -1000 -1000 -1000 -10 0.89
116 2 Car -1 -1 -1 628.86 169.37 671.33 207.79 -1 -1 -1 -1000 -1000 -1000 -10 0.90
117 2 Car -1 -1 -1 627.76 169.08 671.50 207.53 -1 -1 -1 -1000 -1000 -1000 -10 0.88
118 2 Car -1 -1 -1 626.74 169.24 671.39 209.81 -1 -1 -1 -1000 -1000 -1000 -10 0.90
119 2 Car -1 -1 -1 625.22 172.84 670.03 213.42 -1 -1 -1 -1000 -1000 -1000 -10 0.83
120 2 Car -1 -1 -1 625.30 173.01 670.15 214.48 -1 -1 -1 -1000 -1000 -1000 -10 0.82
121 2 Car -1 -1 -1 625.44 172.16 669.97 212.70 -1 -1 -1 -1000 -1000 -1000 -10 0.79
122 2 Car -1 -1 -1 624.89 169.38 668.13 210.29 -1 -1 -1 -1000 -1000 -1000 -10 0.91
123 2 Car -1 -1 -1 623.09 169.11 667.32 211.52 -1 -1 -1 -1000 -1000 -1000 -10 0.88
124 2 Car -1 -1 -1 621.08 169.42 666.67 211.11 -1 -1 -1 -1000 -1000 -1000 -10 0.81
125 2 Car -1 -1 -1 620.78 169.41 665.66 210.65 -1 -1 -1 -1000 -1000 -1000 -10 0.91
126 2 Car -1 -1 -1 618.77 168.26 664.69 210.34 -1 -1 -1 -1000 -1000 -1000 -10 0.92
127 2 Car -1 -1 -1 616.07 168.15 662.53 211.15 -1 -1 -1 -1000 -1000 -1000 -10 0.91
128 2 Car -1 -1 -1 614.05 171.78 661.03 216.21 -1 -1 -1 -1000 -1000 -1000 -10 0.90
129 2 Car -1 -1 -1 613.88 174.57 660.23 220.10 -1 -1 -1 -1000 -1000 -1000 -10 0.84
130 2 Car -1 -1 -1 613.35 175.84 658.71 217.49 -1 -1 -1 -1000 -1000 -1000 -10 0.86
130 5 Car -1 -1 -1 603.02 179.92 627.39 197.07 -1 -1 -1 -1000 -1000 -1000 -10 0.45
131 2 Car -1 -1 -1 611.15 171.32 659.13 214.55 -1 -1 -1 -1000 -1000 -1000 -10 0.93
131 5 Car -1 -1 -1 597.42 176.01 624.00 195.16 -1 -1 -1 -1000 -1000 -1000 -10 0.71
132 2 Car -1 -1 -1 611.86 168.36 658.19 212.24 -1 -1 -1 -1000 -1000 -1000 -10 0.91
132 5 Car -1 -1 -1 590.20 174.43 617.80 193.69 -1 -1 -1 -1000 -1000 -1000 -10 0.57
133 2 Car -1 -1 -1 610.12 167.98 658.54 213.03 -1 -1 -1 -1000 -1000 -1000 -10 0.91
133 5 Car -1 -1 -1 583.16 174.72 610.96 195.07 -1 -1 -1 -1000 -1000 -1000 -10 0.62
134 2 Car -1 -1 -1 608.43 171.64 658.67 217.22 -1 -1 -1 -1000 -1000 -1000 -10 0.88
134 5 Car -1 -1 -1 574.43 178.10 606.83 200.71 -1 -1 -1 -1000 -1000 -1000 -10 0.77
135 2 Car -1 -1 -1 607.35 173.71 656.90 218.44 -1 -1 -1 -1000 -1000 -1000 -10 0.82
135 5 Car -1 -1 -1 567.45 178.19 600.31 202.61 -1 -1 -1 -1000 -1000 -1000 -10 0.77
136 2 Car -1 -1 -1 607.41 170.49 656.03 215.69 -1 -1 -1 -1000 -1000 -1000 -10 0.93
136 5 Car -1 -1 -1 559.22 177.56 591.60 201.41 -1 -1 -1 -1000 -1000 -1000 -10 0.79
137 2 Car -1 -1 -1 606.43 169.65 655.02 214.76 -1 -1 -1 -1000 -1000 -1000 -10 0.91
137 5 Car -1 -1 -1 550.55 177.06 585.19 202.62 -1 -1 -1 -1000 -1000 -1000 -10 0.82
138 2 Car -1 -1 -1 605.43 169.17 655.17 215.82 -1 -1 -1 -1000 -1000 -1000 -10 0.92
138 5 Car -1 -1 -1 538.57 178.27 577.67 206.29 -1 -1 -1 -1000 -1000 -1000 -10 0.74
139 2 Car -1 -1 -1 604.37 170.17 654.29 218.46 -1 -1 -1 -1000 -1000 -1000 -10 0.84
139 5 Car -1 -1 -1 525.45 178.53 570.53 210.82 -1 -1 -1 -1000 -1000 -1000 -10 0.62
140 2 Car -1 -1 -1 603.54 173.54 653.20 219.90 -1 -1 -1 -1000 -1000 -1000 -10 0.84
140 5 Car -1 -1 -1 512.52 181.75 560.26 215.41 -1 -1 -1 -1000 -1000 -1000 -10 0.66
141 2 Car -1 -1 -1 603.34 174.06 652.25 219.22 -1 -1 -1 -1000 -1000 -1000 -10 0.92
141 5 Car -1 -1 -1 497.29 182.50 547.56 219.72 -1 -1 -1 -1000 -1000 -1000 -10 0.89
142 2 Car -1 -1 -1 601.21 171.00 651.97 217.71 -1 -1 -1 -1000 -1000 -1000 -10 0.90
142 5 Car -1 -1 -1 477.28 181.06 536.95 223.60 -1 -1 -1 -1000 -1000 -1000 -10 0.85
143 2 Car -1 -1 -1 600.40 171.17 652.06 218.20 -1 -1 -1 -1000 -1000 -1000 -10 0.87
143 5 Car -1 -1 -1 454.74 183.42 525.00 232.28 -1 -1 -1 -1000 -1000 -1000 -10 0.85
144 2 Car -1 -1 -1 599.97 170.94 652.25 218.08 -1 -1 -1 -1000 -1000 -1000 -10 0.89
144 5 Car -1 -1 -1 424.28 184.51 508.65 240.95 -1 -1 -1 -1000 -1000 -1000 -10 0.87
145 2 Car -1 -1 -1 601.65 170.35 652.19 215.21 -1 -1 -1 -1000 -1000 -1000 -10 0.93
145 5 Car -1 -1 -1 382.55 184.73 489.11 250.63 -1 -1 -1 -1000 -1000 -1000 -10 0.88
146 5 Car -1 -1 -1 324.89 186.48 461.32 270.20 -1 -1 -1 -1000 -1000 -1000 -10 0.89
146 2 Car -1 -1 -1 603.06 168.97 652.07 214.98 -1 -1 -1 -1000 -1000 -1000 -10 0.86
147 5 Car -1 -1 -1 227.75 189.96 420.22 298.80 -1 -1 -1 -1000 -1000 -1000 -10 0.89
147 2 Car -1 -1 -1 602.37 168.72 652.81 215.38 -1 -1 -1 -1000 -1000 -1000 -10 0.86
148 5 Car -1 -1 -1 33.36 191.76 358.31 365.68 -1 -1 -1 -1000 -1000 -1000 -10 0.92
148 2 Car -1 -1 -1 601.52 169.15 653.61 216.70 -1 -1 -1 -1000 -1000 -1000 -10 0.92
149 5 Car -1 -1 -1 -1.19 208.35 245.35 365.44 -1 -1 -1 -1000 -1000 -1000 -10 0.95
149 2 Car -1 -1 -1 601.09 169.39 654.00 218.89 -1 -1 -1 -1000 -1000 -1000 -10 0.92
150 2 Car -1 -1 -1 601.42 169.74 653.57 218.28 -1 -1 -1 -1000 -1000 -1000 -10 0.92
151 2 Car -1 -1 -1 601.75 167.99 652.42 216.17 -1 -1 -1 -1000 -1000 -1000 -10 0.90
152 2 Car -1 -1 -1 602.52 166.18 652.43 215.24 -1 -1 -1 -1000 -1000 -1000 -10 0.87
153 2 Car -1 -1 -1 601.02 166.69 654.34 217.95 -1 -1 -1 -1000 -1000 -1000 -10 0.91
154 2 Car -1 -1 -1 600.31 171.02 655.46 222.83 -1 -1 -1 -1000 -1000 -1000 -10 0.92
155 2 Car -1 -1 -1 599.74 172.71 655.99 227.93 -1 -1 -1 -1000 -1000 -1000 -10 0.91
156 2 Car -1 -1 -1 598.52 173.17 654.59 226.66 -1 -1 -1 -1000 -1000 -1000 -10 0.91
157 2 Car -1 -1 -1 599.99 171.74 654.68 224.86 -1 -1 -1 -1000 -1000 -1000 -10 0.91
158 2 Car -1 -1 -1 599.71 171.11 655.90 224.03 -1 -1 -1 -1000 -1000 -1000 -10 0.93
159 2 Car -1 -1 -1 598.51 169.96 655.83 224.62 -1 -1 -1 -1000 -1000 -1000 -10 0.94
160 2 Car -1 -1 -1 598.63 170.01 656.27 225.35 -1 -1 -1 -1000 -1000 -1000 -10 0.94
161 2 Car -1 -1 -1 597.21 170.52 656.34 226.33 -1 -1 -1 -1000 -1000 -1000 -10 0.91
162 2 Car -1 -1 -1 597.12 171.84 654.83 227.71 -1 -1 -1 -1000 -1000 -1000 -10 0.87
163 2 Car -1 -1 -1 596.32 170.54 654.49 225.42 -1 -1 -1 -1000 -1000 -1000 -10 0.85
164 2 Car -1 -1 -1 595.02 168.03 652.98 223.67 -1 -1 -1 -1000 -1000 -1000 -10 0.87
165 2 Car -1 -1 -1 594.26 166.66 652.21 221.81 -1 -1 -1 -1000 -1000 -1000 -10 0.93
166 2 Car -1 -1 -1 593.15 167.48 651.20 221.64 -1 -1 -1 -1000 -1000 -1000 -10 0.89
167 2 Car -1 -1 -1 593.20 169.84 650.38 224.77 -1 -1 -1 -1000 -1000 -1000 -10 0.93
168 2 Car -1 -1 -1 592.31 170.86 648.72 226.21 -1 -1 -1 -1000 -1000 -1000 -10 0.79
169 2 Car -1 -1 -1 592.38 171.23 647.60 225.48 -1 -1 -1 -1000 -1000 -1000 -10 0.89
170 2 Car -1 -1 -1 590.60 168.72 647.36 224.04 -1 -1 -1 -1000 -1000 -1000 -10 0.93
171 2 Car -1 -1 -1 588.52 166.28 647.66 222.89 -1 -1 -1 -1000 -1000 -1000 -10 0.88
172 2 Car -1 -1 -1 586.26 168.30 646.35 225.75 -1 -1 -1 -1000 -1000 -1000 -10 0.92
173 2 Car -1 -1 -1 585.49 168.56 645.65 225.54 -1 -1 -1 -1000 -1000 -1000 -10 0.94
174 2 Car -1 -1 -1 585.59 168.82 644.94 225.74 -1 -1 -1 -1000 -1000 -1000 -10 0.95
175 2 Car -1 -1 -1 585.26 168.79 643.57 225.18 -1 -1 -1 -1000 -1000 -1000 -10 0.94
176 2 Car -1 -1 -1 583.29 169.35 641.97 226.50 -1 -1 -1 -1000 -1000 -1000 -10 0.89
177 2 Car -1 -1 -1 582.21 169.62 642.42 227.36 -1 -1 -1 -1000 -1000 -1000 -10 0.89
178 2 Car -1 -1 -1 581.67 169.30 641.81 227.58 -1 -1 -1 -1000 -1000 -1000 -10 0.91
179 2 Car -1 -1 -1 582.29 168.85 642.38 225.80 -1 -1 -1 -1000 -1000 -1000 -10 0.93
180 2 Car -1 -1 -1 579.72 165.90 642.51 223.26 -1 -1 -1 -1000 -1000 -1000 -10 0.91
181 2 Car -1 -1 -1 579.46 165.31 643.11 223.47 -1 -1 -1 -1000 -1000 -1000 -10 0.93
182 2 Car -1 -1 -1 580.35 166.52 643.49 225.32 -1 -1 -1 -1000 -1000 -1000 -10 0.90
183 2 Car -1 -1 -1 580.86 168.55 644.45 226.01 -1 -1 -1 -1000 -1000 -1000 -10 0.91
184 2 Car -1 -1 -1 581.19 171.01 644.20 228.87 -1 -1 -1 -1000 -1000 -1000 -10 0.84
185 2 Car -1 -1 -1 582.78 172.23 644.69 228.77 -1 -1 -1 -1000 -1000 -1000 -10 0.88
186 2 Car -1 -1 -1 584.90 171.99 644.95 230.29 -1 -1 -1 -1000 -1000 -1000 -10 0.94
187 2 Car -1 -1 -1 583.97 172.28 647.00 230.14 -1 -1 -1 -1000 -1000 -1000 -10 0.94
188 2 Car -1 -1 -1 584.34 171.81 646.36 229.20 -1 -1 -1 -1000 -1000 -1000 -10 0.94
189 2 Car -1 -1 -1 585.02 171.22 647.75 228.74 -1 -1 -1 -1000 -1000 -1000 -10 0.88
190 2 Car -1 -1 -1 585.21 168.44 647.30 227.16 -1 -1 -1 -1000 -1000 -1000 -10 0.93
191 2 Car -1 -1 -1 585.20 168.39 647.59 227.80 -1 -1 -1 -1000 -1000 -1000 -10 0.90
192 2 Car -1 -1 -1 586.57 171.00 649.06 229.41 -1 -1 -1 -1000 -1000 -1000 -10 0.88
193 2 Car -1 -1 -1 585.05 170.51 651.60 229.64 -1 -1 -1 -1000 -1000 -1000 -10 0.93
194 2 Car -1 -1 -1 586.97 167.08 649.02 226.04 -1 -1 -1 -1000 -1000 -1000 -10 0.89
195 2 Car -1 -1 -1 588.06 163.72 651.55 222.96 -1 -1 -1 -1000 -1000 -1000 -10 0.92
196 2 Car -1 -1 -1 588.52 167.21 649.54 225.66 -1 -1 -1 -1000 -1000 -1000 -10 0.91
197 2 Car -1 -1 -1 588.01 171.52 650.19 229.55 -1 -1 -1 -1000 -1000 -1000 -10 0.92
198 2 Car -1 -1 -1 591.55 173.97 648.20 229.46 -1 -1 -1 -1000 -1000 -1000 -10 0.87
199 2 Car -1 -1 -1 591.97 173.02 648.22 228.20 -1 -1 -1 -1000 -1000 -1000 -10 0.86
200 2 Car -1 -1 -1 590.19 171.76 649.38 224.86 -1 -1 -1 -1000 -1000 -1000 -10 0.83
201 2 Car -1 -1 -1 589.93 170.00 650.26 225.63 -1 -1 -1 -1000 -1000 -1000 -10 0.87
202 2 Car -1 -1 -1 588.92 170.87 650.21 224.71 -1 -1 -1 -1000 -1000 -1000 -10 0.83
203 2 Car -1 -1 -1 593.01 171.31 651.13 223.48 -1 -1 -1 -1000 -1000 -1000 -10 0.80
204 2 Car -1 -1 -1 594.18 170.46 649.92 225.89 -1 -1 -1 -1000 -1000 -1000 -10 0.83
205 2 Car -1 -1 -1 595.71 173.08 648.45 227.88 -1 -1 -1 -1000 -1000 -1000 -10 0.84
206 2 Car -1 -1 -1 592.56 172.94 647.49 227.97 -1 -1 -1 -1000 -1000 -1000 -10 0.83
207 2 Car -1 -1 -1 588.95 172.73 649.22 227.42 -1 -1 -1 -1000 -1000 -1000 -10 0.85
208 2 Car -1 -1 -1 590.11 172.84 647.76 227.99 -1 -1 -1 -1000 -1000 -1000 -10 0.86
209 2 Car -1 -1 -1 590.32 173.08 646.53 227.12 -1 -1 -1 -1000 -1000 -1000 -10 0.84
210 2 Car -1 -1 -1 586.90 172.49 649.33 223.48 -1 -1 -1 -1000 -1000 -1000 -10 0.72
211 2 Car -1 -1 -1 583.70 171.69 647.09 223.48 -1 -1 -1 -1000 -1000 -1000 -10 0.77
212 2 Car -1 -1 -1 582.67 169.43 646.61 226.06 -1 -1 -1 -1000 -1000 -1000 -10 0.80
213 2 Car -1 -1 -1 584.04 173.33 645.29 228.72 -1 -1 -1 -1000 -1000 -1000 -10 0.85
214 2 Car -1 -1 -1 584.56 171.95 643.78 229.12 -1 -1 -1 -1000 -1000 -1000 -10 0.83
215 2 Car -1 -1 -1 583.82 171.01 645.28 229.31 -1 -1 -1 -1000 -1000 -1000 -10 0.91
216 2 Car -1 -1 -1 583.67 167.99 644.63 225.86 -1 -1 -1 -1000 -1000 -1000 -10 0.89
217 2 Car -1 -1 -1 584.04 168.24 644.45 226.15 -1 -1 -1 -1000 -1000 -1000 -10 0.92
218 2 Car -1 -1 -1 581.41 168.96 643.19 227.42 -1 -1 -1 -1000 -1000 -1000 -10 0.90
219 2 Car -1 -1 -1 582.21 171.17 641.79 229.02 -1 -1 -1 -1000 -1000 -1000 -10 0.90
220 2 Car -1 -1 -1 582.62 170.12 640.87 226.51 -1 -1 -1 -1000 -1000 -1000 -10 0.89
221 2 Car -1 -1 -1 582.58 168.92 642.34 225.13 -1 -1 -1 -1000 -1000 -1000 -10 0.93
222 2 Car -1 -1 -1 581.13 168.18 642.00 225.38 -1 -1 -1 -1000 -1000 -1000 -10 0.93
223 2 Car -1 -1 -1 580.45 168.70 644.27 226.04 -1 -1 -1 -1000 -1000 -1000 -10 0.91
224 2 Car -1 -1 -1 581.20 169.88 642.20 226.48 -1 -1 -1 -1000 -1000 -1000 -10 0.92
225 2 Car -1 -1 -1 581.98 172.58 642.32 228.99 -1 -1 -1 -1000 -1000 -1000 -10 0.93
226 2 Car -1 -1 -1 582.90 172.97 641.64 229.34 -1 -1 -1 -1000 -1000 -1000 -10 0.92
227 2 Car -1 -1 -1 583.36 173.27 641.28 230.07 -1 -1 -1 -1000 -1000 -1000 -10 0.90
228 2 Car -1 -1 -1 579.38 173.71 641.91 230.84 -1 -1 -1 -1000 -1000 -1000 -10 0.91
229 2 Car -1 -1 -1 581.88 173.94 641.55 230.00 -1 -1 -1 -1000 -1000 -1000 -10 0.92
230 2 Car -1 -1 -1 581.55 172.11 642.15 228.05 -1 -1 -1 -1000 -1000 -1000 -10 0.92
231 2 Car -1 -1 -1 581.73 169.82 641.41 226.71 -1 -1 -1 -1000 -1000 -1000 -10 0.92
232 2 Car -1 -1 -1 582.61 170.16 641.79 225.81 -1 -1 -1 -1000 -1000 -1000 -10 0.92
233 2 Car -1 -1 -1 583.26 170.56 641.05 226.05 -1 -1 -1 -1000 -1000 -1000 -10 0.90
234 2 Car -1 -1 -1 582.19 172.31 642.37 229.04 -1 -1 -1 -1000 -1000 -1000 -10 0.91
235 2 Car -1 -1 -1 582.60 173.24 642.50 229.85 -1 -1 -1 -1000 -1000 -1000 -10 0.87
236 2 Car -1 -1 -1 582.82 173.54 642.36 229.85 -1 -1 -1 -1000 -1000 -1000 -10 0.90
237 2 Car -1 -1 -1 581.83 173.36 643.24 229.62 -1 -1 -1 -1000 -1000 -1000 -10 0.87
238 2 Car -1 -1 -1 585.35 173.26 642.26 230.37 -1 -1 -1 -1000 -1000 -1000 -10 0.87
239 2 Car -1 -1 -1 582.93 174.07 640.72 229.98 -1 -1 -1 -1000 -1000 -1000 -10 0.92
240 2 Car -1 -1 -1 583.24 174.15 639.98 229.78 -1 -1 -1 -1000 -1000 -1000 -10 0.91
241 2 Car -1 -1 -1 582.54 173.39 641.29 227.10 -1 -1 -1 -1000 -1000 -1000 -10 0.91
242 2 Car -1 -1 -1 582.00 169.83 640.96 226.34 -1 -1 -1 -1000 -1000 -1000 -10 0.91
243 2 Car -1 -1 -1 577.87 170.36 638.81 223.64 -1 -1 -1 -1000 -1000 -1000 -10 0.90
244 2 Car -1 -1 -1 574.89 169.17 640.11 225.03 -1 -1 -1 -1000 -1000 -1000 -10 0.91
245 2 Car -1 -1 -1 575.45 169.30 638.44 226.77 -1 -1 -1 -1000 -1000 -1000 -10 0.93
246 2 Car -1 -1 -1 574.67 170.19 638.05 229.42 -1 -1 -1 -1000 -1000 -1000 -10 0.86
247 2 Car -1 -1 -1 571.27 167.48 635.75 228.46 -1 -1 -1 -1000 -1000 -1000 -10 0.94
248 2 Car -1 -1 -1 568.95 167.89 632.54 227.75 -1 -1 -1 -1000 -1000 -1000 -10 0.88
248 6 Cyclist -1 -1 -1 695.45 162.91 720.12 208.79 -1 -1 -1 -1000 -1000 -1000 -10 0.48
249 2 Car -1 -1 -1 566.75 169.58 633.21 231.23 -1 -1 -1 -1000 -1000 -1000 -10 0.92
249 6 Cyclist -1 -1 -1 698.81 166.77 724.22 211.77 -1 -1 -1 -1000 -1000 -1000 -10 0.65
250 2 Car -1 -1 -1 566.07 170.17 632.40 230.44 -1 -1 -1 -1000 -1000 -1000 -10 0.92
250 6 Cyclist -1 -1 -1 702.83 164.49 729.16 215.12 -1 -1 -1 -1000 -1000 -1000 -10 0.62
251 2 Car -1 -1 -1 565.82 168.84 631.03 228.05 -1 -1 -1 -1000 -1000 -1000 -10 0.85
251 6 Cyclist -1 -1 -1 705.20 167.26 734.54 211.74 -1 -1 -1 -1000 -1000 -1000 -10 0.48
252 2 Car -1 -1 -1 563.55 169.07 627.96 227.77 -1 -1 -1 -1000 -1000 -1000 -10 0.91
253 2 Car -1 -1 -1 563.11 170.49 628.92 230.92 -1 -1 -1 -1000 -1000 -1000 -10 0.93
254 2 Car -1 -1 -1 563.21 171.49 627.45 231.46 -1 -1 -1 -1000 -1000 -1000 -10 0.92
255 2 Car -1 -1 -1 563.09 171.49 625.89 230.04 -1 -1 -1 -1000 -1000 -1000 -10 0.88
256 2 Car -1 -1 -1 560.97 168.36 625.22 228.28 -1 -1 -1 -1000 -1000 -1000 -10 0.87
257 2 Car -1 -1 -1 559.89 168.97 624.31 227.33 -1 -1 -1 -1000 -1000 -1000 -10 0.90
258 2 Car -1 -1 -1 561.03 168.28 624.12 226.19 -1 -1 -1 -1000 -1000 -1000 -10 0.93
259 2 Car -1 -1 -1 559.49 166.53 625.30 226.78 -1 -1 -1 -1000 -1000 -1000 -10 0.94
260 2 Car -1 -1 -1 558.82 166.69 625.04 228.14 -1 -1 -1 -1000 -1000 -1000 -10 0.94
261 2 Car -1 -1 -1 559.96 169.91 622.82 229.97 -1 -1 -1 -1000 -1000 -1000 -10 0.89
262 2 Car -1 -1 -1 558.69 171.71 625.55 232.77 -1 -1 -1 -1000 -1000 -1000 -10 0.91
263 2 Car -1 -1 -1 558.87 171.71 624.26 231.91 -1 -1 -1 -1000 -1000 -1000 -10 0.94
264 2 Car -1 -1 -1 559.34 170.73 623.18 231.28 -1 -1 -1 -1000 -1000 -1000 -10 0.94
264 7 Cyclist -1 -1 -1 823.15 167.25 857.20 234.05 -1 -1 -1 -1000 -1000 -1000 -10 0.48
264 8 Cyclist -1 -1 -1 903.76 158.60 993.86 299.15 -1 -1 -1 -1000 -1000 -1000 -10 0.40
265 2 Car -1 -1 -1 558.07 170.13 624.35 231.21 -1 -1 -1 -1000 -1000 -1000 -10 0.93
265 7 Cyclist -1 -1 -1 844.43 166.78 883.49 242.97 -1 -1 -1 -1000 -1000 -1000 -10 0.70
266 2 Car -1 -1 -1 559.07 171.07 624.62 232.91 -1 -1 -1 -1000 -1000 -1000 -10 0.92
266 7 Cyclist -1 -1 -1 867.15 162.37 914.91 249.03 -1 -1 -1 -1000 -1000 -1000 -10 0.70
267 2 Car -1 -1 -1 558.62 171.24 625.94 233.16 -1 -1 -1 -1000 -1000 -1000 -10 0.90
267 7 Cyclist -1 -1 -1 898.90 167.12 960.10 259.48 -1 -1 -1 -1000 -1000 -1000 -10 0.77
268 2 Car -1 -1 -1 558.24 175.76 624.94 233.01 -1 -1 -1 -1000 -1000 -1000 -10 0.74
268 7 Cyclist -1 -1 -1 936.84 167.72 1008.19 273.78 -1 -1 -1 -1000 -1000 -1000 -10 0.71
269 2 Car -1 -1 -1 559.09 170.92 625.34 231.86 -1 -1 -1 -1000 -1000 -1000 -10 0.93
270 2 Car -1 -1 -1 558.51 170.11 625.14 232.79 -1 -1 -1 -1000 -1000 -1000 -10 0.94
271 2 Car -1 -1 -1 559.41 170.75 623.09 232.01 -1 -1 -1 -1000 -1000 -1000 -10 0.93
272 2 Car -1 -1 -1 559.34 170.51 624.07 230.54 -1 -1 -1 -1000 -1000 -1000 -10 0.93
273 2 Car -1 -1 -1 559.88 171.37 624.84 230.16 -1 -1 -1 -1000 -1000 -1000 -10 0.93
274 2 Car -1 -1 -1 559.41 173.49 624.38 234.48 -1 -1 -1 -1000 -1000 -1000 -10 0.85
275 2 Car -1 -1 -1 560.03 175.21 624.97 235.62 -1 -1 -1 -1000 -1000 -1000 -10 0.93
276 2 Car -1 -1 -1 558.50 174.61 623.72 235.70 -1 -1 -1 -1000 -1000 -1000 -10 0.92
277 2 Car -1 -1 -1 557.30 171.67 621.06 232.56 -1 -1 -1 -1000 -1000 -1000 -10 0.83
278 2 Car -1 -1 -1 556.87 170.91 620.69 230.51 -1 -1 -1 -1000 -1000 -1000 -10 0.88
279 2 Car -1 -1 -1 556.18 169.55 620.40 230.17 -1 -1 -1 -1000 -1000 -1000 -10 0.90
280 2 Car -1 -1 -1 555.93 166.41 620.01 229.02 -1 -1 -1 -1000 -1000 -1000 -10 0.94
281 2 Car -1 -1 -1 554.85 165.60 620.00 226.93 -1 -1 -1 -1000 -1000 -1000 -10 0.92
282 2 Car -1 -1 -1 554.53 167.36 619.56 229.17 -1 -1 -1 -1000 -1000 -1000 -10 0.89
283 2 Car -1 -1 -1 553.98 169.01 621.54 233.67 -1 -1 -1 -1000 -1000 -1000 -10 0.93
284 2 Car -1 -1 -1 553.66 173.45 621.27 236.47 -1 -1 -1 -1000 -1000 -1000 -10 0.93
285 2 Car -1 -1 -1 553.38 174.56 621.33 236.18 -1 -1 -1 -1000 -1000 -1000 -10 0.93
286 2 Car -1 -1 -1 552.87 174.71 621.08 235.81 -1 -1 -1 -1000 -1000 -1000 -10 0.91
287 2 Car -1 -1 -1 552.94 174.01 620.90 235.63 -1 -1 -1 -1000 -1000 -1000 -10 0.89
288 2 Car -1 -1 -1 550.22 174.18 620.29 234.91 -1 -1 -1 -1000 -1000 -1000 -10 0.87
289 2 Car -1 -1 -1 549.43 173.72 620.09 234.77 -1 -1 -1 -1000 -1000 -1000 -10 0.84
290 2 Car -1 -1 -1 549.21 169.92 621.02 233.02 -1 -1 -1 -1000 -1000 -1000 -10 0.90
291 2 Car -1 -1 -1 548.83 167.73 620.41 234.62 -1 -1 -1 -1000 -1000 -1000 -10 0.92
292 2 Car -1 -1 -1 550.00 168.97 619.99 235.13 -1 -1 -1 -1000 -1000 -1000 -10 0.86
293 2 Car -1 -1 -1 549.99 169.56 619.45 234.35 -1 -1 -1 -1000 -1000 -1000 -10 0.92
294 2 Car -1 -1 -1 550.62 168.66 620.25 234.12 -1 -1 -1 -1000 -1000 -1000 -10 0.90
295 2 Car -1 -1 -1 549.75 167.30 620.16 232.46 -1 -1 -1 -1000 -1000 -1000 -10 0.90
296 2 Car -1 -1 -1 551.25 168.77 619.62 231.77 -1 -1 -1 -1000 -1000 -1000 -10 0.90
297 2 Car -1 -1 -1 551.61 168.89 619.12 233.70 -1 -1 -1 -1000 -1000 -1000 -10 0.90
298 2 Car -1 -1 -1 550.79 171.71 623.17 236.24 -1 -1 -1 -1000 -1000 -1000 -10 0.91
299 2 Car -1 -1 -1 553.33 172.39 623.64 237.38 -1 -1 -1 -1000 -1000 -1000 -10 0.95
300 2 Car -1 -1 -1 553.16 171.95 625.05 238.29 -1 -1 -1 -1000 -1000 -1000 -10 0.93
301 2 Car -1 -1 -1 554.21 168.36 624.28 234.63 -1 -1 -1 -1000 -1000 -1000 -10 0.93
302 2 Car -1 -1 -1 556.29 168.66 625.17 232.03 -1 -1 -1 -1000 -1000 -1000 -10 0.93
303 2 Car -1 -1 -1 559.06 168.92 624.84 231.74 -1 -1 -1 -1000 -1000 -1000 -10 0.95
304 2 Car -1 -1 -1 559.93 168.86 625.98 232.09 -1 -1 -1 -1000 -1000 -1000 -10 0.92
305 2 Car -1 -1 -1 562.25 168.83 627.23 232.03 -1 -1 -1 -1000 -1000 -1000 -10 0.93
306 2 Car -1 -1 -1 563.01 169.36 627.76 232.77 -1 -1 -1 -1000 -1000 -1000 -10 0.93
307 2 Car -1 -1 -1 562.74 171.43 627.63 231.92 -1 -1 -1 -1000 -1000 -1000 -10 0.89
308 2 Car -1 -1 -1 562.79 172.86 628.50 234.91 -1 -1 -1 -1000 -1000 -1000 -10 0.89
309 2 Car -1 -1 -1 561.41 172.43 629.12 235.69 -1 -1 -1 -1000 -1000 -1000 -10 0.88
310 2 Car -1 -1 -1 561.43 175.10 630.06 234.39 -1 -1 -1 -1000 -1000 -1000 -10 0.83
311 2 Car -1 -1 -1 558.48 171.94 626.68 231.92 -1 -1 -1 -1000 -1000 -1000 -10 0.84
312 2 Car -1 -1 -1 562.78 171.61 627.31 230.19 -1 -1 -1 -1000 -1000 -1000 -10 0.85
313 2 Car -1 -1 -1 563.07 171.34 626.90 231.06 -1 -1 -1 -1000 -1000 -1000 -10 0.85
314 2 Car -1 -1 -1 564.43 171.86 627.80 231.53 -1 -1 -1 -1000 -1000 -1000 -10 0.86
315 2 Car -1 -1 -1 567.84 171.05 629.39 233.10 -1 -1 -1 -1000 -1000 -1000 -10 0.88
316 2 Car -1 -1 -1 568.45 172.56 632.17 230.29 -1 -1 -1 -1000 -1000 -1000 -10 0.88
317 2 Car -1 -1 -1 568.17 171.85 637.68 230.20 -1 -1 -1 -1000 -1000 -1000 -10 0.70
318 2 Car -1 -1 -1 564.43 168.99 635.88 232.76 -1 -1 -1 -1000 -1000 -1000 -10 0.78
319 2 Car -1 -1 -1 563.49 169.49 636.04 232.63 -1 -1 -1 -1000 -1000 -1000 -10 0.78
320 2 Car -1 -1 -1 564.17 170.65 636.18 231.41 -1 -1 -1 -1000 -1000 -1000 -10 0.64
321 2 Car -1 -1 -1 565.38 170.87 640.99 230.64 -1 -1 -1 -1000 -1000 -1000 -10 0.53
322 2 Car -1 -1 -1 567.26 172.69 639.34 230.61 -1 -1 -1 -1000 -1000 -1000 -10 0.58
323 2 Car -1 -1 -1 569.68 174.07 636.86 235.91 -1 -1 -1 -1000 -1000 -1000 -10 0.90
324 2 Car -1 -1 -1 569.28 173.69 637.49 235.74 -1 -1 -1 -1000 -1000 -1000 -10 0.92
325 2 Car -1 -1 -1 570.87 170.82 637.49 232.82 -1 -1 -1 -1000 -1000 -1000 -10 0.88
326 2 Car -1 -1 -1 570.97 170.49 637.05 233.30 -1 -1 -1 -1000 -1000 -1000 -10 0.91
327 2 Car -1 -1 -1 570.05 169.89 636.28 231.93 -1 -1 -1 -1000 -1000 -1000 -10 0.90
328 2 Car -1 -1 -1 569.55 169.30 636.94 233.32 -1 -1 -1 -1000 -1000 -1000 -10 0.95
329 2 Car -1 -1 -1 570.85 169.43 636.13 233.58 -1 -1 -1 -1000 -1000 -1000 -10 0.94
330 2 Car -1 -1 -1 569.57 170.85 637.00 237.17 -1 -1 -1 -1000 -1000 -1000 -10 0.93
331 2 Car -1 -1 -1 569.33 173.64 635.45 238.64 -1 -1 -1 -1000 -1000 -1000 -10 0.90
332 2 Car -1 -1 -1 568.13 176.64 634.10 240.44 -1 -1 -1 -1000 -1000 -1000 -10 0.89
333 2 Car -1 -1 -1 566.62 172.99 635.18 237.94 -1 -1 -1 -1000 -1000 -1000 -10 0.94
334 2 Car -1 -1 -1 566.01 169.53 633.16 233.57 -1 -1 -1 -1000 -1000 -1000 -10 0.96
335 2 Car -1 -1 -1 566.49 168.55 630.81 231.93 -1 -1 -1 -1000 -1000 -1000 -10 0.93
336 2 Car -1 -1 -1 565.53 168.96 630.74 232.72 -1 -1 -1 -1000 -1000 -1000 -10 0.89
337 2 Car -1 -1 -1 563.69 169.61 630.46 233.90 -1 -1 -1 -1000 -1000 -1000 -10 0.92
338 2 Car -1 -1 -1 563.41 171.12 629.86 236.13 -1 -1 -1 -1000 -1000 -1000 -10 0.91
339 2 Car -1 -1 -1 562.71 171.77 629.71 237.41 -1 -1 -1 -1000 -1000 -1000 -10 0.95
340 2 Car -1 -1 -1 561.89 172.93 628.93 237.55 -1 -1 -1 -1000 -1000 -1000 -10 0.96
341 2 Car -1 -1 -1 561.45 172.40 629.30 237.02 -1 -1 -1 -1000 -1000 -1000 -10 0.95
341 9 Car -1 -1 -1 1178.21 158.29 1232.45 174.83 -1 -1 -1 -1000 -1000 -1000 -10 0.44
342 2 Car -1 -1 -1 560.71 171.26 629.09 235.89 -1 -1 -1 -1000 -1000 -1000 -10 0.92
342 9 Car -1 -1 -1 1188.94 155.67 1236.53 174.27 -1 -1 -1 -1000 -1000 -1000 -10 0.65
343 2 Car -1 -1 -1 560.45 170.95 629.43 236.54 -1 -1 -1 -1000 -1000 -1000 -10 0.93
344 2 Car -1 -1 -1 560.22 171.14 629.24 237.36 -1 -1 -1 -1000 -1000 -1000 -10 0.94
345 2 Car -1 -1 -1 559.40 171.40 629.44 237.12 -1 -1 -1 -1000 -1000 -1000 -10 0.91
346 2 Car -1 -1 -1 559.55 171.49 629.31 235.69 -1 -1 -1 -1000 -1000 -1000 -10 0.89
347 2 Car -1 -1 -1 558.93 169.59 627.39 234.60 -1 -1 -1 -1000 -1000 -1000 -10 0.91
348 2 Car -1 -1 -1 559.09 168.82 627.37 233.96 -1 -1 -1 -1000 -1000 -1000 -10 0.92
349 2 Car -1 -1 -1 559.41 167.99 627.23 232.54 -1 -1 -1 -1000 -1000 -1000 -10 0.91
350 2 Car -1 -1 -1 560.08 164.56 628.69 230.98 -1 -1 -1 -1000 -1000 -1000 -10 0.92
351 2 Car -1 -1 -1 560.18 163.62 629.62 230.80 -1 -1 -1 -1000 -1000 -1000 -10 0.95
352 2 Car -1 -1 -1 561.67 166.94 630.91 232.78 -1 -1 -1 -1000 -1000 -1000 -10 0.93
353 2 Car -1 -1 -1 563.82 169.73 632.84 235.11 -1 -1 -1 -1000 -1000 -1000 -10 0.86
354 2 Car -1 -1 -1 564.19 169.47 633.54 234.57 -1 -1 -1 -1000 -1000 -1000 -10 0.94
355 2 Car -1 -1 -1 564.89 168.59 634.80 234.45 -1 -1 -1 -1000 -1000 -1000 -10 0.95
356 2 Car -1 -1 -1 564.87 169.11 635.00 234.95 -1 -1 -1 -1000 -1000 -1000 -10 0.94
357 2 Car -1 -1 -1 564.12 169.53 635.49 235.18 -1 -1 -1 -1000 -1000 -1000 -10 0.93
358 2 Car -1 -1 -1 565.28 167.80 635.64 234.80 -1 -1 -1 -1000 -1000 -1000 -10 0.95
359 2 Car -1 -1 -1 566.14 166.90 635.57 233.35 -1 -1 -1 -1000 -1000 -1000 -10 0.91
360 2 Car -1 -1 -1 567.52 166.81 636.66 233.29 -1 -1 -1 -1000 -1000 -1000 -10 0.89
361 2 Car -1 -1 -1 567.34 167.88 637.93 235.02 -1 -1 -1 -1000 -1000 -1000 -10 0.95
362 2 Car -1 -1 -1 567.99 169.97 639.16 237.99 -1 -1 -1 -1000 -1000 -1000 -10 0.95
363 2 Car -1 -1 -1 569.10 174.14 638.18 241.52 -1 -1 -1 -1000 -1000 -1000 -10 0.94
364 2 Car -1 -1 -1 569.61 175.47 638.14 241.41 -1 -1 -1 -1000 -1000 -1000 -10 0.95
365 2 Car -1 -1 -1 569.69 173.38 638.42 239.15 -1 -1 -1 -1000 -1000 -1000 -10 0.91
366 2 Car -1 -1 -1 569.71 171.17 638.60 237.07 -1 -1 -1 -1000 -1000 -1000 -10 0.94
367 2 Car -1 -1 -1 569.11 171.09 638.09 236.12 -1 -1 -1 -1000 -1000 -1000 -10 0.92
368 2 Car -1 -1 -1 567.73 170.23 638.31 236.93 -1 -1 -1 -1000 -1000 -1000 -10 0.92
369 2 Car -1 -1 -1 567.67 170.57 638.06 237.81 -1 -1 -1 -1000 -1000 -1000 -10 0.95
370 2 Car -1 -1 -1 565.73 170.22 638.63 238.24 -1 -1 -1 -1000 -1000 -1000 -10 0.91
371 2 Car -1 -1 -1 564.79 170.50 637.23 238.10 -1 -1 -1 -1000 -1000 -1000 -10 0.92
372 2 Car -1 -1 -1 564.50 170.00 637.12 237.16 -1 -1 -1 -1000 -1000 -1000 -10 0.91
373 2 Car -1 -1 -1 563.77 168.48 636.71 235.55 -1 -1 -1 -1000 -1000 -1000 -10 0.94
374 2 Car -1 -1 -1 563.95 166.99 636.84 235.11 -1 -1 -1 -1000 -1000 -1000 -10 0.95
375 2 Car -1 -1 -1 563.34 166.78 637.56 236.53 -1 -1 -1 -1000 -1000 -1000 -10 0.95
376 2 Car -1 -1 -1 562.58 167.21 637.53 236.15 -1 -1 -1 -1000 -1000 -1000 -10 0.95
377 2 Car -1 -1 -1 561.94 167.28 638.48 237.31 -1 -1 -1 -1000 -1000 -1000 -10 0.94
377 10 Cyclist -1 -1 -1 819.66 165.95 852.60 210.81 -1 -1 -1 -1000 -1000 -1000 -10 0.56
378 2 Car -1 -1 -1 563.41 170.29 637.60 240.63 -1 -1 -1 -1000 -1000 -1000 -10 0.95
378 10 Cyclist -1 -1 -1 833.58 167.42 864.40 218.05 -1 -1 -1 -1000 -1000 -1000 -10 0.80
378 11 Cyclist -1 -1 -1 870.09 166.19 902.96 218.18 -1 -1 -1 -1000 -1000 -1000 -10 0.48
379 2 Car -1 -1 -1 562.01 170.30 637.76 241.57 -1 -1 -1 -1000 -1000 -1000 -10 0.95
379 10 Cyclist -1 -1 -1 847.49 166.84 880.75 221.55 -1 -1 -1 -1000 -1000 -1000 -10 0.77
379 11 Cyclist -1 -1 -1 887.36 164.02 917.65 221.23 -1 -1 -1 -1000 -1000 -1000 -10 0.64
379 12 Pedestrian -1 -1 -1 887.36 164.02 917.65 221.23 -1 -1 -1 -1000 -1000 -1000 -10 0.42
380 2 Car -1 -1 -1 562.18 168.62 637.34 239.52 -1 -1 -1 -1000 -1000 -1000 -10 0.95
380 10 Cyclist -1 -1 -1 929.40 161.01 976.03 226.26 -1 -1 -1 -1000 -1000 -1000 -10 0.86
380 13 Cyclist -1 -1 -1 885.99 162.37 934.16 230.36 -1 -1 -1 -1000 -1000 -1000 -10 0.85
381 2 Car -1 -1 -1 562.65 170.71 636.80 241.70 -1 -1 -1 -1000 -1000 -1000 -10 0.93
381 13 Cyclist -1 -1 -1 910.04 164.77 964.42 239.01 -1 -1 -1 -1000 -1000 -1000 -10 0.86
381 10 Cyclist -1 -1 -1 956.61 159.86 1011.29 237.01 -1 -1 -1 -1000 -1000 -1000 -10 0.86
382 2 Car -1 -1 -1 561.53 173.61 636.08 245.17 -1 -1 -1 -1000 -1000 -1000 -10 0.95
382 10 Cyclist -1 -1 -1 992.01 162.58 1053.13 246.98 -1 -1 -1 -1000 -1000 -1000 -10 0.84
382 13 Cyclist -1 -1 -1 938.78 164.49 997.95 246.52 -1 -1 -1 -1000 -1000 -1000 -10 0.67
383 2 Car -1 -1 -1 561.26 174.44 636.39 245.26 -1 -1 -1 -1000 -1000 -1000 -10 0.95
383 10 Cyclist -1 -1 -1 1032.26 164.11 1105.29 252.17 -1 -1 -1 -1000 -1000 -1000 -10 0.85
383 13 Cyclist -1 -1 -1 982.05 161.79 1039.66 255.97 -1 -1 -1 -1000 -1000 -1000 -10 0.76
384 2 Car -1 -1 -1 560.62 172.41 636.32 243.21 -1 -1 -1 -1000 -1000 -1000 -10 0.88
384 10 Cyclist -1 -1 -1 1079.66 157.28 1167.86 258.81 -1 -1 -1 -1000 -1000 -1000 -10 0.87
384 13 Cyclist -1 -1 -1 1031.67 159.63 1090.83 257.67 -1 -1 -1 -1000 -1000 -1000 -10 0.66
385 2 Car -1 -1 -1 560.59 167.22 636.44 237.06 -1 -1 -1 -1000 -1000 -1000 -10 0.93
385 10 Cyclist -1 -1 -1 1162.71 152.02 1224.25 263.75 -1 -1 -1 -1000 -1000 -1000 -10 0.49
385 14 Pedestrian -1 -1 -1 1168.63 151.96 1225.51 264.04 -1 -1 -1 -1000 -1000 -1000 -10 0.63
386 2 Car -1 -1 -1 561.22 165.00 635.65 236.89 -1 -1 -1 -1000 -1000 -1000 -10 0.94
387 2 Car -1 -1 -1 561.46 166.03 635.74 236.94 -1 -1 -1 -1000 -1000 -1000 -10 0.94
388 2 Car -1 -1 -1 562.21 167.20 634.92 236.62 -1 -1 -1 -1000 -1000 -1000 -10 0.94
389 2 Car -1 -1 -1 563.12 169.01 635.14 240.11 -1 -1 -1 -1000 -1000 -1000 -10 0.95
390 2 Car -1 -1 -1 563.09 169.35 635.24 240.54 -1 -1 -1 -1000 -1000 -1000 -10 0.95
391 2 Car -1 -1 -1 563.98 168.93 634.90 238.84 -1 -1 -1 -1000 -1000 -1000 -10 0.93
392 2 Car -1 -1 -1 562.43 166.34 638.34 237.48 -1 -1 -1 -1000 -1000 -1000 -10 0.93
393 2 Car -1 -1 -1 564.02 166.74 636.67 236.75 -1 -1 -1 -1000 -1000 -1000 -10 0.91
394 2 Car -1 -1 -1 563.88 167.79 636.84 236.68 -1 -1 -1 -1000 -1000 -1000 -10 0.93
395 2 Car -1 -1 -1 564.57 166.87 636.29 236.86 -1 -1 -1 -1000 -1000 -1000 -10 0.92
396 2 Car -1 -1 -1 565.13 166.88 636.58 234.98 -1 -1 -1 -1000 -1000 -1000 -10 0.90
397 2 Car -1 -1 -1 567.10 166.70 637.63 235.94 -1 -1 -1 -1000 -1000 -1000 -10 0.90
398 2 Car -1 -1 -1 566.84 169.93 638.47 239.34 -1 -1 -1 -1000 -1000 -1000 -10 0.94
399 2 Car -1 -1 -1 568.68 174.30 637.22 242.00 -1 -1 -1 -1000 -1000 -1000 -10 0.92
400 2 Car -1 -1 -1 568.33 170.86 637.97 240.01 -1 -1 -1 -1000 -1000 -1000 -10 0.95
401 2 Car -1 -1 -1 567.39 168.56 638.86 235.90 -1 -1 -1 -1000 -1000 -1000 -10 0.94
402 2 Car -1 -1 -1 568.76 168.07 639.57 236.28 -1 -1 -1 -1000 -1000 -1000 -10 0.93
403 2 Car -1 -1 -1 567.93 169.80 641.25 238.83 -1 -1 -1 -1000 -1000 -1000 -10 0.93
404 2 Car -1 -1 -1 567.74 170.25 640.82 237.34 -1 -1 -1 -1000 -1000 -1000 -10 0.91
405 2 Car -1 -1 -1 568.21 168.38 641.26 235.85 -1 -1 -1 -1000 -1000 -1000 -10 0.90
405 15 Car -1 -1 -1 552.80 174.04 574.53 190.66 -1 -1 -1 -1000 -1000 -1000 -10 0.48
406 2 Car -1 -1 -1 568.06 168.02 639.71 235.30 -1 -1 -1 -1000 -1000 -1000 -10 0.94
406 15 Car -1 -1 -1 551.66 174.34 572.54 190.05 -1 -1 -1 -1000 -1000 -1000 -10 0.60
407 2 Car -1 -1 -1 568.44 167.47 638.60 235.03 -1 -1 -1 -1000 -1000 -1000 -10 0.95
407 15 Car -1 -1 -1 548.74 174.75 574.75 191.08 -1 -1 -1 -1000 -1000 -1000 -10 0.63
408 2 Car -1 -1 -1 568.35 169.72 638.86 237.97 -1 -1 -1 -1000 -1000 -1000 -10 0.93
408 15 Car -1 -1 -1 546.25 176.77 574.38 193.88 -1 -1 -1 -1000 -1000 -1000 -10 0.73
409 2 Car -1 -1 -1 569.69 170.93 638.71 239.26 -1 -1 -1 -1000 -1000 -1000 -10 0.94
409 15 Car -1 -1 -1 539.88 178.39 575.67 197.90 -1 -1 -1 -1000 -1000 -1000 -10 0.45
410 2 Car -1 -1 -1 569.43 171.81 638.97 239.10 -1 -1 -1 -1000 -1000 -1000 -10 0.95
410 15 Car -1 -1 -1 539.94 179.38 572.76 198.17 -1 -1 -1 -1000 -1000 -1000 -10 0.70
411 2 Car -1 -1 -1 568.03 170.22 638.74 237.55 -1 -1 -1 -1000 -1000 -1000 -10 0.93
411 15 Car -1 -1 -1 537.78 177.11 569.16 198.80 -1 -1 -1 -1000 -1000 -1000 -10 0.62
412 2 Car -1 -1 -1 568.82 167.07 638.74 233.85 -1 -1 -1 -1000 -1000 -1000 -10 0.95
412 15 Car -1 -1 -1 535.19 174.73 562.93 196.46 -1 -1 -1 -1000 -1000 -1000 -10 0.80
413 2 Car -1 -1 -1 569.27 167.23 638.69 234.48 -1 -1 -1 -1000 -1000 -1000 -10 0.95
413 15 Car -1 -1 -1 530.96 174.75 560.12 199.06 -1 -1 -1 -1000 -1000 -1000 -10 0.70
414 2 Car -1 -1 -1 569.10 171.21 637.09 237.84 -1 -1 -1 -1000 -1000 -1000 -10 0.95
414 15 Car -1 -1 -1 527.04 179.83 558.53 204.36 -1 -1 -1 -1000 -1000 -1000 -10 0.58
415 2 Car -1 -1 -1 570.41 173.06 638.33 239.08 -1 -1 -1 -1000 -1000 -1000 -10 0.92
415 15 Car -1 -1 -1 522.63 180.83 555.25 205.91 -1 -1 -1 -1000 -1000 -1000 -10 0.78