0 5 Car -1 -1 -1 402.78 170.57 458.21 198.13 -1 -1 -1 -1000 -1000 -1000 -10 1
0 4 Car -1 -1 -1 790.16 167.12 882.94 208.29 -1 -1 -1 -1000 -1000 -1000 -10 1
0 3 Car -1 -1 -1 438.20 173.40 472.91 193.70 -1 -1 -1 -1000 -1000 -1000 -10 1
0 2 Car -1 -1 -1 776.34 178.15 870.62 234.74 -1 -1 -1 -1000 -1000 -1000 -10 1
0 1 Car -1 -1 -1 788.97 155.06 893.04 194.33 -1 -1 -1 -1000 -1000 -1000 -10 1
1 5 Car -1 -1 -1 393.20 168.86 460.50 199.20 -1 -1 -1 -1000 -1000 -1000 -10 1
1 3 Car -1 -1 -1 434.46 170.48 470.74 191.73 -1 -1 -1 -1000 -1000 -1000 -10 1
1 2 Car -1 -1 -1 769.23 180.61 871.19 234.62 -1 -1 -1 -1000 -1000 -1000 -10 1
1 1 Car -1 -1 -1 791.04 150.86 904.43 192.55 -1 -1 -1 -1000 -1000 -1000 -10 1
2 5 Car -1 -1 -1 383.91 169.90 452.05 198.30 -1 -1 -1 -1000 -1000 -1000 -10 1
2 2 Car -1 -1 -1 766.28 176.80 868.74 230.50 -1 -1 -1 -1000 -1000 -1000 -10 1
2 1 Car -1 -1 -1 815.53 153.30 917.73 193.82 -1 -1 -1 -1000 -1000 -1000 -10 1
3 5 Car -1 -1 -1 379.96 171.12 444.49 201.37 -1 -1 -1 -1000 -1000 -1000 -10 1
3 2 Car -1 -1 -1 764.05 175.19 863.87 228.88 -1 -1 -1 -1000 -1000 -1000 -10 1
3 1 Car -1 -1 -1 830.81 153.25 927.87 192.93 -1 -1 -1 -1000 -1000 -1000 -10 1
4 5 Car -1 -1 -1 373.39 170.52 434.80 201.47 -1 -1 -1 -1000 -1000 -1000 -10 1
4 2 Car -1 -1 -1 764.19 179.80 858.64 231.02 -1 -1 -1 -1000 -1000 -1000 -10 1
4 1 Car -1 -1 -1 804.32 151.92 906.62 194.30 -1 -1 -1 -1000 -1000 -1000 -10 1
6 5 Car -1 -1 -1 362.83 164.47 425.57 199.44 -1 -1 -1 -1000 -1000 -1000 -10 1
6 2 Car -1 -1 -1 759.42 181.03 848.77 230.22 -1 -1 -1 -1000 -1000 -1000 -10 1
7 5 Car -1 -1 -1 347.88 169.19 412.06 203.07 -1 -1 -1 -1000 -1000 -1000 -10 1
7 2 Car -1 -1 -1 754.98 179.93 841.59 227.46 -1 -1 -1 -1000 -1000 -1000 -10 1
8 5 Car -1 -1 -1 336.47 171.42 399.38 204.19 -1 -1 -1 -1000 -1000 -1000 -10 1
8 2 Car -1 -1 -1 753.79 177.53 832.71 223.65 -1 -1 -1 -1000 -1000 -1000 -10 1
9 5 Car -1 -1 -1 328.68 170.17 393.64 203.80 -1 -1 -1 -1000 -1000 -1000 -10 1
9 2 Car -1 -1 -1 753.86 173.84 827.11 218.29 -1 -1 -1 -1000 -1000 -1000 -10 1
10 12 Car -1 -1 -1 856.69 143.62 989.39 186.02 -1 -1 -1 -1000 -1000 -1000 -10 1
10 9 Car -1 -1 -1 798.88 159.04 873.43 191.00 -1 -1 -1 -1000 -1000 -1000 -10 1
10 5 Car -1 -1 -1 323.78 170.08 389.45 203.99 -1 -1 -1 -1000 -1000 -1000 -10 1
10 2 Car -1 -1 -1 752.48 172.10 822.07 215.89 -1 -1 -1 -1000 -1000 -1000 -10 1
11 12 Car -1 -1 -1 872.19 140.84 1009.42 185.48 -1 -1 -1 -1000 -1000 -1000 -10 1
11 5 Car -1 -1 -1 314.70 169.98 388.02 204.75 -1 -1 -1 -1000 -1000 -1000 -10 1
11 2 Car -1 -1 -1 751.21 172.43 817.20 215.68 -1 -1 -1 -1000 -1000 -1000 -10 1
12 5 Car -1 -1 -1 303.55 171.04 379.61 207.28 -1 -1 -1 -1000 -1000 -1000 -10 1
12 2 Car -1 -1 -1 750.84 173.60 813.79 216.16 -1 -1 -1 -1000 -1000 -1000 -10 1
13 5 Car -1 -1 -1 291.83 170.56 373.57 210.90 -1 -1 -1 -1000 -1000 -1000 -10 1
13 2 Car -1 -1 -1 747.88 175.66 810.18 218.28 -1 -1 -1 -1000 -1000 -1000 -10 1
14 5 Car -1 -1 -1 283.54 169.45 373.19 211.68 -1 -1 -1 -1000 -1000 -1000 -10 1
14 2 Car -1 -1 -1 745.40 177.61 806.98 220.26 -1 -1 -1 -1000 -1000 -1000 -10 1
15 18 Car -1 -1 -1 437.54 181.54 470.84 201.61 -1 -1 -1 -1000 -1000 -1000 -10 1
15 5 Car -1 -1 -1 274.19 170.97 370.09 213.80 -1 -1 -1 -1000 -1000 -1000 -10 1
15 2 Car -1 -1 -1 742.53 178.31 803.26 220.74 -1 -1 -1 -1000 -1000 -1000 -10 1
16 5 Car -1 -1 -1 263.76 170.80 362.82 217.11 -1 -1 -1 -1000 -1000 -1000 -10 1
16 2 Car -1 -1 -1 741.21 178.08 800.45 220.19 -1 -1 -1 -1000 -1000 -1000 -10 1
17 19 Car -1 -1 -1 824.20 159.89 928.10 192.26 -1 -1 -1 -1000 -1000 -1000 -10 1
17 5 Car -1 -1 -1 252.12 170.86 357.23 217.12 -1 -1 -1 -1000 -1000 -1000 -10 1
17 2 Car -1 -1 -1 739.45 177.13 797.93 219.16 -1 -1 -1 -1000 -1000 -1000 -10 1
18 19 Car -1 -1 -1 828.47 159.58 932.33 190.82 -1 -1 -1 -1000 -1000 -1000 -10 1
18 5 Car -1 -1 -1 242.95 168.77 348.66 217.59 -1 -1 -1 -1000 -1000 -1000 -10 1
18 2 Car -1 -1 -1 738.22 176.69 795.12 217.86 -1 -1 -1 -1000 -1000 -1000 -10 1
19 22 Car -1 -1 -1 843.46 162.50 931.06 196.60 -1 -1 -1 -1000 -1000 -1000 -10 1
19 19 Car -1 -1 -1 834.41 160.87 932.57 192.44 -1 -1 -1 -1000 -1000 -1000 -10 1
19 5 Car -1 -1 -1 228.58 169.75 338.10 220.03 -1 -1 -1 -1000 -1000 -1000 -10 1
19 2 Car -1 -1 -1 737.24 176.30 792.67 216.94 -1 -1 -1 -1000 -1000 -1000 -10 1
20 22 Car -1 -1 -1 842.71 160.50 934.71 195.82 -1 -1 -1 -1000 -1000 -1000 -10 1
20 19 Car -1 -1 -1 839.70 158.13 945.84 191.57 -1 -1 -1 -1000 -1000 -1000 -10 1
20 5 Car -1 -1 -1 213.73 171.26 328.76 221.71 -1 -1 -1 -1000 -1000 -1000 -10 1
20 2 Car -1 -1 -1 737.08 176.25 791.14 216.56 -1 -1 -1 -1000 -1000 -1000 -10 1
21 24 Car -1 -1 -1 408.02 184.08 466.47 219.59 -1 -1 -1 -1000 -1000 -1000 -10 1
21 22 Car -1 -1 -1 842.10 158.94 944.28 197.72 -1 -1 -1 -1000 -1000 -1000 -10 1
21 19 Car -1 -1 -1 842.52 156.99 956.01 192.33 -1 -1 -1 -1000 -1000 -1000 -10 1
21 5 Car -1 -1 -1 198.74 174.17 320.35 226.20 -1 -1 -1 -1000 -1000 -1000 -10 1
21 2 Car -1 -1 -1 735.42 177.73 789.59 218.71 -1 -1 -1 -1000 -1000 -1000 -10 1
22 24 Car -1 -1 -1 389.94 182.28 454.48 220.67 -1 -1 -1 -1000 -1000 -1000 -10 1
22 5 Car -1 -1 -1 182.14 175.38 309.62 229.19 -1 -1 -1 -1000 -1000 -1000 -10 1
22 2 Car -1 -1 -1 733.57 178.09 787.43 219.26 -1 -1 -1 -1000 -1000 -1000 -10 1
23 24 Car -1 -1 -1 369.93 181.18 444.21 225.54 -1 -1 -1 -1000 -1000 -1000 -10 1
23 5 Car -1 -1 -1 162.95 176.15 296.72 231.65 -1 -1 -1 -1000 -1000 -1000 -10 1
23 2 Car -1 -1 -1 732.05 178.86 785.64 219.84 -1 -1 -1 -1000 -1000 -1000 -10 1
24 24 Car -1 -1 -1 346.37 184.28 428.97 228.96 -1 -1 -1 -1000 -1000 -1000 -10 1
24 5 Car -1 -1 -1 141.39 174.13 284.29 233.35 -1 -1 -1 -1000 -1000 -1000 -10 1
24 2 Car -1 -1 -1 730.84 179.45 783.14 220.35 -1 -1 -1 -1000 -1000 -1000 -10 1
25 24 Car -1 -1 -1 311.87 184.42 409.38 233.00 -1 -1 -1 -1000 -1000 -1000 -10 1
25 5 Car -1 -1 -1 118.86 173.23 268.02 233.61 -1 -1 -1 -1000 -1000 -1000 -10 1
25 2 Car -1 -1 -1 727.76 179.63 779.32 220.67 -1 -1 -1 -1000 -1000 -1000 -10 1
26 24 Car -1 -1 -1 281.80 185.04 387.48 238.72 -1 -1 -1 -1000 -1000 -1000 -10 1
26 5 Car -1 -1 -1 101.96 171.91 255.10 234.97 -1 -1 -1 -1000 -1000 -1000 -10 1
26 2 Car -1 -1 -1 724.32 179.64 775.15 220.65 -1 -1 -1 -1000 -1000 -1000 -10 1
27 24 Car -1 -1 -1 232.28 186.42 358.42 247.51 -1 -1 -1 -1000 -1000 -1000 -10 1
27 5 Car -1 -1 -1 77.80 168.31 239.31 235.19 -1 -1 -1 -1000 -1000 -1000 -10 1
27 2 Car -1 -1 -1 719.65 179.91 771.22 221.15 -1 -1 -1 -1000 -1000 -1000 -10 1
28 29 Car -1 -1 -1 375.42 178.97 434.38 212.05 -1 -1 -1 -1000 -1000 -1000 -10 1
28 28 Car -1 -1 -1 33.50 162.91 208.64 242.15 -1 -1 -1 -1000 -1000 -1000 -10 1
28 24 Car -1 -1 -1 168.11 183.52 323.63 255.86 -1 -1 -1 -1000 -1000 -1000 -10 1
29 28 Car -1 -1 -1 26.33 164.82 245.33 262.98 -1 -1 -1 -1000 -1000 -1000 -10 1
30 28 Car -1 -1 -1 -2.76 171.15 234.72 285.76 -1 -1 -1 -1000 -1000 -1000 -10 1
31 28 Car -1 -1 -1 -18.76 167.98 198.49 284.59 -1 -1 -1 -1000 -1000 -1000 -10 1
31 2 Car -1 -1 -1 705.61 174.14 756.59 213.64 -1 -1 -1 -1000 -1000 -1000 -10 1
32 33 Car -1 -1 -1 413.51 175.71 464.78 205.96 -1 -1 -1 -1000 -1000 -1000 -10 1
32 29 Car -1 -1 -1 304.12 180.04 380.49 221.19 -1 -1 -1 -1000 -1000 -1000 -10 1
32 2 Car -1 -1 -1 703.82 175.53 754.60 214.49 -1 -1 -1 -1000 -1000 -1000 -10 1
33 33 Car -1 -1 -1 387.66 178.59 452.52 216.16 -1 -1 -1 -1000 -1000 -1000 -10 1
33 29 Car -1 -1 -1 276.69 178.77 361.87 224.24 -1 -1 -1 -1000 -1000 -1000 -10 1
33 2 Car -1 -1 -1 701.93 175.92 752.37 214.69 -1 -1 -1 -1000 -1000 -1000 -10 1
34 33 Car -1 -1 -1 357.81 177.39 437.60 220.87 -1 -1 -1 -1000 -1000 -1000 -10 1
34 29 Car -1 -1 -1 245.50 179.03 343.99 227.77 -1 -1 -1 -1000 -1000 -1000 -10 1
34 2 Car -1 -1 -1 701.82 175.63 750.78 213.87 -1 -1 -1 -1000 -1000 -1000 -10 1
35 33 Car -1 -1 -1 333.86 178.20 423.76 224.57 -1 -1 -1 -1000 -1000 -1000 -10 1
35 29 Car -1 -1 -1 210.15 182.12 323.47 231.61 -1 -1 -1 -1000 -1000 -1000 -10 1
35 2 Car -1 -1 -1 697.26 177.03 745.33 215.82 -1 -1 -1 -1000 -1000 -1000 -10 1
36 37 Car -1 -1 -1 -7.34 185.66 83.12 234.06 -1 -1 -1 -1000 -1000 -1000 -10 1
36 33 Car -1 -1 -1 303.91 178.82 405.62 228.94 -1 -1 -1 -1000 -1000 -1000 -10 1
36 29 Car -1 -1 -1 175.09 183.75 295.15 235.43 -1 -1 -1 -1000 -1000 -1000 -10 1
36 2 Car -1 -1 -1 695.28 177.35 743.20 216.85 -1 -1 -1 -1000 -1000 -1000 -10 1
37 39 Car -1 -1 -1 596.11 171.81 626.16 196.02 -1 -1 -1 -1000 -1000 -1000 -10 1
37 37 Car -1 -1 -1 -13.33 186.81 58.91 231.82 -1 -1 -1 -1000 -1000 -1000 -10 1
37 33 Car -1 -1 -1 267.30 178.31 381.98 235.04 -1 -1 -1 -1000 -1000 -1000 -10 1
37 29 Car -1 -1 -1 121.66 185.26 260.24 241.81 -1 -1 -1 -1000 -1000 -1000 -10 1
37 2 Car -1 -1 -1 693.23 176.70 740.54 216.69 -1 -1 -1 -1000 -1000 -1000 -10 1
38 39 Car -1 -1 -1 596.69 169.86 626.29 193.36 -1 -1 -1 -1000 -1000 -1000 -10 1
38 33 Car -1 -1 -1 219.87 182.28 343.62 244.94 -1 -1 -1 -1000 -1000 -1000 -10 1
38 29 Car -1 -1 -1 56.25 186.82 213.54 248.28 -1 -1 -1 -1000 -1000 -1000 -10 1
38 2 Car -1 -1 -1 694.36 175.35 740.56 213.60 -1 -1 -1 -1000 -1000 -1000 -10 1
40 39 Car -1 -1 -1 596.12 171.48 625.40 194.95 -1 -1 -1 -1000 -1000 -1000 -10 1
40 33 Car -1 -1 -1 202.52 171.09 328.46 236.62 -1 -1 -1 -1000 -1000 -1000 -10 1
40 29 Car -1 -1 -1 -10.26 191.39 148.85 257.16 -1 -1 -1 -1000 -1000 -1000 -10 1
40 2 Car -1 -1 -1 692.78 175.67 737.18 212.90 -1 -1 -1 -1000 -1000 -1000 -10 1
41 39 Car -1 -1 -1 594.92 172.00 624.60 196.23 -1 -1 -1 -1000 -1000 -1000 -10 1
41 33 Car -1 -1 -1 178.39 169.91 309.37 235.34 -1 -1 -1 -1000 -1000 -1000 -10 1
41 29 Car -1 -1 -1 -14.88 203.46 163.99 283.58 -1 -1 -1 -1000 -1000 -1000 -10 1
41 2 Car -1 -1 -1 694.80 174.73 738.24 211.14 -1 -1 -1 -1000 -1000 -1000 -10 1
42 39 Car -1 -1 -1 594.29 169.84 624.42 194.11 -1 -1 -1 -1000 -1000 -1000 -10 1
42 33 Car -1 -1 -1 139.96 171.81 279.97 239.48 -1 -1 -1 -1000 -1000 -1000 -10 1
42 29 Car -1 -1 -1 -32.33 209.09 123.65 294.87 -1 -1 -1 -1000 -1000 -1000 -10 1
42 2 Car -1 -1 -1 692.30 175.38 735.77 211.09 -1 -1 -1 -1000 -1000 -1000 -10 1
43 42 Car -1 -1 -1 229.62 174.87 349.56 238.44 -1 -1 -1 -1000 -1000 -1000 -10 1
43 39 Car -1 -1 -1 593.69 169.16 624.26 193.46 -1 -1 -1 -1000 -1000 -1000 -10 1
43 33 Car -1 -1 -1 88.48 174.68 241.86 245.96 -1 -1 -1 -1000 -1000 -1000 -10 1
43 2 Car -1 -1 -1 690.47 175.26 734.65 211.04 -1 -1 -1 -1000 -1000 -1000 -10 1
44 43 Car -1 -1 -1 323.61 177.16 387.54 214.76 -1 -1 -1 -1000 -1000 -1000 -10 1
44 42 Car -1 -1 -1 179.98 180.61 315.97 248.94 -1 -1 -1 -1000 -1000 -1000 -10 1
44 39 Car -1 -1 -1 594.00 168.87 624.95 193.04 -1 -1 -1 -1000 -1000 -1000 -10 1
44 33 Car -1 -1 -1 29.94 178.08 199.53 252.79 -1 -1 -1 -1000 -1000 -1000 -10 1
44 2 Car -1 -1 -1 688.92 175.41 734.13 211.67 -1 -1 -1 -1000 -1000 -1000 -10 1
45 43 Car -1 -1 -1 299.91 178.71 374.33 220.62 -1 -1 -1 -1000 -1000 -1000 -10 1
45 42 Car -1 -1 -1 118.17 185.51 274.90 258.89 -1 -1 -1 -1000 -1000 -1000 -10 1
45 39 Car -1 -1 -1 593.46 169.55 624.85 193.65 -1 -1 -1 -1000 -1000 -1000 -10 1
45 33 Car -1 -1 -1 -6.36 182.92 160.12 260.96 -1 -1 -1 -1000 -1000 -1000 -10 1
45 2 Car -1 -1 -1 689.94 175.09 734.73 210.85 -1 -1 -1 -1000 -1000 -1000 -10 1
46 43 Car -1 -1 -1 277.02 176.30 361.59 221.76 -1 -1 -1 -1000 -1000 -1000 -10 1
46 42 Car -1 -1 -1 32.41 187.33 227.80 276.59 -1 -1 -1 -1000 -1000 -1000 -10 1
46 39 Car -1 -1 -1 591.86 170.02 623.83 193.97 -1 -1 -1 -1000 -1000 -1000 -10 1
46 33 Car -1 -1 -1 -29.32 180.40 111.28 257.79 -1 -1 -1 -1000 -1000 -1000 -10 1
46 2 Car -1 -1 -1 688.35 175.18 734.62 211.51 -1 -1 -1 -1000 -1000 -1000 -10 1
47 43 Car -1 -1 -1 254.46 178.27 347.16 226.87 -1 -1 -1 -1000 -1000 -1000 -10 1
47 42 Car -1 -1 -1 -14.02 195.00 179.77 292.31 -1 -1 -1 -1000 -1000 -1000 -10 1
47 39 Car -1 -1 -1 590.77 171.29 622.75 194.97 -1 -1 -1 -1000 -1000 -1000 -10 1
47 2 Car -1 -1 -1 689.93 177.14 736.26 213.28 -1 -1 -1 -1000 -1000 -1000 -10 1
48 43 Car -1 -1 -1 224.42 182.32 329.69 232.92 -1 -1 -1 -1000 -1000 -1000 -10 1
48 42 Car -1 -1 -1 -42.76 202.74 114.92 300.33 -1 -1 -1 -1000 -1000 -1000 -10 1
48 39 Car -1 -1 -1 592.79 172.47 625.07 198.01 -1 -1 -1 -1000 -1000 -1000 -10 1
48 2 Car -1 -1 -1 689.68 177.73 735.27 213.28 -1 -1 -1 -1000 -1000 -1000 -10 1
49 43 Car -1 -1 -1 191.04 181.72 308.86 238.18 -1 -1 -1 -1000 -1000 -1000 -10 1
49 39 Car -1 -1 -1 593.90 173.82 625.69 200.31 -1 -1 -1 -1000 -1000 -1000 -10 1
49 2 Car -1 -1 -1 694.32 178.16 738.17 212.59 -1 -1 -1 -1000 -1000 -1000 -10 1
50 46 Car -1 -1 -1 409.02 166.51 470.77 211.96 -1 -1 -1 -1000 -1000 -1000 -10 1
50 43 Car -1 -1 -1 148.35 180.07 282.78 243.48 -1 -1 -1 -1000 -1000 -1000 -10 1
50 39 Car -1 -1 -1 584.98 174.45 615.80 200.45 -1 -1 -1 -1000 -1000 -1000 -10 1
50 2 Car -1 -1 -1 697.92 178.75 740.43 212.52 -1 -1 -1 -1000 -1000 -1000 -10 1
51 43 Car -1 -1 -1 99.26 184.86 246.30 248.12 -1 -1 -1 -1000 -1000 -1000 -10 1
51 39 Car -1 -1 -1 587.21 175.13 619.21 201.90 -1 -1 -1 -1000 -1000 -1000 -10 1
51 2 Car -1 -1 -1 701.19 178.72 743.02 211.99 -1 -1 -1 -1000 -1000 -1000 -10 1
52 43 Car -1 -1 -1 36.54 186.98 200.87 256.11 -1 -1 -1 -1000 -1000 -1000 -10 1
52 2 Car -1 -1 -1 705.67 178.79 746.90 211.79 -1 -1 -1 -1000 -1000 -1000 -10 1
53 48 Car -1 -1 -1 225.02 181.41 285.79 217.09 -1 -1 -1 -1000 -1000 -1000 -10 1
53 43 Car -1 -1 -1 -7.44 191.98 158.31 264.08 -1 -1 -1 -1000 -1000 -1000 -10 1
53 2 Car -1 -1 -1 705.42 177.91 748.65 213.00 -1 -1 -1 -1000 -1000 -1000 -10 1
54 48 Car -1 -1 -1 217.48 182.91 277.03 218.28 -1 -1 -1 -1000 -1000 -1000 -10 1
54 46 Car -1 -1 -1 358.34 173.75 440.50 224.49 -1 -1 -1 -1000 -1000 -1000 -10 1
54 43 Car -1 -1 -1 -30.77 191.71 111.21 265.40 -1 -1 -1 -1000 -1000 -1000 -10 1
54 2 Car -1 -1 -1 715.65 175.77 757.31 211.23 -1 -1 -1 -1000 -1000 -1000 -10 1
55 48 Car -1 -1 -1 207.40 182.21 268.60 217.93 -1 -1 -1 -1000 -1000 -1000 -10 1
55 46 Car -1 -1 -1 337.39 173.02 430.02 226.35 -1 -1 -1 -1000 -1000 -1000 -10 1
55 39 Car -1 -1 -1 591.97 171.11 630.09 202.76 -1 -1 -1 -1000 -1000 -1000 -10 1
55 2 Car -1 -1 -1 721.32 173.13 763.53 208.71 -1 -1 -1 -1000 -1000 -1000 -10 1
56 48 Car -1 -1 -1 198.34 183.51 260.02 218.55 -1 -1 -1 -1000 -1000 -1000 -10 1
56 46 Car -1 -1 -1 321.79 171.69 420.54 228.65 -1 -1 -1 -1000 -1000 -1000 -10 1
56 39 Car -1 -1 -1 593.19 169.57 633.88 203.50 -1 -1 -1 -1000 -1000 -1000 -10 1
56 2 Car -1 -1 -1 729.78 173.10 771.76 207.69 -1 -1 -1 -1000 -1000 -1000 -10 1
57 52 Car -1 -1 -1 523.12 165.42 558.44 197.47 -1 -1 -1 -1000 -1000 -1000 -10 1
57 48 Car -1 -1 -1 183.35 182.20 249.91 219.30 -1 -1 -1 -1000 -1000 -1000 -10 1
57 46 Car -1 -1 -1 293.13 170.83 404.26 231.95 -1 -1 -1 -1000 -1000 -1000 -10 1
57 39 Car -1 -1 -1 595.69 166.65 637.28 202.53 -1 -1 -1 -1000 -1000 -1000 -10 1
57 2 Car -1 -1 -1 740.21 171.36 782.21 204.51 -1 -1 -1 -1000 -1000 -1000 -10 1
58 55 Car -1 -1 -1 264.53 165.68 389.36 236.69 -1 -1 -1 -1000 -1000 -1000 -10 1
58 48 Car -1 -1 -1 173.32 182.54 241.39 221.15 -1 -1 -1 -1000 -1000 -1000 -10 1
58 46 Car -1 -1 -1 268.39 167.53 390.85 233.43 -1 -1 -1 -1000 -1000 -1000 -10 1
58 39 Car -1 -1 -1 594.18 165.74 635.80 202.57 -1 -1 -1 -1000 -1000 -1000 -10 1
58 2 Car -1 -1 -1 748.69 171.26 791.78 203.58 -1 -1 -1 -1000 -1000 -1000 -10 1
59 55 Car -1 -1 -1 230.92 160.92 365.76 239.57 -1 -1 -1 -1000 -1000 -1000 -10 1
59 48 Car -1 -1 -1 160.58 180.92 235.31 222.09 -1 -1 -1 -1000 -1000 -1000 -10 1
59 46 Car -1 -1 -1 237.08 167.32 371.02 237.28 -1 -1 -1 -1000 -1000 -1000 -10 1
59 39 Car -1 -1 -1 593.75 166.58 636.68 204.28 -1 -1 -1 -1000 -1000 -1000 -10 1
59 2 Car -1 -1 -1 758.93 169.11 805.67 200.31 -1 -1 -1 -1000 -1000 -1000 -10 1
60 55 Car -1 -1 -1 190.22 159.83 344.44 248.27 -1 -1 -1 -1000 -1000 -1000 -10 1
60 48 Car -1 -1 -1 150.99 179.11 225.58 222.04 -1 -1 -1 -1000 -1000 -1000 -10 1
60 46 Car -1 -1 -1 202.79 168.39 347.38 243.33 -1 -1 -1 -1000 -1000 -1000 -10 1
60 39 Car -1 -1 -1 593.10 164.51 637.35 203.22 -1 -1 -1 -1000 -1000 -1000 -10 1
60 2 Car -1 -1 -1 766.60 167.23 813.68 198.12 -1 -1 -1 -1000 -1000 -1000 -10 1
61 55 Car -1 -1 -1 141.42 158.37 318.51 257.82 -1 -1 -1 -1000 -1000 -1000 -10 1
61 39 Car -1 -1 -1 592.23 163.81 637.69 203.66 -1 -1 -1 -1000 -1000 -1000 -10 1
61 2 Car -1 -1 -1 777.98 168.13 829.54 196.77 -1 -1 -1 -1000 -1000 -1000 -10 1
62 55 Car -1 -1 -1 86.40 159.61 289.90 265.66 -1 -1 -1 -1000 -1000 -1000 -10 1
62 39 Car -1 -1 -1 590.50 163.95 637.96 204.76 -1 -1 -1 -1000 -1000 -1000 -10 1
62 2 Car -1 -1 -1 791.52 169.39 841.76 198.19 -1 -1 -1 -1000 -1000 -1000 -10 1
63 55 Car -1 -1 -1 19.61 161.93 252.46 281.53 -1 -1 -1 -1000 -1000 -1000 -10 1
63 39 Car -1 -1 -1 590.38 162.86 639.11 205.57 -1 -1 -1 -1000 -1000 -1000 -10 1
63 2 Car -1 -1 -1 805.91 169.24 859.03 197.93 -1 -1 -1 -1000 -1000 -1000 -10 1
64 57 Car -1 -1 -1 330.36 176.90 417.49 223.41 -1 -1 -1 -1000 -1000 -1000 -10 1
64 55 Car -1 -1 -1 -15.89 166.83 220.60 294.05 -1 -1 -1 -1000 -1000 -1000 -10 1
64 39 Car -1 -1 -1 590.28 162.32 639.98 206.95 -1 -1 -1 -1000 -1000 -1000 -10 1
64 2 Car -1 -1 -1 817.82 170.23 870.73 197.99 -1 -1 -1 -1000 -1000 -1000 -10 1
65 57 Car -1 -1 -1 309.24 179.71 405.41 228.60 -1 -1 -1 -1000 -1000 -1000 -10 1
65 55 Car -1 -1 -1 -33.40 168.58 184.78 296.60 -1 -1 -1 -1000 -1000 -1000 -10 1
65 39 Car -1 -1 -1 589.88 162.17 640.47 208.29 -1 -1 -1 -1000 -1000 -1000 -10 1
65 2 Car -1 -1 -1 829.84 170.99 881.46 197.17 -1 -1 -1 -1000 -1000 -1000 -10 1
66 60 Car -1 -1 -1 402.26 168.49 477.52 203.73 -1 -1 -1 -1000 -1000 -1000 -10 1
66 59 Car -1 -1 -1 897.63 163.29 974.81 194.02 -1 -1 -1 -1000 -1000 -1000 -10 1
66 57 Car -1 -1 -1 282.73 181.30 390.00 232.77 -1 -1 -1 -1000 -1000 -1000 -10 1
66 39 Car -1 -1 -1 588.58 162.24 640.02 209.36 -1 -1 -1 -1000 -1000 -1000 -10 1
66 2 Car -1 -1 -1 842.47 171.05 897.83 197.82 -1 -1 -1 -1000 -1000 -1000 -10 1
67 60 Car -1 -1 -1 387.83 162.98 478.75 205.68 -1 -1 -1 -1000 -1000 -1000 -10 1
67 59 Car -1 -1 -1 881.28 164.45 958.31 194.56 -1 -1 -1 -1000 -1000 -1000 -10 1
67 57 Car -1 -1 -1 253.17 181.64 372.68 236.46 -1 -1 -1 -1000 -1000 -1000 -10 1
67 39 Car -1 -1 -1 588.90 161.91 641.56 210.06 -1 -1 -1 -1000 -1000 -1000 -10 1
67 2 Car -1 -1 -1 857.77 170.32 917.12 197.32 -1 -1 -1 -1000 -1000 -1000 -10 1
68 60 Car -1 -1 -1 376.55 163.73 467.18 207.43 -1 -1 -1 -1000 -1000 -1000 -10 1
68 59 Car -1 -1 -1 877.72 162.96 951.39 193.71 -1 -1 -1 -1000 -1000 -1000 -10 1
68 57 Car -1 -1 -1 225.80 183.68 349.71 241.81 -1 -1 -1 -1000 -1000 -1000 -10 1
68 39 Car -1 -1 -1 588.01 162.03 641.59 210.86 -1 -1 -1 -1000 -1000 -1000 -10 1
69 60 Car -1 -1 -1 367.33 167.05 456.35 209.75 -1 -1 -1 -1000 -1000 -1000 -10 1
69 59 Car -1 -1 -1 883.44 162.48 955.93 193.76 -1 -1 -1 -1000 -1000 -1000 -10 1
69 57 Car -1 -1 -1 183.79 182.98 324.56 248.02 -1 -1 -1 -1000 -1000 -1000 -10 1
69 39 Car -1 -1 -1 586.32 162.38 640.33 211.16 -1 -1 -1 -1000 -1000 -1000 -10 1
70 64 Car -1 -1 -1 7.28 187.95 94.99 240.17 -1 -1 -1 -1000 -1000 -1000 -10 1
70 59 Car -1 -1 -1 884.75 162.94 958.24 194.31 -1 -1 -1 -1000 -1000 -1000 -10 1
70 57 Car -1 -1 -1 136.46 182.93 295.32 253.79 -1 -1 -1 -1000 -1000 -1000 -10 1
70 39 Car -1 -1 -1 584.74 163.86 639.50 212.71 -1 -1 -1 -1000 -1000 -1000 -10 1
71 64 Car -1 -1 -1 -4.75 185.89 82.85 241.58 -1 -1 -1 -1000 -1000 -1000 -10 1
71 57 Car -1 -1 -1 79.59 184.32 264.14 264.73 -1 -1 -1 -1000 -1000 -1000 -10 1
71 39 Car -1 -1 -1 585.37 164.92 641.03 214.58 -1 -1 -1 -1000 -1000 -1000 -10 1
72 57 Car -1 -1 -1 21.04 189.79 220.63 273.46 -1 -1 -1 -1000 -1000 -1000 -10 1
72 39 Car -1 -1 -1 586.42 164.96 642.99 215.44 -1 -1 -1 -1000 -1000 -1000 -10 1
73 65 Car -1 -1 -1 282.68 174.31 410.08 226.39 -1 -1 -1 -1000 -1000 -1000 -10 1
73 57 Car -1 -1 -1 -12.76 194.49 186.26 287.52 -1 -1 -1 -1000 -1000 -1000 -10 1
73 39 Car -1 -1 -1 586.17 165.95 644.09 217.68 -1 -1 -1 -1000 -1000 -1000 -10 1
74 67 Car -1 -1 -1 1007.25 161.39 1109.70 198.20 -1 -1 -1 -1000 -1000 -1000 -10 1
74 65 Car -1 -1 -1 255.81 172.47 396.23 232.60 -1 -1 -1 -1000 -1000 -1000 -10 1
74 59 Car -1 -1 -1 836.78 161.48 899.57 187.58 -1 -1 -1 -1000 -1000 -1000 -10 1
74 57 Car -1 -1 -1 -34.36 197.43 143.44 296.13 -1 -1 -1 -1000 -1000 -1000 -10 1
74 39 Car -1 -1 -1 586.46 167.68 645.89 220.72 -1 -1 -1 -1000 -1000 -1000 -10 1
75 67 Car -1 -1 -1 1023.03 163.39 1119.64 197.81 -1 -1 -1 -1000 -1000 -1000 -10 1
75 65 Car -1 -1 -1 224.86 174.55 374.50 240.46 -1 -1 -1 -1000 -1000 -1000 -10 1
75 39 Car -1 -1 -1 585.69 168.14 646.30 222.10 -1 -1 -1 -1000 -1000 -1000 -10 1
76 67 Car -1 -1 -1 1052.44 162.90 1155.03 198.65 -1 -1 -1 -1000 -1000 -1000 -10 1
76 65 Car -1 -1 -1 187.66 178.78 348.32 249.09 -1 -1 -1 -1000 -1000 -1000 -10 1
76 39 Car -1 -1 -1 584.08 167.65 646.02 222.55 -1 -1 -1 -1000 -1000 -1000 -10 1
77 67 Car -1 -1 -1 1081.74 163.12 1190.51 199.84 -1 -1 -1 -1000 -1000 -1000 -10 1
77 65 Car -1 -1 -1 138.78 182.60 315.31 258.21 -1 -1 -1 -1000 -1000 -1000 -10 1
77 39 Car -1 -1 -1 582.05 168.09 644.28 223.67 -1 -1 -1 -1000 -1000 -1000 -10 1
78 69 Car -1 -1 -1 -3.36 175.88 95.18 222.05 -1 -1 -1 -1000 -1000 -1000 -10 1
78 67 Car -1 -1 -1 1102.61 162.40 1218.11 200.71 -1 -1 -1 -1000 -1000 -1000 -10 1
78 65 Car -1 -1 -1 75.80 184.48 285.49 271.81 -1 -1 -1 -1000 -1000 -1000 -10 1
78 59 Car -1 -1 -1 793.41 162.47 859.59 188.62 -1 -1 -1 -1000 -1000 -1000 -10 1
78 39 Car -1 -1 -1 578.91 166.98 642.76 224.34 -1 -1 -1 -1000 -1000 -1000 -10 1
79 67 Car -1 -1 -1 1122.00 156.71 1244.63 199.30 -1 -1 -1 -1000 -1000 -1000 -10 1
79 65 Car -1 -1 -1 27.13 185.76 251.56 276.17 -1 -1 -1 -1000 -1000 -1000 -10 1
79 59 Car -1 -1 -1 777.21 159.76 844.19 186.50 -1 -1 -1 -1000 -1000 -1000 -10 1
79 39 Car -1 -1 -1 577.11 168.02 642.23 226.87 -1 -1 -1 -1000 -1000 -1000 -10 1
80 67 Car -1 -1 -1 1146.46 154.22 1257.27 197.73 -1 -1 -1 -1000 -1000 -1000 -10 1
80 65 Car -1 -1 -1 3.27 183.95 231.02 274.97 -1 -1 -1 -1000 -1000 -1000 -10 1
80 59 Car -1 -1 -1 764.77 158.47 834.05 186.09 -1 -1 -1 -1000 -1000 -1000 -10 1
80 39 Car -1 -1 -1 575.35 168.07 642.19 228.77 -1 -1 -1 -1000 -1000 -1000 -10 1
81 67 Car -1 -1 -1 1177.65 150.58 1267.94 194.34 -1 -1 -1 -1000 -1000 -1000 -10 1
81 65 Car -1 -1 -1 -9.26 180.83 214.28 270.22 -1 -1 -1 -1000 -1000 -1000 -10 1
81 59 Car -1 -1 -1 754.92 158.83 825.20 187.07 -1 -1 -1 -1000 -1000 -1000 -10 1
81 39 Car -1 -1 -1 571.74 168.94 643.18 230.04 -1 -1 -1 -1000 -1000 -1000 -10 1
82 73 Car -1 -1 -1 -5.23 200.25 269.84 380.58 -1 -1 -1 -1000 -1000 -1000 -10 1
82 59 Car -1 -1 -1 746.67 160.34 816.44 189.18 -1 -1 -1 -1000 -1000 -1000 -10 1
82 39 Car -1 -1 -1 568.37 169.18 643.11 230.55 -1 -1 -1 -1000 -1000 -1000 -10 1
83 73 Car -1 -1 -1 -1.72 215.23 282.53 384.23 -1 -1 -1 -1000 -1000 -1000 -10 1
83 59 Car -1 -1 -1 736.57 160.73 806.10 189.20 -1 -1 -1 -1000 -1000 -1000 -10 1
83 39 Car -1 -1 -1 566.70 169.19 645.18 231.57 -1 -1 -1 -1000 -1000 -1000 -10 1
84 75 Car -1 -1 -1 -24.50 207.91 138.76 305.19 -1 -1 -1 -1000 -1000 -1000 -10 1
84 73 Car -1 -1 -1 2.87 218.51 297.73 382.01 -1 -1 -1 -1000 -1000 -1000 -10 1
84 39 Car -1 -1 -1 565.93 169.85 648.10 233.53 -1 -1 -1 -1000 -1000 -1000 -10 1
85 73 Car -1 -1 -1 1.30 217.68 302.68 379.55 -1 -1 -1 -1000 -1000 -1000 -10 1
85 39 Car -1 -1 -1 565.58 170.40 651.07 235.91 -1 -1 -1 -1000 -1000 -1000 -10 1
86 73 Car -1 -1 -1 -0.83 214.75 310.30 375.31 -1 -1 -1 -1000 -1000 -1000 -10 1
86 39 Car -1 -1 -1 566.33 170.88 655.29 238.57 -1 -1 -1 -1000 -1000 -1000 -10 1
87 73 Car -1 -1 -1 -2.94 208.66 320.63 374.29 -1 -1 -1 -1000 -1000 -1000 -10 1
87 39 Car -1 -1 -1 565.71 170.78 659.02 241.00 -1 -1 -1 -1000 -1000 -1000 -10 1
88 73 Car -1 -1 -1 1.61 206.79 328.54 374.31 -1 -1 -1 -1000 -1000 -1000 -10 1
88 39 Car -1 -1 -1 564.42 170.32 660.11 242.67 -1 -1 -1 -1000 -1000 -1000 -10 1
89 73 Car -1 -1 -1 -2.74 202.96 337.36 374.01 -1 -1 -1 -1000 -1000 -1000 -10 1
89 39 Car -1 -1 -1 560.46 170.38 656.13 246.20 -1 -1 -1 -1000 -1000 -1000 -10 1
90 73 Car -1 -1 -1 -0.31 203.00 347.78 374.84 -1 -1 -1 -1000 -1000 -1000 -10 1
90 39 Car -1 -1 -1 558.36 169.64 654.97 248.59 -1 -1 -1 -1000 -1000 -1000 -10 1
91 73 Car -1 -1 -1 0.64 204.57 353.08 375.65 -1 -1 -1 -1000 -1000 -1000 -10 1
91 39 Car -1 -1 -1 558.19 169.13 656.29 250.61 -1 -1 -1 -1000 -1000 -1000 -10 1
92 73 Car -1 -1 -1 -0.45 200.69 364.05 374.11 -1 -1 -1 -1000 -1000 -1000 -10 1
92 39 Car -1 -1 -1 557.66 168.69 657.34 251.98 -1 -1 -1 -1000 -1000 -1000 -10 1
93 73 Car -1 -1 -1 -2.53 199.52 373.81 372.12 -1 -1 -1 -1000 -1000 -1000 -10 1
93 39 Car -1 -1 -1 555.79 168.31 657.40 253.41 -1 -1 -1 -1000 -1000 -1000 -10 1
94 73 Car -1 -1 -1 -5.39 200.42 379.81 372.98 -1 -1 -1 -1000 -1000 -1000 -10 1
94 39 Car -1 -1 -1 553.65 167.03 655.80 253.59 -1 -1 -1 -1000 -1000 -1000 -10 1
95 73 Car -1 -1 -1 -2.51 194.48 382.19 370.14 -1 -1 -1 -1000 -1000 -1000 -10 1
95 39 Car -1 -1 -1 554.01 167.74 660.36 252.06 -1 -1 -1 -1000 -1000 -1000 -10 1
96 73 Car -1 -1 -1 -4.66 194.75 390.12 372.53 -1 -1 -1 -1000 -1000 -1000 -10 1
96 39 Car -1 -1 -1 556.52 171.50 664.34 256.26 -1 -1 -1 -1000 -1000 -1000 -10 1
97 73 Car -1 -1 -1 -6.63 193.87 400.39 374.02 -1 -1 -1 -1000 -1000 -1000 -10 1
97 39 Car -1 -1 -1 553.05 172.69 663.14 260.06 -1 -1 -1 -1000 -1000 -1000 -10 1
98 73 Car -1 -1 -1 -10.56 193.42 412.00 374.61 -1 -1 -1 -1000 -1000 -1000 -10 1
98 39 Car -1 -1 -1 551.18 172.13 663.23 261.92 -1 -1 -1 -1000 -1000 -1000 -10 1
99 73 Car -1 -1 -1 -6.56 193.17 410.76 373.74 -1 -1 -1 -1000 -1000 -1000 -10 1
99 39 Car -1 -1 -1 551.49 169.03 668.44 262.24 -1 -1 -1 -1000 -1000 -1000 -10 1
100 73 Car -1 -1 -1 -9.18 191.95 408.42 373.32 -1 -1 -1 -1000 -1000 -1000 -10 1
100 39 Car -1 -1 -1 549.65 167.23 670.82 263.67 -1 -1 -1 -1000 -1000 -1000 -10 1
101 73 Car -1 -1 -1 -7.84 190.70 409.21 372.77 -1 -1 -1 -1000 -1000 -1000 -10 1
101 39 Car -1 -1 -1 544.95 167.53 671.49 268.21 -1 -1 -1 -1000 -1000 -1000 -10 1
102 82 Car -1 -1 -1 810.14 165.44 883.47 193.01 -1 -1 -1 -1000 -1000 -1000 -10 1
102 73 Car -1 -1 -1 -11.36 190.50 416.42 370.66 -1 -1 -1 -1000 -1000 -1000 -10 1
102 39 Car -1 -1 -1 543.97 166.17 675.15 270.04 -1 -1 -1 -1000 -1000 -1000 -10 1
103 73 Car -1 -1 -1 -12.05 189.83 424.15 370.16 -1 -1 -1 -1000 -1000 -1000 -10 1
103 39 Car -1 -1 -1 537.03 165.19 676.96 273.91 -1 -1 -1 -1000 -1000 -1000 -10 1
104 73 Car -1 -1 -1 -12.03 189.95 424.10 371.57 -1 -1 -1 -1000 -1000 -1000 -10 1
104 39 Car -1 -1 -1 536.39 164.57 681.50 276.84 -1 -1 -1 -1000 -1000 -1000 -10 1
105 73 Car -1 -1 -1 -16.91 188.20 424.83 371.43 -1 -1 -1 -1000 -1000 -1000 -10 1
105 39 Car -1 -1 -1 534.70 164.27 683.26 278.59 -1 -1 -1 -1000 -1000 -1000 -10 1
106 83 Car -1 -1 -1 460.99 170.97 562.19 210.09 -1 -1 -1 -1000 -1000 -1000 -10 1
106 73 Car -1 -1 -1 -17.97 187.81 429.64 371.59 -1 -1 -1 -1000 -1000 -1000 -10 1
106 39 Car -1 -1 -1 533.69 164.12 685.67 280.06 -1 -1 -1 -1000 -1000 -1000 -10 1
107 83 Car -1 -1 -1 447.00 174.14 552.14 213.89 -1 -1 -1 -1000 -1000 -1000 -10 1
107 73 Car -1 -1 -1 -13.05 187.98 429.43 370.73 -1 -1 -1 -1000 -1000 -1000 -10 1
107 39 Car -1 -1 -1 533.34 164.35 688.33 282.65 -1 -1 -1 -1000 -1000 -1000 -10 1
108 73 Car -1 -1 -1 -15.21 184.75 432.78 371.03 -1 -1 -1 -1000 -1000 -1000 -10 1
108 39 Car -1 -1 -1 532.30 164.27 689.53 284.80 -1 -1 -1 -1000 -1000 -1000 -10 1
109 73 Car -1 -1 -1 -12.26 183.45 437.20 371.70 -1 -1 -1 -1000 -1000 -1000 -10 1
109 39 Car -1 -1 -1 531.63 164.98 692.37 288.28 -1 -1 -1 -1000 -1000 -1000 -10 1
110 73 Car -1 -1 -1 -8.62 182.48 440.69 372.18 -1 -1 -1 -1000 -1000 -1000 -10 1
110 39 Car -1 -1 -1 530.10 165.74 693.77 291.45 -1 -1 -1 -1000 -1000 -1000 -10 1
111 73 Car -1 -1 -1 -2.52 179.78 444.66 371.94 -1 -1 -1 -1000 -1000 -1000 -10 1
111 39 Car -1 -1 -1 529.58 168.04 696.30 296.31 -1 -1 -1 -1000 -1000 -1000 -10 1
112 73 Car -1 -1 -1 0.85 180.29 447.81 372.68 -1 -1 -1 -1000 -1000 -1000 -10 1
112 39 Car -1 -1 -1 529.30 167.98 696.63 299.24 -1 -1 -1 -1000 -1000 -1000 -10 1
113 83 Car -1 -1 -1 349.78 176.85 466.86 222.29 -1 -1 -1 -1000 -1000 -1000 -10 1
113 73 Car -1 -1 -1 5.23 181.13 448.98 373.07 -1 -1 -1 -1000 -1000 -1000 -10 1
113 39 Car -1 -1 -1 527.91 167.74 693.80 299.17 -1 -1 -1 -1000 -1000 -1000 -10 1
114 83 Car -1 -1 -1 337.95 177.73 455.48 224.68 -1 -1 -1 -1000 -1000 -1000 -10 1
114 73 Car -1 -1 -1 10.65 180.51 452.00 372.89 -1 -1 -1 -1000 -1000 -1000 -10 1
114 39 Car -1 -1 -1 528.41 168.64 694.18 300.26 -1 -1 -1 -1000 -1000 -1000 -10 1
115 83 Car -1 -1 -1 316.18 174.84 437.21 225.39 -1 -1 -1 -1000 -1000 -1000 -10 1
115 73 Car -1 -1 -1 10.98 179.21 450.45 372.36 -1 -1 -1 -1000 -1000 -1000 -10 1
115 39 Car -1 -1 -1 528.16 169.03 691.82 306.12 -1 -1 -1 -1000 -1000 -1000 -10 1
116 73 Car -1 -1 -1 12.14 179.03 448.95 372.61 -1 -1 -1 -1000 -1000 -1000 -10 1
116 39 Car -1 -1 -1 525.36 165.93 692.64 304.96 -1 -1 -1 -1000 -1000 -1000 -10 1
117 73 Car -1 -1 -1 13.28 177.19 450.46 372.36 -1 -1 -1 -1000 -1000 -1000 -10 1
117 39 Car -1 -1 -1 524.17 165.73 699.28 310.47 -1 -1 -1 -1000 -1000 -1000 -10 1
118 73 Car -1 -1 -1 10.54 179.24 445.95 373.54 -1 -1 -1 -1000 -1000 -1000 -10 1
118 39 Car -1 -1 -1 521.58 164.43 706.25 310.88 -1 -1 -1 -1000 -1000 -1000 -10 1
119 73 Car -1 -1 -1 11.58 179.13 448.72 373.47 -1 -1 -1 -1000 -1000 -1000 -10 1
119 39 Car -1 -1 -1 518.67 163.89 708.78 310.59 -1 -1 -1 -1000 -1000 -1000 -10 1
120 88 Car -1 -1 -1 400.72 176.32 485.49 209.18 -1 -1 -1 -1000 -1000 -1000 -10 1
120 73 Car -1 -1 -1 6.16 179.33 445.21 373.53 -1 -1 -1 -1000 -1000 -1000 -10 1
120 39 Car -1 -1 -1 517.08 163.45 707.13 311.32 -1 -1 -1 -1000 -1000 -1000 -10 1
121 88 Car -1 -1 -1 374.75 175.51 460.28 208.96 -1 -1 -1 -1000 -1000 -1000 -10 1
121 73 Car -1 -1 -1 -2.60 182.84 435.28 375.05 -1 -1 -1 -1000 -1000 -1000 -10 1
122 89 Car -1 -1 -1 519.85 161.32 702.10 317.26 -1 -1 -1 -1000 -1000 -1000 -10 1
122 88 Car -1 -1 -1 354.42 180.42 434.85 213.01 -1 -1 -1 -1000 -1000 -1000 -10 1
122 73 Car -1 -1 -1 -9.13 184.48 431.32 373.25 -1 -1 -1 -1000 -1000 -1000 -10 1
123 89 Car -1 -1 -1 518.83 161.76 704.03 322.13 -1 -1 -1 -1000 -1000 -1000 -10 1
123 73 Car -1 -1 -1 -11.74 183.90 433.31 373.16 -1 -1 -1 -1000 -1000 -1000 -10 1
124 89 Car -1 -1 -1 518.35 161.96 702.87 326.36 -1 -1 -1 -1000 -1000 -1000 -10 1
124 73 Car -1 -1 -1 -17.67 186.52 430.14 374.64 -1 -1 -1 -1000 -1000 -1000 -10 1
124 39 Car -1 -1 -1 513.01 157.69 709.88 328.70 -1 -1 -1 -1000 -1000 -1000 -10 1
125 89 Car -1 -1 -1 515.80 160.50 702.93 329.57 -1 -1 -1 -1000 -1000 -1000 -10 1
125 73 Car -1 -1 -1 -20.78 187.54 431.68 375.04 -1 -1 -1 -1000 -1000 -1000 -10 1
125 39 Car -1 -1 -1 510.87 154.99 710.36 332.61 -1 -1 -1 -1000 -1000 -1000 -10 1
126 89 Car -1 -1 -1 513.18 160.46 702.12 332.92 -1 -1 -1 -1000 -1000 -1000 -10 1
126 73 Car -1 -1 -1 -18.55 188.72 429.21 375.04 -1 -1 -1 -1000 -1000 -1000 -10 1
126 39 Car -1 -1 -1 507.88 153.59 710.11 336.00 -1 -1 -1 -1000 -1000 -1000 -10 1
127 89 Car -1 -1 -1 510.48 159.06 703.61 335.05 -1 -1 -1 -1000 -1000 -1000 -10 1
127 73 Car -1 -1 -1 -12.65 190.11 426.99 375.08 -1 -1 -1 -1000 -1000 -1000 -10 1
127 39 Car -1 -1 -1 506.12 152.72 712.98 339.37 -1 -1 -1 -1000 -1000 -1000 -10 1
128 89 Car -1 -1 -1 507.35 158.14 705.35 336.76 -1 -1 -1 -1000 -1000 -1000 -10 1
128 73 Car -1 -1 -1 -14.43 189.43 427.27 372.63 -1 -1 -1 -1000 -1000 -1000 -10 1
128 39 Car -1 -1 -1 502.59 151.15 715.22 341.75 -1 -1 -1 -1000 -1000 -1000 -10 1
129 89 Car -1 -1 -1 504.42 157.79 709.29 339.36 -1 -1 -1 -1000 -1000 -1000 -10 1
129 73 Car -1 -1 -1 -18.66 188.98 426.64 372.16 -1 -1 -1 -1000 -1000 -1000 -10 1
129 39 Car -1 -1 -1 500.40 149.89 720.14 344.75 -1 -1 -1 -1000 -1000 -1000 -10 1
130 89 Car -1 -1 -1 501.45 157.40 710.47 340.66 -1 -1 -1 -1000 -1000 -1000 -10 1
130 73 Car -1 -1 -1 -19.30 192.11 421.50 371.20 -1 -1 -1 -1000 -1000 -1000 -10 1
130 39 Car -1 -1 -1 497.61 149.12 722.11 347.79 -1 -1 -1 -1000 -1000 -1000 -10 1
131 89 Car -1 -1 -1 499.74 156.06 709.63 339.82 -1 -1 -1 -1000 -1000 -1000 -10 1
131 73 Car -1 -1 -1 -13.71 193.78 421.03 372.34 -1 -1 -1 -1000 -1000 -1000 -10 1
131 39 Car -1 -1 -1 493.38 147.90 721.57 349.04 -1 -1 -1 -1000 -1000 -1000 -10 1
132 89 Car -1 -1 -1 499.30 156.38 707.76 341.14 -1 -1 -1 -1000 -1000 -1000 -10 1
132 73 Car -1 -1 -1 -10.44 193.70 420.63 372.48 -1 -1 -1 -1000 -1000 -1000 -10 1
132 39 Car -1 -1 -1 492.62 146.48 722.68 350.12 -1 -1 -1 -1000 -1000 -1000 -10 1
133 89 Car -1 -1 -1 499.94 157.18 708.11 344.11 -1 -1 -1 -1000 -1000 -1000 -10 1
133 73 Car -1 -1 -1 -16.71 194.12 422.40 374.39 -1 -1 -1 -1000 -1000 -1000 -10 1
133 39 Car -1 -1 -1 491.23 145.72 722.75 352.07 -1 -1 -1 -1000 -1000 -1000 -10 1
134 89 Car -1 -1 -1 499.36 156.87 707.82 345.03 -1 -1 -1 -1000 -1000 -1000 -10 1
134 73 Car -1 -1 -1 -20.33 194.51 425.76 375.16 -1 -1 -1 -1000 -1000 -1000 -10 1
134 39 Car -1 -1 -1 489.35 146.09 722.80 354.12 -1 -1 -1 -1000 -1000 -1000 -10 1
135 89 Car -1 -1 -1 500.50 157.70 708.57 346.89 -1 -1 -1 -1000 -1000 -1000 -10 1
135 73 Car -1 -1 -1 -24.47 194.55 424.82 375.82 -1 -1 -1 -1000 -1000 -1000 -10 1
135 39 Car -1 -1 -1 489.65 148.00 724.18 357.09 -1 -1 -1 -1000 -1000 -1000 -10 1
136 89 Car -1 -1 -1 499.76 158.39 711.40 348.49 -1 -1 -1 -1000 -1000 -1000 -10 1
136 73 Car -1 -1 -1 -26.45 193.69 423.83 376.30 -1 -1 -1 -1000 -1000 -1000 -10 1
136 39 Car -1 -1 -1 490.12 148.68 727.59 358.74 -1 -1 -1 -1000 -1000 -1000 -10 1
137 89 Car -1 -1 -1 498.76 158.46 711.89 351.82 -1 -1 -1 -1000 -1000 -1000 -10 1
137 73 Car -1 -1 -1 -22.42 192.03 418.45 374.85 -1 -1 -1 -1000 -1000 -1000 -10 1
137 39 Car -1 -1 -1 490.29 150.15 729.42 361.07 -1 -1 -1 -1000 -1000 -1000 -10 1
138 89 Car -1 -1 -1 499.32 158.15 713.36 353.88 -1 -1 -1 -1000 -1000 -1000 -10 1
138 73 Car -1 -1 -1 -17.66 191.07 416.00 374.05 -1 -1 -1 -1000 -1000 -1000 -10 1
138 39 Car -1 -1 -1 491.74 151.41 732.26 363.32 -1 -1 -1 -1000 -1000 -1000 -10 1
139 89 Car -1 -1 -1 499.38 158.21 713.49 355.53 -1 -1 -1 -1000 -1000 -1000 -10 1
139 73 Car -1 -1 -1 -19.84 190.37 412.86 374.45 -1 -1 -1 -1000 -1000 -1000 -10 1
139 39 Car -1 -1 -1 491.43 151.65 732.31 364.51 -1 -1 -1 -1000 -1000 -1000 -10 1
140 89 Car -1 -1 -1 497.68 156.66 720.33 359.87 -1 -1 -1 -1000 -1000 -1000 -10 1
140 73 Car -1 -1 -1 -18.45 189.93 410.39 373.65 -1 -1 -1 -1000 -1000 -1000 -10 1
140 39 Car -1 -1 -1 486.12 152.50 731.07 365.30 -1 -1 -1 -1000 -1000 -1000 -10 1
141 89 Car -1 -1 -1 495.00 155.55 723.87 362.80 -1 -1 -1 -1000 -1000 -1000 -10 1
141 73 Car -1 -1 -1 -13.67 191.52 407.31 373.85 -1 -1 -1 -1000 -1000 -1000 -10 1
141 39 Car -1 -1 -1 483.31 152.96 732.26 365.75 -1 -1 -1 -1000 -1000 -1000 -10 1
142 73 Car -1 -1 -1 -11.61 193.19 403.60 374.13 -1 -1 -1 -1000 -1000 -1000 -10 1
142 39 Car -1 -1 -1 485.37 153.46 733.94 367.11 -1 -1 -1 -1000 -1000 -1000 -10 1
143 73 Car -1 -1 -1 -8.99 194.16 400.87 373.82 -1 -1 -1 -1000 -1000 -1000 -10 1
143 39 Car -1 -1 -1 486.29 153.32 734.17 367.98 -1 -1 -1 -1000 -1000 -1000 -10 1
144 73 Car -1 -1 -1 -7.04 194.41 399.45 373.24 -1 -1 -1 -1000 -1000 -1000 -10 1
144 39 Car -1 -1 -1 487.04 153.67 734.81 368.73 -1 -1 -1 -1000 -1000 -1000 -10 1
145 73 Car -1 -1 -1 -5.24 194.40 398.89 372.64 -1 -1 -1 -1000 -1000 -1000 -10 1
145 39 Car -1 -1 -1 486.96 153.82 735.37 368.99 -1 -1 -1 -1000 -1000 -1000 -10 1
146 73 Car -1 -1 -1 -4.18 194.25 398.28 372.15 -1 -1 -1 -1000 -1000 -1000 -10 1
146 39 Car -1 -1 -1 486.54 153.55 735.36 368.84 -1 -1 -1 -1000 -1000 -1000 -10 1
147 73 Car -1 -1 -1 -3.24 194.32 397.70 371.88 -1 -1 -1 -1000 -1000 -1000 -10 1
147 39 Car -1 -1 -1 486.24 153.23 735.69 368.81 -1 -1 -1 -1000 -1000 -1000 -10 1
148 73 Car -1 -1 -1 -2.41 194.60 396.98 371.85 -1 -1 -1 -1000 -1000 -1000 -10 1
148 39 Car -1 -1 -1 485.90 153.00 735.67 368.77 -1 -1 -1 -1000 -1000 -1000 -10 1
149 73 Car -1 -1 -1 -1.68 194.75 396.49 371.71 -1 -1 -1 -1000 -1000 -1000 -10 1
149 39 Car -1 -1 -1 485.81 153.02 735.86 368.82 -1 -1 -1 -1000 -1000 -1000 -10 1
150 73 Car -1 -1 -1 -1.67 194.76 396.26 371.58 -1 -1 -1 -1000 -1000 -1000 -10 1
150 39 Car -1 -1 -1 486.57 153.37 735.73 368.95 -1 -1 -1 -1000 -1000 -1000 -10 1
