0 3 Car -1 -1 -1 927.83 166.91 1042.60 200.69 -1 -1 -1 -1000 -1000 -1000 -10 1
0 2 Car -1 -1 -1 685.34 167.57 904.68 241.30 -1 -1 -1 -1000 -1000 -1000 -10 1
0 1 Car -1 -1 -1 445.80 170.06 479.16 187.78 -1 -1 -1 -1000 -1000 -1000 -10 1
1 3 Car -1 -1 -1 926.23 165.92 1044.93 201.02 -1 -1 -1 -1000 -1000 -1000 -10 1
1 2 Car -1 -1 -1 717.70 167.16 944.48 241.62 -1 -1 -1 -1000 -1000 -1000 -10 1
1 1 Car -1 -1 -1 445.29 169.74 479.24 187.89 -1 -1 -1 -1000 -1000 -1000 -10 1
2 2 Car -1 -1 -1 758.62 167.69 984.23 240.55 -1 -1 -1 -1000 -1000 -1000 -10 1
2 1 Car -1 -1 -1 445.45 169.90 479.48 188.08 -1 -1 -1 -1000 -1000 -1000 -10 1
3 2 Car -1 -1 -1 800.24 166.13 1038.34 242.99 -1 -1 -1 -1000 -1000 -1000 -10 1
3 1 Car -1 -1 -1 445.09 169.97 478.74 187.99 -1 -1 -1 -1000 -1000 -1000 -10 1
4 2 Car -1 -1 -1 833.45 167.17 1053.90 242.76 -1 -1 -1 -1000 -1000 -1000 -10 1
4 1 Car -1 -1 -1 445.54 170.04 478.92 187.79 -1 -1 -1 -1000 -1000 -1000 -10 1
5 2 Car -1 -1 -1 885.64 167.05 1123.93 246.39 -1 -1 -1 -1000 -1000 -1000 -10 1
5 1 Car -1 -1 -1 445.81 169.65 479.11 187.29 -1 -1 -1 -1000 -1000 -1000 -10 1
6 2 Car -1 -1 -1 932.64 163.86 1165.89 243.65 -1 -1 -1 -1000 -1000 -1000 -10 1
6 1 Car -1 -1 -1 445.84 169.57 479.01 187.13 -1 -1 -1 -1000 -1000 -1000 -10 1
7 2 Car -1 -1 -1 959.55 162.75 1177.57 237.72 -1 -1 -1 -1000 -1000 -1000 -10 1
7 1 Car -1 -1 -1 445.94 169.78 478.98 187.22 -1 -1 -1 -1000 -1000 -1000 -10 1
8 1 Car -1 -1 -1 445.98 169.49 479.04 187.02 -1 -1 -1 -1000 -1000 -1000 -10 1
9 1 Car -1 -1 -1 445.92 169.39 479.18 187.03 -1 -1 -1 -1000 -1000 -1000 -10 1
10 1 Car -1 -1 -1 445.97 169.22 479.29 186.92 -1 -1 -1 -1000 -1000 -1000 -10 1
11 5 Car -1 -1 -1 915.61 164.34 1031.38 201.97 -1 -1 -1 -1000 -1000 -1000 -10 1
11 1 Car -1 -1 -1 445.91 169.52 479.47 187.14 -1 -1 -1 -1000 -1000 -1000 -10 1
12 5 Car -1 -1 -1 903.01 164.36 1027.26 204.48 -1 -1 -1 -1000 -1000 -1000 -10 1
12 1 Car -1 -1 -1 446.02 169.61 479.82 187.15 -1 -1 -1 -1000 -1000 -1000 -10 1
13 6 Car -1 -1 -1 982.86 162.88 1111.85 204.22 -1 -1 -1 -1000 -1000 -1000 -10 1
13 5 Car -1 -1 -1 896.68 163.75 1026.80 203.83 -1 -1 -1 -1000 -1000 -1000 -10 1
13 1 Car -1 -1 -1 445.98 169.62 479.94 187.13 -1 -1 -1 -1000 -1000 -1000 -10 1
14 6 Car -1 -1 -1 987.38 164.16 1105.51 202.37 -1 -1 -1 -1000 -1000 -1000 -10 1
14 5 Car -1 -1 -1 891.73 163.60 1025.33 204.23 -1 -1 -1 -1000 -1000 -1000 -10 1
14 1 Car -1 -1 -1 445.98 169.39 480.08 186.96 -1 -1 -1 -1000 -1000 -1000 -10 1
15 5 Car -1 -1 -1 876.67 163.97 1011.74 204.00 -1 -1 -1 -1000 -1000 -1000 -10 1
15 1 Car -1 -1 -1 445.89 169.22 480.10 186.87 -1 -1 -1 -1000 -1000 -1000 -10 1
16 5 Car -1 -1 -1 870.25 164.13 1005.73 203.18 -1 -1 -1 -1000 -1000 -1000 -10 1
16 1 Car -1 -1 -1 445.81 169.08 479.98 186.82 -1 -1 -1 -1000 -1000 -1000 -10 1
17 5 Car -1 -1 -1 863.33 164.35 998.34 203.78 -1 -1 -1 -1000 -1000 -1000 -10 1
17 1 Car -1 -1 -1 445.65 169.02 479.80 186.84 -1 -1 -1 -1000 -1000 -1000 -10 1
18 5 Car -1 -1 -1 853.05 163.64 987.18 204.32 -1 -1 -1 -1000 -1000 -1000 -10 1
18 1 Car -1 -1 -1 445.51 169.31 479.59 187.08 -1 -1 -1 -1000 -1000 -1000 -10 1
19 5 Car -1 -1 -1 847.29 162.53 978.06 203.90 -1 -1 -1 -1000 -1000 -1000 -10 1
19 1 Car -1 -1 -1 445.51 169.50 479.66 187.22 -1 -1 -1 -1000 -1000 -1000 -10 1
20 5 Car -1 -1 -1 838.16 162.40 967.21 203.84 -1 -1 -1 -1000 -1000 -1000 -10 1
20 1 Car -1 -1 -1 445.51 169.56 479.75 187.23 -1 -1 -1 -1000 -1000 -1000 -10 1
21 5 Car -1 -1 -1 827.33 163.02 954.86 203.90 -1 -1 -1 -1000 -1000 -1000 -10 1
21 1 Car -1 -1 -1 445.58 169.32 479.91 187.03 -1 -1 -1 -1000 -1000 -1000 -10 1
22 5 Car -1 -1 -1 813.62 161.58 940.95 203.01 -1 -1 -1 -1000 -1000 -1000 -10 1
22 1 Car -1 -1 -1 445.64 169.15 480.01 186.90 -1 -1 -1 -1000 -1000 -1000 -10 1
23 5 Car -1 -1 -1 802.30 162.67 926.25 203.34 -1 -1 -1 -1000 -1000 -1000 -10 1
23 1 Car -1 -1 -1 445.68 169.09 480.02 186.89 -1 -1 -1 -1000 -1000 -1000 -10 1
24 5 Car -1 -1 -1 797.92 158.62 936.11 203.97 -1 -1 -1 -1000 -1000 -1000 -10 1
24 1 Car -1 -1 -1 445.66 169.07 480.02 186.92 -1 -1 -1 -1000 -1000 -1000 -10 1
25 5 Car -1 -1 -1 769.81 161.34 896.99 203.88 -1 -1 -1 -1000 -1000 -1000 -10 1
25 1 Car -1 -1 -1 445.65 169.31 479.99 187.11 -1 -1 -1 -1000 -1000 -1000 -10 1
26 5 Car -1 -1 -1 752.51 162.87 876.72 204.13 -1 -1 -1 -1000 -1000 -1000 -10 1
26 1 Car -1 -1 -1 445.64 169.47 479.99 187.21 -1 -1 -1 -1000 -1000 -1000 -10 1
27 5 Car -1 -1 -1 735.58 162.01 863.07 200.42 -1 -1 -1 -1000 -1000 -1000 -10 1
27 1 Car -1 -1 -1 445.63 169.51 479.97 187.23 -1 -1 -1 -1000 -1000 -1000 -10 1
28 1 Car -1 -1 -1 445.69 169.35 479.90 187.12 -1 -1 -1 -1000 -1000 -1000 -10 1
29 1 Car -1 -1 -1 445.79 169.18 479.90 187.03 -1 -1 -1 -1000 -1000 -1000 -10 1
30 1 Car -1 -1 -1 445.95 169.13 479.96 187.03 -1 -1 -1 -1000 -1000 -1000 -10 1
31 5 Car -1 -1 -1 663.52 163.29 796.91 200.19 -1 -1 -1 -1000 -1000 -1000 -10 1
31 1 Car -1 -1 -1 446.05 169.31 480.08 187.18 -1 -1 -1 -1000 -1000 -1000 -10 1
32 10 Car -1 -1 -1 945.42 167.22 1090.68 207.03 -1 -1 -1 -1000 -1000 -1000 -10 1
32 9 Car -1 -1 -1 695.92 160.78 833.29 202.49 -1 -1 -1 -1000 -1000 -1000 -10 1
32 5 Car -1 -1 -1 641.70 165.36 774.23 200.42 -1 -1 -1 -1000 -1000 -1000 -10 1
32 1 Car -1 -1 -1 446.17 169.44 480.22 187.24 -1 -1 -1 -1000 -1000 -1000 -10 1
33 10 Car -1 -1 -1 920.25 164.16 1053.60 200.79 -1 -1 -1 -1000 -1000 -1000 -10 1
33 9 Car -1 -1 -1 692.16 162.94 822.90 201.88 -1 -1 -1 -1000 -1000 -1000 -10 1
33 5 Car -1 -1 -1 624.23 164.34 751.08 200.04 -1 -1 -1 -1000 -1000 -1000 -10 1
33 1 Car -1 -1 -1 446.08 169.52 479.96 187.28 -1 -1 -1 -1000 -1000 -1000 -10 1
34 10 Car -1 -1 -1 900.23 166.79 1024.86 202.15 -1 -1 -1 -1000 -1000 -1000 -10 1
34 9 Car -1 -1 -1 676.81 164.01 801.79 202.17 -1 -1 -1 -1000 -1000 -1000 -10 1
34 5 Car -1 -1 -1 602.02 165.04 724.40 198.85 -1 -1 -1 -1000 -1000 -1000 -10 1
34 1 Car -1 -1 -1 446.15 169.36 479.91 187.07 -1 -1 -1 -1000 -1000 -1000 -10 1
35 10 Car -1 -1 -1 886.04 165.99 1014.65 202.19 -1 -1 -1 -1000 -1000 -1000 -10 1
35 9 Car -1 -1 -1 658.44 165.06 784.96 202.56 -1 -1 -1 -1000 -1000 -1000 -10 1
35 5 Car -1 -1 -1 587.56 165.11 706.79 198.09 -1 -1 -1 -1000 -1000 -1000 -10 1
35 1 Car -1 -1 -1 446.08 169.10 479.74 186.83 -1 -1 -1 -1000 -1000 -1000 -10 1
36 10 Car -1 -1 -1 860.30 165.60 997.98 204.87 -1 -1 -1 -1000 -1000 -1000 -10 1
36 9 Car -1 -1 -1 639.85 165.58 763.77 202.47 -1 -1 -1 -1000 -1000 -1000 -10 1
36 5 Car -1 -1 -1 569.29 166.54 686.86 199.32 -1 -1 -1 -1000 -1000 -1000 -10 1
36 1 Car -1 -1 -1 446.09 169.01 479.71 186.79 -1 -1 -1 -1000 -1000 -1000 -10 1
37 10 Car -1 -1 -1 843.82 163.01 983.41 204.30 -1 -1 -1 -1000 -1000 -1000 -10 1
37 9 Car -1 -1 -1 626.75 165.43 744.81 202.87 -1 -1 -1 -1000 -1000 -1000 -10 1
37 5 Car -1 -1 -1 547.18 166.46 663.46 199.47 -1 -1 -1 -1000 -1000 -1000 -10 1
37 1 Car -1 -1 -1 446.18 168.98 479.57 186.74 -1 -1 -1 -1000 -1000 -1000 -10 1
39 10 Car -1 -1 -1 811.19 160.59 950.95 203.72 -1 -1 -1 -1000 -1000 -1000 -10 1
39 9 Car -1 -1 -1 592.63 162.80 705.94 201.64 -1 -1 -1 -1000 -1000 -1000 -10 1
39 5 Car -1 -1 -1 511.20 165.77 624.53 199.37 -1 -1 -1 -1000 -1000 -1000 -10 1
39 1 Car -1 -1 -1 446.94 170.52 480.15 188.00 -1 -1 -1 -1000 -1000 -1000 -10 1
40 10 Car -1 -1 -1 790.04 161.18 928.23 202.33 -1 -1 -1 -1000 -1000 -1000 -10 1
40 9 Car -1 -1 -1 570.01 163.00 680.57 201.83 -1 -1 -1 -1000 -1000 -1000 -10 1
40 5 Car -1 -1 -1 494.08 165.76 596.58 199.00 -1 -1 -1 -1000 -1000 -1000 -10 1
40 1 Car -1 -1 -1 445.82 171.03 479.08 188.60 -1 -1 -1 -1000 -1000 -1000 -10 1
41 10 Car -1 -1 -1 762.63 163.53 895.92 204.12 -1 -1 -1 -1000 -1000 -1000 -10 1
41 9 Car -1 -1 -1 543.13 163.55 653.99 203.43 -1 -1 -1 -1000 -1000 -1000 -10 1
42 10 Car -1 -1 -1 743.16 165.13 877.05 206.87 -1 -1 -1 -1000 -1000 -1000 -10 1
42 9 Car -1 -1 -1 523.80 163.73 631.46 202.59 -1 -1 -1 -1000 -1000 -1000 -10 1
43 12 Car -1 -1 -1 853.11 164.54 951.56 199.99 -1 -1 -1 -1000 -1000 -1000 -10 1
43 10 Car -1 -1 -1 723.16 164.00 858.48 203.97 -1 -1 -1 -1000 -1000 -1000 -10 1
43 9 Car -1 -1 -1 504.45 162.53 606.53 200.71 -1 -1 -1 -1000 -1000 -1000 -10 1
44 12 Car -1 -1 -1 831.71 163.10 937.99 202.90 -1 -1 -1 -1000 -1000 -1000 -10 1
44 10 Car -1 -1 -1 701.26 163.68 838.67 202.13 -1 -1 -1 -1000 -1000 -1000 -10 1
44 9 Car -1 -1 -1 503.65 164.86 588.67 200.09 -1 -1 -1 -1000 -1000 -1000 -10 1
44 5 Car -1 -1 -1 395.11 166.97 495.66 200.70 -1 -1 -1 -1000 -1000 -1000 -10 1
45 12 Car -1 -1 -1 816.42 162.54 918.02 201.12 -1 -1 -1 -1000 -1000 -1000 -10 1
45 10 Car -1 -1 -1 679.30 164.09 809.45 202.41 -1 -1 -1 -1000 -1000 -1000 -10 1
45 5 Car -1 -1 -1 380.92 165.34 478.76 200.33 -1 -1 -1 -1000 -1000 -1000 -10 1
46 12 Car -1 -1 -1 808.31 158.91 902.51 196.64 -1 -1 -1 -1000 -1000 -1000 -10 1
46 10 Car -1 -1 -1 661.71 164.66 788.65 203.37 -1 -1 -1 -1000 -1000 -1000 -10 1
46 5 Car -1 -1 -1 356.26 165.48 456.16 201.53 -1 -1 -1 -1000 -1000 -1000 -10 1
47 10 Car -1 -1 -1 639.15 165.12 769.92 202.49 -1 -1 -1 -1000 -1000 -1000 -10 1
47 5 Car -1 -1 -1 325.99 165.97 431.01 200.45 -1 -1 -1 -1000 -1000 -1000 -10 1
48 13 Car -1 -1 -1 1027.14 156.02 1162.64 200.98 -1 -1 -1 -1000 -1000 -1000 -10 1
48 10 Car -1 -1 -1 619.01 165.11 748.03 202.59 -1 -1 -1 -1000 -1000 -1000 -10 1
49 10 Car -1 -1 -1 604.05 165.36 733.45 202.10 -1 -1 -1 -1000 -1000 -1000 -10 1
51 14 Car -1 -1 -1 256.05 162.56 393.25 209.36 -1 -1 -1 -1000 -1000 -1000 -10 1
51 10 Car -1 -1 -1 577.13 166.27 700.14 202.40 -1 -1 -1 -1000 -1000 -1000 -10 1
52 16 Car -1 -1 -1 680.15 169.02 789.15 198.86 -1 -1 -1 -1000 -1000 -1000 -10 1
52 14 Car -1 -1 -1 227.55 162.34 362.79 206.20 -1 -1 -1 -1000 -1000 -1000 -10 1
52 10 Car -1 -1 -1 548.26 166.01 669.70 202.02 -1 -1 -1 -1000 -1000 -1000 -10 1
53 16 Car -1 -1 -1 661.62 168.67 773.53 199.60 -1 -1 -1 -1000 -1000 -1000 -10 1
53 10 Car -1 -1 -1 524.87 166.49 642.57 202.89 -1 -1 -1 -1000 -1000 -1000 -10 1
54 18 Car -1 -1 -1 446.03 172.52 480.14 189.35 -1 -1 -1 -1000 -1000 -1000 -10 1
54 17 Car -1 -1 -1 920.29 161.61 1043.07 199.22 -1 -1 -1 -1000 -1000 -1000 -10 1
54 16 Car -1 -1 -1 642.18 169.77 751.99 200.12 -1 -1 -1 -1000 -1000 -1000 -10 1
54 10 Car -1 -1 -1 503.09 166.83 619.50 202.63 -1 -1 -1 -1000 -1000 -1000 -10 1
55 18 Car -1 -1 -1 444.64 167.58 483.62 187.58 -1 -1 -1 -1000 -1000 -1000 -10 1
55 17 Car -1 -1 -1 907.45 161.47 1031.33 198.58 -1 -1 -1 -1000 -1000 -1000 -10 1
55 16 Car -1 -1 -1 623.31 169.95 730.98 199.62 -1 -1 -1 -1000 -1000 -1000 -10 1
55 10 Car -1 -1 -1 479.66 166.62 594.92 202.55 -1 -1 -1 -1000 -1000 -1000 -10 1
56 17 Car -1 -1 -1 887.50 162.98 1019.27 201.46 -1 -1 -1 -1000 -1000 -1000 -10 1
56 16 Car -1 -1 -1 603.47 169.94 706.72 199.10 -1 -1 -1 -1000 -1000 -1000 -10 1
56 14 Car -1 -1 -1 88.19 160.85 237.40 203.49 -1 -1 -1 -1000 -1000 -1000 -10 1
56 10 Car -1 -1 -1 484.84 166.75 581.65 200.72 -1 -1 -1 -1000 -1000 -1000 -10 1
57 17 Car -1 -1 -1 870.96 161.96 1004.62 201.47 -1 -1 -1 -1000 -1000 -1000 -10 1
57 16 Car -1 -1 -1 587.45 169.24 682.68 198.37 -1 -1 -1 -1000 -1000 -1000 -10 1
57 14 Car -1 -1 -1 44.23 162.02 200.98 206.59 -1 -1 -1 -1000 -1000 -1000 -10 1
58 17 Car -1 -1 -1 850.29 156.77 992.32 201.08 -1 -1 -1 -1000 -1000 -1000 -10 1
58 16 Car -1 -1 -1 566.54 167.49 656.20 197.71 -1 -1 -1 -1000 -1000 -1000 -10 1
58 14 Car -1 -1 -1 24.38 161.09 175.20 204.91 -1 -1 -1 -1000 -1000 -1000 -10 1
59 17 Car -1 -1 -1 834.55 158.99 971.02 201.70 -1 -1 -1 -1000 -1000 -1000 -10 1
59 16 Car -1 -1 -1 543.95 166.95 629.86 197.85 -1 -1 -1 -1000 -1000 -1000 -10 1
59 14 Car -1 -1 -1 -6.79 162.00 138.88 204.39 -1 -1 -1 -1000 -1000 -1000 -10 1
60 17 Car -1 -1 -1 821.23 158.62 955.02 201.30 -1 -1 -1 -1000 -1000 -1000 -10 1
60 16 Car -1 -1 -1 521.60 166.20 603.61 196.05 -1 -1 -1 -1000 -1000 -1000 -10 1
60 14 Car -1 -1 -1 -24.16 160.16 110.01 203.44 -1 -1 -1 -1000 -1000 -1000 -10 1
60 10 Car -1 -1 -1 360.96 164.20 470.17 202.18 -1 -1 -1 -1000 -1000 -1000 -10 1
61 17 Car -1 -1 -1 803.24 158.50 934.24 201.04 -1 -1 -1 -1000 -1000 -1000 -10 1
61 16 Car -1 -1 -1 501.08 168.19 578.26 197.59 -1 -1 -1 -1000 -1000 -1000 -10 1
61 14 Car -1 -1 -1 -29.53 161.13 85.25 202.49 -1 -1 -1 -1000 -1000 -1000 -10 1
61 10 Car -1 -1 -1 332.69 165.32 443.24 203.50 -1 -1 -1 -1000 -1000 -1000 -10 1
62 17 Car -1 -1 -1 789.10 158.37 915.91 200.71 -1 -1 -1 -1000 -1000 -1000 -10 1
62 10 Car -1 -1 -1 305.07 166.12 415.93 203.79 -1 -1 -1 -1000 -1000 -1000 -10 1
63 17 Car -1 -1 -1 771.84 159.34 897.58 201.11 -1 -1 -1 -1000 -1000 -1000 -10 1
63 10 Car -1 -1 -1 282.08 166.89 391.47 203.40 -1 -1 -1 -1000 -1000 -1000 -10 1
64 17 Car -1 -1 -1 755.42 159.66 880.28 199.81 -1 -1 -1 -1000 -1000 -1000 -10 1
64 10 Car -1 -1 -1 245.95 165.96 362.17 202.71 -1 -1 -1 -1000 -1000 -1000 -10 1
65 17 Car -1 -1 -1 737.75 157.62 860.31 196.44 -1 -1 -1 -1000 -1000 -1000 -10 1
65 16 Car -1 -1 -1 393.87 166.67 471.45 198.72 -1 -1 -1 -1000 -1000 -1000 -10 1
65 10 Car -1 -1 -1 214.45 162.38 333.23 201.38 -1 -1 -1 -1000 -1000 -1000 -10 1
66 17 Car -1 -1 -1 716.46 158.10 838.67 195.71 -1 -1 -1 -1000 -1000 -1000 -10 1
66 16 Car -1 -1 -1 364.45 166.24 446.34 199.99 -1 -1 -1 -1000 -1000 -1000 -10 1
66 10 Car -1 -1 -1 189.07 165.44 307.37 203.98 -1 -1 -1 -1000 -1000 -1000 -10 1
67 17 Car -1 -1 -1 697.17 159.67 821.15 195.58 -1 -1 -1 -1000 -1000 -1000 -10 1
67 16 Car -1 -1 -1 335.77 166.76 424.37 200.43 -1 -1 -1 -1000 -1000 -1000 -10 1
67 10 Car -1 -1 -1 149.69 164.73 274.70 202.44 -1 -1 -1 -1000 -1000 -1000 -10 1
68 17 Car -1 -1 -1 677.18 160.82 801.13 196.52 -1 -1 -1 -1000 -1000 -1000 -10 1
68 16 Car -1 -1 -1 305.33 167.44 400.43 199.21 -1 -1 -1 -1000 -1000 -1000 -10 1
68 10 Car -1 -1 -1 118.34 164.46 247.76 201.83 -1 -1 -1 -1000 -1000 -1000 -10 1
69 17 Car -1 -1 -1 658.92 161.19 781.96 196.43 -1 -1 -1 -1000 -1000 -1000 -10 1
69 16 Car -1 -1 -1 275.47 167.85 376.24 199.61 -1 -1 -1 -1000 -1000 -1000 -10 1
69 10 Car -1 -1 -1 74.20 164.15 209.61 202.10 -1 -1 -1 -1000 -1000 -1000 -10 1
70 22 Car -1 -1 -1 446.33 169.38 480.53 186.91 -1 -1 -1 -1000 -1000 -1000 -10 1
70 17 Car -1 -1 -1 641.39 162.53 763.50 198.03 -1 -1 -1 -1000 -1000 -1000 -10 1
70 16 Car -1 -1 -1 243.05 167.76 347.72 199.71 -1 -1 -1 -1000 -1000 -1000 -10 1
70 10 Car -1 -1 -1 40.86 163.60 178.44 202.26 -1 -1 -1 -1000 -1000 -1000 -10 1
71 22 Car -1 -1 -1 446.54 168.89 480.15 186.38 -1 -1 -1 -1000 -1000 -1000 -10 1
71 17 Car -1 -1 -1 620.12 163.31 743.02 197.74 -1 -1 -1 -1000 -1000 -1000 -10 1
71 16 Car -1 -1 -1 214.89 167.80 322.27 200.06 -1 -1 -1 -1000 -1000 -1000 -10 1
71 10 Car -1 -1 -1 13.06 161.63 149.91 200.83 -1 -1 -1 -1000 -1000 -1000 -10 1
72 22 Car -1 -1 -1 446.39 168.47 479.59 186.04 -1 -1 -1 -1000 -1000 -1000 -10 1
72 17 Car -1 -1 -1 599.15 163.77 719.17 198.11 -1 -1 -1 -1000 -1000 -1000 -10 1
72 16 Car -1 -1 -1 185.90 167.03 296.19 200.18 -1 -1 -1 -1000 -1000 -1000 -10 1
72 10 Car -1 -1 -1 -10.04 161.81 116.78 200.68 -1 -1 -1 -1000 -1000 -1000 -10 1
73 22 Car -1 -1 -1 446.18 168.85 479.33 186.30 -1 -1 -1 -1000 -1000 -1000 -10 1
73 17 Car -1 -1 -1 575.88 164.72 696.36 198.69 -1 -1 -1 -1000 -1000 -1000 -10 1
73 16 Car -1 -1 -1 154.06 166.67 266.72 199.75 -1 -1 -1 -1000 -1000 -1000 -10 1
73 10 Car -1 -1 -1 -22.17 161.52 87.72 200.56 -1 -1 -1 -1000 -1000 -1000 -10 1
74 22 Car -1 -1 -1 446.17 168.96 479.35 186.46 -1 -1 -1 -1000 -1000 -1000 -10 1
74 17 Car -1 -1 -1 552.85 165.45 673.41 199.65 -1 -1 -1 -1000 -1000 -1000 -10 1
74 16 Car -1 -1 -1 122.01 166.68 239.18 199.80 -1 -1 -1 -1000 -1000 -1000 -10 1
75 22 Car -1 -1 -1 446.19 169.29 478.79 186.63 -1 -1 -1 -1000 -1000 -1000 -10 1
75 17 Car -1 -1 -1 528.90 165.43 650.06 199.49 -1 -1 -1 -1000 -1000 -1000 -10 1
75 16 Car -1 -1 -1 91.84 166.17 212.48 200.07 -1 -1 -1 -1000 -1000 -1000 -10 1
76 22 Car -1 -1 -1 446.83 169.91 479.23 187.18 -1 -1 -1 -1000 -1000 -1000 -10 1
76 17 Car -1 -1 -1 506.38 166.02 625.71 199.83 -1 -1 -1 -1000 -1000 -1000 -10 1
76 16 Car -1 -1 -1 57.34 165.82 181.87 200.09 -1 -1 -1 -1000 -1000 -1000 -10 1
77 22 Car -1 -1 -1 445.54 168.74 479.80 187.19 -1 -1 -1 -1000 -1000 -1000 -10 1
77 17 Car -1 -1 -1 482.99 166.01 601.03 200.43 -1 -1 -1 -1000 -1000 -1000 -10 1
77 16 Car -1 -1 -1 25.69 166.06 155.01 199.77 -1 -1 -1 -1000 -1000 -1000 -10 1
78 17 Car -1 -1 -1 458.05 164.38 576.28 200.08 -1 -1 -1 -1000 -1000 -1000 -10 1
78 16 Car -1 -1 -1 0.83 165.54 129.00 199.86 -1 -1 -1 -1000 -1000 -1000 -10 1
79 17 Car -1 -1 -1 430.39 163.75 549.63 200.22 -1 -1 -1 -1000 -1000 -1000 -10 1
79 16 Car -1 -1 -1 -16.67 165.05 101.04 200.43 -1 -1 -1 -1000 -1000 -1000 -10 1
80 17 Car -1 -1 -1 404.23 163.16 524.57 199.96 -1 -1 -1 -1000 -1000 -1000 -10 1
80 16 Car -1 -1 -1 -26.12 163.34 76.35 199.25 -1 -1 -1 -1000 -1000 -1000 -10 1
81 17 Car -1 -1 -1 378.85 163.31 499.23 199.40 -1 -1 -1 -1000 -1000 -1000 -10 1
82 17 Car -1 -1 -1 353.81 161.82 474.58 198.00 -1 -1 -1 -1000 -1000 -1000 -10 1
83 17 Car -1 -1 -1 325.00 162.32 443.92 198.75 -1 -1 -1 -1000 -1000 -1000 -10 1
84 17 Car -1 -1 -1 294.34 163.22 414.17 197.77 -1 -1 -1 -1000 -1000 -1000 -10 1
85 17 Car -1 -1 -1 267.26 163.31 388.43 197.36 -1 -1 -1 -1000 -1000 -1000 -10 1
86 27 Car -1 -1 -1 446.67 169.07 480.70 187.12 -1 -1 -1 -1000 -1000 -1000 -10 1
86 25 Car -1 -1 -1 850.39 165.41 973.94 201.85 -1 -1 -1 -1000 -1000 -1000 -10 1
86 17 Car -1 -1 -1 232.92 162.77 358.29 198.08 -1 -1 -1 -1000 -1000 -1000 -10 1
87 27 Car -1 -1 -1 446.47 169.26 480.24 186.94 -1 -1 -1 -1000 -1000 -1000 -10 1
87 25 Car -1 -1 -1 829.78 165.03 954.02 201.68 -1 -1 -1 -1000 -1000 -1000 -10 1
87 17 Car -1 -1 -1 207.13 161.64 332.84 198.28 -1 -1 -1 -1000 -1000 -1000 -10 1
88 27 Car -1 -1 -1 446.31 169.44 479.91 186.91 -1 -1 -1 -1000 -1000 -1000 -10 1
88 25 Car -1 -1 -1 811.57 164.43 934.52 202.08 -1 -1 -1 -1000 -1000 -1000 -10 1
88 17 Car -1 -1 -1 172.11 162.44 300.48 199.17 -1 -1 -1 -1000 -1000 -1000 -10 1
89 27 Car -1 -1 -1 446.21 169.56 479.79 186.92 -1 -1 -1 -1000 -1000 -1000 -10 1
89 25 Car -1 -1 -1 799.24 163.44 919.30 200.46 -1 -1 -1 -1000 -1000 -1000 -10 1
89 17 Car -1 -1 -1 137.21 162.01 266.60 199.59 -1 -1 -1 -1000 -1000 -1000 -10 1
90 27 Car -1 -1 -1 446.18 169.36 479.76 186.76 -1 -1 -1 -1000 -1000 -1000 -10 1
90 25 Car -1 -1 -1 788.88 161.59 907.64 198.99 -1 -1 -1 -1000 -1000 -1000 -10 1
90 17 Car -1 -1 -1 100.83 161.67 234.06 198.79 -1 -1 -1 -1000 -1000 -1000 -10 1
91 27 Car -1 -1 -1 446.31 169.06 479.92 186.58 -1 -1 -1 -1000 -1000 -1000 -10 1
91 25 Car -1 -1 -1 766.35 163.82 883.20 202.19 -1 -1 -1 -1000 -1000 -1000 -10 1
91 17 Car -1 -1 -1 66.92 161.20 201.14 198.76 -1 -1 -1 -1000 -1000 -1000 -10 1
92 27 Car -1 -1 -1 446.36 169.00 480.06 186.61 -1 -1 -1 -1000 -1000 -1000 -10 1
92 25 Car -1 -1 -1 747.53 163.65 861.14 202.16 -1 -1 -1 -1000 -1000 -1000 -10 1
92 17 Car -1 -1 -1 37.37 159.51 171.02 198.25 -1 -1 -1 -1000 -1000 -1000 -10 1
93 27 Car -1 -1 -1 446.27 169.04 480.01 186.68 -1 -1 -1 -1000 -1000 -1000 -10 1
93 25 Car -1 -1 -1 731.74 163.65 846.88 200.39 -1 -1 -1 -1000 -1000 -1000 -10 1
93 17 Car -1 -1 -1 2.51 157.72 136.40 197.21 -1 -1 -1 -1000 -1000 -1000 -10 1
94 27 Car -1 -1 -1 446.14 169.36 479.98 186.93 -1 -1 -1 -1000 -1000 -1000 -10 1
94 25 Car -1 -1 -1 715.10 163.97 831.10 197.11 -1 -1 -1 -1000 -1000 -1000 -10 1
94 17 Car -1 -1 -1 -14.45 156.76 111.77 197.75 -1 -1 -1 -1000 -1000 -1000 -10 1
95 27 Car -1 -1 -1 446.10 169.53 480.06 187.02 -1 -1 -1 -1000 -1000 -1000 -10 1
95 25 Car -1 -1 -1 697.76 164.16 814.41 197.12 -1 -1 -1 -1000 -1000 -1000 -10 1
95 17 Car -1 -1 -1 -25.72 155.03 87.77 196.70 -1 -1 -1 -1000 -1000 -1000 -10 1
96 27 Car -1 -1 -1 446.03 169.60 480.04 187.03 -1 -1 -1 -1000 -1000 -1000 -10 1
96 25 Car -1 -1 -1 679.75 166.52 791.60 199.86 -1 -1 -1 -1000 -1000 -1000 -10 1
97 27 Car -1 -1 -1 446.04 169.36 480.03 186.87 -1 -1 -1 -1000 -1000 -1000 -10 1
97 25 Car -1 -1 -1 667.28 166.76 776.79 200.71 -1 -1 -1 -1000 -1000 -1000 -10 1
98 27 Car -1 -1 -1 446.16 169.02 480.18 186.68 -1 -1 -1 -1000 -1000 -1000 -10 1
98 25 Car -1 -1 -1 654.96 166.84 767.98 200.35 -1 -1 -1 -1000 -1000 -1000 -10 1
99 27 Car -1 -1 -1 446.21 168.85 480.27 186.62 -1 -1 -1 -1000 -1000 -1000 -10 1
99 25 Car -1 -1 -1 641.90 167.73 755.70 199.59 -1 -1 -1 -1000 -1000 -1000 -10 1
100 27 Car -1 -1 -1 446.11 168.90 480.15 186.68 -1 -1 -1 -1000 -1000 -1000 -10 1
100 25 Car -1 -1 -1 625.11 166.50 738.23 199.67 -1 -1 -1 -1000 -1000 -1000 -10 1
101 27 Car -1 -1 -1 446.11 169.11 480.03 186.84 -1 -1 -1 -1000 -1000 -1000 -10 1
101 25 Car -1 -1 -1 615.56 166.33 729.87 198.83 -1 -1 -1 -1000 -1000 -1000 -10 1
102 27 Car -1 -1 -1 446.10 169.12 479.96 186.79 -1 -1 -1 -1000 -1000 -1000 -10 1
102 25 Car -1 -1 -1 607.20 166.55 721.12 198.89 -1 -1 -1 -1000 -1000 -1000 -10 1
103 27 Car -1 -1 -1 446.13 169.12 480.01 186.75 -1 -1 -1 -1000 -1000 -1000 -10 1
103 25 Car -1 -1 -1 594.72 166.46 706.78 198.57 -1 -1 -1 -1000 -1000 -1000 -10 1
104 27 Car -1 -1 -1 446.26 168.99 480.05 186.65 -1 -1 -1 -1000 -1000 -1000 -10 1
104 25 Car -1 -1 -1 587.34 166.45 698.87 198.78 -1 -1 -1 -1000 -1000 -1000 -10 1
105 27 Car -1 -1 -1 446.46 168.84 480.28 186.57 -1 -1 -1 -1000 -1000 -1000 -10 1
105 25 Car -1 -1 -1 577.88 167.43 686.44 198.44 -1 -1 -1 -1000 -1000 -1000 -10 1
106 27 Car -1 -1 -1 446.44 168.73 480.19 186.55 -1 -1 -1 -1000 -1000 -1000 -10 1
106 25 Car -1 -1 -1 572.05 167.60 676.62 198.40 -1 -1 -1 -1000 -1000 -1000 -10 1
107 27 Car -1 -1 -1 446.27 168.90 480.14 186.74 -1 -1 -1 -1000 -1000 -1000 -10 1
107 25 Car -1 -1 -1 564.53 167.61 666.43 198.73 -1 -1 -1 -1000 -1000 -1000 -10 1
108 27 Car -1 -1 -1 446.18 168.98 480.06 186.79 -1 -1 -1 -1000 -1000 -1000 -10 1
108 25 Car -1 -1 -1 556.95 167.19 656.92 198.07 -1 -1 -1 -1000 -1000 -1000 -10 1
109 30 Car -1 -1 -1 1008.16 157.14 1150.29 204.79 -1 -1 -1 -1000 -1000 -1000 -10 1
109 27 Car -1 -1 -1 446.10 168.98 479.99 186.77 -1 -1 -1 -1000 -1000 -1000 -10 1
109 25 Car -1 -1 -1 552.36 166.27 649.73 197.39 -1 -1 -1 -1000 -1000 -1000 -10 1
110 30 Car -1 -1 -1 983.01 160.44 1127.87 203.83 -1 -1 -1 -1000 -1000 -1000 -10 1
110 27 Car -1 -1 -1 446.28 169.20 480.04 186.90 -1 -1 -1 -1000 -1000 -1000 -10 1
110 25 Car -1 -1 -1 545.20 165.46 635.47 196.99 -1 -1 -1 -1000 -1000 -1000 -10 1
111 30 Car -1 -1 -1 958.01 162.38 1101.14 203.26 -1 -1 -1 -1000 -1000 -1000 -10 1
111 27 Car -1 -1 -1 446.34 168.98 479.89 186.68 -1 -1 -1 -1000 -1000 -1000 -10 1
111 25 Car -1 -1 -1 540.15 164.92 624.31 196.67 -1 -1 -1 -1000 -1000 -1000 -10 1
112 30 Car -1 -1 -1 937.38 161.80 1070.41 200.73 -1 -1 -1 -1000 -1000 -1000 -10 1
112 27 Car -1 -1 -1 446.31 168.71 479.74 186.42 -1 -1 -1 -1000 -1000 -1000 -10 1
112 25 Car -1 -1 -1 541.57 164.01 619.14 195.37 -1 -1 -1 -1000 -1000 -1000 -10 1
113 30 Car -1 -1 -1 919.41 160.06 1044.47 197.71 -1 -1 -1 -1000 -1000 -1000 -10 1
113 27 Car -1 -1 -1 446.25 168.55 479.62 186.30 -1 -1 -1 -1000 -1000 -1000 -10 1
113 25 Car -1 -1 -1 542.22 164.85 613.06 195.65 -1 -1 -1 -1000 -1000 -1000 -10 1
114 30 Car -1 -1 -1 896.86 159.93 1023.54 198.55 -1 -1 -1 -1000 -1000 -1000 -10 1
114 27 Car -1 -1 -1 446.04 168.95 479.27 186.66 -1 -1 -1 -1000 -1000 -1000 -10 1
114 25 Car -1 -1 -1 542.85 165.75 607.40 195.86 -1 -1 -1 -1000 -1000 -1000 -10 1
115 30 Car -1 -1 -1 883.48 159.79 1014.73 199.73 -1 -1 -1 -1000 -1000 -1000 -10 1
115 27 Car -1 -1 -1 445.97 169.45 479.16 187.03 -1 -1 -1 -1000 -1000 -1000 -10 1
115 25 Car -1 -1 -1 545.64 166.27 604.56 196.07 -1 -1 -1 -1000 -1000 -1000 -10 1
116 30 Car -1 -1 -1 863.80 160.03 998.41 200.88 -1 -1 -1 -1000 -1000 -1000 -10 1
116 27 Car -1 -1 -1 445.99 169.67 479.21 187.18 -1 -1 -1 -1000 -1000 -1000 -10 1
116 25 Car -1 -1 -1 547.08 167.01 603.14 196.68 -1 -1 -1 -1000 -1000 -1000 -10 1
117 30 Car -1 -1 -1 841.93 159.99 973.70 201.16 -1 -1 -1 -1000 -1000 -1000 -10 1
117 27 Car -1 -1 -1 445.97 169.58 479.14 187.05 -1 -1 -1 -1000 -1000 -1000 -10 1
118 30 Car -1 -1 -1 820.64 160.34 950.63 201.40 -1 -1 -1 -1000 -1000 -1000 -10 1
118 27 Car -1 -1 -1 446.04 169.45 478.78 186.97 -1 -1 -1 -1000 -1000 -1000 -10 1
119 30 Car -1 -1 -1 801.05 159.98 927.03 199.77 -1 -1 -1 -1000 -1000 -1000 -10 1
119 27 Car -1 -1 -1 445.81 169.42 478.82 187.10 -1 -1 -1 -1000 -1000 -1000 -10 1
120 30 Car -1 -1 -1 776.18 161.53 906.72 202.62 -1 -1 -1 -1000 -1000 -1000 -10 1
120 27 Car -1 -1 -1 445.64 171.26 478.58 188.81 -1 -1 -1 -1000 -1000 -1000 -10 1
121 30 Car -1 -1 -1 720.16 158.28 857.25 202.24 -1 -1 -1 -1000 -1000 -1000 -10 1
121 27 Car -1 -1 -1 444.78 170.83 477.68 188.45 -1 -1 -1 -1000 -1000 -1000 -10 1
122 30 Car -1 -1 -1 725.76 156.43 856.93 199.74 -1 -1 -1 -1000 -1000 -1000 -10 1
123 32 Car -1 -1 -1 545.94 164.48 579.65 189.62 -1 -1 -1 -1000 -1000 -1000 -10 1
123 30 Car -1 -1 -1 713.75 155.06 843.57 197.64 -1 -1 -1 -1000 -1000 -1000 -10 1
124 32 Car -1 -1 -1 544.82 162.79 580.67 189.26 -1 -1 -1 -1000 -1000 -1000 -10 1
124 30 Car -1 -1 -1 694.01 157.94 823.69 198.28 -1 -1 -1 -1000 -1000 -1000 -10 1
125 33 Car -1 -1 -1 529.90 160.81 608.73 198.06 -1 -1 -1 -1000 -1000 -1000 -10 1
125 30 Car -1 -1 -1 673.02 158.39 803.81 198.50 -1 -1 -1 -1000 -1000 -1000 -10 1
126 33 Car -1 -1 -1 478.30 159.66 562.17 201.60 -1 -1 -1 -1000 -1000 -1000 -10 1
126 30 Car -1 -1 -1 652.11 158.83 784.08 197.99 -1 -1 -1 -1000 -1000 -1000 -10 1
127 33 Car -1 -1 -1 424.08 162.90 515.06 204.33 -1 -1 -1 -1000 -1000 -1000 -10 1
127 30 Car -1 -1 -1 632.52 160.54 764.25 198.54 -1 -1 -1 -1000 -1000 -1000 -10 1
128 33 Car -1 -1 -1 372.66 163.22 465.30 205.57 -1 -1 -1 -1000 -1000 -1000 -10 1
128 30 Car -1 -1 -1 610.65 161.29 742.51 197.89 -1 -1 -1 -1000 -1000 -1000 -10 1
129 33 Car -1 -1 -1 320.99 164.35 418.24 205.40 -1 -1 -1 -1000 -1000 -1000 -10 1
129 30 Car -1 -1 -1 590.49 162.03 720.71 198.18 -1 -1 -1 -1000 -1000 -1000 -10 1
130 36 Car -1 -1 -1 552.56 165.49 603.09 196.89 -1 -1 -1 -1000 -1000 -1000 -10 1
130 33 Car -1 -1 -1 268.40 166.12 370.19 207.31 -1 -1 -1 -1000 -1000 -1000 -10 1
130 30 Car -1 -1 -1 568.21 163.59 697.11 199.02 -1 -1 -1 -1000 -1000 -1000 -10 1
131 33 Car -1 -1 -1 217.77 163.96 324.79 206.45 -1 -1 -1 -1000 -1000 -1000 -10 1
131 30 Car -1 -1 -1 545.29 163.44 674.13 198.97 -1 -1 -1 -1000 -1000 -1000 -10 1
132 37 Car -1 -1 -1 446.03 169.68 478.45 187.98 -1 -1 -1 -1000 -1000 -1000 -10 1
132 33 Car -1 -1 -1 166.20 162.99 279.34 204.74 -1 -1 -1 -1000 -1000 -1000 -10 1
132 30 Car -1 -1 -1 523.17 163.86 651.49 199.21 -1 -1 -1 -1000 -1000 -1000 -10 1
133 37 Car -1 -1 -1 446.89 170.51 480.00 188.80 -1 -1 -1 -1000 -1000 -1000 -10 1
133 33 Car -1 -1 -1 113.70 163.15 231.93 204.59 -1 -1 -1 -1000 -1000 -1000 -10 1
133 30 Car -1 -1 -1 500.53 164.30 626.96 199.86 -1 -1 -1 -1000 -1000 -1000 -10 1
134 33 Car -1 -1 -1 50.72 162.52 176.75 204.06 -1 -1 -1 -1000 -1000 -1000 -10 1
134 30 Car -1 -1 -1 477.11 164.55 601.22 200.25 -1 -1 -1 -1000 -1000 -1000 -10 1
135 33 Car -1 -1 -1 0.61 161.38 127.74 203.15 -1 -1 -1 -1000 -1000 -1000 -10 1
135 30 Car -1 -1 -1 450.40 163.63 575.46 200.16 -1 -1 -1 -1000 -1000 -1000 -10 1
136 33 Car -1 -1 -1 -27.89 159.01 82.76 201.40 -1 -1 -1 -1000 -1000 -1000 -10 1
136 30 Car -1 -1 -1 421.74 164.25 548.05 200.50 -1 -1 -1 -1000 -1000 -1000 -10 1
137 30 Car -1 -1 -1 395.46 162.97 521.50 199.72 -1 -1 -1 -1000 -1000 -1000 -10 1
138 30 Car -1 -1 -1 368.96 161.77 493.92 198.55 -1 -1 -1 -1000 -1000 -1000 -10 1
139 30 Car -1 -1 -1 348.09 161.20 472.75 197.86 -1 -1 -1 -1000 -1000 -1000 -10 1
140 38 Car -1 -1 -1 548.74 162.78 577.92 185.00 -1 -1 -1 -1000 -1000 -1000 -10 1
140 30 Car -1 -1 -1 317.11 162.05 442.81 197.98 -1 -1 -1 -1000 -1000 -1000 -10 1
141 38 Car -1 -1 -1 548.74 162.31 577.73 184.74 -1 -1 -1 -1000 -1000 -1000 -10 1
141 30 Car -1 -1 -1 287.81 161.59 415.00 198.03 -1 -1 -1 -1000 -1000 -1000 -10 1
142 38 Car -1 -1 -1 548.59 161.85 577.82 184.81 -1 -1 -1 -1000 -1000 -1000 -10 1
142 30 Car -1 -1 -1 256.84 159.90 386.79 197.31 -1 -1 -1 -1000 -1000 -1000 -10 1
143 38 Car -1 -1 -1 548.72 161.53 577.71 184.68 -1 -1 -1 -1000 -1000 -1000 -10 1
143 30 Car -1 -1 -1 226.95 159.84 357.37 198.18 -1 -1 -1 -1000 -1000 -1000 -10 1
144 42 Car -1 -1 -1 444.76 169.60 479.72 187.67 -1 -1 -1 -1000 -1000 -1000 -10 1
144 38 Car -1 -1 -1 548.88 161.38 577.40 184.57 -1 -1 -1 -1000 -1000 -1000 -10 1
144 30 Car -1 -1 -1 193.51 160.06 325.79 198.12 -1 -1 -1 -1000 -1000 -1000 -10 1
145 42 Car -1 -1 -1 444.65 169.57 479.25 187.62 -1 -1 -1 -1000 -1000 -1000 -10 1
145 38 Car -1 -1 -1 548.95 161.45 577.11 184.54 -1 -1 -1 -1000 -1000 -1000 -10 1
145 30 Car -1 -1 -1 160.62 160.18 296.53 198.20 -1 -1 -1 -1000 -1000 -1000 -10 1
146 42 Car -1 -1 -1 444.67 169.28 479.06 187.46 -1 -1 -1 -1000 -1000 -1000 -10 1
146 38 Car -1 -1 -1 548.96 161.49 576.83 184.46 -1 -1 -1 -1000 -1000 -1000 -10 1
146 30 Car -1 -1 -1 129.81 160.44 265.12 199.17 -1 -1 -1 -1000 -1000 -1000 -10 1
147 43 Car -1 -1 -1 1036.52 159.39 1167.56 208.74 -1 -1 -1 -1000 -1000 -1000 -10 1
147 42 Car -1 -1 -1 444.76 169.26 478.83 187.47 -1 -1 -1 -1000 -1000 -1000 -10 1
147 38 Car -1 -1 -1 549.02 161.71 576.59 184.39 -1 -1 -1 -1000 -1000 -1000 -10 1
147 30 Car -1 -1 -1 90.65 159.44 230.28 198.80 -1 -1 -1 -1000 -1000 -1000 -10 1
148 43 Car -1 -1 -1 1035.54 159.20 1169.95 209.03 -1 -1 -1 -1000 -1000 -1000 -10 1
148 42 Car -1 -1 -1 445.01 169.17 479.06 187.44 -1 -1 -1 -1000 -1000 -1000 -10 1
148 38 Car -1 -1 -1 548.93 162.18 576.26 184.53 -1 -1 -1 -1000 -1000 -1000 -10 1
148 30 Car -1 -1 -1 50.88 159.64 192.38 198.81 -1 -1 -1 -1000 -1000 -1000 -10 1
149 43 Car -1 -1 -1 1034.35 158.79 1171.04 209.06 -1 -1 -1 -1000 -1000 -1000 -10 1
149 42 Car -1 -1 -1 445.26 169.34 479.33 187.54 -1 -1 -1 -1000 -1000 -1000 -10 1
149 38 Car -1 -1 -1 548.76 162.28 575.80 184.40 -1 -1 -1 -1000 -1000 -1000 -10 1
149 30 Car -1 -1 -1 16.10 158.73 159.65 198.60 -1 -1 -1 -1000 -1000 -1000 -10 1
150 44 Car -1 -1 -1 1035.73 155.86 1194.61 216.75 -1 -1 -1 -1000 -1000 -1000 -10 1
150 42 Car -1 -1 -1 445.40 169.39 479.63 187.50 -1 -1 -1 -1000 -1000 -1000 -10 1
150 38 Car -1 -1 -1 548.38 164.66 575.05 186.92 -1 -1 -1 -1000 -1000 -1000 -10 1
150 30 Car -1 -1 -1 -7.93 157.29 133.89 197.79 -1 -1 -1 -1000 -1000 -1000 -10 1
151 42 Car -1 -1 -1 445.54 169.27 480.02 187.32 -1 -1 -1 -1000 -1000 -1000 -10 1
151 38 Car -1 -1 -1 548.32 165.66 574.58 188.06 -1 -1 -1 -1000 -1000 -1000 -10 1
151 30 Car -1 -1 -1 -24.62 154.16 105.24 195.18 -1 -1 -1 -1000 -1000 -1000 -10 1
152 42 Car -1 -1 -1 445.42 169.28 480.07 187.31 -1 -1 -1 -1000 -1000 -1000 -10 1
152 38 Car -1 -1 -1 548.39 165.76 574.42 188.22 -1 -1 -1 -1000 -1000 -1000 -10 1
152 30 Car -1 -1 -1 -31.44 155.75 75.82 198.05 -1 -1 -1 -1000 -1000 -1000 -10 1
153 42 Car -1 -1 -1 445.58 169.02 480.34 187.04 -1 -1 -1 -1000 -1000 -1000 -10 1
154 42 Car -1 -1 -1 445.71 168.84 480.46 186.86 -1 -1 -1 -1000 -1000 -1000 -10 1
155 42 Car -1 -1 -1 445.70 168.98 480.44 186.96 -1 -1 -1 -1000 -1000 -1000 -10 1
156 42 Car -1 -1 -1 445.58 169.26 480.35 187.11 -1 -1 -1 -1000 -1000 -1000 -10 1
157 42 Car -1 -1 -1 445.63 169.48 480.47 187.23 -1 -1 -1 -1000 -1000 -1000 -10 1
158 42 Car -1 -1 -1 445.77 169.48 480.63 187.19 -1 -1 -1 -1000 -1000 -1000 -10 1
159 42 Car -1 -1 -1 445.85 169.39 480.74 187.12 -1 -1 -1 -1000 -1000 -1000 -10 1
160 42 Car -1 -1 -1 445.88 169.13 480.77 186.92 -1 -1 -1 -1000 -1000 -1000 -10 1
161 42 Car -1 -1 -1 445.89 169.05 480.77 186.87 -1 -1 -1 -1000 -1000 -1000 -10 1
162 42 Car -1 -1 -1 445.85 169.01 480.78 186.86 -1 -1 -1 -1000 -1000 -1000 -10 1
163 42 Car -1 -1 -1 445.91 169.24 480.89 187.04 -1 -1 -1 -1000 -1000 -1000 -10 1
164 42 Car -1 -1 -1 445.79 169.40 480.82 187.14 -1 -1 -1 -1000 -1000 -1000 -10 1
165 42 Car -1 -1 -1 445.77 169.49 480.75 187.18 -1 -1 -1 -1000 -1000 -1000 -10 1
166 42 Car -1 -1 -1 446.10 169.11 481.00 186.87 -1 -1 -1 -1000 -1000 -1000 -10 1
167 47 Car -1 -1 -1 1035.87 159.13 1170.65 209.39 -1 -1 -1 -1000 -1000 -1000 -10 1
167 42 Car -1 -1 -1 446.39 169.05 481.18 186.84 -1 -1 -1 -1000 -1000 -1000 -10 1
168 47 Car -1 -1 -1 1035.47 159.26 1170.62 209.17 -1 -1 -1 -1000 -1000 -1000 -10 1
168 42 Car -1 -1 -1 446.48 168.89 481.22 186.79 -1 -1 -1 -1000 -1000 -1000 -10 1
169 47 Car -1 -1 -1 1034.40 158.99 1171.18 209.54 -1 -1 -1 -1000 -1000 -1000 -10 1
169 42 Car -1 -1 -1 446.44 168.91 481.16 186.83 -1 -1 -1 -1000 -1000 -1000 -10 1
170 42 Car -1 -1 -1 446.33 169.18 481.04 187.04 -1 -1 -1 -1000 -1000 -1000 -10 1
171 42 Car -1 -1 -1 446.31 169.21 480.93 187.04 -1 -1 -1 -1000 -1000 -1000 -10 1
172 42 Car -1 -1 -1 446.21 169.21 480.85 187.01 -1 -1 -1 -1000 -1000 -1000 -10 1
173 42 Car -1 -1 -1 446.21 169.05 480.84 186.91 -1 -1 -1 -1000 -1000 -1000 -10 1
174 42 Car -1 -1 -1 446.29 168.98 480.93 186.85 -1 -1 -1 -1000 -1000 -1000 -10 1
175 42 Car -1 -1 -1 446.32 168.88 480.98 186.82 -1 -1 -1 -1000 -1000 -1000 -10 1
176 42 Car -1 -1 -1 446.27 168.84 480.98 186.82 -1 -1 -1 -1000 -1000 -1000 -10 1
177 42 Car -1 -1 -1 446.15 169.11 480.90 187.04 -1 -1 -1 -1000 -1000 -1000 -10 1
178 42 Car -1 -1 -1 446.15 169.24 480.80 187.09 -1 -1 -1 -1000 -1000 -1000 -10 1
179 42 Car -1 -1 -1 446.17 169.34 480.71 187.12 -1 -1 -1 -1000 -1000 -1000 -10 1
180 48 Car -1 -1 -1 1031.35 158.74 1192.77 215.91 -1 -1 -1 -1000 -1000 -1000 -10 1
180 42 Car -1 -1 -1 446.36 169.33 480.82 187.08 -1 -1 -1 -1000 -1000 -1000 -10 1
181 48 Car -1 -1 -1 1029.50 160.12 1192.53 217.55 -1 -1 -1 -1000 -1000 -1000 -10 1
181 42 Car -1 -1 -1 446.56 169.16 480.87 186.89 -1 -1 -1 -1000 -1000 -1000 -10 1
182 42 Car -1 -1 -1 446.67 169.09 480.77 186.85 -1 -1 -1 -1000 -1000 -1000 -10 1
183 42 Car -1 -1 -1 446.56 169.30 480.56 187.03 -1 -1 -1 -1000 -1000 -1000 -10 1
184 42 Car -1 -1 -1 446.43 169.43 480.50 187.16 -1 -1 -1 -1000 -1000 -1000 -10 1
185 42 Car -1 -1 -1 446.33 169.41 480.53 187.17 -1 -1 -1 -1000 -1000 -1000 -10 1
186 42 Car -1 -1 -1 446.18 169.33 480.52 187.14 -1 -1 -1 -1000 -1000 -1000 -10 1
187 42 Car -1 -1 -1 446.13 168.98 480.62 186.94 -1 -1 -1 -1000 -1000 -1000 -10 1
188 42 Car -1 -1 -1 446.40 168.89 480.89 186.93 -1 -1 -1 -1000 -1000 -1000 -10 1
189 42 Car -1 -1 -1 446.70 168.75 481.20 186.90 -1 -1 -1 -1000 -1000 -1000 -10 1
190 42 Car -1 -1 -1 446.49 168.82 481.03 187.01 -1 -1 -1 -1000 -1000 -1000 -10 1
191 42 Car -1 -1 -1 446.46 168.67 480.97 186.94 -1 -1 -1 -1000 -1000 -1000 -10 1
192 42 Car -1 -1 -1 446.23 168.39 480.65 186.78 -1 -1 -1 -1000 -1000 -1000 -10 1
193 42 Car -1 -1 -1 446.33 168.28 480.72 186.68 -1 -1 -1 -1000 -1000 -1000 -10 1
194 42 Car -1 -1 -1 446.04 168.28 480.50 186.73 -1 -1 -1 -1000 -1000 -1000 -10 1
195 51 Car -1 -1 -1 1029.11 156.01 1175.24 209.27 -1 -1 -1 -1000 -1000 -1000 -10 1
195 50 Car -1 -1 -1 1025.59 156.75 1188.98 214.70 -1 -1 -1 -1000 -1000 -1000 -10 1
195 42 Car -1 -1 -1 446.03 168.41 480.68 186.84 -1 -1 -1 -1000 -1000 -1000 -10 1
196 51 Car -1 -1 -1 1028.72 155.57 1174.58 208.73 -1 -1 -1 -1000 -1000 -1000 -10 1
196 50 Car -1 -1 -1 1026.04 156.95 1190.95 215.65 -1 -1 -1 -1000 -1000 -1000 -10 1
196 42 Car -1 -1 -1 446.06 168.26 480.93 186.78 -1 -1 -1 -1000 -1000 -1000 -10 1
197 51 Car -1 -1 -1 1028.58 156.01 1174.45 208.96 -1 -1 -1 -1000 -1000 -1000 -10 1
197 50 Car -1 -1 -1 1025.67 157.34 1189.96 215.29 -1 -1 -1 -1000 -1000 -1000 -10 1
197 42 Car -1 -1 -1 445.94 168.17 480.86 186.75 -1 -1 -1 -1000 -1000 -1000 -10 1
198 51 Car -1 -1 -1 1029.30 156.32 1174.76 209.00 -1 -1 -1 -1000 -1000 -1000 -10 1
198 50 Car -1 -1 -1 1023.44 157.48 1187.27 214.66 -1 -1 -1 -1000 -1000 -1000 -10 1
198 42 Car -1 -1 -1 445.66 168.17 480.62 186.76 -1 -1 -1 -1000 -1000 -1000 -10 1
199 51 Car -1 -1 -1 1029.22 156.03 1174.74 208.92 -1 -1 -1 -1000 -1000 -1000 -10 1
199 50 Car -1 -1 -1 1023.45 158.22 1184.14 214.24 -1 -1 -1 -1000 -1000 -1000 -10 1
199 42 Car -1 -1 -1 445.65 168.08 480.65 186.71 -1 -1 -1 -1000 -1000 -1000 -10 1
200 51 Car -1 -1 -1 1029.80 157.17 1174.33 209.32 -1 -1 -1 -1000 -1000 -1000 -10 1
200 50 Car -1 -1 -1 1023.56 158.79 1182.12 213.61 -1 -1 -1 -1000 -1000 -1000 -10 1
200 42 Car -1 -1 -1 445.65 168.11 480.73 186.73 -1 -1 -1 -1000 -1000 -1000 -10 1
201 51 Car -1 -1 -1 1040.98 157.15 1182.85 209.59 -1 -1 -1 -1000 -1000 -1000 -10 1
201 50 Car -1 -1 -1 1025.76 158.83 1190.44 215.62 -1 -1 -1 -1000 -1000 -1000 -10 1
201 42 Car -1 -1 -1 445.62 168.07 480.76 186.70 -1 -1 -1 -1000 -1000 -1000 -10 1
202 51 Car -1 -1 -1 1034.77 157.26 1175.73 209.52 -1 -1 -1 -1000 -1000 -1000 -10 1
202 50 Car -1 -1 -1 1023.84 159.46 1186.42 215.98 -1 -1 -1 -1000 -1000 -1000 -10 1
202 42 Car -1 -1 -1 445.68 168.08 480.79 186.71 -1 -1 -1 -1000 -1000 -1000 -10 1
203 51 Car -1 -1 -1 1032.10 156.89 1173.67 209.24 -1 -1 -1 -1000 -1000 -1000 -10 1
203 50 Car -1 -1 -1 1023.76 159.71 1185.34 216.70 -1 -1 -1 -1000 -1000 -1000 -10 1
203 42 Car -1 -1 -1 445.72 168.13 480.78 186.74 -1 -1 -1 -1000 -1000 -1000 -10 1
204 51 Car -1 -1 -1 1031.21 157.06 1172.96 209.63 -1 -1 -1 -1000 -1000 -1000 -10 1
204 50 Car -1 -1 -1 1025.94 159.98 1184.91 217.11 -1 -1 -1 -1000 -1000 -1000 -10 1
204 42 Car -1 -1 -1 445.75 168.14 480.74 186.76 -1 -1 -1 -1000 -1000 -1000 -10 1
206 51 Car -1 -1 -1 1031.12 156.37 1172.18 209.26 -1 -1 -1 -1000 -1000 -1000 -10 1
206 50 Car -1 -1 -1 1024.18 159.91 1179.05 216.20 -1 -1 -1 -1000 -1000 -1000 -10 1
206 42 Car -1 -1 -1 445.83 168.14 480.74 186.77 -1 -1 -1 -1000 -1000 -1000 -10 1
207 51 Car -1 -1 -1 1031.62 156.13 1172.64 209.16 -1 -1 -1 -1000 -1000 -1000 -10 1
207 50 Car -1 -1 -1 1025.91 159.82 1179.31 215.78 -1 -1 -1 -1000 -1000 -1000 -10 1
207 42 Car -1 -1 -1 445.75 168.16 480.63 186.78 -1 -1 -1 -1000 -1000 -1000 -10 1
208 51 Car -1 -1 -1 1031.66 156.18 1173.13 209.04 -1 -1 -1 -1000 -1000 -1000 -10 1
208 50 Car -1 -1 -1 1027.66 159.58 1182.65 215.76 -1 -1 -1 -1000 -1000 -1000 -10 1
208 42 Car -1 -1 -1 445.84 168.16 480.74 186.80 -1 -1 -1 -1000 -1000 -1000 -10 1
209 51 Car -1 -1 -1 1032.04 156.79 1173.35 209.16 -1 -1 -1 -1000 -1000 -1000 -10 1
209 50 Car -1 -1 -1 1030.43 159.42 1186.90 215.81 -1 -1 -1 -1000 -1000 -1000 -10 1
209 42 Car -1 -1 -1 445.82 168.19 480.75 186.83 -1 -1 -1 -1000 -1000 -1000 -10 1
210 51 Car -1 -1 -1 1031.85 156.28 1172.71 208.55 -1 -1 -1 -1000 -1000 -1000 -10 1
210 50 Car -1 -1 -1 1027.56 159.84 1184.84 216.10 -1 -1 -1 -1000 -1000 -1000 -10 1
210 42 Car -1 -1 -1 446.01 168.11 480.94 186.80 -1 -1 -1 -1000 -1000 -1000 -10 1
211 51 Car -1 -1 -1 1031.28 156.46 1171.58 208.54 -1 -1 -1 -1000 -1000 -1000 -10 1
211 50 Car -1 -1 -1 1023.49 160.24 1182.86 215.57 -1 -1 -1 -1000 -1000 -1000 -10 1
211 42 Car -1 -1 -1 445.96 168.11 480.91 186.79 -1 -1 -1 -1000 -1000 -1000 -10 1
212 51 Car -1 -1 -1 1031.17 156.78 1171.25 208.80 -1 -1 -1 -1000 -1000 -1000 -10 1
212 50 Car -1 -1 -1 1021.83 159.45 1181.78 213.73 -1 -1 -1 -1000 -1000 -1000 -10 1
212 42 Car -1 -1 -1 445.99 168.01 480.96 186.73 -1 -1 -1 -1000 -1000 -1000 -10 1
213 51 Car -1 -1 -1 1031.06 156.82 1169.97 208.59 -1 -1 -1 -1000 -1000 -1000 -10 1
213 50 Car -1 -1 -1 1023.63 159.17 1182.42 212.87 -1 -1 -1 -1000 -1000 -1000 -10 1
213 42 Car -1 -1 -1 445.82 167.98 480.85 186.70 -1 -1 -1 -1000 -1000 -1000 -10 1
214 51 Car -1 -1 -1 1031.96 156.01 1168.08 207.34 -1 -1 -1 -1000 -1000 -1000 -10 1
214 50 Car -1 -1 -1 1024.10 157.80 1179.32 210.09 -1 -1 -1 -1000 -1000 -1000 -10 1
214 42 Car -1 -1 -1 445.73 167.98 480.81 186.68 -1 -1 -1 -1000 -1000 -1000 -10 1
215 51 Car -1 -1 -1 1034.32 156.29 1168.47 207.00 -1 -1 -1 -1000 -1000 -1000 -10 1
215 50 Car -1 -1 -1 1026.62 156.69 1180.21 208.57 -1 -1 -1 -1000 -1000 -1000 -10 1
215 42 Car -1 -1 -1 445.59 168.09 480.71 186.73 -1 -1 -1 -1000 -1000 -1000 -10 1
216 51 Car -1 -1 -1 1034.74 155.69 1167.63 206.28 -1 -1 -1 -1000 -1000 -1000 -10 1
216 42 Car -1 -1 -1 445.52 168.18 480.73 186.79 -1 -1 -1 -1000 -1000 -1000 -10 1
217 51 Car -1 -1 -1 1031.33 154.89 1163.81 206.03 -1 -1 -1 -1000 -1000 -1000 -10 1
217 42 Car -1 -1 -1 445.34 168.17 480.63 186.78 -1 -1 -1 -1000 -1000 -1000 -10 1
218 51 Car -1 -1 -1 1027.57 156.06 1159.10 206.81 -1 -1 -1 -1000 -1000 -1000 -10 1
218 42 Car -1 -1 -1 445.39 168.09 480.74 186.69 -1 -1 -1 -1000 -1000 -1000 -10 1
219 51 Car -1 -1 -1 1015.43 155.96 1146.51 205.70 -1 -1 -1 -1000 -1000 -1000 -10 1
219 42 Car -1 -1 -1 445.41 168.05 480.87 186.68 -1 -1 -1 -1000 -1000 -1000 -10 1
220 42 Car -1 -1 -1 445.43 168.06 480.94 186.68 -1 -1 -1 -1000 -1000 -1000 -10 1
221 42 Car -1 -1 -1 445.38 167.99 480.97 186.63 -1 -1 -1 -1000 -1000 -1000 -10 1
222 42 Car -1 -1 -1 445.23 167.95 480.78 186.58 -1 -1 -1 -1000 -1000 -1000 -10 1
223 42 Car -1 -1 -1 445.22 167.96 480.69 186.58 -1 -1 -1 -1000 -1000 -1000 -10 1
224 42 Car -1 -1 -1 445.24 167.86 480.65 186.51 -1 -1 -1 -1000 -1000 -1000 -10 1
225 52 Car -1 -1 -1 961.63 161.58 1138.23 211.82 -1 -1 -1 -1000 -1000 -1000 -10 1
225 42 Car -1 -1 -1 445.24 167.85 480.48 186.49 -1 -1 -1 -1000 -1000 -1000 -10 1
226 52 Car -1 -1 -1 966.60 160.53 1133.58 209.05 -1 -1 -1 -1000 -1000 -1000 -10 1
226 42 Car -1 -1 -1 445.28 167.90 480.45 186.53 -1 -1 -1 -1000 -1000 -1000 -10 1
227 52 Car -1 -1 -1 946.89 162.83 1108.30 209.25 -1 -1 -1 -1000 -1000 -1000 -10 1
227 42 Car -1 -1 -1 445.54 167.89 480.58 186.51 -1 -1 -1 -1000 -1000 -1000 -10 1
228 52 Car -1 -1 -1 936.75 164.12 1096.46 210.89 -1 -1 -1 -1000 -1000 -1000 -10 1
228 42 Car -1 -1 -1 445.84 167.92 480.73 186.52 -1 -1 -1 -1000 -1000 -1000 -10 1
229 52 Car -1 -1 -1 928.53 162.87 1089.63 211.29 -1 -1 -1 -1000 -1000 -1000 -10 1
229 42 Car -1 -1 -1 446.19 167.99 481.05 186.54 -1 -1 -1 -1000 -1000 -1000 -10 1
230 52 Car -1 -1 -1 922.50 159.76 1078.68 207.58 -1 -1 -1 -1000 -1000 -1000 -10 1
230 42 Car -1 -1 -1 446.34 168.11 481.31 186.67 -1 -1 -1 -1000 -1000 -1000 -10 1
231 52 Car -1 -1 -1 910.94 158.60 1058.11 204.85 -1 -1 -1 -1000 -1000 -1000 -10 1
231 42 Car -1 -1 -1 446.30 168.12 481.35 186.70 -1 -1 -1 -1000 -1000 -1000 -10 1
232 52 Car -1 -1 -1 907.48 160.57 1047.46 203.97 -1 -1 -1 -1000 -1000 -1000 -10 1
232 42 Car -1 -1 -1 446.37 168.11 481.48 186.70 -1 -1 -1 -1000 -1000 -1000 -10 1
233 52 Car -1 -1 -1 905.59 161.05 1039.25 202.99 -1 -1 -1 -1000 -1000 -1000 -10 1
233 42 Car -1 -1 -1 446.49 168.13 481.58 186.71 -1 -1 -1 -1000 -1000 -1000 -10 1
234 52 Car -1 -1 -1 895.22 161.79 1025.24 204.09 -1 -1 -1 -1000 -1000 -1000 -10 1
234 42 Car -1 -1 -1 446.58 168.09 481.59 186.67 -1 -1 -1 -1000 -1000 -1000 -10 1
235 52 Car -1 -1 -1 889.13 162.25 1021.44 204.30 -1 -1 -1 -1000 -1000 -1000 -10 1
235 42 Car -1 -1 -1 446.51 168.18 481.39 186.75 -1 -1 -1 -1000 -1000 -1000 -10 1
236 52 Car -1 -1 -1 880.86 162.50 1012.69 205.36 -1 -1 -1 -1000 -1000 -1000 -10 1
236 42 Car -1 -1 -1 446.41 168.17 481.21 186.75 -1 -1 -1 -1000 -1000 -1000 -10 1
237 52 Car -1 -1 -1 863.50 159.90 1007.34 206.43 -1 -1 -1 -1000 -1000 -1000 -10 1
237 42 Car -1 -1 -1 446.49 168.19 481.32 186.76 -1 -1 -1 -1000 -1000 -1000 -10 1
238 52 Car -1 -1 -1 853.07 158.59 1003.42 208.35 -1 -1 -1 -1000 -1000 -1000 -10 1
238 42 Car -1 -1 -1 446.21 168.37 480.94 186.90 -1 -1 -1 -1000 -1000 -1000 -10 1
239 52 Car -1 -1 -1 839.93 158.71 988.06 209.55 -1 -1 -1 -1000 -1000 -1000 -10 1
239 42 Car -1 -1 -1 446.00 168.40 480.63 186.94 -1 -1 -1 -1000 -1000 -1000 -10 1
240 52 Car -1 -1 -1 827.23 157.04 971.40 207.15 -1 -1 -1 -1000 -1000 -1000 -10 1
240 42 Car -1 -1 -1 445.94 168.49 480.47 187.02 -1 -1 -1 -1000 -1000 -1000 -10 1
241 52 Car -1 -1 -1 816.07 156.50 958.15 207.37 -1 -1 -1 -1000 -1000 -1000 -10 1
241 42 Car -1 -1 -1 445.86 168.56 480.36 187.10 -1 -1 -1 -1000 -1000 -1000 -10 1
242 52 Car -1 -1 -1 807.51 154.77 950.49 206.97 -1 -1 -1 -1000 -1000 -1000 -10 1
242 42 Car -1 -1 -1 445.82 168.54 480.34 187.07 -1 -1 -1 -1000 -1000 -1000 -10 1
243 52 Car -1 -1 -1 800.74 154.24 945.69 208.09 -1 -1 -1 -1000 -1000 -1000 -10 1
243 42 Car -1 -1 -1 445.90 168.64 480.58 187.13 -1 -1 -1 -1000 -1000 -1000 -10 1
244 52 Car -1 -1 -1 792.58 156.18 937.26 208.73 -1 -1 -1 -1000 -1000 -1000 -10 1
244 42 Car -1 -1 -1 446.02 168.60 480.73 187.06 -1 -1 -1 -1000 -1000 -1000 -10 1
245 52 Car -1 -1 -1 782.71 157.36 923.69 209.59 -1 -1 -1 -1000 -1000 -1000 -10 1
245 42 Car -1 -1 -1 445.96 168.61 480.75 187.04 -1 -1 -1 -1000 -1000 -1000 -10 1
246 52 Car -1 -1 -1 774.49 158.68 913.10 209.42 -1 -1 -1 -1000 -1000 -1000 -10 1
246 42 Car -1 -1 -1 446.04 168.71 480.91 187.09 -1 -1 -1 -1000 -1000 -1000 -10 1
247 52 Car -1 -1 -1 760.19 159.80 895.69 210.10 -1 -1 -1 -1000 -1000 -1000 -10 1
247 42 Car -1 -1 -1 446.43 168.57 481.49 186.88 -1 -1 -1 -1000 -1000 -1000 -10 1
248 52 Car -1 -1 -1 747.75 161.40 885.77 212.06 -1 -1 -1 -1000 -1000 -1000 -10 1
248 42 Car -1 -1 -1 446.52 168.58 481.69 186.83 -1 -1 -1 -1000 -1000 -1000 -10 1
249 52 Car -1 -1 -1 731.41 160.19 872.66 210.64 -1 -1 -1 -1000 -1000 -1000 -10 1
249 42 Car -1 -1 -1 446.94 168.40 482.26 186.63 -1 -1 -1 -1000 -1000 -1000 -10 1
250 52 Car -1 -1 -1 716.75 160.53 861.50 211.29 -1 -1 -1 -1000 -1000 -1000 -10 1
250 42 Car -1 -1 -1 447.10 168.21 482.55 186.48 -1 -1 -1 -1000 -1000 -1000 -10 1
251 52 Car -1 -1 -1 703.76 160.09 849.72 209.77 -1 -1 -1 -1000 -1000 -1000 -10 1
251 42 Car -1 -1 -1 447.32 167.99 482.81 186.33 -1 -1 -1 -1000 -1000 -1000 -10 1
252 52 Car -1 -1 -1 690.98 159.91 839.01 209.44 -1 -1 -1 -1000 -1000 -1000 -10 1
252 42 Car -1 -1 -1 447.97 167.96 483.56 186.33 -1 -1 -1 -1000 -1000 -1000 -10 1
253 52 Car -1 -1 -1 681.48 159.14 829.33 208.93 -1 -1 -1 -1000 -1000 -1000 -10 1
253 42 Car -1 -1 -1 448.16 168.03 483.91 186.43 -1 -1 -1 -1000 -1000 -1000 -10 1
254 52 Car -1 -1 -1 669.64 162.08 815.09 211.49 -1 -1 -1 -1000 -1000 -1000 -10 1
254 42 Car -1 -1 -1 448.40 168.00 484.61 186.50 -1 -1 -1 -1000 -1000 -1000 -10 1
255 52 Car -1 -1 -1 663.68 160.54 808.04 210.79 -1 -1 -1 -1000 -1000 -1000 -10 1
255 42 Car -1 -1 -1 448.42 168.03 484.85 186.61 -1 -1 -1 -1000 -1000 -1000 -10 1
256 52 Car -1 -1 -1 652.21 162.09 799.16 212.01 -1 -1 -1 -1000 -1000 -1000 -10 1
256 42 Car -1 -1 -1 448.26 168.05 484.94 186.59 -1 -1 -1 -1000 -1000 -1000 -10 1
258 52 Car -1 -1 -1 632.14 162.95 781.68 212.31 -1 -1 -1 -1000 -1000 -1000 -10 1
258 42 Car -1 -1 -1 448.77 167.87 485.94 186.42 -1 -1 -1 -1000 -1000 -1000 -10 1
259 52 Car -1 -1 -1 621.96 163.40 771.84 213.95 -1 -1 -1 -1000 -1000 -1000 -10 1
259 42 Car -1 -1 -1 449.31 167.61 486.67 186.20 -1 -1 -1 -1000 -1000 -1000 -10 1
260 52 Car -1 -1 -1 611.01 162.82 759.01 215.69 -1 -1 -1 -1000 -1000 -1000 -10 1
260 42 Car -1 -1 -1 449.94 166.54 487.39 185.46 -1 -1 -1 -1000 -1000 -1000 -10 1
261 55 Car -1 -1 -1 472.23 165.95 498.38 186.59 -1 -1 -1 -1000 -1000 -1000 -10 1
261 52 Car -1 -1 -1 602.31 163.55 751.42 218.13 -1 -1 -1 -1000 -1000 -1000 -10 1
261 42 Car -1 -1 -1 450.36 166.15 487.64 185.27 -1 -1 -1 -1000 -1000 -1000 -10 1
262 55 Car -1 -1 -1 475.94 164.62 500.87 184.13 -1 -1 -1 -1000 -1000 -1000 -10 1
262 52 Car -1 -1 -1 593.52 162.22 739.74 219.70 -1 -1 -1 -1000 -1000 -1000 -10 1
262 42 Car -1 -1 -1 453.54 166.23 489.51 185.48 -1 -1 -1 -1000 -1000 -1000 -10 1
263 55 Car -1 -1 -1 477.59 164.62 502.07 183.36 -1 -1 -1 -1000 -1000 -1000 -10 1
263 52 Car -1 -1 -1 583.32 163.85 730.15 220.34 -1 -1 -1 -1000 -1000 -1000 -10 1
263 42 Car -1 -1 -1 454.59 166.45 489.93 185.64 -1 -1 -1 -1000 -1000 -1000 -10 1
264 52 Car -1 -1 -1 576.54 164.04 723.56 221.92 -1 -1 -1 -1000 -1000 -1000 -10 1
264 42 Car -1 -1 -1 455.58 166.03 490.75 185.03 -1 -1 -1 -1000 -1000 -1000 -10 1
265 52 Car -1 -1 -1 566.66 162.06 714.05 223.83 -1 -1 -1 -1000 -1000 -1000 -10 1
265 42 Car -1 -1 -1 456.49 165.91 491.42 184.73 -1 -1 -1 -1000 -1000 -1000 -10 1
266 52 Car -1 -1 -1 558.80 160.17 703.99 225.48 -1 -1 -1 -1000 -1000 -1000 -10 1
266 42 Car -1 -1 -1 457.19 166.19 492.14 185.07 -1 -1 -1 -1000 -1000 -1000 -10 1
267 52 Car -1 -1 -1 549.71 161.65 694.46 228.38 -1 -1 -1 -1000 -1000 -1000 -10 1
267 42 Car -1 -1 -1 458.15 165.93 493.11 184.99 -1 -1 -1 -1000 -1000 -1000 -10 1
268 52 Car -1 -1 -1 536.94 163.97 683.57 230.11 -1 -1 -1 -1000 -1000 -1000 -10 1
268 42 Car -1 -1 -1 462.72 166.69 496.73 186.49 -1 -1 -1 -1000 -1000 -1000 -10 1
269 52 Car -1 -1 -1 530.79 161.90 677.79 229.36 -1 -1 -1 -1000 -1000 -1000 -10 1
269 42 Car -1 -1 -1 464.59 166.33 498.17 186.85 -1 -1 -1 -1000 -1000 -1000 -10 1
270 52 Car -1 -1 -1 521.10 162.32 666.00 231.00 -1 -1 -1 -1000 -1000 -1000 -10 1
270 42 Car -1 -1 -1 465.93 166.25 499.36 187.43 -1 -1 -1 -1000 -1000 -1000 -10 1
271 52 Car -1 -1 -1 512.77 161.27 653.77 230.86 -1 -1 -1 -1000 -1000 -1000 -10 1
271 42 Car -1 -1 -1 467.11 165.94 500.57 187.70 -1 -1 -1 -1000 -1000 -1000 -10 1
272 52 Car -1 -1 -1 503.21 161.07 642.59 232.91 -1 -1 -1 -1000 -1000 -1000 -10 1
272 42 Car -1 -1 -1 468.37 166.20 501.87 188.47 -1 -1 -1 -1000 -1000 -1000 -10 1
273 57 Car -1 -1 -1 490.83 161.14 637.97 239.35 -1 -1 -1 -1000 -1000 -1000 -10 1
273 52 Car -1 -1 -1 496.31 161.07 634.20 234.71 -1 -1 -1 -1000 -1000 -1000 -10 1
273 42 Car -1 -1 -1 468.18 166.22 502.22 189.00 -1 -1 -1 -1000 -1000 -1000 -10 1
274 57 Car -1 -1 -1 481.74 159.55 629.87 238.73 -1 -1 -1 -1000 -1000 -1000 -10 1
274 42 Car -1 -1 -1 469.45 165.23 504.61 188.59 -1 -1 -1 -1000 -1000 -1000 -10 1
275 57 Car -1 -1 -1 466.80 159.79 622.89 246.13 -1 -1 -1 -1000 -1000 -1000 -10 1
275 42 Car -1 -1 -1 470.33 164.06 506.76 188.53 -1 -1 -1 -1000 -1000 -1000 -10 1
276 57 Car -1 -1 -1 452.15 161.51 613.19 250.83 -1 -1 -1 -1000 -1000 -1000 -10 1
276 42 Car -1 -1 -1 472.02 163.43 508.71 188.57 -1 -1 -1 -1000 -1000 -1000 -10 1
277 57 Car -1 -1 -1 441.75 161.30 601.53 253.43 -1 -1 -1 -1000 -1000 -1000 -10 1
278 57 Car -1 -1 -1 430.87 159.76 595.03 256.36 -1 -1 -1 -1000 -1000 -1000 -10 1
279 57 Car -1 -1 -1 412.86 159.58 582.31 259.91 -1 -1 -1 -1000 -1000 -1000 -10 1
280 57 Car -1 -1 -1 400.11 160.46 573.89 263.42 -1 -1 -1 -1000 -1000 -1000 -10 1
281 57 Car -1 -1 -1 389.12 163.40 565.97 268.24 -1 -1 -1 -1000 -1000 -1000 -10 1
282 57 Car -1 -1 -1 375.82 164.06 556.25 273.40 -1 -1 -1 -1000 -1000 -1000 -10 1
283 57 Car -1 -1 -1 359.68 164.00 546.24 279.74 -1 -1 -1 -1000 -1000 -1000 -10 1
284 57 Car -1 -1 -1 345.27 165.17 535.03 284.64 -1 -1 -1 -1000 -1000 -1000 -10 1
285 57 Car -1 -1 -1 333.64 165.43 522.63 286.95 -1 -1 -1 -1000 -1000 -1000 -10 1
286 57 Car -1 -1 -1 311.03 168.53 509.61 296.44 -1 -1 -1 -1000 -1000 -1000 -10 1
287 57 Car -1 -1 -1 289.03 170.79 498.93 304.48 -1 -1 -1 -1000 -1000 -1000 -10 1
288 57 Car -1 -1 -1 269.40 170.92 488.00 312.67 -1 -1 -1 -1000 -1000 -1000 -10 1
289 57 Car -1 -1 -1 254.94 171.57 477.86 316.64 -1 -1 -1 -1000 -1000 -1000 -10 1
290 57 Car -1 -1 -1 229.22 174.74 468.93 326.58 -1 -1 -1 -1000 -1000 -1000 -10 1
291 61 Car -1 -1 -1 468.02 165.88 498.20 190.69 -1 -1 -1 -1000 -1000 -1000 -10 1
291 57 Car -1 -1 -1 199.96 169.59 461.09 334.73 -1 -1 -1 -1000 -1000 -1000 -10 1
292 61 Car -1 -1 -1 468.36 165.86 498.27 190.76 -1 -1 -1 -1000 -1000 -1000 -10 1
292 57 Car -1 -1 -1 165.95 169.29 451.19 349.14 -1 -1 -1 -1000 -1000 -1000 -10 1
293 61 Car -1 -1 -1 470.03 166.32 499.52 191.09 -1 -1 -1 -1000 -1000 -1000 -10 1
293 57 Car -1 -1 -1 132.20 168.13 434.63 354.80 -1 -1 -1 -1000 -1000 -1000 -10 1
294 61 Car -1 -1 -1 470.27 166.31 499.65 191.05 -1 -1 -1 -1000 -1000 -1000 -10 1
294 57 Car -1 -1 -1 94.08 159.42 421.17 359.88 -1 -1 -1 -1000 -1000 -1000 -10 1
295 61 Car -1 -1 -1 470.36 164.05 500.79 188.35 -1 -1 -1 -1000 -1000 -1000 -10 1
295 57 Car -1 -1 -1 48.96 158.88 401.42 365.67 -1 -1 -1 -1000 -1000 -1000 -10 1
296 61 Car -1 -1 -1 470.59 163.82 501.69 187.69 -1 -1 -1 -1000 -1000 -1000 -10 1
296 57 Car -1 -1 -1 22.27 156.43 392.91 368.55 -1 -1 -1 -1000 -1000 -1000 -10 1
297 61 Car -1 -1 -1 469.96 163.66 501.52 187.15 -1 -1 -1 -1000 -1000 -1000 -10 1
297 57 Car -1 -1 -1 -4.08 150.11 383.93 369.10 -1 -1 -1 -1000 -1000 -1000 -10 1
298 61 Car -1 -1 -1 469.76 163.45 501.63 186.72 -1 -1 -1 -1000 -1000 -1000 -10 1
298 57 Car -1 -1 -1 -11.34 149.77 373.64 370.09 -1 -1 -1 -1000 -1000 -1000 -10 1
299 61 Car -1 -1 -1 470.52 163.55 502.65 186.67 -1 -1 -1 -1000 -1000 -1000 -10 1
299 57 Car -1 -1 -1 -15.53 150.60 367.65 370.99 -1 -1 -1 -1000 -1000 -1000 -10 1
300 61 Car -1 -1 -1 471.24 163.45 503.78 186.76 -1 -1 -1 -1000 -1000 -1000 -10 1
300 57 Car -1 -1 -1 -22.95 148.99 354.91 371.58 -1 -1 -1 -1000 -1000 -1000 -10 1
301 61 Car -1 -1 -1 471.71 163.46 504.28 186.60 -1 -1 -1 -1000 -1000 -1000 -10 1
301 57 Car -1 -1 -1 -27.86 145.39 337.75 371.32 -1 -1 -1 -1000 -1000 -1000 -10 1
302 61 Car -1 -1 -1 472.14 163.66 504.82 186.62 -1 -1 -1 -1000 -1000 -1000 -10 1
302 57 Car -1 -1 -1 -33.87 143.91 311.95 370.65 -1 -1 -1 -1000 -1000 -1000 -10 1
303 61 Car -1 -1 -1 472.79 163.53 505.62 186.40 -1 -1 -1 -1000 -1000 -1000 -10 1
303 57 Car -1 -1 -1 -36.21 146.19 284.92 372.33 -1 -1 -1 -1000 -1000 -1000 -10 1
