0 2 Car -1 -1 -1 1051.49 178.22 1197.05 224.47 -1 -1 -1 -1000 -1000 -1000 -10 1
0 1 Car -1 -1 -1 560.63 161.99 602.53 201.13 -1 -1 -1 -1000 -1000 -1000 -10 1
1 3 Car -1 -1 -1 909.97 184.34 1009.54 219.68 -1 -1 -1 -1000 -1000 -1000 -10 1
1 2 Car -1 -1 -1 1057.52 186.00 1196.53 226.55 -1 -1 -1 -1000 -1000 -1000 -10 1
1 1 Car -1 -1 -1 563.86 160.62 603.17 197.48 -1 -1 -1 -1000 -1000 -1000 -10 1
2 4 Car -1 -1 -1 576.82 161.36 609.97 223.51 -1 -1 -1 -1000 -1000 -1000 -10 1
2 3 Car -1 -1 -1 909.44 181.45 1015.90 220.21 -1 -1 -1 -1000 -1000 -1000 -10 1
2 2 Car -1 -1 -1 1069.73 182.77 1219.74 228.50 -1 -1 -1 -1000 -1000 -1000 -10 1
2 1 Car -1 -1 -1 560.18 161.28 601.33 202.18 -1 -1 -1 -1000 -1000 -1000 -10 1
3 2 Car -1 -1 -1 1074.95 181.37 1228.97 230.14 -1 -1 -1 -1000 -1000 -1000 -10 1
3 1 Car -1 -1 -1 557.04 162.33 598.38 204.16 -1 -1 -1 -1000 -1000 -1000 -10 1
4 3 Car -1 -1 -1 908.94 184.32 1019.56 222.10 -1 -1 -1 -1000 -1000 -1000 -10 1
4 2 Car -1 -1 -1 1078.96 183.03 1233.05 232.41 -1 -1 -1 -1000 -1000 -1000 -10 1
5 3 Car -1 -1 -1 911.57 184.95 1017.45 221.24 -1 -1 -1 -1000 -1000 -1000 -10 1
5 2 Car -1 -1 -1 1083.53 181.74 1236.19 231.59 -1 -1 -1 -1000 -1000 -1000 -10 1
6 5 Car -1 -1 -1 565.21 160.84 623.65 215.70 -1 -1 -1 -1000 -1000 -1000 -10 1
6 3 Car -1 -1 -1 923.37 184.81 1031.45 221.71 -1 -1 -1 -1000 -1000 -1000 -10 1
6 2 Car -1 -1 -1 1087.81 181.71 1234.19 231.91 -1 -1 -1 -1000 -1000 -1000 -10 1
7 5 Car -1 -1 -1 560.99 160.65 624.19 217.04 -1 -1 -1 -1000 -1000 -1000 -10 1
7 3 Car -1 -1 -1 923.80 185.88 1022.37 221.99 -1 -1 -1 -1000 -1000 -1000 -10 1
7 2 Car -1 -1 -1 1091.03 181.54 1234.45 232.57 -1 -1 -1 -1000 -1000 -1000 -10 1
8 5 Car -1 -1 -1 558.26 162.01 625.45 218.89 -1 -1 -1 -1000 -1000 -1000 -10 1
8 2 Car -1 -1 -1 1101.24 182.41 1236.91 233.01 -1 -1 -1 -1000 -1000 -1000 -10 1
9 5 Car -1 -1 -1 561.65 161.66 626.45 217.48 -1 -1 -1 -1000 -1000 -1000 -10 1
9 2 Car -1 -1 -1 1109.93 180.90 1240.07 229.71 -1 -1 -1 -1000 -1000 -1000 -10 1
10 5 Car -1 -1 -1 564.39 161.35 631.48 217.62 -1 -1 -1 -1000 -1000 -1000 -10 1
10 2 Car -1 -1 -1 1114.17 178.92 1239.99 227.31 -1 -1 -1 -1000 -1000 -1000 -10 1
11 5 Car -1 -1 -1 567.62 160.97 640.65 215.81 -1 -1 -1 -1000 -1000 -1000 -10 1
11 2 Car -1 -1 -1 1119.54 180.22 1237.38 227.32 -1 -1 -1 -1000 -1000 -1000 -10 1
12 5 Car -1 -1 -1 567.93 162.95 645.91 217.21 -1 -1 -1 -1000 -1000 -1000 -10 1
12 2 Car -1 -1 -1 1122.10 179.98 1232.55 226.63 -1 -1 -1 -1000 -1000 -1000 -10 1
13 5 Car -1 -1 -1 574.62 165.39 653.52 218.62 -1 -1 -1 -1000 -1000 -1000 -10 1
13 2 Car -1 -1 -1 1127.96 181.82 1232.69 229.66 -1 -1 -1 -1000 -1000 -1000 -10 1
14 7 Car -1 -1 -1 931.12 184.63 1042.14 225.77 -1 -1 -1 -1000 -1000 -1000 -10 1
14 2 Car -1 -1 -1 1131.55 176.40 1232.13 226.00 -1 -1 -1 -1000 -1000 -1000 -10 1
15 7 Car -1 -1 -1 945.64 184.31 1053.15 225.23 -1 -1 -1 -1000 -1000 -1000 -10 1
15 2 Car -1 -1 -1 1136.19 177.99 1231.76 230.74 -1 -1 -1 -1000 -1000 -1000 -10 1
16 7 Car -1 -1 -1 951.17 186.08 1055.64 225.95 -1 -1 -1 -1000 -1000 -1000 -10 1
16 2 Car -1 -1 -1 1145.81 171.24 1235.18 227.64 -1 -1 -1 -1000 -1000 -1000 -10 1
17 7 Car -1 -1 -1 953.65 187.40 1055.14 226.37 -1 -1 -1 -1000 -1000 -1000 -10 1
17 5 Car -1 -1 -1 582.07 170.12 681.53 224.11 -1 -1 -1 -1000 -1000 -1000 -10 1
17 2 Car -1 -1 -1 1137.37 174.61 1232.34 234.35 -1 -1 -1 -1000 -1000 -1000 -10 1
18 7 Car -1 -1 -1 959.22 187.25 1055.69 225.28 -1 -1 -1 -1000 -1000 -1000 -10 1
18 5 Car -1 -1 -1 582.92 169.71 686.11 224.09 -1 -1 -1 -1000 -1000 -1000 -10 1
19 7 Car -1 -1 -1 955.85 184.60 1055.51 223.75 -1 -1 -1 -1000 -1000 -1000 -10 1
20 7 Car -1 -1 -1 960.65 183.05 1058.39 222.07 -1 -1 -1 -1000 -1000 -1000 -10 1
21 7 Car -1 -1 -1 963.06 183.19 1058.72 222.01 -1 -1 -1 -1000 -1000 -1000 -10 1
23 16 Car -1 -1 -1 1099.74 185.38 1233.10 235.20 -1 -1 -1 -1000 -1000 -1000 -10 1
23 5 Car -1 -1 -1 611.98 168.72 736.10 226.58 -1 -1 -1 -1000 -1000 -1000 -10 1
24 17 Car -1 -1 -1 1019.68 183.00 1150.52 229.50 -1 -1 -1 -1000 -1000 -1000 -10 1
24 16 Car -1 -1 -1 1101.83 183.48 1232.14 232.87 -1 -1 -1 -1000 -1000 -1000 -10 1
24 5 Car -1 -1 -1 612.86 166.07 739.58 228.46 -1 -1 -1 -1000 -1000 -1000 -10 1
25 17 Car -1 -1 -1 1028.77 181.50 1157.37 224.45 -1 -1 -1 -1000 -1000 -1000 -10 1
25 16 Car -1 -1 -1 1104.64 185.86 1231.55 234.23 -1 -1 -1 -1000 -1000 -1000 -10 1
25 7 Car -1 -1 -1 972.79 179.57 1078.51 221.27 -1 -1 -1 -1000 -1000 -1000 -10 1
25 5 Car -1 -1 -1 615.64 165.12 747.50 231.59 -1 -1 -1 -1000 -1000 -1000 -10 1
26 17 Car -1 -1 -1 1033.54 181.45 1161.34 222.99 -1 -1 -1 -1000 -1000 -1000 -10 1
26 16 Car -1 -1 -1 1106.33 186.86 1232.28 234.81 -1 -1 -1 -1000 -1000 -1000 -10 1
26 7 Car -1 -1 -1 973.18 177.99 1080.26 220.36 -1 -1 -1 -1000 -1000 -1000 -10 1
27 17 Car -1 -1 -1 1037.52 181.88 1166.87 222.61 -1 -1 -1 -1000 -1000 -1000 -10 1
27 16 Car -1 -1 -1 1101.93 188.14 1230.98 237.69 -1 -1 -1 -1000 -1000 -1000 -10 1
27 7 Car -1 -1 -1 972.50 176.80 1082.20 220.66 -1 -1 -1 -1000 -1000 -1000 -10 1
28 17 Car -1 -1 -1 1037.66 181.64 1168.36 223.10 -1 -1 -1 -1000 -1000 -1000 -10 1
28 16 Car -1 -1 -1 1103.93 188.55 1232.62 237.76 -1 -1 -1 -1000 -1000 -1000 -10 1
28 7 Car -1 -1 -1 971.63 175.97 1083.07 219.90 -1 -1 -1 -1000 -1000 -1000 -10 1
29 17 Car -1 -1 -1 1035.87 182.46 1163.49 224.71 -1 -1 -1 -1000 -1000 -1000 -10 1
29 16 Car -1 -1 -1 1116.58 186.15 1234.85 232.59 -1 -1 -1 -1000 -1000 -1000 -10 1
29 7 Car -1 -1 -1 974.04 175.30 1088.20 219.41 -1 -1 -1 -1000 -1000 -1000 -10 1
30 17 Car -1 -1 -1 1035.89 183.32 1161.88 227.01 -1 -1 -1 -1000 -1000 -1000 -10 1
30 16 Car -1 -1 -1 1121.14 184.98 1235.54 229.88 -1 -1 -1 -1000 -1000 -1000 -10 1
30 7 Car -1 -1 -1 974.62 175.27 1089.64 219.67 -1 -1 -1 -1000 -1000 -1000 -10 1
31 17 Car -1 -1 -1 1046.53 183.85 1174.71 229.16 -1 -1 -1 -1000 -1000 -1000 -10 1
31 7 Car -1 -1 -1 974.95 175.86 1091.91 221.38 -1 -1 -1 -1000 -1000 -1000 -10 1
33 17 Car -1 -1 -1 1048.86 183.08 1185.81 229.83 -1 -1 -1 -1000 -1000 -1000 -10 1
33 7 Car -1 -1 -1 981.79 176.25 1100.52 224.10 -1 -1 -1 -1000 -1000 -1000 -10 1
34 17 Car -1 -1 -1 1052.25 182.69 1193.26 231.67 -1 -1 -1 -1000 -1000 -1000 -10 1
34 7 Car -1 -1 -1 982.77 177.06 1104.45 225.60 -1 -1 -1 -1000 -1000 -1000 -10 1
35 17 Car -1 -1 -1 1050.20 182.94 1195.75 234.05 -1 -1 -1 -1000 -1000 -1000 -10 1
35 7 Car -1 -1 -1 984.32 177.77 1109.50 226.40 -1 -1 -1 -1000 -1000 -1000 -10 1
36 23 Car -1 -1 -1 745.82 166.30 907.73 243.22 -1 -1 -1 -1000 -1000 -1000 -10 1
36 17 Car -1 -1 -1 1053.21 183.69 1196.85 232.50 -1 -1 -1 -1000 -1000 -1000 -10 1
36 7 Car -1 -1 -1 984.37 180.13 1111.50 228.36 -1 -1 -1 -1000 -1000 -1000 -10 1
37 23 Car -1 -1 -1 755.92 166.96 915.48 245.17 -1 -1 -1 -1000 -1000 -1000 -10 1
37 22 Car -1 -1 -1 524.08 175.21 566.98 205.12 -1 -1 -1 -1000 -1000 -1000 -10 1
37 17 Car -1 -1 -1 1063.18 182.20 1205.04 231.26 -1 -1 -1 -1000 -1000 -1000 -10 1
37 7 Car -1 -1 -1 987.33 182.06 1112.24 231.31 -1 -1 -1 -1000 -1000 -1000 -10 1
38 23 Car -1 -1 -1 779.35 165.15 926.94 235.96 -1 -1 -1 -1000 -1000 -1000 -10 1
38 22 Car -1 -1 -1 521.87 175.61 565.14 205.74 -1 -1 -1 -1000 -1000 -1000 -10 1
38 17 Car -1 -1 -1 1066.57 181.55 1208.52 230.21 -1 -1 -1 -1000 -1000 -1000 -10 1
38 7 Car -1 -1 -1 990.12 182.73 1115.34 231.60 -1 -1 -1 -1000 -1000 -1000 -10 1
39 23 Car -1 -1 -1 783.54 167.23 947.63 244.92 -1 -1 -1 -1000 -1000 -1000 -10 1
39 22 Car -1 -1 -1 521.67 176.83 564.19 208.01 -1 -1 -1 -1000 -1000 -1000 -10 1
39 17 Car -1 -1 -1 1069.14 181.96 1211.67 231.54 -1 -1 -1 -1000 -1000 -1000 -10 1
39 7 Car -1 -1 -1 992.67 182.63 1117.54 231.13 -1 -1 -1 -1000 -1000 -1000 -10 1
40 23 Car -1 -1 -1 785.48 175.75 949.32 258.97 -1 -1 -1 -1000 -1000 -1000 -10 1
40 22 Car -1 -1 -1 521.61 177.27 563.42 208.77 -1 -1 -1 -1000 -1000 -1000 -10 1
40 17 Car -1 -1 -1 1069.22 182.41 1213.38 232.52 -1 -1 -1 -1000 -1000 -1000 -10 1
40 7 Car -1 -1 -1 1001.28 182.45 1121.54 230.50 -1 -1 -1 -1000 -1000 -1000 -10 1
41 23 Car -1 -1 -1 809.46 169.98 975.32 254.16 -1 -1 -1 -1000 -1000 -1000 -10 1
41 17 Car -1 -1 -1 1068.07 183.53 1213.76 234.08 -1 -1 -1 -1000 -1000 -1000 -10 1
41 7 Car -1 -1 -1 1005.58 189.10 1126.35 238.46 -1 -1 -1 -1000 -1000 -1000 -10 1
42 17 Car -1 -1 -1 1070.11 184.21 1214.62 235.52 -1 -1 -1 -1000 -1000 -1000 -10 1
42 7 Car -1 -1 -1 995.72 184.17 1120.47 233.20 -1 -1 -1 -1000 -1000 -1000 -10 1
43 17 Car -1 -1 -1 1071.71 183.51 1216.68 235.17 -1 -1 -1 -1000 -1000 -1000 -10 1
43 7 Car -1 -1 -1 1002.16 181.00 1132.07 229.76 -1 -1 -1 -1000 -1000 -1000 -10 1
44 17 Car -1 -1 -1 1081.35 183.79 1221.76 235.01 -1 -1 -1 -1000 -1000 -1000 -10 1
44 7 Car -1 -1 -1 1001.68 184.34 1137.16 233.65 -1 -1 -1 -1000 -1000 -1000 -10 1
45 7 Car -1 -1 -1 993.48 185.14 1130.06 236.74 -1 -1 -1 -1000 -1000 -1000 -10 1
46 7 Car -1 -1 -1 1021.65 185.61 1160.18 237.95 -1 -1 -1 -1000 -1000 -1000 -10 1
47 7 Car -1 -1 -1 1060.13 183.08 1195.80 235.45 -1 -1 -1 -1000 -1000 -1000 -10 1
48 7 Car -1 -1 -1 1072.71 181.55 1209.37 236.31 -1 -1 -1 -1000 -1000 -1000 -10 1
49 35 Car -1 -1 -1 495.82 181.24 547.16 217.03 -1 -1 -1 -1000 -1000 -1000 -10 1
49 7 Car -1 -1 -1 1075.69 186.54 1212.95 244.82 -1 -1 -1 -1000 -1000 -1000 -10 1
50 37 Car -1 -1 -1 971.96 170.85 1163.71 258.05 -1 -1 -1 -1000 -1000 -1000 -10 1
50 35 Car -1 -1 -1 491.08 180.71 541.43 216.94 -1 -1 -1 -1000 -1000 -1000 -10 1
50 7 Car -1 -1 -1 1101.25 182.06 1233.84 246.37 -1 -1 -1 -1000 -1000 -1000 -10 1
51 37 Car -1 -1 -1 983.21 164.99 1178.66 251.04 -1 -1 -1 -1000 -1000 -1000 -10 1
51 35 Car -1 -1 -1 487.13 180.86 537.28 217.33 -1 -1 -1 -1000 -1000 -1000 -10 1
52 37 Car -1 -1 -1 1002.97 163.64 1209.54 250.92 -1 -1 -1 -1000 -1000 -1000 -10 1
52 35 Car -1 -1 -1 485.30 181.95 534.06 218.40 -1 -1 -1 -1000 -1000 -1000 -10 1
53 37 Car -1 -1 -1 1019.24 163.49 1227.84 249.68 -1 -1 -1 -1000 -1000 -1000 -10 1
53 35 Car -1 -1 -1 487.66 184.00 535.58 221.23 -1 -1 -1 -1000 -1000 -1000 -10 1
54 37 Car -1 -1 -1 1039.66 166.10 1241.59 251.39 -1 -1 -1 -1000 -1000 -1000 -10 1
54 35 Car -1 -1 -1 484.82 183.87 532.75 223.53 -1 -1 -1 -1000 -1000 -1000 -10 1
55 37 Car -1 -1 -1 1060.85 168.36 1246.97 252.62 -1 -1 -1 -1000 -1000 -1000 -10 1
55 35 Car -1 -1 -1 477.71 179.60 528.27 221.71 -1 -1 -1 -1000 -1000 -1000 -10 1
56 37 Car -1 -1 -1 1063.94 167.37 1241.64 251.61 -1 -1 -1 -1000 -1000 -1000 -10 1
56 35 Car -1 -1 -1 469.72 184.30 522.82 233.12 -1 -1 -1 -1000 -1000 -1000 -10 1
57 39 Car -1 -1 -1 401.43 179.85 483.66 265.55 -1 -1 -1 -1000 -1000 -1000 -10 1
57 37 Car -1 -1 -1 1078.04 170.24 1238.60 250.30 -1 -1 -1 -1000 -1000 -1000 -10 1
57 35 Car -1 -1 -1 462.67 187.88 521.78 246.52 -1 -1 -1 -1000 -1000 -1000 -10 1
58 39 Car -1 -1 -1 375.08 178.94 456.74 264.24 -1 -1 -1 -1000 -1000 -1000 -10 1
58 37 Car -1 -1 -1 1081.81 169.95 1231.03 246.43 -1 -1 -1 -1000 -1000 -1000 -10 1
59 37 Car -1 -1 -1 1083.72 172.82 1227.83 248.39 -1 -1 -1 -1000 -1000 -1000 -10 1
60 37 Car -1 -1 -1 1097.90 174.01 1238.02 251.30 -1 -1 -1 -1000 -1000 -1000 -10 1
61 37 Car -1 -1 -1 1099.99 175.94 1231.40 249.20 -1 -1 -1 -1000 -1000 -1000 -10 1
62 37 Car -1 -1 -1 1098.95 177.18 1226.93 248.04 -1 -1 -1 -1000 -1000 -1000 -10 1
63 37 Car -1 -1 -1 1114.25 173.67 1232.09 241.44 -1 -1 -1 -1000 -1000 -1000 -10 1
64 37 Car -1 -1 -1 1123.75 176.12 1233.84 238.21 -1 -1 -1 -1000 -1000 -1000 -10 1
65 41 Car -1 -1 -1 1032.65 180.72 1161.26 231.22 -1 -1 -1 -1000 -1000 -1000 -10 1
65 37 Car -1 -1 -1 1108.58 180.68 1218.89 239.94 -1 -1 -1 -1000 -1000 -1000 -10 1
66 41 Car -1 -1 -1 1018.10 183.23 1152.48 237.18 -1 -1 -1 -1000 -1000 -1000 -10 1
66 37 Car -1 -1 -1 1107.48 182.84 1216.56 240.35 -1 -1 -1 -1000 -1000 -1000 -10 1
67 37 Car -1 -1 -1 1106.14 186.78 1217.81 241.70 -1 -1 -1 -1000 -1000 -1000 -10 1
68 37 Car -1 -1 -1 1102.97 187.92 1216.56 240.95 -1 -1 -1 -1000 -1000 -1000 -10 1
69 37 Car -1 -1 -1 1101.77 188.33 1216.37 239.76 -1 -1 -1 -1000 -1000 -1000 -10 1
70 37 Car -1 -1 -1 1111.05 187.63 1224.48 238.12 -1 -1 -1 -1000 -1000 -1000 -10 1
71 37 Car -1 -1 -1 1110.97 189.53 1223.59 241.61 -1 -1 -1 -1000 -1000 -1000 -10 1
72 46 Car -1 -1 -1 408.52 177.88 515.31 250.08 -1 -1 -1 -1000 -1000 -1000 -10 1
72 37 Car -1 -1 -1 1112.28 189.25 1224.40 242.52 -1 -1 -1 -1000 -1000 -1000 -10 1
73 46 Car -1 -1 -1 402.03 180.14 513.69 255.37 -1 -1 -1 -1000 -1000 -1000 -10 1
73 37 Car -1 -1 -1 1107.14 186.62 1222.13 241.40 -1 -1 -1 -1000 -1000 -1000 -10 1
74 46 Car -1 -1 -1 394.97 179.43 509.34 256.77 -1 -1 -1 -1000 -1000 -1000 -10 1
74 37 Car -1 -1 -1 1099.90 187.63 1219.23 244.17 -1 -1 -1 -1000 -1000 -1000 -10 1
75 46 Car -1 -1 -1 386.86 178.18 506.04 257.27 -1 -1 -1 -1000 -1000 -1000 -10 1
75 37 Car -1 -1 -1 1093.53 185.77 1217.77 244.18 -1 -1 -1 -1000 -1000 -1000 -10 1
76 46 Car -1 -1 -1 380.01 178.77 503.49 258.98 -1 -1 -1 -1000 -1000 -1000 -10 1
76 37 Car -1 -1 -1 1082.23 184.80 1214.05 243.29 -1 -1 -1 -1000 -1000 -1000 -10 1
77 46 Car -1 -1 -1 371.99 179.52 499.61 262.04 -1 -1 -1 -1000 -1000 -1000 -10 1
77 37 Car -1 -1 -1 1061.21 182.44 1202.28 246.86 -1 -1 -1 -1000 -1000 -1000 -10 1
78 46 Car -1 -1 -1 365.73 181.01 496.25 264.84 -1 -1 -1 -1000 -1000 -1000 -10 1
78 37 Car -1 -1 -1 1039.67 188.84 1187.42 255.23 -1 -1 -1 -1000 -1000 -1000 -10 1
79 46 Car -1 -1 -1 362.42 179.66 493.80 267.29 -1 -1 -1 -1000 -1000 -1000 -10 1
80 46 Car -1 -1 -1 353.70 182.06 486.98 270.92 -1 -1 -1 -1000 -1000 -1000 -10 1
81 46 Car -1 -1 -1 343.76 180.49 483.33 274.96 -1 -1 -1 -1000 -1000 -1000 -10 1
82 46 Car -1 -1 -1 333.61 180.08 481.23 281.81 -1 -1 -1 -1000 -1000 -1000 -10 1
83 46 Car -1 -1 -1 318.80 180.96 474.05 287.00 -1 -1 -1 -1000 -1000 -1000 -10 1
84 46 Car -1 -1 -1 308.60 184.49 469.09 291.80 -1 -1 -1 -1000 -1000 -1000 -10 1
85 46 Car -1 -1 -1 294.11 186.84 459.71 297.28 -1 -1 -1 -1000 -1000 -1000 -10 1
86 46 Car -1 -1 -1 282.78 187.14 455.04 301.12 -1 -1 -1 -1000 -1000 -1000 -10 1
87 46 Car -1 -1 -1 266.93 185.45 448.14 306.36 -1 -1 -1 -1000 -1000 -1000 -10 1
88 46 Car -1 -1 -1 250.60 185.48 443.48 313.29 -1 -1 -1 -1000 -1000 -1000 -10 1
89 52 Car -1 -1 -1 1103.13 180.99 1224.25 228.48 -1 -1 -1 -1000 -1000 -1000 -10 1
89 46 Car -1 -1 -1 230.71 190.16 432.41 323.67 -1 -1 -1 -1000 -1000 -1000 -10 1
90 52 Car -1 -1 -1 1102.14 183.55 1221.11 232.01 -1 -1 -1 -1000 -1000 -1000 -10 1
90 46 Car -1 -1 -1 209.17 189.93 424.92 330.95 -1 -1 -1 -1000 -1000 -1000 -10 1
91 52 Car -1 -1 -1 1103.27 185.32 1222.27 234.91 -1 -1 -1 -1000 -1000 -1000 -10 1
91 46 Car -1 -1 -1 185.56 191.33 418.47 343.56 -1 -1 -1 -1000 -1000 -1000 -10 1
92 52 Car -1 -1 -1 1104.19 185.89 1222.57 236.43 -1 -1 -1 -1000 -1000 -1000 -10 1
92 46 Car -1 -1 -1 159.45 194.82 403.68 353.01 -1 -1 -1 -1000 -1000 -1000 -10 1
93 52 Car -1 -1 -1 1105.29 186.97 1223.11 238.31 -1 -1 -1 -1000 -1000 -1000 -10 1
93 46 Car -1 -1 -1 121.59 193.51 395.34 361.27 -1 -1 -1 -1000 -1000 -1000 -10 1
94 52 Car -1 -1 -1 1106.05 187.35 1223.36 239.49 -1 -1 -1 -1000 -1000 -1000 -10 1
94 46 Car -1 -1 -1 77.90 192.02 379.40 365.99 -1 -1 -1 -1000 -1000 -1000 -10 1
95 52 Car -1 -1 -1 1105.27 187.59 1221.93 239.52 -1 -1 -1 -1000 -1000 -1000 -10 1
95 46 Car -1 -1 -1 39.08 190.01 371.84 368.61 -1 -1 -1 -1000 -1000 -1000 -10 1
96 52 Car -1 -1 -1 1105.62 187.99 1222.90 239.68 -1 -1 -1 -1000 -1000 -1000 -10 1
96 46 Car -1 -1 -1 13.81 190.51 370.85 371.10 -1 -1 -1 -1000 -1000 -1000 -10 1
97 52 Car -1 -1 -1 1104.36 187.82 1222.73 239.18 -1 -1 -1 -1000 -1000 -1000 -10 1
97 46 Car -1 -1 -1 1.04 189.36 363.52 370.90 -1 -1 -1 -1000 -1000 -1000 -10 1
98 52 Car -1 -1 -1 1102.83 187.67 1222.35 238.71 -1 -1 -1 -1000 -1000 -1000 -10 1
98 46 Car -1 -1 -1 -6.53 190.16 359.71 371.93 -1 -1 -1 -1000 -1000 -1000 -10 1
99 52 Car -1 -1 -1 1100.90 187.17 1220.68 237.69 -1 -1 -1 -1000 -1000 -1000 -10 1
99 46 Car -1 -1 -1 -8.46 193.75 357.24 371.34 -1 -1 -1 -1000 -1000 -1000 -10 1
100 52 Car -1 -1 -1 1101.32 187.07 1222.19 237.36 -1 -1 -1 -1000 -1000 -1000 -10 1
100 46 Car -1 -1 -1 -15.43 194.68 346.94 372.69 -1 -1 -1 -1000 -1000 -1000 -10 1
101 52 Car -1 -1 -1 1102.02 187.76 1223.62 238.10 -1 -1 -1 -1000 -1000 -1000 -10 1
101 46 Car -1 -1 -1 -19.97 196.45 334.65 373.44 -1 -1 -1 -1000 -1000 -1000 -10 1
102 52 Car -1 -1 -1 1102.04 188.89 1224.95 238.75 -1 -1 -1 -1000 -1000 -1000 -10 1
102 46 Car -1 -1 -1 -29.73 198.52 307.52 371.95 -1 -1 -1 -1000 -1000 -1000 -10 1
103 58 Car -1 -1 -1 1030.37 183.72 1167.10 240.92 -1 -1 -1 -1000 -1000 -1000 -10 1
103 52 Car -1 -1 -1 1101.78 189.80 1226.02 239.53 -1 -1 -1 -1000 -1000 -1000 -10 1
103 46 Car -1 -1 -1 -34.22 200.76 279.39 373.19 -1 -1 -1 -1000 -1000 -1000 -10 1
104 52 Car -1 -1 -1 1102.60 189.54 1226.96 239.07 -1 -1 -1 -1000 -1000 -1000 -10 1
104 46 Car -1 -1 -1 -41.14 208.52 237.93 377.49 -1 -1 -1 -1000 -1000 -1000 -10 1
105 52 Car -1 -1 -1 1101.02 188.16 1226.56 238.30 -1 -1 -1 -1000 -1000 -1000 -10 1
106 52 Car -1 -1 -1 1103.32 183.70 1226.82 235.00 -1 -1 -1 -1000 -1000 -1000 -10 1
107 52 Car -1 -1 -1 1107.05 181.95 1227.82 233.64 -1 -1 -1 -1000 -1000 -1000 -10 1
108 59 Car -1 -1 -1 615.40 176.20 653.68 204.36 -1 -1 -1 -1000 -1000 -1000 -10 1
108 52 Car -1 -1 -1 1111.84 182.49 1230.15 232.72 -1 -1 -1 -1000 -1000 -1000 -10 1
109 59 Car -1 -1 -1 614.90 175.88 652.54 203.56 -1 -1 -1 -1000 -1000 -1000 -10 1
110 59 Car -1 -1 -1 616.09 176.36 653.26 203.91 -1 -1 -1 -1000 -1000 -1000 -10 1
111 59 Car -1 -1 -1 617.79 176.15 654.87 204.23 -1 -1 -1 -1000 -1000 -1000 -10 1
112 59 Car -1 -1 -1 621.82 175.74 657.34 204.62 -1 -1 -1 -1000 -1000 -1000 -10 1
113 59 Car -1 -1 -1 622.32 176.24 659.69 205.05 -1 -1 -1 -1000 -1000 -1000 -10 1
114 59 Car -1 -1 -1 623.19 176.17 662.16 205.05 -1 -1 -1 -1000 -1000 -1000 -10 1
117 62 Car -1 -1 -1 1136.21 213.56 1226.26 368.52 -1 -1 -1 -1000 -1000 -1000 -10 1
121 59 Car -1 -1 -1 628.03 175.41 671.12 206.51 -1 -1 -1 -1000 -1000 -1000 -10 1
130 67 Car -1 -1 -1 1115.89 162.32 1225.81 365.98 -1 -1 -1 -1000 -1000 -1000 -10 1
138 71 Car -1 -1 -1 620.78 174.63 673.28 213.09 -1 -1 -1 -1000 -1000 -1000 -10 1
139 71 Car -1 -1 -1 618.95 175.05 669.35 212.62 -1 -1 -1 -1000 -1000 -1000 -10 1
140 71 Car -1 -1 -1 614.31 175.23 663.86 212.83 -1 -1 -1 -1000 -1000 -1000 -10 1
141 71 Car -1 -1 -1 610.84 174.47 662.04 212.87 -1 -1 -1 -1000 -1000 -1000 -10 1
142 71 Car -1 -1 -1 610.53 174.05 661.53 212.61 -1 -1 -1 -1000 -1000 -1000 -10 1
143 71 Car -1 -1 -1 610.99 173.55 661.76 212.49 -1 -1 -1 -1000 -1000 -1000 -10 1
144 71 Car -1 -1 -1 611.65 173.36 662.71 212.36 -1 -1 -1 -1000 -1000 -1000 -10 1
145 71 Car -1 -1 -1 611.58 173.19 661.56 211.57 -1 -1 -1 -1000 -1000 -1000 -10 1
146 71 Car -1 -1 -1 611.39 172.95 661.09 211.21 -1 -1 -1 -1000 -1000 -1000 -10 1
147 71 Car -1 -1 -1 612.87 172.95 662.94 211.53 -1 -1 -1 -1000 -1000 -1000 -10 1
148 71 Car -1 -1 -1 615.79 174.29 665.16 212.28 -1 -1 -1 -1000 -1000 -1000 -10 1
149 71 Car -1 -1 -1 617.30 175.95 668.09 214.48 -1 -1 -1 -1000 -1000 -1000 -10 1
150 71 Car -1 -1 -1 619.02 177.59 669.84 216.59 -1 -1 -1 -1000 -1000 -1000 -10 1
151 71 Car -1 -1 -1 618.98 179.20 670.05 218.27 -1 -1 -1 -1000 -1000 -1000 -10 1
152 71 Car -1 -1 -1 620.94 179.07 672.95 219.13 -1 -1 -1 -1000 -1000 -1000 -10 1
153 71 Car -1 -1 -1 622.21 179.68 674.19 220.10 -1 -1 -1 -1000 -1000 -1000 -10 1
154 71 Car -1 -1 -1 623.42 179.76 675.62 220.25 -1 -1 -1 -1000 -1000 -1000 -10 1
155 71 Car -1 -1 -1 625.54 179.96 678.78 221.11 -1 -1 -1 -1000 -1000 -1000 -10 1
156 71 Car -1 -1 -1 626.61 177.91 681.00 219.76 -1 -1 -1 -1000 -1000 -1000 -10 1
157 71 Car -1 -1 -1 627.48 177.17 683.18 219.92 -1 -1 -1 -1000 -1000 -1000 -10 1
158 71 Car -1 -1 -1 628.75 175.34 685.77 218.73 -1 -1 -1 -1000 -1000 -1000 -10 1
159 71 Car -1 -1 -1 629.73 174.75 687.96 218.77 -1 -1 -1 -1000 -1000 -1000 -10 1
163 71 Car -1 -1 -1 632.92 179.07 692.35 222.41 -1 -1 -1 -1000 -1000 -1000 -10 1
164 71 Car -1 -1 -1 634.63 179.32 694.41 222.37 -1 -1 -1 -1000 -1000 -1000 -10 1
165 71 Car -1 -1 -1 635.21 177.87 695.42 221.28 -1 -1 -1 -1000 -1000 -1000 -10 1
166 71 Car -1 -1 -1 636.15 176.43 696.77 220.31 -1 -1 -1 -1000 -1000 -1000 -10 1
167 71 Car -1 -1 -1 637.12 174.80 697.86 219.56 -1 -1 -1 -1000 -1000 -1000 -10 1
168 71 Car -1 -1 -1 637.40 173.54 698.95 219.10 -1 -1 -1 -1000 -1000 -1000 -10 1
169 71 Car -1 -1 -1 637.61 173.17 699.75 219.38 -1 -1 -1 -1000 -1000 -1000 -10 1
170 71 Car -1 -1 -1 638.58 172.19 701.19 219.40 -1 -1 -1 -1000 -1000 -1000 -10 1
171 71 Car -1 -1 -1 638.91 171.74 702.57 220.12 -1 -1 -1 -1000 -1000 -1000 -10 1
172 71 Car -1 -1 -1 637.72 172.03 703.49 221.78 -1 -1 -1 -1000 -1000 -1000 -10 1
173 71 Car -1 -1 -1 639.45 173.02 706.10 223.83 -1 -1 -1 -1000 -1000 -1000 -10 1
