0 5 Car -1 -1 -1 402.78 170.57 458.21 198.13 -1 -1 -1 -1000 -1000 -1000 -10 1
0 4 Car -1 -1 -1 790.16 167.12 882.94 208.29 -1 -1 -1 -1000 -1000 -1000 -10 1
0 3 Car -1 -1 -1 438.20 173.40 472.91 193.70 -1 -1 -1 -1000 -1000 -1000 -10 1
0 2 Car -1 -1 -1 776.34 178.15 870.62 234.74 -1 -1 -1 -1000 -1000 -1000 -10 1
0 1 Car -1 -1 -1 788.97 155.06 893.04 194.33 -1 -1 -1 -1000 -1000 -1000 -10 1
1 5 Car -1 -1 -1 393.20 168.86 460.50 199.20 -1 -1 -1 -1000 -1000 -1000 -10 1
1 3 Car -1 -1 -1 434.46 170.48 470.74 191.73 -1 -1 -1 -1000 -1000 -1000 -10 1
1 2 Car -1 -1 -1 769.23 180.61 871.19 234.62 -1 -1 -1 -1000 -1000 -1000 -10 1
1 1 Car -1 -1 -1 791.04 150.86 904.43 192.55 -1 -1 -1 -1000 -1000 -1000 -10 1
2 5 Car -1 -1 -1 383.91 169.90 452.05 198.30 -1 -1 -1 -1000 -1000 -1000 -10 1
2 2 Car -1 -1 -1 766.28 176.80 868.74 230.50 -1 -1 -1 -1000 -1000 -1000 -10 1
2 1 Car -1 -1 -1 815.53 153.30 917.73 193.82 -1 -1 -1 -1000 -1000 -1000 -10 1
3 5 Car -1 -1 -1 379.96 171.12 444.49 201.37 -1 -1 -1 -1000 -1000 -1000 -10 1
3 2 Car -1 -1 -1 764.05 175.19 863.87 228.88 -1 -1 -1 -1000 -1000 -1000 -10 1
3 1 Car -1 -1 -1 830.81 153.25 927.87 192.93 -1 -1 -1 -1000 -1000 -1000 -10 1
4 5 Car -1 -1 -1 373.39 170.52 434.80 201.47 -1 -1 -1 -1000 -1000 -1000 -10 1
4 2 Car -1 -1 -1 764.19 179.80 858.64 231.02 -1 -1 -1 -1000 -1000 -1000 -10 1
4 1 Car -1 -1 -1 804.32 151.92 906.62 194.30 -1 -1 -1 -1000 -1000 -1000 -10 1
5 5 Car -1 -1 -1 366.87 175.33 426.83 205.64 -1 -1 -1 -1000 -1000 -1000 -10 1
5 2 Car -1 -1 -1 762.73 182.54 853.46 231.80 -1 -1 -1 -1000 -1000 -1000 -10 1
5 1 Car -1 -1 -1 810.52 159.69 899.33 196.56 -1 -1 -1 -1000 -1000 -1000 -10 1
6 2 Car -1 -1 -1 758.75 181.51 847.49 230.22 -1 -1 -1 -1000 -1000 -1000 -10 1
6 1 Car -1 -1 -1 807.14 163.41 887.79 197.82 -1 -1 -1 -1000 -1000 -1000 -10 1
7 2 Car -1 -1 -1 754.82 180.18 841.04 227.38 -1 -1 -1 -1000 -1000 -1000 -10 1
8 10 Car -1 -1 -1 329.89 171.40 396.27 206.91 -1 -1 -1 -1000 -1000 -1000 -10 1
8 2 Car -1 -1 -1 753.79 177.67 832.46 223.57 -1 -1 -1 -1000 -1000 -1000 -10 1
9 5 Car -1 -1 -1 327.87 171.12 393.01 203.78 -1 -1 -1 -1000 -1000 -1000 -10 1
9 2 Car -1 -1 -1 753.90 173.93 826.99 218.22 -1 -1 -1 -1000 -1000 -1000 -10 1
10 12 Car -1 -1 -1 856.69 143.62 989.39 186.02 -1 -1 -1 -1000 -1000 -1000 -10 1
10 5 Car -1 -1 -1 323.45 170.56 389.32 203.81 -1 -1 -1 -1000 -1000 -1000 -10 1
10 2 Car -1 -1 -1 752.53 172.16 822.01 215.84 -1 -1 -1 -1000 -1000 -1000 -10 1
10 1 Car -1 -1 -1 799.14 160.85 872.32 191.18 -1 -1 -1 -1000 -1000 -1000 -10 1
11 12 Car -1 -1 -1 872.19 140.84 1009.42 185.48 -1 -1 -1 -1000 -1000 -1000 -10 1
11 5 Car -1 -1 -1 314.49 170.22 388.12 204.56 -1 -1 -1 -1000 -1000 -1000 -10 1
11 2 Car -1 -1 -1 751.24 172.47 817.18 215.64 -1 -1 -1 -1000 -1000 -1000 -10 1
12 5 Car -1 -1 -1 303.41 171.18 379.77 207.11 -1 -1 -1 -1000 -1000 -1000 -10 1
12 2 Car -1 -1 -1 750.87 173.62 813.78 216.13 -1 -1 -1 -1000 -1000 -1000 -10 1
13 5 Car -1 -1 -1 291.71 170.64 373.75 210.77 -1 -1 -1 -1000 -1000 -1000 -10 1
13 2 Car -1 -1 -1 747.90 175.67 810.18 218.26 -1 -1 -1 -1000 -1000 -1000 -10 1
14 5 Car -1 -1 -1 283.45 169.49 373.36 211.58 -1 -1 -1 -1000 -1000 -1000 -10 1
14 2 Car -1 -1 -1 745.41 177.62 806.98 220.25 -1 -1 -1 -1000 -1000 -1000 -10 1
15 17 Car -1 -1 -1 437.54 181.54 470.84 201.61 -1 -1 -1 -1000 -1000 -1000 -10 1
15 5 Car -1 -1 -1 274.12 170.99 370.23 213.72 -1 -1 -1 -1000 -1000 -1000 -10 1
15 2 Car -1 -1 -1 742.53 178.31 803.27 220.74 -1 -1 -1 -1000 -1000 -1000 -10 1
16 5 Car -1 -1 -1 263.71 170.81 362.94 217.05 -1 -1 -1 -1000 -1000 -1000 -10 1
16 2 Car -1 -1 -1 741.21 178.08 800.46 220.19 -1 -1 -1 -1000 -1000 -1000 -10 1
17 18 Car -1 -1 -1 824.20 159.89 928.10 192.26 -1 -1 -1 -1000 -1000 -1000 -10 1
17 5 Car -1 -1 -1 252.08 170.87 357.32 217.07 -1 -1 -1 -1000 -1000 -1000 -10 1
17 2 Car -1 -1 -1 739.44 177.12 797.94 219.16 -1 -1 -1 -1000 -1000 -1000 -10 1
18 18 Car -1 -1 -1 828.47 159.58 932.33 190.82 -1 -1 -1 -1000 -1000 -1000 -10 1
18 5 Car -1 -1 -1 242.92 168.76 348.74 217.55 -1 -1 -1 -1000 -1000 -1000 -10 1
18 2 Car -1 -1 -1 738.22 176.68 795.13 217.87 -1 -1 -1 -1000 -1000 -1000 -10 1
19 21 Car -1 -1 -1 843.46 162.50 931.06 196.60 -1 -1 -1 -1000 -1000 -1000 -10 1
19 18 Car -1 -1 -1 834.41 160.87 932.57 192.44 -1 -1 -1 -1000 -1000 -1000 -10 1
19 5 Car -1 -1 -1 228.56 169.75 338.17 220.00 -1 -1 -1 -1000 -1000 -1000 -10 1
19 2 Car -1 -1 -1 737.24 176.29 792.69 216.94 -1 -1 -1 -1000 -1000 -1000 -10 1
20 21 Car -1 -1 -1 842.71 160.50 934.71 195.82 -1 -1 -1 -1000 -1000 -1000 -10 1
20 18 Car -1 -1 -1 839.70 158.13 945.84 191.57 -1 -1 -1 -1000 -1000 -1000 -10 1
20 5 Car -1 -1 -1 213.72 171.25 328.82 221.68 -1 -1 -1 -1000 -1000 -1000 -10 1
20 2 Car -1 -1 -1 737.07 176.24 791.16 216.56 -1 -1 -1 -1000 -1000 -1000 -10 1
21 23 Car -1 -1 -1 408.02 184.08 466.47 219.59 -1 -1 -1 -1000 -1000 -1000 -10 1
21 21 Car -1 -1 -1 842.10 158.94 944.28 197.72 -1 -1 -1 -1000 -1000 -1000 -10 1
21 18 Car -1 -1 -1 842.52 156.99 956.01 192.33 -1 -1 -1 -1000 -1000 -1000 -10 1
21 5 Car -1 -1 -1 198.73 174.16 320.40 226.18 -1 -1 -1 -1000 -1000 -1000 -10 1
21 2 Car -1 -1 -1 735.42 177.73 789.60 218.72 -1 -1 -1 -1000 -1000 -1000 -10 1
22 23 Car -1 -1 -1 389.94 182.28 454.48 220.67 -1 -1 -1 -1000 -1000 -1000 -10 1
22 5 Car -1 -1 -1 182.13 175.37 309.66 229.18 -1 -1 -1 -1000 -1000 -1000 -10 1
22 2 Car -1 -1 -1 733.56 178.08 787.44 219.27 -1 -1 -1 -1000 -1000 -1000 -10 1
23 23 Car -1 -1 -1 369.93 181.18 444.21 225.54 -1 -1 -1 -1000 -1000 -1000 -10 1
23 5 Car -1 -1 -1 162.94 176.14 296.76 231.63 -1 -1 -1 -1000 -1000 -1000 -10 1
23 2 Car -1 -1 -1 732.04 178.85 785.65 219.84 -1 -1 -1 -1000 -1000 -1000 -10 1
24 23 Car -1 -1 -1 346.37 184.28 428.97 228.96 -1 -1 -1 -1000 -1000 -1000 -10 1
24 5 Car -1 -1 -1 141.38 174.12 284.32 233.34 -1 -1 -1 -1000 -1000 -1000 -10 1
24 2 Car -1 -1 -1 730.83 179.44 783.15 220.35 -1 -1 -1 -1000 -1000 -1000 -10 1
25 23 Car -1 -1 -1 311.87 184.42 409.38 233.00 -1 -1 -1 -1000 -1000 -1000 -10 1
25 5 Car -1 -1 -1 118.85 173.21 268.05 233.60 -1 -1 -1 -1000 -1000 -1000 -10 1
25 2 Car -1 -1 -1 727.76 179.63 779.33 220.68 -1 -1 -1 -1000 -1000 -1000 -10 1
26 23 Car -1 -1 -1 281.80 185.04 387.48 238.72 -1 -1 -1 -1000 -1000 -1000 -10 1
26 5 Car -1 -1 -1 101.96 171.90 255.13 234.96 -1 -1 -1 -1000 -1000 -1000 -10 1
26 2 Car -1 -1 -1 724.31 179.63 775.16 220.66 -1 -1 -1 -1000 -1000 -1000 -10 1
27 23 Car -1 -1 -1 232.28 186.42 358.42 247.51 -1 -1 -1 -1000 -1000 -1000 -10 1
27 5 Car -1 -1 -1 77.80 168.30 239.33 235.18 -1 -1 -1 -1000 -1000 -1000 -10 1
27 2 Car -1 -1 -1 719.65 179.90 771.23 221.16 -1 -1 -1 -1000 -1000 -1000 -10 1
28 28 Car -1 -1 -1 375.42 178.97 434.38 212.05 -1 -1 -1 -1000 -1000 -1000 -10 1
28 27 Car -1 -1 -1 33.50 162.91 208.64 242.15 -1 -1 -1 -1000 -1000 -1000 -10 1
28 23 Car -1 -1 -1 168.11 183.52 323.63 255.86 -1 -1 -1 -1000 -1000 -1000 -10 1
29 27 Car -1 -1 -1 26.33 164.82 245.33 262.98 -1 -1 -1 -1000 -1000 -1000 -10 1
30 27 Car -1 -1 -1 -2.76 171.15 234.72 285.76 -1 -1 -1 -1000 -1000 -1000 -10 1
31 27 Car -1 -1 -1 -18.76 167.98 198.49 284.59 -1 -1 -1 -1000 -1000 -1000 -10 1
31 2 Car -1 -1 -1 705.61 174.13 756.60 213.64 -1 -1 -1 -1000 -1000 -1000 -10 1
32 32 Car -1 -1 -1 413.51 175.71 464.78 205.96 -1 -1 -1 -1000 -1000 -1000 -10 1
32 28 Car -1 -1 -1 304.12 180.04 380.49 221.19 -1 -1 -1 -1000 -1000 -1000 -10 1
32 2 Car -1 -1 -1 703.81 175.53 754.61 214.49 -1 -1 -1 -1000 -1000 -1000 -10 1
33 32 Car -1 -1 -1 387.66 178.59 452.52 216.16 -1 -1 -1 -1000 -1000 -1000 -10 1
33 28 Car -1 -1 -1 276.69 178.77 361.87 224.24 -1 -1 -1 -1000 -1000 -1000 -10 1
33 2 Car -1 -1 -1 701.92 175.92 752.38 214.70 -1 -1 -1 -1000 -1000 -1000 -10 1
34 32 Car -1 -1 -1 357.81 177.39 437.60 220.87 -1 -1 -1 -1000 -1000 -1000 -10 1
34 28 Car -1 -1 -1 245.50 179.03 343.99 227.77 -1 -1 -1 -1000 -1000 -1000 -10 1
34 2 Car -1 -1 -1 701.81 175.63 750.79 213.88 -1 -1 -1 -1000 -1000 -1000 -10 1
35 32 Car -1 -1 -1 333.86 178.20 423.76 224.57 -1 -1 -1 -1000 -1000 -1000 -10 1
35 28 Car -1 -1 -1 210.15 182.12 323.47 231.61 -1 -1 -1 -1000 -1000 -1000 -10 1
35 2 Car -1 -1 -1 697.25 177.02 745.34 215.83 -1 -1 -1 -1000 -1000 -1000 -10 1
37 36 Car -1 -1 -1 -13.28 187.28 58.30 230.90 -1 -1 -1 -1000 -1000 -1000 -10 1
37 32 Car -1 -1 -1 268.98 177.88 381.07 235.80 -1 -1 -1 -1000 -1000 -1000 -10 1
37 28 Car -1 -1 -1 119.59 185.74 261.08 241.24 -1 -1 -1 -1000 -1000 -1000 -10 1
37 2 Car -1 -1 -1 693.38 176.31 740.55 215.40 -1 -1 -1 -1000 -1000 -1000 -10 1
38 32 Car -1 -1 -1 221.04 181.85 342.74 245.49 -1 -1 -1 -1000 -1000 -1000 -10 1
38 28 Car -1 -1 -1 54.87 187.22 214.46 247.86 -1 -1 -1 -1000 -1000 -1000 -10 1
38 2 Car -1 -1 -1 694.46 175.36 740.52 212.96 -1 -1 -1 -1000 -1000 -1000 -10 1
39 38 Car -1 -1 -1 594.87 172.04 624.62 195.77 -1 -1 -1 -1000 -1000 -1000 -10 1
39 32 Car -1 -1 -1 157.93 182.10 303.77 254.43 -1 -1 -1 -1000 -1000 -1000 -10 1
39 28 Car -1 -1 -1 9.12 187.08 173.16 251.64 -1 -1 -1 -1000 -1000 -1000 -10 1
39 2 Car -1 -1 -1 694.90 174.78 740.14 211.30 -1 -1 -1 -1000 -1000 -1000 -10 1
40 38 Car -1 -1 -1 595.33 172.38 624.82 196.28 -1 -1 -1 -1000 -1000 -1000 -10 1
40 32 Car -1 -1 -1 73.48 188.98 244.40 266.76 -1 -1 -1 -1000 -1000 -1000 -10 1
40 28 Car -1 -1 -1 -17.13 191.39 137.94 257.44 -1 -1 -1 -1000 -1000 -1000 -10 1
40 2 Car -1 -1 -1 692.73 175.63 737.05 212.51 -1 -1 -1 -1000 -1000 -1000 -10 1
41 38 Car -1 -1 -1 594.62 172.26 624.41 196.80 -1 -1 -1 -1000 -1000 -1000 -10 1
41 32 Car -1 -1 -1 10.45 200.42 196.94 290.50 -1 -1 -1 -1000 -1000 -1000 -10 1
41 2 Car -1 -1 -1 694.80 174.78 738.17 210.94 -1 -1 -1 -1000 -1000 -1000 -10 1
42 41 Car -1 -1 -1 133.08 172.43 274.22 240.86 -1 -1 -1 -1000 -1000 -1000 -10 1
42 38 Car -1 -1 -1 594.17 169.89 624.37 194.37 -1 -1 -1 -1000 -1000 -1000 -10 1
42 32 Car -1 -1 -1 -28.21 205.94 132.48 300.45 -1 -1 -1 -1000 -1000 -1000 -10 1
42 2 Car -1 -1 -1 692.31 175.45 735.73 210.98 -1 -1 -1 -1000 -1000 -1000 -10 1
43 42 Car -1 -1 -1 229.62 174.87 349.56 238.44 -1 -1 -1 -1000 -1000 -1000 -10 1
43 41 Car -1 -1 -1 76.05 174.92 236.21 249.20 -1 -1 -1 -1000 -1000 -1000 -10 1
43 38 Car -1 -1 -1 593.64 169.15 624.26 193.59 -1 -1 -1 -1000 -1000 -1000 -10 1
43 2 Car -1 -1 -1 690.48 175.32 734.64 210.98 -1 -1 -1 -1000 -1000 -1000 -10 1
44 44 Car -1 -1 -1 323.61 177.16 387.54 214.76 -1 -1 -1 -1000 -1000 -1000 -10 1
44 42 Car -1 -1 -1 179.98 180.61 315.97 248.94 -1 -1 -1 -1000 -1000 -1000 -10 1
44 41 Car -1 -1 -1 14.98 177.92 194.48 256.67 -1 -1 -1 -1000 -1000 -1000 -10 1
44 38 Car -1 -1 -1 593.98 168.84 624.96 193.11 -1 -1 -1 -1000 -1000 -1000 -10 1
44 2 Car -1 -1 -1 688.93 175.46 734.12 211.63 -1 -1 -1 -1000 -1000 -1000 -10 1
45 44 Car -1 -1 -1 299.91 178.71 374.33 220.62 -1 -1 -1 -1000 -1000 -1000 -10 1
45 42 Car -1 -1 -1 118.17 185.51 274.90 258.89 -1 -1 -1 -1000 -1000 -1000 -10 1
45 41 Car -1 -1 -1 -18.18 183.40 154.53 264.25 -1 -1 -1 -1000 -1000 -1000 -10 1
45 38 Car -1 -1 -1 593.45 169.52 624.87 193.69 -1 -1 -1 -1000 -1000 -1000 -10 1
45 2 Car -1 -1 -1 689.94 175.14 734.72 210.83 -1 -1 -1 -1000 -1000 -1000 -10 1
46 44 Car -1 -1 -1 277.02 176.30 361.59 221.76 -1 -1 -1 -1000 -1000 -1000 -10 1
46 42 Car -1 -1 -1 32.41 187.33 227.80 276.59 -1 -1 -1 -1000 -1000 -1000 -10 1
46 38 Car -1 -1 -1 591.86 170.00 623.85 194.00 -1 -1 -1 -1000 -1000 -1000 -10 1
46 2 Car -1 -1 -1 688.35 175.21 734.62 211.49 -1 -1 -1 -1000 -1000 -1000 -10 1
47 44 Car -1 -1 -1 254.46 178.27 347.16 226.87 -1 -1 -1 -1000 -1000 -1000 -10 1
47 42 Car -1 -1 -1 -14.02 195.00 179.77 292.31 -1 -1 -1 -1000 -1000 -1000 -10 1
47 38 Car -1 -1 -1 590.77 171.27 622.76 194.99 -1 -1 -1 -1000 -1000 -1000 -10 1
47 2 Car -1 -1 -1 689.93 177.16 736.26 213.28 -1 -1 -1 -1000 -1000 -1000 -10 1
48 44 Car -1 -1 -1 224.42 182.32 329.69 232.92 -1 -1 -1 -1000 -1000 -1000 -10 1
48 38 Car -1 -1 -1 592.79 172.45 625.08 198.03 -1 -1 -1 -1000 -1000 -1000 -10 1
48 2 Car -1 -1 -1 689.68 177.75 735.27 213.28 -1 -1 -1 -1000 -1000 -1000 -10 1
49 44 Car -1 -1 -1 191.04 181.72 308.86 238.18 -1 -1 -1 -1000 -1000 -1000 -10 1
49 38 Car -1 -1 -1 593.90 173.81 625.70 200.32 -1 -1 -1 -1000 -1000 -1000 -10 1
49 2 Car -1 -1 -1 694.32 178.17 738.18 212.59 -1 -1 -1 -1000 -1000 -1000 -10 1
50 47 Car -1 -1 -1 409.02 166.51 470.77 211.96 -1 -1 -1 -1000 -1000 -1000 -10 1
50 44 Car -1 -1 -1 148.35 180.07 282.78 243.48 -1 -1 -1 -1000 -1000 -1000 -10 1
50 38 Car -1 -1 -1 584.98 174.45 615.81 200.46 -1 -1 -1 -1000 -1000 -1000 -10 1
50 2 Car -1 -1 -1 697.92 178.76 740.44 212.52 -1 -1 -1 -1000 -1000 -1000 -10 1
51 44 Car -1 -1 -1 99.26 184.86 246.30 248.12 -1 -1 -1 -1000 -1000 -1000 -10 1
51 38 Car -1 -1 -1 587.21 175.12 619.22 201.91 -1 -1 -1 -1000 -1000 -1000 -10 1
51 2 Car -1 -1 -1 701.19 178.72 743.02 212.00 -1 -1 -1 -1000 -1000 -1000 -10 1
52 44 Car -1 -1 -1 36.54 186.98 200.87 256.11 -1 -1 -1 -1000 -1000 -1000 -10 1
52 2 Car -1 -1 -1 705.66 178.80 746.90 211.80 -1 -1 -1 -1000 -1000 -1000 -10 1
53 49 Car -1 -1 -1 225.02 181.41 285.79 217.09 -1 -1 -1 -1000 -1000 -1000 -10 1
53 44 Car -1 -1 -1 -7.44 191.98 158.31 264.08 -1 -1 -1 -1000 -1000 -1000 -10 1
53 2 Car -1 -1 -1 705.41 177.92 748.65 213.00 -1 -1 -1 -1000 -1000 -1000 -10 1
54 49 Car -1 -1 -1 217.48 182.91 277.03 218.28 -1 -1 -1 -1000 -1000 -1000 -10 1
54 47 Car -1 -1 -1 358.34 173.75 440.50 224.49 -1 -1 -1 -1000 -1000 -1000 -10 1
54 44 Car -1 -1 -1 -30.77 191.71 111.21 265.40 -1 -1 -1 -1000 -1000 -1000 -10 1
54 2 Car -1 -1 -1 715.65 175.78 757.32 211.24 -1 -1 -1 -1000 -1000 -1000 -10 1
55 49 Car -1 -1 -1 207.40 182.21 268.60 217.93 -1 -1 -1 -1000 -1000 -1000 -10 1
55 47 Car -1 -1 -1 337.39 173.02 430.02 226.35 -1 -1 -1 -1000 -1000 -1000 -10 1
55 38 Car -1 -1 -1 591.96 171.10 630.10 202.77 -1 -1 -1 -1000 -1000 -1000 -10 1
55 2 Car -1 -1 -1 721.32 173.13 763.54 208.72 -1 -1 -1 -1000 -1000 -1000 -10 1
56 49 Car -1 -1 -1 198.34 183.51 260.02 218.55 -1 -1 -1 -1000 -1000 -1000 -10 1
56 47 Car -1 -1 -1 321.79 171.69 420.54 228.65 -1 -1 -1 -1000 -1000 -1000 -10 1
56 38 Car -1 -1 -1 593.19 169.56 633.89 203.50 -1 -1 -1 -1000 -1000 -1000 -10 1
56 2 Car -1 -1 -1 729.78 173.10 771.76 207.70 -1 -1 -1 -1000 -1000 -1000 -10 1
57 53 Car -1 -1 -1 523.12 165.42 558.44 197.47 -1 -1 -1 -1000 -1000 -1000 -10 1
57 49 Car -1 -1 -1 183.35 182.20 249.91 219.30 -1 -1 -1 -1000 -1000 -1000 -10 1
57 47 Car -1 -1 -1 293.13 170.83 404.26 231.95 -1 -1 -1 -1000 -1000 -1000 -10 1
57 38 Car -1 -1 -1 595.69 166.64 637.29 202.54 -1 -1 -1 -1000 -1000 -1000 -10 1
57 2 Car -1 -1 -1 740.21 171.36 782.21 204.51 -1 -1 -1 -1000 -1000 -1000 -10 1
58 56 Car -1 -1 -1 264.53 165.68 389.36 236.69 -1 -1 -1 -1000 -1000 -1000 -10 1
58 49 Car -1 -1 -1 173.32 182.54 241.39 221.15 -1 -1 -1 -1000 -1000 -1000 -10 1
58 47 Car -1 -1 -1 268.39 167.53 390.85 233.43 -1 -1 -1 -1000 -1000 -1000 -10 1
58 38 Car -1 -1 -1 594.18 165.73 635.81 202.58 -1 -1 -1 -1000 -1000 -1000 -10 1
58 2 Car -1 -1 -1 748.68 171.26 791.79 203.59 -1 -1 -1 -1000 -1000 -1000 -10 1
59 56 Car -1 -1 -1 230.92 160.92 365.76 239.57 -1 -1 -1 -1000 -1000 -1000 -10 1
59 49 Car -1 -1 -1 160.58 180.92 235.31 222.09 -1 -1 -1 -1000 -1000 -1000 -10 1
59 47 Car -1 -1 -1 237.08 167.32 371.02 237.28 -1 -1 -1 -1000 -1000 -1000 -10 1
59 38 Car -1 -1 -1 593.74 166.58 636.69 204.28 -1 -1 -1 -1000 -1000 -1000 -10 1
59 2 Car -1 -1 -1 758.92 169.11 805.67 200.32 -1 -1 -1 -1000 -1000 -1000 -10 1
60 56 Car -1 -1 -1 190.22 159.83 344.44 248.27 -1 -1 -1 -1000 -1000 -1000 -10 1
60 49 Car -1 -1 -1 150.99 179.11 225.58 222.04 -1 -1 -1 -1000 -1000 -1000 -10 1
60 47 Car -1 -1 -1 202.79 168.39 347.38 243.33 -1 -1 -1 -1000 -1000 -1000 -10 1
60 38 Car -1 -1 -1 593.10 164.51 637.36 203.23 -1 -1 -1 -1000 -1000 -1000 -10 1
60 2 Car -1 -1 -1 766.60 167.23 813.69 198.13 -1 -1 -1 -1000 -1000 -1000 -10 1
61 56 Car -1 -1 -1 141.42 158.37 318.51 257.82 -1 -1 -1 -1000 -1000 -1000 -10 1
61 38 Car -1 -1 -1 592.22 163.80 637.70 203.67 -1 -1 -1 -1000 -1000 -1000 -10 1
61 2 Car -1 -1 -1 777.98 168.13 829.55 196.78 -1 -1 -1 -1000 -1000 -1000 -10 1
62 56 Car -1 -1 -1 86.40 159.61 289.90 265.66 -1 -1 -1 -1000 -1000 -1000 -10 1
62 38 Car -1 -1 -1 590.50 163.95 637.97 204.77 -1 -1 -1 -1000 -1000 -1000 -10 1
62 2 Car -1 -1 -1 791.51 169.39 841.76 198.19 -1 -1 -1 -1000 -1000 -1000 -10 1
63 56 Car -1 -1 -1 19.61 161.93 252.46 281.53 -1 -1 -1 -1000 -1000 -1000 -10 1
63 38 Car -1 -1 -1 590.37 162.85 639.12 205.58 -1 -1 -1 -1000 -1000 -1000 -10 1
63 2 Car -1 -1 -1 805.91 169.24 859.03 197.93 -1 -1 -1 -1000 -1000 -1000 -10 1
64 58 Car -1 -1 -1 330.36 176.90 417.49 223.41 -1 -1 -1 -1000 -1000 -1000 -10 1
64 56 Car -1 -1 -1 -15.89 166.83 220.60 294.05 -1 -1 -1 -1000 -1000 -1000 -10 1
64 38 Car -1 -1 -1 590.27 162.31 639.98 206.95 -1 -1 -1 -1000 -1000 -1000 -10 1
64 2 Car -1 -1 -1 817.82 170.23 870.73 198.00 -1 -1 -1 -1000 -1000 -1000 -10 1
65 58 Car -1 -1 -1 309.24 179.71 405.41 228.60 -1 -1 -1 -1000 -1000 -1000 -10 1
65 56 Car -1 -1 -1 -33.40 168.58 184.78 296.60 -1 -1 -1 -1000 -1000 -1000 -10 1
65 38 Car -1 -1 -1 589.87 162.16 640.48 208.29 -1 -1 -1 -1000 -1000 -1000 -10 1
65 2 Car -1 -1 -1 829.83 170.99 881.46 197.17 -1 -1 -1 -1000 -1000 -1000 -10 1
66 61 Car -1 -1 -1 402.26 168.49 477.52 203.73 -1 -1 -1 -1000 -1000 -1000 -10 1
66 60 Car -1 -1 -1 897.63 163.29 974.81 194.02 -1 -1 -1 -1000 -1000 -1000 -10 1
66 58 Car -1 -1 -1 282.73 181.30 390.00 232.77 -1 -1 -1 -1000 -1000 -1000 -10 1
66 38 Car -1 -1 -1 588.57 162.23 640.02 209.37 -1 -1 -1 -1000 -1000 -1000 -10 1
66 2 Car -1 -1 -1 842.46 171.05 897.84 197.83 -1 -1 -1 -1000 -1000 -1000 -10 1
67 61 Car -1 -1 -1 387.83 162.98 478.75 205.68 -1 -1 -1 -1000 -1000 -1000 -10 1
67 60 Car -1 -1 -1 881.28 164.45 958.31 194.56 -1 -1 -1 -1000 -1000 -1000 -10 1
67 58 Car -1 -1 -1 253.17 181.64 372.68 236.46 -1 -1 -1 -1000 -1000 -1000 -10 1
67 38 Car -1 -1 -1 588.90 161.90 641.57 210.07 -1 -1 -1 -1000 -1000 -1000 -10 1
67 2 Car -1 -1 -1 857.77 170.32 917.13 197.32 -1 -1 -1 -1000 -1000 -1000 -10 1
68 61 Car -1 -1 -1 376.55 163.73 467.18 207.43 -1 -1 -1 -1000 -1000 -1000 -10 1
68 60 Car -1 -1 -1 877.72 162.96 951.39 193.71 -1 -1 -1 -1000 -1000 -1000 -10 1
68 58 Car -1 -1 -1 225.80 183.68 349.71 241.81 -1 -1 -1 -1000 -1000 -1000 -10 1
68 38 Car -1 -1 -1 588.00 162.03 641.60 210.87 -1 -1 -1 -1000 -1000 -1000 -10 1
69 61 Car -1 -1 -1 367.33 167.05 456.35 209.75 -1 -1 -1 -1000 -1000 -1000 -10 1
69 60 Car -1 -1 -1 883.44 162.48 955.93 193.76 -1 -1 -1 -1000 -1000 -1000 -10 1
69 58 Car -1 -1 -1 183.79 182.98 324.56 248.02 -1 -1 -1 -1000 -1000 -1000 -10 1
69 38 Car -1 -1 -1 586.31 162.38 640.33 211.16 -1 -1 -1 -1000 -1000 -1000 -10 1
71 65 Car -1 -1 -1 -3.68 184.56 80.45 240.31 -1 -1 -1 -1000 -1000 -1000 -10 1
71 58 Car -1 -1 -1 79.81 183.57 264.03 265.25 -1 -1 -1 -1000 -1000 -1000 -10 1
71 38 Car -1 -1 -1 585.46 165.01 640.85 215.06 -1 -1 -1 -1000 -1000 -1000 -10 1
72 58 Car -1 -1 -1 21.23 189.30 220.48 273.85 -1 -1 -1 -1000 -1000 -1000 -10 1
72 38 Car -1 -1 -1 586.50 164.92 642.87 215.69 -1 -1 -1 -1000 -1000 -1000 -10 1
73 58 Car -1 -1 -1 -12.54 194.11 186.05 287.87 -1 -1 -1 -1000 -1000 -1000 -10 1
73 38 Car -1 -1 -1 586.24 165.88 644.01 217.83 -1 -1 -1 -1000 -1000 -1000 -10 1
74 68 Car -1 -1 -1 251.86 172.36 395.35 232.86 -1 -1 -1 -1000 -1000 -1000 -10 1
74 67 Car -1 -1 -1 1007.25 161.39 1109.70 198.20 -1 -1 -1 -1000 -1000 -1000 -10 1
74 58 Car -1 -1 -1 -34.16 197.10 143.25 296.45 -1 -1 -1 -1000 -1000 -1000 -10 1
74 38 Car -1 -1 -1 586.51 167.60 645.84 220.81 -1 -1 -1 -1000 -1000 -1000 -10 1
75 68 Car -1 -1 -1 221.04 174.65 372.60 240.74 -1 -1 -1 -1000 -1000 -1000 -10 1
75 67 Car -1 -1 -1 1023.03 163.39 1119.64 197.81 -1 -1 -1 -1000 -1000 -1000 -10 1
75 38 Car -1 -1 -1 585.73 168.08 646.26 222.16 -1 -1 -1 -1000 -1000 -1000 -10 1
76 68 Car -1 -1 -1 184.10 179.00 346.12 249.40 -1 -1 -1 -1000 -1000 -1000 -10 1
76 67 Car -1 -1 -1 1052.44 162.90 1155.03 198.65 -1 -1 -1 -1000 -1000 -1000 -10 1
76 38 Car -1 -1 -1 584.11 167.60 645.99 222.60 -1 -1 -1 -1000 -1000 -1000 -10 1
77 68 Car -1 -1 -1 135.27 182.79 313.13 258.57 -1 -1 -1 -1000 -1000 -1000 -10 1
77 67 Car -1 -1 -1 1081.74 163.12 1190.51 199.84 -1 -1 -1 -1000 -1000 -1000 -10 1
77 38 Car -1 -1 -1 582.07 168.05 644.26 223.71 -1 -1 -1 -1000 -1000 -1000 -10 1
78 71 Car -1 -1 -1 -3.36 175.88 95.18 222.05 -1 -1 -1 -1000 -1000 -1000 -10 1
78 70 Car -1 -1 -1 791.88 162.36 860.23 189.24 -1 -1 -1 -1000 -1000 -1000 -10 1
78 68 Car -1 -1 -1 71.93 184.45 283.94 272.39 -1 -1 -1 -1000 -1000 -1000 -10 1
78 67 Car -1 -1 -1 1102.61 162.40 1218.11 200.71 -1 -1 -1 -1000 -1000 -1000 -10 1
78 38 Car -1 -1 -1 578.92 166.95 642.75 224.37 -1 -1 -1 -1000 -1000 -1000 -10 1
79 70 Car -1 -1 -1 775.26 159.36 844.72 187.01 -1 -1 -1 -1000 -1000 -1000 -10 1
79 68 Car -1 -1 -1 23.77 185.72 250.06 276.62 -1 -1 -1 -1000 -1000 -1000 -10 1
79 67 Car -1 -1 -1 1122.00 156.71 1244.63 199.30 -1 -1 -1 -1000 -1000 -1000 -10 1
79 38 Car -1 -1 -1 577.12 167.99 642.23 226.89 -1 -1 -1 -1000 -1000 -1000 -10 1
80 70 Car -1 -1 -1 762.69 157.94 834.88 186.66 -1 -1 -1 -1000 -1000 -1000 -10 1
80 68 Car -1 -1 -1 0.70 183.94 229.58 275.22 -1 -1 -1 -1000 -1000 -1000 -10 1
80 67 Car -1 -1 -1 1146.46 154.22 1257.27 197.73 -1 -1 -1 -1000 -1000 -1000 -10 1
80 38 Car -1 -1 -1 575.35 168.05 642.18 228.79 -1 -1 -1 -1000 -1000 -1000 -10 1
81 70 Car -1 -1 -1 752.99 158.33 826.16 187.68 -1 -1 -1 -1000 -1000 -1000 -10 1
81 68 Car -1 -1 -1 -11.09 180.87 212.84 270.29 -1 -1 -1 -1000 -1000 -1000 -10 1
81 67 Car -1 -1 -1 1177.65 150.58 1267.94 194.34 -1 -1 -1 -1000 -1000 -1000 -10 1
81 38 Car -1 -1 -1 571.74 168.92 643.18 230.05 -1 -1 -1 -1000 -1000 -1000 -10 1
82 75 Car -1 -1 -1 -5.23 200.25 269.84 380.58 -1 -1 -1 -1000 -1000 -1000 -10 1
82 70 Car -1 -1 -1 744.98 159.91 817.40 189.81 -1 -1 -1 -1000 -1000 -1000 -10 1
82 38 Car -1 -1 -1 568.37 169.16 643.11 230.56 -1 -1 -1 -1000 -1000 -1000 -10 1
83 75 Car -1 -1 -1 -1.72 215.23 282.53 384.23 -1 -1 -1 -1000 -1000 -1000 -10 1
83 70 Car -1 -1 -1 735.08 160.35 806.95 189.75 -1 -1 -1 -1000 -1000 -1000 -10 1
83 38 Car -1 -1 -1 566.70 169.18 645.18 231.57 -1 -1 -1 -1000 -1000 -1000 -10 1
84 78 Car -1 -1 -1 -24.50 207.91 138.76 305.19 -1 -1 -1 -1000 -1000 -1000 -10 1
84 75 Car -1 -1 -1 2.87 218.51 297.73 382.01 -1 -1 -1 -1000 -1000 -1000 -10 1
84 38 Car -1 -1 -1 565.93 169.84 648.10 233.54 -1 -1 -1 -1000 -1000 -1000 -10 1
85 75 Car -1 -1 -1 1.30 217.68 302.68 379.55 -1 -1 -1 -1000 -1000 -1000 -10 1
85 38 Car -1 -1 -1 565.58 170.39 651.07 235.92 -1 -1 -1 -1000 -1000 -1000 -10 1
86 75 Car -1 -1 -1 -0.83 214.75 310.30 375.31 -1 -1 -1 -1000 -1000 -1000 -10 1
86 38 Car -1 -1 -1 566.33 170.88 655.29 238.58 -1 -1 -1 -1000 -1000 -1000 -10 1
87 75 Car -1 -1 -1 -2.94 208.66 320.63 374.29 -1 -1 -1 -1000 -1000 -1000 -10 1
87 38 Car -1 -1 -1 565.71 170.77 659.03 241.00 -1 -1 -1 -1000 -1000 -1000 -10 1
88 75 Car -1 -1 -1 1.61 206.79 328.54 374.31 -1 -1 -1 -1000 -1000 -1000 -10 1
88 38 Car -1 -1 -1 564.42 170.32 660.11 242.68 -1 -1 -1 -1000 -1000 -1000 -10 1
89 75 Car -1 -1 -1 -2.74 202.96 337.36 374.01 -1 -1 -1 -1000 -1000 -1000 -10 1
89 38 Car -1 -1 -1 560.45 170.37 656.13 246.21 -1 -1 -1 -1000 -1000 -1000 -10 1
90 75 Car -1 -1 -1 -0.31 203.00 347.78 374.84 -1 -1 -1 -1000 -1000 -1000 -10 1
90 38 Car -1 -1 -1 558.36 169.64 654.97 248.59 -1 -1 -1 -1000 -1000 -1000 -10 1
91 75 Car -1 -1 -1 0.64 204.57 353.08 375.65 -1 -1 -1 -1000 -1000 -1000 -10 1
91 38 Car -1 -1 -1 558.19 169.13 656.29 250.62 -1 -1 -1 -1000 -1000 -1000 -10 1
92 75 Car -1 -1 -1 -0.45 200.69 364.05 374.11 -1 -1 -1 -1000 -1000 -1000 -10 1
92 38 Car -1 -1 -1 557.65 168.69 657.35 251.99 -1 -1 -1 -1000 -1000 -1000 -10 1
93 75 Car -1 -1 -1 -2.53 199.52 373.81 372.12 -1 -1 -1 -1000 -1000 -1000 -10 1
93 38 Car -1 -1 -1 555.78 168.31 657.40 253.41 -1 -1 -1 -1000 -1000 -1000 -10 1
94 75 Car -1 -1 -1 -5.39 200.42 379.81 372.98 -1 -1 -1 -1000 -1000 -1000 -10 1
94 38 Car -1 -1 -1 553.65 167.02 655.80 253.60 -1 -1 -1 -1000 -1000 -1000 -10 1
95 75 Car -1 -1 -1 -2.51 194.48 382.19 370.14 -1 -1 -1 -1000 -1000 -1000 -10 1
95 38 Car -1 -1 -1 554.00 167.73 660.36 252.06 -1 -1 -1 -1000 -1000 -1000 -10 1
96 75 Car -1 -1 -1 -4.66 194.75 390.12 372.53 -1 -1 -1 -1000 -1000 -1000 -10 1
96 38 Car -1 -1 -1 556.51 171.50 664.35 256.27 -1 -1 -1 -1000 -1000 -1000 -10 1
97 75 Car -1 -1 -1 -6.63 193.87 400.39 374.02 -1 -1 -1 -1000 -1000 -1000 -10 1
97 38 Car -1 -1 -1 553.05 172.68 663.15 260.07 -1 -1 -1 -1000 -1000 -1000 -10 1
98 75 Car -1 -1 -1 -10.56 193.42 412.00 374.61 -1 -1 -1 -1000 -1000 -1000 -10 1
98 38 Car -1 -1 -1 551.17 172.13 663.23 261.92 -1 -1 -1 -1000 -1000 -1000 -10 1
99 75 Car -1 -1 -1 -6.56 193.17 410.76 373.74 -1 -1 -1 -1000 -1000 -1000 -10 1
99 38 Car -1 -1 -1 551.49 169.02 668.44 262.25 -1 -1 -1 -1000 -1000 -1000 -10 1
100 75 Car -1 -1 -1 -9.18 191.95 408.42 373.32 -1 -1 -1 -1000 -1000 -1000 -10 1
100 38 Car -1 -1 -1 549.64 167.23 670.83 263.68 -1 -1 -1 -1000 -1000 -1000 -10 1
101 75 Car -1 -1 -1 -7.84 190.70 409.21 372.77 -1 -1 -1 -1000 -1000 -1000 -10 1
101 38 Car -1 -1 -1 544.95 167.52 671.49 268.21 -1 -1 -1 -1000 -1000 -1000 -10 1
102 84 Car -1 -1 -1 810.14 165.44 883.47 193.01 -1 -1 -1 -1000 -1000 -1000 -10 1
102 75 Car -1 -1 -1 -11.36 190.50 416.42 370.66 -1 -1 -1 -1000 -1000 -1000 -10 1
102 38 Car -1 -1 -1 543.96 166.16 675.15 270.04 -1 -1 -1 -1000 -1000 -1000 -10 1
103 75 Car -1 -1 -1 -12.05 189.83 424.15 370.16 -1 -1 -1 -1000 -1000 -1000 -10 1
103 38 Car -1 -1 -1 537.02 165.18 676.96 273.91 -1 -1 -1 -1000 -1000 -1000 -10 1
104 75 Car -1 -1 -1 -12.03 189.95 424.10 371.57 -1 -1 -1 -1000 -1000 -1000 -10 1
104 38 Car -1 -1 -1 536.38 164.57 681.50 276.85 -1 -1 -1 -1000 -1000 -1000 -10 1
105 75 Car -1 -1 -1 -16.91 188.20 424.83 371.43 -1 -1 -1 -1000 -1000 -1000 -10 1
105 38 Car -1 -1 -1 534.70 164.26 683.27 278.59 -1 -1 -1 -1000 -1000 -1000 -10 1
106 85 Car -1 -1 -1 460.99 170.97 562.19 210.09 -1 -1 -1 -1000 -1000 -1000 -10 1
106 75 Car -1 -1 -1 -17.97 187.81 429.64 371.59 -1 -1 -1 -1000 -1000 -1000 -10 1
106 38 Car -1 -1 -1 533.69 164.11 685.67 280.06 -1 -1 -1 -1000 -1000 -1000 -10 1
107 85 Car -1 -1 -1 447.00 174.14 552.14 213.89 -1 -1 -1 -1000 -1000 -1000 -10 1
107 75 Car -1 -1 -1 -13.05 187.98 429.43 370.73 -1 -1 -1 -1000 -1000 -1000 -10 1
107 38 Car -1 -1 -1 533.33 164.34 688.33 282.65 -1 -1 -1 -1000 -1000 -1000 -10 1
108 75 Car -1 -1 -1 -15.21 184.75 432.78 371.03 -1 -1 -1 -1000 -1000 -1000 -10 1
108 38 Car -1 -1 -1 532.30 164.26 689.54 284.80 -1 -1 -1 -1000 -1000 -1000 -10 1
109 75 Car -1 -1 -1 -12.26 183.45 437.20 371.70 -1 -1 -1 -1000 -1000 -1000 -10 1
109 38 Car -1 -1 -1 531.63 164.98 692.38 288.28 -1 -1 -1 -1000 -1000 -1000 -10 1
110 75 Car -1 -1 -1 -8.62 182.48 440.69 372.18 -1 -1 -1 -1000 -1000 -1000 -10 1
110 38 Car -1 -1 -1 530.09 165.74 693.77 291.45 -1 -1 -1 -1000 -1000 -1000 -10 1
111 75 Car -1 -1 -1 -2.52 179.78 444.66 371.94 -1 -1 -1 -1000 -1000 -1000 -10 1
111 38 Car -1 -1 -1 529.57 168.04 696.30 296.31 -1 -1 -1 -1000 -1000 -1000 -10 1
112 75 Car -1 -1 -1 0.85 180.29 447.81 372.68 -1 -1 -1 -1000 -1000 -1000 -10 1
112 38 Car -1 -1 -1 529.29 167.98 696.63 299.25 -1 -1 -1 -1000 -1000 -1000 -10 1
113 85 Car -1 -1 -1 349.78 176.85 466.86 222.29 -1 -1 -1 -1000 -1000 -1000 -10 1
113 75 Car -1 -1 -1 5.23 181.13 448.98 373.07 -1 -1 -1 -1000 -1000 -1000 -10 1
113 38 Car -1 -1 -1 527.91 167.74 693.80 299.17 -1 -1 -1 -1000 -1000 -1000 -10 1
114 85 Car -1 -1 -1 337.95 177.73 455.48 224.68 -1 -1 -1 -1000 -1000 -1000 -10 1
114 75 Car -1 -1 -1 10.65 180.51 452.00 372.89 -1 -1 -1 -1000 -1000 -1000 -10 1
114 38 Car -1 -1 -1 528.40 168.63 694.18 300.26 -1 -1 -1 -1000 -1000 -1000 -10 1
115 85 Car -1 -1 -1 316.18 174.84 437.21 225.39 -1 -1 -1 -1000 -1000 -1000 -10 1
115 75 Car -1 -1 -1 10.98 179.21 450.45 372.36 -1 -1 -1 -1000 -1000 -1000 -10 1
115 38 Car -1 -1 -1 528.16 169.02 691.82 306.12 -1 -1 -1 -1000 -1000 -1000 -10 1
116 75 Car -1 -1 -1 12.14 179.03 448.95 372.61 -1 -1 -1 -1000 -1000 -1000 -10 1
116 38 Car -1 -1 -1 525.36 165.93 692.64 304.96 -1 -1 -1 -1000 -1000 -1000 -10 1
117 75 Car -1 -1 -1 13.28 177.19 450.46 372.36 -1 -1 -1 -1000 -1000 -1000 -10 1
117 38 Car -1 -1 -1 524.17 165.73 699.28 310.47 -1 -1 -1 -1000 -1000 -1000 -10 1
118 75 Car -1 -1 -1 10.54 179.24 445.95 373.54 -1 -1 -1 -1000 -1000 -1000 -10 1
118 38 Car -1 -1 -1 521.58 164.43 706.25 310.88 -1 -1 -1 -1000 -1000 -1000 -10 1
119 75 Car -1 -1 -1 11.58 179.13 448.72 373.47 -1 -1 -1 -1000 -1000 -1000 -10 1
119 38 Car -1 -1 -1 518.66 163.88 708.78 310.60 -1 -1 -1 -1000 -1000 -1000 -10 1
120 90 Car -1 -1 -1 400.72 176.32 485.49 209.18 -1 -1 -1 -1000 -1000 -1000 -10 1
120 75 Car -1 -1 -1 6.16 179.33 445.21 373.53 -1 -1 -1 -1000 -1000 -1000 -10 1
120 38 Car -1 -1 -1 517.07 163.44 707.13 311.32 -1 -1 -1 -1000 -1000 -1000 -10 1
121 90 Car -1 -1 -1 374.75 175.51 460.28 208.96 -1 -1 -1 -1000 -1000 -1000 -10 1
121 75 Car -1 -1 -1 -2.60 182.84 435.28 375.05 -1 -1 -1 -1000 -1000 -1000 -10 1
122 91 Car -1 -1 -1 519.85 161.32 702.10 317.26 -1 -1 -1 -1000 -1000 -1000 -10 1
122 90 Car -1 -1 -1 354.42 180.42 434.85 213.01 -1 -1 -1 -1000 -1000 -1000 -10 1
122 75 Car -1 -1 -1 -9.13 184.48 431.32 373.25 -1 -1 -1 -1000 -1000 -1000 -10 1
123 91 Car -1 -1 -1 518.83 161.76 704.03 322.13 -1 -1 -1 -1000 -1000 -1000 -10 1
123 75 Car -1 -1 -1 -11.74 183.90 433.31 373.16 -1 -1 -1 -1000 -1000 -1000 -10 1
124 91 Car -1 -1 -1 518.35 161.96 702.87 326.36 -1 -1 -1 -1000 -1000 -1000 -10 1
124 75 Car -1 -1 -1 -17.67 186.52 430.14 374.64 -1 -1 -1 -1000 -1000 -1000 -10 1
124 38 Car -1 -1 -1 513.00 157.69 709.89 328.70 -1 -1 -1 -1000 -1000 -1000 -10 1
125 91 Car -1 -1 -1 515.80 160.50 702.93 329.57 -1 -1 -1 -1000 -1000 -1000 -10 1
125 75 Car -1 -1 -1 -20.78 187.54 431.68 375.04 -1 -1 -1 -1000 -1000 -1000 -10 1
125 38 Car -1 -1 -1 510.86 154.99 710.36 332.61 -1 -1 -1 -1000 -1000 -1000 -10 1
126 91 Car -1 -1 -1 513.18 160.46 702.12 332.92 -1 -1 -1 -1000 -1000 -1000 -10 1
126 75 Car -1 -1 -1 -18.55 188.72 429.21 375.04 -1 -1 -1 -1000 -1000 -1000 -10 1
126 38 Car -1 -1 -1 507.88 153.59 710.12 336.00 -1 -1 -1 -1000 -1000 -1000 -10 1
127 91 Car -1 -1 -1 510.48 159.06 703.61 335.05 -1 -1 -1 -1000 -1000 -1000 -10 1
127 75 Car -1 -1 -1 -12.65 190.11 426.99 375.08 -1 -1 -1 -1000 -1000 -1000 -10 1
127 38 Car -1 -1 -1 506.11 152.71 712.98 339.38 -1 -1 -1 -1000 -1000 -1000 -10 1
128 91 Car -1 -1 -1 507.35 158.14 705.35 336.76 -1 -1 -1 -1000 -1000 -1000 -10 1
128 75 Car -1 -1 -1 -14.43 189.43 427.27 372.63 -1 -1 -1 -1000 -1000 -1000 -10 1
128 38 Car -1 -1 -1 502.58 151.14 715.22 341.75 -1 -1 -1 -1000 -1000 -1000 -10 1
129 91 Car -1 -1 -1 504.42 157.79 709.29 339.36 -1 -1 -1 -1000 -1000 -1000 -10 1
129 75 Car -1 -1 -1 -18.66 188.98 426.64 372.16 -1 -1 -1 -1000 -1000 -1000 -10 1
129 38 Car -1 -1 -1 500.39 149.89 720.14 344.76 -1 -1 -1 -1000 -1000 -1000 -10 1
130 91 Car -1 -1 -1 501.45 157.40 710.47 340.66 -1 -1 -1 -1000 -1000 -1000 -10 1
130 75 Car -1 -1 -1 -19.30 192.11 421.50 371.20 -1 -1 -1 -1000 -1000 -1000 -10 1
130 38 Car -1 -1 -1 497.61 149.12 722.12 347.79 -1 -1 -1 -1000 -1000 -1000 -10 1
131 91 Car -1 -1 -1 499.74 156.06 709.63 339.82 -1 -1 -1 -1000 -1000 -1000 -10 1
131 75 Car -1 -1 -1 -13.71 193.78 421.03 372.34 -1 -1 -1 -1000 -1000 -1000 -10 1
131 38 Car -1 -1 -1 493.37 147.90 721.57 349.04 -1 -1 -1 -1000 -1000 -1000 -10 1
132 91 Car -1 -1 -1 499.30 156.38 707.76 341.14 -1 -1 -1 -1000 -1000 -1000 -10 1
132 75 Car -1 -1 -1 -10.44 193.70 420.63 372.48 -1 -1 -1 -1000 -1000 -1000 -10 1
132 38 Car -1 -1 -1 492.61 146.47 722.69 350.12 -1 -1 -1 -1000 -1000 -1000 -10 1
133 91 Car -1 -1 -1 499.94 157.18 708.11 344.11 -1 -1 -1 -1000 -1000 -1000 -10 1
133 75 Car -1 -1 -1 -16.71 194.12 422.40 374.39 -1 -1 -1 -1000 -1000 -1000 -10 1
133 38 Car -1 -1 -1 491.23 145.72 722.76 352.07 -1 -1 -1 -1000 -1000 -1000 -10 1
134 91 Car -1 -1 -1 499.36 156.87 707.82 345.03 -1 -1 -1 -1000 -1000 -1000 -10 1
134 75 Car -1 -1 -1 -20.33 194.51 425.76 375.16 -1 -1 -1 -1000 -1000 -1000 -10 1
134 38 Car -1 -1 -1 489.35 146.08 722.80 354.12 -1 -1 -1 -1000 -1000 -1000 -10 1
135 91 Car -1 -1 -1 500.50 157.70 708.57 346.89 -1 -1 -1 -1000 -1000 -1000 -10 1
135 75 Car -1 -1 -1 -24.47 194.55 424.82 375.82 -1 -1 -1 -1000 -1000 -1000 -10 1
135 38 Car -1 -1 -1 489.64 148.00 724.19 357.09 -1 -1 -1 -1000 -1000 -1000 -10 1
136 91 Car -1 -1 -1 499.76 158.39 711.40 348.49 -1 -1 -1 -1000 -1000 -1000 -10 1
136 75 Car -1 -1 -1 -26.45 193.69 423.83 376.30 -1 -1 -1 -1000 -1000 -1000 -10 1
136 38 Car -1 -1 -1 490.12 148.68 727.59 358.74 -1 -1 -1 -1000 -1000 -1000 -10 1
137 91 Car -1 -1 -1 498.76 158.46 711.89 351.82 -1 -1 -1 -1000 -1000 -1000 -10 1
137 75 Car -1 -1 -1 -22.42 192.03 418.45 374.85 -1 -1 -1 -1000 -1000 -1000 -10 1
137 38 Car -1 -1 -1 490.28 150.14 729.42 361.07 -1 -1 -1 -1000 -1000 -1000 -10 1
138 91 Car -1 -1 -1 499.32 158.15 713.36 353.88 -1 -1 -1 -1000 -1000 -1000 -10 1
138 75 Car -1 -1 -1 -17.66 191.07 416.00 374.05 -1 -1 -1 -1000 -1000 -1000 -10 1
138 38 Car -1 -1 -1 491.73 151.40 732.26 363.33 -1 -1 -1 -1000 -1000 -1000 -10 1
139 91 Car -1 -1 -1 499.38 158.21 713.49 355.53 -1 -1 -1 -1000 -1000 -1000 -10 1
139 75 Car -1 -1 -1 -19.84 190.37 412.86 374.45 -1 -1 -1 -1000 -1000 -1000 -10 1
139 38 Car -1 -1 -1 491.42 151.65 732.31 364.52 -1 -1 -1 -1000 -1000 -1000 -10 1
140 91 Car -1 -1 -1 497.68 156.66 720.33 359.87 -1 -1 -1 -1000 -1000 -1000 -10 1
140 75 Car -1 -1 -1 -18.45 189.93 410.39 373.65 -1 -1 -1 -1000 -1000 -1000 -10 1
140 38 Car -1 -1 -1 486.12 152.50 731.08 365.31 -1 -1 -1 -1000 -1000 -1000 -10 1
141 91 Car -1 -1 -1 495.00 155.55 723.87 362.80 -1 -1 -1 -1000 -1000 -1000 -10 1
141 75 Car -1 -1 -1 -13.67 191.52 407.31 373.85 -1 -1 -1 -1000 -1000 -1000 -10 1
141 38 Car -1 -1 -1 483.30 152.96 732.26 365.75 -1 -1 -1 -1000 -1000 -1000 -10 1
142 75 Car -1 -1 -1 -11.61 193.19 403.60 374.13 -1 -1 -1 -1000 -1000 -1000 -10 1
142 38 Car -1 -1 -1 485.37 153.46 733.94 367.11 -1 -1 -1 -1000 -1000 -1000 -10 1
143 75 Car -1 -1 -1 -8.99 194.16 400.87 373.82 -1 -1 -1 -1000 -1000 -1000 -10 1
143 38 Car -1 -1 -1 486.29 153.31 734.17 367.98 -1 -1 -1 -1000 -1000 -1000 -10 1
144 75 Car -1 -1 -1 -7.04 194.41 399.45 373.24 -1 -1 -1 -1000 -1000 -1000 -10 1
144 38 Car -1 -1 -1 487.04 153.67 734.81 368.74 -1 -1 -1 -1000 -1000 -1000 -10 1
145 75 Car -1 -1 -1 -5.24 194.40 398.89 372.64 -1 -1 -1 -1000 -1000 -1000 -10 1
145 38 Car -1 -1 -1 486.96 153.82 735.37 368.99 -1 -1 -1 -1000 -1000 -1000 -10 1
146 75 Car -1 -1 -1 -4.18 194.25 398.28 372.15 -1 -1 -1 -1000 -1000 -1000 -10 1
146 38 Car -1 -1 -1 486.54 153.55 735.36 368.84 -1 -1 -1 -1000 -1000 -1000 -10 1
147 75 Car -1 -1 -1 -3.24 194.32 397.70 371.88 -1 -1 -1 -1000 -1000 -1000 -10 1
147 38 Car -1 -1 -1 486.23 153.23 735.69 368.81 -1 -1 -1 -1000 -1000 -1000 -10 1
148 75 Car -1 -1 -1 -2.41 194.60 396.98 371.85 -1 -1 -1 -1000 -1000 -1000 -10 1
148 38 Car -1 -1 -1 485.90 153.00 735.68 368.77 -1 -1 -1 -1000 -1000 -1000 -10 1
149 75 Car -1 -1 -1 -1.68 194.75 396.49 371.71 -1 -1 -1 -1000 -1000 -1000 -10 1
149 38 Car -1 -1 -1 485.81 153.01 735.87 368.82 -1 -1 -1 -1000 -1000 -1000 -10 1
150 75 Car -1 -1 -1 -1.67 194.76 396.26 371.58 -1 -1 -1 -1000 -1000 -1000 -10 1
150 38 Car -1 -1 -1 486.57 153.36 735.74 368.95 -1 -1 -1 -1000 -1000 -1000 -10 1
