0 2 Car -1 -1 -1 450.12 178.09 490.12 200.61 -1 -1 -1 -1000 -1000 -1000 -10 1
0 1 Car -1 -1 -1 1111.42 148.93 1249.84 189.82 -1 -1 -1 -1000 -1000 -1000 -10 1
1 3 Car -1 -1 -1 547.46 83.94 749.19 238.75 -1 -1 -1 -1000 -1000 -1000 -10 1
1 2 Car -1 -1 -1 449.85 178.84 489.18 202.01 -1 -1 -1 -1000 -1000 -1000 -10 1
1 1 Car -1 -1 -1 1128.68 157.63 1248.32 194.19 -1 -1 -1 -1000 -1000 -1000 -10 1
2 2 Car -1 -1 -1 445.75 178.13 486.90 202.81 -1 -1 -1 -1000 -1000 -1000 -10 1
2 1 Car -1 -1 -1 1131.06 159.30 1251.81 197.70 -1 -1 -1 -1000 -1000 -1000 -10 1
3 2 Car -1 -1 -1 445.82 178.56 485.06 203.03 -1 -1 -1 -1000 -1000 -1000 -10 1
4 2 Car -1 -1 -1 444.63 177.76 483.11 202.47 -1 -1 -1 -1000 -1000 -1000 -10 1
5 3 Car -1 -1 -1 577.00 87.08 764.42 236.40 -1 -1 -1 -1000 -1000 -1000 -10 1
5 2 Car -1 -1 -1 443.63 177.79 481.92 203.01 -1 -1 -1 -1000 -1000 -1000 -10 1
6 3 Car -1 -1 -1 578.92 81.48 770.76 237.47 -1 -1 -1 -1000 -1000 -1000 -10 1
6 2 Car -1 -1 -1 441.00 177.79 479.24 203.70 -1 -1 -1 -1000 -1000 -1000 -10 1
7 3 Car -1 -1 -1 582.43 75.44 786.63 243.35 -1 -1 -1 -1000 -1000 -1000 -10 1
7 2 Car -1 -1 -1 438.21 177.70 476.91 204.32 -1 -1 -1 -1000 -1000 -1000 -10 1
8 3 Car -1 -1 -1 585.58 71.31 797.57 247.82 -1 -1 -1 -1000 -1000 -1000 -10 1
8 2 Car -1 -1 -1 434.39 177.58 473.57 204.49 -1 -1 -1 -1000 -1000 -1000 -10 1
9 3 Car -1 -1 -1 589.64 79.55 796.89 262.66 -1 -1 -1 -1000 -1000 -1000 -10 1
9 2 Car -1 -1 -1 435.09 176.39 473.54 202.77 -1 -1 -1 -1000 -1000 -1000 -10 1
10 3 Car -1 -1 -1 595.12 74.49 805.95 262.44 -1 -1 -1 -1000 -1000 -1000 -10 1
10 2 Car -1 -1 -1 432.46 175.13 471.17 201.43 -1 -1 -1 -1000 -1000 -1000 -10 1
11 3 Car -1 -1 -1 603.28 72.40 813.67 260.26 -1 -1 -1 -1000 -1000 -1000 -10 1
11 2 Car -1 -1 -1 429.59 173.82 468.90 200.36 -1 -1 -1 -1000 -1000 -1000 -10 1
12 3 Car -1 -1 -1 609.39 78.61 815.39 268.08 -1 -1 -1 -1000 -1000 -1000 -10 1
12 2 Car -1 -1 -1 424.53 173.78 465.26 200.67 -1 -1 -1 -1000 -1000 -1000 -10 1
13 2 Car -1 -1 -1 414.09 176.26 456.86 204.11 -1 -1 -1 -1000 -1000 -1000 -10 1
14 2 Car -1 -1 -1 406.73 177.35 450.38 205.62 -1 -1 -1 -1000 -1000 -1000 -10 1
15 2 Car -1 -1 -1 396.76 177.35 440.12 206.09 -1 -1 -1 -1000 -1000 -1000 -10 1
16 3 Car -1 -1 -1 609.34 68.39 834.44 259.05 -1 -1 -1 -1000 -1000 -1000 -10 1
16 2 Car -1 -1 -1 386.61 177.35 430.60 207.02 -1 -1 -1 -1000 -1000 -1000 -10 1
17 2 Car -1 -1 -1 375.74 178.60 420.51 208.80 -1 -1 -1 -1000 -1000 -1000 -10 1
18 2 Car -1 -1 -1 363.50 179.80 410.57 210.75 -1 -1 -1 -1000 -1000 -1000 -10 1
19 2 Car -1 -1 -1 349.80 180.49 397.23 212.13 -1 -1 -1 -1000 -1000 -1000 -10 1
20 2 Car -1 -1 -1 334.14 180.52 382.00 213.21 -1 -1 -1 -1000 -1000 -1000 -10 1
21 2 Car -1 -1 -1 319.00 179.14 367.78 212.37 -1 -1 -1 -1000 -1000 -1000 -10 1
22 2 Car -1 -1 -1 301.29 177.66 351.78 211.48 -1 -1 -1 -1000 -1000 -1000 -10 1
23 2 Car -1 -1 -1 282.98 177.69 335.49 212.52 -1 -1 -1 -1000 -1000 -1000 -10 1
24 2 Car -1 -1 -1 263.06 178.24 318.13 212.88 -1 -1 -1 -1000 -1000 -1000 -10 1
25 2 Car -1 -1 -1 242.53 179.41 300.27 215.71 -1 -1 -1 -1000 -1000 -1000 -10 1
26 2 Car -1 -1 -1 219.00 181.10 278.75 219.48 -1 -1 -1 -1000 -1000 -1000 -10 1
27 2 Car -1 -1 -1 194.69 183.99 257.36 224.03 -1 -1 -1 -1000 -1000 -1000 -10 1
28 2 Car -1 -1 -1 166.82 185.17 233.70 226.82 -1 -1 -1 -1000 -1000 -1000 -10 1
29 2 Car -1 -1 -1 138.47 185.71 208.79 228.04 -1 -1 -1 -1000 -1000 -1000 -10 1
30 2 Car -1 -1 -1 106.48 187.38 179.52 230.24 -1 -1 -1 -1000 -1000 -1000 -10 1
31 2 Car -1 -1 -1 71.71 189.19 150.53 232.25 -1 -1 -1 -1000 -1000 -1000 -10 1
32 2 Car -1 -1 -1 29.35 190.14 112.77 235.11 -1 -1 -1 -1000 -1000 -1000 -10 1
33 2 Car -1 -1 -1 0.18 193.99 80.39 239.24 -1 -1 -1 -1000 -1000 -1000 -10 1
53 14 Car -1 -1 -1 1089.13 156.14 1172.49 241.64 -1 -1 -1 -1000 -1000 -1000 -10 1
54 14 Car -1 -1 -1 1051.40 161.19 1130.73 235.29 -1 -1 -1 -1000 -1000 -1000 -10 1
55 15 Car -1 -1 -1 1061.02 171.51 1239.54 328.69 -1 -1 -1 -1000 -1000 -1000 -10 1
55 14 Car -1 -1 -1 1023.88 160.41 1106.30 235.14 -1 -1 -1 -1000 -1000 -1000 -10 1
56 15 Car -1 -1 -1 1043.53 170.81 1240.72 337.28 -1 -1 -1 -1000 -1000 -1000 -10 1
56 14 Car -1 -1 -1 991.51 160.46 1078.06 231.83 -1 -1 -1 -1000 -1000 -1000 -10 1
57 15 Car -1 -1 -1 1021.23 170.34 1238.07 343.14 -1 -1 -1 -1000 -1000 -1000 -10 1
57 14 Car -1 -1 -1 949.23 157.61 1036.60 225.09 -1 -1 -1 -1000 -1000 -1000 -10 1
58 16 Car -1 -1 -1 950.20 173.72 1072.22 259.47 -1 -1 -1 -1000 -1000 -1000 -10 1
58 15 Car -1 -1 -1 1001.71 170.84 1239.81 350.84 -1 -1 -1 -1000 -1000 -1000 -10 1
58 14 Car -1 -1 -1 916.04 158.94 1009.29 225.44 -1 -1 -1 -1000 -1000 -1000 -10 1
59 16 Car -1 -1 -1 926.67 177.32 1057.25 267.15 -1 -1 -1 -1000 -1000 -1000 -10 1
59 15 Car -1 -1 -1 983.35 172.44 1239.09 359.57 -1 -1 -1 -1000 -1000 -1000 -10 1
59 14 Car -1 -1 -1 877.39 159.52 962.57 221.60 -1 -1 -1 -1000 -1000 -1000 -10 1
60 16 Car -1 -1 -1 909.66 176.59 1049.34 273.23 -1 -1 -1 -1000 -1000 -1000 -10 1
60 15 Car -1 -1 -1 965.89 176.81 1235.79 368.52 -1 -1 -1 -1000 -1000 -1000 -10 1
60 14 Car -1 -1 -1 846.19 164.95 927.98 223.71 -1 -1 -1 -1000 -1000 -1000 -10 1
61 16 Car -1 -1 -1 892.37 181.59 1032.49 277.70 -1 -1 -1 -1000 -1000 -1000 -10 1
61 15 Car -1 -1 -1 952.63 179.70 1236.94 375.01 -1 -1 -1 -1000 -1000 -1000 -10 1
61 14 Car -1 -1 -1 819.43 165.66 903.72 224.29 -1 -1 -1 -1000 -1000 -1000 -10 1
63 17 Car -1 -1 -1 803.65 176.26 929.99 254.08 -1 -1 -1 -1000 -1000 -1000 -10 1
63 16 Car -1 -1 -1 860.06 188.34 1019.66 290.88 -1 -1 -1 -1000 -1000 -1000 -10 1
63 15 Car -1 -1 -1 931.91 183.93 1242.10 380.73 -1 -1 -1 -1000 -1000 -1000 -10 1
64 17 Car -1 -1 -1 788.63 179.92 922.52 259.81 -1 -1 -1 -1000 -1000 -1000 -10 1
64 16 Car -1 -1 -1 849.84 192.26 1019.51 298.16 -1 -1 -1 -1000 -1000 -1000 -10 1
64 15 Car -1 -1 -1 925.27 184.41 1242.00 380.00 -1 -1 -1 -1000 -1000 -1000 -10 1
65 17 Car -1 -1 -1 777.05 183.11 914.92 264.92 -1 -1 -1 -1000 -1000 -1000 -10 1
65 16 Car -1 -1 -1 836.73 192.65 1029.57 308.62 -1 -1 -1 -1000 -1000 -1000 -10 1
65 15 Car -1 -1 -1 925.44 187.57 1246.39 381.21 -1 -1 -1 -1000 -1000 -1000 -10 1
65 14 Car -1 -1 -1 740.45 174.61 826.33 234.90 -1 -1 -1 -1000 -1000 -1000 -10 1
66 17 Car -1 -1 -1 767.38 184.79 908.97 270.38 -1 -1 -1 -1000 -1000 -1000 -10 1
66 16 Car -1 -1 -1 829.50 193.93 1040.61 320.31 -1 -1 -1 -1000 -1000 -1000 -10 1
66 15 Car -1 -1 -1 927.53 191.49 1248.70 382.07 -1 -1 -1 -1000 -1000 -1000 -10 1
66 14 Car -1 -1 -1 727.65 174.58 816.94 237.18 -1 -1 -1 -1000 -1000 -1000 -10 1
67 17 Car -1 -1 -1 761.74 184.61 906.80 273.06 -1 -1 -1 -1000 -1000 -1000 -10 1
67 16 Car -1 -1 -1 836.25 196.14 1058.60 330.58 -1 -1 -1 -1000 -1000 -1000 -10 1
67 15 Car -1 -1 -1 935.25 191.64 1251.60 380.21 -1 -1 -1 -1000 -1000 -1000 -10 1
67 14 Car -1 -1 -1 716.01 172.00 807.70 237.83 -1 -1 -1 -1000 -1000 -1000 -10 1
68 17 Car -1 -1 -1 757.23 183.79 912.37 277.86 -1 -1 -1 -1000 -1000 -1000 -10 1
68 16 Car -1 -1 -1 835.70 195.06 1085.57 343.98 -1 -1 -1 -1000 -1000 -1000 -10 1
68 15 Car -1 -1 -1 948.01 192.49 1254.65 378.48 -1 -1 -1 -1000 -1000 -1000 -10 1
68 14 Car -1 -1 -1 709.19 170.25 804.33 239.70 -1 -1 -1 -1000 -1000 -1000 -10 1
69 19 Car -1 -1 -1 687.54 175.67 766.76 231.29 -1 -1 -1 -1000 -1000 -1000 -10 1
69 17 Car -1 -1 -1 754.41 183.96 918.11 283.08 -1 -1 -1 -1000 -1000 -1000 -10 1
69 16 Car -1 -1 -1 843.51 195.49 1116.66 358.80 -1 -1 -1 -1000 -1000 -1000 -10 1
69 15 Car -1 -1 -1 970.57 190.12 1262.43 377.41 -1 -1 -1 -1000 -1000 -1000 -10 1
69 14 Car -1 -1 -1 705.54 167.89 805.21 241.54 -1 -1 -1 -1000 -1000 -1000 -10 1
70 19 Car -1 -1 -1 689.26 175.04 778.35 237.15 -1 -1 -1 -1000 -1000 -1000 -10 1
70 17 Car -1 -1 -1 754.44 183.61 929.80 289.42 -1 -1 -1 -1000 -1000 -1000 -10 1
70 16 Car -1 -1 -1 855.48 192.43 1164.96 369.28 -1 -1 -1 -1000 -1000 -1000 -10 1
70 15 Car -1 -1 -1 1019.00 205.55 1275.28 385.32 -1 -1 -1 -1000 -1000 -1000 -10 1
70 14 Car -1 -1 -1 703.91 166.45 806.30 245.30 -1 -1 -1 -1000 -1000 -1000 -10 1
71 21 Car -1 -1 -1 663.39 182.27 707.16 215.43 -1 -1 -1 -1000 -1000 -1000 -10 1
71 19 Car -1 -1 -1 686.17 175.78 783.72 242.76 -1 -1 -1 -1000 -1000 -1000 -10 1
71 17 Car -1 -1 -1 753.33 185.44 945.06 295.78 -1 -1 -1 -1000 -1000 -1000 -10 1
71 16 Car -1 -1 -1 872.18 193.05 1208.72 375.98 -1 -1 -1 -1000 -1000 -1000 -10 1
72 21 Car -1 -1 -1 660.18 182.21 704.94 215.82 -1 -1 -1 -1000 -1000 -1000 -10 1
72 19 Car -1 -1 -1 699.29 170.47 816.54 252.34 -1 -1 -1 -1000 -1000 -1000 -10 1
72 17 Car -1 -1 -1 758.47 187.87 970.37 309.52 -1 -1 -1 -1000 -1000 -1000 -10 1
72 16 Car -1 -1 -1 885.44 193.54 1229.80 378.91 -1 -1 -1 -1000 -1000 -1000 -10 1
73 21 Car -1 -1 -1 655.68 182.82 699.98 216.20 -1 -1 -1 -1000 -1000 -1000 -10 1
73 19 Car -1 -1 -1 702.15 168.83 834.80 262.57 -1 -1 -1 -1000 -1000 -1000 -10 1
73 17 Car -1 -1 -1 765.03 185.84 1002.99 319.49 -1 -1 -1 -1000 -1000 -1000 -10 1
73 16 Car -1 -1 -1 898.28 192.61 1242.27 379.49 -1 -1 -1 -1000 -1000 -1000 -10 1
74 21 Car -1 -1 -1 655.02 182.74 699.41 216.65 -1 -1 -1 -1000 -1000 -1000 -10 1
74 19 Car -1 -1 -1 706.98 166.63 851.94 268.26 -1 -1 -1 -1000 -1000 -1000 -10 1
74 17 Car -1 -1 -1 775.34 185.12 1052.44 338.20 -1 -1 -1 -1000 -1000 -1000 -10 1
74 16 Car -1 -1 -1 919.84 193.95 1255.00 380.76 -1 -1 -1 -1000 -1000 -1000 -10 1
75 21 Car -1 -1 -1 655.04 182.23 699.65 216.58 -1 -1 -1 -1000 -1000 -1000 -10 1
75 19 Car -1 -1 -1 710.07 164.70 865.14 272.58 -1 -1 -1 -1000 -1000 -1000 -10 1
75 17 Car -1 -1 -1 786.51 187.47 1107.96 355.27 -1 -1 -1 -1000 -1000 -1000 -10 1
75 16 Car -1 -1 -1 954.19 194.80 1265.52 381.46 -1 -1 -1 -1000 -1000 -1000 -10 1
76 21 Car -1 -1 -1 655.39 182.33 701.92 218.15 -1 -1 -1 -1000 -1000 -1000 -10 1
76 19 Car -1 -1 -1 711.43 164.61 877.35 279.74 -1 -1 -1 -1000 -1000 -1000 -10 1
76 17 Car -1 -1 -1 807.45 187.92 1167.68 369.02 -1 -1 -1 -1000 -1000 -1000 -10 1
77 21 Car -1 -1 -1 657.41 182.34 706.55 219.93 -1 -1 -1 -1000 -1000 -1000 -10 1
77 19 Car -1 -1 -1 719.67 164.99 892.46 283.24 -1 -1 -1 -1000 -1000 -1000 -10 1
77 17 Car -1 -1 -1 822.89 184.05 1211.64 372.71 -1 -1 -1 -1000 -1000 -1000 -10 1
78 21 Car -1 -1 -1 658.86 182.42 709.14 220.95 -1 -1 -1 -1000 -1000 -1000 -10 1
78 19 Car -1 -1 -1 729.40 163.89 914.05 290.74 -1 -1 -1 -1000 -1000 -1000 -10 1
78 17 Car -1 -1 -1 832.19 178.74 1241.24 373.53 -1 -1 -1 -1000 -1000 -1000 -10 1
79 23 Car -1 -1 -1 700.23 177.54 803.55 250.16 -1 -1 -1 -1000 -1000 -1000 -10 1
79 21 Car -1 -1 -1 660.68 181.07 711.70 220.27 -1 -1 -1 -1000 -1000 -1000 -10 1
79 19 Car -1 -1 -1 743.65 166.65 938.39 298.88 -1 -1 -1 -1000 -1000 -1000 -10 1
79 17 Car -1 -1 -1 843.48 177.48 1254.65 374.83 -1 -1 -1 -1000 -1000 -1000 -10 1
80 23 Car -1 -1 -1 706.66 180.35 812.42 254.35 -1 -1 -1 -1000 -1000 -1000 -10 1
80 21 Car -1 -1 -1 662.82 179.52 714.71 219.55 -1 -1 -1 -1000 -1000 -1000 -10 1
80 19 Car -1 -1 -1 755.23 164.08 970.18 308.06 -1 -1 -1 -1000 -1000 -1000 -10 1
80 17 Car -1 -1 -1 862.50 178.44 1266.85 372.74 -1 -1 -1 -1000 -1000 -1000 -10 1
81 23 Car -1 -1 -1 710.26 179.45 825.94 257.59 -1 -1 -1 -1000 -1000 -1000 -10 1
81 21 Car -1 -1 -1 664.39 178.80 717.29 219.89 -1 -1 -1 -1000 -1000 -1000 -10 1
81 19 Car -1 -1 -1 771.39 161.50 1008.98 315.85 -1 -1 -1 -1000 -1000 -1000 -10 1
81 17 Car -1 -1 -1 895.39 181.16 1273.86 373.70 -1 -1 -1 -1000 -1000 -1000 -10 1
82 23 Car -1 -1 -1 716.26 181.77 836.43 260.32 -1 -1 -1 -1000 -1000 -1000 -10 1
82 21 Car -1 -1 -1 667.50 178.12 722.27 220.91 -1 -1 -1 -1000 -1000 -1000 -10 1
82 19 Car -1 -1 -1 784.95 158.96 1059.18 334.20 -1 -1 -1 -1000 -1000 -1000 -10 1
82 17 Car -1 -1 -1 936.22 184.31 1283.65 376.40 -1 -1 -1 -1000 -1000 -1000 -10 1
83 23 Car -1 -1 -1 725.84 184.43 853.20 266.27 -1 -1 -1 -1000 -1000 -1000 -10 1
83 21 Car -1 -1 -1 672.02 178.29 728.73 222.05 -1 -1 -1 -1000 -1000 -1000 -10 1
83 19 Car -1 -1 -1 801.61 157.44 1118.66 355.56 -1 -1 -1 -1000 -1000 -1000 -10 1
83 17 Car -1 -1 -1 978.69 190.94 1290.11 378.16 -1 -1 -1 -1000 -1000 -1000 -10 1
84 23 Car -1 -1 -1 733.95 184.25 867.02 267.49 -1 -1 -1 -1000 -1000 -1000 -10 1
84 21 Car -1 -1 -1 677.60 178.62 736.40 223.49 -1 -1 -1 -1000 -1000 -1000 -10 1
84 19 Car -1 -1 -1 823.68 144.72 1184.82 365.28 -1 -1 -1 -1000 -1000 -1000 -10 1
85 23 Car -1 -1 -1 740.55 183.49 884.85 273.47 -1 -1 -1 -1000 -1000 -1000 -10 1
85 21 Car -1 -1 -1 681.96 179.58 741.92 224.84 -1 -1 -1 -1000 -1000 -1000 -10 1
85 19 Car -1 -1 -1 836.99 136.01 1221.44 370.52 -1 -1 -1 -1000 -1000 -1000 -10 1
86 23 Car -1 -1 -1 750.49 184.64 903.00 277.67 -1 -1 -1 -1000 -1000 -1000 -10 1
86 21 Car -1 -1 -1 689.06 179.22 754.55 227.29 -1 -1 -1 -1000 -1000 -1000 -10 1
86 19 Car -1 -1 -1 850.65 126.90 1244.26 371.04 -1 -1 -1 -1000 -1000 -1000 -10 1
87 23 Car -1 -1 -1 759.92 184.20 925.90 285.05 -1 -1 -1 -1000 -1000 -1000 -10 1
87 21 Car -1 -1 -1 690.01 181.53 759.34 229.59 -1 -1 -1 -1000 -1000 -1000 -10 1
87 19 Car -1 -1 -1 867.04 124.98 1253.09 374.00 -1 -1 -1 -1000 -1000 -1000 -10 1
88 23 Car -1 -1 -1 771.01 186.03 963.67 300.52 -1 -1 -1 -1000 -1000 -1000 -10 1
88 21 Car -1 -1 -1 692.68 181.56 766.08 229.93 -1 -1 -1 -1000 -1000 -1000 -10 1
89 23 Car -1 -1 -1 783.52 186.95 998.50 310.29 -1 -1 -1 -1000 -1000 -1000 -10 1
89 21 Car -1 -1 -1 696.65 181.76 775.07 233.11 -1 -1 -1 -1000 -1000 -1000 -10 1
91 25 Car -1 -1 -1 1089.84 218.64 1256.30 364.67 -1 -1 -1 -1000 -1000 -1000 -10 1
91 23 Car -1 -1 -1 822.22 187.87 1105.25 347.33 -1 -1 -1 -1000 -1000 -1000 -10 1
92 23 Car -1 -1 -1 851.18 188.45 1176.69 363.39 -1 -1 -1 -1000 -1000 -1000 -10 1
93 23 Car -1 -1 -1 857.72 187.71 1212.77 370.52 -1 -1 -1 -1000 -1000 -1000 -10 1
93 21 Car -1 -1 -1 710.32 178.61 803.70 241.78 -1 -1 -1 -1000 -1000 -1000 -10 1
94 23 Car -1 -1 -1 882.63 186.24 1250.38 372.72 -1 -1 -1 -1000 -1000 -1000 -10 1
94 21 Car -1 -1 -1 718.32 181.35 821.87 246.78 -1 -1 -1 -1000 -1000 -1000 -10 1
95 23 Car -1 -1 -1 885.86 187.97 1258.22 375.81 -1 -1 -1 -1000 -1000 -1000 -10 1
95 21 Car -1 -1 -1 719.90 180.64 832.70 249.11 -1 -1 -1 -1000 -1000 -1000 -10 1
96 23 Car -1 -1 -1 911.24 190.12 1268.83 378.92 -1 -1 -1 -1000 -1000 -1000 -10 1
96 21 Car -1 -1 -1 722.09 180.46 844.36 251.80 -1 -1 -1 -1000 -1000 -1000 -10 1
97 23 Car -1 -1 -1 934.44 189.51 1274.28 379.31 -1 -1 -1 -1000 -1000 -1000 -10 1
97 21 Car -1 -1 -1 731.89 183.67 858.63 258.01 -1 -1 -1 -1000 -1000 -1000 -10 1
98 23 Car -1 -1 -1 969.39 179.92 1285.91 375.67 -1 -1 -1 -1000 -1000 -1000 -10 1
98 21 Car -1 -1 -1 735.85 185.54 869.17 262.62 -1 -1 -1 -1000 -1000 -1000 -10 1
99 23 Car -1 -1 -1 1033.81 193.74 1301.42 384.96 -1 -1 -1 -1000 -1000 -1000 -10 1
99 21 Car -1 -1 -1 746.78 187.63 889.18 269.02 -1 -1 -1 -1000 -1000 -1000 -10 1
100 21 Car -1 -1 -1 752.23 185.71 909.33 277.69 -1 -1 -1 -1000 -1000 -1000 -10 1
101 21 Car -1 -1 -1 761.70 185.24 930.42 282.55 -1 -1 -1 -1000 -1000 -1000 -10 1
102 21 Car -1 -1 -1 771.84 183.01 961.27 291.72 -1 -1 -1 -1000 -1000 -1000 -10 1
103 21 Car -1 -1 -1 780.32 179.85 995.38 302.03 -1 -1 -1 -1000 -1000 -1000 -10 1
104 21 Car -1 -1 -1 792.19 180.56 1032.32 313.52 -1 -1 -1 -1000 -1000 -1000 -10 1
105 21 Car -1 -1 -1 809.09 184.73 1073.06 327.04 -1 -1 -1 -1000 -1000 -1000 -10 1
106 21 Car -1 -1 -1 826.69 190.32 1125.02 349.04 -1 -1 -1 -1000 -1000 -1000 -10 1
107 21 Car -1 -1 -1 850.76 188.30 1183.85 360.68 -1 -1 -1 -1000 -1000 -1000 -10 1
108 26 Car -1 -1 -1 494.53 180.60 537.36 204.64 -1 -1 -1 -1000 -1000 -1000 -10 1
108 21 Car -1 -1 -1 852.35 188.06 1223.07 368.62 -1 -1 -1 -1000 -1000 -1000 -10 1
109 26 Car -1 -1 -1 485.68 180.66 528.53 205.07 -1 -1 -1 -1000 -1000 -1000 -10 1
109 21 Car -1 -1 -1 853.89 186.96 1243.82 371.64 -1 -1 -1 -1000 -1000 -1000 -10 1
110 26 Car -1 -1 -1 479.35 181.29 522.73 206.88 -1 -1 -1 -1000 -1000 -1000 -10 1
110 21 Car -1 -1 -1 867.60 187.25 1253.41 372.53 -1 -1 -1 -1000 -1000 -1000 -10 1
111 26 Car -1 -1 -1 472.70 181.98 516.99 208.63 -1 -1 -1 -1000 -1000 -1000 -10 1
111 21 Car -1 -1 -1 885.08 190.32 1261.66 375.85 -1 -1 -1 -1000 -1000 -1000 -10 1
112 26 Car -1 -1 -1 467.01 182.19 513.27 209.77 -1 -1 -1 -1000 -1000 -1000 -10 1
112 21 Car -1 -1 -1 907.08 188.54 1261.19 372.11 -1 -1 -1 -1000 -1000 -1000 -10 1
113 26 Car -1 -1 -1 459.02 182.00 509.71 210.93 -1 -1 -1 -1000 -1000 -1000 -10 1
113 21 Car -1 -1 -1 929.80 194.46 1268.65 376.98 -1 -1 -1 -1000 -1000 -1000 -10 1
114 26 Car -1 -1 -1 446.75 182.33 500.03 212.87 -1 -1 -1 -1000 -1000 -1000 -10 1
114 21 Car -1 -1 -1 959.87 185.02 1278.93 373.68 -1 -1 -1 -1000 -1000 -1000 -10 1
115 26 Car -1 -1 -1 437.02 181.81 494.86 214.35 -1 -1 -1 -1000 -1000 -1000 -10 1
116 26 Car -1 -1 -1 428.47 181.02 489.58 215.10 -1 -1 -1 -1000 -1000 -1000 -10 1
117 26 Car -1 -1 -1 417.97 180.91 482.35 216.82 -1 -1 -1 -1000 -1000 -1000 -10 1
118 26 Car -1 -1 -1 406.31 181.09 474.33 218.39 -1 -1 -1 -1000 -1000 -1000 -10 1
119 26 Car -1 -1 -1 392.66 183.64 467.07 221.81 -1 -1 -1 -1000 -1000 -1000 -10 1
120 26 Car -1 -1 -1 377.66 184.64 458.56 224.65 -1 -1 -1 -1000 -1000 -1000 -10 1
121 26 Car -1 -1 -1 370.08 183.45 450.64 224.61 -1 -1 -1 -1000 -1000 -1000 -10 1
122 26 Car -1 -1 -1 358.20 185.98 439.34 228.42 -1 -1 -1 -1000 -1000 -1000 -10 1
123 26 Car -1 -1 -1 337.20 185.41 425.45 232.33 -1 -1 -1 -1000 -1000 -1000 -10 1
124 26 Car -1 -1 -1 317.03 187.29 412.06 236.95 -1 -1 -1 -1000 -1000 -1000 -10 1
125 26 Car -1 -1 -1 300.24 187.76 401.96 239.35 -1 -1 -1 -1000 -1000 -1000 -10 1
126 26 Car -1 -1 -1 285.48 189.36 395.85 243.45 -1 -1 -1 -1000 -1000 -1000 -10 1
127 26 Car -1 -1 -1 262.97 190.07 382.71 245.81 -1 -1 -1 -1000 -1000 -1000 -10 1
128 26 Car -1 -1 -1 240.44 194.93 367.32 252.94 -1 -1 -1 -1000 -1000 -1000 -10 1
129 26 Car -1 -1 -1 217.42 195.85 350.09 256.19 -1 -1 -1 -1000 -1000 -1000 -10 1
130 26 Car -1 -1 -1 190.83 198.66 331.25 263.93 -1 -1 -1 -1000 -1000 -1000 -10 1
131 26 Car -1 -1 -1 164.47 199.79 313.44 267.52 -1 -1 -1 -1000 -1000 -1000 -10 1
132 31 Car -1 -1 -1 511.45 178.82 541.31 201.85 -1 -1 -1 -1000 -1000 -1000 -10 1
132 26 Car -1 -1 -1 122.37 197.38 296.55 275.49 -1 -1 -1 -1000 -1000 -1000 -10 1
133 31 Car -1 -1 -1 510.96 180.06 542.18 203.30 -1 -1 -1 -1000 -1000 -1000 -10 1
133 26 Car -1 -1 -1 95.26 197.56 284.44 283.69 -1 -1 -1 -1000 -1000 -1000 -10 1
134 26 Car -1 -1 -1 52.27 197.33 272.24 296.01 -1 -1 -1 -1000 -1000 -1000 -10 1
135 26 Car -1 -1 -1 21.43 199.44 259.62 307.00 -1 -1 -1 -1000 -1000 -1000 -10 1
136 26 Car -1 -1 -1 -0.66 201.73 240.27 317.16 -1 -1 -1 -1000 -1000 -1000 -10 1
137 34 Car -1 -1 -1 608.90 178.08 641.75 203.21 -1 -1 -1 -1000 -1000 -1000 -10 1
137 26 Car -1 -1 -1 -12.65 206.84 228.54 330.93 -1 -1 -1 -1000 -1000 -1000 -10 1
138 26 Car -1 -1 -1 -16.05 210.68 212.51 337.14 -1 -1 -1 -1000 -1000 -1000 -10 1
139 35 Car -1 -1 -1 493.43 180.29 535.30 206.83 -1 -1 -1 -1000 -1000 -1000 -10 1
140 35 Car -1 -1 -1 491.59 180.61 534.25 207.20 -1 -1 -1 -1000 -1000 -1000 -10 1
141 35 Car -1 -1 -1 486.89 181.61 531.71 208.01 -1 -1 -1 -1000 -1000 -1000 -10 1
142 35 Car -1 -1 -1 485.05 181.76 531.25 209.22 -1 -1 -1 -1000 -1000 -1000 -10 1
143 35 Car -1 -1 -1 483.19 182.04 530.79 210.82 -1 -1 -1 -1000 -1000 -1000 -10 1
144 35 Car -1 -1 -1 480.53 181.94 529.04 211.81 -1 -1 -1 -1000 -1000 -1000 -10 1
145 35 Car -1 -1 -1 475.56 182.10 525.76 213.19 -1 -1 -1 -1000 -1000 -1000 -10 1
146 36 Car -1 -1 -1 616.46 175.29 647.17 198.72 -1 -1 -1 -1000 -1000 -1000 -10 1
146 35 Car -1 -1 -1 471.06 182.40 524.60 215.28 -1 -1 -1 -1000 -1000 -1000 -10 1
147 35 Car -1 -1 -1 467.78 182.89 522.66 216.59 -1 -1 -1 -1000 -1000 -1000 -10 1
148 37 Car -1 -1 -1 535.64 180.80 567.23 202.66 -1 -1 -1 -1000 -1000 -1000 -10 1
148 35 Car -1 -1 -1 462.99 183.24 520.15 217.60 -1 -1 -1 -1000 -1000 -1000 -10 1
149 37 Car -1 -1 -1 541.87 179.98 572.42 201.57 -1 -1 -1 -1000 -1000 -1000 -10 1
149 35 Car -1 -1 -1 459.46 183.73 518.43 219.34 -1 -1 -1 -1000 -1000 -1000 -10 1
150 37 Car -1 -1 -1 544.60 179.25 574.82 200.57 -1 -1 -1 -1000 -1000 -1000 -10 1
150 35 Car -1 -1 -1 456.92 183.37 517.27 219.65 -1 -1 -1 -1000 -1000 -1000 -10 1
151 37 Car -1 -1 -1 546.04 179.13 575.88 200.26 -1 -1 -1 -1000 -1000 -1000 -10 1
151 35 Car -1 -1 -1 454.40 183.44 514.72 219.26 -1 -1 -1 -1000 -1000 -1000 -10 1
152 37 Car -1 -1 -1 544.45 179.32 573.49 200.42 -1 -1 -1 -1000 -1000 -1000 -10 1
152 35 Car -1 -1 -1 441.92 185.38 512.34 223.96 -1 -1 -1 -1000 -1000 -1000 -10 1
153 37 Car -1 -1 -1 544.62 178.42 574.75 200.89 -1 -1 -1 -1000 -1000 -1000 -10 1
153 35 Car -1 -1 -1 434.34 187.35 506.82 228.08 -1 -1 -1 -1000 -1000 -1000 -10 1
154 37 Car -1 -1 -1 545.47 178.04 576.22 201.85 -1 -1 -1 -1000 -1000 -1000 -10 1
154 35 Car -1 -1 -1 425.14 188.92 500.48 232.31 -1 -1 -1 -1000 -1000 -1000 -10 1
155 39 Car -1 -1 -1 633.48 179.22 668.63 205.57 -1 -1 -1 -1000 -1000 -1000 -10 1
155 37 Car -1 -1 -1 545.52 178.03 576.82 202.80 -1 -1 -1 -1000 -1000 -1000 -10 1
155 35 Car -1 -1 -1 418.28 189.64 496.56 235.24 -1 -1 -1 -1000 -1000 -1000 -10 1
156 39 Car -1 -1 -1 633.40 178.75 668.96 205.27 -1 -1 -1 -1000 -1000 -1000 -10 1
156 37 Car -1 -1 -1 544.50 177.88 576.33 203.49 -1 -1 -1 -1000 -1000 -1000 -10 1
156 35 Car -1 -1 -1 414.26 189.42 493.78 236.43 -1 -1 -1 -1000 -1000 -1000 -10 1
157 39 Car -1 -1 -1 632.79 179.03 667.66 205.02 -1 -1 -1 -1000 -1000 -1000 -10 1
157 37 Car -1 -1 -1 542.07 177.72 574.82 204.51 -1 -1 -1 -1000 -1000 -1000 -10 1
157 35 Car -1 -1 -1 409.15 189.50 488.50 236.80 -1 -1 -1 -1000 -1000 -1000 -10 1
158 39 Car -1 -1 -1 632.60 178.24 668.41 205.40 -1 -1 -1 -1000 -1000 -1000 -10 1
158 37 Car -1 -1 -1 540.35 177.80 573.65 205.63 -1 -1 -1 -1000 -1000 -1000 -10 1
158 35 Car -1 -1 -1 399.48 190.53 482.50 239.97 -1 -1 -1 -1000 -1000 -1000 -10 1
159 39 Car -1 -1 -1 632.41 177.77 667.49 204.35 -1 -1 -1 -1000 -1000 -1000 -10 1
159 37 Car -1 -1 -1 540.03 177.83 573.77 206.51 -1 -1 -1 -1000 -1000 -1000 -10 1
159 35 Car -1 -1 -1 398.82 188.85 480.66 238.35 -1 -1 -1 -1000 -1000 -1000 -10 1
160 40 Car -1 -1 -1 536.29 177.16 570.73 206.49 -1 -1 -1 -1000 -1000 -1000 -10 1
160 39 Car -1 -1 -1 633.06 177.99 667.02 203.86 -1 -1 -1 -1000 -1000 -1000 -10 1
160 35 Car -1 -1 -1 377.48 185.98 462.72 240.55 -1 -1 -1 -1000 -1000 -1000 -10 1
161 40 Car -1 -1 -1 534.60 177.21 570.22 207.40 -1 -1 -1 -1000 -1000 -1000 -10 1
161 39 Car -1 -1 -1 633.96 177.77 667.10 203.00 -1 -1 -1 -1000 -1000 -1000 -10 1
161 35 Car -1 -1 -1 363.22 183.84 453.95 243.57 -1 -1 -1 -1000 -1000 -1000 -10 1
162 40 Car -1 -1 -1 532.25 177.14 569.29 208.12 -1 -1 -1 -1000 -1000 -1000 -10 1
162 39 Car -1 -1 -1 634.67 177.87 667.22 202.71 -1 -1 -1 -1000 -1000 -1000 -10 1
162 35 Car -1 -1 -1 350.71 181.44 448.97 247.89 -1 -1 -1 -1000 -1000 -1000 -10 1
163 40 Car -1 -1 -1 531.00 178.23 569.23 207.75 -1 -1 -1 -1000 -1000 -1000 -10 1
163 39 Car -1 -1 -1 634.33 178.10 666.61 202.95 -1 -1 -1 -1000 -1000 -1000 -10 1
163 35 Car -1 -1 -1 333.99 181.72 440.54 253.59 -1 -1 -1 -1000 -1000 -1000 -10 1
164 40 Car -1 -1 -1 526.42 177.04 566.47 207.85 -1 -1 -1 -1000 -1000 -1000 -10 1
164 39 Car -1 -1 -1 634.78 178.01 666.66 202.88 -1 -1 -1 -1000 -1000 -1000 -10 1
164 35 Car -1 -1 -1 315.67 183.02 432.88 259.96 -1 -1 -1 -1000 -1000 -1000 -10 1
165 40 Car -1 -1 -1 523.19 175.57 565.68 208.29 -1 -1 -1 -1000 -1000 -1000 -10 1
165 39 Car -1 -1 -1 635.56 178.00 667.23 203.17 -1 -1 -1 -1000 -1000 -1000 -10 1
165 35 Car -1 -1 -1 295.74 186.29 421.95 263.90 -1 -1 -1 -1000 -1000 -1000 -10 1
166 40 Car -1 -1 -1 522.41 177.76 565.07 209.76 -1 -1 -1 -1000 -1000 -1000 -10 1
166 39 Car -1 -1 -1 636.09 177.94 667.59 203.14 -1 -1 -1 -1000 -1000 -1000 -10 1
166 35 Car -1 -1 -1 281.03 189.86 415.76 266.49 -1 -1 -1 -1000 -1000 -1000 -10 1
167 40 Car -1 -1 -1 518.60 179.30 562.51 211.69 -1 -1 -1 -1000 -1000 -1000 -10 1
167 39 Car -1 -1 -1 637.16 178.14 669.79 204.33 -1 -1 -1 -1000 -1000 -1000 -10 1
167 35 Car -1 -1 -1 265.01 194.05 403.44 270.60 -1 -1 -1 -1000 -1000 -1000 -10 1
168 40 Car -1 -1 -1 516.39 179.15 561.28 212.63 -1 -1 -1 -1000 -1000 -1000 -10 1
168 39 Car -1 -1 -1 636.46 178.48 669.48 205.08 -1 -1 -1 -1000 -1000 -1000 -10 1
168 35 Car -1 -1 -1 252.38 195.42 400.68 276.68 -1 -1 -1 -1000 -1000 -1000 -10 1
169 39 Car -1 -1 -1 636.60 178.19 670.17 205.08 -1 -1 -1 -1000 -1000 -1000 -10 1
169 35 Car -1 -1 -1 226.55 196.12 391.55 283.29 -1 -1 -1 -1000 -1000 -1000 -10 1
170 39 Car -1 -1 -1 635.83 178.38 669.89 205.65 -1 -1 -1 -1000 -1000 -1000 -10 1
170 35 Car -1 -1 -1 199.88 194.75 385.75 288.02 -1 -1 -1 -1000 -1000 -1000 -10 1
171 42 Car -1 -1 -1 500.62 183.47 552.67 215.21 -1 -1 -1 -1000 -1000 -1000 -10 1
171 39 Car -1 -1 -1 636.43 178.36 670.55 205.43 -1 -1 -1 -1000 -1000 -1000 -10 1
171 35 Car -1 -1 -1 173.99 196.55 372.35 293.14 -1 -1 -1 -1000 -1000 -1000 -10 1
173 35 Car -1 -1 -1 122.54 198.39 348.15 301.19 -1 -1 -1 -1000 -1000 -1000 -10 1
174 35 Car -1 -1 -1 99.01 198.94 340.38 305.30 -1 -1 -1 -1000 -1000 -1000 -10 1
175 35 Car -1 -1 -1 59.65 204.04 322.14 319.88 -1 -1 -1 -1000 -1000 -1000 -10 1
176 35 Car -1 -1 -1 30.70 206.34 312.67 332.68 -1 -1 -1 -1000 -1000 -1000 -10 1
177 45 Car -1 -1 -1 632.06 178.91 668.88 206.61 -1 -1 -1 -1000 -1000 -1000 -10 1
177 35 Car -1 -1 -1 14.67 208.76 307.24 342.99 -1 -1 -1 -1000 -1000 -1000 -10 1
178 45 Car -1 -1 -1 632.60 178.61 668.80 206.26 -1 -1 -1 -1000 -1000 -1000 -10 1
178 35 Car -1 -1 -1 3.89 207.64 300.32 346.25 -1 -1 -1 -1000 -1000 -1000 -10 1
179 46 Car -1 -1 -1 466.50 180.53 533.91 228.29 -1 -1 -1 -1000 -1000 -1000 -10 1
179 45 Car -1 -1 -1 632.92 178.33 668.98 206.09 -1 -1 -1 -1000 -1000 -1000 -10 1
179 35 Car -1 -1 -1 -7.14 207.01 286.72 347.46 -1 -1 -1 -1000 -1000 -1000 -10 1
180 46 Car -1 -1 -1 469.95 180.37 534.06 225.08 -1 -1 -1 -1000 -1000 -1000 -10 1
180 45 Car -1 -1 -1 632.83 178.81 669.04 206.84 -1 -1 -1 -1000 -1000 -1000 -10 1
180 35 Car -1 -1 -1 -16.37 210.32 270.42 356.20 -1 -1 -1 -1000 -1000 -1000 -10 1
181 46 Car -1 -1 -1 459.73 186.85 528.45 230.78 -1 -1 -1 -1000 -1000 -1000 -10 1
181 45 Car -1 -1 -1 630.86 179.50 666.37 207.74 -1 -1 -1 -1000 -1000 -1000 -10 1
181 35 Car -1 -1 -1 -19.46 211.81 256.45 361.87 -1 -1 -1 -1000 -1000 -1000 -10 1
182 46 Car -1 -1 -1 447.43 188.15 520.00 233.45 -1 -1 -1 -1000 -1000 -1000 -10 1
182 45 Car -1 -1 -1 630.20 181.75 665.45 210.32 -1 -1 -1 -1000 -1000 -1000 -10 1
182 35 Car -1 -1 -1 -22.93 208.59 235.31 359.05 -1 -1 -1 -1000 -1000 -1000 -10 1
183 46 Car -1 -1 -1 433.84 188.27 509.67 235.71 -1 -1 -1 -1000 -1000 -1000 -10 1
183 45 Car -1 -1 -1 630.73 183.81 664.58 212.38 -1 -1 -1 -1000 -1000 -1000 -10 1
183 35 Car -1 -1 -1 -25.27 210.92 215.74 364.45 -1 -1 -1 -1000 -1000 -1000 -10 1
184 46 Car -1 -1 -1 422.26 188.97 502.15 239.32 -1 -1 -1 -1000 -1000 -1000 -10 1
184 45 Car -1 -1 -1 628.83 185.68 662.15 214.84 -1 -1 -1 -1000 -1000 -1000 -10 1
184 35 Car -1 -1 -1 -27.37 209.19 194.58 365.67 -1 -1 -1 -1000 -1000 -1000 -10 1
185 46 Car -1 -1 -1 412.01 189.42 496.60 242.30 -1 -1 -1 -1000 -1000 -1000 -10 1
185 45 Car -1 -1 -1 625.11 186.19 658.47 215.90 -1 -1 -1 -1000 -1000 -1000 -10 1
185 35 Car -1 -1 -1 -29.23 211.34 171.80 369.19 -1 -1 -1 -1000 -1000 -1000 -10 1
186 46 Car -1 -1 -1 397.67 188.55 485.78 242.10 -1 -1 -1 -1000 -1000 -1000 -10 1
186 45 Car -1 -1 -1 622.05 184.91 655.53 212.95 -1 -1 -1 -1000 -1000 -1000 -10 1
186 35 Car -1 -1 -1 -30.18 210.18 147.93 370.37 -1 -1 -1 -1000 -1000 -1000 -10 1
187 46 Car -1 -1 -1 382.91 187.95 478.71 242.54 -1 -1 -1 -1000 -1000 -1000 -10 1
187 45 Car -1 -1 -1 616.34 184.35 649.82 211.43 -1 -1 -1 -1000 -1000 -1000 -10 1
187 35 Car -1 -1 -1 -30.91 208.66 123.36 370.89 -1 -1 -1 -1000 -1000 -1000 -10 1
188 46 Car -1 -1 -1 363.44 189.37 465.53 246.58 -1 -1 -1 -1000 -1000 -1000 -10 1
188 45 Car -1 -1 -1 612.47 183.78 646.33 211.54 -1 -1 -1 -1000 -1000 -1000 -10 1
189 46 Car -1 -1 -1 343.81 189.41 453.52 249.94 -1 -1 -1 -1000 -1000 -1000 -10 1
189 45 Car -1 -1 -1 605.02 183.20 638.48 210.87 -1 -1 -1 -1000 -1000 -1000 -10 1
190 46 Car -1 -1 -1 322.79 191.25 439.87 254.93 -1 -1 -1 -1000 -1000 -1000 -10 1
190 45 Car -1 -1 -1 597.55 183.59 631.15 212.37 -1 -1 -1 -1000 -1000 -1000 -10 1
191 46 Car -1 -1 -1 298.68 191.64 423.96 257.72 -1 -1 -1 -1000 -1000 -1000 -10 1
191 45 Car -1 -1 -1 587.51 184.48 620.59 213.61 -1 -1 -1 -1000 -1000 -1000 -10 1
192 46 Car -1 -1 -1 273.11 193.07 405.40 261.97 -1 -1 -1 -1000 -1000 -1000 -10 1
193 46 Car -1 -1 -1 251.49 194.48 386.82 266.96 -1 -1 -1 -1000 -1000 -1000 -10 1
194 46 Car -1 -1 -1 226.23 195.87 366.72 271.02 -1 -1 -1 -1000 -1000 -1000 -10 1
195 46 Car -1 -1 -1 197.10 195.24 349.41 277.13 -1 -1 -1 -1000 -1000 -1000 -10 1
195 45 Car -1 -1 -1 567.25 186.05 601.08 214.35 -1 -1 -1 -1000 -1000 -1000 -10 1
196 46 Car -1 -1 -1 166.09 193.74 333.81 281.84 -1 -1 -1 -1000 -1000 -1000 -10 1
196 45 Car -1 -1 -1 564.43 186.41 597.98 214.93 -1 -1 -1 -1000 -1000 -1000 -10 1
197 46 Car -1 -1 -1 133.39 194.90 317.64 290.98 -1 -1 -1 -1000 -1000 -1000 -10 1
197 45 Car -1 -1 -1 563.60 186.56 598.18 214.31 -1 -1 -1 -1000 -1000 -1000 -10 1
198 46 Car -1 -1 -1 105.88 197.48 303.69 297.10 -1 -1 -1 -1000 -1000 -1000 -10 1
198 45 Car -1 -1 -1 563.90 187.42 598.25 214.97 -1 -1 -1 -1000 -1000 -1000 -10 1
199 46 Car -1 -1 -1 66.61 197.94 288.25 307.75 -1 -1 -1 -1000 -1000 -1000 -10 1
199 45 Car -1 -1 -1 566.47 186.47 601.22 214.11 -1 -1 -1 -1000 -1000 -1000 -10 1
200 46 Car -1 -1 -1 29.54 199.72 273.37 318.15 -1 -1 -1 -1000 -1000 -1000 -10 1
200 45 Car -1 -1 -1 572.12 186.76 607.14 215.55 -1 -1 -1 -1000 -1000 -1000 -10 1
201 46 Car -1 -1 -1 5.84 198.29 261.31 323.70 -1 -1 -1 -1000 -1000 -1000 -10 1
201 45 Car -1 -1 -1 576.68 187.51 611.62 217.51 -1 -1 -1 -1000 -1000 -1000 -10 1
202 54 Car -1 -1 -1 437.54 186.19 475.18 213.41 -1 -1 -1 -1000 -1000 -1000 -10 1
202 53 Car -1 -1 -1 479.74 179.56 511.01 206.47 -1 -1 -1 -1000 -1000 -1000 -10 1
202 46 Car -1 -1 -1 -7.99 201.63 249.20 332.88 -1 -1 -1 -1000 -1000 -1000 -10 1
202 45 Car -1 -1 -1 582.98 190.03 614.76 220.62 -1 -1 -1 -1000 -1000 -1000 -10 1
203 54 Car -1 -1 -1 439.64 187.63 480.69 217.75 -1 -1 -1 -1000 -1000 -1000 -10 1
203 46 Car -1 -1 -1 -19.62 205.91 234.77 345.52 -1 -1 -1 -1000 -1000 -1000 -10 1
203 45 Car -1 -1 -1 586.93 193.61 617.72 223.57 -1 -1 -1 -1000 -1000 -1000 -10 1
204 54 Car -1 -1 -1 448.21 192.47 487.56 222.15 -1 -1 -1 -1000 -1000 -1000 -10 1
204 46 Car -1 -1 -1 -25.72 211.68 210.11 356.70 -1 -1 -1 -1000 -1000 -1000 -10 1
204 45 Car -1 -1 -1 590.30 190.27 621.91 221.62 -1 -1 -1 -1000 -1000 -1000 -10 1
205 54 Car -1 -1 -1 452.85 191.54 494.85 222.45 -1 -1 -1 -1000 -1000 -1000 -10 1
205 46 Car -1 -1 -1 -28.45 211.46 190.57 362.70 -1 -1 -1 -1000 -1000 -1000 -10 1
205 45 Car -1 -1 -1 596.44 196.20 627.69 227.21 -1 -1 -1 -1000 -1000 -1000 -10 1
206 46 Car -1 -1 -1 -37.61 212.46 157.66 365.68 -1 -1 -1 -1000 -1000 -1000 -10 1
206 45 Car -1 -1 -1 602.01 198.01 634.60 231.33 -1 -1 -1 -1000 -1000 -1000 -10 1
207 46 Car -1 -1 -1 -41.65 214.84 120.48 371.32 -1 -1 -1 -1000 -1000 -1000 -10 1
207 45 Car -1 -1 -1 608.63 199.14 641.87 232.96 -1 -1 -1 -1000 -1000 -1000 -10 1
214 59 Car -1 -1 -1 477.93 185.46 527.87 219.54 -1 -1 -1 -1000 -1000 -1000 -10 1
215 59 Car -1 -1 -1 480.99 185.10 531.35 219.07 -1 -1 -1 -1000 -1000 -1000 -10 1
216 59 Car -1 -1 -1 482.92 185.62 531.16 219.06 -1 -1 -1 -1000 -1000 -1000 -10 1
217 59 Car -1 -1 -1 484.30 185.36 532.92 217.34 -1 -1 -1 -1000 -1000 -1000 -10 1
218 59 Car -1 -1 -1 484.69 184.57 534.36 217.92 -1 -1 -1 -1000 -1000 -1000 -10 1
219 62 Car -1 -1 -1 670.28 180.39 723.28 220.33 -1 -1 -1 -1000 -1000 -1000 -10 1
219 59 Car -1 -1 -1 484.11 184.78 535.02 219.20 -1 -1 -1 -1000 -1000 -1000 -10 1
220 62 Car -1 -1 -1 676.30 181.61 729.29 220.03 -1 -1 -1 -1000 -1000 -1000 -10 1
220 59 Car -1 -1 -1 484.75 184.44 536.36 219.86 -1 -1 -1 -1000 -1000 -1000 -10 1
221 62 Car -1 -1 -1 678.08 180.95 733.31 219.80 -1 -1 -1 -1000 -1000 -1000 -10 1
221 59 Car -1 -1 -1 483.71 184.84 534.54 220.30 -1 -1 -1 -1000 -1000 -1000 -10 1
222 62 Car -1 -1 -1 680.69 181.06 738.95 221.54 -1 -1 -1 -1000 -1000 -1000 -10 1
222 59 Car -1 -1 -1 483.52 184.37 536.18 220.78 -1 -1 -1 -1000 -1000 -1000 -10 1
223 62 Car -1 -1 -1 684.75 180.61 745.07 222.17 -1 -1 -1 -1000 -1000 -1000 -10 1
223 59 Car -1 -1 -1 482.10 185.27 536.39 222.49 -1 -1 -1 -1000 -1000 -1000 -10 1
224 62 Car -1 -1 -1 689.57 181.93 754.54 225.24 -1 -1 -1 -1000 -1000 -1000 -10 1
224 59 Car -1 -1 -1 480.38 184.87 536.76 222.94 -1 -1 -1 -1000 -1000 -1000 -10 1
225 62 Car -1 -1 -1 692.00 180.29 759.21 224.75 -1 -1 -1 -1000 -1000 -1000 -10 1
225 59 Car -1 -1 -1 478.34 184.16 535.79 222.32 -1 -1 -1 -1000 -1000 -1000 -10 1
226 62 Car -1 -1 -1 695.35 179.29 764.74 224.33 -1 -1 -1 -1000 -1000 -1000 -10 1
226 59 Car -1 -1 -1 476.46 182.80 534.84 221.03 -1 -1 -1 -1000 -1000 -1000 -10 1
227 62 Car -1 -1 -1 696.04 176.85 766.73 221.95 -1 -1 -1 -1000 -1000 -1000 -10 1
227 59 Car -1 -1 -1 475.16 181.12 533.03 219.48 -1 -1 -1 -1000 -1000 -1000 -10 1
228 62 Car -1 -1 -1 696.82 175.34 767.96 220.53 -1 -1 -1 -1000 -1000 -1000 -10 1
228 59 Car -1 -1 -1 472.36 180.26 530.55 219.15 -1 -1 -1 -1000 -1000 -1000 -10 1
229 62 Car -1 -1 -1 699.88 174.12 770.72 218.96 -1 -1 -1 -1000 -1000 -1000 -10 1
229 59 Car -1 -1 -1 467.23 180.93 525.92 220.68 -1 -1 -1 -1000 -1000 -1000 -10 1
230 62 Car -1 -1 -1 706.22 177.22 777.83 223.22 -1 -1 -1 -1000 -1000 -1000 -10 1
230 59 Car -1 -1 -1 461.40 180.82 522.82 221.21 -1 -1 -1 -1000 -1000 -1000 -10 1
231 62 Car -1 -1 -1 707.38 179.58 780.27 227.68 -1 -1 -1 -1000 -1000 -1000 -10 1
231 59 Car -1 -1 -1 456.47 183.15 520.43 224.77 -1 -1 -1 -1000 -1000 -1000 -10 1
232 65 Car -1 -1 -1 689.32 178.20 741.68 219.20 -1 -1 -1 -1000 -1000 -1000 -10 1
232 62 Car -1 -1 -1 707.15 181.36 781.42 231.80 -1 -1 -1 -1000 -1000 -1000 -10 1
232 59 Car -1 -1 -1 450.24 187.70 515.91 231.49 -1 -1 -1 -1000 -1000 -1000 -10 1
233 65 Car -1 -1 -1 696.66 182.67 757.74 229.72 -1 -1 -1 -1000 -1000 -1000 -10 1
233 62 Car -1 -1 -1 714.83 184.40 795.98 239.97 -1 -1 -1 -1000 -1000 -1000 -10 1
233 59 Car -1 -1 -1 442.63 191.22 511.78 237.10 -1 -1 -1 -1000 -1000 -1000 -10 1
234 66 Car -1 -1 -1 542.95 174.86 581.54 204.60 -1 -1 -1 -1000 -1000 -1000 -10 1
234 65 Car -1 -1 -1 699.21 181.81 767.37 233.19 -1 -1 -1 -1000 -1000 -1000 -10 1
234 62 Car -1 -1 -1 717.79 184.52 805.98 244.45 -1 -1 -1 -1000 -1000 -1000 -10 1
234 59 Car -1 -1 -1 434.73 190.86 506.05 238.07 -1 -1 -1 -1000 -1000 -1000 -10 1
235 66 Car -1 -1 -1 540.17 175.23 577.99 204.00 -1 -1 -1 -1000 -1000 -1000 -10 1
235 65 Car -1 -1 -1 700.70 179.97 770.40 232.65 -1 -1 -1 -1000 -1000 -1000 -10 1
235 62 Car -1 -1 -1 722.83 184.55 815.43 247.52 -1 -1 -1 -1000 -1000 -1000 -10 1
235 59 Car -1 -1 -1 426.50 190.16 500.78 239.23 -1 -1 -1 -1000 -1000 -1000 -10 1
236 66 Car -1 -1 -1 535.37 175.94 573.71 204.15 -1 -1 -1 -1000 -1000 -1000 -10 1
236 65 Car -1 -1 -1 699.04 178.19 767.71 229.91 -1 -1 -1 -1000 -1000 -1000 -10 1
236 62 Car -1 -1 -1 725.88 184.76 822.22 250.46 -1 -1 -1 -1000 -1000 -1000 -10 1
236 59 Car -1 -1 -1 418.53 189.73 496.85 240.89 -1 -1 -1 -1000 -1000 -1000 -10 1
237 66 Car -1 -1 -1 528.99 175.74 569.40 203.86 -1 -1 -1 -1000 -1000 -1000 -10 1
237 65 Car -1 -1 -1 698.35 176.66 765.96 227.89 -1 -1 -1 -1000 -1000 -1000 -10 1
237 62 Car -1 -1 -1 729.86 184.90 831.66 254.50 -1 -1 -1 -1000 -1000 -1000 -10 1
237 59 Car -1 -1 -1 411.11 188.76 492.97 241.10 -1 -1 -1 -1000 -1000 -1000 -10 1
238 66 Car -1 -1 -1 523.28 176.50 563.68 203.71 -1 -1 -1 -1000 -1000 -1000 -10 1
238 65 Car -1 -1 -1 697.69 176.09 764.81 227.52 -1 -1 -1 -1000 -1000 -1000 -10 1
238 62 Car -1 -1 -1 733.64 184.93 841.96 257.49 -1 -1 -1 -1000 -1000 -1000 -10 1
238 59 Car -1 -1 -1 399.02 189.45 485.36 243.03 -1 -1 -1 -1000 -1000 -1000 -10 1
239 66 Car -1 -1 -1 520.47 176.44 560.29 203.50 -1 -1 -1 -1000 -1000 -1000 -10 1
239 65 Car -1 -1 -1 696.26 174.65 763.07 226.42 -1 -1 -1 -1000 -1000 -1000 -10 1
239 62 Car -1 -1 -1 738.64 185.10 852.96 260.28 -1 -1 -1 -1000 -1000 -1000 -10 1
239 59 Car -1 -1 -1 387.13 191.82 479.29 248.47 -1 -1 -1 -1000 -1000 -1000 -10 1
240 66 Car -1 -1 -1 519.66 176.33 559.89 203.25 -1 -1 -1 -1000 -1000 -1000 -10 1
240 65 Car -1 -1 -1 697.07 176.70 764.90 228.70 -1 -1 -1 -1000 -1000 -1000 -10 1
240 62 Car -1 -1 -1 742.86 185.91 865.25 263.62 -1 -1 -1 -1000 -1000 -1000 -10 1
240 59 Car -1 -1 -1 375.16 191.81 472.47 250.79 -1 -1 -1 -1000 -1000 -1000 -10 1
241 66 Car -1 -1 -1 519.62 177.52 559.31 205.07 -1 -1 -1 -1000 -1000 -1000 -10 1
241 65 Car -1 -1 -1 697.94 176.59 767.39 228.82 -1 -1 -1 -1000 -1000 -1000 -10 1
241 62 Car -1 -1 -1 751.22 188.49 878.55 269.69 -1 -1 -1 -1000 -1000 -1000 -10 1
241 59 Car -1 -1 -1 359.60 189.95 463.43 254.14 -1 -1 -1 -1000 -1000 -1000 -10 1
242 66 Car -1 -1 -1 512.81 176.80 553.93 206.25 -1 -1 -1 -1000 -1000 -1000 -10 1
242 65 Car -1 -1 -1 699.78 178.37 771.57 231.76 -1 -1 -1 -1000 -1000 -1000 -10 1
242 62 Car -1 -1 -1 759.60 189.58 896.69 277.08 -1 -1 -1 -1000 -1000 -1000 -10 1
242 59 Car -1 -1 -1 344.13 189.41 455.67 256.53 -1 -1 -1 -1000 -1000 -1000 -10 1
243 69 Car -1 -1 -1 720.97 185.97 833.43 254.91 -1 -1 -1 -1000 -1000 -1000 -10 1
243 66 Car -1 -1 -1 507.27 176.12 549.78 205.81 -1 -1 -1 -1000 -1000 -1000 -10 1
243 65 Car -1 -1 -1 700.52 179.20 776.67 233.92 -1 -1 -1 -1000 -1000 -1000 -10 1
243 62 Car -1 -1 -1 770.87 191.11 921.57 285.58 -1 -1 -1 -1000 -1000 -1000 -10 1
243 59 Car -1 -1 -1 330.34 189.75 445.80 258.38 -1 -1 -1 -1000 -1000 -1000 -10 1
244 69 Car -1 -1 -1 725.80 189.02 842.73 260.61 -1 -1 -1 -1000 -1000 -1000 -10 1
244 66 Car -1 -1 -1 507.90 176.05 550.71 206.58 -1 -1 -1 -1000 -1000 -1000 -10 1
244 65 Car -1 -1 -1 699.19 180.29 779.30 236.73 -1 -1 -1 -1000 -1000 -1000 -10 1
244 62 Car -1 -1 -1 779.28 193.93 946.57 296.06 -1 -1 -1 -1000 -1000 -1000 -10 1
244 59 Car -1 -1 -1 311.82 192.35 433.55 264.12 -1 -1 -1 -1000 -1000 -1000 -10 1
245 69 Car -1 -1 -1 730.36 190.73 852.15 265.48 -1 -1 -1 -1000 -1000 -1000 -10 1
245 66 Car -1 -1 -1 506.44 169.66 553.09 203.57 -1 -1 -1 -1000 -1000 -1000 -10 1
245 65 Car -1 -1 -1 699.23 179.42 779.87 237.31 -1 -1 -1 -1000 -1000 -1000 -10 1
245 62 Car -1 -1 -1 789.52 194.64 980.80 311.76 -1 -1 -1 -1000 -1000 -1000 -10 1
245 59 Car -1 -1 -1 289.47 194.34 419.26 269.66 -1 -1 -1 -1000 -1000 -1000 -10 1
246 69 Car -1 -1 -1 736.36 188.75 869.54 270.15 -1 -1 -1 -1000 -1000 -1000 -10 1
246 66 Car -1 -1 -1 505.09 165.51 553.24 201.39 -1 -1 -1 -1000 -1000 -1000 -10 1
246 65 Car -1 -1 -1 700.47 178.69 784.16 239.37 -1 -1 -1 -1000 -1000 -1000 -10 1
246 62 Car -1 -1 -1 808.85 195.82 1024.40 327.74 -1 -1 -1 -1000 -1000 -1000 -10 1
246 59 Car -1 -1 -1 264.33 193.79 405.67 277.33 -1 -1 -1 -1000 -1000 -1000 -10 1
247 69 Car -1 -1 -1 742.05 186.14 890.11 277.37 -1 -1 -1 -1000 -1000 -1000 -10 1
247 66 Car -1 -1 -1 495.78 170.52 545.69 205.51 -1 -1 -1 -1000 -1000 -1000 -10 1
247 65 Car -1 -1 -1 702.40 177.64 791.47 242.01 -1 -1 -1 -1000 -1000 -1000 -10 1
247 62 Car -1 -1 -1 828.19 200.55 1068.69 347.61 -1 -1 -1 -1000 -1000 -1000 -10 1
247 59 Car -1 -1 -1 234.53 193.36 390.11 284.31 -1 -1 -1 -1000 -1000 -1000 -10 1
248 69 Car -1 -1 -1 750.76 187.04 903.54 281.38 -1 -1 -1 -1000 -1000 -1000 -10 1
248 66 Car -1 -1 -1 490.39 168.32 545.63 204.18 -1 -1 -1 -1000 -1000 -1000 -10 1
248 65 Car -1 -1 -1 704.10 175.64 796.17 242.85 -1 -1 -1 -1000 -1000 -1000 -10 1
248 62 Car -1 -1 -1 853.64 199.39 1131.34 361.46 -1 -1 -1 -1000 -1000 -1000 -10 1
248 59 Car -1 -1 -1 202.83 192.53 374.07 290.92 -1 -1 -1 -1000 -1000 -1000 -10 1
249 69 Car -1 -1 -1 761.94 186.64 929.09 289.08 -1 -1 -1 -1000 -1000 -1000 -10 1
249 66 Car -1 -1 -1 488.39 163.22 544.48 201.81 -1 -1 -1 -1000 -1000 -1000 -10 1
249 65 Car -1 -1 -1 706.38 174.79 802.63 244.98 -1 -1 -1 -1000 -1000 -1000 -10 1
249 62 Car -1 -1 -1 875.12 196.93 1191.07 368.46 -1 -1 -1 -1000 -1000 -1000 -10 1
249 59 Car -1 -1 -1 166.02 192.34 356.25 299.63 -1 -1 -1 -1000 -1000 -1000 -10 1
250 69 Car -1 -1 -1 770.67 187.91 961.29 303.67 -1 -1 -1 -1000 -1000 -1000 -10 1
250 66 Car -1 -1 -1 484.97 158.85 544.20 200.06 -1 -1 -1 -1000 -1000 -1000 -10 1
250 65 Car -1 -1 -1 708.70 174.79 808.93 246.92 -1 -1 -1 -1000 -1000 -1000 -10 1
250 62 Car -1 -1 -1 892.66 196.26 1224.89 372.42 -1 -1 -1 -1000 -1000 -1000 -10 1
250 59 Car -1 -1 -1 122.88 194.22 335.54 312.86 -1 -1 -1 -1000 -1000 -1000 -10 1
251 69 Car -1 -1 -1 782.55 187.38 999.68 314.14 -1 -1 -1 -1000 -1000 -1000 -10 1
251 66 Car -1 -1 -1 483.12 156.53 543.33 198.87 -1 -1 -1 -1000 -1000 -1000 -10 1
251 65 Car -1 -1 -1 711.88 172.77 821.92 249.26 -1 -1 -1 -1000 -1000 -1000 -10 1
251 62 Car -1 -1 -1 909.76 196.01 1245.04 374.27 -1 -1 -1 -1000 -1000 -1000 -10 1
251 59 Car -1 -1 -1 70.05 196.16 311.78 327.88 -1 -1 -1 -1000 -1000 -1000 -10 1
252 71 Car -1 -1 -1 469.94 154.61 541.45 201.85 -1 -1 -1 -1000 -1000 -1000 -10 1
252 69 Car -1 -1 -1 797.20 185.35 1043.94 328.54 -1 -1 -1 -1000 -1000 -1000 -10 1
252 66 Car -1 -1 -1 481.33 157.29 541.98 199.07 -1 -1 -1 -1000 -1000 -1000 -10 1
252 65 Car -1 -1 -1 719.77 171.96 841.47 255.27 -1 -1 -1 -1000 -1000 -1000 -10 1
252 62 Car -1 -1 -1 935.69 197.80 1261.71 376.19 -1 -1 -1 -1000 -1000 -1000 -10 1
252 59 Car -1 -1 -1 30.79 202.24 285.13 340.97 -1 -1 -1 -1000 -1000 -1000 -10 1
253 72 Car -1 -1 -1 455.14 174.48 516.42 212.11 -1 -1 -1 -1000 -1000 -1000 -10 1
253 71 Car -1 -1 -1 471.02 155.20 541.85 200.70 -1 -1 -1 -1000 -1000 -1000 -10 1
253 69 Car -1 -1 -1 815.07 183.93 1103.97 349.53 -1 -1 -1 -1000 -1000 -1000 -10 1
253 66 Car -1 -1 -1 480.45 158.89 540.39 200.60 -1 -1 -1 -1000 -1000 -1000 -10 1
253 65 Car -1 -1 -1 722.80 171.73 852.58 259.91 -1 -1 -1 -1000 -1000 -1000 -10 1
253 62 Car -1 -1 -1 977.51 197.66 1278.11 376.79 -1 -1 -1 -1000 -1000 -1000 -10 1
253 59 Car -1 -1 -1 5.61 207.30 267.75 355.10 -1 -1 -1 -1000 -1000 -1000 -10 1
254 72 Car -1 -1 -1 446.06 179.46 505.09 215.66 -1 -1 -1 -1000 -1000 -1000 -10 1
254 71 Car -1 -1 -1 467.63 153.26 540.62 198.68 -1 -1 -1 -1000 -1000 -1000 -10 1
254 69 Car -1 -1 -1 844.14 183.05 1175.57 364.96 -1 -1 -1 -1000 -1000 -1000 -10 1
254 66 Car -1 -1 -1 477.02 160.09 538.39 202.04 -1 -1 -1 -1000 -1000 -1000 -10 1
254 65 Car -1 -1 -1 725.51 173.13 859.03 265.61 -1 -1 -1 -1000 -1000 -1000 -10 1
254 62 Car -1 -1 -1 1042.93 200.86 1297.79 378.93 -1 -1 -1 -1000 -1000 -1000 -10 1
254 59 Car -1 -1 -1 -11.24 208.82 249.61 363.87 -1 -1 -1 -1000 -1000 -1000 -10 1
255 72 Car -1 -1 -1 442.26 182.17 499.33 217.45 -1 -1 -1 -1000 -1000 -1000 -10 1
255 71 Car -1 -1 -1 454.71 157.01 534.22 205.80 -1 -1 -1 -1000 -1000 -1000 -10 1
255 69 Car -1 -1 -1 862.98 182.67 1218.69 372.86 -1 -1 -1 -1000 -1000 -1000 -10 1
255 66 Car -1 -1 -1 474.38 162.20 535.16 204.05 -1 -1 -1 -1000 -1000 -1000 -10 1
255 65 Car -1 -1 -1 734.47 174.71 878.93 275.10 -1 -1 -1 -1000 -1000 -1000 -10 1
255 59 Car -1 -1 -1 -22.50 208.90 224.65 367.92 -1 -1 -1 -1000 -1000 -1000 -10 1
256 72 Car -1 -1 -1 440.29 184.02 497.10 219.26 -1 -1 -1 -1000 -1000 -1000 -10 1
256 71 Car -1 -1 -1 449.26 158.40 532.32 208.41 -1 -1 -1 -1000 -1000 -1000 -10 1
256 69 Car -1 -1 -1 876.85 181.32 1239.92 373.64 -1 -1 -1 -1000 -1000 -1000 -10 1
256 66 Car -1 -1 -1 474.93 164.97 534.09 206.24 -1 -1 -1 -1000 -1000 -1000 -10 1
256 65 Car -1 -1 -1 746.32 174.81 901.51 283.29 -1 -1 -1 -1000 -1000 -1000 -10 1
256 59 Car -1 -1 -1 -31.30 211.74 193.56 372.93 -1 -1 -1 -1000 -1000 -1000 -10 1
257 72 Car -1 -1 -1 433.86 183.06 494.38 220.99 -1 -1 -1 -1000 -1000 -1000 -10 1
257 69 Car -1 -1 -1 899.04 181.57 1257.98 376.28 -1 -1 -1 -1000 -1000 -1000 -10 1
257 65 Car -1 -1 -1 755.83 175.07 927.25 291.61 -1 -1 -1 -1000 -1000 -1000 -10 1
257 59 Car -1 -1 -1 -40.54 213.71 151.64 375.57 -1 -1 -1 -1000 -1000 -1000 -10 1
258 72 Car -1 -1 -1 424.10 182.03 489.29 222.83 -1 -1 -1 -1000 -1000 -1000 -10 1
258 69 Car -1 -1 -1 925.95 185.26 1270.44 375.36 -1 -1 -1 -1000 -1000 -1000 -10 1
258 65 Car -1 -1 -1 770.50 175.50 970.26 306.96 -1 -1 -1 -1000 -1000 -1000 -10 1
259 72 Car -1 -1 -1 416.98 182.42 487.63 224.10 -1 -1 -1 -1000 -1000 -1000 -10 1
259 65 Car -1 -1 -1 784.56 175.99 1014.02 321.93 -1 -1 -1 -1000 -1000 -1000 -10 1
260 72 Car -1 -1 -1 410.19 182.30 486.80 227.37 -1 -1 -1 -1000 -1000 -1000 -10 1
260 65 Car -1 -1 -1 799.53 182.38 1064.75 342.09 -1 -1 -1 -1000 -1000 -1000 -10 1
261 72 Car -1 -1 -1 401.27 182.93 483.27 231.22 -1 -1 -1 -1000 -1000 -1000 -10 1
261 65 Car -1 -1 -1 825.81 185.17 1134.05 359.66 -1 -1 -1 -1000 -1000 -1000 -10 1
262 72 Car -1 -1 -1 389.70 185.47 473.60 235.30 -1 -1 -1 -1000 -1000 -1000 -10 1
262 71 Car -1 -1 -1 422.52 163.82 503.64 220.98 -1 -1 -1 -1000 -1000 -1000 -10 1
262 65 Car -1 -1 -1 851.42 183.19 1191.10 365.41 -1 -1 -1 -1000 -1000 -1000 -10 1
263 75 Car -1 -1 -1 422.19 166.52 497.58 224.04 -1 -1 -1 -1000 -1000 -1000 -10 1
263 72 Car -1 -1 -1 382.65 184.14 467.82 236.37 -1 -1 -1 -1000 -1000 -1000 -10 1
263 71 Car -1 -1 -1 421.54 166.58 499.72 223.20 -1 -1 -1 -1000 -1000 -1000 -10 1
263 65 Car -1 -1 -1 858.82 181.32 1225.44 371.33 -1 -1 -1 -1000 -1000 -1000 -10 1
264 75 Car -1 -1 -1 419.98 167.20 495.62 227.65 -1 -1 -1 -1000 -1000 -1000 -10 1
264 74 Car -1 -1 -1 517.93 178.66 567.03 208.62 -1 -1 -1 -1000 -1000 -1000 -10 1
264 72 Car -1 -1 -1 369.88 185.51 458.89 240.61 -1 -1 -1 -1000 -1000 -1000 -10 1
264 71 Car -1 -1 -1 420.00 167.44 496.89 224.63 -1 -1 -1 -1000 -1000 -1000 -10 1
264 65 Car -1 -1 -1 876.11 182.51 1244.79 375.48 -1 -1 -1 -1000 -1000 -1000 -10 1
265 75 Car -1 -1 -1 414.18 163.77 494.13 227.67 -1 -1 -1 -1000 -1000 -1000 -10 1
265 74 Car -1 -1 -1 516.74 180.06 565.41 210.95 -1 -1 -1 -1000 -1000 -1000 -10 1
265 72 Car -1 -1 -1 358.39 186.44 451.47 244.78 -1 -1 -1 -1000 -1000 -1000 -10 1
265 71 Car -1 -1 -1 414.52 163.71 490.66 224.50 -1 -1 -1 -1000 -1000 -1000 -10 1
265 65 Car -1 -1 -1 908.02 183.67 1253.03 377.69 -1 -1 -1 -1000 -1000 -1000 -10 1
266 75 Car -1 -1 -1 406.45 168.38 486.68 231.17 -1 -1 -1 -1000 -1000 -1000 -10 1
266 74 Car -1 -1 -1 516.66 179.85 564.22 211.29 -1 -1 -1 -1000 -1000 -1000 -10 1
266 72 Car -1 -1 -1 346.35 186.41 445.05 247.22 -1 -1 -1 -1000 -1000 -1000 -10 1
266 71 Car -1 -1 -1 405.13 163.58 482.11 226.65 -1 -1 -1 -1000 -1000 -1000 -10 1
266 65 Car -1 -1 -1 955.80 192.39 1273.05 382.81 -1 -1 -1 -1000 -1000 -1000 -10 1
267 75 Car -1 -1 -1 401.91 171.64 481.75 233.07 -1 -1 -1 -1000 -1000 -1000 -10 1
267 74 Car -1 -1 -1 514.18 179.75 561.89 212.13 -1 -1 -1 -1000 -1000 -1000 -10 1
267 72 Car -1 -1 -1 332.44 186.68 437.88 250.55 -1 -1 -1 -1000 -1000 -1000 -10 1
268 74 Car -1 -1 -1 512.06 180.05 559.36 213.37 -1 -1 -1 -1000 -1000 -1000 -10 1
268 72 Car -1 -1 -1 317.22 187.88 430.80 254.36 -1 -1 -1 -1000 -1000 -1000 -10 1
269 74 Car -1 -1 -1 507.77 179.26 555.91 214.36 -1 -1 -1 -1000 -1000 -1000 -10 1
269 72 Car -1 -1 -1 302.57 188.03 422.78 257.17 -1 -1 -1 -1000 -1000 -1000 -10 1
270 74 Car -1 -1 -1 504.23 177.98 553.61 214.80 -1 -1 -1 -1000 -1000 -1000 -10 1
270 72 Car -1 -1 -1 286.22 187.13 414.55 259.91 -1 -1 -1 -1000 -1000 -1000 -10 1
270 71 Car -1 -1 -1 376.27 163.27 468.73 235.87 -1 -1 -1 -1000 -1000 -1000 -10 1
271 74 Car -1 -1 -1 497.47 176.49 548.43 214.28 -1 -1 -1 -1000 -1000 -1000 -10 1
271 72 Car -1 -1 -1 272.08 187.79 408.43 265.15 -1 -1 -1 -1000 -1000 -1000 -10 1
271 71 Car -1 -1 -1 366.46 160.37 463.82 237.05 -1 -1 -1 -1000 -1000 -1000 -10 1
272 74 Car -1 -1 -1 494.21 176.07 546.33 215.11 -1 -1 -1 -1000 -1000 -1000 -10 1
272 72 Car -1 -1 -1 258.23 187.52 399.60 265.99 -1 -1 -1 -1000 -1000 -1000 -10 1
272 71 Car -1 -1 -1 354.20 161.34 454.98 240.24 -1 -1 -1 -1000 -1000 -1000 -10 1
273 74 Car -1 -1 -1 494.60 176.50 547.27 216.18 -1 -1 -1 -1000 -1000 -1000 -10 1
273 72 Car -1 -1 -1 235.95 187.97 385.67 269.82 -1 -1 -1 -1000 -1000 -1000 -10 1
273 71 Car -1 -1 -1 348.56 163.42 450.30 241.44 -1 -1 -1 -1000 -1000 -1000 -10 1
274 74 Car -1 -1 -1 493.97 175.88 548.34 215.76 -1 -1 -1 -1000 -1000 -1000 -10 1
274 72 Car -1 -1 -1 209.28 189.20 371.75 275.92 -1 -1 -1 -1000 -1000 -1000 -10 1
275 74 Car -1 -1 -1 492.54 176.87 548.98 217.73 -1 -1 -1 -1000 -1000 -1000 -10 1
275 72 Car -1 -1 -1 180.96 188.35 359.15 283.92 -1 -1 -1 -1000 -1000 -1000 -10 1
276 74 Car -1 -1 -1 488.27 178.13 546.98 220.86 -1 -1 -1 -1000 -1000 -1000 -10 1
276 72 Car -1 -1 -1 149.32 188.94 345.33 295.22 -1 -1 -1 -1000 -1000 -1000 -10 1
277 74 Car -1 -1 -1 482.78 178.53 543.71 223.00 -1 -1 -1 -1000 -1000 -1000 -10 1
277 72 Car -1 -1 -1 115.86 190.09 332.48 307.87 -1 -1 -1 -1000 -1000 -1000 -10 1
277 71 Car -1 -1 -1 289.27 151.80 426.04 246.26 -1 -1 -1 -1000 -1000 -1000 -10 1
278 74 Car -1 -1 -1 475.51 179.03 542.62 225.70 -1 -1 -1 -1000 -1000 -1000 -10 1
278 72 Car -1 -1 -1 70.73 193.27 317.10 323.70 -1 -1 -1 -1000 -1000 -1000 -10 1
278 71 Car -1 -1 -1 277.60 144.83 424.30 250.71 -1 -1 -1 -1000 -1000 -1000 -10 1
279 78 Car -1 -1 -1 231.36 125.05 417.93 267.06 -1 -1 -1 -1000 -1000 -1000 -10 1
279 74 Car -1 -1 -1 467.86 179.00 539.72 228.39 -1 -1 -1 -1000 -1000 -1000 -10 1
279 72 Car -1 -1 -1 27.94 196.34 294.94 336.60 -1 -1 -1 -1000 -1000 -1000 -10 1
280 78 Car -1 -1 -1 207.70 126.14 406.84 275.77 -1 -1 -1 -1000 -1000 -1000 -10 1
280 74 Car -1 -1 -1 461.81 177.95 538.30 229.88 -1 -1 -1 -1000 -1000 -1000 -10 1
280 72 Car -1 -1 -1 4.87 203.66 280.70 352.25 -1 -1 -1 -1000 -1000 -1000 -10 1
281 78 Car -1 -1 -1 176.02 124.78 397.56 282.68 -1 -1 -1 -1000 -1000 -1000 -10 1
281 74 Car -1 -1 -1 454.09 178.38 539.28 233.01 -1 -1 -1 -1000 -1000 -1000 -10 1
281 72 Car -1 -1 -1 -8.95 205.94 267.07 362.82 -1 -1 -1 -1000 -1000 -1000 -10 1
282 78 Car -1 -1 -1 129.17 109.96 383.14 291.31 -1 -1 -1 -1000 -1000 -1000 -10 1
282 74 Car -1 -1 -1 445.99 178.83 533.98 236.19 -1 -1 -1 -1000 -1000 -1000 -10 1
282 72 Car -1 -1 -1 -19.22 208.65 246.70 370.26 -1 -1 -1 -1000 -1000 -1000 -10 1
282 71 Car -1 -1 -1 163.13 124.79 360.13 272.56 -1 -1 -1 -1000 -1000 -1000 -10 1
283 78 Car -1 -1 -1 94.83 102.93 360.92 295.89 -1 -1 -1 -1000 -1000 -1000 -10 1
283 74 Car -1 -1 -1 438.19 180.56 529.30 239.92 -1 -1 -1 -1000 -1000 -1000 -10 1
283 72 Car -1 -1 -1 -26.44 208.63 216.80 369.60 -1 -1 -1 -1000 -1000 -1000 -10 1
283 71 Car -1 -1 -1 111.82 113.90 355.02 291.14 -1 -1 -1 -1000 -1000 -1000 -10 1
284 78 Car -1 -1 -1 52.69 99.73 355.46 313.76 -1 -1 -1 -1000 -1000 -1000 -10 1
284 74 Car -1 -1 -1 427.35 181.39 526.74 244.21 -1 -1 -1 -1000 -1000 -1000 -10 1
284 72 Car -1 -1 -1 -33.15 208.47 185.13 371.82 -1 -1 -1 -1000 -1000 -1000 -10 1
285 78 Car -1 -1 -1 10.77 95.09 346.40 331.05 -1 -1 -1 -1000 -1000 -1000 -10 1
285 74 Car -1 -1 -1 414.98 181.66 518.87 247.87 -1 -1 -1 -1000 -1000 -1000 -10 1
285 72 Car -1 -1 -1 -40.61 211.11 145.41 374.83 -1 -1 -1 -1000 -1000 -1000 -10 1
286 78 Car -1 -1 -1 -11.94 91.33 341.44 339.78 -1 -1 -1 -1000 -1000 -1000 -10 1
286 74 Car -1 -1 -1 399.37 181.56 512.35 252.45 -1 -1 -1 -1000 -1000 -1000 -10 1
287 78 Car -1 -1 -1 -29.08 83.26 328.22 344.49 -1 -1 -1 -1000 -1000 -1000 -10 1
287 74 Car -1 -1 -1 388.35 183.53 509.76 258.86 -1 -1 -1 -1000 -1000 -1000 -10 1
288 78 Car -1 -1 -1 -38.93 78.90 320.32 353.78 -1 -1 -1 -1000 -1000 -1000 -10 1
288 74 Car -1 -1 -1 375.37 185.10 503.81 264.72 -1 -1 -1 -1000 -1000 -1000 -10 1
289 78 Car -1 -1 -1 -41.07 71.37 299.59 357.91 -1 -1 -1 -1000 -1000 -1000 -10 1
289 74 Car -1 -1 -1 358.33 189.19 493.70 272.42 -1 -1 -1 -1000 -1000 -1000 -10 1
290 81 Car -1 -1 -1 352.46 180.22 442.43 217.18 -1 -1 -1 -1000 -1000 -1000 -10 1
290 78 Car -1 -1 -1 -52.76 69.96 270.15 373.64 -1 -1 -1 -1000 -1000 -1000 -10 1
290 74 Car -1 -1 -1 342.58 192.60 482.78 281.13 -1 -1 -1 -1000 -1000 -1000 -10 1
291 82 Car -1 -1 -1 4.82 193.29 187.78 379.71 -1 -1 -1 -1000 -1000 -1000 -10 1
291 81 Car -1 -1 -1 341.05 184.39 436.49 223.09 -1 -1 -1 -1000 -1000 -1000 -10 1
291 74 Car -1 -1 -1 321.44 194.54 471.22 289.95 -1 -1 -1 -1000 -1000 -1000 -10 1
292 82 Car -1 -1 -1 1.95 213.82 155.68 374.38 -1 -1 -1 -1000 -1000 -1000 -10 1
292 74 Car -1 -1 -1 296.73 199.33 459.78 302.32 -1 -1 -1 -1000 -1000 -1000 -10 1
293 82 Car -1 -1 -1 -2.27 234.67 108.31 363.34 -1 -1 -1 -1000 -1000 -1000 -10 1
293 74 Car -1 -1 -1 263.99 202.86 448.01 316.91 -1 -1 -1 -1000 -1000 -1000 -10 1
294 83 Car -1 -1 -1 408.65 178.30 476.60 227.63 -1 -1 -1 -1000 -1000 -1000 -10 1
294 74 Car -1 -1 -1 218.22 207.52 430.39 338.54 -1 -1 -1 -1000 -1000 -1000 -10 1
295 84 Car -1 -1 -1 471.96 175.57 513.30 206.43 -1 -1 -1 -1000 -1000 -1000 -10 1
295 83 Car -1 -1 -1 402.03 179.92 472.06 229.72 -1 -1 -1 -1000 -1000 -1000 -10 1
295 74 Car -1 -1 -1 160.24 209.35 409.06 356.17 -1 -1 -1 -1000 -1000 -1000 -10 1
296 84 Car -1 -1 -1 472.49 175.01 515.74 206.72 -1 -1 -1 -1000 -1000 -1000 -10 1
296 83 Car -1 -1 -1 392.38 182.71 468.72 232.71 -1 -1 -1 -1000 -1000 -1000 -10 1
296 74 Car -1 -1 -1 96.84 207.91 383.26 366.26 -1 -1 -1 -1000 -1000 -1000 -10 1
297 83 Car -1 -1 -1 378.37 185.91 462.89 241.51 -1 -1 -1 -1000 -1000 -1000 -10 1
297 74 Car -1 -1 -1 46.36 212.27 371.35 373.25 -1 -1 -1 -1000 -1000 -1000 -10 1
298 83 Car -1 -1 -1 367.37 187.58 458.88 247.82 -1 -1 -1 -1000 -1000 -1000 -10 1
298 74 Car -1 -1 -1 17.21 216.28 360.43 373.41 -1 -1 -1 -1000 -1000 -1000 -10 1
299 83 Car -1 -1 -1 362.39 186.30 455.69 246.91 -1 -1 -1 -1000 -1000 -1000 -10 1
299 74 Car -1 -1 -1 -3.46 211.25 350.35 374.40 -1 -1 -1 -1000 -1000 -1000 -10 1
300 83 Car -1 -1 -1 355.50 182.63 450.33 245.01 -1 -1 -1 -1000 -1000 -1000 -10 1
300 74 Car -1 -1 -1 -19.18 206.78 334.56 374.86 -1 -1 -1 -1000 -1000 -1000 -10 1
301 83 Car -1 -1 -1 346.92 179.92 445.20 245.58 -1 -1 -1 -1000 -1000 -1000 -10 1
301 74 Car -1 -1 -1 -29.79 207.35 300.37 373.34 -1 -1 -1 -1000 -1000 -1000 -10 1
302 84 Car -1 -1 -1 460.15 174.55 512.50 207.59 -1 -1 -1 -1000 -1000 -1000 -10 1
302 83 Car -1 -1 -1 336.60 179.78 439.65 248.46 -1 -1 -1 -1000 -1000 -1000 -10 1
302 74 Car -1 -1 -1 -14.71 200.78 284.61 367.95 -1 -1 -1 -1000 -1000 -1000 -10 1
303 83 Car -1 -1 -1 324.37 179.23 432.59 249.13 -1 -1 -1 -1000 -1000 -1000 -10 1
303 74 Car -1 -1 -1 -10.40 190.14 289.87 351.63 -1 -1 -1 -1000 -1000 -1000 -10 1
304 83 Car -1 -1 -1 312.91 178.80 424.46 250.36 -1 -1 -1 -1000 -1000 -1000 -10 1
304 74 Car -1 -1 -1 -20.36 187.03 277.02 350.35 -1 -1 -1 -1000 -1000 -1000 -10 1
305 83 Car -1 -1 -1 296.16 177.56 416.16 252.14 -1 -1 -1 -1000 -1000 -1000 -10 1
305 74 Car -1 -1 -1 -26.92 192.30 260.20 359.80 -1 -1 -1 -1000 -1000 -1000 -10 1
306 84 Car -1 -1 -1 447.20 172.09 499.75 207.11 -1 -1 -1 -1000 -1000 -1000 -10 1
306 83 Car -1 -1 -1 281.67 180.70 406.71 256.56 -1 -1 -1 -1000 -1000 -1000 -10 1
306 74 Car -1 -1 -1 -31.28 200.63 235.79 369.31 -1 -1 -1 -1000 -1000 -1000 -10 1
307 84 Car -1 -1 -1 444.18 171.76 498.57 209.26 -1 -1 -1 -1000 -1000 -1000 -10 1
307 83 Car -1 -1 -1 266.40 183.16 397.81 260.45 -1 -1 -1 -1000 -1000 -1000 -10 1
307 74 Car -1 -1 -1 -34.56 200.90 206.03 371.49 -1 -1 -1 -1000 -1000 -1000 -10 1
308 84 Car -1 -1 -1 441.96 173.64 499.09 213.70 -1 -1 -1 -1000 -1000 -1000 -10 1
308 83 Car -1 -1 -1 242.99 184.59 384.49 268.19 -1 -1 -1 -1000 -1000 -1000 -10 1
308 74 Car -1 -1 -1 -43.45 204.66 164.90 374.06 -1 -1 -1 -1000 -1000 -1000 -10 1
309 88 Car -1 -1 -1 487.32 176.13 540.70 220.91 -1 -1 -1 -1000 -1000 -1000 -10 1
309 84 Car -1 -1 -1 438.28 175.19 499.05 217.74 -1 -1 -1 -1000 -1000 -1000 -10 1
310 88 Car -1 -1 -1 488.03 177.36 539.92 223.85 -1 -1 -1 -1000 -1000 -1000 -10 1
310 84 Car -1 -1 -1 429.60 176.45 491.59 219.64 -1 -1 -1 -1000 -1000 -1000 -10 1
311 88 Car -1 -1 -1 483.69 176.26 534.99 221.46 -1 -1 -1 -1000 -1000 -1000 -10 1
311 84 Car -1 -1 -1 425.11 177.83 489.83 222.16 -1 -1 -1 -1000 -1000 -1000 -10 1
312 88 Car -1 -1 -1 481.45 174.25 530.49 217.30 -1 -1 -1 -1000 -1000 -1000 -10 1
312 84 Car -1 -1 -1 419.89 179.74 488.47 224.34 -1 -1 -1 -1000 -1000 -1000 -10 1
312 83 Car -1 -1 -1 117.78 189.01 324.73 308.08 -1 -1 -1 -1000 -1000 -1000 -10 1
313 88 Car -1 -1 -1 480.61 173.05 528.71 213.02 -1 -1 -1 -1000 -1000 -1000 -10 1
313 84 Car -1 -1 -1 416.73 179.99 484.35 226.38 -1 -1 -1 -1000 -1000 -1000 -10 1
313 83 Car -1 -1 -1 77.58 189.54 308.00 320.29 -1 -1 -1 -1000 -1000 -1000 -10 1
314 88 Car -1 -1 -1 485.69 172.65 534.94 208.93 -1 -1 -1 -1000 -1000 -1000 -10 1
314 84 Car -1 -1 -1 423.59 183.30 489.44 232.14 -1 -1 -1 -1000 -1000 -1000 -10 1
314 83 Car -1 -1 -1 30.09 192.32 288.77 334.85 -1 -1 -1 -1000 -1000 -1000 -10 1
315 88 Car -1 -1 -1 483.71 172.63 536.38 207.29 -1 -1 -1 -1000 -1000 -1000 -10 1
315 84 Car -1 -1 -1 423.73 188.91 489.79 243.62 -1 -1 -1 -1000 -1000 -1000 -10 1
315 83 Car -1 -1 -1 6.23 199.15 276.76 352.07 -1 -1 -1 -1000 -1000 -1000 -10 1
316 88 Car -1 -1 -1 477.28 170.52 534.52 205.35 -1 -1 -1 -1000 -1000 -1000 -10 1
316 83 Car -1 -1 -1 -10.29 201.41 259.15 361.37 -1 -1 -1 -1000 -1000 -1000 -10 1
317 88 Car -1 -1 -1 476.75 171.42 533.74 205.47 -1 -1 -1 -1000 -1000 -1000 -10 1
317 83 Car -1 -1 -1 -21.56 199.96 236.81 366.61 -1 -1 -1 -1000 -1000 -1000 -10 1
318 90 Car -1 -1 -1 375.21 182.73 479.81 229.54 -1 -1 -1 -1000 -1000 -1000 -10 1
318 88 Car -1 -1 -1 476.11 172.00 532.59 205.94 -1 -1 -1 -1000 -1000 -1000 -10 1
318 83 Car -1 -1 -1 -28.07 200.45 209.11 369.88 -1 -1 -1 -1000 -1000 -1000 -10 1
319 90 Car -1 -1 -1 369.86 183.92 472.83 232.49 -1 -1 -1 -1000 -1000 -1000 -10 1
319 88 Car -1 -1 -1 477.87 172.62 533.76 206.07 -1 -1 -1 -1000 -1000 -1000 -10 1
319 83 Car -1 -1 -1 -37.59 201.32 172.74 373.50 -1 -1 -1 -1000 -1000 -1000 -10 1
320 90 Car -1 -1 -1 364.55 182.54 467.32 235.18 -1 -1 -1 -1000 -1000 -1000 -10 1
320 88 Car -1 -1 -1 479.64 173.32 535.54 206.79 -1 -1 -1 -1000 -1000 -1000 -10 1
321 92 Car -1 -1 -1 434.76 175.82 509.28 219.30 -1 -1 -1 -1000 -1000 -1000 -10 1
321 90 Car -1 -1 -1 355.77 180.07 466.54 239.61 -1 -1 -1 -1000 -1000 -1000 -10 1
321 88 Car -1 -1 -1 477.83 173.90 535.25 207.43 -1 -1 -1 -1000 -1000 -1000 -10 1
322 92 Car -1 -1 -1 430.53 178.67 508.49 222.77 -1 -1 -1 -1000 -1000 -1000 -10 1
322 90 Car -1 -1 -1 347.92 180.53 461.59 243.34 -1 -1 -1 -1000 -1000 -1000 -10 1
322 88 Car -1 -1 -1 476.84 173.89 535.25 207.80 -1 -1 -1 -1000 -1000 -1000 -10 1
323 92 Car -1 -1 -1 424.02 179.33 505.83 224.60 -1 -1 -1 -1000 -1000 -1000 -10 1
323 90 Car -1 -1 -1 338.86 179.03 457.31 245.05 -1 -1 -1 -1000 -1000 -1000 -10 1
323 88 Car -1 -1 -1 477.09 174.49 535.10 208.89 -1 -1 -1 -1000 -1000 -1000 -10 1
324 92 Car -1 -1 -1 425.37 179.14 504.15 222.80 -1 -1 -1 -1000 -1000 -1000 -10 1
324 90 Car -1 -1 -1 323.27 181.02 445.15 249.46 -1 -1 -1 -1000 -1000 -1000 -10 1
324 88 Car -1 -1 -1 476.03 175.47 534.14 210.33 -1 -1 -1 -1000 -1000 -1000 -10 1
325 92 Car -1 -1 -1 425.98 181.32 501.03 225.17 -1 -1 -1 -1000 -1000 -1000 -10 1
325 90 Car -1 -1 -1 313.08 181.45 441.09 251.52 -1 -1 -1 -1000 -1000 -1000 -10 1
325 88 Car -1 -1 -1 474.97 175.59 534.09 210.58 -1 -1 -1 -1000 -1000 -1000 -10 1
326 92 Car -1 -1 -1 427.14 182.60 498.04 226.30 -1 -1 -1 -1000 -1000 -1000 -10 1
326 90 Car -1 -1 -1 297.96 183.50 430.41 256.28 -1 -1 -1 -1000 -1000 -1000 -10 1
326 88 Car -1 -1 -1 476.28 175.47 534.84 210.61 -1 -1 -1 -1000 -1000 -1000 -10 1
327 92 Car -1 -1 -1 420.12 183.24 488.74 229.42 -1 -1 -1 -1000 -1000 -1000 -10 1
327 90 Car -1 -1 -1 284.96 183.76 423.25 259.42 -1 -1 -1 -1000 -1000 -1000 -10 1
327 88 Car -1 -1 -1 476.36 174.34 535.31 209.41 -1 -1 -1 -1000 -1000 -1000 -10 1
328 92 Car -1 -1 -1 409.81 184.35 483.69 232.64 -1 -1 -1 -1000 -1000 -1000 -10 1
328 90 Car -1 -1 -1 270.92 184.80 412.19 261.85 -1 -1 -1 -1000 -1000 -1000 -10 1
328 88 Car -1 -1 -1 477.07 174.70 535.48 209.33 -1 -1 -1 -1000 -1000 -1000 -10 1
329 92 Car -1 -1 -1 398.76 184.59 479.29 235.15 -1 -1 -1 -1000 -1000 -1000 -10 1
329 90 Car -1 -1 -1 252.16 184.48 403.02 264.81 -1 -1 -1 -1000 -1000 -1000 -10 1
329 88 Car -1 -1 -1 472.92 174.99 531.98 210.45 -1 -1 -1 -1000 -1000 -1000 -10 1
330 92 Car -1 -1 -1 396.71 184.28 479.23 234.58 -1 -1 -1 -1000 -1000 -1000 -10 1
330 90 Car -1 -1 -1 231.55 185.28 389.60 269.39 -1 -1 -1 -1000 -1000 -1000 -10 1
330 88 Car -1 -1 -1 471.22 174.35 530.79 210.34 -1 -1 -1 -1000 -1000 -1000 -10 1
331 92 Car -1 -1 -1 383.95 184.94 467.71 238.08 -1 -1 -1 -1000 -1000 -1000 -10 1
331 90 Car -1 -1 -1 216.57 187.21 376.67 274.65 -1 -1 -1 -1000 -1000 -1000 -10 1
331 88 Car -1 -1 -1 466.13 175.60 527.98 212.53 -1 -1 -1 -1000 -1000 -1000 -10 1
332 92 Car -1 -1 -1 375.27 184.01 466.83 240.87 -1 -1 -1 -1000 -1000 -1000 -10 1
332 90 Car -1 -1 -1 185.19 187.43 358.30 283.72 -1 -1 -1 -1000 -1000 -1000 -10 1
332 88 Car -1 -1 -1 460.02 177.00 524.58 215.04 -1 -1 -1 -1000 -1000 -1000 -10 1
333 92 Car -1 -1 -1 362.82 184.12 457.57 243.40 -1 -1 -1 -1000 -1000 -1000 -10 1
333 90 Car -1 -1 -1 157.62 187.60 345.68 294.56 -1 -1 -1 -1000 -1000 -1000 -10 1
333 88 Car -1 -1 -1 457.74 176.94 524.49 216.12 -1 -1 -1 -1000 -1000 -1000 -10 1
334 92 Car -1 -1 -1 354.76 185.13 454.00 247.98 -1 -1 -1 -1000 -1000 -1000 -10 1
334 90 Car -1 -1 -1 119.24 189.42 331.04 309.37 -1 -1 -1 -1000 -1000 -1000 -10 1
334 88 Car -1 -1 -1 456.38 178.16 523.74 218.13 -1 -1 -1 -1000 -1000 -1000 -10 1
335 92 Car -1 -1 -1 352.12 182.83 456.99 248.84 -1 -1 -1 -1000 -1000 -1000 -10 1
335 90 Car -1 -1 -1 76.90 190.06 315.83 323.04 -1 -1 -1 -1000 -1000 -1000 -10 1
335 88 Car -1 -1 -1 455.60 178.11 523.40 219.13 -1 -1 -1 -1000 -1000 -1000 -10 1
336 92 Car -1 -1 -1 343.83 184.52 452.64 252.75 -1 -1 -1 -1000 -1000 -1000 -10 1
336 90 Car -1 -1 -1 31.55 188.09 299.39 331.88 -1 -1 -1 -1000 -1000 -1000 -10 1
336 88 Car -1 -1 -1 455.72 177.45 523.27 219.03 -1 -1 -1 -1000 -1000 -1000 -10 1
337 92 Car -1 -1 -1 336.88 183.58 446.22 253.46 -1 -1 -1 -1000 -1000 -1000 -10 1
337 90 Car -1 -1 -1 7.32 196.27 283.66 346.11 -1 -1 -1 -1000 -1000 -1000 -10 1
337 88 Car -1 -1 -1 444.91 176.53 517.59 219.76 -1 -1 -1 -1000 -1000 -1000 -10 1
338 92 Car -1 -1 -1 323.52 183.33 440.41 257.51 -1 -1 -1 -1000 -1000 -1000 -10 1
338 90 Car -1 -1 -1 -12.41 197.34 266.69 356.13 -1 -1 -1 -1000 -1000 -1000 -10 1
338 88 Car -1 -1 -1 440.05 174.41 515.52 218.28 -1 -1 -1 -1000 -1000 -1000 -10 1
339 92 Car -1 -1 -1 309.58 183.17 431.16 260.10 -1 -1 -1 -1000 -1000 -1000 -10 1
339 90 Car -1 -1 -1 -21.18 197.44 246.20 362.63 -1 -1 -1 -1000 -1000 -1000 -10 1
339 88 Car -1 -1 -1 434.82 171.35 514.23 216.74 -1 -1 -1 -1000 -1000 -1000 -10 1
340 92 Car -1 -1 -1 290.49 181.52 418.78 262.71 -1 -1 -1 -1000 -1000 -1000 -10 1
340 90 Car -1 -1 -1 -28.50 195.18 221.15 366.40 -1 -1 -1 -1000 -1000 -1000 -10 1
340 88 Car -1 -1 -1 428.25 172.45 512.09 219.03 -1 -1 -1 -1000 -1000 -1000 -10 1
341 92 Car -1 -1 -1 274.42 181.15 407.89 264.27 -1 -1 -1 -1000 -1000 -1000 -10 1
341 90 Car -1 -1 -1 -33.73 193.04 195.02 368.88 -1 -1 -1 -1000 -1000 -1000 -10 1
341 88 Car -1 -1 -1 421.27 170.11 511.36 219.10 -1 -1 -1 -1000 -1000 -1000 -10 1
342 92 Car -1 -1 -1 259.90 178.17 399.31 264.50 -1 -1 -1 -1000 -1000 -1000 -10 1
342 90 Car -1 -1 -1 -40.92 195.88 157.10 372.59 -1 -1 -1 -1000 -1000 -1000 -10 1
342 88 Car -1 -1 -1 414.62 169.33 507.03 219.94 -1 -1 -1 -1000 -1000 -1000 -10 1
343 92 Car -1 -1 -1 233.01 184.20 379.32 272.43 -1 -1 -1 -1000 -1000 -1000 -10 1
343 88 Car -1 -1 -1 404.86 171.86 501.52 223.27 -1 -1 -1 -1000 -1000 -1000 -10 1
344 92 Car -1 -1 -1 192.88 188.07 359.93 286.41 -1 -1 -1 -1000 -1000 -1000 -10 1
344 88 Car -1 -1 -1 396.57 169.94 499.08 224.33 -1 -1 -1 -1000 -1000 -1000 -10 1
345 92 Car -1 -1 -1 153.05 192.64 343.90 301.70 -1 -1 -1 -1000 -1000 -1000 -10 1
345 88 Car -1 -1 -1 388.07 168.57 497.72 225.67 -1 -1 -1 -1000 -1000 -1000 -10 1
346 92 Car -1 -1 -1 109.68 192.90 325.79 313.88 -1 -1 -1 -1000 -1000 -1000 -10 1
346 88 Car -1 -1 -1 392.31 166.91 501.14 224.84 -1 -1 -1 -1000 -1000 -1000 -10 1
347 92 Car -1 -1 -1 61.13 195.77 306.28 328.44 -1 -1 -1 -1000 -1000 -1000 -10 1
347 88 Car -1 -1 -1 402.22 167.58 504.05 225.00 -1 -1 -1 -1000 -1000 -1000 -10 1
348 92 Car -1 -1 -1 25.34 202.28 286.15 342.15 -1 -1 -1 -1000 -1000 -1000 -10 1
348 88 Car -1 -1 -1 405.74 171.73 505.24 227.30 -1 -1 -1 -1000 -1000 -1000 -10 1
349 107 Car -1 -1 -1 338.81 174.06 466.50 245.53 -1 -1 -1 -1000 -1000 -1000 -10 1
349 92 Car -1 -1 -1 6.10 205.91 276.01 355.71 -1 -1 -1 -1000 -1000 -1000 -10 1
349 88 Car -1 -1 -1 397.29 172.91 496.41 227.99 -1 -1 -1 -1000 -1000 -1000 -10 1
350 107 Car -1 -1 -1 324.18 172.55 458.25 249.15 -1 -1 -1 -1000 -1000 -1000 -10 1
350 92 Car -1 -1 -1 -6.56 209.40 262.61 364.92 -1 -1 -1 -1000 -1000 -1000 -10 1
350 88 Car -1 -1 -1 398.59 175.87 494.59 230.04 -1 -1 -1 -1000 -1000 -1000 -10 1
351 107 Car -1 -1 -1 315.33 175.50 445.91 253.63 -1 -1 -1 -1000 -1000 -1000 -10 1
351 92 Car -1 -1 -1 -16.87 212.05 239.74 371.25 -1 -1 -1 -1000 -1000 -1000 -10 1
351 88 Car -1 -1 -1 398.58 177.12 495.32 230.92 -1 -1 -1 -1000 -1000 -1000 -10 1
352 107 Car -1 -1 -1 302.11 174.64 437.95 258.75 -1 -1 -1 -1000 -1000 -1000 -10 1
352 92 Car -1 -1 -1 -26.62 208.76 211.21 369.54 -1 -1 -1 -1000 -1000 -1000 -10 1
352 88 Car -1 -1 -1 395.79 180.44 489.90 234.49 -1 -1 -1 -1000 -1000 -1000 -10 1
353 107 Car -1 -1 -1 286.07 174.91 428.00 263.84 -1 -1 -1 -1000 -1000 -1000 -10 1
353 92 Car -1 -1 -1 -34.03 208.12 179.79 371.69 -1 -1 -1 -1000 -1000 -1000 -10 1
353 88 Car -1 -1 -1 393.66 182.97 484.61 236.68 -1 -1 -1 -1000 -1000 -1000 -10 1
354 107 Car -1 -1 -1 265.91 172.48 422.75 267.74 -1 -1 -1 -1000 -1000 -1000 -10 1
354 92 Car -1 -1 -1 -41.26 209.55 139.74 373.92 -1 -1 -1 -1000 -1000 -1000 -10 1
354 88 Car -1 -1 -1 387.05 184.82 479.19 239.51 -1 -1 -1 -1000 -1000 -1000 -10 1
355 107 Car -1 -1 -1 248.23 175.25 410.40 270.91 -1 -1 -1 -1000 -1000 -1000 -10 1
355 88 Car -1 -1 -1 379.12 184.37 474.05 240.85 -1 -1 -1 -1000 -1000 -1000 -10 1
356 107 Car -1 -1 -1 228.02 174.12 401.76 277.59 -1 -1 -1 -1000 -1000 -1000 -10 1
356 88 Car -1 -1 -1 369.83 183.79 467.55 242.19 -1 -1 -1 -1000 -1000 -1000 -10 1
357 107 Car -1 -1 -1 206.64 176.51 388.72 283.19 -1 -1 -1 -1000 -1000 -1000 -10 1
357 88 Car -1 -1 -1 359.43 182.15 461.89 243.20 -1 -1 -1 -1000 -1000 -1000 -10 1
358 107 Car -1 -1 -1 178.71 176.05 375.18 292.44 -1 -1 -1 -1000 -1000 -1000 -10 1
358 88 Car -1 -1 -1 346.31 182.02 456.65 247.39 -1 -1 -1 -1000 -1000 -1000 -10 1
359 107 Car -1 -1 -1 140.28 173.26 361.26 300.22 -1 -1 -1 -1000 -1000 -1000 -10 1
359 88 Car -1 -1 -1 336.40 181.70 446.19 247.87 -1 -1 -1 -1000 -1000 -1000 -10 1
360 107 Car -1 -1 -1 101.30 169.36 346.12 309.21 -1 -1 -1 -1000 -1000 -1000 -10 1
360 88 Car -1 -1 -1 321.99 180.41 441.48 250.62 -1 -1 -1 -1000 -1000 -1000 -10 1
361 107 Car -1 -1 -1 51.17 173.01 326.63 321.24 -1 -1 -1 -1000 -1000 -1000 -10 1
361 88 Car -1 -1 -1 312.18 180.91 437.97 253.50 -1 -1 -1 -1000 -1000 -1000 -10 1
362 107 Car -1 -1 -1 11.68 171.41 310.14 333.51 -1 -1 -1 -1000 -1000 -1000 -10 1
362 88 Car -1 -1 -1 293.57 184.57 425.46 259.77 -1 -1 -1 -1000 -1000 -1000 -10 1
363 107 Car -1 -1 -1 -6.28 177.06 296.88 347.11 -1 -1 -1 -1000 -1000 -1000 -10 1
363 88 Car -1 -1 -1 278.23 187.87 416.12 264.76 -1 -1 -1 -1000 -1000 -1000 -10 1
364 107 Car -1 -1 -1 -15.27 183.44 287.09 361.32 -1 -1 -1 -1000 -1000 -1000 -10 1
364 88 Car -1 -1 -1 257.61 191.19 402.61 270.51 -1 -1 -1 -1000 -1000 -1000 -10 1
365 107 Car -1 -1 -1 -22.13 183.83 270.21 368.27 -1 -1 -1 -1000 -1000 -1000 -10 1
366 107 Car -1 -1 -1 -28.31 180.45 241.72 369.02 -1 -1 -1 -1000 -1000 -1000 -10 1
367 107 Car -1 -1 -1 -33.97 191.57 212.96 377.68 -1 -1 -1 -1000 -1000 -1000 -10 1
368 107 Car -1 -1 -1 -41.66 198.21 174.07 377.28 -1 -1 -1 -1000 -1000 -1000 -10 1
368 88 Car -1 -1 -1 118.76 191.70 350.59 310.15 -1 -1 -1 -1000 -1000 -1000 -10 1
369 107 Car -1 -1 -1 -44.65 205.15 133.67 381.60 -1 -1 -1 -1000 -1000 -1000 -10 1
369 88 Car -1 -1 -1 70.72 196.48 328.78 326.04 -1 -1 -1 -1000 -1000 -1000 -10 1
370 88 Car -1 -1 -1 29.87 200.56 312.81 346.06 -1 -1 -1 -1000 -1000 -1000 -10 1
371 88 Car -1 -1 -1 8.47 203.48 301.11 358.92 -1 -1 -1 -1000 -1000 -1000 -10 1
372 88 Car -1 -1 -1 -6.91 204.87 281.42 365.80 -1 -1 -1 -1000 -1000 -1000 -10 1
373 88 Car -1 -1 -1 -16.26 205.20 261.10 369.14 -1 -1 -1 -1000 -1000 -1000 -10 1
374 88 Car -1 -1 -1 -26.44 200.42 236.60 365.87 -1 -1 -1 -1000 -1000 -1000 -10 1
375 88 Car -1 -1 -1 -36.87 200.94 197.43 368.64 -1 -1 -1 -1000 -1000 -1000 -10 1
399 121 Car -1 -1 -1 524.91 178.43 554.80 202.31 -1 -1 -1 -1000 -1000 -1000 -10 1
400 121 Car -1 -1 -1 523.54 179.35 553.89 203.32 -1 -1 -1 -1000 -1000 -1000 -10 1
401 121 Car -1 -1 -1 522.97 179.79 553.60 204.00 -1 -1 -1 -1000 -1000 -1000 -10 1
402 121 Car -1 -1 -1 522.04 179.93 552.72 204.24 -1 -1 -1 -1000 -1000 -1000 -10 1
403 121 Car -1 -1 -1 520.85 179.48 551.13 203.69 -1 -1 -1 -1000 -1000 -1000 -10 1
404 121 Car -1 -1 -1 518.63 178.21 548.98 202.43 -1 -1 -1 -1000 -1000 -1000 -10 1
405 121 Car -1 -1 -1 517.59 178.33 548.44 203.23 -1 -1 -1 -1000 -1000 -1000 -10 1
406 121 Car -1 -1 -1 517.24 178.16 548.78 203.49 -1 -1 -1 -1000 -1000 -1000 -10 1
407 121 Car -1 -1 -1 515.80 178.36 547.94 204.02 -1 -1 -1 -1000 -1000 -1000 -10 1
408 121 Car -1 -1 -1 515.83 179.27 547.93 205.16 -1 -1 -1 -1000 -1000 -1000 -10 1
409 121 Car -1 -1 -1 514.19 178.38 546.34 204.30 -1 -1 -1 -1000 -1000 -1000 -10 1
410 121 Car -1 -1 -1 514.24 178.18 546.27 203.76 -1 -1 -1 -1000 -1000 -1000 -10 1
411 121 Car -1 -1 -1 514.06 178.51 546.31 203.94 -1 -1 -1 -1000 -1000 -1000 -10 1
412 121 Car -1 -1 -1 513.64 178.54 545.98 204.10 -1 -1 -1 -1000 -1000 -1000 -10 1
413 121 Car -1 -1 -1 515.10 178.43 547.56 204.19 -1 -1 -1 -1000 -1000 -1000 -10 1
414 121 Car -1 -1 -1 514.19 179.45 547.05 205.02 -1 -1 -1 -1000 -1000 -1000 -10 1
415 121 Car -1 -1 -1 514.59 179.84 548.13 205.46 -1 -1 -1 -1000 -1000 -1000 -10 1
416 121 Car -1 -1 -1 514.95 180.06 549.29 205.70 -1 -1 -1 -1000 -1000 -1000 -10 1
417 121 Car -1 -1 -1 514.91 179.76 549.66 205.27 -1 -1 -1 -1000 -1000 -1000 -10 1
418 121 Car -1 -1 -1 512.58 178.09 548.21 203.74 -1 -1 -1 -1000 -1000 -1000 -10 1
419 121 Car -1 -1 -1 512.63 177.14 548.65 203.05 -1 -1 -1 -1000 -1000 -1000 -10 1
420 121 Car -1 -1 -1 512.01 177.52 548.58 203.65 -1 -1 -1 -1000 -1000 -1000 -10 1
421 121 Car -1 -1 -1 512.85 178.19 549.80 204.62 -1 -1 -1 -1000 -1000 -1000 -10 1
422 121 Car -1 -1 -1 511.28 178.60 548.91 205.34 -1 -1 -1 -1000 -1000 -1000 -10 1
423 121 Car -1 -1 -1 509.84 178.13 548.00 205.23 -1 -1 -1 -1000 -1000 -1000 -10 1
424 121 Car -1 -1 -1 505.49 177.00 544.22 204.38 -1 -1 -1 -1000 -1000 -1000 -10 1
425 121 Car -1 -1 -1 502.20 176.43 541.78 203.96 -1 -1 -1 -1000 -1000 -1000 -10 1
426 121 Car -1 -1 -1 499.22 176.21 539.31 204.23 -1 -1 -1 -1000 -1000 -1000 -10 1
427 121 Car -1 -1 -1 497.97 176.76 538.49 205.49 -1 -1 -1 -1000 -1000 -1000 -10 1
428 121 Car -1 -1 -1 496.04 180.35 538.00 209.71 -1 -1 -1 -1000 -1000 -1000 -10 1
429 121 Car -1 -1 -1 492.40 183.23 535.76 213.64 -1 -1 -1 -1000 -1000 -1000 -10 1
430 121 Car -1 -1 -1 488.56 183.28 533.86 214.31 -1 -1 -1 -1000 -1000 -1000 -10 1
431 121 Car -1 -1 -1 485.23 181.27 532.20 212.53 -1 -1 -1 -1000 -1000 -1000 -10 1
432 121 Car -1 -1 -1 482.20 178.69 529.51 210.60 -1 -1 -1 -1000 -1000 -1000 -10 1
433 126 Car -1 -1 -1 516.58 172.96 550.91 195.50 -1 -1 -1 -1000 -1000 -1000 -10 1
433 121 Car -1 -1 -1 478.11 177.35 526.06 209.84 -1 -1 -1 -1000 -1000 -1000 -10 1
434 126 Car -1 -1 -1 515.09 172.82 549.39 195.27 -1 -1 -1 -1000 -1000 -1000 -10 1
434 121 Car -1 -1 -1 474.49 176.81 523.66 210.35 -1 -1 -1 -1000 -1000 -1000 -10 1
435 126 Car -1 -1 -1 514.37 173.14 548.53 195.59 -1 -1 -1 -1000 -1000 -1000 -10 1
435 121 Car -1 -1 -1 470.22 177.04 520.84 212.09 -1 -1 -1 -1000 -1000 -1000 -10 1
436 126 Car -1 -1 -1 510.09 175.93 545.71 199.53 -1 -1 -1 -1000 -1000 -1000 -10 1
436 121 Car -1 -1 -1 467.04 176.61 519.50 213.63 -1 -1 -1 -1000 -1000 -1000 -10 1
437 126 Car -1 -1 -1 507.92 178.05 543.83 201.80 -1 -1 -1 -1000 -1000 -1000 -10 1
437 121 Car -1 -1 -1 461.87 177.23 514.90 215.41 -1 -1 -1 -1000 -1000 -1000 -10 1
438 126 Car -1 -1 -1 506.14 180.43 541.83 203.95 -1 -1 -1 -1000 -1000 -1000 -10 1
439 126 Car -1 -1 -1 503.49 180.77 539.49 205.13 -1 -1 -1 -1000 -1000 -1000 -10 1
440 126 Car -1 -1 -1 501.55 181.12 538.82 206.57 -1 -1 -1 -1000 -1000 -1000 -10 1
441 126 Car -1 -1 -1 498.19 180.03 537.14 206.90 -1 -1 -1 -1000 -1000 -1000 -10 1
441 121 Car -1 -1 -1 439.92 182.40 506.17 226.05 -1 -1 -1 -1000 -1000 -1000 -10 1
442 126 Car -1 -1 -1 495.00 177.33 534.80 205.04 -1 -1 -1 -1000 -1000 -1000 -10 1
442 121 Car -1 -1 -1 432.83 183.26 502.25 227.07 -1 -1 -1 -1000 -1000 -1000 -10 1
443 126 Car -1 -1 -1 492.90 176.23 533.56 204.59 -1 -1 -1 -1000 -1000 -1000 -10 1
443 121 Car -1 -1 -1 424.43 181.34 496.82 227.67 -1 -1 -1 -1000 -1000 -1000 -10 1
444 128 Car -1 -1 -1 622.09 169.06 646.75 187.04 -1 -1 -1 -1000 -1000 -1000 -10 1
444 126 Car -1 -1 -1 490.96 175.88 532.62 204.58 -1 -1 -1 -1000 -1000 -1000 -10 1
444 121 Car -1 -1 -1 417.63 181.26 493.77 230.20 -1 -1 -1 -1000 -1000 -1000 -10 1
445 128 Car -1 -1 -1 623.34 171.50 647.79 189.24 -1 -1 -1 -1000 -1000 -1000 -10 1
445 126 Car -1 -1 -1 489.25 176.98 532.51 206.62 -1 -1 -1 -1000 -1000 -1000 -10 1
445 121 Car -1 -1 -1 408.88 184.42 489.94 234.44 -1 -1 -1 -1000 -1000 -1000 -10 1
446 126 Car -1 -1 -1 487.52 177.95 532.02 207.88 -1 -1 -1 -1000 -1000 -1000 -10 1
446 121 Car -1 -1 -1 398.02 185.14 484.90 237.83 -1 -1 -1 -1000 -1000 -1000 -10 1
447 126 Car -1 -1 -1 484.62 178.65 529.18 208.82 -1 -1 -1 -1000 -1000 -1000 -10 1
447 121 Car -1 -1 -1 390.40 185.64 481.17 241.03 -1 -1 -1 -1000 -1000 -1000 -10 1
448 126 Car -1 -1 -1 481.08 179.20 526.44 209.99 -1 -1 -1 -1000 -1000 -1000 -10 1
448 121 Car -1 -1 -1 377.87 185.88 477.51 245.04 -1 -1 -1 -1000 -1000 -1000 -10 1
449 126 Car -1 -1 -1 478.57 180.18 524.66 211.32 -1 -1 -1 -1000 -1000 -1000 -10 1
449 121 Car -1 -1 -1 363.84 187.08 471.64 249.18 -1 -1 -1 -1000 -1000 -1000 -10 1
450 126 Car -1 -1 -1 475.28 180.20 521.95 211.99 -1 -1 -1 -1000 -1000 -1000 -10 1
450 121 Car -1 -1 -1 348.64 186.41 464.85 251.69 -1 -1 -1 -1000 -1000 -1000 -10 1
451 126 Car -1 -1 -1 472.50 179.56 520.20 212.50 -1 -1 -1 -1000 -1000 -1000 -10 1
451 121 Car -1 -1 -1 335.46 187.46 458.58 255.64 -1 -1 -1 -1000 -1000 -1000 -10 1
452 126 Car -1 -1 -1 469.17 181.34 518.56 215.64 -1 -1 -1 -1000 -1000 -1000 -10 1
452 121 Car -1 -1 -1 316.69 191.10 448.22 261.41 -1 -1 -1 -1000 -1000 -1000 -10 1
453 132 Car -1 -1 -1 629.00 179.31 656.89 199.68 -1 -1 -1 -1000 -1000 -1000 -10 1
453 126 Car -1 -1 -1 466.43 184.48 516.31 219.39 -1 -1 -1 -1000 -1000 -1000 -10 1
453 121 Car -1 -1 -1 299.42 196.99 438.69 271.66 -1 -1 -1 -1000 -1000 -1000 -10 1
454 132 Car -1 -1 -1 630.90 180.49 660.95 202.64 -1 -1 -1 -1000 -1000 -1000 -10 1
454 126 Car -1 -1 -1 463.40 188.42 512.84 224.07 -1 -1 -1 -1000 -1000 -1000 -10 1
454 121 Car -1 -1 -1 278.17 203.08 427.18 281.65 -1 -1 -1 -1000 -1000 -1000 -10 1
455 132 Car -1 -1 -1 631.22 179.93 661.73 202.39 -1 -1 -1 -1000 -1000 -1000 -10 1
455 126 Car -1 -1 -1 459.47 188.97 508.43 225.25 -1 -1 -1 -1000 -1000 -1000 -10 1
455 121 Car -1 -1 -1 256.12 209.50 414.16 291.05 -1 -1 -1 -1000 -1000 -1000 -10 1
456 132 Car -1 -1 -1 632.43 175.76 660.96 197.88 -1 -1 -1 -1000 -1000 -1000 -10 1
456 126 Car -1 -1 -1 452.62 186.05 504.71 224.21 -1 -1 -1 -1000 -1000 -1000 -10 1
456 121 Car -1 -1 -1 223.29 206.84 401.07 297.40 -1 -1 -1 -1000 -1000 -1000 -10 1
457 132 Car -1 -1 -1 630.99 175.83 659.95 197.49 -1 -1 -1 -1000 -1000 -1000 -10 1
457 126 Car -1 -1 -1 449.27 184.62 503.62 223.55 -1 -1 -1 -1000 -1000 -1000 -10 1
457 121 Car -1 -1 -1 189.29 206.52 391.06 309.30 -1 -1 -1 -1000 -1000 -1000 -10 1
458 132 Car -1 -1 -1 631.33 175.24 660.24 196.71 -1 -1 -1 -1000 -1000 -1000 -10 1
458 126 Car -1 -1 -1 443.79 184.07 500.47 224.22 -1 -1 -1 -1000 -1000 -1000 -10 1
458 121 Car -1 -1 -1 149.55 207.05 375.37 321.94 -1 -1 -1 -1000 -1000 -1000 -10 1
459 126 Car -1 -1 -1 438.53 184.85 498.12 226.72 -1 -1 -1 -1000 -1000 -1000 -10 1
459 121 Car -1 -1 -1 96.97 210.07 354.73 338.73 -1 -1 -1 -1000 -1000 -1000 -10 1
460 126 Car -1 -1 -1 432.37 184.13 495.61 228.51 -1 -1 -1 -1000 -1000 -1000 -10 1
460 121 Car -1 -1 -1 47.44 211.47 333.70 354.00 -1 -1 -1 -1000 -1000 -1000 -10 1
461 126 Car -1 -1 -1 426.72 184.25 493.02 230.03 -1 -1 -1 -1000 -1000 -1000 -10 1
461 121 Car -1 -1 -1 15.81 209.65 326.37 363.19 -1 -1 -1 -1000 -1000 -1000 -10 1
462 132 Car -1 -1 -1 632.24 175.32 663.59 197.63 -1 -1 -1 -1000 -1000 -1000 -10 1
462 126 Car -1 -1 -1 419.70 184.09 490.36 232.03 -1 -1 -1 -1000 -1000 -1000 -10 1
462 121 Car -1 -1 -1 -2.40 208.85 316.02 368.38 -1 -1 -1 -1000 -1000 -1000 -10 1
464 126 Car -1 -1 -1 403.92 185.65 479.71 235.95 -1 -1 -1 -1000 -1000 -1000 -10 1
464 121 Car -1 -1 -1 -22.22 208.85 280.18 372.85 -1 -1 -1 -1000 -1000 -1000 -10 1
465 126 Car -1 -1 -1 395.77 186.76 476.15 240.34 -1 -1 -1 -1000 -1000 -1000 -10 1
465 121 Car -1 -1 -1 -30.22 209.93 253.51 374.16 -1 -1 -1 -1000 -1000 -1000 -10 1
466 132 Car -1 -1 -1 640.23 172.89 671.01 197.73 -1 -1 -1 -1000 -1000 -1000 -10 1
466 126 Car -1 -1 -1 386.04 187.61 471.94 244.01 -1 -1 -1 -1000 -1000 -1000 -10 1
466 121 Car -1 -1 -1 -41.15 214.53 209.71 377.07 -1 -1 -1 -1000 -1000 -1000 -10 1
467 132 Car -1 -1 -1 640.74 173.22 671.87 198.34 -1 -1 -1 -1000 -1000 -1000 -10 1
467 126 Car -1 -1 -1 372.58 189.74 463.88 247.54 -1 -1 -1 -1000 -1000 -1000 -10 1
467 121 Car -1 -1 -1 -49.45 220.38 165.49 379.15 -1 -1 -1 -1000 -1000 -1000 -10 1
468 132 Car -1 -1 -1 640.54 175.65 672.46 200.68 -1 -1 -1 -1000 -1000 -1000 -10 1
468 126 Car -1 -1 -1 362.62 190.05 456.42 251.39 -1 -1 -1 -1000 -1000 -1000 -10 1
469 132 Car -1 -1 -1 641.27 175.66 673.32 200.83 -1 -1 -1 -1000 -1000 -1000 -10 1
469 126 Car -1 -1 -1 350.87 191.90 449.97 255.67 -1 -1 -1 -1000 -1000 -1000 -10 1
470 132 Car -1 -1 -1 641.39 176.75 674.71 202.67 -1 -1 -1 -1000 -1000 -1000 -10 1
470 126 Car -1 -1 -1 337.22 195.02 443.54 261.94 -1 -1 -1 -1000 -1000 -1000 -10 1
471 132 Car -1 -1 -1 640.82 177.45 675.53 203.79 -1 -1 -1 -1000 -1000 -1000 -10 1
471 126 Car -1 -1 -1 320.18 196.96 434.86 266.66 -1 -1 -1 -1000 -1000 -1000 -10 1
472 132 Car -1 -1 -1 640.33 177.14 676.23 204.18 -1 -1 -1 -1000 -1000 -1000 -10 1
472 126 Car -1 -1 -1 304.75 196.79 427.58 271.75 -1 -1 -1 -1000 -1000 -1000 -10 1
473 132 Car -1 -1 -1 639.81 177.60 676.79 205.04 -1 -1 -1 -1000 -1000 -1000 -10 1
473 126 Car -1 -1 -1 284.48 196.79 417.29 275.80 -1 -1 -1 -1000 -1000 -1000 -10 1
474 132 Car -1 -1 -1 639.66 177.54 675.94 204.95 -1 -1 -1 -1000 -1000 -1000 -10 1
474 126 Car -1 -1 -1 262.68 199.50 404.92 282.08 -1 -1 -1 -1000 -1000 -1000 -10 1
475 132 Car -1 -1 -1 639.87 177.59 676.82 205.29 -1 -1 -1 -1000 -1000 -1000 -10 1
475 126 Car -1 -1 -1 230.95 200.20 388.48 290.55 -1 -1 -1 -1000 -1000 -1000 -10 1
476 132 Car -1 -1 -1 637.90 176.10 674.61 203.89 -1 -1 -1 -1000 -1000 -1000 -10 1
476 126 Car -1 -1 -1 198.47 202.84 370.20 299.12 -1 -1 -1 -1000 -1000 -1000 -10 1
477 132 Car -1 -1 -1 637.11 175.36 673.54 203.14 -1 -1 -1 -1000 -1000 -1000 -10 1
477 126 Car -1 -1 -1 160.72 201.03 353.99 307.71 -1 -1 -1 -1000 -1000 -1000 -10 1
478 132 Car -1 -1 -1 634.13 174.60 669.93 202.07 -1 -1 -1 -1000 -1000 -1000 -10 1
478 126 Car -1 -1 -1 113.63 199.04 330.83 317.55 -1 -1 -1 -1000 -1000 -1000 -10 1
479 132 Car -1 -1 -1 632.76 174.46 668.47 201.83 -1 -1 -1 -1000 -1000 -1000 -10 1
479 126 Car -1 -1 -1 54.45 202.48 302.25 335.17 -1 -1 -1 -1000 -1000 -1000 -10 1
480 132 Car -1 -1 -1 630.95 174.10 666.70 201.43 -1 -1 -1 -1000 -1000 -1000 -10 1
480 126 Car -1 -1 -1 18.68 206.25 280.92 350.20 -1 -1 -1 -1000 -1000 -1000 -10 1
481 132 Car -1 -1 -1 628.67 173.74 664.35 201.19 -1 -1 -1 -1000 -1000 -1000 -10 1
481 126 Car -1 -1 -1 -1.35 208.08 263.60 360.52 -1 -1 -1 -1000 -1000 -1000 -10 1
482 132 Car -1 -1 -1 627.56 174.34 663.65 202.41 -1 -1 -1 -1000 -1000 -1000 -10 1
482 126 Car -1 -1 -1 -17.03 209.55 238.40 366.80 -1 -1 -1 -1000 -1000 -1000 -10 1
483 132 Car -1 -1 -1 623.11 175.58 661.28 204.99 -1 -1 -1 -1000 -1000 -1000 -10 1
483 126 Car -1 -1 -1 -28.91 212.21 204.53 372.22 -1 -1 -1 -1000 -1000 -1000 -10 1
484 132 Car -1 -1 -1 619.98 176.29 659.73 206.70 -1 -1 -1 -1000 -1000 -1000 -10 1
484 126 Car -1 -1 -1 -41.01 203.10 161.29 367.09 -1 -1 -1 -1000 -1000 -1000 -10 1
485 132 Car -1 -1 -1 615.62 175.35 657.31 206.79 -1 -1 -1 -1000 -1000 -1000 -10 1
486 132 Car -1 -1 -1 610.33 175.41 655.08 206.82 -1 -1 -1 -1000 -1000 -1000 -10 1
487 132 Car -1 -1 -1 606.27 174.84 651.98 207.27 -1 -1 -1 -1000 -1000 -1000 -10 1
488 132 Car -1 -1 -1 602.78 176.64 648.15 209.62 -1 -1 -1 -1000 -1000 -1000 -10 1
489 132 Car -1 -1 -1 597.09 178.45 642.30 211.52 -1 -1 -1 -1000 -1000 -1000 -10 1
491 132 Car -1 -1 -1 586.40 179.25 632.39 215.45 -1 -1 -1 -1000 -1000 -1000 -10 1
492 132 Car -1 -1 -1 581.46 179.65 628.67 216.48 -1 -1 -1 -1000 -1000 -1000 -10 1
493 132 Car -1 -1 -1 575.59 180.25 624.87 218.37 -1 -1 -1 -1000 -1000 -1000 -10 1
494 132 Car -1 -1 -1 569.03 179.99 619.74 219.66 -1 -1 -1 -1000 -1000 -1000 -10 1
495 132 Car -1 -1 -1 561.96 181.04 614.20 221.94 -1 -1 -1 -1000 -1000 -1000 -10 1
496 132 Car -1 -1 -1 555.94 185.46 609.69 227.49 -1 -1 -1 -1000 -1000 -1000 -10 1
497 132 Car -1 -1 -1 548.92 186.98 604.53 229.99 -1 -1 -1 -1000 -1000 -1000 -10 1
498 132 Car -1 -1 -1 544.15 184.28 599.89 227.87 -1 -1 -1 -1000 -1000 -1000 -10 1
499 132 Car -1 -1 -1 536.44 182.62 594.19 227.01 -1 -1 -1 -1000 -1000 -1000 -10 1
500 132 Car -1 -1 -1 527.99 182.19 586.65 226.77 -1 -1 -1 -1000 -1000 -1000 -10 1
501 132 Car -1 -1 -1 518.15 181.78 579.07 227.23 -1 -1 -1 -1000 -1000 -1000 -10 1
502 132 Car -1 -1 -1 511.00 181.32 574.32 227.37 -1 -1 -1 -1000 -1000 -1000 -10 1
503 132 Car -1 -1 -1 505.31 177.22 571.31 224.07 -1 -1 -1 -1000 -1000 -1000 -10 1
504 132 Car -1 -1 -1 498.16 175.07 565.22 222.93 -1 -1 -1 -1000 -1000 -1000 -10 1
505 132 Car -1 -1 -1 489.29 175.14 560.21 222.00 -1 -1 -1 -1000 -1000 -1000 -10 1
506 132 Car -1 -1 -1 478.92 175.17 551.34 222.20 -1 -1 -1 -1000 -1000 -1000 -10 1
507 132 Car -1 -1 -1 468.45 175.55 543.57 224.48 -1 -1 -1 -1000 -1000 -1000 -10 1
508 132 Car -1 -1 -1 458.84 176.88 539.34 227.42 -1 -1 -1 -1000 -1000 -1000 -10 1
