0 1 Car -1 -1 -1 556.23 191.26 682.94 303.80 -1 -1 -1 -1000 -1000 -1000 -10 0.97
0 2 Car -1 -1 -1 996.99 126.54 1222.50 232.19 -1 -1 -1 -1000 -1000 -1000 -10 0.82
0 3 Pedestrian -1 -1 -1 506.52 166.68 531.36 238.55 -1 -1 -1 -1000 -1000 -1000 -10 0.75
0 4 Pedestrian -1 -1 -1 484.90 175.55 514.44 259.75 -1 -1 -1 -1000 -1000 -1000 -10 0.71
0 5 Pedestrian -1 -1 -1 382.50 171.87 448.82 333.39 -1 -1 -1 -1000 -1000 -1000 -10 0.68
0 6 Pedestrian -1 -1 -1 185.58 159.46 278.32 367.39 -1 -1 -1 -1000 -1000 -1000 -10 0.64
0 7 Pedestrian -1 -1 -1 462.45 168.73 491.45 252.48 -1 -1 -1 -1000 -1000 -1000 -10 0.61
0 8 Pedestrian -1 -1 -1 153.79 185.90 179.74 256.92 -1 -1 -1 -1000 -1000 -1000 -10 0.47
0 9 Pedestrian -1 -1 -1 422.17 170.13 462.40 281.63 -1 -1 -1 -1000 -1000 -1000 -10 0.44
0 10 Pedestrian -1 -1 -1 936.53 152.55 967.54 230.67 -1 -1 -1 -1000 -1000 -1000 -10 0.43
1 1 Car -1 -1 -1 556.30 190.98 681.56 304.00 -1 -1 -1 -1000 -1000 -1000 -10 0.97
1 2 Car -1 -1 -1 1007.37 121.96 1219.92 236.91 -1 -1 -1 -1000 -1000 -1000 -10 0.91
1 5 Pedestrian -1 -1 -1 364.48 166.52 436.55 353.81 -1 -1 -1 -1000 -1000 -1000 -10 0.84
1 7 Pedestrian -1 -1 -1 457.31 169.55 489.10 257.67 -1 -1 -1 -1000 -1000 -1000 -10 0.78
1 4 Pedestrian -1 -1 -1 480.56 177.21 511.08 264.29 -1 -1 -1 -1000 -1000 -1000 -10 0.77
1 3 Pedestrian -1 -1 -1 502.54 168.40 529.19 243.48 -1 -1 -1 -1000 -1000 -1000 -10 0.76
1 9 Pedestrian -1 -1 -1 409.40 172.89 452.74 292.40 -1 -1 -1 -1000 -1000 -1000 -10 0.74
1 6 Pedestrian -1 -1 -1 110.23 162.03 261.44 364.63 -1 -1 -1 -1000 -1000 -1000 -10 0.63
1 10 Pedestrian -1 -1 -1 945.62 149.72 981.87 232.98 -1 -1 -1 -1000 -1000 -1000 -10 0.63
1 8 Pedestrian -1 -1 -1 142.21 187.57 168.38 270.32 -1 -1 -1 -1000 -1000 -1000 -10 0.43
1 11 Car -1 -1 -1 551.81 181.42 601.31 215.71 -1 -1 -1 -1000 -1000 -1000 -10 0.63
1 12 Cyclist -1 -1 -1 262.41 183.86 284.31 221.12 -1 -1 -1 -1000 -1000 -1000 -10 0.48
2 1 Car -1 -1 -1 557.18 191.72 680.08 304.43 -1 -1 -1 -1000 -1000 -1000 -10 0.98
2 2 Car -1 -1 -1 1013.53 119.17 1221.39 239.30 -1 -1 -1 -1000 -1000 -1000 -10 0.90
2 3 Pedestrian -1 -1 -1 501.00 167.76 528.90 245.70 -1 -1 -1 -1000 -1000 -1000 -10 0.81
2 5 Pedestrian -1 -1 -1 347.07 167.93 422.99 366.24 -1 -1 -1 -1000 -1000 -1000 -10 0.80
2 9 Pedestrian -1 -1 -1 396.21 173.98 443.54 299.65 -1 -1 -1 -1000 -1000 -1000 -10 0.75
2 4 Pedestrian -1 -1 -1 476.25 176.08 507.48 267.86 -1 -1 -1 -1000 -1000 -1000 -10 0.72
2 7 Pedestrian -1 -1 -1 452.47 167.79 486.56 261.54 -1 -1 -1 -1000 -1000 -1000 -10 0.71
2 11 Car -1 -1 -1 549.46 180.65 604.95 217.62 -1 -1 -1 -1000 -1000 -1000 -10 0.70
2 10 Pedestrian -1 -1 -1 960.05 150.30 997.85 237.10 -1 -1 -1 -1000 -1000 -1000 -10 0.64
2 12 Cyclist -1 -1 -1 258.26 184.83 280.92 222.11 -1 -1 -1 -1000 -1000 -1000 -10 0.63
2 6 Pedestrian -1 -1 -1 26.70 161.12 237.72 366.19 -1 -1 -1 -1000 -1000 -1000 -10 0.55
2 13 Car -1 -1 -1 792.33 174.97 851.05 197.53 -1 -1 -1 -1000 -1000 -1000 -10 0.48
3 1 Car -1 -1 -1 557.96 188.98 678.95 301.90 -1 -1 -1 -1000 -1000 -1000 -10 0.97
3 2 Car -1 -1 -1 1029.34 118.65 1219.12 239.99 -1 -1 -1 -1000 -1000 -1000 -10 0.83
3 5 Pedestrian -1 -1 -1 324.20 169.64 407.71 365.06 -1 -1 -1 -1000 -1000 -1000 -10 0.81
3 3 Pedestrian -1 -1 -1 496.85 166.83 526.42 245.73 -1 -1 -1 -1000 -1000 -1000 -10 0.80
3 13 Car -1 -1 -1 795.42 174.09 862.20 198.82 -1 -1 -1 -1000 -1000 -1000 -10 0.79
3 7 Pedestrian -1 -1 -1 448.48 169.86 482.37 264.67 -1 -1 -1 -1000 -1000 -1000 -10 0.79
3 9 Pedestrian -1 -1 -1 382.43 172.64 434.17 307.45 -1 -1 -1 -1000 -1000 -1000 -10 0.75
3 11 Car -1 -1 -1 547.59 180.25 599.77 218.39 -1 -1 -1 -1000 -1000 -1000 -10 0.75
3 4 Pedestrian -1 -1 -1 472.45 177.75 503.61 271.20 -1 -1 -1 -1000 -1000 -1000 -10 0.74
3 10 Pedestrian -1 -1 -1 975.65 152.53 1013.10 238.57 -1 -1 -1 -1000 -1000 -1000 -10 0.66
3 12 Cyclist -1 -1 -1 250.72 184.64 274.99 222.19 -1 -1 -1 -1000 -1000 -1000 -10 0.63
3 6 Pedestrian -1 -1 -1 -9.76 150.52 182.40 368.66 -1 -1 -1 -1000 -1000 -1000 -10 0.41
3 14 Pedestrian -1 -1 -1 146.04 180.69 179.40 262.85 -1 -1 -1 -1000 -1000 -1000 -10 0.51
4 1 Car -1 -1 -1 557.31 189.42 678.54 301.49 -1 -1 -1 -1000 -1000 -1000 -10 0.97
4 2 Car -1 -1 -1 1037.13 119.15 1220.51 240.33 -1 -1 -1 -1000 -1000 -1000 -10 0.88
4 13 Car -1 -1 -1 798.56 173.69 859.98 199.29 -1 -1 -1 -1000 -1000 -1000 -10 0.80
4 11 Car -1 -1 -1 545.38 179.42 600.76 218.61 -1 -1 -1 -1000 -1000 -1000 -10 0.77
4 3 Pedestrian -1 -1 -1 493.25 166.42 522.90 247.01 -1 -1 -1 -1000 -1000 -1000 -10 0.76
4 9 Pedestrian -1 -1 -1 369.88 169.14 423.10 312.60 -1 -1 -1 -1000 -1000 -1000 -10 0.76
4 5 Pedestrian -1 -1 -1 293.61 169.85 392.27 364.19 -1 -1 -1 -1000 -1000 -1000 -10 0.75
4 7 Pedestrian -1 -1 -1 443.71 166.51 478.97 267.29 -1 -1 -1 -1000 -1000 -1000 -10 0.75
4 12 Cyclist -1 -1 -1 242.78 182.84 268.22 221.71 -1 -1 -1 -1000 -1000 -1000 -10 0.68
4 14 Pedestrian -1 -1 -1 135.40 179.17 166.70 261.60 -1 -1 -1 -1000 -1000 -1000 -10 0.66
4 4 Pedestrian -1 -1 -1 467.03 176.85 501.07 272.50 -1 -1 -1 -1000 -1000 -1000 -10 0.65
4 10 Pedestrian -1 -1 -1 994.67 152.06 1031.44 242.72 -1 -1 -1 -1000 -1000 -1000 -10 0.64
4 6 Pedestrian -1 -1 -1 2.30 177.68 154.97 364.40 -1 -1 -1 -1000 -1000 -1000 -10 0.52
4 15 Car -1 -1 -1 396.18 184.15 434.40 206.83 -1 -1 -1 -1000 -1000 -1000 -10 0.60
4 16 Pedestrian -1 -1 -1 479.08 168.64 505.70 249.89 -1 -1 -1 -1000 -1000 -1000 -10 0.44
5 1 Car -1 -1 -1 555.91 190.28 676.42 300.08 -1 -1 -1 -1000 -1000 -1000 -10 0.96
5 2 Car -1 -1 -1 1054.74 117.97 1217.60 240.57 -1 -1 -1 -1000 -1000 -1000 -10 0.86
5 4 Pedestrian -1 -1 -1 459.10 174.84 495.24 276.96 -1 -1 -1 -1000 -1000 -1000 -10 0.82
5 13 Car -1 -1 -1 802.48 173.62 862.66 197.91 -1 -1 -1 -1000 -1000 -1000 -10 0.74
5 3 Pedestrian -1 -1 -1 492.94 163.75 522.12 241.68 -1 -1 -1 -1000 -1000 -1000 -10 0.73
5 5 Pedestrian -1 -1 -1 269.40 164.77 377.80 362.98 -1 -1 -1 -1000 -1000 -1000 -10 0.72
5 15 Car -1 -1 -1 385.18 183.95 429.78 207.19 -1 -1 -1 -1000 -1000 -1000 -10 0.72
5 9 Pedestrian -1 -1 -1 356.66 167.62 413.05 320.45 -1 -1 -1 -1000 -1000 -1000 -10 0.71
5 14 Pedestrian -1 -1 -1 120.69 181.36 151.43 259.96 -1 -1 -1 -1000 -1000 -1000 -10 0.70
5 11 Car -1 -1 -1 545.31 177.81 601.19 219.46 -1 -1 -1 -1000 -1000 -1000 -10 0.70
5 7 Pedestrian -1 -1 -1 435.08 164.13 473.54 271.84 -1 -1 -1 -1000 -1000 -1000 -10 0.69
5 16 Pedestrian -1 -1 -1 476.97 166.28 506.85 252.02 -1 -1 -1 -1000 -1000 -1000 -10 0.68
5 12 Cyclist -1 -1 -1 236.92 183.42 263.27 221.32 -1 -1 -1 -1000 -1000 -1000 -10 0.68
5 10 Pedestrian -1 -1 -1 1012.35 145.88 1052.34 243.03 -1 -1 -1 -1000 -1000 -1000 -10 0.64
5 6 Pedestrian -1 -1 -1 -1.53 168.80 112.75 366.03 -1 -1 -1 -1000 -1000 -1000 -10 0.42
6 1 Car -1 -1 -1 556.00 186.86 679.75 296.19 -1 -1 -1 -1000 -1000 -1000 -10 0.96
6 2 Car -1 -1 -1 1071.15 118.16 1216.88 239.88 -1 -1 -1 -1000 -1000 -1000 -10 0.89
6 4 Pedestrian -1 -1 -1 450.42 171.29 488.72 280.42 -1 -1 -1 -1000 -1000 -1000 -10 0.79
6 15 Car -1 -1 -1 377.98 180.97 424.21 207.96 -1 -1 -1 -1000 -1000 -1000 -10 0.76
6 13 Car -1 -1 -1 807.45 170.66 865.12 195.89 -1 -1 -1 -1000 -1000 -1000 -10 0.76
6 14 Pedestrian -1 -1 -1 102.07 178.92 138.92 263.37 -1 -1 -1 -1000 -1000 -1000 -10 0.74
6 16 Pedestrian -1 -1 -1 473.58 164.45 503.87 254.28 -1 -1 -1 -1000 -1000 -1000 -10 0.71
6 12 Cyclist -1 -1 -1 228.68 181.92 256.26 220.55 -1 -1 -1 -1000 -1000 -1000 -10 0.69
6 11 Car -1 -1 -1 546.92 176.67 598.32 218.59 -1 -1 -1 -1000 -1000 -1000 -10 0.68
6 3 Pedestrian -1 -1 -1 493.76 162.71 520.53 235.90 -1 -1 -1 -1000 -1000 -1000 -10 0.68
6 7 Pedestrian -1 -1 -1 427.14 162.51 466.26 274.17 -1 -1 -1 -1000 -1000 -1000 -10 0.67
6 9 Pedestrian -1 -1 -1 339.59 163.82 399.52 332.06 -1 -1 -1 -1000 -1000 -1000 -10 0.67
6 5 Pedestrian -1 -1 -1 225.78 164.23 360.32 363.26 -1 -1 -1 -1000 -1000 -1000 -10 0.60
6 6 Pedestrian -1 -1 -1 48.44 193.58 85.37 271.81 -1 -1 -1 -1000 -1000 -1000 -10 0.48
6 17 Car -1 -1 -1 986.80 164.57 1093.50 217.83 -1 -1 -1 -1000 -1000 -1000 -10 0.47
7 1 Car -1 -1 -1 557.29 186.35 678.38 293.64 -1 -1 -1 -1000 -1000 -1000 -10 0.96
7 13 Car -1 -1 -1 809.26 166.73 871.27 192.79 -1 -1 -1 -1000 -1000 -1000 -10 0.81
7 4 Pedestrian -1 -1 -1 441.70 169.42 482.25 281.96 -1 -1 -1 -1000 -1000 -1000 -10 0.75
7 16 Pedestrian -1 -1 -1 471.71 160.85 504.65 252.22 -1 -1 -1 -1000 -1000 -1000 -10 0.74
7 14 Pedestrian -1 -1 -1 86.33 177.59 124.79 266.64 -1 -1 -1 -1000 -1000 -1000 -10 0.74
7 2 Car -1 -1 -1 1099.06 108.16 1219.01 235.68 -1 -1 -1 -1000 -1000 -1000 -10 0.73
7 3 Pedestrian -1 -1 -1 494.03 160.37 520.25 235.39 -1 -1 -1 -1000 -1000 -1000 -10 0.70
7 15 Car -1 -1 -1 371.34 177.64 422.02 206.01 -1 -1 -1 -1000 -1000 -1000 -10 0.69
7 9 Pedestrian -1 -1 -1 322.87 161.24 385.95 342.28 -1 -1 -1 -1000 -1000 -1000 -10 0.69
7 6 Pedestrian -1 -1 -1 30.33 188.48 65.40 277.12 -1 -1 -1 -1000 -1000 -1000 -10 0.64
7 7 Pedestrian -1 -1 -1 421.04 159.48 463.79 277.21 -1 -1 -1 -1000 -1000 -1000 -10 0.63
7 5 Pedestrian -1 -1 -1 157.61 161.51 344.38 365.92 -1 -1 -1 -1000 -1000 -1000 -10 0.56
7 11 Car -1 -1 -1 546.29 171.86 600.16 217.36 -1 -1 -1 -1000 -1000 -1000 -10 0.52
7 17 Car -1 -1 -1 994.72 161.06 1108.87 220.06 -1 -1 -1 -1000 -1000 -1000 -10 0.46
7 18 Pedestrian -1 -1 -1 176.28 162.24 340.86 365.10 -1 -1 -1 -1000 -1000 -1000 -10 0.56
8 1 Car -1 -1 -1 558.94 182.82 676.51 290.58 -1 -1 -1 -1000 -1000 -1000 -10 0.96
8 13 Car -1 -1 -1 816.82 165.51 871.95 192.25 -1 -1 -1 -1000 -1000 -1000 -10 0.81
8 16 Pedestrian -1 -1 -1 471.60 159.02 504.92 253.90 -1 -1 -1 -1000 -1000 -1000 -10 0.75
8 4 Pedestrian -1 -1 -1 433.42 171.47 475.44 285.94 -1 -1 -1 -1000 -1000 -1000 -10 0.75
8 14 Pedestrian -1 -1 -1 69.83 177.06 110.29 267.51 -1 -1 -1 -1000 -1000 -1000 -10 0.72
8 9 Pedestrian -1 -1 -1 298.51 160.71 372.13 351.39 -1 -1 -1 -1000 -1000 -1000 -10 0.71
8 6 Pedestrian -1 -1 -1 10.07 187.71 47.47 279.58 -1 -1 -1 -1000 -1000 -1000 -10 0.66
8 3 Pedestrian -1 -1 -1 490.59 158.63 517.69 237.67 -1 -1 -1 -1000 -1000 -1000 -10 0.65
8 11 Car -1 -1 -1 545.08 171.74 601.24 216.15 -1 -1 -1 -1000 -1000 -1000 -10 0.65
8 7 Pedestrian -1 -1 -1 413.05 161.11 457.09 280.43 -1 -1 -1 -1000 -1000 -1000 -10 0.63
8 18 Pedestrian -1 -1 -1 230.30 161.97 325.35 365.13 -1 -1 -1 -1000 -1000 -1000 -10 0.55
8 5 Pedestrian -1 -1 -1 96.56 168.52 313.39 365.93 -1 -1 -1 -1000 -1000 -1000 -10 0.50
8 15 Car -1 -1 -1 365.63 175.39 418.28 206.74 -1 -1 -1 -1000 -1000 -1000 -10 0.50
9 1 Car -1 -1 -1 559.99 182.63 677.00 289.46 -1 -1 -1 -1000 -1000 -1000 -10 0.97
9 15 Car -1 -1 -1 349.96 177.33 412.00 209.34 -1 -1 -1 -1000 -1000 -1000 -10 0.78
9 13 Car -1 -1 -1 819.09 164.24 878.12 192.48 -1 -1 -1 -1000 -1000 -1000 -10 0.78
9 4 Pedestrian -1 -1 -1 424.27 170.65 468.75 289.10 -1 -1 -1 -1000 -1000 -1000 -10 0.77
9 3 Pedestrian -1 -1 -1 490.46 160.52 516.71 236.84 -1 -1 -1 -1000 -1000 -1000 -10 0.75
9 16 Pedestrian -1 -1 -1 467.57 156.76 502.36 256.79 -1 -1 -1 -1000 -1000 -1000 -10 0.73
9 18 Pedestrian -1 -1 -1 192.36 159.91 301.96 366.88 -1 -1 -1 -1000 -1000 -1000 -10 0.69
9 11 Car -1 -1 -1 546.84 171.47 599.27 211.12 -1 -1 -1 -1000 -1000 -1000 -10 0.65
9 14 Pedestrian -1 -1 -1 46.28 172.93 95.41 271.40 -1 -1 -1 -1000 -1000 -1000 -10 0.64
9 9 Pedestrian -1 -1 -1 270.43 159.96 354.14 360.31 -1 -1 -1 -1000 -1000 -1000 -10 0.63
9 7 Pedestrian -1 -1 -1 404.53 157.48 450.36 285.48 -1 -1 -1 -1000 -1000 -1000 -10 0.60
9 6 Pedestrian -1 -1 -1 2.17 170.12 24.68 295.91 -1 -1 -1 -1000 -1000 -1000 -10 0.46
10 1 Car -1 -1 -1 560.68 183.60 676.56 288.13 -1 -1 -1 -1000 -1000 -1000 -10 0.96
10 13 Car -1 -1 -1 820.85 164.26 884.33 192.44 -1 -1 -1 -1000 -1000 -1000 -10 0.81
10 4 Pedestrian -1 -1 -1 414.39 171.54 462.69 295.53 -1 -1 -1 -1000 -1000 -1000 -10 0.80
10 16 Pedestrian -1 -1 -1 465.87 159.79 502.46 259.26 -1 -1 -1 -1000 -1000 -1000 -10 0.79
10 9 Pedestrian -1 -1 -1 236.76 161.86 334.16 365.20 -1 -1 -1 -1000 -1000 -1000 -10 0.72
10 18 Pedestrian -1 -1 -1 143.04 154.91 282.24 365.25 -1 -1 -1 -1000 -1000 -1000 -10 0.72
10 3 Pedestrian -1 -1 -1 486.50 159.88 514.44 236.51 -1 -1 -1 -1000 -1000 -1000 -10 0.71
10 11 Car -1 -1 -1 548.68 170.42 597.60 210.37 -1 -1 -1 -1000 -1000 -1000 -10 0.65
10 15 Car -1 -1 -1 345.66 178.35 400.55 208.60 -1 -1 -1 -1000 -1000 -1000 -10 0.59
10 7 Pedestrian -1 -1 -1 394.64 155.69 444.04 287.40 -1 -1 -1 -1000 -1000 -1000 -10 0.51
11 1 Car -1 -1 -1 562.69 181.70 676.95 286.18 -1 -1 -1 -1000 -1000 -1000 -10 0.96
11 16 Pedestrian -1 -1 -1 461.31 156.90 500.32 262.68 -1 -1 -1 -1000 -1000 -1000 -10 0.85
11 4 Pedestrian -1 -1 -1 401.99 170.10 452.88 302.24 -1 -1 -1 -1000 -1000 -1000 -10 0.82
11 13 Car -1 -1 -1 823.67 164.53 888.96 191.93 -1 -1 -1 -1000 -1000 -1000 -10 0.80
11 9 Pedestrian -1 -1 -1 204.95 154.54 312.26 365.04 -1 -1 -1 -1000 -1000 -1000 -10 0.77
11 3 Pedestrian -1 -1 -1 485.31 158.44 513.77 237.40 -1 -1 -1 -1000 -1000 -1000 -10 0.72
11 15 Car -1 -1 -1 334.12 179.64 391.59 207.71 -1 -1 -1 -1000 -1000 -1000 -10 0.70
11 18 Pedestrian -1 -1 -1 94.15 153.94 239.21 365.99 -1 -1 -1 -1000 -1000 -1000 -10 0.69
11 7 Pedestrian -1 -1 -1 381.49 151.20 434.66 292.01 -1 -1 -1 -1000 -1000 -1000 -10 0.53
11 11 Car -1 -1 -1 551.32 171.27 594.63 208.83 -1 -1 -1 -1000 -1000 -1000 -10 0.45
11 19 Car -1 -1 -1 427.99 175.61 466.30 197.66 -1 -1 -1 -1000 -1000 -1000 -10 0.60
11 20 Pedestrian -1 -1 -1 1.14 170.56 56.36 280.98 -1 -1 -1 -1000 -1000 -1000 -10 0.56
12 1 Car -1 -1 -1 563.67 180.66 676.20 285.62 -1 -1 -1 -1000 -1000 -1000 -10 0.97
12 15 Car -1 -1 -1 326.29 179.15 389.20 208.87 -1 -1 -1 -1000 -1000 -1000 -10 0.85
12 16 Pedestrian -1 -1 -1 455.41 155.62 498.57 265.77 -1 -1 -1 -1000 -1000 -1000 -10 0.84
12 4 Pedestrian -1 -1 -1 386.32 168.76 445.76 312.14 -1 -1 -1 -1000 -1000 -1000 -10 0.81
12 13 Car -1 -1 -1 832.32 164.41 886.70 192.06 -1 -1 -1 -1000 -1000 -1000 -10 0.69
12 3 Pedestrian -1 -1 -1 480.69 159.72 512.33 237.06 -1 -1 -1 -1000 -1000 -1000 -10 0.67
12 19 Car -1 -1 -1 424.00 174.95 462.98 196.82 -1 -1 -1 -1000 -1000 -1000 -10 0.66
12 9 Pedestrian -1 -1 -1 147.70 153.97 285.30 365.91 -1 -1 -1 -1000 -1000 -1000 -10 0.65
12 18 Pedestrian -1 -1 -1 22.46 156.22 211.27 363.31 -1 -1 -1 -1000 -1000 -1000 -10 0.64
12 7 Pedestrian -1 -1 -1 368.17 149.91 424.66 292.72 -1 -1 -1 -1000 -1000 -1000 -10 0.54
12 11 Car -1 -1 -1 550.90 170.74 594.94 209.44 -1 -1 -1 -1000 -1000 -1000 -10 0.47
13 1 Car -1 -1 -1 564.32 180.74 675.52 283.91 -1 -1 -1 -1000 -1000 -1000 -10 0.97
13 16 Pedestrian -1 -1 -1 447.42 156.48 492.10 270.17 -1 -1 -1 -1000 -1000 -1000 -10 0.84
13 19 Car -1 -1 -1 417.28 175.07 459.76 197.91 -1 -1 -1 -1000 -1000 -1000 -10 0.81
13 15 Car -1 -1 -1 317.58 179.92 385.05 210.10 -1 -1 -1 -1000 -1000 -1000 -10 0.80
13 4 Pedestrian -1 -1 -1 367.01 168.03 433.85 321.46 -1 -1 -1 -1000 -1000 -1000 -10 0.78
13 13 Car -1 -1 -1 832.30 162.72 888.83 193.31 -1 -1 -1 -1000 -1000 -1000 -10 0.61
13 7 Pedestrian -1 -1 -1 350.44 150.47 411.76 299.86 -1 -1 -1 -1000 -1000 -1000 -10 0.58
13 11 Car -1 -1 -1 558.55 169.70 601.99 204.26 -1 -1 -1 -1000 -1000 -1000 -10 0.57
13 3 Pedestrian -1 -1 -1 475.52 158.60 510.14 239.20 -1 -1 -1 -1000 -1000 -1000 -10 0.53
13 21 Cyclist -1 -1 -1 478.84 159.13 512.02 237.88 -1 -1 -1 -1000 -1000 -1000 -10 0.47
14 1 Car -1 -1 -1 565.77 178.40 677.02 281.84 -1 -1 -1 -1000 -1000 -1000 -10 0.94
14 16 Pedestrian -1 -1 -1 442.31 154.98 487.92 273.70 -1 -1 -1 -1000 -1000 -1000 -10 0.81
14 19 Car -1 -1 -1 411.36 175.80 457.97 199.36 -1 -1 -1 -1000 -1000 -1000 -10 0.80
14 15 Car -1 -1 -1 307.07 178.29 384.45 212.99 -1 -1 -1 -1000 -1000 -1000 -10 0.79
14 3 Pedestrian -1 -1 -1 475.95 158.31 508.18 240.13 -1 -1 -1 -1000 -1000 -1000 -10 0.74
14 4 Pedestrian -1 -1 -1 349.03 168.90 420.82 328.25 -1 -1 -1 -1000 -1000 -1000 -10 0.73
14 11 Car -1 -1 -1 558.99 170.56 601.47 202.08 -1 -1 -1 -1000 -1000 -1000 -10 0.68
14 7 Pedestrian -1 -1 -1 335.15 152.96 396.70 297.12 -1 -1 -1 -1000 -1000 -1000 -10 0.59
14 13 Car -1 -1 -1 832.30 161.92 902.61 191.27 -1 -1 -1 -1000 -1000 -1000 -10 0.44
14 22 Cyclist -1 -1 -1 161.12 174.02 202.33 221.60 -1 -1 -1 -1000 -1000 -1000 -10 0.65
14 23 Car -1 -1 -1 0.60 182.83 58.14 220.87 -1 -1 -1 -1000 -1000 -1000 -10 0.47
15 1 Car -1 -1 -1 566.86 179.70 673.23 280.70 -1 -1 -1 -1000 -1000 -1000 -10 0.95
15 16 Pedestrian -1 -1 -1 434.94 155.13 481.07 280.28 -1 -1 -1 -1000 -1000 -1000 -10 0.84
15 15 Car -1 -1 -1 296.61 179.66 374.26 216.02 -1 -1 -1 -1000 -1000 -1000 -10 0.82
15 4 Pedestrian -1 -1 -1 329.35 168.34 402.83 351.00 -1 -1 -1 -1000 -1000 -1000 -10 0.77
15 3 Pedestrian -1 -1 -1 473.00 157.52 504.16 244.91 -1 -1 -1 -1000 -1000 -1000 -10 0.73
15 19 Car -1 -1 -1 406.88 175.42 454.26 199.30 -1 -1 -1 -1000 -1000 -1000 -10 0.73
15 22 Cyclist -1 -1 -1 154.25 174.05 194.48 221.99 -1 -1 -1 -1000 -1000 -1000 -10 0.67
15 11 Car -1 -1 -1 561.69 170.61 598.44 200.86 -1 -1 -1 -1000 -1000 -1000 -10 0.65
15 13 Car -1 -1 -1 835.53 161.39 907.11 190.80 -1 -1 -1 -1000 -1000 -1000 -10 0.65
15 23 Car -1 -1 -1 -1.01 180.82 43.96 230.72 -1 -1 -1 -1000 -1000 -1000 -10 0.63
15 7 Pedestrian -1 -1 -1 316.17 159.36 377.26 291.25 -1 -1 -1 -1000 -1000 -1000 -10 0.55
16 1 Car -1 -1 -1 566.59 178.96 673.18 280.13 -1 -1 -1 -1000 -1000 -1000 -10 0.96
16 16 Pedestrian -1 -1 -1 425.71 155.50 475.28 286.73 -1 -1 -1 -1000 -1000 -1000 -10 0.82
16 19 Car -1 -1 -1 397.61 174.71 450.67 200.49 -1 -1 -1 -1000 -1000 -1000 -10 0.74
16 11 Car -1 -1 -1 559.67 170.71 593.58 196.87 -1 -1 -1 -1000 -1000 -1000 -10 0.74
16 3 Pedestrian -1 -1 -1 468.91 157.43 501.04 245.81 -1 -1 -1 -1000 -1000 -1000 -10 0.74
16 4 Pedestrian -1 -1 -1 302.86 164.74 383.28 355.20 -1 -1 -1 -1000 -1000 -1000 -10 0.71
16 22 Cyclist -1 -1 -1 148.48 174.19 184.19 222.34 -1 -1 -1 -1000 -1000 -1000 -10 0.71
16 15 Car -1 -1 -1 282.43 178.08 365.32 219.10 -1 -1 -1 -1000 -1000 -1000 -10 0.67
16 7 Pedestrian -1 -1 -1 286.65 158.38 353.24 292.75 -1 -1 -1 -1000 -1000 -1000 -10 0.53
16 13 Car -1 -1 -1 831.95 160.75 911.25 191.44 -1 -1 -1 -1000 -1000 -1000 -10 0.43
16 24 Pedestrian -1 -1 -1 511.24 161.94 535.10 226.62 -1 -1 -1 -1000 -1000 -1000 -10 0.52
17 1 Car -1 -1 -1 567.08 179.10 671.92 278.67 -1 -1 -1 -1000 -1000 -1000 -10 0.97
17 16 Pedestrian -1 -1 -1 416.83 157.16 468.28 292.42 -1 -1 -1 -1000 -1000 -1000 -10 0.85
17 19 Car -1 -1 -1 390.13 173.91 447.98 201.81 -1 -1 -1 -1000 -1000 -1000 -10 0.79
17 3 Pedestrian -1 -1 -1 467.97 158.01 500.28 245.54 -1 -1 -1 -1000 -1000 -1000 -10 0.77
17 11 Car -1 -1 -1 560.06 170.32 592.33 196.06 -1 -1 -1 -1000 -1000 -1000 -10 0.72
17 24 Pedestrian -1 -1 -1 511.05 162.42 533.83 228.40 -1 -1 -1 -1000 -1000 -1000 -10 0.66
17 22 Cyclist -1 -1 -1 140.03 174.05 176.25 222.98 -1 -1 -1 -1000 -1000 -1000 -10 0.63
17 13 Car -1 -1 -1 847.26 160.91 903.38 192.22 -1 -1 -1 -1000 -1000 -1000 -10 0.46
17 7 Pedestrian -1 -1 -1 255.74 156.04 338.27 309.51 -1 -1 -1 -1000 -1000 -1000 -10 0.44
17 25 Cyclist -1 -1 -1 259.92 158.38 379.59 360.26 -1 -1 -1 -1000 -1000 -1000 -10 0.63
17 26 Pedestrian -1 -1 -1 350.08 162.25 367.02 212.57 -1 -1 -1 -1000 -1000 -1000 -10 0.41
18 1 Car -1 -1 -1 566.69 179.82 672.01 277.64 -1 -1 -1 -1000 -1000 -1000 -10 0.97
18 16 Pedestrian -1 -1 -1 407.04 155.94 462.45 301.60 -1 -1 -1 -1000 -1000 -1000 -10 0.86
18 3 Pedestrian -1 -1 -1 464.32 157.01 497.17 249.47 -1 -1 -1 -1000 -1000 -1000 -10 0.73
18 19 Car -1 -1 -1 383.29 175.02 441.29 204.89 -1 -1 -1 -1000 -1000 -1000 -10 0.73
18 11 Car -1 -1 -1 554.32 171.10 592.34 196.70 -1 -1 -1 -1000 -1000 -1000 -10 0.72
18 26 Pedestrian -1 -1 -1 349.31 166.07 366.08 213.39 -1 -1 -1 -1000 -1000 -1000 -10 0.65
18 24 Pedestrian -1 -1 -1 509.32 162.74 529.82 227.41 -1 -1 -1 -1000 -1000 -1000 -10 0.64
18 13 Car -1 -1 -1 850.35 162.78 916.00 189.70 -1 -1 -1 -1000 -1000 -1000 -10 0.63
18 22 Cyclist -1 -1 -1 134.68 175.52 167.43 226.93 -1 -1 -1 -1000 -1000 -1000 -10 0.56
18 7 Pedestrian -1 -1 -1 219.23 149.11 344.19 362.66 -1 -1 -1 -1000 -1000 -1000 -10 0.44
18 27 Pedestrian -1 -1 -1 432.67 160.30 475.42 274.02 -1 -1 -1 -1000 -1000 -1000 -10 0.43
19 1 Car -1 -1 -1 567.80 180.45 669.57 276.45 -1 -1 -1 -1000 -1000 -1000 -10 0.97
19 16 Pedestrian -1 -1 -1 395.44 157.32 451.62 309.07 -1 -1 -1 -1000 -1000 -1000 -10 0.82
19 27 Pedestrian -1 -1 -1 428.50 159.65 471.86 276.48 -1 -1 -1 -1000 -1000 -1000 -10 0.77
19 13 Car -1 -1 -1 842.63 161.20 929.96 190.95 -1 -1 -1 -1000 -1000 -1000 -10 0.76
19 3 Pedestrian -1 -1 -1 460.13 158.58 493.14 253.03 -1 -1 -1 -1000 -1000 -1000 -10 0.76
19 19 Car -1 -1 -1 373.81 175.63 434.35 207.40 -1 -1 -1 -1000 -1000 -1000 -10 0.70
19 11 Car -1 -1 -1 553.29 170.57 592.13 197.72 -1 -1 -1 -1000 -1000 -1000 -10 0.69
19 24 Pedestrian -1 -1 -1 506.98 163.53 529.67 232.34 -1 -1 -1 -1000 -1000 -1000 -10 0.61
19 26 Pedestrian -1 -1 -1 343.81 166.40 363.80 216.02 -1 -1 -1 -1000 -1000 -1000 -10 0.61
19 28 Car -1 -1 -1 223.94 183.15 322.99 229.15 -1 -1 -1 -1000 -1000 -1000 -10 0.72
19 29 Pedestrian -1 -1 -1 126.59 176.10 154.10 230.35 -1 -1 -1 -1000 -1000 -1000 -10 0.42
20 1 Car -1 -1 -1 568.24 177.42 669.76 273.62 -1 -1 -1 -1000 -1000 -1000 -10 0.98
20 28 Car -1 -1 -1 218.29 187.49 306.04 230.27 -1 -1 -1 -1000 -1000 -1000 -10 0.84
20 16 Pedestrian -1 -1 -1 383.27 158.95 440.50 315.31 -1 -1 -1 -1000 -1000 -1000 -10 0.83
20 13 Car -1 -1 -1 848.70 160.09 932.70 191.05 -1 -1 -1 -1000 -1000 -1000 -10 0.79
20 27 Pedestrian -1 -1 -1 423.14 161.51 468.76 281.22 -1 -1 -1 -1000 -1000 -1000 -10 0.77
20 3 Pedestrian -1 -1 -1 452.11 157.48 487.12 255.64 -1 -1 -1 -1000 -1000 -1000 -10 0.77
20 24 Pedestrian -1 -1 -1 502.81 163.23 528.09 234.95 -1 -1 -1 -1000 -1000 -1000 -10 0.77
20 19 Car -1 -1 -1 365.86 175.74 419.31 207.66 -1 -1 -1 -1000 -1000 -1000 -10 0.72
20 11 Car -1 -1 -1 551.19 169.86 587.71 197.58 -1 -1 -1 -1000 -1000 -1000 -10 0.72
20 26 Pedestrian -1 -1 -1 340.69 167.22 359.40 216.26 -1 -1 -1 -1000 -1000 -1000 -10 0.55
20 30 Cyclist -1 -1 -1 82.18 144.66 297.25 367.62 -1 -1 -1 -1000 -1000 -1000 -10 0.57
20 31 Pedestrian -1 -1 -1 527.08 167.68 549.25 226.90 -1 -1 -1 -1000 -1000 -1000 -10 0.41
21 1 Car -1 -1 -1 568.80 177.36 669.29 271.58 -1 -1 -1 -1000 -1000 -1000 -10 0.97
21 28 Car -1 -1 -1 194.70 186.84 293.84 231.55 -1 -1 -1 -1000 -1000 -1000 -10 0.85
21 27 Pedestrian -1 -1 -1 415.07 159.66 462.65 282.98 -1 -1 -1 -1000 -1000 -1000 -10 0.85
21 16 Pedestrian -1 -1 -1 367.38 157.83 426.16 323.73 -1 -1 -1 -1000 -1000 -1000 -10 0.82
21 30 Cyclist -1 -1 -1 5.29 141.88 266.88 362.63 -1 -1 -1 -1000 -1000 -1000 -10 0.77
21 3 Pedestrian -1 -1 -1 446.80 154.74 483.75 257.53 -1 -1 -1 -1000 -1000 -1000 -10 0.76
21 13 Car -1 -1 -1 852.62 159.64 935.16 190.96 -1 -1 -1 -1000 -1000 -1000 -10 0.75
21 24 Pedestrian -1 -1 -1 501.51 162.12 527.54 235.46 -1 -1 -1 -1000 -1000 -1000 -10 0.66
21 19 Car -1 -1 -1 354.73 175.97 406.94 206.98 -1 -1 -1 -1000 -1000 -1000 -10 0.66
21 31 Pedestrian -1 -1 -1 523.15 162.37 547.11 228.22 -1 -1 -1 -1000 -1000 -1000 -10 0.56
21 11 Car -1 -1 -1 549.54 168.15 587.99 196.13 -1 -1 -1 -1000 -1000 -1000 -10 0.46
21 26 Pedestrian -1 -1 -1 336.73 165.25 355.46 217.56 -1 -1 -1 -1000 -1000 -1000 -10 0.46
22 1 Car -1 -1 -1 569.62 174.44 670.08 268.78 -1 -1 -1 -1000 -1000 -1000 -10 0.96
22 28 Car -1 -1 -1 172.56 186.12 277.61 232.27 -1 -1 -1 -1000 -1000 -1000 -10 0.87
22 27 Pedestrian -1 -1 -1 405.58 159.36 456.58 289.39 -1 -1 -1 -1000 -1000 -1000 -10 0.79
22 16 Pedestrian -1 -1 -1 350.93 154.29 411.80 333.92 -1 -1 -1 -1000 -1000 -1000 -10 0.75
22 3 Pedestrian -1 -1 -1 439.73 152.93 476.80 258.74 -1 -1 -1 -1000 -1000 -1000 -10 0.73
22 13 Car -1 -1 -1 859.79 159.14 943.90 189.10 -1 -1 -1 -1000 -1000 -1000 -10 0.67
22 30 Cyclist -1 -1 -1 -2.92 142.85 213.66 361.18 -1 -1 -1 -1000 -1000 -1000 -10 0.67
22 31 Pedestrian -1 -1 -1 522.58 160.81 545.49 228.69 -1 -1 -1 -1000 -1000 -1000 -10 0.65
22 24 Pedestrian -1 -1 -1 498.44 157.16 524.70 233.04 -1 -1 -1 -1000 -1000 -1000 -10 0.61
22 11 Car -1 -1 -1 550.78 166.77 580.68 192.25 -1 -1 -1 -1000 -1000 -1000 -10 0.56
22 26 Pedestrian -1 -1 -1 333.41 161.13 351.78 215.10 -1 -1 -1 -1000 -1000 -1000 -10 0.53
23 1 Car -1 -1 -1 571.29 174.44 668.37 266.50 -1 -1 -1 -1000 -1000 -1000 -10 0.95
23 27 Pedestrian -1 -1 -1 392.74 157.05 446.55 294.38 -1 -1 -1 -1000 -1000 -1000 -10 0.86
23 28 Car -1 -1 -1 144.93 187.23 263.16 237.68 -1 -1 -1 -1000 -1000 -1000 -10 0.84
23 3 Pedestrian -1 -1 -1 433.98 151.73 473.45 261.27 -1 -1 -1 -1000 -1000 -1000 -10 0.80
23 13 Car -1 -1 -1 861.82 157.18 949.62 188.13 -1 -1 -1 -1000 -1000 -1000 -10 0.78
23 16 Pedestrian -1 -1 -1 328.13 147.50 396.22 334.17 -1 -1 -1 -1000 -1000 -1000 -10 0.74
23 11 Car -1 -1 -1 550.05 167.20 579.10 189.97 -1 -1 -1 -1000 -1000 -1000 -10 0.73
23 24 Pedestrian -1 -1 -1 493.92 158.39 522.45 238.50 -1 -1 -1 -1000 -1000 -1000 -10 0.69
23 31 Pedestrian -1 -1 -1 518.51 159.99 543.15 231.13 -1 -1 -1 -1000 -1000 -1000 -10 0.66
23 32 Car -1 -1 -1 617.86 161.06 657.51 183.77 -1 -1 -1 -1000 -1000 -1000 -10 0.42
24 1 Car -1 -1 -1 572.04 173.69 667.03 263.41 -1 -1 -1 -1000 -1000 -1000 -10 0.96
24 27 Pedestrian -1 -1 -1 378.65 154.66 437.62 303.17 -1 -1 -1 -1000 -1000 -1000 -10 0.86
24 28 Car -1 -1 -1 114.06 189.99 243.62 242.57 -1 -1 -1 -1000 -1000 -1000 -10 0.85
24 3 Pedestrian -1 -1 -1 425.50 151.84 467.69 266.70 -1 -1 -1 -1000 -1000 -1000 -10 0.81
24 32 Car -1 -1 -1 618.33 158.91 657.31 185.48 -1 -1 -1 -1000 -1000 -1000 -10 0.74
24 13 Car -1 -1 -1 861.06 155.37 951.98 187.84 -1 -1 -1 -1000 -1000 -1000 -10 0.70
24 16 Pedestrian -1 -1 -1 301.64 149.79 376.75 347.16 -1 -1 -1 -1000 -1000 -1000 -10 0.69
24 24 Pedestrian -1 -1 -1 492.30 154.41 521.56 241.92 -1 -1 -1 -1000 -1000 -1000 -10 0.69
24 31 Pedestrian -1 -1 -1 516.62 157.39 543.41 233.51 -1 -1 -1 -1000 -1000 -1000 -10 0.65
24 11 Car -1 -1 -1 551.75 166.06 577.82 190.40 -1 -1 -1 -1000 -1000 -1000 -10 0.50
24 33 Car -1 -1 -1 320.95 172.11 388.80 211.26 -1 -1 -1 -1000 -1000 -1000 -10 0.62
25 1 Car -1 -1 -1 572.94 173.83 666.00 262.69 -1 -1 -1 -1000 -1000 -1000 -10 0.97
25 28 Car -1 -1 -1 80.88 192.20 220.88 249.85 -1 -1 -1 -1000 -1000 -1000 -10 0.93
25 27 Pedestrian -1 -1 -1 366.77 156.18 426.04 310.44 -1 -1 -1 -1000 -1000 -1000 -10 0.84
25 33 Car -1 -1 -1 310.11 175.34 382.25 212.35 -1 -1 -1 -1000 -1000 -1000 -10 0.78
25 3 Pedestrian -1 -1 -1 416.35 152.09 461.88 269.47 -1 -1 -1 -1000 -1000 -1000 -10 0.76
25 13 Car -1 -1 -1 869.60 154.58 957.29 187.54 -1 -1 -1 -1000 -1000 -1000 -10 0.72
25 32 Car -1 -1 -1 617.34 158.78 658.63 186.23 -1 -1 -1 -1000 -1000 -1000 -10 0.72
25 16 Pedestrian -1 -1 -1 273.92 150.53 358.31 361.36 -1 -1 -1 -1000 -1000 -1000 -10 0.70
25 11 Car -1 -1 -1 548.44 165.99 575.39 190.18 -1 -1 -1 -1000 -1000 -1000 -10 0.62
25 31 Pedestrian -1 -1 -1 513.71 160.67 540.20 234.91 -1 -1 -1 -1000 -1000 -1000 -10 0.62
25 24 Pedestrian -1 -1 -1 488.96 155.71 519.22 240.20 -1 -1 -1 -1000 -1000 -1000 -10 0.44
25 34 Pedestrian -1 -1 -1 749.98 154.05 786.71 257.29 -1 -1 -1 -1000 -1000 -1000 -10 0.58
25 35 Car -1 -1 -1 949.00 153.68 1040.02 195.57 -1 -1 -1 -1000 -1000 -1000 -10 0.57
26 1 Car -1 -1 -1 574.02 175.75 664.27 261.04 -1 -1 -1 -1000 -1000 -1000 -10 0.97
26 28 Car -1 -1 -1 46.34 195.15 194.36 256.04 -1 -1 -1 -1000 -1000 -1000 -10 0.92
26 27 Pedestrian -1 -1 -1 349.98 158.12 412.64 322.75 -1 -1 -1 -1000 -1000 -1000 -10 0.82
26 33 Car -1 -1 -1 303.08 177.07 369.35 214.27 -1 -1 -1 -1000 -1000 -1000 -10 0.82
26 3 Pedestrian -1 -1 -1 409.78 153.98 459.04 274.87 -1 -1 -1 -1000 -1000 -1000 -10 0.81
26 34 Pedestrian -1 -1 -1 752.66 154.60 791.87 264.34 -1 -1 -1 -1000 -1000 -1000 -10 0.78
26 11 Car -1 -1 -1 545.13 166.94 575.48 191.06 -1 -1 -1 -1000 -1000 -1000 -10 0.75
26 35 Car -1 -1 -1 955.01 154.80 1048.60 195.72 -1 -1 -1 -1000 -1000 -1000 -10 0.75
26 16 Pedestrian -1 -1 -1 240.27 151.01 338.14 360.56 -1 -1 -1 -1000 -1000 -1000 -10 0.73
26 24 Pedestrian -1 -1 -1 483.99 157.82 516.86 247.80 -1 -1 -1 -1000 -1000 -1000 -10 0.72
26 31 Pedestrian -1 -1 -1 513.04 163.76 539.12 238.83 -1 -1 -1 -1000 -1000 -1000 -10 0.68
26 32 Car -1 -1 -1 613.18 159.59 663.05 188.23 -1 -1 -1 -1000 -1000 -1000 -10 0.61
26 36 Car -1 -1 -1 454.01 169.70 515.98 205.79 -1 -1 -1 -1000 -1000 -1000 -10 0.55
26 37 Pedestrian -1 -1 -1 817.21 150.97 872.28 284.86 -1 -1 -1 -1000 -1000 -1000 -10 0.45
27 1 Car -1 -1 -1 574.07 176.33 663.23 260.77 -1 -1 -1 -1000 -1000 -1000 -10 0.96
27 28 Car -1 -1 -1 4.48 196.39 166.34 263.96 -1 -1 -1 -1000 -1000 -1000 -10 0.92
27 33 Car -1 -1 -1 283.62 177.76 362.16 218.13 -1 -1 -1 -1000 -1000 -1000 -10 0.82
27 27 Pedestrian -1 -1 -1 331.73 157.52 400.18 331.97 -1 -1 -1 -1000 -1000 -1000 -10 0.81
27 3 Pedestrian -1 -1 -1 402.59 155.41 451.51 281.28 -1 -1 -1 -1000 -1000 -1000 -10 0.80
27 31 Pedestrian -1 -1 -1 510.29 165.65 535.80 240.09 -1 -1 -1 -1000 -1000 -1000 -10 0.77
27 34 Pedestrian -1 -1 -1 757.94 154.00 799.94 267.36 -1 -1 -1 -1000 -1000 -1000 -10 0.76
27 24 Pedestrian -1 -1 -1 480.81 161.84 512.30 250.38 -1 -1 -1 -1000 -1000 -1000 -10 0.75
27 11 Car -1 -1 -1 543.80 167.47 572.33 192.08 -1 -1 -1 -1000 -1000 -1000 -10 0.75
27 37 Pedestrian -1 -1 -1 826.95 151.41 885.58 299.35 -1 -1 -1 -1000 -1000 -1000 -10 0.74
27 16 Pedestrian -1 -1 -1 195.81 152.92 313.78 366.14 -1 -1 -1 -1000 -1000 -1000 -10 0.69
27 32 Car -1 -1 -1 611.50 160.78 665.01 190.20 -1 -1 -1 -1000 -1000 -1000 -10 0.67
27 36 Car -1 -1 -1 447.67 169.65 513.83 206.22 -1 -1 -1 -1000 -1000 -1000 -10 0.58
28 1 Car -1 -1 -1 574.57 177.21 661.70 258.63 -1 -1 -1 -1000 -1000 -1000 -10 0.97
28 28 Car -1 -1 -1 0.56 195.00 133.44 272.47 -1 -1 -1 -1000 -1000 -1000 -10 0.94
28 34 Pedestrian -1 -1 -1 765.49 155.02 808.38 273.18 -1 -1 -1 -1000 -1000 -1000 -10 0.80
28 3 Pedestrian -1 -1 -1 390.40 155.30 441.71 287.80 -1 -1 -1 -1000 -1000 -1000 -10 0.80
28 27 Pedestrian -1 -1 -1 313.99 159.72 387.07 343.92 -1 -1 -1 -1000 -1000 -1000 -10 0.79
28 33 Car -1 -1 -1 265.22 175.66 350.91 221.33 -1 -1 -1 -1000 -1000 -1000 -10 0.74
28 11 Car -1 -1 -1 543.60 169.10 570.42 191.72 -1 -1 -1 -1000 -1000 -1000 -10 0.74
28 24 Pedestrian -1 -1 -1 475.74 159.17 509.70 253.82 -1 -1 -1 -1000 -1000 -1000 -10 0.72
28 31 Pedestrian -1 -1 -1 506.53 167.37 532.40 242.83 -1 -1 -1 -1000 -1000 -1000 -10 0.71
28 37 Pedestrian -1 -1 -1 837.89 152.64 897.89 305.07 -1 -1 -1 -1000 -1000 -1000 -10 0.69
28 32 Car -1 -1 -1 613.92 162.16 663.10 189.54 -1 -1 -1 -1000 -1000 -1000 -10 0.69
28 16 Pedestrian -1 -1 -1 125.33 150.97 292.34 368.17 -1 -1 -1 -1000 -1000 -1000 -10 0.63
28 36 Car -1 -1 -1 446.69 170.62 506.92 205.39 -1 -1 -1 -1000 -1000 -1000 -10 0.57
29 1 Car -1 -1 -1 575.54 176.31 659.86 257.03 -1 -1 -1 -1000 -1000 -1000 -10 0.95
29 28 Car -1 -1 -1 0.13 194.02 96.75 280.64 -1 -1 -1 -1000 -1000 -1000 -10 0.82
29 34 Pedestrian -1 -1 -1 772.66 155.04 817.08 279.03 -1 -1 -1 -1000 -1000 -1000 -10 0.81
29 33 Car -1 -1 -1 243.36 175.28 326.87 222.94 -1 -1 -1 -1000 -1000 -1000 -10 0.80
29 3 Pedestrian -1 -1 -1 378.32 154.70 430.53 295.46 -1 -1 -1 -1000 -1000 -1000 -10 0.78
29 27 Pedestrian -1 -1 -1 291.99 158.39 370.64 353.76 -1 -1 -1 -1000 -1000 -1000 -10 0.77
29 31 Pedestrian -1 -1 -1 501.51 165.25 529.19 245.48 -1 -1 -1 -1000 -1000 -1000 -10 0.75
29 32 Car -1 -1 -1 611.84 161.95 664.64 189.40 -1 -1 -1 -1000 -1000 -1000 -10 0.72
29 24 Pedestrian -1 -1 -1 471.79 156.53 505.99 255.75 -1 -1 -1 -1000 -1000 -1000 -10 0.70
29 37 Pedestrian -1 -1 -1 850.92 147.74 915.05 311.20 -1 -1 -1 -1000 -1000 -1000 -10 0.60
29 36 Car -1 -1 -1 446.02 169.49 508.26 206.45 -1 -1 -1 -1000 -1000 -1000 -10 0.60
29 11 Car -1 -1 -1 541.50 169.37 567.29 190.56 -1 -1 -1 -1000 -1000 -1000 -10 0.58
29 16 Pedestrian -1 -1 -1 22.88 148.22 272.18 363.58 -1 -1 -1 -1000 -1000 -1000 -10 0.41
29 38 Car -1 -1 -1 573.53 170.25 625.88 219.60 -1 -1 -1 -1000 -1000 -1000 -10 0.46
30 1 Car -1 -1 -1 574.64 176.50 656.85 253.70 -1 -1 -1 -1000 -1000 -1000 -10 0.92
30 33 Car -1 -1 -1 220.48 179.66 327.75 225.47 -1 -1 -1 -1000 -1000 -1000 -10 0.81
30 34 Pedestrian -1 -1 -1 781.01 150.41 831.36 284.95 -1 -1 -1 -1000 -1000 -1000 -10 0.80
30 3 Pedestrian -1 -1 -1 363.94 151.95 421.81 299.93 -1 -1 -1 -1000 -1000 -1000 -10 0.77
30 31 Pedestrian -1 -1 -1 497.24 164.20 525.80 247.00 -1 -1 -1 -1000 -1000 -1000 -10 0.77
30 27 Pedestrian -1 -1 -1 262.48 159.91 346.73 360.40 -1 -1 -1 -1000 -1000 -1000 -10 0.72
30 24 Pedestrian -1 -1 -1 467.24 155.81 502.78 257.17 -1 -1 -1 -1000 -1000 -1000 -10 0.72
30 11 Car -1 -1 -1 538.91 168.55 567.46 190.61 -1 -1 -1 -1000 -1000 -1000 -10 0.70
30 38 Car -1 -1 -1 567.89 168.23 622.86 222.10 -1 -1 -1 -1000 -1000 -1000 -10 0.69
30 37 Pedestrian -1 -1 -1 863.90 146.86 933.02 319.30 -1 -1 -1 -1000 -1000 -1000 -10 0.62
30 32 Car -1 -1 -1 611.07 161.18 664.00 188.77 -1 -1 -1 -1000 -1000 -1000 -10 0.61
30 36 Car -1 -1 -1 443.79 169.88 509.10 205.97 -1 -1 -1 -1000 -1000 -1000 -10 0.61
30 39 Car -1 -1 -1 406.86 175.02 449.46 198.81 -1 -1 -1 -1000 -1000 -1000 -10 0.71
30 40 Cyclist -1 -1 -1 -4.83 147.14 215.43 364.01 -1 -1 -1 -1000 -1000 -1000 -10 0.43
30 41 Pedestrian -1 -1 -1 909.90 166.93 994.29 353.33 -1 -1 -1 -1000 -1000 -1000 -10 0.42
31 1 Car -1 -1 -1 573.04 176.85 656.03 251.94 -1 -1 -1 -1000 -1000 -1000 -10 0.96
31 38 Car -1 -1 -1 565.44 170.12 620.34 218.69 -1 -1 -1 -1000 -1000 -1000 -10 0.79
31 31 Pedestrian -1 -1 -1 493.42 164.36 522.05 249.33 -1 -1 -1 -1000 -1000 -1000 -10 0.78
31 24 Pedestrian -1 -1 -1 461.81 155.88 500.16 262.78 -1 -1 -1 -1000 -1000 -1000 -10 0.76
31 34 Pedestrian -1 -1 -1 790.37 148.67 845.33 287.70 -1 -1 -1 -1000 -1000 -1000 -10 0.75
31 3 Pedestrian -1 -1 -1 351.75 151.63 410.57 307.09 -1 -1 -1 -1000 -1000 -1000 -10 0.75
31 11 Car -1 -1 -1 539.07 168.55 567.31 191.66 -1 -1 -1 -1000 -1000 -1000 -10 0.73
31 33 Car -1 -1 -1 199.78 181.97 302.77 229.87 -1 -1 -1 -1000 -1000 -1000 -10 0.72
31 39 Car -1 -1 -1 398.91 176.60 446.30 199.99 -1 -1 -1 -1000 -1000 -1000 -10 0.72
31 27 Pedestrian -1 -1 -1 222.87 156.78 325.10 363.34 -1 -1 -1 -1000 -1000 -1000 -10 0.68
31 32 Car -1 -1 -1 609.35 161.90 665.85 188.20 -1 -1 -1 -1000 -1000 -1000 -10 0.68
31 41 Pedestrian -1 -1 -1 948.58 171.47 1039.81 362.72 -1 -1 -1 -1000 -1000 -1000 -10 0.66
31 36 Car -1 -1 -1 443.57 170.98 503.06 209.15 -1 -1 -1 -1000 -1000 -1000 -10 0.61
31 37 Pedestrian -1 -1 -1 881.72 144.99 953.38 328.71 -1 -1 -1 -1000 -1000 -1000 -10 0.55
32 1 Car -1 -1 -1 572.95 176.41 654.63 251.41 -1 -1 -1 -1000 -1000 -1000 -10 0.95
32 39 Car -1 -1 -1 390.21 177.85 441.57 203.21 -1 -1 -1 -1000 -1000 -1000 -10 0.85
32 38 Car -1 -1 -1 564.06 171.10 618.95 217.64 -1 -1 -1 -1000 -1000 -1000 -10 0.82
32 33 Car -1 -1 -1 177.26 184.66 285.45 233.79 -1 -1 -1 -1000 -1000 -1000 -10 0.82
32 34 Pedestrian -1 -1 -1 800.88 151.36 858.30 297.77 -1 -1 -1 -1000 -1000 -1000 -10 0.76
32 24 Pedestrian -1 -1 -1 458.34 157.69 496.34 261.32 -1 -1 -1 -1000 -1000 -1000 -10 0.73
32 31 Pedestrian -1 -1 -1 488.90 164.73 518.76 253.66 -1 -1 -1 -1000 -1000 -1000 -10 0.71
32 11 Car -1 -1 -1 538.52 168.89 567.71 191.36 -1 -1 -1 -1000 -1000 -1000 -10 0.71
32 3 Pedestrian -1 -1 -1 338.38 152.77 400.48 320.48 -1 -1 -1 -1000 -1000 -1000 -10 0.69
32 27 Pedestrian -1 -1 -1 186.63 163.28 299.95 363.02 -1 -1 -1 -1000 -1000 -1000 -10 0.68
32 37 Pedestrian -1 -1 -1 899.71 145.30 973.57 343.35 -1 -1 -1 -1000 -1000 -1000 -10 0.63
32 41 Pedestrian -1 -1 -1 970.85 172.25 1101.85 362.63 -1 -1 -1 -1000 -1000 -1000 -10 0.59
32 32 Car -1 -1 -1 609.86 161.78 665.62 188.79 -1 -1 -1 -1000 -1000 -1000 -10 0.58
32 36 Car -1 -1 -1 438.56 171.99 500.46 210.03 -1 -1 -1 -1000 -1000 -1000 -10 0.51
33 1 Car -1 -1 -1 571.46 177.04 652.73 249.94 -1 -1 -1 -1000 -1000 -1000 -10 0.95
33 38 Car -1 -1 -1 560.66 171.66 616.09 217.49 -1 -1 -1 -1000 -1000 -1000 -10 0.88
33 3 Pedestrian -1 -1 -1 320.47 151.58 388.47 330.12 -1 -1 -1 -1000 -1000 -1000 -10 0.79
33 31 Pedestrian -1 -1 -1 484.39 165.66 515.44 255.91 -1 -1 -1 -1000 -1000 -1000 -10 0.78
33 33 Car -1 -1 -1 148.69 183.61 269.28 236.48 -1 -1 -1 -1000 -1000 -1000 -10 0.76
33 34 Pedestrian -1 -1 -1 810.89 152.66 871.37 304.74 -1 -1 -1 -1000 -1000 -1000 -10 0.74
33 24 Pedestrian -1 -1 -1 448.56 153.57 490.74 266.73 -1 -1 -1 -1000 -1000 -1000 -10 0.73
33 39 Car -1 -1 -1 382.80 179.43 435.33 204.83 -1 -1 -1 -1000 -1000 -1000 -10 0.70
33 11 Car -1 -1 -1 537.24 168.56 563.80 191.88 -1 -1 -1 -1000 -1000 -1000 -10 0.69
33 27 Pedestrian -1 -1 -1 140.75 155.43 269.24 364.75 -1 -1 -1 -1000 -1000 -1000 -10 0.67
33 37 Pedestrian -1 -1 -1 916.37 147.30 995.47 349.60 -1 -1 -1 -1000 -1000 -1000 -10 0.59
33 32 Car -1 -1 -1 611.01 162.29 664.78 190.14 -1 -1 -1 -1000 -1000 -1000 -10 0.53
33 36 Car -1 -1 -1 436.70 171.30 494.22 216.71 -1 -1 -1 -1000 -1000 -1000 -10 0.51
33 41 Pedestrian -1 -1 -1 996.02 171.44 1176.36 363.60 -1 -1 -1 -1000 -1000 -1000 -10 0.50
34 1 Car -1 -1 -1 570.80 178.43 650.81 250.12 -1 -1 -1 -1000 -1000 -1000 -10 0.96
34 39 Car -1 -1 -1 374.70 181.95 427.96 209.04 -1 -1 -1 -1000 -1000 -1000 -10 0.82
34 31 Pedestrian -1 -1 -1 479.02 166.72 512.55 262.04 -1 -1 -1 -1000 -1000 -1000 -10 0.79
34 24 Pedestrian -1 -1 -1 439.45 156.74 484.58 278.16 -1 -1 -1 -1000 -1000 -1000 -10 0.78
34 38 Car -1 -1 -1 558.61 173.85 611.59 217.74 -1 -1 -1 -1000 -1000 -1000 -10 0.78
34 33 Car -1 -1 -1 132.03 188.79 254.02 246.45 -1 -1 -1 -1000 -1000 -1000 -10 0.76
34 3 Pedestrian -1 -1 -1 296.93 151.29 373.63 345.49 -1 -1 -1 -1000 -1000 -1000 -10 0.73
34 34 Pedestrian -1 -1 -1 823.87 156.10 888.48 316.54 -1 -1 -1 -1000 -1000 -1000 -10 0.73
34 11 Car -1 -1 -1 536.35 171.02 563.05 194.28 -1 -1 -1 -1000 -1000 -1000 -10 0.72
34 37 Pedestrian -1 -1 -1 938.06 147.04 1019.75 357.56 -1 -1 -1 -1000 -1000 -1000 -10 0.61
34 27 Pedestrian -1 -1 -1 62.93 152.46 247.44 366.77 -1 -1 -1 -1000 -1000 -1000 -10 0.60
34 36 Car -1 -1 -1 430.86 173.45 491.14 216.75 -1 -1 -1 -1000 -1000 -1000 -10 0.60
34 32 Car -1 -1 -1 607.58 164.42 661.11 192.75 -1 -1 -1 -1000 -1000 -1000 -10 0.53
35 1 Car -1 -1 -1 570.74 180.09 649.05 249.64 -1 -1 -1 -1000 -1000 -1000 -10 0.93
35 38 Car -1 -1 -1 557.96 176.97 608.94 218.06 -1 -1 -1 -1000 -1000 -1000 -10 0.84
35 33 Car -1 -1 -1 94.03 189.46 231.60 253.39 -1 -1 -1 -1000 -1000 -1000 -10 0.84
35 39 Car -1 -1 -1 363.66 183.63 421.50 210.98 -1 -1 -1 -1000 -1000 -1000 -10 0.83
35 31 Pedestrian -1 -1 -1 471.65 169.17 506.07 267.31 -1 -1 -1 -1000 -1000 -1000 -10 0.81
35 24 Pedestrian -1 -1 -1 435.29 159.30 480.52 275.15 -1 -1 -1 -1000 -1000 -1000 -10 0.77
35 3 Pedestrian -1 -1 -1 273.35 150.91 358.84 360.33 -1 -1 -1 -1000 -1000 -1000 -10 0.74
35 34 Pedestrian -1 -1 -1 842.12 158.30 908.53 329.66 -1 -1 -1 -1000 -1000 -1000 -10 0.72
35 11 Car -1 -1 -1 537.77 175.92 560.05 195.54 -1 -1 -1 -1000 -1000 -1000 -10 0.63
35 37 Pedestrian -1 -1 -1 968.86 152.01 1050.09 360.15 -1 -1 -1 -1000 -1000 -1000 -10 0.51
35 27 Pedestrian -1 -1 -1 2.49 156.25 200.81 362.86 -1 -1 -1 -1000 -1000 -1000 -10 0.50
35 32 Car -1 -1 -1 607.61 168.07 653.16 191.56 -1 -1 -1 -1000 -1000 -1000 -10 0.45
35 36 Car -1 -1 -1 427.90 173.57 480.10 222.86 -1 -1 -1 -1000 -1000 -1000 -10 0.40
36 1 Car -1 -1 -1 569.43 179.72 644.47 248.21 -1 -1 -1 -1000 -1000 -1000 -10 0.96
36 39 Car -1 -1 -1 353.91 183.95 415.94 211.48 -1 -1 -1 -1000 -1000 -1000 -10 0.87
36 33 Car -1 -1 -1 39.94 190.25 210.00 261.08 -1 -1 -1 -1000 -1000 -1000 -10 0.86
36 38 Car -1 -1 -1 554.83 177.00 606.68 217.40 -1 -1 -1 -1000 -1000 -1000 -10 0.82
36 24 Pedestrian -1 -1 -1 431.98 160.62 475.58 274.25 -1 -1 -1 -1000 -1000 -1000 -10 0.78
36 31 Pedestrian -1 -1 -1 466.67 170.02 501.89 271.44 -1 -1 -1 -1000 -1000 -1000 -10 0.75
36 34 Pedestrian -1 -1 -1 859.84 153.91 929.22 342.44 -1 -1 -1 -1000 -1000 -1000 -10 0.74
36 3 Pedestrian -1 -1 -1 248.66 150.88 337.30 361.08 -1 -1 -1 -1000 -1000 -1000 -10 0.72
36 32 Car -1 -1 -1 606.88 167.84 653.12 191.36 -1 -1 -1 -1000 -1000 -1000 -10 0.63
36 11 Car -1 -1 -1 536.52 174.58 557.31 194.24 -1 -1 -1 -1000 -1000 -1000 -10 0.60
36 36 Car -1 -1 -1 420.46 175.47 479.51 221.05 -1 -1 -1 -1000 -1000 -1000 -10 0.60
36 37 Pedestrian -1 -1 -1 1002.12 151.49 1085.72 360.93 -1 -1 -1 -1000 -1000 -1000 -10 0.47
37 1 Car -1 -1 -1 568.30 179.61 641.04 245.77 -1 -1 -1 -1000 -1000 -1000 -10 0.90
37 33 Car -1 -1 -1 3.85 196.38 177.19 267.41 -1 -1 -1 -1000 -1000 -1000 -10 0.88
37 38 Car -1 -1 -1 551.53 175.32 601.81 215.11 -1 -1 -1 -1000 -1000 -1000 -10 0.88
37 39 Car -1 -1 -1 343.82 184.21 410.44 212.31 -1 -1 -1 -1000 -1000 -1000 -10 0.88
37 24 Pedestrian -1 -1 -1 424.45 160.30 468.41 275.16 -1 -1 -1 -1000 -1000 -1000 -10 0.76
37 31 Pedestrian -1 -1 -1 458.82 168.52 495.61 275.79 -1 -1 -1 -1000 -1000 -1000 -10 0.76
37 3 Pedestrian -1 -1 -1 212.98 148.68 311.86 363.01 -1 -1 -1 -1000 -1000 -1000 -10 0.74
37 11 Car -1 -1 -1 535.48 173.61 556.53 194.52 -1 -1 -1 -1000 -1000 -1000 -10 0.73
37 34 Pedestrian -1 -1 -1 880.32 144.19 954.95 352.72 -1 -1 -1 -1000 -1000 -1000 -10 0.66
37 36 Car -1 -1 -1 416.57 173.19 475.52 223.35 -1 -1 -1 -1000 -1000 -1000 -10 0.57
37 32 Car -1 -1 -1 601.81 166.23 651.06 191.30 -1 -1 -1 -1000 -1000 -1000 -10 0.48
37 37 Pedestrian -1 -1 -1 1028.00 142.47 1121.47 362.20 -1 -1 -1 -1000 -1000 -1000 -10 0.44
37 42 Pedestrian -1 -1 -1 1037.01 148.40 1127.66 363.60 -1 -1 -1 -1000 -1000 -1000 -10 0.44
38 1 Car -1 -1 -1 566.83 177.80 639.57 243.38 -1 -1 -1 -1000 -1000 -1000 -10 0.95
38 33 Car -1 -1 -1 1.59 197.22 146.52 277.02 -1 -1 -1 -1000 -1000 -1000 -10 0.95
38 39 Car -1 -1 -1 331.92 184.09 400.55 212.85 -1 -1 -1 -1000 -1000 -1000 -10 0.87
38 38 Car -1 -1 -1 548.82 173.94 598.34 213.86 -1 -1 -1 -1000 -1000 -1000 -10 0.86
38 31 Pedestrian -1 -1 -1 450.20 168.92 489.20 280.63 -1 -1 -1 -1000 -1000 -1000 -10 0.78
38 11 Car -1 -1 -1 533.56 172.69 556.69 194.08 -1 -1 -1 -1000 -1000 -1000 -10 0.78
38 3 Pedestrian -1 -1 -1 163.71 144.32 276.98 367.80 -1 -1 -1 -1000 -1000 -1000 -10 0.70
38 24 Pedestrian -1 -1 -1 415.56 157.84 461.60 278.23 -1 -1 -1 -1000 -1000 -1000 -10 0.67
38 34 Pedestrian -1 -1 -1 903.85 146.90 985.02 364.42 -1 -1 -1 -1000 -1000 -1000 -10 0.66
38 42 Pedestrian -1 -1 -1 1071.14 143.59 1185.45 368.33 -1 -1 -1 -1000 -1000 -1000 -10 0.46
38 32 Car -1 -1 -1 603.53 163.58 649.63 189.43 -1 -1 -1 -1000 -1000 -1000 -10 0.44
39 1 Car -1 -1 -1 564.37 177.03 636.64 240.36 -1 -1 -1 -1000 -1000 -1000 -10 0.92
39 33 Car -1 -1 -1 -1.63 197.20 112.87 285.34 -1 -1 -1 -1000 -1000 -1000 -10 0.91
39 38 Car -1 -1 -1 545.93 174.44 593.21 213.22 -1 -1 -1 -1000 -1000 -1000 -10 0.85
39 39 Car -1 -1 -1 320.91 184.30 393.19 213.96 -1 -1 -1 -1000 -1000 -1000 -10 0.79
39 31 Pedestrian -1 -1 -1 444.45 169.62 485.76 287.11 -1 -1 -1 -1000 -1000 -1000 -10 0.75
39 11 Car -1 -1 -1 533.57 172.27 555.90 193.29 -1 -1 -1 -1000 -1000 -1000 -10 0.69
39 3 Pedestrian -1 -1 -1 93.29 137.29 247.80 366.73 -1 -1 -1 -1000 -1000 -1000 -10 0.67
39 34 Pedestrian -1 -1 -1 934.92 150.00 1022.75 361.41 -1 -1 -1 -1000 -1000 -1000 -10 0.61
39 42 Pedestrian -1 -1 -1 1115.09 134.74 1218.12 369.45 -1 -1 -1 -1000 -1000 -1000 -10 0.56
39 24 Pedestrian -1 -1 -1 403.06 163.72 451.80 286.39 -1 -1 -1 -1000 -1000 -1000 -10 0.55
39 32 Car -1 -1 -1 603.35 163.42 657.04 189.38 -1 -1 -1 -1000 -1000 -1000 -10 0.45
40 1 Car -1 -1 -1 563.01 175.60 633.67 238.93 -1 -1 -1 -1000 -1000 -1000 -10 0.89
40 39 Car -1 -1 -1 306.25 183.52 380.63 215.89 -1 -1 -1 -1000 -1000 -1000 -10 0.84
40 38 Car -1 -1 -1 544.34 175.09 587.35 211.48 -1 -1 -1 -1000 -1000 -1000 -10 0.78
40 11 Car -1 -1 -1 531.54 171.59 554.15 193.73 -1 -1 -1 -1000 -1000 -1000 -10 0.76
40 31 Pedestrian -1 -1 -1 431.90 165.21 477.05 292.45 -1 -1 -1 -1000 -1000 -1000 -10 0.76
40 33 Car -1 -1 -1 -0.77 200.34 73.49 288.49 -1 -1 -1 -1000 -1000 -1000 -10 0.72
40 24 Pedestrian -1 -1 -1 396.68 158.47 442.77 285.49 -1 -1 -1 -1000 -1000 -1000 -10 0.67
40 34 Pedestrian -1 -1 -1 963.01 142.44 1063.74 361.77 -1 -1 -1 -1000 -1000 -1000 -10 0.53
40 3 Pedestrian -1 -1 -1 18.90 145.59 199.60 365.79 -1 -1 -1 -1000 -1000 -1000 -10 0.47
40 43 Cyclist -1 -1 -1 689.26 161.97 716.30 205.45 -1 -1 -1 -1000 -1000 -1000 -10 0.40
41 1 Car -1 -1 -1 560.64 175.37 630.19 238.06 -1 -1 -1 -1000 -1000 -1000 -10 0.95
41 39 Car -1 -1 -1 290.84 183.95 373.13 218.53 -1 -1 -1 -1000 -1000 -1000 -10 0.85
41 31 Pedestrian -1 -1 -1 422.75 167.99 469.83 297.63 -1 -1 -1 -1000 -1000 -1000 -10 0.80
41 43 Cyclist -1 -1 -1 685.20 161.97 713.20 206.17 -1 -1 -1 -1000 -1000 -1000 -10 0.73
41 38 Car -1 -1 -1 541.14 175.03 583.96 211.84 -1 -1 -1 -1000 -1000 -1000 -10 0.70
41 11 Car -1 -1 -1 531.11 171.15 554.74 193.45 -1 -1 -1 -1000 -1000 -1000 -10 0.65
41 24 Pedestrian -1 -1 -1 389.75 157.73 434.23 291.71 -1 -1 -1 -1000 -1000 -1000 -10 0.53
42 1 Car -1 -1 -1 558.22 175.77 627.83 236.79 -1 -1 -1 -1000 -1000 -1000 -10 0.95
42 39 Car -1 -1 -1 276.93 184.50 362.80 219.52 -1 -1 -1 -1000 -1000 -1000 -10 0.89
42 43 Cyclist -1 -1 -1 680.94 162.36 710.01 209.20 -1 -1 -1 -1000 -1000 -1000 -10 0.73
42 31 Pedestrian -1 -1 -1 408.97 170.11 460.47 304.21 -1 -1 -1 -1000 -1000 -1000 -10 0.72
42 38 Car -1 -1 -1 539.65 175.51 580.21 210.92 -1 -1 -1 -1000 -1000 -1000 -10 0.66
42 11 Car -1 -1 -1 529.25 171.03 554.84 194.35 -1 -1 -1 -1000 -1000 -1000 -10 0.64
42 24 Pedestrian -1 -1 -1 381.60 161.92 426.79 295.12 -1 -1 -1 -1000 -1000 -1000 -10 0.59
42 44 Car -1 -1 -1 406.16 172.13 486.63 226.43 -1 -1 -1 -1000 -1000 -1000 -10 0.63
42 45 Pedestrian -1 -1 -1 1011.92 134.62 1122.30 369.39 -1 -1 -1 -1000 -1000 -1000 -10 0.43
42 46 Car -1 -1 -1 653.02 167.55 700.31 200.24 -1 -1 -1 -1000 -1000 -1000 -10 0.41
43 1 Car -1 -1 -1 554.75 177.36 622.93 235.47 -1 -1 -1 -1000 -1000 -1000 -10 0.94
43 39 Car -1 -1 -1 259.54 186.97 349.54 222.92 -1 -1 -1 -1000 -1000 -1000 -10 0.87
43 38 Car -1 -1 -1 537.83 176.89 577.07 211.28 -1 -1 -1 -1000 -1000 -1000 -10 0.85
43 44 Car -1 -1 -1 393.16 173.38 483.95 229.51 -1 -1 -1 -1000 -1000 -1000 -10 0.80
43 31 Pedestrian -1 -1 -1 391.35 167.62 448.14 313.47 -1 -1 -1 -1000 -1000 -1000 -10 0.73
43 45 Pedestrian -1 -1 -1 1065.29 128.21 1191.32 367.80 -1 -1 -1 -1000 -1000 -1000 -10 0.69
43 46 Car -1 -1 -1 651.39 168.23 700.67 200.64 -1 -1 -1 -1000 -1000 -1000 -10 0.62
43 24 Pedestrian -1 -1 -1 370.25 162.17 422.79 303.86 -1 -1 -1 -1000 -1000 -1000 -10 0.59
43 43 Cyclist -1 -1 -1 681.13 162.92 703.31 208.90 -1 -1 -1 -1000 -1000 -1000 -10 0.56
44 39 Car -1 -1 -1 240.19 187.39 336.52 226.39 -1 -1 -1 -1000 -1000 -1000 -10 0.91
44 1 Car -1 -1 -1 551.85 176.78 621.68 236.19 -1 -1 -1 -1000 -1000 -1000 -10 0.90
44 44 Car -1 -1 -1 386.66 175.20 476.55 229.90 -1 -1 -1 -1000 -1000 -1000 -10 0.86
44 38 Car -1 -1 -1 534.22 176.54 574.04 211.22 -1 -1 -1 -1000 -1000 -1000 -10 0.84
44 31 Pedestrian -1 -1 -1 372.62 165.94 435.68 323.29 -1 -1 -1 -1000 -1000 -1000 -10 0.65
44 24 Pedestrian -1 -1 -1 357.05 163.35 413.50 317.44 -1 -1 -1 -1000 -1000 -1000 -10 0.59
44 46 Car -1 -1 -1 654.42 167.76 697.39 200.67 -1 -1 -1 -1000 -1000 -1000 -10 0.53
44 47 Pedestrian -1 -1 -1 679.01 163.23 697.54 207.87 -1 -1 -1 -1000 -1000 -1000 -10 0.46
45 1 Car -1 -1 -1 550.87 176.62 615.70 234.70 -1 -1 -1 -1000 -1000 -1000 -10 0.94
45 39 Car -1 -1 -1 216.36 187.83 324.42 229.70 -1 -1 -1 -1000 -1000 -1000 -10 0.86
45 44 Car -1 -1 -1 377.99 175.38 474.91 230.00 -1 -1 -1 -1000 -1000 -1000 -10 0.86
45 24 Pedestrian -1 -1 -1 337.99 156.51 408.75 332.62 -1 -1 -1 -1000 -1000 -1000 -10 0.68
45 38 Car -1 -1 -1 530.71 176.13 573.89 210.36 -1 -1 -1 -1000 -1000 -1000 -10 0.66
45 31 Pedestrian -1 -1 -1 348.63 156.91 421.25 339.63 -1 -1 -1 -1000 -1000 -1000 -10 0.65
45 46 Car -1 -1 -1 654.23 166.83 692.26 200.95 -1 -1 -1 -1000 -1000 -1000 -10 0.46
46 1 Car -1 -1 -1 548.27 176.90 612.97 232.90 -1 -1 -1 -1000 -1000 -1000 -10 0.92
46 39 Car -1 -1 -1 192.53 187.73 310.50 232.35 -1 -1 -1 -1000 -1000 -1000 -10 0.92
46 44 Car -1 -1 -1 369.73 172.90 470.94 232.12 -1 -1 -1 -1000 -1000 -1000 -10 0.89
46 38 Car -1 -1 -1 529.13 174.21 571.12 209.68 -1 -1 -1 -1000 -1000 -1000 -10 0.81
46 31 Pedestrian -1 -1 -1 321.20 155.92 402.75 356.16 -1 -1 -1 -1000 -1000 -1000 -10 0.69
46 48 Cyclist -1 -1 -1 666.23 162.13 686.34 210.12 -1 -1 -1 -1000 -1000 -1000 -10 0.46
47 1 Car -1 -1 -1 545.12 176.67 608.16 232.88 -1 -1 -1 -1000 -1000 -1000 -10 0.91
47 44 Car -1 -1 -1 364.13 176.46 467.36 233.26 -1 -1 -1 -1000 -1000 -1000 -10 0.87
47 39 Car -1 -1 -1 166.07 188.22 291.35 236.81 -1 -1 -1 -1000 -1000 -1000 -10 0.87
47 38 Car -1 -1 -1 526.69 175.05 566.51 209.15 -1 -1 -1 -1000 -1000 -1000 -10 0.79
47 31 Pedestrian -1 -1 -1 290.16 153.48 380.44 366.73 -1 -1 -1 -1000 -1000 -1000 -10 0.72
47 48 Cyclist -1 -1 -1 662.47 163.58 683.53 210.26 -1 -1 -1 -1000 -1000 -1000 -10 0.45
47 49 Car -1 -1 -1 959.88 151.97 1105.11 200.73 -1 -1 -1 -1000 -1000 -1000 -10 0.78
47 50 Pedestrian -1 -1 -1 662.47 163.58 683.53 210.26 -1 -1 -1 -1000 -1000 -1000 -10 0.44
48 1 Car -1 -1 -1 542.12 178.68 603.78 233.17 -1 -1 -1 -1000 -1000 -1000 -10 0.95
48 49 Car -1 -1 -1 974.06 151.87 1113.80 200.68 -1 -1 -1 -1000 -1000 -1000 -10 0.89
48 39 Car -1 -1 -1 136.44 189.83 272.52 243.79 -1 -1 -1 -1000 -1000 -1000 -10 0.89
48 44 Car -1 -1 -1 364.57 177.96 465.94 235.42 -1 -1 -1 -1000 -1000 -1000 -10 0.88
48 38 Car -1 -1 -1 524.04 176.54 565.73 210.55 -1 -1 -1 -1000 -1000 -1000 -10 0.77
48 31 Pedestrian -1 -1 -1 254.49 155.90 362.35 364.09 -1 -1 -1 -1000 -1000 -1000 -10 0.72
48 51 Car -1 -1 -1 1134.84 150.55 1221.13 200.85 -1 -1 -1 -1000 -1000 -1000 -10 0.61
49 39 Car -1 -1 -1 100.22 193.62 255.26 251.10 -1 -1 -1 -1000 -1000 -1000 -10 0.90
49 44 Car -1 -1 -1 361.63 179.69 462.37 238.92 -1 -1 -1 -1000 -1000 -1000 -10 0.89
49 1 Car -1 -1 -1 540.37 178.75 602.26 232.92 -1 -1 -1 -1000 -1000 -1000 -10 0.89
49 38 Car -1 -1 -1 523.31 178.73 562.16 211.37 -1 -1 -1 -1000 -1000 -1000 -10 0.86
49 51 Car -1 -1 -1 1152.73 150.53 1218.91 206.82 -1 -1 -1 -1000 -1000 -1000 -10 0.84
49 49 Car -1 -1 -1 979.63 150.34 1130.29 202.54 -1 -1 -1 -1000 -1000 -1000 -10 0.83
49 31 Pedestrian -1 -1 -1 199.21 151.77 341.06 367.68 -1 -1 -1 -1000 -1000 -1000 -10 0.67
49 52 Car -1 -1 -1 1109.42 147.38 1223.75 196.28 -1 -1 -1 -1000 -1000 -1000 -10 0.40
50 1 Car -1 -1 -1 538.35 181.17 597.34 232.18 -1 -1 -1 -1000 -1000 -1000 -10 0.93
50 44 Car -1 -1 -1 351.70 179.77 455.74 242.26 -1 -1 -1 -1000 -1000 -1000 -10 0.89
50 49 Car -1 -1 -1 983.55 150.94 1142.00 206.60 -1 -1 -1 -1000 -1000 -1000 -10 0.86
50 51 Car -1 -1 -1 1166.41 149.05 1221.26 209.63 -1 -1 -1 -1000 -1000 -1000 -10 0.86
50 39 Car -1 -1 -1 65.04 196.99 237.98 260.09 -1 -1 -1 -1000 -1000 -1000 -10 0.79
50 52 Car -1 -1 -1 1124.10 147.02 1224.05 197.10 -1 -1 -1 -1000 -1000 -1000 -10 0.76
50 38 Car -1 -1 -1 521.76 180.55 561.21 211.27 -1 -1 -1 -1000 -1000 -1000 -10 0.71
50 31 Pedestrian -1 -1 -1 132.40 153.19 315.88 365.86 -1 -1 -1 -1000 -1000 -1000 -10 0.49
50 53 Cyclist -1 -1 -1 647.65 170.29 673.76 212.40 -1 -1 -1 -1000 -1000 -1000 -10 0.51
51 1 Car -1 -1 -1 534.86 181.88 593.29 232.00 -1 -1 -1 -1000 -1000 -1000 -10 0.92
51 44 Car -1 -1 -1 343.46 181.24 449.23 243.92 -1 -1 -1 -1000 -1000 -1000 -10 0.89
51 49 Car -1 -1 -1 998.43 152.96 1150.38 206.59 -1 -1 -1 -1000 -1000 -1000 -10 0.88
51 38 Car -1 -1 -1 519.62 182.51 556.90 211.81 -1 -1 -1 -1000 -1000 -1000 -10 0.77
51 51 Car -1 -1 -1 1181.83 147.91 1222.22 211.93 -1 -1 -1 -1000 -1000 -1000 -10 0.76
51 39 Car -1 -1 -1 14.44 196.93 212.23 268.21 -1 -1 -1 -1000 -1000 -1000 -10 0.73
51 52 Car -1 -1 -1 1139.10 149.23 1224.07 200.29 -1 -1 -1 -1000 -1000 -1000 -10 0.67
51 31 Pedestrian -1 -1 -1 42.84 158.50 259.92 368.11 -1 -1 -1 -1000 -1000 -1000 -10 0.47
51 53 Cyclist -1 -1 -1 644.95 168.88 671.14 213.63 -1 -1 -1 -1000 -1000 -1000 -10 0.44
51 54 Car -1 -1 -1 958.98 159.15 1083.15 208.37 -1 -1 -1 -1000 -1000 -1000 -10 0.40
52 1 Car -1 -1 -1 532.97 181.99 590.77 230.67 -1 -1 -1 -1000 -1000 -1000 -10 0.94
52 44 Car -1 -1 -1 339.76 181.48 444.87 245.36 -1 -1 -1 -1000 -1000 -1000 -10 0.91
52 49 Car -1 -1 -1 1011.56 153.59 1161.16 210.20 -1 -1 -1 -1000 -1000 -1000 -10 0.82
52 52 Car -1 -1 -1 1156.92 149.05 1221.81 202.08 -1 -1 -1 -1000 -1000 -1000 -10 0.76
52 51 Car -1 -1 -1 1203.57 149.60 1221.74 217.13 -1 -1 -1 -1000 -1000 -1000 -10 0.71
52 38 Car -1 -1 -1 518.71 183.20 556.12 211.40 -1 -1 -1 -1000 -1000 -1000 -10 0.70
52 54 Car -1 -1 -1 965.19 157.44 1099.75 210.34 -1 -1 -1 -1000 -1000 -1000 -10 0.46
52 55 Car -1 -1 -1 311.80 186.97 380.84 226.47 -1 -1 -1 -1000 -1000 -1000 -10 0.57
53 1 Car -1 -1 -1 530.15 180.90 586.05 229.61 -1 -1 -1 -1000 -1000 -1000 -10 0.92
53 44 Car -1 -1 -1 329.29 180.96 440.57 248.43 -1 -1 -1 -1000 -1000 -1000 -10 0.90
53 49 Car -1 -1 -1 1031.66 152.46 1178.32 207.51 -1 -1 -1 -1000 -1000 -1000 -10 0.81
53 55 Car -1 -1 -1 299.97 187.49 376.85 230.66 -1 -1 -1 -1000 -1000 -1000 -10 0.75
53 38 Car -1 -1 -1 516.85 183.07 551.93 211.54 -1 -1 -1 -1000 -1000 -1000 -10 0.73
53 52 Car -1 -1 -1 1166.78 146.50 1219.98 203.01 -1 -1 -1 -1000 -1000 -1000 -10 0.71
53 51 Car -1 -1 -1 1219.28 146.02 1220.42 212.76 -1 -1 -1 -1000 -1000 -1000 -10 0.41
53 56 Car -1 -1 -1 604.44 169.50 657.12 197.10 -1 -1 -1 -1000 -1000 -1000 -10 0.42
53 57 Pedestrian -1 -1 -1 8.01 155.49 149.17 356.64 -1 -1 -1 -1000 -1000 -1000 -10 0.41
53 58 Pedestrian -1 -1 -1 1015.29 142.58 1149.61 361.47 -1 -1 -1 -1000 -1000 -1000 -10 0.40
54 1 Car -1 -1 -1 527.09 182.39 582.39 229.12 -1 -1 -1 -1000 -1000 -1000 -10 0.89
54 44 Car -1 -1 -1 324.48 181.54 437.70 252.03 -1 -1 -1 -1000 -1000 -1000 -10 0.88
54 55 Car -1 -1 -1 283.74 188.95 370.03 232.13 -1 -1 -1 -1000 -1000 -1000 -10 0.83
54 56 Car -1 -1 -1 602.10 169.69 659.32 198.47 -1 -1 -1 -1000 -1000 -1000 -10 0.68
54 38 Car -1 -1 -1 515.90 183.60 550.95 211.60 -1 -1 -1 -1000 -1000 -1000 -10 0.65
54 52 Car -1 -1 -1 1179.07 146.65 1223.24 203.09 -1 -1 -1 -1000 -1000 -1000 -10 0.61
54 58 Pedestrian -1 -1 -1 1050.31 143.61 1214.08 360.52 -1 -1 -1 -1000 -1000 -1000 -10 0.47
54 59 Car -1 -1 -1 -1.28 205.57 111.78 299.31 -1 -1 -1 -1000 -1000 -1000 -10 0.74
54 60 Car -1 -1 -1 395.58 175.03 436.36 206.61 -1 -1 -1 -1000 -1000 -1000 -10 0.42
55 44 Car -1 -1 -1 313.42 182.61 434.04 253.58 -1 -1 -1 -1000 -1000 -1000 -10 0.83
55 1 Car -1 -1 -1 525.72 179.81 579.15 227.26 -1 -1 -1 -1000 -1000 -1000 -10 0.82
55 55 Car -1 -1 -1 267.92 190.02 356.81 232.39 -1 -1 -1 -1000 -1000 -1000 -10 0.81
55 59 Car -1 -1 -1 -0.21 211.60 59.07 293.52 -1 -1 -1 -1000 -1000 -1000 -10 0.71
55 38 Car -1 -1 -1 514.63 181.15 546.84 210.46 -1 -1 -1 -1000 -1000 -1000 -10 0.70
55 60 Car -1 -1 -1 386.58 173.34 430.16 210.03 -1 -1 -1 -1000 -1000 -1000 -10 0.70
55 56 Car -1 -1 -1 602.07 168.15 659.48 199.47 -1 -1 -1 -1000 -1000 -1000 -10 0.66
55 61 Car -1 -1 -1 425.79 181.83 450.72 199.33 -1 -1 -1 -1000 -1000 -1000 -10 0.43
56 1 Car -1 -1 -1 522.10 182.88 575.46 227.58 -1 -1 -1 -1000 -1000 -1000 -10 0.91
56 55 Car -1 -1 -1 252.11 191.79 342.40 236.04 -1 -1 -1 -1000 -1000 -1000 -10 0.87
56 44 Car -1 -1 -1 301.98 179.09 429.99 257.74 -1 -1 -1 -1000 -1000 -1000 -10 0.84
56 38 Car -1 -1 -1 513.78 181.28 546.13 209.92 -1 -1 -1 -1000 -1000 -1000 -10 0.73
56 56 Car -1 -1 -1 602.82 168.81 657.73 199.26 -1 -1 -1 -1000 -1000 -1000 -10 0.66
56 61 Car -1 -1 -1 420.65 181.96 450.09 200.88 -1 -1 -1 -1000 -1000 -1000 -10 0.60
56 60 Car -1 -1 -1 377.60 176.74 430.79 210.94 -1 -1 -1 -1000 -1000 -1000 -10 0.57
56 62 Car -1 -1 -1 1046.47 147.88 1209.77 209.83 -1 -1 -1 -1000 -1000 -1000 -10 0.62
56 63 Cyclist -1 -1 -1 57.03 195.39 100.19 253.07 -1 -1 -1 -1000 -1000 -1000 -10 0.46
57 1 Car -1 -1 -1 520.37 183.63 572.07 229.14 -1 -1 -1 -1000 -1000 -1000 -10 0.93
57 62 Car -1 -1 -1 1055.54 148.73 1224.54 216.81 -1 -1 -1 -1000 -1000 -1000 -10 0.90
57 44 Car -1 -1 -1 299.14 181.42 424.55 260.73 -1 -1 -1 -1000 -1000 -1000 -10 0.87
57 55 Car -1 -1 -1 228.81 191.69 327.01 238.22 -1 -1 -1 -1000 -1000 -1000 -10 0.77
57 38 Car -1 -1 -1 510.64 180.99 545.02 210.38 -1 -1 -1 -1000 -1000 -1000 -10 0.72
57 56 Car -1 -1 -1 601.89 168.87 658.29 199.22 -1 -1 -1 -1000 -1000 -1000 -10 0.67
57 61 Car -1 -1 -1 420.17 182.61 449.19 201.26 -1 -1 -1 -1000 -1000 -1000 -10 0.65
57 60 Car -1 -1 -1 387.17 184.31 429.70 206.73 -1 -1 -1 -1000 -1000 -1000 -10 0.55
57 63 Cyclist -1 -1 -1 31.57 193.81 79.90 257.60 -1 -1 -1 -1000 -1000 -1000 -10 0.52
58 44 Car -1 -1 -1 281.19 182.94 419.11 266.60 -1 -1 -1 -1000 -1000 -1000 -10 0.92
58 62 Car -1 -1 -1 1072.24 151.90 1221.91 221.17 -1 -1 -1 -1000 -1000 -1000 -10 0.87
58 55 Car -1 -1 -1 204.47 194.23 320.43 243.09 -1 -1 -1 -1000 -1000 -1000 -10 0.86
58 1 Car -1 -1 -1 519.13 183.47 569.82 230.20 -1 -1 -1 -1000 -1000 -1000 -10 0.82
58 38 Car -1 -1 -1 509.97 182.93 543.90 212.89 -1 -1 -1 -1000 -1000 -1000 -10 0.80
58 60 Car -1 -1 -1 389.70 186.62 424.72 207.76 -1 -1 -1 -1000 -1000 -1000 -10 0.69
58 63 Cyclist -1 -1 -1 6.88 195.23 58.53 261.72 -1 -1 -1 -1000 -1000 -1000 -10 0.67
58 61 Car -1 -1 -1 420.51 184.14 447.58 202.61 -1 -1 -1 -1000 -1000 -1000 -10 0.65
58 56 Car -1 -1 -1 603.09 169.56 657.31 198.88 -1 -1 -1 -1000 -1000 -1000 -10 0.49
58 64 Car -1 -1 -1 567.42 178.85 594.68 201.84 -1 -1 -1 -1000 -1000 -1000 -10 0.64
58 65 Pedestrian -1 -1 -1 608.92 173.18 628.32 226.20 -1 -1 -1 -1000 -1000 -1000 -10 0.55
58 66 Car -1 -1 -1 341.84 179.60 396.66 217.60 -1 -1 -1 -1000 -1000 -1000 -10 0.45
59 44 Car -1 -1 -1 275.36 181.92 403.60 269.98 -1 -1 -1 -1000 -1000 -1000 -10 0.90
59 62 Car -1 -1 -1 1084.35 152.38 1219.32 222.32 -1 -1 -1 -1000 -1000 -1000 -10 0.89
59 1 Car -1 -1 -1 514.51 187.41 564.42 230.63 -1 -1 -1 -1000 -1000 -1000 -10 0.84
59 55 Car -1 -1 -1 180.01 198.29 300.00 250.19 -1 -1 -1 -1000 -1000 -1000 -10 0.83
59 64 Car -1 -1 -1 566.50 178.89 595.58 203.76 -1 -1 -1 -1000 -1000 -1000 -10 0.79
59 38 Car -1 -1 -1 510.11 184.34 542.42 213.86 -1 -1 -1 -1000 -1000 -1000 -10 0.74
59 60 Car -1 -1 -1 390.37 188.58 423.30 208.96 -1 -1 -1 -1000 -1000 -1000 -10 0.71
59 65 Pedestrian -1 -1 -1 609.44 175.21 628.31 229.69 -1 -1 -1 -1000 -1000 -1000 -10 0.66
59 61 Car -1 -1 -1 421.33 185.82 446.00 203.72 -1 -1 -1 -1000 -1000 -1000 -10 0.60
59 56 Car -1 -1 -1 604.45 172.53 656.08 201.41 -1 -1 -1 -1000 -1000 -1000 -10 0.60
59 66 Car -1 -1 -1 336.42 184.41 395.12 219.56 -1 -1 -1 -1000 -1000 -1000 -10 0.44
59 67 Pedestrian -1 -1 -1 2.70 195.52 32.69 269.30 -1 -1 -1 -1000 -1000 -1000 -10 0.40
59 68 Car -1 -1 -1 323.74 182.28 385.12 221.76 -1 -1 -1 -1000 -1000 -1000 -10 0.40
60 62 Car -1 -1 -1 1103.75 148.39 1220.95 219.17 -1 -1 -1 -1000 -1000 -1000 -10 0.90
60 1 Car -1 -1 -1 513.77 187.66 561.62 230.45 -1 -1 -1 -1000 -1000 -1000 -10 0.90
60 44 Car -1 -1 -1 265.88 182.67 397.28 275.77 -1 -1 -1 -1000 -1000 -1000 -10 0.89
60 55 Car -1 -1 -1 156.02 199.53 283.90 253.28 -1 -1 -1 -1000 -1000 -1000 -10 0.84
60 38 Car -1 -1 -1 511.11 185.73 541.05 213.37 -1 -1 -1 -1000 -1000 -1000 -10 0.66
60 68 Car -1 -1 -1 322.95 187.66 385.83 223.61 -1 -1 -1 -1000 -1000 -1000 -10 0.60
60 64 Car -1 -1 -1 566.45 179.26 596.64 204.61 -1 -1 -1 -1000 -1000 -1000 -10 0.60
60 56 Car -1 -1 -1 605.61 172.68 655.05 203.44 -1 -1 -1 -1000 -1000 -1000 -10 0.58
60 65 Pedestrian -1 -1 -1 611.06 175.31 632.13 230.89 -1 -1 -1 -1000 -1000 -1000 -10 0.56
60 60 Car -1 -1 -1 388.48 188.94 422.31 210.79 -1 -1 -1 -1000 -1000 -1000 -10 0.55
60 61 Car -1 -1 -1 418.23 186.65 445.88 204.99 -1 -1 -1 -1000 -1000 -1000 -10 0.53
61 44 Car -1 -1 -1 256.15 181.32 390.15 278.29 -1 -1 -1 -1000 -1000 -1000 -10 0.92
61 55 Car -1 -1 -1 127.97 200.89 266.20 258.09 -1 -1 -1 -1000 -1000 -1000 -10 0.91
61 62 Car -1 -1 -1 1121.16 142.58 1220.85 217.10 -1 -1 -1 -1000 -1000 -1000 -10 0.87
61 1 Car -1 -1 -1 513.95 184.68 560.20 228.72 -1 -1 -1 -1000 -1000 -1000 -10 0.86
61 64 Car -1 -1 -1 568.13 177.84 599.03 203.03 -1 -1 -1 -1000 -1000 -1000 -10 0.70
61 60 Car -1 -1 -1 388.67 188.14 422.13 209.23 -1 -1 -1 -1000 -1000 -1000 -10 0.69
61 65 Pedestrian -1 -1 -1 612.06 173.90 632.06 229.91 -1 -1 -1 -1000 -1000 -1000 -10 0.69
61 68 Car -1 -1 -1 315.17 187.76 378.29 225.33 -1 -1 -1 -1000 -1000 -1000 -10 0.66
61 61 Car -1 -1 -1 416.88 184.90 446.04 203.80 -1 -1 -1 -1000 -1000 -1000 -10 0.65
61 56 Car -1 -1 -1 605.49 170.36 655.11 204.13 -1 -1 -1 -1000 -1000 -1000 -10 0.63
61 38 Car -1 -1 -1 511.69 185.88 540.75 211.85 -1 -1 -1 -1000 -1000 -1000 -10 0.57
62 55 Car -1 -1 -1 87.23 198.05 246.66 261.89 -1 -1 -1 -1000 -1000 -1000 -10 0.93
62 44 Car -1 -1 -1 245.02 184.73 388.18 280.81 -1 -1 -1 -1000 -1000 -1000 -10 0.87
62 62 Car -1 -1 -1 1142.46 140.28 1220.45 218.71 -1 -1 -1 -1000 -1000 -1000 -10 0.84
62 1 Car -1 -1 -1 514.41 182.77 556.87 223.55 -1 -1 -1 -1000 -1000 -1000 -10 0.83
62 60 Car -1 -1 -1 387.42 186.80 422.70 206.91 -1 -1 -1 -1000 -1000 -1000 -10 0.67
62 64 Car -1 -1 -1 569.24 175.04 601.26 200.98 -1 -1 -1 -1000 -1000 -1000 -10 0.62
62 65 Pedestrian -1 -1 -1 613.10 173.37 633.07 228.93 -1 -1 -1 -1000 -1000 -1000 -10 0.62
62 56 Car -1 -1 -1 605.94 169.50 662.36 202.54 -1 -1 -1 -1000 -1000 -1000 -10 0.57
62 61 Car -1 -1 -1 415.94 182.43 446.94 201.34 -1 -1 -1 -1000 -1000 -1000 -10 0.52
62 38 Car -1 -1 -1 512.90 182.97 540.36 212.68 -1 -1 -1 -1000 -1000 -1000 -10 0.46
63 55 Car -1 -1 -1 52.51 195.02 226.41 264.42 -1 -1 -1 -1000 -1000 -1000 -10 0.89
63 44 Car -1 -1 -1 231.09 180.64 378.15 278.13 -1 -1 -1 -1000 -1000 -1000 -10 0.84
63 64 Car -1 -1 -1 571.67 172.94 605.44 200.02 -1 -1 -1 -1000 -1000 -1000 -10 0.77
63 1 Car -1 -1 -1 513.77 180.01 560.36 221.77 -1 -1 -1 -1000 -1000 -1000 -10 0.73
63 62 Car -1 -1 -1 1164.70 146.23 1221.95 219.58 -1 -1 -1 -1000 -1000 -1000 -10 0.70
63 60 Car -1 -1 -1 387.03 183.37 423.73 203.33 -1 -1 -1 -1000 -1000 -1000 -10 0.70
63 56 Car -1 -1 -1 607.46 165.03 668.35 202.87 -1 -1 -1 -1000 -1000 -1000 -10 0.64
63 65 Pedestrian -1 -1 -1 616.04 171.21 636.51 226.33 -1 -1 -1 -1000 -1000 -1000 -10 0.58
63 61 Car -1 -1 -1 421.28 178.93 448.04 197.60 -1 -1 -1 -1000 -1000 -1000 -10 0.54
63 69 Car -1 -1 -1 198.12 171.99 302.99 254.89 -1 -1 -1 -1000 -1000 -1000 -10 0.58
63 70 Car -1 -1 -1 340.16 186.08 385.49 213.05 -1 -1 -1 -1000 -1000 -1000 -10 0.54
64 55 Car -1 -1 -1 2.25 197.95 192.89 274.53 -1 -1 -1 -1000 -1000 -1000 -10 0.92
64 1 Car -1 -1 -1 513.80 180.45 561.15 221.39 -1 -1 -1 -1000 -1000 -1000 -10 0.86
64 44 Car -1 -1 -1 205.62 183.88 372.67 282.51 -1 -1 -1 -1000 -1000 -1000 -10 0.82
64 70 Car -1 -1 -1 339.68 185.64 384.86 213.91 -1 -1 -1 -1000 -1000 -1000 -10 0.73
64 64 Car -1 -1 -1 573.57 172.45 608.11 199.30 -1 -1 -1 -1000 -1000 -1000 -10 0.69
64 60 Car -1 -1 -1 388.20 182.94 422.91 204.09 -1 -1 -1 -1000 -1000 -1000 -10 0.66
64 62 Car -1 -1 -1 1187.36 145.60 1223.31 221.26 -1 -1 -1 -1000 -1000 -1000 -10 0.66
64 65 Pedestrian -1 -1 -1 619.78 170.50 639.74 227.17 -1 -1 -1 -1000 -1000 -1000 -10 0.63
64 56 Car -1 -1 -1 610.93 165.24 680.56 203.15 -1 -1 -1 -1000 -1000 -1000 -10 0.62
64 69 Car -1 -1 -1 153.24 173.01 279.97 261.52 -1 -1 -1 -1000 -1000 -1000 -10 0.58
64 61 Car -1 -1 -1 418.46 178.29 450.15 198.55 -1 -1 -1 -1000 -1000 -1000 -10 0.50
64 71 Car -1 -1 -1 363.38 185.10 405.58 209.19 -1 -1 -1 -1000 -1000 -1000 -10 0.49
65 1 Car -1 -1 -1 516.03 181.80 561.97 222.54 -1 -1 -1 -1000 -1000 -1000 -10 0.90
65 55 Car -1 -1 -1 3.97 204.33 153.46 290.79 -1 -1 -1 -1000 -1000 -1000 -10 0.88
65 44 Car -1 -1 -1 200.63 185.13 362.62 295.96 -1 -1 -1 -1000 -1000 -1000 -10 0.86
65 70 Car -1 -1 -1 338.75 188.03 387.17 217.25 -1 -1 -1 -1000 -1000 -1000 -10 0.85
65 64 Car -1 -1 -1 576.59 173.59 614.46 201.11 -1 -1 -1 -1000 -1000 -1000 -10 0.78
65 60 Car -1 -1 -1 392.07 184.85 425.71 206.83 -1 -1 -1 -1000 -1000 -1000 -10 0.73
65 56 Car -1 -1 -1 616.57 166.68 689.49 206.25 -1 -1 -1 -1000 -1000 -1000 -10 0.72
65 71 Car -1 -1 -1 364.69 185.96 406.70 212.96 -1 -1 -1 -1000 -1000 -1000 -10 0.72
65 65 Pedestrian -1 -1 -1 623.62 172.99 643.50 231.79 -1 -1 -1 -1000 -1000 -1000 -10 0.67
65 61 Car -1 -1 -1 424.11 180.76 451.57 200.66 -1 -1 -1 -1000 -1000 -1000 -10 0.63
65 69 Car -1 -1 -1 91.45 174.69 234.35 275.68 -1 -1 -1 -1000 -1000 -1000 -10 0.58
65 72 Pedestrian -1 -1 -1 235.31 165.05 258.76 230.21 -1 -1 -1 -1000 -1000 -1000 -10 0.43
66 44 Car -1 -1 -1 199.59 187.45 355.75 301.67 -1 -1 -1 -1000 -1000 -1000 -10 0.93
66 1 Car -1 -1 -1 518.74 183.05 563.36 222.82 -1 -1 -1 -1000 -1000 -1000 -10 0.86
66 70 Car -1 -1 -1 336.57 191.43 388.20 220.33 -1 -1 -1 -1000 -1000 -1000 -10 0.85
66 64 Car -1 -1 -1 579.84 173.92 618.39 202.61 -1 -1 -1 -1000 -1000 -1000 -10 0.71
66 56 Car -1 -1 -1 616.63 167.70 697.81 207.47 -1 -1 -1 -1000 -1000 -1000 -10 0.71
66 71 Car -1 -1 -1 366.84 189.32 408.84 214.54 -1 -1 -1 -1000 -1000 -1000 -10 0.67
66 60 Car -1 -1 -1 391.60 187.40 427.08 209.76 -1 -1 -1 -1000 -1000 -1000 -10 0.67
66 55 Car -1 -1 -1 0.84 211.31 110.27 300.72 -1 -1 -1 -1000 -1000 -1000 -10 0.60
66 65 Pedestrian -1 -1 -1 627.95 176.20 647.24 234.89 -1 -1 -1 -1000 -1000 -1000 -10 0.56
66 61 Car -1 -1 -1 429.21 183.71 454.06 202.43 -1 -1 -1 -1000 -1000 -1000 -10 0.56
66 72 Pedestrian -1 -1 -1 236.75 170.83 256.63 225.20 -1 -1 -1 -1000 -1000 -1000 -10 0.53
66 69 Car -1 -1 -1 5.33 177.28 182.23 304.20 -1 -1 -1 -1000 -1000 -1000 -10 0.45
67 44 Car -1 -1 -1 185.06 191.83 347.43 311.88 -1 -1 -1 -1000 -1000 -1000 -10 0.91
67 1 Car -1 -1 -1 521.25 183.27 565.55 223.33 -1 -1 -1 -1000 -1000 -1000 -10 0.80
67 64 Car -1 -1 -1 584.05 175.56 622.05 205.52 -1 -1 -1 -1000 -1000 -1000 -10 0.78
67 70 Car -1 -1 -1 338.73 192.03 390.64 221.30 -1 -1 -1 -1000 -1000 -1000 -10 0.74
67 71 Car -1 -1 -1 368.18 189.51 410.33 216.77 -1 -1 -1 -1000 -1000 -1000 -10 0.69
67 60 Car -1 -1 -1 395.34 188.29 430.73 210.71 -1 -1 -1 -1000 -1000 -1000 -10 0.66
67 56 Car -1 -1 -1 623.80 168.59 705.20 207.63 -1 -1 -1 -1000 -1000 -1000 -10 0.64
67 61 Car -1 -1 -1 430.00 184.28 457.12 203.89 -1 -1 -1 -1000 -1000 -1000 -10 0.63
67 69 Car -1 -1 -1 0.05 173.05 110.81 339.26 -1 -1 -1 -1000 -1000 -1000 -10 0.60
67 65 Pedestrian -1 -1 -1 631.77 177.64 652.12 234.59 -1 -1 -1 -1000 -1000 -1000 -10 0.58
67 72 Pedestrian -1 -1 -1 235.15 173.19 252.22 224.02 -1 -1 -1 -1000 -1000 -1000 -10 0.45
68 44 Car -1 -1 -1 170.50 191.61 338.77 321.40 -1 -1 -1 -1000 -1000 -1000 -10 0.92
68 70 Car -1 -1 -1 339.74 192.68 392.66 222.03 -1 -1 -1 -1000 -1000 -1000 -10 0.84
68 1 Car -1 -1 -1 526.43 183.74 567.91 222.56 -1 -1 -1 -1000 -1000 -1000 -10 0.81
68 64 Car -1 -1 -1 589.43 176.31 622.89 205.83 -1 -1 -1 -1000 -1000 -1000 -10 0.75
68 60 Car -1 -1 -1 399.47 188.58 434.07 210.95 -1 -1 -1 -1000 -1000 -1000 -10 0.70
68 71 Car -1 -1 -1 371.16 189.86 414.00 217.21 -1 -1 -1 -1000 -1000 -1000 -10 0.70
68 56 Car -1 -1 -1 630.77 169.14 713.84 212.20 -1 -1 -1 -1000 -1000 -1000 -10 0.67
68 65 Pedestrian -1 -1 -1 637.63 176.21 659.94 236.88 -1 -1 -1 -1000 -1000 -1000 -10 0.67
68 61 Car -1 -1 -1 432.29 184.52 461.60 204.11 -1 -1 -1 -1000 -1000 -1000 -10 0.65
68 72 Pedestrian -1 -1 -1 234.76 173.24 251.19 222.95 -1 -1 -1 -1000 -1000 -1000 -10 0.54
68 69 Car -1 -1 -1 2.61 212.61 47.02 314.99 -1 -1 -1 -1000 -1000 -1000 -10 0.48
69 44 Car -1 -1 -1 155.98 192.53 329.63 327.01 -1 -1 -1 -1000 -1000 -1000 -10 0.91
69 1 Car -1 -1 -1 530.66 183.58 574.55 222.96 -1 -1 -1 -1000 -1000 -1000 -10 0.84
69 70 Car -1 -1 -1 342.63 192.37 395.98 222.43 -1 -1 -1 -1000 -1000 -1000 -10 0.83
69 64 Car -1 -1 -1 595.25 177.68 628.51 206.00 -1 -1 -1 -1000 -1000 -1000 -10 0.74
69 71 Car -1 -1 -1 374.04 189.95 417.78 217.33 -1 -1 -1 -1000 -1000 -1000 -10 0.68
69 60 Car -1 -1 -1 403.20 188.56 438.57 211.05 -1 -1 -1 -1000 -1000 -1000 -10 0.57
69 56 Car -1 -1 -1 639.68 170.16 720.52 213.27 -1 -1 -1 -1000 -1000 -1000 -10 0.57
69 61 Car -1 -1 -1 439.49 184.71 466.32 203.97 -1 -1 -1 -1000 -1000 -1000 -10 0.56
69 65 Pedestrian -1 -1 -1 644.02 173.69 669.29 240.22 -1 -1 -1 -1000 -1000 -1000 -10 0.55
69 72 Pedestrian -1 -1 -1 235.29 175.52 250.77 221.20 -1 -1 -1 -1000 -1000 -1000 -10 0.41
69 73 Car -1 -1 -1 629.04 171.93 685.49 208.11 -1 -1 -1 -1000 -1000 -1000 -10 0.41
70 44 Car -1 -1 -1 135.92 190.10 319.41 337.52 -1 -1 -1 -1000 -1000 -1000 -10 0.90
70 70 Car -1 -1 -1 345.02 191.75 400.82 221.25 -1 -1 -1 -1000 -1000 -1000 -10 0.88
70 1 Car -1 -1 -1 536.27 184.25 579.09 222.54 -1 -1 -1 -1000 -1000 -1000 -10 0.87
70 71 Car -1 -1 -1 377.99 189.18 422.63 216.82 -1 -1 -1 -1000 -1000 -1000 -10 0.76
70 73 Car -1 -1 -1 635.14 172.00 694.85 208.37 -1 -1 -1 -1000 -1000 -1000 -10 0.73
70 64 Car -1 -1 -1 602.15 179.72 635.22 206.81 -1 -1 -1 -1000 -1000 -1000 -10 0.71
70 61 Car -1 -1 -1 442.96 183.56 472.42 203.31 -1 -1 -1 -1000 -1000 -1000 -10 0.67
70 65 Pedestrian -1 -1 -1 650.99 173.11 678.79 246.23 -1 -1 -1 -1000 -1000 -1000 -10 0.65
70 60 Car -1 -1 -1 406.14 187.84 443.26 210.63 -1 -1 -1 -1000 -1000 -1000 -10 0.63
70 56 Car -1 -1 -1 647.90 170.21 727.41 213.36 -1 -1 -1 -1000 -1000 -1000 -10 0.50
70 72 Pedestrian -1 -1 -1 236.82 179.78 249.67 216.69 -1 -1 -1 -1000 -1000 -1000 -10 0.42
71 70 Car -1 -1 -1 348.63 189.86 404.94 219.92 -1 -1 -1 -1000 -1000 -1000 -10 0.86
71 44 Car -1 -1 -1 117.94 188.44 306.80 346.38 -1 -1 -1 -1000 -1000 -1000 -10 0.85
71 1 Car -1 -1 -1 543.51 182.36 584.74 220.29 -1 -1 -1 -1000 -1000 -1000 -10 0.84
71 60 Car -1 -1 -1 411.96 185.80 450.36 208.49 -1 -1 -1 -1000 -1000 -1000 -10 0.79
71 64 Car -1 -1 -1 608.26 176.70 642.56 205.71 -1 -1 -1 -1000 -1000 -1000 -10 0.74
71 65 Pedestrian -1 -1 -1 660.75 172.35 691.24 249.68 -1 -1 -1 -1000 -1000 -1000 -10 0.71
71 71 Car -1 -1 -1 380.70 187.69 428.69 213.72 -1 -1 -1 -1000 -1000 -1000 -10 0.70
71 73 Car -1 -1 -1 641.90 172.02 703.57 207.95 -1 -1 -1 -1000 -1000 -1000 -10 0.62
71 61 Car -1 -1 -1 446.59 181.08 478.21 202.54 -1 -1 -1 -1000 -1000 -1000 -10 0.59
71 56 Car -1 -1 -1 654.83 170.48 735.28 212.67 -1 -1 -1 -1000 -1000 -1000 -10 0.57
72 70 Car -1 -1 -1 351.98 184.27 409.47 214.77 -1 -1 -1 -1000 -1000 -1000 -10 0.87
72 44 Car -1 -1 -1 93.42 181.48 293.22 353.03 -1 -1 -1 -1000 -1000 -1000 -10 0.82
72 1 Car -1 -1 -1 551.45 176.47 592.74 215.02 -1 -1 -1 -1000 -1000 -1000 -10 0.78
72 64 Car -1 -1 -1 614.84 172.51 652.73 203.43 -1 -1 -1 -1000 -1000 -1000 -10 0.74
72 71 Car -1 -1 -1 383.90 182.79 432.59 209.38 -1 -1 -1 -1000 -1000 -1000 -10 0.74
72 61 Car -1 -1 -1 455.00 176.85 482.56 197.46 -1 -1 -1 -1000 -1000 -1000 -10 0.71
72 65 Pedestrian -1 -1 -1 672.22 171.22 703.29 249.78 -1 -1 -1 -1000 -1000 -1000 -10 0.69
72 56 Car -1 -1 -1 657.50 166.81 756.23 215.90 -1 -1 -1 -1000 -1000 -1000 -10 0.62
72 60 Car -1 -1 -1 417.22 180.65 455.24 203.69 -1 -1 -1 -1000 -1000 -1000 -10 0.60
72 73 Car -1 -1 -1 646.08 171.28 714.43 208.25 -1 -1 -1 -1000 -1000 -1000 -10 0.56
74 44 Car -1 -1 -1 10.63 169.01 253.60 358.30 -1 -1 -1 -1000 -1000 -1000 -10 0.85
74 70 Car -1 -1 -1 358.06 175.91 414.22 206.97 -1 -1 -1 -1000 -1000 -1000 -10 0.84
74 1 Car -1 -1 -1 564.25 170.67 605.30 205.47 -1 -1 -1 -1000 -1000 -1000 -10 0.82
74 71 Car -1 -1 -1 389.63 173.43 441.07 202.64 -1 -1 -1 -1000 -1000 -1000 -10 0.76
74 61 Car -1 -1 -1 466.68 168.31 494.71 189.20 -1 -1 -1 -1000 -1000 -1000 -10 0.70
74 60 Car -1 -1 -1 426.42 172.96 464.00 195.60 -1 -1 -1 -1000 -1000 -1000 -10 0.70
74 64 Car -1 -1 -1 627.45 166.04 669.46 197.62 -1 -1 -1 -1000 -1000 -1000 -10 0.64
74 73 Car -1 -1 -1 663.51 165.60 734.48 200.00 -1 -1 -1 -1000 -1000 -1000 -10 0.60
74 65 Pedestrian -1 -1 -1 695.99 163.01 732.80 251.06 -1 -1 -1 -1000 -1000 -1000 -10 0.56
74 56 Car -1 -1 -1 685.72 158.44 773.84 208.30 -1 -1 -1 -1000 -1000 -1000 -10 0.45
74 74 Car -1 -1 -1 606.04 164.95 629.51 180.15 -1 -1 -1 -1000 -1000 -1000 -10 0.41
74 75 Car -1 -1 -1 449.03 168.93 482.25 191.49 -1 -1 -1 -1000 -1000 -1000 -10 0.46
75 44 Car -1 -1 -1 0.61 168.33 225.75 366.81 -1 -1 -1 -1000 -1000 -1000 -10 0.93
75 70 Car -1 -1 -1 359.81 175.43 420.49 205.51 -1 -1 -1 -1000 -1000 -1000 -10 0.86
75 1 Car -1 -1 -1 570.59 168.96 611.04 205.00 -1 -1 -1 -1000 -1000 -1000 -10 0.86
75 71 Car -1 -1 -1 394.48 172.07 446.11 200.96 -1 -1 -1 -1000 -1000 -1000 -10 0.78
75 60 Car -1 -1 -1 430.26 171.42 467.64 195.14 -1 -1 -1 -1000 -1000 -1000 -10 0.73
75 61 Car -1 -1 -1 470.84 168.09 499.38 188.04 -1 -1 -1 -1000 -1000 -1000 -10 0.73
75 64 Car -1 -1 -1 635.20 166.02 673.05 197.41 -1 -1 -1 -1000 -1000 -1000 -10 0.63
75 56 Car -1 -1 -1 687.65 159.95 779.65 208.07 -1 -1 -1 -1000 -1000 -1000 -10 0.62
75 74 Car -1 -1 -1 612.78 165.00 632.84 179.50 -1 -1 -1 -1000 -1000 -1000 -10 0.58
75 73 Car -1 -1 -1 669.26 164.16 744.00 200.09 -1 -1 -1 -1000 -1000 -1000 -10 0.57
75 75 Car -1 -1 -1 453.28 168.49 486.58 191.29 -1 -1 -1 -1000 -1000 -1000 -10 0.54
75 65 Pedestrian -1 -1 -1 699.32 159.97 753.03 253.90 -1 -1 -1 -1000 -1000 -1000 -10 0.47
76 70 Car -1 -1 -1 360.65 174.88 423.29 206.75 -1 -1 -1 -1000 -1000 -1000 -10 0.90
76 44 Car -1 -1 -1 2.62 164.75 199.77 370.10 -1 -1 -1 -1000 -1000 -1000 -10 0.89
76 64 Car -1 -1 -1 641.30 167.45 679.26 198.57 -1 -1 -1 -1000 -1000 -1000 -10 0.80
76 1 Car -1 -1 -1 577.06 170.81 617.04 205.67 -1 -1 -1 -1000 -1000 -1000 -10 0.77
76 71 Car -1 -1 -1 396.76 172.53 448.60 202.87 -1 -1 -1 -1000 -1000 -1000 -10 0.76
76 61 Car -1 -1 -1 473.47 168.57 504.27 189.96 -1 -1 -1 -1000 -1000 -1000 -10 0.75
76 60 Car -1 -1 -1 431.64 171.77 473.75 196.78 -1 -1 -1 -1000 -1000 -1000 -10 0.68
76 56 Car -1 -1 -1 689.89 163.03 785.06 211.35 -1 -1 -1 -1000 -1000 -1000 -10 0.67
76 75 Car -1 -1 -1 456.27 169.10 490.88 192.26 -1 -1 -1 -1000 -1000 -1000 -10 0.53
76 73 Car -1 -1 -1 675.78 164.54 746.07 203.36 -1 -1 -1 -1000 -1000 -1000 -10 0.53
76 74 Car -1 -1 -1 620.71 167.54 638.76 181.04 -1 -1 -1 -1000 -1000 -1000 -10 0.48
76 76 Cyclist -1 -1 -1 698.66 157.23 783.69 264.32 -1 -1 -1 -1000 -1000 -1000 -10 0.57
77 44 Car -1 -1 -1 1.75 160.36 162.85 367.32 -1 -1 -1 -1000 -1000 -1000 -10 0.87
77 70 Car -1 -1 -1 360.37 176.28 424.44 210.33 -1 -1 -1 -1000 -1000 -1000 -10 0.86
77 71 Car -1 -1 -1 396.53 174.80 451.54 205.58 -1 -1 -1 -1000 -1000 -1000 -10 0.84
77 64 Car -1 -1 -1 647.65 170.71 682.80 201.76 -1 -1 -1 -1000 -1000 -1000 -10 0.84
77 1 Car -1 -1 -1 582.60 175.11 621.92 208.29 -1 -1 -1 -1000 -1000 -1000 -10 0.83
77 60 Car -1 -1 -1 434.11 174.02 476.24 198.97 -1 -1 -1 -1000 -1000 -1000 -10 0.78
77 75 Car -1 -1 -1 458.86 170.84 496.37 195.48 -1 -1 -1 -1000 -1000 -1000 -10 0.70
77 61 Car -1 -1 -1 477.10 171.13 508.26 192.76 -1 -1 -1 -1000 -1000 -1000 -10 0.69
77 56 Car -1 -1 -1 698.88 167.74 799.01 214.76 -1 -1 -1 -1000 -1000 -1000 -10 0.64
77 73 Car -1 -1 -1 678.58 167.85 758.45 206.33 -1 -1 -1 -1000 -1000 -1000 -10 0.53
77 74 Car -1 -1 -1 624.64 171.34 643.37 184.58 -1 -1 -1 -1000 -1000 -1000 -10 0.51
77 76 Cyclist -1 -1 -1 704.44 160.54 801.56 274.75 -1 -1 -1 -1000 -1000 -1000 -10 0.50
78 70 Car -1 -1 -1 359.79 178.37 427.09 211.76 -1 -1 -1 -1000 -1000 -1000 -10 0.91
78 1 Car -1 -1 -1 588.31 176.24 627.39 210.21 -1 -1 -1 -1000 -1000 -1000 -10 0.84
78 71 Car -1 -1 -1 399.60 175.88 453.68 208.06 -1 -1 -1 -1000 -1000 -1000 -10 0.77
78 60 Car -1 -1 -1 435.61 174.98 478.68 201.67 -1 -1 -1 -1000 -1000 -1000 -10 0.74
78 61 Car -1 -1 -1 478.82 172.24 511.41 194.87 -1 -1 -1 -1000 -1000 -1000 -10 0.72
78 64 Car -1 -1 -1 652.10 171.19 690.44 205.19 -1 -1 -1 -1000 -1000 -1000 -10 0.72
78 44 Car -1 -1 -1 -3.23 164.18 129.21 362.86 -1 -1 -1 -1000 -1000 -1000 -10 0.70
78 75 Car -1 -1 -1 460.27 173.09 500.94 197.65 -1 -1 -1 -1000 -1000 -1000 -10 0.67
78 56 Car -1 -1 -1 707.34 170.43 805.92 218.95 -1 -1 -1 -1000 -1000 -1000 -10 0.65
78 73 Car -1 -1 -1 689.71 169.75 769.77 210.40 -1 -1 -1 -1000 -1000 -1000 -10 0.58
78 74 Car -1 -1 -1 629.20 172.18 648.41 186.66 -1 -1 -1 -1000 -1000 -1000 -10 0.54
78 76 Cyclist -1 -1 -1 717.94 158.27 826.04 284.32 -1 -1 -1 -1000 -1000 -1000 -10 0.53
79 70 Car -1 -1 -1 358.20 179.14 426.04 212.75 -1 -1 -1 -1000 -1000 -1000 -10 0.87
79 64 Car -1 -1 -1 655.97 173.03 695.10 206.04 -1 -1 -1 -1000 -1000 -1000 -10 0.80
79 1 Car -1 -1 -1 593.22 176.08 630.10 210.09 -1 -1 -1 -1000 -1000 -1000 -10 0.80
79 61 Car -1 -1 -1 479.66 172.64 513.17 195.30 -1 -1 -1 -1000 -1000 -1000 -10 0.78
79 75 Car -1 -1 -1 461.92 174.19 500.29 197.43 -1 -1 -1 -1000 -1000 -1000 -10 0.78
79 60 Car -1 -1 -1 435.66 175.87 479.71 202.50 -1 -1 -1 -1000 -1000 -1000 -10 0.75
79 71 Car -1 -1 -1 400.95 175.60 453.97 208.75 -1 -1 -1 -1000 -1000 -1000 -10 0.75
79 73 Car -1 -1 -1 695.17 169.27 779.85 212.02 -1 -1 -1 -1000 -1000 -1000 -10 0.66
79 76 Cyclist -1 -1 -1 732.88 157.32 849.42 292.10 -1 -1 -1 -1000 -1000 -1000 -10 0.62
79 56 Car -1 -1 -1 712.48 171.66 808.43 218.11 -1 -1 -1 -1000 -1000 -1000 -10 0.59
79 44 Car -1 -1 -1 -4.27 167.52 76.96 359.24 -1 -1 -1 -1000 -1000 -1000 -10 0.56
79 74 Car -1 -1 -1 634.77 172.22 654.27 186.70 -1 -1 -1 -1000 -1000 -1000 -10 0.53
79 77 Car -1 -1 -1 717.26 168.33 857.28 229.11 -1 -1 -1 -1000 -1000 -1000 -10 0.47
80 64 Car -1 -1 -1 659.72 173.41 698.91 206.87 -1 -1 -1 -1000 -1000 -1000 -10 0.86
80 1 Car -1 -1 -1 597.05 175.34 633.46 208.89 -1 -1 -1 -1000 -1000 -1000 -10 0.82
80 70 Car -1 -1 -1 356.53 178.45 423.51 213.46 -1 -1 -1 -1000 -1000 -1000 -10 0.81
80 60 Car -1 -1 -1 435.20 176.15 479.94 202.56 -1 -1 -1 -1000 -1000 -1000 -10 0.81
80 75 Car -1 -1 -1 463.41 174.02 499.93 197.45 -1 -1 -1 -1000 -1000 -1000 -10 0.71
80 56 Car -1 -1 -1 715.58 170.57 812.81 218.25 -1 -1 -1 -1000 -1000 -1000 -10 0.71
80 71 Car -1 -1 -1 398.56 176.68 453.81 209.61 -1 -1 -1 -1000 -1000 -1000 -10 0.70
80 77 Car -1 -1 -1 725.60 167.21 872.31 230.87 -1 -1 -1 -1000 -1000 -1000 -10 0.65
80 76 Cyclist -1 -1 -1 746.20 159.25 859.13 298.64 -1 -1 -1 -1000 -1000 -1000 -10 0.65
80 73 Car -1 -1 -1 699.21 168.88 784.01 212.57 -1 -1 -1 -1000 -1000 -1000 -10 0.64
80 61 Car -1 -1 -1 480.70 172.69 514.26 195.29 -1 -1 -1 -1000 -1000 -1000 -10 0.63
80 74 Car -1 -1 -1 637.58 172.97 655.22 185.44 -1 -1 -1 -1000 -1000 -1000 -10 0.58
81 64 Car -1 -1 -1 664.32 173.93 702.98 207.21 -1 -1 -1 -1000 -1000 -1000 -10 0.88
81 70 Car -1 -1 -1 354.73 179.73 423.88 214.31 -1 -1 -1 -1000 -1000 -1000 -10 0.86
81 60 Car -1 -1 -1 435.77 176.28 481.76 202.93 -1 -1 -1 -1000 -1000 -1000 -10 0.83
81 71 Car -1 -1 -1 396.31 176.63 452.20 210.24 -1 -1 -1 -1000 -1000 -1000 -10 0.80
81 1 Car -1 -1 -1 602.24 176.42 637.41 207.34 -1 -1 -1 -1000 -1000 -1000 -10 0.80
81 61 Car -1 -1 -1 482.46 172.53 517.38 196.17 -1 -1 -1 -1000 -1000 -1000 -10 0.76
81 75 Car -1 -1 -1 464.81 174.26 502.79 197.22 -1 -1 -1 -1000 -1000 -1000 -10 0.71
81 77 Car -1 -1 -1 736.35 165.19 884.41 233.02 -1 -1 -1 -1000 -1000 -1000 -10 0.71
81 56 Car -1 -1 -1 718.31 169.27 818.10 219.28 -1 -1 -1 -1000 -1000 -1000 -10 0.70
81 74 Car -1 -1 -1 639.91 172.12 659.02 186.24 -1 -1 -1 -1000 -1000 -1000 -10 0.70
81 73 Car -1 -1 -1 703.45 167.90 794.69 214.03 -1 -1 -1 -1000 -1000 -1000 -10 0.64
81 76 Cyclist -1 -1 -1 764.35 156.32 871.72 309.40 -1 -1 -1 -1000 -1000 -1000 -10 0.52
82 70 Car -1 -1 -1 350.84 181.09 424.40 216.39 -1 -1 -1 -1000 -1000 -1000 -10 0.88
82 71 Car -1 -1 -1 394.60 178.92 453.05 211.74 -1 -1 -1 -1000 -1000 -1000 -10 0.85
82 64 Car -1 -1 -1 668.09 174.94 708.16 209.16 -1 -1 -1 -1000 -1000 -1000 -10 0.84
82 60 Car -1 -1 -1 434.93 177.97 482.45 205.37 -1 -1 -1 -1000 -1000 -1000 -10 0.82
82 61 Car -1 -1 -1 482.79 174.60 518.56 197.34 -1 -1 -1 -1000 -1000 -1000 -10 0.79
82 77 Car -1 -1 -1 743.04 167.32 908.25 238.28 -1 -1 -1 -1000 -1000 -1000 -10 0.77
82 75 Car -1 -1 -1 465.65 175.08 503.40 199.82 -1 -1 -1 -1000 -1000 -1000 -10 0.76
82 56 Car -1 -1 -1 719.58 167.19 831.55 222.97 -1 -1 -1 -1000 -1000 -1000 -10 0.71
82 1 Car -1 -1 -1 606.78 177.10 643.31 209.74 -1 -1 -1 -1000 -1000 -1000 -10 0.69
82 74 Car -1 -1 -1 644.60 173.42 661.55 186.72 -1 -1 -1 -1000 -1000 -1000 -10 0.66
82 78 Pedestrian -1 -1 -1 787.01 159.91 887.30 322.29 -1 -1 -1 -1000 -1000 -1000 -10 0.50
83 70 Car -1 -1 -1 345.81 183.53 423.34 221.26 -1 -1 -1 -1000 -1000 -1000 -10 0.94
83 71 Car -1 -1 -1 394.35 181.35 452.58 214.65 -1 -1 -1 -1000 -1000 -1000 -10 0.88
83 64 Car -1 -1 -1 672.87 177.53 712.48 210.81 -1 -1 -1 -1000 -1000 -1000 -10 0.86
83 60 Car -1 -1 -1 433.61 179.85 483.42 207.99 -1 -1 -1 -1000 -1000 -1000 -10 0.85
83 75 Car -1 -1 -1 465.03 177.43 505.02 202.68 -1 -1 -1 -1000 -1000 -1000 -10 0.82
83 1 Car -1 -1 -1 610.54 180.18 647.33 209.87 -1 -1 -1 -1000 -1000 -1000 -10 0.81
83 56 Car -1 -1 -1 722.34 169.67 844.59 226.88 -1 -1 -1 -1000 -1000 -1000 -10 0.67
83 77 Car -1 -1 -1 754.47 163.06 965.55 249.82 -1 -1 -1 -1000 -1000 -1000 -10 0.66
83 61 Car -1 -1 -1 482.34 175.93 520.04 200.73 -1 -1 -1 -1000 -1000 -1000 -10 0.61
83 79 Cyclist -1 -1 -1 797.70 156.85 937.90 339.63 -1 -1 -1 -1000 -1000 -1000 -10 0.52
83 80 Car -1 -1 -1 751.03 168.91 923.56 244.08 -1 -1 -1 -1000 -1000 -1000 -10 0.46
84 70 Car -1 -1 -1 343.01 185.68 421.80 224.29 -1 -1 -1 -1000 -1000 -1000 -10 0.85
84 61 Car -1 -1 -1 485.50 178.26 520.68 201.89 -1 -1 -1 -1000 -1000 -1000 -10 0.82
84 64 Car -1 -1 -1 675.83 179.64 720.30 215.24 -1 -1 -1 -1000 -1000 -1000 -10 0.79
84 60 Car -1 -1 -1 435.25 182.03 481.06 210.21 -1 -1 -1 -1000 -1000 -1000 -10 0.77
84 71 Car -1 -1 -1 392.44 183.59 452.31 218.13 -1 -1 -1 -1000 -1000 -1000 -10 0.76
84 75 Car -1 -1 -1 465.12 178.43 505.47 205.84 -1 -1 -1 -1000 -1000 -1000 -10 0.76
84 1 Car -1 -1 -1 615.50 181.83 650.40 212.34 -1 -1 -1 -1000 -1000 -1000 -10 0.74
84 77 Car -1 -1 -1 764.55 162.57 994.04 264.66 -1 -1 -1 -1000 -1000 -1000 -10 0.73
84 56 Car -1 -1 -1 729.28 171.50 853.01 231.50 -1 -1 -1 -1000 -1000 -1000 -10 0.70
84 79 Cyclist -1 -1 -1 817.17 140.45 994.46 363.16 -1 -1 -1 -1000 -1000 -1000 -10 0.47
84 80 Car -1 -1 -1 762.80 173.02 926.80 246.68 -1 -1 -1 -1000 -1000 -1000 -10 0.41
84 81 Car -1 -1 -1 764.53 171.10 940.65 248.96 -1 -1 -1 -1000 -1000 -1000 -10 0.41
