0 1 Car -1 -1 -1 220.53 190.34 322.20 237.18 -1 -1 -1 -1000 -1000 -1000 -10 1
1 1 Car -1 -1 -1 248.15 193.83 347.38 232.86 -1 -1 -1 -1000 -1000 -1000 -10 1
2 2 Car -1 -1 -1 175.31 196.57 245.70 227.65 -1 -1 -1 -1000 -1000 -1000 -10 1
2 1 Car -1 -1 -1 277.22 192.67 358.87 224.60 -1 -1 -1 -1000 -1000 -1000 -10 1
3 1 Car -1 -1 -1 292.40 189.69 359.56 217.07 -1 -1 -1 -1000 -1000 -1000 -10 1
4 1 Car -1 -1 -1 310.79 189.45 369.49 214.06 -1 -1 -1 -1000 -1000 -1000 -10 1
5 1 Car -1 -1 -1 326.03 189.76 382.63 213.98 -1 -1 -1 -1000 -1000 -1000 -10 1
6 1 Car -1 -1 -1 339.93 189.92 390.13 212.03 -1 -1 -1 -1000 -1000 -1000 -10 1
7 1 Car -1 -1 -1 358.67 191.16 405.68 211.86 -1 -1 -1 -1000 -1000 -1000 -10 1
8 1 Car -1 -1 -1 370.48 190.58 414.15 209.98 -1 -1 -1 -1000 -1000 -1000 -10 1
9 1 Car -1 -1 -1 387.17 189.47 428.45 208.23 -1 -1 -1 -1000 -1000 -1000 -10 1
10 1 Car -1 -1 -1 398.23 188.86 435.45 206.15 -1 -1 -1 -1000 -1000 -1000 -10 1
25 14 Car -1 -1 -1 261.82 192.28 329.97 225.20 -1 -1 -1 -1000 -1000 -1000 -10 1
27 15 Car -1 -1 -1 288.91 189.58 346.82 217.08 -1 -1 -1 -1000 -1000 -1000 -10 1
28 15 Car -1 -1 -1 266.89 190.62 328.59 220.18 -1 -1 -1 -1000 -1000 -1000 -10 1
29 15 Car -1 -1 -1 238.98 191.22 302.32 222.30 -1 -1 -1 -1000 -1000 -1000 -10 1
30 15 Car -1 -1 -1 210.45 193.21 273.21 225.38 -1 -1 -1 -1000 -1000 -1000 -10 1
31 15 Car -1 -1 -1 179.13 194.81 245.99 227.84 -1 -1 -1 -1000 -1000 -1000 -10 1
32 15 Car -1 -1 -1 132.80 194.32 208.25 231.19 -1 -1 -1 -1000 -1000 -1000 -10 1
33 15 Car -1 -1 -1 86.30 196.29 166.83 234.36 -1 -1 -1 -1000 -1000 -1000 -10 1
34 15 Car -1 -1 -1 22.77 195.60 118.16 237.29 -1 -1 -1 -1000 -1000 -1000 -10 1
390 43 Car -1 -1 -1 415.37 182.38 446.29 200.93 -1 -1 -1 -1000 -1000 -1000 -10 1
391 43 Car -1 -1 -1 394.35 182.53 429.95 202.65 -1 -1 -1 -1000 -1000 -1000 -10 1
392 43 Car -1 -1 -1 363.20 183.60 404.69 206.36 -1 -1 -1 -1000 -1000 -1000 -10 1
393 43 Car -1 -1 -1 329.13 187.40 377.19 213.77 -1 -1 -1 -1000 -1000 -1000 -10 1
394 43 Car -1 -1 -1 281.91 188.92 340.98 219.93 -1 -1 -1 -1000 -1000 -1000 -10 1
426 45 Car -1 -1 -1 670.29 163.66 738.95 218.61 -1 -1 -1 -1000 -1000 -1000 -10 1
427 45 Car -1 -1 -1 678.94 162.79 760.95 224.08 -1 -1 -1 -1000 -1000 -1000 -10 1
428 45 Car -1 -1 -1 689.42 161.16 783.56 231.45 -1 -1 -1 -1000 -1000 -1000 -10 1
429 45 Car -1 -1 -1 702.28 164.75 797.14 237.25 -1 -1 -1 -1000 -1000 -1000 -10 1
430 45 Car -1 -1 -1 714.49 164.83 827.60 247.43 -1 -1 -1 -1000 -1000 -1000 -10 1
431 46 Car -1 -1 -1 732.93 163.16 875.76 264.48 -1 -1 -1 -1000 -1000 -1000 -10 1
431 45 Car -1 -1 -1 730.39 162.98 867.42 261.89 -1 -1 -1 -1000 -1000 -1000 -10 1
432 47 Car -1 -1 -1 8.91 199.32 312.50 378.51 -1 -1 -1 -1000 -1000 -1000 -10 1
432 46 Car -1 -1 -1 767.59 165.48 939.25 286.12 -1 -1 -1 -1000 -1000 -1000 -10 1
433 47 Car -1 -1 -1 5.89 193.78 346.07 380.41 -1 -1 -1 -1000 -1000 -1000 -10 1
433 46 Car -1 -1 -1 797.00 168.52 1045.77 333.90 -1 -1 -1 -1000 -1000 -1000 -10 1
434 47 Car -1 -1 -1 1.27 188.56 376.10 380.93 -1 -1 -1 -1000 -1000 -1000 -10 1
434 46 Car -1 -1 -1 839.87 173.84 1163.16 365.64 -1 -1 -1 -1000 -1000 -1000 -10 1
435 47 Car -1 -1 -1 11.26 189.64 398.05 380.45 -1 -1 -1 -1000 -1000 -1000 -10 1
435 46 Car -1 -1 -1 892.07 170.14 1237.25 362.30 -1 -1 -1 -1000 -1000 -1000 -10 1
436 47 Car -1 -1 -1 59.93 190.46 427.34 378.26 -1 -1 -1 -1000 -1000 -1000 -10 1
437 47 Car -1 -1 -1 118.21 187.61 442.88 366.76 -1 -1 -1 -1000 -1000 -1000 -10 1
438 47 Car -1 -1 -1 165.44 183.41 463.40 350.28 -1 -1 -1 -1000 -1000 -1000 -10 1
439 47 Car -1 -1 -1 206.01 181.07 480.43 335.10 -1 -1 -1 -1000 -1000 -1000 -10 1
440 47 Car -1 -1 -1 241.68 180.68 490.19 322.26 -1 -1 -1 -1000 -1000 -1000 -10 1
441 47 Car -1 -1 -1 273.42 182.02 495.77 308.62 -1 -1 -1 -1000 -1000 -1000 -10 1
442 47 Car -1 -1 -1 302.38 181.57 500.63 295.85 -1 -1 -1 -1000 -1000 -1000 -10 1
443 47 Car -1 -1 -1 332.05 182.12 505.38 282.84 -1 -1 -1 -1000 -1000 -1000 -10 1
444 47 Car -1 -1 -1 353.94 183.38 508.79 272.63 -1 -1 -1 -1000 -1000 -1000 -10 1
445 47 Car -1 -1 -1 374.64 182.68 513.64 263.82 -1 -1 -1 -1000 -1000 -1000 -10 1
446 47 Car -1 -1 -1 392.14 181.43 518.20 255.79 -1 -1 -1 -1000 -1000 -1000 -10 1
447 47 Car -1 -1 -1 407.13 183.30 519.58 251.22 -1 -1 -1 -1000 -1000 -1000 -10 1
448 47 Car -1 -1 -1 423.74 184.41 523.27 245.57 -1 -1 -1 -1000 -1000 -1000 -10 1
449 47 Car -1 -1 -1 439.66 187.37 524.77 240.65 -1 -1 -1 -1000 -1000 -1000 -10 1
450 47 Car -1 -1 -1 454.05 188.39 525.60 234.92 -1 -1 -1 -1000 -1000 -1000 -10 1
454 51 Car -1 -1 -1 484.58 182.38 553.07 229.14 -1 -1 -1 -1000 -1000 -1000 -10 1
455 51 Car -1 -1 -1 493.50 180.27 556.03 224.51 -1 -1 -1 -1000 -1000 -1000 -10 1
456 51 Car -1 -1 -1 500.90 179.21 560.02 222.48 -1 -1 -1 -1000 -1000 -1000 -10 1
457 51 Car -1 -1 -1 508.31 179.31 565.10 221.81 -1 -1 -1 -1000 -1000 -1000 -10 1
458 51 Car -1 -1 -1 516.81 177.02 572.49 217.80 -1 -1 -1 -1000 -1000 -1000 -10 1
459 51 Car -1 -1 -1 521.96 178.21 574.37 217.96 -1 -1 -1 -1000 -1000 -1000 -10 1
460 51 Car -1 -1 -1 526.00 177.96 576.11 216.73 -1 -1 -1 -1000 -1000 -1000 -10 1
461 51 Car -1 -1 -1 530.28 179.16 579.37 216.04 -1 -1 -1 -1000 -1000 -1000 -10 1
462 51 Car -1 -1 -1 535.41 178.53 582.66 213.76 -1 -1 -1 -1000 -1000 -1000 -10 1
463 51 Car -1 -1 -1 541.28 177.30 586.87 210.69 -1 -1 -1 -1000 -1000 -1000 -10 1
464 51 Car -1 -1 -1 546.72 176.45 590.48 207.53 -1 -1 -1 -1000 -1000 -1000 -10 1
465 51 Car -1 -1 -1 550.81 176.44 593.06 206.64 -1 -1 -1 -1000 -1000 -1000 -10 1
466 51 Car -1 -1 -1 553.38 176.40 593.81 205.44 -1 -1 -1 -1000 -1000 -1000 -10 1
467 51 Car -1 -1 -1 555.94 175.89 593.63 203.22 -1 -1 -1 -1000 -1000 -1000 -10 1
468 51 Car -1 -1 -1 557.21 175.91 593.95 202.41 -1 -1 -1 -1000 -1000 -1000 -10 1
469 51 Car -1 -1 -1 558.63 176.43 593.92 201.88 -1 -1 -1 -1000 -1000 -1000 -10 1
470 51 Car -1 -1 -1 559.81 176.70 593.96 201.32 -1 -1 -1 -1000 -1000 -1000 -10 1
471 51 Car -1 -1 -1 561.24 177.14 594.06 200.78 -1 -1 -1 -1000 -1000 -1000 -10 1
472 51 Car -1 -1 -1 564.07 177.54 595.20 199.99 -1 -1 -1 -1000 -1000 -1000 -10 1
473 51 Car -1 -1 -1 566.96 178.06 596.64 199.40 -1 -1 -1 -1000 -1000 -1000 -10 1
474 51 Car -1 -1 -1 568.53 178.19 596.68 198.56 -1 -1 -1 -1000 -1000 -1000 -10 1
475 51 Car -1 -1 -1 570.85 178.90 596.21 197.73 -1 -1 -1 -1000 -1000 -1000 -10 1
476 51 Car -1 -1 -1 573.05 179.46 595.96 196.78 -1 -1 -1 -1000 -1000 -1000 -10 1
477 51 Car -1 -1 -1 574.72 179.57 595.72 195.72 -1 -1 -1 -1000 -1000 -1000 -10 1
478 51 Car -1 -1 -1 576.35 179.97 595.78 195.05 -1 -1 -1 -1000 -1000 -1000 -10 1
479 51 Car -1 -1 -1 579.18 180.01 596.95 193.86 -1 -1 -1 -1000 -1000 -1000 -10 1
483 63 Car -1 -1 -1 571.74 175.37 597.83 193.82 -1 -1 -1 -1000 -1000 -1000 -10 1
484 63 Car -1 -1 -1 573.18 174.64 599.59 193.07 -1 -1 -1 -1000 -1000 -1000 -10 1
485 63 Car -1 -1 -1 574.20 174.73 600.43 192.86 -1 -1 -1 -1000 -1000 -1000 -10 1
486 63 Car -1 -1 -1 576.93 176.93 601.92 194.76 -1 -1 -1 -1000 -1000 -1000 -10 1
487 63 Car -1 -1 -1 578.50 177.43 602.52 195.00 -1 -1 -1 -1000 -1000 -1000 -10 1
488 63 Car -1 -1 -1 579.14 177.04 602.44 194.39 -1 -1 -1 -1000 -1000 -1000 -10 1
489 63 Car -1 -1 -1 579.49 176.70 602.35 193.92 -1 -1 -1 -1000 -1000 -1000 -10 1
490 63 Car -1 -1 -1 579.70 176.82 602.17 193.78 -1 -1 -1 -1000 -1000 -1000 -10 1
491 63 Car -1 -1 -1 580.38 177.05 602.41 193.73 -1 -1 -1 -1000 -1000 -1000 -10 1
492 63 Car -1 -1 -1 580.21 176.95 601.98 193.55 -1 -1 -1 -1000 -1000 -1000 -10 1
493 63 Car -1 -1 -1 580.63 176.83 602.12 193.28 -1 -1 -1 -1000 -1000 -1000 -10 1
494 63 Car -1 -1 -1 581.39 176.72 602.65 193.11 -1 -1 -1 -1000 -1000 -1000 -10 1
495 63 Car -1 -1 -1 582.03 176.66 603.01 192.90 -1 -1 -1 -1000 -1000 -1000 -10 1
496 63 Car -1 -1 -1 582.31 176.61 603.06 192.62 -1 -1 -1 -1000 -1000 -1000 -10 1
497 63 Car -1 -1 -1 582.50 176.72 602.99 192.53 -1 -1 -1 -1000 -1000 -1000 -10 1
498 63 Car -1 -1 -1 583.03 176.68 603.34 192.36 -1 -1 -1 -1000 -1000 -1000 -10 1
499 63 Car -1 -1 -1 582.54 176.76 602.66 192.31 -1 -1 -1 -1000 -1000 -1000 -10 1
500 63 Car -1 -1 -1 582.48 176.41 602.56 191.93 -1 -1 -1 -1000 -1000 -1000 -10 1
501 63 Car -1 -1 -1 582.06 176.22 602.27 191.80 -1 -1 -1 -1000 -1000 -1000 -10 1
502 63 Car -1 -1 -1 582.37 176.43 602.51 191.92 -1 -1 -1 -1000 -1000 -1000 -10 1
503 63 Car -1 -1 -1 582.83 176.56 602.86 191.97 -1 -1 -1 -1000 -1000 -1000 -10 1
504 63 Car -1 -1 -1 582.83 176.66 602.75 192.03 -1 -1 -1 -1000 -1000 -1000 -10 1
505 63 Car -1 -1 -1 582.40 176.48 602.26 191.75 -1 -1 -1 -1000 -1000 -1000 -10 1
506 63 Car -1 -1 -1 583.75 176.15 603.67 191.46 -1 -1 -1 -1000 -1000 -1000 -10 1
507 63 Car -1 -1 -1 583.31 175.53 603.29 190.95 -1 -1 -1 -1000 -1000 -1000 -10 1
508 63 Car -1 -1 -1 582.90 175.51 602.96 191.02 -1 -1 -1 -1000 -1000 -1000 -10 1
509 63 Car -1 -1 -1 581.90 175.98 602.04 191.58 -1 -1 -1 -1000 -1000 -1000 -10 1
510 63 Car -1 -1 -1 580.69 175.98 600.91 191.71 -1 -1 -1 -1000 -1000 -1000 -10 1
511 63 Car -1 -1 -1 578.44 175.67 598.84 191.52 -1 -1 -1 -1000 -1000 -1000 -10 1
512 63 Car -1 -1 -1 577.73 175.74 598.28 191.63 -1 -1 -1 -1000 -1000 -1000 -10 1
513 63 Car -1 -1 -1 578.35 176.17 598.82 192.01 -1 -1 -1 -1000 -1000 -1000 -10 1
514 63 Car -1 -1 -1 578.12 176.35 598.58 192.18 -1 -1 -1 -1000 -1000 -1000 -10 1
515 63 Car -1 -1 -1 577.35 176.29 597.79 192.12 -1 -1 -1 -1000 -1000 -1000 -10 1
516 63 Car -1 -1 -1 575.81 175.63 596.20 191.51 -1 -1 -1 -1000 -1000 -1000 -10 1
517 63 Car -1 -1 -1 577.70 176.20 598.52 192.50 -1 -1 -1 -1000 -1000 -1000 -10 1
561 77 Car -1 -1 -1 11.59 203.35 187.90 375.78 -1 -1 -1 -1000 -1000 -1000 -10 1
562 77 Car -1 -1 -1 11.75 198.11 218.10 380.29 -1 -1 -1 -1000 -1000 -1000 -10 1
563 77 Car -1 -1 -1 11.12 194.42 245.55 381.52 -1 -1 -1 -1000 -1000 -1000 -10 1
564 77 Car -1 -1 -1 15.00 196.61 262.14 378.12 -1 -1 -1 -1000 -1000 -1000 -10 1
565 77 Car -1 -1 -1 13.08 195.56 281.31 379.68 -1 -1 -1 -1000 -1000 -1000 -10 1
566 77 Car -1 -1 -1 8.40 193.81 301.93 379.70 -1 -1 -1 -1000 -1000 -1000 -10 1
567 77 Car -1 -1 -1 9.29 193.74 317.92 379.13 -1 -1 -1 -1000 -1000 -1000 -10 1
568 77 Car -1 -1 -1 6.70 192.79 329.35 378.61 -1 -1 -1 -1000 -1000 -1000 -10 1
569 77 Car -1 -1 -1 6.08 193.46 341.31 377.71 -1 -1 -1 -1000 -1000 -1000 -10 1
570 77 Car -1 -1 -1 6.23 194.04 351.66 377.33 -1 -1 -1 -1000 -1000 -1000 -10 1
571 77 Car -1 -1 -1 17.13 191.76 364.60 371.26 -1 -1 -1 -1000 -1000 -1000 -10 1
572 77 Car -1 -1 -1 39.55 190.29 379.46 363.69 -1 -1 -1 -1000 -1000 -1000 -10 1
573 77 Car -1 -1 -1 54.99 186.58 394.57 351.51 -1 -1 -1 -1000 -1000 -1000 -10 1
574 78 Car -1 -1 -1 357.99 152.74 421.77 199.15 -1 -1 -1 -1000 -1000 -1000 -10 1
574 77 Car -1 -1 -1 95.20 183.73 413.29 341.78 -1 -1 -1 -1000 -1000 -1000 -10 1
575 77 Car -1 -1 -1 125.48 183.85 425.77 332.53 -1 -1 -1 -1000 -1000 -1000 -10 1
577 81 Car -1 -1 -1 -7.05 38.20 277.07 382.88 -1 -1 -1 -1000 -1000 -1000 -10 1
578 81 Car -1 -1 -1 -11.39 34.82 302.98 392.61 -1 -1 -1 -1000 -1000 -1000 -10 1
579 81 Car -1 -1 -1 -4.80 48.49 319.66 392.38 -1 -1 -1 -1000 -1000 -1000 -10 1
579 77 Car -1 -1 -1 218.69 179.63 444.79 298.83 -1 -1 -1 -1000 -1000 -1000 -10 1
580 81 Car -1 -1 -1 -0.42 61.60 330.41 391.38 -1 -1 -1 -1000 -1000 -1000 -10 1
580 77 Car -1 -1 -1 241.50 182.56 449.86 294.40 -1 -1 -1 -1000 -1000 -1000 -10 1
581 81 Car -1 -1 -1 5.04 79.56 342.01 391.71 -1 -1 -1 -1000 -1000 -1000 -10 1
581 77 Car -1 -1 -1 249.82 184.04 450.69 290.99 -1 -1 -1 -1000 -1000 -1000 -10 1
582 81 Car -1 -1 -1 33.48 88.95 363.78 381.26 -1 -1 -1 -1000 -1000 -1000 -10 1
582 77 Car -1 -1 -1 258.73 185.34 450.99 286.21 -1 -1 -1 -1000 -1000 -1000 -10 1
583 77 Car -1 -1 -1 270.98 181.84 456.09 277.58 -1 -1 -1 -1000 -1000 -1000 -10 1
584 83 Car -1 -1 -1 146.71 110.20 370.66 333.43 -1 -1 -1 -1000 -1000 -1000 -10 1
585 83 Car -1 -1 -1 173.28 114.64 385.02 322.97 -1 -1 -1 -1000 -1000 -1000 -10 1
586 83 Car -1 -1 -1 192.70 118.96 392.19 311.15 -1 -1 -1 -1000 -1000 -1000 -10 1
587 83 Car -1 -1 -1 210.44 121.20 405.16 303.88 -1 -1 -1 -1000 -1000 -1000 -10 1
587 77 Car -1 -1 -1 330.17 180.79 471.18 258.38 -1 -1 -1 -1000 -1000 -1000 -10 1
588 83 Car -1 -1 -1 228.32 126.25 418.41 300.88 -1 -1 -1 -1000 -1000 -1000 -10 1
588 77 Car -1 -1 -1 339.89 180.91 471.09 255.13 -1 -1 -1 -1000 -1000 -1000 -10 1
589 83 Car -1 -1 -1 249.57 134.88 426.57 291.82 -1 -1 -1 -1000 -1000 -1000 -10 1
589 77 Car -1 -1 -1 349.70 178.28 472.52 249.81 -1 -1 -1 -1000 -1000 -1000 -10 1
590 83 Car -1 -1 -1 264.40 135.96 438.56 281.37 -1 -1 -1 -1000 -1000 -1000 -10 1
590 77 Car -1 -1 -1 345.84 169.37 468.45 244.55 -1 -1 -1 -1000 -1000 -1000 -10 1
591 83 Car -1 -1 -1 279.53 135.12 448.61 274.15 -1 -1 -1 -1000 -1000 -1000 -10 1
592 83 Car -1 -1 -1 292.89 136.76 452.84 270.56 -1 -1 -1 -1000 -1000 -1000 -10 1
593 84 Car -1 -1 -1 290.24 131.83 459.96 275.63 -1 -1 -1 -1000 -1000 -1000 -10 1
594 84 Car -1 -1 -1 302.99 137.86 459.09 270.29 -1 -1 -1 -1000 -1000 -1000 -10 1
595 84 Car -1 -1 -1 312.83 130.70 472.16 263.82 -1 -1 -1 -1000 -1000 -1000 -10 1
596 84 Car -1 -1 -1 325.75 133.40 474.62 257.93 -1 -1 -1 -1000 -1000 -1000 -10 1
596 83 Car -1 -1 -1 341.47 138.61 476.04 245.94 -1 -1 -1 -1000 -1000 -1000 -10 1
597 84 Car -1 -1 -1 337.55 133.60 478.64 252.90 -1 -1 -1 -1000 -1000 -1000 -10 1
597 83 Car -1 -1 -1 347.82 142.63 473.12 245.13 -1 -1 -1 -1000 -1000 -1000 -10 1
598 84 Car -1 -1 -1 345.10 136.56 477.21 249.77 -1 -1 -1 -1000 -1000 -1000 -10 1
598 83 Car -1 -1 -1 351.79 141.97 472.04 242.89 -1 -1 -1 -1000 -1000 -1000 -10 1
599 84 Car -1 -1 -1 353.47 136.38 480.21 247.32 -1 -1 -1 -1000 -1000 -1000 -10 1
599 83 Car -1 -1 -1 358.96 142.34 475.37 239.98 -1 -1 -1 -1000 -1000 -1000 -10 1
600 84 Car -1 -1 -1 358.97 133.76 482.48 245.21 -1 -1 -1 -1000 -1000 -1000 -10 1
600 83 Car -1 -1 -1 365.75 144.93 475.47 238.91 -1 -1 -1 -1000 -1000 -1000 -10 1
601 84 Car -1 -1 -1 365.90 134.03 487.31 246.76 -1 -1 -1 -1000 -1000 -1000 -10 1
601 83 Car -1 -1 -1 375.64 147.42 479.09 236.43 -1 -1 -1 -1000 -1000 -1000 -10 1
602 84 Car -1 -1 -1 374.40 137.09 492.37 247.28 -1 -1 -1 -1000 -1000 -1000 -10 1
602 83 Car -1 -1 -1 384.42 146.78 482.50 235.41 -1 -1 -1 -1000 -1000 -1000 -10 1
603 84 Car -1 -1 -1 382.49 141.11 494.68 245.40 -1 -1 -1 -1000 -1000 -1000 -10 1
604 84 Car -1 -1 -1 387.96 142.97 496.95 241.57 -1 -1 -1 -1000 -1000 -1000 -10 1
605 84 Car -1 -1 -1 392.52 145.04 498.71 239.37 -1 -1 -1 -1000 -1000 -1000 -10 1
606 84 Car -1 -1 -1 398.13 148.89 503.92 239.28 -1 -1 -1 -1000 -1000 -1000 -10 1
607 84 Car -1 -1 -1 405.84 149.19 507.51 235.36 -1 -1 -1 -1000 -1000 -1000 -10 1
608 84 Car -1 -1 -1 419.79 153.62 512.49 232.66 -1 -1 -1 -1000 -1000 -1000 -10 1
609 84 Car -1 -1 -1 428.48 157.20 514.08 230.01 -1 -1 -1 -1000 -1000 -1000 -10 1
610 84 Car -1 -1 -1 435.25 160.50 513.97 228.67 -1 -1 -1 -1000 -1000 -1000 -10 1
611 84 Car -1 -1 -1 439.55 163.37 512.85 227.12 -1 -1 -1 -1000 -1000 -1000 -10 1
612 84 Car -1 -1 -1 437.87 160.13 513.97 225.66 -1 -1 -1 -1000 -1000 -1000 -10 1
613 84 Car -1 -1 -1 441.72 162.23 512.50 223.46 -1 -1 -1 -1000 -1000 -1000 -10 1
614 84 Car -1 -1 -1 444.92 164.62 510.40 221.29 -1 -1 -1 -1000 -1000 -1000 -10 1
615 84 Car -1 -1 -1 447.22 165.78 508.23 217.75 -1 -1 -1 -1000 -1000 -1000 -10 1
616 86 Car -1 -1 -1 447.01 157.49 516.29 220.93 -1 -1 -1 -1000 -1000 -1000 -10 1
616 84 Car -1 -1 -1 456.71 164.20 510.79 210.81 -1 -1 -1 -1000 -1000 -1000 -10 1
617 86 Car -1 -1 -1 449.73 155.16 517.07 217.45 -1 -1 -1 -1000 -1000 -1000 -10 1
617 84 Car -1 -1 -1 457.20 162.89 510.62 209.88 -1 -1 -1 -1000 -1000 -1000 -10 1
618 86 Car -1 -1 -1 450.84 154.98 516.07 214.76 -1 -1 -1 -1000 -1000 -1000 -10 1
619 86 Car -1 -1 -1 449.47 156.16 515.58 216.00 -1 -1 -1 -1000 -1000 -1000 -10 1
620 86 Car -1 -1 -1 453.03 154.90 517.64 213.63 -1 -1 -1 -1000 -1000 -1000 -10 1
621 86 Car -1 -1 -1 455.82 154.54 518.64 212.03 -1 -1 -1 -1000 -1000 -1000 -10 1
622 86 Car -1 -1 -1 458.09 154.66 519.01 210.83 -1 -1 -1 -1000 -1000 -1000 -10 1
623 86 Car -1 -1 -1 459.52 154.71 518.96 210.14 -1 -1 -1 -1000 -1000 -1000 -10 1
624 86 Car -1 -1 -1 461.69 157.82 520.55 212.24 -1 -1 -1 -1000 -1000 -1000 -10 1
625 91 Car -1 -1 -1 360.23 156.09 412.09 195.18 -1 -1 -1 -1000 -1000 -1000 -10 1
625 86 Car -1 -1 -1 466.73 161.61 527.08 215.53 -1 -1 -1 -1000 -1000 -1000 -10 1
626 91 Car -1 -1 -1 342.79 156.33 396.33 197.82 -1 -1 -1 -1000 -1000 -1000 -10 1
626 86 Car -1 -1 -1 471.21 161.91 529.90 214.22 -1 -1 -1 -1000 -1000 -1000 -10 1
627 91 Car -1 -1 -1 320.36 156.60 381.42 202.65 -1 -1 -1 -1000 -1000 -1000 -10 1
627 86 Car -1 -1 -1 477.47 160.48 533.94 210.74 -1 -1 -1 -1000 -1000 -1000 -10 1
628 93 Car -1 -1 -1 277.39 150.32 357.39 202.62 -1 -1 -1 -1000 -1000 -1000 -10 1
628 91 Car -1 -1 -1 288.44 153.34 356.95 203.60 -1 -1 -1 -1000 -1000 -1000 -10 1
628 86 Car -1 -1 -1 479.57 157.91 535.60 206.43 -1 -1 -1 -1000 -1000 -1000 -10 1
629 93 Car -1 -1 -1 237.66 146.77 328.04 206.29 -1 -1 -1 -1000 -1000 -1000 -10 1
629 91 Car -1 -1 -1 249.60 152.86 325.71 207.00 -1 -1 -1 -1000 -1000 -1000 -10 1
629 86 Car -1 -1 -1 482.99 156.73 539.59 203.72 -1 -1 -1 -1000 -1000 -1000 -10 1
630 93 Car -1 -1 -1 179.44 144.48 288.90 211.84 -1 -1 -1 -1000 -1000 -1000 -10 1
630 91 Car -1 -1 -1 193.76 148.80 288.89 213.14 -1 -1 -1 -1000 -1000 -1000 -10 1
630 86 Car -1 -1 -1 486.34 156.47 541.99 202.52 -1 -1 -1 -1000 -1000 -1000 -10 1
631 93 Car -1 -1 -1 101.21 143.60 230.13 219.84 -1 -1 -1 -1000 -1000 -1000 -10 1
631 86 Car -1 -1 -1 489.64 158.19 543.35 203.37 -1 -1 -1 -1000 -1000 -1000 -10 1
632 93 Car -1 -1 -1 18.69 143.66 160.31 229.21 -1 -1 -1 -1000 -1000 -1000 -10 1
632 86 Car -1 -1 -1 492.01 160.43 545.73 205.91 -1 -1 -1 -1000 -1000 -1000 -10 1
633 86 Car -1 -1 -1 493.20 161.39 546.38 205.98 -1 -1 -1 -1000 -1000 -1000 -10 1
634 86 Car -1 -1 -1 495.84 162.10 547.91 205.82 -1 -1 -1 -1000 -1000 -1000 -10 1
635 86 Car -1 -1 -1 500.06 160.63 550.02 203.43 -1 -1 -1 -1000 -1000 -1000 -10 1
636 86 Car -1 -1 -1 502.46 159.84 550.54 201.86 -1 -1 -1 -1000 -1000 -1000 -10 1
637 86 Car -1 -1 -1 505.02 160.82 552.31 202.30 -1 -1 -1 -1000 -1000 -1000 -10 1
638 86 Car -1 -1 -1 507.73 161.79 554.34 202.90 -1 -1 -1 -1000 -1000 -1000 -10 1
639 96 Car -1 -1 -1 517.47 160.47 559.75 202.50 -1 -1 -1 -1000 -1000 -1000 -10 1
639 86 Car -1 -1 -1 510.16 161.28 556.35 202.22 -1 -1 -1 -1000 -1000 -1000 -10 1
640 96 Car -1 -1 -1 521.58 159.96 562.06 200.27 -1 -1 -1 -1000 -1000 -1000 -10 1
640 86 Car -1 -1 -1 513.54 159.86 557.87 199.75 -1 -1 -1 -1000 -1000 -1000 -10 1
641 96 Car -1 -1 -1 523.91 162.16 564.20 201.88 -1 -1 -1 -1000 -1000 -1000 -10 1
641 86 Car -1 -1 -1 517.63 162.60 561.03 202.11 -1 -1 -1 -1000 -1000 -1000 -10 1
642 96 Car -1 -1 -1 527.48 164.84 565.53 202.12 -1 -1 -1 -1000 -1000 -1000 -10 1
648 99 Car -1 -1 -1 539.77 164.46 573.86 201.08 -1 -1 -1 -1000 -1000 -1000 -10 1
649 99 Car -1 -1 -1 540.22 163.51 574.95 200.78 -1 -1 -1 -1000 -1000 -1000 -10 1
650 103 Car -1 -1 -1 166.63 172.85 263.02 215.74 -1 -1 -1 -1000 -1000 -1000 -10 1
650 99 Car -1 -1 -1 537.24 162.69 572.90 200.71 -1 -1 -1 -1000 -1000 -1000 -10 1
651 103 Car -1 -1 -1 82.56 175.18 200.44 220.44 -1 -1 -1 -1000 -1000 -1000 -10 1
651 99 Car -1 -1 -1 535.54 161.95 572.63 201.26 -1 -1 -1 -1000 -1000 -1000 -10 1
652 103 Car -1 -1 -1 -1.76 175.41 123.62 226.37 -1 -1 -1 -1000 -1000 -1000 -10 1
652 99 Car -1 -1 -1 537.25 160.60 573.80 199.52 -1 -1 -1 -1000 -1000 -1000 -10 1
653 106 Car -1 -1 -1 537.16 163.11 573.23 199.52 -1 -1 -1 -1000 -1000 -1000 -10 1
653 99 Car -1 -1 -1 538.05 160.19 574.30 198.79 -1 -1 -1 -1000 -1000 -1000 -10 1
654 106 Car -1 -1 -1 537.08 162.64 573.00 199.12 -1 -1 -1 -1000 -1000 -1000 -10 1
654 99 Car -1 -1 -1 538.51 160.83 574.58 199.18 -1 -1 -1 -1000 -1000 -1000 -10 1
655 106 Car -1 -1 -1 539.03 163.89 573.31 198.80 -1 -1 -1 -1000 -1000 -1000 -10 1
655 99 Car -1 -1 -1 538.92 160.90 574.74 198.80 -1 -1 -1 -1000 -1000 -1000 -10 1
656 106 Car -1 -1 -1 539.72 164.80 573.10 198.56 -1 -1 -1 -1000 -1000 -1000 -10 1
656 99 Car -1 -1 -1 540.78 160.68 575.92 197.83 -1 -1 -1 -1000 -1000 -1000 -10 1
657 106 Car -1 -1 -1 542.88 165.04 574.40 196.83 -1 -1 -1 -1000 -1000 -1000 -10 1
657 99 Car -1 -1 -1 542.69 160.60 576.75 196.69 -1 -1 -1 -1000 -1000 -1000 -10 1
658 106 Car -1 -1 -1 545.81 166.61 576.31 197.35 -1 -1 -1 -1000 -1000 -1000 -10 1
658 99 Car -1 -1 -1 544.47 161.45 577.58 196.49 -1 -1 -1 -1000 -1000 -1000 -10 1
659 106 Car -1 -1 -1 549.22 167.14 578.96 197.53 -1 -1 -1 -1000 -1000 -1000 -10 1
659 99 Car -1 -1 -1 545.64 161.96 577.89 196.21 -1 -1 -1 -1000 -1000 -1000 -10 1
660 106 Car -1 -1 -1 549.10 167.02 578.06 196.89 -1 -1 -1 -1000 -1000 -1000 -10 1
660 99 Car -1 -1 -1 545.97 160.90 577.74 194.97 -1 -1 -1 -1000 -1000 -1000 -10 1
661 99 Car -1 -1 -1 547.05 160.02 579.04 194.30 -1 -1 -1 -1000 -1000 -1000 -10 1
662 99 Car -1 -1 -1 548.78 159.54 580.36 193.16 -1 -1 -1 -1000 -1000 -1000 -10 1
663 99 Car -1 -1 -1 550.27 158.43 583.00 191.11 -1 -1 -1 -1000 -1000 -1000 -10 1
664 106 Car -1 -1 -1 554.06 167.23 581.09 194.25 -1 -1 -1 -1000 -1000 -1000 -10 1
664 99 Car -1 -1 -1 552.07 158.48 584.84 190.14 -1 -1 -1 -1000 -1000 -1000 -10 1
665 109 Car -1 -1 -1 556.21 162.69 584.56 191.51 -1 -1 -1 -1000 -1000 -1000 -10 1
665 106 Car -1 -1 -1 555.92 166.78 582.33 192.98 -1 -1 -1 -1000 -1000 -1000 -10 1
665 99 Car -1 -1 -1 553.73 158.39 586.16 189.13 -1 -1 -1 -1000 -1000 -1000 -10 1
666 109 Car -1 -1 -1 557.64 164.10 585.48 192.60 -1 -1 -1 -1000 -1000 -1000 -10 1
666 106 Car -1 -1 -1 556.89 168.76 583.00 194.40 -1 -1 -1 -1000 -1000 -1000 -10 1
666 99 Car -1 -1 -1 555.06 159.34 587.08 189.42 -1 -1 -1 -1000 -1000 -1000 -10 1
667 109 Car -1 -1 -1 560.59 164.58 587.65 192.68 -1 -1 -1 -1000 -1000 -1000 -10 1
668 109 Car -1 -1 -1 562.38 162.72 588.87 190.67 -1 -1 -1 -1000 -1000 -1000 -10 1
669 109 Car -1 -1 -1 563.85 162.89 589.77 190.56 -1 -1 -1 -1000 -1000 -1000 -10 1
670 109 Car -1 -1 -1 566.43 164.94 592.07 192.45 -1 -1 -1 -1000 -1000 -1000 -10 1
671 109 Car -1 -1 -1 566.86 165.97 592.17 193.27 -1 -1 -1 -1000 -1000 -1000 -10 1
672 109 Car -1 -1 -1 567.73 166.31 593.23 193.75 -1 -1 -1 -1000 -1000 -1000 -10 1
673 122 Car -1 -1 -1 561.27 160.25 591.04 188.99 -1 -1 -1 -1000 -1000 -1000 -10 1
673 109 Car -1 -1 -1 567.93 166.34 593.63 193.95 -1 -1 -1 -1000 -1000 -1000 -10 1
674 122 Car -1 -1 -1 562.28 160.12 591.66 188.20 -1 -1 -1 -1000 -1000 -1000 -10 1
674 109 Car -1 -1 -1 568.87 165.42 594.54 192.94 -1 -1 -1 -1000 -1000 -1000 -10 1
675 122 Car -1 -1 -1 561.61 159.46 591.28 187.62 -1 -1 -1 -1000 -1000 -1000 -10 1
675 109 Car -1 -1 -1 567.78 164.50 593.61 192.11 -1 -1 -1 -1000 -1000 -1000 -10 1
676 122 Car -1 -1 -1 563.92 162.45 592.69 190.53 -1 -1 -1 -1000 -1000 -1000 -10 1
676 109 Car -1 -1 -1 567.80 166.06 593.82 193.54 -1 -1 -1 -1000 -1000 -1000 -10 1
677 122 Car -1 -1 -1 561.94 160.87 591.01 188.84 -1 -1 -1 -1000 -1000 -1000 -10 1
677 109 Car -1 -1 -1 566.34 165.26 592.32 192.69 -1 -1 -1 -1000 -1000 -1000 -10 1
678 122 Car -1 -1 -1 560.69 159.28 589.59 186.91 -1 -1 -1 -1000 -1000 -1000 -10 1
678 109 Car -1 -1 -1 565.06 163.83 590.46 190.91 -1 -1 -1 -1000 -1000 -1000 -10 1
679 122 Car -1 -1 -1 560.02 158.24 588.89 185.75 -1 -1 -1 -1000 -1000 -1000 -10 1
679 109 Car -1 -1 -1 564.16 163.18 589.19 189.91 -1 -1 -1 -1000 -1000 -1000 -10 1
680 122 Car -1 -1 -1 559.93 158.24 588.35 185.43 -1 -1 -1 -1000 -1000 -1000 -10 1
680 109 Car -1 -1 -1 563.82 163.02 588.38 189.35 -1 -1 -1 -1000 -1000 -1000 -10 1
681 122 Car -1 -1 -1 559.72 159.18 588.04 186.29 -1 -1 -1 -1000 -1000 -1000 -10 1
681 109 Car -1 -1 -1 563.35 163.84 587.73 190.01 -1 -1 -1 -1000 -1000 -1000 -10 1
682 122 Car -1 -1 -1 560.35 161.23 588.72 188.09 -1 -1 -1 -1000 -1000 -1000 -10 1
682 109 Car -1 -1 -1 564.01 165.17 588.77 191.51 -1 -1 -1 -1000 -1000 -1000 -10 1
683 122 Car -1 -1 -1 560.91 161.80 589.02 188.25 -1 -1 -1 -1000 -1000 -1000 -10 1
683 109 Car -1 -1 -1 564.21 165.34 589.14 191.57 -1 -1 -1 -1000 -1000 -1000 -10 1
684 122 Car -1 -1 -1 562.47 162.30 590.03 187.76 -1 -1 -1 -1000 -1000 -1000 -10 1
684 109 Car -1 -1 -1 565.52 166.19 590.12 191.88 -1 -1 -1 -1000 -1000 -1000 -10 1
685 122 Car -1 -1 -1 562.72 161.56 589.97 186.75 -1 -1 -1 -1000 -1000 -1000 -10 1
685 109 Car -1 -1 -1 566.28 165.91 590.69 191.33 -1 -1 -1 -1000 -1000 -1000 -10 1
686 122 Car -1 -1 -1 563.72 160.96 590.76 185.98 -1 -1 -1 -1000 -1000 -1000 -10 1
686 109 Car -1 -1 -1 568.24 165.38 592.54 190.62 -1 -1 -1 -1000 -1000 -1000 -10 1
687 122 Car -1 -1 -1 564.25 160.19 591.21 185.22 -1 -1 -1 -1000 -1000 -1000 -10 1
687 109 Car -1 -1 -1 568.83 164.69 593.15 189.89 -1 -1 -1 -1000 -1000 -1000 -10 1
688 124 Car -1 -1 -1 245.12 173.50 315.48 206.94 -1 -1 -1 -1000 -1000 -1000 -10 1
688 122 Car -1 -1 -1 565.78 161.17 592.58 185.85 -1 -1 -1 -1000 -1000 -1000 -10 1
688 109 Car -1 -1 -1 571.04 164.94 595.51 190.07 -1 -1 -1 -1000 -1000 -1000 -10 1
689 124 Car -1 -1 -1 190.76 173.83 279.97 210.91 -1 -1 -1 -1000 -1000 -1000 -10 1
689 122 Car -1 -1 -1 567.56 163.06 594.35 187.45 -1 -1 -1 -1000 -1000 -1000 -10 1
689 109 Car -1 -1 -1 573.68 166.03 598.65 191.60 -1 -1 -1 -1000 -1000 -1000 -10 1
690 124 Car -1 -1 -1 110.13 178.07 225.18 221.55 -1 -1 -1 -1000 -1000 -1000 -10 1
690 122 Car -1 -1 -1 568.89 165.96 595.32 190.02 -1 -1 -1 -1000 -1000 -1000 -10 1
691 124 Car -1 -1 -1 15.82 180.65 149.64 229.42 -1 -1 -1 -1000 -1000 -1000 -10 1
691 122 Car -1 -1 -1 569.41 167.20 595.66 190.88 -1 -1 -1 -1000 -1000 -1000 -10 1
692 122 Car -1 -1 -1 569.65 167.16 595.66 190.36 -1 -1 -1 -1000 -1000 -1000 -10 1
693 122 Car -1 -1 -1 571.08 166.16 596.80 189.02 -1 -1 -1 -1000 -1000 -1000 -10 1
693 109 Car -1 -1 -1 576.24 168.27 601.09 193.70 -1 -1 -1 -1000 -1000 -1000 -10 1
694 122 Car -1 -1 -1 571.52 167.75 597.04 190.03 -1 -1 -1 -1000 -1000 -1000 -10 1
694 109 Car -1 -1 -1 576.33 169.56 601.02 194.70 -1 -1 -1 -1000 -1000 -1000 -10 1
695 122 Car -1 -1 -1 571.66 168.21 597.40 190.79 -1 -1 -1 -1000 -1000 -1000 -10 1
696 122 Car -1 -1 -1 571.76 168.98 597.40 191.76 -1 -1 -1 -1000 -1000 -1000 -10 1
697 122 Car -1 -1 -1 571.74 169.35 597.35 192.18 -1 -1 -1 -1000 -1000 -1000 -10 1
698 122 Car -1 -1 -1 571.69 168.99 597.38 192.10 -1 -1 -1 -1000 -1000 -1000 -10 1
699 122 Car -1 -1 -1 571.90 168.34 597.65 191.62 -1 -1 -1 -1000 -1000 -1000 -10 1
700 122 Car -1 -1 -1 571.99 167.56 598.14 191.25 -1 -1 -1 -1000 -1000 -1000 -10 1
701 122 Car -1 -1 -1 572.08 165.50 598.41 189.12 -1 -1 -1 -1000 -1000 -1000 -10 1
702 122 Car -1 -1 -1 572.41 164.19 598.99 187.80 -1 -1 -1 -1000 -1000 -1000 -10 1
703 128 Car -1 -1 -1 579.07 168.23 604.30 193.79 -1 -1 -1 -1000 -1000 -1000 -10 1
703 122 Car -1 -1 -1 574.37 165.97 600.37 189.92 -1 -1 -1 -1000 -1000 -1000 -10 1
704 128 Car -1 -1 -1 579.91 168.83 605.18 194.24 -1 -1 -1 -1000 -1000 -1000 -10 1
704 122 Car -1 -1 -1 574.85 166.77 600.44 190.88 -1 -1 -1 -1000 -1000 -1000 -10 1
705 128 Car -1 -1 -1 580.66 169.95 606.12 195.47 -1 -1 -1 -1000 -1000 -1000 -10 1
705 122 Car -1 -1 -1 575.67 168.36 601.11 192.68 -1 -1 -1 -1000 -1000 -1000 -10 1
706 128 Car -1 -1 -1 581.09 171.03 606.05 195.99 -1 -1 -1 -1000 -1000 -1000 -10 1
708 129 Car -1 -1 -1 574.14 165.33 601.63 188.25 -1 -1 -1 -1000 -1000 -1000 -10 1
709 129 Car -1 -1 -1 575.09 164.18 603.24 187.57 -1 -1 -1 -1000 -1000 -1000 -10 1
710 129 Car -1 -1 -1 575.79 163.53 604.29 187.16 -1 -1 -1 -1000 -1000 -1000 -10 1
711 129 Car -1 -1 -1 576.25 163.32 604.52 186.89 -1 -1 -1 -1000 -1000 -1000 -10 1
712 129 Car -1 -1 -1 578.05 167.38 605.32 191.13 -1 -1 -1 -1000 -1000 -1000 -10 1
712 128 Car -1 -1 -1 581.85 168.57 607.24 193.78 -1 -1 -1 -1000 -1000 -1000 -10 1
713 129 Car -1 -1 -1 576.60 166.59 603.76 189.81 -1 -1 -1 -1000 -1000 -1000 -10 1
713 128 Car -1 -1 -1 581.57 169.19 607.04 194.32 -1 -1 -1 -1000 -1000 -1000 -10 1
714 129 Car -1 -1 -1 575.32 166.37 602.48 189.11 -1 -1 -1 -1000 -1000 -1000 -10 1
714 128 Car -1 -1 -1 581.12 169.69 606.59 194.94 -1 -1 -1 -1000 -1000 -1000 -10 1
715 129 Car -1 -1 -1 574.21 165.75 601.36 188.24 -1 -1 -1 -1000 -1000 -1000 -10 1
716 129 Car -1 -1 -1 574.09 165.49 601.52 188.08 -1 -1 -1 -1000 -1000 -1000 -10 1
718 128 Car -1 -1 -1 579.51 168.74 605.33 194.50 -1 -1 -1 -1000 -1000 -1000 -10 1
719 128 Car -1 -1 -1 579.40 168.68 605.37 194.28 -1 -1 -1 -1000 -1000 -1000 -10 1
720 129 Car -1 -1 -1 571.43 164.99 599.27 187.72 -1 -1 -1 -1000 -1000 -1000 -10 1
720 128 Car -1 -1 -1 578.75 169.06 604.85 194.48 -1 -1 -1 -1000 -1000 -1000 -10 1
721 129 Car -1 -1 -1 570.65 165.59 598.32 187.97 -1 -1 -1 -1000 -1000 -1000 -10 1
722 129 Car -1 -1 -1 569.06 166.71 596.25 188.16 -1 -1 -1 -1000 -1000 -1000 -10 1
723 129 Car -1 -1 -1 567.80 167.00 594.54 187.67 -1 -1 -1 -1000 -1000 -1000 -10 1
724 129 Car -1 -1 -1 567.13 167.49 593.45 187.55 -1 -1 -1 -1000 -1000 -1000 -10 1
725 129 Car -1 -1 -1 566.91 167.90 592.80 187.33 -1 -1 -1 -1000 -1000 -1000 -10 1
726 129 Car -1 -1 -1 566.67 167.87 592.27 187.01 -1 -1 -1 -1000 -1000 -1000 -10 1
727 129 Car -1 -1 -1 566.80 168.25 592.06 187.20 -1 -1 -1 -1000 -1000 -1000 -10 1
728 129 Car -1 -1 -1 567.27 168.15 592.15 186.88 -1 -1 -1 -1000 -1000 -1000 -10 1
729 129 Car -1 -1 -1 567.84 167.96 592.61 186.64 -1 -1 -1 -1000 -1000 -1000 -10 1
730 129 Car -1 -1 -1 568.52 168.04 593.30 186.61 -1 -1 -1 -1000 -1000 -1000 -10 1
731 129 Car -1 -1 -1 569.37 168.12 594.07 186.54 -1 -1 -1 -1000 -1000 -1000 -10 1
732 129 Car -1 -1 -1 570.18 168.40 594.73 186.49 -1 -1 -1 -1000 -1000 -1000 -10 1
733 129 Car -1 -1 -1 571.25 168.60 595.63 186.40 -1 -1 -1 -1000 -1000 -1000 -10 1
734 129 Car -1 -1 -1 571.67 169.28 595.84 186.90 -1 -1 -1 -1000 -1000 -1000 -10 1
735 129 Car -1 -1 -1 572.17 169.93 596.38 187.60 -1 -1 -1 -1000 -1000 -1000 -10 1
736 129 Car -1 -1 -1 572.62 170.38 596.94 188.14 -1 -1 -1 -1000 -1000 -1000 -10 1
737 129 Car -1 -1 -1 572.53 169.96 596.87 187.74 -1 -1 -1 -1000 -1000 -1000 -10 1
738 129 Car -1 -1 -1 572.19 169.87 596.45 187.50 -1 -1 -1 -1000 -1000 -1000 -10 1
739 129 Car -1 -1 -1 572.05 169.74 596.22 187.19 -1 -1 -1 -1000 -1000 -1000 -10 1
740 129 Car -1 -1 -1 571.70 169.76 595.65 187.05 -1 -1 -1 -1000 -1000 -1000 -10 1
741 129 Car -1 -1 -1 570.71 169.07 594.66 186.29 -1 -1 -1 -1000 -1000 -1000 -10 1
742 129 Car -1 -1 -1 570.12 168.93 593.98 185.88 -1 -1 -1 -1000 -1000 -1000 -10 1
743 129 Car -1 -1 -1 570.55 169.67 594.15 186.41 -1 -1 -1 -1000 -1000 -1000 -10 1
744 129 Car -1 -1 -1 570.80 170.46 594.20 186.96 -1 -1 -1 -1000 -1000 -1000 -10 1
745 129 Car -1 -1 -1 570.43 170.14 593.70 186.35 -1 -1 -1 -1000 -1000 -1000 -10 1
746 129 Car -1 -1 -1 569.56 168.65 592.61 184.63 -1 -1 -1 -1000 -1000 -1000 -10 1
747 129 Car -1 -1 -1 569.49 168.33 592.33 184.16 -1 -1 -1 -1000 -1000 -1000 -10 1
748 129 Car -1 -1 -1 569.18 168.58 591.85 184.39 -1 -1 -1 -1000 -1000 -1000 -10 1
749 129 Car -1 -1 -1 569.11 169.29 591.72 185.10 -1 -1 -1 -1000 -1000 -1000 -10 1
750 129 Car -1 -1 -1 569.00 168.70 591.57 184.50 -1 -1 -1 -1000 -1000 -1000 -10 1
751 129 Car -1 -1 -1 568.55 168.30 591.15 184.20 -1 -1 -1 -1000 -1000 -1000 -10 1
752 129 Car -1 -1 -1 568.41 167.93 590.98 183.90 -1 -1 -1 -1000 -1000 -1000 -10 1
753 129 Car -1 -1 -1 567.87 167.95 590.49 183.94 -1 -1 -1 -1000 -1000 -1000 -10 1
754 129 Car -1 -1 -1 567.23 167.68 589.93 183.71 -1 -1 -1 -1000 -1000 -1000 -10 1
755 129 Car -1 -1 -1 567.04 168.19 589.69 184.18 -1 -1 -1 -1000 -1000 -1000 -10 1
756 129 Car -1 -1 -1 567.16 168.71 589.64 184.60 -1 -1 -1 -1000 -1000 -1000 -10 1
757 129 Car -1 -1 -1 566.85 168.34 589.24 184.27 -1 -1 -1 -1000 -1000 -1000 -10 1
758 129 Car -1 -1 -1 566.37 168.19 588.58 184.15 -1 -1 -1 -1000 -1000 -1000 -10 1
761 139 Car -1 -1 -1 568.67 170.83 590.25 189.59 -1 -1 -1 -1000 -1000 -1000 -10 1
762 139 Car -1 -1 -1 566.93 167.96 589.01 186.10 -1 -1 -1 -1000 -1000 -1000 -10 1
763 139 Car -1 -1 -1 568.56 170.78 590.31 189.03 -1 -1 -1 -1000 -1000 -1000 -10 1
764 139 Car -1 -1 -1 569.60 172.05 590.92 190.03 -1 -1 -1 -1000 -1000 -1000 -10 1
765 139 Car -1 -1 -1 567.89 169.51 589.50 186.89 -1 -1 -1 -1000 -1000 -1000 -10 1
766 139 Car -1 -1 -1 567.40 167.67 589.29 184.79 -1 -1 -1 -1000 -1000 -1000 -10 1
767 139 Car -1 -1 -1 566.65 166.20 588.70 183.14 -1 -1 -1 -1000 -1000 -1000 -10 1
768 140 Car -1 -1 -1 570.56 171.00 591.89 188.97 -1 -1 -1 -1000 -1000 -1000 -10 1
769 140 Car -1 -1 -1 570.98 171.27 592.01 189.21 -1 -1 -1 -1000 -1000 -1000 -10 1
775 141 Car -1 -1 -1 377.40 157.42 428.24 196.74 -1 -1 -1 -1000 -1000 -1000 -10 1
776 142 Car -1 -1 -1 574.08 175.20 594.95 193.03 -1 -1 -1 -1000 -1000 -1000 -10 1
776 141 Car -1 -1 -1 356.27 154.42 415.75 198.44 -1 -1 -1 -1000 -1000 -1000 -10 1
777 141 Car -1 -1 -1 333.55 154.28 399.70 202.95 -1 -1 -1 -1000 -1000 -1000 -10 1
778 141 Car -1 -1 -1 304.51 151.34 379.87 205.73 -1 -1 -1 -1000 -1000 -1000 -10 1
779 141 Car -1 -1 -1 264.29 147.75 353.70 209.50 -1 -1 -1 -1000 -1000 -1000 -10 1
780 142 Car -1 -1 -1 574.62 173.36 595.14 191.38 -1 -1 -1 -1000 -1000 -1000 -10 1
780 141 Car -1 -1 -1 207.62 145.56 311.97 212.68 -1 -1 -1 -1000 -1000 -1000 -10 1
781 142 Car -1 -1 -1 574.99 173.47 595.35 191.45 -1 -1 -1 -1000 -1000 -1000 -10 1
782 142 Car -1 -1 -1 578.34 173.92 598.80 191.62 -1 -1 -1 -1000 -1000 -1000 -10 1
785 144 Car -1 -1 -1 576.00 171.19 596.44 188.40 -1 -1 -1 -1000 -1000 -1000 -10 1
786 147 Car -1 -1 -1 230.42 174.52 305.15 211.79 -1 -1 -1 -1000 -1000 -1000 -10 1
786 144 Car -1 -1 -1 577.09 171.77 597.02 188.70 -1 -1 -1 -1000 -1000 -1000 -10 1
787 147 Car -1 -1 -1 154.39 168.54 260.21 215.02 -1 -1 -1 -1000 -1000 -1000 -10 1
787 144 Car -1 -1 -1 576.32 171.81 596.16 188.67 -1 -1 -1 -1000 -1000 -1000 -10 1
788 147 Car -1 -1 -1 59.27 172.81 188.46 224.47 -1 -1 -1 -1000 -1000 -1000 -10 1
788 144 Car -1 -1 -1 576.39 171.84 596.27 188.89 -1 -1 -1 -1000 -1000 -1000 -10 1
