17 1 Car -1 -1 -1 471.95 169.73 499.89 190.18 -1 -1 -1 -1000 -1000 -1000 -10 1
18 1 Car -1 -1 -1 474.25 171.29 503.38 192.38 -1 -1 -1 -1000 -1000 -1000 -10 1
19 1 Car -1 -1 -1 477.65 169.36 510.49 191.80 -1 -1 -1 -1000 -1000 -1000 -10 1
20 2 Car -1 -1 -1 404.58 174.89 436.63 195.91 -1 -1 -1 -1000 -1000 -1000 -10 1
20 1 Car -1 -1 -1 482.68 168.63 517.44 191.57 -1 -1 -1 -1000 -1000 -1000 -10 1
21 2 Car -1 -1 -1 399.50 173.53 431.10 193.87 -1 -1 -1 -1000 -1000 -1000 -10 1
22 2 Car -1 -1 -1 395.17 173.25 426.22 193.32 -1 -1 -1 -1000 -1000 -1000 -10 1
23 2 Car -1 -1 -1 396.20 172.54 426.86 192.12 -1 -1 -1 -1000 -1000 -1000 -10 1
24 2 Car -1 -1 -1 398.07 172.55 429.98 192.73 -1 -1 -1 -1000 -1000 -1000 -10 1
25 2 Car -1 -1 -1 402.55 174.18 436.06 195.61 -1 -1 -1 -1000 -1000 -1000 -10 1
26 3 Car -1 -1 -1 550.69 171.40 603.17 195.86 -1 -1 -1 -1000 -1000 -1000 -10 1
26 2 Car -1 -1 -1 403.56 173.51 437.54 195.02 -1 -1 -1 -1000 -1000 -1000 -10 1
27 3 Car -1 -1 -1 568.67 169.51 620.48 195.33 -1 -1 -1 -1000 -1000 -1000 -10 1
27 2 Car -1 -1 -1 404.11 170.74 443.04 192.87 -1 -1 -1 -1000 -1000 -1000 -10 1
28 3 Car -1 -1 -1 583.96 171.46 639.35 196.76 -1 -1 -1 -1000 -1000 -1000 -10 1
28 2 Car -1 -1 -1 409.15 173.28 448.80 196.46 -1 -1 -1 -1000 -1000 -1000 -10 1
29 3 Car -1 -1 -1 601.68 174.15 659.11 200.91 -1 -1 -1 -1000 -1000 -1000 -10 1
29 2 Car -1 -1 -1 413.05 175.52 453.67 199.12 -1 -1 -1 -1000 -1000 -1000 -10 1
30 3 Car -1 -1 -1 627.26 173.72 685.44 201.03 -1 -1 -1 -1000 -1000 -1000 -10 1
30 2 Car -1 -1 -1 419.88 175.18 461.80 199.33 -1 -1 -1 -1000 -1000 -1000 -10 1
31 3 Car -1 -1 -1 649.44 173.23 710.41 201.47 -1 -1 -1 -1000 -1000 -1000 -10 1
32 3 Car -1 -1 -1 670.47 171.88 732.93 200.77 -1 -1 -1 -1000 -1000 -1000 -10 1
33 3 Car -1 -1 -1 693.87 169.37 757.66 199.15 -1 -1 -1 -1000 -1000 -1000 -10 1
34 3 Car -1 -1 -1 718.22 169.93 781.85 199.40 -1 -1 -1 -1000 -1000 -1000 -10 1
35 3 Car -1 -1 -1 743.67 171.09 811.68 201.30 -1 -1 -1 -1000 -1000 -1000 -10 1
36 3 Car -1 -1 -1 773.72 170.09 845.65 201.59 -1 -1 -1 -1000 -1000 -1000 -10 1
37 3 Car -1 -1 -1 799.58 168.36 880.74 201.54 -1 -1 -1 -1000 -1000 -1000 -10 1
38 4 Car -1 -1 -1 453.03 169.79 550.37 205.04 -1 -1 -1 -1000 -1000 -1000 -10 1
38 3 Car -1 -1 -1 830.00 166.97 916.65 201.53 -1 -1 -1 -1000 -1000 -1000 -10 1
39 4 Car -1 -1 -1 467.49 170.81 559.59 206.41 -1 -1 -1 -1000 -1000 -1000 -10 1
39 3 Car -1 -1 -1 863.75 166.36 950.34 200.90 -1 -1 -1 -1000 -1000 -1000 -10 1
40 4 Car -1 -1 -1 477.36 170.40 557.23 205.00 -1 -1 -1 -1000 -1000 -1000 -10 1
40 3 Car -1 -1 -1 890.01 165.81 982.73 202.24 -1 -1 -1 -1000 -1000 -1000 -10 1
41 4 Car -1 -1 -1 490.87 167.87 583.43 206.99 -1 -1 -1 -1000 -1000 -1000 -10 1
41 3 Car -1 -1 -1 921.50 164.63 1017.40 201.26 -1 -1 -1 -1000 -1000 -1000 -10 1
42 4 Car -1 -1 -1 507.45 166.83 603.05 208.38 -1 -1 -1 -1000 -1000 -1000 -10 1
42 3 Car -1 -1 -1 953.61 161.98 1052.25 200.41 -1 -1 -1 -1000 -1000 -1000 -10 1
43 4 Car -1 -1 -1 526.20 165.34 634.17 209.37 -1 -1 -1 -1000 -1000 -1000 -10 1
44 4 Car -1 -1 -1 537.40 163.91 652.82 209.99 -1 -1 -1 -1000 -1000 -1000 -10 1
45 4 Car -1 -1 -1 553.00 163.12 677.57 209.88 -1 -1 -1 -1000 -1000 -1000 -10 1
46 6 Car -1 -1 -1 1122.96 153.94 1232.84 194.30 -1 -1 -1 -1000 -1000 -1000 -10 1
46 4 Car -1 -1 -1 567.71 162.79 698.59 210.76 -1 -1 -1 -1000 -1000 -1000 -10 1
47 6 Car -1 -1 -1 1149.91 150.61 1249.95 190.61 -1 -1 -1 -1000 -1000 -1000 -10 1
47 4 Car -1 -1 -1 583.30 160.18 712.22 209.82 -1 -1 -1 -1000 -1000 -1000 -10 1
48 4 Car -1 -1 -1 601.94 163.58 735.01 214.92 -1 -1 -1 -1000 -1000 -1000 -10 1
49 4 Car -1 -1 -1 616.60 162.55 759.74 212.67 -1 -1 -1 -1000 -1000 -1000 -10 1
50 4 Car -1 -1 -1 631.98 161.59 781.23 212.24 -1 -1 -1 -1000 -1000 -1000 -10 1
51 4 Car -1 -1 -1 640.98 157.45 798.18 212.35 -1 -1 -1 -1000 -1000 -1000 -10 1
52 4 Car -1 -1 -1 658.51 152.97 821.79 212.01 -1 -1 -1 -1000 -1000 -1000 -10 1
53 4 Car -1 -1 -1 669.81 148.69 841.49 212.43 -1 -1 -1 -1000 -1000 -1000 -10 1
54 4 Car -1 -1 -1 686.18 149.71 858.62 212.50 -1 -1 -1 -1000 -1000 -1000 -10 1
55 4 Car -1 -1 -1 700.66 146.54 879.08 213.71 -1 -1 -1 -1000 -1000 -1000 -10 1
56 4 Car -1 -1 -1 715.83 146.68 890.24 213.05 -1 -1 -1 -1000 -1000 -1000 -10 1
57 4 Car -1 -1 -1 731.51 145.43 905.55 212.99 -1 -1 -1 -1000 -1000 -1000 -10 1
58 4 Car -1 -1 -1 747.20 138.83 926.00 211.46 -1 -1 -1 -1000 -1000 -1000 -10 1
59 4 Car -1 -1 -1 762.98 132.89 942.72 209.51 -1 -1 -1 -1000 -1000 -1000 -10 1
60 4 Car -1 -1 -1 774.16 129.59 950.32 209.41 -1 -1 -1 -1000 -1000 -1000 -10 1
61 4 Car -1 -1 -1 782.33 131.17 954.13 210.77 -1 -1 -1 -1000 -1000 -1000 -10 1
62 4 Car -1 -1 -1 787.70 129.24 960.70 210.63 -1 -1 -1 -1000 -1000 -1000 -10 1
63 4 Car -1 -1 -1 795.86 129.42 965.51 211.29 -1 -1 -1 -1000 -1000 -1000 -10 1
64 4 Car -1 -1 -1 796.57 130.77 962.10 213.52 -1 -1 -1 -1000 -1000 -1000 -10 1
65 14 Car -1 -1 -1 797.13 140.89 944.31 213.04 -1 -1 -1 -1000 -1000 -1000 -10 1
65 4 Car -1 -1 -1 796.78 133.46 959.71 215.71 -1 -1 -1 -1000 -1000 -1000 -10 1
66 14 Car -1 -1 -1 793.87 145.31 937.62 216.20 -1 -1 -1 -1000 -1000 -1000 -10 1
67 14 Car -1 -1 -1 791.63 148.30 931.65 220.50 -1 -1 -1 -1000 -1000 -1000 -10 1
68 14 Car -1 -1 -1 793.55 154.37 921.78 220.70 -1 -1 -1 -1000 -1000 -1000 -10 1
69 14 Car -1 -1 -1 788.67 160.01 913.88 225.87 -1 -1 -1 -1000 -1000 -1000 -10 1
70 14 Car -1 -1 -1 783.59 163.01 901.18 227.88 -1 -1 -1 -1000 -1000 -1000 -10 1
71 14 Car -1 -1 -1 774.21 165.34 889.50 229.20 -1 -1 -1 -1000 -1000 -1000 -10 1
74 21 Car -1 -1 -1 325.42 185.31 466.52 244.07 -1 -1 -1 -1000 -1000 -1000 -10 1
74 17 Car -1 -1 -1 736.98 169.93 833.00 230.86 -1 -1 -1 -1000 -1000 -1000 -10 1
75 21 Car -1 -1 -1 246.69 188.03 401.48 252.62 -1 -1 -1 -1000 -1000 -1000 -10 1
75 17 Car -1 -1 -1 721.44 169.47 812.99 228.89 -1 -1 -1 -1000 -1000 -1000 -10 1
76 21 Car -1 -1 -1 150.36 191.94 325.27 261.71 -1 -1 -1 -1000 -1000 -1000 -10 1
76 17 Car -1 -1 -1 706.18 169.32 791.54 226.72 -1 -1 -1 -1000 -1000 -1000 -10 1
77 21 Car -1 -1 -1 41.05 195.06 237.87 271.26 -1 -1 -1 -1000 -1000 -1000 -10 1
77 17 Car -1 -1 -1 692.36 169.04 772.69 224.67 -1 -1 -1 -1000 -1000 -1000 -10 1
78 21 Car -1 -1 -1 -27.89 200.34 159.97 282.43 -1 -1 -1 -1000 -1000 -1000 -10 1
78 17 Car -1 -1 -1 679.67 170.68 752.84 223.54 -1 -1 -1 -1000 -1000 -1000 -10 1
79 17 Car -1 -1 -1 664.50 170.26 733.92 221.99 -1 -1 -1 -1000 -1000 -1000 -10 1
80 17 Car -1 -1 -1 651.55 169.73 717.51 219.70 -1 -1 -1 -1000 -1000 -1000 -10 1
81 17 Car -1 -1 -1 637.52 169.21 701.47 218.19 -1 -1 -1 -1000 -1000 -1000 -10 1
82 17 Car -1 -1 -1 623.29 172.42 685.18 220.23 -1 -1 -1 -1000 -1000 -1000 -10 1
83 17 Car -1 -1 -1 610.77 172.38 671.25 220.13 -1 -1 -1 -1000 -1000 -1000 -10 1
84 17 Car -1 -1 -1 598.98 174.18 658.97 221.81 -1 -1 -1 -1000 -1000 -1000 -10 1
85 17 Car -1 -1 -1 587.48 177.51 645.92 224.72 -1 -1 -1 -1000 -1000 -1000 -10 1
86 17 Car -1 -1 -1 576.58 177.92 633.98 225.50 -1 -1 -1 -1000 -1000 -1000 -10 1
87 17 Car -1 -1 -1 569.21 177.29 625.65 225.01 -1 -1 -1 -1000 -1000 -1000 -10 1
88 17 Car -1 -1 -1 564.81 177.11 620.33 224.50 -1 -1 -1 -1000 -1000 -1000 -10 1
89 17 Car -1 -1 -1 562.59 177.92 616.58 224.54 -1 -1 -1 -1000 -1000 -1000 -10 1
90 17 Car -1 -1 -1 560.85 179.00 614.20 225.59 -1 -1 -1 -1000 -1000 -1000 -10 1
91 17 Car -1 -1 -1 559.47 181.27 612.42 226.97 -1 -1 -1 -1000 -1000 -1000 -10 1
92 17 Car -1 -1 -1 558.78 182.47 611.51 227.74 -1 -1 -1 -1000 -1000 -1000 -10 1
93 17 Car -1 -1 -1 558.55 182.44 610.85 227.46 -1 -1 -1 -1000 -1000 -1000 -10 1
94 17 Car -1 -1 -1 556.62 183.39 608.12 228.21 -1 -1 -1 -1000 -1000 -1000 -10 1
95 17 Car -1 -1 -1 553.42 184.25 604.32 228.95 -1 -1 -1 -1000 -1000 -1000 -10 1
96 17 Car -1 -1 -1 551.75 184.12 601.83 228.44 -1 -1 -1 -1000 -1000 -1000 -10 1
97 17 Car -1 -1 -1 549.00 184.01 598.38 228.25 -1 -1 -1 -1000 -1000 -1000 -10 1
98 17 Car -1 -1 -1 547.91 183.54 596.66 227.97 -1 -1 -1 -1000 -1000 -1000 -10 1
99 17 Car -1 -1 -1 547.29 182.00 595.56 226.46 -1 -1 -1 -1000 -1000 -1000 -10 1
103 17 Car -1 -1 -1 544.26 180.39 589.50 219.47 -1 -1 -1 -1000 -1000 -1000 -10 1
104 17 Car -1 -1 -1 544.43 179.98 588.45 217.95 -1 -1 -1 -1000 -1000 -1000 -10 1
105 22 Car -1 -1 -1 544.92 175.99 592.45 214.67 -1 -1 -1 -1000 -1000 -1000 -10 1
105 17 Car -1 -1 -1 543.97 179.91 587.34 217.26 -1 -1 -1 -1000 -1000 -1000 -10 1
106 22 Car -1 -1 -1 543.67 178.35 589.42 216.18 -1 -1 -1 -1000 -1000 -1000 -10 1
107 22 Car -1 -1 -1 542.88 179.06 586.74 215.81 -1 -1 -1 -1000 -1000 -1000 -10 1
108 22 Car -1 -1 -1 543.37 179.51 585.65 215.11 -1 -1 -1 -1000 -1000 -1000 -10 1
109 22 Car -1 -1 -1 544.55 179.15 585.67 214.05 -1 -1 -1 -1000 -1000 -1000 -10 1
110 22 Car -1 -1 -1 545.50 179.27 585.46 213.38 -1 -1 -1 -1000 -1000 -1000 -10 1
111 22 Car -1 -1 -1 546.51 179.82 585.38 213.33 -1 -1 -1 -1000 -1000 -1000 -10 1
112 22 Car -1 -1 -1 548.29 180.31 586.13 213.25 -1 -1 -1 -1000 -1000 -1000 -10 1
113 22 Car -1 -1 -1 549.40 180.74 585.55 212.25 -1 -1 -1 -1000 -1000 -1000 -10 1
114 22 Car -1 -1 -1 550.81 180.62 586.13 211.31 -1 -1 -1 -1000 -1000 -1000 -10 1
115 22 Car -1 -1 -1 551.92 179.99 586.63 210.08 -1 -1 -1 -1000 -1000 -1000 -10 1
116 22 Car -1 -1 -1 552.58 179.19 587.09 209.09 -1 -1 -1 -1000 -1000 -1000 -10 1
117 22 Car -1 -1 -1 552.97 178.80 587.11 208.35 -1 -1 -1 -1000 -1000 -1000 -10 1
118 22 Car -1 -1 -1 552.99 178.76 586.66 207.86 -1 -1 -1 -1000 -1000 -1000 -10 1
119 22 Car -1 -1 -1 552.71 178.83 586.32 207.75 -1 -1 -1 -1000 -1000 -1000 -10 1
120 22 Car -1 -1 -1 551.87 179.71 585.26 208.36 -1 -1 -1 -1000 -1000 -1000 -10 1
121 22 Car -1 -1 -1 551.06 179.92 584.31 208.52 -1 -1 -1 -1000 -1000 -1000 -10 1
122 22 Car -1 -1 -1 550.94 179.65 584.20 208.41 -1 -1 -1 -1000 -1000 -1000 -10 1
123 22 Car -1 -1 -1 550.14 177.94 583.23 206.69 -1 -1 -1 -1000 -1000 -1000 -10 1
124 22 Car -1 -1 -1 549.22 177.37 582.18 205.95 -1 -1 -1 -1000 -1000 -1000 -10 1
125 22 Car -1 -1 -1 548.02 177.48 580.74 205.89 -1 -1 -1 -1000 -1000 -1000 -10 1
126 22 Car -1 -1 -1 547.42 177.37 579.83 205.50 -1 -1 -1 -1000 -1000 -1000 -10 1
127 22 Car -1 -1 -1 545.50 176.97 577.75 203.87 -1 -1 -1 -1000 -1000 -1000 -10 1
128 22 Car -1 -1 -1 546.08 177.34 576.77 203.12 -1 -1 -1 -1000 -1000 -1000 -10 1
129 22 Car -1 -1 -1 543.76 176.93 574.64 202.10 -1 -1 -1 -1000 -1000 -1000 -10 1
130 22 Car -1 -1 -1 544.91 178.10 574.38 202.39 -1 -1 -1 -1000 -1000 -1000 -10 1
131 22 Car -1 -1 -1 543.44 179.05 571.91 202.71 -1 -1 -1 -1000 -1000 -1000 -10 1
132 22 Car -1 -1 -1 541.74 179.03 570.60 203.39 -1 -1 -1 -1000 -1000 -1000 -10 1
133 22 Car -1 -1 -1 540.54 179.90 569.27 204.76 -1 -1 -1 -1000 -1000 -1000 -10 1
134 22 Car -1 -1 -1 539.02 180.58 567.58 205.81 -1 -1 -1 -1000 -1000 -1000 -10 1
135 22 Car -1 -1 -1 537.85 180.45 566.52 205.90 -1 -1 -1 -1000 -1000 -1000 -10 1
136 22 Car -1 -1 -1 537.37 180.47 566.05 206.00 -1 -1 -1 -1000 -1000 -1000 -10 1
137 22 Car -1 -1 -1 536.61 180.37 565.43 205.87 -1 -1 -1 -1000 -1000 -1000 -10 1
138 22 Car -1 -1 -1 535.07 179.32 563.96 204.44 -1 -1 -1 -1000 -1000 -1000 -10 1
139 22 Car -1 -1 -1 536.20 178.90 564.66 203.26 -1 -1 -1 -1000 -1000 -1000 -10 1
140 22 Car -1 -1 -1 538.09 178.49 565.87 201.74 -1 -1 -1 -1000 -1000 -1000 -10 1
141 22 Car -1 -1 -1 540.92 179.18 567.98 201.54 -1 -1 -1 -1000 -1000 -1000 -10 1
142 22 Car -1 -1 -1 542.37 178.80 568.80 200.47 -1 -1 -1 -1000 -1000 -1000 -10 1
143 22 Car -1 -1 -1 543.71 178.31 569.47 199.47 -1 -1 -1 -1000 -1000 -1000 -10 1
144 22 Car -1 -1 -1 544.11 178.39 569.34 199.19 -1 -1 -1 -1000 -1000 -1000 -10 1
145 22 Car -1 -1 -1 544.76 179.24 569.65 199.72 -1 -1 -1 -1000 -1000 -1000 -10 1
146 22 Car -1 -1 -1 545.20 179.66 569.75 199.90 -1 -1 -1 -1000 -1000 -1000 -10 1
147 22 Car -1 -1 -1 545.15 180.09 569.61 200.06 -1 -1 -1 -1000 -1000 -1000 -10 1
159 23 Car -1 -1 -1 535.28 176.84 555.88 193.90 -1 -1 -1 -1000 -1000 -1000 -10 1
160 23 Car -1 -1 -1 536.36 176.85 556.58 193.65 -1 -1 -1 -1000 -1000 -1000 -10 1
161 23 Car -1 -1 -1 538.95 176.48 558.99 193.13 -1 -1 -1 -1000 -1000 -1000 -10 1
162 23 Car -1 -1 -1 541.29 176.18 561.54 192.92 -1 -1 -1 -1000 -1000 -1000 -10 1
163 23 Car -1 -1 -1 544.87 175.04 566.64 192.87 -1 -1 -1 -1000 -1000 -1000 -10 1
164 23 Car -1 -1 -1 546.30 176.14 568.66 194.45 -1 -1 -1 -1000 -1000 -1000 -10 1
165 23 Car -1 -1 -1 547.60 174.34 571.24 193.75 -1 -1 -1 -1000 -1000 -1000 -10 1
166 23 Car -1 -1 -1 548.81 172.49 573.39 192.74 -1 -1 -1 -1000 -1000 -1000 -10 1
167 23 Car -1 -1 -1 549.01 173.98 573.76 194.40 -1 -1 -1 -1000 -1000 -1000 -10 1
168 23 Car -1 -1 -1 549.34 173.08 574.86 193.95 -1 -1 -1 -1000 -1000 -1000 -10 1
169 23 Car -1 -1 -1 549.14 172.34 575.25 193.50 -1 -1 -1 -1000 -1000 -1000 -10 1
170 23 Car -1 -1 -1 549.18 171.91 574.81 192.31 -1 -1 -1 -1000 -1000 -1000 -10 1
171 23 Car -1 -1 -1 549.37 172.17 574.85 192.29 -1 -1 -1 -1000 -1000 -1000 -10 1
172 23 Car -1 -1 -1 548.83 172.22 573.90 192.08 -1 -1 -1 -1000 -1000 -1000 -10 1
173 23 Car -1 -1 -1 548.03 171.70 572.79 191.64 -1 -1 -1 -1000 -1000 -1000 -10 1
174 23 Car -1 -1 -1 546.83 171.09 571.24 190.99 -1 -1 -1 -1000 -1000 -1000 -10 1
175 23 Car -1 -1 -1 545.59 170.57 569.66 190.57 -1 -1 -1 -1000 -1000 -1000 -10 1
176 23 Car -1 -1 -1 544.82 170.58 568.75 190.46 -1 -1 -1 -1000 -1000 -1000 -10 1
177 24 Car -1 -1 -1 550.12 176.98 572.43 194.94 -1 -1 -1 -1000 -1000 -1000 -10 1
177 23 Car -1 -1 -1 545.92 170.63 570.05 190.59 -1 -1 -1 -1000 -1000 -1000 -10 1
178 24 Car -1 -1 -1 551.40 177.42 573.52 195.32 -1 -1 -1 -1000 -1000 -1000 -10 1
178 23 Car -1 -1 -1 546.87 171.21 571.23 191.18 -1 -1 -1 -1000 -1000 -1000 -10 1
182 23 Car -1 -1 -1 550.11 168.01 573.20 187.33 -1 -1 -1 -1000 -1000 -1000 -10 1
183 23 Car -1 -1 -1 551.71 168.05 574.41 187.25 -1 -1 -1 -1000 -1000 -1000 -10 1
222 28 Car -1 -1 -1 584.16 169.26 607.08 190.79 -1 -1 -1 -1000 -1000 -1000 -10 1
223 28 Car -1 -1 -1 582.08 170.39 605.24 192.06 -1 -1 -1 -1000 -1000 -1000 -10 1
224 28 Car -1 -1 -1 581.58 171.68 604.92 193.32 -1 -1 -1 -1000 -1000 -1000 -10 1
225 29 Car -1 -1 -1 577.95 169.82 606.22 190.18 -1 -1 -1 -1000 -1000 -1000 -10 1
225 28 Car -1 -1 -1 581.17 172.34 605.76 194.88 -1 -1 -1 -1000 -1000 -1000 -10 1
226 29 Car -1 -1 -1 572.08 171.11 602.05 191.97 -1 -1 -1 -1000 -1000 -1000 -10 1
227 29 Car -1 -1 -1 565.49 170.18 597.13 191.79 -1 -1 -1 -1000 -1000 -1000 -10 1
228 29 Car -1 -1 -1 559.63 168.35 593.98 192.05 -1 -1 -1 -1000 -1000 -1000 -10 1
229 29 Car -1 -1 -1 556.70 167.16 592.88 193.61 -1 -1 -1 -1000 -1000 -1000 -10 1
230 29 Car -1 -1 -1 551.52 170.51 590.26 195.04 -1 -1 -1 -1000 -1000 -1000 -10 1
231 29 Car -1 -1 -1 544.15 172.86 586.11 196.98 -1 -1 -1 -1000 -1000 -1000 -10 1
232 29 Car -1 -1 -1 533.48 172.09 580.14 198.79 -1 -1 -1 -1000 -1000 -1000 -10 1
233 29 Car -1 -1 -1 529.60 171.25 578.24 200.34 -1 -1 -1 -1000 -1000 -1000 -10 1
234 29 Car -1 -1 -1 527.47 171.85 574.42 202.06 -1 -1 -1 -1000 -1000 -1000 -10 1
236 32 Car -1 -1 -1 573.62 174.73 605.34 197.66 -1 -1 -1 -1000 -1000 -1000 -10 1
237 33 Car -1 -1 -1 480.99 177.89 552.32 218.94 -1 -1 -1 -1000 -1000 -1000 -10 1
237 32 Car -1 -1 -1 567.68 172.12 601.87 197.10 -1 -1 -1 -1000 -1000 -1000 -10 1
238 33 Car -1 -1 -1 444.22 182.84 534.07 231.62 -1 -1 -1 -1000 -1000 -1000 -10 1
238 32 Car -1 -1 -1 558.18 174.63 595.63 201.60 -1 -1 -1 -1000 -1000 -1000 -10 1
239 34 Car -1 -1 -1 369.02 182.64 429.49 211.73 -1 -1 -1 -1000 -1000 -1000 -10 1
239 33 Car -1 -1 -1 398.27 183.35 514.60 245.62 -1 -1 -1 -1000 -1000 -1000 -10 1
239 32 Car -1 -1 -1 549.35 173.16 591.52 202.27 -1 -1 -1 -1000 -1000 -1000 -10 1
240 33 Car -1 -1 -1 356.65 185.94 493.69 260.07 -1 -1 -1 -1000 -1000 -1000 -10 1
240 32 Car -1 -1 -1 541.80 176.52 586.52 206.60 -1 -1 -1 -1000 -1000 -1000 -10 1
241 37 Car -1 -1 -1 590.92 178.37 624.87 197.00 -1 -1 -1 -1000 -1000 -1000 -10 1
241 33 Car -1 -1 -1 277.13 195.88 456.09 290.72 -1 -1 -1 -1000 -1000 -1000 -10 1
241 32 Car -1 -1 -1 524.88 175.12 578.35 212.08 -1 -1 -1 -1000 -1000 -1000 -10 1
242 37 Car -1 -1 -1 584.81 177.16 622.50 198.35 -1 -1 -1 -1000 -1000 -1000 -10 1
242 32 Car -1 -1 -1 512.16 174.86 573.52 217.31 -1 -1 -1 -1000 -1000 -1000 -10 1
243 37 Car -1 -1 -1 580.21 177.20 620.80 199.97 -1 -1 -1 -1000 -1000 -1000 -10 1
243 32 Car -1 -1 -1 497.78 176.30 564.23 221.64 -1 -1 -1 -1000 -1000 -1000 -10 1
244 37 Car -1 -1 -1 570.57 177.04 615.03 201.58 -1 -1 -1 -1000 -1000 -1000 -10 1
244 32 Car -1 -1 -1 472.13 179.64 551.68 231.56 -1 -1 -1 -1000 -1000 -1000 -10 1
245 42 Car -1 -1 -1 392.76 176.00 469.72 210.72 -1 -1 -1 -1000 -1000 -1000 -10 1
245 37 Car -1 -1 -1 562.84 177.60 610.70 203.50 -1 -1 -1 -1000 -1000 -1000 -10 1
245 32 Car -1 -1 -1 445.32 178.84 536.45 239.27 -1 -1 -1 -1000 -1000 -1000 -10 1
246 37 Car -1 -1 -1 550.82 178.11 603.82 206.19 -1 -1 -1 -1000 -1000 -1000 -10 1
246 32 Car -1 -1 -1 404.20 180.18 515.73 251.85 -1 -1 -1 -1000 -1000 -1000 -10 1
247 43 Car -1 -1 -1 267.44 185.09 376.34 221.38 -1 -1 -1 -1000 -1000 -1000 -10 1
247 37 Car -1 -1 -1 537.77 180.27 594.63 211.34 -1 -1 -1 -1000 -1000 -1000 -10 1
247 32 Car -1 -1 -1 347.82 186.62 490.34 275.33 -1 -1 -1 -1000 -1000 -1000 -10 1
248 37 Car -1 -1 -1 525.17 180.86 586.70 214.80 -1 -1 -1 -1000 -1000 -1000 -10 1
249 37 Car -1 -1 -1 511.94 181.04 578.54 218.55 -1 -1 -1 -1000 -1000 -1000 -10 1
250 37 Car -1 -1 -1 496.53 180.71 568.15 220.75 -1 -1 -1 -1000 -1000 -1000 -10 1
251 46 Car -1 -1 -1 314.39 175.76 439.73 214.98 -1 -1 -1 -1000 -1000 -1000 -10 1
251 37 Car -1 -1 -1 471.89 182.23 557.87 226.48 -1 -1 -1 -1000 -1000 -1000 -10 1
252 46 Car -1 -1 -1 305.05 176.13 431.20 214.49 -1 -1 -1 -1000 -1000 -1000 -10 1
252 37 Car -1 -1 -1 443.51 183.00 545.28 233.97 -1 -1 -1 -1000 -1000 -1000 -10 1
253 47 Car -1 -1 -1 165.94 182.64 279.30 222.17 -1 -1 -1 -1000 -1000 -1000 -10 1
253 46 Car -1 -1 -1 282.13 176.38 416.95 218.16 -1 -1 -1 -1000 -1000 -1000 -10 1
253 37 Car -1 -1 -1 407.84 186.99 522.48 245.29 -1 -1 -1 -1000 -1000 -1000 -10 1
254 47 Car -1 -1 -1 139.67 182.76 260.83 225.43 -1 -1 -1 -1000 -1000 -1000 -10 1
254 46 Car -1 -1 -1 266.66 177.71 410.94 225.29 -1 -1 -1 -1000 -1000 -1000 -10 1
254 37 Car -1 -1 -1 361.93 190.91 496.07 260.47 -1 -1 -1 -1000 -1000 -1000 -10 1
255 47 Car -1 -1 -1 94.47 183.74 223.10 228.54 -1 -1 -1 -1000 -1000 -1000 -10 1
255 46 Car -1 -1 -1 267.72 178.98 409.49 226.22 -1 -1 -1 -1000 -1000 -1000 -10 1
256 47 Car -1 -1 -1 44.67 187.86 199.05 244.16 -1 -1 -1 -1000 -1000 -1000 -10 1
256 46 Car -1 -1 -1 254.73 179.86 398.52 227.56 -1 -1 -1 -1000 -1000 -1000 -10 1
257 47 Car -1 -1 -1 13.34 186.28 173.02 243.89 -1 -1 -1 -1000 -1000 -1000 -10 1
257 46 Car -1 -1 -1 231.84 178.86 385.06 231.24 -1 -1 -1 -1000 -1000 -1000 -10 1
258 49 Car -1 -1 -1 107.30 176.77 303.77 260.42 -1 -1 -1 -1000 -1000 -1000 -10 1
258 47 Car -1 -1 -1 -8.46 188.73 148.87 248.47 -1 -1 -1 -1000 -1000 -1000 -10 1
258 46 Car -1 -1 -1 217.05 181.25 371.46 233.48 -1 -1 -1 -1000 -1000 -1000 -10 1
259 49 Car -1 -1 -1 67.35 181.04 279.92 274.73 -1 -1 -1 -1000 -1000 -1000 -10 1
259 47 Car -1 -1 -1 -22.42 192.22 118.00 251.38 -1 -1 -1 -1000 -1000 -1000 -10 1
259 46 Car -1 -1 -1 193.69 180.59 356.78 236.33 -1 -1 -1 -1000 -1000 -1000 -10 1
260 49 Car -1 -1 -1 27.98 181.37 240.57 282.31 -1 -1 -1 -1000 -1000 -1000 -10 1
260 47 Car -1 -1 -1 -27.44 197.25 91.44 256.79 -1 -1 -1 -1000 -1000 -1000 -10 1
260 46 Car -1 -1 -1 164.50 179.95 341.35 240.90 -1 -1 -1 -1000 -1000 -1000 -10 1
261 49 Car -1 -1 -1 -9.77 181.23 206.50 296.63 -1 -1 -1 -1000 -1000 -1000 -10 1
261 46 Car -1 -1 -1 133.42 179.22 324.36 245.50 -1 -1 -1 -1000 -1000 -1000 -10 1
262 49 Car -1 -1 -1 -30.30 178.76 172.53 304.50 -1 -1 -1 -1000 -1000 -1000 -10 1
262 46 Car -1 -1 -1 94.97 180.11 303.06 251.49 -1 -1 -1 -1000 -1000 -1000 -10 1
263 49 Car -1 -1 -1 -42.21 178.00 135.35 312.24 -1 -1 -1 -1000 -1000 -1000 -10 1
263 46 Car -1 -1 -1 55.06 186.18 276.16 260.18 -1 -1 -1 -1000 -1000 -1000 -10 1
264 46 Car -1 -1 -1 25.50 191.09 256.51 267.04 -1 -1 -1 -1000 -1000 -1000 -10 1
265 46 Car -1 -1 -1 0.37 192.20 243.01 273.54 -1 -1 -1 -1000 -1000 -1000 -10 1
266 46 Car -1 -1 -1 -10.14 194.88 234.72 282.89 -1 -1 -1 -1000 -1000 -1000 -10 1
267 46 Car -1 -1 -1 -20.59 197.40 213.49 293.50 -1 -1 -1 -1000 -1000 -1000 -10 1
268 46 Car -1 -1 -1 -29.91 194.75 194.09 301.10 -1 -1 -1 -1000 -1000 -1000 -10 1
269 46 Car -1 -1 -1 -36.38 198.46 166.16 311.79 -1 -1 -1 -1000 -1000 -1000 -10 1
270 46 Car -1 -1 -1 -37.61 207.01 142.33 324.86 -1 -1 -1 -1000 -1000 -1000 -10 1
271 46 Car -1 -1 -1 -40.63 219.64 109.71 338.74 -1 -1 -1 -1000 -1000 -1000 -10 1
