0 6 Car -1 -1 -1 625.35 171.26 660.76 196.87 -1 -1 -1 -1000 -1000 -1000 -10 1
0 5 Car -1 -1 -1 643.31 172.16 680.01 203.79 -1 -1 -1 -1000 -1000 -1000 -10 1
0 4 Car -1 -1 -1 673.69 174.60 790.68 257.23 -1 -1 -1 -1000 -1000 -1000 -10 1
0 3 Car -1 -1 -1 717.88 168.54 911.42 309.74 -1 -1 -1 -1000 -1000 -1000 -10 1
0 2 Car -1 -1 -1 412.70 184.96 523.83 230.81 -1 -1 -1 -1000 -1000 -1000 -10 1
0 1 Car -1 -1 -1 658.92 175.31 740.51 231.05 -1 -1 -1 -1000 -1000 -1000 -10 1
1 6 Car -1 -1 -1 624.69 172.46 662.74 200.26 -1 -1 -1 -1000 -1000 -1000 -10 1
1 5 Car -1 -1 -1 644.76 173.49 682.89 205.32 -1 -1 -1 -1000 -1000 -1000 -10 1
1 4 Car -1 -1 -1 686.66 177.90 810.76 266.43 -1 -1 -1 -1000 -1000 -1000 -10 1
1 3 Car -1 -1 -1 741.77 178.84 980.48 347.50 -1 -1 -1 -1000 -1000 -1000 -10 1
1 2 Car -1 -1 -1 401.03 180.79 508.31 231.07 -1 -1 -1 -1000 -1000 -1000 -10 1
1 1 Car -1 -1 -1 662.14 176.33 751.20 237.93 -1 -1 -1 -1000 -1000 -1000 -10 1
2 6 Car -1 -1 -1 623.98 169.36 664.09 200.11 -1 -1 -1 -1000 -1000 -1000 -10 1
2 5 Car -1 -1 -1 642.96 169.58 683.08 205.48 -1 -1 -1 -1000 -1000 -1000 -10 1
2 4 Car -1 -1 -1 690.85 174.83 838.65 280.92 -1 -1 -1 -1000 -1000 -1000 -10 1
2 3 Car -1 -1 -1 764.34 172.64 1078.85 380.52 -1 -1 -1 -1000 -1000 -1000 -10 1
2 2 Car -1 -1 -1 376.57 181.37 498.24 238.99 -1 -1 -1 -1000 -1000 -1000 -10 1
2 1 Car -1 -1 -1 665.26 176.04 748.75 235.93 -1 -1 -1 -1000 -1000 -1000 -10 1
3 5 Car -1 -1 -1 636.34 168.25 681.15 207.42 -1 -1 -1 -1000 -1000 -1000 -10 1
3 4 Car -1 -1 -1 706.31 174.06 874.78 295.40 -1 -1 -1 -1000 -1000 -1000 -10 1
3 3 Car -1 -1 -1 803.98 172.92 1219.52 386.53 -1 -1 -1 -1000 -1000 -1000 -10 1
3 2 Car -1 -1 -1 335.21 183.35 476.80 248.47 -1 -1 -1 -1000 -1000 -1000 -10 1
3 1 Car -1 -1 -1 674.93 176.06 765.84 241.73 -1 -1 -1 -1000 -1000 -1000 -10 1
4 8 Car -1 -1 -1 664.91 173.61 744.15 236.21 -1 -1 -1 -1000 -1000 -1000 -10 1
4 5 Car -1 -1 -1 639.13 170.77 684.17 210.06 -1 -1 -1 -1000 -1000 -1000 -10 1
4 4 Car -1 -1 -1 716.03 171.44 929.68 320.88 -1 -1 -1 -1000 -1000 -1000 -10 1
4 3 Car -1 -1 -1 834.18 168.48 1257.02 382.68 -1 -1 -1 -1000 -1000 -1000 -10 1
4 1 Car -1 -1 -1 685.01 176.54 794.17 256.89 -1 -1 -1 -1000 -1000 -1000 -10 1
5 8 Car -1 -1 -1 672.11 176.71 753.02 239.15 -1 -1 -1 -1000 -1000 -1000 -10 1
5 4 Car -1 -1 -1 741.98 173.02 1005.38 352.57 -1 -1 -1 -1000 -1000 -1000 -10 1
5 3 Car -1 -1 -1 894.96 173.87 1278.67 378.55 -1 -1 -1 -1000 -1000 -1000 -10 1
5 1 Car -1 -1 -1 692.26 177.10 812.97 263.40 -1 -1 -1 -1000 -1000 -1000 -10 1
6 10 Car -1 -1 -1 646.84 164.00 703.94 211.42 -1 -1 -1 -1000 -1000 -1000 -10 1
6 8 Car -1 -1 -1 679.45 177.38 776.74 251.70 -1 -1 -1 -1000 -1000 -1000 -10 1
6 4 Car -1 -1 -1 768.01 171.73 1128.36 378.47 -1 -1 -1 -1000 -1000 -1000 -10 1
6 1 Car -1 -1 -1 702.85 180.11 835.57 274.41 -1 -1 -1 -1000 -1000 -1000 -10 1
7 10 Car -1 -1 -1 646.53 166.10 704.25 213.53 -1 -1 -1 -1000 -1000 -1000 -10 1
7 8 Car -1 -1 -1 679.85 177.69 787.20 255.41 -1 -1 -1 -1000 -1000 -1000 -10 1
7 4 Car -1 -1 -1 791.26 172.39 1236.77 383.98 -1 -1 -1 -1000 -1000 -1000 -10 1
7 1 Car -1 -1 -1 712.86 182.40 871.06 291.81 -1 -1 -1 -1000 -1000 -1000 -10 1
8 10 Car -1 -1 -1 652.80 158.70 712.76 212.97 -1 -1 -1 -1000 -1000 -1000 -10 1
8 8 Car -1 -1 -1 687.57 178.77 805.09 264.16 -1 -1 -1 -1000 -1000 -1000 -10 1
8 4 Car -1 -1 -1 809.25 173.45 1268.10 382.55 -1 -1 -1 -1000 -1000 -1000 -10 1
8 1 Car -1 -1 -1 726.75 179.85 915.92 309.77 -1 -1 -1 -1000 -1000 -1000 -10 1
9 19 Car -1 -1 -1 -18.04 207.75 360.73 364.27 -1 -1 -1 -1000 -1000 -1000 -10 1
9 18 Car -1 -1 -1 352.41 184.70 482.99 238.60 -1 -1 -1 -1000 -1000 -1000 -10 1
9 17 Car -1 -1 -1 652.04 163.62 713.94 219.35 -1 -1 -1 -1000 -1000 -1000 -10 1
9 16 Car -1 -1 -1 447.10 188.88 552.91 227.74 -1 -1 -1 -1000 -1000 -1000 -10 1
9 10 Car -1 -1 -1 650.82 161.32 713.81 217.33 -1 -1 -1 -1000 -1000 -1000 -10 1
9 8 Car -1 -1 -1 696.21 180.85 827.06 274.60 -1 -1 -1 -1000 -1000 -1000 -10 1
9 4 Car -1 -1 -1 861.71 183.76 1280.08 383.99 -1 -1 -1 -1000 -1000 -1000 -10 1
9 1 Car -1 -1 -1 749.25 182.86 988.17 347.42 -1 -1 -1 -1000 -1000 -1000 -10 1
10 19 Car -1 -1 -1 -16.10 209.15 309.48 366.80 -1 -1 -1 -1000 -1000 -1000 -10 1
10 18 Car -1 -1 -1 340.25 190.82 471.47 249.37 -1 -1 -1 -1000 -1000 -1000 -10 1
10 16 Car -1 -1 -1 443.89 186.86 542.30 226.40 -1 -1 -1 -1000 -1000 -1000 -10 1
10 10 Car -1 -1 -1 653.63 163.16 729.81 227.03 -1 -1 -1 -1000 -1000 -1000 -10 1
10 8 Car -1 -1 -1 712.62 178.76 856.50 284.50 -1 -1 -1 -1000 -1000 -1000 -10 1
10 1 Car -1 -1 -1 784.35 186.11 1085.95 372.96 -1 -1 -1 -1000 -1000 -1000 -10 1
11 19 Car -1 -1 -1 -32.11 212.84 223.08 363.01 -1 -1 -1 -1000 -1000 -1000 -10 1
11 18 Car -1 -1 -1 322.40 194.14 465.14 256.78 -1 -1 -1 -1000 -1000 -1000 -10 1
11 16 Car -1 -1 -1 432.88 187.15 537.96 231.02 -1 -1 -1 -1000 -1000 -1000 -10 1
11 10 Car -1 -1 -1 656.22 162.79 743.31 233.82 -1 -1 -1 -1000 -1000 -1000 -10 1
11 8 Car -1 -1 -1 723.79 186.77 896.86 309.71 -1 -1 -1 -1000 -1000 -1000 -10 1
11 1 Car -1 -1 -1 811.39 187.14 1209.08 378.90 -1 -1 -1 -1000 -1000 -1000 -10 1
12 18 Car -1 -1 -1 297.92 190.46 453.51 261.92 -1 -1 -1 -1000 -1000 -1000 -10 1
12 16 Car -1 -1 -1 414.56 188.06 532.49 233.38 -1 -1 -1 -1000 -1000 -1000 -10 1
12 10 Car -1 -1 -1 659.87 159.97 757.34 236.24 -1 -1 -1 -1000 -1000 -1000 -10 1
12 8 Car -1 -1 -1 751.05 193.52 962.50 340.12 -1 -1 -1 -1000 -1000 -1000 -10 1
12 1 Car -1 -1 -1 836.88 185.93 1248.61 379.80 -1 -1 -1 -1000 -1000 -1000 -10 1
13 18 Car -1 -1 -1 271.35 195.05 431.80 270.72 -1 -1 -1 -1000 -1000 -1000 -10 1
13 16 Car -1 -1 -1 403.22 185.10 533.81 234.07 -1 -1 -1 -1000 -1000 -1000 -10 1
13 10 Car -1 -1 -1 663.84 153.89 772.95 235.06 -1 -1 -1 -1000 -1000 -1000 -10 1
13 8 Car -1 -1 -1 773.67 193.24 1024.94 363.96 -1 -1 -1 -1000 -1000 -1000 -10 1
13 1 Car -1 -1 -1 884.40 190.36 1271.48 380.67 -1 -1 -1 -1000 -1000 -1000 -10 1
14 22 Car -1 -1 -1 652.64 168.95 731.06 225.02 -1 -1 -1 -1000 -1000 -1000 -10 1
14 21 Car -1 -1 -1 669.14 150.31 793.14 246.74 -1 -1 -1 -1000 -1000 -1000 -10 1
14 18 Car -1 -1 -1 242.63 195.08 416.56 281.03 -1 -1 -1 -1000 -1000 -1000 -10 1
14 16 Car -1 -1 -1 382.66 186.80 524.47 243.80 -1 -1 -1 -1000 -1000 -1000 -10 1
14 10 Car -1 -1 -1 666.75 153.27 786.25 241.67 -1 -1 -1 -1000 -1000 -1000 -10 1
14 8 Car -1 -1 -1 823.82 195.18 1153.54 375.43 -1 -1 -1 -1000 -1000 -1000 -10 1
15 24 Car -1 -1 -1 115.09 204.01 249.11 258.40 -1 -1 -1 -1000 -1000 -1000 -10 1
15 22 Car -1 -1 -1 658.51 173.71 738.59 231.30 -1 -1 -1 -1000 -1000 -1000 -10 1
15 21 Car -1 -1 -1 671.48 154.62 805.45 255.64 -1 -1 -1 -1000 -1000 -1000 -10 1
15 18 Car -1 -1 -1 198.71 197.81 390.56 295.58 -1 -1 -1 -1000 -1000 -1000 -10 1
15 16 Car -1 -1 -1 353.90 186.67 501.02 246.98 -1 -1 -1 -1000 -1000 -1000 -10 1
15 8 Car -1 -1 -1 848.78 192.71 1223.35 378.36 -1 -1 -1 -1000 -1000 -1000 -10 1
16 24 Car -1 -1 -1 80.80 200.88 224.20 262.72 -1 -1 -1 -1000 -1000 -1000 -10 1
16 23 Car -1 -1 -1 631.19 171.32 681.63 210.84 -1 -1 -1 -1000 -1000 -1000 -10 1
16 22 Car -1 -1 -1 656.90 172.12 733.36 227.02 -1 -1 -1 -1000 -1000 -1000 -10 1
16 21 Car -1 -1 -1 683.38 150.18 833.31 262.70 -1 -1 -1 -1000 -1000 -1000 -10 1
16 18 Car -1 -1 -1 149.51 200.41 355.64 311.20 -1 -1 -1 -1000 -1000 -1000 -10 1
16 16 Car -1 -1 -1 337.64 181.37 491.56 248.20 -1 -1 -1 -1000 -1000 -1000 -10 1
16 8 Car -1 -1 -1 885.07 192.67 1260.10 378.39 -1 -1 -1 -1000 -1000 -1000 -10 1
17 23 Car -1 -1 -1 633.14 171.14 685.54 213.16 -1 -1 -1 -1000 -1000 -1000 -10 1
17 22 Car -1 -1 -1 665.40 174.08 749.52 234.60 -1 -1 -1 -1000 -1000 -1000 -10 1
17 21 Car -1 -1 -1 689.26 148.67 861.27 274.34 -1 -1 -1 -1000 -1000 -1000 -10 1
17 18 Car -1 -1 -1 77.91 202.63 311.64 335.04 -1 -1 -1 -1000 -1000 -1000 -10 1
17 16 Car -1 -1 -1 307.69 187.16 488.55 260.78 -1 -1 -1 -1000 -1000 -1000 -10 1
18 23 Car -1 -1 -1 636.14 173.43 688.20 217.12 -1 -1 -1 -1000 -1000 -1000 -10 1
18 22 Car -1 -1 -1 667.76 174.56 750.86 237.14 -1 -1 -1 -1000 -1000 -1000 -10 1
18 21 Car -1 -1 -1 697.74 152.36 892.37 292.79 -1 -1 -1 -1000 -1000 -1000 -10 1
18 18 Car -1 -1 -1 7.30 207.81 259.72 361.64 -1 -1 -1 -1000 -1000 -1000 -10 1
18 16 Car -1 -1 -1 274.22 193.87 482.63 273.06 -1 -1 -1 -1000 -1000 -1000 -10 1
19 23 Car -1 -1 -1 641.17 175.58 698.94 223.95 -1 -1 -1 -1000 -1000 -1000 -10 1
19 22 Car -1 -1 -1 678.53 179.03 780.25 251.92 -1 -1 -1 -1000 -1000 -1000 -10 1
19 21 Car -1 -1 -1 721.81 155.94 938.69 315.09 -1 -1 -1 -1000 -1000 -1000 -10 1
19 18 Car -1 -1 -1 -27.04 208.72 199.87 372.13 -1 -1 -1 -1000 -1000 -1000 -10 1
19 16 Car -1 -1 -1 226.80 191.70 484.28 286.95 -1 -1 -1 -1000 -1000 -1000 -10 1
20 23 Car -1 -1 -1 641.69 176.52 708.18 230.49 -1 -1 -1 -1000 -1000 -1000 -10 1
20 22 Car -1 -1 -1 690.77 185.09 807.50 264.81 -1 -1 -1 -1000 -1000 -1000 -10 1
20 21 Car -1 -1 -1 740.26 149.21 1016.92 340.10 -1 -1 -1 -1000 -1000 -1000 -10 1
20 16 Car -1 -1 -1 164.39 201.04 475.57 314.29 -1 -1 -1 -1000 -1000 -1000 -10 1
21 26 Car -1 -1 -1 749.65 96.08 1175.77 385.50 -1 -1 -1 -1000 -1000 -1000 -10 1
21 23 Car -1 -1 -1 640.25 179.48 713.11 235.16 -1 -1 -1 -1000 -1000 -1000 -10 1
21 22 Car -1 -1 -1 705.15 186.49 845.38 278.67 -1 -1 -1 -1000 -1000 -1000 -10 1
21 16 Car -1 -1 -1 82.81 204.29 446.52 340.92 -1 -1 -1 -1000 -1000 -1000 -10 1
22 26 Car -1 -1 -1 775.66 77.10 1266.33 387.48 -1 -1 -1 -1000 -1000 -1000 -10 1
22 23 Car -1 -1 -1 646.00 179.34 724.58 235.60 -1 -1 -1 -1000 -1000 -1000 -10 1
22 22 Car -1 -1 -1 716.28 184.58 884.72 293.09 -1 -1 -1 -1000 -1000 -1000 -10 1
22 16 Car -1 -1 -1 6.23 205.61 417.04 361.90 -1 -1 -1 -1000 -1000 -1000 -10 1
23 23 Car -1 -1 -1 653.50 174.64 736.87 234.96 -1 -1 -1 -1000 -1000 -1000 -10 1
23 22 Car -1 -1 -1 733.63 186.32 925.95 311.19 -1 -1 -1 -1000 -1000 -1000 -10 1
23 21 Car -1 -1 -1 825.08 77.78 1255.48 379.38 -1 -1 -1 -1000 -1000 -1000 -10 1
23 16 Car -1 -1 -1 -15.26 200.20 409.85 371.30 -1 -1 -1 -1000 -1000 -1000 -10 1
24 23 Car -1 -1 -1 659.05 175.81 750.29 242.55 -1 -1 -1 -1000 -1000 -1000 -10 1
24 22 Car -1 -1 -1 763.67 190.43 995.36 342.50 -1 -1 -1 -1000 -1000 -1000 -10 1
24 21 Car -1 -1 -1 886.46 67.46 1284.55 375.40 -1 -1 -1 -1000 -1000 -1000 -10 1
24 16 Car -1 -1 -1 -33.34 201.49 374.76 375.58 -1 -1 -1 -1000 -1000 -1000 -10 1
25 23 Car -1 -1 -1 667.65 177.96 766.27 249.93 -1 -1 -1 -1000 -1000 -1000 -10 1
25 22 Car -1 -1 -1 804.61 192.15 1090.96 368.38 -1 -1 -1 -1000 -1000 -1000 -10 1
25 16 Car -1 -1 -1 -37.52 200.70 327.14 375.62 -1 -1 -1 -1000 -1000 -1000 -10 1
26 23 Car -1 -1 -1 678.66 180.15 787.26 256.69 -1 -1 -1 -1000 -1000 -1000 -10 1
26 22 Car -1 -1 -1 842.52 186.96 1209.17 375.67 -1 -1 -1 -1000 -1000 -1000 -10 1
26 16 Car -1 -1 -1 -23.76 197.97 321.67 374.99 -1 -1 -1 -1000 -1000 -1000 -10 1
27 23 Car -1 -1 -1 692.12 183.59 808.00 263.64 -1 -1 -1 -1000 -1000 -1000 -10 1
27 22 Car -1 -1 -1 863.87 186.34 1245.45 377.05 -1 -1 -1 -1000 -1000 -1000 -10 1
27 16 Car -1 -1 -1 -2.15 179.32 295.40 336.25 -1 -1 -1 -1000 -1000 -1000 -10 1
28 35 Car -1 -1 -1 388.13 195.48 530.73 260.12 -1 -1 -1 -1000 -1000 -1000 -10 1
28 34 Car -1 -1 -1 668.54 176.96 709.99 208.40 -1 -1 -1 -1000 -1000 -1000 -10 1
28 23 Car -1 -1 -1 704.68 184.77 830.08 270.50 -1 -1 -1 -1000 -1000 -1000 -10 1
28 22 Car -1 -1 -1 926.64 193.09 1274.79 380.58 -1 -1 -1 -1000 -1000 -1000 -10 1
28 16 Car -1 -1 -1 -11.02 183.22 255.73 315.95 -1 -1 -1 -1000 -1000 -1000 -10 1
29 35 Car -1 -1 -1 384.25 199.20 525.12 273.79 -1 -1 -1 -1000 -1000 -1000 -10 1
29 34 Car -1 -1 -1 677.32 177.60 745.38 222.11 -1 -1 -1 -1000 -1000 -1000 -10 1
29 23 Car -1 -1 -1 718.98 185.70 858.88 281.74 -1 -1 -1 -1000 -1000 -1000 -10 1
30 34 Car -1 -1 -1 692.10 177.47 761.95 228.91 -1 -1 -1 -1000 -1000 -1000 -10 1
30 23 Car -1 -1 -1 734.77 188.84 895.39 298.02 -1 -1 -1 -1000 -1000 -1000 -10 1
31 39 Car -1 -1 -1 682.22 179.25 732.94 213.75 -1 -1 -1 -1000 -1000 -1000 -10 1
31 38 Car -1 -1 -1 -6.56 206.40 125.04 312.98 -1 -1 -1 -1000 -1000 -1000 -10 1
31 35 Car -1 -1 -1 290.25 204.95 501.07 305.78 -1 -1 -1 -1000 -1000 -1000 -10 1
31 34 Car -1 -1 -1 701.02 178.29 770.26 233.73 -1 -1 -1 -1000 -1000 -1000 -10 1
31 23 Car -1 -1 -1 755.46 188.14 944.36 317.60 -1 -1 -1 -1000 -1000 -1000 -10 1
32 39 Car -1 -1 -1 684.32 175.44 733.68 211.30 -1 -1 -1 -1000 -1000 -1000 -10 1
32 38 Car -1 -1 -1 -10.68 208.53 74.90 301.34 -1 -1 -1 -1000 -1000 -1000 -10 1
32 35 Car -1 -1 -1 266.78 210.51 503.55 326.27 -1 -1 -1 -1000 -1000 -1000 -10 1
32 34 Car -1 -1 -1 706.87 174.48 783.62 236.81 -1 -1 -1 -1000 -1000 -1000 -10 1
32 23 Car -1 -1 -1 781.26 192.39 1013.64 344.35 -1 -1 -1 -1000 -1000 -1000 -10 1
33 39 Car -1 -1 -1 681.47 166.53 734.13 207.48 -1 -1 -1 -1000 -1000 -1000 -10 1
33 35 Car -1 -1 -1 196.30 209.15 470.66 352.73 -1 -1 -1 -1000 -1000 -1000 -10 1
33 34 Car -1 -1 -1 711.30 175.31 793.74 239.54 -1 -1 -1 -1000 -1000 -1000 -10 1
33 23 Car -1 -1 -1 812.72 191.81 1110.52 367.19 -1 -1 -1 -1000 -1000 -1000 -10 1
34 39 Car -1 -1 -1 679.66 170.15 732.45 210.24 -1 -1 -1 -1000 -1000 -1000 -10 1
34 35 Car -1 -1 -1 105.61 208.20 422.05 371.91 -1 -1 -1 -1000 -1000 -1000 -10 1
34 34 Car -1 -1 -1 717.89 179.99 806.53 245.64 -1 -1 -1 -1000 -1000 -1000 -10 1
34 23 Car -1 -1 -1 854.53 194.01 1210.25 372.92 -1 -1 -1 -1000 -1000 -1000 -10 1
35 39 Car -1 -1 -1 679.47 175.34 731.61 212.68 -1 -1 -1 -1000 -1000 -1000 -10 1
35 35 Car -1 -1 -1 9.14 205.96 361.11 378.86 -1 -1 -1 -1000 -1000 -1000 -10 1
35 34 Car -1 -1 -1 723.64 184.70 824.19 253.10 -1 -1 -1 -1000 -1000 -1000 -10 1
36 39 Car -1 -1 -1 678.14 170.66 730.28 210.90 -1 -1 -1 -1000 -1000 -1000 -10 1
36 35 Car -1 -1 -1 -29.90 207.71 282.45 379.38 -1 -1 -1 -1000 -1000 -1000 -10 1
36 34 Car -1 -1 -1 730.91 184.97 841.87 258.68 -1 -1 -1 -1000 -1000 -1000 -10 1
36 23 Car -1 -1 -1 918.10 199.01 1259.32 377.62 -1 -1 -1 -1000 -1000 -1000 -10 1
37 45 Car -1 -1 -1 423.71 186.84 546.93 241.13 -1 -1 -1 -1000 -1000 -1000 -10 1
37 39 Car -1 -1 -1 679.29 172.37 733.19 212.95 -1 -1 -1 -1000 -1000 -1000 -10 1
37 34 Car -1 -1 -1 735.48 185.75 857.92 265.92 -1 -1 -1 -1000 -1000 -1000 -10 1
38 45 Car -1 -1 -1 394.38 188.34 531.25 248.55 -1 -1 -1 -1000 -1000 -1000 -10 1
38 42 Car -1 -1 -1 108.61 216.59 405.17 366.79 -1 -1 -1 -1000 -1000 -1000 -10 1
38 39 Car -1 -1 -1 675.94 173.57 731.59 216.67 -1 -1 -1 -1000 -1000 -1000 -10 1
38 34 Car -1 -1 -1 738.65 191.25 873.71 274.80 -1 -1 -1 -1000 -1000 -1000 -10 1
39 45 Car -1 -1 -1 394.55 191.14 532.31 253.35 -1 -1 -1 -1000 -1000 -1000 -10 1
39 42 Car -1 -1 -1 -3.50 208.83 335.47 378.02 -1 -1 -1 -1000 -1000 -1000 -10 1
39 39 Car -1 -1 -1 670.19 176.28 729.86 222.74 -1 -1 -1 -1000 -1000 -1000 -10 1
39 34 Car -1 -1 -1 747.79 191.18 907.14 292.62 -1 -1 -1 -1000 -1000 -1000 -10 1
40 45 Car -1 -1 -1 369.43 191.40 508.61 253.36 -1 -1 -1 -1000 -1000 -1000 -10 1
40 42 Car -1 -1 -1 -41.08 217.85 255.69 382.72 -1 -1 -1 -1000 -1000 -1000 -10 1
40 39 Car -1 -1 -1 665.89 174.90 730.09 225.74 -1 -1 -1 -1000 -1000 -1000 -10 1
40 34 Car -1 -1 -1 760.38 195.34 952.58 314.56 -1 -1 -1 -1000 -1000 -1000 -10 1
41 45 Car -1 -1 -1 334.32 197.63 481.53 262.04 -1 -1 -1 -1000 -1000 -1000 -10 1
41 39 Car -1 -1 -1 661.12 174.12 731.63 231.76 -1 -1 -1 -1000 -1000 -1000 -10 1
41 34 Car -1 -1 -1 772.73 194.82 1015.26 345.71 -1 -1 -1 -1000 -1000 -1000 -10 1
42 39 Car -1 -1 -1 659.22 172.91 735.95 236.47 -1 -1 -1 -1000 -1000 -1000 -10 1
42 34 Car -1 -1 -1 805.82 195.57 1113.73 368.85 -1 -1 -1 -1000 -1000 -1000 -10 1
43 39 Car -1 -1 -1 656.90 170.49 742.17 241.21 -1 -1 -1 -1000 -1000 -1000 -10 1
43 34 Car -1 -1 -1 837.73 189.01 1216.53 373.07 -1 -1 -1 -1000 -1000 -1000 -10 1
44 47 Car -1 -1 -1 -12.27 204.59 241.97 346.34 -1 -1 -1 -1000 -1000 -1000 -10 1
44 45 Car -1 -1 -1 183.05 199.57 441.27 313.26 -1 -1 -1 -1000 -1000 -1000 -10 1
44 39 Car -1 -1 -1 660.17 168.50 759.46 245.88 -1 -1 -1 -1000 -1000 -1000 -10 1
44 34 Car -1 -1 -1 859.83 194.01 1251.87 377.60 -1 -1 -1 -1000 -1000 -1000 -10 1
45 47 Car -1 -1 -1 -4.64 208.71 167.29 311.29 -1 -1 -1 -1000 -1000 -1000 -10 1
45 45 Car -1 -1 -1 118.18 207.10 438.69 339.77 -1 -1 -1 -1000 -1000 -1000 -10 1
45 39 Car -1 -1 -1 668.09 174.32 774.80 255.78 -1 -1 -1 -1000 -1000 -1000 -10 1
45 34 Car -1 -1 -1 920.75 195.67 1274.59 379.01 -1 -1 -1 -1000 -1000 -1000 -10 1
46 45 Car -1 -1 -1 45.95 209.85 404.42 363.83 -1 -1 -1 -1000 -1000 -1000 -10 1
46 39 Car -1 -1 -1 681.93 174.97 796.72 261.92 -1 -1 -1 -1000 -1000 -1000 -10 1
47 45 Car -1 -1 -1 -10.24 207.45 366.55 373.52 -1 -1 -1 -1000 -1000 -1000 -10 1
47 39 Car -1 -1 -1 692.97 168.94 823.64 265.11 -1 -1 -1 -1000 -1000 -1000 -10 1
48 45 Car -1 -1 -1 -34.98 204.76 300.61 372.96 -1 -1 -1 -1000 -1000 -1000 -10 1
48 39 Car -1 -1 -1 712.56 170.31 860.80 279.75 -1 -1 -1 -1000 -1000 -1000 -10 1
49 53 Car -1 -1 -1 649.18 166.69 723.34 225.21 -1 -1 -1 -1000 -1000 -1000 -10 1
49 52 Car -1 -1 -1 139.31 209.28 413.57 337.40 -1 -1 -1 -1000 -1000 -1000 -10 1
49 45 Car -1 -1 -1 -37.85 204.42 248.25 372.34 -1 -1 -1 -1000 -1000 -1000 -10 1
49 39 Car -1 -1 -1 734.04 173.53 912.61 303.65 -1 -1 -1 -1000 -1000 -1000 -10 1
50 53 Car -1 -1 -1 650.04 168.44 724.04 227.76 -1 -1 -1 -1000 -1000 -1000 -10 1
50 52 Car -1 -1 -1 37.84 206.87 391.32 369.12 -1 -1 -1 -1000 -1000 -1000 -10 1
50 39 Car -1 -1 -1 761.87 175.66 989.18 337.85 -1 -1 -1 -1000 -1000 -1000 -10 1
51 55 Car -1 -1 -1 618.48 174.09 651.48 196.46 -1 -1 -1 -1000 -1000 -1000 -10 1
51 53 Car -1 -1 -1 653.78 168.83 730.71 232.97 -1 -1 -1 -1000 -1000 -1000 -10 1
51 52 Car -1 -1 -1 -24.63 205.98 352.54 379.84 -1 -1 -1 -1000 -1000 -1000 -10 1
51 39 Car -1 -1 -1 798.03 170.18 1101.25 367.59 -1 -1 -1 -1000 -1000 -1000 -10 1
52 57 Car -1 -1 -1 735.59 166.65 822.29 213.99 -1 -1 -1 -1000 -1000 -1000 -10 1
52 55 Car -1 -1 -1 621.30 175.94 655.79 200.58 -1 -1 -1 -1000 -1000 -1000 -10 1
52 53 Car -1 -1 -1 660.16 164.52 752.90 237.73 -1 -1 -1 -1000 -1000 -1000 -10 1
52 52 Car -1 -1 -1 -45.06 210.71 278.88 381.34 -1 -1 -1 -1000 -1000 -1000 -10 1
52 39 Car -1 -1 -1 839.42 162.62 1206.51 374.32 -1 -1 -1 -1000 -1000 -1000 -10 1
53 57 Car -1 -1 -1 747.17 172.60 827.99 216.96 -1 -1 -1 -1000 -1000 -1000 -10 1
53 56 Car -1 -1 -1 257.19 195.61 447.26 271.12 -1 -1 -1 -1000 -1000 -1000 -10 1
53 55 Car -1 -1 -1 624.21 177.98 660.74 204.35 -1 -1 -1 -1000 -1000 -1000 -10 1
53 53 Car -1 -1 -1 667.67 163.17 767.41 246.95 -1 -1 -1 -1000 -1000 -1000 -10 1
53 39 Car -1 -1 -1 866.13 171.60 1247.22 377.74 -1 -1 -1 -1000 -1000 -1000 -10 1
54 57 Car -1 -1 -1 754.34 172.85 842.04 220.37 -1 -1 -1 -1000 -1000 -1000 -10 1
54 55 Car -1 -1 -1 629.36 178.91 666.30 205.46 -1 -1 -1 -1000 -1000 -1000 -10 1
54 53 Car -1 -1 -1 680.75 161.56 787.50 256.35 -1 -1 -1 -1000 -1000 -1000 -10 1
54 39 Car -1 -1 -1 946.32 179.15 1274.63 380.81 -1 -1 -1 -1000 -1000 -1000 -10 1
55 58 Car -1 -1 -1 687.76 150.62 821.68 259.40 -1 -1 -1 -1000 -1000 -1000 -10 1
55 53 Car -1 -1 -1 691.51 163.06 810.49 262.09 -1 -1 -1 -1000 -1000 -1000 -10 1
56 58 Car -1 -1 -1 699.80 148.76 855.27 270.35 -1 -1 -1 -1000 -1000 -1000 -10 1
56 55 Car -1 -1 -1 637.17 177.06 677.58 206.98 -1 -1 -1 -1000 -1000 -1000 -10 1
56 53 Car -1 -1 -1 701.48 158.07 841.99 270.08 -1 -1 -1 -1000 -1000 -1000 -10 1
57 58 Car -1 -1 -1 709.91 152.60 884.02 295.54 -1 -1 -1 -1000 -1000 -1000 -10 1
57 55 Car -1 -1 -1 637.76 175.74 679.98 207.72 -1 -1 -1 -1000 -1000 -1000 -10 1
58 61 Car -1 -1 -1 615.42 170.62 649.92 193.50 -1 -1 -1 -1000 -1000 -1000 -10 1
58 60 Car -1 -1 -1 -31.93 203.82 382.75 365.98 -1 -1 -1 -1000 -1000 -1000 -10 1
58 58 Car -1 -1 -1 724.56 148.67 926.70 316.18 -1 -1 -1 -1000 -1000 -1000 -10 1
58 55 Car -1 -1 -1 637.26 174.50 682.55 207.76 -1 -1 -1 -1000 -1000 -1000 -10 1
59 58 Car -1 -1 -1 741.89 137.13 987.88 340.64 -1 -1 -1 -1000 -1000 -1000 -10 1
59 53 Car -1 -1 -1 759.40 143.29 967.45 323.48 -1 -1 -1 -1000 -1000 -1000 -10 1
60 60 Car -1 -1 -1 -46.21 206.56 291.58 372.76 -1 -1 -1 -1000 -1000 -1000 -10 1
60 58 Car -1 -1 -1 769.83 123.11 1076.48 364.66 -1 -1 -1 -1000 -1000 -1000 -10 1
60 53 Car -1 -1 -1 779.21 133.45 1063.03 351.52 -1 -1 -1 -1000 -1000 -1000 -10 1
61 60 Car -1 -1 -1 -19.49 220.81 282.12 378.45 -1 -1 -1 -1000 -1000 -1000 -10 1
61 58 Car -1 -1 -1 804.16 111.30 1193.68 377.08 -1 -1 -1 -1000 -1000 -1000 -10 1
61 55 Car -1 -1 -1 645.15 175.13 696.74 213.87 -1 -1 -1 -1000 -1000 -1000 -10 1
62 58 Car -1 -1 -1 830.34 91.43 1239.06 378.02 -1 -1 -1 -1000 -1000 -1000 -10 1
62 55 Car -1 -1 -1 650.40 176.46 705.36 217.27 -1 -1 -1 -1000 -1000 -1000 -10 1
63 55 Car -1 -1 -1 650.80 178.99 709.34 220.52 -1 -1 -1 -1000 -1000 -1000 -10 1
64 65 Car -1 -1 -1 947.31 131.34 1240.83 369.23 -1 -1 -1 -1000 -1000 -1000 -10 1
64 55 Car -1 -1 -1 649.04 178.72 711.13 221.76 -1 -1 -1 -1000 -1000 -1000 -10 1
65 67 Car -1 -1 -1 148.63 178.48 289.35 253.59 -1 -1 -1 -1000 -1000 -1000 -10 1
65 65 Car -1 -1 -1 1069.80 166.50 1244.09 329.23 -1 -1 -1 -1000 -1000 -1000 -10 1
65 55 Car -1 -1 -1 647.43 179.52 712.35 224.96 -1 -1 -1 -1000 -1000 -1000 -10 1
66 67 Car -1 -1 -1 125.77 188.50 267.12 256.83 -1 -1 -1 -1000 -1000 -1000 -10 1
66 55 Car -1 -1 -1 639.28 179.22 708.18 227.78 -1 -1 -1 -1000 -1000 -1000 -10 1
67 67 Car -1 -1 -1 80.69 192.68 241.90 265.46 -1 -1 -1 -1000 -1000 -1000 -10 1
67 55 Car -1 -1 -1 628.38 179.82 705.68 232.47 -1 -1 -1 -1000 -1000 -1000 -10 1
68 55 Car -1 -1 -1 611.60 178.49 688.75 231.54 -1 -1 -1 -1000 -1000 -1000 -10 1
69 55 Car -1 -1 -1 595.70 182.92 677.02 240.13 -1 -1 -1 -1000 -1000 -1000 -10 1
70 55 Car -1 -1 -1 560.67 182.88 642.66 241.15 -1 -1 -1 -1000 -1000 -1000 -10 1
71 70 Car -1 -1 -1 499.00 181.09 548.06 218.71 -1 -1 -1 -1000 -1000 -1000 -10 1
71 69 Car -1 -1 -1 -16.20 192.62 134.11 266.33 -1 -1 -1 -1000 -1000 -1000 -10 1
71 55 Car -1 -1 -1 521.17 185.94 608.86 248.64 -1 -1 -1 -1000 -1000 -1000 -10 1
72 55 Car -1 -1 -1 470.50 190.35 561.11 255.89 -1 -1 -1 -1000 -1000 -1000 -10 1
73 55 Car -1 -1 -1 406.33 197.57 499.60 266.36 -1 -1 -1 -1000 -1000 -1000 -10 1
74 55 Car -1 -1 -1 324.49 199.76 426.83 275.34 -1 -1 -1 -1000 -1000 -1000 -10 1
75 73 Car -1 -1 -1 1069.06 177.15 1220.03 233.35 -1 -1 -1 -1000 -1000 -1000 -10 1
75 55 Car -1 -1 -1 224.41 203.36 338.49 288.55 -1 -1 -1 -1000 -1000 -1000 -10 1
76 73 Car -1 -1 -1 981.92 176.80 1165.05 237.93 -1 -1 -1 -1000 -1000 -1000 -10 1
76 55 Car -1 -1 -1 72.30 210.03 218.29 306.94 -1 -1 -1 -1000 -1000 -1000 -10 1
77 73 Car -1 -1 -1 883.19 181.18 1068.35 242.43 -1 -1 -1 -1000 -1000 -1000 -10 1
78 77 Car -1 -1 -1 911.82 187.05 1012.28 220.27 -1 -1 -1 -1000 -1000 -1000 -10 1
78 73 Car -1 -1 -1 794.18 186.11 970.20 244.66 -1 -1 -1 -1000 -1000 -1000 -10 1
79 80 Car -1 -1 -1 1101.00 171.49 1230.97 285.05 -1 -1 -1 -1000 -1000 -1000 -10 1
79 79 Car -1 -1 -1 854.92 179.13 919.89 206.33 -1 -1 -1 -1000 -1000 -1000 -10 1
79 77 Car -1 -1 -1 796.39 189.79 894.98 225.03 -1 -1 -1 -1000 -1000 -1000 -10 1
79 73 Car -1 -1 -1 706.75 186.18 870.43 242.41 -1 -1 -1 -1000 -1000 -1000 -10 1
80 82 Car -1 -1 -1 938.37 170.84 1021.55 228.28 -1 -1 -1 -1000 -1000 -1000 -10 1
80 80 Car -1 -1 -1 1011.17 176.98 1169.80 285.27 -1 -1 -1 -1000 -1000 -1000 -10 1
80 79 Car -1 -1 -1 766.35 172.13 831.22 200.07 -1 -1 -1 -1000 -1000 -1000 -10 1
80 73 Car -1 -1 -1 625.16 183.48 782.27 238.10 -1 -1 -1 -1000 -1000 -1000 -10 1
81 82 Car -1 -1 -1 859.15 172.29 939.72 226.98 -1 -1 -1 -1000 -1000 -1000 -10 1
81 80 Car -1 -1 -1 912.88 176.16 1087.33 282.98 -1 -1 -1 -1000 -1000 -1000 -10 1
81 79 Car -1 -1 -1 667.48 174.09 737.67 203.45 -1 -1 -1 -1000 -1000 -1000 -10 1
81 73 Car -1 -1 -1 551.03 183.24 706.68 235.41 -1 -1 -1 -1000 -1000 -1000 -10 1
82 85 Car -1 -1 -1 1058.18 156.88 1224.80 382.95 -1 -1 -1 -1000 -1000 -1000 -10 1
82 82 Car -1 -1 -1 789.26 171.35 873.97 228.11 -1 -1 -1 -1000 -1000 -1000 -10 1
82 80 Car -1 -1 -1 849.69 179.58 1023.47 281.63 -1 -1 -1 -1000 -1000 -1000 -10 1
82 79 Car -1 -1 -1 560.40 179.00 650.12 215.07 -1 -1 -1 -1000 -1000 -1000 -10 1
82 73 Car -1 -1 -1 469.61 182.95 629.02 237.92 -1 -1 -1 -1000 -1000 -1000 -10 1
83 85 Car -1 -1 -1 1042.19 171.56 1226.29 384.87 -1 -1 -1 -1000 -1000 -1000 -10 1
83 82 Car -1 -1 -1 734.32 174.95 819.84 230.68 -1 -1 -1 -1000 -1000 -1000 -10 1
83 80 Car -1 -1 -1 800.27 182.33 984.36 289.03 -1 -1 -1 -1000 -1000 -1000 -10 1
83 79 Car -1 -1 -1 490.18 183.68 592.77 223.31 -1 -1 -1 -1000 -1000 -1000 -10 1
83 73 Car -1 -1 -1 398.10 185.79 564.19 244.17 -1 -1 -1 -1000 -1000 -1000 -10 1
84 90 Car -1 -1 -1 525.81 178.18 580.21 207.82 -1 -1 -1 -1000 -1000 -1000 -10 1
84 85 Car -1 -1 -1 1047.41 185.37 1243.41 382.25 -1 -1 -1 -1000 -1000 -1000 -10 1
84 82 Car -1 -1 -1 688.91 175.22 775.28 230.25 -1 -1 -1 -1000 -1000 -1000 -10 1
84 80 Car -1 -1 -1 764.76 184.45 970.57 298.51 -1 -1 -1 -1000 -1000 -1000 -10 1
84 73 Car -1 -1 -1 334.89 195.88 506.12 255.30 -1 -1 -1 -1000 -1000 -1000 -10 1
85 90 Car -1 -1 -1 486.88 179.01 540.87 209.17 -1 -1 -1 -1000 -1000 -1000 -10 1
85 85 Car -1 -1 -1 1108.20 182.70 1264.21 374.01 -1 -1 -1 -1000 -1000 -1000 -10 1
85 82 Car -1 -1 -1 656.53 176.99 737.79 229.39 -1 -1 -1 -1000 -1000 -1000 -10 1
85 80 Car -1 -1 -1 747.05 189.97 968.21 309.47 -1 -1 -1 -1000 -1000 -1000 -10 1
85 73 Car -1 -1 -1 278.23 197.00 464.47 260.54 -1 -1 -1 -1000 -1000 -1000 -10 1
86 90 Car -1 -1 -1 466.39 179.70 524.22 210.38 -1 -1 -1 -1000 -1000 -1000 -10 1
86 80 Car -1 -1 -1 734.59 187.39 994.16 327.51 -1 -1 -1 -1000 -1000 -1000 -10 1
86 73 Car -1 -1 -1 223.49 196.00 434.60 271.07 -1 -1 -1 -1000 -1000 -1000 -10 1
87 92 Car -1 -1 -1 631.41 171.96 727.08 234.33 -1 -1 -1 -1000 -1000 -1000 -10 1
87 90 Car -1 -1 -1 441.12 182.23 502.84 215.03 -1 -1 -1 -1000 -1000 -1000 -10 1
87 80 Car -1 -1 -1 746.60 190.97 1054.76 352.45 -1 -1 -1 -1000 -1000 -1000 -10 1
87 73 Car -1 -1 -1 177.88 199.45 405.80 278.54 -1 -1 -1 -1000 -1000 -1000 -10 1
88 95 Car -1 -1 -1 249.95 194.95 438.52 261.76 -1 -1 -1 -1000 -1000 -1000 -10 1
88 93 Car -1 -1 -1 350.74 190.59 479.67 235.99 -1 -1 -1 -1000 -1000 -1000 -10 1
88 92 Car -1 -1 -1 623.16 175.45 717.35 234.36 -1 -1 -1 -1000 -1000 -1000 -10 1
88 90 Car -1 -1 -1 420.51 183.55 493.18 219.22 -1 -1 -1 -1000 -1000 -1000 -10 1
88 80 Car -1 -1 -1 768.84 189.93 1153.68 371.78 -1 -1 -1 -1000 -1000 -1000 -10 1
88 73 Car -1 -1 -1 114.83 204.92 384.41 294.42 -1 -1 -1 -1000 -1000 -1000 -10 1
89 97 Car -1 -1 -1 464.24 182.10 511.68 215.33 -1 -1 -1 -1000 -1000 -1000 -10 1
89 96 Car -1 -1 -1 660.28 181.17 781.90 256.49 -1 -1 -1 -1000 -1000 -1000 -10 1
89 95 Car -1 -1 -1 223.28 196.50 424.27 268.52 -1 -1 -1 -1000 -1000 -1000 -10 1
89 92 Car -1 -1 -1 627.86 178.68 720.51 236.68 -1 -1 -1 -1000 -1000 -1000 -10 1
89 90 Car -1 -1 -1 414.93 183.99 496.29 222.09 -1 -1 -1 -1000 -1000 -1000 -10 1
89 80 Car -1 -1 -1 789.43 187.42 1226.02 377.09 -1 -1 -1 -1000 -1000 -1000 -10 1
89 73 Car -1 -1 -1 46.41 209.30 351.69 317.22 -1 -1 -1 -1000 -1000 -1000 -10 1
90 97 Car -1 -1 -1 457.25 175.08 511.81 212.62 -1 -1 -1 -1000 -1000 -1000 -10 1
90 96 Car -1 -1 -1 675.20 182.52 806.90 265.07 -1 -1 -1 -1000 -1000 -1000 -10 1
90 95 Car -1 -1 -1 193.86 201.50 407.85 282.97 -1 -1 -1 -1000 -1000 -1000 -10 1
90 92 Car -1 -1 -1 634.61 178.29 729.52 237.00 -1 -1 -1 -1000 -1000 -1000 -10 1
90 90 Car -1 -1 -1 411.56 183.29 500.26 222.96 -1 -1 -1 -1000 -1000 -1000 -10 1
90 80 Car -1 -1 -1 818.99 186.35 1254.08 378.06 -1 -1 -1 -1000 -1000 -1000 -10 1
90 73 Car -1 -1 -1 -9.87 214.38 311.95 338.59 -1 -1 -1 -1000 -1000 -1000 -10 1
91 98 Car -1 -1 -1 602.38 175.12 652.10 206.40 -1 -1 -1 -1000 -1000 -1000 -10 1
91 97 Car -1 -1 -1 463.16 171.27 518.30 209.78 -1 -1 -1 -1000 -1000 -1000 -10 1
91 96 Car -1 -1 -1 693.22 186.12 833.44 276.21 -1 -1 -1 -1000 -1000 -1000 -10 1
91 95 Car -1 -1 -1 153.13 202.92 394.78 297.04 -1 -1 -1 -1000 -1000 -1000 -10 1
91 93 Car -1 -1 -1 270.33 198.49 432.46 261.00 -1 -1 -1 -1000 -1000 -1000 -10 1
91 92 Car -1 -1 -1 641.54 177.52 741.80 242.46 -1 -1 -1 -1000 -1000 -1000 -10 1
91 90 Car -1 -1 -1 405.85 181.87 499.43 223.52 -1 -1 -1 -1000 -1000 -1000 -10 1
91 80 Car -1 -1 -1 866.01 193.00 1271.23 380.61 -1 -1 -1 -1000 -1000 -1000 -10 1
91 73 Car -1 -1 -1 -22.82 217.71 279.00 355.07 -1 -1 -1 -1000 -1000 -1000 -10 1
92 99 Car -1 -1 -1 483.86 171.33 530.83 208.98 -1 -1 -1 -1000 -1000 -1000 -10 1
92 98 Car -1 -1 -1 612.84 175.72 664.98 208.34 -1 -1 -1 -1000 -1000 -1000 -10 1
92 96 Car -1 -1 -1 711.49 184.14 873.41 289.58 -1 -1 -1 -1000 -1000 -1000 -10 1
92 95 Car -1 -1 -1 94.38 202.60 372.52 313.43 -1 -1 -1 -1000 -1000 -1000 -10 1
92 93 Car -1 -1 -1 252.77 200.29 425.91 265.27 -1 -1 -1 -1000 -1000 -1000 -10 1
92 92 Car -1 -1 -1 650.26 177.20 756.44 248.05 -1 -1 -1 -1000 -1000 -1000 -10 1
92 90 Car -1 -1 -1 405.03 181.58 502.66 224.55 -1 -1 -1 -1000 -1000 -1000 -10 1
92 73 Car -1 -1 -1 -33.59 215.30 230.34 364.99 -1 -1 -1 -1000 -1000 -1000 -10 1
93 98 Car -1 -1 -1 618.32 177.93 670.01 212.40 -1 -1 -1 -1000 -1000 -1000 -10 1
93 97 Car -1 -1 -1 465.23 170.75 526.16 211.01 -1 -1 -1 -1000 -1000 -1000 -10 1
93 96 Car -1 -1 -1 730.22 184.67 932.89 313.44 -1 -1 -1 -1000 -1000 -1000 -10 1
93 95 Car -1 -1 -1 12.24 208.77 334.97 342.59 -1 -1 -1 -1000 -1000 -1000 -10 1
93 93 Car -1 -1 -1 212.40 201.04 409.76 272.80 -1 -1 -1 -1000 -1000 -1000 -10 1
93 92 Car -1 -1 -1 665.34 181.23 783.31 258.74 -1 -1 -1 -1000 -1000 -1000 -10 1
93 90 Car -1 -1 -1 399.26 185.93 502.95 227.57 -1 -1 -1 -1000 -1000 -1000 -10 1
94 98 Car -1 -1 -1 626.10 178.45 679.65 211.91 -1 -1 -1 -1000 -1000 -1000 -10 1
94 97 Car -1 -1 -1 450.20 174.21 522.76 215.19 -1 -1 -1 -1000 -1000 -1000 -10 1
94 96 Car -1 -1 -1 764.55 192.71 1014.94 344.96 -1 -1 -1 -1000 -1000 -1000 -10 1
94 95 Car -1 -1 -1 -23.13 209.97 305.44 361.32 -1 -1 -1 -1000 -1000 -1000 -10 1
94 93 Car -1 -1 -1 159.86 199.08 399.28 285.13 -1 -1 -1 -1000 -1000 -1000 -10 1
94 92 Car -1 -1 -1 679.75 183.11 811.50 265.17 -1 -1 -1 -1000 -1000 -1000 -10 1
94 90 Car -1 -1 -1 395.46 188.92 504.70 228.58 -1 -1 -1 -1000 -1000 -1000 -10 1
95 101 Car -1 -1 -1 484.42 167.03 544.06 206.33 -1 -1 -1 -1000 -1000 -1000 -10 1
95 99 Car -1 -1 -1 510.00 163.64 557.46 197.45 -1 -1 -1 -1000 -1000 -1000 -10 1
95 98 Car -1 -1 -1 631.94 176.28 687.99 210.58 -1 -1 -1 -1000 -1000 -1000 -10 1
95 97 Car -1 -1 -1 437.35 174.55 525.06 215.62 -1 -1 -1 -1000 -1000 -1000 -10 1
95 96 Car -1 -1 -1 811.16 190.17 1149.50 372.61 -1 -1 -1 -1000 -1000 -1000 -10 1
95 95 Car -1 -1 -1 -38.97 212.36 234.85 371.97 -1 -1 -1 -1000 -1000 -1000 -10 1
95 93 Car -1 -1 -1 114.03 200.39 384.91 298.71 -1 -1 -1 -1000 -1000 -1000 -10 1
95 92 Car -1 -1 -1 697.25 184.59 845.56 276.24 -1 -1 -1 -1000 -1000 -1000 -10 1
95 90 Car -1 -1 -1 389.55 189.36 509.79 228.57 -1 -1 -1 -1000 -1000 -1000 -10 1
96 101 Car -1 -1 -1 484.82 167.28 546.25 204.33 -1 -1 -1 -1000 -1000 -1000 -10 1
96 99 Car -1 -1 -1 525.66 166.37 567.82 195.90 -1 -1 -1 -1000 -1000 -1000 -10 1
96 98 Car -1 -1 -1 643.20 177.11 701.46 215.96 -1 -1 -1 -1000 -1000 -1000 -10 1
96 97 Car -1 -1 -1 432.39 174.72 530.10 215.77 -1 -1 -1 -1000 -1000 -1000 -10 1
96 96 Car -1 -1 -1 843.18 187.69 1232.07 379.88 -1 -1 -1 -1000 -1000 -1000 -10 1
96 93 Car -1 -1 -1 19.61 201.77 351.08 321.69 -1 -1 -1 -1000 -1000 -1000 -10 1
96 92 Car -1 -1 -1 716.43 184.26 895.78 296.29 -1 -1 -1 -1000 -1000 -1000 -10 1
96 90 Car -1 -1 -1 380.04 189.23 517.81 229.74 -1 -1 -1 -1000 -1000 -1000 -10 1
97 101 Car -1 -1 -1 495.89 167.62 550.63 200.60 -1 -1 -1 -1000 -1000 -1000 -10 1
97 98 Car -1 -1 -1 650.69 176.73 711.92 219.78 -1 -1 -1 -1000 -1000 -1000 -10 1
97 97 Car -1 -1 -1 431.22 175.29 533.22 216.65 -1 -1 -1 -1000 -1000 -1000 -10 1
97 96 Car -1 -1 -1 893.52 194.74 1272.04 382.99 -1 -1 -1 -1000 -1000 -1000 -10 1
97 93 Car -1 -1 -1 -18.06 209.32 324.94 343.61 -1 -1 -1 -1000 -1000 -1000 -10 1
97 92 Car -1 -1 -1 744.39 191.36 966.76 328.98 -1 -1 -1 -1000 -1000 -1000 -10 1
97 90 Car -1 -1 -1 369.33 189.06 515.27 229.93 -1 -1 -1 -1000 -1000 -1000 -10 1
98 101 Car -1 -1 -1 483.66 169.84 540.68 203.57 -1 -1 -1 -1000 -1000 -1000 -10 1
98 98 Car -1 -1 -1 653.39 176.11 714.46 220.24 -1 -1 -1 -1000 -1000 -1000 -10 1
98 97 Car -1 -1 -1 430.49 175.65 537.59 218.15 -1 -1 -1 -1000 -1000 -1000 -10 1
98 93 Car -1 -1 -1 -33.10 212.64 278.13 363.93 -1 -1 -1 -1000 -1000 -1000 -10 1
98 92 Car -1 -1 -1 784.10 194.09 1080.59 363.50 -1 -1 -1 -1000 -1000 -1000 -10 1
98 90 Car -1 -1 -1 352.38 187.64 504.44 232.87 -1 -1 -1 -1000 -1000 -1000 -10 1
99 105 Car -1 -1 -1 641.38 176.99 685.70 206.47 -1 -1 -1 -1000 -1000 -1000 -10 1
99 104 Car -1 -1 -1 509.97 166.09 557.39 195.17 -1 -1 -1 -1000 -1000 -1000 -10 1
99 98 Car -1 -1 -1 659.90 176.61 723.12 223.64 -1 -1 -1 -1000 -1000 -1000 -10 1
99 97 Car -1 -1 -1 418.23 179.12 535.31 221.97 -1 -1 -1 -1000 -1000 -1000 -10 1
99 93 Car -1 -1 -1 -50.38 199.75 200.21 362.09 -1 -1 -1 -1000 -1000 -1000 -10 1
99 92 Car -1 -1 -1 819.86 193.46 1198.28 374.52 -1 -1 -1 -1000 -1000 -1000 -10 1
99 90 Car -1 -1 -1 324.78 184.08 493.60 238.48 -1 -1 -1 -1000 -1000 -1000 -10 1
100 101 Car -1 -1 -1 479.21 167.46 558.46 205.14 -1 -1 -1 -1000 -1000 -1000 -10 1
100 98 Car -1 -1 -1 659.93 175.62 723.12 222.58 -1 -1 -1 -1000 -1000 -1000 -10 1
100 97 Car -1 -1 -1 408.19 178.43 533.66 223.69 -1 -1 -1 -1000 -1000 -1000 -10 1
100 92 Car -1 -1 -1 853.33 192.98 1250.94 377.36 -1 -1 -1 -1000 -1000 -1000 -10 1
100 90 Car -1 -1 -1 293.98 183.35 474.88 244.86 -1 -1 -1 -1000 -1000 -1000 -10 1
101 106 Car -1 -1 -1 523.26 170.70 563.85 197.78 -1 -1 -1 -1000 -1000 -1000 -10 1
101 98 Car -1 -1 -1 674.78 182.16 745.28 233.78 -1 -1 -1 -1000 -1000 -1000 -10 1
101 97 Car -1 -1 -1 402.67 179.11 533.08 225.17 -1 -1 -1 -1000 -1000 -1000 -10 1
101 92 Car -1 -1 -1 917.07 206.75 1279.52 384.63 -1 -1 -1 -1000 -1000 -1000 -10 1
101 90 Car -1 -1 -1 263.77 182.03 467.84 251.42 -1 -1 -1 -1000 -1000 -1000 -10 1
102 105 Car -1 -1 -1 651.53 177.39 709.95 215.15 -1 -1 -1 -1000 -1000 -1000 -10 1
102 101 Car -1 -1 -1 470.94 167.18 561.08 205.23 -1 -1 -1 -1000 -1000 -1000 -10 1
102 98 Car -1 -1 -1 679.00 181.37 761.51 240.88 -1 -1 -1 -1000 -1000 -1000 -10 1
102 97 Car -1 -1 -1 393.71 177.09 530.04 223.28 -1 -1 -1 -1000 -1000 -1000 -10 1
102 90 Car -1 -1 -1 221.67 184.48 446.75 260.24 -1 -1 -1 -1000 -1000 -1000 -10 1
103 105 Car -1 -1 -1 652.60 178.33 710.80 214.88 -1 -1 -1 -1000 -1000 -1000 -10 1
103 101 Car -1 -1 -1 460.65 166.87 562.37 205.38 -1 -1 -1 -1000 -1000 -1000 -10 1
103 98 Car -1 -1 -1 686.17 181.06 778.80 248.09 -1 -1 -1 -1000 -1000 -1000 -10 1
103 97 Car -1 -1 -1 376.44 176.88 521.72 225.58 -1 -1 -1 -1000 -1000 -1000 -10 1
103 90 Car -1 -1 -1 159.59 186.23 427.26 273.12 -1 -1 -1 -1000 -1000 -1000 -10 1
104 105 Car -1 -1 -1 653.91 182.92 710.08 220.96 -1 -1 -1 -1000 -1000 -1000 -10 1
104 101 Car -1 -1 -1 441.77 170.18 555.02 208.65 -1 -1 -1 -1000 -1000 -1000 -10 1
104 98 Car -1 -1 -1 694.35 185.14 797.31 258.36 -1 -1 -1 -1000 -1000 -1000 -10 1
104 97 Car -1 -1 -1 354.67 178.12 507.79 232.80 -1 -1 -1 -1000 -1000 -1000 -10 1
104 90 Car -1 -1 -1 79.33 191.60 391.43 294.10 -1 -1 -1 -1000 -1000 -1000 -10 1
105 105 Car -1 -1 -1 657.65 183.96 715.45 224.59 -1 -1 -1 -1000 -1000 -1000 -10 1
105 101 Car -1 -1 -1 434.07 171.91 551.87 210.61 -1 -1 -1 -1000 -1000 -1000 -10 1
105 98 Car -1 -1 -1 702.75 188.11 821.98 266.54 -1 -1 -1 -1000 -1000 -1000 -10 1
105 97 Car -1 -1 -1 325.21 176.56 493.42 238.93 -1 -1 -1 -1000 -1000 -1000 -10 1
105 90 Car -1 -1 -1 7.12 196.16 358.72 322.68 -1 -1 -1 -1000 -1000 -1000 -10 1
106 105 Car -1 -1 -1 661.28 182.00 722.89 226.48 -1 -1 -1 -1000 -1000 -1000 -10 1
106 101 Car -1 -1 -1 428.82 174.49 546.84 214.61 -1 -1 -1 -1000 -1000 -1000 -10 1
106 98 Car -1 -1 -1 712.97 190.17 847.79 279.41 -1 -1 -1 -1000 -1000 -1000 -10 1
106 97 Car -1 -1 -1 282.07 177.86 477.39 247.96 -1 -1 -1 -1000 -1000 -1000 -10 1
106 90 Car -1 -1 -1 -14.67 202.51 319.78 347.70 -1 -1 -1 -1000 -1000 -1000 -10 1
107 105 Car -1 -1 -1 664.20 183.34 729.62 231.90 -1 -1 -1 -1000 -1000 -1000 -10 1
107 101 Car -1 -1 -1 434.80 175.16 553.78 216.83 -1 -1 -1 -1000 -1000 -1000 -10 1
107 98 Car -1 -1 -1 731.02 194.09 893.48 297.26 -1 -1 -1 -1000 -1000 -1000 -10 1
107 97 Car -1 -1 -1 231.31 179.78 464.07 261.29 -1 -1 -1 -1000 -1000 -1000 -10 1
107 90 Car -1 -1 -1 -36.76 207.80 252.16 364.27 -1 -1 -1 -1000 -1000 -1000 -10 1
108 105 Car -1 -1 -1 672.99 184.53 745.99 238.35 -1 -1 -1 -1000 -1000 -1000 -10 1
108 101 Car -1 -1 -1 439.37 176.22 559.03 218.41 -1 -1 -1 -1000 -1000 -1000 -10 1
108 98 Car -1 -1 -1 753.96 201.64 955.53 327.21 -1 -1 -1 -1000 -1000 -1000 -10 1
108 97 Car -1 -1 -1 210.40 180.42 462.30 267.49 -1 -1 -1 -1000 -1000 -1000 -10 1
109 105 Car -1 -1 -1 679.63 182.01 758.69 241.58 -1 -1 -1 -1000 -1000 -1000 -10 1
109 101 Car -1 -1 -1 432.12 175.52 553.71 218.30 -1 -1 -1 -1000 -1000 -1000 -10 1
109 98 Car -1 -1 -1 793.15 204.23 1044.52 356.79 -1 -1 -1 -1000 -1000 -1000 -10 1
109 97 Car -1 -1 -1 227.32 171.43 466.96 259.11 -1 -1 -1 -1000 -1000 -1000 -10 1
110 115 Car -1 -1 -1 16.23 180.41 436.23 305.72 -1 -1 -1 -1000 -1000 -1000 -10 1
110 113 Car -1 -1 -1 652.35 178.77 704.90 218.04 -1 -1 -1 -1000 -1000 -1000 -10 1
110 105 Car -1 -1 -1 683.56 179.85 768.73 243.91 -1 -1 -1 -1000 -1000 -1000 -10 1
110 101 Car -1 -1 -1 426.69 174.59 548.81 216.86 -1 -1 -1 -1000 -1000 -1000 -10 1
110 98 Car -1 -1 -1 833.15 198.82 1180.46 367.55 -1 -1 -1 -1000 -1000 -1000 -10 1
110 97 Car -1 -1 -1 206.99 170.88 451.83 262.75 -1 -1 -1 -1000 -1000 -1000 -10 1
111 115 Car -1 -1 -1 -23.06 187.09 410.84 331.84 -1 -1 -1 -1000 -1000 -1000 -10 1
111 113 Car -1 -1 -1 653.80 177.76 706.31 217.23 -1 -1 -1 -1000 -1000 -1000 -10 1
111 112 Car -1 -1 -1 353.38 167.28 506.20 232.50 -1 -1 -1 -1000 -1000 -1000 -10 1
111 105 Car -1 -1 -1 695.83 176.89 790.31 248.05 -1 -1 -1 -1000 -1000 -1000 -10 1
111 101 Car -1 -1 -1 423.72 174.35 546.52 215.91 -1 -1 -1 -1000 -1000 -1000 -10 1
111 98 Car -1 -1 -1 858.67 197.57 1238.61 373.72 -1 -1 -1 -1000 -1000 -1000 -10 1
111 97 Car -1 -1 -1 158.61 174.32 411.51 273.35 -1 -1 -1 -1000 -1000 -1000 -10 1
112 115 Car -1 -1 -1 -37.92 193.89 374.54 356.45 -1 -1 -1 -1000 -1000 -1000 -10 1
112 113 Car -1 -1 -1 655.58 177.79 708.72 218.24 -1 -1 -1 -1000 -1000 -1000 -10 1
112 112 Car -1 -1 -1 310.39 165.60 486.19 241.73 -1 -1 -1 -1000 -1000 -1000 -10 1
112 105 Car -1 -1 -1 706.62 177.84 813.09 254.98 -1 -1 -1 -1000 -1000 -1000 -10 1
112 101 Car -1 -1 -1 422.38 173.81 546.57 216.85 -1 -1 -1 -1000 -1000 -1000 -10 1
112 98 Car -1 -1 -1 910.79 205.26 1268.06 375.19 -1 -1 -1 -1000 -1000 -1000 -10 1
112 97 Car -1 -1 -1 123.07 170.60 399.44 278.76 -1 -1 -1 -1000 -1000 -1000 -10 1
113 115 Car -1 -1 -1 -20.00 168.47 386.12 338.16 -1 -1 -1 -1000 -1000 -1000 -10 1
113 113 Car -1 -1 -1 661.99 178.19 722.46 224.22 -1 -1 -1 -1000 -1000 -1000 -10 1
113 112 Car -1 -1 -1 256.66 157.38 469.36 247.74 -1 -1 -1 -1000 -1000 -1000 -10 1
113 105 Car -1 -1 -1 717.78 183.20 837.44 265.22 -1 -1 -1 -1000 -1000 -1000 -10 1
113 101 Car -1 -1 -1 420.66 174.15 545.33 219.23 -1 -1 -1 -1000 -1000 -1000 -10 1
114 115 Car -1 -1 -1 -32.00 164.56 339.93 349.23 -1 -1 -1 -1000 -1000 -1000 -10 1
114 113 Car -1 -1 -1 671.08 179.88 736.61 229.07 -1 -1 -1 -1000 -1000 -1000 -10 1
114 112 Car -1 -1 -1 274.68 159.85 470.00 251.49 -1 -1 -1 -1000 -1000 -1000 -10 1
114 105 Car -1 -1 -1 734.04 186.30 867.15 275.02 -1 -1 -1 -1000 -1000 -1000 -10 1
114 101 Car -1 -1 -1 406.90 175.76 534.53 222.13 -1 -1 -1 -1000 -1000 -1000 -10 1
115 115 Car -1 -1 -1 -30.92 177.83 287.80 365.59 -1 -1 -1 -1000 -1000 -1000 -10 1
115 113 Car -1 -1 -1 677.20 181.32 748.35 232.83 -1 -1 -1 -1000 -1000 -1000 -10 1
115 112 Car -1 -1 -1 232.72 152.23 445.65 255.67 -1 -1 -1 -1000 -1000 -1000 -10 1
115 105 Car -1 -1 -1 751.95 186.04 918.29 293.24 -1 -1 -1 -1000 -1000 -1000 -10 1
115 101 Car -1 -1 -1 386.00 177.74 525.77 226.69 -1 -1 -1 -1000 -1000 -1000 -10 1
116 118 Car -1 -1 -1 669.30 184.12 737.42 233.01 -1 -1 -1 -1000 -1000 -1000 -10 1
116 113 Car -1 -1 -1 688.09 182.93 774.85 244.25 -1 -1 -1 -1000 -1000 -1000 -10 1
116 112 Car -1 -1 -1 72.48 151.40 391.39 284.78 -1 -1 -1 -1000 -1000 -1000 -10 1
116 105 Car -1 -1 -1 778.89 194.61 991.88 328.28 -1 -1 -1 -1000 -1000 -1000 -10 1
116 101 Car -1 -1 -1 375.40 182.68 520.11 231.98 -1 -1 -1 -1000 -1000 -1000 -10 1
117 118 Car -1 -1 -1 675.07 186.41 747.79 237.63 -1 -1 -1 -1000 -1000 -1000 -10 1
117 113 Car -1 -1 -1 693.04 185.85 794.10 255.90 -1 -1 -1 -1000 -1000 -1000 -10 1
117 112 Car -1 -1 -1 8.17 144.19 383.51 301.05 -1 -1 -1 -1000 -1000 -1000 -10 1
117 105 Car -1 -1 -1 822.99 198.90 1105.19 362.75 -1 -1 -1 -1000 -1000 -1000 -10 1
117 101 Car -1 -1 -1 381.14 180.80 521.30 230.72 -1 -1 -1 -1000 -1000 -1000 -10 1
118 118 Car -1 -1 -1 669.48 181.35 742.99 233.44 -1 -1 -1 -1000 -1000 -1000 -10 1
118 113 Car -1 -1 -1 697.63 184.66 816.45 262.61 -1 -1 -1 -1000 -1000 -1000 -10 1
118 112 Car -1 -1 -1 -17.69 148.70 370.58 322.05 -1 -1 -1 -1000 -1000 -1000 -10 1
118 105 Car -1 -1 -1 865.99 196.62 1210.11 373.34 -1 -1 -1 -1000 -1000 -1000 -10 1
118 101 Car -1 -1 -1 344.49 181.08 498.77 239.79 -1 -1 -1 -1000 -1000 -1000 -10 1
119 122 Car -1 -1 -1 384.46 181.44 512.47 232.09 -1 -1 -1 -1000 -1000 -1000 -10 1
119 118 Car -1 -1 -1 678.61 181.59 767.21 245.26 -1 -1 -1 -1000 -1000 -1000 -10 1
119 113 Car -1 -1 -1 712.05 187.63 841.97 273.43 -1 -1 -1 -1000 -1000 -1000 -10 1
119 105 Car -1 -1 -1 902.40 197.23 1247.91 375.08 -1 -1 -1 -1000 -1000 -1000 -10 1
119 101 Car -1 -1 -1 287.34 186.91 467.30 253.56 -1 -1 -1 -1000 -1000 -1000 -10 1
120 125 Car -1 -1 -1 653.83 176.07 711.68 218.80 -1 -1 -1 -1000 -1000 -1000 -10 1
120 124 Car -1 -1 -1 11.35 198.24 273.70 349.05 -1 -1 -1 -1000 -1000 -1000 -10 1
120 122 Car -1 -1 -1 357.30 180.99 500.37 236.71 -1 -1 -1 -1000 -1000 -1000 -10 1
120 118 Car -1 -1 -1 684.78 181.78 788.64 252.67 -1 -1 -1 -1000 -1000 -1000 -10 1
120 113 Car -1 -1 -1 730.82 189.14 886.15 287.78 -1 -1 -1 -1000 -1000 -1000 -10 1
120 101 Car -1 -1 -1 248.45 187.04 445.09 262.96 -1 -1 -1 -1000 -1000 -1000 -10 1
121 125 Car -1 -1 -1 660.17 179.28 718.96 224.02 -1 -1 -1 -1000 -1000 -1000 -10 1
121 124 Car -1 -1 -1 -10.15 219.34 189.77 355.49 -1 -1 -1 -1000 -1000 -1000 -10 1
121 122 Car -1 -1 -1 303.69 182.99 477.71 248.48 -1 -1 -1 -1000 -1000 -1000 -10 1
121 118 Car -1 -1 -1 692.47 180.92 809.91 260.58 -1 -1 -1 -1000 -1000 -1000 -10 1
121 113 Car -1 -1 -1 751.82 191.94 941.56 308.97 -1 -1 -1 -1000 -1000 -1000 -10 1
121 101 Car -1 -1 -1 175.30 193.86 419.00 278.22 -1 -1 -1 -1000 -1000 -1000 -10 1
122 128 Car -1 -1 -1 400.60 160.83 539.84 222.40 -1 -1 -1 -1000 -1000 -1000 -10 1
122 125 Car -1 -1 -1 662.41 179.63 723.29 225.98 -1 -1 -1 -1000 -1000 -1000 -10 1
122 122 Car -1 -1 -1 260.11 180.82 462.57 257.30 -1 -1 -1 -1000 -1000 -1000 -10 1
122 118 Car -1 -1 -1 703.96 182.71 830.62 267.27 -1 -1 -1 -1000 -1000 -1000 -10 1
122 113 Car -1 -1 -1 778.75 198.12 1035.72 344.29 -1 -1 -1 -1000 -1000 -1000 -10 1
122 101 Car -1 -1 -1 85.60 194.64 387.16 294.36 -1 -1 -1 -1000 -1000 -1000 -10 1
123 128 Car -1 -1 -1 374.89 159.37 526.55 227.55 -1 -1 -1 -1000 -1000 -1000 -10 1
123 125 Car -1 -1 -1 669.19 177.63 736.04 229.46 -1 -1 -1 -1000 -1000 -1000 -10 1
123 122 Car -1 -1 -1 223.21 182.99 432.49 263.76 -1 -1 -1 -1000 -1000 -1000 -10 1
123 118 Car -1 -1 -1 717.65 183.26 863.57 279.17 -1 -1 -1 -1000 -1000 -1000 -10 1
123 113 Car -1 -1 -1 819.32 195.52 1179.20 368.14 -1 -1 -1 -1000 -1000 -1000 -10 1
123 101 Car -1 -1 -1 5.23 203.03 348.56 327.46 -1 -1 -1 -1000 -1000 -1000 -10 1
124 128 Car -1 -1 -1 365.31 158.98 528.23 233.58 -1 -1 -1 -1000 -1000 -1000 -10 1
124 125 Car -1 -1 -1 675.68 179.01 751.68 233.28 -1 -1 -1 -1000 -1000 -1000 -10 1
124 122 Car -1 -1 -1 151.98 184.94 409.41 276.05 -1 -1 -1 -1000 -1000 -1000 -10 1
124 118 Car -1 -1 -1 737.00 184.11 925.64 304.50 -1 -1 -1 -1000 -1000 -1000 -10 1
124 113 Car -1 -1 -1 851.80 197.06 1239.86 376.62 -1 -1 -1 -1000 -1000 -1000 -10 1
124 101 Car -1 -1 -1 -20.70 216.09 304.46 353.72 -1 -1 -1 -1000 -1000 -1000 -10 1
125 128 Car -1 -1 -1 322.50 156.79 508.73 242.34 -1 -1 -1 -1000 -1000 -1000 -10 1
125 125 Car -1 -1 -1 677.53 178.64 758.95 236.51 -1 -1 -1 -1000 -1000 -1000 -10 1
125 122 Car -1 -1 -1 78.90 185.09 386.96 293.45 -1 -1 -1 -1000 -1000 -1000 -10 1
125 118 Car -1 -1 -1 763.09 188.96 1003.26 335.36 -1 -1 -1 -1000 -1000 -1000 -10 1
125 113 Car -1 -1 -1 889.43 196.54 1268.74 378.38 -1 -1 -1 -1000 -1000 -1000 -10 1
125 101 Car -1 -1 -1 -41.07 224.55 237.72 371.81 -1 -1 -1 -1000 -1000 -1000 -10 1
126 132 Car -1 -1 -1 472.24 172.53 527.10 201.94 -1 -1 -1 -1000 -1000 -1000 -10 1
126 128 Car -1 -1 -1 306.42 158.68 500.66 250.75 -1 -1 -1 -1000 -1000 -1000 -10 1
126 125 Car -1 -1 -1 689.19 180.29 782.09 246.72 -1 -1 -1 -1000 -1000 -1000 -10 1
126 122 Car -1 -1 -1 -0.37 187.34 348.75 315.38 -1 -1 -1 -1000 -1000 -1000 -10 1
126 118 Car -1 -1 -1 806.50 189.95 1135.94 367.59 -1 -1 -1 -1000 -1000 -1000 -10 1
126 113 Car -1 -1 -1 998.27 215.21 1300.51 389.34 -1 -1 -1 -1000 -1000 -1000 -10 1
127 134 Car -1 -1 -1 654.57 177.76 705.05 214.20 -1 -1 -1 -1000 -1000 -1000 -10 1
127 132 Car -1 -1 -1 439.11 173.26 522.32 213.85 -1 -1 -1 -1000 -1000 -1000 -10 1
127 128 Car -1 -1 -1 281.26 158.93 487.89 254.06 -1 -1 -1 -1000 -1000 -1000 -10 1
127 125 Car -1 -1 -1 694.89 182.17 801.17 256.52 -1 -1 -1 -1000 -1000 -1000 -10 1
127 122 Car -1 -1 -1 -34.91 196.58 305.11 352.19 -1 -1 -1 -1000 -1000 -1000 -10 1
127 118 Car -1 -1 -1 832.52 188.40 1224.45 375.66 -1 -1 -1 -1000 -1000 -1000 -10 1
128 134 Car -1 -1 -1 656.34 184.35 708.29 222.41 -1 -1 -1 -1000 -1000 -1000 -10 1
128 132 Car -1 -1 -1 419.74 177.35 519.70 219.09 -1 -1 -1 -1000 -1000 -1000 -10 1
128 128 Car -1 -1 -1 225.69 157.55 469.33 271.02 -1 -1 -1 -1000 -1000 -1000 -10 1
128 125 Car -1 -1 -1 704.56 187.38 824.16 269.26 -1 -1 -1 -1000 -1000 -1000 -10 1
128 122 Car -1 -1 -1 -29.36 182.35 279.80 351.26 -1 -1 -1 -1000 -1000 -1000 -10 1
128 118 Car -1 -1 -1 861.82 192.47 1259.35 379.27 -1 -1 -1 -1000 -1000 -1000 -10 1
129 134 Car -1 -1 -1 658.43 185.91 714.41 226.55 -1 -1 -1 -1000 -1000 -1000 -10 1
129 132 Car -1 -1 -1 403.93 181.54 515.38 224.69 -1 -1 -1 -1000 -1000 -1000 -10 1
129 128 Car -1 -1 -1 101.42 139.60 420.15 286.51 -1 -1 -1 -1000 -1000 -1000 -10 1
129 125 Car -1 -1 -1 717.32 188.75 852.09 280.43 -1 -1 -1 -1000 -1000 -1000 -10 1
129 122 Car -1 -1 -1 -39.69 190.21 219.03 367.16 -1 -1 -1 -1000 -1000 -1000 -10 1
129 118 Car -1 -1 -1 923.81 199.63 1280.51 378.93 -1 -1 -1 -1000 -1000 -1000 -10 1
130 134 Car -1 -1 -1 660.37 184.76 719.94 227.83 -1 -1 -1 -1000 -1000 -1000 -10 1
130 132 Car -1 -1 -1 380.08 185.02 505.42 230.92 -1 -1 -1 -1000 -1000 -1000 -10 1
130 128 Car -1 -1 -1 9.46 129.62 418.68 319.41 -1 -1 -1 -1000 -1000 -1000 -10 1
130 125 Car -1 -1 -1 731.98 187.95 892.64 294.25 -1 -1 -1 -1000 -1000 -1000 -10 1
131 134 Car -1 -1 -1 662.83 184.11 727.10 231.29 -1 -1 -1 -1000 -1000 -1000 -10 1
131 132 Car -1 -1 -1 364.42 184.93 496.25 232.95 -1 -1 -1 -1000 -1000 -1000 -10 1
131 128 Car -1 -1 -1 -21.75 128.72 387.15 336.69 -1 -1 -1 -1000 -1000 -1000 -10 1
131 125 Car -1 -1 -1 757.43 196.25 953.20 324.23 -1 -1 -1 -1000 -1000 -1000 -10 1
132 140 Car -1 -1 -1 197.26 183.32 413.46 267.10 -1 -1 -1 -1000 -1000 -1000 -10 1
132 139 Car -1 -1 -1 -42.00 74.58 367.56 355.56 -1 -1 -1 -1000 -1000 -1000 -10 1
132 134 Car -1 -1 -1 668.08 184.36 738.32 235.92 -1 -1 -1 -1000 -1000 -1000 -10 1
132 132 Car -1 -1 -1 351.96 186.93 487.63 234.09 -1 -1 -1 -1000 -1000 -1000 -10 1
132 128 Car -1 -1 -1 -15.01 111.72 364.05 326.11 -1 -1 -1 -1000 -1000 -1000 -10 1
132 125 Car -1 -1 -1 795.18 201.43 1046.19 360.02 -1 -1 -1 -1000 -1000 -1000 -10 1
133 140 Car -1 -1 -1 151.43 183.40 389.15 280.11 -1 -1 -1 -1000 -1000 -1000 -10 1
133 134 Car -1 -1 -1 673.79 184.19 751.17 239.05 -1 -1 -1 -1000 -1000 -1000 -10 1
133 132 Car -1 -1 -1 319.52 185.46 467.34 240.50 -1 -1 -1 -1000 -1000 -1000 -10 1
133 128 Car -1 -1 -1 -39.11 128.80 262.24 344.34 -1 -1 -1 -1000 -1000 -1000 -10 1
133 125 Car -1 -1 -1 846.34 194.99 1176.88 372.42 -1 -1 -1 -1000 -1000 -1000 -10 1
134 140 Car -1 -1 -1 45.14 183.70 348.05 296.51 -1 -1 -1 -1000 -1000 -1000 -10 1
134 134 Car -1 -1 -1 676.61 183.97 762.74 243.41 -1 -1 -1 -1000 -1000 -1000 -10 1
134 132 Car -1 -1 -1 297.78 182.16 455.26 243.22 -1 -1 -1 -1000 -1000 -1000 -10 1
134 125 Car -1 -1 -1 869.36 187.11 1238.05 374.66 -1 -1 -1 -1000 -1000 -1000 -10 1
135 140 Car -1 -1 -1 -14.87 178.50 322.65 309.62 -1 -1 -1 -1000 -1000 -1000 -10 1
135 134 Car -1 -1 -1 685.48 185.75 785.35 249.45 -1 -1 -1 -1000 -1000 -1000 -10 1
135 132 Car -1 -1 -1 260.63 179.73 437.16 248.37 -1 -1 -1 -1000 -1000 -1000 -10 1
135 125 Car -1 -1 -1 921.92 187.74 1272.01 378.43 -1 -1 -1 -1000 -1000 -1000 -10 1
136 142 Car -1 -1 -1 517.83 171.17 560.90 195.58 -1 -1 -1 -1000 -1000 -1000 -10 1
136 140 Car -1 -1 -1 -37.80 184.13 283.97 330.63 -1 -1 -1 -1000 -1000 -1000 -10 1
136 134 Car -1 -1 -1 690.30 187.91 801.15 258.25 -1 -1 -1 -1000 -1000 -1000 -10 1
136 132 Car -1 -1 -1 214.25 180.01 415.11 259.03 -1 -1 -1 -1000 -1000 -1000 -10 1
137 142 Car -1 -1 -1 515.21 169.23 560.26 195.90 -1 -1 -1 -1000 -1000 -1000 -10 1
137 140 Car -1 -1 -1 -44.01 192.55 219.81 354.86 -1 -1 -1 -1000 -1000 -1000 -10 1
137 134 Car -1 -1 -1 699.88 194.04 823.99 268.68 -1 -1 -1 -1000 -1000 -1000 -10 1
137 132 Car -1 -1 -1 164.57 178.76 391.97 269.45 -1 -1 -1 -1000 -1000 -1000 -10 1
138 134 Car -1 -1 -1 716.07 195.92 857.05 280.89 -1 -1 -1 -1000 -1000 -1000 -10 1
138 132 Car -1 -1 -1 68.50 179.06 346.83 281.52 -1 -1 -1 -1000 -1000 -1000 -10 1
139 134 Car -1 -1 -1 732.63 200.54 898.28 299.31 -1 -1 -1 -1000 -1000 -1000 -10 1
139 132 Car -1 -1 -1 8.29 182.13 324.45 307.26 -1 -1 -1 -1000 -1000 -1000 -10 1
140 134 Car -1 -1 -1 750.91 201.17 963.68 327.41 -1 -1 -1 -1000 -1000 -1000 -10 1
140 132 Car -1 -1 -1 -22.11 188.59 292.87 334.41 -1 -1 -1 -1000 -1000 -1000 -10 1
141 146 Car -1 -1 -1 18.80 169.70 168.62 238.81 -1 -1 -1 -1000 -1000 -1000 -10 1
141 145 Car -1 -1 -1 490.98 173.41 545.31 199.04 -1 -1 -1 -1000 -1000 -1000 -10 1
141 134 Car -1 -1 -1 779.96 208.27 1050.24 362.02 -1 -1 -1 -1000 -1000 -1000 -10 1
141 132 Car -1 -1 -1 -35.42 193.52 232.99 356.92 -1 -1 -1 -1000 -1000 -1000 -10 1
142 146 Car -1 -1 -1 17.17 169.27 144.94 227.36 -1 -1 -1 -1000 -1000 -1000 -10 1
142 145 Car -1 -1 -1 486.63 172.76 544.01 199.03 -1 -1 -1 -1000 -1000 -1000 -10 1
142 134 Car -1 -1 -1 815.63 204.69 1176.87 373.23 -1 -1 -1 -1000 -1000 -1000 -10 1
142 132 Car -1 -1 -1 -40.18 195.30 170.54 368.53 -1 -1 -1 -1000 -1000 -1000 -10 1
143 146 Car -1 -1 -1 -2.14 180.55 112.05 233.29 -1 -1 -1 -1000 -1000 -1000 -10 1
143 145 Car -1 -1 -1 480.29 174.40 541.09 201.68 -1 -1 -1 -1000 -1000 -1000 -10 1
143 134 Car -1 -1 -1 830.18 195.56 1239.23 371.63 -1 -1 -1 -1000 -1000 -1000 -10 1
144 146 Car -1 -1 -1 -4.40 188.07 82.77 234.64 -1 -1 -1 -1000 -1000 -1000 -10 1
144 145 Car -1 -1 -1 474.48 176.67 539.57 203.74 -1 -1 -1 -1000 -1000 -1000 -10 1
144 134 Car -1 -1 -1 860.68 208.87 1265.11 378.50 -1 -1 -1 -1000 -1000 -1000 -10 1
145 146 Car -1 -1 -1 -4.56 192.33 53.00 233.75 -1 -1 -1 -1000 -1000 -1000 -10 1
145 145 Car -1 -1 -1 470.02 177.83 539.86 206.20 -1 -1 -1 -1000 -1000 -1000 -10 1
146 145 Car -1 -1 -1 469.40 178.35 543.02 208.41 -1 -1 -1 -1000 -1000 -1000 -10 1
147 145 Car -1 -1 -1 463.21 184.21 539.00 216.69 -1 -1 -1 -1000 -1000 -1000 -10 1
148 145 Car -1 -1 -1 464.23 184.47 539.15 218.64 -1 -1 -1 -1000 -1000 -1000 -10 1
152 145 Car -1 -1 -1 442.91 187.12 530.73 222.57 -1 -1 -1 -1000 -1000 -1000 -10 1
153 153 Car -1 -1 -1 639.95 178.38 684.98 214.83 -1 -1 -1 -1000 -1000 -1000 -10 1
153 145 Car -1 -1 -1 441.50 191.32 533.11 227.91 -1 -1 -1 -1000 -1000 -1000 -10 1
154 153 Car -1 -1 -1 642.20 180.63 691.93 219.76 -1 -1 -1 -1000 -1000 -1000 -10 1
154 145 Car -1 -1 -1 442.69 192.72 537.69 230.05 -1 -1 -1 -1000 -1000 -1000 -10 1
155 145 Car -1 -1 -1 437.75 191.94 536.55 230.86 -1 -1 -1 -1000 -1000 -1000 -10 1
156 156 Car -1 -1 -1 1018.13 161.10 1161.06 216.61 -1 -1 -1 -1000 -1000 -1000 -10 1
156 145 Car -1 -1 -1 422.18 190.99 521.26 233.15 -1 -1 -1 -1000 -1000 -1000 -10 1
157 156 Car -1 -1 -1 1044.74 162.64 1222.83 229.34 -1 -1 -1 -1000 -1000 -1000 -10 1
157 153 Car -1 -1 -1 648.49 179.56 706.16 223.96 -1 -1 -1 -1000 -1000 -1000 -10 1
157 145 Car -1 -1 -1 413.10 191.51 525.11 236.81 -1 -1 -1 -1000 -1000 -1000 -10 1
158 156 Car -1 -1 -1 1072.02 172.36 1248.43 236.74 -1 -1 -1 -1000 -1000 -1000 -10 1
158 153 Car -1 -1 -1 650.42 183.31 709.05 227.59 -1 -1 -1 -1000 -1000 -1000 -10 1
158 145 Car -1 -1 -1 405.92 193.54 525.27 239.52 -1 -1 -1 -1000 -1000 -1000 -10 1
159 156 Car -1 -1 -1 1092.30 174.42 1258.49 240.89 -1 -1 -1 -1000 -1000 -1000 -10 1
159 153 Car -1 -1 -1 653.32 181.18 712.79 225.77 -1 -1 -1 -1000 -1000 -1000 -10 1
159 145 Car -1 -1 -1 393.04 190.38 518.91 240.63 -1 -1 -1 -1000 -1000 -1000 -10 1
160 153 Car -1 -1 -1 655.79 178.42 716.69 224.02 -1 -1 -1 -1000 -1000 -1000 -10 1
160 145 Car -1 -1 -1 388.85 184.00 517.18 234.03 -1 -1 -1 -1000 -1000 -1000 -10 1
161 153 Car -1 -1 -1 660.43 183.46 728.45 233.84 -1 -1 -1 -1000 -1000 -1000 -10 1
161 145 Car -1 -1 -1 369.06 189.65 511.31 242.92 -1 -1 -1 -1000 -1000 -1000 -10 1
162 153 Car -1 -1 -1 661.34 185.62 736.46 239.09 -1 -1 -1 -1000 -1000 -1000 -10 1
162 145 Car -1 -1 -1 346.43 197.42 493.81 252.94 -1 -1 -1 -1000 -1000 -1000 -10 1
163 153 Car -1 -1 -1 665.93 185.22 747.97 242.63 -1 -1 -1 -1000 -1000 -1000 -10 1
163 145 Car -1 -1 -1 322.77 196.29 480.65 255.99 -1 -1 -1 -1000 -1000 -1000 -10 1
164 153 Car -1 -1 -1 668.23 181.37 747.29 238.86 -1 -1 -1 -1000 -1000 -1000 -10 1
164 145 Car -1 -1 -1 300.65 194.54 464.60 254.15 -1 -1 -1 -1000 -1000 -1000 -10 1
165 161 Car -1 -1 -1 385.99 187.43 512.13 232.75 -1 -1 -1 -1000 -1000 -1000 -10 1
165 153 Car -1 -1 -1 675.74 182.56 763.89 247.64 -1 -1 -1 -1000 -1000 -1000 -10 1
165 145 Car -1 -1 -1 271.34 193.53 455.62 258.47 -1 -1 -1 -1000 -1000 -1000 -10 1
166 165 Car -1 -1 -1 642.50 173.60 683.21 209.26 -1 -1 -1 -1000 -1000 -1000 -10 1
166 162 Car -1 -1 -1 657.22 183.90 715.94 225.99 -1 -1 -1 -1000 -1000 -1000 -10 1
166 161 Car -1 -1 -1 436.20 190.66 539.26 224.55 -1 -1 -1 -1000 -1000 -1000 -10 1
166 153 Car -1 -1 -1 676.93 183.46 778.21 257.53 -1 -1 -1 -1000 -1000 -1000 -10 1
166 145 Car -1 -1 -1 248.38 197.56 446.03 267.65 -1 -1 -1 -1000 -1000 -1000 -10 1
167 166 Car -1 -1 -1 316.04 180.84 470.27 246.63 -1 -1 -1 -1000 -1000 -1000 -10 1
167 165 Car -1 -1 -1 652.23 174.66 699.27 213.23 -1 -1 -1 -1000 -1000 -1000 -10 1
167 162 Car -1 -1 -1 665.43 181.11 733.09 230.45 -1 -1 -1 -1000 -1000 -1000 -10 1
167 161 Car -1 -1 -1 450.05 178.93 547.52 209.83 -1 -1 -1 -1000 -1000 -1000 -10 1
167 153 Car -1 -1 -1 684.49 178.03 797.78 260.04 -1 -1 -1 -1000 -1000 -1000 -10 1
167 145 Car -1 -1 -1 193.82 195.50 405.36 274.05 -1 -1 -1 -1000 -1000 -1000 -10 1
168 166 Car -1 -1 -1 296.11 176.32 454.78 244.27 -1 -1 -1 -1000 -1000 -1000 -10 1
168 165 Car -1 -1 -1 658.66 171.30 714.43 214.62 -1 -1 -1 -1000 -1000 -1000 -10 1
168 161 Car -1 -1 -1 453.79 175.04 545.97 201.35 -1 -1 -1 -1000 -1000 -1000 -10 1
168 153 Car -1 -1 -1 694.59 175.92 824.03 264.08 -1 -1 -1 -1000 -1000 -1000 -10 1
168 145 Car -1 -1 -1 98.31 191.59 366.01 284.03 -1 -1 -1 -1000 -1000 -1000 -10 1
169 165 Car -1 -1 -1 666.72 179.91 730.12 227.25 -1 -1 -1 -1000 -1000 -1000 -10 1
169 161 Car -1 -1 -1 443.43 179.28 542.11 207.12 -1 -1 -1 -1000 -1000 -1000 -10 1
169 153 Car -1 -1 -1 710.63 183.73 861.56 284.19 -1 -1 -1 -1000 -1000 -1000 -10 1
169 145 Car -1 -1 -1 13.51 198.19 336.25 316.86 -1 -1 -1 -1000 -1000 -1000 -10 1
170 170 Car -1 -1 -1 268.96 189.33 439.88 265.09 -1 -1 -1 -1000 -1000 -1000 -10 1
170 165 Car -1 -1 -1 677.39 183.61 750.32 237.42 -1 -1 -1 -1000 -1000 -1000 -10 1
170 162 Car -1 -1 -1 694.71 185.79 801.41 262.18 -1 -1 -1 -1000 -1000 -1000 -10 1
170 161 Car -1 -1 -1 435.98 183.30 541.66 213.33 -1 -1 -1 -1000 -1000 -1000 -10 1
170 153 Car -1 -1 -1 727.51 190.20 914.73 312.25 -1 -1 -1 -1000 -1000 -1000 -10 1
170 145 Car -1 -1 -1 -17.73 208.14 296.47 339.52 -1 -1 -1 -1000 -1000 -1000 -10 1
171 172 Car -1 -1 -1 71.76 180.37 370.20 303.85 -1 -1 -1 -1000 -1000 -1000 -10 1
171 165 Car -1 -1 -1 679.12 178.55 762.94 241.79 -1 -1 -1 -1000 -1000 -1000 -10 1
171 162 Car -1 -1 -1 711.30 186.79 829.00 269.99 -1 -1 -1 -1000 -1000 -1000 -10 1
171 161 Car -1 -1 -1 431.99 179.65 540.82 210.70 -1 -1 -1 -1000 -1000 -1000 -10 1
171 153 Car -1 -1 -1 758.49 194.41 996.48 348.47 -1 -1 -1 -1000 -1000 -1000 -10 1
171 145 Car -1 -1 -1 -32.72 206.03 241.99 354.80 -1 -1 -1 -1000 -1000 -1000 -10 1
172 173 Car -1 -1 -1 655.31 177.22 702.00 208.59 -1 -1 -1 -1000 -1000 -1000 -10 1
172 172 Car -1 -1 -1 -21.32 197.07 291.26 343.17 -1 -1 -1 -1000 -1000 -1000 -10 1
172 165 Car -1 -1 -1 685.44 178.28 781.90 248.69 -1 -1 -1 -1000 -1000 -1000 -10 1
172 162 Car -1 -1 -1 733.79 188.44 872.50 284.36 -1 -1 -1 -1000 -1000 -1000 -10 1
172 161 Car -1 -1 -1 457.03 175.05 556.50 206.33 -1 -1 -1 -1000 -1000 -1000 -10 1
172 153 Car -1 -1 -1 807.41 194.94 1128.03 370.47 -1 -1 -1 -1000 -1000 -1000 -10 1
173 176 Car -1 -1 -1 388.16 193.24 515.93 229.37 -1 -1 -1 -1000 -1000 -1000 -10 1
173 173 Car -1 -1 -1 656.83 180.12 702.98 212.88 -1 -1 -1 -1000 -1000 -1000 -10 1
173 170 Car -1 -1 -1 41.93 194.30 336.22 336.11 -1 -1 -1 -1000 -1000 -1000 -10 1
173 165 Car -1 -1 -1 693.25 184.58 799.22 261.19 -1 -1 -1 -1000 -1000 -1000 -10 1
173 162 Car -1 -1 -1 748.82 193.79 920.50 307.76 -1 -1 -1 -1000 -1000 -1000 -10 1
173 161 Car -1 -1 -1 471.77 179.61 553.30 210.95 -1 -1 -1 -1000 -1000 -1000 -10 1
173 153 Car -1 -1 -1 829.03 201.57 1213.04 377.41 -1 -1 -1 -1000 -1000 -1000 -10 1
174 176 Car -1 -1 -1 370.19 189.90 512.02 228.34 -1 -1 -1 -1000 -1000 -1000 -10 1
174 173 Car -1 -1 -1 654.38 179.02 701.96 213.70 -1 -1 -1 -1000 -1000 -1000 -10 1
174 170 Car -1 -1 -1 -10.32 198.57 276.14 354.67 -1 -1 -1 -1000 -1000 -1000 -10 1
174 165 Car -1 -1 -1 702.81 187.21 821.19 269.21 -1 -1 -1 -1000 -1000 -1000 -10 1
174 162 Car -1 -1 -1 771.30 196.90 988.10 335.67 -1 -1 -1 -1000 -1000 -1000 -10 1
174 161 Car -1 -1 -1 444.40 180.87 542.20 213.77 -1 -1 -1 -1000 -1000 -1000 -10 1
174 153 Car -1 -1 -1 856.83 205.18 1269.92 378.75 -1 -1 -1 -1000 -1000 -1000 -10 1
175 176 Car -1 -1 -1 344.95 184.28 505.04 229.68 -1 -1 -1 -1000 -1000 -1000 -10 1
175 173 Car -1 -1 -1 660.35 176.90 714.44 217.16 -1 -1 -1 -1000 -1000 -1000 -10 1
175 170 Car -1 -1 -1 -35.00 197.12 210.42 366.42 -1 -1 -1 -1000 -1000 -1000 -10 1
175 165 Car -1 -1 -1 715.92 185.30 849.84 276.36 -1 -1 -1 -1000 -1000 -1000 -10 1
175 162 Car -1 -1 -1 809.00 199.53 1081.71 365.85 -1 -1 -1 -1000 -1000 -1000 -10 1
175 161 Car -1 -1 -1 423.58 178.85 533.92 214.03 -1 -1 -1 -1000 -1000 -1000 -10 1
175 153 Car -1 -1 -1 935.67 196.00 1292.40 369.88 -1 -1 -1 -1000 -1000 -1000 -10 1
176 177 Car -1 -1 -1 642.38 162.51 677.68 198.90 -1 -1 -1 -1000 -1000 -1000 -10 1
176 176 Car -1 -1 -1 306.33 180.75 487.19 236.05 -1 -1 -1 -1000 -1000 -1000 -10 1
176 173 Car -1 -1 -1 658.92 174.62 717.78 219.37 -1 -1 -1 -1000 -1000 -1000 -10 1
176 165 Car -1 -1 -1 726.39 183.28 883.62 289.36 -1 -1 -1 -1000 -1000 -1000 -10 1
176 162 Car -1 -1 -1 854.00 195.94 1206.48 376.19 -1 -1 -1 -1000 -1000 -1000 -10 1
176 161 Car -1 -1 -1 408.34 178.86 525.56 216.72 -1 -1 -1 -1000 -1000 -1000 -10 1
177 176 Car -1 -1 -1 272.84 176.49 471.77 240.88 -1 -1 -1 -1000 -1000 -1000 -10 1
177 173 Car -1 -1 -1 656.61 173.31 719.63 221.73 -1 -1 -1 -1000 -1000 -1000 -10 1
177 165 Car -1 -1 -1 741.43 186.76 941.52 317.04 -1 -1 -1 -1000 -1000 -1000 -10 1
177 162 Car -1 -1 -1 891.93 197.72 1255.65 378.34 -1 -1 -1 -1000 -1000 -1000 -10 1
177 161 Car -1 -1 -1 392.14 178.65 516.86 217.73 -1 -1 -1 -1000 -1000 -1000 -10 1
178 176 Car -1 -1 -1 233.85 178.68 458.26 253.80 -1 -1 -1 -1000 -1000 -1000 -10 1
178 173 Car -1 -1 -1 657.17 175.39 725.24 227.93 -1 -1 -1 -1000 -1000 -1000 -10 1
178 165 Car -1 -1 -1 779.28 195.24 1030.18 354.69 -1 -1 -1 -1000 -1000 -1000 -10 1
178 161 Car -1 -1 -1 366.37 182.21 498.64 225.05 -1 -1 -1 -1000 -1000 -1000 -10 1
179 182 Car -1 -1 -1 398.79 178.93 517.75 220.28 -1 -1 -1 -1000 -1000 -1000 -10 1
179 176 Car -1 -1 -1 190.59 184.94 435.29 267.57 -1 -1 -1 -1000 -1000 -1000 -10 1
179 173 Car -1 -1 -1 655.36 178.60 724.67 231.72 -1 -1 -1 -1000 -1000 -1000 -10 1
179 165 Car -1 -1 -1 820.88 195.56 1165.37 373.11 -1 -1 -1 -1000 -1000 -1000 -10 1
179 161 Car -1 -1 -1 352.62 186.49 491.33 231.50 -1 -1 -1 -1000 -1000 -1000 -10 1
180 182 Car -1 -1 -1 388.47 180.70 514.62 224.27 -1 -1 -1 -1000 -1000 -1000 -10 1
180 176 Car -1 -1 -1 129.00 190.47 391.21 281.40 -1 -1 -1 -1000 -1000 -1000 -10 1
180 173 Car -1 -1 -1 657.80 179.14 730.08 233.76 -1 -1 -1 -1000 -1000 -1000 -10 1
180 165 Car -1 -1 -1 848.87 197.23 1223.60 377.69 -1 -1 -1 -1000 -1000 -1000 -10 1
180 161 Car -1 -1 -1 327.99 186.86 475.10 238.31 -1 -1 -1 -1000 -1000 -1000 -10 1
181 185 Car -1 -1 -1 689.31 181.63 812.49 270.26 -1 -1 -1 -1000 -1000 -1000 -10 1
181 182 Car -1 -1 -1 372.88 177.67 508.12 224.25 -1 -1 -1 -1000 -1000 -1000 -10 1
181 176 Car -1 -1 -1 39.33 197.10 351.75 298.23 -1 -1 -1 -1000 -1000 -1000 -10 1
181 165 Car -1 -1 -1 898.72 205.49 1254.94 381.53 -1 -1 -1 -1000 -1000 -1000 -10 1
181 161 Car -1 -1 -1 281.30 188.36 453.78 248.08 -1 -1 -1 -1000 -1000 -1000 -10 1
182 186 Car -1 -1 -1 653.83 168.12 729.18 224.37 -1 -1 -1 -1000 -1000 -1000 -10 1
182 185 Car -1 -1 -1 704.25 185.28 838.85 277.75 -1 -1 -1 -1000 -1000 -1000 -10 1
182 182 Car -1 -1 -1 352.82 174.61 499.42 227.63 -1 -1 -1 -1000 -1000 -1000 -10 1
182 176 Car -1 -1 -1 -8.17 189.75 335.36 316.07 -1 -1 -1 -1000 -1000 -1000 -10 1
182 161 Car -1 -1 -1 240.93 180.68 438.62 251.20 -1 -1 -1 -1000 -1000 -1000 -10 1
183 187 Car -1 -1 -1 635.31 136.14 690.30 199.48 -1 -1 -1 -1000 -1000 -1000 -10 1
183 186 Car -1 -1 -1 652.91 163.64 737.46 224.56 -1 -1 -1 -1000 -1000 -1000 -10 1
183 185 Car -1 -1 -1 721.46 180.28 890.75 293.97 -1 -1 -1 -1000 -1000 -1000 -10 1
183 182 Car -1 -1 -1 333.72 165.88 492.76 227.40 -1 -1 -1 -1000 -1000 -1000 -10 1
183 176 Car -1 -1 -1 -32.01 189.72 300.88 334.91 -1 -1 -1 -1000 -1000 -1000 -10 1
183 161 Car -1 -1 -1 190.03 174.60 411.56 255.86 -1 -1 -1 -1000 -1000 -1000 -10 1
184 189 Car -1 -1 -1 690.81 176.74 814.63 263.45 -1 -1 -1 -1000 -1000 -1000 -10 1
184 186 Car -1 -1 -1 656.87 165.96 750.37 230.51 -1 -1 -1 -1000 -1000 -1000 -10 1
184 185 Car -1 -1 -1 743.51 182.71 955.73 324.45 -1 -1 -1 -1000 -1000 -1000 -10 1
184 182 Car -1 -1 -1 310.83 168.20 483.47 236.24 -1 -1 -1 -1000 -1000 -1000 -10 1
184 176 Car -1 -1 -1 -49.87 210.88 219.68 365.48 -1 -1 -1 -1000 -1000 -1000 -10 1
184 161 Car -1 -1 -1 83.45 175.57 366.11 276.89 -1 -1 -1 -1000 -1000 -1000 -10 1
185 190 Car -1 -1 -1 404.74 171.14 530.18 215.17 -1 -1 -1 -1000 -1000 -1000 -10 1
185 189 Car -1 -1 -1 707.35 181.69 862.15 284.64 -1 -1 -1 -1000 -1000 -1000 -10 1
185 186 Car -1 -1 -1 661.85 168.22 760.55 238.35 -1 -1 -1 -1000 -1000 -1000 -10 1
185 185 Car -1 -1 -1 779.61 192.38 1059.97 368.02 -1 -1 -1 -1000 -1000 -1000 -10 1
185 182 Car -1 -1 -1 276.25 167.12 466.15 245.69 -1 -1 -1 -1000 -1000 -1000 -10 1
185 161 Car -1 -1 -1 11.98 181.37 339.19 299.65 -1 -1 -1 -1000 -1000 -1000 -10 1
186 190 Car -1 -1 -1 395.56 172.05 520.13 216.93 -1 -1 -1 -1000 -1000 -1000 -10 1
186 189 Car -1 -1 -1 722.14 184.92 903.80 307.03 -1 -1 -1 -1000 -1000 -1000 -10 1
186 186 Car -1 -1 -1 676.05 172.28 785.70 251.13 -1 -1 -1 -1000 -1000 -1000 -10 1
186 185 Car -1 -1 -1 831.57 189.14 1202.57 379.98 -1 -1 -1 -1000 -1000 -1000 -10 1
186 182 Car -1 -1 -1 219.51 162.79 438.65 254.44 -1 -1 -1 -1000 -1000 -1000 -10 1
186 161 Car -1 -1 -1 -17.45 189.57 306.44 326.44 -1 -1 -1 -1000 -1000 -1000 -10 1
187 190 Car -1 -1 -1 400.04 175.86 526.02 219.20 -1 -1 -1 -1000 -1000 -1000 -10 1
187 189 Car -1 -1 -1 750.45 190.26 970.35 338.04 -1 -1 -1 -1000 -1000 -1000 -10 1
187 188 Car -1 -1 -1 648.18 160.16 722.65 224.03 -1 -1 -1 -1000 -1000 -1000 -10 1
187 186 Car -1 -1 -1 677.48 174.77 803.67 265.74 -1 -1 -1 -1000 -1000 -1000 -10 1
187 185 Car -1 -1 -1 866.09 190.37 1254.99 382.43 -1 -1 -1 -1000 -1000 -1000 -10 1
187 182 Car -1 -1 -1 138.04 159.69 406.63 274.05 -1 -1 -1 -1000 -1000 -1000 -10 1
187 161 Car -1 -1 -1 -40.60 195.87 242.74 353.56 -1 -1 -1 -1000 -1000 -1000 -10 1
188 190 Car -1 -1 -1 374.34 178.77 516.28 225.21 -1 -1 -1 -1000 -1000 -1000 -10 1
188 189 Car -1 -1 -1 792.63 192.07 1074.97 371.47 -1 -1 -1 -1000 -1000 -1000 -10 1
188 188 Car -1 -1 -1 650.97 161.30 725.22 224.62 -1 -1 -1 -1000 -1000 -1000 -10 1
188 186 Car -1 -1 -1 689.09 174.07 833.10 272.21 -1 -1 -1 -1000 -1000 -1000 -10 1
188 185 Car -1 -1 -1 967.68 196.01 1291.58 380.52 -1 -1 -1 -1000 -1000 -1000 -10 1
188 182 Car -1 -1 -1 39.21 166.17 372.76 297.62 -1 -1 -1 -1000 -1000 -1000 -10 1
189 194 Car -1 -1 -1 646.63 148.23 714.42 220.36 -1 -1 -1 -1000 -1000 -1000 -10 1
189 190 Car -1 -1 -1 349.77 177.77 503.07 229.55 -1 -1 -1 -1000 -1000 -1000 -10 1
189 189 Car -1 -1 -1 833.21 185.22 1213.85 381.58 -1 -1 -1 -1000 -1000 -1000 -10 1
189 188 Car -1 -1 -1 650.42 162.93 725.18 226.28 -1 -1 -1 -1000 -1000 -1000 -10 1
189 186 Car -1 -1 -1 707.18 176.26 871.90 288.50 -1 -1 -1 -1000 -1000 -1000 -10 1
189 182 Car -1 -1 -1 -14.51 169.57 347.15 324.77 -1 -1 -1 -1000 -1000 -1000 -10 1
190 198 Car -1 -1 -1 676.94 181.54 770.38 248.00 -1 -1 -1 -1000 -1000 -1000 -10 1
190 197 Car -1 -1 -1 447.88 180.80 548.51 217.80 -1 -1 -1 -1000 -1000 -1000 -10 1
190 194 Car -1 -1 -1 649.25 150.01 719.28 222.21 -1 -1 -1 -1000 -1000 -1000 -10 1
190 190 Car -1 -1 -1 340.03 178.85 495.48 235.69 -1 -1 -1 -1000 -1000 -1000 -10 1
190 189 Car -1 -1 -1 873.69 188.11 1250.50 379.78 -1 -1 -1 -1000 -1000 -1000 -10 1
190 188 Car -1 -1 -1 650.29 158.16 724.22 221.64 -1 -1 -1 -1000 -1000 -1000 -10 1
190 186 Car -1 -1 -1 729.55 175.18 934.71 318.67 -1 -1 -1 -1000 -1000 -1000 -10 1
190 182 Car -1 -1 -1 -5.98 172.80 360.91 339.15 -1 -1 -1 -1000 -1000 -1000 -10 1
191 198 Car -1 -1 -1 685.03 183.66 786.62 252.96 -1 -1 -1 -1000 -1000 -1000 -10 1
191 194 Car -1 -1 -1 650.24 148.72 725.60 223.11 -1 -1 -1 -1000 -1000 -1000 -10 1
191 190 Car -1 -1 -1 306.82 179.26 487.44 243.35 -1 -1 -1 -1000 -1000 -1000 -10 1
191 189 Car -1 -1 -1 973.46 202.07 1288.31 383.48 -1 -1 -1 -1000 -1000 -1000 -10 1
191 188 Car -1 -1 -1 652.40 157.86 727.21 222.19 -1 -1 -1 -1000 -1000 -1000 -10 1
191 186 Car -1 -1 -1 762.73 174.42 1034.90 357.05 -1 -1 -1 -1000 -1000 -1000 -10 1
191 182 Car -1 -1 -1 -19.94 182.82 339.86 364.51 -1 -1 -1 -1000 -1000 -1000 -10 1
192 198 Car -1 -1 -1 690.75 184.56 799.61 258.01 -1 -1 -1 -1000 -1000 -1000 -10 1
192 197 Car -1 -1 -1 425.56 179.53 544.99 222.46 -1 -1 -1 -1000 -1000 -1000 -10 1
192 194 Car -1 -1 -1 653.28 145.54 733.07 225.00 -1 -1 -1 -1000 -1000 -1000 -10 1
192 190 Car -1 -1 -1 276.05 176.40 473.66 247.34 -1 -1 -1 -1000 -1000 -1000 -10 1
192 188 Car -1 -1 -1 656.12 155.90 730.69 221.03 -1 -1 -1 -1000 -1000 -1000 -10 1
192 186 Car -1 -1 -1 809.80 162.53 1167.07 373.22 -1 -1 -1 -1000 -1000 -1000 -10 1
192 182 Car -1 -1 -1 -30.69 197.79 283.08 378.51 -1 -1 -1 -1000 -1000 -1000 -10 1
193 198 Car -1 -1 -1 702.21 183.14 823.05 261.73 -1 -1 -1 -1000 -1000 -1000 -10 1
193 197 Car -1 -1 -1 414.69 176.50 539.19 220.67 -1 -1 -1 -1000 -1000 -1000 -10 1
193 194 Car -1 -1 -1 653.13 143.67 735.88 225.79 -1 -1 -1 -1000 -1000 -1000 -10 1
193 190 Car -1 -1 -1 241.08 166.77 460.64 247.72 -1 -1 -1 -1000 -1000 -1000 -10 1
193 188 Car -1 -1 -1 654.98 154.24 731.92 221.15 -1 -1 -1 -1000 -1000 -1000 -10 1
193 186 Car -1 -1 -1 824.11 139.57 1219.30 371.13 -1 -1 -1 -1000 -1000 -1000 -10 1
194 200 Car -1 -1 -1 313.69 181.86 480.49 236.95 -1 -1 -1 -1000 -1000 -1000 -10 1
194 198 Car -1 -1 -1 715.68 187.21 854.08 277.68 -1 -1 -1 -1000 -1000 -1000 -10 1
194 197 Car -1 -1 -1 405.56 176.62 535.39 221.79 -1 -1 -1 -1000 -1000 -1000 -10 1
194 194 Car -1 -1 -1 652.31 135.67 745.99 225.42 -1 -1 -1 -1000 -1000 -1000 -10 1
194 190 Car -1 -1 -1 154.93 161.38 414.00 261.61 -1 -1 -1 -1000 -1000 -1000 -10 1
195 200 Car -1 -1 -1 316.44 181.42 475.01 239.05 -1 -1 -1 -1000 -1000 -1000 -10 1
195 198 Car -1 -1 -1 731.59 190.71 893.19 296.53 -1 -1 -1 -1000 -1000 -1000 -10 1
195 197 Car -1 -1 -1 400.12 179.28 521.98 225.62 -1 -1 -1 -1000 -1000 -1000 -10 1
195 194 Car -1 -1 -1 651.12 136.90 748.53 228.13 -1 -1 -1 -1000 -1000 -1000 -10 1
195 190 Car -1 -1 -1 119.64 165.89 407.37 274.43 -1 -1 -1 -1000 -1000 -1000 -10 1
196 201 Car -1 -1 -1 476.51 171.96 529.02 211.24 -1 -1 -1 -1000 -1000 -1000 -10 1
196 198 Car -1 -1 -1 752.04 194.73 957.81 330.47 -1 -1 -1 -1000 -1000 -1000 -10 1
196 197 Car -1 -1 -1 377.76 177.89 497.84 225.66 -1 -1 -1 -1000 -1000 -1000 -10 1
196 194 Car -1 -1 -1 671.05 159.96 784.93 251.36 -1 -1 -1 -1000 -1000 -1000 -10 1
196 190 Car -1 -1 -1 55.89 180.98 375.63 291.13 -1 -1 -1 -1000 -1000 -1000 -10 1
196 188 Car -1 -1 -1 643.05 165.41 715.60 226.52 -1 -1 -1 -1000 -1000 -1000 -10 1
197 204 Car -1 -1 -1 188.57 186.46 409.01 268.47 -1 -1 -1 -1000 -1000 -1000 -10 1
197 203 Car -1 -1 -1 483.84 173.21 531.38 205.60 -1 -1 -1 -1000 -1000 -1000 -10 1
197 198 Car -1 -1 -1 791.38 198.53 1058.63 365.85 -1 -1 -1 -1000 -1000 -1000 -10 1
197 197 Car -1 -1 -1 404.07 175.53 520.09 222.68 -1 -1 -1 -1000 -1000 -1000 -10 1
197 194 Car -1 -1 -1 672.25 163.88 800.85 259.66 -1 -1 -1 -1000 -1000 -1000 -10 1
197 190 Car -1 -1 -1 -16.88 178.43 333.47 312.95 -1 -1 -1 -1000 -1000 -1000 -10 1
197 188 Car -1 -1 -1 642.18 169.68 712.14 225.27 -1 -1 -1 -1000 -1000 -1000 -10 1
198 204 Car -1 -1 -1 101.88 193.13 377.12 296.15 -1 -1 -1 -1000 -1000 -1000 -10 1
198 200 Car -1 -1 -1 310.31 189.82 476.81 261.34 -1 -1 -1 -1000 -1000 -1000 -10 1
198 198 Car -1 -1 -1 843.23 196.18 1194.48 377.36 -1 -1 -1 -1000 -1000 -1000 -10 1
198 197 Car -1 -1 -1 386.44 181.35 514.90 232.12 -1 -1 -1 -1000 -1000 -1000 -10 1
198 190 Car -1 -1 -1 -38.48 201.90 271.42 354.88 -1 -1 -1 -1000 -1000 -1000 -10 1
198 188 Car -1 -1 -1 649.12 173.47 721.53 227.53 -1 -1 -1 -1000 -1000 -1000 -10 1
199 205 Car -1 -1 -1 598.78 178.88 635.18 202.83 -1 -1 -1 -1000 -1000 -1000 -10 1
199 204 Car -1 -1 -1 -8.11 201.78 331.51 342.36 -1 -1 -1 -1000 -1000 -1000 -10 1
199 203 Car -1 -1 -1 468.74 175.33 526.62 207.51 -1 -1 -1 -1000 -1000 -1000 -10 1
199 198 Car -1 -1 -1 884.13 196.05 1253.98 377.30 -1 -1 -1 -1000 -1000 -1000 -10 1
199 197 Car -1 -1 -1 347.27 182.50 493.87 240.69 -1 -1 -1 -1000 -1000 -1000 -10 1
199 188 Car -1 -1 -1 652.78 166.91 727.11 224.07 -1 -1 -1 -1000 -1000 -1000 -10 1
200 204 Car -1 -1 -1 -27.11 187.79 312.89 355.39 -1 -1 -1 -1000 -1000 -1000 -10 1
200 203 Car -1 -1 -1 474.26 174.21 530.53 205.36 -1 -1 -1 -1000 -1000 -1000 -10 1
200 201 Car -1 -1 -1 418.45 177.46 524.11 222.69 -1 -1 -1 -1000 -1000 -1000 -10 1
200 197 Car -1 -1 -1 316.59 179.55 489.17 246.13 -1 -1 -1 -1000 -1000 -1000 -10 1
200 188 Car -1 -1 -1 649.80 162.51 721.64 220.32 -1 -1 -1 -1000 -1000 -1000 -10 1
201 206 Car -1 -1 -1 769.63 182.81 1061.37 364.29 -1 -1 -1 -1000 -1000 -1000 -10 1
201 205 Car -1 -1 -1 611.63 173.37 658.94 198.54 -1 -1 -1 -1000 -1000 -1000 -10 1
201 204 Car -1 -1 -1 -36.09 204.69 270.23 372.79 -1 -1 -1 -1000 -1000 -1000 -10 1
201 203 Car -1 -1 -1 460.62 173.85 532.86 208.42 -1 -1 -1 -1000 -1000 -1000 -10 1
201 201 Car -1 -1 -1 405.56 178.11 521.94 224.69 -1 -1 -1 -1000 -1000 -1000 -10 1
201 197 Car -1 -1 -1 278.11 181.63 476.20 255.13 -1 -1 -1 -1000 -1000 -1000 -10 1
201 188 Car -1 -1 -1 656.93 163.04 732.14 222.54 -1 -1 -1 -1000 -1000 -1000 -10 1
202 208 Car -1 -1 -1 665.19 153.23 763.81 233.01 -1 -1 -1 -1000 -1000 -1000 -10 1
202 206 Car -1 -1 -1 830.70 189.81 1213.28 386.31 -1 -1 -1 -1000 -1000 -1000 -10 1
202 205 Car -1 -1 -1 617.49 173.50 667.43 201.11 -1 -1 -1 -1000 -1000 -1000 -10 1
202 203 Car -1 -1 -1 455.44 175.37 537.37 210.72 -1 -1 -1 -1000 -1000 -1000 -10 1
202 201 Car -1 -1 -1 406.52 178.62 524.94 226.00 -1 -1 -1 -1000 -1000 -1000 -10 1
202 197 Car -1 -1 -1 236.38 182.68 469.69 266.72 -1 -1 -1 -1000 -1000 -1000 -10 1
203 205 Car -1 -1 -1 617.64 170.93 667.59 199.58 -1 -1 -1 -1000 -1000 -1000 -10 1
203 203 Car -1 -1 -1 448.26 174.07 536.33 210.87 -1 -1 -1 -1000 -1000 -1000 -10 1
203 201 Car -1 -1 -1 400.49 177.60 518.58 226.67 -1 -1 -1 -1000 -1000 -1000 -10 1
203 197 Car -1 -1 -1 167.51 186.99 435.49 281.55 -1 -1 -1 -1000 -1000 -1000 -10 1
203 188 Car -1 -1 -1 659.04 168.79 727.61 219.70 -1 -1 -1 -1000 -1000 -1000 -10 1
204 210 Car -1 -1 -1 280.05 178.95 458.10 259.39 -1 -1 -1 -1000 -1000 -1000 -10 1
204 209 Car -1 -1 -1 682.55 157.21 811.81 248.15 -1 -1 -1 -1000 -1000 -1000 -10 1
204 205 Car -1 -1 -1 617.80 171.73 668.26 198.98 -1 -1 -1 -1000 -1000 -1000 -10 1
204 203 Car -1 -1 -1 445.06 171.83 534.71 208.01 -1 -1 -1 -1000 -1000 -1000 -10 1
204 201 Car -1 -1 -1 388.53 179.15 512.24 227.35 -1 -1 -1 -1000 -1000 -1000 -10 1
204 197 Car -1 -1 -1 76.46 186.08 407.63 301.74 -1 -1 -1 -1000 -1000 -1000 -10 1
205 210 Car -1 -1 -1 228.04 177.85 443.07 271.80 -1 -1 -1 -1000 -1000 -1000 -10 1
205 209 Car -1 -1 -1 692.78 160.53 815.49 247.39 -1 -1 -1 -1000 -1000 -1000 -10 1
205 205 Car -1 -1 -1 623.67 172.96 671.47 201.72 -1 -1 -1 -1000 -1000 -1000 -10 1
205 203 Car -1 -1 -1 423.15 176.29 526.14 214.89 -1 -1 -1 -1000 -1000 -1000 -10 1
205 201 Car -1 -1 -1 356.17 181.20 497.60 234.99 -1 -1 -1 -1000 -1000 -1000 -10 1
205 197 Car -1 -1 -1 -0.30 196.27 377.89 338.50 -1 -1 -1 -1000 -1000 -1000 -10 1
206 210 Car -1 -1 -1 180.43 183.91 421.89 281.29 -1 -1 -1 -1000 -1000 -1000 -10 1
206 209 Car -1 -1 -1 713.29 156.53 859.19 264.55 -1 -1 -1 -1000 -1000 -1000 -10 1
206 205 Car -1 -1 -1 624.89 174.22 670.51 203.20 -1 -1 -1 -1000 -1000 -1000 -10 1
206 203 Car -1 -1 -1 428.38 174.01 527.29 213.39 -1 -1 -1 -1000 -1000 -1000 -10 1
206 201 Car -1 -1 -1 329.85 182.93 486.63 241.39 -1 -1 -1 -1000 -1000 -1000 -10 1
206 197 Car -1 -1 -1 -31.11 198.82 326.32 356.21 -1 -1 -1 -1000 -1000 -1000 -10 1
206 188 Car -1 -1 -1 672.25 174.88 741.28 222.06 -1 -1 -1 -1000 -1000 -1000 -10 1
207 212 Car -1 -1 -1 879.61 189.43 1254.63 382.46 -1 -1 -1 -1000 -1000 -1000 -10 1
207 210 Car -1 -1 -1 100.12 187.54 416.29 305.51 -1 -1 -1 -1000 -1000 -1000 -10 1
207 205 Car -1 -1 -1 623.69 178.15 673.31 209.24 -1 -1 -1 -1000 -1000 -1000 -10 1
207 201 Car -1 -1 -1 281.91 189.61 465.07 256.06 -1 -1 -1 -1000 -1000 -1000 -10 1
207 197 Car -1 -1 -1 -36.67 198.55 272.67 368.39 -1 -1 -1 -1000 -1000 -1000 -10 1
207 188 Car -1 -1 -1 679.68 181.19 753.01 229.51 -1 -1 -1 -1000 -1000 -1000 -10 1
208 214 Car -1 -1 -1 386.89 183.74 514.59 230.17 -1 -1 -1 -1000 -1000 -1000 -10 1
208 213 Car -1 -1 -1 742.86 140.24 1001.09 324.90 -1 -1 -1 -1000 -1000 -1000 -10 1
208 212 Car -1 -1 -1 961.03 184.63 1279.31 375.94 -1 -1 -1 -1000 -1000 -1000 -10 1
208 210 Car -1 -1 -1 16.20 202.92 380.13 339.22 -1 -1 -1 -1000 -1000 -1000 -10 1
208 205 Car -1 -1 -1 620.78 179.03 676.21 212.54 -1 -1 -1 -1000 -1000 -1000 -10 1
208 201 Car -1 -1 -1 228.19 193.86 443.31 269.45 -1 -1 -1 -1000 -1000 -1000 -10 1
208 188 Car -1 -1 -1 685.71 182.09 767.66 232.67 -1 -1 -1 -1000 -1000 -1000 -10 1
209 215 Car -1 -1 -1 288.97 189.82 468.93 250.76 -1 -1 -1 -1000 -1000 -1000 -10 1
209 214 Car -1 -1 -1 384.33 178.00 511.70 224.44 -1 -1 -1 -1000 -1000 -1000 -10 1
209 213 Car -1 -1 -1 769.47 128.60 1112.07 360.44 -1 -1 -1 -1000 -1000 -1000 -10 1
209 210 Car -1 -1 -1 -24.88 206.72 338.20 362.35 -1 -1 -1 -1000 -1000 -1000 -10 1
209 205 Car -1 -1 -1 620.69 174.35 679.76 209.30 -1 -1 -1 -1000 -1000 -1000 -10 1
209 201 Car -1 -1 -1 190.95 193.22 412.86 274.20 -1 -1 -1 -1000 -1000 -1000 -10 1
209 188 Car -1 -1 -1 692.20 182.05 781.74 233.62 -1 -1 -1 -1000 -1000 -1000 -10 1
210 215 Car -1 -1 -1 252.17 188.16 453.51 259.08 -1 -1 -1 -1000 -1000 -1000 -10 1
210 214 Car -1 -1 -1 352.18 180.05 492.77 233.89 -1 -1 -1 -1000 -1000 -1000 -10 1
210 213 Car -1 -1 -1 801.22 102.78 1234.76 379.87 -1 -1 -1 -1000 -1000 -1000 -10 1
210 210 Car -1 -1 -1 -38.39 206.63 268.79 368.08 -1 -1 -1 -1000 -1000 -1000 -10 1
210 205 Car -1 -1 -1 623.74 175.96 687.55 212.02 -1 -1 -1 -1000 -1000 -1000 -10 1
210 201 Car -1 -1 -1 130.69 198.28 388.06 292.28 -1 -1 -1 -1000 -1000 -1000 -10 1
210 188 Car -1 -1 -1 697.71 183.50 795.71 240.80 -1 -1 -1 -1000 -1000 -1000 -10 1
211 216 Car -1 -1 -1 386.26 171.21 498.05 218.41 -1 -1 -1 -1000 -1000 -1000 -10 1
211 215 Car -1 -1 -1 170.70 188.61 408.11 275.82 -1 -1 -1 -1000 -1000 -1000 -10 1
211 214 Car -1 -1 -1 331.19 180.73 478.67 238.98 -1 -1 -1 -1000 -1000 -1000 -10 1
211 213 Car -1 -1 -1 812.93 76.02 1274.51 376.02 -1 -1 -1 -1000 -1000 -1000 -10 1
211 209 Car -1 -1 -1 815.15 96.75 1264.45 356.73 -1 -1 -1 -1000 -1000 -1000 -10 1
211 205 Car -1 -1 -1 624.95 172.96 705.09 211.51 -1 -1 -1 -1000 -1000 -1000 -10 1
211 201 Car -1 -1 -1 28.37 204.37 340.69 323.74 -1 -1 -1 -1000 -1000 -1000 -10 1
211 188 Car -1 -1 -1 705.38 182.31 819.14 245.16 -1 -1 -1 -1000 -1000 -1000 -10 1
212 216 Car -1 -1 -1 363.18 173.16 483.71 220.81 -1 -1 -1 -1000 -1000 -1000 -10 1
212 214 Car -1 -1 -1 295.92 177.82 462.76 244.60 -1 -1 -1 -1000 -1000 -1000 -10 1
212 213 Car -1 -1 -1 864.60 59.81 1294.75 378.43 -1 -1 -1 -1000 -1000 -1000 -10 1
212 205 Car -1 -1 -1 629.23 172.53 717.55 214.98 -1 -1 -1 -1000 -1000 -1000 -10 1
212 201 Car -1 -1 -1 18.61 189.13 368.47 323.25 -1 -1 -1 -1000 -1000 -1000 -10 1
212 188 Car -1 -1 -1 715.24 183.34 841.65 251.98 -1 -1 -1 -1000 -1000 -1000 -10 1
213 216 Car -1 -1 -1 310.27 175.54 455.43 231.31 -1 -1 -1 -1000 -1000 -1000 -10 1
213 214 Car -1 -1 -1 240.79 183.92 426.00 255.13 -1 -1 -1 -1000 -1000 -1000 -10 1
213 205 Car -1 -1 -1 633.39 172.43 726.68 219.18 -1 -1 -1 -1000 -1000 -1000 -10 1
213 201 Car -1 -1 -1 -10.81 194.13 357.92 345.80 -1 -1 -1 -1000 -1000 -1000 -10 1
213 188 Car -1 -1 -1 731.67 187.66 870.34 264.42 -1 -1 -1 -1000 -1000 -1000 -10 1
214 216 Car -1 -1 -1 283.02 168.16 451.25 234.49 -1 -1 -1 -1000 -1000 -1000 -10 1
214 214 Car -1 -1 -1 183.91 181.00 413.42 265.18 -1 -1 -1 -1000 -1000 -1000 -10 1
214 201 Car -1 -1 -1 -27.04 198.30 297.74 356.52 -1 -1 -1 -1000 -1000 -1000 -10 1
214 188 Car -1 -1 -1 755.77 190.42 917.38 279.72 -1 -1 -1 -1000 -1000 -1000 -10 1
215 225 Car -1 -1 -1 604.71 170.96 702.15 217.94 -1 -1 -1 -1000 -1000 -1000 -10 1
215 216 Car -1 -1 -1 238.07 170.70 425.44 245.00 -1 -1 -1 -1000 -1000 -1000 -10 1
215 214 Car -1 -1 -1 52.92 189.16 354.98 296.36 -1 -1 -1 -1000 -1000 -1000 -10 1
215 201 Car -1 -1 -1 -45.50 197.10 215.57 365.71 -1 -1 -1 -1000 -1000 -1000 -10 1
215 188 Car -1 -1 -1 775.44 195.77 974.34 305.38 -1 -1 -1 -1000 -1000 -1000 -10 1
216 225 Car -1 -1 -1 602.93 173.28 708.21 224.70 -1 -1 -1 -1000 -1000 -1000 -10 1
216 223 Car -1 -1 -1 297.81 172.69 460.41 234.88 -1 -1 -1 -1000 -1000 -1000 -10 1
216 216 Car -1 -1 -1 201.55 166.19 418.10 252.66 -1 -1 -1 -1000 -1000 -1000 -10 1
216 214 Car -1 -1 -1 6.82 190.37 347.89 317.84 -1 -1 -1 -1000 -1000 -1000 -10 1
216 188 Car -1 -1 -1 820.41 203.74 1071.79 341.20 -1 -1 -1 -1000 -1000 -1000 -10 1
217 225 Car -1 -1 -1 606.74 173.28 723.21 230.70 -1 -1 -1 -1000 -1000 -1000 -10 1
217 223 Car -1 -1 -1 260.27 173.01 437.65 240.68 -1 -1 -1 -1000 -1000 -1000 -10 1
217 221 Car -1 -1 -1 546.60 164.64 604.94 201.74 -1 -1 -1 -1000 -1000 -1000 -10 1
217 216 Car -1 -1 -1 135.58 164.66 386.62 264.19 -1 -1 -1 -1000 -1000 -1000 -10 1
217 214 Car -1 -1 -1 -24.65 206.60 313.01 352.32 -1 -1 -1 -1000 -1000 -1000 -10 1
217 188 Car -1 -1 -1 867.94 204.85 1196.59 365.87 -1 -1 -1 -1000 -1000 -1000 -10 1
218 225 Car -1 -1 -1 617.53 175.71 734.69 237.71 -1 -1 -1 -1000 -1000 -1000 -10 1
218 223 Car -1 -1 -1 208.50 170.03 425.83 253.15 -1 -1 -1 -1000 -1000 -1000 -10 1
218 216 Car -1 -1 -1 64.67 170.62 339.10 281.23 -1 -1 -1 -1000 -1000 -1000 -10 1
218 214 Car -1 -1 -1 -45.66 221.89 240.73 374.12 -1 -1 -1 -1000 -1000 -1000 -10 1
218 188 Car -1 -1 -1 897.44 200.89 1238.67 369.82 -1 -1 -1 -1000 -1000 -1000 -10 1
219 228 Car -1 -1 -1 273.81 177.52 443.89 241.59 -1 -1 -1 -1000 -1000 -1000 -10 1
219 226 Car -1 -1 -1 677.82 184.65 831.29 273.35 -1 -1 -1 -1000 -1000 -1000 -10 1
219 225 Car -1 -1 -1 625.35 175.51 742.10 240.11 -1 -1 -1 -1000 -1000 -1000 -10 1
219 223 Car -1 -1 -1 174.64 186.02 395.30 270.56 -1 -1 -1 -1000 -1000 -1000 -10 1
219 221 Car -1 -1 -1 547.70 169.62 597.97 203.36 -1 -1 -1 -1000 -1000 -1000 -10 1
219 216 Car -1 -1 -1 -2.23 173.69 308.67 307.13 -1 -1 -1 -1000 -1000 -1000 -10 1
219 188 Car -1 -1 -1 968.66 190.43 1266.41 368.50 -1 -1 -1 -1000 -1000 -1000 -10 1
220 228 Car -1 -1 -1 250.53 182.63 428.55 250.08 -1 -1 -1 -1000 -1000 -1000 -10 1
220 226 Car -1 -1 -1 690.21 189.67 875.71 298.18 -1 -1 -1 -1000 -1000 -1000 -10 1
220 225 Car -1 -1 -1 638.14 182.21 760.52 253.09 -1 -1 -1 -1000 -1000 -1000 -10 1
220 223 Car -1 -1 -1 106.88 192.12 370.48 293.93 -1 -1 -1 -1000 -1000 -1000 -10 1
220 216 Car -1 -1 -1 -31.22 181.29 276.97 343.02 -1 -1 -1 -1000 -1000 -1000 -10 1
221 229 Car -1 -1 -1 637.21 180.26 731.48 242.99 -1 -1 -1 -1000 -1000 -1000 -10 1
221 228 Car -1 -1 -1 223.13 188.19 415.70 260.43 -1 -1 -1 -1000 -1000 -1000 -10 1
221 226 Car -1 -1 -1 718.00 192.12 940.64 322.53 -1 -1 -1 -1000 -1000 -1000 -10 1
221 225 Car -1 -1 -1 654.77 186.58 783.58 263.19 -1 -1 -1 -1000 -1000 -1000 -10 1
221 223 Car -1 -1 -1 74.23 194.15 353.04 311.00 -1 -1 -1 -1000 -1000 -1000 -10 1
221 221 Car -1 -1 -1 559.41 178.14 605.38 211.97 -1 -1 -1 -1000 -1000 -1000 -10 1
221 216 Car -1 -1 -1 -44.08 179.62 204.02 356.12 -1 -1 -1 -1000 -1000 -1000 -10 1
222 229 Car -1 -1 -1 651.68 177.06 750.46 245.64 -1 -1 -1 -1000 -1000 -1000 -10 1
222 228 Car -1 -1 -1 187.19 184.94 406.07 266.76 -1 -1 -1 -1000 -1000 -1000 -10 1
222 226 Car -1 -1 -1 761.59 197.86 1037.56 356.89 -1 -1 -1 -1000 -1000 -1000 -10 1
222 225 Car -1 -1 -1 676.96 186.92 815.54 271.33 -1 -1 -1 -1000 -1000 -1000 -10 1
222 223 Car -1 -1 -1 5.19 199.16 315.57 342.51 -1 -1 -1 -1000 -1000 -1000 -10 1
222 221 Car -1 -1 -1 568.98 176.31 616.17 210.80 -1 -1 -1 -1000 -1000 -1000 -10 1
223 229 Car -1 -1 -1 665.37 175.90 779.38 250.27 -1 -1 -1 -1000 -1000 -1000 -10 1
223 228 Car -1 -1 -1 130.69 181.24 400.48 278.66 -1 -1 -1 -1000 -1000 -1000 -10 1
223 226 Car -1 -1 -1 818.15 196.05 1181.81 375.50 -1 -1 -1 -1000 -1000 -1000 -10 1
223 225 Car -1 -1 -1 698.73 186.19 864.21 287.66 -1 -1 -1 -1000 -1000 -1000 -10 1
223 223 Car -1 -1 -1 -20.65 204.22 278.56 361.04 -1 -1 -1 -1000 -1000 -1000 -10 1
223 221 Car -1 -1 -1 577.91 174.08 626.66 210.06 -1 -1 -1 -1000 -1000 -1000 -10 1
224 230 Car -1 -1 -1 261.42 188.41 423.24 255.33 -1 -1 -1 -1000 -1000 -1000 -10 1
224 229 Car -1 -1 -1 683.04 182.11 805.17 260.93 -1 -1 -1 -1000 -1000 -1000 -10 1
224 228 Car -1 -1 -1 65.32 186.03 380.68 304.34 -1 -1 -1 -1000 -1000 -1000 -10 1
224 226 Car -1 -1 -1 848.11 195.67 1244.25 380.30 -1 -1 -1 -1000 -1000 -1000 -10 1
224 225 Car -1 -1 -1 726.94 189.52 927.48 313.50 -1 -1 -1 -1000 -1000 -1000 -10 1
224 223 Car -1 -1 -1 -26.21 203.15 240.94 367.73 -1 -1 -1 -1000 -1000 -1000 -10 1
224 221 Car -1 -1 -1 589.14 175.08 641.76 214.87 -1 -1 -1 -1000 -1000 -1000 -10 1
225 230 Car -1 -1 -1 229.83 193.00 410.81 267.10 -1 -1 -1 -1000 -1000 -1000 -10 1
225 229 Car -1 -1 -1 704.76 181.35 844.14 265.63 -1 -1 -1 -1000 -1000 -1000 -10 1
225 228 Car -1 -1 -1 2.13 191.88 349.23 330.73 -1 -1 -1 -1000 -1000 -1000 -10 1
225 226 Car -1 -1 -1 910.55 200.68 1279.13 380.17 -1 -1 -1 -1000 -1000 -1000 -10 1
225 225 Car -1 -1 -1 767.11 195.58 1022.22 352.04 -1 -1 -1 -1000 -1000 -1000 -10 1
225 223 Car -1 -1 -1 -42.68 197.98 162.07 370.53 -1 -1 -1 -1000 -1000 -1000 -10 1
225 221 Car -1 -1 -1 596.73 173.32 652.97 217.67 -1 -1 -1 -1000 -1000 -1000 -10 1
226 230 Car -1 -1 -1 179.33 193.96 403.82 284.56 -1 -1 -1 -1000 -1000 -1000 -10 1
226 229 Car -1 -1 -1 728.12 181.31 895.09 279.91 -1 -1 -1 -1000 -1000 -1000 -10 1
226 228 Car -1 -1 -1 -18.81 207.70 324.82 360.02 -1 -1 -1 -1000 -1000 -1000 -10 1
226 225 Car -1 -1 -1 821.11 195.16 1166.39 369.50 -1 -1 -1 -1000 -1000 -1000 -10 1
226 221 Car -1 -1 -1 605.57 173.07 664.50 222.22 -1 -1 -1 -1000 -1000 -1000 -10 1
227 230 Car -1 -1 -1 122.02 196.67 391.88 305.05 -1 -1 -1 -1000 -1000 -1000 -10 1
227 229 Car -1 -1 -1 756.40 177.32 957.32 297.51 -1 -1 -1 -1000 -1000 -1000 -10 1
227 228 Car -1 -1 -1 -32.16 208.45 271.55 372.62 -1 -1 -1 -1000 -1000 -1000 -10 1
227 225 Car -1 -1 -1 855.49 190.40 1241.16 375.62 -1 -1 -1 -1000 -1000 -1000 -10 1
227 221 Car -1 -1 -1 613.26 172.69 678.13 226.90 -1 -1 -1 -1000 -1000 -1000 -10 1
228 230 Car -1 -1 -1 44.08 197.46 363.79 327.92 -1 -1 -1 -1000 -1000 -1000 -10 1
228 229 Car -1 -1 -1 781.27 178.16 1032.54 322.73 -1 -1 -1 -1000 -1000 -1000 -10 1
228 225 Car -1 -1 -1 909.59 190.92 1266.60 375.41 -1 -1 -1 -1000 -1000 -1000 -10 1
228 221 Car -1 -1 -1 621.87 167.68 691.61 226.37 -1 -1 -1 -1000 -1000 -1000 -10 1
229 230 Car -1 -1 -1 -11.56 196.09 341.51 351.12 -1 -1 -1 -1000 -1000 -1000 -10 1
229 229 Car -1 -1 -1 825.98 183.42 1150.75 358.45 -1 -1 -1 -1000 -1000 -1000 -10 1
229 221 Car -1 -1 -1 629.15 166.06 706.68 229.40 -1 -1 -1 -1000 -1000 -1000 -10 1
230 230 Car -1 -1 -1 -26.78 201.50 310.74 368.32 -1 -1 -1 -1000 -1000 -1000 -10 1
230 229 Car -1 -1 -1 855.53 180.03 1230.37 371.99 -1 -1 -1 -1000 -1000 -1000 -10 1
230 221 Car -1 -1 -1 636.73 164.88 720.49 234.29 -1 -1 -1 -1000 -1000 -1000 -10 1
231 230 Car -1 -1 -1 -35.04 201.00 265.61 374.65 -1 -1 -1 -1000 -1000 -1000 -10 1
231 229 Car -1 -1 -1 885.87 181.22 1256.98 376.26 -1 -1 -1 -1000 -1000 -1000 -10 1
231 221 Car -1 -1 -1 649.08 166.39 740.67 241.83 -1 -1 -1 -1000 -1000 -1000 -10 1
