0 3 Car -1 -1 -1 384.27 176.99 511.45 232.33 -1 -1 -1 -1000 -1000 -1000 -10 1
0 2 Car -1 -1 -1 322.59 195.49 454.83 284.88 -1 -1 -1 -1000 -1000 -1000 -10 1
0 1 Car -1 -1 -1 1.65 210.03 360.87 364.94 -1 -1 -1 -1000 -1000 -1000 -10 1
1 4 Car -1 -1 -1 387.61 175.82 504.47 240.00 -1 -1 -1 -1000 -1000 -1000 -10 1
1 3 Car -1 -1 -1 379.59 176.21 509.83 236.42 -1 -1 -1 -1000 -1000 -1000 -10 1
1 2 Car -1 -1 -1 282.29 196.64 434.79 291.31 -1 -1 -1 -1000 -1000 -1000 -10 1
1 1 Car -1 -1 -1 -2.88 212.47 324.80 370.88 -1 -1 -1 -1000 -1000 -1000 -10 1
2 4 Car -1 -1 -1 385.81 170.27 505.45 241.56 -1 -1 -1 -1000 -1000 -1000 -10 1
2 3 Car -1 -1 -1 375.72 173.85 509.64 242.46 -1 -1 -1 -1000 -1000 -1000 -10 1
2 2 Car -1 -1 -1 231.91 196.47 427.82 313.67 -1 -1 -1 -1000 -1000 -1000 -10 1
2 1 Car -1 -1 -1 -7.76 224.51 254.88 368.27 -1 -1 -1 -1000 -1000 -1000 -10 1
3 4 Car -1 -1 -1 378.68 169.33 501.69 244.80 -1 -1 -1 -1000 -1000 -1000 -10 1
3 2 Car -1 -1 -1 178.40 192.47 412.39 332.00 -1 -1 -1 -1000 -1000 -1000 -10 1
3 1 Car -1 -1 -1 -19.65 241.69 151.39 357.85 -1 -1 -1 -1000 -1000 -1000 -10 1
4 4 Car -1 -1 -1 359.10 170.58 494.25 251.85 -1 -1 -1 -1000 -1000 -1000 -10 1
4 2 Car -1 -1 -1 109.49 195.84 384.32 351.70 -1 -1 -1 -1000 -1000 -1000 -10 1
5 7 Car -1 -1 -1 337.86 158.95 479.86 256.92 -1 -1 -1 -1000 -1000 -1000 -10 1
5 2 Car -1 -1 -1 18.93 203.79 343.79 370.71 -1 -1 -1 -1000 -1000 -1000 -10 1
6 8 Car -1 -1 -1 431.28 172.09 499.69 207.64 -1 -1 -1 -1000 -1000 -1000 -10 1
6 7 Car -1 -1 -1 318.94 159.74 471.56 268.00 -1 -1 -1 -1000 -1000 -1000 -10 1
6 2 Car -1 -1 -1 -19.95 198.35 324.99 376.75 -1 -1 -1 -1000 -1000 -1000 -10 1
7 8 Car -1 -1 -1 424.20 173.33 487.38 206.05 -1 -1 -1 -1000 -1000 -1000 -10 1
7 7 Car -1 -1 -1 293.73 165.60 453.18 282.76 -1 -1 -1 -1000 -1000 -1000 -10 1
7 2 Car -1 -1 -1 -34.72 202.15 283.19 378.91 -1 -1 -1 -1000 -1000 -1000 -10 1
8 8 Car -1 -1 -1 413.80 172.81 475.74 207.59 -1 -1 -1 -1000 -1000 -1000 -10 1
8 7 Car -1 -1 -1 260.23 169.51 437.06 303.28 -1 -1 -1 -1000 -1000 -1000 -10 1
8 2 Car -1 -1 -1 -44.04 210.45 224.10 382.73 -1 -1 -1 -1000 -1000 -1000 -10 1
9 8 Car -1 -1 -1 404.11 173.28 467.24 209.29 -1 -1 -1 -1000 -1000 -1000 -10 1
9 7 Car -1 -1 -1 221.70 167.46 416.08 325.18 -1 -1 -1 -1000 -1000 -1000 -10 1
10 8 Car -1 -1 -1 396.22 172.58 460.24 210.31 -1 -1 -1 -1000 -1000 -1000 -10 1
10 7 Car -1 -1 -1 166.07 163.64 393.78 347.22 -1 -1 -1 -1000 -1000 -1000 -10 1
11 15 Car -1 -1 -1 282.15 175.31 409.97 239.48 -1 -1 -1 -1000 -1000 -1000 -10 1
11 8 Car -1 -1 -1 388.45 170.43 456.94 210.16 -1 -1 -1 -1000 -1000 -1000 -10 1
11 7 Car -1 -1 -1 104.95 160.13 356.70 364.77 -1 -1 -1 -1000 -1000 -1000 -10 1
12 16 Car -1 -1 -1 10.22 146.31 311.89 378.08 -1 -1 -1 -1000 -1000 -1000 -10 1
12 15 Car -1 -1 -1 273.55 174.76 397.86 242.60 -1 -1 -1 -1000 -1000 -1000 -10 1
12 8 Car -1 -1 -1 377.04 172.95 452.60 215.28 -1 -1 -1 -1000 -1000 -1000 -10 1
13 16 Car -1 -1 -1 -8.69 142.38 280.67 372.56 -1 -1 -1 -1000 -1000 -1000 -10 1
13 15 Car -1 -1 -1 263.78 177.26 385.06 248.10 -1 -1 -1 -1000 -1000 -1000 -10 1
13 8 Car -1 -1 -1 362.68 178.53 445.88 222.96 -1 -1 -1 -1000 -1000 -1000 -10 1
14 16 Car -1 -1 -1 -15.17 161.63 222.50 371.01 -1 -1 -1 -1000 -1000 -1000 -10 1
14 15 Car -1 -1 -1 244.45 179.96 375.04 254.99 -1 -1 -1 -1000 -1000 -1000 -10 1
14 8 Car -1 -1 -1 355.56 176.12 439.18 222.13 -1 -1 -1 -1000 -1000 -1000 -10 1
15 16 Car -1 -1 -1 -8.62 160.87 177.87 357.26 -1 -1 -1 -1000 -1000 -1000 -10 1
15 15 Car -1 -1 -1 231.15 185.33 369.25 264.20 -1 -1 -1 -1000 -1000 -1000 -10 1
15 8 Car -1 -1 -1 348.77 185.05 433.30 231.68 -1 -1 -1 -1000 -1000 -1000 -10 1
16 16 Car -1 -1 -1 -10.27 179.65 142.75 367.22 -1 -1 -1 -1000 -1000 -1000 -10 1
16 15 Car -1 -1 -1 213.18 201.98 358.76 284.64 -1 -1 -1 -1000 -1000 -1000 -10 1
16 8 Car -1 -1 -1 339.62 199.91 427.89 250.85 -1 -1 -1 -1000 -1000 -1000 -10 1
17 15 Car -1 -1 -1 189.50 211.41 350.35 308.52 -1 -1 -1 -1000 -1000 -1000 -10 1
17 8 Car -1 -1 -1 329.80 214.39 422.00 268.82 -1 -1 -1 -1000 -1000 -1000 -10 1
18 15 Car -1 -1 -1 170.97 217.48 346.64 325.04 -1 -1 -1 -1000 -1000 -1000 -10 1
18 8 Car -1 -1 -1 320.94 222.45 421.37 277.09 -1 -1 -1 -1000 -1000 -1000 -10 1
19 15 Car -1 -1 -1 152.78 228.53 335.86 333.53 -1 -1 -1 -1000 -1000 -1000 -10 1
19 8 Car -1 -1 -1 313.86 225.05 412.80 282.18 -1 -1 -1 -1000 -1000 -1000 -10 1
20 15 Car -1 -1 -1 137.20 216.05 333.16 330.91 -1 -1 -1 -1000 -1000 -1000 -10 1
20 8 Car -1 -1 -1 311.94 220.89 416.09 278.98 -1 -1 -1 -1000 -1000 -1000 -10 1
21 15 Car -1 -1 -1 118.17 202.27 331.29 326.81 -1 -1 -1 -1000 -1000 -1000 -10 1
21 8 Car -1 -1 -1 318.33 208.22 426.57 266.61 -1 -1 -1 -1000 -1000 -1000 -10 1
22 15 Car -1 -1 -1 108.79 198.20 335.99 328.64 -1 -1 -1 -1000 -1000 -1000 -10 1
22 8 Car -1 -1 -1 319.02 204.39 434.92 262.00 -1 -1 -1 -1000 -1000 -1000 -10 1
23 15 Car -1 -1 -1 98.47 198.25 339.28 334.08 -1 -1 -1 -1000 -1000 -1000 -10 1
23 8 Car -1 -1 -1 318.45 204.92 441.38 262.30 -1 -1 -1 -1000 -1000 -1000 -10 1
24 15 Car -1 -1 -1 86.16 199.49 342.08 341.42 -1 -1 -1 -1000 -1000 -1000 -10 1
24 8 Car -1 -1 -1 329.41 204.33 454.90 261.70 -1 -1 -1 -1000 -1000 -1000 -10 1
25 15 Car -1 -1 -1 68.22 204.65 343.79 348.41 -1 -1 -1 -1000 -1000 -1000 -10 1
25 8 Car -1 -1 -1 336.02 203.51 467.22 262.16 -1 -1 -1 -1000 -1000 -1000 -10 1
26 15 Car -1 -1 -1 48.66 206.54 351.23 359.83 -1 -1 -1 -1000 -1000 -1000 -10 1
26 8 Car -1 -1 -1 343.02 202.51 473.76 265.87 -1 -1 -1 -1000 -1000 -1000 -10 1
27 15 Car -1 -1 -1 20.53 205.75 360.03 369.24 -1 -1 -1 -1000 -1000 -1000 -10 1
27 8 Car -1 -1 -1 359.80 206.82 494.02 270.18 -1 -1 -1 -1000 -1000 -1000 -10 1
28 15 Car -1 -1 -1 0.66 204.79 368.50 371.41 -1 -1 -1 -1000 -1000 -1000 -10 1
28 8 Car -1 -1 -1 370.90 207.92 510.25 273.25 -1 -1 -1 -1000 -1000 -1000 -10 1
29 15 Car -1 -1 -1 -5.07 203.70 371.71 371.50 -1 -1 -1 -1000 -1000 -1000 -10 1
29 8 Car -1 -1 -1 380.00 206.54 526.22 278.39 -1 -1 -1 -1000 -1000 -1000 -10 1
30 15 Car -1 -1 -1 -8.42 207.35 374.61 371.51 -1 -1 -1 -1000 -1000 -1000 -10 1
30 8 Car -1 -1 -1 393.23 208.81 544.07 285.70 -1 -1 -1 -1000 -1000 -1000 -10 1
31 15 Car -1 -1 -1 -8.81 209.38 361.20 371.31 -1 -1 -1 -1000 -1000 -1000 -10 1
31 8 Car -1 -1 -1 404.78 211.25 560.91 290.57 -1 -1 -1 -1000 -1000 -1000 -10 1
32 15 Car -1 -1 -1 -12.57 215.17 345.90 377.82 -1 -1 -1 -1000 -1000 -1000 -10 1
32 8 Car -1 -1 -1 411.96 208.81 576.74 294.56 -1 -1 -1 -1000 -1000 -1000 -10 1
33 15 Car -1 -1 -1 -23.07 210.96 314.57 374.35 -1 -1 -1 -1000 -1000 -1000 -10 1
33 8 Car -1 -1 -1 414.61 201.15 592.73 295.69 -1 -1 -1 -1000 -1000 -1000 -10 1
34 24 Car -1 -1 -1 698.85 176.12 749.28 210.31 -1 -1 -1 -1000 -1000 -1000 -10 1
34 15 Car -1 -1 -1 -27.84 209.00 258.68 372.22 -1 -1 -1 -1000 -1000 -1000 -10 1
34 8 Car -1 -1 -1 417.82 195.23 604.56 293.67 -1 -1 -1 -1000 -1000 -1000 -10 1
35 24 Car -1 -1 -1 714.74 171.36 763.17 203.47 -1 -1 -1 -1000 -1000 -1000 -10 1
35 8 Car -1 -1 -1 407.85 189.74 611.62 294.87 -1 -1 -1 -1000 -1000 -1000 -10 1
36 24 Car -1 -1 -1 725.02 163.74 775.47 197.70 -1 -1 -1 -1000 -1000 -1000 -10 1
36 8 Car -1 -1 -1 396.83 189.48 618.76 303.36 -1 -1 -1 -1000 -1000 -1000 -10 1
37 24 Car -1 -1 -1 726.86 158.32 783.25 196.49 -1 -1 -1 -1000 -1000 -1000 -10 1
37 8 Car -1 -1 -1 378.72 191.54 623.13 319.24 -1 -1 -1 -1000 -1000 -1000 -10 1
38 24 Car -1 -1 -1 730.99 162.90 788.77 202.00 -1 -1 -1 -1000 -1000 -1000 -10 1
38 8 Car -1 -1 -1 341.79 199.44 608.39 337.39 -1 -1 -1 -1000 -1000 -1000 -10 1
39 24 Car -1 -1 -1 726.64 166.18 782.67 205.39 -1 -1 -1 -1000 -1000 -1000 -10 1
39 8 Car -1 -1 -1 283.11 201.99 587.61 361.56 -1 -1 -1 -1000 -1000 -1000 -10 1
40 24 Car -1 -1 -1 724.15 167.68 778.48 205.79 -1 -1 -1 -1000 -1000 -1000 -10 1
40 8 Car -1 -1 -1 192.29 201.47 553.79 371.61 -1 -1 -1 -1000 -1000 -1000 -10 1
41 24 Car -1 -1 -1 712.11 169.78 768.36 208.44 -1 -1 -1 -1000 -1000 -1000 -10 1
41 8 Car -1 -1 -1 106.26 199.33 539.11 372.70 -1 -1 -1 -1000 -1000 -1000 -10 1
42 24 Car -1 -1 -1 704.02 177.19 760.26 216.14 -1 -1 -1 -1000 -1000 -1000 -10 1
42 8 Car -1 -1 -1 87.30 201.11 534.68 373.94 -1 -1 -1 -1000 -1000 -1000 -10 1
43 24 Car -1 -1 -1 687.59 182.20 745.22 223.01 -1 -1 -1 -1000 -1000 -1000 -10 1
43 8 Car -1 -1 -1 0.76 209.28 478.51 376.49 -1 -1 -1 -1000 -1000 -1000 -10 1
44 24 Car -1 -1 -1 664.98 184.81 723.92 227.92 -1 -1 -1 -1000 -1000 -1000 -10 1
45 24 Car -1 -1 -1 636.63 184.93 696.81 229.61 -1 -1 -1 -1000 -1000 -1000 -10 1
46 24 Car -1 -1 -1 605.24 183.60 667.74 229.88 -1 -1 -1 -1000 -1000 -1000 -10 1
47 24 Car -1 -1 -1 572.90 186.94 639.04 235.09 -1 -1 -1 -1000 -1000 -1000 -10 1
48 24 Car -1 -1 -1 544.26 186.91 611.85 236.83 -1 -1 -1 -1000 -1000 -1000 -10 1
49 24 Car -1 -1 -1 519.44 180.76 590.20 231.83 -1 -1 -1 -1000 -1000 -1000 -10 1
50 24 Car -1 -1 -1 500.21 162.37 573.52 214.73 -1 -1 -1 -1000 -1000 -1000 -10 1
51 24 Car -1 -1 -1 488.93 156.74 562.76 209.43 -1 -1 -1 -1000 -1000 -1000 -10 1
52 24 Car -1 -1 -1 473.73 175.08 554.33 229.59 -1 -1 -1 -1000 -1000 -1000 -10 1
53 24 Car -1 -1 -1 460.02 186.66 545.14 247.60 -1 -1 -1 -1000 -1000 -1000 -10 1
54 24 Car -1 -1 -1 445.43 178.16 537.65 241.09 -1 -1 -1 -1000 -1000 -1000 -10 1
55 24 Car -1 -1 -1 429.78 178.04 529.26 243.14 -1 -1 -1 -1000 -1000 -1000 -10 1
56 24 Car -1 -1 -1 411.29 191.66 521.21 261.82 -1 -1 -1 -1000 -1000 -1000 -10 1
57 24 Car -1 -1 -1 392.86 194.06 511.87 267.22 -1 -1 -1 -1000 -1000 -1000 -10 1
58 24 Car -1 -1 -1 371.32 193.77 499.06 274.28 -1 -1 -1 -1000 -1000 -1000 -10 1
59 24 Car -1 -1 -1 342.98 196.64 487.78 288.44 -1 -1 -1 -1000 -1000 -1000 -10 1
60 24 Car -1 -1 -1 303.60 201.04 473.59 308.51 -1 -1 -1 -1000 -1000 -1000 -10 1
61 24 Car -1 -1 -1 261.04 205.36 461.67 331.07 -1 -1 -1 -1000 -1000 -1000 -10 1
62 24 Car -1 -1 -1 203.93 203.58 437.10 350.52 -1 -1 -1 -1000 -1000 -1000 -10 1
63 24 Car -1 -1 -1 125.25 202.73 405.60 367.38 -1 -1 -1 -1000 -1000 -1000 -10 1
64 24 Car -1 -1 -1 29.36 203.40 372.03 373.12 -1 -1 -1 -1000 -1000 -1000 -10 1
65 24 Car -1 -1 -1 -8.75 205.53 357.30 374.17 -1 -1 -1 -1000 -1000 -1000 -10 1
66 24 Car -1 -1 -1 -22.41 214.99 317.37 378.65 -1 -1 -1 -1000 -1000 -1000 -10 1
67 24 Car -1 -1 -1 -38.43 226.80 245.34 384.36 -1 -1 -1 -1000 -1000 -1000 -10 1
79 31 Car -1 -1 -1 541.47 178.85 572.24 203.94 -1 -1 -1 -1000 -1000 -1000 -10 1
80 31 Car -1 -1 -1 537.74 179.11 569.49 204.04 -1 -1 -1 -1000 -1000 -1000 -10 1
81 31 Car -1 -1 -1 534.81 178.42 567.10 202.23 -1 -1 -1 -1000 -1000 -1000 -10 1
90 35 Car -1 -1 -1 506.35 180.74 551.88 214.90 -1 -1 -1 -1000 -1000 -1000 -10 1
91 35 Car -1 -1 -1 499.85 179.44 549.69 215.22 -1 -1 -1 -1000 -1000 -1000 -10 1
92 35 Car -1 -1 -1 494.37 185.83 545.81 222.46 -1 -1 -1 -1000 -1000 -1000 -10 1
93 35 Car -1 -1 -1 483.16 190.38 541.28 232.42 -1 -1 -1 -1000 -1000 -1000 -10 1
94 35 Car -1 -1 -1 478.95 192.03 541.95 238.09 -1 -1 -1 -1000 -1000 -1000 -10 1
95 38 Car -1 -1 -1 548.96 181.72 582.19 208.12 -1 -1 -1 -1000 -1000 -1000 -10 1
95 35 Car -1 -1 -1 464.49 186.96 534.27 238.64 -1 -1 -1 -1000 -1000 -1000 -10 1
96 38 Car -1 -1 -1 546.28 179.79 581.26 207.12 -1 -1 -1 -1000 -1000 -1000 -10 1
96 35 Car -1 -1 -1 449.57 186.07 526.55 240.58 -1 -1 -1 -1000 -1000 -1000 -10 1
97 38 Car -1 -1 -1 542.44 182.46 581.85 213.18 -1 -1 -1 -1000 -1000 -1000 -10 1
97 35 Car -1 -1 -1 434.80 191.25 522.15 249.29 -1 -1 -1 -1000 -1000 -1000 -10 1
98 38 Car -1 -1 -1 539.11 182.26 581.75 214.49 -1 -1 -1 -1000 -1000 -1000 -10 1
98 35 Car -1 -1 -1 416.92 188.91 513.31 253.93 -1 -1 -1 -1000 -1000 -1000 -10 1
99 38 Car -1 -1 -1 534.42 181.90 580.18 214.83 -1 -1 -1 -1000 -1000 -1000 -10 1
99 35 Car -1 -1 -1 394.42 191.05 505.91 263.59 -1 -1 -1 -1000 -1000 -1000 -10 1
100 38 Car -1 -1 -1 529.46 180.90 580.11 215.55 -1 -1 -1 -1000 -1000 -1000 -10 1
100 35 Car -1 -1 -1 363.82 192.67 493.01 273.96 -1 -1 -1 -1000 -1000 -1000 -10 1
101 38 Car -1 -1 -1 524.37 181.81 578.57 218.74 -1 -1 -1 -1000 -1000 -1000 -10 1
101 35 Car -1 -1 -1 323.69 195.62 478.44 291.27 -1 -1 -1 -1000 -1000 -1000 -10 1
102 38 Car -1 -1 -1 520.70 182.31 579.60 223.12 -1 -1 -1 -1000 -1000 -1000 -10 1
102 35 Car -1 -1 -1 265.77 194.57 462.09 315.98 -1 -1 -1 -1000 -1000 -1000 -10 1
103 38 Car -1 -1 -1 513.06 180.11 575.56 222.68 -1 -1 -1 -1000 -1000 -1000 -10 1
103 35 Car -1 -1 -1 183.42 200.62 423.75 342.68 -1 -1 -1 -1000 -1000 -1000 -10 1
104 38 Car -1 -1 -1 515.57 177.51 574.23 220.07 -1 -1 -1 -1000 -1000 -1000 -10 1
104 35 Car -1 -1 -1 52.18 187.47 384.05 358.87 -1 -1 -1 -1000 -1000 -1000 -10 1
105 38 Car -1 -1 -1 496.93 183.04 560.24 230.06 -1 -1 -1 -1000 -1000 -1000 -10 1
105 35 Car -1 -1 -1 0.54 201.91 363.23 373.43 -1 -1 -1 -1000 -1000 -1000 -10 1
106 38 Car -1 -1 -1 483.43 186.94 553.58 239.42 -1 -1 -1 -1000 -1000 -1000 -10 1
106 35 Car -1 -1 -1 -26.24 210.43 320.08 380.48 -1 -1 -1 -1000 -1000 -1000 -10 1
107 41 Car -1 -1 -1 519.18 180.18 570.23 220.25 -1 -1 -1 -1000 -1000 -1000 -10 1
107 38 Car -1 -1 -1 467.08 184.90 547.92 246.11 -1 -1 -1 -1000 -1000 -1000 -10 1
107 35 Car -1 -1 -1 -50.33 221.30 219.85 384.15 -1 -1 -1 -1000 -1000 -1000 -10 1
108 41 Car -1 -1 -1 510.12 180.37 565.80 222.40 -1 -1 -1 -1000 -1000 -1000 -10 1
108 38 Car -1 -1 -1 442.69 187.46 538.97 257.60 -1 -1 -1 -1000 -1000 -1000 -10 1
109 41 Car -1 -1 -1 484.35 182.01 560.06 232.80 -1 -1 -1 -1000 -1000 -1000 -10 1
109 38 Car -1 -1 -1 417.04 190.82 526.46 270.67 -1 -1 -1 -1000 -1000 -1000 -10 1
110 41 Car -1 -1 -1 470.89 180.26 553.48 235.10 -1 -1 -1 -1000 -1000 -1000 -10 1
110 38 Car -1 -1 -1 379.59 189.91 508.72 285.57 -1 -1 -1 -1000 -1000 -1000 -10 1
111 41 Car -1 -1 -1 454.90 178.89 540.62 238.34 -1 -1 -1 -1000 -1000 -1000 -10 1
111 38 Car -1 -1 -1 329.59 192.28 489.32 306.87 -1 -1 -1 -1000 -1000 -1000 -10 1
112 41 Car -1 -1 -1 444.21 183.46 538.36 251.38 -1 -1 -1 -1000 -1000 -1000 -10 1
112 38 Car -1 -1 -1 252.35 204.98 460.37 351.85 -1 -1 -1 -1000 -1000 -1000 -10 1
113 41 Car -1 -1 -1 417.43 189.88 529.34 269.46 -1 -1 -1 -1000 -1000 -1000 -10 1
113 38 Car -1 -1 -1 108.69 205.35 412.45 371.94 -1 -1 -1 -1000 -1000 -1000 -10 1
114 41 Car -1 -1 -1 394.61 183.54 517.65 275.45 -1 -1 -1 -1000 -1000 -1000 -10 1
114 38 Car -1 -1 -1 8.50 202.83 379.06 374.19 -1 -1 -1 -1000 -1000 -1000 -10 1
115 41 Car -1 -1 -1 357.51 190.11 500.34 297.99 -1 -1 -1 -1000 -1000 -1000 -10 1
115 38 Car -1 -1 -1 -21.60 212.80 323.90 373.87 -1 -1 -1 -1000 -1000 -1000 -10 1
116 41 Car -1 -1 -1 307.58 195.10 477.31 328.51 -1 -1 -1 -1000 -1000 -1000 -10 1
117 41 Car -1 -1 -1 229.26 199.80 451.06 364.50 -1 -1 -1 -1000 -1000 -1000 -10 1
118 41 Car -1 -1 -1 96.75 195.46 401.28 375.00 -1 -1 -1 -1000 -1000 -1000 -10 1
119 41 Car -1 -1 -1 1.13 198.55 343.72 378.63 -1 -1 -1 -1000 -1000 -1000 -10 1
126 43 Car -1 -1 -1 567.43 179.86 594.15 201.77 -1 -1 -1 -1000 -1000 -1000 -10 1
127 43 Car -1 -1 -1 564.18 180.94 593.00 203.47 -1 -1 -1 -1000 -1000 -1000 -10 1
