0 2 Car -1 -1 -1 628.20 172.43 658.92 200.17 -1 -1 -1 -1000 -1000 -1000 -10 1
0 1 Car -1 -1 -1 184.51 184.73 438.39 338.54 -1 -1 -1 -1000 -1000 -1000 -10 1
1 2 Car -1 -1 -1 628.64 172.46 659.54 200.63 -1 -1 -1 -1000 -1000 -1000 -10 1
1 1 Car -1 -1 -1 -29.10 201.15 268.27 376.27 -1 -1 -1 -1000 -1000 -1000 -10 1
2 2 Car -1 -1 -1 630.21 170.52 662.21 199.36 -1 -1 -1 -1000 -1000 -1000 -10 1
3 2 Car -1 -1 -1 630.35 171.20 663.22 199.44 -1 -1 -1 -1000 -1000 -1000 -10 1
4 2 Car -1 -1 -1 629.89 167.47 662.55 196.51 -1 -1 -1 -1000 -1000 -1000 -10 1
5 2 Car -1 -1 -1 629.86 168.25 662.55 196.89 -1 -1 -1 -1000 -1000 -1000 -10 1
6 2 Car -1 -1 -1 630.89 168.29 663.76 196.66 -1 -1 -1 -1000 -1000 -1000 -10 1
7 2 Car -1 -1 -1 634.32 170.08 668.13 196.93 -1 -1 -1 -1000 -1000 -1000 -10 1
8 2 Car -1 -1 -1 636.66 169.09 672.62 195.73 -1 -1 -1 -1000 -1000 -1000 -10 1
9 2 Car -1 -1 -1 640.10 173.39 674.57 199.77 -1 -1 -1 -1000 -1000 -1000 -10 1
10 2 Car -1 -1 -1 645.12 174.01 676.63 200.26 -1 -1 -1 -1000 -1000 -1000 -10 1
11 2 Car -1 -1 -1 645.83 172.08 676.47 198.68 -1 -1 -1 -1000 -1000 -1000 -10 1
12 2 Car -1 -1 -1 645.58 173.44 676.45 199.95 -1 -1 -1 -1000 -1000 -1000 -10 1
13 2 Car -1 -1 -1 644.99 168.75 680.19 194.51 -1 -1 -1 -1000 -1000 -1000 -10 1
14 2 Car -1 -1 -1 646.39 167.84 682.55 193.64 -1 -1 -1 -1000 -1000 -1000 -10 1
15 2 Car -1 -1 -1 647.06 167.56 684.00 193.44 -1 -1 -1 -1000 -1000 -1000 -10 1
18 2 Car -1 -1 -1 652.81 167.55 688.65 197.76 -1 -1 -1 -1000 -1000 -1000 -10 1
19 2 Car -1 -1 -1 653.90 166.35 688.07 196.05 -1 -1 -1 -1000 -1000 -1000 -10 1
20 2 Car -1 -1 -1 653.89 167.36 686.84 196.36 -1 -1 -1 -1000 -1000 -1000 -10 1
21 2 Car -1 -1 -1 655.64 169.18 687.91 197.32 -1 -1 -1 -1000 -1000 -1000 -10 1
22 2 Car -1 -1 -1 658.03 169.24 688.48 196.10 -1 -1 -1 -1000 -1000 -1000 -10 1
23 2 Car -1 -1 -1 657.42 171.32 687.18 197.57 -1 -1 -1 -1000 -1000 -1000 -10 1
24 2 Car -1 -1 -1 658.49 170.26 688.20 197.02 -1 -1 -1 -1000 -1000 -1000 -10 1
25 2 Car -1 -1 -1 659.29 170.79 689.52 197.14 -1 -1 -1 -1000 -1000 -1000 -10 1
26 2 Car -1 -1 -1 661.68 176.34 694.10 202.30 -1 -1 -1 -1000 -1000 -1000 -10 1
27 2 Car -1 -1 -1 660.82 177.43 693.69 203.32 -1 -1 -1 -1000 -1000 -1000 -10 1
28 4 Car -1 -1 -1 598.02 173.21 630.08 198.61 -1 -1 -1 -1000 -1000 -1000 -10 1
28 2 Car -1 -1 -1 663.41 166.75 697.42 194.92 -1 -1 -1 -1000 -1000 -1000 -10 1
29 4 Car -1 -1 -1 575.39 173.99 613.29 202.82 -1 -1 -1 -1000 -1000 -1000 -10 1
29 2 Car -1 -1 -1 662.23 168.12 697.56 197.93 -1 -1 -1 -1000 -1000 -1000 -10 1
30 4 Car -1 -1 -1 547.34 177.56 595.73 212.11 -1 -1 -1 -1000 -1000 -1000 -10 1
30 2 Car -1 -1 -1 659.34 169.43 697.45 200.46 -1 -1 -1 -1000 -1000 -1000 -10 1
31 4 Car -1 -1 -1 512.67 179.09 574.59 221.62 -1 -1 -1 -1000 -1000 -1000 -10 1
31 2 Car -1 -1 -1 656.76 170.68 694.45 202.26 -1 -1 -1 -1000 -1000 -1000 -10 1
32 4 Car -1 -1 -1 462.18 182.04 545.82 233.51 -1 -1 -1 -1000 -1000 -1000 -10 1
32 2 Car -1 -1 -1 657.89 170.69 695.82 202.38 -1 -1 -1 -1000 -1000 -1000 -10 1
33 4 Car -1 -1 -1 381.68 188.91 500.00 260.65 -1 -1 -1 -1000 -1000 -1000 -10 1
33 2 Car -1 -1 -1 660.18 173.00 696.69 204.64 -1 -1 -1 -1000 -1000 -1000 -10 1
34 2 Car -1 -1 -1 658.45 171.83 695.24 203.86 -1 -1 -1 -1000 -1000 -1000 -10 1
35 2 Car -1 -1 -1 659.64 170.15 696.06 202.21 -1 -1 -1 -1000 -1000 -1000 -10 1
36 2 Car -1 -1 -1 662.24 172.50 698.05 203.19 -1 -1 -1 -1000 -1000 -1000 -10 1
37 2 Car -1 -1 -1 662.20 169.37 698.89 199.48 -1 -1 -1 -1000 -1000 -1000 -10 1
38 2 Car -1 -1 -1 661.96 171.03 698.95 200.66 -1 -1 -1 -1000 -1000 -1000 -10 1
39 2 Car -1 -1 -1 661.36 173.05 697.83 203.42 -1 -1 -1 -1000 -1000 -1000 -10 1
40 2 Car -1 -1 -1 661.23 169.85 698.28 201.53 -1 -1 -1 -1000 -1000 -1000 -10 1
41 2 Car -1 -1 -1 659.40 161.88 696.70 194.02 -1 -1 -1 -1000 -1000 -1000 -10 1
42 2 Car -1 -1 -1 657.06 163.83 695.72 196.63 -1 -1 -1 -1000 -1000 -1000 -10 1
43 2 Car -1 -1 -1 658.09 174.08 698.37 207.49 -1 -1 -1 -1000 -1000 -1000 -10 1
44 2 Car -1 -1 -1 656.82 169.90 696.96 203.28 -1 -1 -1 -1000 -1000 -1000 -10 1
45 2 Car -1 -1 -1 651.65 163.56 692.00 196.62 -1 -1 -1 -1000 -1000 -1000 -10 1
46 2 Car -1 -1 -1 649.73 164.16 691.38 197.93 -1 -1 -1 -1000 -1000 -1000 -10 1
47 2 Car -1 -1 -1 648.98 166.23 691.71 200.11 -1 -1 -1 -1000 -1000 -1000 -10 1
50 2 Car -1 -1 -1 639.79 167.03 686.33 199.17 -1 -1 -1 -1000 -1000 -1000 -10 1
51 2 Car -1 -1 -1 637.95 164.46 684.55 198.02 -1 -1 -1 -1000 -1000 -1000 -10 1
52 2 Car -1 -1 -1 638.51 171.94 682.65 205.67 -1 -1 -1 -1000 -1000 -1000 -10 1
54 2 Car -1 -1 -1 633.44 167.24 676.26 203.27 -1 -1 -1 -1000 -1000 -1000 -10 1
55 2 Car -1 -1 -1 633.73 165.28 674.42 200.66 -1 -1 -1 -1000 -1000 -1000 -10 1
56 2 Car -1 -1 -1 634.65 167.66 675.20 202.09 -1 -1 -1 -1000 -1000 -1000 -10 1
57 2 Car -1 -1 -1 633.79 173.02 676.48 207.44 -1 -1 -1 -1000 -1000 -1000 -10 1
58 2 Car -1 -1 -1 634.00 174.90 677.20 210.31 -1 -1 -1 -1000 -1000 -1000 -10 1
59 2 Car -1 -1 -1 631.81 172.44 676.39 210.15 -1 -1 -1 -1000 -1000 -1000 -10 1
60 2 Car -1 -1 -1 628.08 173.62 673.45 211.52 -1 -1 -1 -1000 -1000 -1000 -10 1
61 2 Car -1 -1 -1 626.07 174.91 671.74 212.42 -1 -1 -1 -1000 -1000 -1000 -10 1
62 2 Car -1 -1 -1 623.92 172.94 669.16 209.91 -1 -1 -1 -1000 -1000 -1000 -10 1
63 2 Car -1 -1 -1 618.93 174.19 664.10 212.00 -1 -1 -1 -1000 -1000 -1000 -10 1
64 2 Car -1 -1 -1 614.99 172.74 660.42 211.41 -1 -1 -1 -1000 -1000 -1000 -10 1
65 2 Car -1 -1 -1 614.25 177.84 663.42 220.43 -1 -1 -1 -1000 -1000 -1000 -10 1
66 2 Car -1 -1 -1 609.40 176.13 659.95 219.25 -1 -1 -1 -1000 -1000 -1000 -10 1
67 2 Car -1 -1 -1 609.71 171.66 659.27 213.92 -1 -1 -1 -1000 -1000 -1000 -10 1
68 2 Car -1 -1 -1 605.83 175.17 657.80 219.06 -1 -1 -1 -1000 -1000 -1000 -10 1
69 8 Car -1 -1 -1 546.99 178.67 581.96 204.15 -1 -1 -1 -1000 -1000 -1000 -10 1
69 2 Car -1 -1 -1 604.43 171.71 657.19 216.87 -1 -1 -1 -1000 -1000 -1000 -10 1
70 8 Car -1 -1 -1 527.36 181.02 570.34 211.25 -1 -1 -1 -1000 -1000 -1000 -10 1
70 2 Car -1 -1 -1 601.11 174.06 653.23 219.84 -1 -1 -1 -1000 -1000 -1000 -10 1
71 8 Car -1 -1 -1 498.75 183.22 551.30 219.32 -1 -1 -1 -1000 -1000 -1000 -10 1
71 2 Car -1 -1 -1 600.80 174.09 654.10 221.39 -1 -1 -1 -1000 -1000 -1000 -10 1
72 8 Car -1 -1 -1 456.76 184.98 527.30 228.79 -1 -1 -1 -1000 -1000 -1000 -10 1
72 2 Car -1 -1 -1 603.31 175.27 656.37 222.80 -1 -1 -1 -1000 -1000 -1000 -10 1
73 8 Car -1 -1 -1 394.13 187.55 488.72 246.37 -1 -1 -1 -1000 -1000 -1000 -10 1
73 2 Car -1 -1 -1 604.25 171.15 657.42 219.84 -1 -1 -1 -1000 -1000 -1000 -10 1
74 2 Car -1 -1 -1 614.87 169.44 665.44 216.15 -1 -1 -1 -1000 -1000 -1000 -10 1
75 2 Car -1 -1 -1 604.80 171.49 657.22 221.03 -1 -1 -1 -1000 -1000 -1000 -10 1
76 2 Car -1 -1 -1 603.64 169.06 656.50 219.40 -1 -1 -1 -1000 -1000 -1000 -10 1
77 2 Car -1 -1 -1 604.40 168.65 658.17 218.42 -1 -1 -1 -1000 -1000 -1000 -10 1
78 2 Car -1 -1 -1 600.61 172.18 658.28 222.38 -1 -1 -1 -1000 -1000 -1000 -10 1
79 2 Car -1 -1 -1 598.45 173.62 658.25 223.48 -1 -1 -1 -1000 -1000 -1000 -10 1
80 2 Car -1 -1 -1 599.74 173.53 659.94 223.75 -1 -1 -1 -1000 -1000 -1000 -10 1
81 2 Car -1 -1 -1 598.69 173.59 658.22 223.82 -1 -1 -1 -1000 -1000 -1000 -10 1
82 2 Car -1 -1 -1 596.30 172.86 655.12 223.67 -1 -1 -1 -1000 -1000 -1000 -10 1
83 2 Car -1 -1 -1 592.50 170.63 651.01 223.06 -1 -1 -1 -1000 -1000 -1000 -10 1
84 2 Car -1 -1 -1 592.99 172.34 651.25 224.81 -1 -1 -1 -1000 -1000 -1000 -10 1
85 2 Car -1 -1 -1 590.19 175.11 650.02 228.60 -1 -1 -1 -1000 -1000 -1000 -10 1
86 2 Car -1 -1 -1 589.25 172.88 648.76 226.88 -1 -1 -1 -1000 -1000 -1000 -10 1
87 2 Car -1 -1 -1 586.81 172.08 647.00 226.99 -1 -1 -1 -1000 -1000 -1000 -10 1
88 2 Car -1 -1 -1 583.62 170.79 644.69 227.60 -1 -1 -1 -1000 -1000 -1000 -10 1
89 2 Car -1 -1 -1 582.04 170.58 642.88 228.74 -1 -1 -1 -1000 -1000 -1000 -10 1
90 2 Car -1 -1 -1 581.54 172.05 642.25 228.78 -1 -1 -1 -1000 -1000 -1000 -10 1
91 2 Car -1 -1 -1 581.70 169.58 641.94 225.05 -1 -1 -1 -1000 -1000 -1000 -10 1
92 2 Car -1 -1 -1 583.14 170.36 642.42 225.39 -1 -1 -1 -1000 -1000 -1000 -10 1
93 2 Car -1 -1 -1 582.86 173.95 645.73 229.00 -1 -1 -1 -1000 -1000 -1000 -10 1
94 2 Car -1 -1 -1 582.20 174.34 647.55 230.85 -1 -1 -1 -1000 -1000 -1000 -10 1
95 2 Car -1 -1 -1 583.16 172.87 647.82 229.82 -1 -1 -1 -1000 -1000 -1000 -10 1
96 2 Car -1 -1 -1 583.88 170.10 648.30 227.60 -1 -1 -1 -1000 -1000 -1000 -10 1
97 2 Car -1 -1 -1 584.46 174.22 650.82 231.48 -1 -1 -1 -1000 -1000 -1000 -10 1
98 2 Car -1 -1 -1 587.36 168.64 652.02 226.59 -1 -1 -1 -1000 -1000 -1000 -10 1
99 2 Car -1 -1 -1 588.82 166.38 652.73 225.06 -1 -1 -1 -1000 -1000 -1000 -10 1
100 2 Car -1 -1 -1 585.86 175.16 651.36 232.48 -1 -1 -1 -1000 -1000 -1000 -10 1
101 2 Car -1 -1 -1 586.08 175.13 650.28 231.74 -1 -1 -1 -1000 -1000 -1000 -10 1
102 2 Car -1 -1 -1 585.04 177.69 648.76 234.11 -1 -1 -1 -1000 -1000 -1000 -10 1
103 2 Car -1 -1 -1 585.17 177.58 650.21 235.19 -1 -1 -1 -1000 -1000 -1000 -10 1
104 2 Car -1 -1 -1 586.15 177.08 651.43 235.73 -1 -1 -1 -1000 -1000 -1000 -10 1
105 2 Car -1 -1 -1 586.20 174.24 650.47 232.52 -1 -1 -1 -1000 -1000 -1000 -10 1
106 2 Car -1 -1 -1 585.37 174.47 647.76 229.62 -1 -1 -1 -1000 -1000 -1000 -10 1
107 2 Car -1 -1 -1 584.09 174.75 644.81 228.59 -1 -1 -1 -1000 -1000 -1000 -10 1
108 2 Car -1 -1 -1 581.25 176.06 641.83 229.76 -1 -1 -1 -1000 -1000 -1000 -10 1
109 2 Car -1 -1 -1 580.53 171.90 640.61 225.40 -1 -1 -1 -1000 -1000 -1000 -10 1
110 2 Car -1 -1 -1 579.47 170.91 639.26 224.59 -1 -1 -1 -1000 -1000 -1000 -10 1
111 2 Car -1 -1 -1 579.24 171.55 640.25 226.53 -1 -1 -1 -1000 -1000 -1000 -10 1
112 2 Car -1 -1 -1 581.47 170.06 643.04 225.73 -1 -1 -1 -1000 -1000 -1000 -10 1
113 2 Car -1 -1 -1 580.30 171.60 641.06 227.13 -1 -1 -1 -1000 -1000 -1000 -10 1
114 2 Car -1 -1 -1 581.20 174.46 641.02 229.45 -1 -1 -1 -1000 -1000 -1000 -10 1
115 2 Car -1 -1 -1 579.91 177.12 643.14 231.36 -1 -1 -1 -1000 -1000 -1000 -10 1
116 2 Car -1 -1 -1 579.79 175.19 641.45 229.24 -1 -1 -1 -1000 -1000 -1000 -10 1
117 2 Car -1 -1 -1 581.27 173.15 643.04 227.18 -1 -1 -1 -1000 -1000 -1000 -10 1
118 2 Car -1 -1 -1 581.75 173.56 643.02 227.76 -1 -1 -1 -1000 -1000 -1000 -10 1
119 2 Car -1 -1 -1 578.97 177.78 643.28 232.02 -1 -1 -1 -1000 -1000 -1000 -10 1
120 2 Car -1 -1 -1 577.85 178.46 645.22 232.59 -1 -1 -1 -1000 -1000 -1000 -10 1
121 2 Car -1 -1 -1 575.36 177.81 644.89 232.82 -1 -1 -1 -1000 -1000 -1000 -10 1
122 2 Car -1 -1 -1 577.48 174.26 644.52 227.79 -1 -1 -1 -1000 -1000 -1000 -10 1
123 2 Car -1 -1 -1 574.34 175.17 637.11 226.64 -1 -1 -1 -1000 -1000 -1000 -10 1
124 2 Car -1 -1 -1 574.56 174.69 638.07 227.81 -1 -1 -1 -1000 -1000 -1000 -10 1
125 2 Car -1 -1 -1 569.32 175.02 633.43 229.09 -1 -1 -1 -1000 -1000 -1000 -10 1
126 2 Car -1 -1 -1 566.32 176.85 631.48 231.87 -1 -1 -1 -1000 -1000 -1000 -10 1
127 2 Car -1 -1 -1 561.88 174.73 626.33 230.12 -1 -1 -1 -1000 -1000 -1000 -10 1
128 2 Car -1 -1 -1 562.24 173.93 625.82 230.86 -1 -1 -1 -1000 -1000 -1000 -10 1
129 2 Car -1 -1 -1 560.59 171.05 624.26 229.81 -1 -1 -1 -1000 -1000 -1000 -10 1
130 2 Car -1 -1 -1 559.58 169.01 624.23 229.09 -1 -1 -1 -1000 -1000 -1000 -10 1
131 2 Car -1 -1 -1 558.70 168.86 622.77 229.15 -1 -1 -1 -1000 -1000 -1000 -10 1
132 2 Car -1 -1 -1 558.39 171.86 622.81 232.82 -1 -1 -1 -1000 -1000 -1000 -10 1
133 2 Car -1 -1 -1 558.42 172.17 622.07 233.21 -1 -1 -1 -1000 -1000 -1000 -10 1
134 2 Car -1 -1 -1 559.46 172.61 622.07 233.16 -1 -1 -1 -1000 -1000 -1000 -10 1
135 2 Car -1 -1 -1 559.73 172.83 623.10 233.02 -1 -1 -1 -1000 -1000 -1000 -10 1
136 2 Car -1 -1 -1 561.40 173.01 624.94 233.76 -1 -1 -1 -1000 -1000 -1000 -10 1
137 2 Car -1 -1 -1 559.74 171.79 624.01 233.89 -1 -1 -1 -1000 -1000 -1000 -10 1
138 2 Car -1 -1 -1 558.92 173.66 622.70 234.54 -1 -1 -1 -1000 -1000 -1000 -10 1
139 2 Car -1 -1 -1 559.29 175.19 622.68 235.46 -1 -1 -1 -1000 -1000 -1000 -10 1
140 2 Car -1 -1 -1 559.09 172.54 622.00 233.09 -1 -1 -1 -1000 -1000 -1000 -10 1
141 2 Car -1 -1 -1 559.90 169.60 621.93 230.97 -1 -1 -1 -1000 -1000 -1000 -10 1
142 2 Car -1 -1 -1 556.01 170.21 618.36 232.00 -1 -1 -1 -1000 -1000 -1000 -10 1
143 2 Car -1 -1 -1 553.65 171.38 616.12 233.18 -1 -1 -1 -1000 -1000 -1000 -10 1
144 2 Car -1 -1 -1 551.59 171.51 614.16 234.39 -1 -1 -1 -1000 -1000 -1000 -10 1
145 2 Car -1 -1 -1 550.51 172.71 616.58 236.52 -1 -1 -1 -1000 -1000 -1000 -10 1
146 2 Car -1 -1 -1 546.47 171.63 615.44 236.13 -1 -1 -1 -1000 -1000 -1000 -10 1
147 2 Car -1 -1 -1 545.27 173.46 616.27 236.27 -1 -1 -1 -1000 -1000 -1000 -10 1
148 2 Car -1 -1 -1 545.37 174.88 616.94 234.92 -1 -1 -1 -1000 -1000 -1000 -10 1
149 2 Car -1 -1 -1 549.28 171.37 620.95 231.52 -1 -1 -1 -1000 -1000 -1000 -10 1
150 2 Car -1 -1 -1 552.96 173.81 623.89 234.21 -1 -1 -1 -1000 -1000 -1000 -10 1
151 2 Car -1 -1 -1 555.93 177.23 627.28 237.50 -1 -1 -1 -1000 -1000 -1000 -10 1
152 2 Car -1 -1 -1 555.52 172.48 627.83 232.99 -1 -1 -1 -1000 -1000 -1000 -10 1
153 2 Car -1 -1 -1 557.78 172.02 629.93 233.26 -1 -1 -1 -1000 -1000 -1000 -10 1
154 2 Car -1 -1 -1 561.15 168.58 629.88 229.63 -1 -1 -1 -1000 -1000 -1000 -10 1
155 2 Car -1 -1 -1 562.20 171.43 630.39 232.39 -1 -1 -1 -1000 -1000 -1000 -10 1
156 2 Car -1 -1 -1 559.22 172.57 627.99 234.07 -1 -1 -1 -1000 -1000 -1000 -10 1
157 2 Car -1 -1 -1 559.09 169.39 628.35 231.38 -1 -1 -1 -1000 -1000 -1000 -10 1
158 2 Car -1 -1 -1 561.13 172.40 631.43 232.85 -1 -1 -1 -1000 -1000 -1000 -10 1
159 2 Car -1 -1 -1 564.86 173.36 634.01 234.20 -1 -1 -1 -1000 -1000 -1000 -10 1
160 2 Car -1 -1 -1 563.98 175.32 634.57 235.49 -1 -1 -1 -1000 -1000 -1000 -10 1
161 2 Car -1 -1 -1 565.88 174.15 636.91 234.28 -1 -1 -1 -1000 -1000 -1000 -10 1
162 2 Car -1 -1 -1 565.95 172.74 639.22 235.16 -1 -1 -1 -1000 -1000 -1000 -10 1
163 2 Car -1 -1 -1 565.38 175.68 640.11 238.32 -1 -1 -1 -1000 -1000 -1000 -10 1
164 2 Car -1 -1 -1 565.71 175.99 641.93 239.31 -1 -1 -1 -1000 -1000 -1000 -10 1
165 2 Car -1 -1 -1 563.50 175.76 641.25 239.41 -1 -1 -1 -1000 -1000 -1000 -10 1
166 2 Car -1 -1 -1 563.81 173.07 641.02 236.84 -1 -1 -1 -1000 -1000 -1000 -10 1
167 2 Car -1 -1 -1 565.54 174.54 640.23 237.61 -1 -1 -1 -1000 -1000 -1000 -10 1
168 2 Car -1 -1 -1 565.53 174.91 636.96 236.89 -1 -1 -1 -1000 -1000 -1000 -10 1
169 2 Car -1 -1 -1 564.31 172.19 634.14 233.69 -1 -1 -1 -1000 -1000 -1000 -10 1
170 2 Car -1 -1 -1 562.30 173.50 632.86 233.89 -1 -1 -1 -1000 -1000 -1000 -10 1
171 2 Car -1 -1 -1 560.93 173.90 632.15 234.58 -1 -1 -1 -1000 -1000 -1000 -10 1
172 2 Car -1 -1 -1 560.26 174.05 631.74 235.04 -1 -1 -1 -1000 -1000 -1000 -10 1
173 2 Car -1 -1 -1 559.04 173.44 630.80 234.63 -1 -1 -1 -1000 -1000 -1000 -10 1
174 2 Car -1 -1 -1 559.73 173.54 630.90 235.31 -1 -1 -1 -1000 -1000 -1000 -10 1
175 2 Car -1 -1 -1 559.30 170.07 630.28 232.64 -1 -1 -1 -1000 -1000 -1000 -10 1
176 2 Car -1 -1 -1 559.16 170.00 628.92 233.86 -1 -1 -1 -1000 -1000 -1000 -10 1
177 2 Car -1 -1 -1 559.88 165.83 628.48 230.93 -1 -1 -1 -1000 -1000 -1000 -10 1
178 2 Car -1 -1 -1 562.85 168.33 630.25 232.24 -1 -1 -1 -1000 -1000 -1000 -10 1
179 2 Car -1 -1 -1 565.04 169.03 631.70 231.49 -1 -1 -1 -1000 -1000 -1000 -10 1
180 2 Car -1 -1 -1 565.92 169.73 633.45 232.10 -1 -1 -1 -1000 -1000 -1000 -10 1
181 2 Car -1 -1 -1 567.28 170.10 635.41 232.21 -1 -1 -1 -1000 -1000 -1000 -10 1
182 2 Car -1 -1 -1 567.24 168.64 636.26 231.10 -1 -1 -1 -1000 -1000 -1000 -10 1
183 2 Car -1 -1 -1 566.65 172.71 638.61 235.25 -1 -1 -1 -1000 -1000 -1000 -10 1
184 2 Car -1 -1 -1 569.42 176.70 640.89 239.86 -1 -1 -1 -1000 -1000 -1000 -10 1
185 2 Car -1 -1 -1 569.57 172.45 641.05 236.61 -1 -1 -1 -1000 -1000 -1000 -10 1
186 2 Car -1 -1 -1 568.99 170.14 640.58 235.33 -1 -1 -1 -1000 -1000 -1000 -10 1
187 2 Car -1 -1 -1 567.88 170.86 638.67 236.45 -1 -1 -1 -1000 -1000 -1000 -10 1
188 2 Car -1 -1 -1 566.59 170.94 636.94 236.31 -1 -1 -1 -1000 -1000 -1000 -10 1
189 2 Car -1 -1 -1 566.18 169.05 635.89 234.25 -1 -1 -1 -1000 -1000 -1000 -10 1
190 2 Car -1 -1 -1 565.78 168.84 635.36 235.48 -1 -1 -1 -1000 -1000 -1000 -10 1
191 2 Car -1 -1 -1 565.19 172.26 635.46 239.67 -1 -1 -1 -1000 -1000 -1000 -10 1
192 2 Car -1 -1 -1 563.78 171.45 635.09 239.65 -1 -1 -1 -1000 -1000 -1000 -10 1
193 2 Car -1 -1 -1 563.49 172.23 634.75 240.63 -1 -1 -1 -1000 -1000 -1000 -10 1
194 2 Car -1 -1 -1 563.39 174.40 634.50 241.49 -1 -1 -1 -1000 -1000 -1000 -10 1
195 2 Car -1 -1 -1 563.26 169.91 634.35 236.48 -1 -1 -1 -1000 -1000 -1000 -10 1
196 2 Car -1 -1 -1 562.29 168.58 633.38 234.81 -1 -1 -1 -1000 -1000 -1000 -10 1
197 2 Car -1 -1 -1 562.95 170.69 633.52 236.45 -1 -1 -1 -1000 -1000 -1000 -10 1
198 2 Car -1 -1 -1 563.20 171.58 634.08 237.61 -1 -1 -1 -1000 -1000 -1000 -10 1
199 2 Car -1 -1 -1 564.98 169.68 636.67 236.34 -1 -1 -1 -1000 -1000 -1000 -10 1
200 2 Car -1 -1 -1 564.57 169.99 636.40 236.61 -1 -1 -1 -1000 -1000 -1000 -10 1
201 2 Car -1 -1 -1 564.99 170.09 637.80 235.47 -1 -1 -1 -1000 -1000 -1000 -10 1
202 2 Car -1 -1 -1 565.59 174.76 638.21 240.21 -1 -1 -1 -1000 -1000 -1000 -10 1
203 2 Car -1 -1 -1 565.66 172.45 637.80 238.05 -1 -1 -1 -1000 -1000 -1000 -10 1
204 2 Car -1 -1 -1 566.11 173.08 638.84 238.93 -1 -1 -1 -1000 -1000 -1000 -10 1
205 2 Car -1 -1 -1 566.07 171.70 639.12 237.02 -1 -1 -1 -1000 -1000 -1000 -10 1
206 2 Car -1 -1 -1 566.13 169.37 638.29 234.28 -1 -1 -1 -1000 -1000 -1000 -10 1
207 2 Car -1 -1 -1 565.73 174.16 638.49 239.22 -1 -1 -1 -1000 -1000 -1000 -10 1
208 2 Car -1 -1 -1 566.82 172.72 639.02 238.03 -1 -1 -1 -1000 -1000 -1000 -10 1
209 2 Car -1 -1 -1 566.90 170.83 639.02 235.46 -1 -1 -1 -1000 -1000 -1000 -10 1
