0 1 Car -1 -1 -1 220.53 190.34 322.20 237.18 -1 -1 -1 -1000 -1000 -1000 -10 1
1 2 Car -1 -1 -1 175.31 196.57 245.70 227.65 -1 -1 -1 -1000 -1000 -1000 -10 1
1 1 Car -1 -1 -1 277.22 192.67 358.87 224.60 -1 -1 -1 -1000 -1000 -1000 -10 1
2 1 Car -1 -1 -1 310.79 189.45 369.49 214.06 -1 -1 -1 -1000 -1000 -1000 -10 1
3 1 Car -1 -1 -1 339.93 189.92 390.13 212.03 -1 -1 -1 -1000 -1000 -1000 -10 1
4 1 Car -1 -1 -1 362.66 191.56 408.21 211.31 -1 -1 -1 -1000 -1000 -1000 -10 1
5 1 Car -1 -1 -1 386.61 189.59 428.14 208.31 -1 -1 -1 -1000 -1000 -1000 -10 1
6 1 Car -1 -1 -1 402.71 188.44 438.23 204.87 -1 -1 -1 -1000 -1000 -1000 -10 1
13 13 Car -1 -1 -1 261.82 192.28 329.97 225.20 -1 -1 -1 -1000 -1000 -1000 -10 1
14 14 Car -1 -1 -1 288.91 189.58 346.82 217.08 -1 -1 -1 -1000 -1000 -1000 -10 1
15 14 Car -1 -1 -1 238.98 191.22 302.32 222.30 -1 -1 -1 -1000 -1000 -1000 -10 1
16 14 Car -1 -1 -1 179.13 194.81 245.99 227.84 -1 -1 -1 -1000 -1000 -1000 -10 1
17 14 Car -1 -1 -1 86.30 196.29 166.83 234.36 -1 -1 -1 -1000 -1000 -1000 -10 1
197 43 Car -1 -1 -1 394.35 182.53 429.95 202.65 -1 -1 -1 -1000 -1000 -1000 -10 1
198 43 Car -1 -1 -1 329.13 187.40 377.19 213.77 -1 -1 -1 -1000 -1000 -1000 -10 1
215 45 Car -1 -1 -1 670.29 163.66 738.95 218.61 -1 -1 -1 -1000 -1000 -1000 -10 1
216 45 Car -1 -1 -1 683.35 163.73 762.70 225.42 -1 -1 -1 -1000 -1000 -1000 -10 1
217 45 Car -1 -1 -1 703.05 164.85 795.65 237.12 -1 -1 -1 -1000 -1000 -1000 -10 1
218 46 Car -1 -1 -1 732.40 164.35 876.41 263.52 -1 -1 -1 -1000 -1000 -1000 -10 1
218 45 Car -1 -1 -1 730.87 163.22 865.33 261.30 -1 -1 -1 -1000 -1000 -1000 -10 1
219 47 Car -1 -1 -1 5.89 193.78 346.07 380.41 -1 -1 -1 -1000 -1000 -1000 -10 1
219 46 Car -1 -1 -1 796.46 169.36 1046.38 333.20 -1 -1 -1 -1000 -1000 -1000 -10 1
220 47 Car -1 -1 -1 11.26 189.64 398.05 380.45 -1 -1 -1 -1000 -1000 -1000 -10 1
220 46 Car -1 -1 -1 891.78 170.60 1237.59 361.93 -1 -1 -1 -1000 -1000 -1000 -10 1
221 47 Car -1 -1 -1 118.21 187.61 442.88 366.76 -1 -1 -1 -1000 -1000 -1000 -10 1
222 47 Car -1 -1 -1 206.01 181.07 480.43 335.10 -1 -1 -1 -1000 -1000 -1000 -10 1
223 47 Car -1 -1 -1 273.42 182.02 495.77 308.62 -1 -1 -1 -1000 -1000 -1000 -10 1
224 47 Car -1 -1 -1 332.05 182.12 505.38 282.84 -1 -1 -1 -1000 -1000 -1000 -10 1
225 47 Car -1 -1 -1 374.64 182.68 513.64 263.82 -1 -1 -1 -1000 -1000 -1000 -10 1
226 47 Car -1 -1 -1 407.13 183.30 519.58 251.22 -1 -1 -1 -1000 -1000 -1000 -10 1
227 47 Car -1 -1 -1 439.66 187.37 524.77 240.65 -1 -1 -1 -1000 -1000 -1000 -10 1
230 51 Car -1 -1 -1 493.50 180.27 556.03 224.51 -1 -1 -1 -1000 -1000 -1000 -10 1
231 51 Car -1 -1 -1 508.31 179.31 565.10 221.81 -1 -1 -1 -1000 -1000 -1000 -10 1
232 51 Car -1 -1 -1 521.96 178.21 574.37 217.96 -1 -1 -1 -1000 -1000 -1000 -10 1
233 51 Car -1 -1 -1 530.28 179.16 579.37 216.04 -1 -1 -1 -1000 -1000 -1000 -10 1
234 51 Car -1 -1 -1 541.28 177.30 586.87 210.69 -1 -1 -1 -1000 -1000 -1000 -10 1
235 51 Car -1 -1 -1 550.81 176.44 593.06 206.64 -1 -1 -1 -1000 -1000 -1000 -10 1
236 51 Car -1 -1 -1 555.94 175.89 593.63 203.22 -1 -1 -1 -1000 -1000 -1000 -10 1
237 51 Car -1 -1 -1 558.63 176.43 593.92 201.88 -1 -1 -1 -1000 -1000 -1000 -10 1
238 51 Car -1 -1 -1 561.24 177.14 594.06 200.78 -1 -1 -1 -1000 -1000 -1000 -10 1
239 51 Car -1 -1 -1 566.96 178.06 596.64 199.40 -1 -1 -1 -1000 -1000 -1000 -10 1
240 51 Car -1 -1 -1 570.85 178.90 596.21 197.73 -1 -1 -1 -1000 -1000 -1000 -10 1
241 51 Car -1 -1 -1 574.72 179.57 595.72 195.72 -1 -1 -1 -1000 -1000 -1000 -10 1
242 51 Car -1 -1 -1 579.18 180.01 596.95 193.86 -1 -1 -1 -1000 -1000 -1000 -10 1
244 63 Car -1 -1 -1 571.74 175.37 597.83 193.82 -1 -1 -1 -1000 -1000 -1000 -10 1
245 63 Car -1 -1 -1 574.20 174.73 600.43 192.86 -1 -1 -1 -1000 -1000 -1000 -10 1
246 63 Car -1 -1 -1 578.50 177.43 602.52 195.00 -1 -1 -1 -1000 -1000 -1000 -10 1
247 63 Car -1 -1 -1 579.49 176.70 602.35 193.92 -1 -1 -1 -1000 -1000 -1000 -10 1
248 63 Car -1 -1 -1 580.38 177.05 602.41 193.73 -1 -1 -1 -1000 -1000 -1000 -10 1
249 63 Car -1 -1 -1 580.63 176.83 602.12 193.28 -1 -1 -1 -1000 -1000 -1000 -10 1
250 63 Car -1 -1 -1 582.03 176.66 603.01 192.90 -1 -1 -1 -1000 -1000 -1000 -10 1
251 63 Car -1 -1 -1 582.50 176.72 602.99 192.53 -1 -1 -1 -1000 -1000 -1000 -10 1
252 63 Car -1 -1 -1 582.54 176.76 602.66 192.31 -1 -1 -1 -1000 -1000 -1000 -10 1
253 63 Car -1 -1 -1 582.06 176.22 602.27 191.80 -1 -1 -1 -1000 -1000 -1000 -10 1
254 63 Car -1 -1 -1 582.83 176.56 602.86 191.97 -1 -1 -1 -1000 -1000 -1000 -10 1
255 63 Car -1 -1 -1 582.40 176.48 602.26 191.75 -1 -1 -1 -1000 -1000 -1000 -10 1
256 63 Car -1 -1 -1 583.31 175.53 603.29 190.95 -1 -1 -1 -1000 -1000 -1000 -10 1
257 63 Car -1 -1 -1 581.90 175.98 602.04 191.58 -1 -1 -1 -1000 -1000 -1000 -10 1
258 63 Car -1 -1 -1 578.44 175.67 598.84 191.52 -1 -1 -1 -1000 -1000 -1000 -10 1
259 63 Car -1 -1 -1 578.35 176.17 598.82 192.01 -1 -1 -1 -1000 -1000 -1000 -10 1
260 63 Car -1 -1 -1 577.35 176.29 597.79 192.12 -1 -1 -1 -1000 -1000 -1000 -10 1
261 63 Car -1 -1 -1 577.70 176.20 598.52 192.50 -1 -1 -1 -1000 -1000 -1000 -10 1
284 77 Car -1 -1 -1 11.59 203.35 187.90 375.78 -1 -1 -1 -1000 -1000 -1000 -10 1
285 77 Car -1 -1 -1 11.12 194.42 245.55 381.52 -1 -1 -1 -1000 -1000 -1000 -10 1
286 77 Car -1 -1 -1 13.08 195.56 281.31 379.68 -1 -1 -1 -1000 -1000 -1000 -10 1
287 77 Car -1 -1 -1 9.29 193.74 317.92 379.13 -1 -1 -1 -1000 -1000 -1000 -10 1
288 77 Car -1 -1 -1 6.08 193.46 341.31 377.71 -1 -1 -1 -1000 -1000 -1000 -10 1
289 77 Car -1 -1 -1 17.13 191.76 364.60 371.26 -1 -1 -1 -1000 -1000 -1000 -10 1
290 77 Car -1 -1 -1 54.99 186.58 394.57 351.51 -1 -1 -1 -1000 -1000 -1000 -10 1
291 77 Car -1 -1 -1 125.48 183.85 425.77 332.53 -1 -1 -1 -1000 -1000 -1000 -10 1
292 81 Car -1 -1 -1 -7.05 38.20 277.07 382.88 -1 -1 -1 -1000 -1000 -1000 -10 1
293 81 Car -1 -1 -1 -4.80 48.49 319.66 392.38 -1 -1 -1 -1000 -1000 -1000 -10 1
293 77 Car -1 -1 -1 218.69 179.63 444.79 298.83 -1 -1 -1 -1000 -1000 -1000 -10 1
294 81 Car -1 -1 -1 5.04 79.56 342.01 391.71 -1 -1 -1 -1000 -1000 -1000 -10 1
294 77 Car -1 -1 -1 249.82 184.04 450.69 290.99 -1 -1 -1 -1000 -1000 -1000 -10 1
295 77 Car -1 -1 -1 270.98 181.84 456.09 277.58 -1 -1 -1 -1000 -1000 -1000 -10 1
296 83 Car -1 -1 -1 173.28 114.64 385.02 322.97 -1 -1 -1 -1000 -1000 -1000 -10 1
297 83 Car -1 -1 -1 210.44 121.20 405.16 303.88 -1 -1 -1 -1000 -1000 -1000 -10 1
297 77 Car -1 -1 -1 330.17 180.79 471.18 258.38 -1 -1 -1 -1000 -1000 -1000 -10 1
298 83 Car -1 -1 -1 249.57 134.88 426.57 291.82 -1 -1 -1 -1000 -1000 -1000 -10 1
298 77 Car -1 -1 -1 349.70 178.28 472.52 249.81 -1 -1 -1 -1000 -1000 -1000 -10 1
299 83 Car -1 -1 -1 279.53 135.12 448.61 274.15 -1 -1 -1 -1000 -1000 -1000 -10 1
300 84 Car -1 -1 -1 290.24 131.83 459.96 275.63 -1 -1 -1 -1000 -1000 -1000 -10 1
301 84 Car -1 -1 -1 312.83 130.70 472.16 263.82 -1 -1 -1 -1000 -1000 -1000 -10 1
302 84 Car -1 -1 -1 337.55 133.60 478.64 252.90 -1 -1 -1 -1000 -1000 -1000 -10 1
302 83 Car -1 -1 -1 347.82 142.63 473.12 245.13 -1 -1 -1 -1000 -1000 -1000 -10 1
303 84 Car -1 -1 -1 353.47 136.38 480.21 247.32 -1 -1 -1 -1000 -1000 -1000 -10 1
303 83 Car -1 -1 -1 358.96 142.34 475.37 239.98 -1 -1 -1 -1000 -1000 -1000 -10 1
304 84 Car -1 -1 -1 365.90 134.03 487.31 246.76 -1 -1 -1 -1000 -1000 -1000 -10 1
304 83 Car -1 -1 -1 375.64 147.42 479.09 236.43 -1 -1 -1 -1000 -1000 -1000 -10 1
305 84 Car -1 -1 -1 382.49 141.11 494.68 245.40 -1 -1 -1 -1000 -1000 -1000 -10 1
306 84 Car -1 -1 -1 392.52 145.04 498.71 239.37 -1 -1 -1 -1000 -1000 -1000 -10 1
307 84 Car -1 -1 -1 405.84 149.19 507.51 235.36 -1 -1 -1 -1000 -1000 -1000 -10 1
308 84 Car -1 -1 -1 428.48 157.20 514.08 230.01 -1 -1 -1 -1000 -1000 -1000 -10 1
309 84 Car -1 -1 -1 439.55 163.37 512.85 227.12 -1 -1 -1 -1000 -1000 -1000 -10 1
310 84 Car -1 -1 -1 441.72 162.23 512.50 223.46 -1 -1 -1 -1000 -1000 -1000 -10 1
311 84 Car -1 -1 -1 447.22 165.78 508.23 217.75 -1 -1 -1 -1000 -1000 -1000 -10 1
312 86 Car -1 -1 -1 449.73 155.16 517.07 217.45 -1 -1 -1 -1000 -1000 -1000 -10 1
312 84 Car -1 -1 -1 457.20 162.89 510.62 209.88 -1 -1 -1 -1000 -1000 -1000 -10 1
313 86 Car -1 -1 -1 449.47 156.16 515.58 216.00 -1 -1 -1 -1000 -1000 -1000 -10 1
314 86 Car -1 -1 -1 455.82 154.54 518.64 212.03 -1 -1 -1 -1000 -1000 -1000 -10 1
315 86 Car -1 -1 -1 459.52 154.71 518.96 210.14 -1 -1 -1 -1000 -1000 -1000 -10 1
316 91 Car -1 -1 -1 360.23 156.09 412.09 195.18 -1 -1 -1 -1000 -1000 -1000 -10 1
316 86 Car -1 -1 -1 466.73 161.61 527.08 215.53 -1 -1 -1 -1000 -1000 -1000 -10 1
317 91 Car -1 -1 -1 320.36 156.60 381.42 202.65 -1 -1 -1 -1000 -1000 -1000 -10 1
317 86 Car -1 -1 -1 477.47 160.48 533.94 210.74 -1 -1 -1 -1000 -1000 -1000 -10 1
318 93 Car -1 -1 -1 237.66 146.77 328.04 206.29 -1 -1 -1 -1000 -1000 -1000 -10 1
318 91 Car -1 -1 -1 249.60 152.86 325.71 207.00 -1 -1 -1 -1000 -1000 -1000 -10 1
318 86 Car -1 -1 -1 482.99 156.73 539.59 203.72 -1 -1 -1 -1000 -1000 -1000 -10 1
319 93 Car -1 -1 -1 101.21 143.60 230.13 219.84 -1 -1 -1 -1000 -1000 -1000 -10 1
319 86 Car -1 -1 -1 489.64 158.19 543.35 203.37 -1 -1 -1 -1000 -1000 -1000 -10 1
320 86 Car -1 -1 -1 493.20 161.39 546.38 205.98 -1 -1 -1 -1000 -1000 -1000 -10 1
321 86 Car -1 -1 -1 500.06 160.63 550.02 203.43 -1 -1 -1 -1000 -1000 -1000 -10 1
322 86 Car -1 -1 -1 505.02 160.82 552.31 202.30 -1 -1 -1 -1000 -1000 -1000 -10 1
323 96 Car -1 -1 -1 517.47 160.47 559.75 202.50 -1 -1 -1 -1000 -1000 -1000 -10 1
323 86 Car -1 -1 -1 510.16 161.28 556.35 202.22 -1 -1 -1 -1000 -1000 -1000 -10 1
324 96 Car -1 -1 -1 523.91 162.16 564.20 201.88 -1 -1 -1 -1000 -1000 -1000 -10 1
324 86 Car -1 -1 -1 517.63 162.60 561.03 202.11 -1 -1 -1 -1000 -1000 -1000 -10 1
328 99 Car -1 -1 -1 540.22 163.51 574.95 200.78 -1 -1 -1 -1000 -1000 -1000 -10 1
329 103 Car -1 -1 -1 82.56 175.18 200.44 220.44 -1 -1 -1 -1000 -1000 -1000 -10 1
329 99 Car -1 -1 -1 535.54 161.95 572.63 201.26 -1 -1 -1 -1000 -1000 -1000 -10 1
330 106 Car -1 -1 -1 537.16 163.11 573.23 199.52 -1 -1 -1 -1000 -1000 -1000 -10 1
330 99 Car -1 -1 -1 538.05 160.19 574.30 198.79 -1 -1 -1 -1000 -1000 -1000 -10 1
331 106 Car -1 -1 -1 539.03 163.89 573.31 198.80 -1 -1 -1 -1000 -1000 -1000 -10 1
331 99 Car -1 -1 -1 538.92 160.90 574.74 198.80 -1 -1 -1 -1000 -1000 -1000 -10 1
332 106 Car -1 -1 -1 542.88 165.04 574.40 196.83 -1 -1 -1 -1000 -1000 -1000 -10 1
332 99 Car -1 -1 -1 542.69 160.60 576.75 196.69 -1 -1 -1 -1000 -1000 -1000 -10 1
333 106 Car -1 -1 -1 549.22 167.14 578.96 197.53 -1 -1 -1 -1000 -1000 -1000 -10 1
333 99 Car -1 -1 -1 545.64 161.96 577.89 196.21 -1 -1 -1 -1000 -1000 -1000 -10 1
334 99 Car -1 -1 -1 547.05 160.02 579.04 194.30 -1 -1 -1 -1000 -1000 -1000 -10 1
335 99 Car -1 -1 -1 550.27 158.43 583.00 191.11 -1 -1 -1 -1000 -1000 -1000 -10 1
336 109 Car -1 -1 -1 556.21 162.69 584.56 191.51 -1 -1 -1 -1000 -1000 -1000 -10 1
336 106 Car -1 -1 -1 555.92 166.78 582.33 192.98 -1 -1 -1 -1000 -1000 -1000 -10 1
336 99 Car -1 -1 -1 553.73 158.39 586.16 189.13 -1 -1 -1 -1000 -1000 -1000 -10 1
337 109 Car -1 -1 -1 558.88 165.51 586.46 193.35 -1 -1 -1 -1000 -1000 -1000 -10 1
338 109 Car -1 -1 -1 562.44 163.01 588.89 190.70 -1 -1 -1 -1000 -1000 -1000 -10 1
339 109 Car -1 -1 -1 565.45 164.41 590.92 191.67 -1 -1 -1 -1000 -1000 -1000 -10 1
340 109 Car -1 -1 -1 566.97 166.20 592.14 193.39 -1 -1 -1 -1000 -1000 -1000 -10 1
341 123 Car -1 -1 -1 561.30 160.37 590.91 188.97 -1 -1 -1 -1000 -1000 -1000 -10 1
341 109 Car -1 -1 -1 567.82 166.35 593.50 193.96 -1 -1 -1 -1000 -1000 -1000 -10 1
342 123 Car -1 -1 -1 561.64 159.59 591.22 187.69 -1 -1 -1 -1000 -1000 -1000 -10 1
342 109 Car -1 -1 -1 567.65 164.47 593.52 192.13 -1 -1 -1 -1000 -1000 -1000 -10 1
343 123 Car -1 -1 -1 561.97 160.93 590.98 188.86 -1 -1 -1 -1000 -1000 -1000 -10 1
343 109 Car -1 -1 -1 566.23 165.22 592.26 192.71 -1 -1 -1 -1000 -1000 -1000 -10 1
344 123 Car -1 -1 -1 560.06 158.32 588.90 185.79 -1 -1 -1 -1000 -1000 -1000 -10 1
344 109 Car -1 -1 -1 564.05 163.13 589.16 189.94 -1 -1 -1 -1000 -1000 -1000 -10 1
345 123 Car -1 -1 -1 559.75 159.23 588.04 186.32 -1 -1 -1 -1000 -1000 -1000 -10 1
345 109 Car -1 -1 -1 563.26 163.79 587.71 190.05 -1 -1 -1 -1000 -1000 -1000 -10 1
346 123 Car -1 -1 -1 560.92 161.82 589.03 188.27 -1 -1 -1 -1000 -1000 -1000 -10 1
346 109 Car -1 -1 -1 564.13 165.31 589.13 191.60 -1 -1 -1 -1000 -1000 -1000 -10 1
347 123 Car -1 -1 -1 562.72 161.58 589.98 186.77 -1 -1 -1 -1000 -1000 -1000 -10 1
347 109 Car -1 -1 -1 566.21 165.87 590.69 191.36 -1 -1 -1 -1000 -1000 -1000 -10 1
348 123 Car -1 -1 -1 564.25 160.20 591.21 185.24 -1 -1 -1 -1000 -1000 -1000 -10 1
348 109 Car -1 -1 -1 568.77 164.66 593.15 189.92 -1 -1 -1 -1000 -1000 -1000 -10 1
349 125 Car -1 -1 -1 190.76 173.83 279.97 210.91 -1 -1 -1 -1000 -1000 -1000 -10 1
349 123 Car -1 -1 -1 567.56 163.07 594.35 187.46 -1 -1 -1 -1000 -1000 -1000 -10 1
349 109 Car -1 -1 -1 573.63 166.00 598.65 191.62 -1 -1 -1 -1000 -1000 -1000 -10 1
350 125 Car -1 -1 -1 15.82 180.65 149.64 229.42 -1 -1 -1 -1000 -1000 -1000 -10 1
350 123 Car -1 -1 -1 569.41 167.20 595.66 190.89 -1 -1 -1 -1000 -1000 -1000 -10 1
351 123 Car -1 -1 -1 571.08 166.17 596.80 189.03 -1 -1 -1 -1000 -1000 -1000 -10 1
351 109 Car -1 -1 -1 576.20 168.25 601.10 193.72 -1 -1 -1 -1000 -1000 -1000 -10 1
352 123 Car -1 -1 -1 571.66 168.21 597.40 190.79 -1 -1 -1 -1000 -1000 -1000 -10 1
353 123 Car -1 -1 -1 571.75 169.36 597.35 192.19 -1 -1 -1 -1000 -1000 -1000 -10 1
354 123 Car -1 -1 -1 571.90 168.35 597.65 191.62 -1 -1 -1 -1000 -1000 -1000 -10 1
355 123 Car -1 -1 -1 572.09 165.51 598.40 189.12 -1 -1 -1 -1000 -1000 -1000 -10 1
356 129 Car -1 -1 -1 579.07 168.23 604.30 193.79 -1 -1 -1 -1000 -1000 -1000 -10 1
356 123 Car -1 -1 -1 574.37 165.98 600.37 189.92 -1 -1 -1 -1000 -1000 -1000 -10 1
357 129 Car -1 -1 -1 580.66 169.95 606.12 195.47 -1 -1 -1 -1000 -1000 -1000 -10 1
357 123 Car -1 -1 -1 575.68 168.37 601.10 192.68 -1 -1 -1 -1000 -1000 -1000 -10 1
359 130 Car -1 -1 -1 575.09 164.18 603.24 187.57 -1 -1 -1 -1000 -1000 -1000 -10 1
360 130 Car -1 -1 -1 576.25 163.32 604.52 186.89 -1 -1 -1 -1000 -1000 -1000 -10 1
361 130 Car -1 -1 -1 576.60 166.59 603.76 189.81 -1 -1 -1 -1000 -1000 -1000 -10 1
361 129 Car -1 -1 -1 581.57 169.19 607.04 194.32 -1 -1 -1 -1000 -1000 -1000 -10 1
362 130 Car -1 -1 -1 574.21 165.75 601.36 188.24 -1 -1 -1 -1000 -1000 -1000 -10 1
364 129 Car -1 -1 -1 579.40 168.68 605.37 194.28 -1 -1 -1 -1000 -1000 -1000 -10 1
365 130 Car -1 -1 -1 570.65 165.59 598.32 187.97 -1 -1 -1 -1000 -1000 -1000 -10 1
366 130 Car -1 -1 -1 567.80 167.00 594.54 187.67 -1 -1 -1 -1000 -1000 -1000 -10 1
367 130 Car -1 -1 -1 566.91 167.90 592.80 187.33 -1 -1 -1 -1000 -1000 -1000 -10 1
368 130 Car -1 -1 -1 566.80 168.25 592.06 187.20 -1 -1 -1 -1000 -1000 -1000 -10 1
369 130 Car -1 -1 -1 567.84 167.96 592.61 186.64 -1 -1 -1 -1000 -1000 -1000 -10 1
370 130 Car -1 -1 -1 569.37 168.12 594.07 186.54 -1 -1 -1 -1000 -1000 -1000 -10 1
371 130 Car -1 -1 -1 571.25 168.60 595.63 186.40 -1 -1 -1 -1000 -1000 -1000 -10 1
372 130 Car -1 -1 -1 572.17 169.93 596.38 187.60 -1 -1 -1 -1000 -1000 -1000 -10 1
373 130 Car -1 -1 -1 572.53 169.96 596.87 187.74 -1 -1 -1 -1000 -1000 -1000 -10 1
374 130 Car -1 -1 -1 572.05 169.74 596.22 187.19 -1 -1 -1 -1000 -1000 -1000 -10 1
375 130 Car -1 -1 -1 570.71 169.07 594.66 186.29 -1 -1 -1 -1000 -1000 -1000 -10 1
376 130 Car -1 -1 -1 570.55 169.67 594.15 186.41 -1 -1 -1 -1000 -1000 -1000 -10 1
377 130 Car -1 -1 -1 570.43 170.14 593.70 186.35 -1 -1 -1 -1000 -1000 -1000 -10 1
378 130 Car -1 -1 -1 569.49 168.33 592.33 184.16 -1 -1 -1 -1000 -1000 -1000 -10 1
379 130 Car -1 -1 -1 569.11 169.29 591.72 185.10 -1 -1 -1 -1000 -1000 -1000 -10 1
380 130 Car -1 -1 -1 568.55 168.30 591.15 184.20 -1 -1 -1 -1000 -1000 -1000 -10 1
381 130 Car -1 -1 -1 567.87 167.95 590.49 183.94 -1 -1 -1 -1000 -1000 -1000 -10 1
382 130 Car -1 -1 -1 567.04 168.19 589.69 184.18 -1 -1 -1 -1000 -1000 -1000 -10 1
383 130 Car -1 -1 -1 566.85 168.34 589.24 184.27 -1 -1 -1 -1000 -1000 -1000 -10 1
385 140 Car -1 -1 -1 568.67 170.83 590.25 189.59 -1 -1 -1 -1000 -1000 -1000 -10 1
386 140 Car -1 -1 -1 568.56 170.78 590.31 189.03 -1 -1 -1 -1000 -1000 -1000 -10 1
387 140 Car -1 -1 -1 567.89 169.51 589.50 186.89 -1 -1 -1 -1000 -1000 -1000 -10 1
388 140 Car -1 -1 -1 566.65 166.20 588.70 183.14 -1 -1 -1 -1000 -1000 -1000 -10 1
389 141 Car -1 -1 -1 570.98 171.27 592.01 189.21 -1 -1 -1 -1000 -1000 -1000 -10 1
392 142 Car -1 -1 -1 377.40 157.42 428.24 196.74 -1 -1 -1 -1000 -1000 -1000 -10 1
393 142 Car -1 -1 -1 333.55 154.28 399.70 202.95 -1 -1 -1 -1000 -1000 -1000 -10 1
394 142 Car -1 -1 -1 264.29 147.75 353.70 209.50 -1 -1 -1 -1000 -1000 -1000 -10 1
395 143 Car -1 -1 -1 574.99 173.47 595.35 191.45 -1 -1 -1 -1000 -1000 -1000 -10 1
397 145 Car -1 -1 -1 576.00 171.19 596.44 188.40 -1 -1 -1 -1000 -1000 -1000 -10 1
398 148 Car -1 -1 -1 154.39 168.54 260.21 215.02 -1 -1 -1 -1000 -1000 -1000 -10 1
398 145 Car -1 -1 -1 576.32 171.81 596.16 188.67 -1 -1 -1 -1000 -1000 -1000 -10 1
