9 1 Car -1 -1 -1 474.25 171.29 503.38 192.38 -1 -1 -1 -1000 -1000 -1000 -10 1
10 2 Car -1 -1 -1 404.58 174.89 436.63 195.91 -1 -1 -1 -1000 -1000 -1000 -10 1
10 1 Car -1 -1 -1 482.68 168.63 517.44 191.57 -1 -1 -1 -1000 -1000 -1000 -10 1
11 2 Car -1 -1 -1 395.17 173.25 426.22 193.32 -1 -1 -1 -1000 -1000 -1000 -10 1
12 2 Car -1 -1 -1 398.07 172.55 429.98 192.73 -1 -1 -1 -1000 -1000 -1000 -10 1
13 3 Car -1 -1 -1 550.69 171.40 603.17 195.86 -1 -1 -1 -1000 -1000 -1000 -10 1
13 2 Car -1 -1 -1 403.56 173.51 437.54 195.02 -1 -1 -1 -1000 -1000 -1000 -10 1
14 3 Car -1 -1 -1 583.96 171.46 639.35 196.76 -1 -1 -1 -1000 -1000 -1000 -10 1
14 2 Car -1 -1 -1 409.15 173.28 448.80 196.46 -1 -1 -1 -1000 -1000 -1000 -10 1
15 3 Car -1 -1 -1 627.26 173.72 685.44 201.03 -1 -1 -1 -1000 -1000 -1000 -10 1
15 2 Car -1 -1 -1 419.88 175.18 461.80 199.33 -1 -1 -1 -1000 -1000 -1000 -10 1
16 3 Car -1 -1 -1 670.47 171.88 732.93 200.77 -1 -1 -1 -1000 -1000 -1000 -10 1
17 3 Car -1 -1 -1 718.22 169.93 781.85 199.40 -1 -1 -1 -1000 -1000 -1000 -10 1
18 3 Car -1 -1 -1 773.72 170.09 845.65 201.59 -1 -1 -1 -1000 -1000 -1000 -10 1
19 4 Car -1 -1 -1 453.03 169.79 550.37 205.04 -1 -1 -1 -1000 -1000 -1000 -10 1
19 3 Car -1 -1 -1 830.00 166.97 916.65 201.53 -1 -1 -1 -1000 -1000 -1000 -10 1
20 4 Car -1 -1 -1 477.36 170.40 557.23 205.00 -1 -1 -1 -1000 -1000 -1000 -10 1
20 3 Car -1 -1 -1 890.01 165.81 982.73 202.24 -1 -1 -1 -1000 -1000 -1000 -10 1
21 4 Car -1 -1 -1 507.45 166.83 603.05 208.38 -1 -1 -1 -1000 -1000 -1000 -10 1
21 3 Car -1 -1 -1 953.61 161.98 1052.25 200.41 -1 -1 -1 -1000 -1000 -1000 -10 1
22 5 Car -1 -1 -1 521.97 165.06 639.25 214.64 -1 -1 -1 -1000 -1000 -1000 -10 1
22 4 Car -1 -1 -1 527.79 165.29 641.31 210.21 -1 -1 -1 -1000 -1000 -1000 -10 1
22 3 Car -1 -1 -1 1025.33 156.94 1125.29 196.84 -1 -1 -1 -1000 -1000 -1000 -10 1
23 4 Car -1 -1 -1 551.76 163.13 678.41 209.97 -1 -1 -1 -1000 -1000 -1000 -10 1
23 3 Car -1 -1 -1 1090.61 159.34 1197.34 197.88 -1 -1 -1 -1000 -1000 -1000 -10 1
24 4 Car -1 -1 -1 582.27 160.25 711.88 209.76 -1 -1 -1 -1000 -1000 -1000 -10 1
24 3 Car -1 -1 -1 1148.80 151.18 1252.19 192.26 -1 -1 -1 -1000 -1000 -1000 -10 1
25 4 Car -1 -1 -1 615.95 162.64 759.11 212.57 -1 -1 -1 -1000 -1000 -1000 -10 1
26 4 Car -1 -1 -1 640.62 157.56 797.49 212.23 -1 -1 -1 -1000 -1000 -1000 -10 1
27 4 Car -1 -1 -1 669.63 148.82 840.82 212.30 -1 -1 -1 -1000 -1000 -1000 -10 1
28 4 Car -1 -1 -1 700.56 146.65 878.49 213.60 -1 -1 -1 -1000 -1000 -1000 -10 1
29 4 Car -1 -1 -1 731.44 145.53 905.07 212.90 -1 -1 -1 -1000 -1000 -1000 -10 1
30 4 Car -1 -1 -1 762.94 132.98 942.30 209.42 -1 -1 -1 -1000 -1000 -1000 -10 1
31 4 Car -1 -1 -1 782.30 131.25 953.80 210.69 -1 -1 -1 -1000 -1000 -1000 -10 1
32 4 Car -1 -1 -1 795.84 129.49 965.23 211.23 -1 -1 -1 -1000 -1000 -1000 -10 1
33 13 Car -1 -1 -1 797.13 140.89 944.31 213.04 -1 -1 -1 -1000 -1000 -1000 -10 1
33 4 Car -1 -1 -1 796.76 133.51 959.48 215.65 -1 -1 -1 -1000 -1000 -1000 -10 1
34 13 Car -1 -1 -1 791.63 148.30 931.65 220.50 -1 -1 -1 -1000 -1000 -1000 -10 1
35 13 Car -1 -1 -1 788.67 160.01 913.88 225.87 -1 -1 -1 -1000 -1000 -1000 -10 1
36 13 Car -1 -1 -1 774.21 165.34 889.50 229.20 -1 -1 -1 -1000 -1000 -1000 -10 1
38 20 Car -1 -1 -1 246.69 188.03 401.48 252.62 -1 -1 -1 -1000 -1000 -1000 -10 1
38 16 Car -1 -1 -1 721.44 169.47 812.99 228.89 -1 -1 -1 -1000 -1000 -1000 -10 1
39 20 Car -1 -1 -1 41.05 195.06 237.87 271.26 -1 -1 -1 -1000 -1000 -1000 -10 1
39 16 Car -1 -1 -1 692.36 169.04 772.69 224.67 -1 -1 -1 -1000 -1000 -1000 -10 1
40 16 Car -1 -1 -1 664.50 170.26 733.92 221.99 -1 -1 -1 -1000 -1000 -1000 -10 1
41 16 Car -1 -1 -1 637.52 169.21 701.47 218.19 -1 -1 -1 -1000 -1000 -1000 -10 1
42 16 Car -1 -1 -1 610.77 172.38 671.25 220.13 -1 -1 -1 -1000 -1000 -1000 -10 1
43 16 Car -1 -1 -1 587.48 177.51 645.92 224.72 -1 -1 -1 -1000 -1000 -1000 -10 1
44 16 Car -1 -1 -1 569.21 177.29 625.65 225.01 -1 -1 -1 -1000 -1000 -1000 -10 1
45 16 Car -1 -1 -1 562.59 177.92 616.58 224.54 -1 -1 -1 -1000 -1000 -1000 -10 1
46 16 Car -1 -1 -1 559.47 181.27 612.42 226.97 -1 -1 -1 -1000 -1000 -1000 -10 1
47 16 Car -1 -1 -1 558.55 182.44 610.85 227.46 -1 -1 -1 -1000 -1000 -1000 -10 1
48 16 Car -1 -1 -1 553.42 184.25 604.32 228.95 -1 -1 -1 -1000 -1000 -1000 -10 1
49 16 Car -1 -1 -1 549.00 184.01 598.38 228.25 -1 -1 -1 -1000 -1000 -1000 -10 1
50 16 Car -1 -1 -1 547.29 182.00 595.56 226.46 -1 -1 -1 -1000 -1000 -1000 -10 1
52 16 Car -1 -1 -1 544.26 180.39 589.50 219.47 -1 -1 -1 -1000 -1000 -1000 -10 1
53 21 Car -1 -1 -1 544.92 175.99 592.45 214.67 -1 -1 -1 -1000 -1000 -1000 -10 1
53 16 Car -1 -1 -1 543.97 179.91 587.34 217.26 -1 -1 -1 -1000 -1000 -1000 -10 1
54 21 Car -1 -1 -1 542.88 179.06 586.74 215.81 -1 -1 -1 -1000 -1000 -1000 -10 1
55 21 Car -1 -1 -1 544.55 179.15 585.67 214.05 -1 -1 -1 -1000 -1000 -1000 -10 1
56 21 Car -1 -1 -1 546.51 179.82 585.38 213.33 -1 -1 -1 -1000 -1000 -1000 -10 1
57 21 Car -1 -1 -1 549.40 180.74 585.55 212.25 -1 -1 -1 -1000 -1000 -1000 -10 1
58 21 Car -1 -1 -1 551.92 179.99 586.63 210.08 -1 -1 -1 -1000 -1000 -1000 -10 1
59 21 Car -1 -1 -1 552.97 178.80 587.11 208.35 -1 -1 -1 -1000 -1000 -1000 -10 1
60 21 Car -1 -1 -1 552.71 178.83 586.32 207.75 -1 -1 -1 -1000 -1000 -1000 -10 1
61 21 Car -1 -1 -1 551.06 179.92 584.31 208.52 -1 -1 -1 -1000 -1000 -1000 -10 1
62 21 Car -1 -1 -1 550.14 177.94 583.23 206.69 -1 -1 -1 -1000 -1000 -1000 -10 1
63 21 Car -1 -1 -1 548.02 177.48 580.74 205.89 -1 -1 -1 -1000 -1000 -1000 -10 1
64 21 Car -1 -1 -1 545.50 176.97 577.75 203.87 -1 -1 -1 -1000 -1000 -1000 -10 1
65 21 Car -1 -1 -1 543.76 176.93 574.64 202.10 -1 -1 -1 -1000 -1000 -1000 -10 1
66 21 Car -1 -1 -1 543.44 179.05 571.91 202.71 -1 -1 -1 -1000 -1000 -1000 -10 1
67 21 Car -1 -1 -1 540.54 179.90 569.27 204.76 -1 -1 -1 -1000 -1000 -1000 -10 1
68 21 Car -1 -1 -1 537.85 180.45 566.52 205.90 -1 -1 -1 -1000 -1000 -1000 -10 1
69 21 Car -1 -1 -1 536.61 180.37 565.43 205.87 -1 -1 -1 -1000 -1000 -1000 -10 1
70 21 Car -1 -1 -1 536.20 178.90 564.66 203.26 -1 -1 -1 -1000 -1000 -1000 -10 1
71 21 Car -1 -1 -1 540.92 179.18 567.98 201.54 -1 -1 -1 -1000 -1000 -1000 -10 1
72 21 Car -1 -1 -1 543.71 178.31 569.47 199.47 -1 -1 -1 -1000 -1000 -1000 -10 1
73 21 Car -1 -1 -1 544.76 179.24 569.65 199.72 -1 -1 -1 -1000 -1000 -1000 -10 1
74 21 Car -1 -1 -1 545.15 180.09 569.61 200.06 -1 -1 -1 -1000 -1000 -1000 -10 1
80 22 Car -1 -1 -1 535.28 176.84 555.88 193.90 -1 -1 -1 -1000 -1000 -1000 -10 1
81 22 Car -1 -1 -1 538.95 176.48 558.99 193.13 -1 -1 -1 -1000 -1000 -1000 -10 1
82 22 Car -1 -1 -1 544.87 175.04 566.64 192.87 -1 -1 -1 -1000 -1000 -1000 -10 1
83 22 Car -1 -1 -1 547.60 174.34 571.24 193.75 -1 -1 -1 -1000 -1000 -1000 -10 1
84 22 Car -1 -1 -1 549.01 173.98 573.76 194.40 -1 -1 -1 -1000 -1000 -1000 -10 1
85 22 Car -1 -1 -1 549.14 172.34 575.25 193.50 -1 -1 -1 -1000 -1000 -1000 -10 1
86 22 Car -1 -1 -1 549.37 172.17 574.85 192.29 -1 -1 -1 -1000 -1000 -1000 -10 1
87 22 Car -1 -1 -1 548.03 171.70 572.79 191.64 -1 -1 -1 -1000 -1000 -1000 -10 1
88 22 Car -1 -1 -1 545.59 170.57 569.66 190.57 -1 -1 -1 -1000 -1000 -1000 -10 1
89 23 Car -1 -1 -1 550.12 176.98 572.43 194.94 -1 -1 -1 -1000 -1000 -1000 -10 1
89 22 Car -1 -1 -1 545.92 170.63 570.05 190.59 -1 -1 -1 -1000 -1000 -1000 -10 1
92 22 Car -1 -1 -1 551.71 168.05 574.41 187.25 -1 -1 -1 -1000 -1000 -1000 -10 1
112 27 Car -1 -1 -1 582.08 170.39 605.24 192.06 -1 -1 -1 -1000 -1000 -1000 -10 1
113 28 Car -1 -1 -1 577.95 169.82 606.22 190.18 -1 -1 -1 -1000 -1000 -1000 -10 1
113 27 Car -1 -1 -1 581.17 172.34 605.76 194.88 -1 -1 -1 -1000 -1000 -1000 -10 1
114 28 Car -1 -1 -1 565.49 170.18 597.13 191.79 -1 -1 -1 -1000 -1000 -1000 -10 1
115 28 Car -1 -1 -1 556.70 167.16 592.88 193.61 -1 -1 -1 -1000 -1000 -1000 -10 1
116 28 Car -1 -1 -1 544.15 172.86 586.11 196.98 -1 -1 -1 -1000 -1000 -1000 -10 1
117 28 Car -1 -1 -1 529.60 171.25 578.24 200.34 -1 -1 -1 -1000 -1000 -1000 -10 1
119 32 Car -1 -1 -1 480.99 177.89 552.32 218.94 -1 -1 -1 -1000 -1000 -1000 -10 1
119 31 Car -1 -1 -1 567.68 172.12 601.87 197.10 -1 -1 -1 -1000 -1000 -1000 -10 1
120 33 Car -1 -1 -1 376.86 180.70 432.31 205.50 -1 -1 -1 -1000 -1000 -1000 -10 1
120 32 Car -1 -1 -1 438.91 183.34 532.52 233.88 -1 -1 -1 -1000 -1000 -1000 -10 1
120 31 Car -1 -1 -1 558.08 174.90 595.59 201.56 -1 -1 -1 -1000 -1000 -1000 -10 1
121 35 Car -1 -1 -1 596.07 177.71 629.39 195.56 -1 -1 -1 -1000 -1000 -1000 -10 1
121 32 Car -1 -1 -1 359.29 186.12 494.51 259.06 -1 -1 -1 -1000 -1000 -1000 -10 1
121 31 Car -1 -1 -1 542.38 176.63 586.76 206.30 -1 -1 -1 -1000 -1000 -1000 -10 1
122 35 Car -1 -1 -1 585.14 177.27 622.48 198.62 -1 -1 -1 -1000 -1000 -1000 -10 1
122 31 Car -1 -1 -1 512.98 175.09 573.59 216.88 -1 -1 -1 -1000 -1000 -1000 -10 1
123 35 Car -1 -1 -1 570.98 177.22 614.96 201.71 -1 -1 -1 -1000 -1000 -1000 -10 1
123 31 Car -1 -1 -1 472.99 179.85 551.68 231.13 -1 -1 -1 -1000 -1000 -1000 -10 1
124 35 Car -1 -1 -1 551.27 178.28 603.75 206.22 -1 -1 -1 -1000 -1000 -1000 -10 1
124 31 Car -1 -1 -1 405.16 180.43 515.65 251.38 -1 -1 -1 -1000 -1000 -1000 -10 1
125 35 Car -1 -1 -1 525.65 181.02 586.64 214.75 -1 -1 -1 -1000 -1000 -1000 -10 1
126 35 Car -1 -1 -1 496.99 180.87 568.08 220.67 -1 -1 -1 -1000 -1000 -1000 -10 1
127 45 Car -1 -1 -1 305.05 176.13 431.20 214.49 -1 -1 -1 -1000 -1000 -1000 -10 1
127 35 Car -1 -1 -1 444.07 183.19 545.11 233.82 -1 -1 -1 -1000 -1000 -1000 -10 1
128 46 Car -1 -1 -1 139.67 182.76 260.83 225.43 -1 -1 -1 -1000 -1000 -1000 -10 1
128 45 Car -1 -1 -1 266.66 177.71 410.94 225.29 -1 -1 -1 -1000 -1000 -1000 -10 1
128 35 Car -1 -1 -1 362.58 191.12 495.87 260.26 -1 -1 -1 -1000 -1000 -1000 -10 1
129 46 Car -1 -1 -1 87.02 182.95 218.57 229.19 -1 -1 -1 -1000 -1000 -1000 -10 1
129 45 Car -1 -1 -1 196.61 180.13 335.62 229.93 -1 -1 -1 -1000 -1000 -1000 -10 1
130 46 Car -1 -1 -1 15.37 186.12 173.96 243.60 -1 -1 -1 -1000 -1000 -1000 -10 1
130 45 Car -1 -1 -1 151.07 180.42 318.89 245.94 -1 -1 -1 -1000 -1000 -1000 -10 1
131 50 Car -1 -1 -1 189.23 179.77 357.03 237.60 -1 -1 -1 -1000 -1000 -1000 -10 1
131 46 Car -1 -1 -1 -20.40 192.06 119.54 251.17 -1 -1 -1 -1000 -1000 -1000 -10 1
131 45 Car -1 -1 -1 77.15 184.11 275.82 268.01 -1 -1 -1 -1000 -1000 -1000 -10 1
132 50 Car -1 -1 -1 126.01 177.60 326.65 247.58 -1 -1 -1 -1000 -1000 -1000 -10 1
132 45 Car -1 -1 -1 -0.86 184.32 205.58 290.74 -1 -1 -1 -1000 -1000 -1000 -10 1
133 50 Car -1 -1 -1 47.14 184.92 278.17 262.41 -1 -1 -1 -1000 -1000 -1000 -10 1
133 45 Car -1 -1 -1 -38.44 179.86 137.02 308.60 -1 -1 -1 -1000 -1000 -1000 -10 1
134 50 Car -1 -1 -1 -6.17 191.19 245.03 275.49 -1 -1 -1 -1000 -1000 -1000 -10 1
135 50 Car -1 -1 -1 -25.18 196.55 215.08 295.28 -1 -1 -1 -1000 -1000 -1000 -10 1
136 50 Car -1 -1 -1 -39.24 197.82 166.79 313.19 -1 -1 -1 -1000 -1000 -1000 -10 1
137 50 Car -1 -1 -1 -41.70 219.84 109.08 339.34 -1 -1 -1 -1000 -1000 -1000 -10 1
