0 5 Car -1 -1 -1 896.17 158.44 1037.95 212.92 -1 -1 -1 -1000 -1000 -1000 -10 1
0 4 Car -1 -1 -1 539.35 179.75 726.54 254.00 -1 -1 -1 -1000 -1000 -1000 -10 1
0 3 Car -1 -1 -1 938.78 172.42 1092.57 217.41 -1 -1 -1 -1000 -1000 -1000 -10 1
0 2 Car -1 -1 -1 87.58 188.36 249.31 239.60 -1 -1 -1 -1000 -1000 -1000 -10 1
0 1 Car -1 -1 -1 677.15 161.63 731.16 199.49 -1 -1 -1 -1000 -1000 -1000 -10 1
1 6 Car -1 -1 -1 550.61 178.42 601.86 211.23 -1 -1 -1 -1000 -1000 -1000 -10 1
1 4 Car -1 -1 -1 621.55 180.57 813.92 255.00 -1 -1 -1 -1000 -1000 -1000 -10 1
1 3 Car -1 -1 -1 937.60 172.27 1092.02 217.92 -1 -1 -1 -1000 -1000 -1000 -10 1
1 2 Car -1 -1 -1 144.93 187.81 300.83 236.52 -1 -1 -1 -1000 -1000 -1000 -10 1
2 6 Car -1 -1 -1 566.67 176.31 611.70 205.39 -1 -1 -1 -1000 -1000 -1000 -10 1
2 4 Car -1 -1 -1 709.58 181.88 919.63 258.06 -1 -1 -1 -1000 -1000 -1000 -10 1
2 3 Car -1 -1 -1 922.11 174.10 1071.00 219.37 -1 -1 -1 -1000 -1000 -1000 -10 1
2 2 Car -1 -1 -1 205.74 187.35 346.41 229.24 -1 -1 -1 -1000 -1000 -1000 -10 1
3 6 Car -1 -1 -1 576.83 178.68 617.44 208.39 -1 -1 -1 -1000 -1000 -1000 -10 1
3 4 Car -1 -1 -1 796.80 177.86 1021.18 258.62 -1 -1 -1 -1000 -1000 -1000 -10 1
3 3 Car -1 -1 -1 943.85 175.99 1090.12 223.73 -1 -1 -1 -1000 -1000 -1000 -10 1
3 2 Car -1 -1 -1 260.52 188.05 399.82 227.48 -1 -1 -1 -1000 -1000 -1000 -10 1
4 7 Car -1 -1 -1 662.34 164.01 720.75 196.81 -1 -1 -1 -1000 -1000 -1000 -10 1
4 6 Car -1 -1 -1 581.80 178.29 619.44 208.07 -1 -1 -1 -1000 -1000 -1000 -10 1
4 4 Car -1 -1 -1 896.08 171.88 1129.88 255.83 -1 -1 -1 -1000 -1000 -1000 -10 1
4 2 Car -1 -1 -1 304.39 187.71 436.78 223.99 -1 -1 -1 -1000 -1000 -1000 -10 1
5 7 Car -1 -1 -1 661.05 163.73 719.39 197.14 -1 -1 -1 -1000 -1000 -1000 -10 1
5 6 Car -1 -1 -1 590.45 177.38 624.15 205.76 -1 -1 -1 -1000 -1000 -1000 -10 1
5 4 Car -1 -1 -1 990.53 166.10 1233.57 254.40 -1 -1 -1 -1000 -1000 -1000 -10 1
5 2 Car -1 -1 -1 337.31 188.06 466.50 222.78 -1 -1 -1 -1000 -1000 -1000 -10 1
6 11 Car -1 -1 -1 5.22 184.95 99.98 242.05 -1 -1 -1 -1000 -1000 -1000 -10 1
6 10 Car -1 -1 -1 942.42 172.13 1088.35 218.25 -1 -1 -1 -1000 -1000 -1000 -10 1
6 8 Car -1 -1 -1 658.29 167.68 716.39 201.07 -1 -1 -1 -1000 -1000 -1000 -10 1
6 7 Car -1 -1 -1 656.51 162.79 724.27 199.19 -1 -1 -1 -1000 -1000 -1000 -10 1
6 6 Car -1 -1 -1 588.70 177.37 620.35 204.66 -1 -1 -1 -1000 -1000 -1000 -10 1
6 4 Car -1 -1 -1 1067.61 162.55 1285.75 254.14 -1 -1 -1 -1000 -1000 -1000 -10 1
6 2 Car -1 -1 -1 382.18 188.10 506.95 221.42 -1 -1 -1 -1000 -1000 -1000 -10 1
7 11 Car -1 -1 -1 11.41 183.12 145.00 245.00 -1 -1 -1 -1000 -1000 -1000 -10 1
7 10 Car -1 -1 -1 943.77 173.05 1089.54 218.45 -1 -1 -1 -1000 -1000 -1000 -10 1
7 8 Car -1 -1 -1 658.36 167.89 716.36 201.04 -1 -1 -1 -1000 -1000 -1000 -10 1
7 7 Car -1 -1 -1 656.17 162.89 724.25 199.20 -1 -1 -1 -1000 -1000 -1000 -10 1
7 6 Car -1 -1 -1 591.85 176.52 621.50 202.97 -1 -1 -1 -1000 -1000 -1000 -10 1
7 2 Car -1 -1 -1 416.06 185.12 532.49 217.45 -1 -1 -1 -1000 -1000 -1000 -10 1
8 11 Car -1 -1 -1 27.82 182.72 196.00 245.47 -1 -1 -1 -1000 -1000 -1000 -10 1
8 10 Car -1 -1 -1 942.45 172.94 1089.40 218.08 -1 -1 -1 -1000 -1000 -1000 -10 1
8 8 Car -1 -1 -1 658.49 168.16 716.23 201.33 -1 -1 -1 -1000 -1000 -1000 -10 1
8 7 Car -1 -1 -1 654.94 163.12 724.89 199.96 -1 -1 -1 -1000 -1000 -1000 -10 1
8 6 Car -1 -1 -1 592.27 175.16 620.98 201.20 -1 -1 -1 -1000 -1000 -1000 -10 1
8 2 Car -1 -1 -1 450.12 184.02 551.96 213.83 -1 -1 -1 -1000 -1000 -1000 -10 1
9 16 Car -1 -1 -1 1175.05 172.08 1239.28 213.05 -1 -1 -1 -1000 -1000 -1000 -10 1
9 15 Car -1 -1 -1 793.72 175.03 874.82 203.48 -1 -1 -1 -1000 -1000 -1000 -10 1
9 14 Car -1 -1 -1 588.85 174.80 619.69 200.66 -1 -1 -1 -1000 -1000 -1000 -10 1
9 11 Car -1 -1 -1 70.86 182.45 258.17 243.21 -1 -1 -1 -1000 -1000 -1000 -10 1
9 10 Car -1 -1 -1 941.30 173.03 1088.44 217.91 -1 -1 -1 -1000 -1000 -1000 -10 1
9 8 Car -1 -1 -1 659.62 166.78 717.65 200.58 -1 -1 -1 -1000 -1000 -1000 -10 1
9 7 Car -1 -1 -1 652.17 162.72 728.04 200.82 -1 -1 -1 -1000 -1000 -1000 -10 1
9 2 Car -1 -1 -1 478.87 182.81 570.93 212.35 -1 -1 -1 -1000 -1000 -1000 -10 1
10 16 Car -1 -1 -1 1173.55 173.64 1237.33 212.93 -1 -1 -1 -1000 -1000 -1000 -10 1
10 15 Car -1 -1 -1 790.10 174.67 871.14 203.20 -1 -1 -1 -1000 -1000 -1000 -10 1
10 14 Car -1 -1 -1 588.14 175.14 617.46 200.72 -1 -1 -1 -1000 -1000 -1000 -10 1
10 11 Car -1 -1 -1 134.36 181.31 316.97 235.38 -1 -1 -1 -1000 -1000 -1000 -10 1
10 10 Car -1 -1 -1 940.78 173.11 1088.28 218.09 -1 -1 -1 -1000 -1000 -1000 -10 1
10 8 Car -1 -1 -1 660.82 166.18 718.51 200.36 -1 -1 -1 -1000 -1000 -1000 -10 1
10 7 Car -1 -1 -1 654.85 161.76 726.07 199.40 -1 -1 -1 -1000 -1000 -1000 -10 1
11 17 Car -1 -1 -1 457.78 178.35 488.57 197.01 -1 -1 -1 -1000 -1000 -1000 -10 1
11 16 Car -1 -1 -1 1173.67 171.04 1240.94 212.75 -1 -1 -1 -1000 -1000 -1000 -10 1
11 15 Car -1 -1 -1 785.86 174.69 863.71 202.60 -1 -1 -1 -1000 -1000 -1000 -10 1
11 14 Car -1 -1 -1 583.57 175.86 612.46 200.91 -1 -1 -1 -1000 -1000 -1000 -10 1
11 11 Car -1 -1 -1 191.05 182.13 367.04 231.01 -1 -1 -1 -1000 -1000 -1000 -10 1
11 10 Car -1 -1 -1 939.99 172.93 1088.32 218.03 -1 -1 -1 -1000 -1000 -1000 -10 1
11 8 Car -1 -1 -1 660.92 166.28 718.31 200.32 -1 -1 -1 -1000 -1000 -1000 -10 1
11 7 Car -1 -1 -1 659.29 161.69 722.72 198.12 -1 -1 -1 -1000 -1000 -1000 -10 1
11 2 Car -1 -1 -1 523.45 181.62 586.84 210.04 -1 -1 -1 -1000 -1000 -1000 -10 1
12 17 Car -1 -1 -1 455.93 178.34 487.93 197.91 -1 -1 -1 -1000 -1000 -1000 -10 1
12 16 Car -1 -1 -1 1172.37 169.22 1242.18 212.53 -1 -1 -1 -1000 -1000 -1000 -10 1
12 15 Car -1 -1 -1 778.47 173.82 856.35 202.43 -1 -1 -1 -1000 -1000 -1000 -10 1
12 11 Car -1 -1 -1 243.65 181.68 416.12 230.33 -1 -1 -1 -1000 -1000 -1000 -10 1
12 10 Car -1 -1 -1 939.69 172.77 1088.79 217.84 -1 -1 -1 -1000 -1000 -1000 -10 1
12 8 Car -1 -1 -1 658.93 167.25 715.84 200.73 -1 -1 -1 -1000 -1000 -1000 -10 1
12 7 Car -1 -1 -1 661.40 162.84 720.07 198.30 -1 -1 -1 -1000 -1000 -1000 -10 1
12 2 Car -1 -1 -1 542.17 180.33 596.03 208.00 -1 -1 -1 -1000 -1000 -1000 -10 1
13 17 Car -1 -1 -1 449.35 179.83 482.57 199.89 -1 -1 -1 -1000 -1000 -1000 -10 1
13 16 Car -1 -1 -1 1169.10 167.42 1241.26 211.43 -1 -1 -1 -1000 -1000 -1000 -10 1
13 15 Car -1 -1 -1 772.46 172.64 850.67 202.88 -1 -1 -1 -1000 -1000 -1000 -10 1
13 11 Car -1 -1 -1 290.05 181.89 456.17 223.83 -1 -1 -1 -1000 -1000 -1000 -10 1
13 10 Car -1 -1 -1 939.52 172.66 1088.97 217.72 -1 -1 -1 -1000 -1000 -1000 -10 1
13 8 Car -1 -1 -1 656.30 167.49 714.36 201.47 -1 -1 -1 -1000 -1000 -1000 -10 1
13 7 Car -1 -1 -1 660.84 163.87 717.40 198.84 -1 -1 -1 -1000 -1000 -1000 -10 1
14 16 Car -1 -1 -1 1165.36 166.28 1240.56 211.35 -1 -1 -1 -1000 -1000 -1000 -10 1
14 15 Car -1 -1 -1 765.23 169.95 847.15 202.04 -1 -1 -1 -1000 -1000 -1000 -10 1
14 11 Car -1 -1 -1 339.59 181.97 491.22 221.39 -1 -1 -1 -1000 -1000 -1000 -10 1
14 10 Car -1 -1 -1 939.27 172.57 1089.84 217.73 -1 -1 -1 -1000 -1000 -1000 -10 1
14 8 Car -1 -1 -1 655.62 167.13 713.77 201.83 -1 -1 -1 -1000 -1000 -1000 -10 1
14 7 Car -1 -1 -1 661.33 163.05 716.31 197.77 -1 -1 -1 -1000 -1000 -1000 -10 1
15 18 Car -1 -1 -1 564.93 177.43 605.46 203.14 -1 -1 -1 -1000 -1000 -1000 -10 1
15 16 Car -1 -1 -1 1157.22 166.76 1238.78 212.15 -1 -1 -1 -1000 -1000 -1000 -10 1
15 15 Car -1 -1 -1 763.86 170.09 845.19 202.69 -1 -1 -1 -1000 -1000 -1000 -10 1
15 11 Car -1 -1 -1 381.53 180.59 521.93 218.02 -1 -1 -1 -1000 -1000 -1000 -10 1
15 10 Car -1 -1 -1 938.73 172.42 1090.25 217.65 -1 -1 -1 -1000 -1000 -1000 -10 1
15 7 Car -1 -1 -1 662.22 163.11 715.07 197.48 -1 -1 -1 -1000 -1000 -1000 -10 1
16 18 Car -1 -1 -1 570.41 179.34 603.45 203.87 -1 -1 -1 -1000 -1000 -1000 -10 1
16 16 Car -1 -1 -1 1150.45 166.58 1239.25 212.21 -1 -1 -1 -1000 -1000 -1000 -10 1
16 15 Car -1 -1 -1 764.46 170.70 842.45 202.82 -1 -1 -1 -1000 -1000 -1000 -10 1
16 11 Car -1 -1 -1 414.19 177.10 545.04 212.06 -1 -1 -1 -1000 -1000 -1000 -10 1
16 10 Car -1 -1 -1 938.36 172.25 1090.69 217.46 -1 -1 -1 -1000 -1000 -1000 -10 1
16 7 Car -1 -1 -1 662.25 162.92 712.79 197.04 -1 -1 -1 -1000 -1000 -1000 -10 1
17 16 Car -1 -1 -1 1139.76 164.64 1239.41 212.29 -1 -1 -1 -1000 -1000 -1000 -10 1
17 15 Car -1 -1 -1 763.00 170.57 837.16 202.62 -1 -1 -1 -1000 -1000 -1000 -10 1
17 11 Car -1 -1 -1 449.53 177.36 561.71 210.77 -1 -1 -1 -1000 -1000 -1000 -10 1
17 10 Car -1 -1 -1 937.80 172.17 1090.58 217.49 -1 -1 -1 -1000 -1000 -1000 -10 1
17 7 Car -1 -1 -1 660.58 162.86 710.62 197.57 -1 -1 -1 -1000 -1000 -1000 -10 1
18 16 Car -1 -1 -1 1134.71 165.44 1240.31 213.16 -1 -1 -1 -1000 -1000 -1000 -10 1
18 15 Car -1 -1 -1 760.22 170.32 832.45 202.51 -1 -1 -1 -1000 -1000 -1000 -10 1
18 11 Car -1 -1 -1 482.25 175.63 573.11 208.47 -1 -1 -1 -1000 -1000 -1000 -10 1
18 10 Car -1 -1 -1 937.93 172.04 1090.80 217.46 -1 -1 -1 -1000 -1000 -1000 -10 1
18 7 Car -1 -1 -1 662.28 162.63 711.46 197.31 -1 -1 -1 -1000 -1000 -1000 -10 1
19 20 Car -1 -1 -1 421.72 178.24 466.44 202.41 -1 -1 -1 -1000 -1000 -1000 -10 1
19 16 Car -1 -1 -1 1124.27 165.86 1237.81 213.99 -1 -1 -1 -1000 -1000 -1000 -10 1
19 15 Car -1 -1 -1 759.04 169.95 830.32 202.53 -1 -1 -1 -1000 -1000 -1000 -10 1
19 11 Car -1 -1 -1 508.13 176.12 587.49 208.35 -1 -1 -1 -1000 -1000 -1000 -10 1
19 10 Car -1 -1 -1 937.99 172.06 1090.76 217.63 -1 -1 -1 -1000 -1000 -1000 -10 1
19 7 Car -1 -1 -1 662.19 164.09 711.07 198.57 -1 -1 -1 -1000 -1000 -1000 -10 1
20 20 Car -1 -1 -1 419.40 176.64 463.54 200.69 -1 -1 -1 -1000 -1000 -1000 -10 1
20 16 Car -1 -1 -1 1116.86 166.85 1236.64 215.90 -1 -1 -1 -1000 -1000 -1000 -10 1
20 15 Car -1 -1 -1 757.25 170.00 827.75 202.41 -1 -1 -1 -1000 -1000 -1000 -10 1
20 11 Car -1 -1 -1 523.55 176.81 593.91 208.44 -1 -1 -1 -1000 -1000 -1000 -10 1
20 10 Car -1 -1 -1 937.77 172.09 1090.86 217.82 -1 -1 -1 -1000 -1000 -1000 -10 1
20 7 Car -1 -1 -1 659.46 165.27 708.12 198.67 -1 -1 -1 -1000 -1000 -1000 -10 1
21 20 Car -1 -1 -1 418.58 177.73 463.54 202.31 -1 -1 -1 -1000 -1000 -1000 -10 1
21 16 Car -1 -1 -1 1114.51 167.18 1236.59 216.05 -1 -1 -1 -1000 -1000 -1000 -10 1
21 15 Car -1 -1 -1 755.55 169.51 825.80 202.24 -1 -1 -1 -1000 -1000 -1000 -10 1
21 11 Car -1 -1 -1 539.87 176.51 600.94 206.67 -1 -1 -1 -1000 -1000 -1000 -10 1
21 10 Car -1 -1 -1 937.79 172.14 1090.85 217.86 -1 -1 -1 -1000 -1000 -1000 -10 1
21 7 Car -1 -1 -1 655.91 165.00 705.17 197.72 -1 -1 -1 -1000 -1000 -1000 -10 1
22 20 Car -1 -1 -1 417.21 178.57 463.83 204.05 -1 -1 -1 -1000 -1000 -1000 -10 1
22 16 Car -1 -1 -1 1113.23 167.44 1236.66 215.40 -1 -1 -1 -1000 -1000 -1000 -10 1
22 15 Car -1 -1 -1 753.73 168.91 824.70 202.35 -1 -1 -1 -1000 -1000 -1000 -10 1
22 11 Car -1 -1 -1 552.67 176.85 603.65 204.40 -1 -1 -1 -1000 -1000 -1000 -10 1
22 10 Car -1 -1 -1 937.83 172.27 1090.68 217.99 -1 -1 -1 -1000 -1000 -1000 -10 1
23 20 Car -1 -1 -1 416.09 178.50 463.43 204.37 -1 -1 -1 -1000 -1000 -1000 -10 1
23 16 Car -1 -1 -1 1111.08 167.50 1236.25 214.94 -1 -1 -1 -1000 -1000 -1000 -10 1
23 15 Car -1 -1 -1 751.57 168.96 823.29 202.56 -1 -1 -1 -1000 -1000 -1000 -10 1
23 11 Car -1 -1 -1 566.06 178.39 605.16 204.33 -1 -1 -1 -1000 -1000 -1000 -10 1
23 10 Car -1 -1 -1 938.06 172.18 1090.77 217.89 -1 -1 -1 -1000 -1000 -1000 -10 1
24 20 Car -1 -1 -1 415.32 178.42 463.23 204.58 -1 -1 -1 -1000 -1000 -1000 -10 1
24 16 Car -1 -1 -1 1109.85 167.27 1236.52 214.41 -1 -1 -1 -1000 -1000 -1000 -10 1
24 15 Car -1 -1 -1 749.98 169.09 822.52 202.73 -1 -1 -1 -1000 -1000 -1000 -10 1
24 11 Car -1 -1 -1 573.51 178.76 604.96 202.80 -1 -1 -1 -1000 -1000 -1000 -10 1
24 10 Car -1 -1 -1 938.16 172.19 1090.58 217.92 -1 -1 -1 -1000 -1000 -1000 -10 1
25 20 Car -1 -1 -1 414.68 178.47 462.49 204.63 -1 -1 -1 -1000 -1000 -1000 -10 1
25 16 Car -1 -1 -1 1108.81 166.82 1236.56 213.60 -1 -1 -1 -1000 -1000 -1000 -10 1
25 15 Car -1 -1 -1 748.01 169.53 821.43 202.75 -1 -1 -1 -1000 -1000 -1000 -10 1
25 11 Car -1 -1 -1 576.49 178.20 605.77 199.99 -1 -1 -1 -1000 -1000 -1000 -10 1
25 10 Car -1 -1 -1 938.04 172.26 1090.49 218.01 -1 -1 -1 -1000 -1000 -1000 -10 1
26 20 Car -1 -1 -1 413.08 178.86 460.19 204.99 -1 -1 -1 -1000 -1000 -1000 -10 1
26 16 Car -1 -1 -1 1109.74 166.55 1237.06 212.73 -1 -1 -1 -1000 -1000 -1000 -10 1
26 15 Car -1 -1 -1 747.15 169.54 820.66 202.64 -1 -1 -1 -1000 -1000 -1000 -10 1
26 11 Car -1 -1 -1 578.11 179.12 603.55 200.42 -1 -1 -1 -1000 -1000 -1000 -10 1
26 10 Car -1 -1 -1 937.17 172.08 1088.64 218.04 -1 -1 -1 -1000 -1000 -1000 -10 1
27 23 Car -1 -1 -1 35.02 184.23 185.23 233.33 -1 -1 -1 -1000 -1000 -1000 -10 1
27 22 Car -1 -1 -1 32.06 182.09 188.00 235.06 -1 -1 -1 -1000 -1000 -1000 -10 1
27 20 Car -1 -1 -1 411.42 178.99 458.01 205.42 -1 -1 -1 -1000 -1000 -1000 -10 1
27 16 Car -1 -1 -1 1107.74 166.06 1236.78 211.93 -1 -1 -1 -1000 -1000 -1000 -10 1
27 15 Car -1 -1 -1 746.68 169.60 819.71 202.67 -1 -1 -1 -1000 -1000 -1000 -10 1
27 11 Car -1 -1 -1 579.85 178.72 602.78 199.40 -1 -1 -1 -1000 -1000 -1000 -10 1
27 10 Car -1 -1 -1 935.67 170.29 1086.61 216.82 -1 -1 -1 -1000 -1000 -1000 -10 1
28 24 Car -1 -1 -1 745.94 161.99 820.22 197.24 -1 -1 -1 -1000 -1000 -1000 -10 1
28 23 Car -1 -1 -1 96.25 184.22 251.54 233.89 -1 -1 -1 -1000 -1000 -1000 -10 1
28 20 Car -1 -1 -1 410.04 179.23 456.52 206.24 -1 -1 -1 -1000 -1000 -1000 -10 1
28 16 Car -1 -1 -1 1104.74 165.79 1236.55 211.64 -1 -1 -1 -1000 -1000 -1000 -10 1
28 15 Car -1 -1 -1 746.01 169.55 818.61 202.78 -1 -1 -1 -1000 -1000 -1000 -10 1
28 10 Car -1 -1 -1 917.73 175.41 1072.48 222.70 -1 -1 -1 -1000 -1000 -1000 -10 1
29 23 Car -1 -1 -1 158.21 184.85 309.63 227.70 -1 -1 -1 -1000 -1000 -1000 -10 1
29 20 Car -1 -1 -1 409.63 178.88 456.72 206.36 -1 -1 -1 -1000 -1000 -1000 -10 1
29 16 Car -1 -1 -1 1102.03 166.67 1236.49 212.85 -1 -1 -1 -1000 -1000 -1000 -10 1
29 15 Car -1 -1 -1 743.22 167.07 824.09 201.60 -1 -1 -1 -1000 -1000 -1000 -10 1
29 10 Car -1 -1 -1 912.67 175.08 1069.77 222.91 -1 -1 -1 -1000 -1000 -1000 -10 1
30 23 Car -1 -1 -1 215.53 183.93 361.06 223.60 -1 -1 -1 -1000 -1000 -1000 -10 1
30 20 Car -1 -1 -1 410.08 178.37 458.08 205.74 -1 -1 -1 -1000 -1000 -1000 -10 1
30 16 Car -1 -1 -1 1100.31 167.57 1236.31 214.70 -1 -1 -1 -1000 -1000 -1000 -10 1
30 15 Car -1 -1 -1 740.69 166.89 826.07 201.89 -1 -1 -1 -1000 -1000 -1000 -10 1
30 10 Car -1 -1 -1 900.36 176.10 1059.82 222.78 -1 -1 -1 -1000 -1000 -1000 -10 1
31 23 Car -1 -1 -1 271.44 179.81 407.91 219.40 -1 -1 -1 -1000 -1000 -1000 -10 1
31 20 Car -1 -1 -1 411.06 178.72 459.69 206.21 -1 -1 -1 -1000 -1000 -1000 -10 1
31 16 Car -1 -1 -1 1100.95 166.94 1237.49 214.63 -1 -1 -1 -1000 -1000 -1000 -10 1
31 15 Car -1 -1 -1 739.09 166.76 826.58 202.07 -1 -1 -1 -1000 -1000 -1000 -10 1
31 10 Car -1 -1 -1 893.46 176.62 1052.33 222.58 -1 -1 -1 -1000 -1000 -1000 -10 1
32 26 Car -1 -1 -1 739.18 162.31 817.94 197.38 -1 -1 -1 -1000 -1000 -1000 -10 1
32 23 Car -1 -1 -1 318.12 177.80 445.50 213.43 -1 -1 -1 -1000 -1000 -1000 -10 1
32 20 Car -1 -1 -1 410.21 177.53 459.43 204.86 -1 -1 -1 -1000 -1000 -1000 -10 1
32 16 Car -1 -1 -1 1101.31 166.42 1237.71 214.37 -1 -1 -1 -1000 -1000 -1000 -10 1
32 15 Car -1 -1 -1 737.64 166.32 826.30 202.04 -1 -1 -1 -1000 -1000 -1000 -10 1
32 10 Car -1 -1 -1 888.32 175.89 1045.11 222.65 -1 -1 -1 -1000 -1000 -1000 -10 1
33 23 Car -1 -1 -1 363.84 177.86 482.76 211.63 -1 -1 -1 -1000 -1000 -1000 -10 1
33 16 Car -1 -1 -1 1100.30 166.75 1236.80 214.85 -1 -1 -1 -1000 -1000 -1000 -10 1
33 10 Car -1 -1 -1 851.96 176.76 1000.43 224.90 -1 -1 -1 -1000 -1000 -1000 -10 1
34 27 Car -1 -1 -1 934.01 176.94 1063.81 221.34 -1 -1 -1 -1000 -1000 -1000 -10 1
34 26 Car -1 -1 -1 738.26 166.53 819.15 201.90 -1 -1 -1 -1000 -1000 -1000 -10 1
34 23 Car -1 -1 -1 396.52 175.60 505.78 208.05 -1 -1 -1 -1000 -1000 -1000 -10 1
34 16 Car -1 -1 -1 1099.84 166.95 1236.43 215.06 -1 -1 -1 -1000 -1000 -1000 -10 1
34 10 Car -1 -1 -1 838.72 179.61 987.23 228.18 -1 -1 -1 -1000 -1000 -1000 -10 1
35 27 Car -1 -1 -1 927.26 175.87 1058.81 220.69 -1 -1 -1 -1000 -1000 -1000 -10 1
35 26 Car -1 -1 -1 738.95 166.89 828.09 203.26 -1 -1 -1 -1000 -1000 -1000 -10 1
35 23 Car -1 -1 -1 421.10 176.51 519.58 208.65 -1 -1 -1 -1000 -1000 -1000 -10 1
35 16 Car -1 -1 -1 1099.67 166.90 1236.63 215.01 -1 -1 -1 -1000 -1000 -1000 -10 1
35 10 Car -1 -1 -1 822.55 179.32 971.20 225.37 -1 -1 -1 -1000 -1000 -1000 -10 1
36 27 Car -1 -1 -1 930.77 174.59 1061.41 218.17 -1 -1 -1 -1000 -1000 -1000 -10 1
36 23 Car -1 -1 -1 460.45 178.74 539.67 209.80 -1 -1 -1 -1000 -1000 -1000 -10 1
36 16 Car -1 -1 -1 1099.88 166.97 1236.64 215.28 -1 -1 -1 -1000 -1000 -1000 -10 1
36 10 Car -1 -1 -1 807.97 177.38 957.61 226.62 -1 -1 -1 -1000 -1000 -1000 -10 1
37 30 Car -1 -1 -1 410.36 178.15 455.84 200.89 -1 -1 -1 -1000 -1000 -1000 -10 1
37 27 Car -1 -1 -1 906.22 173.65 1038.92 215.42 -1 -1 -1 -1000 -1000 -1000 -10 1
37 23 Car -1 -1 -1 485.24 178.77 551.95 208.72 -1 -1 -1 -1000 -1000 -1000 -10 1
37 16 Car -1 -1 -1 1099.94 166.48 1236.73 214.93 -1 -1 -1 -1000 -1000 -1000 -10 1
37 10 Car -1 -1 -1 787.80 178.22 935.41 226.90 -1 -1 -1 -1000 -1000 -1000 -10 1
38 30 Car -1 -1 -1 411.23 177.87 457.47 202.46 -1 -1 -1 -1000 -1000 -1000 -10 1
38 27 Car -1 -1 -1 909.84 175.23 1042.15 216.79 -1 -1 -1 -1000 -1000 -1000 -10 1
38 23 Car -1 -1 -1 503.37 177.26 558.96 204.68 -1 -1 -1 -1000 -1000 -1000 -10 1
38 16 Car -1 -1 -1 1099.94 166.31 1236.94 214.83 -1 -1 -1 -1000 -1000 -1000 -10 1
38 10 Car -1 -1 -1 776.82 179.95 922.95 226.93 -1 -1 -1 -1000 -1000 -1000 -10 1
39 30 Car -1 -1 -1 411.43 177.80 458.23 203.77 -1 -1 -1 -1000 -1000 -1000 -10 1
39 27 Car -1 -1 -1 909.03 177.20 1040.09 215.72 -1 -1 -1 -1000 -1000 -1000 -10 1
39 23 Car -1 -1 -1 519.57 178.30 566.36 204.63 -1 -1 -1 -1000 -1000 -1000 -10 1
39 16 Car -1 -1 -1 1100.87 165.82 1237.01 214.64 -1 -1 -1 -1000 -1000 -1000 -10 1
39 10 Car -1 -1 -1 750.28 180.81 895.20 226.77 -1 -1 -1 -1000 -1000 -1000 -10 1
40 30 Car -1 -1 -1 407.32 178.24 453.39 203.42 -1 -1 -1 -1000 -1000 -1000 -10 1
40 27 Car -1 -1 -1 906.19 176.98 1035.21 214.38 -1 -1 -1 -1000 -1000 -1000 -10 1
40 23 Car -1 -1 -1 535.70 178.37 572.84 202.13 -1 -1 -1 -1000 -1000 -1000 -10 1
40 16 Car -1 -1 -1 1100.15 165.73 1236.41 214.84 -1 -1 -1 -1000 -1000 -1000 -10 1
40 10 Car -1 -1 -1 732.20 182.66 879.91 227.22 -1 -1 -1 -1000 -1000 -1000 -10 1
41 30 Car -1 -1 -1 404.89 178.92 451.35 203.80 -1 -1 -1 -1000 -1000 -1000 -10 1
41 27 Car -1 -1 -1 904.03 175.38 1037.20 213.48 -1 -1 -1 -1000 -1000 -1000 -10 1
41 16 Car -1 -1 -1 1099.67 165.27 1235.82 214.90 -1 -1 -1 -1000 -1000 -1000 -10 1
41 10 Car -1 -1 -1 707.88 180.01 859.36 226.59 -1 -1 -1 -1000 -1000 -1000 -10 1
42 30 Car -1 -1 -1 406.81 179.37 453.92 204.76 -1 -1 -1 -1000 -1000 -1000 -10 1
42 27 Car -1 -1 -1 901.73 173.86 1039.85 212.64 -1 -1 -1 -1000 -1000 -1000 -10 1
42 16 Car -1 -1 -1 1103.10 165.69 1238.22 215.51 -1 -1 -1 -1000 -1000 -1000 -10 1
42 10 Car -1 -1 -1 685.08 179.20 838.41 226.08 -1 -1 -1 -1000 -1000 -1000 -10 1
43 30 Car -1 -1 -1 408.44 178.81 455.69 204.76 -1 -1 -1 -1000 -1000 -1000 -10 1
43 27 Car -1 -1 -1 901.71 173.51 1037.81 213.55 -1 -1 -1 -1000 -1000 -1000 -10 1
43 16 Car -1 -1 -1 1102.68 165.01 1236.25 215.49 -1 -1 -1 -1000 -1000 -1000 -10 1
43 10 Car -1 -1 -1 667.25 178.89 819.56 227.39 -1 -1 -1 -1000 -1000 -1000 -10 1
44 32 Car -1 -1 -1 555.85 175.53 582.45 196.65 -1 -1 -1 -1000 -1000 -1000 -10 1
44 30 Car -1 -1 -1 409.57 178.87 456.13 205.17 -1 -1 -1 -1000 -1000 -1000 -10 1
44 27 Car -1 -1 -1 877.95 170.17 1002.05 210.80 -1 -1 -1 -1000 -1000 -1000 -10 1
44 16 Car -1 -1 -1 1101.22 165.78 1236.23 217.13 -1 -1 -1 -1000 -1000 -1000 -10 1
44 10 Car -1 -1 -1 652.10 180.94 803.96 229.51 -1 -1 -1 -1000 -1000 -1000 -10 1
45 32 Car -1 -1 -1 558.04 175.50 583.24 195.73 -1 -1 -1 -1000 -1000 -1000 -10 1
45 30 Car -1 -1 -1 411.09 179.28 456.84 205.61 -1 -1 -1 -1000 -1000 -1000 -10 1
45 27 Car -1 -1 -1 863.85 170.12 982.71 210.87 -1 -1 -1 -1000 -1000 -1000 -10 1
45 16 Car -1 -1 -1 1090.81 166.15 1232.68 217.67 -1 -1 -1 -1000 -1000 -1000 -10 1
45 10 Car -1 -1 -1 635.97 180.74 782.79 229.46 -1 -1 -1 -1000 -1000 -1000 -10 1
46 30 Car -1 -1 -1 411.46 179.14 457.52 204.55 -1 -1 -1 -1000 -1000 -1000 -10 1
46 27 Car -1 -1 -1 850.91 171.84 978.76 211.87 -1 -1 -1 -1000 -1000 -1000 -10 1
46 16 Car -1 -1 -1 1086.15 166.03 1230.30 216.69 -1 -1 -1 -1000 -1000 -1000 -10 1
46 10 Car -1 -1 -1 604.61 183.27 756.47 231.49 -1 -1 -1 -1000 -1000 -1000 -10 1
47 36 Car -1 -1 -1 949.55 166.51 1081.82 210.17 -1 -1 -1 -1000 -1000 -1000 -10 1
47 35 Car -1 -1 -1 587.08 178.61 730.89 234.63 -1 -1 -1 -1000 -1000 -1000 -10 1
47 30 Car -1 -1 -1 412.09 178.60 458.47 204.83 -1 -1 -1 -1000 -1000 -1000 -10 1
47 27 Car -1 -1 -1 830.66 173.29 965.09 212.22 -1 -1 -1 -1000 -1000 -1000 -10 1
47 16 Car -1 -1 -1 1101.08 167.01 1237.76 222.94 -1 -1 -1 -1000 -1000 -1000 -10 1
47 10 Car -1 -1 -1 585.88 182.61 735.48 231.74 -1 -1 -1 -1000 -1000 -1000 -10 1
48 37 Car -1 -1 -1 958.31 166.88 1119.62 219.24 -1 -1 -1 -1000 -1000 -1000 -10 1
48 35 Car -1 -1 -1 560.21 178.16 712.01 235.89 -1 -1 -1 -1000 -1000 -1000 -10 1
48 30 Car -1 -1 -1 412.91 177.65 460.27 204.49 -1 -1 -1 -1000 -1000 -1000 -10 1
48 27 Car -1 -1 -1 806.59 173.59 941.28 213.00 -1 -1 -1 -1000 -1000 -1000 -10 1
48 16 Car -1 -1 -1 1097.30 164.71 1238.24 221.00 -1 -1 -1 -1000 -1000 -1000 -10 1
49 37 Car -1 -1 -1 914.59 174.24 1076.30 224.41 -1 -1 -1 -1000 -1000 -1000 -10 1
49 35 Car -1 -1 -1 540.66 179.72 689.41 236.19 -1 -1 -1 -1000 -1000 -1000 -10 1
49 30 Car -1 -1 -1 413.72 177.52 461.28 204.65 -1 -1 -1 -1000 -1000 -1000 -10 1
49 27 Car -1 -1 -1 772.81 175.99 908.34 213.86 -1 -1 -1 -1000 -1000 -1000 -10 1
49 16 Car -1 -1 -1 1092.35 165.84 1236.55 216.25 -1 -1 -1 -1000 -1000 -1000 -10 1
50 37 Car -1 -1 -1 881.68 173.77 1041.01 223.66 -1 -1 -1 -1000 -1000 -1000 -10 1
50 35 Car -1 -1 -1 513.05 180.08 663.95 238.11 -1 -1 -1 -1000 -1000 -1000 -10 1
50 30 Car -1 -1 -1 413.44 178.18 461.67 205.04 -1 -1 -1 -1000 -1000 -1000 -10 1
50 27 Car -1 -1 -1 758.36 177.03 895.01 214.83 -1 -1 -1 -1000 -1000 -1000 -10 1
50 16 Car -1 -1 -1 1086.75 165.94 1232.63 214.52 -1 -1 -1 -1000 -1000 -1000 -10 1
51 39 Car -1 -1 -1 854.60 174.94 975.47 226.36 -1 -1 -1 -1000 -1000 -1000 -10 1
51 38 Car -1 -1 -1 488.93 175.51 638.26 239.65 -1 -1 -1 -1000 -1000 -1000 -10 1
51 30 Car -1 -1 -1 413.25 178.04 461.91 204.63 -1 -1 -1 -1000 -1000 -1000 -10 1
51 27 Car -1 -1 -1 724.84 175.37 861.94 216.88 -1 -1 -1 -1000 -1000 -1000 -10 1
51 16 Car -1 -1 -1 1094.99 163.40 1233.64 213.44 -1 -1 -1 -1000 -1000 -1000 -10 1
52 39 Car -1 -1 -1 805.31 175.70 946.36 232.09 -1 -1 -1 -1000 -1000 -1000 -10 1
52 38 Car -1 -1 -1 454.61 178.90 611.39 245.11 -1 -1 -1 -1000 -1000 -1000 -10 1
52 30 Car -1 -1 -1 414.70 177.94 463.94 204.88 -1 -1 -1 -1000 -1000 -1000 -10 1
52 16 Car -1 -1 -1 1104.58 161.43 1237.64 215.48 -1 -1 -1 -1000 -1000 -1000 -10 1
53 40 Car -1 -1 -1 971.51 169.02 1120.26 209.89 -1 -1 -1 -1000 -1000 -1000 -10 1
53 39 Car -1 -1 -1 761.09 178.83 900.96 229.60 -1 -1 -1 -1000 -1000 -1000 -10 1
53 38 Car -1 -1 -1 425.69 179.48 587.32 245.73 -1 -1 -1 -1000 -1000 -1000 -10 1
53 30 Car -1 -1 -1 416.35 181.01 469.17 209.13 -1 -1 -1 -1000 -1000 -1000 -10 1
53 27 Car -1 -1 -1 666.25 178.01 795.06 219.77 -1 -1 -1 -1000 -1000 -1000 -10 1
53 16 Car -1 -1 -1 1102.37 163.70 1235.40 217.85 -1 -1 -1 -1000 -1000 -1000 -10 1
54 39 Car -1 -1 -1 713.05 182.27 860.33 227.53 -1 -1 -1 -1000 -1000 -1000 -10 1
54 38 Car -1 -1 -1 382.65 183.33 559.37 253.11 -1 -1 -1 -1000 -1000 -1000 -10 1
54 27 Car -1 -1 -1 631.64 179.72 763.48 223.64 -1 -1 -1 -1000 -1000 -1000 -10 1
54 16 Car -1 -1 -1 1092.86 165.33 1230.56 220.53 -1 -1 -1 -1000 -1000 -1000 -10 1
55 39 Car -1 -1 -1 673.65 177.94 824.11 226.15 -1 -1 -1 -1000 -1000 -1000 -10 1
55 38 Car -1 -1 -1 339.80 180.71 531.25 257.11 -1 -1 -1 -1000 -1000 -1000 -10 1
55 16 Car -1 -1 -1 1091.85 166.07 1230.88 218.07 -1 -1 -1 -1000 -1000 -1000 -10 1
56 40 Car -1 -1 -1 918.18 170.23 1070.50 211.76 -1 -1 -1 -1000 -1000 -1000 -10 1
56 39 Car -1 -1 -1 639.09 177.37 789.48 226.10 -1 -1 -1 -1000 -1000 -1000 -10 1
56 38 Car -1 -1 -1 296.56 185.99 505.68 263.92 -1 -1 -1 -1000 -1000 -1000 -10 1
56 16 Car -1 -1 -1 1084.49 165.41 1227.96 213.69 -1 -1 -1 -1000 -1000 -1000 -10 1
57 40 Car -1 -1 -1 890.74 169.93 1045.40 210.00 -1 -1 -1 -1000 -1000 -1000 -10 1
57 39 Car -1 -1 -1 603.63 177.44 754.13 227.66 -1 -1 -1 -1000 -1000 -1000 -10 1
57 38 Car -1 -1 -1 247.79 187.34 475.37 272.55 -1 -1 -1 -1000 -1000 -1000 -10 1
57 16 Car -1 -1 -1 1082.29 166.57 1226.15 213.24 -1 -1 -1 -1000 -1000 -1000 -10 1
58 40 Car -1 -1 -1 866.02 171.27 1012.93 210.36 -1 -1 -1 -1000 -1000 -1000 -10 1
58 39 Car -1 -1 -1 560.17 177.60 716.80 231.55 -1 -1 -1 -1000 -1000 -1000 -10 1
58 38 Car -1 -1 -1 192.27 185.67 440.64 279.76 -1 -1 -1 -1000 -1000 -1000 -10 1
58 16 Car -1 -1 -1 1073.40 164.52 1219.14 208.86 -1 -1 -1 -1000 -1000 -1000 -10 1
59 40 Car -1 -1 -1 832.36 171.40 980.97 209.22 -1 -1 -1 -1000 -1000 -1000 -10 1
59 39 Car -1 -1 -1 533.71 177.66 687.72 231.53 -1 -1 -1 -1000 -1000 -1000 -10 1
59 38 Car -1 -1 -1 110.35 189.76 407.52 297.66 -1 -1 -1 -1000 -1000 -1000 -10 1
59 16 Car -1 -1 -1 1065.58 171.38 1209.63 213.83 -1 -1 -1 -1000 -1000 -1000 -10 1
60 48 Car -1 -1 -1 410.35 183.78 464.46 212.40 -1 -1 -1 -1000 -1000 -1000 -10 1
60 47 Car -1 -1 -1 433.34 182.45 553.60 220.12 -1 -1 -1 -1000 -1000 -1000 -10 1
60 40 Car -1 -1 -1 807.23 174.50 952.73 211.13 -1 -1 -1 -1000 -1000 -1000 -10 1
60 39 Car -1 -1 -1 480.11 180.04 645.40 236.02 -1 -1 -1 -1000 -1000 -1000 -10 1
60 38 Car -1 -1 -1 31.02 194.46 366.75 316.68 -1 -1 -1 -1000 -1000 -1000 -10 1
60 16 Car -1 -1 -1 1052.53 171.70 1193.86 213.49 -1 -1 -1 -1000 -1000 -1000 -10 1
61 47 Car -1 -1 -1 393.94 183.59 510.59 219.31 -1 -1 -1 -1000 -1000 -1000 -10 1
61 40 Car -1 -1 -1 776.20 175.34 916.14 212.65 -1 -1 -1 -1000 -1000 -1000 -10 1
61 39 Car -1 -1 -1 450.69 180.94 618.53 234.47 -1 -1 -1 -1000 -1000 -1000 -10 1
61 38 Car -1 -1 -1 -14.92 194.61 330.83 332.27 -1 -1 -1 -1000 -1000 -1000 -10 1
61 16 Car -1 -1 -1 1041.59 171.02 1179.67 212.14 -1 -1 -1 -1000 -1000 -1000 -10 1
62 40 Car -1 -1 -1 744.68 175.30 884.82 214.82 -1 -1 -1 -1000 -1000 -1000 -10 1
62 39 Car -1 -1 -1 412.79 181.32 586.27 238.44 -1 -1 -1 -1000 -1000 -1000 -10 1
62 38 Car -1 -1 -1 -31.23 191.56 288.33 337.82 -1 -1 -1 -1000 -1000 -1000 -10 1
62 16 Car -1 -1 -1 1026.09 170.48 1159.54 210.08 -1 -1 -1 -1000 -1000 -1000 -10 1
63 40 Car -1 -1 -1 711.04 177.21 849.04 214.70 -1 -1 -1 -1000 -1000 -1000 -10 1
63 39 Car -1 -1 -1 363.47 183.12 549.32 244.75 -1 -1 -1 -1000 -1000 -1000 -10 1
63 38 Car -1 -1 -1 -42.39 197.33 225.27 348.50 -1 -1 -1 -1000 -1000 -1000 -10 1
63 16 Car -1 -1 -1 1010.03 170.20 1143.92 209.38 -1 -1 -1 -1000 -1000 -1000 -10 1
64 40 Car -1 -1 -1 674.04 178.14 808.10 215.08 -1 -1 -1 -1000 -1000 -1000 -10 1
64 39 Car -1 -1 -1 323.17 182.69 523.68 251.07 -1 -1 -1 -1000 -1000 -1000 -10 1
64 38 Car -1 -1 -1 -44.74 198.29 148.78 347.59 -1 -1 -1 -1000 -1000 -1000 -10 1
64 16 Car -1 -1 -1 994.72 168.32 1134.62 207.81 -1 -1 -1 -1000 -1000 -1000 -10 1
65 40 Car -1 -1 -1 638.65 178.75 767.92 215.77 -1 -1 -1 -1000 -1000 -1000 -10 1
65 39 Car -1 -1 -1 283.31 183.11 489.21 255.51 -1 -1 -1 -1000 -1000 -1000 -10 1
65 16 Car -1 -1 -1 970.26 171.98 1109.32 209.87 -1 -1 -1 -1000 -1000 -1000 -10 1
66 52 Car -1 -1 -1 694.86 171.64 779.94 213.55 -1 -1 -1 -1000 -1000 -1000 -10 1
66 51 Car -1 -1 -1 197.66 184.25 322.66 223.74 -1 -1 -1 -1000 -1000 -1000 -10 1
66 40 Car -1 -1 -1 596.45 178.35 725.24 216.02 -1 -1 -1 -1000 -1000 -1000 -10 1
66 39 Car -1 -1 -1 238.72 185.02 458.35 262.23 -1 -1 -1 -1000 -1000 -1000 -10 1
66 16 Car -1 -1 -1 948.12 170.92 1086.28 207.72 -1 -1 -1 -1000 -1000 -1000 -10 1
67 53 Car -1 -1 -1 1060.52 167.30 1188.28 206.03 -1 -1 -1 -1000 -1000 -1000 -10 1
67 52 Car -1 -1 -1 661.53 171.16 746.27 210.32 -1 -1 -1 -1000 -1000 -1000 -10 1
67 40 Car -1 -1 -1 553.34 177.04 677.32 215.07 -1 -1 -1 -1000 -1000 -1000 -10 1
67 39 Car -1 -1 -1 195.16 186.42 429.44 270.65 -1 -1 -1 -1000 -1000 -1000 -10 1
67 16 Car -1 -1 -1 916.23 171.35 1048.09 209.16 -1 -1 -1 -1000 -1000 -1000 -10 1
68 53 Car -1 -1 -1 1009.79 169.56 1135.45 206.79 -1 -1 -1 -1000 -1000 -1000 -10 1
68 40 Car -1 -1 -1 511.07 178.58 634.05 214.02 -1 -1 -1 -1000 -1000 -1000 -10 1
68 39 Car -1 -1 -1 140.57 187.30 396.58 278.59 -1 -1 -1 -1000 -1000 -1000 -10 1
68 16 Car -1 -1 -1 884.36 167.98 1014.01 207.57 -1 -1 -1 -1000 -1000 -1000 -10 1
69 56 Car -1 -1 -1 409.89 180.15 463.70 207.61 -1 -1 -1 -1000 -1000 -1000 -10 1
69 53 Car -1 -1 -1 967.18 170.21 1083.25 205.41 -1 -1 -1 -1000 -1000 -1000 -10 1
69 40 Car -1 -1 -1 462.90 179.75 586.79 213.24 -1 -1 -1 -1000 -1000 -1000 -10 1
69 39 Car -1 -1 -1 58.23 189.06 369.31 294.36 -1 -1 -1 -1000 -1000 -1000 -10 1
69 16 Car -1 -1 -1 858.13 166.88 977.83 206.95 -1 -1 -1 -1000 -1000 -1000 -10 1
70 53 Car -1 -1 -1 926.43 169.31 1031.14 203.96 -1 -1 -1 -1000 -1000 -1000 -10 1
70 40 Car -1 -1 -1 412.67 180.51 537.18 213.78 -1 -1 -1 -1000 -1000 -1000 -10 1
70 39 Car -1 -1 -1 -2.35 193.01 329.10 312.84 -1 -1 -1 -1000 -1000 -1000 -10 1
70 16 Car -1 -1 -1 829.11 169.55 949.41 208.34 -1 -1 -1 -1000 -1000 -1000 -10 1
71 53 Car -1 -1 -1 891.59 167.41 975.86 200.29 -1 -1 -1 -1000 -1000 -1000 -10 1
71 40 Car -1 -1 -1 364.04 181.52 488.98 214.75 -1 -1 -1 -1000 -1000 -1000 -10 1
71 39 Car -1 -1 -1 -16.93 194.68 307.41 323.93 -1 -1 -1 -1000 -1000 -1000 -10 1
71 16 Car -1 -1 -1 789.68 171.71 911.61 208.64 -1 -1 -1 -1000 -1000 -1000 -10 1
72 61 Car -1 -1 -1 875.09 166.84 943.79 197.96 -1 -1 -1 -1000 -1000 -1000 -10 1
72 40 Car -1 -1 -1 311.31 182.98 438.46 216.62 -1 -1 -1 -1000 -1000 -1000 -10 1
72 39 Car -1 -1 -1 -26.43 194.19 274.20 333.67 -1 -1 -1 -1000 -1000 -1000 -10 1
72 16 Car -1 -1 -1 758.34 172.02 875.19 208.99 -1 -1 -1 -1000 -1000 -1000 -10 1
73 40 Car -1 -1 -1 259.51 183.56 387.56 218.08 -1 -1 -1 -1000 -1000 -1000 -10 1
73 39 Car -1 -1 -1 -33.02 197.11 223.81 340.67 -1 -1 -1 -1000 -1000 -1000 -10 1
73 16 Car -1 -1 -1 719.62 174.21 835.60 209.14 -1 -1 -1 -1000 -1000 -1000 -10 1
74 63 Car -1 -1 -1 1032.69 172.91 1149.26 208.45 -1 -1 -1 -1000 -1000 -1000 -10 1
74 40 Car -1 -1 -1 210.80 185.98 340.46 220.68 -1 -1 -1 -1000 -1000 -1000 -10 1
74 39 Car -1 -1 -1 -42.86 197.38 158.80 337.86 -1 -1 -1 -1000 -1000 -1000 -10 1
74 16 Car -1 -1 -1 687.26 175.21 797.04 210.89 -1 -1 -1 -1000 -1000 -1000 -10 1
75 63 Car -1 -1 -1 986.16 172.81 1101.02 207.03 -1 -1 -1 -1000 -1000 -1000 -10 1
75 40 Car -1 -1 -1 162.38 188.15 293.71 222.65 -1 -1 -1 -1000 -1000 -1000 -10 1
75 16 Car -1 -1 -1 649.03 177.05 752.07 213.49 -1 -1 -1 -1000 -1000 -1000 -10 1
76 63 Car -1 -1 -1 948.47 172.19 1056.24 207.11 -1 -1 -1 -1000 -1000 -1000 -10 1
76 53 Car -1 -1 -1 732.10 173.48 800.07 201.43 -1 -1 -1 -1000 -1000 -1000 -10 1
76 40 Car -1 -1 -1 112.20 189.03 246.21 223.01 -1 -1 -1 -1000 -1000 -1000 -10 1
76 16 Car -1 -1 -1 606.40 177.02 710.46 214.47 -1 -1 -1 -1000 -1000 -1000 -10 1
77 67 Car -1 -1 -1 424.84 177.41 475.31 207.78 -1 -1 -1 -1000 -1000 -1000 -10 1
77 63 Car -1 -1 -1 891.53 168.43 1000.68 205.77 -1 -1 -1 -1000 -1000 -1000 -10 1
77 53 Car -1 -1 -1 712.78 177.38 772.63 203.05 -1 -1 -1 -1000 -1000 -1000 -10 1
77 40 Car -1 -1 -1 66.05 190.71 198.51 223.81 -1 -1 -1 -1000 -1000 -1000 -10 1
77 16 Car -1 -1 -1 564.18 176.95 664.30 215.08 -1 -1 -1 -1000 -1000 -1000 -10 1
78 67 Car -1 -1 -1 427.17 177.63 483.11 208.45 -1 -1 -1 -1000 -1000 -1000 -10 1
78 63 Car -1 -1 -1 861.16 167.86 956.47 203.43 -1 -1 -1 -1000 -1000 -1000 -10 1
78 40 Car -1 -1 -1 19.29 190.25 149.89 223.65 -1 -1 -1 -1000 -1000 -1000 -10 1
78 16 Car -1 -1 -1 518.48 175.67 620.89 212.91 -1 -1 -1 -1000 -1000 -1000 -10 1
79 67 Car -1 -1 -1 430.41 176.77 492.12 205.84 -1 -1 -1 -1000 -1000 -1000 -10 1
79 40 Car -1 -1 -1 -11.07 186.50 115.04 221.68 -1 -1 -1 -1000 -1000 -1000 -10 1
79 16 Car -1 -1 -1 472.28 177.23 575.87 210.94 -1 -1 -1 -1000 -1000 -1000 -10 1
80 16 Car -1 -1 -1 421.37 177.23 529.99 209.98 -1 -1 -1 -1000 -1000 -1000 -10 1
81 16 Car -1 -1 -1 372.20 178.56 481.68 210.36 -1 -1 -1 -1000 -1000 -1000 -10 1
82 72 Car -1 -1 -1 739.88 172.02 808.33 200.51 -1 -1 -1 -1000 -1000 -1000 -10 1
82 16 Car -1 -1 -1 323.08 181.21 434.64 214.00 -1 -1 -1 -1000 -1000 -1000 -10 1
83 74 Car -1 -1 -1 466.72 179.34 531.15 204.17 -1 -1 -1 -1000 -1000 -1000 -10 1
83 16 Car -1 -1 -1 275.39 180.06 386.07 212.68 -1 -1 -1 -1000 -1000 -1000 -10 1
84 74 Car -1 -1 -1 481.93 177.91 550.23 203.11 -1 -1 -1 -1000 -1000 -1000 -10 1
84 16 Car -1 -1 -1 225.41 182.05 337.75 215.17 -1 -1 -1 -1000 -1000 -1000 -10 1
85 77 Car -1 -1 -1 414.44 176.55 455.79 198.31 -1 -1 -1 -1000 -1000 -1000 -10 1
85 74 Car -1 -1 -1 496.94 177.77 565.22 203.15 -1 -1 -1 -1000 -1000 -1000 -10 1
85 16 Car -1 -1 -1 177.83 185.02 289.86 217.08 -1 -1 -1 -1000 -1000 -1000 -10 1
86 77 Car -1 -1 -1 408.32 177.05 448.49 198.45 -1 -1 -1 -1000 -1000 -1000 -10 1
86 74 Car -1 -1 -1 509.88 177.63 578.20 203.86 -1 -1 -1 -1000 -1000 -1000 -10 1
86 16 Car -1 -1 -1 129.79 186.89 243.82 218.26 -1 -1 -1 -1000 -1000 -1000 -10 1
87 77 Car -1 -1 -1 407.22 178.30 444.91 198.99 -1 -1 -1 -1000 -1000 -1000 -10 1
87 74 Car -1 -1 -1 520.98 177.64 588.12 204.18 -1 -1 -1 -1000 -1000 -1000 -10 1
87 16 Car -1 -1 -1 82.82 188.58 197.98 219.40 -1 -1 -1 -1000 -1000 -1000 -10 1
88 77 Car -1 -1 -1 405.70 179.44 441.96 199.76 -1 -1 -1 -1000 -1000 -1000 -10 1
88 74 Car -1 -1 -1 536.99 177.49 595.78 202.82 -1 -1 -1 -1000 -1000 -1000 -10 1
88 16 Car -1 -1 -1 34.40 189.81 151.79 220.56 -1 -1 -1 -1000 -1000 -1000 -10 1
89 77 Car -1 -1 -1 390.73 179.67 431.82 201.90 -1 -1 -1 -1000 -1000 -1000 -10 1
89 16 Car -1 -1 -1 -9.62 190.61 103.63 221.23 -1 -1 -1 -1000 -1000 -1000 -10 1
90 81 Car -1 -1 -1 -12.13 188.16 65.42 223.61 -1 -1 -1 -1000 -1000 -1000 -10 1
90 77 Car -1 -1 -1 394.19 179.27 436.58 201.41 -1 -1 -1 -1000 -1000 -1000 -10 1
90 16 Car -1 -1 -1 -22.36 190.06 66.04 222.73 -1 -1 -1 -1000 -1000 -1000 -10 1
91 77 Car -1 -1 -1 392.89 178.52 434.46 200.00 -1 -1 -1 -1000 -1000 -1000 -10 1
92 77 Car -1 -1 -1 393.91 179.21 434.73 200.50 -1 -1 -1 -1000 -1000 -1000 -10 1
93 82 Car -1 -1 -1 580.14 178.40 608.67 203.27 -1 -1 -1 -1000 -1000 -1000 -10 1
93 77 Car -1 -1 -1 389.60 180.17 431.57 201.65 -1 -1 -1 -1000 -1000 -1000 -10 1
94 82 Car -1 -1 -1 583.29 177.46 611.55 202.48 -1 -1 -1 -1000 -1000 -1000 -10 1
95 82 Car -1 -1 -1 584.60 177.30 612.22 201.66 -1 -1 -1 -1000 -1000 -1000 -10 1
96 82 Car -1 -1 -1 584.60 177.66 612.09 201.56 -1 -1 -1 -1000 -1000 -1000 -10 1
97 82 Car -1 -1 -1 578.53 180.15 607.49 204.38 -1 -1 -1 -1000 -1000 -1000 -10 1
98 82 Car -1 -1 -1 577.91 182.93 607.09 207.30 -1 -1 -1 -1000 -1000 -1000 -10 1
99 82 Car -1 -1 -1 580.58 182.40 608.39 204.80 -1 -1 -1 -1000 -1000 -1000 -10 1
100 82 Car -1 -1 -1 580.07 183.15 606.96 204.16 -1 -1 -1 -1000 -1000 -1000 -10 1
101 82 Car -1 -1 -1 579.11 183.45 604.99 203.10 -1 -1 -1 -1000 -1000 -1000 -10 1
102 82 Car -1 -1 -1 575.71 184.91 601.41 205.32 -1 -1 -1 -1000 -1000 -1000 -10 1
103 82 Car -1 -1 -1 574.73 184.94 600.54 205.97 -1 -1 -1 -1000 -1000 -1000 -10 1
104 82 Car -1 -1 -1 575.33 185.27 601.01 206.87 -1 -1 -1 -1000 -1000 -1000 -10 1
105 82 Car -1 -1 -1 576.79 185.09 602.11 206.74 -1 -1 -1 -1000 -1000 -1000 -10 1
107 88 Car -1 -1 -1 170.62 192.11 280.74 235.44 -1 -1 -1 -1000 -1000 -1000 -10 1
108 88 Car -1 -1 -1 113.39 195.71 226.03 239.78 -1 -1 -1 -1000 -1000 -1000 -10 1
109 88 Car -1 -1 -1 53.82 196.86 178.84 238.22 -1 -1 -1 -1000 -1000 -1000 -10 1
111 92 Car -1 -1 -1 144.11 190.76 265.27 234.52 -1 -1 -1 -1000 -1000 -1000 -10 1
112 92 Car -1 -1 -1 108.37 192.11 243.31 235.23 -1 -1 -1 -1000 -1000 -1000 -10 1
113 92 Car -1 -1 -1 70.96 192.13 213.25 239.73 -1 -1 -1 -1000 -1000 -1000 -10 1
114 92 Car -1 -1 -1 28.34 194.01 179.08 241.56 -1 -1 -1 -1000 -1000 -1000 -10 1
115 92 Car -1 -1 -1 -13.41 195.49 137.67 244.47 -1 -1 -1 -1000 -1000 -1000 -10 1
116 96 Car -1 -1 -1 314.88 192.40 368.07 223.60 -1 -1 -1 -1000 -1000 -1000 -10 1
117 97 Car -1 -1 -1 190.14 194.61 287.00 236.34 -1 -1 -1 -1000 -1000 -1000 -10 1
117 96 Car -1 -1 -1 296.55 192.01 359.11 227.59 -1 -1 -1 -1000 -1000 -1000 -10 1
118 97 Car -1 -1 -1 158.82 202.80 269.34 243.87 -1 -1 -1 -1000 -1000 -1000 -10 1
118 96 Car -1 -1 -1 284.86 198.00 348.27 233.66 -1 -1 -1 -1000 -1000 -1000 -10 1
119 97 Car -1 -1 -1 123.91 195.13 248.19 237.80 -1 -1 -1 -1000 -1000 -1000 -10 1
119 96 Car -1 -1 -1 274.88 193.20 338.11 228.38 -1 -1 -1 -1000 -1000 -1000 -10 1
120 97 Car -1 -1 -1 82.07 193.81 213.31 241.67 -1 -1 -1 -1000 -1000 -1000 -10 1
120 96 Car -1 -1 -1 256.47 190.06 321.73 225.52 -1 -1 -1 -1000 -1000 -1000 -10 1
121 97 Car -1 -1 -1 23.45 192.35 172.48 243.66 -1 -1 -1 -1000 -1000 -1000 -10 1
121 96 Car -1 -1 -1 234.97 188.79 306.40 226.38 -1 -1 -1 -1000 -1000 -1000 -10 1
122 97 Car -1 -1 -1 -15.29 189.10 127.74 244.50 -1 -1 -1 -1000 -1000 -1000 -10 1
122 96 Car -1 -1 -1 207.75 189.86 286.16 229.44 -1 -1 -1 -1000 -1000 -1000 -10 1
123 96 Car -1 -1 -1 172.29 188.00 261.31 230.21 -1 -1 -1 -1000 -1000 -1000 -10 1
124 96 Car -1 -1 -1 130.92 188.48 233.77 231.49 -1 -1 -1 -1000 -1000 -1000 -10 1
125 96 Car -1 -1 -1 73.70 195.28 192.41 240.88 -1 -1 -1 -1000 -1000 -1000 -10 1
126 96 Car -1 -1 -1 8.74 202.09 143.23 249.99 -1 -1 -1 -1000 -1000 -1000 -10 1
127 96 Car -1 -1 -1 -21.58 196.47 93.06 249.36 -1 -1 -1 -1000 -1000 -1000 -10 1
199 98 Car -1 -1 -1 580.87 174.49 605.93 193.86 -1 -1 -1 -1000 -1000 -1000 -10 1
200 98 Car -1 -1 -1 575.71 175.22 602.01 195.96 -1 -1 -1 -1000 -1000 -1000 -10 1
201 98 Car -1 -1 -1 566.12 175.92 596.31 198.80 -1 -1 -1 -1000 -1000 -1000 -10 1
203 98 Car -1 -1 -1 538.50 174.99 575.90 203.16 -1 -1 -1 -1000 -1000 -1000 -10 1
204 98 Car -1 -1 -1 512.29 176.23 561.98 213.89 -1 -1 -1 -1000 -1000 -1000 -10 1
205 98 Car -1 -1 -1 477.20 176.46 539.89 224.66 -1 -1 -1 -1000 -1000 -1000 -10 1
207 99 Car -1 -1 -1 140.09 170.37 416.15 355.09 -1 -1 -1 -1000 -1000 -1000 -10 1
249 102 Car -1 -1 -1 548.09 174.11 583.41 194.62 -1 -1 -1 -1000 -1000 -1000 -10 1
250 102 Car -1 -1 -1 537.85 176.26 573.45 198.22 -1 -1 -1 -1000 -1000 -1000 -10 1
251 102 Car -1 -1 -1 521.84 178.57 562.13 205.19 -1 -1 -1 -1000 -1000 -1000 -10 1
252 102 Car -1 -1 -1 504.22 177.99 550.65 210.46 -1 -1 -1 -1000 -1000 -1000 -10 1
253 102 Car -1 -1 -1 481.84 179.71 538.85 221.21 -1 -1 -1 -1000 -1000 -1000 -10 1
254 102 Car -1 -1 -1 449.63 181.04 519.39 228.61 -1 -1 -1 -1000 -1000 -1000 -10 1
255 102 Car -1 -1 -1 396.41 181.36 494.85 243.54 -1 -1 -1 -1000 -1000 -1000 -10 1
256 103 Car -1 -1 -1 499.41 176.57 543.18 203.09 -1 -1 -1 -1000 -1000 -1000 -10 1
256 102 Car -1 -1 -1 293.08 186.08 436.76 273.21 -1 -1 -1 -1000 -1000 -1000 -10 1
257 103 Car -1 -1 -1 501.09 176.01 543.61 203.54 -1 -1 -1 -1000 -1000 -1000 -10 1
258 103 Car -1 -1 -1 493.82 173.05 538.00 202.71 -1 -1 -1 -1000 -1000 -1000 -10 1
259 103 Car -1 -1 -1 484.38 171.61 534.25 206.33 -1 -1 -1 -1000 -1000 -1000 -10 1
260 103 Car -1 -1 -1 469.47 174.15 527.42 215.25 -1 -1 -1 -1000 -1000 -1000 -10 1
261 103 Car -1 -1 -1 448.16 174.39 515.89 224.29 -1 -1 -1 -1000 -1000 -1000 -10 1
262 103 Car -1 -1 -1 405.84 174.92 492.05 239.40 -1 -1 -1 -1000 -1000 -1000 -10 1
263 103 Car -1 -1 -1 316.94 177.69 443.85 274.48 -1 -1 -1 -1000 -1000 -1000 -10 1
264 105 Car -1 -1 -1 428.25 177.72 497.66 227.69 -1 -1 -1 -1000 -1000 -1000 -10 1
265 105 Car -1 -1 -1 387.24 179.26 475.73 240.14 -1 -1 -1 -1000 -1000 -1000 -10 1
266 105 Car -1 -1 -1 302.63 185.64 433.67 271.76 -1 -1 -1 -1000 -1000 -1000 -10 1
306 110 Car -1 -1 -1 590.38 169.32 612.60 187.66 -1 -1 -1 -1000 -1000 -1000 -10 1
307 110 Car -1 -1 -1 589.75 170.84 610.37 188.10 -1 -1 -1 -1000 -1000 -1000 -10 1
308 110 Car -1 -1 -1 590.31 170.74 610.52 187.59 -1 -1 -1 -1000 -1000 -1000 -10 1
309 110 Car -1 -1 -1 591.02 170.53 611.30 187.17 -1 -1 -1 -1000 -1000 -1000 -10 1
310 110 Car -1 -1 -1 588.77 170.86 609.24 187.60 -1 -1 -1 -1000 -1000 -1000 -10 1
311 110 Car -1 -1 -1 591.10 170.44 611.51 187.08 -1 -1 -1 -1000 -1000 -1000 -10 1
312 110 Car -1 -1 -1 590.35 169.85 610.91 186.20 -1 -1 -1 -1000 -1000 -1000 -10 1
313 110 Car -1 -1 -1 586.58 167.27 606.78 183.53 -1 -1 -1 -1000 -1000 -1000 -10 1
314 110 Car -1 -1 -1 586.07 166.22 605.90 182.97 -1 -1 -1 -1000 -1000 -1000 -10 1
315 110 Car -1 -1 -1 585.11 168.30 604.57 184.51 -1 -1 -1 -1000 -1000 -1000 -10 1
316 110 Car -1 -1 -1 583.16 170.34 602.86 186.37 -1 -1 -1 -1000 -1000 -1000 -10 1
317 110 Car -1 -1 -1 579.23 170.95 598.67 186.68 -1 -1 -1 -1000 -1000 -1000 -10 1
318 110 Car -1 -1 -1 575.08 170.49 593.88 186.10 -1 -1 -1 -1000 -1000 -1000 -10 1
319 110 Car -1 -1 -1 575.53 170.93 594.58 187.35 -1 -1 -1 -1000 -1000 -1000 -10 1
325 113 Car -1 -1 -1 537.17 169.95 563.22 189.60 -1 -1 -1 -1000 -1000 -1000 -10 1
326 113 Car -1 -1 -1 526.02 175.57 556.25 199.57 -1 -1 -1 -1000 -1000 -1000 -10 1
327 113 Car -1 -1 -1 513.77 176.16 547.18 203.04 -1 -1 -1 -1000 -1000 -1000 -10 1
328 113 Car -1 -1 -1 501.57 169.00 539.67 197.58 -1 -1 -1 -1000 -1000 -1000 -10 1
329 113 Car -1 -1 -1 485.02 172.07 530.44 204.61 -1 -1 -1 -1000 -1000 -1000 -10 1
330 113 Car -1 -1 -1 459.40 185.02 516.14 224.29 -1 -1 -1 -1000 -1000 -1000 -10 1
331 116 Car -1 -1 -1 508.73 177.43 544.47 205.62 -1 -1 -1 -1000 -1000 -1000 -10 1
331 113 Car -1 -1 -1 420.10 185.02 494.57 235.32 -1 -1 -1 -1000 -1000 -1000 -10 1
332 116 Car -1 -1 -1 496.10 175.90 536.88 206.45 -1 -1 -1 -1000 -1000 -1000 -10 1
332 113 Car -1 -1 -1 350.27 190.86 458.31 256.24 -1 -1 -1 -1000 -1000 -1000 -10 1
333 116 Car -1 -1 -1 477.78 174.55 527.07 209.13 -1 -1 -1 -1000 -1000 -1000 -10 1
334 116 Car -1 -1 -1 452.23 178.15 514.25 219.78 -1 -1 -1 -1000 -1000 -1000 -10 1
335 116 Car -1 -1 -1 417.33 186.53 496.80 235.21 -1 -1 -1 -1000 -1000 -1000 -10 1
336 116 Car -1 -1 -1 357.33 190.17 468.07 256.91 -1 -1 -1 -1000 -1000 -1000 -10 1
337 119 Car -1 -1 -1 587.62 167.75 620.30 195.07 -1 -1 -1 -1000 -1000 -1000 -10 1
337 116 Car -1 -1 -1 232.34 193.50 408.67 293.12 -1 -1 -1 -1000 -1000 -1000 -10 1
338 120 Car -1 -1 -1 532.43 172.58 558.66 194.65 -1 -1 -1 -1000 -1000 -1000 -10 1
338 119 Car -1 -1 -1 589.62 166.72 623.01 196.44 -1 -1 -1 -1000 -1000 -1000 -10 1
339 120 Car -1 -1 -1 524.61 173.47 555.81 199.06 -1 -1 -1 -1000 -1000 -1000 -10 1
339 119 Car -1 -1 -1 594.13 169.56 627.11 199.33 -1 -1 -1 -1000 -1000 -1000 -10 1
340 120 Car -1 -1 -1 510.97 174.30 546.85 202.92 -1 -1 -1 -1000 -1000 -1000 -10 1
340 119 Car -1 -1 -1 596.91 172.57 632.02 203.46 -1 -1 -1 -1000 -1000 -1000 -10 1
341 120 Car -1 -1 -1 506.48 173.31 545.43 203.71 -1 -1 -1 -1000 -1000 -1000 -10 1
341 119 Car -1 -1 -1 598.33 173.45 635.79 206.50 -1 -1 -1 -1000 -1000 -1000 -10 1
342 120 Car -1 -1 -1 485.17 179.50 532.15 213.14 -1 -1 -1 -1000 -1000 -1000 -10 1
342 119 Car -1 -1 -1 599.58 174.47 640.90 211.09 -1 -1 -1 -1000 -1000 -1000 -10 1
343 122 Car -1 -1 -1 503.14 166.56 545.97 202.38 -1 -1 -1 -1000 -1000 -1000 -10 1
343 120 Car -1 -1 -1 460.72 181.97 518.90 222.36 -1 -1 -1 -1000 -1000 -1000 -10 1
343 119 Car -1 -1 -1 601.33 173.66 644.54 212.54 -1 -1 -1 -1000 -1000 -1000 -10 1
344 122 Car -1 -1 -1 495.39 165.21 546.41 207.95 -1 -1 -1 -1000 -1000 -1000 -10 1
344 120 Car -1 -1 -1 420.44 186.68 497.36 235.84 -1 -1 -1 -1000 -1000 -1000 -10 1
344 119 Car -1 -1 -1 602.97 174.51 648.07 215.96 -1 -1 -1 -1000 -1000 -1000 -10 1
345 123 Car -1 -1 -1 481.10 162.93 547.55 215.44 -1 -1 -1 -1000 -1000 -1000 -10 1
345 120 Car -1 -1 -1 357.54 190.33 465.41 257.70 -1 -1 -1 -1000 -1000 -1000 -10 1
345 119 Car -1 -1 -1 607.74 172.72 656.25 217.04 -1 -1 -1 -1000 -1000 -1000 -10 1
346 123 Car -1 -1 -1 455.81 164.50 535.94 225.73 -1 -1 -1 -1000 -1000 -1000 -10 1
346 119 Car -1 -1 -1 615.78 174.32 669.12 222.00 -1 -1 -1 -1000 -1000 -1000 -10 1
347 123 Car -1 -1 -1 416.77 162.01 523.56 241.93 -1 -1 -1 -1000 -1000 -1000 -10 1
347 119 Car -1 -1 -1 624.62 175.67 681.72 226.44 -1 -1 -1 -1000 -1000 -1000 -10 1
348 123 Car -1 -1 -1 352.76 162.20 495.70 265.32 -1 -1 -1 -1000 -1000 -1000 -10 1
348 119 Car -1 -1 -1 635.64 177.65 698.23 233.95 -1 -1 -1 -1000 -1000 -1000 -10 1
349 119 Car -1 -1 -1 650.30 179.77 721.37 238.12 -1 -1 -1 -1000 -1000 -1000 -10 1
350 125 Car -1 -1 -1 -63.43 75.26 360.70 384.06 -1 -1 -1 -1000 -1000 -1000 -10 1
350 119 Car -1 -1 -1 668.63 177.81 750.24 244.87 -1 -1 -1 -1000 -1000 -1000 -10 1
351 119 Car -1 -1 -1 685.94 180.05 780.95 258.58 -1 -1 -1 -1000 -1000 -1000 -10 1
352 119 Car -1 -1 -1 710.99 184.89 824.16 271.67 -1 -1 -1 -1000 -1000 -1000 -10 1
353 119 Car -1 -1 -1 742.66 190.29 882.24 295.45 -1 -1 -1 -1000 -1000 -1000 -10 1
354 119 Car -1 -1 -1 777.54 194.52 966.39 328.02 -1 -1 -1 -1000 -1000 -1000 -10 1
355 119 Car -1 -1 -1 839.63 197.96 1119.82 364.37 -1 -1 -1 -1000 -1000 -1000 -10 1
356 119 Car -1 -1 -1 879.80 196.41 1209.64 371.84 -1 -1 -1 -1000 -1000 -1000 -10 1
357 119 Car -1 -1 -1 934.01 200.35 1258.89 376.59 -1 -1 -1 -1000 -1000 -1000 -10 1
375 136 Car -1 -1 -1 518.35 176.68 540.41 194.24 -1 -1 -1 -1000 -1000 -1000 -10 1
376 136 Car -1 -1 -1 521.37 174.31 544.61 191.79 -1 -1 -1 -1000 -1000 -1000 -10 1
377 136 Car -1 -1 -1 522.45 175.53 547.29 194.12 -1 -1 -1 -1000 -1000 -1000 -10 1
378 136 Car -1 -1 -1 519.71 176.39 546.42 197.31 -1 -1 -1 -1000 -1000 -1000 -10 1
379 136 Car -1 -1 -1 516.24 177.84 545.73 201.05 -1 -1 -1 -1000 -1000 -1000 -10 1
380 136 Car -1 -1 -1 510.49 178.85 544.36 203.40 -1 -1 -1 -1000 -1000 -1000 -10 1
381 136 Car -1 -1 -1 502.35 182.70 542.45 210.34 -1 -1 -1 -1000 -1000 -1000 -10 1
382 136 Car -1 -1 -1 486.32 182.81 535.46 215.70 -1 -1 -1 -1000 -1000 -1000 -10 1
383 136 Car -1 -1 -1 465.37 180.67 522.46 219.63 -1 -1 -1 -1000 -1000 -1000 -10 1
384 136 Car -1 -1 -1 432.08 186.18 501.39 231.88 -1 -1 -1 -1000 -1000 -1000 -10 1
385 136 Car -1 -1 -1 369.26 192.63 468.37 256.57 -1 -1 -1 -1000 -1000 -1000 -10 1
445 146 Car -1 -1 -1 1026.92 140.53 1103.24 174.47 -1 -1 -1 -1000 -1000 -1000 -10 1
447 147 Car -1 -1 -1 930.59 143.41 1026.37 181.74 -1 -1 -1 -1000 -1000 -1000 -10 1
448 147 Car -1 -1 -1 884.92 147.98 980.34 187.97 -1 -1 -1 -1000 -1000 -1000 -10 1
449 147 Car -1 -1 -1 832.58 151.74 936.12 192.68 -1 -1 -1 -1000 -1000 -1000 -10 1
450 147 Car -1 -1 -1 785.81 160.08 898.46 200.56 -1 -1 -1 -1000 -1000 -1000 -10 1
451 147 Car -1 -1 -1 721.75 165.60 845.83 207.70 -1 -1 -1 -1000 -1000 -1000 -10 1
452 147 Car -1 -1 -1 655.20 175.76 789.28 219.99 -1 -1 -1 -1000 -1000 -1000 -10 1
453 147 Car -1 -1 -1 579.67 183.70 728.98 235.14 -1 -1 -1 -1000 -1000 -1000 -10 1
454 147 Car -1 -1 -1 495.36 193.41 656.14 249.40 -1 -1 -1 -1000 -1000 -1000 -10 1
455 147 Car -1 -1 -1 405.93 195.47 581.62 261.54 -1 -1 -1 -1000 -1000 -1000 -10 1
456 147 Car -1 -1 -1 267.52 197.93 480.03 276.12 -1 -1 -1 -1000 -1000 -1000 -10 1
457 147 Car -1 -1 -1 56.56 205.15 360.84 315.83 -1 -1 -1 -1000 -1000 -1000 -10 1
458 147 Car -1 -1 -1 -41.00 207.78 245.90 331.86 -1 -1 -1 -1000 -1000 -1000 -10 1
472 158 Car -1 -1 -1 715.84 162.31 751.56 193.02 -1 -1 -1 -1000 -1000 -1000 -10 1
473 158 Car -1 -1 -1 693.09 163.51 733.10 199.22 -1 -1 -1 -1000 -1000 -1000 -10 1
474 159 Car -1 -1 -1 595.73 176.02 625.06 195.26 -1 -1 -1 -1000 -1000 -1000 -10 1
474 158 Car -1 -1 -1 675.76 161.69 716.52 199.95 -1 -1 -1 -1000 -1000 -1000 -10 1
476 159 Car -1 -1 -1 560.17 179.36 592.93 200.84 -1 -1 -1 -1000 -1000 -1000 -10 1
479 160 Car -1 -1 -1 642.99 174.14 695.84 218.29 -1 -1 -1 -1000 -1000 -1000 -10 1
479 159 Car -1 -1 -1 545.54 183.50 580.50 206.79 -1 -1 -1 -1000 -1000 -1000 -10 1
480 160 Car -1 -1 -1 643.30 171.51 702.75 222.95 -1 -1 -1 -1000 -1000 -1000 -10 1
480 159 Car -1 -1 -1 546.82 184.71 583.03 208.69 -1 -1 -1 -1000 -1000 -1000 -10 1
481 160 Car -1 -1 -1 654.93 170.94 713.20 226.06 -1 -1 -1 -1000 -1000 -1000 -10 1
481 159 Car -1 -1 -1 548.79 185.96 586.96 210.78 -1 -1 -1 -1000 -1000 -1000 -10 1
482 160 Car -1 -1 -1 666.82 170.47 723.27 227.91 -1 -1 -1 -1000 -1000 -1000 -10 1
482 159 Car -1 -1 -1 549.99 184.89 590.32 210.55 -1 -1 -1 -1000 -1000 -1000 -10 1
483 159 Car -1 -1 -1 553.35 186.46 595.73 214.01 -1 -1 -1 -1000 -1000 -1000 -10 1
484 159 Car -1 -1 -1 557.61 186.79 599.40 215.20 -1 -1 -1 -1000 -1000 -1000 -10 1
485 159 Car -1 -1 -1 561.25 187.50 603.52 216.71 -1 -1 -1 -1000 -1000 -1000 -10 1
486 159 Car -1 -1 -1 559.93 186.50 603.78 216.95 -1 -1 -1 -1000 -1000 -1000 -10 1
487 159 Car -1 -1 -1 554.98 185.69 603.09 218.48 -1 -1 -1 -1000 -1000 -1000 -10 1
488 159 Car -1 -1 -1 549.68 187.23 601.42 222.66 -1 -1 -1 -1000 -1000 -1000 -10 1
489 159 Car -1 -1 -1 541.89 189.92 600.41 225.44 -1 -1 -1 -1000 -1000 -1000 -10 1
490 159 Car -1 -1 -1 528.67 191.59 590.41 230.88 -1 -1 -1 -1000 -1000 -1000 -10 1
491 166 Car -1 -1 -1 772.67 95.20 1122.20 356.46 -1 -1 -1 -1000 -1000 -1000 -10 1
491 159 Car -1 -1 -1 513.81 190.08 580.12 232.44 -1 -1 -1 -1000 -1000 -1000 -10 1
492 166 Car -1 -1 -1 799.57 33.81 1235.49 370.91 -1 -1 -1 -1000 -1000 -1000 -10 1
492 159 Car -1 -1 -1 497.11 187.46 568.36 231.72 -1 -1 -1 -1000 -1000 -1000 -10 1
493 169 Car -1 -1 -1 596.77 179.80 627.93 200.21 -1 -1 -1 -1000 -1000 -1000 -10 1
493 166 Car -1 -1 -1 858.15 15.07 1272.52 367.97 -1 -1 -1 -1000 -1000 -1000 -10 1
493 159 Car -1 -1 -1 475.15 187.05 550.96 235.41 -1 -1 -1 -1000 -1000 -1000 -10 1
494 169 Car -1 -1 -1 587.37 180.80 618.80 201.45 -1 -1 -1 -1000 -1000 -1000 -10 1
494 159 Car -1 -1 -1 449.28 188.62 534.00 239.24 -1 -1 -1 -1000 -1000 -1000 -10 1
495 169 Car -1 -1 -1 575.74 181.44 610.67 203.89 -1 -1 -1 -1000 -1000 -1000 -10 1
495 159 Car -1 -1 -1 418.27 193.45 511.73 250.47 -1 -1 -1 -1000 -1000 -1000 -10 1
496 170 Car -1 -1 -1 425.83 191.23 499.16 236.19 -1 -1 -1 -1000 -1000 -1000 -10 1
496 169 Car -1 -1 -1 563.31 182.32 598.66 205.13 -1 -1 -1 -1000 -1000 -1000 -10 1
496 159 Car -1 -1 -1 376.40 195.22 484.65 260.83 -1 -1 -1 -1000 -1000 -1000 -10 1
497 170 Car -1 -1 -1 418.66 186.63 492.76 234.42 -1 -1 -1 -1000 -1000 -1000 -10 1
497 169 Car -1 -1 -1 551.77 181.06 588.91 203.75 -1 -1 -1 -1000 -1000 -1000 -10 1
497 159 Car -1 -1 -1 331.59 196.05 455.17 273.17 -1 -1 -1 -1000 -1000 -1000 -10 1
498 170 Car -1 -1 -1 401.96 189.36 482.12 241.69 -1 -1 -1 -1000 -1000 -1000 -10 1
498 169 Car -1 -1 -1 547.66 180.98 585.83 204.70 -1 -1 -1 -1000 -1000 -1000 -10 1
498 159 Car -1 -1 -1 279.89 198.27 429.53 290.31 -1 -1 -1 -1000 -1000 -1000 -10 1
499 170 Car -1 -1 -1 382.73 194.71 473.05 250.70 -1 -1 -1 -1000 -1000 -1000 -10 1
499 169 Car -1 -1 -1 548.34 180.93 586.02 204.62 -1 -1 -1 -1000 -1000 -1000 -10 1
499 159 Car -1 -1 -1 207.67 207.26 392.05 317.96 -1 -1 -1 -1000 -1000 -1000 -10 1
500 170 Car -1 -1 -1 363.16 194.93 467.05 255.38 -1 -1 -1 -1000 -1000 -1000 -10 1
500 169 Car -1 -1 -1 549.82 181.60 588.65 205.91 -1 -1 -1 -1000 -1000 -1000 -10 1
500 159 Car -1 -1 -1 101.39 211.91 352.34 353.99 -1 -1 -1 -1000 -1000 -1000 -10 1
501 170 Car -1 -1 -1 336.34 196.32 457.79 266.07 -1 -1 -1 -1000 -1000 -1000 -10 1
501 169 Car -1 -1 -1 557.05 180.67 596.69 206.33 -1 -1 -1 -1000 -1000 -1000 -10 1
501 159 Car -1 -1 -1 19.50 211.16 327.35 369.18 -1 -1 -1 -1000 -1000 -1000 -10 1
502 170 Car -1 -1 -1 311.00 197.52 449.12 274.41 -1 -1 -1 -1000 -1000 -1000 -10 1
502 169 Car -1 -1 -1 563.33 179.61 605.33 206.48 -1 -1 -1 -1000 -1000 -1000 -10 1
502 159 Car -1 -1 -1 -14.62 213.77 292.53 375.03 -1 -1 -1 -1000 -1000 -1000 -10 1
503 170 Car -1 -1 -1 269.91 199.20 432.03 290.87 -1 -1 -1 -1000 -1000 -1000 -10 1
503 169 Car -1 -1 -1 570.84 179.05 614.26 206.52 -1 -1 -1 -1000 -1000 -1000 -10 1
503 159 Car -1 -1 -1 -32.48 216.28 227.73 374.72 -1 -1 -1 -1000 -1000 -1000 -10 1
504 170 Car -1 -1 -1 203.24 203.17 407.77 319.09 -1 -1 -1 -1000 -1000 -1000 -10 1
504 169 Car -1 -1 -1 575.72 180.58 621.05 208.93 -1 -1 -1 -1000 -1000 -1000 -10 1
505 170 Car -1 -1 -1 95.74 208.15 364.37 356.47 -1 -1 -1 -1000 -1000 -1000 -10 1
505 169 Car -1 -1 -1 578.50 178.77 626.02 208.14 -1 -1 -1 -1000 -1000 -1000 -10 1
506 170 Car -1 -1 -1 9.72 204.01 328.76 371.53 -1 -1 -1 -1000 -1000 -1000 -10 1
506 169 Car -1 -1 -1 581.35 180.26 631.22 211.05 -1 -1 -1 -1000 -1000 -1000 -10 1
507 171 Car -1 -1 -1 716.26 174.22 749.79 195.08 -1 -1 -1 -1000 -1000 -1000 -10 1
507 170 Car -1 -1 -1 -26.19 206.34 273.42 377.26 -1 -1 -1 -1000 -1000 -1000 -10 1
507 169 Car -1 -1 -1 583.83 179.04 636.90 210.72 -1 -1 -1 -1000 -1000 -1000 -10 1
508 171 Car -1 -1 -1 719.99 172.45 755.95 193.50 -1 -1 -1 -1000 -1000 -1000 -10 1
508 169 Car -1 -1 -1 586.36 178.44 642.10 211.27 -1 -1 -1 -1000 -1000 -1000 -10 1
509 171 Car -1 -1 -1 725.40 172.89 762.43 195.81 -1 -1 -1 -1000 -1000 -1000 -10 1
509 169 Car -1 -1 -1 585.54 179.56 644.16 214.51 -1 -1 -1 -1000 -1000 -1000 -10 1
510 171 Car -1 -1 -1 731.95 172.37 768.67 196.19 -1 -1 -1 -1000 -1000 -1000 -10 1
510 169 Car -1 -1 -1 584.96 177.44 647.09 214.42 -1 -1 -1 -1000 -1000 -1000 -10 1
511 171 Car -1 -1 -1 735.09 170.72 774.84 192.05 -1 -1 -1 -1000 -1000 -1000 -10 1
511 169 Car -1 -1 -1 581.35 173.61 647.22 212.91 -1 -1 -1 -1000 -1000 -1000 -10 1
512 171 Car -1 -1 -1 732.74 177.94 773.37 201.77 -1 -1 -1 -1000 -1000 -1000 -10 1
512 169 Car -1 -1 -1 577.25 184.00 649.82 223.72 -1 -1 -1 -1000 -1000 -1000 -10 1
513 171 Car -1 -1 -1 730.30 178.37 770.85 203.43 -1 -1 -1 -1000 -1000 -1000 -10 1
513 169 Car -1 -1 -1 565.00 183.92 644.70 226.71 -1 -1 -1 -1000 -1000 -1000 -10 1
514 171 Car -1 -1 -1 725.25 176.38 765.40 202.01 -1 -1 -1 -1000 -1000 -1000 -10 1
514 169 Car -1 -1 -1 549.57 183.26 639.71 227.55 -1 -1 -1 -1000 -1000 -1000 -10 1
515 171 Car -1 -1 -1 718.76 177.19 759.64 203.62 -1 -1 -1 -1000 -1000 -1000 -10 1
515 169 Car -1 -1 -1 529.90 185.31 625.05 234.48 -1 -1 -1 -1000 -1000 -1000 -10 1
516 171 Car -1 -1 -1 707.09 175.94 749.20 203.05 -1 -1 -1 -1000 -1000 -1000 -10 1
516 169 Car -1 -1 -1 505.94 185.55 607.21 240.50 -1 -1 -1 -1000 -1000 -1000 -10 1
517 171 Car -1 -1 -1 693.76 175.69 737.77 204.32 -1 -1 -1 -1000 -1000 -1000 -10 1
517 169 Car -1 -1 -1 479.45 189.33 595.93 251.51 -1 -1 -1 -1000 -1000 -1000 -10 1
518 171 Car -1 -1 -1 681.47 177.41 727.83 207.84 -1 -1 -1 -1000 -1000 -1000 -10 1
518 169 Car -1 -1 -1 450.06 193.12 577.23 260.50 -1 -1 -1 -1000 -1000 -1000 -10 1
519 171 Car -1 -1 -1 669.59 174.99 718.64 207.29 -1 -1 -1 -1000 -1000 -1000 -10 1
519 169 Car -1 -1 -1 415.96 192.26 553.78 265.33 -1 -1 -1 -1000 -1000 -1000 -10 1
520 171 Car -1 -1 -1 657.35 175.12 708.96 208.15 -1 -1 -1 -1000 -1000 -1000 -10 1
520 169 Car -1 -1 -1 370.14 193.59 528.55 277.61 -1 -1 -1 -1000 -1000 -1000 -10 1
521 171 Car -1 -1 -1 640.99 178.40 696.74 212.63 -1 -1 -1 -1000 -1000 -1000 -10 1
521 169 Car -1 -1 -1 304.51 199.50 493.62 300.45 -1 -1 -1 -1000 -1000 -1000 -10 1
522 171 Car -1 -1 -1 625.85 181.19 684.46 216.67 -1 -1 -1 -1000 -1000 -1000 -10 1
522 169 Car -1 -1 -1 207.55 202.86 454.08 333.74 -1 -1 -1 -1000 -1000 -1000 -10 1
523 171 Car -1 -1 -1 608.51 181.32 669.79 218.20 -1 -1 -1 -1000 -1000 -1000 -10 1
523 169 Car -1 -1 -1 63.70 202.48 390.65 362.90 -1 -1 -1 -1000 -1000 -1000 -10 1
524 171 Car -1 -1 -1 592.23 180.38 653.97 218.63 -1 -1 -1 -1000 -1000 -1000 -10 1
524 169 Car -1 -1 -1 -0.26 201.81 343.50 371.18 -1 -1 -1 -1000 -1000 -1000 -10 1
525 171 Car -1 -1 -1 570.52 182.66 639.64 223.49 -1 -1 -1 -1000 -1000 -1000 -10 1
525 169 Car -1 -1 -1 -36.25 205.08 268.32 375.22 -1 -1 -1 -1000 -1000 -1000 -10 1
526 171 Car -1 -1 -1 544.71 186.50 624.37 227.81 -1 -1 -1 -1000 -1000 -1000 -10 1
527 171 Car -1 -1 -1 523.81 186.52 608.28 231.65 -1 -1 -1 -1000 -1000 -1000 -10 1
528 171 Car -1 -1 -1 497.55 187.81 589.77 239.74 -1 -1 -1 -1000 -1000 -1000 -10 1
529 171 Car -1 -1 -1 469.96 187.54 575.57 243.52 -1 -1 -1 -1000 -1000 -1000 -10 1
530 171 Car -1 -1 -1 438.70 189.55 556.00 252.56 -1 -1 -1 -1000 -1000 -1000 -10 1
531 171 Car -1 -1 -1 403.63 193.92 531.15 265.05 -1 -1 -1 -1000 -1000 -1000 -10 1
532 171 Car -1 -1 -1 359.70 195.30 501.85 273.50 -1 -1 -1 -1000 -1000 -1000 -10 1
533 171 Car -1 -1 -1 297.00 201.21 465.42 291.43 -1 -1 -1 -1000 -1000 -1000 -10 1
534 171 Car -1 -1 -1 216.42 199.52 424.79 311.07 -1 -1 -1 -1000 -1000 -1000 -10 1
535 171 Car -1 -1 -1 94.50 204.32 366.87 346.82 -1 -1 -1 -1000 -1000 -1000 -10 1
536 171 Car -1 -1 -1 8.40 203.69 315.87 365.48 -1 -1 -1 -1000 -1000 -1000 -10 1
537 171 Car -1 -1 -1 -30.44 204.27 243.57 371.21 -1 -1 -1 -1000 -1000 -1000 -10 1
