0 8 Car -1 -1 -1 520.30 184.00 576.27 221.94 -1 -1 -1 -1000 -1000 -1000 -10 1
0 7 Car -1 -1 -1 371.95 190.39 498.28 285.60 -1 -1 -1 -1000 -1000 -1000 -10 1
0 6 Car -1 -1 -1 660.95 185.64 776.14 262.17 -1 -1 -1 -1000 -1000 -1000 -10 1
0 5 Car -1 -1 -1 724.84 191.34 903.71 307.97 -1 -1 -1 -1000 -1000 -1000 -10 1
0 4 Car -1 -1 -1 843.74 192.77 1222.57 368.45 -1 -1 -1 -1000 -1000 -1000 -10 1
0 3 Car -1 -1 -1 490.21 181.71 548.29 223.49 -1 -1 -1 -1000 -1000 -1000 -10 1
0 2 Car -1 -1 -1 648.67 179.73 714.33 229.31 -1 -1 -1 -1000 -1000 -1000 -10 1
0 1 Car -1 -1 -1 564.78 179.28 640.72 243.63 -1 -1 -1 -1000 -1000 -1000 -10 1
1 11 Car -1 -1 -1 -5.74 227.87 329.86 368.82 -1 -1 -1 -1000 -1000 -1000 -10 1
1 10 Car -1 -1 -1 633.05 183.78 676.68 220.71 -1 -1 -1 -1000 -1000 -1000 -10 1
1 7 Car -1 -1 -1 294.99 193.35 482.25 325.09 -1 -1 -1 -1000 -1000 -1000 -10 1
1 6 Car -1 -1 -1 664.16 185.67 778.25 265.91 -1 -1 -1 -1000 -1000 -1000 -10 1
1 5 Car -1 -1 -1 724.96 191.61 923.75 321.09 -1 -1 -1 -1000 -1000 -1000 -10 1
1 4 Car -1 -1 -1 855.24 197.12 1237.34 373.21 -1 -1 -1 -1000 -1000 -1000 -10 1
1 3 Car -1 -1 -1 480.40 184.76 542.94 227.93 -1 -1 -1 -1000 -1000 -1000 -10 1
1 2 Car -1 -1 -1 652.71 183.70 720.07 234.18 -1 -1 -1 -1000 -1000 -1000 -10 1
1 1 Car -1 -1 -1 562.79 180.54 645.30 250.46 -1 -1 -1 -1000 -1000 -1000 -10 1
2 10 Car -1 -1 -1 632.74 184.25 672.33 220.76 -1 -1 -1 -1000 -1000 -1000 -10 1
2 7 Car -1 -1 -1 156.11 198.35 432.75 373.76 -1 -1 -1 -1000 -1000 -1000 -10 1
2 6 Car -1 -1 -1 669.40 185.96 785.96 268.09 -1 -1 -1 -1000 -1000 -1000 -10 1
2 5 Car -1 -1 -1 734.86 194.17 957.40 337.76 -1 -1 -1 -1000 -1000 -1000 -10 1
2 4 Car -1 -1 -1 885.51 201.36 1249.26 371.83 -1 -1 -1 -1000 -1000 -1000 -10 1
2 3 Car -1 -1 -1 480.23 184.47 536.41 223.67 -1 -1 -1 -1000 -1000 -1000 -10 1
2 2 Car -1 -1 -1 654.19 184.00 719.97 234.77 -1 -1 -1 -1000 -1000 -1000 -10 1
2 1 Car -1 -1 -1 555.81 179.39 650.90 256.90 -1 -1 -1 -1000 -1000 -1000 -10 1
3 7 Car -1 -1 -1 -1.05 203.99 364.83 387.06 -1 -1 -1 -1000 -1000 -1000 -10 1
3 6 Car -1 -1 -1 679.71 186.20 791.71 266.18 -1 -1 -1 -1000 -1000 -1000 -10 1
3 5 Car -1 -1 -1 753.13 198.85 995.12 353.25 -1 -1 -1 -1000 -1000 -1000 -10 1
3 4 Car -1 -1 -1 932.24 203.81 1252.47 368.78 -1 -1 -1 -1000 -1000 -1000 -10 1
3 2 Car -1 -1 -1 659.70 185.10 724.80 235.81 -1 -1 -1 -1000 -1000 -1000 -10 1
3 1 Car -1 -1 -1 556.78 178.19 652.39 255.35 -1 -1 -1 -1000 -1000 -1000 -10 1
4 7 Car -1 -1 -1 -46.01 213.99 267.47 379.21 -1 -1 -1 -1000 -1000 -1000 -10 1
4 6 Car -1 -1 -1 691.93 188.67 815.25 272.71 -1 -1 -1 -1000 -1000 -1000 -10 1
4 5 Car -1 -1 -1 768.16 195.58 1050.65 372.05 -1 -1 -1 -1000 -1000 -1000 -10 1
4 4 Car -1 -1 -1 1010.97 216.41 1255.41 364.57 -1 -1 -1 -1000 -1000 -1000 -10 1
4 2 Car -1 -1 -1 666.30 182.86 731.90 234.20 -1 -1 -1 -1000 -1000 -1000 -10 1
4 1 Car -1 -1 -1 561.12 179.47 651.36 254.07 -1 -1 -1 -1000 -1000 -1000 -10 1
5 15 Car -1 -1 -1 162.92 186.88 277.94 221.06 -1 -1 -1 -1000 -1000 -1000 -10 1
5 13 Car -1 -1 -1 347.71 193.71 488.13 272.02 -1 -1 -1 -1000 -1000 -1000 -10 1
5 7 Car -1 -1 -1 -40.18 216.05 253.26 379.03 -1 -1 -1 -1000 -1000 -1000 -10 1
5 6 Car -1 -1 -1 693.92 190.35 831.10 280.88 -1 -1 -1 -1000 -1000 -1000 -10 1
5 5 Car -1 -1 -1 797.83 192.02 1128.91 378.36 -1 -1 -1 -1000 -1000 -1000 -10 1
5 2 Car -1 -1 -1 668.86 182.09 741.36 238.28 -1 -1 -1 -1000 -1000 -1000 -10 1
5 1 Car -1 -1 -1 565.24 181.55 654.08 255.23 -1 -1 -1 -1000 -1000 -1000 -10 1
6 16 Car -1 -1 -1 541.90 185.90 597.06 223.39 -1 -1 -1 -1000 -1000 -1000 -10 1
6 15 Car -1 -1 -1 155.83 190.63 268.73 224.58 -1 -1 -1 -1000 -1000 -1000 -10 1
6 13 Car -1 -1 -1 271.85 197.69 456.25 297.36 -1 -1 -1 -1000 -1000 -1000 -10 1
6 6 Car -1 -1 -1 707.27 188.76 854.26 289.84 -1 -1 -1 -1000 -1000 -1000 -10 1
6 5 Car -1 -1 -1 814.87 187.53 1223.86 380.07 -1 -1 -1 -1000 -1000 -1000 -10 1
6 2 Car -1 -1 -1 668.91 180.87 746.01 240.08 -1 -1 -1 -1000 -1000 -1000 -10 1
6 1 Car -1 -1 -1 570.38 182.19 656.00 252.06 -1 -1 -1 -1000 -1000 -1000 -10 1
7 16 Car -1 -1 -1 534.67 183.50 594.34 223.42 -1 -1 -1 -1000 -1000 -1000 -10 1
7 13 Car -1 -1 -1 137.71 204.69 400.32 349.28 -1 -1 -1 -1000 -1000 -1000 -10 1
7 6 Car -1 -1 -1 717.39 190.92 881.71 301.53 -1 -1 -1 -1000 -1000 -1000 -10 1
7 5 Car -1 -1 -1 828.07 191.48 1251.79 381.81 -1 -1 -1 -1000 -1000 -1000 -10 1
7 2 Car -1 -1 -1 666.61 180.18 740.22 237.54 -1 -1 -1 -1000 -1000 -1000 -10 1
7 1 Car -1 -1 -1 574.09 180.98 656.31 246.63 -1 -1 -1 -1000 -1000 -1000 -10 1
8 16 Car -1 -1 -1 519.35 182.98 585.81 226.34 -1 -1 -1 -1000 -1000 -1000 -10 1
8 13 Car -1 -1 -1 -1.71 206.92 333.53 378.06 -1 -1 -1 -1000 -1000 -1000 -10 1
8 6 Car -1 -1 -1 732.34 195.14 923.79 324.87 -1 -1 -1 -1000 -1000 -1000 -10 1
8 5 Car -1 -1 -1 852.94 200.39 1265.92 381.80 -1 -1 -1 -1000 -1000 -1000 -10 1
8 2 Car -1 -1 -1 673.17 182.86 763.03 250.92 -1 -1 -1 -1000 -1000 -1000 -10 1
8 1 Car -1 -1 -1 575.12 182.44 658.38 247.52 -1 -1 -1 -1000 -1000 -1000 -10 1
9 20 Car -1 -1 -1 667.67 182.57 721.45 227.47 -1 -1 -1 -1000 -1000 -1000 -10 1
9 16 Car -1 -1 -1 503.42 185.14 579.42 232.19 -1 -1 -1 -1000 -1000 -1000 -10 1
9 13 Car -1 -1 -1 -55.29 206.65 222.55 379.97 -1 -1 -1 -1000 -1000 -1000 -10 1
9 6 Car -1 -1 -1 748.87 195.79 973.28 348.46 -1 -1 -1 -1000 -1000 -1000 -10 1
9 5 Car -1 -1 -1 900.78 203.77 1277.13 378.61 -1 -1 -1 -1000 -1000 -1000 -10 1
9 2 Car -1 -1 -1 677.94 187.48 775.28 260.71 -1 -1 -1 -1000 -1000 -1000 -10 1
9 1 Car -1 -1 -1 577.70 183.36 657.09 246.43 -1 -1 -1 -1000 -1000 -1000 -10 1
10 16 Car -1 -1 -1 484.07 187.06 567.66 241.50 -1 -1 -1 -1000 -1000 -1000 -10 1
10 6 Car -1 -1 -1 779.78 197.76 1059.74 371.05 -1 -1 -1 -1000 -1000 -1000 -10 1
10 2 Car -1 -1 -1 690.42 185.31 794.22 264.20 -1 -1 -1 -1000 -1000 -1000 -10 1
10 1 Car -1 -1 -1 589.12 183.32 660.61 241.36 -1 -1 -1 -1000 -1000 -1000 -10 1
11 16 Car -1 -1 -1 459.46 191.96 552.14 254.53 -1 -1 -1 -1000 -1000 -1000 -10 1
11 6 Car -1 -1 -1 811.79 197.03 1189.85 376.30 -1 -1 -1 -1000 -1000 -1000 -10 1
11 2 Car -1 -1 -1 699.87 191.62 808.93 275.29 -1 -1 -1 -1000 -1000 -1000 -10 1
11 1 Car -1 -1 -1 587.96 188.50 670.06 254.28 -1 -1 -1 -1000 -1000 -1000 -10 1
12 24 Car -1 -1 -1 557.53 179.87 605.17 212.30 -1 -1 -1 -1000 -1000 -1000 -10 1
12 16 Car -1 -1 -1 428.95 194.45 537.81 265.34 -1 -1 -1 -1000 -1000 -1000 -10 1
12 6 Car -1 -1 -1 811.98 197.55 1245.97 378.81 -1 -1 -1 -1000 -1000 -1000 -10 1
12 1 Car -1 -1 -1 590.43 185.49 678.73 256.29 -1 -1 -1 -1000 -1000 -1000 -10 1
13 24 Car -1 -1 -1 547.43 178.95 599.52 214.06 -1 -1 -1 -1000 -1000 -1000 -10 1
13 16 Car -1 -1 -1 381.33 195.04 515.14 281.94 -1 -1 -1 -1000 -1000 -1000 -10 1
13 6 Car -1 -1 -1 850.74 206.88 1269.49 382.06 -1 -1 -1 -1000 -1000 -1000 -10 1
13 2 Car -1 -1 -1 728.87 191.81 869.23 297.32 -1 -1 -1 -1000 -1000 -1000 -10 1
13 1 Car -1 -1 -1 588.69 179.89 685.39 256.30 -1 -1 -1 -1000 -1000 -1000 -10 1
14 27 Car -1 -1 -1 688.97 183.50 828.61 270.98 -1 -1 -1 -1000 -1000 -1000 -10 1
14 24 Car -1 -1 -1 540.28 180.35 596.05 218.20 -1 -1 -1 -1000 -1000 -1000 -10 1
14 16 Car -1 -1 -1 291.62 201.62 480.77 329.14 -1 -1 -1 -1000 -1000 -1000 -10 1
14 2 Car -1 -1 -1 749.25 193.10 909.82 314.43 -1 -1 -1 -1000 -1000 -1000 -10 1
14 1 Car -1 -1 -1 604.80 179.29 696.87 252.57 -1 -1 -1 -1000 -1000 -1000 -10 1
15 27 Car -1 -1 -1 712.24 183.11 848.69 273.48 -1 -1 -1 -1000 -1000 -1000 -10 1
15 24 Car -1 -1 -1 523.94 175.95 591.26 222.41 -1 -1 -1 -1000 -1000 -1000 -10 1
15 16 Car -1 -1 -1 97.70 200.29 400.12 366.88 -1 -1 -1 -1000 -1000 -1000 -10 1
15 2 Car -1 -1 -1 774.09 192.84 968.80 335.90 -1 -1 -1 -1000 -1000 -1000 -10 1
15 1 Car -1 -1 -1 610.54 178.83 699.79 250.74 -1 -1 -1 -1000 -1000 -1000 -10 1
16 30 Car -1 -1 -1 639.04 163.28 720.54 226.64 -1 -1 -1 -1000 -1000 -1000 -10 1
16 27 Car -1 -1 -1 730.41 183.73 882.78 290.40 -1 -1 -1 -1000 -1000 -1000 -10 1
16 24 Car -1 -1 -1 505.01 176.85 583.93 230.10 -1 -1 -1 -1000 -1000 -1000 -10 1
16 16 Car -1 -1 -1 -1.21 204.97 328.42 375.40 -1 -1 -1 -1000 -1000 -1000 -10 1
16 2 Car -1 -1 -1 816.85 198.61 1061.02 366.15 -1 -1 -1 -1000 -1000 -1000 -10 1
16 1 Car -1 -1 -1 607.78 179.50 704.78 258.24 -1 -1 -1 -1000 -1000 -1000 -10 1
17 30 Car -1 -1 -1 649.58 167.77 727.41 231.68 -1 -1 -1 -1000 -1000 -1000 -10 1
17 27 Car -1 -1 -1 736.56 187.18 923.77 314.18 -1 -1 -1 -1000 -1000 -1000 -10 1
17 24 Car -1 -1 -1 479.83 181.89 571.34 244.86 -1 -1 -1 -1000 -1000 -1000 -10 1
17 2 Car -1 -1 -1 854.61 199.04 1180.20 374.41 -1 -1 -1 -1000 -1000 -1000 -10 1
17 1 Car -1 -1 -1 629.74 165.85 727.93 246.59 -1 -1 -1 -1000 -1000 -1000 -10 1
18 35 Car -1 -1 -1 18.81 193.34 193.72 245.95 -1 -1 -1 -1000 -1000 -1000 -10 1
18 32 Car -1 -1 -1 556.99 159.62 629.59 211.73 -1 -1 -1 -1000 -1000 -1000 -10 1
18 31 Car -1 -1 -1 602.80 174.81 723.67 268.55 -1 -1 -1 -1000 -1000 -1000 -10 1
18 30 Car -1 -1 -1 663.37 165.42 744.55 230.70 -1 -1 -1 -1000 -1000 -1000 -10 1
18 27 Car -1 -1 -1 756.27 189.96 980.51 339.44 -1 -1 -1 -1000 -1000 -1000 -10 1
18 24 Car -1 -1 -1 438.69 183.80 552.92 258.69 -1 -1 -1 -1000 -1000 -1000 -10 1
18 2 Car -1 -1 -1 874.59 194.00 1236.74 375.38 -1 -1 -1 -1000 -1000 -1000 -10 1
19 35 Car -1 -1 -1 -10.80 190.89 180.74 251.81 -1 -1 -1 -1000 -1000 -1000 -10 1
19 32 Car -1 -1 -1 544.86 162.24 616.36 211.43 -1 -1 -1 -1000 -1000 -1000 -10 1
19 31 Car -1 -1 -1 605.24 174.81 727.49 265.26 -1 -1 -1 -1000 -1000 -1000 -10 1
19 30 Car -1 -1 -1 665.84 164.57 754.41 233.35 -1 -1 -1 -1000 -1000 -1000 -10 1
19 27 Car -1 -1 -1 781.92 191.98 1041.57 366.06 -1 -1 -1 -1000 -1000 -1000 -10 1
19 24 Car -1 -1 -1 373.81 185.22 521.43 282.28 -1 -1 -1 -1000 -1000 -1000 -10 1
19 2 Car -1 -1 -1 921.54 199.14 1265.26 378.72 -1 -1 -1 -1000 -1000 -1000 -10 1
20 35 Car -1 -1 -1 -16.77 198.60 153.34 264.29 -1 -1 -1 -1000 -1000 -1000 -10 1
20 32 Car -1 -1 -1 529.99 163.64 611.30 219.31 -1 -1 -1 -1000 -1000 -1000 -10 1
20 30 Car -1 -1 -1 653.73 173.09 744.42 244.23 -1 -1 -1 -1000 -1000 -1000 -10 1
20 27 Car -1 -1 -1 826.79 189.75 1140.68 373.86 -1 -1 -1 -1000 -1000 -1000 -10 1
20 24 Car -1 -1 -1 260.70 198.70 478.63 342.74 -1 -1 -1 -1000 -1000 -1000 -10 1
21 32 Car -1 -1 -1 511.31 171.29 601.63 228.83 -1 -1 -1 -1000 -1000 -1000 -10 1
21 30 Car -1 -1 -1 629.34 189.97 729.98 269.55 -1 -1 -1 -1000 -1000 -1000 -10 1
21 27 Car -1 -1 -1 852.01 193.28 1215.26 379.60 -1 -1 -1 -1000 -1000 -1000 -10 1
21 24 Car -1 -1 -1 64.78 199.89 391.70 371.43 -1 -1 -1 -1000 -1000 -1000 -10 1
22 40 Car -1 -1 -1 692.57 160.81 816.45 238.70 -1 -1 -1 -1000 -1000 -1000 -10 1
22 32 Car -1 -1 -1 484.44 170.44 586.97 235.58 -1 -1 -1 -1000 -1000 -1000 -10 1
22 30 Car -1 -1 -1 618.95 186.48 730.36 273.54 -1 -1 -1 -1000 -1000 -1000 -10 1
22 27 Car -1 -1 -1 867.54 194.73 1248.09 380.69 -1 -1 -1 -1000 -1000 -1000 -10 1
22 24 Car -1 -1 -1 -33.48 207.43 274.68 381.98 -1 -1 -1 -1000 -1000 -1000 -10 1
23 42 Car -1 -1 -1 708.90 160.65 842.63 232.81 -1 -1 -1 -1000 -1000 -1000 -10 1
23 41 Car -1 -1 -1 616.54 177.35 667.14 207.42 -1 -1 -1 -1000 -1000 -1000 -10 1
23 40 Car -1 -1 -1 705.81 154.02 836.70 234.45 -1 -1 -1 -1000 -1000 -1000 -10 1
23 32 Car -1 -1 -1 453.74 170.68 566.94 245.88 -1 -1 -1 -1000 -1000 -1000 -10 1
23 30 Car -1 -1 -1 615.52 183.92 733.21 274.27 -1 -1 -1 -1000 -1000 -1000 -10 1
23 27 Car -1 -1 -1 890.62 196.58 1266.26 380.85 -1 -1 -1 -1000 -1000 -1000 -10 1
24 42 Car -1 -1 -1 730.90 162.63 869.59 233.34 -1 -1 -1 -1000 -1000 -1000 -10 1
24 32 Car -1 -1 -1 411.51 174.24 541.38 261.74 -1 -1 -1 -1000 -1000 -1000 -10 1
24 30 Car -1 -1 -1 615.06 184.64 738.38 277.65 -1 -1 -1 -1000 -1000 -1000 -10 1
24 27 Car -1 -1 -1 944.16 207.17 1269.03 376.73 -1 -1 -1 -1000 -1000 -1000 -10 1
25 43 Car -1 -1 -1 560.59 184.03 617.64 219.46 -1 -1 -1 -1000 -1000 -1000 -10 1
25 42 Car -1 -1 -1 747.32 164.57 890.51 234.61 -1 -1 -1 -1000 -1000 -1000 -10 1
25 32 Car -1 -1 -1 347.77 173.30 510.89 280.10 -1 -1 -1 -1000 -1000 -1000 -10 1
25 30 Car -1 -1 -1 610.46 182.76 737.86 279.58 -1 -1 -1 -1000 -1000 -1000 -10 1
26 46 Car -1 -1 -1 212.21 149.30 479.45 331.65 -1 -1 -1 -1000 -1000 -1000 -10 1
26 45 Car -1 -1 -1 615.74 171.47 677.74 216.02 -1 -1 -1 -1000 -1000 -1000 -10 1
26 43 Car -1 -1 -1 538.97 182.25 600.81 220.20 -1 -1 -1 -1000 -1000 -1000 -10 1
26 42 Car -1 -1 -1 758.77 165.20 905.72 235.89 -1 -1 -1 -1000 -1000 -1000 -10 1
26 30 Car -1 -1 -1 600.59 181.46 728.19 277.89 -1 -1 -1 -1000 -1000 -1000 -10 1
27 47 Car -1 -1 -1 697.21 160.12 737.71 191.22 -1 -1 -1 -1000 -1000 -1000 -10 1
27 46 Car -1 -1 -1 32.50 96.23 412.24 362.77 -1 -1 -1 -1000 -1000 -1000 -10 1
27 43 Car -1 -1 -1 516.37 180.92 583.81 222.19 -1 -1 -1 -1000 -1000 -1000 -10 1
27 42 Car -1 -1 -1 775.97 161.69 926.72 233.97 -1 -1 -1 -1000 -1000 -1000 -10 1
27 30 Car -1 -1 -1 591.15 179.01 719.38 275.27 -1 -1 -1 -1000 -1000 -1000 -10 1
28 46 Car -1 -1 -1 -37.95 71.50 360.87 371.16 -1 -1 -1 -1000 -1000 -1000 -10 1
28 43 Car -1 -1 -1 489.17 185.42 563.60 228.09 -1 -1 -1 -1000 -1000 -1000 -10 1
28 42 Car -1 -1 -1 790.30 158.66 951.07 233.52 -1 -1 -1 -1000 -1000 -1000 -10 1
28 30 Car -1 -1 -1 585.74 176.18 710.74 272.21 -1 -1 -1 -1000 -1000 -1000 -10 1
29 49 Car -1 -1 -1 666.93 167.16 717.60 199.77 -1 -1 -1 -1000 -1000 -1000 -10 1
29 43 Car -1 -1 -1 454.68 186.96 538.52 236.14 -1 -1 -1 -1000 -1000 -1000 -10 1
29 42 Car -1 -1 -1 806.63 156.53 982.71 233.32 -1 -1 -1 -1000 -1000 -1000 -10 1
29 30 Car -1 -1 -1 576.50 174.55 700.52 270.05 -1 -1 -1 -1000 -1000 -1000 -10 1
30 50 Car -1 -1 -1 547.80 178.76 591.63 209.43 -1 -1 -1 -1000 -1000 -1000 -10 1
30 43 Car -1 -1 -1 417.39 187.34 517.42 247.58 -1 -1 -1 -1000 -1000 -1000 -10 1
30 42 Car -1 -1 -1 833.68 154.62 1024.61 234.70 -1 -1 -1 -1000 -1000 -1000 -10 1
30 30 Car -1 -1 -1 570.59 174.58 692.51 267.50 -1 -1 -1 -1000 -1000 -1000 -10 1
31 53 Car -1 -1 -1 1027.13 141.05 1253.59 236.95 -1 -1 -1 -1000 -1000 -1000 -10 1
31 52 Car -1 -1 -1 763.81 161.76 885.29 209.94 -1 -1 -1 -1000 -1000 -1000 -10 1
31 50 Car -1 -1 -1 533.18 176.33 580.45 209.81 -1 -1 -1 -1000 -1000 -1000 -10 1
31 43 Car -1 -1 -1 375.54 188.86 494.66 261.69 -1 -1 -1 -1000 -1000 -1000 -10 1
31 42 Car -1 -1 -1 891.36 150.17 1106.76 231.65 -1 -1 -1 -1000 -1000 -1000 -10 1
31 30 Car -1 -1 -1 566.40 174.21 689.23 265.40 -1 -1 -1 -1000 -1000 -1000 -10 1
32 53 Car -1 -1 -1 1050.98 115.94 1269.65 236.54 -1 -1 -1 -1000 -1000 -1000 -10 1
32 52 Car -1 -1 -1 763.82 162.06 878.71 210.39 -1 -1 -1 -1000 -1000 -1000 -10 1
32 50 Car -1 -1 -1 516.06 176.82 569.11 213.28 -1 -1 -1 -1000 -1000 -1000 -10 1
32 43 Car -1 -1 -1 313.88 195.01 461.01 284.08 -1 -1 -1 -1000 -1000 -1000 -10 1
32 42 Car -1 -1 -1 927.83 143.41 1184.97 235.76 -1 -1 -1 -1000 -1000 -1000 -10 1
32 30 Car -1 -1 -1 560.43 172.09 678.14 261.39 -1 -1 -1 -1000 -1000 -1000 -10 1
33 55 Car -1 -1 -1 660.84 171.16 711.44 195.25 -1 -1 -1 -1000 -1000 -1000 -10 1
33 52 Car -1 -1 -1 764.62 167.40 875.25 214.55 -1 -1 -1 -1000 -1000 -1000 -10 1
33 50 Car -1 -1 -1 501.13 176.55 557.94 213.99 -1 -1 -1 -1000 -1000 -1000 -10 1
33 43 Car -1 -1 -1 209.45 204.52 418.80 325.55 -1 -1 -1 -1000 -1000 -1000 -10 1
33 42 Car -1 -1 -1 955.45 134.54 1227.71 237.02 -1 -1 -1 -1000 -1000 -1000 -10 1
33 30 Car -1 -1 -1 558.75 172.85 670.54 257.37 -1 -1 -1 -1000 -1000 -1000 -10 1
34 55 Car -1 -1 -1 650.83 172.52 706.05 200.13 -1 -1 -1 -1000 -1000 -1000 -10 1
34 52 Car -1 -1 -1 766.30 166.26 885.87 215.44 -1 -1 -1 -1000 -1000 -1000 -10 1
34 50 Car -1 -1 -1 480.65 180.84 543.10 222.63 -1 -1 -1 -1000 -1000 -1000 -10 1
34 43 Car -1 -1 -1 50.50 211.69 349.12 364.10 -1 -1 -1 -1000 -1000 -1000 -10 1
34 42 Car -1 -1 -1 996.69 132.75 1254.45 238.53 -1 -1 -1 -1000 -1000 -1000 -10 1
34 30 Car -1 -1 -1 556.93 173.45 664.32 255.48 -1 -1 -1 -1000 -1000 -1000 -10 1
35 56 Car -1 -1 -1 531.69 175.99 568.09 203.85 -1 -1 -1 -1000 -1000 -1000 -10 1
35 55 Car -1 -1 -1 645.34 169.75 702.21 201.20 -1 -1 -1 -1000 -1000 -1000 -10 1
35 54 Car -1 -1 -1 1099.95 131.69 1257.26 255.73 -1 -1 -1 -1000 -1000 -1000 -10 1
35 52 Car -1 -1 -1 768.14 167.63 895.10 214.96 -1 -1 -1 -1000 -1000 -1000 -10 1
35 50 Car -1 -1 -1 455.82 183.30 529.15 228.52 -1 -1 -1 -1000 -1000 -1000 -10 1
35 43 Car -1 -1 -1 -17.80 213.20 289.17 376.47 -1 -1 -1 -1000 -1000 -1000 -10 1
35 30 Car -1 -1 -1 558.16 174.86 657.68 252.39 -1 -1 -1 -1000 -1000 -1000 -10 1
36 55 Car -1 -1 -1 636.86 169.69 694.27 200.07 -1 -1 -1 -1000 -1000 -1000 -10 1
36 52 Car -1 -1 -1 769.78 168.59 900.24 219.49 -1 -1 -1 -1000 -1000 -1000 -10 1
36 50 Car -1 -1 -1 424.73 184.21 511.48 237.02 -1 -1 -1 -1000 -1000 -1000 -10 1
36 30 Car -1 -1 -1 556.27 174.33 647.82 248.45 -1 -1 -1 -1000 -1000 -1000 -10 1
37 57 Car -1 -1 -1 487.31 179.33 538.03 211.00 -1 -1 -1 -1000 -1000 -1000 -10 1
37 55 Car -1 -1 -1 634.40 169.71 695.11 199.44 -1 -1 -1 -1000 -1000 -1000 -10 1
37 52 Car -1 -1 -1 779.66 166.69 913.67 220.22 -1 -1 -1 -1000 -1000 -1000 -10 1
37 50 Car -1 -1 -1 384.87 184.75 490.21 249.87 -1 -1 -1 -1000 -1000 -1000 -10 1
37 30 Car -1 -1 -1 555.81 172.54 638.77 242.57 -1 -1 -1 -1000 -1000 -1000 -10 1
38 58 Car -1 -1 -1 512.56 179.97 548.08 207.25 -1 -1 -1 -1000 -1000 -1000 -10 1
38 57 Car -1 -1 -1 469.44 184.37 524.43 220.30 -1 -1 -1 -1000 -1000 -1000 -10 1
38 55 Car -1 -1 -1 625.58 176.99 681.37 206.93 -1 -1 -1 -1000 -1000 -1000 -10 1
38 52 Car -1 -1 -1 780.45 166.84 921.41 225.31 -1 -1 -1 -1000 -1000 -1000 -10 1
38 50 Car -1 -1 -1 332.90 188.28 461.70 265.39 -1 -1 -1 -1000 -1000 -1000 -10 1
38 30 Car -1 -1 -1 549.77 177.38 630.83 240.37 -1 -1 -1 -1000 -1000 -1000 -10 1
39 58 Car -1 -1 -1 493.93 182.16 533.65 210.93 -1 -1 -1 -1000 -1000 -1000 -10 1
39 57 Car -1 -1 -1 435.14 185.33 502.60 228.79 -1 -1 -1 -1000 -1000 -1000 -10 1
39 55 Car -1 -1 -1 619.63 177.11 672.83 209.24 -1 -1 -1 -1000 -1000 -1000 -10 1
39 52 Car -1 -1 -1 777.13 168.77 922.51 230.37 -1 -1 -1 -1000 -1000 -1000 -10 1
39 50 Car -1 -1 -1 250.03 196.56 415.59 290.78 -1 -1 -1 -1000 -1000 -1000 -10 1
39 30 Car -1 -1 -1 542.63 180.97 613.51 238.82 -1 -1 -1 -1000 -1000 -1000 -10 1
40 58 Car -1 -1 -1 467.33 180.45 509.45 211.45 -1 -1 -1 -1000 -1000 -1000 -10 1
40 57 Car -1 -1 -1 400.86 188.30 475.81 238.11 -1 -1 -1 -1000 -1000 -1000 -10 1
40 55 Car -1 -1 -1 602.99 174.58 664.05 208.25 -1 -1 -1 -1000 -1000 -1000 -10 1
40 52 Car -1 -1 -1 765.43 168.15 919.23 237.43 -1 -1 -1 -1000 -1000 -1000 -10 1
40 50 Car -1 -1 -1 105.71 203.84 344.44 330.43 -1 -1 -1 -1000 -1000 -1000 -10 1
40 30 Car -1 -1 -1 529.26 178.45 593.95 233.36 -1 -1 -1 -1000 -1000 -1000 -10 1
41 58 Car -1 -1 -1 438.95 180.52 482.84 211.52 -1 -1 -1 -1000 -1000 -1000 -10 1
41 57 Car -1 -1 -1 345.85 187.38 437.02 244.68 -1 -1 -1 -1000 -1000 -1000 -10 1
41 52 Car -1 -1 -1 743.31 167.29 905.47 242.90 -1 -1 -1 -1000 -1000 -1000 -10 1
41 50 Car -1 -1 -1 3.90 207.10 273.25 361.36 -1 -1 -1 -1000 -1000 -1000 -10 1
41 30 Car -1 -1 -1 507.78 179.81 566.97 230.49 -1 -1 -1 -1000 -1000 -1000 -10 1
42 57 Car -1 -1 -1 267.90 193.03 380.17 260.69 -1 -1 -1 -1000 -1000 -1000 -10 1
42 52 Car -1 -1 -1 720.15 168.50 886.60 250.38 -1 -1 -1 -1000 -1000 -1000 -10 1
42 50 Car -1 -1 -1 -44.89 204.38 170.42 367.57 -1 -1 -1 -1000 -1000 -1000 -10 1
42 30 Car -1 -1 -1 474.77 180.57 530.65 228.58 -1 -1 -1 -1000 -1000 -1000 -10 1
43 57 Car -1 -1 -1 158.31 197.73 297.04 278.85 -1 -1 -1 -1000 -1000 -1000 -10 1
43 52 Car -1 -1 -1 682.90 172.63 853.74 256.95 -1 -1 -1 -1000 -1000 -1000 -10 1
43 30 Car -1 -1 -1 428.55 181.81 482.43 228.03 -1 -1 -1 -1000 -1000 -1000 -10 1
44 57 Car -1 -1 -1 15.14 204.60 193.83 310.51 -1 -1 -1 -1000 -1000 -1000 -10 1
44 55 Car -1 -1 -1 440.79 178.86 535.75 220.98 -1 -1 -1 -1000 -1000 -1000 -10 1
44 52 Car -1 -1 -1 634.18 168.40 810.59 258.49 -1 -1 -1 -1000 -1000 -1000 -10 1
44 30 Car -1 -1 -1 375.98 182.62 427.79 226.04 -1 -1 -1 -1000 -1000 -1000 -10 1
45 72 Car -1 -1 -1 150.25 186.92 238.61 240.70 -1 -1 -1 -1000 -1000 -1000 -10 1
45 55 Car -1 -1 -1 383.93 178.22 478.34 221.89 -1 -1 -1 -1000 -1000 -1000 -10 1
45 52 Car -1 -1 -1 581.58 169.34 762.39 263.57 -1 -1 -1 -1000 -1000 -1000 -10 1
46 72 Car -1 -1 -1 29.82 191.38 140.53 250.20 -1 -1 -1 -1000 -1000 -1000 -10 1
46 55 Car -1 -1 -1 308.87 181.36 405.86 226.74 -1 -1 -1 -1000 -1000 -1000 -10 1
46 52 Car -1 -1 -1 511.96 168.21 702.89 269.20 -1 -1 -1 -1000 -1000 -1000 -10 1
47 52 Car -1 -1 -1 439.17 176.25 637.70 283.77 -1 -1 -1 -1000 -1000 -1000 -10 1
48 52 Car -1 -1 -1 350.45 178.15 561.87 295.12 -1 -1 -1 -1000 -1000 -1000 -10 1
49 52 Car -1 -1 -1 241.16 179.83 470.29 310.02 -1 -1 -1 -1000 -1000 -1000 -10 1
50 92 Car -1 -1 -1 609.46 139.08 714.51 184.60 -1 -1 -1 -1000 -1000 -1000 -10 1
50 91 Car -1 -1 -1 1045.88 115.40 1199.18 227.81 -1 -1 -1 -1000 -1000 -1000 -10 1
50 52 Car -1 -1 -1 106.77 188.95 366.55 338.88 -1 -1 -1 -1000 -1000 -1000 -10 1
51 52 Car -1 -1 -1 -8.65 193.04 269.82 363.27 -1 -1 -1 -1000 -1000 -1000 -10 1
52 99 Car -1 -1 -1 1068.80 162.15 1236.56 384.37 -1 -1 -1 -1000 -1000 -1000 -10 1
52 52 Car -1 -1 -1 -52.26 195.06 172.52 368.06 -1 -1 -1 -1000 -1000 -1000 -10 1
53 102 Car -1 -1 -1 880.48 157.55 967.83 220.23 -1 -1 -1 -1000 -1000 -1000 -10 1
53 99 Car -1 -1 -1 1054.22 174.55 1229.76 380.29 -1 -1 -1 -1000 -1000 -1000 -10 1
53 97 Car -1 -1 -1 365.11 149.37 505.76 197.82 -1 -1 -1 -1000 -1000 -1000 -10 1
54 102 Car -1 -1 -1 839.54 155.41 920.77 216.53 -1 -1 -1 -1000 -1000 -1000 -10 1
54 99 Car -1 -1 -1 1033.59 177.26 1229.99 368.21 -1 -1 -1 -1000 -1000 -1000 -10 1
54 97 Car -1 -1 -1 287.53 147.60 432.17 197.87 -1 -1 -1 -1000 -1000 -1000 -10 1
55 107 Car -1 -1 -1 902.59 155.58 1021.89 239.17 -1 -1 -1 -1000 -1000 -1000 -10 1
55 102 Car -1 -1 -1 800.45 152.68 874.92 211.05 -1 -1 -1 -1000 -1000 -1000 -10 1
55 99 Car -1 -1 -1 987.71 167.24 1217.47 342.01 -1 -1 -1 -1000 -1000 -1000 -10 1
55 97 Car -1 -1 -1 229.10 140.54 377.06 193.18 -1 -1 -1 -1000 -1000 -1000 -10 1
56 114 Car -1 -1 -1 201.75 136.28 330.72 191.14 -1 -1 -1 -1000 -1000 -1000 -10 1
56 111 Car -1 -1 -1 430.38 150.28 490.45 178.72 -1 -1 -1 -1000 -1000 -1000 -10 1
56 107 Car -1 -1 -1 857.36 155.81 983.80 242.86 -1 -1 -1 -1000 -1000 -1000 -10 1
56 102 Car -1 -1 -1 757.36 151.71 826.95 206.65 -1 -1 -1 -1000 -1000 -1000 -10 1
57 107 Car -1 -1 -1 817.86 161.01 940.95 245.28 -1 -1 -1 -1000 -1000 -1000 -10 1
57 102 Car -1 -1 -1 717.05 152.64 790.51 210.08 -1 -1 -1 -1000 -1000 -1000 -10 1
58 107 Car -1 -1 -1 796.32 167.73 909.78 248.60 -1 -1 -1 -1000 -1000 -1000 -10 1
58 102 Car -1 -1 -1 687.10 156.13 760.11 212.87 -1 -1 -1 -1000 -1000 -1000 -10 1
58 99 Car -1 -1 -1 895.41 188.31 1229.93 366.35 -1 -1 -1 -1000 -1000 -1000 -10 1
59 123 Car -1 -1 -1 301.48 152.78 382.95 188.18 -1 -1 -1 -1000 -1000 -1000 -10 1
59 122 Car -1 -1 -1 755.39 166.17 809.78 210.47 -1 -1 -1 -1000 -1000 -1000 -10 1
59 107 Car -1 -1 -1 782.68 170.59 911.91 259.87 -1 -1 -1 -1000 -1000 -1000 -10 1
59 102 Car -1 -1 -1 671.62 156.70 737.11 209.81 -1 -1 -1 -1000 -1000 -1000 -10 1
59 99 Car -1 -1 -1 894.31 192.64 1234.29 374.96 -1 -1 -1 -1000 -1000 -1000 -10 1
59 97 Car -1 -1 -1 -20.53 125.34 175.57 208.23 -1 -1 -1 -1000 -1000 -1000 -10 1
60 123 Car -1 -1 -1 269.72 148.74 353.39 186.03 -1 -1 -1 -1000 -1000 -1000 -10 1
60 122 Car -1 -1 -1 748.14 166.80 803.59 213.20 -1 -1 -1 -1000 -1000 -1000 -10 1
60 107 Car -1 -1 -1 776.46 173.30 915.73 266.42 -1 -1 -1 -1000 -1000 -1000 -10 1
60 102 Car -1 -1 -1 665.78 152.33 726.27 204.69 -1 -1 -1 -1000 -1000 -1000 -10 1
60 99 Car -1 -1 -1 911.85 192.75 1242.93 374.79 -1 -1 -1 -1000 -1000 -1000 -10 1
61 123 Car -1 -1 -1 232.93 146.15 324.92 186.85 -1 -1 -1 -1000 -1000 -1000 -10 1
61 122 Car -1 -1 -1 744.07 166.26 810.15 221.50 -1 -1 -1 -1000 -1000 -1000 -10 1
61 107 Car -1 -1 -1 772.93 176.17 919.76 275.73 -1 -1 -1 -1000 -1000 -1000 -10 1
61 102 Car -1 -1 -1 654.97 156.57 715.36 206.29 -1 -1 -1 -1000 -1000 -1000 -10 1
61 99 Car -1 -1 -1 948.03 200.31 1251.43 374.03 -1 -1 -1 -1000 -1000 -1000 -10 1
62 123 Car -1 -1 -1 189.53 145.42 288.50 188.74 -1 -1 -1 -1000 -1000 -1000 -10 1
62 122 Car -1 -1 -1 743.31 170.04 826.04 234.58 -1 -1 -1 -1000 -1000 -1000 -10 1
62 107 Car -1 -1 -1 769.43 180.67 928.05 286.90 -1 -1 -1 -1000 -1000 -1000 -10 1
62 102 Car -1 -1 -1 634.27 157.58 701.37 208.15 -1 -1 -1 -1000 -1000 -1000 -10 1
62 99 Car -1 -1 -1 1017.57 203.95 1269.34 374.63 -1 -1 -1 -1000 -1000 -1000 -10 1
63 129 Car -1 -1 -1 251.10 150.44 323.99 186.87 -1 -1 -1 -1000 -1000 -1000 -10 1
63 123 Car -1 -1 -1 149.61 145.28 257.98 188.56 -1 -1 -1 -1000 -1000 -1000 -10 1
63 122 Car -1 -1 -1 740.30 176.52 843.20 249.17 -1 -1 -1 -1000 -1000 -1000 -10 1
63 107 Car -1 -1 -1 764.99 179.67 946.61 305.23 -1 -1 -1 -1000 -1000 -1000 -10 1
63 102 Car -1 -1 -1 629.22 158.69 687.51 205.74 -1 -1 -1 -1000 -1000 -1000 -10 1
64 130 Car -1 -1 -1 692.90 168.51 784.51 231.20 -1 -1 -1 -1000 -1000 -1000 -10 1
64 129 Car -1 -1 -1 209.63 152.07 295.35 192.87 -1 -1 -1 -1000 -1000 -1000 -10 1
64 123 Car -1 -1 -1 102.92 152.00 222.78 197.65 -1 -1 -1 -1000 -1000 -1000 -10 1
64 122 Car -1 -1 -1 733.00 178.74 847.83 258.92 -1 -1 -1 -1000 -1000 -1000 -10 1
64 107 Car -1 -1 -1 766.73 183.44 978.51 327.61 -1 -1 -1 -1000 -1000 -1000 -10 1
64 102 Car -1 -1 -1 627.70 156.84 678.84 198.32 -1 -1 -1 -1000 -1000 -1000 -10 1
65 130 Car -1 -1 -1 693.10 172.16 782.42 235.45 -1 -1 -1 -1000 -1000 -1000 -10 1
65 129 Car -1 -1 -1 171.42 155.64 264.70 200.83 -1 -1 -1 -1000 -1000 -1000 -10 1
65 123 Car -1 -1 -1 50.93 161.41 185.17 207.38 -1 -1 -1 -1000 -1000 -1000 -10 1
65 122 Car -1 -1 -1 733.40 182.31 859.51 266.49 -1 -1 -1 -1000 -1000 -1000 -10 1
65 107 Car -1 -1 -1 776.91 189.30 1030.46 356.88 -1 -1 -1 -1000 -1000 -1000 -10 1
65 102 Car -1 -1 -1 613.55 160.32 663.66 199.11 -1 -1 -1 -1000 -1000 -1000 -10 1
66 130 Car -1 -1 -1 690.91 176.04 785.25 243.42 -1 -1 -1 -1000 -1000 -1000 -10 1
66 129 Car -1 -1 -1 133.64 160.84 237.94 209.52 -1 -1 -1 -1000 -1000 -1000 -10 1
66 123 Car -1 -1 -1 14.89 165.06 150.19 215.12 -1 -1 -1 -1000 -1000 -1000 -10 1
66 122 Car -1 -1 -1 742.79 191.92 883.73 284.86 -1 -1 -1 -1000 -1000 -1000 -10 1
66 107 Car -1 -1 -1 801.04 189.66 1108.83 373.30 -1 -1 -1 -1000 -1000 -1000 -10 1
66 102 Car -1 -1 -1 598.67 163.74 645.51 201.13 -1 -1 -1 -1000 -1000 -1000 -10 1
67 136 Car -1 -1 -1 671.27 176.56 748.82 231.82 -1 -1 -1 -1000 -1000 -1000 -10 1
67 130 Car -1 -1 -1 691.42 178.62 795.84 252.74 -1 -1 -1 -1000 -1000 -1000 -10 1
67 122 Car -1 -1 -1 745.67 194.15 912.14 305.37 -1 -1 -1 -1000 -1000 -1000 -10 1
67 107 Car -1 -1 -1 826.50 186.14 1202.40 377.47 -1 -1 -1 -1000 -1000 -1000 -10 1
67 102 Car -1 -1 -1 600.77 170.28 644.95 206.75 -1 -1 -1 -1000 -1000 -1000 -10 1
68 136 Car -1 -1 -1 670.69 178.01 749.64 235.22 -1 -1 -1 -1000 -1000 -1000 -10 1
68 130 Car -1 -1 -1 691.79 180.79 810.05 262.18 -1 -1 -1 -1000 -1000 -1000 -10 1
68 122 Car -1 -1 -1 757.96 197.67 955.87 329.34 -1 -1 -1 -1000 -1000 -1000 -10 1
68 107 Car -1 -1 -1 838.60 182.75 1237.65 376.58 -1 -1 -1 -1000 -1000 -1000 -10 1
68 102 Car -1 -1 -1 601.58 172.98 643.96 208.46 -1 -1 -1 -1000 -1000 -1000 -10 1
69 136 Car -1 -1 -1 665.72 178.31 734.43 229.62 -1 -1 -1 -1000 -1000 -1000 -10 1
69 130 Car -1 -1 -1 678.37 181.28 794.83 260.45 -1 -1 -1 -1000 -1000 -1000 -10 1
69 122 Car -1 -1 -1 784.39 203.01 1031.81 358.05 -1 -1 -1 -1000 -1000 -1000 -10 1
69 107 Car -1 -1 -1 869.09 182.88 1262.26 381.23 -1 -1 -1 -1000 -1000 -1000 -10 1
69 102 Car -1 -1 -1 591.04 174.06 638.52 215.37 -1 -1 -1 -1000 -1000 -1000 -10 1
70 140 Car -1 -1 -1 638.19 179.20 678.78 208.71 -1 -1 -1 -1000 -1000 -1000 -10 1
70 136 Car -1 -1 -1 666.09 183.83 735.87 236.48 -1 -1 -1 -1000 -1000 -1000 -10 1
70 130 Car -1 -1 -1 674.92 189.61 784.81 264.27 -1 -1 -1 -1000 -1000 -1000 -10 1
70 107 Car -1 -1 -1 900.07 190.61 1275.20 383.46 -1 -1 -1 -1000 -1000 -1000 -10 1
70 102 Car -1 -1 -1 581.02 175.99 634.01 223.92 -1 -1 -1 -1000 -1000 -1000 -10 1
71 142 Car -1 -1 -1 713.45 192.56 910.01 318.25 -1 -1 -1 -1000 -1000 -1000 -10 1
71 140 Car -1 -1 -1 636.69 178.55 675.63 206.41 -1 -1 -1 -1000 -1000 -1000 -10 1
71 136 Car -1 -1 -1 667.09 179.58 739.21 235.43 -1 -1 -1 -1000 -1000 -1000 -10 1
71 130 Car -1 -1 -1 682.36 190.18 788.17 262.06 -1 -1 -1 -1000 -1000 -1000 -10 1
71 122 Car -1 -1 -1 837.47 201.48 1215.50 376.78 -1 -1 -1 -1000 -1000 -1000 -10 1
71 102 Car -1 -1 -1 578.42 174.68 632.78 225.33 -1 -1 -1 -1000 -1000 -1000 -10 1
72 142 Car -1 -1 -1 726.36 194.35 965.49 348.56 -1 -1 -1 -1000 -1000 -1000 -10 1
72 140 Car -1 -1 -1 637.33 177.12 678.45 206.60 -1 -1 -1 -1000 -1000 -1000 -10 1
72 136 Car -1 -1 -1 667.69 179.29 741.99 236.33 -1 -1 -1 -1000 -1000 -1000 -10 1
72 130 Car -1 -1 -1 693.26 191.97 807.31 270.99 -1 -1 -1 -1000 -1000 -1000 -10 1
72 122 Car -1 -1 -1 870.91 201.26 1252.59 377.72 -1 -1 -1 -1000 -1000 -1000 -10 1
72 102 Car -1 -1 -1 577.28 173.58 632.73 226.16 -1 -1 -1 -1000 -1000 -1000 -10 1
73 142 Car -1 -1 -1 755.03 195.48 1044.12 373.67 -1 -1 -1 -1000 -1000 -1000 -10 1
73 140 Car -1 -1 -1 636.61 176.84 681.64 209.12 -1 -1 -1 -1000 -1000 -1000 -10 1
73 136 Car -1 -1 -1 659.63 178.73 730.25 232.48 -1 -1 -1 -1000 -1000 -1000 -10 1
73 130 Car -1 -1 -1 708.29 194.20 839.06 285.97 -1 -1 -1 -1000 -1000 -1000 -10 1
73 122 Car -1 -1 -1 929.89 203.59 1271.11 376.79 -1 -1 -1 -1000 -1000 -1000 -10 1
73 102 Car -1 -1 -1 575.40 177.13 636.90 231.27 -1 -1 -1 -1000 -1000 -1000 -10 1
74 144 Car -1 -1 -1 679.91 175.90 767.05 240.04 -1 -1 -1 -1000 -1000 -1000 -10 1
74 143 Car -1 -1 -1 7.54 200.23 155.12 246.26 -1 -1 -1 -1000 -1000 -1000 -10 1
74 142 Car -1 -1 -1 795.98 192.07 1175.15 383.15 -1 -1 -1 -1000 -1000 -1000 -10 1
74 140 Car -1 -1 -1 629.80 173.72 677.83 207.58 -1 -1 -1 -1000 -1000 -1000 -10 1
74 136 Car -1 -1 -1 655.72 170.06 719.12 219.19 -1 -1 -1 -1000 -1000 -1000 -10 1
74 130 Car -1 -1 -1 718.87 193.81 864.94 295.89 -1 -1 -1 -1000 -1000 -1000 -10 1
74 102 Car -1 -1 -1 575.48 170.86 638.88 226.57 -1 -1 -1 -1000 -1000 -1000 -10 1
75 144 Car -1 -1 -1 685.15 173.67 782.25 243.60 -1 -1 -1 -1000 -1000 -1000 -10 1
75 143 Car -1 -1 -1 -15.21 194.47 136.09 244.13 -1 -1 -1 -1000 -1000 -1000 -10 1
75 142 Car -1 -1 -1 807.58 193.78 1250.10 384.63 -1 -1 -1 -1000 -1000 -1000 -10 1
75 140 Car -1 -1 -1 626.02 172.95 676.22 205.81 -1 -1 -1 -1000 -1000 -1000 -10 1
75 136 Car -1 -1 -1 656.06 167.94 714.83 214.56 -1 -1 -1 -1000 -1000 -1000 -10 1
75 130 Car -1 -1 -1 739.62 196.72 913.35 316.35 -1 -1 -1 -1000 -1000 -1000 -10 1
75 102 Car -1 -1 -1 578.29 166.78 642.32 223.41 -1 -1 -1 -1000 -1000 -1000 -10 1
76 146 Car -1 -1 -1 340.80 173.90 385.25 197.68 -1 -1 -1 -1000 -1000 -1000 -10 1
76 144 Car -1 -1 -1 691.17 175.49 803.46 253.94 -1 -1 -1 -1000 -1000 -1000 -10 1
76 143 Car -1 -1 -1 -19.70 193.88 107.88 246.87 -1 -1 -1 -1000 -1000 -1000 -10 1
76 142 Car -1 -1 -1 834.92 200.22 1274.87 384.75 -1 -1 -1 -1000 -1000 -1000 -10 1
76 140 Car -1 -1 -1 611.49 172.70 664.43 206.01 -1 -1 -1 -1000 -1000 -1000 -10 1
76 136 Car -1 -1 -1 661.72 170.93 719.89 217.03 -1 -1 -1 -1000 -1000 -1000 -10 1
76 130 Car -1 -1 -1 762.53 202.15 981.64 348.32 -1 -1 -1 -1000 -1000 -1000 -10 1
76 102 Car -1 -1 -1 579.36 165.98 644.73 223.43 -1 -1 -1 -1000 -1000 -1000 -10 1
77 148 Car -1 -1 -1 289.13 175.73 344.91 206.51 -1 -1 -1 -1000 -1000 -1000 -10 1
77 144 Car -1 -1 -1 698.01 176.52 825.24 260.03 -1 -1 -1 -1000 -1000 -1000 -10 1
77 143 Car -1 -1 -1 -19.20 199.19 67.24 249.52 -1 -1 -1 -1000 -1000 -1000 -10 1
77 142 Car -1 -1 -1 887.66 204.19 1286.25 384.17 -1 -1 -1 -1000 -1000 -1000 -10 1
77 136 Car -1 -1 -1 655.58 169.81 710.86 213.79 -1 -1 -1 -1000 -1000 -1000 -10 1
77 130 Car -1 -1 -1 795.42 200.36 1080.56 369.13 -1 -1 -1 -1000 -1000 -1000 -10 1
77 102 Car -1 -1 -1 577.79 168.83 642.82 226.41 -1 -1 -1 -1000 -1000 -1000 -10 1
78 150 Car -1 -1 -1 395.72 170.97 435.60 193.35 -1 -1 -1 -1000 -1000 -1000 -10 1
78 148 Car -1 -1 -1 270.89 177.29 333.32 210.26 -1 -1 -1 -1000 -1000 -1000 -10 1
78 144 Car -1 -1 -1 707.35 184.78 843.59 272.26 -1 -1 -1 -1000 -1000 -1000 -10 1
78 136 Car -1 -1 -1 652.02 171.39 708.49 216.13 -1 -1 -1 -1000 -1000 -1000 -10 1
78 130 Car -1 -1 -1 830.65 201.40 1195.05 375.85 -1 -1 -1 -1000 -1000 -1000 -10 1
78 102 Car -1 -1 -1 577.58 170.23 643.24 229.26 -1 -1 -1 -1000 -1000 -1000 -10 1
79 152 Car -1 -1 -1 307.68 175.18 368.74 207.29 -1 -1 -1 -1000 -1000 -1000 -10 1
79 150 Car -1 -1 -1 389.03 171.62 434.54 195.99 -1 -1 -1 -1000 -1000 -1000 -10 1
79 148 Car -1 -1 -1 257.18 178.66 321.32 212.01 -1 -1 -1 -1000 -1000 -1000 -10 1
79 144 Car -1 -1 -1 718.46 187.44 877.04 284.28 -1 -1 -1 -1000 -1000 -1000 -10 1
79 136 Car -1 -1 -1 653.57 172.77 711.70 218.18 -1 -1 -1 -1000 -1000 -1000 -10 1
79 130 Car -1 -1 -1 845.69 205.90 1238.95 379.13 -1 -1 -1 -1000 -1000 -1000 -10 1
79 102 Car -1 -1 -1 577.09 169.19 643.09 229.32 -1 -1 -1 -1000 -1000 -1000 -10 1
80 153 Car -1 -1 -1 631.98 173.20 671.83 200.15 -1 -1 -1 -1000 -1000 -1000 -10 1
80 152 Car -1 -1 -1 304.11 173.75 357.51 204.20 -1 -1 -1 -1000 -1000 -1000 -10 1
80 148 Car -1 -1 -1 246.04 177.90 316.96 213.93 -1 -1 -1 -1000 -1000 -1000 -10 1
80 144 Car -1 -1 -1 731.81 187.82 915.21 296.72 -1 -1 -1 -1000 -1000 -1000 -10 1
80 136 Car -1 -1 -1 657.44 172.81 718.27 220.42 -1 -1 -1 -1000 -1000 -1000 -10 1
80 130 Car -1 -1 -1 885.60 213.37 1270.28 378.27 -1 -1 -1 -1000 -1000 -1000 -10 1
80 102 Car -1 -1 -1 576.67 168.12 644.11 229.14 -1 -1 -1 -1000 -1000 -1000 -10 1
81 152 Car -1 -1 -1 302.93 178.40 351.16 206.43 -1 -1 -1 -1000 -1000 -1000 -10 1
81 148 Car -1 -1 -1 234.26 176.98 309.22 214.56 -1 -1 -1 -1000 -1000 -1000 -10 1
81 144 Car -1 -1 -1 746.05 193.33 967.19 322.04 -1 -1 -1 -1000 -1000 -1000 -10 1
81 136 Car -1 -1 -1 659.40 172.27 723.43 222.94 -1 -1 -1 -1000 -1000 -1000 -10 1
81 102 Car -1 -1 -1 577.47 168.72 645.96 230.20 -1 -1 -1 -1000 -1000 -1000 -10 1
82 156 Car -1 -1 -1 638.42 175.40 682.56 205.72 -1 -1 -1 -1000 -1000 -1000 -10 1
82 155 Car -1 -1 -1 731.90 186.69 855.53 275.88 -1 -1 -1 -1000 -1000 -1000 -10 1
82 154 Car -1 -1 -1 -0.73 183.62 151.97 242.53 -1 -1 -1 -1000 -1000 -1000 -10 1
82 152 Car -1 -1 -1 293.25 176.00 348.06 208.36 -1 -1 -1 -1000 -1000 -1000 -10 1
82 148 Car -1 -1 -1 220.53 179.20 297.37 216.57 -1 -1 -1 -1000 -1000 -1000 -10 1
82 144 Car -1 -1 -1 765.37 196.54 1022.62 346.73 -1 -1 -1 -1000 -1000 -1000 -10 1
82 136 Car -1 -1 -1 661.58 173.23 729.21 227.59 -1 -1 -1 -1000 -1000 -1000 -10 1
82 102 Car -1 -1 -1 574.69 170.06 645.24 230.44 -1 -1 -1 -1000 -1000 -1000 -10 1
83 156 Car -1 -1 -1 637.84 175.30 684.21 207.85 -1 -1 -1 -1000 -1000 -1000 -10 1
83 155 Car -1 -1 -1 739.29 186.85 890.06 290.50 -1 -1 -1 -1000 -1000 -1000 -10 1
83 154 Car -1 -1 -1 -11.11 185.62 130.68 244.74 -1 -1 -1 -1000 -1000 -1000 -10 1
83 148 Car -1 -1 -1 208.85 181.62 293.10 218.71 -1 -1 -1 -1000 -1000 -1000 -10 1
83 144 Car -1 -1 -1 789.01 198.58 1089.92 369.08 -1 -1 -1 -1000 -1000 -1000 -10 1
83 136 Car -1 -1 -1 664.88 179.38 738.43 235.07 -1 -1 -1 -1000 -1000 -1000 -10 1
83 102 Car -1 -1 -1 576.70 173.08 645.32 231.68 -1 -1 -1 -1000 -1000 -1000 -10 1
84 158 Car -1 -1 -1 357.97 175.05 424.08 204.65 -1 -1 -1 -1000 -1000 -1000 -10 1
84 155 Car -1 -1 -1 740.73 189.95 920.08 304.93 -1 -1 -1 -1000 -1000 -1000 -10 1
84 154 Car -1 -1 -1 -12.40 187.09 105.05 246.25 -1 -1 -1 -1000 -1000 -1000 -10 1
84 152 Car -1 -1 -1 282.03 173.71 339.21 208.62 -1 -1 -1 -1000 -1000 -1000 -10 1
84 148 Car -1 -1 -1 192.77 182.32 286.49 219.77 -1 -1 -1 -1000 -1000 -1000 -10 1
84 144 Car -1 -1 -1 825.40 200.62 1194.74 377.65 -1 -1 -1 -1000 -1000 -1000 -10 1
84 136 Car -1 -1 -1 668.47 179.93 748.42 238.25 -1 -1 -1 -1000 -1000 -1000 -10 1
84 102 Car -1 -1 -1 577.19 173.56 645.62 231.65 -1 -1 -1 -1000 -1000 -1000 -10 1
85 158 Car -1 -1 -1 348.40 175.41 411.82 203.59 -1 -1 -1 -1000 -1000 -1000 -10 1
85 155 Car -1 -1 -1 747.23 193.64 955.95 322.22 -1 -1 -1 -1000 -1000 -1000 -10 1
85 152 Car -1 -1 -1 268.83 173.34 331.84 210.02 -1 -1 -1 -1000 -1000 -1000 -10 1
85 148 Car -1 -1 -1 174.30 182.54 275.95 221.95 -1 -1 -1 -1000 -1000 -1000 -10 1
85 144 Car -1 -1 -1 833.46 199.90 1243.87 377.59 -1 -1 -1 -1000 -1000 -1000 -10 1
85 136 Car -1 -1 -1 670.11 180.87 751.94 241.38 -1 -1 -1 -1000 -1000 -1000 -10 1
85 102 Car -1 -1 -1 575.13 176.52 645.74 234.33 -1 -1 -1 -1000 -1000 -1000 -10 1
86 158 Car -1 -1 -1 333.66 178.53 384.14 204.53 -1 -1 -1 -1000 -1000 -1000 -10 1
86 155 Car -1 -1 -1 764.79 197.54 1000.68 342.69 -1 -1 -1 -1000 -1000 -1000 -10 1
86 152 Car -1 -1 -1 256.37 173.12 325.60 211.78 -1 -1 -1 -1000 -1000 -1000 -10 1
86 148 Car -1 -1 -1 153.47 181.93 259.79 223.07 -1 -1 -1 -1000 -1000 -1000 -10 1
86 144 Car -1 -1 -1 839.36 205.00 1261.10 378.33 -1 -1 -1 -1000 -1000 -1000 -10 1
86 136 Car -1 -1 -1 671.60 180.44 754.18 242.91 -1 -1 -1 -1000 -1000 -1000 -10 1
86 102 Car -1 -1 -1 576.29 175.12 647.42 233.27 -1 -1 -1 -1000 -1000 -1000 -10 1
87 158 Car -1 -1 -1 342.27 179.59 389.83 205.31 -1 -1 -1 -1000 -1000 -1000 -10 1
87 155 Car -1 -1 -1 789.17 199.84 1061.56 365.51 -1 -1 -1 -1000 -1000 -1000 -10 1
87 152 Car -1 -1 -1 242.85 174.15 319.62 212.65 -1 -1 -1 -1000 -1000 -1000 -10 1
87 148 Car -1 -1 -1 135.31 182.95 247.06 225.18 -1 -1 -1 -1000 -1000 -1000 -10 1
87 144 Car -1 -1 -1 869.82 205.69 1273.07 378.17 -1 -1 -1 -1000 -1000 -1000 -10 1
87 136 Car -1 -1 -1 675.83 182.12 765.90 250.66 -1 -1 -1 -1000 -1000 -1000 -10 1
87 102 Car -1 -1 -1 579.49 173.99 648.17 230.08 -1 -1 -1 -1000 -1000 -1000 -10 1
88 163 Car -1 -1 -1 653.61 179.07 708.31 221.82 -1 -1 -1 -1000 -1000 -1000 -10 1
88 158 Car -1 -1 -1 333.29 177.39 388.34 205.07 -1 -1 -1 -1000 -1000 -1000 -10 1
88 155 Car -1 -1 -1 805.91 196.88 1127.16 377.06 -1 -1 -1 -1000 -1000 -1000 -10 1
88 152 Car -1 -1 -1 237.21 174.84 314.43 214.92 -1 -1 -1 -1000 -1000 -1000 -10 1
88 148 Car -1 -1 -1 117.39 184.26 237.93 227.37 -1 -1 -1 -1000 -1000 -1000 -10 1
88 144 Car -1 -1 -1 922.03 206.44 1289.22 377.78 -1 -1 -1 -1000 -1000 -1000 -10 1
88 136 Car -1 -1 -1 677.34 181.60 779.32 256.65 -1 -1 -1 -1000 -1000 -1000 -10 1
88 102 Car -1 -1 -1 579.91 174.46 646.71 229.23 -1 -1 -1 -1000 -1000 -1000 -10 1
89 163 Car -1 -1 -1 651.81 178.05 707.78 222.23 -1 -1 -1 -1000 -1000 -1000 -10 1
89 158 Car -1 -1 -1 322.83 175.64 386.72 206.24 -1 -1 -1 -1000 -1000 -1000 -10 1
89 155 Car -1 -1 -1 835.04 198.06 1207.36 381.11 -1 -1 -1 -1000 -1000 -1000 -10 1
89 152 Car -1 -1 -1 229.15 173.86 304.55 213.18 -1 -1 -1 -1000 -1000 -1000 -10 1
89 148 Car -1 -1 -1 94.40 185.12 225.23 229.04 -1 -1 -1 -1000 -1000 -1000 -10 1
89 136 Car -1 -1 -1 682.10 180.85 790.73 261.07 -1 -1 -1 -1000 -1000 -1000 -10 1
89 102 Car -1 -1 -1 579.53 177.22 649.34 232.76 -1 -1 -1 -1000 -1000 -1000 -10 1
90 163 Car -1 -1 -1 651.80 179.14 710.39 225.23 -1 -1 -1 -1000 -1000 -1000 -10 1
90 158 Car -1 -1 -1 313.02 174.76 380.16 205.99 -1 -1 -1 -1000 -1000 -1000 -10 1
90 155 Car -1 -1 -1 849.68 200.07 1244.95 378.60 -1 -1 -1 -1000 -1000 -1000 -10 1
90 152 Car -1 -1 -1 217.05 174.76 292.58 213.38 -1 -1 -1 -1000 -1000 -1000 -10 1
90 148 Car -1 -1 -1 71.97 185.22 209.69 230.61 -1 -1 -1 -1000 -1000 -1000 -10 1
90 136 Car -1 -1 -1 687.37 182.32 801.08 267.78 -1 -1 -1 -1000 -1000 -1000 -10 1
90 102 Car -1 -1 -1 577.19 178.24 650.06 234.72 -1 -1 -1 -1000 -1000 -1000 -10 1
91 163 Car -1 -1 -1 653.12 180.37 715.64 228.91 -1 -1 -1 -1000 -1000 -1000 -10 1
91 158 Car -1 -1 -1 304.85 174.48 372.98 207.19 -1 -1 -1 -1000 -1000 -1000 -10 1
91 155 Car -1 -1 -1 871.13 206.38 1261.64 380.27 -1 -1 -1 -1000 -1000 -1000 -10 1
91 152 Car -1 -1 -1 183.92 177.52 279.68 219.24 -1 -1 -1 -1000 -1000 -1000 -10 1
91 148 Car -1 -1 -1 44.92 185.40 189.42 234.04 -1 -1 -1 -1000 -1000 -1000 -10 1
91 136 Car -1 -1 -1 694.43 186.72 816.30 275.93 -1 -1 -1 -1000 -1000 -1000 -10 1
91 102 Car -1 -1 -1 575.36 177.73 651.15 234.77 -1 -1 -1 -1000 -1000 -1000 -10 1
92 163 Car -1 -1 -1 657.43 178.50 722.78 229.03 -1 -1 -1 -1000 -1000 -1000 -10 1
92 158 Car -1 -1 -1 299.67 175.87 364.24 208.53 -1 -1 -1 -1000 -1000 -1000 -10 1
92 155 Car -1 -1 -1 919.27 215.79 1270.83 379.74 -1 -1 -1 -1000 -1000 -1000 -10 1
92 148 Car -1 -1 -1 17.26 183.74 166.67 235.70 -1 -1 -1 -1000 -1000 -1000 -10 1
92 136 Car -1 -1 -1 701.26 187.97 832.42 285.49 -1 -1 -1 -1000 -1000 -1000 -10 1
92 102 Car -1 -1 -1 574.03 175.06 645.38 231.57 -1 -1 -1 -1000 -1000 -1000 -10 1
93 163 Car -1 -1 -1 659.73 177.97 726.95 231.22 -1 -1 -1 -1000 -1000 -1000 -10 1
93 152 Car -1 -1 -1 131.87 175.20 248.24 222.19 -1 -1 -1 -1000 -1000 -1000 -10 1
93 148 Car -1 -1 -1 -3.36 180.61 143.63 236.46 -1 -1 -1 -1000 -1000 -1000 -10 1
93 136 Car -1 -1 -1 710.71 188.61 858.41 298.75 -1 -1 -1 -1000 -1000 -1000 -10 1
93 102 Car -1 -1 -1 574.41 174.26 643.15 229.64 -1 -1 -1 -1000 -1000 -1000 -10 1
94 163 Car -1 -1 -1 660.20 179.30 729.49 235.02 -1 -1 -1 -1000 -1000 -1000 -10 1
94 152 Car -1 -1 -1 106.54 175.97 229.65 223.70 -1 -1 -1 -1000 -1000 -1000 -10 1
94 148 Car -1 -1 -1 -15.12 181.45 117.93 238.99 -1 -1 -1 -1000 -1000 -1000 -10 1
94 136 Car -1 -1 -1 722.51 194.51 886.53 313.96 -1 -1 -1 -1000 -1000 -1000 -10 1
94 102 Car -1 -1 -1 574.95 175.40 643.62 230.76 -1 -1 -1 -1000 -1000 -1000 -10 1
95 163 Car -1 -1 -1 659.82 181.10 730.84 237.10 -1 -1 -1 -1000 -1000 -1000 -10 1
95 158 Car -1 -1 -1 263.73 174.43 342.67 214.05 -1 -1 -1 -1000 -1000 -1000 -10 1
95 148 Car -1 -1 -1 -19.41 178.43 87.21 234.58 -1 -1 -1 -1000 -1000 -1000 -10 1
95 136 Car -1 -1 -1 737.21 197.92 928.21 336.76 -1 -1 -1 -1000 -1000 -1000 -10 1
95 102 Car -1 -1 -1 573.79 179.70 647.64 234.42 -1 -1 -1 -1000 -1000 -1000 -10 1
96 163 Car -1 -1 -1 661.00 179.58 732.01 235.40 -1 -1 -1 -1000 -1000 -1000 -10 1
96 158 Car -1 -1 -1 262.42 171.57 345.34 211.22 -1 -1 -1 -1000 -1000 -1000 -10 1
96 148 Car -1 -1 -1 -20.82 178.96 58.98 235.61 -1 -1 -1 -1000 -1000 -1000 -10 1
96 136 Car -1 -1 -1 750.01 197.90 977.46 357.74 -1 -1 -1 -1000 -1000 -1000 -10 1
96 102 Car -1 -1 -1 572.13 179.09 645.93 233.76 -1 -1 -1 -1000 -1000 -1000 -10 1
97 170 Car -1 -1 -1 619.12 179.09 667.10 218.29 -1 -1 -1 -1000 -1000 -1000 -10 1
97 167 Car -1 -1 -1 26.12 166.13 177.97 231.44 -1 -1 -1 -1000 -1000 -1000 -10 1
97 163 Car -1 -1 -1 666.77 178.74 739.98 237.43 -1 -1 -1 -1000 -1000 -1000 -10 1
97 152 Car -1 -1 -1 16.96 170.00 162.62 227.75 -1 -1 -1 -1000 -1000 -1000 -10 1
97 136 Car -1 -1 -1 782.10 196.78 1062.55 371.44 -1 -1 -1 -1000 -1000 -1000 -10 1
97 102 Car -1 -1 -1 572.85 178.78 645.56 233.00 -1 -1 -1 -1000 -1000 -1000 -10 1
98 170 Car -1 -1 -1 622.91 181.11 671.13 220.29 -1 -1 -1 -1000 -1000 -1000 -10 1
98 166 Car -1 -1 -1 739.32 198.89 902.45 317.98 -1 -1 -1 -1000 -1000 -1000 -10 1
98 163 Car -1 -1 -1 666.94 180.50 743.11 240.22 -1 -1 -1 -1000 -1000 -1000 -10 1
98 152 Car -1 -1 -1 -3.41 172.81 142.22 232.61 -1 -1 -1 -1000 -1000 -1000 -10 1
98 136 Car -1 -1 -1 823.30 198.27 1177.27 375.64 -1 -1 -1 -1000 -1000 -1000 -10 1
98 102 Car -1 -1 -1 573.67 178.43 646.93 232.89 -1 -1 -1 -1000 -1000 -1000 -10 1
99 170 Car -1 -1 -1 615.70 180.77 665.75 222.67 -1 -1 -1 -1000 -1000 -1000 -10 1
99 167 Car -1 -1 -1 -10.01 166.35 122.92 234.42 -1 -1 -1 -1000 -1000 -1000 -10 1
99 166 Car -1 -1 -1 754.08 202.55 944.49 334.87 -1 -1 -1 -1000 -1000 -1000 -10 1
99 163 Car -1 -1 -1 666.24 180.79 742.99 240.61 -1 -1 -1 -1000 -1000 -1000 -10 1
99 152 Car -1 -1 -1 -15.64 167.61 121.34 232.85 -1 -1 -1 -1000 -1000 -1000 -10 1
99 136 Car -1 -1 -1 840.70 197.37 1227.73 375.86 -1 -1 -1 -1000 -1000 -1000 -10 1
99 102 Car -1 -1 -1 574.64 177.99 647.01 233.01 -1 -1 -1 -1000 -1000 -1000 -10 1
100 175 Car -1 -1 -1 185.31 169.07 283.15 213.79 -1 -1 -1 -1000 -1000 -1000 -10 1
100 167 Car -1 -1 -1 -15.11 167.49 93.88 236.89 -1 -1 -1 -1000 -1000 -1000 -10 1
100 166 Car -1 -1 -1 784.25 203.50 1024.53 362.93 -1 -1 -1 -1000 -1000 -1000 -10 1
100 163 Car -1 -1 -1 656.76 180.31 727.89 235.48 -1 -1 -1 -1000 -1000 -1000 -10 1
100 136 Car -1 -1 -1 868.76 201.49 1258.90 376.03 -1 -1 -1 -1000 -1000 -1000 -10 1
100 102 Car -1 -1 -1 578.57 175.43 645.10 229.59 -1 -1 -1 -1000 -1000 -1000 -10 1
101 178 Car -1 -1 -1 677.69 178.99 781.35 263.09 -1 -1 -1 -1000 -1000 -1000 -10 1
101 175 Car -1 -1 -1 151.79 165.80 262.98 214.22 -1 -1 -1 -1000 -1000 -1000 -10 1
101 166 Car -1 -1 -1 807.28 206.87 1122.91 378.61 -1 -1 -1 -1000 -1000 -1000 -10 1
101 163 Car -1 -1 -1 658.60 182.93 726.89 236.19 -1 -1 -1 -1000 -1000 -1000 -10 1
101 136 Car -1 -1 -1 950.74 200.98 1282.69 370.58 -1 -1 -1 -1000 -1000 -1000 -10 1
101 102 Car -1 -1 -1 579.82 175.45 643.35 228.68 -1 -1 -1 -1000 -1000 -1000 -10 1
102 179 Car -1 -1 -1 328.85 174.25 375.63 198.51 -1 -1 -1 -1000 -1000 -1000 -10 1
102 178 Car -1 -1 -1 690.87 178.26 802.09 267.99 -1 -1 -1 -1000 -1000 -1000 -10 1
102 175 Car -1 -1 -1 118.20 165.84 242.36 214.14 -1 -1 -1 -1000 -1000 -1000 -10 1
102 166 Car -1 -1 -1 827.59 210.20 1221.84 382.17 -1 -1 -1 -1000 -1000 -1000 -10 1
102 163 Car -1 -1 -1 652.04 181.74 719.28 232.07 -1 -1 -1 -1000 -1000 -1000 -10 1
102 102 Car -1 -1 -1 578.22 176.11 641.73 229.83 -1 -1 -1 -1000 -1000 -1000 -10 1
103 178 Car -1 -1 -1 695.69 180.31 818.45 276.14 -1 -1 -1 -1000 -1000 -1000 -10 1
103 175 Car -1 -1 -1 87.70 165.25 224.18 220.28 -1 -1 -1 -1000 -1000 -1000 -10 1
103 166 Car -1 -1 -1 851.07 212.17 1261.13 382.12 -1 -1 -1 -1000 -1000 -1000 -10 1
103 163 Car -1 -1 -1 655.78 181.91 727.27 233.40 -1 -1 -1 -1000 -1000 -1000 -10 1
103 102 Car -1 -1 -1 576.21 175.67 644.54 231.18 -1 -1 -1 -1000 -1000 -1000 -10 1
104 182 Car -1 -1 -1 192.36 168.96 282.90 211.58 -1 -1 -1 -1000 -1000 -1000 -10 1
104 178 Car -1 -1 -1 708.89 183.39 838.85 285.06 -1 -1 -1 -1000 -1000 -1000 -10 1
104 175 Car -1 -1 -1 43.21 165.57 197.68 223.74 -1 -1 -1 -1000 -1000 -1000 -10 1
104 166 Car -1 -1 -1 887.26 213.67 1273.41 381.27 -1 -1 -1 -1000 -1000 -1000 -10 1
104 163 Car -1 -1 -1 653.75 178.75 724.80 230.03 -1 -1 -1 -1000 -1000 -1000 -10 1
104 102 Car -1 -1 -1 578.45 174.70 644.38 230.76 -1 -1 -1 -1000 -1000 -1000 -10 1
105 183 Car -1 -1 -1 279.78 175.71 343.05 207.14 -1 -1 -1 -1000 -1000 -1000 -10 1
105 182 Car -1 -1 -1 169.01 168.18 263.51 212.42 -1 -1 -1 -1000 -1000 -1000 -10 1
105 178 Car -1 -1 -1 720.68 186.35 869.52 299.27 -1 -1 -1 -1000 -1000 -1000 -10 1
105 163 Car -1 -1 -1 660.44 180.90 734.01 234.09 -1 -1 -1 -1000 -1000 -1000 -10 1
105 102 Car -1 -1 -1 577.63 175.40 642.50 230.81 -1 -1 -1 -1000 -1000 -1000 -10 1
106 184 Car -1 -1 -1 -6.93 170.20 135.87 231.87 -1 -1 -1 -1000 -1000 -1000 -10 1
106 183 Car -1 -1 -1 260.41 174.09 327.27 206.70 -1 -1 -1 -1000 -1000 -1000 -10 1
106 182 Car -1 -1 -1 134.12 171.43 243.45 215.60 -1 -1 -1 -1000 -1000 -1000 -10 1
106 178 Car -1 -1 -1 734.15 186.14 914.31 317.37 -1 -1 -1 -1000 -1000 -1000 -10 1
106 163 Car -1 -1 -1 659.05 180.07 733.88 233.35 -1 -1 -1 -1000 -1000 -1000 -10 1
106 102 Car -1 -1 -1 578.59 173.93 648.14 230.50 -1 -1 -1 -1000 -1000 -1000 -10 1
107 185 Car -1 -1 -1 675.92 176.52 790.39 256.79 -1 -1 -1 -1000 -1000 -1000 -10 1
107 184 Car -1 -1 -1 -0.05 169.22 119.56 228.89 -1 -1 -1 -1000 -1000 -1000 -10 1
107 183 Car -1 -1 -1 244.37 172.77 312.63 207.09 -1 -1 -1 -1000 -1000 -1000 -10 1
107 182 Car -1 -1 -1 116.81 166.92 223.16 213.33 -1 -1 -1 -1000 -1000 -1000 -10 1
107 178 Car -1 -1 -1 748.25 183.69 970.79 343.04 -1 -1 -1 -1000 -1000 -1000 -10 1
107 163 Car -1 -1 -1 660.16 181.05 729.96 231.92 -1 -1 -1 -1000 -1000 -1000 -10 1
107 102 Car -1 -1 -1 578.82 172.01 649.66 230.84 -1 -1 -1 -1000 -1000 -1000 -10 1
108 188 Car -1 -1 -1 -6.17 171.45 66.21 227.45 -1 -1 -1 -1000 -1000 -1000 -10 1
108 185 Car -1 -1 -1 684.81 180.90 810.68 262.84 -1 -1 -1 -1000 -1000 -1000 -10 1
108 183 Car -1 -1 -1 228.82 170.43 298.11 204.96 -1 -1 -1 -1000 -1000 -1000 -10 1
108 182 Car -1 -1 -1 63.71 166.20 185.48 218.79 -1 -1 -1 -1000 -1000 -1000 -10 1
108 178 Car -1 -1 -1 781.14 178.67 1057.10 367.85 -1 -1 -1 -1000 -1000 -1000 -10 1
108 163 Car -1 -1 -1 660.38 179.23 730.98 231.30 -1 -1 -1 -1000 -1000 -1000 -10 1
108 102 Car -1 -1 -1 580.68 169.50 648.41 228.75 -1 -1 -1 -1000 -1000 -1000 -10 1
109 185 Car -1 -1 -1 698.02 184.65 834.33 270.73 -1 -1 -1 -1000 -1000 -1000 -10 1
109 183 Car -1 -1 -1 211.84 168.76 290.73 204.66 -1 -1 -1 -1000 -1000 -1000 -10 1
109 182 Car -1 -1 -1 35.83 165.79 172.08 221.43 -1 -1 -1 -1000 -1000 -1000 -10 1
109 178 Car -1 -1 -1 809.08 169.09 1190.24 378.76 -1 -1 -1 -1000 -1000 -1000 -10 1
109 163 Car -1 -1 -1 667.91 179.52 737.59 231.60 -1 -1 -1 -1000 -1000 -1000 -10 1
109 102 Car -1 -1 -1 582.65 167.09 649.75 227.98 -1 -1 -1 -1000 -1000 -1000 -10 1
110 185 Car -1 -1 -1 709.89 189.96 865.14 282.73 -1 -1 -1 -1000 -1000 -1000 -10 1
110 183 Car -1 -1 -1 193.24 172.02 272.77 207.86 -1 -1 -1 -1000 -1000 -1000 -10 1
110 182 Car -1 -1 -1 -4.64 165.80 138.10 222.31 -1 -1 -1 -1000 -1000 -1000 -10 1
110 178 Car -1 -1 -1 831.94 164.80 1249.39 380.60 -1 -1 -1 -1000 -1000 -1000 -10 1
110 163 Car -1 -1 -1 658.39 173.31 725.94 224.19 -1 -1 -1 -1000 -1000 -1000 -10 1
110 102 Car -1 -1 -1 584.14 167.08 651.57 227.05 -1 -1 -1 -1000 -1000 -1000 -10 1
111 189 Car -1 -1 -1 680.48 180.79 789.31 246.75 -1 -1 -1 -1000 -1000 -1000 -10 1
111 185 Car -1 -1 -1 721.78 190.42 908.36 298.96 -1 -1 -1 -1000 -1000 -1000 -10 1
111 183 Car -1 -1 -1 170.23 174.49 260.48 213.06 -1 -1 -1 -1000 -1000 -1000 -10 1
111 182 Car -1 -1 -1 -13.44 166.78 121.49 224.73 -1 -1 -1 -1000 -1000 -1000 -10 1
111 178 Car -1 -1 -1 857.11 160.04 1268.51 376.86 -1 -1 -1 -1000 -1000 -1000 -10 1
111 163 Car -1 -1 -1 660.46 173.25 732.61 224.34 -1 -1 -1 -1000 -1000 -1000 -10 1
111 102 Car -1 -1 -1 585.22 167.00 652.21 227.37 -1 -1 -1 -1000 -1000 -1000 -10 1
112 189 Car -1 -1 -1 680.46 182.08 810.40 259.01 -1 -1 -1 -1000 -1000 -1000 -10 1
112 185 Car -1 -1 -1 733.94 188.70 960.66 320.40 -1 -1 -1 -1000 -1000 -1000 -10 1
112 183 Car -1 -1 -1 144.84 172.89 242.03 214.23 -1 -1 -1 -1000 -1000 -1000 -10 1
112 178 Car -1 -1 -1 909.56 165.38 1278.07 380.08 -1 -1 -1 -1000 -1000 -1000 -10 1
112 163 Car -1 -1 -1 659.73 175.19 739.06 228.10 -1 -1 -1 -1000 -1000 -1000 -10 1
112 102 Car -1 -1 -1 592.62 164.62 661.32 224.10 -1 -1 -1 -1000 -1000 -1000 -10 1
113 189 Car -1 -1 -1 689.75 184.94 828.89 267.32 -1 -1 -1 -1000 -1000 -1000 -10 1
113 185 Car -1 -1 -1 754.72 193.37 1025.13 351.75 -1 -1 -1 -1000 -1000 -1000 -10 1
113 183 Car -1 -1 -1 112.59 170.63 226.06 212.42 -1 -1 -1 -1000 -1000 -1000 -10 1
113 163 Car -1 -1 -1 664.68 175.42 748.73 230.17 -1 -1 -1 -1000 -1000 -1000 -10 1
113 102 Car -1 -1 -1 586.48 165.61 654.83 226.26 -1 -1 -1 -1000 -1000 -1000 -10 1
114 189 Car -1 -1 -1 699.51 186.07 847.50 274.73 -1 -1 -1 -1000 -1000 -1000 -10 1
114 185 Car -1 -1 -1 779.38 193.51 1105.52 372.57 -1 -1 -1 -1000 -1000 -1000 -10 1
114 183 Car -1 -1 -1 81.43 173.22 204.83 216.74 -1 -1 -1 -1000 -1000 -1000 -10 1
114 163 Car -1 -1 -1 663.42 176.16 749.62 232.55 -1 -1 -1 -1000 -1000 -1000 -10 1
114 102 Car -1 -1 -1 590.41 167.70 657.00 227.61 -1 -1 -1 -1000 -1000 -1000 -10 1
115 189 Car -1 -1 -1 707.52 187.09 879.02 291.83 -1 -1 -1 -1000 -1000 -1000 -10 1
115 185 Car -1 -1 -1 809.88 194.72 1203.46 379.38 -1 -1 -1 -1000 -1000 -1000 -10 1
115 163 Car -1 -1 -1 663.17 174.89 753.73 232.95 -1 -1 -1 -1000 -1000 -1000 -10 1
115 102 Car -1 -1 -1 586.70 168.29 656.24 229.38 -1 -1 -1 -1000 -1000 -1000 -10 1
116 192 Car -1 -1 -1 10.14 171.68 159.89 227.63 -1 -1 -1 -1000 -1000 -1000 -10 1
116 189 Car -1 -1 -1 718.67 190.15 914.50 308.99 -1 -1 -1 -1000 -1000 -1000 -10 1
116 185 Car -1 -1 -1 826.27 193.93 1244.16 380.24 -1 -1 -1 -1000 -1000 -1000 -10 1
116 163 Car -1 -1 -1 665.59 174.54 755.92 232.71 -1 -1 -1 -1000 -1000 -1000 -10 1
116 102 Car -1 -1 -1 584.64 168.14 653.75 229.78 -1 -1 -1 -1000 -1000 -1000 -10 1
117 192 Car -1 -1 -1 -11.31 170.27 138.96 231.50 -1 -1 -1 -1000 -1000 -1000 -10 1
117 189 Car -1 -1 -1 730.32 190.30 965.91 329.52 -1 -1 -1 -1000 -1000 -1000 -10 1
117 185 Car -1 -1 -1 847.92 200.10 1267.59 379.96 -1 -1 -1 -1000 -1000 -1000 -10 1
117 163 Car -1 -1 -1 667.04 176.46 757.60 233.05 -1 -1 -1 -1000 -1000 -1000 -10 1
117 102 Car -1 -1 -1 580.12 167.89 657.35 232.98 -1 -1 -1 -1000 -1000 -1000 -10 1
118 189 Car -1 -1 -1 744.78 191.80 1018.25 354.82 -1 -1 -1 -1000 -1000 -1000 -10 1
118 185 Car -1 -1 -1 887.37 202.80 1278.92 380.78 -1 -1 -1 -1000 -1000 -1000 -10 1
118 163 Car -1 -1 -1 676.97 180.03 768.84 240.69 -1 -1 -1 -1000 -1000 -1000 -10 1
118 102 Car -1 -1 -1 578.13 167.18 659.47 235.26 -1 -1 -1 -1000 -1000 -1000 -10 1
119 196 Car -1 -1 -1 -7.58 162.39 88.89 226.64 -1 -1 -1 -1000 -1000 -1000 -10 1
119 189 Car -1 -1 -1 767.32 193.30 1091.04 374.00 -1 -1 -1 -1000 -1000 -1000 -10 1
119 185 Car -1 -1 -1 956.96 216.86 1289.49 387.27 -1 -1 -1 -1000 -1000 -1000 -10 1
119 163 Car -1 -1 -1 679.89 180.59 788.43 250.66 -1 -1 -1 -1000 -1000 -1000 -10 1
119 102 Car -1 -1 -1 579.30 166.88 658.99 236.87 -1 -1 -1 -1000 -1000 -1000 -10 1
120 198 Car -1 -1 -1 429.70 176.90 465.26 195.56 -1 -1 -1 -1000 -1000 -1000 -10 1
120 196 Car -1 -1 -1 -7.82 168.20 56.88 224.66 -1 -1 -1 -1000 -1000 -1000 -10 1
120 189 Car -1 -1 -1 789.32 189.69 1196.60 378.15 -1 -1 -1 -1000 -1000 -1000 -10 1
120 163 Car -1 -1 -1 683.70 182.60 802.30 259.08 -1 -1 -1 -1000 -1000 -1000 -10 1
120 102 Car -1 -1 -1 577.75 167.16 656.30 237.27 -1 -1 -1 -1000 -1000 -1000 -10 1
121 201 Car -1 -1 -1 395.83 174.95 436.30 194.89 -1 -1 -1 -1000 -1000 -1000 -10 1
121 200 Car -1 -1 -1 339.81 179.22 379.99 201.65 -1 -1 -1 -1000 -1000 -1000 -10 1
121 199 Car -1 -1 -1 656.57 179.25 741.11 232.29 -1 -1 -1 -1000 -1000 -1000 -10 1
121 198 Car -1 -1 -1 424.22 178.74 458.44 196.90 -1 -1 -1 -1000 -1000 -1000 -10 1
121 189 Car -1 -1 -1 788.49 189.49 1242.37 377.95 -1 -1 -1 -1000 -1000 -1000 -10 1
121 163 Car -1 -1 -1 689.53 183.09 817.83 263.42 -1 -1 -1 -1000 -1000 -1000 -10 1
121 102 Car -1 -1 -1 576.05 166.43 654.67 237.39 -1 -1 -1 -1000 -1000 -1000 -10 1
122 202 Car -1 -1 -1 630.36 171.19 677.48 210.29 -1 -1 -1 -1000 -1000 -1000 -10 1
122 200 Car -1 -1 -1 339.75 179.08 382.62 202.49 -1 -1 -1 -1000 -1000 -1000 -10 1
122 199 Car -1 -1 -1 658.50 180.49 743.14 232.52 -1 -1 -1 -1000 -1000 -1000 -10 1
122 198 Car -1 -1 -1 430.71 176.86 467.72 194.43 -1 -1 -1 -1000 -1000 -1000 -10 1
122 189 Car -1 -1 -1 800.91 191.58 1259.42 378.22 -1 -1 -1 -1000 -1000 -1000 -10 1
122 163 Car -1 -1 -1 691.41 185.50 828.99 269.15 -1 -1 -1 -1000 -1000 -1000 -10 1
122 102 Car -1 -1 -1 570.75 167.22 650.41 238.63 -1 -1 -1 -1000 -1000 -1000 -10 1
123 203 Car -1 -1 -1 276.98 176.35 344.44 210.80 -1 -1 -1 -1000 -1000 -1000 -10 1
123 200 Car -1 -1 -1 335.10 181.66 382.21 207.32 -1 -1 -1 -1000 -1000 -1000 -10 1
123 199 Car -1 -1 -1 669.09 183.08 765.17 241.32 -1 -1 -1 -1000 -1000 -1000 -10 1
123 189 Car -1 -1 -1 824.35 197.13 1270.46 377.02 -1 -1 -1 -1000 -1000 -1000 -10 1
123 163 Car -1 -1 -1 700.50 191.01 844.43 282.08 -1 -1 -1 -1000 -1000 -1000 -10 1
123 102 Car -1 -1 -1 561.79 171.92 645.10 243.83 -1 -1 -1 -1000 -1000 -1000 -10 1
124 203 Car -1 -1 -1 270.72 176.33 337.17 210.64 -1 -1 -1 -1000 -1000 -1000 -10 1
124 200 Car -1 -1 -1 323.58 180.71 376.54 208.74 -1 -1 -1 -1000 -1000 -1000 -10 1
124 199 Car -1 -1 -1 671.54 183.92 781.75 249.92 -1 -1 -1 -1000 -1000 -1000 -10 1
124 189 Car -1 -1 -1 864.14 207.40 1277.91 380.66 -1 -1 -1 -1000 -1000 -1000 -10 1
124 163 Car -1 -1 -1 708.34 192.41 865.82 295.35 -1 -1 -1 -1000 -1000 -1000 -10 1
124 102 Car -1 -1 -1 545.32 171.59 633.51 244.87 -1 -1 -1 -1000 -1000 -1000 -10 1
125 203 Car -1 -1 -1 259.21 177.43 327.46 211.88 -1 -1 -1 -1000 -1000 -1000 -10 1
125 200 Car -1 -1 -1 313.65 180.69 371.68 210.54 -1 -1 -1 -1000 -1000 -1000 -10 1
125 199 Car -1 -1 -1 673.97 187.31 787.14 257.33 -1 -1 -1 -1000 -1000 -1000 -10 1
125 163 Car -1 -1 -1 722.73 194.45 892.31 305.05 -1 -1 -1 -1000 -1000 -1000 -10 1
125 102 Car -1 -1 -1 529.18 170.26 626.91 247.97 -1 -1 -1 -1000 -1000 -1000 -10 1
126 204 Car -1 -1 -1 374.06 182.10 426.03 203.78 -1 -1 -1 -1000 -1000 -1000 -10 1
126 200 Car -1 -1 -1 307.74 181.45 365.18 211.66 -1 -1 -1 -1000 -1000 -1000 -10 1
126 199 Car -1 -1 -1 682.47 187.93 797.01 261.74 -1 -1 -1 -1000 -1000 -1000 -10 1
126 163 Car -1 -1 -1 736.67 196.91 924.38 321.21 -1 -1 -1 -1000 -1000 -1000 -10 1
126 102 Car -1 -1 -1 503.09 173.81 617.39 253.35 -1 -1 -1 -1000 -1000 -1000 -10 1
127 204 Car -1 -1 -1 372.90 183.90 422.17 205.33 -1 -1 -1 -1000 -1000 -1000 -10 1
127 200 Car -1 -1 -1 301.60 182.07 360.03 211.94 -1 -1 -1 -1000 -1000 -1000 -10 1
127 163 Car -1 -1 -1 746.40 200.04 957.81 336.97 -1 -1 -1 -1000 -1000 -1000 -10 1
127 102 Car -1 -1 -1 475.54 175.85 606.63 257.68 -1 -1 -1 -1000 -1000 -1000 -10 1
128 206 Car -1 -1 -1 639.97 176.66 685.76 215.10 -1 -1 -1 -1000 -1000 -1000 -10 1
128 203 Car -1 -1 -1 219.95 179.97 300.51 218.55 -1 -1 -1 -1000 -1000 -1000 -10 1
128 200 Car -1 -1 -1 292.68 181.45 354.47 212.49 -1 -1 -1 -1000 -1000 -1000 -10 1
128 199 Car -1 -1 -1 693.44 189.60 821.26 272.70 -1 -1 -1 -1000 -1000 -1000 -10 1
128 163 Car -1 -1 -1 768.86 202.58 1008.10 356.76 -1 -1 -1 -1000 -1000 -1000 -10 1
128 102 Car -1 -1 -1 449.34 175.11 587.71 259.20 -1 -1 -1 -1000 -1000 -1000 -10 1
129 203 Car -1 -1 -1 207.06 181.23 294.68 218.78 -1 -1 -1 -1000 -1000 -1000 -10 1
129 200 Car -1 -1 -1 279.72 181.63 343.88 213.16 -1 -1 -1 -1000 -1000 -1000 -10 1
129 163 Car -1 -1 -1 788.68 201.00 1080.36 370.63 -1 -1 -1 -1000 -1000 -1000 -10 1
129 102 Car -1 -1 -1 414.15 174.55 564.49 261.86 -1 -1 -1 -1000 -1000 -1000 -10 1
130 205 Car -1 -1 -1 675.86 193.46 790.90 265.26 -1 -1 -1 -1000 -1000 -1000 -10 1
130 203 Car -1 -1 -1 185.23 187.99 278.22 225.93 -1 -1 -1 -1000 -1000 -1000 -10 1
130 200 Car -1 -1 -1 257.90 185.37 330.01 218.12 -1 -1 -1 -1000 -1000 -1000 -10 1
130 199 Car -1 -1 -1 707.93 199.71 869.25 301.53 -1 -1 -1 -1000 -1000 -1000 -10 1
130 163 Car -1 -1 -1 821.65 202.14 1186.85 375.56 -1 -1 -1 -1000 -1000 -1000 -10 1
130 102 Car -1 -1 -1 371.37 178.64 535.72 267.83 -1 -1 -1 -1000 -1000 -1000 -10 1
131 206 Car -1 -1 -1 640.76 189.14 699.94 232.91 -1 -1 -1 -1000 -1000 -1000 -10 1
131 205 Car -1 -1 -1 676.22 195.08 792.14 267.83 -1 -1 -1 -1000 -1000 -1000 -10 1
131 203 Car -1 -1 -1 161.13 190.21 254.94 230.24 -1 -1 -1 -1000 -1000 -1000 -10 1
131 200 Car -1 -1 -1 244.83 186.11 320.70 222.08 -1 -1 -1 -1000 -1000 -1000 -10 1
131 199 Car -1 -1 -1 721.06 201.92 904.36 319.12 -1 -1 -1 -1000 -1000 -1000 -10 1
131 163 Car -1 -1 -1 836.18 202.69 1234.89 376.23 -1 -1 -1 -1000 -1000 -1000 -10 1
131 102 Car -1 -1 -1 310.96 178.97 489.76 272.90 -1 -1 -1 -1000 -1000 -1000 -10 1
132 206 Car -1 -1 -1 638.32 193.30 705.36 240.42 -1 -1 -1 -1000 -1000 -1000 -10 1
132 205 Car -1 -1 -1 686.36 196.34 808.71 272.84 -1 -1 -1 -1000 -1000 -1000 -10 1
132 203 Car -1 -1 -1 133.09 191.60 234.28 233.82 -1 -1 -1 -1000 -1000 -1000 -10 1
132 199 Car -1 -1 -1 735.07 205.42 950.22 341.54 -1 -1 -1 -1000 -1000 -1000 -10 1
132 163 Car -1 -1 -1 854.26 204.67 1256.32 375.04 -1 -1 -1 -1000 -1000 -1000 -10 1
132 102 Car -1 -1 -1 248.54 178.07 443.11 276.25 -1 -1 -1 -1000 -1000 -1000 -10 1
133 206 Car -1 -1 -1 638.92 189.15 709.77 241.42 -1 -1 -1 -1000 -1000 -1000 -10 1
133 205 Car -1 -1 -1 694.02 197.28 826.68 279.53 -1 -1 -1 -1000 -1000 -1000 -10 1
133 203 Car -1 -1 -1 111.53 192.92 219.19 236.24 -1 -1 -1 -1000 -1000 -1000 -10 1
133 199 Car -1 -1 -1 757.68 209.04 1000.15 364.11 -1 -1 -1 -1000 -1000 -1000 -10 1
133 163 Car -1 -1 -1 912.27 216.26 1273.58 381.61 -1 -1 -1 -1000 -1000 -1000 -10 1
133 102 Car -1 -1 -1 177.49 180.90 396.75 285.14 -1 -1 -1 -1000 -1000 -1000 -10 1
134 206 Car -1 -1 -1 639.86 185.74 710.53 239.83 -1 -1 -1 -1000 -1000 -1000 -10 1
134 205 Car -1 -1 -1 706.64 201.60 855.96 296.73 -1 -1 -1 -1000 -1000 -1000 -10 1
134 199 Car -1 -1 -1 787.19 206.68 1083.47 371.13 -1 -1 -1 -1000 -1000 -1000 -10 1
134 102 Car -1 -1 -1 67.52 176.75 335.78 293.65 -1 -1 -1 -1000 -1000 -1000 -10 1
135 206 Car -1 -1 -1 641.56 182.01 718.80 240.66 -1 -1 -1 -1000 -1000 -1000 -10 1
135 205 Car -1 -1 -1 713.62 199.72 882.05 310.45 -1 -1 -1 -1000 -1000 -1000 -10 1
135 199 Car -1 -1 -1 823.25 206.96 1192.04 376.60 -1 -1 -1 -1000 -1000 -1000 -10 1
135 102 Car -1 -1 -1 0.36 170.25 294.52 309.53 -1 -1 -1 -1000 -1000 -1000 -10 1
136 206 Car -1 -1 -1 646.40 183.15 726.59 243.62 -1 -1 -1 -1000 -1000 -1000 -10 1
136 205 Car -1 -1 -1 732.16 201.63 930.99 332.82 -1 -1 -1 -1000 -1000 -1000 -10 1
136 199 Car -1 -1 -1 847.40 206.23 1246.93 375.75 -1 -1 -1 -1000 -1000 -1000 -10 1
136 102 Car -1 -1 -1 -25.30 172.67 226.04 321.60 -1 -1 -1 -1000 -1000 -1000 -10 1
137 209 Car -1 -1 -1 118.39 184.62 236.99 230.06 -1 -1 -1 -1000 -1000 -1000 -10 1
137 206 Car -1 -1 -1 652.27 182.55 735.62 244.37 -1 -1 -1 -1000 -1000 -1000 -10 1
137 205 Car -1 -1 -1 759.82 204.79 993.91 355.08 -1 -1 -1 -1000 -1000 -1000 -10 1
137 199 Car -1 -1 -1 894.85 212.41 1274.72 378.77 -1 -1 -1 -1000 -1000 -1000 -10 1
138 209 Car -1 -1 -1 90.33 186.17 219.34 233.07 -1 -1 -1 -1000 -1000 -1000 -10 1
138 206 Car -1 -1 -1 655.15 182.24 740.91 246.47 -1 -1 -1 -1000 -1000 -1000 -10 1
138 205 Car -1 -1 -1 790.74 200.80 1092.47 370.55 -1 -1 -1 -1000 -1000 -1000 -10 1
139 210 Car -1 -1 -1 636.98 177.65 678.68 215.16 -1 -1 -1 -1000 -1000 -1000 -10 1
139 209 Car -1 -1 -1 52.83 186.45 190.53 238.53 -1 -1 -1 -1000 -1000 -1000 -10 1
139 206 Car -1 -1 -1 668.00 184.78 760.93 253.54 -1 -1 -1 -1000 -1000 -1000 -10 1
139 205 Car -1 -1 -1 828.88 203.52 1204.23 376.88 -1 -1 -1 -1000 -1000 -1000 -10 1
140 209 Car -1 -1 -1 12.42 183.05 165.10 242.07 -1 -1 -1 -1000 -1000 -1000 -10 1
140 206 Car -1 -1 -1 674.56 185.92 775.57 259.96 -1 -1 -1 -1000 -1000 -1000 -10 1
140 205 Car -1 -1 -1 853.90 207.63 1244.77 376.89 -1 -1 -1 -1000 -1000 -1000 -10 1
141 212 Car -1 -1 -1 656.69 180.48 720.19 236.63 -1 -1 -1 -1000 -1000 -1000 -10 1
141 209 Car -1 -1 -1 -11.21 183.99 140.04 244.95 -1 -1 -1 -1000 -1000 -1000 -10 1
141 206 Car -1 -1 -1 686.59 188.25 797.12 268.31 -1 -1 -1 -1000 -1000 -1000 -10 1
141 205 Car -1 -1 -1 926.41 215.56 1278.04 380.17 -1 -1 -1 -1000 -1000 -1000 -10 1
142 212 Car -1 -1 -1 666.92 184.86 734.17 241.90 -1 -1 -1 -1000 -1000 -1000 -10 1
142 210 Car -1 -1 -1 647.00 182.36 684.80 216.11 -1 -1 -1 -1000 -1000 -1000 -10 1
142 209 Car -1 -1 -1 -20.82 181.11 110.61 246.12 -1 -1 -1 -1000 -1000 -1000 -10 1
142 206 Car -1 -1 -1 693.52 190.82 816.38 275.69 -1 -1 -1 -1000 -1000 -1000 -10 1
143 212 Car -1 -1 -1 680.07 188.96 771.91 256.17 -1 -1 -1 -1000 -1000 -1000 -10 1
143 210 Car -1 -1 -1 647.95 180.69 684.99 213.12 -1 -1 -1 -1000 -1000 -1000 -10 1
143 209 Car -1 -1 -1 -19.87 176.96 83.13 243.95 -1 -1 -1 -1000 -1000 -1000 -10 1
143 206 Car -1 -1 -1 709.64 193.70 847.94 285.83 -1 -1 -1 -1000 -1000 -1000 -10 1
144 212 Car -1 -1 -1 683.65 187.71 787.70 261.32 -1 -1 -1 -1000 -1000 -1000 -10 1
144 210 Car -1 -1 -1 650.26 182.18 690.66 216.25 -1 -1 -1 -1000 -1000 -1000 -10 1
144 206 Car -1 -1 -1 726.36 199.66 886.62 301.76 -1 -1 -1 -1000 -1000 -1000 -10 1
145 213 Car -1 -1 -1 297.61 170.72 357.22 202.65 -1 -1 -1 -1000 -1000 -1000 -10 1
145 212 Car -1 -1 -1 693.55 188.30 807.32 269.04 -1 -1 -1 -1000 -1000 -1000 -10 1
145 210 Car -1 -1 -1 652.89 183.32 698.54 219.37 -1 -1 -1 -1000 -1000 -1000 -10 1
145 206 Car -1 -1 -1 745.63 196.93 944.82 325.32 -1 -1 -1 -1000 -1000 -1000 -10 1
146 213 Car -1 -1 -1 289.03 171.48 345.82 203.73 -1 -1 -1 -1000 -1000 -1000 -10 1
146 212 Car -1 -1 -1 705.71 188.85 829.10 276.66 -1 -1 -1 -1000 -1000 -1000 -10 1
146 210 Car -1 -1 -1 652.82 182.99 698.74 219.06 -1 -1 -1 -1000 -1000 -1000 -10 1
146 206 Car -1 -1 -1 776.41 203.45 1030.47 360.37 -1 -1 -1 -1000 -1000 -1000 -10 1
147 213 Car -1 -1 -1 271.50 172.02 337.72 207.77 -1 -1 -1 -1000 -1000 -1000 -10 1
147 212 Car -1 -1 -1 712.90 196.11 852.18 291.30 -1 -1 -1 -1000 -1000 -1000 -10 1
147 210 Car -1 -1 -1 653.93 183.14 701.04 220.91 -1 -1 -1 -1000 -1000 -1000 -10 1
147 206 Car -1 -1 -1 819.90 204.46 1158.00 374.33 -1 -1 -1 -1000 -1000 -1000 -10 1
148 213 Car -1 -1 -1 255.67 172.08 330.02 211.29 -1 -1 -1 -1000 -1000 -1000 -10 1
148 212 Car -1 -1 -1 729.25 200.87 896.76 313.05 -1 -1 -1 -1000 -1000 -1000 -10 1
148 210 Car -1 -1 -1 658.72 182.13 706.12 220.54 -1 -1 -1 -1000 -1000 -1000 -10 1
148 206 Car -1 -1 -1 825.38 201.99 1229.40 377.15 -1 -1 -1 -1000 -1000 -1000 -10 1
149 213 Car -1 -1 -1 227.60 169.98 318.55 213.15 -1 -1 -1 -1000 -1000 -1000 -10 1
149 212 Car -1 -1 -1 751.81 204.04 952.95 336.16 -1 -1 -1 -1000 -1000 -1000 -10 1
149 210 Car -1 -1 -1 666.99 183.98 717.04 223.94 -1 -1 -1 -1000 -1000 -1000 -10 1
149 206 Car -1 -1 -1 854.75 208.50 1266.05 377.88 -1 -1 -1 -1000 -1000 -1000 -10 1
150 215 Car -1 -1 -1 85.30 187.28 205.63 229.66 -1 -1 -1 -1000 -1000 -1000 -10 1
150 213 Car -1 -1 -1 197.62 170.69 297.91 217.06 -1 -1 -1 -1000 -1000 -1000 -10 1
150 212 Car -1 -1 -1 781.98 204.84 1047.74 367.20 -1 -1 -1 -1000 -1000 -1000 -10 1
150 206 Car -1 -1 -1 925.80 213.13 1291.13 381.97 -1 -1 -1 -1000 -1000 -1000 -10 1
151 218 Car -1 -1 -1 682.15 188.20 767.72 253.03 -1 -1 -1 -1000 -1000 -1000 -10 1
151 215 Car -1 -1 -1 47.88 189.96 172.43 234.95 -1 -1 -1 -1000 -1000 -1000 -10 1
151 213 Car -1 -1 -1 169.43 172.59 277.03 221.86 -1 -1 -1 -1000 -1000 -1000 -10 1
151 212 Car -1 -1 -1 824.62 201.04 1190.98 376.65 -1 -1 -1 -1000 -1000 -1000 -10 1
152 218 Car -1 -1 -1 686.41 194.22 787.09 264.62 -1 -1 -1 -1000 -1000 -1000 -10 1
152 215 Car -1 -1 -1 3.92 190.39 138.04 240.84 -1 -1 -1 -1000 -1000 -1000 -10 1
152 213 Car -1 -1 -1 139.33 174.06 255.22 223.82 -1 -1 -1 -1000 -1000 -1000 -10 1
152 212 Car -1 -1 -1 835.95 205.29 1243.52 377.69 -1 -1 -1 -1000 -1000 -1000 -10 1
152 210 Car -1 -1 -1 657.63 191.06 707.35 231.12 -1 -1 -1 -1000 -1000 -1000 -10 1
153 218 Car -1 -1 -1 692.64 192.47 802.60 270.30 -1 -1 -1 -1000 -1000 -1000 -10 1
153 215 Car -1 -1 -1 -17.94 188.20 105.94 241.39 -1 -1 -1 -1000 -1000 -1000 -10 1
153 213 Car -1 -1 -1 107.78 172.86 235.75 226.17 -1 -1 -1 -1000 -1000 -1000 -10 1
153 212 Car -1 -1 -1 877.70 211.39 1275.59 378.24 -1 -1 -1 -1000 -1000 -1000 -10 1
153 210 Car -1 -1 -1 665.19 190.84 723.28 236.56 -1 -1 -1 -1000 -1000 -1000 -10 1
154 218 Car -1 -1 -1 700.40 194.15 826.79 278.92 -1 -1 -1 -1000 -1000 -1000 -10 1
154 215 Car -1 -1 -1 -26.70 187.78 62.45 243.53 -1 -1 -1 -1000 -1000 -1000 -10 1
154 210 Car -1 -1 -1 668.76 190.23 734.56 239.88 -1 -1 -1 -1000 -1000 -1000 -10 1
155 218 Car -1 -1 -1 713.78 197.00 857.45 291.13 -1 -1 -1 -1000 -1000 -1000 -10 1
155 210 Car -1 -1 -1 671.59 186.39 742.73 241.76 -1 -1 -1 -1000 -1000 -1000 -10 1
156 218 Car -1 -1 -1 728.75 202.75 903.54 311.08 -1 -1 -1 -1000 -1000 -1000 -10 1
156 210 Car -1 -1 -1 677.51 188.68 760.28 249.76 -1 -1 -1 -1000 -1000 -1000 -10 1
157 218 Car -1 -1 -1 752.69 207.01 971.53 337.47 -1 -1 -1 -1000 -1000 -1000 -10 1
157 210 Car -1 -1 -1 683.51 188.94 777.70 252.95 -1 -1 -1 -1000 -1000 -1000 -10 1
158 218 Car -1 -1 -1 789.20 208.26 1074.67 368.81 -1 -1 -1 -1000 -1000 -1000 -10 1
158 210 Car -1 -1 -1 692.67 190.02 792.67 261.16 -1 -1 -1 -1000 -1000 -1000 -10 1
159 218 Car -1 -1 -1 831.24 204.03 1206.72 377.21 -1 -1 -1 -1000 -1000 -1000 -10 1
159 210 Car -1 -1 -1 700.61 191.84 812.47 268.37 -1 -1 -1 -1000 -1000 -1000 -10 1
160 218 Car -1 -1 -1 850.74 215.69 1251.26 378.46 -1 -1 -1 -1000 -1000 -1000 -10 1
160 210 Car -1 -1 -1 713.52 192.92 841.75 279.25 -1 -1 -1 -1000 -1000 -1000 -10 1
161 210 Car -1 -1 -1 730.27 197.54 874.38 292.37 -1 -1 -1 -1000 -1000 -1000 -10 1
162 210 Car -1 -1 -1 754.79 200.62 929.63 318.35 -1 -1 -1 -1000 -1000 -1000 -10 1
163 210 Car -1 -1 -1 780.88 201.23 1002.89 351.79 -1 -1 -1 -1000 -1000 -1000 -10 1
164 210 Car -1 -1 -1 834.66 199.63 1131.22 367.80 -1 -1 -1 -1000 -1000 -1000 -10 1
165 210 Car -1 -1 -1 868.74 194.76 1215.70 371.86 -1 -1 -1 -1000 -1000 -1000 -10 1
166 210 Car -1 -1 -1 937.57 201.03 1263.85 377.88 -1 -1 -1 -1000 -1000 -1000 -10 1
171 221 Car -1 -1 -1 -13.35 187.47 108.83 235.27 -1 -1 -1 -1000 -1000 -1000 -10 1
177 222 Car -1 -1 -1 427.06 183.53 482.70 211.85 -1 -1 -1 -1000 -1000 -1000 -10 1
181 224 Car -1 -1 -1 402.62 181.88 472.81 219.52 -1 -1 -1 -1000 -1000 -1000 -10 1
182 226 Car -1 -1 -1 461.95 175.74 541.82 228.66 -1 -1 -1 -1000 -1000 -1000 -10 1
183 226 Car -1 -1 -1 460.26 180.86 541.23 232.01 -1 -1 -1 -1000 -1000 -1000 -10 1
184 226 Car -1 -1 -1 464.77 180.67 551.07 234.72 -1 -1 -1 -1000 -1000 -1000 -10 1
184 224 Car -1 -1 -1 401.10 189.95 489.37 228.60 -1 -1 -1 -1000 -1000 -1000 -10 1
185 226 Car -1 -1 -1 462.07 178.43 558.50 236.65 -1 -1 -1 -1000 -1000 -1000 -10 1
185 224 Car -1 -1 -1 401.46 190.31 494.05 228.45 -1 -1 -1 -1000 -1000 -1000 -10 1
186 226 Car -1 -1 -1 461.32 177.98 564.46 236.37 -1 -1 -1 -1000 -1000 -1000 -10 1
186 224 Car -1 -1 -1 401.52 188.85 495.57 227.28 -1 -1 -1 -1000 -1000 -1000 -10 1
187 226 Car -1 -1 -1 464.10 171.15 580.44 230.30 -1 -1 -1 -1000 -1000 -1000 -10 1
187 224 Car -1 -1 -1 409.50 178.89 491.81 216.67 -1 -1 -1 -1000 -1000 -1000 -10 1
188 226 Car -1 -1 -1 458.89 164.06 589.63 220.91 -1 -1 -1 -1000 -1000 -1000 -10 1
188 224 Car -1 -1 -1 420.12 173.00 502.56 211.31 -1 -1 -1 -1000 -1000 -1000 -10 1
189 226 Car -1 -1 -1 471.42 161.35 609.17 220.07 -1 -1 -1 -1000 -1000 -1000 -10 1
190 226 Car -1 -1 -1 490.12 168.74 628.17 231.27 -1 -1 -1 -1000 -1000 -1000 -10 1
191 227 Car -1 -1 -1 464.45 182.63 551.14 227.45 -1 -1 -1 -1000 -1000 -1000 -10 1
191 226 Car -1 -1 -1 510.02 172.49 651.86 239.95 -1 -1 -1 -1000 -1000 -1000 -10 1
192 227 Car -1 -1 -1 482.96 177.89 587.30 227.09 -1 -1 -1 -1000 -1000 -1000 -10 1
192 226 Car -1 -1 -1 527.05 168.24 677.06 242.14 -1 -1 -1 -1000 -1000 -1000 -10 1
193 227 Car -1 -1 -1 495.66 174.40 601.46 222.07 -1 -1 -1 -1000 -1000 -1000 -10 1
193 226 Car -1 -1 -1 556.42 164.81 710.66 243.15 -1 -1 -1 -1000 -1000 -1000 -10 1
194 226 Car -1 -1 -1 567.06 168.26 742.65 256.57 -1 -1 -1 -1000 -1000 -1000 -10 1
195 226 Car -1 -1 -1 594.91 176.21 779.29 271.23 -1 -1 -1 -1000 -1000 -1000 -10 1
196 227 Car -1 -1 -1 569.77 188.60 700.41 252.35 -1 -1 -1 -1000 -1000 -1000 -10 1
196 226 Car -1 -1 -1 621.26 174.97 824.97 277.02 -1 -1 -1 -1000 -1000 -1000 -10 1
197 227 Car -1 -1 -1 585.23 184.72 719.00 249.24 -1 -1 -1 -1000 -1000 -1000 -10 1
197 226 Car -1 -1 -1 653.62 175.42 875.00 284.91 -1 -1 -1 -1000 -1000 -1000 -10 1
198 227 Car -1 -1 -1 607.85 186.14 753.11 256.55 -1 -1 -1 -1000 -1000 -1000 -10 1
198 226 Car -1 -1 -1 689.16 173.55 945.10 301.45 -1 -1 -1 -1000 -1000 -1000 -10 1
199 227 Car -1 -1 -1 634.52 190.83 784.25 265.73 -1 -1 -1 -1000 -1000 -1000 -10 1
199 226 Car -1 -1 -1 739.13 170.61 1029.64 321.63 -1 -1 -1 -1000 -1000 -1000 -10 1
200 227 Car -1 -1 -1 662.83 190.85 826.85 272.17 -1 -1 -1 -1000 -1000 -1000 -10 1
200 226 Car -1 -1 -1 795.71 157.79 1146.54 346.37 -1 -1 -1 -1000 -1000 -1000 -10 1
201 227 Car -1 -1 -1 682.88 186.35 862.14 275.15 -1 -1 -1 -1000 -1000 -1000 -10 1
201 226 Car -1 -1 -1 820.47 136.85 1229.01 354.89 -1 -1 -1 -1000 -1000 -1000 -10 1
202 227 Car -1 -1 -1 712.10 179.65 912.55 286.18 -1 -1 -1 -1000 -1000 -1000 -10 1
203 227 Car -1 -1 -1 738.00 178.96 958.59 295.88 -1 -1 -1 -1000 -1000 -1000 -10 1
204 227 Car -1 -1 -1 769.07 174.66 1047.16 326.14 -1 -1 -1 -1000 -1000 -1000 -10 1
205 227 Car -1 -1 -1 810.73 183.28 1150.83 359.35 -1 -1 -1 -1000 -1000 -1000 -10 1
206 227 Car -1 -1 -1 827.57 167.06 1227.01 367.10 -1 -1 -1 -1000 -1000 -1000 -10 1
207 227 Car -1 -1 -1 865.97 164.37 1261.49 371.32 -1 -1 -1 -1000 -1000 -1000 -10 1
208 227 Car -1 -1 -1 929.23 167.33 1277.26 376.94 -1 -1 -1 -1000 -1000 -1000 -10 1
225 232 Car -1 -1 -1 474.65 177.57 524.84 213.00 -1 -1 -1 -1000 -1000 -1000 -10 1
226 232 Car -1 -1 -1 494.68 182.74 545.74 219.24 -1 -1 -1 -1000 -1000 -1000 -10 1
227 233 Car -1 -1 -1 286.24 192.47 406.14 263.68 -1 -1 -1 -1000 -1000 -1000 -10 1
227 232 Car -1 -1 -1 517.54 190.70 573.29 227.72 -1 -1 -1 -1000 -1000 -1000 -10 1
228 232 Car -1 -1 -1 530.23 184.21 586.97 223.73 -1 -1 -1 -1000 -1000 -1000 -10 1
229 232 Car -1 -1 -1 545.81 185.01 604.96 226.19 -1 -1 -1 -1000 -1000 -1000 -10 1
230 234 Car -1 -1 -1 158.87 193.67 396.07 330.40 -1 -1 -1 -1000 -1000 -1000 -10 1
230 232 Car -1 -1 -1 564.21 187.89 624.04 228.60 -1 -1 -1 -1000 -1000 -1000 -10 1
231 234 Car -1 -1 -1 83.42 197.01 374.74 354.21 -1 -1 -1 -1000 -1000 -1000 -10 1
231 232 Car -1 -1 -1 577.53 184.36 641.64 228.68 -1 -1 -1 -1000 -1000 -1000 -10 1
232 234 Car -1 -1 -1 7.55 197.12 348.76 376.25 -1 -1 -1 -1000 -1000 -1000 -10 1
232 232 Car -1 -1 -1 584.42 187.21 656.17 234.89 -1 -1 -1 -1000 -1000 -1000 -10 1
233 234 Car -1 -1 -1 -22.40 199.49 339.68 383.08 -1 -1 -1 -1000 -1000 -1000 -10 1
233 232 Car -1 -1 -1 588.82 193.17 667.66 243.69 -1 -1 -1 -1000 -1000 -1000 -10 1
234 234 Car -1 -1 -1 -34.80 198.33 303.28 381.90 -1 -1 -1 -1000 -1000 -1000 -10 1
234 232 Car -1 -1 -1 589.31 188.30 678.02 242.37 -1 -1 -1 -1000 -1000 -1000 -10 1
235 234 Car -1 -1 -1 -44.01 200.89 220.10 378.08 -1 -1 -1 -1000 -1000 -1000 -10 1
235 232 Car -1 -1 -1 592.88 185.44 687.92 245.40 -1 -1 -1 -1000 -1000 -1000 -10 1
236 232 Car -1 -1 -1 599.87 186.62 700.83 253.94 -1 -1 -1 -1000 -1000 -1000 -10 1
237 232 Car -1 -1 -1 608.12 191.30 723.15 262.43 -1 -1 -1 -1000 -1000 -1000 -10 1
238 232 Car -1 -1 -1 621.07 187.42 748.41 265.80 -1 -1 -1 -1000 -1000 -1000 -10 1
239 239 Car -1 -1 -1 390.38 184.90 453.44 230.80 -1 -1 -1 -1000 -1000 -1000 -10 1
239 232 Car -1 -1 -1 642.68 189.80 778.27 274.45 -1 -1 -1 -1000 -1000 -1000 -10 1
240 239 Car -1 -1 -1 392.19 191.41 459.95 242.43 -1 -1 -1 -1000 -1000 -1000 -10 1
240 232 Car -1 -1 -1 660.70 195.18 824.24 296.68 -1 -1 -1 -1000 -1000 -1000 -10 1
241 239 Car -1 -1 -1 378.80 188.51 461.49 251.46 -1 -1 -1 -1000 -1000 -1000 -10 1
241 232 Car -1 -1 -1 688.18 197.35 886.00 321.51 -1 -1 -1 -1000 -1000 -1000 -10 1
242 242 Car -1 -1 -1 -3.35 120.46 236.70 360.84 -1 -1 -1 -1000 -1000 -1000 -10 1
242 239 Car -1 -1 -1 361.77 182.79 465.22 259.82 -1 -1 -1 -1000 -1000 -1000 -10 1
242 232 Car -1 -1 -1 725.59 199.62 965.95 347.16 -1 -1 -1 -1000 -1000 -1000 -10 1
243 239 Car -1 -1 -1 358.66 183.31 475.16 266.24 -1 -1 -1 -1000 -1000 -1000 -10 1
243 232 Car -1 -1 -1 774.64 198.53 1082.73 368.85 -1 -1 -1 -1000 -1000 -1000 -10 1
244 239 Car -1 -1 -1 338.25 190.21 470.23 280.52 -1 -1 -1 -1000 -1000 -1000 -10 1
244 232 Car -1 -1 -1 826.30 196.88 1201.46 374.79 -1 -1 -1 -1000 -1000 -1000 -10 1
245 239 Car -1 -1 -1 314.95 200.06 468.10 303.75 -1 -1 -1 -1000 -1000 -1000 -10 1
245 232 Car -1 -1 -1 869.25 206.26 1252.01 378.54 -1 -1 -1 -1000 -1000 -1000 -10 1
246 239 Car -1 -1 -1 287.81 202.77 468.24 328.11 -1 -1 -1 -1000 -1000 -1000 -10 1
247 239 Car -1 -1 -1 236.16 203.70 453.96 354.92 -1 -1 -1 -1000 -1000 -1000 -10 1
248 239 Car -1 -1 -1 116.36 200.52 411.12 372.51 -1 -1 -1 -1000 -1000 -1000 -10 1
249 239 Car -1 -1 -1 21.17 198.60 386.90 377.97 -1 -1 -1 -1000 -1000 -1000 -10 1
250 239 Car -1 -1 -1 -15.31 199.37 358.86 379.33 -1 -1 -1 -1000 -1000 -1000 -10 1
251 239 Car -1 -1 -1 -40.82 207.43 278.82 380.10 -1 -1 -1 -1000 -1000 -1000 -10 1
259 245 Car -1 -1 -1 5.50 183.29 406.11 378.99 -1 -1 -1 -1000 -1000 -1000 -10 1
261 245 Car -1 -1 -1 -34.80 202.42 338.17 375.64 -1 -1 -1 -1000 -1000 -1000 -10 1
270 246 Car -1 -1 -1 -21.97 207.67 326.67 375.37 -1 -1 -1 -1000 -1000 -1000 -10 1
271 246 Car -1 -1 -1 -24.73 219.23 270.69 375.29 -1 -1 -1 -1000 -1000 -1000 -10 1
275 247 Car -1 -1 -1 412.11 195.86 516.03 260.91 -1 -1 -1 -1000 -1000 -1000 -10 1
276 247 Car -1 -1 -1 384.01 191.89 502.20 264.28 -1 -1 -1 -1000 -1000 -1000 -10 1
277 247 Car -1 -1 -1 335.65 191.81 483.78 276.15 -1 -1 -1 -1000 -1000 -1000 -10 1
278 247 Car -1 -1 -1 278.71 202.33 460.27 305.77 -1 -1 -1 -1000 -1000 -1000 -10 1
279 247 Car -1 -1 -1 204.52 208.31 427.38 334.22 -1 -1 -1 -1000 -1000 -1000 -10 1
280 247 Car -1 -1 -1 110.71 213.11 386.56 361.38 -1 -1 -1 -1000 -1000 -1000 -10 1
281 250 Car -1 -1 -1 621.55 180.41 660.12 206.54 -1 -1 -1 -1000 -1000 -1000 -10 1
281 247 Car -1 -1 -1 4.45 207.95 344.94 375.17 -1 -1 -1 -1000 -1000 -1000 -10 1
282 250 Car -1 -1 -1 615.49 179.83 653.86 205.51 -1 -1 -1 -1000 -1000 -1000 -10 1
282 247 Car -1 -1 -1 -25.97 209.42 311.83 380.04 -1 -1 -1 -1000 -1000 -1000 -10 1
283 253 Car -1 -1 -1 657.62 174.39 684.57 192.68 -1 -1 -1 -1000 -1000 -1000 -10 1
283 250 Car -1 -1 -1 606.31 179.88 645.76 205.90 -1 -1 -1 -1000 -1000 -1000 -10 1
283 247 Car -1 -1 -1 -40.90 215.42 256.70 382.81 -1 -1 -1 -1000 -1000 -1000 -10 1
284 250 Car -1 -1 -1 599.08 179.95 638.09 206.80 -1 -1 -1 -1000 -1000 -1000 -10 1
285 254 Car -1 -1 -1 414.87 182.95 515.06 256.77 -1 -1 -1 -1000 -1000 -1000 -10 1
285 250 Car -1 -1 -1 590.17 178.44 630.98 206.38 -1 -1 -1 -1000 -1000 -1000 -10 1
286 255 Car -1 -1 -1 509.35 181.94 578.77 224.95 -1 -1 -1 -1000 -1000 -1000 -10 1
286 254 Car -1 -1 -1 388.79 182.95 505.82 262.06 -1 -1 -1 -1000 -1000 -1000 -10 1
286 250 Car -1 -1 -1 583.54 176.21 625.61 205.80 -1 -1 -1 -1000 -1000 -1000 -10 1
287 255 Car -1 -1 -1 496.48 184.59 568.20 230.91 -1 -1 -1 -1000 -1000 -1000 -10 1
287 254 Car -1 -1 -1 358.46 186.03 488.59 271.61 -1 -1 -1 -1000 -1000 -1000 -10 1
287 250 Car -1 -1 -1 575.23 179.23 619.30 210.89 -1 -1 -1 -1000 -1000 -1000 -10 1
288 255 Car -1 -1 -1 481.53 186.05 558.59 237.22 -1 -1 -1 -1000 -1000 -1000 -10 1
288 254 Car -1 -1 -1 314.51 193.44 463.38 286.86 -1 -1 -1 -1000 -1000 -1000 -10 1
288 250 Car -1 -1 -1 570.80 181.94 615.69 213.88 -1 -1 -1 -1000 -1000 -1000 -10 1
289 255 Car -1 -1 -1 461.50 196.63 543.64 252.42 -1 -1 -1 -1000 -1000 -1000 -10 1
289 254 Car -1 -1 -1 253.16 198.66 437.38 314.20 -1 -1 -1 -1000 -1000 -1000 -10 1
289 250 Car -1 -1 -1 557.87 190.23 604.74 224.35 -1 -1 -1 -1000 -1000 -1000 -10 1
290 255 Car -1 -1 -1 438.57 197.83 531.83 256.20 -1 -1 -1 -1000 -1000 -1000 -10 1
290 254 Car -1 -1 -1 161.42 203.50 391.73 338.56 -1 -1 -1 -1000 -1000 -1000 -10 1
290 250 Car -1 -1 -1 543.90 191.25 592.53 225.28 -1 -1 -1 -1000 -1000 -1000 -10 1
291 255 Car -1 -1 -1 413.20 196.29 516.94 259.56 -1 -1 -1 -1000 -1000 -1000 -10 1
291 254 Car -1 -1 -1 43.08 206.57 339.70 367.21 -1 -1 -1 -1000 -1000 -1000 -10 1
291 250 Car -1 -1 -1 529.65 188.77 582.25 224.37 -1 -1 -1 -1000 -1000 -1000 -10 1
292 255 Car -1 -1 -1 384.59 197.06 499.85 267.01 -1 -1 -1 -1000 -1000 -1000 -10 1
292 254 Car -1 -1 -1 -10.82 204.52 310.74 375.86 -1 -1 -1 -1000 -1000 -1000 -10 1
292 250 Car -1 -1 -1 515.76 189.05 573.86 226.69 -1 -1 -1 -1000 -1000 -1000 -10 1
293 255 Car -1 -1 -1 348.75 198.84 479.55 278.81 -1 -1 -1 -1000 -1000 -1000 -10 1
293 254 Car -1 -1 -1 -35.19 204.03 255.65 378.38 -1 -1 -1 -1000 -1000 -1000 -10 1
293 250 Car -1 -1 -1 506.23 188.29 567.72 228.15 -1 -1 -1 -1000 -1000 -1000 -10 1
294 255 Car -1 -1 -1 309.63 207.02 454.20 295.88 -1 -1 -1 -1000 -1000 -1000 -10 1
294 250 Car -1 -1 -1 503.44 186.64 567.53 228.83 -1 -1 -1 -1000 -1000 -1000 -10 1
295 255 Car -1 -1 -1 248.76 208.31 423.69 316.25 -1 -1 -1 -1000 -1000 -1000 -10 1
295 250 Car -1 -1 -1 478.01 188.09 547.66 234.00 -1 -1 -1 -1000 -1000 -1000 -10 1
296 256 Car -1 -1 -1 572.50 180.82 608.94 206.40 -1 -1 -1 -1000 -1000 -1000 -10 1
296 255 Car -1 -1 -1 165.29 210.96 385.47 347.55 -1 -1 -1 -1000 -1000 -1000 -10 1
296 250 Car -1 -1 -1 465.54 190.99 540.66 239.77 -1 -1 -1 -1000 -1000 -1000 -10 1
297 256 Car -1 -1 -1 564.64 182.56 600.40 209.17 -1 -1 -1 -1000 -1000 -1000 -10 1
297 255 Car -1 -1 -1 45.88 212.59 332.56 370.83 -1 -1 -1 -1000 -1000 -1000 -10 1
297 250 Car -1 -1 -1 446.47 194.02 533.76 247.08 -1 -1 -1 -1000 -1000 -1000 -10 1
298 256 Car -1 -1 -1 557.92 179.62 594.30 207.40 -1 -1 -1 -1000 -1000 -1000 -10 1
298 255 Car -1 -1 -1 -5.55 213.98 294.98 377.44 -1 -1 -1 -1000 -1000 -1000 -10 1
298 250 Car -1 -1 -1 418.52 194.76 518.04 251.08 -1 -1 -1 -1000 -1000 -1000 -10 1
299 256 Car -1 -1 -1 545.63 178.28 584.41 207.22 -1 -1 -1 -1000 -1000 -1000 -10 1
299 255 Car -1 -1 -1 -29.55 220.32 231.81 380.20 -1 -1 -1 -1000 -1000 -1000 -10 1
299 250 Car -1 -1 -1 392.79 196.57 504.20 259.11 -1 -1 -1 -1000 -1000 -1000 -10 1
300 256 Car -1 -1 -1 534.58 182.93 575.78 213.68 -1 -1 -1 -1000 -1000 -1000 -10 1
301 256 Car -1 -1 -1 530.73 178.50 572.49 209.70 -1 -1 -1 -1000 -1000 -1000 -10 1
301 250 Car -1 -1 -1 327.78 201.53 465.78 280.24 -1 -1 -1 -1000 -1000 -1000 -10 1
302 258 Car -1 -1 -1 397.51 183.43 486.72 244.56 -1 -1 -1 -1000 -1000 -1000 -10 1
302 256 Car -1 -1 -1 524.88 172.78 564.52 204.48 -1 -1 -1 -1000 -1000 -1000 -10 1
302 250 Car -1 -1 -1 288.82 197.04 444.49 283.53 -1 -1 -1 -1000 -1000 -1000 -10 1
303 258 Car -1 -1 -1 375.06 191.25 481.30 258.46 -1 -1 -1 -1000 -1000 -1000 -10 1
303 256 Car -1 -1 -1 517.63 176.89 560.20 210.23 -1 -1 -1 -1000 -1000 -1000 -10 1
303 250 Car -1 -1 -1 231.45 206.21 417.47 309.28 -1 -1 -1 -1000 -1000 -1000 -10 1
304 258 Car -1 -1 -1 350.51 195.57 470.24 269.94 -1 -1 -1 -1000 -1000 -1000 -10 1
304 256 Car -1 -1 -1 513.33 180.08 558.70 215.31 -1 -1 -1 -1000 -1000 -1000 -10 1
304 250 Car -1 -1 -1 165.42 211.20 391.62 333.07 -1 -1 -1 -1000 -1000 -1000 -10 1
305 258 Car -1 -1 -1 328.10 195.41 455.60 271.50 -1 -1 -1 -1000 -1000 -1000 -10 1
305 256 Car -1 -1 -1 507.90 180.10 556.43 216.67 -1 -1 -1 -1000 -1000 -1000 -10 1
305 250 Car -1 -1 -1 67.07 214.09 346.64 359.53 -1 -1 -1 -1000 -1000 -1000 -10 1
306 258 Car -1 -1 -1 283.89 195.85 432.43 285.46 -1 -1 -1 -1000 -1000 -1000 -10 1
306 256 Car -1 -1 -1 502.96 178.86 553.92 217.21 -1 -1 -1 -1000 -1000 -1000 -10 1
306 250 Car -1 -1 -1 4.07 212.35 319.29 369.99 -1 -1 -1 -1000 -1000 -1000 -10 1
307 258 Car -1 -1 -1 238.93 202.68 408.44 302.69 -1 -1 -1 -1000 -1000 -1000 -10 1
307 256 Car -1 -1 -1 500.03 186.45 551.13 226.22 -1 -1 -1 -1000 -1000 -1000 -10 1
307 250 Car -1 -1 -1 -19.22 222.24 292.40 379.35 -1 -1 -1 -1000 -1000 -1000 -10 1
308 258 Car -1 -1 -1 173.44 204.94 389.89 329.03 -1 -1 -1 -1000 -1000 -1000 -10 1
308 256 Car -1 -1 -1 494.06 185.80 546.68 226.85 -1 -1 -1 -1000 -1000 -1000 -10 1
308 250 Car -1 -1 -1 -37.00 207.47 236.71 370.55 -1 -1 -1 -1000 -1000 -1000 -10 1
309 258 Car -1 -1 -1 65.76 210.77 347.55 357.81 -1 -1 -1 -1000 -1000 -1000 -10 1
309 256 Car -1 -1 -1 484.15 182.22 538.60 226.81 -1 -1 -1 -1000 -1000 -1000 -10 1
310 258 Car -1 -1 -1 2.31 210.27 322.03 371.87 -1 -1 -1 -1000 -1000 -1000 -10 1
310 256 Car -1 -1 -1 473.86 178.67 532.71 227.49 -1 -1 -1 -1000 -1000 -1000 -10 1
311 258 Car -1 -1 -1 -19.02 210.60 282.38 374.50 -1 -1 -1 -1000 -1000 -1000 -10 1
311 256 Car -1 -1 -1 461.46 178.27 527.22 230.13 -1 -1 -1 -1000 -1000 -1000 -10 1
312 258 Car -1 -1 -1 -34.89 213.69 228.80 377.03 -1 -1 -1 -1000 -1000 -1000 -10 1
312 256 Car -1 -1 -1 451.93 181.03 515.02 233.44 -1 -1 -1 -1000 -1000 -1000 -10 1
317 261 Car -1 -1 -1 -13.27 226.12 135.91 366.14 -1 -1 -1 -1000 -1000 -1000 -10 1
319 262 Car -1 -1 -1 291.52 184.11 450.05 294.07 -1 -1 -1 -1000 -1000 -1000 -10 1
320 262 Car -1 -1 -1 245.47 190.06 423.46 321.82 -1 -1 -1 -1000 -1000 -1000 -10 1
321 262 Car -1 -1 -1 186.98 183.93 402.15 341.15 -1 -1 -1 -1000 -1000 -1000 -10 1
322 262 Car -1 -1 -1 107.63 166.25 384.59 364.84 -1 -1 -1 -1000 -1000 -1000 -10 1
323 262 Car -1 -1 -1 27.18 170.93 348.30 381.09 -1 -1 -1 -1000 -1000 -1000 -10 1
324 262 Car -1 -1 -1 -13.58 171.44 324.99 377.05 -1 -1 -1 -1000 -1000 -1000 -10 1
325 262 Car -1 -1 -1 -20.63 172.12 302.08 377.66 -1 -1 -1 -1000 -1000 -1000 -10 1
326 262 Car -1 -1 -1 -27.50 166.68 276.64 371.76 -1 -1 -1 -1000 -1000 -1000 -10 1
328 263 Car -1 -1 -1 -12.72 175.80 138.60 360.56 -1 -1 -1 -1000 -1000 -1000 -10 1
