0 5 Car -1 -1 -1 402.78 170.57 458.21 198.13 -1 -1 -1 -1000 -1000 -1000 -10 1
0 4 Car -1 -1 -1 790.16 167.12 882.94 208.29 -1 -1 -1 -1000 -1000 -1000 -10 1
0 3 Car -1 -1 -1 438.20 173.40 472.91 193.70 -1 -1 -1 -1000 -1000 -1000 -10 1
0 2 Car -1 -1 -1 776.34 178.15 870.62 234.74 -1 -1 -1 -1000 -1000 -1000 -10 1
0 1 Car -1 -1 -1 788.97 155.06 893.04 194.33 -1 -1 -1 -1000 -1000 -1000 -10 1
1 5 Car -1 -1 -1 383.91 169.90 452.05 198.30 -1 -1 -1 -1000 -1000 -1000 -10 1
1 2 Car -1 -1 -1 766.28 176.80 868.74 230.50 -1 -1 -1 -1000 -1000 -1000 -10 1
1 1 Car -1 -1 -1 815.53 153.30 917.73 193.82 -1 -1 -1 -1000 -1000 -1000 -10 1
2 5 Car -1 -1 -1 373.39 170.52 434.80 201.47 -1 -1 -1 -1000 -1000 -1000 -10 1
2 2 Car -1 -1 -1 764.19 179.80 858.64 231.02 -1 -1 -1 -1000 -1000 -1000 -10 1
2 1 Car -1 -1 -1 804.32 151.92 906.62 194.30 -1 -1 -1 -1000 -1000 -1000 -10 1
3 2 Car -1 -1 -1 758.75 181.51 847.49 230.22 -1 -1 -1 -1000 -1000 -1000 -10 1
3 1 Car -1 -1 -1 807.14 163.41 887.79 197.82 -1 -1 -1 -1000 -1000 -1000 -10 1
4 10 Car -1 -1 -1 329.89 171.40 396.27 206.91 -1 -1 -1 -1000 -1000 -1000 -10 1
4 2 Car -1 -1 -1 753.79 177.67 832.46 223.57 -1 -1 -1 -1000 -1000 -1000 -10 1
5 12 Car -1 -1 -1 856.69 143.62 989.39 186.02 -1 -1 -1 -1000 -1000 -1000 -10 1
5 5 Car -1 -1 -1 323.45 170.56 389.32 203.81 -1 -1 -1 -1000 -1000 -1000 -10 1
5 2 Car -1 -1 -1 752.53 172.16 822.01 215.84 -1 -1 -1 -1000 -1000 -1000 -10 1
5 1 Car -1 -1 -1 799.14 160.85 872.32 191.18 -1 -1 -1 -1000 -1000 -1000 -10 1
6 5 Car -1 -1 -1 303.41 171.18 379.77 207.11 -1 -1 -1 -1000 -1000 -1000 -10 1
6 2 Car -1 -1 -1 750.87 173.62 813.78 216.13 -1 -1 -1 -1000 -1000 -1000 -10 1
7 5 Car -1 -1 -1 283.45 169.49 373.36 211.58 -1 -1 -1 -1000 -1000 -1000 -10 1
7 2 Car -1 -1 -1 745.41 177.62 806.98 220.25 -1 -1 -1 -1000 -1000 -1000 -10 1
8 5 Car -1 -1 -1 263.71 170.81 362.94 217.05 -1 -1 -1 -1000 -1000 -1000 -10 1
8 2 Car -1 -1 -1 741.21 178.08 800.46 220.19 -1 -1 -1 -1000 -1000 -1000 -10 1
9 18 Car -1 -1 -1 828.47 159.58 932.33 190.82 -1 -1 -1 -1000 -1000 -1000 -10 1
9 5 Car -1 -1 -1 242.92 168.76 348.74 217.55 -1 -1 -1 -1000 -1000 -1000 -10 1
9 2 Car -1 -1 -1 738.22 176.68 795.13 217.87 -1 -1 -1 -1000 -1000 -1000 -10 1
10 21 Car -1 -1 -1 842.71 160.50 934.71 195.82 -1 -1 -1 -1000 -1000 -1000 -10 1
10 18 Car -1 -1 -1 839.70 158.13 945.84 191.57 -1 -1 -1 -1000 -1000 -1000 -10 1
10 5 Car -1 -1 -1 213.72 171.25 328.82 221.68 -1 -1 -1 -1000 -1000 -1000 -10 1
10 2 Car -1 -1 -1 737.07 176.24 791.16 216.56 -1 -1 -1 -1000 -1000 -1000 -10 1
11 23 Car -1 -1 -1 389.94 182.28 454.48 220.67 -1 -1 -1 -1000 -1000 -1000 -10 1
11 5 Car -1 -1 -1 182.13 175.37 309.66 229.18 -1 -1 -1 -1000 -1000 -1000 -10 1
11 2 Car -1 -1 -1 733.56 178.08 787.44 219.27 -1 -1 -1 -1000 -1000 -1000 -10 1
12 23 Car -1 -1 -1 346.37 184.28 428.97 228.96 -1 -1 -1 -1000 -1000 -1000 -10 1
12 5 Car -1 -1 -1 141.38 174.12 284.32 233.34 -1 -1 -1 -1000 -1000 -1000 -10 1
12 2 Car -1 -1 -1 730.83 179.44 783.15 220.35 -1 -1 -1 -1000 -1000 -1000 -10 1
13 23 Car -1 -1 -1 281.80 185.04 387.48 238.72 -1 -1 -1 -1000 -1000 -1000 -10 1
13 5 Car -1 -1 -1 101.96 171.90 255.13 234.96 -1 -1 -1 -1000 -1000 -1000 -10 1
13 2 Car -1 -1 -1 724.31 179.63 775.16 220.66 -1 -1 -1 -1000 -1000 -1000 -10 1
14 28 Car -1 -1 -1 375.42 178.97 434.38 212.05 -1 -1 -1 -1000 -1000 -1000 -10 1
14 27 Car -1 -1 -1 33.50 162.91 208.64 242.15 -1 -1 -1 -1000 -1000 -1000 -10 1
14 23 Car -1 -1 -1 168.11 183.52 323.63 255.86 -1 -1 -1 -1000 -1000 -1000 -10 1
15 27 Car -1 -1 -1 -2.76 171.15 234.72 285.76 -1 -1 -1 -1000 -1000 -1000 -10 1
16 32 Car -1 -1 -1 413.51 175.71 464.78 205.96 -1 -1 -1 -1000 -1000 -1000 -10 1
16 28 Car -1 -1 -1 304.12 180.04 380.49 221.19 -1 -1 -1 -1000 -1000 -1000 -10 1
16 2 Car -1 -1 -1 703.81 175.53 754.61 214.49 -1 -1 -1 -1000 -1000 -1000 -10 1
17 32 Car -1 -1 -1 357.81 177.39 437.60 220.87 -1 -1 -1 -1000 -1000 -1000 -10 1
17 28 Car -1 -1 -1 245.50 179.03 343.99 227.77 -1 -1 -1 -1000 -1000 -1000 -10 1
17 2 Car -1 -1 -1 701.81 175.63 750.79 213.88 -1 -1 -1 -1000 -1000 -1000 -10 1
18 36 Car -1 -1 -1 -7.34 185.66 83.12 234.06 -1 -1 -1 -1000 -1000 -1000 -10 1
18 32 Car -1 -1 -1 303.91 178.82 405.62 228.94 -1 -1 -1 -1000 -1000 -1000 -10 1
18 28 Car -1 -1 -1 175.09 183.75 295.15 235.43 -1 -1 -1 -1000 -1000 -1000 -10 1
18 2 Car -1 -1 -1 695.27 177.35 743.21 216.85 -1 -1 -1 -1000 -1000 -1000 -10 1
19 38 Car -1 -1 -1 596.69 169.86 626.29 193.36 -1 -1 -1 -1000 -1000 -1000 -10 1
19 32 Car -1 -1 -1 219.87 182.28 343.62 244.94 -1 -1 -1 -1000 -1000 -1000 -10 1
19 28 Car -1 -1 -1 56.25 186.82 213.54 248.28 -1 -1 -1 -1000 -1000 -1000 -10 1
19 2 Car -1 -1 -1 694.36 175.35 740.57 213.60 -1 -1 -1 -1000 -1000 -1000 -10 1
20 38 Car -1 -1 -1 595.36 172.32 624.78 196.31 -1 -1 -1 -1000 -1000 -1000 -10 1
20 32 Car -1 -1 -1 72.81 189.26 245.04 266.47 -1 -1 -1 -1000 -1000 -1000 -10 1
20 28 Car -1 -1 -1 -16.45 191.13 137.31 257.71 -1 -1 -1 -1000 -1000 -1000 -10 1
20 2 Car -1 -1 -1 692.68 175.48 737.09 212.72 -1 -1 -1 -1000 -1000 -1000 -10 1
21 40 Car -1 -1 -1 133.08 172.43 274.22 240.86 -1 -1 -1 -1000 -1000 -1000 -10 1
21 38 Car -1 -1 -1 594.20 169.86 624.34 194.37 -1 -1 -1 -1000 -1000 -1000 -10 1
21 32 Car -1 -1 -1 -28.63 206.18 132.90 300.21 -1 -1 -1 -1000 -1000 -1000 -10 1
21 2 Car -1 -1 -1 692.28 175.35 735.76 211.07 -1 -1 -1 -1000 -1000 -1000 -10 1
22 43 Car -1 -1 -1 323.61 177.16 387.54 214.76 -1 -1 -1 -1000 -1000 -1000 -10 1
22 41 Car -1 -1 -1 179.98 180.61 315.97 248.94 -1 -1 -1 -1000 -1000 -1000 -10 1
22 40 Car -1 -1 -1 14.98 177.92 194.48 256.67 -1 -1 -1 -1000 -1000 -1000 -10 1
22 38 Car -1 -1 -1 593.99 168.82 624.94 193.10 -1 -1 -1 -1000 -1000 -1000 -10 1
22 2 Car -1 -1 -1 688.92 175.40 734.13 211.67 -1 -1 -1 -1000 -1000 -1000 -10 1
23 43 Car -1 -1 -1 277.02 176.30 361.59 221.76 -1 -1 -1 -1000 -1000 -1000 -10 1
23 41 Car -1 -1 -1 32.41 187.33 227.80 276.59 -1 -1 -1 -1000 -1000 -1000 -10 1
23 38 Car -1 -1 -1 591.88 169.99 623.83 193.99 -1 -1 -1 -1000 -1000 -1000 -10 1
23 2 Car -1 -1 -1 688.35 175.18 734.63 211.51 -1 -1 -1 -1000 -1000 -1000 -10 1
24 43 Car -1 -1 -1 224.42 182.32 329.69 232.92 -1 -1 -1 -1000 -1000 -1000 -10 1
24 38 Car -1 -1 -1 592.80 172.45 625.07 198.01 -1 -1 -1 -1000 -1000 -1000 -10 1
24 2 Car -1 -1 -1 689.67 177.73 735.28 213.29 -1 -1 -1 -1000 -1000 -1000 -10 1
25 46 Car -1 -1 -1 409.02 166.51 470.77 211.96 -1 -1 -1 -1000 -1000 -1000 -10 1
25 43 Car -1 -1 -1 148.35 180.07 282.78 243.48 -1 -1 -1 -1000 -1000 -1000 -10 1
25 38 Car -1 -1 -1 584.99 174.44 615.80 200.45 -1 -1 -1 -1000 -1000 -1000 -10 1
25 2 Car -1 -1 -1 697.92 178.75 740.44 212.52 -1 -1 -1 -1000 -1000 -1000 -10 1
26 43 Car -1 -1 -1 36.54 186.98 200.87 256.11 -1 -1 -1 -1000 -1000 -1000 -10 1
26 2 Car -1 -1 -1 705.66 178.79 746.91 211.79 -1 -1 -1 -1000 -1000 -1000 -10 1
27 48 Car -1 -1 -1 217.48 182.91 277.03 218.28 -1 -1 -1 -1000 -1000 -1000 -10 1
27 46 Car -1 -1 -1 358.34 173.75 440.50 224.49 -1 -1 -1 -1000 -1000 -1000 -10 1
27 43 Car -1 -1 -1 -30.77 191.71 111.21 265.40 -1 -1 -1 -1000 -1000 -1000 -10 1
27 2 Car -1 -1 -1 715.65 175.77 757.32 211.24 -1 -1 -1 -1000 -1000 -1000 -10 1
28 48 Car -1 -1 -1 198.34 183.51 260.02 218.55 -1 -1 -1 -1000 -1000 -1000 -10 1
28 46 Car -1 -1 -1 321.79 171.69 420.54 228.65 -1 -1 -1 -1000 -1000 -1000 -10 1
28 38 Car -1 -1 -1 593.20 169.57 633.88 203.49 -1 -1 -1 -1000 -1000 -1000 -10 1
28 2 Car -1 -1 -1 729.78 173.10 771.76 207.69 -1 -1 -1 -1000 -1000 -1000 -10 1
29 55 Car -1 -1 -1 264.53 165.68 389.36 236.69 -1 -1 -1 -1000 -1000 -1000 -10 1
29 48 Car -1 -1 -1 173.32 182.54 241.39 221.15 -1 -1 -1 -1000 -1000 -1000 -10 1
29 46 Car -1 -1 -1 268.39 167.53 390.85 233.43 -1 -1 -1 -1000 -1000 -1000 -10 1
29 38 Car -1 -1 -1 594.19 165.74 635.79 202.56 -1 -1 -1 -1000 -1000 -1000 -10 1
29 2 Car -1 -1 -1 748.68 171.25 791.79 203.59 -1 -1 -1 -1000 -1000 -1000 -10 1
30 55 Car -1 -1 -1 190.22 159.83 344.44 248.27 -1 -1 -1 -1000 -1000 -1000 -10 1
30 48 Car -1 -1 -1 150.99 179.11 225.58 222.04 -1 -1 -1 -1000 -1000 -1000 -10 1
30 46 Car -1 -1 -1 202.79 168.39 347.38 243.33 -1 -1 -1 -1000 -1000 -1000 -10 1
30 38 Car -1 -1 -1 593.11 164.51 637.35 203.22 -1 -1 -1 -1000 -1000 -1000 -10 1
30 2 Car -1 -1 -1 766.60 167.23 813.69 198.13 -1 -1 -1 -1000 -1000 -1000 -10 1
31 55 Car -1 -1 -1 86.40 159.61 289.90 265.66 -1 -1 -1 -1000 -1000 -1000 -10 1
31 38 Car -1 -1 -1 590.51 163.95 637.96 204.76 -1 -1 -1 -1000 -1000 -1000 -10 1
31 2 Car -1 -1 -1 791.51 169.39 841.76 198.19 -1 -1 -1 -1000 -1000 -1000 -10 1
32 57 Car -1 -1 -1 330.36 176.90 417.49 223.41 -1 -1 -1 -1000 -1000 -1000 -10 1
32 55 Car -1 -1 -1 -15.89 166.83 220.60 294.05 -1 -1 -1 -1000 -1000 -1000 -10 1
32 38 Car -1 -1 -1 590.28 162.32 639.97 206.94 -1 -1 -1 -1000 -1000 -1000 -10 1
32 2 Car -1 -1 -1 817.82 170.23 870.73 198.00 -1 -1 -1 -1000 -1000 -1000 -10 1
33 60 Car -1 -1 -1 402.26 168.49 477.52 203.73 -1 -1 -1 -1000 -1000 -1000 -10 1
33 59 Car -1 -1 -1 897.63 163.29 974.81 194.02 -1 -1 -1 -1000 -1000 -1000 -10 1
33 57 Car -1 -1 -1 282.73 181.30 390.00 232.77 -1 -1 -1 -1000 -1000 -1000 -10 1
33 38 Car -1 -1 -1 588.58 162.24 640.01 209.36 -1 -1 -1 -1000 -1000 -1000 -10 1
33 2 Car -1 -1 -1 842.46 171.05 897.84 197.83 -1 -1 -1 -1000 -1000 -1000 -10 1
34 60 Car -1 -1 -1 376.55 163.73 467.18 207.43 -1 -1 -1 -1000 -1000 -1000 -10 1
34 59 Car -1 -1 -1 877.72 162.96 951.39 193.71 -1 -1 -1 -1000 -1000 -1000 -10 1
34 57 Car -1 -1 -1 225.80 183.68 349.71 241.81 -1 -1 -1 -1000 -1000 -1000 -10 1
34 38 Car -1 -1 -1 588.01 162.03 641.59 210.86 -1 -1 -1 -1000 -1000 -1000 -10 1
35 64 Car -1 -1 -1 7.28 187.95 94.99 240.17 -1 -1 -1 -1000 -1000 -1000 -10 1
35 59 Car -1 -1 -1 884.75 162.94 958.24 194.31 -1 -1 -1 -1000 -1000 -1000 -10 1
35 57 Car -1 -1 -1 136.46 182.93 295.32 253.79 -1 -1 -1 -1000 -1000 -1000 -10 1
35 38 Car -1 -1 -1 584.74 163.86 639.50 212.71 -1 -1 -1 -1000 -1000 -1000 -10 1
36 57 Car -1 -1 -1 21.04 189.79 220.63 273.46 -1 -1 -1 -1000 -1000 -1000 -10 1
36 38 Car -1 -1 -1 586.42 164.96 642.99 215.43 -1 -1 -1 -1000 -1000 -1000 -10 1
37 67 Car -1 -1 -1 1007.25 161.39 1109.70 198.20 -1 -1 -1 -1000 -1000 -1000 -10 1
37 65 Car -1 -1 -1 255.81 172.47 396.23 232.60 -1 -1 -1 -1000 -1000 -1000 -10 1
37 59 Car -1 -1 -1 836.78 161.48 899.57 187.58 -1 -1 -1 -1000 -1000 -1000 -10 1
37 57 Car -1 -1 -1 -34.36 197.43 143.44 296.13 -1 -1 -1 -1000 -1000 -1000 -10 1
37 38 Car -1 -1 -1 586.46 167.68 645.89 220.72 -1 -1 -1 -1000 -1000 -1000 -10 1
38 67 Car -1 -1 -1 1052.44 162.90 1155.03 198.65 -1 -1 -1 -1000 -1000 -1000 -10 1
38 65 Car -1 -1 -1 187.66 178.78 348.32 249.09 -1 -1 -1 -1000 -1000 -1000 -10 1
38 38 Car -1 -1 -1 584.08 167.65 646.02 222.55 -1 -1 -1 -1000 -1000 -1000 -10 1
39 69 Car -1 -1 -1 -3.36 175.88 95.18 222.05 -1 -1 -1 -1000 -1000 -1000 -10 1
39 67 Car -1 -1 -1 1102.61 162.40 1218.11 200.71 -1 -1 -1 -1000 -1000 -1000 -10 1
39 65 Car -1 -1 -1 75.80 184.48 285.49 271.81 -1 -1 -1 -1000 -1000 -1000 -10 1
39 59 Car -1 -1 -1 793.41 162.47 859.59 188.62 -1 -1 -1 -1000 -1000 -1000 -10 1
39 38 Car -1 -1 -1 578.91 166.98 642.76 224.34 -1 -1 -1 -1000 -1000 -1000 -10 1
40 67 Car -1 -1 -1 1146.46 154.22 1257.27 197.73 -1 -1 -1 -1000 -1000 -1000 -10 1
40 65 Car -1 -1 -1 3.27 183.95 231.02 274.97 -1 -1 -1 -1000 -1000 -1000 -10 1
40 59 Car -1 -1 -1 764.77 158.47 834.05 186.09 -1 -1 -1 -1000 -1000 -1000 -10 1
40 38 Car -1 -1 -1 575.35 168.07 642.19 228.77 -1 -1 -1 -1000 -1000 -1000 -10 1
41 73 Car -1 -1 -1 -5.23 200.25 269.84 380.58 -1 -1 -1 -1000 -1000 -1000 -10 1
41 59 Car -1 -1 -1 746.67 160.34 816.44 189.18 -1 -1 -1 -1000 -1000 -1000 -10 1
41 38 Car -1 -1 -1 568.37 169.18 643.11 230.55 -1 -1 -1 -1000 -1000 -1000 -10 1
42 75 Car -1 -1 -1 -24.50 207.91 138.76 305.19 -1 -1 -1 -1000 -1000 -1000 -10 1
42 73 Car -1 -1 -1 2.87 218.51 297.73 382.01 -1 -1 -1 -1000 -1000 -1000 -10 1
42 38 Car -1 -1 -1 565.93 169.85 648.10 233.53 -1 -1 -1 -1000 -1000 -1000 -10 1
43 73 Car -1 -1 -1 -0.83 214.75 310.30 375.31 -1 -1 -1 -1000 -1000 -1000 -10 1
43 38 Car -1 -1 -1 566.33 170.88 655.29 238.57 -1 -1 -1 -1000 -1000 -1000 -10 1
44 73 Car -1 -1 -1 1.61 206.79 328.54 374.31 -1 -1 -1 -1000 -1000 -1000 -10 1
44 38 Car -1 -1 -1 564.42 170.32 660.11 242.67 -1 -1 -1 -1000 -1000 -1000 -10 1
45 73 Car -1 -1 -1 -0.31 203.00 347.78 374.84 -1 -1 -1 -1000 -1000 -1000 -10 1
45 38 Car -1 -1 -1 558.36 169.64 654.97 248.59 -1 -1 -1 -1000 -1000 -1000 -10 1
46 73 Car -1 -1 -1 -0.45 200.69 364.05 374.11 -1 -1 -1 -1000 -1000 -1000 -10 1
46 38 Car -1 -1 -1 557.66 168.69 657.34 251.98 -1 -1 -1 -1000 -1000 -1000 -10 1
47 73 Car -1 -1 -1 -5.39 200.42 379.81 372.98 -1 -1 -1 -1000 -1000 -1000 -10 1
47 38 Car -1 -1 -1 553.66 167.03 655.80 253.59 -1 -1 -1 -1000 -1000 -1000 -10 1
48 73 Car -1 -1 -1 -4.66 194.75 390.12 372.53 -1 -1 -1 -1000 -1000 -1000 -10 1
48 38 Car -1 -1 -1 556.52 171.50 664.34 256.26 -1 -1 -1 -1000 -1000 -1000 -10 1
49 73 Car -1 -1 -1 -10.56 193.42 412.00 374.61 -1 -1 -1 -1000 -1000 -1000 -10 1
49 38 Car -1 -1 -1 551.18 172.13 663.22 261.91 -1 -1 -1 -1000 -1000 -1000 -10 1
50 73 Car -1 -1 -1 -9.18 191.95 408.42 373.32 -1 -1 -1 -1000 -1000 -1000 -10 1
50 38 Car -1 -1 -1 549.65 167.23 670.82 263.67 -1 -1 -1 -1000 -1000 -1000 -10 1
51 82 Car -1 -1 -1 810.14 165.44 883.47 193.01 -1 -1 -1 -1000 -1000 -1000 -10 1
51 73 Car -1 -1 -1 -11.36 190.50 416.42 370.66 -1 -1 -1 -1000 -1000 -1000 -10 1
51 38 Car -1 -1 -1 543.97 166.17 675.15 270.04 -1 -1 -1 -1000 -1000 -1000 -10 1
52 73 Car -1 -1 -1 -12.03 189.95 424.10 371.57 -1 -1 -1 -1000 -1000 -1000 -10 1
52 38 Car -1 -1 -1 536.39 164.57 681.50 276.84 -1 -1 -1 -1000 -1000 -1000 -10 1
53 83 Car -1 -1 -1 460.99 170.97 562.19 210.09 -1 -1 -1 -1000 -1000 -1000 -10 1
53 73 Car -1 -1 -1 -17.97 187.81 429.64 371.59 -1 -1 -1 -1000 -1000 -1000 -10 1
53 38 Car -1 -1 -1 533.69 164.12 685.67 280.05 -1 -1 -1 -1000 -1000 -1000 -10 1
54 73 Car -1 -1 -1 -15.21 184.75 432.78 371.03 -1 -1 -1 -1000 -1000 -1000 -10 1
54 38 Car -1 -1 -1 532.30 164.27 689.53 284.80 -1 -1 -1 -1000 -1000 -1000 -10 1
55 73 Car -1 -1 -1 -8.62 182.48 440.69 372.18 -1 -1 -1 -1000 -1000 -1000 -10 1
55 38 Car -1 -1 -1 530.10 165.74 693.77 291.45 -1 -1 -1 -1000 -1000 -1000 -10 1
56 73 Car -1 -1 -1 0.85 180.29 447.81 372.68 -1 -1 -1 -1000 -1000 -1000 -10 1
56 38 Car -1 -1 -1 529.30 167.98 696.63 299.24 -1 -1 -1 -1000 -1000 -1000 -10 1
57 83 Car -1 -1 -1 337.95 177.73 455.48 224.68 -1 -1 -1 -1000 -1000 -1000 -10 1
57 73 Car -1 -1 -1 10.65 180.51 452.00 372.89 -1 -1 -1 -1000 -1000 -1000 -10 1
57 38 Car -1 -1 -1 528.41 168.64 694.18 300.26 -1 -1 -1 -1000 -1000 -1000 -10 1
58 73 Car -1 -1 -1 12.14 179.03 448.95 372.61 -1 -1 -1 -1000 -1000 -1000 -10 1
58 38 Car -1 -1 -1 525.36 165.93 692.64 304.96 -1 -1 -1 -1000 -1000 -1000 -10 1
59 73 Car -1 -1 -1 10.54 179.24 445.95 373.54 -1 -1 -1 -1000 -1000 -1000 -10 1
59 38 Car -1 -1 -1 521.58 164.43 706.25 310.88 -1 -1 -1 -1000 -1000 -1000 -10 1
60 88 Car -1 -1 -1 400.72 176.32 485.49 209.18 -1 -1 -1 -1000 -1000 -1000 -10 1
60 73 Car -1 -1 -1 6.16 179.33 445.21 373.53 -1 -1 -1 -1000 -1000 -1000 -10 1
60 38 Car -1 -1 -1 517.08 163.45 707.13 311.32 -1 -1 -1 -1000 -1000 -1000 -10 1
61 89 Car -1 -1 -1 519.85 161.32 702.10 317.26 -1 -1 -1 -1000 -1000 -1000 -10 1
61 88 Car -1 -1 -1 354.42 180.42 434.85 213.01 -1 -1 -1 -1000 -1000 -1000 -10 1
61 73 Car -1 -1 -1 -9.13 184.48 431.32 373.25 -1 -1 -1 -1000 -1000 -1000 -10 1
62 89 Car -1 -1 -1 518.35 161.96 702.87 326.36 -1 -1 -1 -1000 -1000 -1000 -10 1
62 73 Car -1 -1 -1 -17.67 186.52 430.14 374.64 -1 -1 -1 -1000 -1000 -1000 -10 1
62 38 Car -1 -1 -1 513.01 157.69 709.88 328.70 -1 -1 -1 -1000 -1000 -1000 -10 1
63 89 Car -1 -1 -1 513.18 160.46 702.12 332.92 -1 -1 -1 -1000 -1000 -1000 -10 1
63 73 Car -1 -1 -1 -18.55 188.72 429.21 375.04 -1 -1 -1 -1000 -1000 -1000 -10 1
63 38 Car -1 -1 -1 507.88 153.59 710.11 336.00 -1 -1 -1 -1000 -1000 -1000 -10 1
64 89 Car -1 -1 -1 507.35 158.14 705.35 336.76 -1 -1 -1 -1000 -1000 -1000 -10 1
64 73 Car -1 -1 -1 -14.43 189.43 427.27 372.63 -1 -1 -1 -1000 -1000 -1000 -10 1
64 38 Car -1 -1 -1 502.59 151.15 715.22 341.75 -1 -1 -1 -1000 -1000 -1000 -10 1
65 89 Car -1 -1 -1 501.45 157.40 710.47 340.66 -1 -1 -1 -1000 -1000 -1000 -10 1
65 73 Car -1 -1 -1 -19.30 192.11 421.50 371.20 -1 -1 -1 -1000 -1000 -1000 -10 1
65 38 Car -1 -1 -1 497.61 149.12 722.11 347.79 -1 -1 -1 -1000 -1000 -1000 -10 1
66 89 Car -1 -1 -1 499.30 156.38 707.76 341.14 -1 -1 -1 -1000 -1000 -1000 -10 1
66 73 Car -1 -1 -1 -10.44 193.70 420.63 372.48 -1 -1 -1 -1000 -1000 -1000 -10 1
66 38 Car -1 -1 -1 492.62 146.48 722.68 350.12 -1 -1 -1 -1000 -1000 -1000 -10 1
67 89 Car -1 -1 -1 499.36 156.87 707.82 345.03 -1 -1 -1 -1000 -1000 -1000 -10 1
67 73 Car -1 -1 -1 -20.33 194.51 425.76 375.16 -1 -1 -1 -1000 -1000 -1000 -10 1
67 38 Car -1 -1 -1 489.35 146.09 722.80 354.12 -1 -1 -1 -1000 -1000 -1000 -10 1
68 89 Car -1 -1 -1 499.76 158.39 711.40 348.49 -1 -1 -1 -1000 -1000 -1000 -10 1
68 73 Car -1 -1 -1 -26.45 193.69 423.83 376.30 -1 -1 -1 -1000 -1000 -1000 -10 1
68 38 Car -1 -1 -1 490.12 148.68 727.59 358.74 -1 -1 -1 -1000 -1000 -1000 -10 1
69 89 Car -1 -1 -1 499.32 158.15 713.36 353.88 -1 -1 -1 -1000 -1000 -1000 -10 1
69 73 Car -1 -1 -1 -17.66 191.07 416.00 374.05 -1 -1 -1 -1000 -1000 -1000 -10 1
69 38 Car -1 -1 -1 491.74 151.41 732.26 363.32 -1 -1 -1 -1000 -1000 -1000 -10 1
70 89 Car -1 -1 -1 497.68 156.66 720.33 359.87 -1 -1 -1 -1000 -1000 -1000 -10 1
70 73 Car -1 -1 -1 -18.45 189.93 410.39 373.65 -1 -1 -1 -1000 -1000 -1000 -10 1
70 38 Car -1 -1 -1 486.12 152.50 731.07 365.30 -1 -1 -1 -1000 -1000 -1000 -10 1
71 73 Car -1 -1 -1 -11.61 193.19 403.60 374.13 -1 -1 -1 -1000 -1000 -1000 -10 1
71 38 Car -1 -1 -1 485.37 153.46 733.94 367.11 -1 -1 -1 -1000 -1000 -1000 -10 1
72 73 Car -1 -1 -1 -7.04 194.41 399.45 373.24 -1 -1 -1 -1000 -1000 -1000 -10 1
72 38 Car -1 -1 -1 487.04 153.67 734.81 368.73 -1 -1 -1 -1000 -1000 -1000 -10 1
73 73 Car -1 -1 -1 -4.18 194.25 398.28 372.15 -1 -1 -1 -1000 -1000 -1000 -10 1
73 38 Car -1 -1 -1 486.54 153.55 735.36 368.84 -1 -1 -1 -1000 -1000 -1000 -10 1
74 73 Car -1 -1 -1 -2.41 194.60 396.98 371.85 -1 -1 -1 -1000 -1000 -1000 -10 1
74 38 Car -1 -1 -1 485.90 153.00 735.67 368.77 -1 -1 -1 -1000 -1000 -1000 -10 1
75 73 Car -1 -1 -1 -1.67 194.76 396.26 371.58 -1 -1 -1 -1000 -1000 -1000 -10 1
75 38 Car -1 -1 -1 486.57 153.37 735.73 368.95 -1 -1 -1 -1000 -1000 -1000 -10 1
