0 3 Car -1 -1 -1 474.94 203.47 508.92 238.69 -1 -1 -1 -1000 -1000 -1000 -10 1
0 2 Car -1 -1 -1 603.70 197.50 996.00 366.61 -1 -1 -1 -1000 -1000 -1000 -10 1
0 1 Car -1 -1 -1 1066.10 172.98 1238.23 248.37 -1 -1 -1 -1000 -1000 -1000 -10 1
1 3 Car -1 -1 -1 473.84 195.36 511.60 230.27 -1 -1 -1 -1000 -1000 -1000 -10 1
1 2 Car -1 -1 -1 451.68 199.67 847.37 375.74 -1 -1 -1 -1000 -1000 -1000 -10 1
1 1 Car -1 -1 -1 1055.38 170.42 1244.10 253.52 -1 -1 -1 -1000 -1000 -1000 -10 1
2 2 Car -1 -1 -1 260.16 195.82 710.99 378.68 -1 -1 -1 -1000 -1000 -1000 -10 1
2 1 Car -1 -1 -1 1057.75 173.59 1235.00 250.99 -1 -1 -1 -1000 -1000 -1000 -10 1
3 2 Car -1 -1 -1 95.58 206.52 527.70 378.02 -1 -1 -1 -1000 -1000 -1000 -10 1
3 1 Car -1 -1 -1 1052.44 175.72 1236.95 254.51 -1 -1 -1 -1000 -1000 -1000 -10 1
4 2 Car -1 -1 -1 -52.56 217.80 326.26 375.82 -1 -1 -1 -1000 -1000 -1000 -10 1
4 1 Car -1 -1 -1 1044.16 180.10 1239.52 258.59 -1 -1 -1 -1000 -1000 -1000 -10 1
5 1 Car -1 -1 -1 1025.90 182.34 1238.77 262.22 -1 -1 -1 -1000 -1000 -1000 -10 1
6 1 Car -1 -1 -1 1014.14 185.31 1238.19 265.71 -1 -1 -1 -1000 -1000 -1000 -10 1
7 5 Car -1 -1 -1 387.08 214.29 443.27 262.23 -1 -1 -1 -1000 -1000 -1000 -10 1
7 1 Car -1 -1 -1 1005.32 183.65 1237.54 268.49 -1 -1 -1 -1000 -1000 -1000 -10 1
8 5 Car -1 -1 -1 357.70 217.04 418.82 267.67 -1 -1 -1 -1000 -1000 -1000 -10 1
8 1 Car -1 -1 -1 995.81 191.32 1218.84 269.95 -1 -1 -1 -1000 -1000 -1000 -10 1
9 5 Car -1 -1 -1 331.15 214.93 401.20 274.46 -1 -1 -1 -1000 -1000 -1000 -10 1
9 1 Car -1 -1 -1 976.77 194.96 1198.00 273.22 -1 -1 -1 -1000 -1000 -1000 -10 1
10 5 Car -1 -1 -1 299.50 221.92 379.42 286.81 -1 -1 -1 -1000 -1000 -1000 -10 1
10 1 Car -1 -1 -1 971.76 195.57 1195.02 273.04 -1 -1 -1 -1000 -1000 -1000 -10 1
11 5 Car -1 -1 -1 272.09 219.35 357.85 288.96 -1 -1 -1 -1000 -1000 -1000 -10 1
11 1 Car -1 -1 -1 969.21 195.93 1197.54 272.31 -1 -1 -1 -1000 -1000 -1000 -10 1
12 5 Car -1 -1 -1 239.41 220.87 338.37 298.49 -1 -1 -1 -1000 -1000 -1000 -10 1
12 1 Car -1 -1 -1 964.07 194.62 1203.20 276.58 -1 -1 -1 -1000 -1000 -1000 -10 1
13 5 Car -1 -1 -1 208.05 217.89 316.15 303.60 -1 -1 -1 -1000 -1000 -1000 -10 1
13 1 Car -1 -1 -1 972.41 182.65 1223.64 275.63 -1 -1 -1 -1000 -1000 -1000 -10 1
14 5 Car -1 -1 -1 188.77 212.13 309.82 305.08 -1 -1 -1 -1000 -1000 -1000 -10 1
14 1 Car -1 -1 -1 1004.21 181.01 1247.30 278.23 -1 -1 -1 -1000 -1000 -1000 -10 1
15 5 Car -1 -1 -1 166.44 206.98 312.21 313.90 -1 -1 -1 -1000 -1000 -1000 -10 1
15 1 Car -1 -1 -1 1045.33 174.99 1259.88 276.23 -1 -1 -1 -1000 -1000 -1000 -10 1
16 5 Car -1 -1 -1 130.68 208.37 307.25 335.66 -1 -1 -1 -1000 -1000 -1000 -10 1
17 5 Car -1 -1 -1 70.02 212.36 304.68 363.25 -1 -1 -1 -1000 -1000 -1000 -10 1
18 5 Car -1 -1 -1 12.80 211.33 295.81 373.94 -1 -1 -1 -1000 -1000 -1000 -10 1
19 5 Car -1 -1 -1 -12.58 204.58 278.37 374.53 -1 -1 -1 -1000 -1000 -1000 -10 1
67 9 Car -1 -1 -1 87.97 196.92 248.03 249.64 -1 -1 -1 -1000 -1000 -1000 -10 1
68 9 Car -1 -1 -1 27.87 199.75 211.01 261.39 -1 -1 -1 -1000 -1000 -1000 -10 1
69 9 Car -1 -1 -1 -14.47 205.45 165.64 271.27 -1 -1 -1 -1000 -1000 -1000 -10 1
70 10 Car -1 -1 -1 535.15 180.90 577.82 205.84 -1 -1 -1 -1000 -1000 -1000 -10 1
70 9 Car -1 -1 -1 -31.37 206.08 117.14 276.78 -1 -1 -1 -1000 -1000 -1000 -10 1
71 10 Car -1 -1 -1 526.89 180.03 569.42 205.39 -1 -1 -1 -1000 -1000 -1000 -10 1
72 10 Car -1 -1 -1 517.97 179.85 561.90 206.62 -1 -1 -1 -1000 -1000 -1000 -10 1
73 10 Car -1 -1 -1 506.59 180.10 550.62 207.43 -1 -1 -1 -1000 -1000 -1000 -10 1
74 10 Car -1 -1 -1 493.50 179.96 537.93 208.78 -1 -1 -1 -1000 -1000 -1000 -10 1
80 12 Car -1 -1 -1 440.40 177.54 500.72 217.33 -1 -1 -1 -1000 -1000 -1000 -10 1
81 12 Car -1 -1 -1 429.10 180.05 495.23 220.20 -1 -1 -1 -1000 -1000 -1000 -10 1
82 12 Car -1 -1 -1 417.07 181.59 488.88 226.30 -1 -1 -1 -1000 -1000 -1000 -10 1
83 12 Car -1 -1 -1 402.11 186.37 486.49 234.15 -1 -1 -1 -1000 -1000 -1000 -10 1
84 14 Car -1 -1 -1 128.92 202.84 273.36 265.64 -1 -1 -1 -1000 -1000 -1000 -10 1
84 12 Car -1 -1 -1 384.84 186.94 477.79 241.53 -1 -1 -1 -1000 -1000 -1000 -10 1
85 14 Car -1 -1 -1 40.45 198.13 233.44 279.29 -1 -1 -1 -1000 -1000 -1000 -10 1
85 12 Car -1 -1 -1 365.21 184.99 466.15 246.71 -1 -1 -1 -1000 -1000 -1000 -10 1
86 14 Car -1 -1 -1 -13.02 198.41 186.87 289.44 -1 -1 -1 -1000 -1000 -1000 -10 1
86 12 Car -1 -1 -1 337.18 181.23 450.89 249.51 -1 -1 -1 -1000 -1000 -1000 -10 1
87 14 Car -1 -1 -1 -34.50 195.29 125.13 288.82 -1 -1 -1 -1000 -1000 -1000 -10 1
87 12 Car -1 -1 -1 301.15 181.34 426.95 255.73 -1 -1 -1 -1000 -1000 -1000 -10 1
88 12 Car -1 -1 -1 250.93 182.12 395.75 264.75 -1 -1 -1 -1000 -1000 -1000 -10 1
89 12 Car -1 -1 -1 184.30 187.66 355.74 282.69 -1 -1 -1 -1000 -1000 -1000 -10 1
90 12 Car -1 -1 -1 86.98 190.11 312.86 313.50 -1 -1 -1 -1000 -1000 -1000 -10 1
91 12 Car -1 -1 -1 5.92 193.43 269.73 342.00 -1 -1 -1 -1000 -1000 -1000 -10 1
92 12 Car -1 -1 -1 -24.81 200.73 216.26 361.19 -1 -1 -1 -1000 -1000 -1000 -10 1
146 20 Car -1 -1 -1 371.58 181.09 436.62 215.09 -1 -1 -1 -1000 -1000 -1000 -10 1
147 20 Car -1 -1 -1 372.95 178.32 433.68 207.90 -1 -1 -1 -1000 -1000 -1000 -10 1
149 20 Car -1 -1 -1 381.91 178.71 436.15 203.70 -1 -1 -1 -1000 -1000 -1000 -10 1
150 20 Car -1 -1 -1 378.07 177.41 429.30 202.08 -1 -1 -1 -1000 -1000 -1000 -10 1
151 20 Car -1 -1 -1 382.66 176.39 433.98 201.21 -1 -1 -1 -1000 -1000 -1000 -10 1
153 20 Car -1 -1 -1 337.90 176.07 414.91 207.42 -1 -1 -1 -1000 -1000 -1000 -10 1
154 27 Car -1 -1 -1 686.01 169.99 755.02 198.47 -1 -1 -1 -1000 -1000 -1000 -10 1
154 20 Car -1 -1 -1 278.62 179.15 361.80 210.49 -1 -1 -1 -1000 -1000 -1000 -10 1
155 28 Car -1 -1 -1 607.18 171.35 672.56 199.84 -1 -1 -1 -1000 -1000 -1000 -10 1
155 27 Car -1 -1 -1 693.74 170.83 767.99 201.30 -1 -1 -1 -1000 -1000 -1000 -10 1
155 20 Car -1 -1 -1 204.69 184.68 298.99 217.05 -1 -1 -1 -1000 -1000 -1000 -10 1
156 30 Car -1 -1 -1 775.00 165.79 877.22 195.75 -1 -1 -1 -1000 -1000 -1000 -10 1
156 29 Car -1 -1 -1 375.84 178.22 431.40 204.61 -1 -1 -1 -1000 -1000 -1000 -10 1
156 28 Car -1 -1 -1 612.41 170.57 678.91 201.11 -1 -1 -1 -1000 -1000 -1000 -10 1
156 27 Car -1 -1 -1 698.82 168.77 778.69 201.57 -1 -1 -1 -1000 -1000 -1000 -10 1
156 20 Car -1 -1 -1 126.11 187.00 234.33 220.28 -1 -1 -1 -1000 -1000 -1000 -10 1
157 30 Car -1 -1 -1 795.78 162.48 895.16 192.48 -1 -1 -1 -1000 -1000 -1000 -10 1
157 29 Car -1 -1 -1 370.74 177.69 427.67 204.12 -1 -1 -1 -1000 -1000 -1000 -10 1
157 28 Car -1 -1 -1 611.95 169.62 682.83 201.25 -1 -1 -1 -1000 -1000 -1000 -10 1
157 27 Car -1 -1 -1 705.67 167.13 787.67 201.05 -1 -1 -1 -1000 -1000 -1000 -10 1
158 30 Car -1 -1 -1 812.80 159.89 924.16 193.95 -1 -1 -1 -1000 -1000 -1000 -10 1
158 29 Car -1 -1 -1 366.89 177.41 425.67 203.94 -1 -1 -1 -1000 -1000 -1000 -10 1
158 28 Car -1 -1 -1 614.93 169.42 701.88 201.95 -1 -1 -1 -1000 -1000 -1000 -10 1
158 27 Car -1 -1 -1 716.54 165.53 799.31 200.23 -1 -1 -1 -1000 -1000 -1000 -10 1
159 30 Car -1 -1 -1 826.10 156.88 937.30 191.57 -1 -1 -1 -1000 -1000 -1000 -10 1
159 29 Car -1 -1 -1 361.53 176.22 423.77 203.83 -1 -1 -1 -1000 -1000 -1000 -10 1
159 28 Car -1 -1 -1 615.57 169.33 712.22 201.51 -1 -1 -1 -1000 -1000 -1000 -10 1
159 27 Car -1 -1 -1 725.76 165.78 808.99 198.77 -1 -1 -1 -1000 -1000 -1000 -10 1
160 30 Car -1 -1 -1 831.43 154.56 948.88 190.50 -1 -1 -1 -1000 -1000 -1000 -10 1
160 29 Car -1 -1 -1 351.90 174.69 418.04 204.93 -1 -1 -1 -1000 -1000 -1000 -10 1
160 28 Car -1 -1 -1 613.85 168.82 719.16 201.19 -1 -1 -1 -1000 -1000 -1000 -10 1
160 27 Car -1 -1 -1 738.48 163.02 822.56 195.29 -1 -1 -1 -1000 -1000 -1000 -10 1
161 30 Car -1 -1 -1 840.67 154.10 962.65 189.38 -1 -1 -1 -1000 -1000 -1000 -10 1
161 29 Car -1 -1 -1 346.44 175.19 414.17 205.97 -1 -1 -1 -1000 -1000 -1000 -10 1
161 28 Car -1 -1 -1 611.45 169.28 726.05 201.63 -1 -1 -1 -1000 -1000 -1000 -10 1
161 27 Car -1 -1 -1 745.13 163.81 830.06 195.93 -1 -1 -1 -1000 -1000 -1000 -10 1
162 34 Car -1 -1 -1 1152.94 142.28 1247.07 180.48 -1 -1 -1 -1000 -1000 -1000 -10 1
162 30 Car -1 -1 -1 847.35 158.09 966.58 192.58 -1 -1 -1 -1000 -1000 -1000 -10 1
162 29 Car -1 -1 -1 337.60 176.24 407.87 207.65 -1 -1 -1 -1000 -1000 -1000 -10 1
162 28 Car -1 -1 -1 609.93 169.78 727.43 203.42 -1 -1 -1 -1000 -1000 -1000 -10 1
162 27 Car -1 -1 -1 746.60 165.47 832.81 200.50 -1 -1 -1 -1000 -1000 -1000 -10 1
163 30 Car -1 -1 -1 859.53 158.90 982.96 194.73 -1 -1 -1 -1000 -1000 -1000 -10 1
163 29 Car -1 -1 -1 330.13 179.82 400.26 212.73 -1 -1 -1 -1000 -1000 -1000 -10 1
163 28 Car -1 -1 -1 622.61 167.80 726.88 203.27 -1 -1 -1 -1000 -1000 -1000 -10 1
163 27 Car -1 -1 -1 756.74 166.25 851.96 202.03 -1 -1 -1 -1000 -1000 -1000 -10 1
164 32 Car -1 -1 -1 1111.26 144.89 1250.03 188.75 -1 -1 -1 -1000 -1000 -1000 -10 1
164 30 Car -1 -1 -1 867.91 157.91 993.01 193.90 -1 -1 -1 -1000 -1000 -1000 -10 1
164 29 Car -1 -1 -1 323.39 177.02 400.39 212.76 -1 -1 -1 -1000 -1000 -1000 -10 1
164 28 Car -1 -1 -1 625.02 167.50 729.51 205.26 -1 -1 -1 -1000 -1000 -1000 -10 1
164 27 Car -1 -1 -1 761.06 166.15 862.53 201.82 -1 -1 -1 -1000 -1000 -1000 -10 1
165 36 Car -1 -1 -1 539.06 161.85 632.51 199.33 -1 -1 -1 -1000 -1000 -1000 -10 1
165 30 Car -1 -1 -1 880.46 156.42 1011.82 193.36 -1 -1 -1 -1000 -1000 -1000 -10 1
165 29 Car -1 -1 -1 310.85 174.27 398.58 210.39 -1 -1 -1 -1000 -1000 -1000 -10 1
165 28 Car -1 -1 -1 622.31 167.08 734.18 206.83 -1 -1 -1 -1000 -1000 -1000 -10 1
165 27 Car -1 -1 -1 763.04 165.04 871.96 201.54 -1 -1 -1 -1000 -1000 -1000 -10 1
166 37 Car -1 -1 -1 1154.07 151.18 1256.89 199.09 -1 -1 -1 -1000 -1000 -1000 -10 1
166 36 Car -1 -1 -1 538.62 162.83 637.90 200.06 -1 -1 -1 -1000 -1000 -1000 -10 1
166 30 Car -1 -1 -1 886.07 155.88 1024.55 192.94 -1 -1 -1 -1000 -1000 -1000 -10 1
166 28 Car -1 -1 -1 619.99 166.50 739.83 206.98 -1 -1 -1 -1000 -1000 -1000 -10 1
166 27 Car -1 -1 -1 765.43 164.29 882.02 201.65 -1 -1 -1 -1000 -1000 -1000 -10 1
167 36 Car -1 -1 -1 536.50 164.46 637.49 201.20 -1 -1 -1 -1000 -1000 -1000 -10 1
167 30 Car -1 -1 -1 896.90 155.08 1037.38 193.58 -1 -1 -1 -1000 -1000 -1000 -10 1
167 28 Car -1 -1 -1 619.74 165.99 743.83 208.12 -1 -1 -1 -1000 -1000 -1000 -10 1
167 27 Car -1 -1 -1 766.15 164.64 891.28 203.37 -1 -1 -1 -1000 -1000 -1000 -10 1
168 36 Car -1 -1 -1 532.47 167.10 634.09 203.24 -1 -1 -1 -1000 -1000 -1000 -10 1
168 30 Car -1 -1 -1 903.28 159.39 1047.72 199.84 -1 -1 -1 -1000 -1000 -1000 -10 1
168 28 Car -1 -1 -1 616.40 167.39 742.48 208.14 -1 -1 -1 -1000 -1000 -1000 -10 1
168 27 Car -1 -1 -1 765.57 165.59 897.12 206.05 -1 -1 -1 -1000 -1000 -1000 -10 1
169 36 Car -1 -1 -1 529.49 167.12 635.13 204.26 -1 -1 -1 -1000 -1000 -1000 -10 1
169 30 Car -1 -1 -1 915.81 158.20 1061.05 201.96 -1 -1 -1 -1000 -1000 -1000 -10 1
169 28 Car -1 -1 -1 612.00 168.78 745.63 208.40 -1 -1 -1 -1000 -1000 -1000 -10 1
169 27 Car -1 -1 -1 767.46 165.53 902.04 206.33 -1 -1 -1 -1000 -1000 -1000 -10 1
170 36 Car -1 -1 -1 524.60 166.22 635.11 204.77 -1 -1 -1 -1000 -1000 -1000 -10 1
170 30 Car -1 -1 -1 924.41 158.61 1073.05 203.01 -1 -1 -1 -1000 -1000 -1000 -10 1
170 28 Car -1 -1 -1 607.15 169.01 748.25 209.05 -1 -1 -1 -1000 -1000 -1000 -10 1
170 27 Car -1 -1 -1 775.63 165.28 910.27 207.81 -1 -1 -1 -1000 -1000 -1000 -10 1
171 36 Car -1 -1 -1 518.38 166.47 625.73 203.36 -1 -1 -1 -1000 -1000 -1000 -10 1
171 30 Car -1 -1 -1 925.19 156.68 1078.07 202.85 -1 -1 -1 -1000 -1000 -1000 -10 1
171 28 Car -1 -1 -1 605.47 168.35 752.45 209.00 -1 -1 -1 -1000 -1000 -1000 -10 1
171 27 Car -1 -1 -1 783.09 164.24 922.68 208.57 -1 -1 -1 -1000 -1000 -1000 -10 1
172 41 Car -1 -1 -1 1088.67 137.59 1239.08 200.69 -1 -1 -1 -1000 -1000 -1000 -10 1
172 36 Car -1 -1 -1 516.42 166.94 622.65 204.06 -1 -1 -1 -1000 -1000 -1000 -10 1
172 30 Car -1 -1 -1 940.10 155.83 1092.87 203.11 -1 -1 -1 -1000 -1000 -1000 -10 1
172 28 Car -1 -1 -1 603.95 169.09 756.48 210.98 -1 -1 -1 -1000 -1000 -1000 -10 1
172 27 Car -1 -1 -1 784.23 164.29 928.10 209.80 -1 -1 -1 -1000 -1000 -1000 -10 1
173 41 Car -1 -1 -1 1113.31 143.55 1248.44 200.51 -1 -1 -1 -1000 -1000 -1000 -10 1
173 36 Car -1 -1 -1 514.79 167.18 621.13 204.07 -1 -1 -1 -1000 -1000 -1000 -10 1
173 30 Car -1 -1 -1 949.29 155.24 1106.88 204.52 -1 -1 -1 -1000 -1000 -1000 -10 1
173 28 Car -1 -1 -1 603.29 168.43 760.53 212.40 -1 -1 -1 -1000 -1000 -1000 -10 1
173 27 Car -1 -1 -1 784.50 164.56 929.89 210.35 -1 -1 -1 -1000 -1000 -1000 -10 1
174 41 Car -1 -1 -1 1122.55 145.42 1253.14 199.70 -1 -1 -1 -1000 -1000 -1000 -10 1
174 36 Car -1 -1 -1 513.26 166.13 619.89 203.54 -1 -1 -1 -1000 -1000 -1000 -10 1
174 30 Car -1 -1 -1 955.91 151.38 1122.23 206.42 -1 -1 -1 -1000 -1000 -1000 -10 1
174 28 Car -1 -1 -1 603.96 167.60 764.06 213.15 -1 -1 -1 -1000 -1000 -1000 -10 1
174 27 Car -1 -1 -1 797.19 162.54 943.23 211.54 -1 -1 -1 -1000 -1000 -1000 -10 1
175 41 Car -1 -1 -1 1124.11 147.54 1252.41 199.03 -1 -1 -1 -1000 -1000 -1000 -10 1
175 36 Car -1 -1 -1 512.97 166.48 621.55 203.85 -1 -1 -1 -1000 -1000 -1000 -10 1
175 30 Car -1 -1 -1 971.29 153.48 1139.21 207.13 -1 -1 -1 -1000 -1000 -1000 -10 1
175 28 Car -1 -1 -1 603.48 167.59 765.93 214.53 -1 -1 -1 -1000 -1000 -1000 -10 1
175 27 Car -1 -1 -1 802.30 160.80 952.07 211.30 -1 -1 -1 -1000 -1000 -1000 -10 1
176 41 Car -1 -1 -1 1130.18 149.06 1252.57 200.78 -1 -1 -1 -1000 -1000 -1000 -10 1
176 36 Car -1 -1 -1 512.03 166.23 624.40 204.65 -1 -1 -1 -1000 -1000 -1000 -10 1
176 30 Car -1 -1 -1 985.62 153.21 1164.89 209.88 -1 -1 -1 -1000 -1000 -1000 -10 1
176 28 Car -1 -1 -1 607.17 167.01 773.34 218.08 -1 -1 -1 -1000 -1000 -1000 -10 1
176 27 Car -1 -1 -1 812.18 160.02 962.50 211.40 -1 -1 -1 -1000 -1000 -1000 -10 1
177 36 Car -1 -1 -1 517.05 166.49 631.50 206.29 -1 -1 -1 -1000 -1000 -1000 -10 1
177 30 Car -1 -1 -1 997.89 154.47 1183.10 214.03 -1 -1 -1 -1000 -1000 -1000 -10 1
177 28 Car -1 -1 -1 613.63 167.04 785.44 222.30 -1 -1 -1 -1000 -1000 -1000 -10 1
177 27 Car -1 -1 -1 823.24 161.13 980.57 214.47 -1 -1 -1 -1000 -1000 -1000 -10 1
178 36 Car -1 -1 -1 523.34 165.38 641.40 206.70 -1 -1 -1 -1000 -1000 -1000 -10 1
178 30 Car -1 -1 -1 1023.16 151.17 1212.76 213.92 -1 -1 -1 -1000 -1000 -1000 -10 1
178 28 Car -1 -1 -1 624.02 169.65 795.59 223.59 -1 -1 -1 -1000 -1000 -1000 -10 1
178 27 Car -1 -1 -1 839.79 163.34 1005.53 218.26 -1 -1 -1 -1000 -1000 -1000 -10 1
179 36 Car -1 -1 -1 532.08 165.43 654.00 207.39 -1 -1 -1 -1000 -1000 -1000 -10 1
179 30 Car -1 -1 -1 1044.35 152.06 1234.67 216.22 -1 -1 -1 -1000 -1000 -1000 -10 1
179 28 Car -1 -1 -1 637.38 167.46 813.66 224.89 -1 -1 -1 -1000 -1000 -1000 -10 1
179 27 Car -1 -1 -1 855.70 164.01 1029.55 222.36 -1 -1 -1 -1000 -1000 -1000 -10 1
180 36 Car -1 -1 -1 547.61 163.59 662.64 207.15 -1 -1 -1 -1000 -1000 -1000 -10 1
180 30 Car -1 -1 -1 1066.05 151.77 1249.79 219.33 -1 -1 -1 -1000 -1000 -1000 -10 1
180 28 Car -1 -1 -1 648.71 165.77 830.04 227.26 -1 -1 -1 -1000 -1000 -1000 -10 1
180 27 Car -1 -1 -1 873.21 164.68 1054.11 224.23 -1 -1 -1 -1000 -1000 -1000 -10 1
181 36 Car -1 -1 -1 558.20 165.50 671.39 208.12 -1 -1 -1 -1000 -1000 -1000 -10 1
181 30 Car -1 -1 -1 1082.66 149.98 1255.06 220.01 -1 -1 -1 -1000 -1000 -1000 -10 1
181 28 Car -1 -1 -1 664.87 166.64 849.06 229.62 -1 -1 -1 -1000 -1000 -1000 -10 1
181 27 Car -1 -1 -1 891.61 166.14 1079.06 228.94 -1 -1 -1 -1000 -1000 -1000 -10 1
182 36 Car -1 -1 -1 574.61 164.54 688.86 209.08 -1 -1 -1 -1000 -1000 -1000 -10 1
182 30 Car -1 -1 -1 1103.07 149.41 1256.93 222.67 -1 -1 -1 -1000 -1000 -1000 -10 1
182 28 Car -1 -1 -1 675.50 169.32 864.94 231.17 -1 -1 -1 -1000 -1000 -1000 -10 1
182 27 Car -1 -1 -1 912.43 166.32 1103.66 227.37 -1 -1 -1 -1000 -1000 -1000 -10 1
183 36 Car -1 -1 -1 578.06 164.33 691.43 209.17 -1 -1 -1 -1000 -1000 -1000 -10 1
183 30 Car -1 -1 -1 1118.89 151.73 1262.58 226.27 -1 -1 -1 -1000 -1000 -1000 -10 1
183 28 Car -1 -1 -1 681.95 166.31 878.29 230.79 -1 -1 -1 -1000 -1000 -1000 -10 1
183 27 Car -1 -1 -1 927.22 167.09 1124.44 229.94 -1 -1 -1 -1000 -1000 -1000 -10 1
184 36 Car -1 -1 -1 582.49 165.04 693.97 209.48 -1 -1 -1 -1000 -1000 -1000 -10 1
184 30 Car -1 -1 -1 1130.41 154.69 1262.25 226.72 -1 -1 -1 -1000 -1000 -1000 -10 1
184 28 Car -1 -1 -1 683.68 164.13 884.45 230.40 -1 -1 -1 -1000 -1000 -1000 -10 1
184 27 Car -1 -1 -1 932.83 165.89 1137.67 232.71 -1 -1 -1 -1000 -1000 -1000 -10 1
185 47 Car -1 -1 -1 263.25 172.90 358.70 229.06 -1 -1 -1 -1000 -1000 -1000 -10 1
185 36 Car -1 -1 -1 586.28 165.95 695.45 209.92 -1 -1 -1 -1000 -1000 -1000 -10 1
185 30 Car -1 -1 -1 1135.29 165.90 1258.35 230.45 -1 -1 -1 -1000 -1000 -1000 -10 1
185 28 Car -1 -1 -1 687.20 163.86 892.63 232.19 -1 -1 -1 -1000 -1000 -1000 -10 1
185 27 Car -1 -1 -1 939.66 165.65 1149.02 234.33 -1 -1 -1 -1000 -1000 -1000 -10 1
186 36 Car -1 -1 -1 589.17 167.41 697.41 210.71 -1 -1 -1 -1000 -1000 -1000 -10 1
186 30 Car -1 -1 -1 1151.88 165.68 1253.01 231.77 -1 -1 -1 -1000 -1000 -1000 -10 1
186 28 Car -1 -1 -1 690.84 165.45 897.58 234.68 -1 -1 -1 -1000 -1000 -1000 -10 1
186 27 Car -1 -1 -1 943.22 165.74 1154.28 234.17 -1 -1 -1 -1000 -1000 -1000 -10 1
187 36 Car -1 -1 -1 590.97 168.63 698.39 211.91 -1 -1 -1 -1000 -1000 -1000 -10 1
187 30 Car -1 -1 -1 1158.43 164.16 1247.95 232.40 -1 -1 -1 -1000 -1000 -1000 -10 1
187 28 Car -1 -1 -1 690.51 165.28 900.34 234.93 -1 -1 -1 -1000 -1000 -1000 -10 1
187 27 Car -1 -1 -1 943.61 166.46 1153.62 233.10 -1 -1 -1 -1000 -1000 -1000 -10 1
188 36 Car -1 -1 -1 591.09 168.51 700.29 212.62 -1 -1 -1 -1000 -1000 -1000 -10 1
188 30 Car -1 -1 -1 1160.89 163.53 1244.07 233.14 -1 -1 -1 -1000 -1000 -1000 -10 1
188 28 Car -1 -1 -1 690.40 165.16 900.93 235.29 -1 -1 -1 -1000 -1000 -1000 -10 1
188 27 Car -1 -1 -1 943.32 166.75 1153.13 232.36 -1 -1 -1 -1000 -1000 -1000 -10 1
189 36 Car -1 -1 -1 590.25 170.61 697.82 214.44 -1 -1 -1 -1000 -1000 -1000 -10 1
189 30 Car -1 -1 -1 1160.50 162.39 1241.47 233.77 -1 -1 -1 -1000 -1000 -1000 -10 1
189 28 Car -1 -1 -1 691.09 166.22 899.53 236.67 -1 -1 -1 -1000 -1000 -1000 -10 1
189 27 Car -1 -1 -1 942.61 167.95 1152.21 233.00 -1 -1 -1 -1000 -1000 -1000 -10 1
190 36 Car -1 -1 -1 589.63 170.63 696.26 214.62 -1 -1 -1 -1000 -1000 -1000 -10 1
190 30 Car -1 -1 -1 1159.74 161.96 1240.28 233.91 -1 -1 -1 -1000 -1000 -1000 -10 1
190 28 Car -1 -1 -1 691.59 166.06 897.31 236.62 -1 -1 -1 -1000 -1000 -1000 -10 1
190 27 Car -1 -1 -1 942.13 167.93 1150.54 233.29 -1 -1 -1 -1000 -1000 -1000 -10 1
191 36 Car -1 -1 -1 589.44 170.59 694.88 214.37 -1 -1 -1 -1000 -1000 -1000 -10 1
191 30 Car -1 -1 -1 1159.33 160.54 1239.77 233.86 -1 -1 -1 -1000 -1000 -1000 -10 1
191 28 Car -1 -1 -1 692.22 166.21 896.62 236.84 -1 -1 -1 -1000 -1000 -1000 -10 1
191 27 Car -1 -1 -1 942.40 167.68 1151.17 232.98 -1 -1 -1 -1000 -1000 -1000 -10 1
192 36 Car -1 -1 -1 590.81 171.26 694.61 214.97 -1 -1 -1 -1000 -1000 -1000 -10 1
192 30 Car -1 -1 -1 1159.12 160.11 1239.41 233.92 -1 -1 -1 -1000 -1000 -1000 -10 1
192 28 Car -1 -1 -1 692.01 166.34 895.63 236.90 -1 -1 -1 -1000 -1000 -1000 -10 1
192 27 Car -1 -1 -1 942.00 167.75 1150.83 232.99 -1 -1 -1 -1000 -1000 -1000 -10 1
193 36 Car -1 -1 -1 589.47 169.77 693.90 214.13 -1 -1 -1 -1000 -1000 -1000 -10 1
193 30 Car -1 -1 -1 1159.14 160.76 1239.41 234.42 -1 -1 -1 -1000 -1000 -1000 -10 1
193 28 Car -1 -1 -1 692.32 166.02 895.47 236.58 -1 -1 -1 -1000 -1000 -1000 -10 1
193 27 Car -1 -1 -1 941.33 167.89 1150.57 232.88 -1 -1 -1 -1000 -1000 -1000 -10 1
194 36 Car -1 -1 -1 589.01 168.88 694.62 214.00 -1 -1 -1 -1000 -1000 -1000 -10 1
194 30 Car -1 -1 -1 1158.97 160.31 1239.37 234.44 -1 -1 -1 -1000 -1000 -1000 -10 1
194 28 Car -1 -1 -1 692.50 166.08 895.00 236.75 -1 -1 -1 -1000 -1000 -1000 -10 1
194 27 Car -1 -1 -1 941.24 168.05 1150.48 233.19 -1 -1 -1 -1000 -1000 -1000 -10 1
195 36 Car -1 -1 -1 588.70 168.55 694.73 213.94 -1 -1 -1 -1000 -1000 -1000 -10 1
195 30 Car -1 -1 -1 1158.79 159.90 1239.08 234.10 -1 -1 -1 -1000 -1000 -1000 -10 1
195 28 Car -1 -1 -1 692.63 165.72 894.78 236.35 -1 -1 -1 -1000 -1000 -1000 -10 1
195 27 Car -1 -1 -1 941.17 167.82 1150.46 233.12 -1 -1 -1 -1000 -1000 -1000 -10 1
196 36 Car -1 -1 -1 588.75 168.80 693.04 214.26 -1 -1 -1 -1000 -1000 -1000 -10 1
196 30 Car -1 -1 -1 1158.66 159.46 1238.94 233.95 -1 -1 -1 -1000 -1000 -1000 -10 1
196 28 Car -1 -1 -1 692.54 166.19 894.68 236.92 -1 -1 -1 -1000 -1000 -1000 -10 1
196 27 Car -1 -1 -1 940.98 168.00 1150.57 233.16 -1 -1 -1 -1000 -1000 -1000 -10 1
197 36 Car -1 -1 -1 584.19 169.58 687.87 215.71 -1 -1 -1 -1000 -1000 -1000 -10 1
197 30 Car -1 -1 -1 1158.44 159.61 1238.73 233.29 -1 -1 -1 -1000 -1000 -1000 -10 1
197 28 Car -1 -1 -1 692.64 166.33 894.93 237.03 -1 -1 -1 -1000 -1000 -1000 -10 1
197 27 Car -1 -1 -1 940.89 168.21 1150.73 233.37 -1 -1 -1 -1000 -1000 -1000 -10 1
198 49 Car -1 -1 -1 512.99 139.92 1001.43 371.41 -1 -1 -1 -1000 -1000 -1000 -10 1
198 30 Car -1 -1 -1 1157.78 164.26 1240.84 234.08 -1 -1 -1 -1000 -1000 -1000 -10 1
198 27 Car -1 -1 -1 947.81 167.15 1162.07 235.41 -1 -1 -1 -1000 -1000 -1000 -10 1
199 49 Car -1 -1 -1 874.41 149.77 1321.40 377.78 -1 -1 -1 -1000 -1000 -1000 -10 1
200 50 Car -1 -1 -1 589.57 169.31 690.41 214.13 -1 -1 -1 -1000 -1000 -1000 -10 1
200 28 Car -1 -1 -1 692.81 166.78 893.85 236.66 -1 -1 -1 -1000 -1000 -1000 -10 1
200 27 Car -1 -1 -1 939.64 167.45 1150.78 236.18 -1 -1 -1 -1000 -1000 -1000 -10 1
201 50 Car -1 -1 -1 589.43 169.26 691.96 214.54 -1 -1 -1 -1000 -1000 -1000 -10 1
201 28 Car -1 -1 -1 692.47 166.47 893.60 236.72 -1 -1 -1 -1000 -1000 -1000 -10 1
201 27 Car -1 -1 -1 940.27 166.69 1151.11 233.95 -1 -1 -1 -1000 -1000 -1000 -10 1
202 52 Car -1 -1 -1 1157.63 159.69 1238.73 234.12 -1 -1 -1 -1000 -1000 -1000 -10 1
202 50 Car -1 -1 -1 588.82 168.60 692.87 214.31 -1 -1 -1 -1000 -1000 -1000 -10 1
202 28 Car -1 -1 -1 693.10 166.38 893.88 236.67 -1 -1 -1 -1000 -1000 -1000 -10 1
202 27 Car -1 -1 -1 940.63 167.05 1150.63 233.19 -1 -1 -1 -1000 -1000 -1000 -10 1
203 52 Car -1 -1 -1 1158.27 160.61 1238.90 234.08 -1 -1 -1 -1000 -1000 -1000 -10 1
203 50 Car -1 -1 -1 588.84 168.40 693.37 214.17 -1 -1 -1 -1000 -1000 -1000 -10 1
203 28 Car -1 -1 -1 692.90 166.03 893.40 236.46 -1 -1 -1 -1000 -1000 -1000 -10 1
203 27 Car -1 -1 -1 940.30 167.76 1149.94 233.34 -1 -1 -1 -1000 -1000 -1000 -10 1
204 52 Car -1 -1 -1 1158.73 159.72 1238.69 233.62 -1 -1 -1 -1000 -1000 -1000 -10 1
204 50 Car -1 -1 -1 588.46 168.30 692.96 214.04 -1 -1 -1 -1000 -1000 -1000 -10 1
204 28 Car -1 -1 -1 692.82 166.13 893.53 236.57 -1 -1 -1 -1000 -1000 -1000 -10 1
204 27 Car -1 -1 -1 940.41 167.76 1149.71 233.32 -1 -1 -1 -1000 -1000 -1000 -10 1
205 52 Car -1 -1 -1 1158.47 160.58 1238.40 233.63 -1 -1 -1 -1000 -1000 -1000 -10 1
205 50 Car -1 -1 -1 588.20 167.98 693.44 213.96 -1 -1 -1 -1000 -1000 -1000 -10 1
205 28 Car -1 -1 -1 692.74 166.04 893.77 236.57 -1 -1 -1 -1000 -1000 -1000 -10 1
205 27 Car -1 -1 -1 940.56 167.45 1150.04 232.92 -1 -1 -1 -1000 -1000 -1000 -10 1
206 52 Car -1 -1 -1 1158.47 160.91 1238.44 233.67 -1 -1 -1 -1000 -1000 -1000 -10 1
206 50 Car -1 -1 -1 588.43 167.84 693.72 213.95 -1 -1 -1 -1000 -1000 -1000 -10 1
206 28 Car -1 -1 -1 692.53 165.87 893.45 236.40 -1 -1 -1 -1000 -1000 -1000 -10 1
206 27 Car -1 -1 -1 940.50 167.93 1149.11 233.08 -1 -1 -1 -1000 -1000 -1000 -10 1
207 52 Car -1 -1 -1 1158.47 160.30 1238.36 233.46 -1 -1 -1 -1000 -1000 -1000 -10 1
207 50 Car -1 -1 -1 588.24 168.10 693.29 214.10 -1 -1 -1 -1000 -1000 -1000 -10 1
207 28 Car -1 -1 -1 693.11 165.96 894.08 236.49 -1 -1 -1 -1000 -1000 -1000 -10 1
207 27 Car -1 -1 -1 941.05 167.98 1149.02 233.13 -1 -1 -1 -1000 -1000 -1000 -10 1
208 52 Car -1 -1 -1 1158.71 160.11 1238.46 233.54 -1 -1 -1 -1000 -1000 -1000 -10 1
208 50 Car -1 -1 -1 588.25 168.24 692.73 213.99 -1 -1 -1 -1000 -1000 -1000 -10 1
208 28 Car -1 -1 -1 693.12 166.15 893.75 236.57 -1 -1 -1 -1000 -1000 -1000 -10 1
208 27 Car -1 -1 -1 941.26 167.86 1149.49 232.86 -1 -1 -1 -1000 -1000 -1000 -10 1
209 52 Car -1 -1 -1 1158.97 161.33 1238.50 234.27 -1 -1 -1 -1000 -1000 -1000 -10 1
209 50 Car -1 -1 -1 588.60 168.35 693.00 214.04 -1 -1 -1 -1000 -1000 -1000 -10 1
209 28 Car -1 -1 -1 692.85 166.11 893.66 236.51 -1 -1 -1 -1000 -1000 -1000 -10 1
209 27 Car -1 -1 -1 940.84 168.05 1149.12 232.81 -1 -1 -1 -1000 -1000 -1000 -10 1
210 52 Car -1 -1 -1 1159.01 161.14 1238.30 233.95 -1 -1 -1 -1000 -1000 -1000 -10 1
210 50 Car -1 -1 -1 588.59 168.29 692.39 213.86 -1 -1 -1 -1000 -1000 -1000 -10 1
210 28 Car -1 -1 -1 692.62 165.99 893.64 236.49 -1 -1 -1 -1000 -1000 -1000 -10 1
210 27 Car -1 -1 -1 941.03 167.99 1149.19 232.68 -1 -1 -1 -1000 -1000 -1000 -10 1
211 52 Car -1 -1 -1 1159.28 160.74 1238.19 233.76 -1 -1 -1 -1000 -1000 -1000 -10 1
211 50 Car -1 -1 -1 588.93 168.18 693.44 213.94 -1 -1 -1 -1000 -1000 -1000 -10 1
211 28 Car -1 -1 -1 692.97 165.90 893.74 236.55 -1 -1 -1 -1000 -1000 -1000 -10 1
211 27 Car -1 -1 -1 940.98 168.04 1149.16 232.67 -1 -1 -1 -1000 -1000 -1000 -10 1
212 52 Car -1 -1 -1 1120.79 157.38 1227.19 248.76 -1 -1 -1 -1000 -1000 -1000 -10 1
212 50 Car -1 -1 -1 588.60 168.35 693.37 214.09 -1 -1 -1 -1000 -1000 -1000 -10 1
212 28 Car -1 -1 -1 693.01 166.03 893.27 236.46 -1 -1 -1 -1000 -1000 -1000 -10 1
212 27 Car -1 -1 -1 939.12 168.13 1144.02 232.44 -1 -1 -1 -1000 -1000 -1000 -10 1
213 50 Car -1 -1 -1 588.58 168.24 693.40 213.99 -1 -1 -1 -1000 -1000 -1000 -10 1
213 28 Car -1 -1 -1 693.03 165.98 893.49 236.42 -1 -1 -1 -1000 -1000 -1000 -10 1
213 27 Car -1 -1 -1 945.18 169.06 1174.34 241.61 -1 -1 -1 -1000 -1000 -1000 -10 1
214 50 Car -1 -1 -1 587.92 168.32 692.26 213.99 -1 -1 -1 -1000 -1000 -1000 -10 1
214 28 Car -1 -1 -1 698.59 171.73 898.44 241.09 -1 -1 -1 -1000 -1000 -1000 -10 1
214 27 Car -1 -1 -1 938.96 163.45 1167.67 239.90 -1 -1 -1 -1000 -1000 -1000 -10 1
215 55 Car -1 -1 -1 1159.72 161.19 1239.09 234.88 -1 -1 -1 -1000 -1000 -1000 -10 1
215 50 Car -1 -1 -1 587.40 166.24 691.18 212.12 -1 -1 -1 -1000 -1000 -1000 -10 1
215 28 Car -1 -1 -1 673.25 171.30 904.64 252.89 -1 -1 -1 -1000 -1000 -1000 -10 1
215 27 Car -1 -1 -1 939.16 163.81 1160.96 236.86 -1 -1 -1 -1000 -1000 -1000 -10 1
216 55 Car -1 -1 -1 1158.86 160.47 1238.59 233.55 -1 -1 -1 -1000 -1000 -1000 -10 1
216 28 Car -1 -1 -1 694.71 167.23 904.05 240.25 -1 -1 -1 -1000 -1000 -1000 -10 1
216 27 Car -1 -1 -1 938.04 165.45 1153.82 234.88 -1 -1 -1 -1000 -1000 -1000 -10 1
217 57 Car -1 -1 -1 382.63 173.88 610.31 259.81 -1 -1 -1 -1000 -1000 -1000 -10 1
217 55 Car -1 -1 -1 1158.46 159.76 1238.62 233.55 -1 -1 -1 -1000 -1000 -1000 -10 1
217 28 Car -1 -1 -1 691.62 165.87 895.84 237.59 -1 -1 -1 -1000 -1000 -1000 -10 1
217 27 Car -1 -1 -1 938.81 166.24 1151.87 233.73 -1 -1 -1 -1000 -1000 -1000 -10 1
218 57 Car -1 -1 -1 250.84 174.20 482.00 260.23 -1 -1 -1 -1000 -1000 -1000 -10 1
218 55 Car -1 -1 -1 1158.55 159.45 1238.67 233.61 -1 -1 -1 -1000 -1000 -1000 -10 1
218 28 Car -1 -1 -1 692.02 165.45 894.12 236.72 -1 -1 -1 -1000 -1000 -1000 -10 1
218 27 Car -1 -1 -1 939.69 167.02 1150.99 233.43 -1 -1 -1 -1000 -1000 -1000 -10 1
219 58 Car -1 -1 -1 589.20 169.31 690.66 213.15 -1 -1 -1 -1000 -1000 -1000 -10 1
219 57 Car -1 -1 -1 122.59 182.85 350.72 262.58 -1 -1 -1 -1000 -1000 -1000 -10 1
219 55 Car -1 -1 -1 1158.44 160.22 1238.52 234.02 -1 -1 -1 -1000 -1000 -1000 -10 1
219 28 Car -1 -1 -1 692.56 165.65 893.60 236.63 -1 -1 -1 -1000 -1000 -1000 -10 1
219 27 Car -1 -1 -1 940.01 167.64 1150.52 233.21 -1 -1 -1 -1000 -1000 -1000 -10 1
220 58 Car -1 -1 -1 589.29 168.84 692.47 213.72 -1 -1 -1 -1000 -1000 -1000 -10 1
220 57 Car -1 -1 -1 2.06 183.08 241.00 264.26 -1 -1 -1 -1000 -1000 -1000 -10 1
220 55 Car -1 -1 -1 1158.88 159.99 1238.64 233.93 -1 -1 -1 -1000 -1000 -1000 -10 1
220 28 Car -1 -1 -1 692.63 165.87 893.16 236.43 -1 -1 -1 -1000 -1000 -1000 -10 1
220 27 Car -1 -1 -1 940.08 167.51 1150.07 232.85 -1 -1 -1 -1000 -1000 -1000 -10 1
221 58 Car -1 -1 -1 588.92 168.51 691.83 213.68 -1 -1 -1 -1000 -1000 -1000 -10 1
221 57 Car -1 -1 -1 -46.20 190.83 141.68 261.61 -1 -1 -1 -1000 -1000 -1000 -10 1
221 55 Car -1 -1 -1 1158.67 161.62 1238.18 233.94 -1 -1 -1 -1000 -1000 -1000 -10 1
221 28 Car -1 -1 -1 692.92 166.18 893.06 236.57 -1 -1 -1 -1000 -1000 -1000 -10 1
221 27 Car -1 -1 -1 940.31 168.02 1149.18 233.08 -1 -1 -1 -1000 -1000 -1000 -10 1
222 58 Car -1 -1 -1 589.11 168.62 692.68 213.89 -1 -1 -1 -1000 -1000 -1000 -10 1
222 55 Car -1 -1 -1 1158.05 161.08 1238.04 233.30 -1 -1 -1 -1000 -1000 -1000 -10 1
222 28 Car -1 -1 -1 693.15 165.81 893.40 236.36 -1 -1 -1 -1000 -1000 -1000 -10 1
222 27 Car -1 -1 -1 940.36 167.56 1148.83 232.44 -1 -1 -1 -1000 -1000 -1000 -10 1
223 58 Car -1 -1 -1 589.44 168.56 693.03 213.86 -1 -1 -1 -1000 -1000 -1000 -10 1
223 55 Car -1 -1 -1 1158.64 161.33 1237.96 232.77 -1 -1 -1 -1000 -1000 -1000 -10 1
223 28 Car -1 -1 -1 692.85 165.99 893.01 236.33 -1 -1 -1 -1000 -1000 -1000 -10 1
223 27 Car -1 -1 -1 940.49 167.54 1148.70 232.41 -1 -1 -1 -1000 -1000 -1000 -10 1
224 58 Car -1 -1 -1 589.72 168.50 693.87 214.02 -1 -1 -1 -1000 -1000 -1000 -10 1
224 55 Car -1 -1 -1 1147.14 164.59 1236.60 255.36 -1 -1 -1 -1000 -1000 -1000 -10 1
224 28 Car -1 -1 -1 693.06 165.86 893.03 236.07 -1 -1 -1 -1000 -1000 -1000 -10 1
224 27 Car -1 -1 -1 939.84 167.56 1148.21 232.33 -1 -1 -1 -1000 -1000 -1000 -10 1
225 58 Car -1 -1 -1 589.18 168.55 693.70 214.15 -1 -1 -1 -1000 -1000 -1000 -10 1
225 28 Car -1 -1 -1 693.06 166.18 893.19 236.13 -1 -1 -1 -1000 -1000 -1000 -10 1
225 27 Car -1 -1 -1 951.89 162.90 1183.21 240.14 -1 -1 -1 -1000 -1000 -1000 -10 1
226 58 Car -1 -1 -1 588.13 168.50 692.54 214.00 -1 -1 -1 -1000 -1000 -1000 -10 1
226 28 Car -1 -1 -1 699.22 170.52 903.30 240.47 -1 -1 -1 -1000 -1000 -1000 -10 1
226 27 Car -1 -1 -1 923.93 169.76 1201.74 264.64 -1 -1 -1 -1000 -1000 -1000 -10 1
227 58 Car -1 -1 -1 588.75 167.21 692.17 212.65 -1 -1 -1 -1000 -1000 -1000 -10 1
227 28 Car -1 -1 -1 659.80 171.45 909.34 249.90 -1 -1 -1 -1000 -1000 -1000 -10 1
227 27 Car -1 -1 -1 850.22 169.83 1154.79 277.19 -1 -1 -1 -1000 -1000 -1000 -10 1
228 61 Car -1 -1 -1 1163.94 164.39 1237.30 238.74 -1 -1 -1 -1000 -1000 -1000 -10 1
228 28 Car -1 -1 -1 686.03 170.05 914.41 247.13 -1 -1 -1 -1000 -1000 -1000 -10 1
228 27 Car -1 -1 -1 746.18 168.93 1065.72 282.39 -1 -1 -1 -1000 -1000 -1000 -10 1
229 64 Car -1 -1 -1 284.61 173.50 535.76 261.83 -1 -1 -1 -1000 -1000 -1000 -10 1
229 63 Car -1 -1 -1 943.76 166.33 1145.11 236.41 -1 -1 -1 -1000 -1000 -1000 -10 1
229 61 Car -1 -1 -1 1160.94 160.46 1235.73 232.60 -1 -1 -1 -1000 -1000 -1000 -10 1
229 27 Car -1 -1 -1 655.32 170.54 981.47 287.16 -1 -1 -1 -1000 -1000 -1000 -10 1
230 65 Car -1 -1 -1 586.86 168.22 696.43 214.96 -1 -1 -1 -1000 -1000 -1000 -10 1
230 64 Car -1 -1 -1 113.55 183.38 362.78 263.91 -1 -1 -1 -1000 -1000 -1000 -10 1
230 63 Car -1 -1 -1 942.59 167.80 1142.28 233.44 -1 -1 -1 -1000 -1000 -1000 -10 1
230 61 Car -1 -1 -1 1160.71 161.36 1236.14 232.19 -1 -1 -1 -1000 -1000 -1000 -10 1
230 27 Car -1 -1 -1 572.58 169.79 894.05 294.11 -1 -1 -1 -1000 -1000 -1000 -10 1
231 64 Car -1 -1 -1 -16.01 191.37 213.45 263.92 -1 -1 -1 -1000 -1000 -1000 -10 1
231 63 Car -1 -1 -1 942.41 167.88 1144.25 232.53 -1 -1 -1 -1000 -1000 -1000 -10 1
231 61 Car -1 -1 -1 1160.13 160.70 1236.54 232.00 -1 -1 -1 -1000 -1000 -1000 -10 1
231 27 Car -1 -1 -1 482.12 171.14 799.84 299.19 -1 -1 -1 -1000 -1000 -1000 -10 1
232 66 Car -1 -1 -1 702.68 167.55 887.40 236.98 -1 -1 -1 -1000 -1000 -1000 -10 1
232 64 Car -1 -1 -1 -58.57 199.50 86.83 262.77 -1 -1 -1 -1000 -1000 -1000 -10 1
232 63 Car -1 -1 -1 942.15 168.28 1144.94 231.96 -1 -1 -1 -1000 -1000 -1000 -10 1
232 61 Car -1 -1 -1 1159.69 161.04 1236.81 232.34 -1 -1 -1 -1000 -1000 -1000 -10 1
232 27 Car -1 -1 -1 393.61 173.64 720.02 308.21 -1 -1 -1 -1000 -1000 -1000 -10 1
233 66 Car -1 -1 -1 692.77 165.14 890.71 237.27 -1 -1 -1 -1000 -1000 -1000 -10 1
233 63 Car -1 -1 -1 941.89 168.17 1146.77 232.17 -1 -1 -1 -1000 -1000 -1000 -10 1
233 61 Car -1 -1 -1 1159.52 159.94 1237.14 231.93 -1 -1 -1 -1000 -1000 -1000 -10 1
233 27 Car -1 -1 -1 304.31 174.28 639.14 317.07 -1 -1 -1 -1000 -1000 -1000 -10 1
234 68 Car -1 -1 -1 588.30 168.94 696.17 214.50 -1 -1 -1 -1000 -1000 -1000 -10 1
234 66 Car -1 -1 -1 689.97 164.63 893.09 237.37 -1 -1 -1 -1000 -1000 -1000 -10 1
234 63 Car -1 -1 -1 941.76 167.98 1147.66 231.78 -1 -1 -1 -1000 -1000 -1000 -10 1
234 61 Car -1 -1 -1 1159.43 161.55 1237.35 232.57 -1 -1 -1 -1000 -1000 -1000 -10 1
234 27 Car -1 -1 -1 194.11 174.34 553.50 330.88 -1 -1 -1 -1000 -1000 -1000 -10 1
235 68 Car -1 -1 -1 590.53 169.97 692.56 213.69 -1 -1 -1 -1000 -1000 -1000 -10 1
235 66 Car -1 -1 -1 689.74 164.83 894.37 237.62 -1 -1 -1 -1000 -1000 -1000 -10 1
235 63 Car -1 -1 -1 941.66 168.34 1147.43 232.28 -1 -1 -1 -1000 -1000 -1000 -10 1
235 61 Car -1 -1 -1 1159.09 161.47 1237.65 232.52 -1 -1 -1 -1000 -1000 -1000 -10 1
235 27 Car -1 -1 -1 63.80 181.29 467.89 355.02 -1 -1 -1 -1000 -1000 -1000 -10 1
236 68 Car -1 -1 -1 590.67 169.35 690.79 212.66 -1 -1 -1 -1000 -1000 -1000 -10 1
236 66 Car -1 -1 -1 689.61 164.98 894.43 237.45 -1 -1 -1 -1000 -1000 -1000 -10 1
236 63 Car -1 -1 -1 941.45 168.12 1147.83 232.17 -1 -1 -1 -1000 -1000 -1000 -10 1
236 61 Car -1 -1 -1 1158.14 161.81 1237.09 231.80 -1 -1 -1 -1000 -1000 -1000 -10 1
236 27 Car -1 -1 -1 -13.49 182.39 391.24 365.86 -1 -1 -1 -1000 -1000 -1000 -10 1
237 68 Car -1 -1 -1 590.41 169.05 691.06 212.80 -1 -1 -1 -1000 -1000 -1000 -10 1
237 66 Car -1 -1 -1 690.00 165.18 894.95 237.23 -1 -1 -1 -1000 -1000 -1000 -10 1
237 63 Car -1 -1 -1 941.06 168.09 1146.95 232.46 -1 -1 -1 -1000 -1000 -1000 -10 1
237 61 Car -1 -1 -1 1152.92 169.40 1239.18 256.78 -1 -1 -1 -1000 -1000 -1000 -10 1
237 27 Car -1 -1 -1 -42.99 188.53 310.52 373.45 -1 -1 -1 -1000 -1000 -1000 -10 1
238 68 Car -1 -1 -1 590.19 168.79 691.53 212.89 -1 -1 -1 -1000 -1000 -1000 -10 1
238 66 Car -1 -1 -1 690.40 165.28 895.14 237.16 -1 -1 -1 -1000 -1000 -1000 -10 1
238 63 Car -1 -1 -1 939.45 168.94 1147.15 234.50 -1 -1 -1 -1000 -1000 -1000 -10 1
238 61 Car -1 -1 -1 1088.11 160.95 1227.25 270.19 -1 -1 -1 -1000 -1000 -1000 -10 1
238 27 Car -1 -1 -1 -59.36 187.91 211.88 372.83 -1 -1 -1 -1000 -1000 -1000 -10 1
239 68 Car -1 -1 -1 589.97 168.82 691.89 213.27 -1 -1 -1 -1000 -1000 -1000 -10 1
239 66 Car -1 -1 -1 690.82 165.38 894.58 236.90 -1 -1 -1 -1000 -1000 -1000 -10 1
239 63 Car -1 -1 -1 938.78 168.73 1145.21 234.51 -1 -1 -1 -1000 -1000 -1000 -10 1
239 61 Car -1 -1 -1 990.98 156.25 1199.55 268.54 -1 -1 -1 -1000 -1000 -1000 -10 1
240 68 Car -1 -1 -1 589.68 168.75 692.28 213.34 -1 -1 -1 -1000 -1000 -1000 -10 1
240 66 Car -1 -1 -1 691.67 165.51 895.05 236.71 -1 -1 -1 -1000 -1000 -1000 -10 1
240 61 Car -1 -1 -1 933.55 161.27 1205.89 280.02 -1 -1 -1 -1000 -1000 -1000 -10 1
241 68 Car -1 -1 -1 589.98 168.86 693.21 213.64 -1 -1 -1 -1000 -1000 -1000 -10 1
241 66 Car -1 -1 -1 690.75 165.44 897.00 237.10 -1 -1 -1 -1000 -1000 -1000 -10 1
241 61 Car -1 -1 -1 865.13 163.85 1196.15 280.42 -1 -1 -1 -1000 -1000 -1000 -10 1
242 68 Car -1 -1 -1 589.39 168.82 692.68 213.68 -1 -1 -1 -1000 -1000 -1000 -10 1
242 66 Car -1 -1 -1 691.90 166.80 907.36 242.09 -1 -1 -1 -1000 -1000 -1000 -10 1
242 61 Car -1 -1 -1 811.22 165.84 1161.94 284.54 -1 -1 -1 -1000 -1000 -1000 -10 1
243 73 Car -1 -1 -1 1158.23 160.79 1239.30 234.94 -1 -1 -1 -1000 -1000 -1000 -10 1
243 68 Car -1 -1 -1 589.02 168.73 691.93 213.69 -1 -1 -1 -1000 -1000 -1000 -10 1
243 66 Car -1 -1 -1 687.63 167.14 917.05 245.87 -1 -1 -1 -1000 -1000 -1000 -10 1
243 61 Car -1 -1 -1 758.80 166.24 1127.87 283.70 -1 -1 -1 -1000 -1000 -1000 -10 1
244 73 Car -1 -1 -1 1159.48 158.70 1239.13 233.46 -1 -1 -1 -1000 -1000 -1000 -10 1
244 68 Car -1 -1 -1 588.64 168.29 691.60 213.37 -1 -1 -1 -1000 -1000 -1000 -10 1
244 66 Car -1 -1 -1 687.33 168.93 917.81 244.51 -1 -1 -1 -1000 -1000 -1000 -10 1
244 61 Car -1 -1 -1 724.13 164.84 1099.20 280.40 -1 -1 -1 -1000 -1000 -1000 -10 1
245 74 Car -1 -1 -1 974.87 165.79 1158.08 236.38 -1 -1 -1 -1000 -1000 -1000 -10 1
245 73 Car -1 -1 -1 1160.02 159.71 1239.13 233.61 -1 -1 -1 -1000 -1000 -1000 -10 1
245 68 Car -1 -1 -1 588.03 167.32 691.99 212.72 -1 -1 -1 -1000 -1000 -1000 -10 1
245 66 Car -1 -1 -1 688.36 171.13 912.09 243.22 -1 -1 -1 -1000 -1000 -1000 -10 1
245 61 Car -1 -1 -1 699.95 167.96 1070.05 282.65 -1 -1 -1 -1000 -1000 -1000 -10 1
246 74 Car -1 -1 -1 981.34 163.65 1160.85 234.69 -1 -1 -1 -1000 -1000 -1000 -10 1
246 73 Car -1 -1 -1 1159.66 159.77 1238.79 233.66 -1 -1 -1 -1000 -1000 -1000 -10 1
246 68 Car -1 -1 -1 587.12 167.03 690.43 212.22 -1 -1 -1 -1000 -1000 -1000 -10 1
246 66 Car -1 -1 -1 693.10 169.87 906.48 239.90 -1 -1 -1 -1000 -1000 -1000 -10 1
246 61 Car -1 -1 -1 692.61 166.77 1062.41 285.17 -1 -1 -1 -1000 -1000 -1000 -10 1
247 74 Car -1 -1 -1 983.13 164.06 1160.78 234.66 -1 -1 -1 -1000 -1000 -1000 -10 1
247 73 Car -1 -1 -1 1159.81 160.18 1238.82 233.83 -1 -1 -1 -1000 -1000 -1000 -10 1
247 68 Car -1 -1 -1 586.65 167.81 688.61 212.46 -1 -1 -1 -1000 -1000 -1000 -10 1
247 61 Car -1 -1 -1 687.39 165.32 1053.99 287.23 -1 -1 -1 -1000 -1000 -1000 -10 1
248 74 Car -1 -1 -1 983.31 164.44 1160.93 234.96 -1 -1 -1 -1000 -1000 -1000 -10 1
248 73 Car -1 -1 -1 1160.36 159.82 1238.72 234.20 -1 -1 -1 -1000 -1000 -1000 -10 1
248 68 Car -1 -1 -1 586.26 167.66 686.93 212.00 -1 -1 -1 -1000 -1000 -1000 -10 1
248 61 Car -1 -1 -1 690.18 164.73 1053.22 288.07 -1 -1 -1 -1000 -1000 -1000 -10 1
249 74 Car -1 -1 -1 980.84 165.29 1161.88 236.10 -1 -1 -1 -1000 -1000 -1000 -10 1
249 73 Car -1 -1 -1 1160.03 159.86 1238.36 234.15 -1 -1 -1 -1000 -1000 -1000 -10 1
249 68 Car -1 -1 -1 586.95 167.72 686.71 212.10 -1 -1 -1 -1000 -1000 -1000 -10 1
249 61 Car -1 -1 -1 691.92 163.85 1053.19 287.81 -1 -1 -1 -1000 -1000 -1000 -10 1
250 74 Car -1 -1 -1 978.27 165.47 1162.59 236.51 -1 -1 -1 -1000 -1000 -1000 -10 1
250 73 Car -1 -1 -1 1162.16 166.72 1241.49 239.74 -1 -1 -1 -1000 -1000 -1000 -10 1
250 68 Car -1 -1 -1 586.17 167.68 685.40 212.05 -1 -1 -1 -1000 -1000 -1000 -10 1
250 61 Car -1 -1 -1 692.32 163.43 1052.79 287.61 -1 -1 -1 -1000 -1000 -1000 -10 1
251 74 Car -1 -1 -1 978.22 165.41 1163.50 236.35 -1 -1 -1 -1000 -1000 -1000 -10 1
251 73 Car -1 -1 -1 1160.17 160.62 1238.81 234.34 -1 -1 -1 -1000 -1000 -1000 -10 1
251 68 Car -1 -1 -1 586.67 167.84 685.53 212.15 -1 -1 -1 -1000 -1000 -1000 -10 1
251 61 Car -1 -1 -1 692.82 163.34 1052.57 287.38 -1 -1 -1 -1000 -1000 -1000 -10 1
252 74 Car -1 -1 -1 977.91 165.28 1164.31 236.23 -1 -1 -1 -1000 -1000 -1000 -10 1
252 73 Car -1 -1 -1 1161.79 164.78 1240.44 238.53 -1 -1 -1 -1000 -1000 -1000 -10 1
252 68 Car -1 -1 -1 586.90 167.66 685.91 212.02 -1 -1 -1 -1000 -1000 -1000 -10 1
252 61 Car -1 -1 -1 693.38 163.03 1052.79 287.05 -1 -1 -1 -1000 -1000 -1000 -10 1
253 74 Car -1 -1 -1 977.78 165.37 1163.74 236.35 -1 -1 -1 -1000 -1000 -1000 -10 1
253 73 Car -1 -1 -1 1161.05 162.68 1239.63 235.75 -1 -1 -1 -1000 -1000 -1000 -10 1
253 68 Car -1 -1 -1 586.91 167.68 685.66 211.99 -1 -1 -1 -1000 -1000 -1000 -10 1
253 61 Car -1 -1 -1 689.40 167.43 1054.58 287.05 -1 -1 -1 -1000 -1000 -1000 -10 1
254 74 Car -1 -1 -1 978.08 165.37 1164.35 236.24 -1 -1 -1 -1000 -1000 -1000 -10 1
254 73 Car -1 -1 -1 1160.07 162.39 1239.30 236.03 -1 -1 -1 -1000 -1000 -1000 -10 1
254 68 Car -1 -1 -1 587.22 167.74 686.06 212.15 -1 -1 -1 -1000 -1000 -1000 -10 1
254 61 Car -1 -1 -1 692.35 164.79 1054.47 286.21 -1 -1 -1 -1000 -1000 -1000 -10 1
255 74 Car -1 -1 -1 978.17 165.35 1164.57 236.20 -1 -1 -1 -1000 -1000 -1000 -10 1
255 73 Car -1 -1 -1 1160.48 162.34 1239.74 235.45 -1 -1 -1 -1000 -1000 -1000 -10 1
255 68 Car -1 -1 -1 587.17 167.73 685.63 212.10 -1 -1 -1 -1000 -1000 -1000 -10 1
255 61 Car -1 -1 -1 693.72 163.76 1054.48 286.23 -1 -1 -1 -1000 -1000 -1000 -10 1
256 76 Car -1 -1 -1 50.33 185.29 418.66 391.37 -1 -1 -1 -1000 -1000 -1000 -10 1
256 74 Car -1 -1 -1 978.17 165.72 1164.09 236.53 -1 -1 -1 -1000 -1000 -1000 -10 1
256 73 Car -1 -1 -1 1161.24 164.78 1240.76 237.10 -1 -1 -1 -1000 -1000 -1000 -10 1
256 68 Car -1 -1 -1 584.91 169.12 683.24 213.65 -1 -1 -1 -1000 -1000 -1000 -10 1
256 61 Car -1 -1 -1 694.49 163.73 1053.39 286.66 -1 -1 -1 -1000 -1000 -1000 -10 1
257 74 Car -1 -1 -1 980.86 165.33 1165.15 236.43 -1 -1 -1 -1000 -1000 -1000 -10 1
257 73 Car -1 -1 -1 1162.49 167.81 1242.66 238.17 -1 -1 -1 -1000 -1000 -1000 -10 1
257 61 Car -1 -1 -1 654.45 186.54 1042.60 331.24 -1 -1 -1 -1000 -1000 -1000 -10 1
258 68 Car -1 -1 -1 587.61 168.09 683.19 211.86 -1 -1 -1 -1000 -1000 -1000 -10 1
259 78 Car -1 -1 -1 701.68 162.94 1067.49 292.24 -1 -1 -1 -1000 -1000 -1000 -10 1
259 68 Car -1 -1 -1 587.68 168.09 684.39 211.78 -1 -1 -1 -1000 -1000 -1000 -10 1
260 81 Car -1 -1 -1 982.00 166.30 1162.71 235.92 -1 -1 -1 -1000 -1000 -1000 -10 1
260 78 Car -1 -1 -1 695.82 161.54 1069.48 291.81 -1 -1 -1 -1000 -1000 -1000 -10 1
260 73 Car -1 -1 -1 1159.66 159.36 1238.79 237.28 -1 -1 -1 -1000 -1000 -1000 -10 1
260 68 Car -1 -1 -1 587.54 167.60 686.44 211.76 -1 -1 -1 -1000 -1000 -1000 -10 1
261 81 Car -1 -1 -1 981.69 165.97 1162.59 235.80 -1 -1 -1 -1000 -1000 -1000 -10 1
261 78 Car -1 -1 -1 694.64 161.88 1067.82 290.72 -1 -1 -1 -1000 -1000 -1000 -10 1
261 73 Car -1 -1 -1 1159.75 160.06 1238.42 235.49 -1 -1 -1 -1000 -1000 -1000 -10 1
261 68 Car -1 -1 -1 587.10 167.63 686.31 211.86 -1 -1 -1 -1000 -1000 -1000 -10 1
262 81 Car -1 -1 -1 980.93 165.54 1163.31 235.82 -1 -1 -1 -1000 -1000 -1000 -10 1
262 78 Car -1 -1 -1 689.33 166.02 1066.48 290.22 -1 -1 -1 -1000 -1000 -1000 -10 1
262 73 Car -1 -1 -1 1162.25 164.69 1240.69 238.97 -1 -1 -1 -1000 -1000 -1000 -10 1
262 68 Car -1 -1 -1 587.19 167.65 687.07 212.01 -1 -1 -1 -1000 -1000 -1000 -10 1
263 81 Car -1 -1 -1 980.41 165.41 1163.17 236.07 -1 -1 -1 -1000 -1000 -1000 -10 1
263 78 Car -1 -1 -1 685.09 168.52 1067.53 288.20 -1 -1 -1 -1000 -1000 -1000 -10 1
263 73 Car -1 -1 -1 1160.74 163.07 1239.43 236.34 -1 -1 -1 -1000 -1000 -1000 -10 1
263 68 Car -1 -1 -1 587.14 167.63 686.57 212.07 -1 -1 -1 -1000 -1000 -1000 -10 1
264 81 Car -1 -1 -1 980.49 164.98 1163.52 235.91 -1 -1 -1 -1000 -1000 -1000 -10 1
264 78 Car -1 -1 -1 683.38 169.43 1068.06 287.02 -1 -1 -1 -1000 -1000 -1000 -10 1
264 73 Car -1 -1 -1 1160.02 160.72 1238.45 234.22 -1 -1 -1 -1000 -1000 -1000 -10 1
264 68 Car -1 -1 -1 587.16 167.40 686.70 212.02 -1 -1 -1 -1000 -1000 -1000 -10 1
265 81 Car -1 -1 -1 980.11 165.68 1163.56 236.22 -1 -1 -1 -1000 -1000 -1000 -10 1
265 78 Car -1 -1 -1 689.26 164.81 1064.43 286.32 -1 -1 -1 -1000 -1000 -1000 -10 1
265 73 Car -1 -1 -1 1161.90 164.11 1240.46 238.48 -1 -1 -1 -1000 -1000 -1000 -10 1
265 68 Car -1 -1 -1 587.06 167.54 687.00 212.03 -1 -1 -1 -1000 -1000 -1000 -10 1
266 81 Car -1 -1 -1 979.94 165.74 1163.26 236.13 -1 -1 -1 -1000 -1000 -1000 -10 1
266 78 Car -1 -1 -1 691.82 163.39 1061.79 286.93 -1 -1 -1 -1000 -1000 -1000 -10 1
266 73 Car -1 -1 -1 1160.10 160.46 1238.50 234.48 -1 -1 -1 -1000 -1000 -1000 -10 1
266 68 Car -1 -1 -1 586.69 167.47 687.09 212.14 -1 -1 -1 -1000 -1000 -1000 -10 1
267 81 Car -1 -1 -1 980.91 165.46 1163.35 236.00 -1 -1 -1 -1000 -1000 -1000 -10 1
267 78 Car -1 -1 -1 690.81 165.12 1061.02 286.84 -1 -1 -1 -1000 -1000 -1000 -10 1
267 73 Car -1 -1 -1 1159.90 160.13 1238.21 234.24 -1 -1 -1 -1000 -1000 -1000 -10 1
267 68 Car -1 -1 -1 586.89 167.65 686.64 212.21 -1 -1 -1 -1000 -1000 -1000 -10 1
268 81 Car -1 -1 -1 980.49 165.35 1163.60 235.88 -1 -1 -1 -1000 -1000 -1000 -10 1
268 78 Car -1 -1 -1 693.34 163.45 1058.97 286.80 -1 -1 -1 -1000 -1000 -1000 -10 1
268 73 Car -1 -1 -1 1160.39 159.30 1238.23 234.02 -1 -1 -1 -1000 -1000 -1000 -10 1
268 68 Car -1 -1 -1 587.09 167.48 686.64 212.20 -1 -1 -1 -1000 -1000 -1000 -10 1
269 81 Car -1 -1 -1 979.61 165.16 1163.92 235.81 -1 -1 -1 -1000 -1000 -1000 -10 1
269 78 Car -1 -1 -1 694.56 163.24 1057.92 287.34 -1 -1 -1 -1000 -1000 -1000 -10 1
269 73 Car -1 -1 -1 1159.81 160.28 1238.01 234.56 -1 -1 -1 -1000 -1000 -1000 -10 1
269 68 Car -1 -1 -1 587.04 167.91 686.71 212.46 -1 -1 -1 -1000 -1000 -1000 -10 1
270 81 Car -1 -1 -1 980.17 165.44 1163.72 235.90 -1 -1 -1 -1000 -1000 -1000 -10 1
270 78 Car -1 -1 -1 694.97 162.68 1056.88 287.06 -1 -1 -1 -1000 -1000 -1000 -10 1
270 73 Car -1 -1 -1 1160.24 160.68 1238.16 234.33 -1 -1 -1 -1000 -1000 -1000 -10 1
270 68 Car -1 -1 -1 586.79 167.67 686.53 212.23 -1 -1 -1 -1000 -1000 -1000 -10 1
271 81 Car -1 -1 -1 981.06 165.71 1163.49 235.98 -1 -1 -1 -1000 -1000 -1000 -10 1
271 78 Car -1 -1 -1 695.43 163.01 1055.94 287.46 -1 -1 -1 -1000 -1000 -1000 -10 1
271 73 Car -1 -1 -1 1160.83 161.88 1238.94 235.22 -1 -1 -1 -1000 -1000 -1000 -10 1
271 68 Car -1 -1 -1 586.67 167.51 686.28 212.01 -1 -1 -1 -1000 -1000 -1000 -10 1
272 81 Car -1 -1 -1 980.16 165.55 1163.49 235.88 -1 -1 -1 -1000 -1000 -1000 -10 1
272 78 Car -1 -1 -1 696.22 163.09 1055.54 287.52 -1 -1 -1 -1000 -1000 -1000 -10 1
272 73 Car -1 -1 -1 1162.19 165.89 1240.82 238.20 -1 -1 -1 -1000 -1000 -1000 -10 1
272 68 Car -1 -1 -1 586.88 167.62 687.08 212.19 -1 -1 -1 -1000 -1000 -1000 -10 1
273 81 Car -1 -1 -1 980.43 165.48 1163.72 236.01 -1 -1 -1 -1000 -1000 -1000 -10 1
273 78 Car -1 -1 -1 696.36 162.80 1055.41 287.17 -1 -1 -1 -1000 -1000 -1000 -10 1
273 73 Car -1 -1 -1 1162.12 165.77 1240.95 238.61 -1 -1 -1 -1000 -1000 -1000 -10 1
273 68 Car -1 -1 -1 586.78 167.51 686.92 212.08 -1 -1 -1 -1000 -1000 -1000 -10 1
274 81 Car -1 -1 -1 980.83 165.38 1163.73 235.97 -1 -1 -1 -1000 -1000 -1000 -10 1
274 78 Car -1 -1 -1 696.60 162.91 1055.02 287.12 -1 -1 -1 -1000 -1000 -1000 -10 1
274 73 Car -1 -1 -1 1160.28 164.01 1239.67 235.80 -1 -1 -1 -1000 -1000 -1000 -10 1
274 68 Car -1 -1 -1 586.80 167.60 686.76 212.12 -1 -1 -1 -1000 -1000 -1000 -10 1
275 81 Car -1 -1 -1 980.54 165.29 1163.48 235.99 -1 -1 -1 -1000 -1000 -1000 -10 1
275 78 Car -1 -1 -1 696.55 162.96 1054.64 287.19 -1 -1 -1 -1000 -1000 -1000 -10 1
275 73 Car -1 -1 -1 1159.99 161.16 1238.71 233.90 -1 -1 -1 -1000 -1000 -1000 -10 1
275 68 Car -1 -1 -1 586.97 167.52 687.10 212.16 -1 -1 -1 -1000 -1000 -1000 -10 1
276 81 Car -1 -1 -1 980.52 165.72 1163.44 236.06 -1 -1 -1 -1000 -1000 -1000 -10 1
276 78 Car -1 -1 -1 696.18 163.14 1054.57 287.19 -1 -1 -1 -1000 -1000 -1000 -10 1
276 73 Car -1 -1 -1 1159.58 160.14 1238.24 233.21 -1 -1 -1 -1000 -1000 -1000 -10 1
276 68 Car -1 -1 -1 586.63 167.80 686.88 212.33 -1 -1 -1 -1000 -1000 -1000 -10 1
277 81 Car -1 -1 -1 980.63 165.60 1163.11 235.96 -1 -1 -1 -1000 -1000 -1000 -10 1
277 78 Car -1 -1 -1 692.06 166.84 1056.39 287.20 -1 -1 -1 -1000 -1000 -1000 -10 1
277 73 Car -1 -1 -1 1161.84 164.60 1240.72 237.79 -1 -1 -1 -1000 -1000 -1000 -10 1
277 68 Car -1 -1 -1 586.42 167.59 687.12 212.29 -1 -1 -1 -1000 -1000 -1000 -10 1
278 81 Car -1 -1 -1 979.59 166.00 1162.93 236.58 -1 -1 -1 -1000 -1000 -1000 -10 1
278 78 Car -1 -1 -1 693.92 164.47 1055.55 286.35 -1 -1 -1 -1000 -1000 -1000 -10 1
278 73 Car -1 -1 -1 1159.75 160.99 1238.56 234.68 -1 -1 -1 -1000 -1000 -1000 -10 1
278 68 Car -1 -1 -1 586.11 167.75 687.75 212.59 -1 -1 -1 -1000 -1000 -1000 -10 1
279 81 Car -1 -1 -1 978.85 166.15 1163.71 236.60 -1 -1 -1 -1000 -1000 -1000 -10 1
279 78 Car -1 -1 -1 691.20 165.84 1053.02 285.51 -1 -1 -1 -1000 -1000 -1000 -10 1
279 73 Car -1 -1 -1 1159.73 160.63 1238.45 234.17 -1 -1 -1 -1000 -1000 -1000 -10 1
279 68 Car -1 -1 -1 585.36 168.02 686.69 212.82 -1 -1 -1 -1000 -1000 -1000 -10 1
280 84 Car -1 -1 -1 19.06 153.98 460.86 388.52 -1 -1 -1 -1000 -1000 -1000 -10 1
280 81 Car -1 -1 -1 977.90 165.49 1165.03 236.26 -1 -1 -1 -1000 -1000 -1000 -10 1
280 78 Car -1 -1 -1 687.81 167.97 1047.17 284.80 -1 -1 -1 -1000 -1000 -1000 -10 1
280 73 Car -1 -1 -1 1161.83 165.04 1240.59 237.64 -1 -1 -1 -1000 -1000 -1000 -10 1
280 68 Car -1 -1 -1 586.61 168.12 687.05 212.82 -1 -1 -1 -1000 -1000 -1000 -10 1
281 84 Car -1 -1 -1 383.73 143.99 841.46 384.36 -1 -1 -1 -1000 -1000 -1000 -10 1
281 81 Car -1 -1 -1 978.10 166.09 1165.05 237.41 -1 -1 -1 -1000 -1000 -1000 -10 1
281 78 Car -1 -1 -1 742.10 170.80 1046.57 280.04 -1 -1 -1 -1000 -1000 -1000 -10 1
281 73 Car -1 -1 -1 1161.58 167.52 1241.53 237.94 -1 -1 -1 -1000 -1000 -1000 -10 1
282 84 Car -1 -1 -1 813.22 132.10 1264.08 377.57 -1 -1 -1 -1000 -1000 -1000 -10 1
283 86 Car -1 -1 -1 589.29 167.16 694.77 214.53 -1 -1 -1 -1000 -1000 -1000 -10 1
283 78 Car -1 -1 -1 673.20 167.87 984.47 284.53 -1 -1 -1 -1000 -1000 -1000 -10 1
284 87 Car -1 -1 -1 946.06 163.04 1165.78 237.37 -1 -1 -1 -1000 -1000 -1000 -10 1
284 86 Car -1 -1 -1 587.87 166.05 693.19 213.48 -1 -1 -1 -1000 -1000 -1000 -10 1
284 78 Car -1 -1 -1 655.61 169.27 975.85 284.12 -1 -1 -1 -1000 -1000 -1000 -10 1
285 89 Car -1 -1 -1 1158.62 161.20 1238.69 233.82 -1 -1 -1 -1000 -1000 -1000 -10 1
285 87 Car -1 -1 -1 946.67 167.98 1143.80 232.82 -1 -1 -1 -1000 -1000 -1000 -10 1
285 86 Car -1 -1 -1 589.18 166.76 690.76 213.15 -1 -1 -1 -1000 -1000 -1000 -10 1
285 78 Car -1 -1 -1 634.51 169.55 960.45 285.17 -1 -1 -1 -1000 -1000 -1000 -10 1
286 89 Car -1 -1 -1 1158.34 160.94 1238.65 233.51 -1 -1 -1 -1000 -1000 -1000 -10 1
286 87 Car -1 -1 -1 945.77 169.72 1141.73 232.48 -1 -1 -1 -1000 -1000 -1000 -10 1
286 86 Car -1 -1 -1 590.87 166.76 694.52 214.21 -1 -1 -1 -1000 -1000 -1000 -10 1
286 78 Car -1 -1 -1 611.43 172.91 944.64 285.69 -1 -1 -1 -1000 -1000 -1000 -10 1
287 89 Car -1 -1 -1 1157.99 160.73 1238.81 234.16 -1 -1 -1 -1000 -1000 -1000 -10 1
287 87 Car -1 -1 -1 945.02 169.21 1143.02 231.84 -1 -1 -1 -1000 -1000 -1000 -10 1
287 86 Car -1 -1 -1 590.62 166.82 693.26 214.98 -1 -1 -1 -1000 -1000 -1000 -10 1
287 78 Car -1 -1 -1 589.86 172.58 919.91 284.92 -1 -1 -1 -1000 -1000 -1000 -10 1
288 89 Car -1 -1 -1 1158.09 160.89 1238.58 233.35 -1 -1 -1 -1000 -1000 -1000 -10 1
288 87 Car -1 -1 -1 944.14 168.39 1145.46 231.37 -1 -1 -1 -1000 -1000 -1000 -10 1
288 86 Car -1 -1 -1 592.39 167.87 694.08 218.13 -1 -1 -1 -1000 -1000 -1000 -10 1
288 78 Car -1 -1 -1 574.17 172.05 893.39 284.33 -1 -1 -1 -1000 -1000 -1000 -10 1
289 89 Car -1 -1 -1 1158.65 160.84 1238.68 232.96 -1 -1 -1 -1000 -1000 -1000 -10 1
289 87 Car -1 -1 -1 943.50 168.56 1146.55 232.04 -1 -1 -1 -1000 -1000 -1000 -10 1
289 78 Car -1 -1 -1 537.92 175.08 855.01 285.94 -1 -1 -1 -1000 -1000 -1000 -10 1
290 89 Car -1 -1 -1 1157.83 164.22 1239.92 235.20 -1 -1 -1 -1000 -1000 -1000 -10 1
290 87 Car -1 -1 -1 942.01 168.88 1147.09 232.42 -1 -1 -1 -1000 -1000 -1000 -10 1
291 93 Car -1 -1 -1 900.11 187.91 1311.70 357.75 -1 -1 -1 -1000 -1000 -1000 -10 1
292 87 Car -1 -1 -1 945.07 168.69 1144.89 231.71 -1 -1 -1 -1000 -1000 -1000 -10 1
292 78 Car -1 -1 -1 412.26 182.01 719.82 286.53 -1 -1 -1 -1000 -1000 -1000 -10 1
293 95 Car -1 -1 -1 693.47 165.31 892.31 237.67 -1 -1 -1 -1000 -1000 -1000 -10 1
293 89 Car -1 -1 -1 1155.16 161.98 1241.03 232.75 -1 -1 -1 -1000 -1000 -1000 -10 1
293 87 Car -1 -1 -1 943.50 168.39 1146.72 231.57 -1 -1 -1 -1000 -1000 -1000 -10 1
293 78 Car -1 -1 -1 345.83 181.52 669.23 294.62 -1 -1 -1 -1000 -1000 -1000 -10 1
294 95 Car -1 -1 -1 692.63 165.25 891.70 236.67 -1 -1 -1 -1000 -1000 -1000 -10 1
294 89 Car -1 -1 -1 1159.45 168.97 1240.82 236.42 -1 -1 -1 -1000 -1000 -1000 -10 1
294 87 Car -1 -1 -1 942.05 168.56 1147.09 231.42 -1 -1 -1 -1000 -1000 -1000 -10 1
294 78 Car -1 -1 -1 267.11 181.55 612.80 306.53 -1 -1 -1 -1000 -1000 -1000 -10 1
295 98 Car -1 -1 -1 591.90 168.72 691.21 214.69 -1 -1 -1 -1000 -1000 -1000 -10 1
295 95 Car -1 -1 -1 692.39 165.50 892.71 236.27 -1 -1 -1 -1000 -1000 -1000 -10 1
295 87 Car -1 -1 -1 942.23 170.50 1142.35 232.43 -1 -1 -1 -1000 -1000 -1000 -10 1
295 78 Car -1 -1 -1 228.69 185.51 575.37 314.20 -1 -1 -1 -1000 -1000 -1000 -10 1
296 98 Car -1 -1 -1 590.96 169.00 693.90 214.45 -1 -1 -1 -1000 -1000 -1000 -10 1
296 95 Car -1 -1 -1 692.14 165.79 892.76 236.23 -1 -1 -1 -1000 -1000 -1000 -10 1
296 78 Car -1 -1 -1 144.88 184.71 515.76 324.77 -1 -1 -1 -1000 -1000 -1000 -10 1
297 98 Car -1 -1 -1 590.80 169.00 695.78 214.21 -1 -1 -1 -1000 -1000 -1000 -10 1
297 95 Car -1 -1 -1 691.12 166.09 886.77 235.62 -1 -1 -1 -1000 -1000 -1000 -10 1
297 78 Car -1 -1 -1 74.05 198.75 432.63 340.37 -1 -1 -1 -1000 -1000 -1000 -10 1
298 98 Car -1 -1 -1 590.28 168.26 693.14 212.60 -1 -1 -1 -1000 -1000 -1000 -10 1
298 78 Car -1 -1 -1 -1.47 206.30 359.47 355.15 -1 -1 -1 -1000 -1000 -1000 -10 1
299 78 Car -1 -1 -1 -27.40 208.10 287.99 365.05 -1 -1 -1 -1000 -1000 -1000 -10 1
300 78 Car -1 -1 -1 -51.45 208.02 189.57 368.00 -1 -1 -1 -1000 -1000 -1000 -10 1
302 101 Car -1 -1 -1 1157.11 160.88 1239.14 234.56 -1 -1 -1 -1000 -1000 -1000 -10 1
303 107 Car -1 -1 -1 940.77 166.44 1147.49 233.19 -1 -1 -1 -1000 -1000 -1000 -10 1
303 101 Car -1 -1 -1 1157.35 160.94 1239.00 233.85 -1 -1 -1 -1000 -1000 -1000 -10 1
304 108 Car -1 -1 -1 692.56 164.30 890.67 236.35 -1 -1 -1 -1000 -1000 -1000 -10 1
304 107 Car -1 -1 -1 940.44 167.31 1148.49 233.01 -1 -1 -1 -1000 -1000 -1000 -10 1
304 101 Car -1 -1 -1 1156.81 160.09 1238.94 233.58 -1 -1 -1 -1000 -1000 -1000 -10 1
305 108 Car -1 -1 -1 690.42 164.82 892.60 237.68 -1 -1 -1 -1000 -1000 -1000 -10 1
305 107 Car -1 -1 -1 938.28 167.86 1148.60 233.25 -1 -1 -1 -1000 -1000 -1000 -10 1
305 101 Car -1 -1 -1 1158.17 165.12 1240.87 238.82 -1 -1 -1 -1000 -1000 -1000 -10 1
306 109 Car -1 -1 -1 588.48 170.15 694.18 214.81 -1 -1 -1 -1000 -1000 -1000 -10 1
306 108 Car -1 -1 -1 690.89 165.17 894.31 238.14 -1 -1 -1 -1000 -1000 -1000 -10 1
306 107 Car -1 -1 -1 937.61 168.08 1149.32 233.23 -1 -1 -1 -1000 -1000 -1000 -10 1
306 101 Car -1 -1 -1 1157.21 161.14 1239.58 235.55 -1 -1 -1 -1000 -1000 -1000 -10 1
307 109 Car -1 -1 -1 588.45 169.91 694.66 215.14 -1 -1 -1 -1000 -1000 -1000 -10 1
307 108 Car -1 -1 -1 691.68 165.54 894.99 238.36 -1 -1 -1 -1000 -1000 -1000 -10 1
307 107 Car -1 -1 -1 937.24 168.04 1149.01 233.15 -1 -1 -1 -1000 -1000 -1000 -10 1
307 101 Car -1 -1 -1 1156.43 159.92 1239.45 234.81 -1 -1 -1 -1000 -1000 -1000 -10 1
308 109 Car -1 -1 -1 589.84 169.67 697.94 215.55 -1 -1 -1 -1000 -1000 -1000 -10 1
308 108 Car -1 -1 -1 692.36 166.01 895.02 238.36 -1 -1 -1 -1000 -1000 -1000 -10 1
308 107 Car -1 -1 -1 936.19 167.90 1149.70 233.84 -1 -1 -1 -1000 -1000 -1000 -10 1
308 101 Car -1 -1 -1 1157.63 163.63 1241.41 238.35 -1 -1 -1 -1000 -1000 -1000 -10 1
309 109 Car -1 -1 -1 589.15 169.74 697.81 215.78 -1 -1 -1 -1000 -1000 -1000 -10 1
309 108 Car -1 -1 -1 693.00 166.83 895.19 238.86 -1 -1 -1 -1000 -1000 -1000 -10 1
309 107 Car -1 -1 -1 936.27 168.53 1148.84 234.54 -1 -1 -1 -1000 -1000 -1000 -10 1
309 101 Car -1 -1 -1 1156.06 161.22 1240.70 236.44 -1 -1 -1 -1000 -1000 -1000 -10 1
310 109 Car -1 -1 -1 588.83 170.07 696.54 215.62 -1 -1 -1 -1000 -1000 -1000 -10 1
310 108 Car -1 -1 -1 693.65 167.09 896.30 239.10 -1 -1 -1 -1000 -1000 -1000 -10 1
310 107 Car -1 -1 -1 935.92 168.95 1149.27 234.69 -1 -1 -1 -1000 -1000 -1000 -10 1
310 101 Car -1 -1 -1 1156.10 160.48 1240.73 236.24 -1 -1 -1 -1000 -1000 -1000 -10 1
311 109 Car -1 -1 -1 589.04 169.96 698.19 215.78 -1 -1 -1 -1000 -1000 -1000 -10 1
311 108 Car -1 -1 -1 694.11 166.93 896.47 238.91 -1 -1 -1 -1000 -1000 -1000 -10 1
311 107 Car -1 -1 -1 936.48 169.21 1149.39 234.62 -1 -1 -1 -1000 -1000 -1000 -10 1
311 101 Car -1 -1 -1 1156.40 159.35 1240.08 234.97 -1 -1 -1 -1000 -1000 -1000 -10 1
312 109 Car -1 -1 -1 588.35 169.45 698.29 215.51 -1 -1 -1 -1000 -1000 -1000 -10 1
312 108 Car -1 -1 -1 694.36 167.14 896.90 238.90 -1 -1 -1 -1000 -1000 -1000 -10 1
312 107 Car -1 -1 -1 936.00 169.06 1149.79 234.81 -1 -1 -1 -1000 -1000 -1000 -10 1
312 101 Car -1 -1 -1 1155.93 157.99 1240.06 234.16 -1 -1 -1 -1000 -1000 -1000 -10 1
313 109 Car -1 -1 -1 588.70 169.38 699.26 215.73 -1 -1 -1 -1000 -1000 -1000 -10 1
313 108 Car -1 -1 -1 695.57 167.43 897.86 238.92 -1 -1 -1 -1000 -1000 -1000 -10 1
313 107 Car -1 -1 -1 935.91 169.27 1150.98 235.28 -1 -1 -1 -1000 -1000 -1000 -10 1
313 101 Car -1 -1 -1 1156.56 158.18 1239.89 234.61 -1 -1 -1 -1000 -1000 -1000 -10 1
314 109 Car -1 -1 -1 591.37 169.17 704.05 215.80 -1 -1 -1 -1000 -1000 -1000 -10 1
314 108 Car -1 -1 -1 696.96 167.13 899.92 238.87 -1 -1 -1 -1000 -1000 -1000 -10 1
314 107 Car -1 -1 -1 936.01 169.05 1152.38 236.00 -1 -1 -1 -1000 -1000 -1000 -10 1
314 101 Car -1 -1 -1 1158.37 155.82 1239.98 234.70 -1 -1 -1 -1000 -1000 -1000 -10 1
315 109 Car -1 -1 -1 591.28 168.67 705.28 215.50 -1 -1 -1 -1000 -1000 -1000 -10 1
315 108 Car -1 -1 -1 698.14 167.49 900.88 239.23 -1 -1 -1 -1000 -1000 -1000 -10 1
315 107 Car -1 -1 -1 935.91 169.23 1152.67 235.91 -1 -1 -1 -1000 -1000 -1000 -10 1
315 101 Car -1 -1 -1 1161.04 155.37 1240.49 235.54 -1 -1 -1 -1000 -1000 -1000 -10 1
316 109 Car -1 -1 -1 592.76 168.58 707.39 215.43 -1 -1 -1 -1000 -1000 -1000 -10 1
316 108 Car -1 -1 -1 701.76 167.18 905.21 239.36 -1 -1 -1 -1000 -1000 -1000 -10 1
316 107 Car -1 -1 -1 940.12 166.43 1169.34 239.55 -1 -1 -1 -1000 -1000 -1000 -10 1
316 101 Car -1 -1 -1 1163.61 155.40 1240.60 235.88 -1 -1 -1 -1000 -1000 -1000 -10 1
317 109 Car -1 -1 -1 596.73 168.10 710.65 214.53 -1 -1 -1 -1000 -1000 -1000 -10 1
317 108 Car -1 -1 -1 701.94 166.69 910.06 239.88 -1 -1 -1 -1000 -1000 -1000 -10 1
317 107 Car -1 -1 -1 950.13 165.78 1178.77 239.55 -1 -1 -1 -1000 -1000 -1000 -10 1
317 101 Car -1 -1 -1 1169.85 158.65 1242.83 236.47 -1 -1 -1 -1000 -1000 -1000 -10 1
318 109 Car -1 -1 -1 594.83 169.32 702.01 214.19 -1 -1 -1 -1000 -1000 -1000 -10 1
318 108 Car -1 -1 -1 708.00 171.51 907.69 239.63 -1 -1 -1 -1000 -1000 -1000 -10 1
318 107 Car -1 -1 -1 957.61 164.37 1185.89 238.19 -1 -1 -1 -1000 -1000 -1000 -10 1
318 101 Car -1 -1 -1 1178.74 158.83 1244.00 236.67 -1 -1 -1 -1000 -1000 -1000 -10 1
319 109 Car -1 -1 -1 596.06 170.17 699.09 214.05 -1 -1 -1 -1000 -1000 -1000 -10 1
319 108 Car -1 -1 -1 706.41 169.13 908.05 237.82 -1 -1 -1 -1000 -1000 -1000 -10 1
319 107 Car -1 -1 -1 961.67 163.44 1192.03 237.36 -1 -1 -1 -1000 -1000 -1000 -10 1
319 101 Car -1 -1 -1 1186.30 165.95 1243.62 241.35 -1 -1 -1 -1000 -1000 -1000 -10 1
320 109 Car -1 -1 -1 606.51 169.78 703.03 211.96 -1 -1 -1 -1000 -1000 -1000 -10 1
320 108 Car -1 -1 -1 717.83 170.61 922.96 240.55 -1 -1 -1 -1000 -1000 -1000 -10 1
320 107 Car -1 -1 -1 967.79 164.75 1199.68 238.34 -1 -1 -1 -1000 -1000 -1000 -10 1
321 109 Car -1 -1 -1 612.32 170.31 707.11 211.95 -1 -1 -1 -1000 -1000 -1000 -10 1
321 108 Car -1 -1 -1 723.15 168.51 931.47 240.67 -1 -1 -1 -1000 -1000 -1000 -10 1
321 107 Car -1 -1 -1 975.01 166.49 1206.02 238.66 -1 -1 -1 -1000 -1000 -1000 -10 1
322 109 Car -1 -1 -1 612.89 169.47 711.12 211.72 -1 -1 -1 -1000 -1000 -1000 -10 1
322 108 Car -1 -1 -1 725.51 167.82 936.51 241.55 -1 -1 -1 -1000 -1000 -1000 -10 1
322 107 Car -1 -1 -1 980.42 167.33 1216.24 240.18 -1 -1 -1 -1000 -1000 -1000 -10 1
323 109 Car -1 -1 -1 613.95 173.06 715.31 214.12 -1 -1 -1 -1000 -1000 -1000 -10 1
323 108 Car -1 -1 -1 731.21 170.52 948.01 246.19 -1 -1 -1 -1000 -1000 -1000 -10 1
323 107 Car -1 -1 -1 992.41 167.04 1238.88 245.05 -1 -1 -1 -1000 -1000 -1000 -10 1
324 109 Car -1 -1 -1 617.29 176.31 716.64 218.19 -1 -1 -1 -1000 -1000 -1000 -10 1
324 108 Car -1 -1 -1 736.72 169.76 964.36 249.64 -1 -1 -1 -1000 -1000 -1000 -10 1
324 107 Car -1 -1 -1 1002.03 167.53 1245.87 246.92 -1 -1 -1 -1000 -1000 -1000 -10 1
325 109 Car -1 -1 -1 629.19 177.78 731.31 220.55 -1 -1 -1 -1000 -1000 -1000 -10 1
325 108 Car -1 -1 -1 741.60 170.83 975.65 253.77 -1 -1 -1 -1000 -1000 -1000 -10 1
325 107 Car -1 -1 -1 1012.04 168.32 1250.99 250.92 -1 -1 -1 -1000 -1000 -1000 -10 1
326 109 Car -1 -1 -1 631.91 181.18 739.76 223.26 -1 -1 -1 -1000 -1000 -1000 -10 1
326 108 Car -1 -1 -1 748.22 170.91 989.40 257.63 -1 -1 -1 -1000 -1000 -1000 -10 1
326 107 Car -1 -1 -1 1021.89 168.05 1257.10 254.60 -1 -1 -1 -1000 -1000 -1000 -10 1
327 109 Car -1 -1 -1 637.80 179.00 742.49 222.91 -1 -1 -1 -1000 -1000 -1000 -10 1
327 108 Car -1 -1 -1 760.34 172.17 1006.70 258.38 -1 -1 -1 -1000 -1000 -1000 -10 1
327 107 Car -1 -1 -1 1039.15 173.05 1260.61 257.88 -1 -1 -1 -1000 -1000 -1000 -10 1
328 109 Car -1 -1 -1 650.36 181.10 756.32 224.40 -1 -1 -1 -1000 -1000 -1000 -10 1
328 108 Car -1 -1 -1 770.71 174.73 1028.70 262.11 -1 -1 -1 -1000 -1000 -1000 -10 1
328 107 Car -1 -1 -1 1055.05 176.33 1255.85 262.39 -1 -1 -1 -1000 -1000 -1000 -10 1
329 109 Car -1 -1 -1 657.39 184.57 765.58 228.19 -1 -1 -1 -1000 -1000 -1000 -10 1
329 108 Car -1 -1 -1 790.30 179.50 1048.19 267.41 -1 -1 -1 -1000 -1000 -1000 -10 1
329 107 Car -1 -1 -1 1082.57 180.78 1259.51 266.71 -1 -1 -1 -1000 -1000 -1000 -10 1
330 109 Car -1 -1 -1 670.57 184.88 785.70 229.72 -1 -1 -1 -1000 -1000 -1000 -10 1
330 108 Car -1 -1 -1 810.77 182.41 1078.20 272.46 -1 -1 -1 -1000 -1000 -1000 -10 1
330 107 Car -1 -1 -1 1102.32 181.67 1255.11 264.47 -1 -1 -1 -1000 -1000 -1000 -10 1
331 109 Car -1 -1 -1 687.17 184.84 810.55 230.88 -1 -1 -1 -1000 -1000 -1000 -10 1
331 108 Car -1 -1 -1 823.29 185.06 1107.53 275.09 -1 -1 -1 -1000 -1000 -1000 -10 1
331 107 Car -1 -1 -1 1039.58 183.24 1236.03 290.72 -1 -1 -1 -1000 -1000 -1000 -10 1
332 109 Car -1 -1 -1 704.27 185.16 833.41 234.68 -1 -1 -1 -1000 -1000 -1000 -10 1
332 107 Car -1 -1 -1 903.42 188.87 1191.69 309.92 -1 -1 -1 -1000 -1000 -1000 -10 1
333 109 Car -1 -1 -1 722.17 188.41 855.80 242.07 -1 -1 -1 -1000 -1000 -1000 -10 1
333 107 Car -1 -1 -1 873.40 188.88 1185.17 304.01 -1 -1 -1 -1000 -1000 -1000 -10 1
334 118 Car -1 -1 -1 489.78 193.00 889.29 333.64 -1 -1 -1 -1000 -1000 -1000 -10 1
334 117 Car -1 -1 -1 377.95 194.03 490.85 249.28 -1 -1 -1 -1000 -1000 -1000 -10 1
334 107 Car -1 -1 -1 914.58 188.72 1234.05 296.97 -1 -1 -1 -1000 -1000 -1000 -10 1
335 118 Car -1 -1 -1 351.76 191.94 729.54 333.02 -1 -1 -1 -1000 -1000 -1000 -10 1
335 107 Car -1 -1 -1 949.14 197.80 1255.69 303.57 -1 -1 -1 -1000 -1000 -1000 -10 1
336 120 Car -1 -1 -1 848.01 198.46 986.18 253.41 -1 -1 -1 -1000 -1000 -1000 -10 1
336 118 Car -1 -1 -1 239.80 193.05 599.01 332.64 -1 -1 -1 -1000 -1000 -1000 -10 1
336 107 Car -1 -1 -1 1014.11 197.55 1275.64 310.52 -1 -1 -1 -1000 -1000 -1000 -10 1
337 120 Car -1 -1 -1 932.01 196.54 1076.85 253.51 -1 -1 -1 -1000 -1000 -1000 -10 1
337 118 Car -1 -1 -1 167.23 197.88 493.89 332.11 -1 -1 -1 -1000 -1000 -1000 -10 1
337 107 Car -1 -1 -1 1057.65 181.57 1269.98 282.55 -1 -1 -1 -1000 -1000 -1000 -10 1
338 122 Car -1 -1 -1 563.67 191.50 688.53 263.73 -1 -1 -1 -1000 -1000 -1000 -10 1
338 118 Car -1 -1 -1 126.48 195.94 417.67 322.25 -1 -1 -1 -1000 -1000 -1000 -10 1
339 122 Car -1 -1 -1 639.25 189.39 764.17 270.30 -1 -1 -1 -1000 -1000 -1000 -10 1
339 120 Car -1 -1 -1 1132.91 188.47 1277.69 266.21 -1 -1 -1 -1000 -1000 -1000 -10 1
339 118 Car -1 -1 -1 112.74 194.09 371.66 314.39 -1 -1 -1 -1000 -1000 -1000 -10 1
340 122 Car -1 -1 -1 710.38 188.83 863.17 271.99 -1 -1 -1 -1000 -1000 -1000 -10 1
340 118 Car -1 -1 -1 129.17 191.85 354.01 302.76 -1 -1 -1 -1000 -1000 -1000 -10 1
341 122 Car -1 -1 -1 789.29 186.08 963.79 275.39 -1 -1 -1 -1000 -1000 -1000 -10 1
341 118 Car -1 -1 -1 164.39 191.93 349.82 289.28 -1 -1 -1 -1000 -1000 -1000 -10 1
342 122 Car -1 -1 -1 919.51 186.64 1077.33 283.47 -1 -1 -1 -1000 -1000 -1000 -10 1
344 126 Car -1 -1 -1 325.23 189.91 417.81 244.20 -1 -1 -1 -1000 -1000 -1000 -10 1
344 122 Car -1 -1 -1 1071.25 158.19 1259.29 262.07 -1 -1 -1 -1000 -1000 -1000 -10 1
345 126 Car -1 -1 -1 361.71 188.54 438.78 237.09 -1 -1 -1 -1000 -1000 -1000 -10 1
346 126 Car -1 -1 -1 394.23 186.50 459.96 231.33 -1 -1 -1 -1000 -1000 -1000 -10 1
347 126 Car -1 -1 -1 421.73 186.88 479.26 227.04 -1 -1 -1 -1000 -1000 -1000 -10 1
348 126 Car -1 -1 -1 448.67 184.98 493.42 219.79 -1 -1 -1 -1000 -1000 -1000 -10 1
