0 2 Car -1 -1 -1 450.12 178.09 490.12 200.61 -1 -1 -1 -1000 -1000 -1000 -10 1
0 1 Car -1 -1 -1 1111.42 148.93 1249.84 189.82 -1 -1 -1 -1000 -1000 -1000 -10 1
1 2 Car -1 -1 -1 445.75 178.13 486.90 202.81 -1 -1 -1 -1000 -1000 -1000 -10 1
1 1 Car -1 -1 -1 1131.06 159.30 1251.81 197.70 -1 -1 -1 -1000 -1000 -1000 -10 1
2 2 Car -1 -1 -1 444.63 177.76 483.11 202.47 -1 -1 -1 -1000 -1000 -1000 -10 1
3 3 Car -1 -1 -1 578.92 81.48 770.76 237.47 -1 -1 -1 -1000 -1000 -1000 -10 1
3 2 Car -1 -1 -1 441.00 177.79 479.24 203.70 -1 -1 -1 -1000 -1000 -1000 -10 1
4 3 Car -1 -1 -1 585.58 71.31 797.57 247.82 -1 -1 -1 -1000 -1000 -1000 -10 1
4 2 Car -1 -1 -1 434.39 177.58 473.57 204.49 -1 -1 -1 -1000 -1000 -1000 -10 1
5 3 Car -1 -1 -1 595.12 74.49 805.95 262.44 -1 -1 -1 -1000 -1000 -1000 -10 1
5 2 Car -1 -1 -1 432.46 175.13 471.17 201.43 -1 -1 -1 -1000 -1000 -1000 -10 1
6 3 Car -1 -1 -1 609.39 78.61 815.39 268.08 -1 -1 -1 -1000 -1000 -1000 -10 1
6 2 Car -1 -1 -1 424.53 173.78 465.26 200.67 -1 -1 -1 -1000 -1000 -1000 -10 1
7 2 Car -1 -1 -1 406.73 177.35 450.38 205.62 -1 -1 -1 -1000 -1000 -1000 -10 1
8 3 Car -1 -1 -1 609.34 68.39 834.44 259.05 -1 -1 -1 -1000 -1000 -1000 -10 1
8 2 Car -1 -1 -1 386.61 177.35 430.60 207.02 -1 -1 -1 -1000 -1000 -1000 -10 1
9 2 Car -1 -1 -1 363.50 179.80 410.57 210.75 -1 -1 -1 -1000 -1000 -1000 -10 1
10 2 Car -1 -1 -1 334.14 180.52 382.00 213.21 -1 -1 -1 -1000 -1000 -1000 -10 1
11 2 Car -1 -1 -1 301.29 177.66 351.78 211.48 -1 -1 -1 -1000 -1000 -1000 -10 1
12 2 Car -1 -1 -1 263.06 178.24 318.13 212.88 -1 -1 -1 -1000 -1000 -1000 -10 1
13 2 Car -1 -1 -1 219.00 181.10 278.75 219.48 -1 -1 -1 -1000 -1000 -1000 -10 1
14 2 Car -1 -1 -1 166.82 185.17 233.70 226.82 -1 -1 -1 -1000 -1000 -1000 -10 1
15 2 Car -1 -1 -1 106.48 187.38 179.52 230.24 -1 -1 -1 -1000 -1000 -1000 -10 1
16 2 Car -1 -1 -1 29.35 190.14 112.77 235.11 -1 -1 -1 -1000 -1000 -1000 -10 1
27 14 Car -1 -1 -1 1051.40 161.19 1130.73 235.29 -1 -1 -1 -1000 -1000 -1000 -10 1
28 15 Car -1 -1 -1 1043.53 170.81 1240.72 337.28 -1 -1 -1 -1000 -1000 -1000 -10 1
28 14 Car -1 -1 -1 991.51 160.46 1078.06 231.83 -1 -1 -1 -1000 -1000 -1000 -10 1
29 16 Car -1 -1 -1 950.20 173.72 1072.22 259.47 -1 -1 -1 -1000 -1000 -1000 -10 1
29 15 Car -1 -1 -1 1001.71 170.84 1239.81 350.84 -1 -1 -1 -1000 -1000 -1000 -10 1
29 14 Car -1 -1 -1 916.04 158.94 1009.29 225.44 -1 -1 -1 -1000 -1000 -1000 -10 1
30 16 Car -1 -1 -1 909.66 176.59 1049.34 273.23 -1 -1 -1 -1000 -1000 -1000 -10 1
30 15 Car -1 -1 -1 965.89 176.81 1235.79 368.52 -1 -1 -1 -1000 -1000 -1000 -10 1
30 14 Car -1 -1 -1 846.19 164.95 927.98 223.71 -1 -1 -1 -1000 -1000 -1000 -10 1
31 17 Car -1 -1 -1 830.76 177.00 940.30 248.54 -1 -1 -1 -1000 -1000 -1000 -10 1
31 16 Car -1 -1 -1 874.54 184.51 1021.02 283.25 -1 -1 -1 -1000 -1000 -1000 -10 1
31 15 Car -1 -1 -1 941.93 182.97 1240.48 379.31 -1 -1 -1 -1000 -1000 -1000 -10 1
31 14 Car -1 -1 -1 798.13 169.45 880.18 227.11 -1 -1 -1 -1000 -1000 -1000 -10 1
32 17 Car -1 -1 -1 789.66 180.45 920.87 259.78 -1 -1 -1 -1000 -1000 -1000 -10 1
32 16 Car -1 -1 -1 851.08 192.35 1018.41 298.43 -1 -1 -1 -1000 -1000 -1000 -10 1
32 15 Car -1 -1 -1 925.72 184.59 1241.89 380.00 -1 -1 -1 -1000 -1000 -1000 -10 1
32 14 Car -1 -1 -1 759.45 174.06 841.11 231.18 -1 -1 -1 -1000 -1000 -1000 -10 1
33 17 Car -1 -1 -1 767.86 184.80 908.46 270.39 -1 -1 -1 -1000 -1000 -1000 -10 1
33 16 Car -1 -1 -1 830.13 193.82 1040.00 320.46 -1 -1 -1 -1000 -1000 -1000 -10 1
33 15 Car -1 -1 -1 927.69 191.54 1248.58 382.03 -1 -1 -1 -1000 -1000 -1000 -10 1
33 14 Car -1 -1 -1 727.95 174.73 816.62 237.05 -1 -1 -1 -1000 -1000 -1000 -10 1
34 17 Car -1 -1 -1 757.42 183.71 912.21 277.91 -1 -1 -1 -1000 -1000 -1000 -10 1
34 16 Car -1 -1 -1 836.04 194.95 1085.23 344.09 -1 -1 -1 -1000 -1000 -1000 -10 1
34 15 Car -1 -1 -1 948.08 192.52 1254.58 378.46 -1 -1 -1 -1000 -1000 -1000 -10 1
34 14 Car -1 -1 -1 709.38 170.35 804.14 239.59 -1 -1 -1 -1000 -1000 -1000 -10 1
35 19 Car -1 -1 -1 689.26 175.04 778.35 237.15 -1 -1 -1 -1000 -1000 -1000 -10 1
35 17 Car -1 -1 -1 754.50 183.52 929.77 289.48 -1 -1 -1 -1000 -1000 -1000 -10 1
35 16 Car -1 -1 -1 855.67 192.34 1164.77 369.35 -1 -1 -1 -1000 -1000 -1000 -10 1
35 15 Car -1 -1 -1 1019.04 205.57 1275.23 385.31 -1 -1 -1 -1000 -1000 -1000 -10 1
35 14 Car -1 -1 -1 704.02 166.51 806.20 245.24 -1 -1 -1 -1000 -1000 -1000 -10 1
36 21 Car -1 -1 -1 660.18 182.21 704.94 215.82 -1 -1 -1 -1000 -1000 -1000 -10 1
36 19 Car -1 -1 -1 699.29 170.47 816.54 252.34 -1 -1 -1 -1000 -1000 -1000 -10 1
36 17 Car -1 -1 -1 758.49 187.80 970.38 309.57 -1 -1 -1 -1000 -1000 -1000 -10 1
36 16 Car -1 -1 -1 885.54 193.49 1229.70 378.95 -1 -1 -1 -1000 -1000 -1000 -10 1
37 21 Car -1 -1 -1 655.02 182.74 699.41 216.65 -1 -1 -1 -1000 -1000 -1000 -10 1
37 19 Car -1 -1 -1 706.98 166.63 851.94 268.26 -1 -1 -1 -1000 -1000 -1000 -10 1
37 17 Car -1 -1 -1 775.34 185.07 1052.46 338.24 -1 -1 -1 -1000 -1000 -1000 -10 1
37 16 Car -1 -1 -1 919.89 193.92 1254.95 380.78 -1 -1 -1 -1000 -1000 -1000 -10 1
38 21 Car -1 -1 -1 655.39 182.33 701.92 218.15 -1 -1 -1 -1000 -1000 -1000 -10 1
38 19 Car -1 -1 -1 711.43 164.61 877.35 279.74 -1 -1 -1 -1000 -1000 -1000 -10 1
38 17 Car -1 -1 -1 807.45 187.89 1167.70 369.04 -1 -1 -1 -1000 -1000 -1000 -10 1
39 21 Car -1 -1 -1 658.86 182.42 709.14 220.95 -1 -1 -1 -1000 -1000 -1000 -10 1
39 19 Car -1 -1 -1 729.40 163.89 914.05 290.74 -1 -1 -1 -1000 -1000 -1000 -10 1
39 17 Car -1 -1 -1 832.18 178.72 1241.27 373.55 -1 -1 -1 -1000 -1000 -1000 -10 1
40 23 Car -1 -1 -1 706.66 180.35 812.42 254.35 -1 -1 -1 -1000 -1000 -1000 -10 1
40 21 Car -1 -1 -1 662.82 179.52 714.71 219.55 -1 -1 -1 -1000 -1000 -1000 -10 1
40 19 Car -1 -1 -1 755.23 164.08 970.18 308.06 -1 -1 -1 -1000 -1000 -1000 -10 1
40 17 Car -1 -1 -1 862.48 178.42 1266.88 372.75 -1 -1 -1 -1000 -1000 -1000 -10 1
41 23 Car -1 -1 -1 716.26 181.77 836.43 260.32 -1 -1 -1 -1000 -1000 -1000 -10 1
41 21 Car -1 -1 -1 667.50 178.12 722.27 220.91 -1 -1 -1 -1000 -1000 -1000 -10 1
41 19 Car -1 -1 -1 784.95 158.96 1059.18 334.20 -1 -1 -1 -1000 -1000 -1000 -10 1
41 17 Car -1 -1 -1 936.20 184.29 1283.68 376.42 -1 -1 -1 -1000 -1000 -1000 -10 1
42 23 Car -1 -1 -1 733.95 184.25 867.02 267.49 -1 -1 -1 -1000 -1000 -1000 -10 1
42 21 Car -1 -1 -1 677.60 178.62 736.40 223.49 -1 -1 -1 -1000 -1000 -1000 -10 1
42 19 Car -1 -1 -1 823.68 144.72 1184.82 365.28 -1 -1 -1 -1000 -1000 -1000 -10 1
43 23 Car -1 -1 -1 750.49 184.64 903.00 277.67 -1 -1 -1 -1000 -1000 -1000 -10 1
43 21 Car -1 -1 -1 689.06 179.22 754.55 227.29 -1 -1 -1 -1000 -1000 -1000 -10 1
43 19 Car -1 -1 -1 850.65 126.90 1244.26 371.04 -1 -1 -1 -1000 -1000 -1000 -10 1
44 23 Car -1 -1 -1 771.01 186.03 963.67 300.52 -1 -1 -1 -1000 -1000 -1000 -10 1
44 21 Car -1 -1 -1 692.68 181.56 766.08 229.93 -1 -1 -1 -1000 -1000 -1000 -10 1
45 25 Car -1 -1 -1 1001.53 184.71 1246.18 373.64 -1 -1 -1 -1000 -1000 -1000 -10 1
45 23 Car -1 -1 -1 800.32 186.74 1045.32 324.77 -1 -1 -1 -1000 -1000 -1000 -10 1
45 21 Car -1 -1 -1 697.91 180.64 781.43 235.17 -1 -1 -1 -1000 -1000 -1000 -10 1
46 23 Car -1 -1 -1 850.98 188.16 1176.94 363.34 -1 -1 -1 -1000 -1000 -1000 -10 1
46 21 Car -1 -1 -1 708.24 179.93 797.00 240.08 -1 -1 -1 -1000 -1000 -1000 -10 1
47 23 Car -1 -1 -1 882.52 186.16 1250.49 372.75 -1 -1 -1 -1000 -1000 -1000 -10 1
47 21 Car -1 -1 -1 718.18 181.31 821.97 246.81 -1 -1 -1 -1000 -1000 -1000 -10 1
48 23 Car -1 -1 -1 911.19 190.09 1268.89 378.95 -1 -1 -1 -1000 -1000 -1000 -10 1
48 21 Car -1 -1 -1 722.10 180.46 844.35 251.79 -1 -1 -1 -1000 -1000 -1000 -10 1
49 23 Car -1 -1 -1 969.37 179.91 1285.94 375.69 -1 -1 -1 -1000 -1000 -1000 -10 1
49 21 Car -1 -1 -1 735.87 185.55 869.16 262.62 -1 -1 -1 -1000 -1000 -1000 -10 1
50 21 Car -1 -1 -1 752.25 185.71 909.32 277.68 -1 -1 -1 -1000 -1000 -1000 -10 1
51 21 Car -1 -1 -1 771.86 183.01 961.26 291.72 -1 -1 -1 -1000 -1000 -1000 -10 1
52 21 Car -1 -1 -1 792.20 180.56 1032.32 313.52 -1 -1 -1 -1000 -1000 -1000 -10 1
53 21 Car -1 -1 -1 826.70 190.33 1125.02 349.04 -1 -1 -1 -1000 -1000 -1000 -10 1
54 26 Car -1 -1 -1 494.53 180.60 537.36 204.64 -1 -1 -1 -1000 -1000 -1000 -10 1
54 21 Car -1 -1 -1 852.35 188.06 1223.07 368.62 -1 -1 -1 -1000 -1000 -1000 -10 1
55 26 Car -1 -1 -1 479.35 181.29 522.73 206.88 -1 -1 -1 -1000 -1000 -1000 -10 1
55 21 Car -1 -1 -1 867.60 187.25 1253.41 372.53 -1 -1 -1 -1000 -1000 -1000 -10 1
56 26 Car -1 -1 -1 467.01 182.19 513.27 209.77 -1 -1 -1 -1000 -1000 -1000 -10 1
56 21 Car -1 -1 -1 907.08 188.54 1261.19 372.11 -1 -1 -1 -1000 -1000 -1000 -10 1
57 26 Car -1 -1 -1 446.75 182.33 500.03 212.87 -1 -1 -1 -1000 -1000 -1000 -10 1
57 21 Car -1 -1 -1 959.87 185.02 1278.93 373.68 -1 -1 -1 -1000 -1000 -1000 -10 1
58 26 Car -1 -1 -1 428.47 181.02 489.58 215.10 -1 -1 -1 -1000 -1000 -1000 -10 1
59 26 Car -1 -1 -1 406.31 181.09 474.33 218.39 -1 -1 -1 -1000 -1000 -1000 -10 1
60 26 Car -1 -1 -1 377.66 184.64 458.56 224.65 -1 -1 -1 -1000 -1000 -1000 -10 1
61 26 Car -1 -1 -1 358.20 185.98 439.34 228.42 -1 -1 -1 -1000 -1000 -1000 -10 1
62 26 Car -1 -1 -1 317.03 187.29 412.06 236.95 -1 -1 -1 -1000 -1000 -1000 -10 1
63 26 Car -1 -1 -1 285.48 189.36 395.85 243.45 -1 -1 -1 -1000 -1000 -1000 -10 1
64 26 Car -1 -1 -1 240.44 194.93 367.32 252.94 -1 -1 -1 -1000 -1000 -1000 -10 1
65 26 Car -1 -1 -1 190.83 198.66 331.25 263.93 -1 -1 -1 -1000 -1000 -1000 -10 1
66 31 Car -1 -1 -1 511.45 178.82 541.31 201.85 -1 -1 -1 -1000 -1000 -1000 -10 1
66 26 Car -1 -1 -1 122.37 197.38 296.55 275.49 -1 -1 -1 -1000 -1000 -1000 -10 1
67 26 Car -1 -1 -1 52.27 197.33 272.24 296.01 -1 -1 -1 -1000 -1000 -1000 -10 1
68 26 Car -1 -1 -1 -0.66 201.73 240.27 317.16 -1 -1 -1 -1000 -1000 -1000 -10 1
69 26 Car -1 -1 -1 -16.05 210.68 212.51 337.14 -1 -1 -1 -1000 -1000 -1000 -10 1
70 35 Car -1 -1 -1 491.59 180.61 534.25 207.20 -1 -1 -1 -1000 -1000 -1000 -10 1
71 35 Car -1 -1 -1 485.05 181.76 531.25 209.22 -1 -1 -1 -1000 -1000 -1000 -10 1
72 35 Car -1 -1 -1 480.53 181.94 529.04 211.81 -1 -1 -1 -1000 -1000 -1000 -10 1
73 36 Car -1 -1 -1 616.46 175.29 647.17 198.72 -1 -1 -1 -1000 -1000 -1000 -10 1
73 35 Car -1 -1 -1 471.06 182.40 524.60 215.28 -1 -1 -1 -1000 -1000 -1000 -10 1
74 37 Car -1 -1 -1 535.64 180.80 567.23 202.66 -1 -1 -1 -1000 -1000 -1000 -10 1
74 35 Car -1 -1 -1 462.99 183.24 520.15 217.60 -1 -1 -1 -1000 -1000 -1000 -10 1
75 37 Car -1 -1 -1 544.60 179.25 574.82 200.57 -1 -1 -1 -1000 -1000 -1000 -10 1
75 35 Car -1 -1 -1 456.92 183.37 517.27 219.65 -1 -1 -1 -1000 -1000 -1000 -10 1
76 37 Car -1 -1 -1 544.45 179.32 573.49 200.42 -1 -1 -1 -1000 -1000 -1000 -10 1
76 35 Car -1 -1 -1 441.92 185.38 512.34 223.96 -1 -1 -1 -1000 -1000 -1000 -10 1
77 37 Car -1 -1 -1 545.47 178.04 576.22 201.85 -1 -1 -1 -1000 -1000 -1000 -10 1
77 35 Car -1 -1 -1 425.14 188.92 500.48 232.31 -1 -1 -1 -1000 -1000 -1000 -10 1
78 39 Car -1 -1 -1 633.40 178.75 668.96 205.27 -1 -1 -1 -1000 -1000 -1000 -10 1
78 37 Car -1 -1 -1 544.50 177.88 576.33 203.49 -1 -1 -1 -1000 -1000 -1000 -10 1
78 35 Car -1 -1 -1 414.26 189.42 493.78 236.43 -1 -1 -1 -1000 -1000 -1000 -10 1
79 39 Car -1 -1 -1 632.60 178.24 668.41 205.40 -1 -1 -1 -1000 -1000 -1000 -10 1
79 37 Car -1 -1 -1 540.35 177.80 573.65 205.63 -1 -1 -1 -1000 -1000 -1000 -10 1
79 35 Car -1 -1 -1 399.48 190.53 482.50 239.97 -1 -1 -1 -1000 -1000 -1000 -10 1
80 40 Car -1 -1 -1 536.29 177.16 570.73 206.49 -1 -1 -1 -1000 -1000 -1000 -10 1
80 39 Car -1 -1 -1 633.06 177.99 667.02 203.86 -1 -1 -1 -1000 -1000 -1000 -10 1
80 35 Car -1 -1 -1 377.48 185.98 462.72 240.55 -1 -1 -1 -1000 -1000 -1000 -10 1
81 40 Car -1 -1 -1 532.25 177.14 569.29 208.12 -1 -1 -1 -1000 -1000 -1000 -10 1
81 39 Car -1 -1 -1 634.67 177.87 667.22 202.71 -1 -1 -1 -1000 -1000 -1000 -10 1
81 35 Car -1 -1 -1 350.71 181.44 448.97 247.89 -1 -1 -1 -1000 -1000 -1000 -10 1
82 40 Car -1 -1 -1 526.42 177.04 566.47 207.85 -1 -1 -1 -1000 -1000 -1000 -10 1
82 39 Car -1 -1 -1 634.78 178.01 666.66 202.88 -1 -1 -1 -1000 -1000 -1000 -10 1
82 35 Car -1 -1 -1 315.67 183.02 432.88 259.96 -1 -1 -1 -1000 -1000 -1000 -10 1
83 40 Car -1 -1 -1 522.41 177.76 565.07 209.76 -1 -1 -1 -1000 -1000 -1000 -10 1
83 39 Car -1 -1 -1 636.09 177.94 667.59 203.14 -1 -1 -1 -1000 -1000 -1000 -10 1
83 35 Car -1 -1 -1 281.03 189.86 415.76 266.49 -1 -1 -1 -1000 -1000 -1000 -10 1
84 40 Car -1 -1 -1 516.39 179.15 561.28 212.63 -1 -1 -1 -1000 -1000 -1000 -10 1
84 39 Car -1 -1 -1 636.46 178.48 669.48 205.08 -1 -1 -1 -1000 -1000 -1000 -10 1
84 35 Car -1 -1 -1 252.38 195.42 400.68 276.68 -1 -1 -1 -1000 -1000 -1000 -10 1
85 39 Car -1 -1 -1 635.83 178.38 669.89 205.65 -1 -1 -1 -1000 -1000 -1000 -10 1
85 35 Car -1 -1 -1 199.88 194.75 385.75 288.02 -1 -1 -1 -1000 -1000 -1000 -10 1
86 42 Car -1 -1 -1 497.66 182.45 550.17 216.03 -1 -1 -1 -1000 -1000 -1000 -10 1
86 35 Car -1 -1 -1 150.22 197.15 359.64 294.57 -1 -1 -1 -1000 -1000 -1000 -10 1
87 35 Car -1 -1 -1 99.53 199.37 339.58 305.14 -1 -1 -1 -1000 -1000 -1000 -10 1
88 35 Car -1 -1 -1 30.97 206.49 312.36 332.56 -1 -1 -1 -1000 -1000 -1000 -10 1
89 45 Car -1 -1 -1 632.60 178.61 668.80 206.26 -1 -1 -1 -1000 -1000 -1000 -10 1
89 35 Car -1 -1 -1 4.03 207.70 300.18 346.18 -1 -1 -1 -1000 -1000 -1000 -10 1
90 46 Car -1 -1 -1 469.95 180.37 534.06 225.08 -1 -1 -1 -1000 -1000 -1000 -10 1
90 45 Car -1 -1 -1 632.83 178.81 669.04 206.84 -1 -1 -1 -1000 -1000 -1000 -10 1
90 35 Car -1 -1 -1 -16.30 210.35 270.36 356.16 -1 -1 -1 -1000 -1000 -1000 -10 1
91 46 Car -1 -1 -1 447.43 188.15 520.00 233.45 -1 -1 -1 -1000 -1000 -1000 -10 1
91 45 Car -1 -1 -1 630.20 181.75 665.45 210.32 -1 -1 -1 -1000 -1000 -1000 -10 1
91 35 Car -1 -1 -1 -22.89 208.61 235.28 359.03 -1 -1 -1 -1000 -1000 -1000 -10 1
92 46 Car -1 -1 -1 422.26 188.97 502.15 239.32 -1 -1 -1 -1000 -1000 -1000 -10 1
92 45 Car -1 -1 -1 628.83 185.68 662.15 214.84 -1 -1 -1 -1000 -1000 -1000 -10 1
92 35 Car -1 -1 -1 -27.35 209.20 194.57 365.66 -1 -1 -1 -1000 -1000 -1000 -10 1
93 46 Car -1 -1 -1 397.67 188.55 485.78 242.10 -1 -1 -1 -1000 -1000 -1000 -10 1
93 45 Car -1 -1 -1 622.05 184.91 655.53 212.95 -1 -1 -1 -1000 -1000 -1000 -10 1
93 35 Car -1 -1 -1 -30.17 210.19 147.92 370.36 -1 -1 -1 -1000 -1000 -1000 -10 1
94 46 Car -1 -1 -1 363.44 189.37 465.53 246.58 -1 -1 -1 -1000 -1000 -1000 -10 1
94 45 Car -1 -1 -1 612.47 183.78 646.33 211.54 -1 -1 -1 -1000 -1000 -1000 -10 1
95 46 Car -1 -1 -1 322.79 191.25 439.87 254.93 -1 -1 -1 -1000 -1000 -1000 -10 1
95 45 Car -1 -1 -1 597.55 183.59 631.15 212.37 -1 -1 -1 -1000 -1000 -1000 -10 1
96 46 Car -1 -1 -1 273.11 193.07 405.40 261.97 -1 -1 -1 -1000 -1000 -1000 -10 1
97 46 Car -1 -1 -1 226.23 195.87 366.72 271.02 -1 -1 -1 -1000 -1000 -1000 -10 1
98 46 Car -1 -1 -1 166.09 193.74 333.81 281.84 -1 -1 -1 -1000 -1000 -1000 -10 1
98 45 Car -1 -1 -1 564.43 186.41 597.98 214.93 -1 -1 -1 -1000 -1000 -1000 -10 1
99 46 Car -1 -1 -1 105.88 197.48 303.69 297.10 -1 -1 -1 -1000 -1000 -1000 -10 1
99 45 Car -1 -1 -1 563.90 187.42 598.25 214.97 -1 -1 -1 -1000 -1000 -1000 -10 1
100 46 Car -1 -1 -1 29.54 199.72 273.37 318.15 -1 -1 -1 -1000 -1000 -1000 -10 1
100 45 Car -1 -1 -1 572.12 186.76 607.14 215.55 -1 -1 -1 -1000 -1000 -1000 -10 1
101 54 Car -1 -1 -1 437.54 186.19 475.18 213.41 -1 -1 -1 -1000 -1000 -1000 -10 1
101 53 Car -1 -1 -1 479.74 179.56 511.01 206.47 -1 -1 -1 -1000 -1000 -1000 -10 1
101 46 Car -1 -1 -1 -7.99 201.63 249.20 332.88 -1 -1 -1 -1000 -1000 -1000 -10 1
101 45 Car -1 -1 -1 582.98 190.03 614.76 220.62 -1 -1 -1 -1000 -1000 -1000 -10 1
102 54 Car -1 -1 -1 448.21 192.47 487.56 222.15 -1 -1 -1 -1000 -1000 -1000 -10 1
102 46 Car -1 -1 -1 -25.72 211.68 210.11 356.70 -1 -1 -1 -1000 -1000 -1000 -10 1
102 45 Car -1 -1 -1 590.30 190.27 621.91 221.62 -1 -1 -1 -1000 -1000 -1000 -10 1
103 46 Car -1 -1 -1 -37.61 212.46 157.66 365.68 -1 -1 -1 -1000 -1000 -1000 -10 1
103 45 Car -1 -1 -1 602.01 198.01 634.60 231.33 -1 -1 -1 -1000 -1000 -1000 -10 1
107 59 Car -1 -1 -1 478.32 185.52 528.18 219.33 -1 -1 -1 -1000 -1000 -1000 -10 1
108 59 Car -1 -1 -1 483.01 185.59 531.54 219.11 -1 -1 -1 -1000 -1000 -1000 -10 1
109 59 Car -1 -1 -1 484.76 184.55 534.66 218.01 -1 -1 -1 -1000 -1000 -1000 -10 1
110 61 Car -1 -1 -1 676.30 181.61 729.29 220.03 -1 -1 -1 -1000 -1000 -1000 -10 1
110 59 Car -1 -1 -1 484.85 184.44 536.57 219.90 -1 -1 -1 -1000 -1000 -1000 -10 1
111 61 Car -1 -1 -1 680.69 181.06 738.95 221.54 -1 -1 -1 -1000 -1000 -1000 -10 1
111 59 Car -1 -1 -1 483.61 184.36 536.36 220.81 -1 -1 -1 -1000 -1000 -1000 -10 1
112 61 Car -1 -1 -1 689.57 181.93 754.54 225.24 -1 -1 -1 -1000 -1000 -1000 -10 1
112 59 Car -1 -1 -1 480.48 184.88 536.89 222.95 -1 -1 -1 -1000 -1000 -1000 -10 1
113 61 Car -1 -1 -1 695.35 179.29 764.74 224.33 -1 -1 -1 -1000 -1000 -1000 -10 1
113 59 Car -1 -1 -1 476.55 182.81 534.95 221.04 -1 -1 -1 -1000 -1000 -1000 -10 1
114 61 Car -1 -1 -1 696.82 175.34 767.96 220.53 -1 -1 -1 -1000 -1000 -1000 -10 1
114 59 Car -1 -1 -1 472.42 180.26 530.65 219.17 -1 -1 -1 -1000 -1000 -1000 -10 1
115 61 Car -1 -1 -1 706.22 177.22 777.83 223.22 -1 -1 -1 -1000 -1000 -1000 -10 1
115 59 Car -1 -1 -1 461.46 180.82 522.90 221.22 -1 -1 -1 -1000 -1000 -1000 -10 1
116 64 Car -1 -1 -1 689.32 178.20 741.68 219.20 -1 -1 -1 -1000 -1000 -1000 -10 1
116 61 Car -1 -1 -1 707.15 181.36 781.42 231.80 -1 -1 -1 -1000 -1000 -1000 -10 1
116 59 Car -1 -1 -1 450.31 187.71 515.97 231.48 -1 -1 -1 -1000 -1000 -1000 -10 1
117 65 Car -1 -1 -1 542.95 174.86 581.54 204.60 -1 -1 -1 -1000 -1000 -1000 -10 1
117 64 Car -1 -1 -1 699.21 181.81 767.37 233.19 -1 -1 -1 -1000 -1000 -1000 -10 1
117 61 Car -1 -1 -1 717.79 184.52 805.98 244.45 -1 -1 -1 -1000 -1000 -1000 -10 1
117 59 Car -1 -1 -1 434.81 190.87 506.08 238.05 -1 -1 -1 -1000 -1000 -1000 -10 1
118 65 Car -1 -1 -1 535.37 175.94 573.71 204.15 -1 -1 -1 -1000 -1000 -1000 -10 1
118 64 Car -1 -1 -1 699.04 178.19 767.71 229.91 -1 -1 -1 -1000 -1000 -1000 -10 1
118 61 Car -1 -1 -1 725.88 184.76 822.22 250.46 -1 -1 -1 -1000 -1000 -1000 -10 1
118 59 Car -1 -1 -1 418.60 189.75 496.87 240.87 -1 -1 -1 -1000 -1000 -1000 -10 1
119 65 Car -1 -1 -1 523.28 176.50 563.68 203.71 -1 -1 -1 -1000 -1000 -1000 -10 1
119 64 Car -1 -1 -1 697.69 176.09 764.81 227.52 -1 -1 -1 -1000 -1000 -1000 -10 1
119 61 Car -1 -1 -1 733.64 184.93 841.96 257.49 -1 -1 -1 -1000 -1000 -1000 -10 1
119 59 Car -1 -1 -1 399.09 189.47 485.36 243.00 -1 -1 -1 -1000 -1000 -1000 -10 1
120 65 Car -1 -1 -1 519.66 176.33 559.89 203.25 -1 -1 -1 -1000 -1000 -1000 -10 1
120 64 Car -1 -1 -1 697.07 176.70 764.90 228.70 -1 -1 -1 -1000 -1000 -1000 -10 1
120 61 Car -1 -1 -1 742.86 185.91 865.25 263.62 -1 -1 -1 -1000 -1000 -1000 -10 1
120 59 Car -1 -1 -1 375.24 191.84 472.45 250.76 -1 -1 -1 -1000 -1000 -1000 -10 1
121 65 Car -1 -1 -1 512.81 176.80 553.93 206.25 -1 -1 -1 -1000 -1000 -1000 -10 1
121 64 Car -1 -1 -1 699.78 178.37 771.57 231.76 -1 -1 -1 -1000 -1000 -1000 -10 1
121 61 Car -1 -1 -1 759.60 189.58 896.69 277.08 -1 -1 -1 -1000 -1000 -1000 -10 1
121 59 Car -1 -1 -1 344.21 189.44 455.64 256.50 -1 -1 -1 -1000 -1000 -1000 -10 1
122 68 Car -1 -1 -1 725.80 189.02 842.73 260.61 -1 -1 -1 -1000 -1000 -1000 -10 1
122 65 Car -1 -1 -1 507.90 176.05 550.71 206.58 -1 -1 -1 -1000 -1000 -1000 -10 1
122 64 Car -1 -1 -1 699.19 180.29 779.30 236.73 -1 -1 -1 -1000 -1000 -1000 -10 1
122 61 Car -1 -1 -1 779.28 193.93 946.57 296.06 -1 -1 -1 -1000 -1000 -1000 -10 1
122 59 Car -1 -1 -1 311.90 192.38 433.52 264.09 -1 -1 -1 -1000 -1000 -1000 -10 1
123 68 Car -1 -1 -1 736.36 188.75 869.54 270.15 -1 -1 -1 -1000 -1000 -1000 -10 1
123 65 Car -1 -1 -1 505.09 165.51 553.24 201.39 -1 -1 -1 -1000 -1000 -1000 -10 1
123 64 Car -1 -1 -1 700.47 178.69 784.16 239.37 -1 -1 -1 -1000 -1000 -1000 -10 1
123 61 Car -1 -1 -1 808.85 195.82 1024.40 327.74 -1 -1 -1 -1000 -1000 -1000 -10 1
123 59 Car -1 -1 -1 264.42 193.83 405.63 277.29 -1 -1 -1 -1000 -1000 -1000 -10 1
124 68 Car -1 -1 -1 750.76 187.04 903.54 281.38 -1 -1 -1 -1000 -1000 -1000 -10 1
124 65 Car -1 -1 -1 490.39 168.32 545.63 204.18 -1 -1 -1 -1000 -1000 -1000 -10 1
124 64 Car -1 -1 -1 704.10 175.64 796.17 242.85 -1 -1 -1 -1000 -1000 -1000 -10 1
124 61 Car -1 -1 -1 853.64 199.39 1131.34 361.46 -1 -1 -1 -1000 -1000 -1000 -10 1
124 59 Car -1 -1 -1 202.93 192.57 374.01 290.88 -1 -1 -1 -1000 -1000 -1000 -10 1
125 68 Car -1 -1 -1 770.67 187.91 961.29 303.67 -1 -1 -1 -1000 -1000 -1000 -10 1
125 65 Car -1 -1 -1 484.97 158.85 544.20 200.06 -1 -1 -1 -1000 -1000 -1000 -10 1
125 64 Car -1 -1 -1 708.70 174.79 808.93 246.92 -1 -1 -1 -1000 -1000 -1000 -10 1
125 61 Car -1 -1 -1 892.66 196.26 1224.89 372.42 -1 -1 -1 -1000 -1000 -1000 -10 1
125 59 Car -1 -1 -1 122.99 194.27 335.46 312.81 -1 -1 -1 -1000 -1000 -1000 -10 1
126 70 Car -1 -1 -1 469.94 154.61 541.45 201.85 -1 -1 -1 -1000 -1000 -1000 -10 1
126 68 Car -1 -1 -1 797.20 185.35 1043.94 328.54 -1 -1 -1 -1000 -1000 -1000 -10 1
126 65 Car -1 -1 -1 481.33 157.29 541.98 199.07 -1 -1 -1 -1000 -1000 -1000 -10 1
126 64 Car -1 -1 -1 719.77 171.96 841.47 255.27 -1 -1 -1 -1000 -1000 -1000 -10 1
126 61 Car -1 -1 -1 935.69 197.80 1261.71 376.19 -1 -1 -1 -1000 -1000 -1000 -10 1
126 59 Car -1 -1 -1 30.91 202.30 285.03 340.92 -1 -1 -1 -1000 -1000 -1000 -10 1
127 71 Car -1 -1 -1 446.06 179.46 505.09 215.66 -1 -1 -1 -1000 -1000 -1000 -10 1
127 70 Car -1 -1 -1 467.63 153.26 540.62 198.68 -1 -1 -1 -1000 -1000 -1000 -10 1
127 68 Car -1 -1 -1 844.14 183.05 1175.57 364.96 -1 -1 -1 -1000 -1000 -1000 -10 1
127 65 Car -1 -1 -1 477.02 160.09 538.39 202.04 -1 -1 -1 -1000 -1000 -1000 -10 1
127 64 Car -1 -1 -1 725.51 173.13 859.03 265.61 -1 -1 -1 -1000 -1000 -1000 -10 1
127 61 Car -1 -1 -1 1042.93 200.86 1297.79 378.93 -1 -1 -1 -1000 -1000 -1000 -10 1
127 59 Car -1 -1 -1 -11.13 208.88 249.52 363.82 -1 -1 -1 -1000 -1000 -1000 -10 1
128 71 Car -1 -1 -1 440.29 184.02 497.10 219.26 -1 -1 -1 -1000 -1000 -1000 -10 1
128 70 Car -1 -1 -1 449.26 158.40 532.32 208.41 -1 -1 -1 -1000 -1000 -1000 -10 1
128 68 Car -1 -1 -1 876.85 181.32 1239.92 373.64 -1 -1 -1 -1000 -1000 -1000 -10 1
128 65 Car -1 -1 -1 474.93 164.97 534.09 206.24 -1 -1 -1 -1000 -1000 -1000 -10 1
128 64 Car -1 -1 -1 746.32 174.81 901.51 283.29 -1 -1 -1 -1000 -1000 -1000 -10 1
128 59 Car -1 -1 -1 -31.22 211.79 193.50 372.87 -1 -1 -1 -1000 -1000 -1000 -10 1
129 71 Car -1 -1 -1 424.10 182.03 489.29 222.83 -1 -1 -1 -1000 -1000 -1000 -10 1
129 68 Car -1 -1 -1 925.95 185.26 1270.44 375.36 -1 -1 -1 -1000 -1000 -1000 -10 1
129 64 Car -1 -1 -1 770.50 175.50 970.26 306.96 -1 -1 -1 -1000 -1000 -1000 -10 1
130 71 Car -1 -1 -1 410.19 182.30 486.80 227.37 -1 -1 -1 -1000 -1000 -1000 -10 1
130 64 Car -1 -1 -1 799.53 182.38 1064.75 342.09 -1 -1 -1 -1000 -1000 -1000 -10 1
131 71 Car -1 -1 -1 389.70 185.47 473.60 235.30 -1 -1 -1 -1000 -1000 -1000 -10 1
131 70 Car -1 -1 -1 422.52 163.82 503.64 220.98 -1 -1 -1 -1000 -1000 -1000 -10 1
131 64 Car -1 -1 -1 851.42 183.19 1191.10 365.41 -1 -1 -1 -1000 -1000 -1000 -10 1
132 74 Car -1 -1 -1 419.98 167.20 495.62 227.65 -1 -1 -1 -1000 -1000 -1000 -10 1
132 73 Car -1 -1 -1 517.93 178.66 567.03 208.62 -1 -1 -1 -1000 -1000 -1000 -10 1
132 71 Car -1 -1 -1 369.88 185.51 458.89 240.61 -1 -1 -1 -1000 -1000 -1000 -10 1
132 70 Car -1 -1 -1 420.00 167.44 496.89 224.63 -1 -1 -1 -1000 -1000 -1000 -10 1
132 64 Car -1 -1 -1 876.11 182.51 1244.79 375.48 -1 -1 -1 -1000 -1000 -1000 -10 1
133 74 Car -1 -1 -1 406.45 168.38 486.68 231.17 -1 -1 -1 -1000 -1000 -1000 -10 1
133 73 Car -1 -1 -1 516.66 179.85 564.22 211.29 -1 -1 -1 -1000 -1000 -1000 -10 1
133 71 Car -1 -1 -1 346.35 186.41 445.05 247.22 -1 -1 -1 -1000 -1000 -1000 -10 1
133 70 Car -1 -1 -1 405.13 163.58 482.11 226.65 -1 -1 -1 -1000 -1000 -1000 -10 1
133 64 Car -1 -1 -1 955.80 192.39 1273.05 382.81 -1 -1 -1 -1000 -1000 -1000 -10 1
134 73 Car -1 -1 -1 512.06 180.05 559.36 213.37 -1 -1 -1 -1000 -1000 -1000 -10 1
134 71 Car -1 -1 -1 317.22 187.88 430.80 254.36 -1 -1 -1 -1000 -1000 -1000 -10 1
135 73 Car -1 -1 -1 504.23 177.98 553.61 214.80 -1 -1 -1 -1000 -1000 -1000 -10 1
135 71 Car -1 -1 -1 286.22 187.13 414.55 259.91 -1 -1 -1 -1000 -1000 -1000 -10 1
135 70 Car -1 -1 -1 376.27 163.27 468.73 235.87 -1 -1 -1 -1000 -1000 -1000 -10 1
136 73 Car -1 -1 -1 494.21 176.07 546.33 215.11 -1 -1 -1 -1000 -1000 -1000 -10 1
136 71 Car -1 -1 -1 258.23 187.52 399.60 265.99 -1 -1 -1 -1000 -1000 -1000 -10 1
136 70 Car -1 -1 -1 354.20 161.34 454.98 240.24 -1 -1 -1 -1000 -1000 -1000 -10 1
137 73 Car -1 -1 -1 493.97 175.88 548.34 215.76 -1 -1 -1 -1000 -1000 -1000 -10 1
137 71 Car -1 -1 -1 209.28 189.20 371.75 275.92 -1 -1 -1 -1000 -1000 -1000 -10 1
138 73 Car -1 -1 -1 488.27 178.13 546.98 220.86 -1 -1 -1 -1000 -1000 -1000 -10 1
138 71 Car -1 -1 -1 149.32 188.94 345.33 295.22 -1 -1 -1 -1000 -1000 -1000 -10 1
139 73 Car -1 -1 -1 475.51 179.03 542.62 225.70 -1 -1 -1 -1000 -1000 -1000 -10 1
139 71 Car -1 -1 -1 70.73 193.27 317.10 323.70 -1 -1 -1 -1000 -1000 -1000 -10 1
139 70 Car -1 -1 -1 277.60 144.83 424.30 250.71 -1 -1 -1 -1000 -1000 -1000 -10 1
140 77 Car -1 -1 -1 207.70 126.14 406.84 275.77 -1 -1 -1 -1000 -1000 -1000 -10 1
140 73 Car -1 -1 -1 461.81 177.95 538.30 229.88 -1 -1 -1 -1000 -1000 -1000 -10 1
140 71 Car -1 -1 -1 4.87 203.66 280.70 352.25 -1 -1 -1 -1000 -1000 -1000 -10 1
141 77 Car -1 -1 -1 129.17 109.96 383.14 291.31 -1 -1 -1 -1000 -1000 -1000 -10 1
141 73 Car -1 -1 -1 445.99 178.83 533.98 236.19 -1 -1 -1 -1000 -1000 -1000 -10 1
141 71 Car -1 -1 -1 -19.22 208.65 246.70 370.26 -1 -1 -1 -1000 -1000 -1000 -10 1
141 70 Car -1 -1 -1 163.13 124.79 360.13 272.56 -1 -1 -1 -1000 -1000 -1000 -10 1
142 77 Car -1 -1 -1 52.69 99.73 355.46 313.76 -1 -1 -1 -1000 -1000 -1000 -10 1
142 73 Car -1 -1 -1 427.35 181.39 526.74 244.21 -1 -1 -1 -1000 -1000 -1000 -10 1
142 71 Car -1 -1 -1 -33.15 208.47 185.13 371.82 -1 -1 -1 -1000 -1000 -1000 -10 1
143 77 Car -1 -1 -1 -11.94 91.33 341.44 339.78 -1 -1 -1 -1000 -1000 -1000 -10 1
143 73 Car -1 -1 -1 399.37 181.56 512.35 252.45 -1 -1 -1 -1000 -1000 -1000 -10 1
144 77 Car -1 -1 -1 -38.93 78.90 320.32 353.78 -1 -1 -1 -1000 -1000 -1000 -10 1
144 73 Car -1 -1 -1 375.37 185.10 503.81 264.72 -1 -1 -1 -1000 -1000 -1000 -10 1
145 80 Car -1 -1 -1 352.46 180.22 442.43 217.18 -1 -1 -1 -1000 -1000 -1000 -10 1
145 77 Car -1 -1 -1 -52.76 69.96 270.15 373.64 -1 -1 -1 -1000 -1000 -1000 -10 1
145 73 Car -1 -1 -1 342.58 192.60 482.78 281.13 -1 -1 -1 -1000 -1000 -1000 -10 1
146 81 Car -1 -1 -1 1.95 213.82 155.68 374.38 -1 -1 -1 -1000 -1000 -1000 -10 1
146 73 Car -1 -1 -1 296.73 199.33 459.78 302.32 -1 -1 -1 -1000 -1000 -1000 -10 1
147 82 Car -1 -1 -1 408.65 178.30 476.60 227.63 -1 -1 -1 -1000 -1000 -1000 -10 1
147 73 Car -1 -1 -1 218.22 207.52 430.39 338.54 -1 -1 -1 -1000 -1000 -1000 -10 1
148 83 Car -1 -1 -1 472.49 175.01 515.74 206.72 -1 -1 -1 -1000 -1000 -1000 -10 1
148 82 Car -1 -1 -1 392.38 182.71 468.72 232.71 -1 -1 -1 -1000 -1000 -1000 -10 1
148 73 Car -1 -1 -1 96.84 207.91 383.26 366.26 -1 -1 -1 -1000 -1000 -1000 -10 1
149 82 Car -1 -1 -1 367.37 187.58 458.88 247.82 -1 -1 -1 -1000 -1000 -1000 -10 1
149 73 Car -1 -1 -1 17.21 216.28 360.43 373.41 -1 -1 -1 -1000 -1000 -1000 -10 1
150 82 Car -1 -1 -1 355.50 182.63 450.33 245.01 -1 -1 -1 -1000 -1000 -1000 -10 1
150 73 Car -1 -1 -1 -19.18 206.78 334.56 374.86 -1 -1 -1 -1000 -1000 -1000 -10 1
151 83 Car -1 -1 -1 460.15 174.55 512.50 207.59 -1 -1 -1 -1000 -1000 -1000 -10 1
151 82 Car -1 -1 -1 336.60 179.78 439.65 248.46 -1 -1 -1 -1000 -1000 -1000 -10 1
151 73 Car -1 -1 -1 -14.71 200.78 284.61 367.95 -1 -1 -1 -1000 -1000 -1000 -10 1
152 82 Car -1 -1 -1 312.91 178.80 424.46 250.36 -1 -1 -1 -1000 -1000 -1000 -10 1
152 73 Car -1 -1 -1 -20.36 187.03 277.02 350.35 -1 -1 -1 -1000 -1000 -1000 -10 1
153 83 Car -1 -1 -1 447.20 172.09 499.75 207.11 -1 -1 -1 -1000 -1000 -1000 -10 1
153 82 Car -1 -1 -1 281.67 180.70 406.71 256.56 -1 -1 -1 -1000 -1000 -1000 -10 1
153 73 Car -1 -1 -1 -31.28 200.63 235.79 369.31 -1 -1 -1 -1000 -1000 -1000 -10 1
154 83 Car -1 -1 -1 441.96 173.64 499.09 213.70 -1 -1 -1 -1000 -1000 -1000 -10 1
154 82 Car -1 -1 -1 242.99 184.59 384.49 268.19 -1 -1 -1 -1000 -1000 -1000 -10 1
154 73 Car -1 -1 -1 -43.45 204.66 164.90 374.06 -1 -1 -1 -1000 -1000 -1000 -10 1
155 87 Car -1 -1 -1 488.03 177.36 539.92 223.85 -1 -1 -1 -1000 -1000 -1000 -10 1
155 83 Car -1 -1 -1 429.60 176.45 491.59 219.64 -1 -1 -1 -1000 -1000 -1000 -10 1
156 87 Car -1 -1 -1 481.45 174.25 530.49 217.30 -1 -1 -1 -1000 -1000 -1000 -10 1
156 83 Car -1 -1 -1 419.89 179.74 488.47 224.34 -1 -1 -1 -1000 -1000 -1000 -10 1
156 82 Car -1 -1 -1 117.78 189.01 324.73 308.08 -1 -1 -1 -1000 -1000 -1000 -10 1
157 87 Car -1 -1 -1 485.69 172.65 534.94 208.93 -1 -1 -1 -1000 -1000 -1000 -10 1
157 83 Car -1 -1 -1 423.59 183.30 489.44 232.14 -1 -1 -1 -1000 -1000 -1000 -10 1
157 82 Car -1 -1 -1 30.09 192.32 288.77 334.85 -1 -1 -1 -1000 -1000 -1000 -10 1
158 87 Car -1 -1 -1 477.28 170.52 534.52 205.35 -1 -1 -1 -1000 -1000 -1000 -10 1
158 82 Car -1 -1 -1 -10.29 201.41 259.15 361.37 -1 -1 -1 -1000 -1000 -1000 -10 1
159 89 Car -1 -1 -1 375.21 182.73 479.81 229.54 -1 -1 -1 -1000 -1000 -1000 -10 1
159 87 Car -1 -1 -1 476.11 172.00 532.59 205.94 -1 -1 -1 -1000 -1000 -1000 -10 1
159 82 Car -1 -1 -1 -28.07 200.45 209.11 369.88 -1 -1 -1 -1000 -1000 -1000 -10 1
160 89 Car -1 -1 -1 364.55 182.54 467.32 235.18 -1 -1 -1 -1000 -1000 -1000 -10 1
160 87 Car -1 -1 -1 479.64 173.32 535.54 206.79 -1 -1 -1 -1000 -1000 -1000 -10 1
161 91 Car -1 -1 -1 430.53 178.67 508.49 222.77 -1 -1 -1 -1000 -1000 -1000 -10 1
161 89 Car -1 -1 -1 347.92 180.53 461.59 243.34 -1 -1 -1 -1000 -1000 -1000 -10 1
161 87 Car -1 -1 -1 476.84 173.89 535.25 207.80 -1 -1 -1 -1000 -1000 -1000 -10 1
162 91 Car -1 -1 -1 425.37 179.14 504.15 222.80 -1 -1 -1 -1000 -1000 -1000 -10 1
162 89 Car -1 -1 -1 323.27 181.02 445.15 249.46 -1 -1 -1 -1000 -1000 -1000 -10 1
162 87 Car -1 -1 -1 476.03 175.47 534.14 210.33 -1 -1 -1 -1000 -1000 -1000 -10 1
163 91 Car -1 -1 -1 427.14 182.60 498.04 226.30 -1 -1 -1 -1000 -1000 -1000 -10 1
163 89 Car -1 -1 -1 297.96 183.50 430.41 256.28 -1 -1 -1 -1000 -1000 -1000 -10 1
163 87 Car -1 -1 -1 476.28 175.47 534.84 210.61 -1 -1 -1 -1000 -1000 -1000 -10 1
164 91 Car -1 -1 -1 409.81 184.35 483.69 232.64 -1 -1 -1 -1000 -1000 -1000 -10 1
164 89 Car -1 -1 -1 270.92 184.80 412.19 261.85 -1 -1 -1 -1000 -1000 -1000 -10 1
164 87 Car -1 -1 -1 477.07 174.70 535.48 209.33 -1 -1 -1 -1000 -1000 -1000 -10 1
165 91 Car -1 -1 -1 396.71 184.28 479.23 234.58 -1 -1 -1 -1000 -1000 -1000 -10 1
165 89 Car -1 -1 -1 231.55 185.28 389.60 269.39 -1 -1 -1 -1000 -1000 -1000 -10 1
165 87 Car -1 -1 -1 471.22 174.35 530.79 210.34 -1 -1 -1 -1000 -1000 -1000 -10 1
166 91 Car -1 -1 -1 375.27 184.01 466.83 240.87 -1 -1 -1 -1000 -1000 -1000 -10 1
166 89 Car -1 -1 -1 185.19 187.43 358.30 283.72 -1 -1 -1 -1000 -1000 -1000 -10 1
166 87 Car -1 -1 -1 460.02 177.00 524.58 215.04 -1 -1 -1 -1000 -1000 -1000 -10 1
167 91 Car -1 -1 -1 354.76 185.13 454.00 247.98 -1 -1 -1 -1000 -1000 -1000 -10 1
167 89 Car -1 -1 -1 119.24 189.42 331.04 309.37 -1 -1 -1 -1000 -1000 -1000 -10 1
167 87 Car -1 -1 -1 456.38 178.16 523.74 218.13 -1 -1 -1 -1000 -1000 -1000 -10 1
168 91 Car -1 -1 -1 343.83 184.52 452.64 252.75 -1 -1 -1 -1000 -1000 -1000 -10 1
168 89 Car -1 -1 -1 31.55 188.09 299.39 331.88 -1 -1 -1 -1000 -1000 -1000 -10 1
168 87 Car -1 -1 -1 455.72 177.45 523.27 219.03 -1 -1 -1 -1000 -1000 -1000 -10 1
169 91 Car -1 -1 -1 323.52 183.33 440.41 257.51 -1 -1 -1 -1000 -1000 -1000 -10 1
169 89 Car -1 -1 -1 -12.41 197.34 266.69 356.13 -1 -1 -1 -1000 -1000 -1000 -10 1
169 87 Car -1 -1 -1 440.05 174.41 515.52 218.28 -1 -1 -1 -1000 -1000 -1000 -10 1
170 91 Car -1 -1 -1 290.49 181.52 418.78 262.71 -1 -1 -1 -1000 -1000 -1000 -10 1
170 89 Car -1 -1 -1 -28.50 195.18 221.15 366.40 -1 -1 -1 -1000 -1000 -1000 -10 1
170 87 Car -1 -1 -1 428.25 172.45 512.09 219.03 -1 -1 -1 -1000 -1000 -1000 -10 1
171 91 Car -1 -1 -1 259.90 178.17 399.31 264.50 -1 -1 -1 -1000 -1000 -1000 -10 1
171 89 Car -1 -1 -1 -40.92 195.88 157.10 372.59 -1 -1 -1 -1000 -1000 -1000 -10 1
171 87 Car -1 -1 -1 414.62 169.33 507.03 219.94 -1 -1 -1 -1000 -1000 -1000 -10 1
172 91 Car -1 -1 -1 192.88 188.07 359.93 286.41 -1 -1 -1 -1000 -1000 -1000 -10 1
172 87 Car -1 -1 -1 396.57 169.94 499.08 224.33 -1 -1 -1 -1000 -1000 -1000 -10 1
173 91 Car -1 -1 -1 109.68 192.90 325.79 313.88 -1 -1 -1 -1000 -1000 -1000 -10 1
173 87 Car -1 -1 -1 392.31 166.91 501.14 224.84 -1 -1 -1 -1000 -1000 -1000 -10 1
174 91 Car -1 -1 -1 25.34 202.28 286.15 342.15 -1 -1 -1 -1000 -1000 -1000 -10 1
174 87 Car -1 -1 -1 405.74 171.73 505.24 227.30 -1 -1 -1 -1000 -1000 -1000 -10 1
175 106 Car -1 -1 -1 324.18 172.55 458.25 249.15 -1 -1 -1 -1000 -1000 -1000 -10 1
175 91 Car -1 -1 -1 -6.56 209.40 262.61 364.92 -1 -1 -1 -1000 -1000 -1000 -10 1
175 87 Car -1 -1 -1 398.59 175.87 494.59 230.04 -1 -1 -1 -1000 -1000 -1000 -10 1
176 106 Car -1 -1 -1 302.11 174.64 437.95 258.75 -1 -1 -1 -1000 -1000 -1000 -10 1
176 91 Car -1 -1 -1 -26.62 208.76 211.21 369.54 -1 -1 -1 -1000 -1000 -1000 -10 1
176 87 Car -1 -1 -1 395.79 180.44 489.90 234.49 -1 -1 -1 -1000 -1000 -1000 -10 1
177 106 Car -1 -1 -1 265.91 172.48 422.75 267.74 -1 -1 -1 -1000 -1000 -1000 -10 1
177 91 Car -1 -1 -1 -41.26 209.55 139.74 373.92 -1 -1 -1 -1000 -1000 -1000 -10 1
177 87 Car -1 -1 -1 387.05 184.82 479.19 239.51 -1 -1 -1 -1000 -1000 -1000 -10 1
178 106 Car -1 -1 -1 228.02 174.12 401.76 277.59 -1 -1 -1 -1000 -1000 -1000 -10 1
178 87 Car -1 -1 -1 369.83 183.79 467.55 242.19 -1 -1 -1 -1000 -1000 -1000 -10 1
179 106 Car -1 -1 -1 178.71 176.05 375.18 292.44 -1 -1 -1 -1000 -1000 -1000 -10 1
179 87 Car -1 -1 -1 346.31 182.02 456.65 247.39 -1 -1 -1 -1000 -1000 -1000 -10 1
180 106 Car -1 -1 -1 101.30 169.36 346.12 309.21 -1 -1 -1 -1000 -1000 -1000 -10 1
180 87 Car -1 -1 -1 321.99 180.41 441.48 250.62 -1 -1 -1 -1000 -1000 -1000 -10 1
181 106 Car -1 -1 -1 11.68 171.41 310.14 333.51 -1 -1 -1 -1000 -1000 -1000 -10 1
181 87 Car -1 -1 -1 293.57 184.57 425.46 259.77 -1 -1 -1 -1000 -1000 -1000 -10 1
182 106 Car -1 -1 -1 -15.27 183.44 287.09 361.32 -1 -1 -1 -1000 -1000 -1000 -10 1
182 87 Car -1 -1 -1 257.61 191.19 402.61 270.51 -1 -1 -1 -1000 -1000 -1000 -10 1
183 106 Car -1 -1 -1 -28.31 180.45 241.72 369.02 -1 -1 -1 -1000 -1000 -1000 -10 1
184 106 Car -1 -1 -1 -41.66 198.21 174.07 377.28 -1 -1 -1 -1000 -1000 -1000 -10 1
184 87 Car -1 -1 -1 118.76 191.70 350.59 310.15 -1 -1 -1 -1000 -1000 -1000 -10 1
185 87 Car -1 -1 -1 29.87 200.56 312.81 346.06 -1 -1 -1 -1000 -1000 -1000 -10 1
186 87 Car -1 -1 -1 -6.91 204.87 281.42 365.80 -1 -1 -1 -1000 -1000 -1000 -10 1
187 87 Car -1 -1 -1 -26.44 200.42 236.60 365.87 -1 -1 -1 -1000 -1000 -1000 -10 1
200 120 Car -1 -1 -1 523.54 179.35 553.89 203.32 -1 -1 -1 -1000 -1000 -1000 -10 1
201 120 Car -1 -1 -1 522.04 179.93 552.72 204.24 -1 -1 -1 -1000 -1000 -1000 -10 1
202 120 Car -1 -1 -1 518.63 178.21 548.98 202.43 -1 -1 -1 -1000 -1000 -1000 -10 1
203 120 Car -1 -1 -1 517.24 178.16 548.78 203.49 -1 -1 -1 -1000 -1000 -1000 -10 1
204 120 Car -1 -1 -1 515.83 179.27 547.93 205.16 -1 -1 -1 -1000 -1000 -1000 -10 1
205 120 Car -1 -1 -1 514.24 178.18 546.27 203.76 -1 -1 -1 -1000 -1000 -1000 -10 1
206 120 Car -1 -1 -1 513.64 178.54 545.98 204.10 -1 -1 -1 -1000 -1000 -1000 -10 1
207 120 Car -1 -1 -1 514.19 179.45 547.05 205.02 -1 -1 -1 -1000 -1000 -1000 -10 1
208 120 Car -1 -1 -1 514.95 180.06 549.29 205.70 -1 -1 -1 -1000 -1000 -1000 -10 1
209 120 Car -1 -1 -1 512.58 178.09 548.21 203.74 -1 -1 -1 -1000 -1000 -1000 -10 1
210 120 Car -1 -1 -1 512.01 177.52 548.58 203.65 -1 -1 -1 -1000 -1000 -1000 -10 1
211 120 Car -1 -1 -1 511.28 178.60 548.91 205.34 -1 -1 -1 -1000 -1000 -1000 -10 1
212 120 Car -1 -1 -1 505.49 177.00 544.22 204.38 -1 -1 -1 -1000 -1000 -1000 -10 1
213 120 Car -1 -1 -1 499.22 176.21 539.31 204.23 -1 -1 -1 -1000 -1000 -1000 -10 1
214 120 Car -1 -1 -1 496.04 180.35 538.00 209.71 -1 -1 -1 -1000 -1000 -1000 -10 1
215 120 Car -1 -1 -1 488.56 183.28 533.86 214.31 -1 -1 -1 -1000 -1000 -1000 -10 1
216 120 Car -1 -1 -1 482.20 178.69 529.51 210.60 -1 -1 -1 -1000 -1000 -1000 -10 1
217 125 Car -1 -1 -1 515.09 172.82 549.39 195.27 -1 -1 -1 -1000 -1000 -1000 -10 1
217 120 Car -1 -1 -1 474.49 176.81 523.66 210.35 -1 -1 -1 -1000 -1000 -1000 -10 1
218 125 Car -1 -1 -1 510.09 175.93 545.71 199.53 -1 -1 -1 -1000 -1000 -1000 -10 1
218 120 Car -1 -1 -1 467.04 176.61 519.50 213.63 -1 -1 -1 -1000 -1000 -1000 -10 1
219 125 Car -1 -1 -1 506.14 180.43 541.83 203.95 -1 -1 -1 -1000 -1000 -1000 -10 1
220 125 Car -1 -1 -1 501.55 181.12 538.82 206.57 -1 -1 -1 -1000 -1000 -1000 -10 1
221 125 Car -1 -1 -1 495.00 177.33 534.80 205.04 -1 -1 -1 -1000 -1000 -1000 -10 1
221 120 Car -1 -1 -1 432.83 183.26 502.25 227.07 -1 -1 -1 -1000 -1000 -1000 -10 1
222 127 Car -1 -1 -1 622.09 169.06 646.75 187.04 -1 -1 -1 -1000 -1000 -1000 -10 1
222 125 Car -1 -1 -1 490.96 175.88 532.62 204.58 -1 -1 -1 -1000 -1000 -1000 -10 1
222 120 Car -1 -1 -1 417.63 181.26 493.77 230.20 -1 -1 -1 -1000 -1000 -1000 -10 1
223 125 Car -1 -1 -1 487.52 177.95 532.02 207.88 -1 -1 -1 -1000 -1000 -1000 -10 1
223 120 Car -1 -1 -1 398.02 185.14 484.90 237.83 -1 -1 -1 -1000 -1000 -1000 -10 1
224 125 Car -1 -1 -1 481.08 179.20 526.44 209.99 -1 -1 -1 -1000 -1000 -1000 -10 1
224 120 Car -1 -1 -1 377.87 185.88 477.51 245.04 -1 -1 -1 -1000 -1000 -1000 -10 1
225 125 Car -1 -1 -1 475.28 180.20 521.95 211.99 -1 -1 -1 -1000 -1000 -1000 -10 1
225 120 Car -1 -1 -1 348.64 186.41 464.85 251.69 -1 -1 -1 -1000 -1000 -1000 -10 1
226 125 Car -1 -1 -1 469.17 181.34 518.56 215.64 -1 -1 -1 -1000 -1000 -1000 -10 1
226 120 Car -1 -1 -1 316.69 191.10 448.22 261.41 -1 -1 -1 -1000 -1000 -1000 -10 1
227 131 Car -1 -1 -1 630.90 180.49 660.95 202.64 -1 -1 -1 -1000 -1000 -1000 -10 1
227 125 Car -1 -1 -1 463.40 188.42 512.84 224.07 -1 -1 -1 -1000 -1000 -1000 -10 1
227 120 Car -1 -1 -1 278.17 203.08 427.18 281.65 -1 -1 -1 -1000 -1000 -1000 -10 1
228 131 Car -1 -1 -1 632.43 175.76 660.96 197.88 -1 -1 -1 -1000 -1000 -1000 -10 1
228 125 Car -1 -1 -1 452.62 186.05 504.71 224.21 -1 -1 -1 -1000 -1000 -1000 -10 1
228 120 Car -1 -1 -1 223.29 206.84 401.07 297.40 -1 -1 -1 -1000 -1000 -1000 -10 1
229 131 Car -1 -1 -1 631.33 175.24 660.24 196.71 -1 -1 -1 -1000 -1000 -1000 -10 1
229 125 Car -1 -1 -1 443.79 184.07 500.47 224.22 -1 -1 -1 -1000 -1000 -1000 -10 1
229 120 Car -1 -1 -1 149.55 207.05 375.37 321.94 -1 -1 -1 -1000 -1000 -1000 -10 1
230 125 Car -1 -1 -1 432.37 184.13 495.61 228.51 -1 -1 -1 -1000 -1000 -1000 -10 1
230 120 Car -1 -1 -1 47.44 211.47 333.70 354.00 -1 -1 -1 -1000 -1000 -1000 -10 1
231 131 Car -1 -1 -1 632.24 175.32 663.59 197.63 -1 -1 -1 -1000 -1000 -1000 -10 1
231 125 Car -1 -1 -1 419.70 184.09 490.36 232.03 -1 -1 -1 -1000 -1000 -1000 -10 1
231 120 Car -1 -1 -1 -2.40 208.85 316.02 368.38 -1 -1 -1 -1000 -1000 -1000 -10 1
232 131 Car -1 -1 -1 636.25 174.27 667.38 197.52 -1 -1 -1 -1000 -1000 -1000 -10 1
232 125 Car -1 -1 -1 404.18 185.44 480.38 236.12 -1 -1 -1 -1000 -1000 -1000 -10 1
232 120 Car -1 -1 -1 -22.07 208.65 280.46 372.71 -1 -1 -1 -1000 -1000 -1000 -10 1
233 131 Car -1 -1 -1 640.15 173.00 671.06 197.68 -1 -1 -1 -1000 -1000 -1000 -10 1
233 125 Car -1 -1 -1 386.01 187.52 472.09 244.10 -1 -1 -1 -1000 -1000 -1000 -10 1
233 120 Car -1 -1 -1 -41.16 214.49 209.77 377.07 -1 -1 -1 -1000 -1000 -1000 -10 1
234 131 Car -1 -1 -1 640.51 175.69 672.49 200.65 -1 -1 -1 -1000 -1000 -1000 -10 1
234 125 Car -1 -1 -1 362.58 190.01 456.47 251.44 -1 -1 -1 -1000 -1000 -1000 -10 1
235 131 Car -1 -1 -1 641.37 176.77 674.73 202.65 -1 -1 -1 -1000 -1000 -1000 -10 1
235 125 Car -1 -1 -1 337.19 194.99 443.55 261.96 -1 -1 -1 -1000 -1000 -1000 -10 1
236 131 Car -1 -1 -1 640.33 177.14 676.24 204.17 -1 -1 -1 -1000 -1000 -1000 -10 1
236 125 Car -1 -1 -1 304.74 196.78 427.58 271.76 -1 -1 -1 -1000 -1000 -1000 -10 1
237 131 Car -1 -1 -1 639.65 177.55 675.95 204.94 -1 -1 -1 -1000 -1000 -1000 -10 1
237 125 Car -1 -1 -1 262.67 199.50 404.92 282.08 -1 -1 -1 -1000 -1000 -1000 -10 1
238 131 Car -1 -1 -1 637.90 176.10 674.61 203.88 -1 -1 -1 -1000 -1000 -1000 -10 1
238 125 Car -1 -1 -1 198.47 202.84 370.19 299.12 -1 -1 -1 -1000 -1000 -1000 -10 1
239 131 Car -1 -1 -1 634.13 174.60 669.93 202.07 -1 -1 -1 -1000 -1000 -1000 -10 1
239 125 Car -1 -1 -1 113.62 199.04 330.82 317.55 -1 -1 -1 -1000 -1000 -1000 -10 1
240 131 Car -1 -1 -1 630.95 174.10 666.70 201.43 -1 -1 -1 -1000 -1000 -1000 -10 1
240 125 Car -1 -1 -1 18.67 206.25 280.92 350.20 -1 -1 -1 -1000 -1000 -1000 -10 1
241 131 Car -1 -1 -1 627.56 174.34 663.65 202.41 -1 -1 -1 -1000 -1000 -1000 -10 1
241 125 Car -1 -1 -1 -17.03 209.55 238.40 366.80 -1 -1 -1 -1000 -1000 -1000 -10 1
242 131 Car -1 -1 -1 619.98 176.29 659.73 206.70 -1 -1 -1 -1000 -1000 -1000 -10 1
242 125 Car -1 -1 -1 -41.02 203.10 161.29 367.09 -1 -1 -1 -1000 -1000 -1000 -10 1
243 131 Car -1 -1 -1 610.33 175.41 655.08 206.82 -1 -1 -1 -1000 -1000 -1000 -10 1
244 131 Car -1 -1 -1 602.78 176.64 648.15 209.62 -1 -1 -1 -1000 -1000 -1000 -10 1
245 131 Car -1 -1 -1 591.52 178.91 637.85 211.80 -1 -1 -1 -1000 -1000 -1000 -10 1
246 131 Car -1 -1 -1 581.09 180.21 629.31 215.81 -1 -1 -1 -1000 -1000 -1000 -10 1
247 131 Car -1 -1 -1 568.74 180.34 620.06 219.30 -1 -1 -1 -1000 -1000 -1000 -10 1
248 131 Car -1 -1 -1 555.76 185.66 609.86 227.29 -1 -1 -1 -1000 -1000 -1000 -10 1
249 131 Car -1 -1 -1 544.05 184.39 599.98 227.77 -1 -1 -1 -1000 -1000 -1000 -10 1
250 131 Car -1 -1 -1 527.94 182.25 586.71 226.71 -1 -1 -1 -1000 -1000 -1000 -10 1
251 131 Car -1 -1 -1 510.97 181.35 574.35 227.34 -1 -1 -1 -1000 -1000 -1000 -10 1
252 131 Car -1 -1 -1 498.14 175.09 565.24 222.91 -1 -1 -1 -1000 -1000 -1000 -10 1
253 131 Car -1 -1 -1 478.91 175.18 551.34 222.20 -1 -1 -1 -1000 -1000 -1000 -10 1
254 131 Car -1 -1 -1 458.83 176.89 539.35 227.42 -1 -1 -1 -1000 -1000 -1000 -10 1
