0 3 Car -1 -1 -1 927.83 166.91 1042.60 200.69 -1 -1 -1 -1000 -1000 -1000 -10 1
0 2 Car -1 -1 -1 685.34 167.57 904.68 241.30 -1 -1 -1 -1000 -1000 -1000 -10 1
0 1 Car -1 -1 -1 445.80 170.06 479.16 187.78 -1 -1 -1 -1000 -1000 -1000 -10 1
1 2 Car -1 -1 -1 758.62 167.69 984.23 240.55 -1 -1 -1 -1000 -1000 -1000 -10 1
1 1 Car -1 -1 -1 445.45 169.90 479.48 188.08 -1 -1 -1 -1000 -1000 -1000 -10 1
2 2 Car -1 -1 -1 833.45 167.17 1053.90 242.76 -1 -1 -1 -1000 -1000 -1000 -10 1
2 1 Car -1 -1 -1 445.54 170.04 478.92 187.79 -1 -1 -1 -1000 -1000 -1000 -10 1
3 2 Car -1 -1 -1 932.64 163.86 1165.89 243.65 -1 -1 -1 -1000 -1000 -1000 -10 1
3 1 Car -1 -1 -1 445.84 169.57 479.01 187.13 -1 -1 -1 -1000 -1000 -1000 -10 1
4 1 Car -1 -1 -1 445.98 169.49 479.04 187.02 -1 -1 -1 -1000 -1000 -1000 -10 1
5 1 Car -1 -1 -1 445.97 169.22 479.29 186.92 -1 -1 -1 -1000 -1000 -1000 -10 1
6 5 Car -1 -1 -1 903.01 164.36 1027.26 204.48 -1 -1 -1 -1000 -1000 -1000 -10 1
6 1 Car -1 -1 -1 446.02 169.61 479.82 187.15 -1 -1 -1 -1000 -1000 -1000 -10 1
7 6 Car -1 -1 -1 987.38 164.16 1105.51 202.37 -1 -1 -1 -1000 -1000 -1000 -10 1
7 5 Car -1 -1 -1 891.73 163.60 1025.33 204.23 -1 -1 -1 -1000 -1000 -1000 -10 1
7 1 Car -1 -1 -1 445.98 169.39 480.08 186.96 -1 -1 -1 -1000 -1000 -1000 -10 1
8 5 Car -1 -1 -1 870.25 164.13 1005.73 203.18 -1 -1 -1 -1000 -1000 -1000 -10 1
8 1 Car -1 -1 -1 445.81 169.08 479.98 186.82 -1 -1 -1 -1000 -1000 -1000 -10 1
9 5 Car -1 -1 -1 853.05 163.64 987.18 204.32 -1 -1 -1 -1000 -1000 -1000 -10 1
9 1 Car -1 -1 -1 445.51 169.31 479.59 187.08 -1 -1 -1 -1000 -1000 -1000 -10 1
10 5 Car -1 -1 -1 838.16 162.40 967.21 203.84 -1 -1 -1 -1000 -1000 -1000 -10 1
10 1 Car -1 -1 -1 445.51 169.56 479.75 187.23 -1 -1 -1 -1000 -1000 -1000 -10 1
11 5 Car -1 -1 -1 813.62 161.58 940.95 203.01 -1 -1 -1 -1000 -1000 -1000 -10 1
11 1 Car -1 -1 -1 445.64 169.15 480.01 186.90 -1 -1 -1 -1000 -1000 -1000 -10 1
12 5 Car -1 -1 -1 797.92 158.62 936.11 203.97 -1 -1 -1 -1000 -1000 -1000 -10 1
12 1 Car -1 -1 -1 445.66 169.07 480.02 186.92 -1 -1 -1 -1000 -1000 -1000 -10 1
13 5 Car -1 -1 -1 752.51 162.87 876.72 204.13 -1 -1 -1 -1000 -1000 -1000 -10 1
13 1 Car -1 -1 -1 445.64 169.47 479.99 187.21 -1 -1 -1 -1000 -1000 -1000 -10 1
14 1 Car -1 -1 -1 445.69 169.35 479.90 187.12 -1 -1 -1 -1000 -1000 -1000 -10 1
15 1 Car -1 -1 -1 445.95 169.13 479.96 187.03 -1 -1 -1 -1000 -1000 -1000 -10 1
16 10 Car -1 -1 -1 945.42 167.22 1090.68 207.03 -1 -1 -1 -1000 -1000 -1000 -10 1
16 9 Car -1 -1 -1 695.92 160.78 833.29 202.49 -1 -1 -1 -1000 -1000 -1000 -10 1
16 5 Car -1 -1 -1 641.70 165.36 774.23 200.42 -1 -1 -1 -1000 -1000 -1000 -10 1
16 1 Car -1 -1 -1 446.17 169.44 480.22 187.24 -1 -1 -1 -1000 -1000 -1000 -10 1
17 10 Car -1 -1 -1 900.23 166.79 1024.86 202.15 -1 -1 -1 -1000 -1000 -1000 -10 1
17 9 Car -1 -1 -1 676.81 164.01 801.79 202.17 -1 -1 -1 -1000 -1000 -1000 -10 1
17 5 Car -1 -1 -1 602.02 165.04 724.40 198.85 -1 -1 -1 -1000 -1000 -1000 -10 1
17 1 Car -1 -1 -1 446.15 169.36 479.91 187.07 -1 -1 -1 -1000 -1000 -1000 -10 1
18 10 Car -1 -1 -1 860.30 165.60 997.98 204.87 -1 -1 -1 -1000 -1000 -1000 -10 1
18 9 Car -1 -1 -1 639.85 165.58 763.77 202.47 -1 -1 -1 -1000 -1000 -1000 -10 1
18 5 Car -1 -1 -1 569.29 166.54 686.86 199.32 -1 -1 -1 -1000 -1000 -1000 -10 1
18 1 Car -1 -1 -1 446.09 169.01 479.71 186.79 -1 -1 -1 -1000 -1000 -1000 -10 1
19 10 Car -1 -1 -1 825.79 161.51 961.49 203.04 -1 -1 -1 -1000 -1000 -1000 -10 1
19 9 Car -1 -1 -1 608.20 163.74 724.12 201.33 -1 -1 -1 -1000 -1000 -1000 -10 1
19 5 Car -1 -1 -1 530.41 162.12 636.28 195.23 -1 -1 -1 -1000 -1000 -1000 -10 1
19 1 Car -1 -1 -1 446.18 169.52 479.29 187.17 -1 -1 -1 -1000 -1000 -1000 -10 1
20 10 Car -1 -1 -1 789.10 161.34 924.95 201.94 -1 -1 -1 -1000 -1000 -1000 -10 1
20 9 Car -1 -1 -1 567.50 162.88 679.08 201.49 -1 -1 -1 -1000 -1000 -1000 -10 1
20 5 Car -1 -1 -1 494.64 165.17 592.12 198.38 -1 -1 -1 -1000 -1000 -1000 -10 1
20 1 Car -1 -1 -1 445.83 171.12 479.03 188.64 -1 -1 -1 -1000 -1000 -1000 -10 1
21 10 Car -1 -1 -1 743.50 165.26 876.25 206.72 -1 -1 -1 -1000 -1000 -1000 -10 1
21 9 Car -1 -1 -1 523.31 163.77 631.51 202.50 -1 -1 -1 -1000 -1000 -1000 -10 1
22 12 Car -1 -1 -1 831.71 163.10 937.99 202.90 -1 -1 -1 -1000 -1000 -1000 -10 1
22 10 Car -1 -1 -1 701.59 163.75 838.39 202.07 -1 -1 -1 -1000 -1000 -1000 -10 1
22 9 Car -1 -1 -1 503.55 164.89 588.83 200.06 -1 -1 -1 -1000 -1000 -1000 -10 1
22 5 Car -1 -1 -1 395.97 166.97 494.81 200.70 -1 -1 -1 -1000 -1000 -1000 -10 1
23 12 Car -1 -1 -1 808.31 158.91 902.51 196.64 -1 -1 -1 -1000 -1000 -1000 -10 1
23 10 Car -1 -1 -1 661.90 164.70 788.55 203.34 -1 -1 -1 -1000 -1000 -1000 -10 1
23 5 Car -1 -1 -1 356.76 165.48 455.77 201.56 -1 -1 -1 -1000 -1000 -1000 -10 1
24 13 Car -1 -1 -1 1027.14 156.02 1162.64 200.98 -1 -1 -1 -1000 -1000 -1000 -10 1
24 10 Car -1 -1 -1 619.13 165.13 748.00 202.58 -1 -1 -1 -1000 -1000 -1000 -10 1
25 14 Car -1 -1 -1 281.32 162.45 415.64 208.69 -1 -1 -1 -1000 -1000 -1000 -10 1
25 10 Car -1 -1 -1 585.46 166.17 713.91 201.83 -1 -1 -1 -1000 -1000 -1000 -10 1
26 16 Car -1 -1 -1 683.63 168.61 787.89 199.19 -1 -1 -1 -1000 -1000 -1000 -10 1
26 14 Car -1 -1 -1 219.50 161.74 362.97 206.35 -1 -1 -1 -1000 -1000 -1000 -10 1
26 13 Car -1 -1 -1 956.74 161.70 1096.34 203.61 -1 -1 -1 -1000 -1000 -1000 -10 1
26 10 Car -1 -1 -1 546.62 166.22 667.42 201.91 -1 -1 -1 -1000 -1000 -1000 -10 1
27 17 Car -1 -1 -1 446.03 172.52 480.14 189.35 -1 -1 -1 -1000 -1000 -1000 -10 1
27 16 Car -1 -1 -1 644.36 169.39 752.79 200.40 -1 -1 -1 -1000 -1000 -1000 -10 1
27 13 Car -1 -1 -1 921.03 161.25 1047.70 200.53 -1 -1 -1 -1000 -1000 -1000 -10 1
27 10 Car -1 -1 -1 503.07 166.92 619.14 202.55 -1 -1 -1 -1000 -1000 -1000 -10 1
28 16 Car -1 -1 -1 604.60 169.66 707.73 199.32 -1 -1 -1 -1000 -1000 -1000 -10 1
28 14 Car -1 -1 -1 87.62 160.92 238.32 203.45 -1 -1 -1 -1000 -1000 -1000 -10 1
28 13 Car -1 -1 -1 888.77 163.00 1019.69 201.57 -1 -1 -1 -1000 -1000 -1000 -10 1
28 10 Car -1 -1 -1 484.98 166.80 581.61 200.67 -1 -1 -1 -1000 -1000 -1000 -10 1
29 16 Car -1 -1 -1 567.17 167.25 657.10 197.91 -1 -1 -1 -1000 -1000 -1000 -10 1
29 14 Car -1 -1 -1 24.43 161.20 175.61 204.83 -1 -1 -1 -1000 -1000 -1000 -10 1
29 13 Car -1 -1 -1 852.97 157.59 990.62 200.71 -1 -1 -1 -1000 -1000 -1000 -10 1
30 16 Car -1 -1 -1 521.94 166.00 604.41 196.21 -1 -1 -1 -1000 -1000 -1000 -10 1
30 14 Car -1 -1 -1 -23.89 160.28 110.13 203.34 -1 -1 -1 -1000 -1000 -1000 -10 1
30 13 Car -1 -1 -1 822.73 159.05 954.23 201.08 -1 -1 -1 -1000 -1000 -1000 -10 1
30 10 Car -1 -1 -1 361.04 164.22 470.21 202.17 -1 -1 -1 -1000 -1000 -1000 -10 1
31 13 Car -1 -1 -1 790.12 158.68 915.51 200.59 -1 -1 -1 -1000 -1000 -1000 -10 1
31 10 Car -1 -1 -1 305.13 166.13 415.97 203.78 -1 -1 -1 -1000 -1000 -1000 -10 1
32 13 Car -1 -1 -1 756.14 159.86 880.08 199.74 -1 -1 -1 -1000 -1000 -1000 -10 1
32 10 Car -1 -1 -1 245.99 165.97 362.21 202.71 -1 -1 -1 -1000 -1000 -1000 -10 1
33 16 Car -1 -1 -1 364.53 166.13 446.80 200.09 -1 -1 -1 -1000 -1000 -1000 -10 1
33 13 Car -1 -1 -1 716.97 158.25 838.65 195.70 -1 -1 -1 -1000 -1000 -1000 -10 1
33 10 Car -1 -1 -1 189.10 165.44 307.41 203.98 -1 -1 -1 -1000 -1000 -1000 -10 1
34 16 Car -1 -1 -1 305.37 167.36 400.84 199.27 -1 -1 -1 -1000 -1000 -1000 -10 1
34 13 Car -1 -1 -1 677.62 160.93 801.11 196.50 -1 -1 -1 -1000 -1000 -1000 -10 1
34 10 Car -1 -1 -1 118.36 164.46 247.79 201.83 -1 -1 -1 -1000 -1000 -1000 -10 1
35 21 Car -1 -1 -1 446.33 169.38 480.53 186.91 -1 -1 -1 -1000 -1000 -1000 -10 1
35 16 Car -1 -1 -1 243.06 167.70 348.07 199.76 -1 -1 -1 -1000 -1000 -1000 -10 1
35 13 Car -1 -1 -1 641.79 162.62 763.45 198.00 -1 -1 -1 -1000 -1000 -1000 -10 1
35 10 Car -1 -1 -1 40.88 163.60 178.47 202.26 -1 -1 -1 -1000 -1000 -1000 -10 1
36 21 Car -1 -1 -1 446.39 168.47 479.59 186.04 -1 -1 -1 -1000 -1000 -1000 -10 1
36 16 Car -1 -1 -1 185.90 166.97 296.48 200.22 -1 -1 -1 -1000 -1000 -1000 -10 1
36 13 Car -1 -1 -1 599.49 163.84 719.14 198.09 -1 -1 -1 -1000 -1000 -1000 -10 1
36 10 Car -1 -1 -1 -10.03 161.81 116.81 200.68 -1 -1 -1 -1000 -1000 -1000 -10 1
37 21 Car -1 -1 -1 446.17 168.96 479.35 186.46 -1 -1 -1 -1000 -1000 -1000 -10 1
37 16 Car -1 -1 -1 121.99 166.64 239.44 199.84 -1 -1 -1 -1000 -1000 -1000 -10 1
37 13 Car -1 -1 -1 553.20 165.53 673.34 199.61 -1 -1 -1 -1000 -1000 -1000 -10 1
38 21 Car -1 -1 -1 446.83 169.91 479.23 187.18 -1 -1 -1 -1000 -1000 -1000 -10 1
38 16 Car -1 -1 -1 57.32 165.78 182.09 200.12 -1 -1 -1 -1000 -1000 -1000 -10 1
38 13 Car -1 -1 -1 506.69 166.09 625.62 199.78 -1 -1 -1 -1000 -1000 -1000 -10 1
39 16 Car -1 -1 -1 0.79 165.50 129.19 199.89 -1 -1 -1 -1000 -1000 -1000 -10 1
39 13 Car -1 -1 -1 458.38 164.46 576.15 200.02 -1 -1 -1 -1000 -1000 -1000 -10 1
40 16 Car -1 -1 -1 -26.16 163.30 76.51 199.28 -1 -1 -1 -1000 -1000 -1000 -10 1
40 13 Car -1 -1 -1 404.56 163.25 524.42 199.89 -1 -1 -1 -1000 -1000 -1000 -10 1
41 13 Car -1 -1 -1 354.12 161.90 474.42 197.94 -1 -1 -1 -1000 -1000 -1000 -10 1
42 13 Car -1 -1 -1 294.61 163.28 414.02 197.72 -1 -1 -1 -1000 -1000 -1000 -10 1
43 26 Car -1 -1 -1 446.67 169.07 480.70 187.12 -1 -1 -1 -1000 -1000 -1000 -10 1
43 24 Car -1 -1 -1 850.39 165.41 973.94 201.85 -1 -1 -1 -1000 -1000 -1000 -10 1
43 13 Car -1 -1 -1 233.20 162.84 358.11 198.02 -1 -1 -1 -1000 -1000 -1000 -10 1
44 26 Car -1 -1 -1 446.31 169.44 479.91 186.91 -1 -1 -1 -1000 -1000 -1000 -10 1
44 24 Car -1 -1 -1 811.57 164.43 934.52 202.08 -1 -1 -1 -1000 -1000 -1000 -10 1
44 13 Car -1 -1 -1 172.39 162.51 300.29 199.11 -1 -1 -1 -1000 -1000 -1000 -10 1
45 26 Car -1 -1 -1 446.18 169.36 479.76 186.76 -1 -1 -1 -1000 -1000 -1000 -10 1
45 24 Car -1 -1 -1 788.88 161.59 907.64 198.99 -1 -1 -1 -1000 -1000 -1000 -10 1
45 13 Car -1 -1 -1 101.11 161.74 233.85 198.73 -1 -1 -1 -1000 -1000 -1000 -10 1
46 26 Car -1 -1 -1 446.36 169.00 480.06 186.61 -1 -1 -1 -1000 -1000 -1000 -10 1
46 24 Car -1 -1 -1 747.53 163.65 861.14 202.16 -1 -1 -1 -1000 -1000 -1000 -10 1
46 13 Car -1 -1 -1 37.63 159.59 170.81 198.18 -1 -1 -1 -1000 -1000 -1000 -10 1
47 26 Car -1 -1 -1 446.14 169.36 479.98 186.93 -1 -1 -1 -1000 -1000 -1000 -10 1
47 24 Car -1 -1 -1 715.10 163.97 831.10 197.11 -1 -1 -1 -1000 -1000 -1000 -10 1
47 13 Car -1 -1 -1 -14.22 156.83 111.58 197.68 -1 -1 -1 -1000 -1000 -1000 -10 1
48 26 Car -1 -1 -1 446.03 169.60 480.04 187.03 -1 -1 -1 -1000 -1000 -1000 -10 1
48 24 Car -1 -1 -1 679.75 166.52 791.60 199.86 -1 -1 -1 -1000 -1000 -1000 -10 1
49 26 Car -1 -1 -1 446.16 169.02 480.18 186.68 -1 -1 -1 -1000 -1000 -1000 -10 1
49 24 Car -1 -1 -1 654.96 166.84 767.98 200.35 -1 -1 -1 -1000 -1000 -1000 -10 1
50 26 Car -1 -1 -1 446.11 168.90 480.15 186.68 -1 -1 -1 -1000 -1000 -1000 -10 1
50 24 Car -1 -1 -1 625.11 166.50 738.23 199.67 -1 -1 -1 -1000 -1000 -1000 -10 1
51 26 Car -1 -1 -1 446.10 169.12 479.96 186.79 -1 -1 -1 -1000 -1000 -1000 -10 1
51 24 Car -1 -1 -1 607.20 166.55 721.12 198.89 -1 -1 -1 -1000 -1000 -1000 -10 1
52 26 Car -1 -1 -1 446.26 168.99 480.05 186.65 -1 -1 -1 -1000 -1000 -1000 -10 1
52 24 Car -1 -1 -1 587.34 166.45 698.87 198.78 -1 -1 -1 -1000 -1000 -1000 -10 1
53 26 Car -1 -1 -1 446.44 168.73 480.19 186.55 -1 -1 -1 -1000 -1000 -1000 -10 1
53 24 Car -1 -1 -1 572.05 167.60 676.62 198.40 -1 -1 -1 -1000 -1000 -1000 -10 1
54 26 Car -1 -1 -1 446.18 168.98 480.06 186.79 -1 -1 -1 -1000 -1000 -1000 -10 1
54 24 Car -1 -1 -1 556.95 167.19 656.92 198.07 -1 -1 -1 -1000 -1000 -1000 -10 1
55 29 Car -1 -1 -1 983.01 160.44 1127.87 203.83 -1 -1 -1 -1000 -1000 -1000 -10 1
55 26 Car -1 -1 -1 446.28 169.20 480.04 186.90 -1 -1 -1 -1000 -1000 -1000 -10 1
55 24 Car -1 -1 -1 545.20 165.46 635.47 196.99 -1 -1 -1 -1000 -1000 -1000 -10 1
56 29 Car -1 -1 -1 937.38 161.80 1070.41 200.73 -1 -1 -1 -1000 -1000 -1000 -10 1
56 26 Car -1 -1 -1 446.31 168.71 479.74 186.42 -1 -1 -1 -1000 -1000 -1000 -10 1
56 24 Car -1 -1 -1 541.57 164.01 619.14 195.37 -1 -1 -1 -1000 -1000 -1000 -10 1
57 29 Car -1 -1 -1 896.86 159.93 1023.54 198.55 -1 -1 -1 -1000 -1000 -1000 -10 1
57 26 Car -1 -1 -1 446.04 168.95 479.27 186.66 -1 -1 -1 -1000 -1000 -1000 -10 1
57 24 Car -1 -1 -1 542.85 165.75 607.40 195.86 -1 -1 -1 -1000 -1000 -1000 -10 1
58 29 Car -1 -1 -1 863.80 160.03 998.41 200.88 -1 -1 -1 -1000 -1000 -1000 -10 1
58 26 Car -1 -1 -1 445.99 169.67 479.21 187.18 -1 -1 -1 -1000 -1000 -1000 -10 1
58 24 Car -1 -1 -1 547.08 167.01 603.14 196.68 -1 -1 -1 -1000 -1000 -1000 -10 1
59 29 Car -1 -1 -1 820.64 160.34 950.63 201.40 -1 -1 -1 -1000 -1000 -1000 -10 1
59 26 Car -1 -1 -1 446.04 169.45 478.78 186.97 -1 -1 -1 -1000 -1000 -1000 -10 1
60 29 Car -1 -1 -1 776.18 161.53 906.72 202.62 -1 -1 -1 -1000 -1000 -1000 -10 1
60 26 Car -1 -1 -1 445.64 171.26 478.58 188.81 -1 -1 -1 -1000 -1000 -1000 -10 1
61 29 Car -1 -1 -1 725.76 156.43 856.93 199.74 -1 -1 -1 -1000 -1000 -1000 -10 1
62 31 Car -1 -1 -1 544.82 162.79 580.67 189.26 -1 -1 -1 -1000 -1000 -1000 -10 1
62 29 Car -1 -1 -1 694.01 157.94 823.69 198.28 -1 -1 -1 -1000 -1000 -1000 -10 1
63 32 Car -1 -1 -1 478.30 159.66 562.17 201.60 -1 -1 -1 -1000 -1000 -1000 -10 1
63 29 Car -1 -1 -1 652.11 158.83 784.08 197.99 -1 -1 -1 -1000 -1000 -1000 -10 1
64 32 Car -1 -1 -1 372.66 163.22 465.30 205.57 -1 -1 -1 -1000 -1000 -1000 -10 1
64 29 Car -1 -1 -1 610.65 161.29 742.51 197.89 -1 -1 -1 -1000 -1000 -1000 -10 1
65 35 Car -1 -1 -1 552.56 165.49 603.09 196.89 -1 -1 -1 -1000 -1000 -1000 -10 1
65 32 Car -1 -1 -1 268.40 166.12 370.19 207.31 -1 -1 -1 -1000 -1000 -1000 -10 1
65 29 Car -1 -1 -1 568.21 163.59 697.11 199.02 -1 -1 -1 -1000 -1000 -1000 -10 1
66 36 Car -1 -1 -1 446.03 169.68 478.45 187.98 -1 -1 -1 -1000 -1000 -1000 -10 1
66 32 Car -1 -1 -1 166.20 162.99 279.34 204.74 -1 -1 -1 -1000 -1000 -1000 -10 1
66 29 Car -1 -1 -1 523.17 163.86 651.49 199.21 -1 -1 -1 -1000 -1000 -1000 -10 1
67 32 Car -1 -1 -1 50.72 162.52 176.75 204.06 -1 -1 -1 -1000 -1000 -1000 -10 1
67 29 Car -1 -1 -1 477.11 164.55 601.22 200.25 -1 -1 -1 -1000 -1000 -1000 -10 1
68 32 Car -1 -1 -1 -27.89 159.01 82.76 201.40 -1 -1 -1 -1000 -1000 -1000 -10 1
68 29 Car -1 -1 -1 421.74 164.25 548.05 200.50 -1 -1 -1 -1000 -1000 -1000 -10 1
69 29 Car -1 -1 -1 368.96 161.77 493.92 198.55 -1 -1 -1 -1000 -1000 -1000 -10 1
70 37 Car -1 -1 -1 548.74 162.78 577.92 185.00 -1 -1 -1 -1000 -1000 -1000 -10 1
70 29 Car -1 -1 -1 317.11 162.05 442.81 197.98 -1 -1 -1 -1000 -1000 -1000 -10 1
71 37 Car -1 -1 -1 548.59 161.85 577.82 184.81 -1 -1 -1 -1000 -1000 -1000 -10 1
71 29 Car -1 -1 -1 256.84 159.90 386.79 197.31 -1 -1 -1 -1000 -1000 -1000 -10 1
72 41 Car -1 -1 -1 444.76 169.60 479.72 187.67 -1 -1 -1 -1000 -1000 -1000 -10 1
72 37 Car -1 -1 -1 548.88 161.38 577.40 184.57 -1 -1 -1 -1000 -1000 -1000 -10 1
72 29 Car -1 -1 -1 193.51 160.06 325.79 198.12 -1 -1 -1 -1000 -1000 -1000 -10 1
73 41 Car -1 -1 -1 444.67 169.28 479.06 187.46 -1 -1 -1 -1000 -1000 -1000 -10 1
73 37 Car -1 -1 -1 548.96 161.49 576.83 184.46 -1 -1 -1 -1000 -1000 -1000 -10 1
73 29 Car -1 -1 -1 129.81 160.44 265.12 199.17 -1 -1 -1 -1000 -1000 -1000 -10 1
74 42 Car -1 -1 -1 1035.54 159.20 1169.95 209.03 -1 -1 -1 -1000 -1000 -1000 -10 1
74 41 Car -1 -1 -1 445.01 169.17 479.06 187.44 -1 -1 -1 -1000 -1000 -1000 -10 1
74 37 Car -1 -1 -1 548.93 162.18 576.26 184.53 -1 -1 -1 -1000 -1000 -1000 -10 1
74 29 Car -1 -1 -1 50.88 159.64 192.38 198.81 -1 -1 -1 -1000 -1000 -1000 -10 1
75 43 Car -1 -1 -1 1035.73 155.86 1194.61 216.75 -1 -1 -1 -1000 -1000 -1000 -10 1
75 41 Car -1 -1 -1 445.40 169.39 479.63 187.50 -1 -1 -1 -1000 -1000 -1000 -10 1
75 37 Car -1 -1 -1 548.38 164.66 575.05 186.92 -1 -1 -1 -1000 -1000 -1000 -10 1
75 29 Car -1 -1 -1 -7.93 157.29 133.89 197.79 -1 -1 -1 -1000 -1000 -1000 -10 1
76 41 Car -1 -1 -1 445.42 169.28 480.07 187.31 -1 -1 -1 -1000 -1000 -1000 -10 1
76 37 Car -1 -1 -1 548.39 165.76 574.42 188.22 -1 -1 -1 -1000 -1000 -1000 -10 1
76 29 Car -1 -1 -1 -31.44 155.75 75.82 198.05 -1 -1 -1 -1000 -1000 -1000 -10 1
77 41 Car -1 -1 -1 445.71 168.84 480.46 186.86 -1 -1 -1 -1000 -1000 -1000 -10 1
78 41 Car -1 -1 -1 445.58 169.26 480.35 187.11 -1 -1 -1 -1000 -1000 -1000 -10 1
79 41 Car -1 -1 -1 445.77 169.48 480.63 187.19 -1 -1 -1 -1000 -1000 -1000 -10 1
80 41 Car -1 -1 -1 445.88 169.13 480.77 186.92 -1 -1 -1 -1000 -1000 -1000 -10 1
81 41 Car -1 -1 -1 445.85 169.01 480.78 186.86 -1 -1 -1 -1000 -1000 -1000 -10 1
82 41 Car -1 -1 -1 445.79 169.40 480.82 187.14 -1 -1 -1 -1000 -1000 -1000 -10 1
83 41 Car -1 -1 -1 446.10 169.11 481.00 186.87 -1 -1 -1 -1000 -1000 -1000 -10 1
84 46 Car -1 -1 -1 1035.47 159.26 1170.62 209.17 -1 -1 -1 -1000 -1000 -1000 -10 1
84 41 Car -1 -1 -1 446.48 168.89 481.22 186.79 -1 -1 -1 -1000 -1000 -1000 -10 1
85 41 Car -1 -1 -1 446.33 169.18 481.04 187.04 -1 -1 -1 -1000 -1000 -1000 -10 1
86 41 Car -1 -1 -1 446.21 169.21 480.85 187.01 -1 -1 -1 -1000 -1000 -1000 -10 1
87 41 Car -1 -1 -1 446.29 168.98 480.93 186.85 -1 -1 -1 -1000 -1000 -1000 -10 1
88 41 Car -1 -1 -1 446.27 168.84 480.98 186.82 -1 -1 -1 -1000 -1000 -1000 -10 1
89 41 Car -1 -1 -1 446.15 169.24 480.80 187.09 -1 -1 -1 -1000 -1000 -1000 -10 1
90 47 Car -1 -1 -1 1031.35 158.74 1192.77 215.91 -1 -1 -1 -1000 -1000 -1000 -10 1
90 41 Car -1 -1 -1 446.36 169.33 480.82 187.08 -1 -1 -1 -1000 -1000 -1000 -10 1
91 41 Car -1 -1 -1 446.67 169.09 480.77 186.85 -1 -1 -1 -1000 -1000 -1000 -10 1
92 41 Car -1 -1 -1 446.43 169.43 480.50 187.16 -1 -1 -1 -1000 -1000 -1000 -10 1
93 41 Car -1 -1 -1 446.18 169.33 480.52 187.14 -1 -1 -1 -1000 -1000 -1000 -10 1
94 41 Car -1 -1 -1 446.40 168.89 480.89 186.93 -1 -1 -1 -1000 -1000 -1000 -10 1
95 41 Car -1 -1 -1 446.49 168.82 481.03 187.01 -1 -1 -1 -1000 -1000 -1000 -10 1
96 41 Car -1 -1 -1 446.23 168.39 480.65 186.78 -1 -1 -1 -1000 -1000 -1000 -10 1
97 41 Car -1 -1 -1 446.04 168.28 480.50 186.73 -1 -1 -1 -1000 -1000 -1000 -10 1
98 50 Car -1 -1 -1 1028.72 155.57 1174.58 208.73 -1 -1 -1 -1000 -1000 -1000 -10 1
98 49 Car -1 -1 -1 1026.04 156.95 1190.95 215.65 -1 -1 -1 -1000 -1000 -1000 -10 1
98 41 Car -1 -1 -1 446.06 168.26 480.93 186.78 -1 -1 -1 -1000 -1000 -1000 -10 1
99 50 Car -1 -1 -1 1029.30 156.32 1174.76 209.00 -1 -1 -1 -1000 -1000 -1000 -10 1
99 49 Car -1 -1 -1 1023.44 157.48 1187.27 214.66 -1 -1 -1 -1000 -1000 -1000 -10 1
99 41 Car -1 -1 -1 445.66 168.17 480.62 186.76 -1 -1 -1 -1000 -1000 -1000 -10 1
100 50 Car -1 -1 -1 1029.80 157.17 1174.33 209.32 -1 -1 -1 -1000 -1000 -1000 -10 1
100 49 Car -1 -1 -1 1023.56 158.79 1182.12 213.61 -1 -1 -1 -1000 -1000 -1000 -10 1
100 41 Car -1 -1 -1 445.65 168.11 480.73 186.73 -1 -1 -1 -1000 -1000 -1000 -10 1
101 50 Car -1 -1 -1 1034.77 157.26 1175.73 209.52 -1 -1 -1 -1000 -1000 -1000 -10 1
101 49 Car -1 -1 -1 1023.84 159.46 1186.42 215.98 -1 -1 -1 -1000 -1000 -1000 -10 1
101 41 Car -1 -1 -1 445.68 168.08 480.79 186.71 -1 -1 -1 -1000 -1000 -1000 -10 1
102 50 Car -1 -1 -1 1031.21 157.06 1172.96 209.63 -1 -1 -1 -1000 -1000 -1000 -10 1
102 49 Car -1 -1 -1 1025.94 159.98 1184.91 217.11 -1 -1 -1 -1000 -1000 -1000 -10 1
102 41 Car -1 -1 -1 445.75 168.14 480.74 186.76 -1 -1 -1 -1000 -1000 -1000 -10 1
103 50 Car -1 -1 -1 1031.05 156.34 1171.88 209.19 -1 -1 -1 -1000 -1000 -1000 -10 1
103 49 Car -1 -1 -1 1023.27 160.09 1177.57 215.45 -1 -1 -1 -1000 -1000 -1000 -10 1
103 41 Car -1 -1 -1 445.84 168.18 480.79 186.78 -1 -1 -1 -1000 -1000 -1000 -10 1
104 50 Car -1 -1 -1 1031.69 156.18 1173.04 209.02 -1 -1 -1 -1000 -1000 -1000 -10 1
104 49 Car -1 -1 -1 1027.63 159.78 1182.36 215.49 -1 -1 -1 -1000 -1000 -1000 -10 1
104 41 Car -1 -1 -1 445.84 168.17 480.75 186.79 -1 -1 -1 -1000 -1000 -1000 -10 1
105 50 Car -1 -1 -1 1031.88 156.28 1172.67 208.54 -1 -1 -1 -1000 -1000 -1000 -10 1
105 49 Car -1 -1 -1 1027.61 159.96 1184.77 215.97 -1 -1 -1 -1000 -1000 -1000 -10 1
105 41 Car -1 -1 -1 446.00 168.12 480.95 186.80 -1 -1 -1 -1000 -1000 -1000 -10 1
106 50 Car -1 -1 -1 1031.19 156.78 1171.23 208.79 -1 -1 -1 -1000 -1000 -1000 -10 1
106 49 Car -1 -1 -1 1021.87 159.52 1181.76 213.67 -1 -1 -1 -1000 -1000 -1000 -10 1
106 41 Car -1 -1 -1 445.99 168.01 480.96 186.73 -1 -1 -1 -1000 -1000 -1000 -10 1
107 50 Car -1 -1 -1 1031.97 156.01 1168.08 207.34 -1 -1 -1 -1000 -1000 -1000 -10 1
107 49 Car -1 -1 -1 1024.13 157.83 1179.32 210.07 -1 -1 -1 -1000 -1000 -1000 -10 1
107 41 Car -1 -1 -1 445.73 167.98 480.81 186.68 -1 -1 -1 -1000 -1000 -1000 -10 1
108 50 Car -1 -1 -1 1034.74 155.70 1167.63 206.28 -1 -1 -1 -1000 -1000 -1000 -10 1
108 41 Car -1 -1 -1 445.52 168.18 480.73 186.79 -1 -1 -1 -1000 -1000 -1000 -10 1
109 50 Car -1 -1 -1 1027.57 156.06 1159.10 206.81 -1 -1 -1 -1000 -1000 -1000 -10 1
109 41 Car -1 -1 -1 445.39 168.09 480.74 186.69 -1 -1 -1 -1000 -1000 -1000 -10 1
110 41 Car -1 -1 -1 445.43 168.06 480.94 186.68 -1 -1 -1 -1000 -1000 -1000 -10 1
111 41 Car -1 -1 -1 445.23 167.95 480.78 186.58 -1 -1 -1 -1000 -1000 -1000 -10 1
112 41 Car -1 -1 -1 445.24 167.86 480.65 186.51 -1 -1 -1 -1000 -1000 -1000 -10 1
113 51 Car -1 -1 -1 966.60 160.53 1133.58 209.05 -1 -1 -1 -1000 -1000 -1000 -10 1
113 41 Car -1 -1 -1 445.28 167.90 480.45 186.53 -1 -1 -1 -1000 -1000 -1000 -10 1
114 51 Car -1 -1 -1 936.75 164.12 1096.46 210.89 -1 -1 -1 -1000 -1000 -1000 -10 1
114 41 Car -1 -1 -1 445.84 167.92 480.73 186.52 -1 -1 -1 -1000 -1000 -1000 -10 1
115 51 Car -1 -1 -1 922.50 159.76 1078.68 207.58 -1 -1 -1 -1000 -1000 -1000 -10 1
115 41 Car -1 -1 -1 446.34 168.11 481.31 186.67 -1 -1 -1 -1000 -1000 -1000 -10 1
116 51 Car -1 -1 -1 907.48 160.57 1047.46 203.97 -1 -1 -1 -1000 -1000 -1000 -10 1
116 41 Car -1 -1 -1 446.37 168.11 481.48 186.70 -1 -1 -1 -1000 -1000 -1000 -10 1
117 51 Car -1 -1 -1 895.22 161.79 1025.24 204.09 -1 -1 -1 -1000 -1000 -1000 -10 1
117 41 Car -1 -1 -1 446.58 168.09 481.59 186.67 -1 -1 -1 -1000 -1000 -1000 -10 1
118 51 Car -1 -1 -1 880.86 162.50 1012.69 205.36 -1 -1 -1 -1000 -1000 -1000 -10 1
118 41 Car -1 -1 -1 446.41 168.17 481.21 186.75 -1 -1 -1 -1000 -1000 -1000 -10 1
119 51 Car -1 -1 -1 853.07 158.59 1003.42 208.35 -1 -1 -1 -1000 -1000 -1000 -10 1
119 41 Car -1 -1 -1 446.20 168.37 480.94 186.90 -1 -1 -1 -1000 -1000 -1000 -10 1
120 51 Car -1 -1 -1 827.23 157.04 971.40 207.15 -1 -1 -1 -1000 -1000 -1000 -10 1
120 41 Car -1 -1 -1 445.94 168.49 480.47 187.02 -1 -1 -1 -1000 -1000 -1000 -10 1
121 51 Car -1 -1 -1 807.51 154.77 950.49 206.97 -1 -1 -1 -1000 -1000 -1000 -10 1
121 41 Car -1 -1 -1 445.82 168.54 480.34 187.07 -1 -1 -1 -1000 -1000 -1000 -10 1
122 51 Car -1 -1 -1 792.58 156.18 937.26 208.73 -1 -1 -1 -1000 -1000 -1000 -10 1
122 41 Car -1 -1 -1 446.02 168.60 480.73 187.06 -1 -1 -1 -1000 -1000 -1000 -10 1
123 51 Car -1 -1 -1 774.49 158.68 913.10 209.42 -1 -1 -1 -1000 -1000 -1000 -10 1
123 41 Car -1 -1 -1 446.04 168.71 480.91 187.09 -1 -1 -1 -1000 -1000 -1000 -10 1
124 51 Car -1 -1 -1 747.75 161.40 885.77 212.06 -1 -1 -1 -1000 -1000 -1000 -10 1
124 41 Car -1 -1 -1 446.52 168.58 481.69 186.83 -1 -1 -1 -1000 -1000 -1000 -10 1
125 51 Car -1 -1 -1 716.75 160.53 861.50 211.29 -1 -1 -1 -1000 -1000 -1000 -10 1
125 41 Car -1 -1 -1 447.10 168.21 482.55 186.48 -1 -1 -1 -1000 -1000 -1000 -10 1
126 51 Car -1 -1 -1 690.98 159.91 839.01 209.44 -1 -1 -1 -1000 -1000 -1000 -10 1
126 41 Car -1 -1 -1 447.97 167.96 483.56 186.33 -1 -1 -1 -1000 -1000 -1000 -10 1
127 51 Car -1 -1 -1 669.64 162.08 815.09 211.49 -1 -1 -1 -1000 -1000 -1000 -10 1
127 41 Car -1 -1 -1 448.40 168.00 484.61 186.50 -1 -1 -1 -1000 -1000 -1000 -10 1
128 51 Car -1 -1 -1 652.21 162.09 799.16 212.01 -1 -1 -1 -1000 -1000 -1000 -10 1
128 41 Car -1 -1 -1 448.26 168.05 484.94 186.59 -1 -1 -1 -1000 -1000 -1000 -10 1
129 51 Car -1 -1 -1 631.13 162.62 779.83 212.54 -1 -1 -1 -1000 -1000 -1000 -10 1
129 41 Car -1 -1 -1 448.93 167.82 486.03 186.38 -1 -1 -1 -1000 -1000 -1000 -10 1
130 51 Car -1 -1 -1 611.08 162.65 758.57 215.85 -1 -1 -1 -1000 -1000 -1000 -10 1
130 41 Car -1 -1 -1 449.98 166.53 487.38 185.46 -1 -1 -1 -1000 -1000 -1000 -10 1
131 54 Car -1 -1 -1 475.95 164.63 500.88 184.13 -1 -1 -1 -1000 -1000 -1000 -10 1
131 51 Car -1 -1 -1 593.66 162.11 739.58 219.81 -1 -1 -1 -1000 -1000 -1000 -10 1
131 41 Car -1 -1 -1 453.55 166.23 489.50 185.48 -1 -1 -1 -1000 -1000 -1000 -10 1
132 51 Car -1 -1 -1 576.63 163.99 723.49 221.97 -1 -1 -1 -1000 -1000 -1000 -10 1
132 41 Car -1 -1 -1 455.59 166.03 490.74 185.03 -1 -1 -1 -1000 -1000 -1000 -10 1
133 51 Car -1 -1 -1 558.87 160.14 703.95 225.51 -1 -1 -1 -1000 -1000 -1000 -10 1
133 41 Car -1 -1 -1 457.19 166.19 492.13 185.07 -1 -1 -1 -1000 -1000 -1000 -10 1
134 51 Car -1 -1 -1 536.98 163.95 683.55 230.13 -1 -1 -1 -1000 -1000 -1000 -10 1
134 41 Car -1 -1 -1 462.72 166.69 496.73 186.49 -1 -1 -1 -1000 -1000 -1000 -10 1
135 51 Car -1 -1 -1 521.13 162.31 666.00 231.01 -1 -1 -1 -1000 -1000 -1000 -10 1
135 41 Car -1 -1 -1 465.93 166.25 499.36 187.43 -1 -1 -1 -1000 -1000 -1000 -10 1
136 51 Car -1 -1 -1 503.23 161.06 642.59 232.91 -1 -1 -1 -1000 -1000 -1000 -10 1
136 41 Car -1 -1 -1 468.37 166.20 501.87 188.47 -1 -1 -1 -1000 -1000 -1000 -10 1
137 56 Car -1 -1 -1 481.74 159.55 629.87 238.73 -1 -1 -1 -1000 -1000 -1000 -10 1
137 41 Car -1 -1 -1 469.45 165.23 504.61 188.59 -1 -1 -1 -1000 -1000 -1000 -10 1
138 56 Car -1 -1 -1 452.15 161.51 613.19 250.83 -1 -1 -1 -1000 -1000 -1000 -10 1
138 41 Car -1 -1 -1 472.02 163.43 508.71 188.57 -1 -1 -1 -1000 -1000 -1000 -10 1
139 56 Car -1 -1 -1 430.87 159.76 595.03 256.36 -1 -1 -1 -1000 -1000 -1000 -10 1
140 56 Car -1 -1 -1 400.11 160.46 573.89 263.42 -1 -1 -1 -1000 -1000 -1000 -10 1
141 56 Car -1 -1 -1 375.82 164.06 556.25 273.40 -1 -1 -1 -1000 -1000 -1000 -10 1
142 56 Car -1 -1 -1 345.27 165.17 535.03 284.64 -1 -1 -1 -1000 -1000 -1000 -10 1
143 56 Car -1 -1 -1 311.03 168.53 509.61 296.44 -1 -1 -1 -1000 -1000 -1000 -10 1
144 56 Car -1 -1 -1 269.40 170.92 488.00 312.67 -1 -1 -1 -1000 -1000 -1000 -10 1
145 56 Car -1 -1 -1 229.22 174.74 468.93 326.58 -1 -1 -1 -1000 -1000 -1000 -10 1
146 60 Car -1 -1 -1 468.36 165.86 498.27 190.76 -1 -1 -1 -1000 -1000 -1000 -10 1
146 56 Car -1 -1 -1 165.95 169.29 451.19 349.14 -1 -1 -1 -1000 -1000 -1000 -10 1
147 60 Car -1 -1 -1 470.27 166.31 499.65 191.05 -1 -1 -1 -1000 -1000 -1000 -10 1
147 56 Car -1 -1 -1 94.08 159.42 421.17 359.88 -1 -1 -1 -1000 -1000 -1000 -10 1
148 60 Car -1 -1 -1 470.59 163.82 501.69 187.69 -1 -1 -1 -1000 -1000 -1000 -10 1
148 56 Car -1 -1 -1 22.27 156.43 392.91 368.55 -1 -1 -1 -1000 -1000 -1000 -10 1
149 60 Car -1 -1 -1 469.76 163.45 501.63 186.72 -1 -1 -1 -1000 -1000 -1000 -10 1
149 56 Car -1 -1 -1 -11.34 149.77 373.64 370.09 -1 -1 -1 -1000 -1000 -1000 -10 1
150 60 Car -1 -1 -1 471.24 163.45 503.78 186.76 -1 -1 -1 -1000 -1000 -1000 -10 1
150 56 Car -1 -1 -1 -22.95 148.99 354.91 371.58 -1 -1 -1 -1000 -1000 -1000 -10 1
151 60 Car -1 -1 -1 472.14 163.66 504.82 186.62 -1 -1 -1 -1000 -1000 -1000 -10 1
151 56 Car -1 -1 -1 -33.87 143.91 311.95 370.65 -1 -1 -1 -1000 -1000 -1000 -10 1
