0 6 Car -1 -1 -1 530.34 174.02 560.18 202.43 -1 -1 -1 -1000 -1000 -1000 -10 1
0 5 Car -1 -1 -1 438.61 176.68 486.34 208.99 -1 -1 -1 -1000 -1000 -1000 -10 1
0 4 Car -1 -1 -1 371.31 176.95 464.17 224.81 -1 -1 -1 -1000 -1000 -1000 -10 1
0 3 Car -1 -1 -1 235.55 185.03 391.14 262.13 -1 -1 -1 -1000 -1000 -1000 -10 1
0 2 Car -1 -1 -1 556.94 133.82 633.50 215.38 -1 -1 -1 -1000 -1000 -1000 -10 1
0 1 Car -1 -1 -1 554.20 130.16 637.85 219.98 -1 -1 -1 -1000 -1000 -1000 -10 1
1 7 Car -1 -1 -1 416.20 174.63 480.59 214.47 -1 -1 -1 -1000 -1000 -1000 -10 1
1 6 Car -1 -1 -1 534.97 173.93 565.48 202.78 -1 -1 -1 -1000 -1000 -1000 -10 1
1 4 Car -1 -1 -1 364.86 175.86 465.93 228.80 -1 -1 -1 -1000 -1000 -1000 -10 1
1 3 Car -1 -1 -1 227.08 187.84 381.89 266.26 -1 -1 -1 -1000 -1000 -1000 -10 1
1 2 Car -1 -1 -1 556.58 128.23 649.30 217.61 -1 -1 -1 -1000 -1000 -1000 -10 1
1 1 Car -1 -1 -1 554.33 131.08 642.55 221.84 -1 -1 -1 -1000 -1000 -1000 -10 1
2 7 Car -1 -1 -1 422.80 177.36 484.34 214.81 -1 -1 -1 -1000 -1000 -1000 -10 1
2 6 Car -1 -1 -1 526.97 174.62 565.64 207.10 -1 -1 -1 -1000 -1000 -1000 -10 1
2 4 Car -1 -1 -1 356.86 176.59 459.82 233.64 -1 -1 -1 -1000 -1000 -1000 -10 1
2 3 Car -1 -1 -1 210.75 194.05 368.78 271.94 -1 -1 -1 -1000 -1000 -1000 -10 1
2 1 Car -1 -1 -1 554.25 131.79 646.14 225.39 -1 -1 -1 -1000 -1000 -1000 -10 1
3 7 Car -1 -1 -1 413.61 180.15 477.11 219.29 -1 -1 -1 -1000 -1000 -1000 -10 1
3 6 Car -1 -1 -1 523.35 174.85 565.01 208.87 -1 -1 -1 -1000 -1000 -1000 -10 1
3 4 Car -1 -1 -1 355.78 177.21 454.13 236.49 -1 -1 -1 -1000 -1000 -1000 -10 1
3 3 Car -1 -1 -1 183.80 192.69 362.53 282.88 -1 -1 -1 -1000 -1000 -1000 -10 1
3 1 Car -1 -1 -1 556.84 130.58 648.74 223.83 -1 -1 -1 -1000 -1000 -1000 -10 1
4 7 Car -1 -1 -1 408.49 178.03 474.27 220.82 -1 -1 -1 -1000 -1000 -1000 -10 1
4 6 Car -1 -1 -1 518.84 173.00 567.08 210.98 -1 -1 -1 -1000 -1000 -1000 -10 1
4 4 Car -1 -1 -1 354.38 177.65 449.49 237.32 -1 -1 -1 -1000 -1000 -1000 -10 1
4 3 Car -1 -1 -1 158.13 193.15 353.15 290.67 -1 -1 -1 -1000 -1000 -1000 -10 1
4 1 Car -1 -1 -1 558.29 132.87 649.20 224.86 -1 -1 -1 -1000 -1000 -1000 -10 1
5 6 Car -1 -1 -1 507.84 170.29 565.48 213.28 -1 -1 -1 -1000 -1000 -1000 -10 1
5 4 Car -1 -1 -1 342.04 176.25 441.07 238.95 -1 -1 -1 -1000 -1000 -1000 -10 1
5 3 Car -1 -1 -1 130.58 195.97 332.47 295.08 -1 -1 -1 -1000 -1000 -1000 -10 1
5 1 Car -1 -1 -1 561.16 134.52 649.90 223.88 -1 -1 -1 -1000 -1000 -1000 -10 1
6 10 Car -1 -1 -1 562.99 132.88 649.91 211.12 -1 -1 -1 -1000 -1000 -1000 -10 1
6 6 Car -1 -1 -1 500.30 167.08 562.60 212.61 -1 -1 -1 -1000 -1000 -1000 -10 1
6 4 Car -1 -1 -1 332.25 175.39 432.90 241.51 -1 -1 -1 -1000 -1000 -1000 -10 1
6 3 Car -1 -1 -1 88.87 194.52 317.28 305.78 -1 -1 -1 -1000 -1000 -1000 -10 1
6 1 Car -1 -1 -1 564.31 132.69 649.53 218.20 -1 -1 -1 -1000 -1000 -1000 -10 1
7 10 Car -1 -1 -1 563.54 130.40 652.46 209.77 -1 -1 -1 -1000 -1000 -1000 -10 1
7 6 Car -1 -1 -1 492.92 164.10 558.26 212.34 -1 -1 -1 -1000 -1000 -1000 -10 1
7 4 Car -1 -1 -1 318.11 179.41 427.43 248.85 -1 -1 -1 -1000 -1000 -1000 -10 1
7 3 Car -1 -1 -1 40.77 195.04 297.80 317.13 -1 -1 -1 -1000 -1000 -1000 -10 1
7 1 Car -1 -1 -1 567.32 130.10 650.09 213.29 -1 -1 -1 -1000 -1000 -1000 -10 1
8 10 Car -1 -1 -1 562.38 132.89 653.15 213.30 -1 -1 -1 -1000 -1000 -1000 -10 1
8 6 Car -1 -1 -1 486.56 163.63 555.48 216.36 -1 -1 -1 -1000 -1000 -1000 -10 1
8 4 Car -1 -1 -1 307.78 178.78 430.29 250.48 -1 -1 -1 -1000 -1000 -1000 -10 1
8 3 Car -1 -1 -1 -1.14 199.81 280.26 331.16 -1 -1 -1 -1000 -1000 -1000 -10 1
8 1 Car -1 -1 -1 569.17 139.31 646.09 213.38 -1 -1 -1 -1000 -1000 -1000 -10 1
9 12 Car -1 -1 -1 478.58 168.76 556.57 223.69 -1 -1 -1 -1000 -1000 -1000 -10 1
9 10 Car -1 -1 -1 563.50 138.15 654.31 217.01 -1 -1 -1 -1000 -1000 -1000 -10 1
9 6 Car -1 -1 -1 482.81 164.99 554.52 220.38 -1 -1 -1 -1000 -1000 -1000 -10 1
9 4 Car -1 -1 -1 296.48 183.40 424.20 259.52 -1 -1 -1 -1000 -1000 -1000 -10 1
9 3 Car -1 -1 -1 -17.50 208.11 269.48 352.53 -1 -1 -1 -1000 -1000 -1000 -10 1
9 1 Car -1 -1 -1 570.92 142.49 647.08 214.50 -1 -1 -1 -1000 -1000 -1000 -10 1
10 12 Car -1 -1 -1 471.85 170.07 554.58 230.21 -1 -1 -1 -1000 -1000 -1000 -10 1
10 10 Car -1 -1 -1 568.05 141.36 654.44 217.95 -1 -1 -1 -1000 -1000 -1000 -10 1
10 4 Car -1 -1 -1 279.02 189.08 413.77 267.49 -1 -1 -1 -1000 -1000 -1000 -10 1
10 3 Car -1 -1 -1 -25.81 212.73 243.77 363.56 -1 -1 -1 -1000 -1000 -1000 -10 1
10 1 Car -1 -1 -1 576.39 144.66 650.55 214.86 -1 -1 -1 -1000 -1000 -1000 -10 1
11 13 Car -1 -1 -1 369.55 177.81 459.81 238.30 -1 -1 -1 -1000 -1000 -1000 -10 1
11 12 Car -1 -1 -1 460.10 168.26 550.53 235.60 -1 -1 -1 -1000 -1000 -1000 -10 1
11 10 Car -1 -1 -1 573.39 140.08 657.93 219.33 -1 -1 -1 -1000 -1000 -1000 -10 1
11 4 Car -1 -1 -1 264.86 187.26 401.21 271.11 -1 -1 -1 -1000 -1000 -1000 -10 1
11 3 Car -1 -1 -1 -25.97 214.27 205.61 364.17 -1 -1 -1 -1000 -1000 -1000 -10 1
11 1 Car -1 -1 -1 578.63 144.10 653.93 217.53 -1 -1 -1 -1000 -1000 -1000 -10 1
12 13 Car -1 -1 -1 361.87 183.24 449.96 239.11 -1 -1 -1 -1000 -1000 -1000 -10 1
12 12 Car -1 -1 -1 445.86 166.36 543.36 240.51 -1 -1 -1 -1000 -1000 -1000 -10 1
12 10 Car -1 -1 -1 573.45 140.05 655.19 220.36 -1 -1 -1 -1000 -1000 -1000 -10 1
12 3 Car -1 -1 -1 -26.60 225.72 166.84 372.27 -1 -1 -1 -1000 -1000 -1000 -10 1
12 1 Car -1 -1 -1 575.47 142.42 651.54 218.38 -1 -1 -1 -1000 -1000 -1000 -10 1
13 16 Car -1 -1 -1 417.68 161.30 536.47 247.62 -1 -1 -1 -1000 -1000 -1000 -10 1
13 13 Car -1 -1 -1 346.85 182.22 446.76 241.65 -1 -1 -1 -1000 -1000 -1000 -10 1
13 12 Car -1 -1 -1 431.40 160.19 534.00 240.76 -1 -1 -1 -1000 -1000 -1000 -10 1
13 10 Car -1 -1 -1 568.49 138.62 654.68 217.64 -1 -1 -1 -1000 -1000 -1000 -10 1
13 4 Car -1 -1 -1 193.17 187.84 360.06 289.42 -1 -1 -1 -1000 -1000 -1000 -10 1
13 1 Car -1 -1 -1 572.36 144.12 648.85 220.07 -1 -1 -1 -1000 -1000 -1000 -10 1
14 13 Car -1 -1 -1 343.03 184.22 443.16 243.50 -1 -1 -1 -1000 -1000 -1000 -10 1
14 10 Car -1 -1 -1 565.55 137.40 655.62 216.44 -1 -1 -1 -1000 -1000 -1000 -10 1
14 4 Car -1 -1 -1 148.28 190.39 341.00 299.97 -1 -1 -1 -1000 -1000 -1000 -10 1
14 1 Car -1 -1 -1 572.74 145.13 649.53 221.43 -1 -1 -1 -1000 -1000 -1000 -10 1
15 10 Car -1 -1 -1 564.76 137.30 655.57 217.08 -1 -1 -1 -1000 -1000 -1000 -10 1
15 4 Car -1 -1 -1 106.60 190.25 325.71 312.22 -1 -1 -1 -1000 -1000 -1000 -10 1
15 1 Car -1 -1 -1 573.46 146.58 648.29 221.39 -1 -1 -1 -1000 -1000 -1000 -10 1
16 16 Car -1 -1 -1 332.96 161.40 497.47 284.10 -1 -1 -1 -1000 -1000 -1000 -10 1
16 10 Car -1 -1 -1 565.47 137.47 656.19 217.52 -1 -1 -1 -1000 -1000 -1000 -10 1
16 4 Car -1 -1 -1 54.12 192.04 302.43 327.52 -1 -1 -1 -1000 -1000 -1000 -10 1
16 1 Car -1 -1 -1 573.81 143.72 649.75 219.57 -1 -1 -1 -1000 -1000 -1000 -10 1
17 16 Car -1 -1 -1 285.82 166.43 472.30 303.86 -1 -1 -1 -1000 -1000 -1000 -10 1
17 10 Car -1 -1 -1 565.75 136.93 655.17 217.25 -1 -1 -1 -1000 -1000 -1000 -10 1
17 4 Car -1 -1 -1 11.53 194.83 276.06 337.26 -1 -1 -1 -1000 -1000 -1000 -10 1
17 1 Car -1 -1 -1 572.89 142.05 649.86 218.91 -1 -1 -1 -1000 -1000 -1000 -10 1
18 16 Car -1 -1 -1 220.17 168.58 446.24 330.61 -1 -1 -1 -1000 -1000 -1000 -10 1
18 10 Car -1 -1 -1 570.39 131.81 656.04 213.51 -1 -1 -1 -1000 -1000 -1000 -10 1
18 4 Car -1 -1 -1 -7.46 195.21 251.16 350.45 -1 -1 -1 -1000 -1000 -1000 -10 1
18 1 Car -1 -1 -1 573.49 137.62 650.34 215.49 -1 -1 -1 -1000 -1000 -1000 -10 1
19 17 Car -1 -1 -1 39.29 123.63 421.47 375.57 -1 -1 -1 -1000 -1000 -1000 -10 1
19 10 Car -1 -1 -1 573.32 129.49 658.76 216.07 -1 -1 -1 -1000 -1000 -1000 -10 1
20 17 Car -1 -1 -1 -27.68 91.46 408.28 374.26 -1 -1 -1 -1000 -1000 -1000 -10 1
20 10 Car -1 -1 -1 572.30 130.64 660.30 221.02 -1 -1 -1 -1000 -1000 -1000 -10 1
21 18 Car -1 -1 -1 354.86 175.26 480.07 231.39 -1 -1 -1 -1000 -1000 -1000 -10 1
21 17 Car -1 -1 -1 -46.85 81.89 371.35 364.73 -1 -1 -1 -1000 -1000 -1000 -10 1
21 16 Car -1 -1 -1 -16.92 101.53 348.32 351.22 -1 -1 -1 -1000 -1000 -1000 -10 1
21 10 Car -1 -1 -1 579.70 127.42 665.54 219.84 -1 -1 -1 -1000 -1000 -1000 -10 1
22 18 Car -1 -1 -1 352.47 178.78 468.01 233.40 -1 -1 -1 -1000 -1000 -1000 -10 1
22 17 Car -1 -1 -1 -72.93 67.13 289.22 371.48 -1 -1 -1 -1000 -1000 -1000 -10 1
22 16 Car -1 -1 -1 -35.42 109.51 260.77 368.91 -1 -1 -1 -1000 -1000 -1000 -10 1
22 10 Car -1 -1 -1 583.93 129.83 666.48 220.05 -1 -1 -1 -1000 -1000 -1000 -10 1
23 19 Car -1 -1 -1 125.80 202.32 335.66 298.29 -1 -1 -1 -1000 -1000 -1000 -10 1
23 18 Car -1 -1 -1 337.03 179.93 456.69 237.89 -1 -1 -1 -1000 -1000 -1000 -10 1
23 10 Car -1 -1 -1 589.24 130.62 669.88 219.15 -1 -1 -1 -1000 -1000 -1000 -10 1
24 19 Car -1 -1 -1 68.35 197.45 325.06 310.81 -1 -1 -1 -1000 -1000 -1000 -10 1
24 18 Car -1 -1 -1 324.48 181.16 450.96 241.94 -1 -1 -1 -1000 -1000 -1000 -10 1
24 10 Car -1 -1 -1 595.55 131.76 677.72 219.31 -1 -1 -1 -1000 -1000 -1000 -10 1
25 19 Car -1 -1 -1 25.11 199.17 308.44 324.91 -1 -1 -1 -1000 -1000 -1000 -10 1
25 18 Car -1 -1 -1 310.89 180.42 447.27 246.69 -1 -1 -1 -1000 -1000 -1000 -10 1
26 22 Car -1 -1 -1 605.68 134.33 693.56 217.39 -1 -1 -1 -1000 -1000 -1000 -10 1
26 19 Car -1 -1 -1 -6.24 204.88 284.43 333.91 -1 -1 -1 -1000 -1000 -1000 -10 1
26 18 Car -1 -1 -1 304.03 184.95 446.09 250.70 -1 -1 -1 -1000 -1000 -1000 -10 1
27 22 Car -1 -1 -1 615.18 136.27 702.10 213.92 -1 -1 -1 -1000 -1000 -1000 -10 1
27 19 Car -1 -1 -1 -19.21 211.00 272.19 354.14 -1 -1 -1 -1000 -1000 -1000 -10 1
27 18 Car -1 -1 -1 295.01 181.83 443.45 253.29 -1 -1 -1 -1000 -1000 -1000 -10 1
28 22 Car -1 -1 -1 620.62 130.03 710.03 215.22 -1 -1 -1 -1000 -1000 -1000 -10 1
28 19 Car -1 -1 -1 -25.71 215.24 245.42 365.57 -1 -1 -1 -1000 -1000 -1000 -10 1
28 18 Car -1 -1 -1 281.53 188.58 433.28 261.77 -1 -1 -1 -1000 -1000 -1000 -10 1
29 22 Car -1 -1 -1 624.10 133.00 715.14 216.14 -1 -1 -1 -1000 -1000 -1000 -10 1
29 19 Car -1 -1 -1 -26.60 221.52 214.04 369.59 -1 -1 -1 -1000 -1000 -1000 -10 1
29 18 Car -1 -1 -1 265.29 193.26 422.41 268.32 -1 -1 -1 -1000 -1000 -1000 -10 1
30 22 Car -1 -1 -1 633.86 139.92 725.14 218.35 -1 -1 -1 -1000 -1000 -1000 -10 1
30 19 Car -1 -1 -1 -28.16 226.72 167.21 371.42 -1 -1 -1 -1000 -1000 -1000 -10 1
30 18 Car -1 -1 -1 240.89 193.33 409.55 277.11 -1 -1 -1 -1000 -1000 -1000 -10 1
31 19 Car -1 -1 -1 -31.30 230.98 112.71 370.48 -1 -1 -1 -1000 -1000 -1000 -10 1
31 18 Car -1 -1 -1 206.98 193.58 395.34 287.51 -1 -1 -1 -1000 -1000 -1000 -10 1
32 25 Car -1 -1 -1 651.86 145.08 731.52 215.58 -1 -1 -1 -1000 -1000 -1000 -10 1
32 18 Car -1 -1 -1 181.16 198.55 380.75 296.78 -1 -1 -1 -1000 -1000 -1000 -10 1
33 25 Car -1 -1 -1 657.03 143.74 741.88 215.03 -1 -1 -1 -1000 -1000 -1000 -10 1
33 18 Car -1 -1 -1 139.23 194.84 366.19 307.74 -1 -1 -1 -1000 -1000 -1000 -10 1
34 25 Car -1 -1 -1 661.09 142.43 749.24 212.37 -1 -1 -1 -1000 -1000 -1000 -10 1
34 18 Car -1 -1 -1 79.47 194.05 339.97 322.18 -1 -1 -1 -1000 -1000 -1000 -10 1
35 26 Car -1 -1 -1 667.56 140.13 749.69 210.66 -1 -1 -1 -1000 -1000 -1000 -10 1
35 25 Car -1 -1 -1 663.73 140.57 754.90 209.68 -1 -1 -1 -1000 -1000 -1000 -10 1
35 18 Car -1 -1 -1 20.20 206.13 305.74 340.67 -1 -1 -1 -1000 -1000 -1000 -10 1
36 26 Car -1 -1 -1 670.58 143.92 749.37 214.66 -1 -1 -1 -1000 -1000 -1000 -10 1
36 18 Car -1 -1 -1 -8.93 203.86 282.73 353.61 -1 -1 -1 -1000 -1000 -1000 -10 1
37 26 Car -1 -1 -1 671.08 146.01 746.66 214.60 -1 -1 -1 -1000 -1000 -1000 -10 1
37 18 Car -1 -1 -1 -22.52 204.73 252.20 362.64 -1 -1 -1 -1000 -1000 -1000 -10 1
38 26 Car -1 -1 -1 673.29 150.40 745.12 215.07 -1 -1 -1 -1000 -1000 -1000 -10 1
38 18 Car -1 -1 -1 -30.14 207.54 201.22 368.53 -1 -1 -1 -1000 -1000 -1000 -10 1
39 26 Car -1 -1 -1 675.48 151.75 746.39 214.82 -1 -1 -1 -1000 -1000 -1000 -10 1
39 25 Car -1 -1 -1 674.88 148.01 759.46 211.11 -1 -1 -1 -1000 -1000 -1000 -10 1
39 18 Car -1 -1 -1 -37.72 207.75 137.60 371.54 -1 -1 -1 -1000 -1000 -1000 -10 1
40 26 Car -1 -1 -1 676.47 151.99 746.49 215.01 -1 -1 -1 -1000 -1000 -1000 -10 1
40 25 Car -1 -1 -1 675.95 147.20 761.33 210.67 -1 -1 -1 -1000 -1000 -1000 -10 1
41 26 Car -1 -1 -1 675.12 152.30 746.25 213.71 -1 -1 -1 -1000 -1000 -1000 -10 1
41 25 Car -1 -1 -1 672.34 147.33 760.39 209.90 -1 -1 -1 -1000 -1000 -1000 -10 1
42 26 Car -1 -1 -1 677.38 154.60 742.99 217.28 -1 -1 -1 -1000 -1000 -1000 -10 1
42 25 Car -1 -1 -1 667.47 148.60 756.36 209.90 -1 -1 -1 -1000 -1000 -1000 -10 1
43 25 Car -1 -1 -1 661.61 150.18 752.09 212.20 -1 -1 -1 -1000 -1000 -1000 -10 1
44 27 Car -1 -1 -1 585.64 170.48 659.37 206.35 -1 -1 -1 -1000 -1000 -1000 -10 1
44 25 Car -1 -1 -1 656.67 150.42 749.21 213.51 -1 -1 -1 -1000 -1000 -1000 -10 1
45 27 Car -1 -1 -1 571.02 172.31 649.12 209.10 -1 -1 -1 -1000 -1000 -1000 -10 1
45 25 Car -1 -1 -1 654.05 147.99 747.98 211.44 -1 -1 -1 -1000 -1000 -1000 -10 1
46 27 Car -1 -1 -1 558.83 172.50 636.91 210.03 -1 -1 -1 -1000 -1000 -1000 -10 1
46 25 Car -1 -1 -1 651.37 150.37 744.96 214.46 -1 -1 -1 -1000 -1000 -1000 -10 1
47 27 Car -1 -1 -1 546.26 179.08 628.80 218.96 -1 -1 -1 -1000 -1000 -1000 -10 1
48 30 Car -1 -1 -1 659.34 162.89 730.67 224.71 -1 -1 -1 -1000 -1000 -1000 -10 1
48 27 Car -1 -1 -1 535.32 184.10 621.28 223.94 -1 -1 -1 -1000 -1000 -1000 -10 1
49 27 Car -1 -1 -1 520.24 184.04 610.11 222.81 -1 -1 -1 -1000 -1000 -1000 -10 1
50 27 Car -1 -1 -1 512.63 182.18 603.42 222.32 -1 -1 -1 -1000 -1000 -1000 -10 1
51 31 Car -1 -1 -1 644.89 143.26 719.57 212.47 -1 -1 -1 -1000 -1000 -1000 -10 1
51 27 Car -1 -1 -1 501.80 180.15 594.19 223.41 -1 -1 -1 -1000 -1000 -1000 -10 1
52 31 Car -1 -1 -1 643.89 140.74 719.13 211.75 -1 -1 -1 -1000 -1000 -1000 -10 1
52 27 Car -1 -1 -1 488.99 181.34 585.74 224.71 -1 -1 -1 -1000 -1000 -1000 -10 1
53 31 Car -1 -1 -1 637.40 138.22 715.86 210.77 -1 -1 -1 -1000 -1000 -1000 -10 1
53 27 Car -1 -1 -1 472.91 176.62 575.27 221.94 -1 -1 -1 -1000 -1000 -1000 -10 1
54 31 Car -1 -1 -1 635.32 134.67 711.86 207.19 -1 -1 -1 -1000 -1000 -1000 -10 1
54 27 Car -1 -1 -1 461.72 176.43 569.11 221.82 -1 -1 -1 -1000 -1000 -1000 -10 1
55 31 Car -1 -1 -1 631.43 131.91 705.28 205.26 -1 -1 -1 -1000 -1000 -1000 -10 1
55 27 Car -1 -1 -1 447.03 172.68 561.17 218.20 -1 -1 -1 -1000 -1000 -1000 -10 1
56 33 Car -1 -1 -1 631.09 138.29 704.74 205.06 -1 -1 -1 -1000 -1000 -1000 -10 1
56 31 Car -1 -1 -1 631.13 133.04 702.28 204.41 -1 -1 -1 -1000 -1000 -1000 -10 1
56 27 Car -1 -1 -1 434.31 172.50 552.97 219.45 -1 -1 -1 -1000 -1000 -1000 -10 1
57 31 Car -1 -1 -1 632.38 135.39 701.45 203.46 -1 -1 -1 -1000 -1000 -1000 -10 1
57 27 Car -1 -1 -1 420.72 172.87 547.76 222.78 -1 -1 -1 -1000 -1000 -1000 -10 1
58 31 Car -1 -1 -1 633.54 135.62 703.66 205.56 -1 -1 -1 -1000 -1000 -1000 -10 1
58 27 Car -1 -1 -1 409.19 174.65 540.60 227.16 -1 -1 -1 -1000 -1000 -1000 -10 1
59 31 Car -1 -1 -1 630.44 136.36 700.85 207.25 -1 -1 -1 -1000 -1000 -1000 -10 1
59 27 Car -1 -1 -1 396.01 176.21 535.30 230.69 -1 -1 -1 -1000 -1000 -1000 -10 1
60 31 Car -1 -1 -1 627.31 137.98 696.12 206.64 -1 -1 -1 -1000 -1000 -1000 -10 1
60 27 Car -1 -1 -1 381.98 174.27 524.40 233.31 -1 -1 -1 -1000 -1000 -1000 -10 1
61 31 Car -1 -1 -1 627.54 143.56 694.10 205.60 -1 -1 -1 -1000 -1000 -1000 -10 1
61 27 Car -1 -1 -1 363.84 173.41 514.60 236.90 -1 -1 -1 -1000 -1000 -1000 -10 1
62 36 Car -1 -1 -1 90.13 178.12 208.15 225.96 -1 -1 -1 -1000 -1000 -1000 -10 1
62 27 Car -1 -1 -1 343.84 173.07 503.74 242.25 -1 -1 -1 -1000 -1000 -1000 -10 1
63 27 Car -1 -1 -1 331.14 171.76 496.94 247.73 -1 -1 -1 -1000 -1000 -1000 -10 1
64 37 Car -1 -1 -1 130.51 175.65 246.27 228.81 -1 -1 -1 -1000 -1000 -1000 -10 1
64 27 Car -1 -1 -1 306.37 175.70 482.72 255.63 -1 -1 -1 -1000 -1000 -1000 -10 1
65 37 Car -1 -1 -1 101.87 177.52 223.72 230.62 -1 -1 -1 -1000 -1000 -1000 -10 1
65 36 Car -1 -1 -1 -8.35 177.84 128.10 231.19 -1 -1 -1 -1000 -1000 -1000 -10 1
65 27 Car -1 -1 -1 282.61 176.32 468.10 260.73 -1 -1 -1 -1000 -1000 -1000 -10 1
66 37 Car -1 -1 -1 70.21 175.01 200.42 230.76 -1 -1 -1 -1000 -1000 -1000 -10 1
66 36 Car -1 -1 -1 -18.26 181.62 91.37 234.88 -1 -1 -1 -1000 -1000 -1000 -10 1
66 27 Car -1 -1 -1 248.46 178.11 452.75 269.63 -1 -1 -1 -1000 -1000 -1000 -10 1
67 38 Car -1 -1 -1 617.73 149.12 672.57 200.80 -1 -1 -1 -1000 -1000 -1000 -10 1
67 37 Car -1 -1 -1 35.13 171.78 174.67 230.93 -1 -1 -1 -1000 -1000 -1000 -10 1
67 27 Car -1 -1 -1 216.55 182.29 435.25 275.25 -1 -1 -1 -1000 -1000 -1000 -10 1
68 39 Car -1 -1 -1 620.24 153.10 667.73 200.50 -1 -1 -1 -1000 -1000 -1000 -10 1
68 38 Car -1 -1 -1 611.06 146.30 667.74 201.67 -1 -1 -1 -1000 -1000 -1000 -10 1
68 37 Car -1 -1 -1 1.49 177.08 141.15 238.81 -1 -1 -1 -1000 -1000 -1000 -10 1
68 27 Car -1 -1 -1 168.38 182.54 415.69 287.45 -1 -1 -1 -1000 -1000 -1000 -10 1
69 39 Car -1 -1 -1 616.53 147.05 668.06 201.13 -1 -1 -1 -1000 -1000 -1000 -10 1
69 38 Car -1 -1 -1 608.12 141.00 668.71 202.47 -1 -1 -1 -1000 -1000 -1000 -10 1
69 37 Car -1 -1 -1 -13.41 176.20 123.45 243.24 -1 -1 -1 -1000 -1000 -1000 -10 1
69 27 Car -1 -1 -1 107.16 185.65 397.00 306.07 -1 -1 -1 -1000 -1000 -1000 -10 1
70 39 Car -1 -1 -1 608.54 144.98 664.54 204.36 -1 -1 -1 -1000 -1000 -1000 -10 1
70 38 Car -1 -1 -1 604.38 138.84 668.38 204.60 -1 -1 -1 -1000 -1000 -1000 -10 1
70 27 Car -1 -1 -1 38.70 185.14 374.00 323.97 -1 -1 -1 -1000 -1000 -1000 -10 1
71 41 Car -1 -1 -1 514.73 173.21 567.30 202.36 -1 -1 -1 -1000 -1000 -1000 -10 1
71 39 Car -1 -1 -1 605.10 142.74 662.84 205.25 -1 -1 -1 -1000 -1000 -1000 -10 1
71 38 Car -1 -1 -1 602.71 138.33 669.04 206.67 -1 -1 -1 -1000 -1000 -1000 -10 1
71 27 Car -1 -1 -1 0.91 187.99 360.79 350.05 -1 -1 -1 -1000 -1000 -1000 -10 1
72 39 Car -1 -1 -1 601.02 142.47 660.07 205.35 -1 -1 -1 -1000 -1000 -1000 -10 1
72 38 Car -1 -1 -1 600.58 138.26 668.53 207.00 -1 -1 -1 -1000 -1000 -1000 -10 1
72 27 Car -1 -1 -1 -13.71 183.98 339.71 359.46 -1 -1 -1 -1000 -1000 -1000 -10 1
73 39 Car -1 -1 -1 598.09 140.55 659.20 203.79 -1 -1 -1 -1000 -1000 -1000 -10 1
73 38 Car -1 -1 -1 600.27 137.79 668.77 206.36 -1 -1 -1 -1000 -1000 -1000 -10 1
73 27 Car -1 -1 -1 -21.59 178.58 306.27 361.37 -1 -1 -1 -1000 -1000 -1000 -10 1
74 41 Car -1 -1 -1 484.27 172.73 536.66 203.95 -1 -1 -1 -1000 -1000 -1000 -10 1
74 38 Car -1 -1 -1 598.59 137.35 667.85 207.42 -1 -1 -1 -1000 -1000 -1000 -10 1
74 27 Car -1 -1 -1 -26.73 176.91 261.16 364.14 -1 -1 -1 -1000 -1000 -1000 -10 1
75 44 Car -1 -1 -1 109.33 152.25 217.35 192.81 -1 -1 -1 -1000 -1000 -1000 -10 1
75 41 Car -1 -1 -1 482.91 174.11 534.94 205.98 -1 -1 -1 -1000 -1000 -1000 -10 1
75 38 Car -1 -1 -1 595.35 136.62 666.27 209.45 -1 -1 -1 -1000 -1000 -1000 -10 1
75 27 Car -1 -1 -1 -29.83 171.59 201.67 366.38 -1 -1 -1 -1000 -1000 -1000 -10 1
76 44 Car -1 -1 -1 127.13 152.47 215.99 188.64 -1 -1 -1 -1000 -1000 -1000 -10 1
76 41 Car -1 -1 -1 473.48 176.31 531.07 208.96 -1 -1 -1 -1000 -1000 -1000 -10 1
76 38 Car -1 -1 -1 588.78 137.46 662.86 210.65 -1 -1 -1 -1000 -1000 -1000 -10 1
77 46 Car -1 -1 -1 53.04 165.17 158.77 195.71 -1 -1 -1 -1000 -1000 -1000 -10 1
77 44 Car -1 -1 -1 101.72 152.50 200.44 189.12 -1 -1 -1 -1000 -1000 -1000 -10 1
77 41 Car -1 -1 -1 462.36 179.41 522.51 212.87 -1 -1 -1 -1000 -1000 -1000 -10 1
77 38 Car -1 -1 -1 587.60 139.23 661.97 214.14 -1 -1 -1 -1000 -1000 -1000 -10 1
78 46 Car -1 -1 -1 30.61 166.74 134.98 196.42 -1 -1 -1 -1000 -1000 -1000 -10 1
78 44 Car -1 -1 -1 80.44 157.19 177.88 192.44 -1 -1 -1 -1000 -1000 -1000 -10 1
78 41 Car -1 -1 -1 452.90 181.05 512.41 214.87 -1 -1 -1 -1000 -1000 -1000 -10 1
78 38 Car -1 -1 -1 580.77 141.05 658.98 214.00 -1 -1 -1 -1000 -1000 -1000 -10 1
79 46 Car -1 -1 -1 -0.29 166.35 108.73 199.01 -1 -1 -1 -1000 -1000 -1000 -10 1
79 41 Car -1 -1 -1 443.54 181.40 505.43 217.41 -1 -1 -1 -1000 -1000 -1000 -10 1
79 38 Car -1 -1 -1 574.06 138.99 654.09 212.69 -1 -1 -1 -1000 -1000 -1000 -10 1
80 49 Car -1 -1 -1 497.28 174.67 536.14 206.75 -1 -1 -1 -1000 -1000 -1000 -10 1
80 48 Car -1 -1 -1 583.74 158.36 639.47 215.15 -1 -1 -1 -1000 -1000 -1000 -10 1
80 46 Car -1 -1 -1 -0.26 162.58 114.47 200.95 -1 -1 -1 -1000 -1000 -1000 -10 1
80 41 Car -1 -1 -1 430.07 181.25 496.25 218.73 -1 -1 -1 -1000 -1000 -1000 -10 1
80 38 Car -1 -1 -1 568.03 134.94 652.29 209.88 -1 -1 -1 -1000 -1000 -1000 -10 1
81 49 Car -1 -1 -1 495.73 171.51 535.34 204.67 -1 -1 -1 -1000 -1000 -1000 -10 1
81 48 Car -1 -1 -1 575.66 147.39 639.09 211.31 -1 -1 -1 -1000 -1000 -1000 -10 1
81 46 Car -1 -1 -1 -9.02 160.75 105.12 203.86 -1 -1 -1 -1000 -1000 -1000 -10 1
81 41 Car -1 -1 -1 419.74 180.80 489.71 220.94 -1 -1 -1 -1000 -1000 -1000 -10 1
81 38 Car -1 -1 -1 564.12 134.65 645.13 211.44 -1 -1 -1 -1000 -1000 -1000 -10 1
82 49 Car -1 -1 -1 500.11 171.66 539.03 204.85 -1 -1 -1 -1000 -1000 -1000 -10 1
82 48 Car -1 -1 -1 567.94 140.82 635.39 210.10 -1 -1 -1 -1000 -1000 -1000 -10 1
82 41 Car -1 -1 -1 408.37 184.28 481.69 224.59 -1 -1 -1 -1000 -1000 -1000 -10 1
82 38 Car -1 -1 -1 561.00 131.11 642.55 210.41 -1 -1 -1 -1000 -1000 -1000 -10 1
83 49 Car -1 -1 -1 483.49 172.45 526.77 206.63 -1 -1 -1 -1000 -1000 -1000 -10 1
83 48 Car -1 -1 -1 563.48 140.44 633.36 213.84 -1 -1 -1 -1000 -1000 -1000 -10 1
83 41 Car -1 -1 -1 395.51 186.50 476.15 228.77 -1 -1 -1 -1000 -1000 -1000 -10 1
83 38 Car -1 -1 -1 555.25 131.53 637.57 214.34 -1 -1 -1 -1000 -1000 -1000 -10 1
84 49 Car -1 -1 -1 470.38 174.51 517.64 208.28 -1 -1 -1 -1000 -1000 -1000 -10 1
84 48 Car -1 -1 -1 559.16 142.22 631.37 218.52 -1 -1 -1 -1000 -1000 -1000 -10 1
84 41 Car -1 -1 -1 384.88 186.84 467.62 231.52 -1 -1 -1 -1000 -1000 -1000 -10 1
85 49 Car -1 -1 -1 464.80 178.24 512.68 211.90 -1 -1 -1 -1000 -1000 -1000 -10 1
85 48 Car -1 -1 -1 561.54 142.82 632.05 217.62 -1 -1 -1 -1000 -1000 -1000 -10 1
85 41 Car -1 -1 -1 368.16 183.77 458.14 230.54 -1 -1 -1 -1000 -1000 -1000 -10 1
86 49 Car -1 -1 -1 460.82 180.01 510.66 214.77 -1 -1 -1 -1000 -1000 -1000 -10 1
86 48 Car -1 -1 -1 558.20 142.96 630.36 219.94 -1 -1 -1 -1000 -1000 -1000 -10 1
86 41 Car -1 -1 -1 358.14 183.51 451.53 234.63 -1 -1 -1 -1000 -1000 -1000 -10 1
86 38 Car -1 -1 -1 546.58 134.89 631.03 221.40 -1 -1 -1 -1000 -1000 -1000 -10 1
87 49 Car -1 -1 -1 463.76 177.76 513.81 212.87 -1 -1 -1 -1000 -1000 -1000 -10 1
87 48 Car -1 -1 -1 555.29 141.09 629.30 220.98 -1 -1 -1 -1000 -1000 -1000 -10 1
87 41 Car -1 -1 -1 350.11 184.13 445.58 239.16 -1 -1 -1 -1000 -1000 -1000 -10 1
87 38 Car -1 -1 -1 543.85 136.44 629.46 225.11 -1 -1 -1 -1000 -1000 -1000 -10 1
88 54 Car -1 -1 -1 545.85 133.62 632.49 223.17 -1 -1 -1 -1000 -1000 -1000 -10 1
88 49 Car -1 -1 -1 460.85 177.57 511.31 213.13 -1 -1 -1 -1000 -1000 -1000 -10 1
88 48 Car -1 -1 -1 559.10 142.19 627.64 222.62 -1 -1 -1 -1000 -1000 -1000 -10 1
88 41 Car -1 -1 -1 339.71 185.37 438.12 243.47 -1 -1 -1 -1000 -1000 -1000 -10 1
88 38 Car -1 -1 -1 542.53 136.27 630.25 227.72 -1 -1 -1 -1000 -1000 -1000 -10 1
89 54 Car -1 -1 -1 540.54 134.23 628.72 224.45 -1 -1 -1 -1000 -1000 -1000 -10 1
89 49 Car -1 -1 -1 469.00 176.72 520.43 211.93 -1 -1 -1 -1000 -1000 -1000 -10 1
89 41 Car -1 -1 -1 328.67 186.64 431.68 245.73 -1 -1 -1 -1000 -1000 -1000 -10 1
89 38 Car -1 -1 -1 540.36 136.47 629.56 230.12 -1 -1 -1 -1000 -1000 -1000 -10 1
