0 1 Car -1 -1 -1 602.39 180.25 630.22 206.59 -1 -1 -1 -1000 -1000 -1000 -10 1
1 1 Car -1 -1 -1 600.31 177.38 629.56 203.93 -1 -1 -1 -1000 -1000 -1000 -10 1
2 1 Car -1 -1 -1 591.76 176.23 622.30 203.62 -1 -1 -1 -1000 -1000 -1000 -10 1
6 7 Car -1 -1 -1 970.09 186.72 1053.66 220.96 -1 -1 -1 -1000 -1000 -1000 -10 1
6 5 Car -1 -1 -1 602.24 175.40 632.33 199.42 -1 -1 -1 -1000 -1000 -1000 -10 1
7 5 Car -1 -1 -1 602.62 175.29 632.45 199.54 -1 -1 -1 -1000 -1000 -1000 -10 1
8 5 Car -1 -1 -1 602.03 175.45 631.67 199.99 -1 -1 -1 -1000 -1000 -1000 -10 1
9 10 Car -1 -1 -1 1155.91 172.60 1229.60 285.30 -1 -1 -1 -1000 -1000 -1000 -10 1
14 14 Car -1 -1 -1 231.67 166.15 392.86 346.26 -1 -1 -1 -1000 -1000 -1000 -10 1
22 22 Car -1 -1 -1 590.47 180.82 617.76 213.75 -1 -1 -1 -1000 -1000 -1000 -10 1
24 23 Car -1 -1 -1 602.65 176.41 631.70 200.77 -1 -1 -1 -1000 -1000 -1000 -10 1
25 23 Car -1 -1 -1 601.96 177.00 630.67 202.58 -1 -1 -1 -1000 -1000 -1000 -10 1
26 25 Car -1 -1 -1 933.55 188.49 1011.53 224.78 -1 -1 -1 -1000 -1000 -1000 -10 1
26 24 Car -1 -1 -1 570.89 173.71 599.09 230.59 -1 -1 -1 -1000 -1000 -1000 -10 1
27 25 Car -1 -1 -1 933.03 188.28 1010.73 224.91 -1 -1 -1 -1000 -1000 -1000 -10 1
27 24 Car -1 -1 -1 582.09 172.60 608.08 224.69 -1 -1 -1 -1000 -1000 -1000 -10 1
28 25 Car -1 -1 -1 932.23 188.39 1009.86 225.01 -1 -1 -1 -1000 -1000 -1000 -10 1
28 24 Car -1 -1 -1 589.46 173.58 612.99 219.60 -1 -1 -1 -1000 -1000 -1000 -10 1
29 27 Car -1 -1 -1 603.80 174.37 632.16 198.58 -1 -1 -1 -1000 -1000 -1000 -10 1
29 25 Car -1 -1 -1 932.23 188.47 1009.40 225.01 -1 -1 -1 -1000 -1000 -1000 -10 1
29 24 Car -1 -1 -1 595.92 174.39 618.07 214.35 -1 -1 -1 -1000 -1000 -1000 -10 1
30 25 Car -1 -1 -1 933.29 188.38 1009.92 224.70 -1 -1 -1 -1000 -1000 -1000 -10 1
30 24 Car -1 -1 -1 597.73 175.54 619.01 211.30 -1 -1 -1 -1000 -1000 -1000 -10 1
31 27 Car -1 -1 -1 600.27 174.65 632.55 197.80 -1 -1 -1 -1000 -1000 -1000 -10 1
31 25 Car -1 -1 -1 933.63 188.52 1010.41 224.93 -1 -1 -1 -1000 -1000 -1000 -10 1
31 24 Car -1 -1 -1 597.55 176.74 618.01 209.71 -1 -1 -1 -1000 -1000 -1000 -10 1
32 25 Car -1 -1 -1 933.22 188.65 1010.09 225.02 -1 -1 -1 -1000 -1000 -1000 -10 1
32 24 Car -1 -1 -1 598.07 176.86 618.49 206.91 -1 -1 -1 -1000 -1000 -1000 -10 1
33 25 Car -1 -1 -1 932.90 188.37 1009.69 224.72 -1 -1 -1 -1000 -1000 -1000 -10 1
33 24 Car -1 -1 -1 600.48 177.79 621.31 205.82 -1 -1 -1 -1000 -1000 -1000 -10 1
34 25 Car -1 -1 -1 933.41 188.46 1010.04 224.76 -1 -1 -1 -1000 -1000 -1000 -10 1
34 24 Car -1 -1 -1 601.64 177.66 622.25 204.40 -1 -1 -1 -1000 -1000 -1000 -10 1
35 25 Car -1 -1 -1 933.89 188.38 1010.36 224.70 -1 -1 -1 -1000 -1000 -1000 -10 1
35 24 Car -1 -1 -1 597.96 177.61 618.02 204.24 -1 -1 -1 -1000 -1000 -1000 -10 1
36 31 Car -1 -1 -1 600.51 175.00 634.51 197.49 -1 -1 -1 -1000 -1000 -1000 -10 1
36 25 Car -1 -1 -1 933.65 188.49 1009.98 224.71 -1 -1 -1 -1000 -1000 -1000 -10 1
37 31 Car -1 -1 -1 601.18 176.99 632.79 200.20 -1 -1 -1 -1000 -1000 -1000 -10 1
37 25 Car -1 -1 -1 934.98 188.55 1011.55 224.68 -1 -1 -1 -1000 -1000 -1000 -10 1
38 31 Car -1 -1 -1 602.01 176.58 632.66 200.32 -1 -1 -1 -1000 -1000 -1000 -10 1
38 25 Car -1 -1 -1 936.18 188.22 1013.28 224.00 -1 -1 -1 -1000 -1000 -1000 -10 1
39 31 Car -1 -1 -1 601.18 176.54 631.45 200.48 -1 -1 -1 -1000 -1000 -1000 -10 1
39 25 Car -1 -1 -1 935.33 188.62 1012.81 224.11 -1 -1 -1 -1000 -1000 -1000 -10 1
40 31 Car -1 -1 -1 602.01 176.12 633.23 199.72 -1 -1 -1 -1000 -1000 -1000 -10 1
40 25 Car -1 -1 -1 942.33 186.61 1021.24 221.58 -1 -1 -1 -1000 -1000 -1000 -10 1
42 35 Car -1 -1 -1 605.77 174.79 634.20 199.28 -1 -1 -1 -1000 -1000 -1000 -10 1
43 35 Car -1 -1 -1 602.04 178.14 630.75 203.41 -1 -1 -1 -1000 -1000 -1000 -10 1
43 25 Car -1 -1 -1 936.30 188.76 1011.53 223.60 -1 -1 -1 -1000 -1000 -1000 -10 1
46 35 Car -1 -1 -1 610.55 177.08 638.12 206.00 -1 -1 -1 -1000 -1000 -1000 -10 1
52 38 Car -1 -1 -1 937.10 185.71 1013.22 219.79 -1 -1 -1 -1000 -1000 -1000 -10 1
53 38 Car -1 -1 -1 955.15 188.00 1027.09 220.99 -1 -1 -1 -1000 -1000 -1000 -10 1
54 38 Car -1 -1 -1 972.21 190.41 1044.30 222.99 -1 -1 -1 -1000 -1000 -1000 -10 1
55 38 Car -1 -1 -1 974.43 193.95 1048.69 227.55 -1 -1 -1 -1000 -1000 -1000 -10 1
56 39 Car -1 -1 -1 933.50 187.84 1013.92 225.17 -1 -1 -1 -1000 -1000 -1000 -10 1
59 40 Car -1 -1 -1 601.78 175.41 631.32 199.08 -1 -1 -1 -1000 -1000 -1000 -10 1
61 40 Car -1 -1 -1 601.36 176.09 631.56 198.59 -1 -1 -1 -1000 -1000 -1000 -10 1
62 40 Car -1 -1 -1 601.32 175.96 632.66 198.04 -1 -1 -1 -1000 -1000 -1000 -10 1
63 40 Car -1 -1 -1 603.02 175.61 633.29 198.70 -1 -1 -1 -1000 -1000 -1000 -10 1
66 43 Car -1 -1 -1 606.53 174.94 635.54 202.83 -1 -1 -1 -1000 -1000 -1000 -10 1
72 45 Car -1 -1 -1 1196.55 212.07 1230.22 338.33 -1 -1 -1 -1000 -1000 -1000 -10 1
76 49 Car -1 -1 -1 581.93 167.73 663.93 228.12 -1 -1 -1 -1000 -1000 -1000 -10 1
82 54 Car -1 -1 -1 957.62 189.59 1027.28 225.82 -1 -1 -1 -1000 -1000 -1000 -10 1
82 53 Car -1 -1 -1 617.01 169.43 696.28 230.32 -1 -1 -1 -1000 -1000 -1000 -10 1
83 53 Car -1 -1 -1 647.92 170.48 728.55 237.03 -1 -1 -1 -1000 -1000 -1000 -10 1
84 53 Car -1 -1 -1 655.62 169.03 741.47 238.46 -1 -1 -1 -1000 -1000 -1000 -10 1
85 55 Car -1 -1 -1 963.22 190.09 1044.52 225.50 -1 -1 -1 -1000 -1000 -1000 -10 1
88 56 Car -1 -1 -1 939.18 188.23 1012.88 223.86 -1 -1 -1 -1000 -1000 -1000 -10 1
89 56 Car -1 -1 -1 938.66 188.12 1012.24 223.92 -1 -1 -1 -1000 -1000 -1000 -10 1
90 56 Car -1 -1 -1 938.45 188.45 1011.85 224.09 -1 -1 -1 -1000 -1000 -1000 -10 1
91 56 Car -1 -1 -1 939.83 188.34 1012.25 223.52 -1 -1 -1 -1000 -1000 -1000 -10 1
92 56 Car -1 -1 -1 940.02 188.47 1012.58 223.17 -1 -1 -1 -1000 -1000 -1000 -10 1
93 56 Car -1 -1 -1 939.62 188.24 1013.01 222.97 -1 -1 -1 -1000 -1000 -1000 -10 1
94 56 Car -1 -1 -1 937.17 188.16 1011.82 223.23 -1 -1 -1 -1000 -1000 -1000 -10 1
95 56 Car -1 -1 -1 937.24 188.70 1012.69 223.81 -1 -1 -1 -1000 -1000 -1000 -10 1
96 56 Car -1 -1 -1 941.78 188.01 1017.79 223.05 -1 -1 -1 -1000 -1000 -1000 -10 1
99 61 Car -1 -1 -1 2.18 150.07 42.35 232.77 -1 -1 -1 -1000 -1000 -1000 -10 1
113 68 Car -1 -1 -1 600.64 174.77 637.20 198.07 -1 -1 -1 -1000 -1000 -1000 -10 1
114 68 Car -1 -1 -1 600.83 174.98 636.07 197.59 -1 -1 -1 -1000 -1000 -1000 -10 1
115 68 Car -1 -1 -1 600.76 175.23 635.87 197.80 -1 -1 -1 -1000 -1000 -1000 -10 1
116 68 Car -1 -1 -1 601.95 175.22 637.91 197.80 -1 -1 -1 -1000 -1000 -1000 -10 1
117 68 Car -1 -1 -1 601.22 175.39 637.97 197.84 -1 -1 -1 -1000 -1000 -1000 -10 1
118 74 Car -1 -1 -1 960.59 189.84 1042.93 223.82 -1 -1 -1 -1000 -1000 -1000 -10 1
118 68 Car -1 -1 -1 601.20 175.56 637.63 197.78 -1 -1 -1 -1000 -1000 -1000 -10 1
119 74 Car -1 -1 -1 933.91 189.49 1013.18 224.22 -1 -1 -1 -1000 -1000 -1000 -10 1
119 68 Car -1 -1 -1 600.99 175.39 637.57 197.33 -1 -1 -1 -1000 -1000 -1000 -10 1
120 75 Car -1 -1 -1 1091.65 163.71 1211.71 289.85 -1 -1 -1 -1000 -1000 -1000 -10 1
120 74 Car -1 -1 -1 932.59 189.58 1009.64 224.52 -1 -1 -1 -1000 -1000 -1000 -10 1
120 68 Car -1 -1 -1 600.18 175.28 638.44 197.14 -1 -1 -1 -1000 -1000 -1000 -10 1
121 74 Car -1 -1 -1 933.44 189.22 1009.84 224.42 -1 -1 -1 -1000 -1000 -1000 -10 1
121 68 Car -1 -1 -1 601.21 178.91 636.10 202.89 -1 -1 -1 -1000 -1000 -1000 -10 1
122 74 Car -1 -1 -1 934.07 189.24 1009.76 224.57 -1 -1 -1 -1000 -1000 -1000 -10 1
122 68 Car -1 -1 -1 600.38 176.06 635.15 201.12 -1 -1 -1 -1000 -1000 -1000 -10 1
123 74 Car -1 -1 -1 934.30 189.05 1010.41 224.54 -1 -1 -1 -1000 -1000 -1000 -10 1
124 74 Car -1 -1 -1 934.33 188.91 1010.67 224.57 -1 -1 -1 -1000 -1000 -1000 -10 1
125 74 Car -1 -1 -1 933.93 188.90 1010.30 224.59 -1 -1 -1 -1000 -1000 -1000 -10 1
126 74 Car -1 -1 -1 934.45 188.87 1010.77 224.64 -1 -1 -1 -1000 -1000 -1000 -10 1
127 74 Car -1 -1 -1 933.81 189.09 1010.32 224.84 -1 -1 -1 -1000 -1000 -1000 -10 1
128 77 Car -1 -1 -1 602.31 174.31 632.89 198.26 -1 -1 -1 -1000 -1000 -1000 -10 1
128 74 Car -1 -1 -1 934.36 188.86 1010.94 224.51 -1 -1 -1 -1000 -1000 -1000 -10 1
129 77 Car -1 -1 -1 601.45 174.49 632.76 197.19 -1 -1 -1 -1000 -1000 -1000 -10 1
129 74 Car -1 -1 -1 934.51 189.07 1010.96 224.81 -1 -1 -1 -1000 -1000 -1000 -10 1
130 77 Car -1 -1 -1 600.76 174.41 633.29 197.25 -1 -1 -1 -1000 -1000 -1000 -10 1
130 74 Car -1 -1 -1 934.67 189.15 1011.08 224.80 -1 -1 -1 -1000 -1000 -1000 -10 1
131 77 Car -1 -1 -1 601.05 174.48 633.40 197.66 -1 -1 -1 -1000 -1000 -1000 -10 1
131 74 Car -1 -1 -1 934.71 189.01 1011.01 224.61 -1 -1 -1 -1000 -1000 -1000 -10 1
132 77 Car -1 -1 -1 602.15 175.67 633.43 198.87 -1 -1 -1 -1000 -1000 -1000 -10 1
132 74 Car -1 -1 -1 934.56 189.05 1011.08 224.76 -1 -1 -1 -1000 -1000 -1000 -10 1
133 77 Car -1 -1 -1 603.07 175.57 633.16 199.44 -1 -1 -1 -1000 -1000 -1000 -10 1
133 74 Car -1 -1 -1 934.31 189.19 1010.91 224.87 -1 -1 -1 -1000 -1000 -1000 -10 1
134 77 Car -1 -1 -1 604.16 174.56 634.41 199.22 -1 -1 -1 -1000 -1000 -1000 -10 1
134 74 Car -1 -1 -1 934.51 189.03 1011.12 224.85 -1 -1 -1 -1000 -1000 -1000 -10 1
135 77 Car -1 -1 -1 601.70 175.36 631.35 200.45 -1 -1 -1 -1000 -1000 -1000 -10 1
135 74 Car -1 -1 -1 934.86 188.85 1011.09 224.60 -1 -1 -1 -1000 -1000 -1000 -10 1
136 78 Car -1 -1 -1 596.10 175.02 623.75 217.87 -1 -1 -1 -1000 -1000 -1000 -10 1
136 74 Car -1 -1 -1 934.65 189.11 1010.76 224.87 -1 -1 -1 -1000 -1000 -1000 -10 1
137 78 Car -1 -1 -1 595.94 174.43 625.01 224.77 -1 -1 -1 -1000 -1000 -1000 -10 1
137 74 Car -1 -1 -1 934.99 189.02 1010.95 224.75 -1 -1 -1 -1000 -1000 -1000 -10 1
138 78 Car -1 -1 -1 603.22 172.96 630.71 227.68 -1 -1 -1 -1000 -1000 -1000 -10 1
138 74 Car -1 -1 -1 935.08 189.10 1011.16 224.72 -1 -1 -1 -1000 -1000 -1000 -10 1
139 78 Car -1 -1 -1 605.32 174.86 631.95 231.66 -1 -1 -1 -1000 -1000 -1000 -10 1
139 74 Car -1 -1 -1 935.28 189.08 1011.38 224.71 -1 -1 -1 -1000 -1000 -1000 -10 1
140 74 Car -1 -1 -1 935.15 188.99 1011.12 224.68 -1 -1 -1 -1000 -1000 -1000 -10 1
141 74 Car -1 -1 -1 934.89 188.89 1010.56 224.51 -1 -1 -1 -1000 -1000 -1000 -10 1
142 74 Car -1 -1 -1 935.39 188.96 1010.86 224.52 -1 -1 -1 -1000 -1000 -1000 -10 1
143 74 Car -1 -1 -1 935.35 189.07 1010.88 224.56 -1 -1 -1 -1000 -1000 -1000 -10 1
144 87 Car -1 -1 -1 602.37 174.04 634.17 199.11 -1 -1 -1 -1000 -1000 -1000 -10 1
144 74 Car -1 -1 -1 935.70 188.87 1011.22 224.52 -1 -1 -1 -1000 -1000 -1000 -10 1
145 87 Car -1 -1 -1 602.52 174.25 634.48 199.53 -1 -1 -1 -1000 -1000 -1000 -10 1
145 74 Car -1 -1 -1 936.19 188.87 1011.32 224.49 -1 -1 -1 -1000 -1000 -1000 -10 1
146 87 Car -1 -1 -1 604.82 175.96 636.56 201.06 -1 -1 -1 -1000 -1000 -1000 -10 1
146 74 Car -1 -1 -1 936.73 188.68 1011.31 224.29 -1 -1 -1 -1000 -1000 -1000 -10 1
147 87 Car -1 -1 -1 602.17 174.56 633.56 199.65 -1 -1 -1 -1000 -1000 -1000 -10 1
147 74 Car -1 -1 -1 937.03 188.61 1011.60 224.32 -1 -1 -1 -1000 -1000 -1000 -10 1
148 87 Car -1 -1 -1 601.96 177.51 631.77 202.15 -1 -1 -1 -1000 -1000 -1000 -10 1
148 74 Car -1 -1 -1 937.32 188.75 1011.71 224.32 -1 -1 -1 -1000 -1000 -1000 -10 1
149 87 Car -1 -1 -1 604.23 175.12 634.46 199.21 -1 -1 -1 -1000 -1000 -1000 -10 1
149 74 Car -1 -1 -1 936.91 188.69 1011.26 224.24 -1 -1 -1 -1000 -1000 -1000 -10 1
150 87 Car -1 -1 -1 604.34 175.26 633.99 198.86 -1 -1 -1 -1000 -1000 -1000 -10 1
150 74 Car -1 -1 -1 936.73 188.83 1011.25 224.42 -1 -1 -1 -1000 -1000 -1000 -10 1
151 74 Car -1 -1 -1 937.10 188.85 1011.84 224.46 -1 -1 -1 -1000 -1000 -1000 -10 1
152 74 Car -1 -1 -1 937.26 189.07 1011.97 224.38 -1 -1 -1 -1000 -1000 -1000 -10 1
153 87 Car -1 -1 -1 603.92 175.63 632.48 200.45 -1 -1 -1 -1000 -1000 -1000 -10 1
153 74 Car -1 -1 -1 936.70 189.27 1011.98 224.38 -1 -1 -1 -1000 -1000 -1000 -10 1
154 87 Car -1 -1 -1 604.06 174.17 633.98 198.61 -1 -1 -1 -1000 -1000 -1000 -10 1
154 74 Car -1 -1 -1 936.81 188.59 1012.54 223.70 -1 -1 -1 -1000 -1000 -1000 -10 1
155 95 Car -1 -1 -1 584.64 183.34 612.53 215.93 -1 -1 -1 -1000 -1000 -1000 -10 1
155 87 Car -1 -1 -1 604.01 174.28 633.93 198.26 -1 -1 -1 -1000 -1000 -1000 -10 1
155 74 Car -1 -1 -1 934.58 187.84 1011.45 223.07 -1 -1 -1 -1000 -1000 -1000 -10 1
156 95 Car -1 -1 -1 596.43 181.42 623.81 210.88 -1 -1 -1 -1000 -1000 -1000 -10 1
156 87 Car -1 -1 -1 603.81 174.77 633.51 198.40 -1 -1 -1 -1000 -1000 -1000 -10 1
156 74 Car -1 -1 -1 933.02 187.63 1010.38 222.55 -1 -1 -1 -1000 -1000 -1000 -10 1
157 95 Car -1 -1 -1 591.50 183.68 619.36 214.32 -1 -1 -1 -1000 -1000 -1000 -10 1
157 87 Car -1 -1 -1 603.52 175.78 632.49 199.07 -1 -1 -1 -1000 -1000 -1000 -10 1
157 74 Car -1 -1 -1 932.39 188.57 1009.64 223.84 -1 -1 -1 -1000 -1000 -1000 -10 1
158 95 Car -1 -1 -1 588.70 183.33 616.56 216.69 -1 -1 -1 -1000 -1000 -1000 -10 1
158 87 Car -1 -1 -1 603.21 176.31 631.21 199.76 -1 -1 -1 -1000 -1000 -1000 -10 1
158 74 Car -1 -1 -1 927.97 188.61 1007.74 225.35 -1 -1 -1 -1000 -1000 -1000 -10 1
159 95 Car -1 -1 -1 581.65 180.82 608.83 217.47 -1 -1 -1 -1000 -1000 -1000 -10 1
159 74 Car -1 -1 -1 929.61 189.57 1008.91 226.33 -1 -1 -1 -1000 -1000 -1000 -10 1
161 97 Car -1 -1 -1 568.61 175.99 591.71 219.64 -1 -1 -1 -1000 -1000 -1000 -10 1
162 99 Car -1 -1 -1 601.38 175.80 630.09 200.80 -1 -1 -1 -1000 -1000 -1000 -10 1
163 100 Car -1 -1 -1 932.33 184.84 1020.96 255.38 -1 -1 -1 -1000 -1000 -1000 -10 1
163 99 Car -1 -1 -1 600.89 175.66 629.99 200.30 -1 -1 -1 -1000 -1000 -1000 -10 1
164 101 Car -1 -1 -1 581.88 175.91 602.89 212.68 -1 -1 -1 -1000 -1000 -1000 -10 1
164 99 Car -1 -1 -1 600.72 175.73 630.77 200.61 -1 -1 -1 -1000 -1000 -1000 -10 1
165 101 Car -1 -1 -1 586.54 176.11 607.48 210.52 -1 -1 -1 -1000 -1000 -1000 -10 1
165 99 Car -1 -1 -1 601.09 175.79 631.67 200.74 -1 -1 -1 -1000 -1000 -1000 -10 1
166 102 Car -1 -1 -1 938.64 189.85 1008.83 225.50 -1 -1 -1 -1000 -1000 -1000 -10 1
166 99 Car -1 -1 -1 600.24 175.99 631.44 201.23 -1 -1 -1 -1000 -1000 -1000 -10 1
167 102 Car -1 -1 -1 943.00 188.08 1017.68 224.10 -1 -1 -1 -1000 -1000 -1000 -10 1
167 99 Car -1 -1 -1 599.75 175.82 630.93 201.10 -1 -1 -1 -1000 -1000 -1000 -10 1
168 102 Car -1 -1 -1 948.62 186.76 1031.66 223.18 -1 -1 -1 -1000 -1000 -1000 -10 1
168 101 Car -1 -1 -1 593.02 176.46 614.61 212.61 -1 -1 -1 -1000 -1000 -1000 -10 1
168 99 Car -1 -1 -1 600.51 176.07 631.18 201.19 -1 -1 -1 -1000 -1000 -1000 -10 1
169 102 Car -1 -1 -1 934.60 189.08 1013.45 224.06 -1 -1 -1 -1000 -1000 -1000 -10 1
169 101 Car -1 -1 -1 588.43 176.27 610.50 212.00 -1 -1 -1 -1000 -1000 -1000 -10 1
170 102 Car -1 -1 -1 933.77 189.45 1011.10 223.96 -1 -1 -1 -1000 -1000 -1000 -10 1
170 101 Car -1 -1 -1 589.50 176.79 612.16 210.91 -1 -1 -1 -1000 -1000 -1000 -10 1
171 102 Car -1 -1 -1 933.63 189.83 1010.12 224.34 -1 -1 -1 -1000 -1000 -1000 -10 1
171 101 Car -1 -1 -1 593.46 176.30 616.21 209.22 -1 -1 -1 -1000 -1000 -1000 -10 1
172 102 Car -1 -1 -1 934.23 189.74 1010.62 224.39 -1 -1 -1 -1000 -1000 -1000 -10 1
172 101 Car -1 -1 -1 597.53 178.02 620.60 209.66 -1 -1 -1 -1000 -1000 -1000 -10 1
173 102 Car -1 -1 -1 934.88 189.64 1011.28 224.45 -1 -1 -1 -1000 -1000 -1000 -10 1
173 101 Car -1 -1 -1 600.20 178.94 624.90 209.99 -1 -1 -1 -1000 -1000 -1000 -10 1
174 102 Car -1 -1 -1 934.83 189.42 1011.31 224.43 -1 -1 -1 -1000 -1000 -1000 -10 1
175 102 Car -1 -1 -1 934.33 189.58 1010.65 224.53 -1 -1 -1 -1000 -1000 -1000 -10 1
176 102 Car -1 -1 -1 935.30 189.29 1011.49 224.35 -1 -1 -1 -1000 -1000 -1000 -10 1
176 101 Car -1 -1 -1 606.06 176.31 633.44 201.61 -1 -1 -1 -1000 -1000 -1000 -10 1
177 102 Car -1 -1 -1 935.47 189.39 1011.59 224.58 -1 -1 -1 -1000 -1000 -1000 -10 1
178 102 Car -1 -1 -1 935.73 189.17 1011.94 224.38 -1 -1 -1 -1000 -1000 -1000 -10 1
179 102 Car -1 -1 -1 936.67 189.41 1012.68 224.49 -1 -1 -1 -1000 -1000 -1000 -10 1
179 101 Car -1 -1 -1 602.97 180.85 630.37 210.20 -1 -1 -1 -1000 -1000 -1000 -10 1
180 102 Car -1 -1 -1 937.61 189.56 1013.23 224.42 -1 -1 -1 -1000 -1000 -1000 -10 1
180 101 Car -1 -1 -1 595.26 179.43 623.63 215.51 -1 -1 -1 -1000 -1000 -1000 -10 1
181 102 Car -1 -1 -1 937.51 189.33 1012.63 224.22 -1 -1 -1 -1000 -1000 -1000 -10 1
181 101 Car -1 -1 -1 592.79 177.41 622.14 217.42 -1 -1 -1 -1000 -1000 -1000 -10 1
182 102 Car -1 -1 -1 936.80 189.55 1012.08 224.46 -1 -1 -1 -1000 -1000 -1000 -10 1
182 101 Car -1 -1 -1 595.15 176.80 623.31 223.51 -1 -1 -1 -1000 -1000 -1000 -10 1
183 102 Car -1 -1 -1 938.04 189.61 1012.68 224.32 -1 -1 -1 -1000 -1000 -1000 -10 1
184 102 Car -1 -1 -1 937.58 189.87 1012.01 224.46 -1 -1 -1 -1000 -1000 -1000 -10 1
185 102 Car -1 -1 -1 937.72 190.19 1012.06 224.70 -1 -1 -1 -1000 -1000 -1000 -10 1
186 102 Car -1 -1 -1 937.76 190.22 1012.06 224.72 -1 -1 -1 -1000 -1000 -1000 -10 1
187 102 Car -1 -1 -1 937.28 190.18 1011.81 224.92 -1 -1 -1 -1000 -1000 -1000 -10 1
188 102 Car -1 -1 -1 937.96 189.95 1011.96 224.78 -1 -1 -1 -1000 -1000 -1000 -10 1
189 102 Car -1 -1 -1 937.52 190.17 1011.59 224.82 -1 -1 -1 -1000 -1000 -1000 -10 1
190 102 Car -1 -1 -1 937.23 190.45 1011.32 224.97 -1 -1 -1 -1000 -1000 -1000 -10 1
191 109 Car -1 -1 -1 602.82 174.42 636.76 198.22 -1 -1 -1 -1000 -1000 -1000 -10 1
191 102 Car -1 -1 -1 936.92 189.98 1011.34 224.68 -1 -1 -1 -1000 -1000 -1000 -10 1
192 109 Car -1 -1 -1 602.27 175.44 636.42 198.36 -1 -1 -1 -1000 -1000 -1000 -10 1
192 102 Car -1 -1 -1 937.33 189.89 1011.84 224.61 -1 -1 -1 -1000 -1000 -1000 -10 1
193 109 Car -1 -1 -1 601.21 175.87 633.47 198.98 -1 -1 -1 -1000 -1000 -1000 -10 1
193 102 Car -1 -1 -1 937.17 189.43 1011.84 224.33 -1 -1 -1 -1000 -1000 -1000 -10 1
194 109 Car -1 -1 -1 600.92 175.74 632.69 199.29 -1 -1 -1 -1000 -1000 -1000 -10 1
194 102 Car -1 -1 -1 937.50 189.41 1011.62 224.29 -1 -1 -1 -1000 -1000 -1000 -10 1
195 109 Car -1 -1 -1 601.01 175.51 632.95 199.45 -1 -1 -1 -1000 -1000 -1000 -10 1
195 102 Car -1 -1 -1 938.29 189.36 1012.04 224.23 -1 -1 -1 -1000 -1000 -1000 -10 1
196 109 Car -1 -1 -1 600.80 175.26 633.47 198.15 -1 -1 -1 -1000 -1000 -1000 -10 1
196 102 Car -1 -1 -1 938.23 189.45 1012.00 224.29 -1 -1 -1 -1000 -1000 -1000 -10 1
197 109 Car -1 -1 -1 600.48 175.35 634.24 198.01 -1 -1 -1 -1000 -1000 -1000 -10 1
197 102 Car -1 -1 -1 937.56 189.24 1011.47 224.33 -1 -1 -1 -1000 -1000 -1000 -10 1
198 109 Car -1 -1 -1 600.51 175.48 635.17 197.92 -1 -1 -1 -1000 -1000 -1000 -10 1
198 102 Car -1 -1 -1 938.01 189.18 1011.80 224.11 -1 -1 -1 -1000 -1000 -1000 -10 1
199 109 Car -1 -1 -1 600.52 175.63 635.51 197.86 -1 -1 -1 -1000 -1000 -1000 -10 1
199 102 Car -1 -1 -1 937.48 189.31 1011.32 224.20 -1 -1 -1 -1000 -1000 -1000 -10 1
200 109 Car -1 -1 -1 600.14 175.55 634.60 197.62 -1 -1 -1 -1000 -1000 -1000 -10 1
200 102 Car -1 -1 -1 936.98 189.08 1011.42 224.04 -1 -1 -1 -1000 -1000 -1000 -10 1
201 109 Car -1 -1 -1 599.44 175.61 633.57 197.47 -1 -1 -1 -1000 -1000 -1000 -10 1
201 102 Car -1 -1 -1 936.42 189.15 1011.70 224.34 -1 -1 -1 -1000 -1000 -1000 -10 1
