0 4 Car -1 -1 -1 1091.95 183.55 1229.71 232.20 -1 -1 -1 -1000 -1000 -1000 -10 1
0 3 Car -1 -1 -1 961.32 181.49 1068.63 228.48 -1 -1 -1 -1000 -1000 -1000 -10 1
0 2 Car -1 -1 -1 602.95 172.45 637.92 202.04 -1 -1 -1 -1000 -1000 -1000 -10 1
0 1 Car -1 -1 -1 1031.63 186.56 1158.43 227.27 -1 -1 -1 -1000 -1000 -1000 -10 1
1 4 Car -1 -1 -1 1091.76 183.61 1229.62 232.17 -1 -1 -1 -1000 -1000 -1000 -10 1
1 3 Car -1 -1 -1 962.08 180.97 1067.80 227.48 -1 -1 -1 -1000 -1000 -1000 -10 1
1 2 Car -1 -1 -1 602.58 172.08 637.67 201.69 -1 -1 -1 -1000 -1000 -1000 -10 1
1 1 Car -1 -1 -1 1031.71 186.40 1159.11 227.20 -1 -1 -1 -1000 -1000 -1000 -10 1
2 4 Car -1 -1 -1 1092.11 183.72 1229.78 232.30 -1 -1 -1 -1000 -1000 -1000 -10 1
2 3 Car -1 -1 -1 961.89 181.05 1068.19 227.87 -1 -1 -1 -1000 -1000 -1000 -10 1
2 2 Car -1 -1 -1 601.03 172.16 637.35 201.48 -1 -1 -1 -1000 -1000 -1000 -10 1
2 1 Car -1 -1 -1 1031.66 186.54 1158.73 227.17 -1 -1 -1 -1000 -1000 -1000 -10 1
3 4 Car -1 -1 -1 1092.06 183.62 1229.61 232.11 -1 -1 -1 -1000 -1000 -1000 -10 1
3 3 Car -1 -1 -1 961.11 180.84 1068.84 228.24 -1 -1 -1 -1000 -1000 -1000 -10 1
3 2 Car -1 -1 -1 601.92 172.40 637.40 201.81 -1 -1 -1 -1000 -1000 -1000 -10 1
3 1 Car -1 -1 -1 1031.83 186.50 1158.87 227.11 -1 -1 -1 -1000 -1000 -1000 -10 1
4 4 Car -1 -1 -1 1091.65 183.56 1229.67 232.12 -1 -1 -1 -1000 -1000 -1000 -10 1
4 3 Car -1 -1 -1 961.66 180.90 1068.76 228.33 -1 -1 -1 -1000 -1000 -1000 -10 1
4 2 Car -1 -1 -1 601.87 172.59 637.04 201.88 -1 -1 -1 -1000 -1000 -1000 -10 1
4 1 Car -1 -1 -1 1031.62 186.46 1158.83 227.05 -1 -1 -1 -1000 -1000 -1000 -10 1
5 4 Car -1 -1 -1 1091.68 183.63 1229.87 232.21 -1 -1 -1 -1000 -1000 -1000 -10 1
5 3 Car -1 -1 -1 963.01 180.69 1067.79 227.78 -1 -1 -1 -1000 -1000 -1000 -10 1
5 2 Car -1 -1 -1 602.02 171.92 637.54 201.34 -1 -1 -1 -1000 -1000 -1000 -10 1
5 1 Car -1 -1 -1 1031.62 186.54 1158.80 227.09 -1 -1 -1 -1000 -1000 -1000 -10 1
6 5 Car -1 -1 -1 173.76 177.17 340.56 349.68 -1 -1 -1 -1000 -1000 -1000 -10 1
6 4 Car -1 -1 -1 1091.68 183.60 1229.97 232.11 -1 -1 -1 -1000 -1000 -1000 -10 1
6 3 Car -1 -1 -1 964.33 180.65 1066.74 227.13 -1 -1 -1 -1000 -1000 -1000 -10 1
6 2 Car -1 -1 -1 601.75 172.08 637.93 202.02 -1 -1 -1 -1000 -1000 -1000 -10 1
6 1 Car -1 -1 -1 1031.55 186.66 1158.36 227.07 -1 -1 -1 -1000 -1000 -1000 -10 1
7 4 Car -1 -1 -1 1091.84 183.58 1229.94 232.04 -1 -1 -1 -1000 -1000 -1000 -10 1
7 3 Car -1 -1 -1 964.14 180.66 1067.33 227.48 -1 -1 -1 -1000 -1000 -1000 -10 1
7 2 Car -1 -1 -1 601.73 172.44 638.22 202.70 -1 -1 -1 -1000 -1000 -1000 -10 1
7 1 Car -1 -1 -1 1031.61 186.55 1158.93 227.17 -1 -1 -1 -1000 -1000 -1000 -10 1
8 4 Car -1 -1 -1 1092.05 183.70 1229.91 232.21 -1 -1 -1 -1000 -1000 -1000 -10 1
8 3 Car -1 -1 -1 962.07 180.80 1067.49 227.78 -1 -1 -1 -1000 -1000 -1000 -10 1
8 2 Car -1 -1 -1 601.86 173.41 638.33 203.90 -1 -1 -1 -1000 -1000 -1000 -10 1
8 1 Car -1 -1 -1 1031.51 186.51 1159.18 227.16 -1 -1 -1 -1000 -1000 -1000 -10 1
9 4 Car -1 -1 -1 1092.41 183.68 1230.14 232.33 -1 -1 -1 -1000 -1000 -1000 -10 1
9 3 Car -1 -1 -1 961.18 180.64 1067.85 227.37 -1 -1 -1 -1000 -1000 -1000 -10 1
9 2 Car -1 -1 -1 600.74 172.60 638.08 202.54 -1 -1 -1 -1000 -1000 -1000 -10 1
9 1 Car -1 -1 -1 1031.23 186.49 1159.04 227.25 -1 -1 -1 -1000 -1000 -1000 -10 1
10 4 Car -1 -1 -1 1092.21 183.69 1229.90 232.39 -1 -1 -1 -1000 -1000 -1000 -10 1
10 3 Car -1 -1 -1 957.13 184.92 1067.01 228.47 -1 -1 -1 -1000 -1000 -1000 -10 1
10 2 Car -1 -1 -1 600.74 173.40 637.80 203.74 -1 -1 -1 -1000 -1000 -1000 -10 1
10 1 Car -1 -1 -1 1031.25 186.40 1159.60 227.39 -1 -1 -1 -1000 -1000 -1000 -10 1
11 4 Car -1 -1 -1 1092.20 183.69 1229.88 232.50 -1 -1 -1 -1000 -1000 -1000 -10 1
11 3 Car -1 -1 -1 956.16 185.97 1067.28 228.19 -1 -1 -1 -1000 -1000 -1000 -10 1
11 2 Car -1 -1 -1 600.86 174.75 637.84 205.24 -1 -1 -1 -1000 -1000 -1000 -10 1
11 1 Car -1 -1 -1 1031.07 186.32 1159.70 227.35 -1 -1 -1 -1000 -1000 -1000 -10 1
12 4 Car -1 -1 -1 1092.34 183.72 1229.69 232.43 -1 -1 -1 -1000 -1000 -1000 -10 1
12 3 Car -1 -1 -1 959.47 182.21 1069.76 227.00 -1 -1 -1 -1000 -1000 -1000 -10 1
12 2 Car -1 -1 -1 596.93 172.72 635.22 204.27 -1 -1 -1 -1000 -1000 -1000 -10 1
12 1 Car -1 -1 -1 1031.10 186.38 1159.51 227.30 -1 -1 -1 -1000 -1000 -1000 -10 1
13 4 Car -1 -1 -1 1092.34 183.72 1229.47 232.39 -1 -1 -1 -1000 -1000 -1000 -10 1
13 3 Car -1 -1 -1 957.65 184.21 1068.17 228.11 -1 -1 -1 -1000 -1000 -1000 -10 1
13 2 Car -1 -1 -1 596.77 171.83 636.59 203.10 -1 -1 -1 -1000 -1000 -1000 -10 1
13 1 Car -1 -1 -1 1031.11 186.34 1159.35 227.30 -1 -1 -1 -1000 -1000 -1000 -10 1
14 8 Car -1 -1 -1 575.45 174.29 616.73 255.65 -1 -1 -1 -1000 -1000 -1000 -10 1
14 4 Car -1 -1 -1 1092.37 183.68 1229.53 232.32 -1 -1 -1 -1000 -1000 -1000 -10 1
14 3 Car -1 -1 -1 960.56 181.36 1069.44 226.82 -1 -1 -1 -1000 -1000 -1000 -10 1
14 2 Car -1 -1 -1 599.59 172.70 638.52 203.61 -1 -1 -1 -1000 -1000 -1000 -10 1
14 1 Car -1 -1 -1 1031.18 186.31 1159.47 227.31 -1 -1 -1 -1000 -1000 -1000 -10 1
15 8 Car -1 -1 -1 578.48 168.39 626.42 263.40 -1 -1 -1 -1000 -1000 -1000 -10 1
15 4 Car -1 -1 -1 1092.34 183.65 1229.61 232.31 -1 -1 -1 -1000 -1000 -1000 -10 1
15 3 Car -1 -1 -1 961.54 180.81 1068.93 227.22 -1 -1 -1 -1000 -1000 -1000 -10 1
15 2 Car -1 -1 -1 598.86 171.52 638.91 202.26 -1 -1 -1 -1000 -1000 -1000 -10 1
15 1 Car -1 -1 -1 1031.19 186.37 1159.22 227.35 -1 -1 -1 -1000 -1000 -1000 -10 1
16 8 Car -1 -1 -1 594.49 164.93 641.41 257.15 -1 -1 -1 -1000 -1000 -1000 -10 1
16 4 Car -1 -1 -1 1092.45 183.56 1229.54 232.24 -1 -1 -1 -1000 -1000 -1000 -10 1
16 3 Car -1 -1 -1 962.27 180.50 1068.73 227.47 -1 -1 -1 -1000 -1000 -1000 -10 1
16 1 Car -1 -1 -1 1031.07 186.34 1159.02 227.41 -1 -1 -1 -1000 -1000 -1000 -10 1
17 8 Car -1 -1 -1 609.88 165.71 656.94 261.13 -1 -1 -1 -1000 -1000 -1000 -10 1
17 4 Car -1 -1 -1 1092.79 183.42 1227.42 232.03 -1 -1 -1 -1000 -1000 -1000 -10 1
17 3 Car -1 -1 -1 963.01 180.03 1069.09 227.57 -1 -1 -1 -1000 -1000 -1000 -10 1
17 1 Car -1 -1 -1 1031.20 186.19 1159.35 227.40 -1 -1 -1 -1000 -1000 -1000 -10 1
18 8 Car -1 -1 -1 623.11 162.41 670.13 254.69 -1 -1 -1 -1000 -1000 -1000 -10 1
18 4 Car -1 -1 -1 1092.73 183.65 1228.62 232.36 -1 -1 -1 -1000 -1000 -1000 -10 1
18 3 Car -1 -1 -1 962.56 179.37 1069.69 227.64 -1 -1 -1 -1000 -1000 -1000 -10 1
18 1 Car -1 -1 -1 1031.07 186.11 1159.77 227.50 -1 -1 -1 -1000 -1000 -1000 -10 1
19 4 Car -1 -1 -1 1092.19 183.70 1228.81 232.31 -1 -1 -1 -1000 -1000 -1000 -10 1
19 3 Car -1 -1 -1 963.15 179.40 1069.04 227.46 -1 -1 -1 -1000 -1000 -1000 -10 1
19 1 Car -1 -1 -1 1030.81 186.14 1159.63 227.43 -1 -1 -1 -1000 -1000 -1000 -10 1
20 4 Car -1 -1 -1 1092.38 183.73 1229.25 232.47 -1 -1 -1 -1000 -1000 -1000 -10 1
20 3 Car -1 -1 -1 961.74 179.70 1069.48 227.90 -1 -1 -1 -1000 -1000 -1000 -10 1
20 1 Car -1 -1 -1 1031.12 186.28 1159.79 227.53 -1 -1 -1 -1000 -1000 -1000 -10 1
21 9 Car -1 -1 -1 598.11 173.02 639.20 199.76 -1 -1 -1 -1000 -1000 -1000 -10 1
21 4 Car -1 -1 -1 1092.48 183.69 1229.38 232.39 -1 -1 -1 -1000 -1000 -1000 -10 1
21 3 Car -1 -1 -1 961.65 180.15 1069.80 228.26 -1 -1 -1 -1000 -1000 -1000 -10 1
21 1 Car -1 -1 -1 1031.36 186.25 1159.78 227.51 -1 -1 -1 -1000 -1000 -1000 -10 1
22 9 Car -1 -1 -1 598.07 172.87 638.96 199.53 -1 -1 -1 -1000 -1000 -1000 -10 1
22 4 Car -1 -1 -1 1092.17 183.74 1229.36 232.40 -1 -1 -1 -1000 -1000 -1000 -10 1
22 3 Car -1 -1 -1 961.34 179.68 1069.31 227.63 -1 -1 -1 -1000 -1000 -1000 -10 1
22 1 Car -1 -1 -1 1031.25 186.16 1159.47 227.41 -1 -1 -1 -1000 -1000 -1000 -10 1
23 9 Car -1 -1 -1 598.43 172.86 638.55 199.23 -1 -1 -1 -1000 -1000 -1000 -10 1
23 4 Car -1 -1 -1 1092.21 183.75 1229.39 232.44 -1 -1 -1 -1000 -1000 -1000 -10 1
23 3 Car -1 -1 -1 958.12 182.88 1067.87 228.76 -1 -1 -1 -1000 -1000 -1000 -10 1
23 1 Car -1 -1 -1 1031.27 186.28 1159.53 227.41 -1 -1 -1 -1000 -1000 -1000 -10 1
24 9 Car -1 -1 -1 598.13 172.72 638.60 199.56 -1 -1 -1 -1000 -1000 -1000 -10 1
24 4 Car -1 -1 -1 1092.28 183.61 1229.44 232.27 -1 -1 -1 -1000 -1000 -1000 -10 1
24 3 Car -1 -1 -1 959.45 182.29 1068.84 227.45 -1 -1 -1 -1000 -1000 -1000 -10 1
24 1 Car -1 -1 -1 1031.53 186.32 1159.43 227.27 -1 -1 -1 -1000 -1000 -1000 -10 1
25 9 Car -1 -1 -1 597.57 172.56 638.20 199.48 -1 -1 -1 -1000 -1000 -1000 -10 1
25 4 Car -1 -1 -1 1091.99 183.64 1229.21 232.37 -1 -1 -1 -1000 -1000 -1000 -10 1
25 3 Car -1 -1 -1 961.50 180.58 1069.65 227.08 -1 -1 -1 -1000 -1000 -1000 -10 1
25 1 Car -1 -1 -1 1031.61 186.33 1159.61 227.27 -1 -1 -1 -1000 -1000 -1000 -10 1
26 9 Car -1 -1 -1 600.47 173.12 640.06 201.62 -1 -1 -1 -1000 -1000 -1000 -10 1
26 4 Car -1 -1 -1 1092.32 183.66 1229.38 232.45 -1 -1 -1 -1000 -1000 -1000 -10 1
26 3 Car -1 -1 -1 957.15 184.75 1067.42 228.74 -1 -1 -1 -1000 -1000 -1000 -10 1
26 1 Car -1 -1 -1 1031.49 186.32 1159.60 227.35 -1 -1 -1 -1000 -1000 -1000 -10 1
27 9 Car -1 -1 -1 600.68 172.54 639.82 202.18 -1 -1 -1 -1000 -1000 -1000 -10 1
27 4 Car -1 -1 -1 1092.23 183.60 1229.32 232.37 -1 -1 -1 -1000 -1000 -1000 -10 1
27 3 Car -1 -1 -1 960.96 180.72 1069.22 226.46 -1 -1 -1 -1000 -1000 -1000 -10 1
27 1 Car -1 -1 -1 1031.46 186.15 1159.72 227.26 -1 -1 -1 -1000 -1000 -1000 -10 1
28 9 Car -1 -1 -1 600.51 172.22 639.45 202.56 -1 -1 -1 -1000 -1000 -1000 -10 1
28 4 Car -1 -1 -1 1092.22 183.61 1229.43 232.48 -1 -1 -1 -1000 -1000 -1000 -10 1
28 3 Car -1 -1 -1 957.99 183.18 1068.15 228.23 -1 -1 -1 -1000 -1000 -1000 -10 1
28 1 Car -1 -1 -1 1031.42 186.07 1159.85 227.34 -1 -1 -1 -1000 -1000 -1000 -10 1
29 9 Car -1 -1 -1 600.09 171.86 638.83 202.52 -1 -1 -1 -1000 -1000 -1000 -10 1
29 4 Car -1 -1 -1 1092.06 183.58 1229.34 232.37 -1 -1 -1 -1000 -1000 -1000 -10 1
29 3 Car -1 -1 -1 960.26 180.69 1069.78 227.19 -1 -1 -1 -1000 -1000 -1000 -10 1
29 1 Car -1 -1 -1 1031.78 186.19 1159.81 227.31 -1 -1 -1 -1000 -1000 -1000 -10 1
30 9 Car -1 -1 -1 602.22 172.38 640.28 202.40 -1 -1 -1 -1000 -1000 -1000 -10 1
30 4 Car -1 -1 -1 1092.27 183.61 1229.46 232.41 -1 -1 -1 -1000 -1000 -1000 -10 1
30 3 Car -1 -1 -1 955.44 184.68 1068.83 227.89 -1 -1 -1 -1000 -1000 -1000 -10 1
30 1 Car -1 -1 -1 1031.40 186.36 1159.50 227.33 -1 -1 -1 -1000 -1000 -1000 -10 1
31 9 Car -1 -1 -1 603.50 173.04 640.84 202.30 -1 -1 -1 -1000 -1000 -1000 -10 1
31 4 Car -1 -1 -1 1092.68 183.64 1227.25 232.42 -1 -1 -1 -1000 -1000 -1000 -10 1
31 3 Car -1 -1 -1 957.13 182.97 1069.88 227.22 -1 -1 -1 -1000 -1000 -1000 -10 1
31 1 Car -1 -1 -1 1031.22 186.14 1159.91 227.34 -1 -1 -1 -1000 -1000 -1000 -10 1
32 9 Car -1 -1 -1 600.53 172.51 638.85 202.52 -1 -1 -1 -1000 -1000 -1000 -10 1
32 4 Car -1 -1 -1 1093.44 183.79 1227.30 232.53 -1 -1 -1 -1000 -1000 -1000 -10 1
32 3 Car -1 -1 -1 961.27 180.24 1070.62 225.83 -1 -1 -1 -1000 -1000 -1000 -10 1
32 1 Car -1 -1 -1 1030.59 186.23 1159.73 227.58 -1 -1 -1 -1000 -1000 -1000 -10 1
33 9 Car -1 -1 -1 600.28 172.25 639.04 202.83 -1 -1 -1 -1000 -1000 -1000 -10 1
33 4 Car -1 -1 -1 1093.30 183.63 1228.49 232.31 -1 -1 -1 -1000 -1000 -1000 -10 1
33 3 Car -1 -1 -1 954.77 184.74 1069.52 229.18 -1 -1 -1 -1000 -1000 -1000 -10 1
33 1 Car -1 -1 -1 1030.67 186.19 1159.58 227.76 -1 -1 -1 -1000 -1000 -1000 -10 1
34 9 Car -1 -1 -1 600.34 172.36 639.39 202.11 -1 -1 -1 -1000 -1000 -1000 -10 1
34 4 Car -1 -1 -1 1092.40 183.94 1228.51 232.95 -1 -1 -1 -1000 -1000 -1000 -10 1
34 3 Car -1 -1 -1 959.98 184.32 1071.29 230.48 -1 -1 -1 -1000 -1000 -1000 -10 1
34 1 Car -1 -1 -1 1029.67 186.14 1159.60 228.02 -1 -1 -1 -1000 -1000 -1000 -10 1
35 9 Car -1 -1 -1 601.44 172.44 640.31 202.51 -1 -1 -1 -1000 -1000 -1000 -10 1
35 4 Car -1 -1 -1 1092.38 183.77 1228.49 233.01 -1 -1 -1 -1000 -1000 -1000 -10 1
35 3 Car -1 -1 -1 960.34 181.93 1071.11 228.45 -1 -1 -1 -1000 -1000 -1000 -10 1
35 1 Car -1 -1 -1 1029.74 186.11 1159.91 228.10 -1 -1 -1 -1000 -1000 -1000 -10 1
36 9 Car -1 -1 -1 599.39 171.78 638.29 201.34 -1 -1 -1 -1000 -1000 -1000 -10 1
36 4 Car -1 -1 -1 1091.90 183.46 1228.42 232.91 -1 -1 -1 -1000 -1000 -1000 -10 1
36 3 Car -1 -1 -1 960.07 184.10 1071.62 235.94 -1 -1 -1 -1000 -1000 -1000 -10 1
36 1 Car -1 -1 -1 1027.67 185.44 1159.67 228.67 -1 -1 -1 -1000 -1000 -1000 -10 1
37 9 Car -1 -1 -1 598.36 171.77 637.68 200.52 -1 -1 -1 -1000 -1000 -1000 -10 1
37 4 Car -1 -1 -1 1091.28 184.36 1225.65 233.81 -1 -1 -1 -1000 -1000 -1000 -10 1
37 1 Car -1 -1 -1 1029.96 185.64 1158.92 230.25 -1 -1 -1 -1000 -1000 -1000 -10 1
38 9 Car -1 -1 -1 598.26 171.93 637.84 200.16 -1 -1 -1 -1000 -1000 -1000 -10 1
38 4 Car -1 -1 -1 1086.60 185.61 1223.50 236.21 -1 -1 -1 -1000 -1000 -1000 -10 1
38 3 Car -1 -1 -1 961.43 182.85 1066.28 234.23 -1 -1 -1 -1000 -1000 -1000 -10 1
38 1 Car -1 -1 -1 1029.14 185.15 1156.31 233.39 -1 -1 -1 -1000 -1000 -1000 -10 1
39 9 Car -1 -1 -1 600.50 172.46 638.62 201.42 -1 -1 -1 -1000 -1000 -1000 -10 1
39 4 Car -1 -1 -1 1099.47 183.27 1226.76 234.98 -1 -1 -1 -1000 -1000 -1000 -10 1
39 3 Car -1 -1 -1 962.10 181.01 1065.52 231.12 -1 -1 -1 -1000 -1000 -1000 -10 1
39 1 Car -1 -1 -1 1029.46 184.58 1154.14 233.06 -1 -1 -1 -1000 -1000 -1000 -10 1
40 9 Car -1 -1 -1 600.64 171.99 637.91 201.32 -1 -1 -1 -1000 -1000 -1000 -10 1
40 3 Car -1 -1 -1 959.17 183.79 1067.67 229.06 -1 -1 -1 -1000 -1000 -1000 -10 1
41 12 Car -1 -1 -1 1079.96 146.07 1215.05 379.03 -1 -1 -1 -1000 -1000 -1000 -10 1
41 9 Car -1 -1 -1 601.13 171.72 637.88 201.26 -1 -1 -1 -1000 -1000 -1000 -10 1
41 3 Car -1 -1 -1 961.44 184.48 1073.58 227.78 -1 -1 -1 -1000 -1000 -1000 -10 1
41 1 Car -1 -1 -1 1037.44 171.58 1163.86 221.11 -1 -1 -1 -1000 -1000 -1000 -10 1
42 12 Car -1 -1 -1 1052.83 151.66 1179.54 371.15 -1 -1 -1 -1000 -1000 -1000 -10 1
42 9 Car -1 -1 -1 601.36 172.06 637.69 201.67 -1 -1 -1 -1000 -1000 -1000 -10 1
42 3 Car -1 -1 -1 957.01 183.91 1071.12 227.89 -1 -1 -1 -1000 -1000 -1000 -10 1
43 12 Car -1 -1 -1 1040.05 158.12 1155.82 366.65 -1 -1 -1 -1000 -1000 -1000 -10 1
43 9 Car -1 -1 -1 601.69 172.18 637.80 201.84 -1 -1 -1 -1000 -1000 -1000 -10 1
43 3 Car -1 -1 -1 954.59 185.89 1069.35 228.77 -1 -1 -1 -1000 -1000 -1000 -10 1
44 12 Car -1 -1 -1 1011.22 162.06 1131.25 370.68 -1 -1 -1 -1000 -1000 -1000 -10 1
44 9 Car -1 -1 -1 601.68 172.12 637.67 201.85 -1 -1 -1 -1000 -1000 -1000 -10 1
44 3 Car -1 -1 -1 956.29 183.81 1070.51 230.59 -1 -1 -1 -1000 -1000 -1000 -10 1
45 9 Car -1 -1 -1 601.78 172.08 637.62 201.84 -1 -1 -1 -1000 -1000 -1000 -10 1
45 3 Car -1 -1 -1 954.97 184.20 1064.04 230.73 -1 -1 -1 -1000 -1000 -1000 -10 1
46 13 Car -1 -1 -1 1099.54 182.27 1227.24 233.86 -1 -1 -1 -1000 -1000 -1000 -10 1
46 9 Car -1 -1 -1 602.04 171.91 637.88 201.82 -1 -1 -1 -1000 -1000 -1000 -10 1
46 3 Car -1 -1 -1 956.39 180.52 1062.17 232.77 -1 -1 -1 -1000 -1000 -1000 -10 1
47 16 Car -1 -1 -1 1030.28 186.99 1167.12 238.56 -1 -1 -1 -1000 -1000 -1000 -10 1
47 13 Car -1 -1 -1 1098.66 182.86 1224.51 232.11 -1 -1 -1 -1000 -1000 -1000 -10 1
47 12 Car -1 -1 -1 966.24 146.20 1083.58 375.59 -1 -1 -1 -1000 -1000 -1000 -10 1
47 9 Car -1 -1 -1 602.43 172.19 638.31 202.08 -1 -1 -1 -1000 -1000 -1000 -10 1
47 3 Car -1 -1 -1 968.82 177.78 1070.30 234.41 -1 -1 -1 -1000 -1000 -1000 -10 1
48 16 Car -1 -1 -1 1029.81 184.72 1160.65 231.13 -1 -1 -1 -1000 -1000 -1000 -10 1
48 13 Car -1 -1 -1 1096.55 183.13 1224.06 232.35 -1 -1 -1 -1000 -1000 -1000 -10 1
48 9 Car -1 -1 -1 602.26 172.18 638.14 202.04 -1 -1 -1 -1000 -1000 -1000 -10 1
49 16 Car -1 -1 -1 1029.54 184.76 1160.06 228.62 -1 -1 -1 -1000 -1000 -1000 -10 1
49 13 Car -1 -1 -1 1095.54 183.53 1229.59 233.15 -1 -1 -1 -1000 -1000 -1000 -10 1
49 9 Car -1 -1 -1 602.01 172.37 638.02 202.29 -1 -1 -1 -1000 -1000 -1000 -10 1
50 16 Car -1 -1 -1 1031.66 185.53 1160.37 227.53 -1 -1 -1 -1000 -1000 -1000 -10 1
50 13 Car -1 -1 -1 1094.66 183.66 1230.75 233.31 -1 -1 -1 -1000 -1000 -1000 -10 1
50 9 Car -1 -1 -1 601.83 172.44 637.79 202.32 -1 -1 -1 -1000 -1000 -1000 -10 1
51 17 Car -1 -1 -1 950.22 184.54 1065.36 228.42 -1 -1 -1 -1000 -1000 -1000 -10 1
51 16 Car -1 -1 -1 1031.87 185.87 1159.85 226.99 -1 -1 -1 -1000 -1000 -1000 -10 1
51 13 Car -1 -1 -1 1094.43 183.36 1230.67 232.66 -1 -1 -1 -1000 -1000 -1000 -10 1
51 9 Car -1 -1 -1 602.06 172.17 637.98 202.06 -1 -1 -1 -1000 -1000 -1000 -10 1
52 17 Car -1 -1 -1 961.84 182.90 1075.18 225.16 -1 -1 -1 -1000 -1000 -1000 -10 1
52 16 Car -1 -1 -1 1031.91 186.09 1159.40 227.03 -1 -1 -1 -1000 -1000 -1000 -10 1
52 13 Car -1 -1 -1 1094.37 183.46 1228.77 232.31 -1 -1 -1 -1000 -1000 -1000 -10 1
52 9 Car -1 -1 -1 602.25 171.84 638.14 201.80 -1 -1 -1 -1000 -1000 -1000 -10 1
53 18 Car -1 -1 -1 841.39 150.47 971.48 378.67 -1 -1 -1 -1000 -1000 -1000 -10 1
53 17 Car -1 -1 -1 955.57 184.73 1071.60 227.14 -1 -1 -1 -1000 -1000 -1000 -10 1
53 16 Car -1 -1 -1 1032.20 186.21 1159.04 227.08 -1 -1 -1 -1000 -1000 -1000 -10 1
53 13 Car -1 -1 -1 1093.64 183.56 1229.77 232.37 -1 -1 -1 -1000 -1000 -1000 -10 1
53 9 Car -1 -1 -1 602.13 171.82 638.17 201.83 -1 -1 -1 -1000 -1000 -1000 -10 1
54 18 Car -1 -1 -1 839.20 151.99 963.02 369.74 -1 -1 -1 -1000 -1000 -1000 -10 1
54 17 Car -1 -1 -1 958.36 182.04 1072.03 225.88 -1 -1 -1 -1000 -1000 -1000 -10 1
54 16 Car -1 -1 -1 1032.46 186.35 1158.78 227.07 -1 -1 -1 -1000 -1000 -1000 -10 1
54 13 Car -1 -1 -1 1093.32 183.48 1230.19 232.37 -1 -1 -1 -1000 -1000 -1000 -10 1
54 9 Car -1 -1 -1 602.27 172.05 638.36 202.05 -1 -1 -1 -1000 -1000 -1000 -10 1
55 18 Car -1 -1 -1 826.44 155.29 944.53 370.71 -1 -1 -1 -1000 -1000 -1000 -10 1
55 17 Car -1 -1 -1 963.97 181.82 1071.58 226.51 -1 -1 -1 -1000 -1000 -1000 -10 1
55 16 Car -1 -1 -1 1032.67 186.29 1158.70 227.04 -1 -1 -1 -1000 -1000 -1000 -10 1
55 13 Car -1 -1 -1 1092.79 183.50 1230.24 232.33 -1 -1 -1 -1000 -1000 -1000 -10 1
55 9 Car -1 -1 -1 601.69 172.10 637.87 202.15 -1 -1 -1 -1000 -1000 -1000 -10 1
56 17 Car -1 -1 -1 957.69 185.57 1067.29 226.86 -1 -1 -1 -1000 -1000 -1000 -10 1
56 16 Car -1 -1 -1 1032.63 186.51 1158.21 227.06 -1 -1 -1 -1000 -1000 -1000 -10 1
56 13 Car -1 -1 -1 1092.52 183.52 1230.19 232.26 -1 -1 -1 -1000 -1000 -1000 -10 1
56 9 Car -1 -1 -1 602.00 171.70 638.09 201.88 -1 -1 -1 -1000 -1000 -1000 -10 1
57 17 Car -1 -1 -1 955.95 186.72 1067.49 226.82 -1 -1 -1 -1000 -1000 -1000 -10 1
57 16 Car -1 -1 -1 1032.88 186.63 1158.31 226.95 -1 -1 -1 -1000 -1000 -1000 -10 1
57 13 Car -1 -1 -1 1092.85 183.65 1230.61 232.41 -1 -1 -1 -1000 -1000 -1000 -10 1
57 9 Car -1 -1 -1 602.34 171.87 638.31 202.04 -1 -1 -1 -1000 -1000 -1000 -10 1
58 17 Car -1 -1 -1 958.92 184.65 1068.93 226.21 -1 -1 -1 -1000 -1000 -1000 -10 1
58 16 Car -1 -1 -1 1032.75 186.67 1158.08 226.87 -1 -1 -1 -1000 -1000 -1000 -10 1
58 13 Car -1 -1 -1 1092.71 183.58 1230.45 232.39 -1 -1 -1 -1000 -1000 -1000 -10 1
58 9 Car -1 -1 -1 602.21 171.70 637.89 201.70 -1 -1 -1 -1000 -1000 -1000 -10 1
59 19 Car -1 -1 -1 753.32 147.95 871.36 379.14 -1 -1 -1 -1000 -1000 -1000 -10 1
59 17 Car -1 -1 -1 961.54 182.03 1068.34 225.82 -1 -1 -1 -1000 -1000 -1000 -10 1
59 16 Car -1 -1 -1 1032.72 186.50 1158.46 226.85 -1 -1 -1 -1000 -1000 -1000 -10 1
59 13 Car -1 -1 -1 1092.49 183.54 1230.27 232.31 -1 -1 -1 -1000 -1000 -1000 -10 1
59 9 Car -1 -1 -1 602.46 171.44 637.88 201.35 -1 -1 -1 -1000 -1000 -1000 -10 1
60 17 Car -1 -1 -1 962.95 180.81 1068.52 226.10 -1 -1 -1 -1000 -1000 -1000 -10 1
60 16 Car -1 -1 -1 1032.71 186.58 1158.47 226.90 -1 -1 -1 -1000 -1000 -1000 -10 1
60 13 Car -1 -1 -1 1092.38 183.55 1230.24 232.23 -1 -1 -1 -1000 -1000 -1000 -10 1
60 9 Car -1 -1 -1 602.66 171.89 637.66 201.74 -1 -1 -1 -1000 -1000 -1000 -10 1
61 17 Car -1 -1 -1 963.48 180.46 1067.11 226.36 -1 -1 -1 -1000 -1000 -1000 -10 1
61 16 Car -1 -1 -1 1032.73 186.55 1158.47 226.80 -1 -1 -1 -1000 -1000 -1000 -10 1
61 13 Car -1 -1 -1 1092.13 183.53 1229.99 232.16 -1 -1 -1 -1000 -1000 -1000 -10 1
61 9 Car -1 -1 -1 601.64 171.76 637.56 201.07 -1 -1 -1 -1000 -1000 -1000 -10 1
62 17 Car -1 -1 -1 963.55 180.82 1066.65 227.37 -1 -1 -1 -1000 -1000 -1000 -10 1
62 16 Car -1 -1 -1 1032.56 186.69 1158.36 226.90 -1 -1 -1 -1000 -1000 -1000 -10 1
62 13 Car -1 -1 -1 1092.03 183.56 1229.76 232.25 -1 -1 -1 -1000 -1000 -1000 -10 1
62 9 Car -1 -1 -1 602.35 172.73 638.52 202.21 -1 -1 -1 -1000 -1000 -1000 -10 1
63 17 Car -1 -1 -1 963.60 180.67 1066.34 227.58 -1 -1 -1 -1000 -1000 -1000 -10 1
63 16 Car -1 -1 -1 1032.53 186.60 1158.34 226.79 -1 -1 -1 -1000 -1000 -1000 -10 1
63 13 Car -1 -1 -1 1092.53 183.61 1229.94 232.35 -1 -1 -1 -1000 -1000 -1000 -10 1
63 9 Car -1 -1 -1 600.95 170.92 637.98 201.35 -1 -1 -1 -1000 -1000 -1000 -10 1
64 17 Car -1 -1 -1 964.00 180.43 1066.33 227.57 -1 -1 -1 -1000 -1000 -1000 -10 1
64 16 Car -1 -1 -1 1032.91 186.77 1158.35 226.78 -1 -1 -1 -1000 -1000 -1000 -10 1
64 13 Car -1 -1 -1 1092.49 183.65 1229.81 232.36 -1 -1 -1 -1000 -1000 -1000 -10 1
64 9 Car -1 -1 -1 601.60 171.52 639.47 201.89 -1 -1 -1 -1000 -1000 -1000 -10 1
65 17 Car -1 -1 -1 963.15 180.58 1066.86 227.70 -1 -1 -1 -1000 -1000 -1000 -10 1
65 16 Car -1 -1 -1 1032.68 186.84 1158.08 226.81 -1 -1 -1 -1000 -1000 -1000 -10 1
65 13 Car -1 -1 -1 1092.41 183.71 1229.80 232.40 -1 -1 -1 -1000 -1000 -1000 -10 1
65 9 Car -1 -1 -1 603.37 171.08 642.66 202.75 -1 -1 -1 -1000 -1000 -1000 -10 1
66 17 Car -1 -1 -1 962.65 180.25 1066.99 227.42 -1 -1 -1 -1000 -1000 -1000 -10 1
66 16 Car -1 -1 -1 1032.64 186.76 1158.42 226.80 -1 -1 -1 -1000 -1000 -1000 -10 1
66 13 Car -1 -1 -1 1092.27 183.75 1229.71 232.54 -1 -1 -1 -1000 -1000 -1000 -10 1
66 9 Car -1 -1 -1 600.17 171.25 642.87 201.17 -1 -1 -1 -1000 -1000 -1000 -10 1
67 17 Car -1 -1 -1 962.46 180.47 1067.10 227.31 -1 -1 -1 -1000 -1000 -1000 -10 1
67 16 Car -1 -1 -1 1032.50 186.80 1158.28 226.89 -1 -1 -1 -1000 -1000 -1000 -10 1
67 13 Car -1 -1 -1 1092.21 183.63 1229.77 232.38 -1 -1 -1 -1000 -1000 -1000 -10 1
68 17 Car -1 -1 -1 961.74 180.88 1067.52 227.54 -1 -1 -1 -1000 -1000 -1000 -10 1
68 16 Car -1 -1 -1 1032.31 186.80 1158.34 227.02 -1 -1 -1 -1000 -1000 -1000 -10 1
68 13 Car -1 -1 -1 1092.20 183.65 1229.89 232.43 -1 -1 -1 -1000 -1000 -1000 -10 1
69 17 Car -1 -1 -1 960.16 182.45 1067.90 227.44 -1 -1 -1 -1000 -1000 -1000 -10 1
69 16 Car -1 -1 -1 1032.41 186.77 1158.27 227.03 -1 -1 -1 -1000 -1000 -1000 -10 1
69 13 Car -1 -1 -1 1092.25 183.62 1229.98 232.37 -1 -1 -1 -1000 -1000 -1000 -10 1
70 17 Car -1 -1 -1 961.72 181.36 1068.10 227.35 -1 -1 -1 -1000 -1000 -1000 -10 1
70 16 Car -1 -1 -1 1032.35 186.72 1158.11 227.07 -1 -1 -1 -1000 -1000 -1000 -10 1
70 13 Car -1 -1 -1 1092.03 183.59 1229.91 232.34 -1 -1 -1 -1000 -1000 -1000 -10 1
70 9 Car -1 -1 -1 600.40 172.43 640.44 202.96 -1 -1 -1 -1000 -1000 -1000 -10 1
71 17 Car -1 -1 -1 961.50 181.13 1068.42 227.63 -1 -1 -1 -1000 -1000 -1000 -10 1
71 16 Car -1 -1 -1 1032.33 186.70 1158.38 227.03 -1 -1 -1 -1000 -1000 -1000 -10 1
71 13 Car -1 -1 -1 1091.96 183.67 1229.74 232.39 -1 -1 -1 -1000 -1000 -1000 -10 1
71 9 Car -1 -1 -1 599.58 170.44 639.63 202.08 -1 -1 -1 -1000 -1000 -1000 -10 1
72 17 Car -1 -1 -1 961.79 180.80 1068.37 227.44 -1 -1 -1 -1000 -1000 -1000 -10 1
72 16 Car -1 -1 -1 1032.28 186.76 1158.29 227.03 -1 -1 -1 -1000 -1000 -1000 -10 1
72 13 Car -1 -1 -1 1092.22 183.76 1229.99 232.41 -1 -1 -1 -1000 -1000 -1000 -10 1
72 9 Car -1 -1 -1 600.01 169.23 640.44 200.34 -1 -1 -1 -1000 -1000 -1000 -10 1
73 17 Car -1 -1 -1 962.25 180.79 1068.80 227.62 -1 -1 -1 -1000 -1000 -1000 -10 1
73 16 Car -1 -1 -1 1032.16 186.77 1158.16 226.99 -1 -1 -1 -1000 -1000 -1000 -10 1
73 13 Car -1 -1 -1 1092.06 183.72 1229.81 232.31 -1 -1 -1 -1000 -1000 -1000 -10 1
73 9 Car -1 -1 -1 597.94 170.08 638.57 200.94 -1 -1 -1 -1000 -1000 -1000 -10 1
74 17 Car -1 -1 -1 963.16 180.39 1068.05 227.51 -1 -1 -1 -1000 -1000 -1000 -10 1
74 16 Car -1 -1 -1 1032.17 186.79 1158.18 226.95 -1 -1 -1 -1000 -1000 -1000 -10 1
74 13 Car -1 -1 -1 1091.83 183.74 1229.81 232.34 -1 -1 -1 -1000 -1000 -1000 -10 1
74 9 Car -1 -1 -1 598.30 171.81 638.56 202.75 -1 -1 -1 -1000 -1000 -1000 -10 1
75 17 Car -1 -1 -1 963.89 180.34 1067.03 227.32 -1 -1 -1 -1000 -1000 -1000 -10 1
75 16 Car -1 -1 -1 1032.15 186.87 1158.15 226.92 -1 -1 -1 -1000 -1000 -1000 -10 1
75 13 Car -1 -1 -1 1092.03 183.73 1229.81 232.31 -1 -1 -1 -1000 -1000 -1000 -10 1
75 9 Car -1 -1 -1 599.04 172.12 638.92 201.73 -1 -1 -1 -1000 -1000 -1000 -10 1
76 17 Car -1 -1 -1 963.98 180.35 1066.96 227.44 -1 -1 -1 -1000 -1000 -1000 -10 1
76 16 Car -1 -1 -1 1032.26 186.81 1158.41 226.90 -1 -1 -1 -1000 -1000 -1000 -10 1
76 13 Car -1 -1 -1 1091.96 183.71 1229.88 232.27 -1 -1 -1 -1000 -1000 -1000 -10 1
76 9 Car -1 -1 -1 599.60 172.58 639.27 200.85 -1 -1 -1 -1000 -1000 -1000 -10 1
77 17 Car -1 -1 -1 963.52 180.23 1066.89 227.20 -1 -1 -1 -1000 -1000 -1000 -10 1
77 16 Car -1 -1 -1 1032.47 186.75 1158.36 226.95 -1 -1 -1 -1000 -1000 -1000 -10 1
77 13 Car -1 -1 -1 1092.10 183.61 1229.78 232.20 -1 -1 -1 -1000 -1000 -1000 -10 1
77 9 Car -1 -1 -1 600.25 173.25 639.89 200.82 -1 -1 -1 -1000 -1000 -1000 -10 1
78 17 Car -1 -1 -1 962.65 180.62 1067.38 227.52 -1 -1 -1 -1000 -1000 -1000 -10 1
78 16 Car -1 -1 -1 1032.51 186.77 1158.36 226.85 -1 -1 -1 -1000 -1000 -1000 -10 1
78 13 Car -1 -1 -1 1091.75 183.60 1229.59 232.18 -1 -1 -1 -1000 -1000 -1000 -10 1
78 9 Car -1 -1 -1 599.76 173.39 640.34 200.51 -1 -1 -1 -1000 -1000 -1000 -10 1
79 17 Car -1 -1 -1 961.93 180.44 1068.25 227.38 -1 -1 -1 -1000 -1000 -1000 -10 1
79 16 Car -1 -1 -1 1032.35 186.81 1158.42 226.92 -1 -1 -1 -1000 -1000 -1000 -10 1
79 13 Car -1 -1 -1 1092.01 183.66 1229.83 232.29 -1 -1 -1 -1000 -1000 -1000 -10 1
79 9 Car -1 -1 -1 598.91 173.29 641.12 200.26 -1 -1 -1 -1000 -1000 -1000 -10 1
80 17 Car -1 -1 -1 961.19 180.50 1068.77 227.52 -1 -1 -1 -1000 -1000 -1000 -10 1
80 16 Car -1 -1 -1 1032.24 186.78 1158.45 226.96 -1 -1 -1 -1000 -1000 -1000 -10 1
80 13 Car -1 -1 -1 1092.03 183.67 1229.78 232.24 -1 -1 -1 -1000 -1000 -1000 -10 1
80 9 Car -1 -1 -1 598.99 173.25 642.10 200.14 -1 -1 -1 -1000 -1000 -1000 -10 1
81 17 Car -1 -1 -1 961.39 180.34 1068.66 227.54 -1 -1 -1 -1000 -1000 -1000 -10 1
81 16 Car -1 -1 -1 1032.05 186.82 1158.49 227.07 -1 -1 -1 -1000 -1000 -1000 -10 1
81 13 Car -1 -1 -1 1092.23 183.73 1229.93 232.34 -1 -1 -1 -1000 -1000 -1000 -10 1
81 9 Car -1 -1 -1 598.56 173.18 641.50 199.90 -1 -1 -1 -1000 -1000 -1000 -10 1
82 17 Car -1 -1 -1 961.17 180.46 1069.10 227.79 -1 -1 -1 -1000 -1000 -1000 -10 1
82 16 Car -1 -1 -1 1032.17 186.66 1158.86 227.06 -1 -1 -1 -1000 -1000 -1000 -10 1
82 13 Car -1 -1 -1 1091.99 183.65 1229.64 232.31 -1 -1 -1 -1000 -1000 -1000 -10 1
82 9 Car -1 -1 -1 597.56 172.36 640.66 199.79 -1 -1 -1 -1000 -1000 -1000 -10 1
83 17 Car -1 -1 -1 961.38 180.67 1069.00 228.09 -1 -1 -1 -1000 -1000 -1000 -10 1
83 16 Car -1 -1 -1 1032.08 186.62 1158.81 227.09 -1 -1 -1 -1000 -1000 -1000 -10 1
83 13 Car -1 -1 -1 1092.24 183.69 1229.96 232.38 -1 -1 -1 -1000 -1000 -1000 -10 1
84 17 Car -1 -1 -1 961.70 180.65 1069.05 228.06 -1 -1 -1 -1000 -1000 -1000 -10 1
84 16 Car -1 -1 -1 1031.95 186.64 1158.66 227.18 -1 -1 -1 -1000 -1000 -1000 -10 1
84 13 Car -1 -1 -1 1092.20 183.73 1229.91 232.39 -1 -1 -1 -1000 -1000 -1000 -10 1
85 17 Car -1 -1 -1 961.83 180.49 1068.84 227.74 -1 -1 -1 -1000 -1000 -1000 -10 1
85 16 Car -1 -1 -1 1031.82 186.61 1158.55 227.24 -1 -1 -1 -1000 -1000 -1000 -10 1
85 13 Car -1 -1 -1 1092.31 183.70 1230.09 232.37 -1 -1 -1 -1000 -1000 -1000 -10 1
86 17 Car -1 -1 -1 961.57 180.32 1069.01 227.53 -1 -1 -1 -1000 -1000 -1000 -10 1
86 16 Car -1 -1 -1 1031.73 186.59 1158.61 227.23 -1 -1 -1 -1000 -1000 -1000 -10 1
86 13 Car -1 -1 -1 1092.20 183.66 1230.05 232.27 -1 -1 -1 -1000 -1000 -1000 -10 1
87 34 Car -1 -1 -1 65.03 157.97 200.26 367.65 -1 -1 -1 -1000 -1000 -1000 -10 1
87 17 Car -1 -1 -1 961.62 180.38 1068.53 227.53 -1 -1 -1 -1000 -1000 -1000 -10 1
87 16 Car -1 -1 -1 1031.67 186.53 1158.70 227.24 -1 -1 -1 -1000 -1000 -1000 -10 1
87 13 Car -1 -1 -1 1092.45 183.71 1230.01 232.37 -1 -1 -1 -1000 -1000 -1000 -10 1
88 35 Car -1 -1 -1 602.38 170.19 643.35 203.65 -1 -1 -1 -1000 -1000 -1000 -10 1
88 34 Car -1 -1 -1 31.78 165.40 172.56 369.77 -1 -1 -1 -1000 -1000 -1000 -10 1
88 17 Car -1 -1 -1 962.12 180.53 1068.01 227.72 -1 -1 -1 -1000 -1000 -1000 -10 1
88 16 Car -1 -1 -1 1031.86 186.63 1158.71 227.20 -1 -1 -1 -1000 -1000 -1000 -10 1
88 13 Car -1 -1 -1 1092.24 183.69 1229.85 232.31 -1 -1 -1 -1000 -1000 -1000 -10 1
89 35 Car -1 -1 -1 602.47 172.38 639.76 205.59 -1 -1 -1 -1000 -1000 -1000 -10 1
89 17 Car -1 -1 -1 962.01 180.57 1068.14 227.86 -1 -1 -1 -1000 -1000 -1000 -10 1
89 16 Car -1 -1 -1 1031.97 186.53 1158.74 227.19 -1 -1 -1 -1000 -1000 -1000 -10 1
89 13 Car -1 -1 -1 1092.31 183.65 1229.80 232.27 -1 -1 -1 -1000 -1000 -1000 -10 1
90 35 Car -1 -1 -1 614.54 173.16 650.43 207.14 -1 -1 -1 -1000 -1000 -1000 -10 1
90 17 Car -1 -1 -1 961.24 180.71 1068.64 228.20 -1 -1 -1 -1000 -1000 -1000 -10 1
90 16 Car -1 -1 -1 1031.92 186.62 1158.75 227.25 -1 -1 -1 -1000 -1000 -1000 -10 1
90 13 Car -1 -1 -1 1092.25 183.68 1229.83 232.35 -1 -1 -1 -1000 -1000 -1000 -10 1
91 35 Car -1 -1 -1 610.76 173.74 645.29 206.31 -1 -1 -1 -1000 -1000 -1000 -10 1
91 17 Car -1 -1 -1 960.93 180.83 1068.92 228.23 -1 -1 -1 -1000 -1000 -1000 -10 1
91 16 Car -1 -1 -1 1031.81 186.66 1158.67 227.18 -1 -1 -1 -1000 -1000 -1000 -10 1
91 13 Car -1 -1 -1 1092.13 183.66 1229.76 232.27 -1 -1 -1 -1000 -1000 -1000 -10 1
92 35 Car -1 -1 -1 603.41 173.44 638.00 206.38 -1 -1 -1 -1000 -1000 -1000 -10 1
92 17 Car -1 -1 -1 961.09 180.93 1069.32 228.42 -1 -1 -1 -1000 -1000 -1000 -10 1
92 16 Car -1 -1 -1 1032.05 186.61 1158.76 227.16 -1 -1 -1 -1000 -1000 -1000 -10 1
92 13 Car -1 -1 -1 1092.16 183.65 1229.78 232.28 -1 -1 -1 -1000 -1000 -1000 -10 1
93 35 Car -1 -1 -1 605.09 173.59 638.25 208.95 -1 -1 -1 -1000 -1000 -1000 -10 1
93 17 Car -1 -1 -1 961.06 180.72 1069.18 228.16 -1 -1 -1 -1000 -1000 -1000 -10 1
93 16 Car -1 -1 -1 1031.92 186.63 1158.72 227.23 -1 -1 -1 -1000 -1000 -1000 -10 1
93 13 Car -1 -1 -1 1092.31 183.68 1229.84 232.28 -1 -1 -1 -1000 -1000 -1000 -10 1
94 35 Car -1 -1 -1 603.42 172.69 636.67 211.57 -1 -1 -1 -1000 -1000 -1000 -10 1
94 17 Car -1 -1 -1 961.32 180.70 1068.87 228.18 -1 -1 -1 -1000 -1000 -1000 -10 1
94 16 Car -1 -1 -1 1031.83 186.52 1158.90 227.18 -1 -1 -1 -1000 -1000 -1000 -10 1
94 13 Car -1 -1 -1 1092.18 183.60 1229.59 232.24 -1 -1 -1 -1000 -1000 -1000 -10 1
95 35 Car -1 -1 -1 602.19 172.52 636.10 213.10 -1 -1 -1 -1000 -1000 -1000 -10 1
95 17 Car -1 -1 -1 961.30 180.56 1068.85 227.96 -1 -1 -1 -1000 -1000 -1000 -10 1
95 16 Car -1 -1 -1 1031.97 186.65 1158.93 227.20 -1 -1 -1 -1000 -1000 -1000 -10 1
95 13 Car -1 -1 -1 1092.04 183.67 1229.64 232.25 -1 -1 -1 -1000 -1000 -1000 -10 1
96 35 Car -1 -1 -1 600.74 171.22 635.27 214.85 -1 -1 -1 -1000 -1000 -1000 -10 1
96 17 Car -1 -1 -1 961.18 180.46 1069.05 228.12 -1 -1 -1 -1000 -1000 -1000 -10 1
96 16 Car -1 -1 -1 1031.68 186.58 1158.86 227.27 -1 -1 -1 -1000 -1000 -1000 -10 1
96 13 Car -1 -1 -1 1092.34 183.68 1229.82 232.31 -1 -1 -1 -1000 -1000 -1000 -10 1
97 35 Car -1 -1 -1 600.49 169.65 634.57 209.10 -1 -1 -1 -1000 -1000 -1000 -10 1
97 17 Car -1 -1 -1 962.10 180.27 1068.93 227.85 -1 -1 -1 -1000 -1000 -1000 -10 1
97 16 Car -1 -1 -1 1031.55 186.60 1158.81 227.34 -1 -1 -1 -1000 -1000 -1000 -10 1
97 13 Car -1 -1 -1 1092.03 183.66 1229.56 232.34 -1 -1 -1 -1000 -1000 -1000 -10 1
98 35 Car -1 -1 -1 595.93 170.75 632.50 209.70 -1 -1 -1 -1000 -1000 -1000 -10 1
98 17 Car -1 -1 -1 962.24 180.34 1068.94 227.95 -1 -1 -1 -1000 -1000 -1000 -10 1
98 16 Car -1 -1 -1 1031.61 186.54 1158.98 227.22 -1 -1 -1 -1000 -1000 -1000 -10 1
98 13 Car -1 -1 -1 1092.26 183.67 1229.72 232.37 -1 -1 -1 -1000 -1000 -1000 -10 1
99 35 Car -1 -1 -1 599.97 170.46 637.43 206.49 -1 -1 -1 -1000 -1000 -1000 -10 1
99 17 Car -1 -1 -1 961.70 180.30 1069.28 227.93 -1 -1 -1 -1000 -1000 -1000 -10 1
99 16 Car -1 -1 -1 1031.65 186.53 1159.05 227.22 -1 -1 -1 -1000 -1000 -1000 -10 1
99 13 Car -1 -1 -1 1092.02 183.61 1229.74 232.37 -1 -1 -1 -1000 -1000 -1000 -10 1
100 36 Car -1 -1 -1 571.62 167.15 619.68 251.00 -1 -1 -1 -1000 -1000 -1000 -10 1
100 35 Car -1 -1 -1 601.38 170.13 639.71 204.18 -1 -1 -1 -1000 -1000 -1000 -10 1
100 17 Car -1 -1 -1 958.01 183.09 1068.28 228.61 -1 -1 -1 -1000 -1000 -1000 -10 1
100 16 Car -1 -1 -1 1031.76 186.58 1159.17 227.32 -1 -1 -1 -1000 -1000 -1000 -10 1
100 13 Car -1 -1 -1 1091.84 183.63 1229.70 232.41 -1 -1 -1 -1000 -1000 -1000 -10 1
101 36 Car -1 -1 -1 571.57 168.22 621.15 259.17 -1 -1 -1 -1000 -1000 -1000 -10 1
101 35 Car -1 -1 -1 604.96 170.60 642.14 202.95 -1 -1 -1 -1000 -1000 -1000 -10 1
101 17 Car -1 -1 -1 958.32 182.46 1069.84 227.47 -1 -1 -1 -1000 -1000 -1000 -10 1
101 16 Car -1 -1 -1 1031.46 186.47 1159.14 227.36 -1 -1 -1 -1000 -1000 -1000 -10 1
101 13 Car -1 -1 -1 1091.93 183.65 1229.68 232.43 -1 -1 -1 -1000 -1000 -1000 -10 1
102 36 Car -1 -1 -1 569.22 166.92 622.80 271.23 -1 -1 -1 -1000 -1000 -1000 -10 1
102 35 Car -1 -1 -1 603.14 171.23 642.31 201.04 -1 -1 -1 -1000 -1000 -1000 -10 1
102 17 Car -1 -1 -1 959.41 180.89 1070.28 227.01 -1 -1 -1 -1000 -1000 -1000 -10 1
102 16 Car -1 -1 -1 1031.58 186.46 1159.30 227.32 -1 -1 -1 -1000 -1000 -1000 -10 1
102 13 Car -1 -1 -1 1091.89 183.55 1229.61 232.34 -1 -1 -1 -1000 -1000 -1000 -10 1
103 36 Car -1 -1 -1 559.20 163.54 613.23 275.81 -1 -1 -1 -1000 -1000 -1000 -10 1
103 17 Car -1 -1 -1 959.52 180.59 1070.35 227.45 -1 -1 -1 -1000 -1000 -1000 -10 1
103 16 Car -1 -1 -1 1031.49 186.55 1159.31 227.35 -1 -1 -1 -1000 -1000 -1000 -10 1
103 13 Car -1 -1 -1 1092.17 183.56 1229.72 232.34 -1 -1 -1 -1000 -1000 -1000 -10 1
104 36 Car -1 -1 -1 575.30 163.35 626.64 276.47 -1 -1 -1 -1000 -1000 -1000 -10 1
104 17 Car -1 -1 -1 956.82 183.28 1069.09 228.18 -1 -1 -1 -1000 -1000 -1000 -10 1
104 16 Car -1 -1 -1 1031.57 186.52 1159.39 227.36 -1 -1 -1 -1000 -1000 -1000 -10 1
104 13 Car -1 -1 -1 1092.14 183.59 1229.60 232.48 -1 -1 -1 -1000 -1000 -1000 -10 1
105 36 Car -1 -1 -1 584.22 161.44 635.03 274.83 -1 -1 -1 -1000 -1000 -1000 -10 1
105 17 Car -1 -1 -1 959.10 181.08 1070.94 227.16 -1 -1 -1 -1000 -1000 -1000 -10 1
105 16 Car -1 -1 -1 1031.56 186.50 1159.42 227.32 -1 -1 -1 -1000 -1000 -1000 -10 1
105 13 Car -1 -1 -1 1092.12 183.58 1229.81 232.49 -1 -1 -1 -1000 -1000 -1000 -10 1
106 36 Car -1 -1 -1 584.50 159.96 633.78 276.31 -1 -1 -1 -1000 -1000 -1000 -10 1
106 17 Car -1 -1 -1 959.63 180.92 1071.07 227.80 -1 -1 -1 -1000 -1000 -1000 -10 1
106 16 Car -1 -1 -1 1031.49 186.62 1159.25 227.38 -1 -1 -1 -1000 -1000 -1000 -10 1
106 13 Car -1 -1 -1 1092.69 183.66 1229.95 232.52 -1 -1 -1 -1000 -1000 -1000 -10 1
107 36 Car -1 -1 -1 581.55 160.32 629.56 277.43 -1 -1 -1 -1000 -1000 -1000 -10 1
107 17 Car -1 -1 -1 960.50 180.83 1070.12 228.01 -1 -1 -1 -1000 -1000 -1000 -10 1
107 16 Car -1 -1 -1 1031.53 186.63 1159.09 227.30 -1 -1 -1 -1000 -1000 -1000 -10 1
107 13 Car -1 -1 -1 1092.44 183.62 1229.92 232.50 -1 -1 -1 -1000 -1000 -1000 -10 1
108 36 Car -1 -1 -1 597.60 160.71 647.88 276.53 -1 -1 -1 -1000 -1000 -1000 -10 1
108 17 Car -1 -1 -1 961.19 180.75 1069.48 228.17 -1 -1 -1 -1000 -1000 -1000 -10 1
108 16 Car -1 -1 -1 1031.63 186.58 1159.22 227.24 -1 -1 -1 -1000 -1000 -1000 -10 1
108 13 Car -1 -1 -1 1092.28 183.57 1229.86 232.41 -1 -1 -1 -1000 -1000 -1000 -10 1
109 36 Car -1 -1 -1 613.74 159.14 665.63 282.71 -1 -1 -1 -1000 -1000 -1000 -10 1
109 17 Car -1 -1 -1 962.33 180.52 1068.49 228.15 -1 -1 -1 -1000 -1000 -1000 -10 1
109 16 Car -1 -1 -1 1031.57 186.56 1159.01 227.26 -1 -1 -1 -1000 -1000 -1000 -10 1
109 13 Car -1 -1 -1 1092.21 183.61 1229.95 232.44 -1 -1 -1 -1000 -1000 -1000 -10 1
110 36 Car -1 -1 -1 624.74 157.59 676.98 282.32 -1 -1 -1 -1000 -1000 -1000 -10 1
110 17 Car -1 -1 -1 962.52 180.43 1068.13 228.26 -1 -1 -1 -1000 -1000 -1000 -10 1
110 16 Car -1 -1 -1 1031.71 186.52 1159.07 227.28 -1 -1 -1 -1000 -1000 -1000 -10 1
110 13 Car -1 -1 -1 1092.21 183.59 1229.78 232.39 -1 -1 -1 -1000 -1000 -1000 -10 1
111 17 Car -1 -1 -1 961.92 180.52 1068.17 228.49 -1 -1 -1 -1000 -1000 -1000 -10 1
111 16 Car -1 -1 -1 1031.61 186.54 1159.02 227.32 -1 -1 -1 -1000 -1000 -1000 -10 1
111 13 Car -1 -1 -1 1092.45 183.59 1229.95 232.39 -1 -1 -1 -1000 -1000 -1000 -10 1
112 17 Car -1 -1 -1 961.25 180.28 1068.37 228.27 -1 -1 -1 -1000 -1000 -1000 -10 1
112 16 Car -1 -1 -1 1031.59 186.50 1159.18 227.26 -1 -1 -1 -1000 -1000 -1000 -10 1
112 13 Car -1 -1 -1 1092.35 183.58 1229.91 232.47 -1 -1 -1 -1000 -1000 -1000 -10 1
113 17 Car -1 -1 -1 959.35 181.96 1068.57 228.18 -1 -1 -1 -1000 -1000 -1000 -10 1
113 16 Car -1 -1 -1 1031.67 186.50 1159.52 227.18 -1 -1 -1 -1000 -1000 -1000 -10 1
113 13 Car -1 -1 -1 1092.22 183.56 1229.71 232.44 -1 -1 -1 -1000 -1000 -1000 -10 1
114 17 Car -1 -1 -1 958.72 182.65 1069.21 228.04 -1 -1 -1 -1000 -1000 -1000 -10 1
114 16 Car -1 -1 -1 1031.63 186.62 1159.38 227.29 -1 -1 -1 -1000 -1000 -1000 -10 1
114 13 Car -1 -1 -1 1092.08 183.57 1229.50 232.42 -1 -1 -1 -1000 -1000 -1000 -10 1
115 37 Car -1 -1 -1 599.61 171.81 646.44 203.97 -1 -1 -1 -1000 -1000 -1000 -10 1
115 17 Car -1 -1 -1 960.29 181.57 1069.64 228.11 -1 -1 -1 -1000 -1000 -1000 -10 1
115 16 Car -1 -1 -1 1031.79 186.59 1159.31 227.20 -1 -1 -1 -1000 -1000 -1000 -10 1
115 13 Car -1 -1 -1 1092.25 183.64 1229.74 232.45 -1 -1 -1 -1000 -1000 -1000 -10 1
116 37 Car -1 -1 -1 601.46 172.46 648.56 207.01 -1 -1 -1 -1000 -1000 -1000 -10 1
116 17 Car -1 -1 -1 961.43 181.05 1069.26 228.18 -1 -1 -1 -1000 -1000 -1000 -10 1
116 16 Car -1 -1 -1 1031.73 186.61 1159.16 227.20 -1 -1 -1 -1000 -1000 -1000 -10 1
116 13 Car -1 -1 -1 1092.30 183.58 1229.77 232.37 -1 -1 -1 -1000 -1000 -1000 -10 1
117 37 Car -1 -1 -1 601.91 171.21 645.96 205.34 -1 -1 -1 -1000 -1000 -1000 -10 1
117 17 Car -1 -1 -1 957.88 183.53 1068.35 228.72 -1 -1 -1 -1000 -1000 -1000 -10 1
117 16 Car -1 -1 -1 1031.86 186.62 1159.16 227.31 -1 -1 -1 -1000 -1000 -1000 -10 1
117 13 Car -1 -1 -1 1092.44 183.66 1229.78 232.43 -1 -1 -1 -1000 -1000 -1000 -10 1
118 37 Car -1 -1 -1 596.92 170.85 638.94 201.68 -1 -1 -1 -1000 -1000 -1000 -10 1
118 17 Car -1 -1 -1 955.30 185.54 1068.49 228.21 -1 -1 -1 -1000 -1000 -1000 -10 1
118 16 Car -1 -1 -1 1031.88 186.60 1159.28 227.32 -1 -1 -1 -1000 -1000 -1000 -10 1
118 13 Car -1 -1 -1 1092.35 183.67 1229.84 232.45 -1 -1 -1 -1000 -1000 -1000 -10 1
119 37 Car -1 -1 -1 596.05 172.32 637.36 199.83 -1 -1 -1 -1000 -1000 -1000 -10 1
119 17 Car -1 -1 -1 954.13 186.36 1069.29 227.96 -1 -1 -1 -1000 -1000 -1000 -10 1
119 16 Car -1 -1 -1 1031.73 186.54 1159.49 227.39 -1 -1 -1 -1000 -1000 -1000 -10 1
119 13 Car -1 -1 -1 1092.23 183.66 1229.85 232.50 -1 -1 -1 -1000 -1000 -1000 -10 1
120 37 Car -1 -1 -1 596.74 173.09 637.03 199.07 -1 -1 -1 -1000 -1000 -1000 -10 1
120 17 Car -1 -1 -1 957.05 183.40 1070.51 228.06 -1 -1 -1 -1000 -1000 -1000 -10 1
120 16 Car -1 -1 -1 1031.69 186.52 1159.45 227.47 -1 -1 -1 -1000 -1000 -1000 -10 1
120 13 Car -1 -1 -1 1092.18 183.64 1229.76 232.54 -1 -1 -1 -1000 -1000 -1000 -10 1
121 37 Car -1 -1 -1 597.17 173.59 637.23 199.36 -1 -1 -1 -1000 -1000 -1000 -10 1
121 17 Car -1 -1 -1 956.23 184.38 1069.90 228.74 -1 -1 -1 -1000 -1000 -1000 -10 1
121 16 Car -1 -1 -1 1031.49 186.47 1159.35 227.57 -1 -1 -1 -1000 -1000 -1000 -10 1
121 13 Car -1 -1 -1 1092.12 183.66 1229.79 232.51 -1 -1 -1 -1000 -1000 -1000 -10 1
122 37 Car -1 -1 -1 597.52 173.55 637.82 199.59 -1 -1 -1 -1000 -1000 -1000 -10 1
122 17 Car -1 -1 -1 957.21 183.41 1071.04 229.35 -1 -1 -1 -1000 -1000 -1000 -10 1
122 16 Car -1 -1 -1 1031.23 186.22 1159.07 227.94 -1 -1 -1 -1000 -1000 -1000 -10 1
122 13 Car -1 -1 -1 1092.07 183.64 1229.95 232.57 -1 -1 -1 -1000 -1000 -1000 -10 1
123 37 Car -1 -1 -1 598.07 173.48 638.50 199.77 -1 -1 -1 -1000 -1000 -1000 -10 1
123 17 Car -1 -1 -1 956.69 182.98 1069.82 228.09 -1 -1 -1 -1000 -1000 -1000 -10 1
123 16 Car -1 -1 -1 1031.11 186.09 1159.69 227.82 -1 -1 -1 -1000 -1000 -1000 -10 1
123 13 Car -1 -1 -1 1091.44 183.70 1229.77 232.69 -1 -1 -1 -1000 -1000 -1000 -10 1
124 37 Car -1 -1 -1 597.91 173.35 637.31 199.61 -1 -1 -1 -1000 -1000 -1000 -10 1
124 17 Car -1 -1 -1 952.30 182.85 1069.20 228.82 -1 -1 -1 -1000 -1000 -1000 -10 1
124 16 Car -1 -1 -1 1030.68 186.16 1159.85 228.38 -1 -1 -1 -1000 -1000 -1000 -10 1
124 13 Car -1 -1 -1 1091.28 184.02 1229.43 233.38 -1 -1 -1 -1000 -1000 -1000 -10 1
125 37 Car -1 -1 -1 598.10 173.50 637.19 199.73 -1 -1 -1 -1000 -1000 -1000 -10 1
125 17 Car -1 -1 -1 955.18 191.49 1073.56 243.98 -1 -1 -1 -1000 -1000 -1000 -10 1
125 16 Car -1 -1 -1 1029.26 185.53 1160.19 228.71 -1 -1 -1 -1000 -1000 -1000 -10 1
125 13 Car -1 -1 -1 1090.85 183.91 1229.13 233.84 -1 -1 -1 -1000 -1000 -1000 -10 1
126 37 Car -1 -1 -1 598.07 173.36 636.79 199.70 -1 -1 -1 -1000 -1000 -1000 -10 1
126 17 Car -1 -1 -1 958.81 189.18 1076.82 244.68 -1 -1 -1 -1000 -1000 -1000 -10 1
126 16 Car -1 -1 -1 1029.15 185.42 1159.90 229.64 -1 -1 -1 -1000 -1000 -1000 -10 1
126 13 Car -1 -1 -1 1092.99 183.25 1227.44 233.41 -1 -1 -1 -1000 -1000 -1000 -10 1
127 37 Car -1 -1 -1 598.74 173.31 637.25 199.57 -1 -1 -1 -1000 -1000 -1000 -10 1
127 17 Car -1 -1 -1 951.46 185.28 1074.79 246.52 -1 -1 -1 -1000 -1000 -1000 -10 1
127 16 Car -1 -1 -1 1031.80 184.29 1162.16 230.35 -1 -1 -1 -1000 -1000 -1000 -10 1
127 13 Car -1 -1 -1 1092.62 183.37 1222.75 233.10 -1 -1 -1 -1000 -1000 -1000 -10 1
128 37 Car -1 -1 -1 598.22 173.23 636.92 199.52 -1 -1 -1 -1000 -1000 -1000 -10 1
128 16 Car -1 -1 -1 1029.38 186.67 1157.43 235.34 -1 -1 -1 -1000 -1000 -1000 -10 1
128 13 Car -1 -1 -1 1097.83 183.71 1224.17 233.02 -1 -1 -1 -1000 -1000 -1000 -10 1
129 37 Car -1 -1 -1 598.09 173.20 637.15 199.53 -1 -1 -1 -1000 -1000 -1000 -10 1
129 17 Car -1 -1 -1 958.10 180.37 1071.69 234.37 -1 -1 -1 -1000 -1000 -1000 -10 1
129 16 Car -1 -1 -1 1033.12 184.33 1157.96 234.08 -1 -1 -1 -1000 -1000 -1000 -10 1
129 13 Car -1 -1 -1 1097.85 186.96 1224.07 237.52 -1 -1 -1 -1000 -1000 -1000 -10 1
130 37 Car -1 -1 -1 598.04 173.20 637.21 199.58 -1 -1 -1 -1000 -1000 -1000 -10 1
130 17 Car -1 -1 -1 959.67 182.05 1073.21 231.36 -1 -1 -1 -1000 -1000 -1000 -10 1
131 37 Car -1 -1 -1 598.02 173.04 637.13 199.43 -1 -1 -1 -1000 -1000 -1000 -10 1
131 17 Car -1 -1 -1 959.01 183.41 1074.12 228.58 -1 -1 -1 -1000 -1000 -1000 -10 1
132 37 Car -1 -1 -1 597.71 172.97 637.05 199.56 -1 -1 -1 -1000 -1000 -1000 -10 1
132 17 Car -1 -1 -1 956.36 184.84 1071.55 227.68 -1 -1 -1 -1000 -1000 -1000 -10 1
133 40 Car -1 -1 -1 1098.89 184.50 1219.77 235.55 -1 -1 -1 -1000 -1000 -1000 -10 1
133 37 Car -1 -1 -1 598.94 172.71 638.20 199.53 -1 -1 -1 -1000 -1000 -1000 -10 1
133 17 Car -1 -1 -1 956.60 183.89 1070.48 227.14 -1 -1 -1 -1000 -1000 -1000 -10 1
133 16 Car -1 -1 -1 1034.25 185.91 1159.76 228.89 -1 -1 -1 -1000 -1000 -1000 -10 1
134 40 Car -1 -1 -1 1096.39 182.06 1223.30 232.33 -1 -1 -1 -1000 -1000 -1000 -10 1
134 37 Car -1 -1 -1 601.79 172.64 640.69 199.96 -1 -1 -1 -1000 -1000 -1000 -10 1
134 17 Car -1 -1 -1 958.75 182.19 1070.15 227.37 -1 -1 -1 -1000 -1000 -1000 -10 1
134 16 Car -1 -1 -1 1032.65 186.09 1158.86 228.08 -1 -1 -1 -1000 -1000 -1000 -10 1
135 40 Car -1 -1 -1 1095.63 182.05 1226.79 231.57 -1 -1 -1 -1000 -1000 -1000 -10 1
135 37 Car -1 -1 -1 602.17 172.11 641.06 199.87 -1 -1 -1 -1000 -1000 -1000 -10 1
135 17 Car -1 -1 -1 959.68 181.43 1070.01 227.56 -1 -1 -1 -1000 -1000 -1000 -10 1
135 16 Car -1 -1 -1 1032.05 186.23 1158.89 227.71 -1 -1 -1 -1000 -1000 -1000 -10 1
136 40 Car -1 -1 -1 1093.94 182.58 1226.21 231.64 -1 -1 -1 -1000 -1000 -1000 -10 1
136 37 Car -1 -1 -1 602.30 171.99 640.97 200.03 -1 -1 -1 -1000 -1000 -1000 -10 1
136 17 Car -1 -1 -1 960.31 181.00 1069.98 227.62 -1 -1 -1 -1000 -1000 -1000 -10 1
136 16 Car -1 -1 -1 1031.91 186.35 1159.14 227.54 -1 -1 -1 -1000 -1000 -1000 -10 1
137 40 Car -1 -1 -1 1093.12 182.92 1228.15 231.93 -1 -1 -1 -1000 -1000 -1000 -10 1
137 37 Car -1 -1 -1 601.83 171.94 640.35 200.41 -1 -1 -1 -1000 -1000 -1000 -10 1
137 17 Car -1 -1 -1 959.08 182.29 1069.59 227.56 -1 -1 -1 -1000 -1000 -1000 -10 1
137 16 Car -1 -1 -1 1031.92 186.40 1159.17 227.40 -1 -1 -1 -1000 -1000 -1000 -10 1
138 40 Car -1 -1 -1 1092.95 183.12 1229.04 232.09 -1 -1 -1 -1000 -1000 -1000 -10 1
138 37 Car -1 -1 -1 601.92 171.83 640.26 200.61 -1 -1 -1 -1000 -1000 -1000 -10 1
138 17 Car -1 -1 -1 957.21 183.97 1068.66 228.02 -1 -1 -1 -1000 -1000 -1000 -10 1
138 16 Car -1 -1 -1 1031.87 186.47 1159.27 227.39 -1 -1 -1 -1000 -1000 -1000 -10 1
139 40 Car -1 -1 -1 1092.76 183.21 1229.42 232.04 -1 -1 -1 -1000 -1000 -1000 -10 1
139 37 Car -1 -1 -1 601.97 172.07 640.00 201.11 -1 -1 -1 -1000 -1000 -1000 -10 1
139 17 Car -1 -1 -1 959.66 182.06 1069.80 227.55 -1 -1 -1 -1000 -1000 -1000 -10 1
139 16 Car -1 -1 -1 1031.75 186.50 1158.93 227.37 -1 -1 -1 -1000 -1000 -1000 -10 1
140 40 Car -1 -1 -1 1092.67 183.26 1229.55 232.10 -1 -1 -1 -1000 -1000 -1000 -10 1
140 37 Car -1 -1 -1 601.54 171.69 639.46 200.92 -1 -1 -1 -1000 -1000 -1000 -10 1
140 17 Car -1 -1 -1 959.99 181.23 1069.83 227.49 -1 -1 -1 -1000 -1000 -1000 -10 1
140 16 Car -1 -1 -1 1031.64 186.42 1159.08 227.36 -1 -1 -1 -1000 -1000 -1000 -10 1
141 40 Car -1 -1 -1 1092.69 183.32 1229.57 232.09 -1 -1 -1 -1000 -1000 -1000 -10 1
141 37 Car -1 -1 -1 599.97 171.95 638.23 200.73 -1 -1 -1 -1000 -1000 -1000 -10 1
141 17 Car -1 -1 -1 960.45 180.99 1069.97 227.50 -1 -1 -1 -1000 -1000 -1000 -10 1
141 16 Car -1 -1 -1 1031.58 186.43 1158.81 227.36 -1 -1 -1 -1000 -1000 -1000 -10 1
142 40 Car -1 -1 -1 1092.35 183.39 1229.59 232.22 -1 -1 -1 -1000 -1000 -1000 -10 1
142 37 Car -1 -1 -1 600.06 172.27 638.23 200.98 -1 -1 -1 -1000 -1000 -1000 -10 1
142 17 Car -1 -1 -1 960.43 180.91 1069.93 227.71 -1 -1 -1 -1000 -1000 -1000 -10 1
142 16 Car -1 -1 -1 1031.79 186.48 1159.17 227.37 -1 -1 -1 -1000 -1000 -1000 -10 1
143 40 Car -1 -1 -1 1092.43 183.46 1229.77 232.28 -1 -1 -1 -1000 -1000 -1000 -10 1
143 37 Car -1 -1 -1 600.22 172.10 637.83 201.28 -1 -1 -1 -1000 -1000 -1000 -10 1
143 17 Car -1 -1 -1 960.32 181.13 1070.30 228.18 -1 -1 -1 -1000 -1000 -1000 -10 1
143 16 Car -1 -1 -1 1031.57 186.46 1159.20 227.45 -1 -1 -1 -1000 -1000 -1000 -10 1
144 40 Car -1 -1 -1 1092.46 183.52 1229.89 232.33 -1 -1 -1 -1000 -1000 -1000 -10 1
144 37 Car -1 -1 -1 600.10 172.00 637.13 201.29 -1 -1 -1 -1000 -1000 -1000 -10 1
144 17 Car -1 -1 -1 960.18 181.08 1070.31 228.32 -1 -1 -1 -1000 -1000 -1000 -10 1
144 16 Car -1 -1 -1 1031.67 186.47 1159.52 227.37 -1 -1 -1 -1000 -1000 -1000 -10 1
145 40 Car -1 -1 -1 1092.37 183.56 1229.79 232.37 -1 -1 -1 -1000 -1000 -1000 -10 1
145 37 Car -1 -1 -1 599.76 171.73 636.54 201.34 -1 -1 -1 -1000 -1000 -1000 -10 1
145 17 Car -1 -1 -1 960.22 181.03 1069.85 228.33 -1 -1 -1 -1000 -1000 -1000 -10 1
145 16 Car -1 -1 -1 1031.49 186.59 1159.24 227.46 -1 -1 -1 -1000 -1000 -1000 -10 1
146 40 Car -1 -1 -1 1092.32 183.56 1229.78 232.34 -1 -1 -1 -1000 -1000 -1000 -10 1
146 37 Car -1 -1 -1 599.67 171.49 636.43 201.36 -1 -1 -1 -1000 -1000 -1000 -10 1
146 17 Car -1 -1 -1 960.07 181.09 1069.81 228.29 -1 -1 -1 -1000 -1000 -1000 -10 1
146 16 Car -1 -1 -1 1031.59 186.57 1159.31 227.40 -1 -1 -1 -1000 -1000 -1000 -10 1
147 40 Car -1 -1 -1 1092.41 183.56 1229.68 232.40 -1 -1 -1 -1000 -1000 -1000 -10 1
147 37 Car -1 -1 -1 600.74 171.58 636.89 201.49 -1 -1 -1 -1000 -1000 -1000 -10 1
147 17 Car -1 -1 -1 959.59 181.08 1069.65 228.25 -1 -1 -1 -1000 -1000 -1000 -10 1
147 16 Car -1 -1 -1 1031.62 186.54 1159.27 227.38 -1 -1 -1 -1000 -1000 -1000 -10 1
148 40 Car -1 -1 -1 1092.63 183.55 1229.66 232.43 -1 -1 -1 -1000 -1000 -1000 -10 1
148 37 Car -1 -1 -1 601.36 171.66 636.86 201.57 -1 -1 -1 -1000 -1000 -1000 -10 1
148 17 Car -1 -1 -1 959.34 181.19 1070.04 228.39 -1 -1 -1 -1000 -1000 -1000 -10 1
148 16 Car -1 -1 -1 1031.55 186.54 1159.32 227.42 -1 -1 -1 -1000 -1000 -1000 -10 1
149 40 Car -1 -1 -1 1092.40 183.57 1229.69 232.45 -1 -1 -1 -1000 -1000 -1000 -10 1
149 37 Car -1 -1 -1 601.02 171.74 636.78 201.73 -1 -1 -1 -1000 -1000 -1000 -10 1
149 17 Car -1 -1 -1 959.31 181.29 1069.87 228.52 -1 -1 -1 -1000 -1000 -1000 -10 1
149 16 Car -1 -1 -1 1031.66 186.57 1159.43 227.37 -1 -1 -1 -1000 -1000 -1000 -10 1
150 40 Car -1 -1 -1 1092.47 183.66 1229.74 232.49 -1 -1 -1 -1000 -1000 -1000 -10 1
150 37 Car -1 -1 -1 600.02 171.80 636.44 202.09 -1 -1 -1 -1000 -1000 -1000 -10 1
150 17 Car -1 -1 -1 959.46 181.30 1069.92 228.54 -1 -1 -1 -1000 -1000 -1000 -10 1
150 16 Car -1 -1 -1 1031.52 186.57 1159.31 227.41 -1 -1 -1 -1000 -1000 -1000 -10 1
151 40 Car -1 -1 -1 1092.41 183.59 1229.68 232.42 -1 -1 -1 -1000 -1000 -1000 -10 1
151 37 Car -1 -1 -1 599.78 171.80 636.51 202.31 -1 -1 -1 -1000 -1000 -1000 -10 1
151 17 Car -1 -1 -1 959.49 181.17 1070.43 228.40 -1 -1 -1 -1000 -1000 -1000 -10 1
151 16 Car -1 -1 -1 1031.56 186.54 1159.14 227.32 -1 -1 -1 -1000 -1000 -1000 -10 1
152 40 Car -1 -1 -1 1092.44 183.64 1229.76 232.50 -1 -1 -1 -1000 -1000 -1000 -10 1
152 37 Car -1 -1 -1 599.91 171.72 636.84 202.45 -1 -1 -1 -1000 -1000 -1000 -10 1
152 17 Car -1 -1 -1 956.67 183.55 1069.18 228.75 -1 -1 -1 -1000 -1000 -1000 -10 1
152 16 Car -1 -1 -1 1031.69 186.60 1159.38 227.39 -1 -1 -1 -1000 -1000 -1000 -10 1
153 40 Car -1 -1 -1 1092.31 183.62 1229.62 232.45 -1 -1 -1 -1000 -1000 -1000 -10 1
153 37 Car -1 -1 -1 599.90 171.62 636.97 202.40 -1 -1 -1 -1000 -1000 -1000 -10 1
153 17 Car -1 -1 -1 957.26 183.09 1070.49 227.69 -1 -1 -1 -1000 -1000 -1000 -10 1
153 16 Car -1 -1 -1 1031.69 186.63 1159.37 227.43 -1 -1 -1 -1000 -1000 -1000 -10 1
154 40 Car -1 -1 -1 1092.28 183.62 1229.65 232.48 -1 -1 -1 -1000 -1000 -1000 -10 1
154 37 Car -1 -1 -1 600.15 171.73 637.06 202.39 -1 -1 -1 -1000 -1000 -1000 -10 1
154 17 Car -1 -1 -1 958.49 181.90 1071.28 227.68 -1 -1 -1 -1000 -1000 -1000 -10 1
154 16 Car -1 -1 -1 1031.64 186.62 1159.28 227.42 -1 -1 -1 -1000 -1000 -1000 -10 1
155 40 Car -1 -1 -1 1092.39 183.60 1229.71 232.49 -1 -1 -1 -1000 -1000 -1000 -10 1
155 37 Car -1 -1 -1 599.51 171.77 636.86 202.56 -1 -1 -1 -1000 -1000 -1000 -10 1
155 17 Car -1 -1 -1 958.82 181.47 1071.40 227.83 -1 -1 -1 -1000 -1000 -1000 -10 1
155 16 Car -1 -1 -1 1031.80 186.57 1159.31 227.34 -1 -1 -1 -1000 -1000 -1000 -10 1
156 40 Car -1 -1 -1 1092.21 183.56 1229.59 232.48 -1 -1 -1 -1000 -1000 -1000 -10 1
156 37 Car -1 -1 -1 599.77 171.71 637.27 202.58 -1 -1 -1 -1000 -1000 -1000 -10 1
156 17 Car -1 -1 -1 959.20 181.33 1071.13 227.94 -1 -1 -1 -1000 -1000 -1000 -10 1
156 16 Car -1 -1 -1 1031.86 186.55 1159.29 227.37 -1 -1 -1 -1000 -1000 -1000 -10 1
157 40 Car -1 -1 -1 1092.42 183.64 1229.72 232.55 -1 -1 -1 -1000 -1000 -1000 -10 1
157 37 Car -1 -1 -1 599.86 171.64 637.26 202.49 -1 -1 -1 -1000 -1000 -1000 -10 1
157 17 Car -1 -1 -1 959.70 181.10 1071.11 227.72 -1 -1 -1 -1000 -1000 -1000 -10 1
157 16 Car -1 -1 -1 1031.80 186.52 1159.40 227.44 -1 -1 -1 -1000 -1000 -1000 -10 1
158 40 Car -1 -1 -1 1092.32 183.61 1229.80 232.45 -1 -1 -1 -1000 -1000 -1000 -10 1
158 37 Car -1 -1 -1 599.59 171.61 636.98 202.34 -1 -1 -1 -1000 -1000 -1000 -10 1
158 17 Car -1 -1 -1 954.48 184.65 1070.03 227.63 -1 -1 -1 -1000 -1000 -1000 -10 1
158 16 Car -1 -1 -1 1031.92 186.53 1159.43 227.46 -1 -1 -1 -1000 -1000 -1000 -10 1
159 40 Car -1 -1 -1 1092.34 183.66 1229.77 232.51 -1 -1 -1 -1000 -1000 -1000 -10 1
159 37 Car -1 -1 -1 600.89 172.12 637.06 202.75 -1 -1 -1 -1000 -1000 -1000 -10 1
159 17 Car -1 -1 -1 956.21 183.36 1071.75 226.73 -1 -1 -1 -1000 -1000 -1000 -10 1
159 16 Car -1 -1 -1 1031.92 186.59 1159.35 227.48 -1 -1 -1 -1000 -1000 -1000 -10 1
160 40 Car -1 -1 -1 1092.28 183.63 1229.88 232.50 -1 -1 -1 -1000 -1000 -1000 -10 1
160 37 Car -1 -1 -1 602.52 172.26 637.69 202.58 -1 -1 -1 -1000 -1000 -1000 -10 1
160 17 Car -1 -1 -1 958.50 181.77 1072.75 226.18 -1 -1 -1 -1000 -1000 -1000 -10 1
160 16 Car -1 -1 -1 1031.91 186.63 1159.43 227.46 -1 -1 -1 -1000 -1000 -1000 -10 1
161 40 Car -1 -1 -1 1092.27 183.66 1229.73 232.55 -1 -1 -1 -1000 -1000 -1000 -10 1
161 37 Car -1 -1 -1 601.97 172.37 637.04 202.52 -1 -1 -1 -1000 -1000 -1000 -10 1
161 17 Car -1 -1 -1 953.81 185.23 1070.81 226.96 -1 -1 -1 -1000 -1000 -1000 -10 1
161 16 Car -1 -1 -1 1031.62 186.65 1159.48 227.49 -1 -1 -1 -1000 -1000 -1000 -10 1
162 40 Car -1 -1 -1 1092.28 183.60 1229.56 232.48 -1 -1 -1 -1000 -1000 -1000 -10 1
162 37 Car -1 -1 -1 601.54 172.38 637.00 202.47 -1 -1 -1 -1000 -1000 -1000 -10 1
162 17 Car -1 -1 -1 952.31 185.88 1071.23 226.35 -1 -1 -1 -1000 -1000 -1000 -10 1
162 16 Car -1 -1 -1 1031.51 186.55 1159.41 227.53 -1 -1 -1 -1000 -1000 -1000 -10 1
163 40 Car -1 -1 -1 1092.56 183.60 1229.74 232.51 -1 -1 -1 -1000 -1000 -1000 -10 1
163 37 Car -1 -1 -1 601.48 172.33 637.08 202.32 -1 -1 -1 -1000 -1000 -1000 -10 1
163 17 Car -1 -1 -1 951.57 186.26 1071.78 225.98 -1 -1 -1 -1000 -1000 -1000 -10 1
163 16 Car -1 -1 -1 1031.50 186.58 1159.69 227.53 -1 -1 -1 -1000 -1000 -1000 -10 1
164 40 Car -1 -1 -1 1092.61 183.56 1229.81 232.51 -1 -1 -1 -1000 -1000 -1000 -10 1
164 37 Car -1 -1 -1 601.53 171.84 637.38 202.02 -1 -1 -1 -1000 -1000 -1000 -10 1
164 17 Car -1 -1 -1 950.99 186.17 1072.15 226.72 -1 -1 -1 -1000 -1000 -1000 -10 1
164 16 Car -1 -1 -1 1031.35 186.48 1159.56 227.53 -1 -1 -1 -1000 -1000 -1000 -10 1
165 44 Car -1 -1 -1 524.13 166.14 549.50 188.29 -1 -1 -1 -1000 -1000 -1000 -10 1
165 40 Car -1 -1 -1 1092.41 183.44 1229.76 232.35 -1 -1 -1 -1000 -1000 -1000 -10 1
165 37 Car -1 -1 -1 600.93 171.96 637.37 202.78 -1 -1 -1 -1000 -1000 -1000 -10 1
165 17 Car -1 -1 -1 954.74 182.99 1074.53 225.21 -1 -1 -1 -1000 -1000 -1000 -10 1
165 16 Car -1 -1 -1 1031.67 186.58 1159.54 227.49 -1 -1 -1 -1000 -1000 -1000 -10 1
166 44 Car -1 -1 -1 524.64 166.77 551.36 188.43 -1 -1 -1 -1000 -1000 -1000 -10 1
166 40 Car -1 -1 -1 1092.29 183.49 1229.74 232.18 -1 -1 -1 -1000 -1000 -1000 -10 1
166 37 Car -1 -1 -1 600.78 171.88 637.68 203.05 -1 -1 -1 -1000 -1000 -1000 -10 1
166 17 Car -1 -1 -1 958.99 181.51 1073.97 224.67 -1 -1 -1 -1000 -1000 -1000 -10 1
166 16 Car -1 -1 -1 1031.73 186.64 1159.25 227.42 -1 -1 -1 -1000 -1000 -1000 -10 1
167 44 Car -1 -1 -1 517.53 167.39 547.27 190.36 -1 -1 -1 -1000 -1000 -1000 -10 1
167 40 Car -1 -1 -1 1092.41 183.57 1229.70 232.38 -1 -1 -1 -1000 -1000 -1000 -10 1
167 37 Car -1 -1 -1 601.53 172.43 638.43 203.60 -1 -1 -1 -1000 -1000 -1000 -10 1
167 17 Car -1 -1 -1 960.27 181.52 1074.01 225.59 -1 -1 -1 -1000 -1000 -1000 -10 1
167 16 Car -1 -1 -1 1031.34 186.76 1159.14 227.49 -1 -1 -1 -1000 -1000 -1000 -10 1
168 40 Car -1 -1 -1 1092.17 183.55 1229.47 232.27 -1 -1 -1 -1000 -1000 -1000 -10 1
168 37 Car -1 -1 -1 601.76 173.53 638.44 204.66 -1 -1 -1 -1000 -1000 -1000 -10 1
168 17 Car -1 -1 -1 953.65 184.61 1070.33 228.35 -1 -1 -1 -1000 -1000 -1000 -10 1
168 16 Car -1 -1 -1 1031.39 186.72 1159.52 227.48 -1 -1 -1 -1000 -1000 -1000 -10 1
169 40 Car -1 -1 -1 1092.20 183.55 1229.38 232.27 -1 -1 -1 -1000 -1000 -1000 -10 1
169 37 Car -1 -1 -1 602.50 174.33 639.30 205.51 -1 -1 -1 -1000 -1000 -1000 -10 1
169 17 Car -1 -1 -1 955.73 185.71 1071.23 229.56 -1 -1 -1 -1000 -1000 -1000 -10 1
169 16 Car -1 -1 -1 1031.25 186.60 1159.51 227.46 -1 -1 -1 -1000 -1000 -1000 -10 1
170 40 Car -1 -1 -1 1091.94 183.52 1229.26 232.18 -1 -1 -1 -1000 -1000 -1000 -10 1
170 37 Car -1 -1 -1 600.17 172.86 637.39 204.16 -1 -1 -1 -1000 -1000 -1000 -10 1
170 17 Car -1 -1 -1 956.88 184.48 1067.96 229.02 -1 -1 -1 -1000 -1000 -1000 -10 1
170 16 Car -1 -1 -1 1030.56 186.56 1159.11 227.23 -1 -1 -1 -1000 -1000 -1000 -10 1
171 40 Car -1 -1 -1 1091.52 183.51 1229.29 232.37 -1 -1 -1 -1000 -1000 -1000 -10 1
171 37 Car -1 -1 -1 598.50 172.15 636.67 203.82 -1 -1 -1 -1000 -1000 -1000 -10 1
171 17 Car -1 -1 -1 952.24 185.16 1064.62 229.89 -1 -1 -1 -1000 -1000 -1000 -10 1
171 16 Car -1 -1 -1 1030.43 186.76 1160.01 227.09 -1 -1 -1 -1000 -1000 -1000 -10 1
172 47 Car -1 -1 -1 514.67 170.15 552.34 197.25 -1 -1 -1 -1000 -1000 -1000 -10 1
172 40 Car -1 -1 -1 1090.91 183.60 1229.08 232.59 -1 -1 -1 -1000 -1000 -1000 -10 1
172 37 Car -1 -1 -1 599.54 172.18 638.08 204.58 -1 -1 -1 -1000 -1000 -1000 -10 1
172 17 Car -1 -1 -1 952.36 185.21 1063.58 229.65 -1 -1 -1 -1000 -1000 -1000 -10 1
172 16 Car -1 -1 -1 1029.51 186.70 1160.64 226.90 -1 -1 -1 -1000 -1000 -1000 -10 1
173 47 Car -1 -1 -1 505.89 173.23 543.48 200.66 -1 -1 -1 -1000 -1000 -1000 -10 1
173 40 Car -1 -1 -1 1090.70 183.58 1229.33 232.57 -1 -1 -1 -1000 -1000 -1000 -10 1
173 37 Car -1 -1 -1 601.01 171.97 639.14 203.29 -1 -1 -1 -1000 -1000 -1000 -10 1
173 17 Car -1 -1 -1 953.92 185.35 1064.54 229.96 -1 -1 -1 -1000 -1000 -1000 -10 1
173 16 Car -1 -1 -1 1029.62 186.66 1160.70 227.24 -1 -1 -1 -1000 -1000 -1000 -10 1
174 49 Car -1 -1 -1 572.00 167.78 619.18 262.21 -1 -1 -1 -1000 -1000 -1000 -10 1
174 47 Car -1 -1 -1 502.59 173.99 539.77 201.59 -1 -1 -1 -1000 -1000 -1000 -10 1
174 40 Car -1 -1 -1 1089.62 183.48 1228.96 232.54 -1 -1 -1 -1000 -1000 -1000 -10 1
174 37 Car -1 -1 -1 597.19 171.13 637.79 201.65 -1 -1 -1 -1000 -1000 -1000 -10 1
174 17 Car -1 -1 -1 957.58 182.60 1058.08 231.78 -1 -1 -1 -1000 -1000 -1000 -10 1
174 16 Car -1 -1 -1 1030.04 185.96 1160.92 227.65 -1 -1 -1 -1000 -1000 -1000 -10 1
175 49 Car -1 -1 -1 582.16 164.60 629.55 259.64 -1 -1 -1 -1000 -1000 -1000 -10 1
175 47 Car -1 -1 -1 500.85 174.10 537.33 201.72 -1 -1 -1 -1000 -1000 -1000 -10 1
175 40 Car -1 -1 -1 1090.64 182.58 1226.71 231.42 -1 -1 -1 -1000 -1000 -1000 -10 1
175 17 Car -1 -1 -1 963.30 183.72 1051.22 236.68 -1 -1 -1 -1000 -1000 -1000 -10 1
175 16 Car -1 -1 -1 1029.65 186.34 1158.64 230.53 -1 -1 -1 -1000 -1000 -1000 -10 1
176 49 Car -1 -1 -1 593.46 162.09 642.28 260.58 -1 -1 -1 -1000 -1000 -1000 -10 1
176 47 Car -1 -1 -1 489.36 174.71 529.45 204.24 -1 -1 -1 -1000 -1000 -1000 -10 1
176 40 Car -1 -1 -1 1089.75 182.54 1225.40 230.86 -1 -1 -1 -1000 -1000 -1000 -10 1
176 17 Car -1 -1 -1 966.98 181.59 1050.94 235.42 -1 -1 -1 -1000 -1000 -1000 -10 1
176 16 Car -1 -1 -1 1033.38 185.08 1158.32 230.36 -1 -1 -1 -1000 -1000 -1000 -10 1
177 49 Car -1 -1 -1 602.95 165.11 654.28 261.64 -1 -1 -1 -1000 -1000 -1000 -10 1
177 47 Car -1 -1 -1 480.99 174.69 526.51 207.10 -1 -1 -1 -1000 -1000 -1000 -10 1
177 40 Car -1 -1 -1 1089.33 182.90 1227.24 230.89 -1 -1 -1 -1000 -1000 -1000 -10 1
177 17 Car -1 -1 -1 961.96 181.72 1058.49 234.53 -1 -1 -1 -1000 -1000 -1000 -10 1
177 16 Car -1 -1 -1 1036.78 183.89 1159.23 229.36 -1 -1 -1 -1000 -1000 -1000 -10 1
178 49 Car -1 -1 -1 615.50 167.13 669.60 267.14 -1 -1 -1 -1000 -1000 -1000 -10 1
178 47 Car -1 -1 -1 471.53 175.67 521.90 210.01 -1 -1 -1 -1000 -1000 -1000 -10 1
178 40 Car -1 -1 -1 1087.63 182.44 1227.76 230.34 -1 -1 -1 -1000 -1000 -1000 -10 1
178 17 Car -1 -1 -1 962.06 180.23 1064.99 232.65 -1 -1 -1 -1000 -1000 -1000 -10 1
178 16 Car -1 -1 -1 1037.73 183.80 1159.84 228.93 -1 -1 -1 -1000 -1000 -1000 -10 1
179 47 Car -1 -1 -1 464.14 175.73 517.96 212.54 -1 -1 -1 -1000 -1000 -1000 -10 1
179 40 Car -1 -1 -1 1091.24 182.65 1229.86 230.71 -1 -1 -1 -1000 -1000 -1000 -10 1
179 17 Car -1 -1 -1 958.81 182.47 1063.26 230.56 -1 -1 -1 -1000 -1000 -1000 -10 1
179 16 Car -1 -1 -1 1036.90 184.37 1158.86 229.53 -1 -1 -1 -1000 -1000 -1000 -10 1
180 47 Car -1 -1 -1 458.93 176.19 514.93 215.88 -1 -1 -1 -1000 -1000 -1000 -10 1
180 40 Car -1 -1 -1 1092.37 182.11 1229.06 230.05 -1 -1 -1 -1000 -1000 -1000 -10 1
180 17 Car -1 -1 -1 958.97 182.46 1065.70 229.07 -1 -1 -1 -1000 -1000 -1000 -10 1
181 50 Car -1 -1 -1 600.54 173.52 639.05 199.25 -1 -1 -1 -1000 -1000 -1000 -10 1
181 47 Car -1 -1 -1 447.77 176.30 507.19 219.19 -1 -1 -1 -1000 -1000 -1000 -10 1
181 40 Car -1 -1 -1 1093.39 182.23 1228.26 230.31 -1 -1 -1 -1000 -1000 -1000 -10 1
181 17 Car -1 -1 -1 960.33 181.80 1069.86 229.67 -1 -1 -1 -1000 -1000 -1000 -10 1
182 50 Car -1 -1 -1 600.79 173.40 639.57 201.23 -1 -1 -1 -1000 -1000 -1000 -10 1
182 47 Car -1 -1 -1 437.86 176.05 502.12 222.78 -1 -1 -1 -1000 -1000 -1000 -10 1
182 40 Car -1 -1 -1 1095.12 181.44 1226.88 229.70 -1 -1 -1 -1000 -1000 -1000 -10 1
182 17 Car -1 -1 -1 959.76 180.77 1070.73 228.70 -1 -1 -1 -1000 -1000 -1000 -10 1
182 16 Car -1 -1 -1 1040.31 185.36 1152.32 226.65 -1 -1 -1 -1000 -1000 -1000 -10 1
183 50 Car -1 -1 -1 600.58 172.57 638.28 199.85 -1 -1 -1 -1000 -1000 -1000 -10 1
183 47 Car -1 -1 -1 424.41 178.33 494.25 227.48 -1 -1 -1 -1000 -1000 -1000 -10 1
183 40 Car -1 -1 -1 1101.16 182.92 1226.77 231.01 -1 -1 -1 -1000 -1000 -1000 -10 1
183 17 Car -1 -1 -1 960.76 181.40 1072.21 229.22 -1 -1 -1 -1000 -1000 -1000 -10 1
183 16 Car -1 -1 -1 1038.44 185.42 1158.49 229.53 -1 -1 -1 -1000 -1000 -1000 -10 1
184 50 Car -1 -1 -1 600.87 171.73 637.54 199.89 -1 -1 -1 -1000 -1000 -1000 -10 1
184 47 Car -1 -1 -1 407.07 177.51 485.38 232.14 -1 -1 -1 -1000 -1000 -1000 -10 1
184 40 Car -1 -1 -1 1101.62 185.33 1222.00 234.00 -1 -1 -1 -1000 -1000 -1000 -10 1
184 17 Car -1 -1 -1 962.53 181.49 1071.31 228.87 -1 -1 -1 -1000 -1000 -1000 -10 1
184 16 Car -1 -1 -1 1034.94 186.92 1160.51 234.11 -1 -1 -1 -1000 -1000 -1000 -10 1
185 50 Car -1 -1 -1 602.17 172.76 637.94 201.51 -1 -1 -1 -1000 -1000 -1000 -10 1
185 47 Car -1 -1 -1 387.65 179.63 474.88 239.84 -1 -1 -1 -1000 -1000 -1000 -10 1
185 40 Car -1 -1 -1 1108.83 184.60 1225.88 232.20 -1 -1 -1 -1000 -1000 -1000 -10 1
185 17 Car -1 -1 -1 961.93 181.43 1069.16 228.28 -1 -1 -1 -1000 -1000 -1000 -10 1
185 16 Car -1 -1 -1 1033.53 183.69 1158.33 228.42 -1 -1 -1 -1000 -1000 -1000 -10 1
186 50 Car -1 -1 -1 602.00 172.77 637.30 201.93 -1 -1 -1 -1000 -1000 -1000 -10 1
186 47 Car -1 -1 -1 362.36 180.27 467.33 248.05 -1 -1 -1 -1000 -1000 -1000 -10 1
186 40 Car -1 -1 -1 1103.52 183.42 1225.12 231.45 -1 -1 -1 -1000 -1000 -1000 -10 1
186 17 Car -1 -1 -1 964.13 182.22 1072.67 227.79 -1 -1 -1 -1000 -1000 -1000 -10 1
186 16 Car -1 -1 -1 1040.56 182.18 1160.91 228.07 -1 -1 -1 -1000 -1000 -1000 -10 1
187 50 Car -1 -1 -1 601.42 172.86 637.47 201.89 -1 -1 -1 -1000 -1000 -1000 -10 1
187 47 Car -1 -1 -1 328.21 184.36 449.45 260.49 -1 -1 -1 -1000 -1000 -1000 -10 1
187 40 Car -1 -1 -1 1096.20 182.87 1226.51 232.40 -1 -1 -1 -1000 -1000 -1000 -10 1
187 17 Car -1 -1 -1 956.52 185.05 1068.89 227.88 -1 -1 -1 -1000 -1000 -1000 -10 1
187 16 Car -1 -1 -1 1034.43 182.93 1160.78 226.70 -1 -1 -1 -1000 -1000 -1000 -10 1
188 50 Car -1 -1 -1 600.40 172.44 636.81 202.30 -1 -1 -1 -1000 -1000 -1000 -10 1
188 47 Car -1 -1 -1 282.99 185.61 427.17 277.28 -1 -1 -1 -1000 -1000 -1000 -10 1
188 40 Car -1 -1 -1 1103.45 183.13 1231.15 231.52 -1 -1 -1 -1000 -1000 -1000 -10 1
188 17 Car -1 -1 -1 958.25 183.33 1070.60 227.09 -1 -1 -1 -1000 -1000 -1000 -10 1
188 16 Car -1 -1 -1 1032.08 184.90 1157.82 226.32 -1 -1 -1 -1000 -1000 -1000 -10 1
189 50 Car -1 -1 -1 599.93 172.30 635.32 202.34 -1 -1 -1 -1000 -1000 -1000 -10 1
189 47 Car -1 -1 -1 211.02 185.78 393.81 301.88 -1 -1 -1 -1000 -1000 -1000 -10 1
189 40 Car -1 -1 -1 1100.18 184.52 1223.39 231.63 -1 -1 -1 -1000 -1000 -1000 -10 1
189 17 Car -1 -1 -1 955.03 185.68 1069.15 228.00 -1 -1 -1 -1000 -1000 -1000 -10 1
189 16 Car -1 -1 -1 1033.87 186.22 1161.05 226.09 -1 -1 -1 -1000 -1000 -1000 -10 1
190 50 Car -1 -1 -1 601.12 172.22 636.24 202.18 -1 -1 -1 -1000 -1000 -1000 -10 1
190 47 Car -1 -1 -1 102.79 194.56 342.10 338.16 -1 -1 -1 -1000 -1000 -1000 -10 1
190 40 Car -1 -1 -1 1101.31 187.00 1225.00 235.81 -1 -1 -1 -1000 -1000 -1000 -10 1
190 17 Car -1 -1 -1 953.66 186.19 1069.81 227.37 -1 -1 -1 -1000 -1000 -1000 -10 1
190 16 Car -1 -1 -1 1032.54 186.44 1161.05 227.94 -1 -1 -1 -1000 -1000 -1000 -10 1
191 50 Car -1 -1 -1 601.25 172.30 636.61 202.28 -1 -1 -1 -1000 -1000 -1000 -10 1
191 47 Car -1 -1 -1 13.03 198.36 304.23 363.46 -1 -1 -1 -1000 -1000 -1000 -10 1
191 40 Car -1 -1 -1 1102.73 186.61 1224.42 237.28 -1 -1 -1 -1000 -1000 -1000 -10 1
191 17 Car -1 -1 -1 952.55 186.61 1070.67 227.62 -1 -1 -1 -1000 -1000 -1000 -10 1
191 16 Car -1 -1 -1 1034.25 186.87 1163.10 227.17 -1 -1 -1 -1000 -1000 -1000 -10 1
192 50 Car -1 -1 -1 601.12 172.02 636.79 202.06 -1 -1 -1 -1000 -1000 -1000 -10 1
192 47 Car -1 -1 -1 -19.83 199.97 252.89 371.26 -1 -1 -1 -1000 -1000 -1000 -10 1
192 40 Car -1 -1 -1 1109.01 183.11 1224.70 232.74 -1 -1 -1 -1000 -1000 -1000 -10 1
192 17 Car -1 -1 -1 952.34 186.26 1071.15 227.27 -1 -1 -1 -1000 -1000 -1000 -10 1
192 16 Car -1 -1 -1 1033.22 187.31 1162.68 226.95 -1 -1 -1 -1000 -1000 -1000 -10 1
193 50 Car -1 -1 -1 601.34 172.24 637.19 202.25 -1 -1 -1 -1000 -1000 -1000 -10 1
193 40 Car -1 -1 -1 1105.53 183.81 1224.10 233.93 -1 -1 -1 -1000 -1000 -1000 -10 1
193 17 Car -1 -1 -1 951.69 186.20 1071.23 227.89 -1 -1 -1 -1000 -1000 -1000 -10 1
193 16 Car -1 -1 -1 1032.87 187.04 1161.53 227.07 -1 -1 -1 -1000 -1000 -1000 -10 1
194 50 Car -1 -1 -1 601.22 172.34 637.04 202.25 -1 -1 -1 -1000 -1000 -1000 -10 1
194 40 Car -1 -1 -1 1097.22 183.52 1225.38 233.53 -1 -1 -1 -1000 -1000 -1000 -10 1
194 17 Car -1 -1 -1 960.04 184.64 1074.84 229.80 -1 -1 -1 -1000 -1000 -1000 -10 1
194 16 Car -1 -1 -1 1031.20 186.42 1160.63 227.49 -1 -1 -1 -1000 -1000 -1000 -10 1
195 50 Car -1 -1 -1 601.11 172.33 637.02 202.19 -1 -1 -1 -1000 -1000 -1000 -10 1
195 40 Car -1 -1 -1 1093.64 183.36 1226.87 233.66 -1 -1 -1 -1000 -1000 -1000 -10 1
195 17 Car -1 -1 -1 957.82 181.92 1071.27 226.80 -1 -1 -1 -1000 -1000 -1000 -10 1
195 16 Car -1 -1 -1 1030.07 185.71 1160.50 228.00 -1 -1 -1 -1000 -1000 -1000 -10 1
196 50 Car -1 -1 -1 601.00 172.64 636.83 202.43 -1 -1 -1 -1000 -1000 -1000 -10 1
196 40 Car -1 -1 -1 1091.57 183.34 1229.12 234.13 -1 -1 -1 -1000 -1000 -1000 -10 1
196 17 Car -1 -1 -1 956.12 185.25 1068.87 236.19 -1 -1 -1 -1000 -1000 -1000 -10 1
196 16 Car -1 -1 -1 1028.41 185.38 1159.72 228.32 -1 -1 -1 -1000 -1000 -1000 -10 1
197 50 Car -1 -1 -1 601.03 172.67 636.78 202.33 -1 -1 -1 -1000 -1000 -1000 -10 1
197 40 Car -1 -1 -1 1090.48 182.95 1227.10 233.61 -1 -1 -1 -1000 -1000 -1000 -10 1
197 17 Car -1 -1 -1 956.43 189.26 1074.97 246.82 -1 -1 -1 -1000 -1000 -1000 -10 1
197 16 Car -1 -1 -1 1029.45 185.96 1158.49 229.98 -1 -1 -1 -1000 -1000 -1000 -10 1
198 50 Car -1 -1 -1 601.14 172.71 636.88 202.34 -1 -1 -1 -1000 -1000 -1000 -10 1
198 40 Car -1 -1 -1 1088.83 182.29 1224.69 232.74 -1 -1 -1 -1000 -1000 -1000 -10 1
198 17 Car -1 -1 -1 956.75 183.88 1071.23 237.96 -1 -1 -1 -1000 -1000 -1000 -10 1
198 16 Car -1 -1 -1 1025.55 183.61 1156.47 233.27 -1 -1 -1 -1000 -1000 -1000 -10 1
199 50 Car -1 -1 -1 601.18 172.75 636.90 202.36 -1 -1 -1 -1000 -1000 -1000 -10 1
199 40 Car -1 -1 -1 1096.86 181.95 1225.67 231.67 -1 -1 -1 -1000 -1000 -1000 -10 1
199 17 Car -1 -1 -1 954.03 183.15 1069.93 233.40 -1 -1 -1 -1000 -1000 -1000 -10 1
199 16 Car -1 -1 -1 1029.32 183.77 1157.47 233.79 -1 -1 -1 -1000 -1000 -1000 -10 1
200 50 Car -1 -1 -1 601.04 172.66 636.74 202.25 -1 -1 -1 -1000 -1000 -1000 -10 1
200 40 Car -1 -1 -1 1091.30 189.84 1225.21 243.77 -1 -1 -1 -1000 -1000 -1000 -10 1
200 17 Car -1 -1 -1 953.13 184.63 1070.46 230.34 -1 -1 -1 -1000 -1000 -1000 -10 1
200 16 Car -1 -1 -1 1031.40 181.93 1158.57 230.45 -1 -1 -1 -1000 -1000 -1000 -10 1
201 50 Car -1 -1 -1 601.18 172.83 636.91 202.41 -1 -1 -1 -1000 -1000 -1000 -10 1
201 40 Car -1 -1 -1 1094.87 187.19 1229.74 242.86 -1 -1 -1 -1000 -1000 -1000 -10 1
201 17 Car -1 -1 -1 953.25 185.59 1070.39 228.65 -1 -1 -1 -1000 -1000 -1000 -10 1
201 16 Car -1 -1 -1 1032.51 184.62 1157.71 229.63 -1 -1 -1 -1000 -1000 -1000 -10 1
202 50 Car -1 -1 -1 601.15 172.82 637.00 202.40 -1 -1 -1 -1000 -1000 -1000 -10 1
202 40 Car -1 -1 -1 1104.36 182.90 1230.66 235.76 -1 -1 -1 -1000 -1000 -1000 -10 1
202 17 Car -1 -1 -1 954.68 184.95 1070.41 227.96 -1 -1 -1 -1000 -1000 -1000 -10 1
202 16 Car -1 -1 -1 1033.55 186.16 1160.58 228.49 -1 -1 -1 -1000 -1000 -1000 -10 1
203 50 Car -1 -1 -1 600.97 172.65 636.89 202.27 -1 -1 -1 -1000 -1000 -1000 -10 1
203 40 Car -1 -1 -1 1096.91 182.87 1223.99 234.18 -1 -1 -1 -1000 -1000 -1000 -10 1
203 17 Car -1 -1 -1 956.74 183.98 1070.94 227.54 -1 -1 -1 -1000 -1000 -1000 -10 1
203 16 Car -1 -1 -1 1032.45 186.37 1159.71 227.96 -1 -1 -1 -1000 -1000 -1000 -10 1
204 50 Car -1 -1 -1 600.98 172.57 636.89 202.20 -1 -1 -1 -1000 -1000 -1000 -10 1
204 40 Car -1 -1 -1 1094.40 182.34 1222.12 232.24 -1 -1 -1 -1000 -1000 -1000 -10 1
204 17 Car -1 -1 -1 958.41 182.19 1070.86 227.43 -1 -1 -1 -1000 -1000 -1000 -10 1
204 16 Car -1 -1 -1 1031.53 186.32 1159.30 227.80 -1 -1 -1 -1000 -1000 -1000 -10 1
205 50 Car -1 -1 -1 600.94 172.54 636.85 202.13 -1 -1 -1 -1000 -1000 -1000 -10 1
205 40 Car -1 -1 -1 1095.01 183.11 1226.81 232.48 -1 -1 -1 -1000 -1000 -1000 -10 1
205 17 Car -1 -1 -1 959.31 181.25 1070.54 227.71 -1 -1 -1 -1000 -1000 -1000 -10 1
205 16 Car -1 -1 -1 1031.43 186.48 1159.48 227.82 -1 -1 -1 -1000 -1000 -1000 -10 1
206 50 Car -1 -1 -1 601.07 172.59 636.96 202.17 -1 -1 -1 -1000 -1000 -1000 -10 1
206 40 Car -1 -1 -1 1093.96 183.35 1228.32 232.55 -1 -1 -1 -1000 -1000 -1000 -10 1
206 17 Car -1 -1 -1 959.27 181.25 1070.06 228.22 -1 -1 -1 -1000 -1000 -1000 -10 1
206 16 Car -1 -1 -1 1031.61 186.48 1159.64 227.65 -1 -1 -1 -1000 -1000 -1000 -10 1
207 50 Car -1 -1 -1 601.10 172.60 636.96 202.12 -1 -1 -1 -1000 -1000 -1000 -10 1
207 40 Car -1 -1 -1 1093.12 183.59 1228.95 232.64 -1 -1 -1 -1000 -1000 -1000 -10 1
207 17 Car -1 -1 -1 959.60 181.03 1069.71 228.23 -1 -1 -1 -1000 -1000 -1000 -10 1
207 16 Car -1 -1 -1 1031.68 186.39 1159.48 227.59 -1 -1 -1 -1000 -1000 -1000 -10 1
208 50 Car -1 -1 -1 601.17 172.68 637.06 202.15 -1 -1 -1 -1000 -1000 -1000 -10 1
208 40 Car -1 -1 -1 1092.57 183.61 1229.26 232.58 -1 -1 -1 -1000 -1000 -1000 -10 1
208 17 Car -1 -1 -1 959.73 180.92 1069.93 228.23 -1 -1 -1 -1000 -1000 -1000 -10 1
208 16 Car -1 -1 -1 1031.58 186.45 1159.38 227.63 -1 -1 -1 -1000 -1000 -1000 -10 1
209 50 Car -1 -1 -1 600.99 172.72 636.89 202.24 -1 -1 -1 -1000 -1000 -1000 -10 1
209 40 Car -1 -1 -1 1092.28 183.61 1229.46 232.47 -1 -1 -1 -1000 -1000 -1000 -10 1
209 17 Car -1 -1 -1 959.78 181.03 1069.74 228.28 -1 -1 -1 -1000 -1000 -1000 -10 1
209 16 Car -1 -1 -1 1031.90 186.44 1159.42 227.44 -1 -1 -1 -1000 -1000 -1000 -10 1
210 50 Car -1 -1 -1 601.05 172.69 636.95 202.23 -1 -1 -1 -1000 -1000 -1000 -10 1
210 40 Car -1 -1 -1 1092.02 183.71 1229.63 232.46 -1 -1 -1 -1000 -1000 -1000 -10 1
210 17 Car -1 -1 -1 959.56 181.00 1069.79 228.32 -1 -1 -1 -1000 -1000 -1000 -10 1
210 16 Car -1 -1 -1 1032.03 186.52 1159.48 227.40 -1 -1 -1 -1000 -1000 -1000 -10 1
211 50 Car -1 -1 -1 600.99 172.64 636.90 202.17 -1 -1 -1 -1000 -1000 -1000 -10 1
211 40 Car -1 -1 -1 1091.89 183.74 1229.55 232.42 -1 -1 -1 -1000 -1000 -1000 -10 1
211 17 Car -1 -1 -1 959.65 181.05 1069.62 228.29 -1 -1 -1 -1000 -1000 -1000 -10 1
211 16 Car -1 -1 -1 1031.91 186.51 1159.24 227.32 -1 -1 -1 -1000 -1000 -1000 -10 1
212 50 Car -1 -1 -1 600.84 172.49 636.84 202.07 -1 -1 -1 -1000 -1000 -1000 -10 1
212 40 Car -1 -1 -1 1092.14 183.72 1229.74 232.37 -1 -1 -1 -1000 -1000 -1000 -10 1
212 17 Car -1 -1 -1 959.62 181.30 1069.49 228.41 -1 -1 -1 -1000 -1000 -1000 -10 1
212 16 Car -1 -1 -1 1031.88 186.59 1159.10 227.30 -1 -1 -1 -1000 -1000 -1000 -10 1
213 50 Car -1 -1 -1 600.78 172.33 636.81 201.97 -1 -1 -1 -1000 -1000 -1000 -10 1
213 40 Car -1 -1 -1 1091.98 183.66 1229.61 232.30 -1 -1 -1 -1000 -1000 -1000 -10 1
213 17 Car -1 -1 -1 959.55 181.23 1069.53 228.30 -1 -1 -1 -1000 -1000 -1000 -10 1
213 16 Car -1 -1 -1 1031.71 186.61 1158.97 227.32 -1 -1 -1 -1000 -1000 -1000 -10 1
214 50 Car -1 -1 -1 600.80 172.50 636.90 202.20 -1 -1 -1 -1000 -1000 -1000 -10 1
214 40 Car -1 -1 -1 1092.02 183.69 1229.70 232.40 -1 -1 -1 -1000 -1000 -1000 -10 1
214 17 Car -1 -1 -1 959.23 181.44 1070.12 228.52 -1 -1 -1 -1000 -1000 -1000 -10 1
214 16 Car -1 -1 -1 1031.83 186.56 1159.32 227.38 -1 -1 -1 -1000 -1000 -1000 -10 1
