0 4 Car -1 -1 -1 1091.86 183.74 1229.47 232.48 -1 -1 -1 -1000 -1000 -1000 -10 1
0 3 Car -1 -1 -1 603.90 171.56 638.12 201.74 -1 -1 -1 -1000 -1000 -1000 -10 1
0 2 Car -1 -1 -1 958.95 181.30 1070.10 228.53 -1 -1 -1 -1000 -1000 -1000 -10 1
0 1 Car -1 -1 -1 1031.91 186.72 1159.26 227.60 -1 -1 -1 -1000 -1000 -1000 -10 1
1 4 Car -1 -1 -1 1092.14 183.59 1229.71 232.41 -1 -1 -1 -1000 -1000 -1000 -10 1
1 3 Car -1 -1 -1 602.83 171.19 636.94 201.09 -1 -1 -1 -1000 -1000 -1000 -10 1
1 2 Car -1 -1 -1 957.61 182.78 1071.34 227.47 -1 -1 -1 -1000 -1000 -1000 -10 1
1 1 Car -1 -1 -1 1031.62 186.53 1159.49 227.60 -1 -1 -1 -1000 -1000 -1000 -10 1
2 4 Car -1 -1 -1 1091.92 183.62 1229.46 232.39 -1 -1 -1 -1000 -1000 -1000 -10 1
2 3 Car -1 -1 -1 601.60 170.79 635.95 201.13 -1 -1 -1 -1000 -1000 -1000 -10 1
2 2 Car -1 -1 -1 959.20 181.61 1071.70 227.58 -1 -1 -1 -1000 -1000 -1000 -10 1
2 1 Car -1 -1 -1 1031.62 186.56 1159.52 227.63 -1 -1 -1 -1000 -1000 -1000 -10 1
3 4 Car -1 -1 -1 1091.97 183.69 1229.43 232.40 -1 -1 -1 -1000 -1000 -1000 -10 1
3 3 Car -1 -1 -1 602.47 171.07 636.90 201.37 -1 -1 -1 -1000 -1000 -1000 -10 1
3 2 Car -1 -1 -1 960.03 181.46 1070.80 228.08 -1 -1 -1 -1000 -1000 -1000 -10 1
3 1 Car -1 -1 -1 1031.62 186.63 1159.32 227.55 -1 -1 -1 -1000 -1000 -1000 -10 1
4 4 Car -1 -1 -1 1091.73 183.60 1229.38 232.35 -1 -1 -1 -1000 -1000 -1000 -10 1
4 3 Car -1 -1 -1 603.48 171.17 637.61 201.25 -1 -1 -1 -1000 -1000 -1000 -10 1
4 2 Car -1 -1 -1 960.55 181.19 1070.18 228.26 -1 -1 -1 -1000 -1000 -1000 -10 1
4 1 Car -1 -1 -1 1031.49 186.54 1159.63 227.53 -1 -1 -1 -1000 -1000 -1000 -10 1
5 4 Car -1 -1 -1 1091.78 183.55 1229.42 232.29 -1 -1 -1 -1000 -1000 -1000 -10 1
5 3 Car -1 -1 -1 602.68 171.00 636.81 201.24 -1 -1 -1 -1000 -1000 -1000 -10 1
5 2 Car -1 -1 -1 961.12 181.25 1070.12 228.51 -1 -1 -1 -1000 -1000 -1000 -10 1
5 1 Car -1 -1 -1 1031.58 186.54 1159.66 227.56 -1 -1 -1 -1000 -1000 -1000 -10 1
6 4 Car -1 -1 -1 1092.00 183.61 1229.52 232.35 -1 -1 -1 -1000 -1000 -1000 -10 1
6 3 Car -1 -1 -1 602.26 171.12 636.38 201.61 -1 -1 -1 -1000 -1000 -1000 -10 1
6 2 Car -1 -1 -1 960.81 181.01 1070.09 228.57 -1 -1 -1 -1000 -1000 -1000 -10 1
6 1 Car -1 -1 -1 1031.71 186.55 1159.65 227.47 -1 -1 -1 -1000 -1000 -1000 -10 1
7 4 Car -1 -1 -1 1092.14 183.60 1229.62 232.32 -1 -1 -1 -1000 -1000 -1000 -10 1
7 3 Car -1 -1 -1 602.12 171.48 636.42 202.18 -1 -1 -1 -1000 -1000 -1000 -10 1
7 2 Car -1 -1 -1 960.61 181.01 1070.15 228.81 -1 -1 -1 -1000 -1000 -1000 -10 1
7 1 Car -1 -1 -1 1031.70 186.60 1159.59 227.49 -1 -1 -1 -1000 -1000 -1000 -10 1
8 4 Car -1 -1 -1 1091.96 183.62 1229.68 232.36 -1 -1 -1 -1000 -1000 -1000 -10 1
8 3 Car -1 -1 -1 602.00 172.03 635.97 202.49 -1 -1 -1 -1000 -1000 -1000 -10 1
8 2 Car -1 -1 -1 960.25 181.01 1070.21 228.99 -1 -1 -1 -1000 -1000 -1000 -10 1
8 1 Car -1 -1 -1 1031.70 186.58 1159.70 227.50 -1 -1 -1 -1000 -1000 -1000 -10 1
9 4 Car -1 -1 -1 1092.39 183.52 1230.00 232.18 -1 -1 -1 -1000 -1000 -1000 -10 1
9 3 Car -1 -1 -1 601.79 172.38 636.06 203.18 -1 -1 -1 -1000 -1000 -1000 -10 1
9 2 Car -1 -1 -1 960.37 180.96 1069.91 228.96 -1 -1 -1 -1000 -1000 -1000 -10 1
9 1 Car -1 -1 -1 1031.72 186.59 1159.67 227.53 -1 -1 -1 -1000 -1000 -1000 -10 1
10 4 Car -1 -1 -1 1092.32 183.49 1230.05 232.10 -1 -1 -1 -1000 -1000 -1000 -10 1
10 3 Car -1 -1 -1 601.26 172.45 635.90 203.69 -1 -1 -1 -1000 -1000 -1000 -10 1
10 2 Car -1 -1 -1 960.45 181.07 1070.04 229.18 -1 -1 -1 -1000 -1000 -1000 -10 1
10 1 Car -1 -1 -1 1031.61 186.53 1159.62 227.60 -1 -1 -1 -1000 -1000 -1000 -10 1
11 4 Car -1 -1 -1 1091.69 183.61 1229.53 232.09 -1 -1 -1 -1000 -1000 -1000 -10 1
11 3 Car -1 -1 -1 600.41 171.83 636.15 203.13 -1 -1 -1 -1000 -1000 -1000 -10 1
11 2 Car -1 -1 -1 960.58 180.96 1069.63 228.99 -1 -1 -1 -1000 -1000 -1000 -10 1
11 1 Car -1 -1 -1 1031.32 186.57 1159.51 227.67 -1 -1 -1 -1000 -1000 -1000 -10 1
12 4 Car -1 -1 -1 1091.94 183.64 1229.60 232.41 -1 -1 -1 -1000 -1000 -1000 -10 1
12 3 Car -1 -1 -1 601.89 171.64 637.88 203.12 -1 -1 -1 -1000 -1000 -1000 -10 1
12 2 Car -1 -1 -1 960.63 181.06 1069.72 229.20 -1 -1 -1 -1000 -1000 -1000 -10 1
12 1 Car -1 -1 -1 1031.25 186.58 1159.50 227.67 -1 -1 -1 -1000 -1000 -1000 -10 1
13 4 Car -1 -1 -1 1093.39 186.39 1226.66 235.48 -1 -1 -1 -1000 -1000 -1000 -10 1
13 3 Car -1 -1 -1 601.08 171.15 637.86 202.74 -1 -1 -1 -1000 -1000 -1000 -10 1
13 2 Car -1 -1 -1 960.35 180.87 1069.26 229.02 -1 -1 -1 -1000 -1000 -1000 -10 1
13 1 Car -1 -1 -1 1030.41 187.40 1162.66 231.52 -1 -1 -1 -1000 -1000 -1000 -10 1
14 4 Car -1 -1 -1 1093.45 191.58 1230.74 246.16 -1 -1 -1 -1000 -1000 -1000 -10 1
14 3 Car -1 -1 -1 599.95 170.90 638.09 203.06 -1 -1 -1 -1000 -1000 -1000 -10 1
14 2 Car -1 -1 -1 960.38 180.81 1068.74 228.83 -1 -1 -1 -1000 -1000 -1000 -10 1
14 1 Car -1 -1 -1 1031.23 185.46 1161.32 229.35 -1 -1 -1 -1000 -1000 -1000 -10 1
15 3 Car -1 -1 -1 599.94 171.06 638.23 203.29 -1 -1 -1 -1000 -1000 -1000 -10 1
15 2 Car -1 -1 -1 961.03 180.15 1068.74 227.76 -1 -1 -1 -1000 -1000 -1000 -10 1
15 1 Car -1 -1 -1 1031.85 184.85 1156.61 229.49 -1 -1 -1 -1000 -1000 -1000 -10 1
16 3 Car -1 -1 -1 598.03 171.22 636.78 203.80 -1 -1 -1 -1000 -1000 -1000 -10 1
16 2 Car -1 -1 -1 956.88 184.38 1067.26 229.76 -1 -1 -1 -1000 -1000 -1000 -10 1
17 8 Car -1 -1 -1 1098.81 183.06 1218.63 232.78 -1 -1 -1 -1000 -1000 -1000 -10 1
17 3 Car -1 -1 -1 598.85 171.08 637.68 204.21 -1 -1 -1 -1000 -1000 -1000 -10 1
17 2 Car -1 -1 -1 955.75 184.66 1067.53 231.83 -1 -1 -1 -1000 -1000 -1000 -10 1
17 1 Car -1 -1 -1 1032.12 185.64 1157.04 234.83 -1 -1 -1 -1000 -1000 -1000 -10 1
18 8 Car -1 -1 -1 1097.67 184.40 1220.28 233.71 -1 -1 -1 -1000 -1000 -1000 -10 1
18 2 Car -1 -1 -1 960.18 191.22 1075.18 244.91 -1 -1 -1 -1000 -1000 -1000 -10 1
18 1 Car -1 -1 -1 1031.42 185.40 1158.95 235.62 -1 -1 -1 -1000 -1000 -1000 -10 1
19 8 Car -1 -1 -1 1094.76 182.79 1224.66 233.27 -1 -1 -1 -1000 -1000 -1000 -10 1
19 1 Car -1 -1 -1 1028.97 183.64 1159.15 232.74 -1 -1 -1 -1000 -1000 -1000 -10 1
20 8 Car -1 -1 -1 1092.30 183.04 1227.69 234.01 -1 -1 -1 -1000 -1000 -1000 -10 1
20 1 Car -1 -1 -1 1028.52 183.67 1161.10 230.72 -1 -1 -1 -1000 -1000 -1000 -10 1
21 8 Car -1 -1 -1 1091.73 183.05 1228.98 233.76 -1 -1 -1 -1000 -1000 -1000 -10 1
21 1 Car -1 -1 -1 1028.76 184.65 1161.20 229.61 -1 -1 -1 -1000 -1000 -1000 -10 1
22 10 Car -1 -1 -1 974.49 181.41 1075.10 225.03 -1 -1 -1 -1000 -1000 -1000 -10 1
22 8 Car -1 -1 -1 1090.33 183.20 1229.16 233.44 -1 -1 -1 -1000 -1000 -1000 -10 1
22 1 Car -1 -1 -1 1029.90 185.32 1160.65 229.03 -1 -1 -1 -1000 -1000 -1000 -10 1
23 10 Car -1 -1 -1 960.19 183.20 1070.11 229.12 -1 -1 -1 -1000 -1000 -1000 -10 1
23 8 Car -1 -1 -1 1094.41 185.28 1223.35 233.83 -1 -1 -1 -1000 -1000 -1000 -10 1
23 1 Car -1 -1 -1 1031.57 185.74 1161.27 228.45 -1 -1 -1 -1000 -1000 -1000 -10 1
24 10 Car -1 -1 -1 960.97 181.53 1068.73 228.35 -1 -1 -1 -1000 -1000 -1000 -10 1
24 8 Car -1 -1 -1 1094.68 192.61 1227.50 247.33 -1 -1 -1 -1000 -1000 -1000 -10 1
24 1 Car -1 -1 -1 1030.39 185.63 1162.14 230.83 -1 -1 -1 -1000 -1000 -1000 -10 1
25 12 Car -1 -1 -1 603.74 163.41 660.56 277.61 -1 -1 -1 -1000 -1000 -1000 -10 1
25 10 Car -1 -1 -1 955.71 184.77 1069.04 228.04 -1 -1 -1 -1000 -1000 -1000 -10 1
25 1 Car -1 -1 -1 1029.32 184.91 1156.80 229.86 -1 -1 -1 -1000 -1000 -1000 -10 1
26 12 Car -1 -1 -1 615.24 165.45 668.58 281.85 -1 -1 -1 -1000 -1000 -1000 -10 1
26 10 Car -1 -1 -1 954.40 186.52 1069.21 228.69 -1 -1 -1 -1000 -1000 -1000 -10 1
27 14 Car -1 -1 -1 1031.30 174.34 1153.91 267.05 -1 -1 -1 -1000 -1000 -1000 -10 1
27 10 Car -1 -1 -1 959.04 186.64 1075.94 234.48 -1 -1 -1 -1000 -1000 -1000 -10 1
27 8 Car -1 -1 -1 1086.37 183.32 1224.83 239.40 -1 -1 -1 -1000 -1000 -1000 -10 1
28 16 Car -1 -1 -1 599.42 171.24 642.96 202.26 -1 -1 -1 -1000 -1000 -1000 -10 1
28 10 Car -1 -1 -1 950.40 187.20 1071.28 238.22 -1 -1 -1 -1000 -1000 -1000 -10 1
28 8 Car -1 -1 -1 1087.69 182.73 1221.81 234.79 -1 -1 -1 -1000 -1000 -1000 -10 1
29 17 Car -1 -1 -1 1027.24 183.97 1156.06 237.28 -1 -1 -1 -1000 -1000 -1000 -10 1
29 16 Car -1 -1 -1 599.35 171.96 639.68 201.85 -1 -1 -1 -1000 -1000 -1000 -10 1
29 8 Car -1 -1 -1 1090.66 182.67 1222.60 232.74 -1 -1 -1 -1000 -1000 -1000 -10 1
30 17 Car -1 -1 -1 1031.12 183.54 1158.04 229.75 -1 -1 -1 -1000 -1000 -1000 -10 1
30 16 Car -1 -1 -1 599.20 171.94 638.96 201.32 -1 -1 -1 -1000 -1000 -1000 -10 1
30 14 Car -1 -1 -1 926.51 176.66 1043.10 271.35 -1 -1 -1 -1000 -1000 -1000 -10 1
30 8 Car -1 -1 -1 1091.60 183.07 1227.12 233.27 -1 -1 -1 -1000 -1000 -1000 -10 1
31 17 Car -1 -1 -1 1031.84 185.04 1157.61 227.82 -1 -1 -1 -1000 -1000 -1000 -10 1
31 16 Car -1 -1 -1 599.86 171.89 637.55 201.66 -1 -1 -1 -1000 -1000 -1000 -10 1
31 8 Car -1 -1 -1 1091.51 183.06 1228.98 232.78 -1 -1 -1 -1000 -1000 -1000 -10 1
32 18 Car -1 -1 -1 957.96 183.25 1072.65 227.21 -1 -1 -1 -1000 -1000 -1000 -10 1
32 17 Car -1 -1 -1 1033.43 186.11 1157.84 227.38 -1 -1 -1 -1000 -1000 -1000 -10 1
32 16 Car -1 -1 -1 601.27 171.78 639.51 202.12 -1 -1 -1 -1000 -1000 -1000 -10 1
32 8 Car -1 -1 -1 1091.41 183.09 1229.16 232.54 -1 -1 -1 -1000 -1000 -1000 -10 1
33 18 Car -1 -1 -1 954.32 181.60 1074.05 227.83 -1 -1 -1 -1000 -1000 -1000 -10 1
33 17 Car -1 -1 -1 1033.66 186.33 1157.84 227.19 -1 -1 -1 -1000 -1000 -1000 -10 1
33 16 Car -1 -1 -1 601.66 171.98 640.63 202.55 -1 -1 -1 -1000 -1000 -1000 -10 1
33 8 Car -1 -1 -1 1091.52 183.22 1229.60 232.50 -1 -1 -1 -1000 -1000 -1000 -10 1
34 18 Car -1 -1 -1 952.41 184.73 1071.80 228.75 -1 -1 -1 -1000 -1000 -1000 -10 1
34 17 Car -1 -1 -1 1033.50 186.48 1158.21 227.22 -1 -1 -1 -1000 -1000 -1000 -10 1
34 16 Car -1 -1 -1 599.78 172.22 640.83 201.37 -1 -1 -1 -1000 -1000 -1000 -10 1
34 8 Car -1 -1 -1 1091.60 183.40 1229.96 232.66 -1 -1 -1 -1000 -1000 -1000 -10 1
35 18 Car -1 -1 -1 950.53 185.42 1073.01 228.98 -1 -1 -1 -1000 -1000 -1000 -10 1
35 17 Car -1 -1 -1 1032.71 186.40 1158.49 227.41 -1 -1 -1 -1000 -1000 -1000 -10 1
35 8 Car -1 -1 -1 1091.64 183.42 1230.29 232.69 -1 -1 -1 -1000 -1000 -1000 -10 1
36 20 Car -1 -1 -1 675.38 169.50 822.19 245.34 -1 -1 -1 -1000 -1000 -1000 -10 1
36 18 Car -1 -1 -1 948.18 184.87 1074.44 229.09 -1 -1 -1 -1000 -1000 -1000 -10 1
36 17 Car -1 -1 -1 1032.48 186.42 1158.69 227.66 -1 -1 -1 -1000 -1000 -1000 -10 1
36 8 Car -1 -1 -1 1091.47 183.44 1229.88 232.52 -1 -1 -1 -1000 -1000 -1000 -10 1
37 18 Car -1 -1 -1 960.41 182.61 1075.25 228.43 -1 -1 -1 -1000 -1000 -1000 -10 1
37 17 Car -1 -1 -1 1030.83 186.03 1158.77 228.03 -1 -1 -1 -1000 -1000 -1000 -10 1
37 8 Car -1 -1 -1 1090.80 183.53 1229.37 232.93 -1 -1 -1 -1000 -1000 -1000 -10 1
38 18 Car -1 -1 -1 946.47 186.43 1064.91 240.15 -1 -1 -1 -1000 -1000 -1000 -10 1
38 17 Car -1 -1 -1 1029.84 185.83 1160.05 228.45 -1 -1 -1 -1000 -1000 -1000 -10 1
38 8 Car -1 -1 -1 1091.25 183.33 1229.38 233.10 -1 -1 -1 -1000 -1000 -1000 -10 1
39 17 Car -1 -1 -1 1028.72 184.52 1160.70 229.47 -1 -1 -1 -1000 -1000 -1000 -10 1
39 8 Car -1 -1 -1 1091.52 183.06 1226.71 233.41 -1 -1 -1 -1000 -1000 -1000 -10 1
40 17 Car -1 -1 -1 1018.17 183.98 1162.98 238.21 -1 -1 -1 -1000 -1000 -1000 -10 1
40 8 Car -1 -1 -1 1091.51 183.79 1224.16 234.60 -1 -1 -1 -1000 -1000 -1000 -10 1
41 25 Car -1 -1 -1 586.23 169.59 641.32 250.78 -1 -1 -1 -1000 -1000 -1000 -10 1
41 17 Car -1 -1 -1 1019.41 181.59 1159.03 236.36 -1 -1 -1 -1000 -1000 -1000 -10 1
41 8 Car -1 -1 -1 1096.49 182.07 1226.06 232.40 -1 -1 -1 -1000 -1000 -1000 -10 1
42 25 Car -1 -1 -1 561.60 166.06 620.67 255.18 -1 -1 -1 -1000 -1000 -1000 -10 1
42 18 Car -1 -1 -1 955.00 184.05 1070.63 230.24 -1 -1 -1 -1000 -1000 -1000 -10 1
43 25 Car -1 -1 -1 559.49 163.51 614.04 253.19 -1 -1 -1 -1000 -1000 -1000 -10 1
43 18 Car -1 -1 -1 955.79 184.83 1071.10 228.25 -1 -1 -1 -1000 -1000 -1000 -10 1
44 25 Car -1 -1 -1 557.60 164.41 605.46 251.71 -1 -1 -1 -1000 -1000 -1000 -10 1
44 18 Car -1 -1 -1 954.58 185.98 1069.55 228.02 -1 -1 -1 -1000 -1000 -1000 -10 1
45 31 Car -1 -1 -1 1095.83 182.91 1229.08 234.55 -1 -1 -1 -1000 -1000 -1000 -10 1
45 30 Car -1 -1 -1 1032.16 186.86 1158.85 227.59 -1 -1 -1 -1000 -1000 -1000 -10 1
45 18 Car -1 -1 -1 958.18 182.95 1071.11 227.61 -1 -1 -1 -1000 -1000 -1000 -10 1
46 31 Car -1 -1 -1 1091.73 182.50 1228.83 233.59 -1 -1 -1 -1000 -1000 -1000 -10 1
46 30 Car -1 -1 -1 1031.83 186.64 1159.44 227.57 -1 -1 -1 -1000 -1000 -1000 -10 1
46 18 Car -1 -1 -1 959.21 181.89 1070.67 228.01 -1 -1 -1 -1000 -1000 -1000 -10 1
47 31 Car -1 -1 -1 1091.53 182.93 1229.10 232.93 -1 -1 -1 -1000 -1000 -1000 -10 1
47 30 Car -1 -1 -1 1031.54 186.57 1159.25 227.49 -1 -1 -1 -1000 -1000 -1000 -10 1
47 18 Car -1 -1 -1 959.68 181.42 1070.27 228.36 -1 -1 -1 -1000 -1000 -1000 -10 1
48 31 Car -1 -1 -1 1091.76 183.17 1229.49 232.66 -1 -1 -1 -1000 -1000 -1000 -10 1
48 30 Car -1 -1 -1 1031.47 186.55 1159.39 227.48 -1 -1 -1 -1000 -1000 -1000 -10 1
48 18 Car -1 -1 -1 960.03 181.31 1069.96 228.62 -1 -1 -1 -1000 -1000 -1000 -10 1
49 31 Car -1 -1 -1 1091.74 183.32 1229.40 232.48 -1 -1 -1 -1000 -1000 -1000 -10 1
49 30 Car -1 -1 -1 1031.53 186.55 1159.44 227.47 -1 -1 -1 -1000 -1000 -1000 -10 1
49 18 Car -1 -1 -1 960.29 181.18 1069.70 228.60 -1 -1 -1 -1000 -1000 -1000 -10 1
50 31 Car -1 -1 -1 1091.80 183.42 1229.68 232.46 -1 -1 -1 -1000 -1000 -1000 -10 1
50 30 Car -1 -1 -1 1031.63 186.55 1159.66 227.42 -1 -1 -1 -1000 -1000 -1000 -10 1
50 18 Car -1 -1 -1 960.32 181.18 1070.02 228.59 -1 -1 -1 -1000 -1000 -1000 -10 1
51 31 Car -1 -1 -1 1091.71 183.48 1229.69 232.50 -1 -1 -1 -1000 -1000 -1000 -10 1
51 30 Car -1 -1 -1 1031.56 186.60 1159.59 227.47 -1 -1 -1 -1000 -1000 -1000 -10 1
51 18 Car -1 -1 -1 960.29 181.27 1070.09 228.76 -1 -1 -1 -1000 -1000 -1000 -10 1
52 37 Car -1 -1 -1 618.75 163.96 658.93 252.78 -1 -1 -1 -1000 -1000 -1000 -10 1
52 31 Car -1 -1 -1 1091.76 183.48 1229.77 232.54 -1 -1 -1 -1000 -1000 -1000 -10 1
52 30 Car -1 -1 -1 1031.59 186.60 1159.60 227.44 -1 -1 -1 -1000 -1000 -1000 -10 1
52 18 Car -1 -1 -1 960.36 181.18 1070.02 228.68 -1 -1 -1 -1000 -1000 -1000 -10 1
53 37 Car -1 -1 -1 609.91 162.23 647.07 249.52 -1 -1 -1 -1000 -1000 -1000 -10 1
53 31 Car -1 -1 -1 1091.67 183.44 1229.80 232.39 -1 -1 -1 -1000 -1000 -1000 -10 1
53 30 Car -1 -1 -1 1031.60 186.62 1159.69 227.40 -1 -1 -1 -1000 -1000 -1000 -10 1
53 18 Car -1 -1 -1 960.34 181.22 1070.03 228.64 -1 -1 -1 -1000 -1000 -1000 -10 1
54 37 Car -1 -1 -1 601.34 160.66 639.26 250.53 -1 -1 -1 -1000 -1000 -1000 -10 1
54 31 Car -1 -1 -1 1091.62 183.48 1229.94 232.35 -1 -1 -1 -1000 -1000 -1000 -10 1
54 30 Car -1 -1 -1 1031.71 186.58 1159.55 227.43 -1 -1 -1 -1000 -1000 -1000 -10 1
54 18 Car -1 -1 -1 960.47 181.09 1069.88 228.48 -1 -1 -1 -1000 -1000 -1000 -10 1
55 41 Car -1 -1 -1 77.33 168.79 307.03 368.91 -1 -1 -1 -1000 -1000 -1000 -10 1
55 31 Car -1 -1 -1 1091.90 183.53 1230.10 232.37 -1 -1 -1 -1000 -1000 -1000 -10 1
55 30 Car -1 -1 -1 1031.73 186.60 1159.49 227.46 -1 -1 -1 -1000 -1000 -1000 -10 1
55 18 Car -1 -1 -1 960.63 181.04 1069.77 228.33 -1 -1 -1 -1000 -1000 -1000 -10 1
56 31 Car -1 -1 -1 1091.83 183.62 1229.97 232.38 -1 -1 -1 -1000 -1000 -1000 -10 1
56 30 Car -1 -1 -1 1031.63 186.64 1159.29 227.51 -1 -1 -1 -1000 -1000 -1000 -10 1
56 18 Car -1 -1 -1 960.51 181.17 1070.02 228.40 -1 -1 -1 -1000 -1000 -1000 -10 1
57 31 Car -1 -1 -1 1091.81 183.65 1229.88 232.44 -1 -1 -1 -1000 -1000 -1000 -10 1
57 30 Car -1 -1 -1 1031.86 186.67 1159.62 227.48 -1 -1 -1 -1000 -1000 -1000 -10 1
57 18 Car -1 -1 -1 960.27 181.19 1069.75 228.54 -1 -1 -1 -1000 -1000 -1000 -10 1
58 44 Car -1 -1 -1 548.72 167.77 588.10 198.55 -1 -1 -1 -1000 -1000 -1000 -10 1
58 31 Car -1 -1 -1 1091.80 183.58 1229.82 232.32 -1 -1 -1 -1000 -1000 -1000 -10 1
58 30 Car -1 -1 -1 1031.89 186.72 1159.50 227.46 -1 -1 -1 -1000 -1000 -1000 -10 1
58 18 Car -1 -1 -1 960.99 181.12 1069.29 228.46 -1 -1 -1 -1000 -1000 -1000 -10 1
59 45 Car -1 -1 -1 571.04 173.68 614.62 226.36 -1 -1 -1 -1000 -1000 -1000 -10 1
59 31 Car -1 -1 -1 1091.96 183.57 1229.74 232.37 -1 -1 -1 -1000 -1000 -1000 -10 1
59 30 Car -1 -1 -1 1031.79 186.68 1159.45 227.42 -1 -1 -1 -1000 -1000 -1000 -10 1
59 18 Car -1 -1 -1 960.97 181.12 1069.17 228.38 -1 -1 -1 -1000 -1000 -1000 -10 1
60 31 Car -1 -1 -1 1091.91 183.62 1229.66 232.41 -1 -1 -1 -1000 -1000 -1000 -10 1
60 30 Car -1 -1 -1 1031.91 186.69 1159.63 227.40 -1 -1 -1 -1000 -1000 -1000 -10 1
60 18 Car -1 -1 -1 961.03 181.21 1069.38 228.44 -1 -1 -1 -1000 -1000 -1000 -10 1
61 31 Car -1 -1 -1 1092.02 183.61 1229.75 232.45 -1 -1 -1 -1000 -1000 -1000 -10 1
61 30 Car -1 -1 -1 1031.70 186.65 1159.49 227.42 -1 -1 -1 -1000 -1000 -1000 -10 1
61 18 Car -1 -1 -1 960.79 181.08 1069.55 228.34 -1 -1 -1 -1000 -1000 -1000 -10 1
62 49 Car -1 -1 -1 602.66 172.10 636.21 203.27 -1 -1 -1 -1000 -1000 -1000 -10 1
62 31 Car -1 -1 -1 1092.06 183.59 1229.75 232.39 -1 -1 -1 -1000 -1000 -1000 -10 1
62 30 Car -1 -1 -1 1031.89 186.67 1159.65 227.35 -1 -1 -1 -1000 -1000 -1000 -10 1
62 18 Car -1 -1 -1 960.66 180.92 1069.44 228.16 -1 -1 -1 -1000 -1000 -1000 -10 1
63 49 Car -1 -1 -1 603.75 171.60 637.96 202.25 -1 -1 -1 -1000 -1000 -1000 -10 1
63 31 Car -1 -1 -1 1092.00 183.62 1229.63 232.44 -1 -1 -1 -1000 -1000 -1000 -10 1
63 30 Car -1 -1 -1 1031.88 186.72 1159.60 227.37 -1 -1 -1 -1000 -1000 -1000 -10 1
63 18 Car -1 -1 -1 960.62 181.01 1069.73 228.29 -1 -1 -1 -1000 -1000 -1000 -10 1
64 49 Car -1 -1 -1 601.56 171.77 637.36 202.69 -1 -1 -1 -1000 -1000 -1000 -10 1
64 31 Car -1 -1 -1 1092.28 183.66 1229.73 232.49 -1 -1 -1 -1000 -1000 -1000 -10 1
64 30 Car -1 -1 -1 1031.84 186.73 1159.63 227.37 -1 -1 -1 -1000 -1000 -1000 -10 1
64 18 Car -1 -1 -1 960.50 181.28 1069.74 228.52 -1 -1 -1 -1000 -1000 -1000 -10 1
65 49 Car -1 -1 -1 604.26 171.19 640.96 201.87 -1 -1 -1 -1000 -1000 -1000 -10 1
65 31 Car -1 -1 -1 1092.45 183.63 1229.69 232.47 -1 -1 -1 -1000 -1000 -1000 -10 1
65 30 Car -1 -1 -1 1031.88 186.70 1159.59 227.33 -1 -1 -1 -1000 -1000 -1000 -10 1
65 18 Car -1 -1 -1 960.34 181.30 1069.72 228.47 -1 -1 -1 -1000 -1000 -1000 -10 1
66 54 Car -1 -1 -1 562.89 166.81 593.55 187.76 -1 -1 -1 -1000 -1000 -1000 -10 1
66 49 Car -1 -1 -1 603.45 172.06 641.02 202.85 -1 -1 -1 -1000 -1000 -1000 -10 1
66 31 Car -1 -1 -1 1092.15 183.55 1229.53 232.37 -1 -1 -1 -1000 -1000 -1000 -10 1
66 30 Car -1 -1 -1 1031.52 186.70 1159.15 227.41 -1 -1 -1 -1000 -1000 -1000 -10 1
66 18 Car -1 -1 -1 960.27 181.23 1069.83 228.37 -1 -1 -1 -1000 -1000 -1000 -10 1
67 49 Car -1 -1 -1 604.12 172.41 641.13 202.70 -1 -1 -1 -1000 -1000 -1000 -10 1
67 31 Car -1 -1 -1 1091.98 183.60 1229.69 232.44 -1 -1 -1 -1000 -1000 -1000 -10 1
67 30 Car -1 -1 -1 1031.71 186.72 1159.48 227.36 -1 -1 -1 -1000 -1000 -1000 -10 1
67 18 Car -1 -1 -1 960.06 181.24 1070.34 228.42 -1 -1 -1 -1000 -1000 -1000 -10 1
68 55 Car -1 -1 -1 311.89 167.38 383.05 223.58 -1 -1 -1 -1000 -1000 -1000 -10 1
68 49 Car -1 -1 -1 604.42 172.77 640.94 202.55 -1 -1 -1 -1000 -1000 -1000 -10 1
68 31 Car -1 -1 -1 1092.00 183.64 1229.71 232.40 -1 -1 -1 -1000 -1000 -1000 -10 1
68 30 Car -1 -1 -1 1031.80 186.73 1159.64 227.39 -1 -1 -1 -1000 -1000 -1000 -10 1
68 18 Car -1 -1 -1 959.95 181.32 1070.42 228.53 -1 -1 -1 -1000 -1000 -1000 -10 1
69 55 Car -1 -1 -1 310.93 167.48 380.60 222.74 -1 -1 -1 -1000 -1000 -1000 -10 1
69 49 Car -1 -1 -1 604.35 172.14 640.94 201.80 -1 -1 -1 -1000 -1000 -1000 -10 1
69 31 Car -1 -1 -1 1092.02 183.56 1229.62 232.30 -1 -1 -1 -1000 -1000 -1000 -10 1
69 30 Car -1 -1 -1 1031.88 186.72 1159.79 227.41 -1 -1 -1 -1000 -1000 -1000 -10 1
69 18 Car -1 -1 -1 960.10 181.14 1070.20 228.35 -1 -1 -1 -1000 -1000 -1000 -10 1
70 49 Car -1 -1 -1 603.73 171.98 640.78 201.55 -1 -1 -1 -1000 -1000 -1000 -10 1
70 31 Car -1 -1 -1 1092.15 183.67 1229.79 232.42 -1 -1 -1 -1000 -1000 -1000 -10 1
70 30 Car -1 -1 -1 1031.95 186.76 1159.94 227.40 -1 -1 -1 -1000 -1000 -1000 -10 1
70 18 Car -1 -1 -1 958.77 182.39 1069.87 227.97 -1 -1 -1 -1000 -1000 -1000 -10 1
71 49 Car -1 -1 -1 600.47 172.47 638.03 202.68 -1 -1 -1 -1000 -1000 -1000 -10 1
71 31 Car -1 -1 -1 1091.92 183.67 1229.64 232.52 -1 -1 -1 -1000 -1000 -1000 -10 1
71 30 Car -1 -1 -1 1031.63 186.73 1159.72 227.46 -1 -1 -1 -1000 -1000 -1000 -10 1
71 18 Car -1 -1 -1 956.94 184.08 1068.80 228.42 -1 -1 -1 -1000 -1000 -1000 -10 1
72 49 Car -1 -1 -1 601.02 172.60 638.34 203.34 -1 -1 -1 -1000 -1000 -1000 -10 1
72 31 Car -1 -1 -1 1091.98 183.69 1229.44 232.51 -1 -1 -1 -1000 -1000 -1000 -10 1
72 30 Car -1 -1 -1 1031.74 186.69 1159.95 227.45 -1 -1 -1 -1000 -1000 -1000 -10 1
72 18 Car -1 -1 -1 959.18 182.17 1070.20 227.90 -1 -1 -1 -1000 -1000 -1000 -10 1
73 49 Car -1 -1 -1 600.43 172.67 637.25 203.59 -1 -1 -1 -1000 -1000 -1000 -10 1
73 31 Car -1 -1 -1 1092.13 183.61 1229.66 232.41 -1 -1 -1 -1000 -1000 -1000 -10 1
73 30 Car -1 -1 -1 1031.64 186.70 1159.77 227.47 -1 -1 -1 -1000 -1000 -1000 -10 1
73 18 Car -1 -1 -1 959.84 181.60 1070.12 228.09 -1 -1 -1 -1000 -1000 -1000 -10 1
74 49 Car -1 -1 -1 600.67 172.80 637.56 203.26 -1 -1 -1 -1000 -1000 -1000 -10 1
74 31 Car -1 -1 -1 1092.10 183.59 1229.50 232.45 -1 -1 -1 -1000 -1000 -1000 -10 1
74 30 Car -1 -1 -1 1031.50 186.60 1159.78 227.46 -1 -1 -1 -1000 -1000 -1000 -10 1
74 18 Car -1 -1 -1 960.24 181.39 1070.19 228.22 -1 -1 -1 -1000 -1000 -1000 -10 1
75 49 Car -1 -1 -1 599.91 172.70 637.40 202.71 -1 -1 -1 -1000 -1000 -1000 -10 1
75 31 Car -1 -1 -1 1092.13 183.59 1229.77 232.48 -1 -1 -1 -1000 -1000 -1000 -10 1
75 30 Car -1 -1 -1 1031.44 186.67 1159.71 227.49 -1 -1 -1 -1000 -1000 -1000 -10 1
75 18 Car -1 -1 -1 960.04 181.25 1070.18 228.32 -1 -1 -1 -1000 -1000 -1000 -10 1
76 49 Car -1 -1 -1 600.01 172.55 638.39 202.29 -1 -1 -1 -1000 -1000 -1000 -10 1
76 31 Car -1 -1 -1 1092.20 183.64 1229.77 232.53 -1 -1 -1 -1000 -1000 -1000 -10 1
76 30 Car -1 -1 -1 1031.36 186.64 1159.76 227.56 -1 -1 -1 -1000 -1000 -1000 -10 1
76 18 Car -1 -1 -1 959.93 181.21 1070.23 228.35 -1 -1 -1 -1000 -1000 -1000 -10 1
77 49 Car -1 -1 -1 599.94 172.48 638.52 202.19 -1 -1 -1 -1000 -1000 -1000 -10 1
77 31 Car -1 -1 -1 1092.22 183.60 1229.70 232.38 -1 -1 -1 -1000 -1000 -1000 -10 1
77 30 Car -1 -1 -1 1031.44 186.59 1159.81 227.45 -1 -1 -1 -1000 -1000 -1000 -10 1
77 18 Car -1 -1 -1 959.91 181.25 1070.10 228.31 -1 -1 -1 -1000 -1000 -1000 -10 1
78 49 Car -1 -1 -1 599.54 172.41 638.25 201.94 -1 -1 -1 -1000 -1000 -1000 -10 1
78 31 Car -1 -1 -1 1091.95 183.56 1229.61 232.31 -1 -1 -1 -1000 -1000 -1000 -10 1
78 30 Car -1 -1 -1 1031.69 186.64 1159.95 227.41 -1 -1 -1 -1000 -1000 -1000 -10 1
78 18 Car -1 -1 -1 960.31 181.25 1069.90 228.24 -1 -1 -1 -1000 -1000 -1000 -10 1
79 49 Car -1 -1 -1 598.74 172.25 637.65 201.76 -1 -1 -1 -1000 -1000 -1000 -10 1
79 31 Car -1 -1 -1 1092.07 183.58 1229.69 232.35 -1 -1 -1 -1000 -1000 -1000 -10 1
79 30 Car -1 -1 -1 1031.39 186.57 1159.60 227.42 -1 -1 -1 -1000 -1000 -1000 -10 1
79 18 Car -1 -1 -1 960.35 181.25 1069.89 228.25 -1 -1 -1 -1000 -1000 -1000 -10 1
80 49 Car -1 -1 -1 598.22 172.06 637.31 201.62 -1 -1 -1 -1000 -1000 -1000 -10 1
80 31 Car -1 -1 -1 1092.17 183.61 1229.69 232.32 -1 -1 -1 -1000 -1000 -1000 -10 1
80 30 Car -1 -1 -1 1031.45 186.58 1159.56 227.42 -1 -1 -1 -1000 -1000 -1000 -10 1
80 18 Car -1 -1 -1 960.15 181.35 1069.94 228.36 -1 -1 -1 -1000 -1000 -1000 -10 1
81 49 Car -1 -1 -1 597.99 172.01 637.31 201.33 -1 -1 -1 -1000 -1000 -1000 -10 1
81 31 Car -1 -1 -1 1092.08 183.60 1229.68 232.35 -1 -1 -1 -1000 -1000 -1000 -10 1
81 30 Car -1 -1 -1 1031.42 186.58 1159.60 227.51 -1 -1 -1 -1000 -1000 -1000 -10 1
81 18 Car -1 -1 -1 960.22 181.37 1069.97 228.46 -1 -1 -1 -1000 -1000 -1000 -10 1
82 49 Car -1 -1 -1 597.85 172.20 637.03 201.46 -1 -1 -1 -1000 -1000 -1000 -10 1
82 31 Car -1 -1 -1 1091.76 183.60 1229.57 232.26 -1 -1 -1 -1000 -1000 -1000 -10 1
82 30 Car -1 -1 -1 1031.51 186.59 1159.48 227.52 -1 -1 -1 -1000 -1000 -1000 -10 1
82 18 Car -1 -1 -1 960.55 181.14 1069.67 228.19 -1 -1 -1 -1000 -1000 -1000 -10 1
83 49 Car -1 -1 -1 597.79 172.30 637.00 201.54 -1 -1 -1 -1000 -1000 -1000 -10 1
83 31 Car -1 -1 -1 1091.84 183.65 1229.66 232.32 -1 -1 -1 -1000 -1000 -1000 -10 1
83 30 Car -1 -1 -1 1031.80 186.63 1159.84 227.49 -1 -1 -1 -1000 -1000 -1000 -10 1
83 18 Car -1 -1 -1 960.79 181.12 1069.50 228.20 -1 -1 -1 -1000 -1000 -1000 -10 1
84 49 Car -1 -1 -1 597.91 172.44 637.04 201.63 -1 -1 -1 -1000 -1000 -1000 -10 1
84 31 Car -1 -1 -1 1091.81 183.66 1229.50 232.42 -1 -1 -1 -1000 -1000 -1000 -10 1
84 30 Car -1 -1 -1 1031.57 186.68 1159.73 227.49 -1 -1 -1 -1000 -1000 -1000 -10 1
84 18 Car -1 -1 -1 960.58 181.40 1069.78 228.62 -1 -1 -1 -1000 -1000 -1000 -10 1
85 49 Car -1 -1 -1 597.96 172.56 636.88 201.71 -1 -1 -1 -1000 -1000 -1000 -10 1
85 31 Car -1 -1 -1 1091.67 183.64 1229.57 232.47 -1 -1 -1 -1000 -1000 -1000 -10 1
85 30 Car -1 -1 -1 1031.55 186.63 1159.91 227.48 -1 -1 -1 -1000 -1000 -1000 -10 1
85 18 Car -1 -1 -1 960.45 181.24 1069.82 228.47 -1 -1 -1 -1000 -1000 -1000 -10 1
86 49 Car -1 -1 -1 598.09 172.52 637.36 201.89 -1 -1 -1 -1000 -1000 -1000 -10 1
86 31 Car -1 -1 -1 1091.68 183.64 1229.61 232.43 -1 -1 -1 -1000 -1000 -1000 -10 1
86 30 Car -1 -1 -1 1031.33 186.52 1159.94 227.47 -1 -1 -1 -1000 -1000 -1000 -10 1
86 18 Car -1 -1 -1 960.58 181.03 1069.99 228.35 -1 -1 -1 -1000 -1000 -1000 -10 1
87 49 Car -1 -1 -1 597.47 172.47 637.09 202.12 -1 -1 -1 -1000 -1000 -1000 -10 1
87 31 Car -1 -1 -1 1091.75 183.62 1229.64 232.40 -1 -1 -1 -1000 -1000 -1000 -10 1
87 30 Car -1 -1 -1 1031.34 186.57 1159.82 227.58 -1 -1 -1 -1000 -1000 -1000 -10 1
87 18 Car -1 -1 -1 960.67 181.04 1069.73 228.39 -1 -1 -1 -1000 -1000 -1000 -10 1
88 49 Car -1 -1 -1 597.10 172.46 636.99 202.16 -1 -1 -1 -1000 -1000 -1000 -10 1
88 31 Car -1 -1 -1 1091.73 183.58 1229.59 232.27 -1 -1 -1 -1000 -1000 -1000 -10 1
88 30 Car -1 -1 -1 1031.19 186.52 1159.55 227.50 -1 -1 -1 -1000 -1000 -1000 -10 1
88 18 Car -1 -1 -1 961.02 181.06 1069.29 228.16 -1 -1 -1 -1000 -1000 -1000 -10 1
89 49 Car -1 -1 -1 597.20 172.42 636.91 202.10 -1 -1 -1 -1000 -1000 -1000 -10 1
89 31 Car -1 -1 -1 1091.80 183.62 1229.64 232.29 -1 -1 -1 -1000 -1000 -1000 -10 1
89 30 Car -1 -1 -1 1031.27 186.60 1159.38 227.49 -1 -1 -1 -1000 -1000 -1000 -10 1
89 18 Car -1 -1 -1 960.77 181.51 1069.59 228.65 -1 -1 -1 -1000 -1000 -1000 -10 1
90 49 Car -1 -1 -1 597.92 172.30 637.33 201.84 -1 -1 -1 -1000 -1000 -1000 -10 1
90 31 Car -1 -1 -1 1092.03 183.60 1229.67 232.26 -1 -1 -1 -1000 -1000 -1000 -10 1
90 30 Car -1 -1 -1 1031.46 186.65 1159.46 227.47 -1 -1 -1 -1000 -1000 -1000 -10 1
90 18 Car -1 -1 -1 960.39 181.54 1069.56 228.62 -1 -1 -1 -1000 -1000 -1000 -10 1
91 49 Car -1 -1 -1 599.85 172.46 638.57 201.71 -1 -1 -1 -1000 -1000 -1000 -10 1
91 31 Car -1 -1 -1 1091.88 183.58 1229.71 232.29 -1 -1 -1 -1000 -1000 -1000 -10 1
91 30 Car -1 -1 -1 1031.47 186.57 1159.47 227.42 -1 -1 -1 -1000 -1000 -1000 -10 1
91 18 Car -1 -1 -1 960.57 181.43 1069.65 228.49 -1 -1 -1 -1000 -1000 -1000 -10 1
92 49 Car -1 -1 -1 599.67 172.48 637.71 201.62 -1 -1 -1 -1000 -1000 -1000 -10 1
92 31 Car -1 -1 -1 1091.91 183.64 1229.69 232.43 -1 -1 -1 -1000 -1000 -1000 -10 1
92 30 Car -1 -1 -1 1031.59 186.66 1159.70 227.53 -1 -1 -1 -1000 -1000 -1000 -10 1
92 18 Car -1 -1 -1 960.37 181.35 1069.72 228.43 -1 -1 -1 -1000 -1000 -1000 -10 1
93 49 Car -1 -1 -1 600.49 172.54 638.23 201.77 -1 -1 -1 -1000 -1000 -1000 -10 1
93 31 Car -1 -1 -1 1091.92 183.59 1229.68 232.38 -1 -1 -1 -1000 -1000 -1000 -10 1
93 30 Car -1 -1 -1 1031.55 186.66 1159.72 227.56 -1 -1 -1 -1000 -1000 -1000 -10 1
93 18 Car -1 -1 -1 960.44 181.45 1069.74 228.70 -1 -1 -1 -1000 -1000 -1000 -10 1
94 49 Car -1 -1 -1 600.54 172.56 638.13 201.90 -1 -1 -1 -1000 -1000 -1000 -10 1
94 31 Car -1 -1 -1 1092.01 183.58 1229.68 232.38 -1 -1 -1 -1000 -1000 -1000 -10 1
94 30 Car -1 -1 -1 1031.51 186.60 1159.84 227.63 -1 -1 -1 -1000 -1000 -1000 -10 1
94 18 Car -1 -1 -1 960.49 181.34 1069.81 228.52 -1 -1 -1 -1000 -1000 -1000 -10 1
95 49 Car -1 -1 -1 600.18 172.55 637.92 201.98 -1 -1 -1 -1000 -1000 -1000 -10 1
95 31 Car -1 -1 -1 1092.14 183.61 1229.67 232.38 -1 -1 -1 -1000 -1000 -1000 -10 1
95 30 Car -1 -1 -1 1031.51 186.53 1159.96 227.52 -1 -1 -1 -1000 -1000 -1000 -10 1
95 18 Car -1 -1 -1 960.33 181.10 1070.20 228.39 -1 -1 -1 -1000 -1000 -1000 -10 1
96 49 Car -1 -1 -1 600.40 172.39 638.14 202.04 -1 -1 -1 -1000 -1000 -1000 -10 1
96 31 Car -1 -1 -1 1091.99 183.60 1229.66 232.43 -1 -1 -1 -1000 -1000 -1000 -10 1
96 30 Car -1 -1 -1 1031.43 186.57 1159.98 227.60 -1 -1 -1 -1000 -1000 -1000 -10 1
96 18 Car -1 -1 -1 959.96 181.06 1070.28 228.49 -1 -1 -1 -1000 -1000 -1000 -10 1
97 49 Car -1 -1 -1 600.60 172.30 638.33 202.09 -1 -1 -1 -1000 -1000 -1000 -10 1
97 31 Car -1 -1 -1 1091.89 183.56 1229.69 232.41 -1 -1 -1 -1000 -1000 -1000 -10 1
97 30 Car -1 -1 -1 1031.44 186.59 1159.77 227.46 -1 -1 -1 -1000 -1000 -1000 -10 1
97 18 Car -1 -1 -1 959.82 180.94 1070.28 228.22 -1 -1 -1 -1000 -1000 -1000 -10 1
98 49 Car -1 -1 -1 601.04 172.06 638.87 202.03 -1 -1 -1 -1000 -1000 -1000 -10 1
98 31 Car -1 -1 -1 1091.91 183.61 1229.55 232.48 -1 -1 -1 -1000 -1000 -1000 -10 1
98 30 Car -1 -1 -1 1031.46 186.54 1159.80 227.53 -1 -1 -1 -1000 -1000 -1000 -10 1
98 18 Car -1 -1 -1 959.74 181.05 1070.36 228.42 -1 -1 -1 -1000 -1000 -1000 -10 1
99 49 Car -1 -1 -1 601.78 172.27 639.68 202.44 -1 -1 -1 -1000 -1000 -1000 -10 1
99 31 Car -1 -1 -1 1092.01 183.64 1229.79 232.61 -1 -1 -1 -1000 -1000 -1000 -10 1
99 30 Car -1 -1 -1 1031.57 186.53 1160.07 227.52 -1 -1 -1 -1000 -1000 -1000 -10 1
99 18 Car -1 -1 -1 959.71 180.98 1070.61 228.49 -1 -1 -1 -1000 -1000 -1000 -10 1
100 49 Car -1 -1 -1 601.49 172.06 639.46 202.25 -1 -1 -1 -1000 -1000 -1000 -10 1
100 31 Car -1 -1 -1 1091.86 183.64 1229.76 232.54 -1 -1 -1 -1000 -1000 -1000 -10 1
100 30 Car -1 -1 -1 1031.63 186.66 1160.13 227.53 -1 -1 -1 -1000 -1000 -1000 -10 1
100 18 Car -1 -1 -1 959.78 181.06 1070.39 228.61 -1 -1 -1 -1000 -1000 -1000 -10 1
101 49 Car -1 -1 -1 602.04 171.89 639.39 201.64 -1 -1 -1 -1000 -1000 -1000 -10 1
101 31 Car -1 -1 -1 1091.77 183.58 1229.82 232.49 -1 -1 -1 -1000 -1000 -1000 -10 1
101 30 Car -1 -1 -1 1031.50 186.66 1160.00 227.49 -1 -1 -1 -1000 -1000 -1000 -10 1
101 18 Car -1 -1 -1 958.50 182.30 1070.03 228.09 -1 -1 -1 -1000 -1000 -1000 -10 1
102 49 Car -1 -1 -1 601.88 171.82 638.72 201.13 -1 -1 -1 -1000 -1000 -1000 -10 1
102 31 Car -1 -1 -1 1091.98 183.73 1229.89 232.70 -1 -1 -1 -1000 -1000 -1000 -10 1
102 30 Car -1 -1 -1 1031.52 186.74 1160.00 227.47 -1 -1 -1 -1000 -1000 -1000 -10 1
102 18 Car -1 -1 -1 959.26 181.51 1070.22 228.10 -1 -1 -1 -1000 -1000 -1000 -10 1
103 49 Car -1 -1 -1 598.21 171.70 636.74 200.69 -1 -1 -1 -1000 -1000 -1000 -10 1
103 31 Car -1 -1 -1 1091.94 183.70 1229.89 232.60 -1 -1 -1 -1000 -1000 -1000 -10 1
103 30 Car -1 -1 -1 1031.69 186.78 1160.00 227.40 -1 -1 -1 -1000 -1000 -1000 -10 1
103 18 Car -1 -1 -1 959.55 181.21 1069.96 228.23 -1 -1 -1 -1000 -1000 -1000 -10 1
104 49 Car -1 -1 -1 597.43 171.81 636.63 200.62 -1 -1 -1 -1000 -1000 -1000 -10 1
104 31 Car -1 -1 -1 1091.99 183.75 1229.87 232.59 -1 -1 -1 -1000 -1000 -1000 -10 1
104 30 Car -1 -1 -1 1031.38 186.76 1159.43 227.41 -1 -1 -1 -1000 -1000 -1000 -10 1
104 18 Car -1 -1 -1 959.91 181.05 1070.10 228.25 -1 -1 -1 -1000 -1000 -1000 -10 1
105 49 Car -1 -1 -1 596.83 171.73 636.57 200.38 -1 -1 -1 -1000 -1000 -1000 -10 1
105 31 Car -1 -1 -1 1091.77 183.75 1229.76 232.58 -1 -1 -1 -1000 -1000 -1000 -10 1
105 30 Car -1 -1 -1 1031.46 186.72 1159.63 227.49 -1 -1 -1 -1000 -1000 -1000 -10 1
105 18 Car -1 -1 -1 959.67 181.00 1069.81 228.53 -1 -1 -1 -1000 -1000 -1000 -10 1
106 49 Car -1 -1 -1 596.86 171.66 636.66 200.23 -1 -1 -1 -1000 -1000 -1000 -10 1
106 31 Car -1 -1 -1 1091.95 183.76 1229.93 232.72 -1 -1 -1 -1000 -1000 -1000 -10 1
106 30 Car -1 -1 -1 1031.31 186.63 1159.95 227.57 -1 -1 -1 -1000 -1000 -1000 -10 1
106 18 Car -1 -1 -1 956.80 183.79 1068.99 228.83 -1 -1 -1 -1000 -1000 -1000 -10 1
107 49 Car -1 -1 -1 597.53 171.85 636.54 200.33 -1 -1 -1 -1000 -1000 -1000 -10 1
107 31 Car -1 -1 -1 1091.88 183.76 1229.83 232.75 -1 -1 -1 -1000 -1000 -1000 -10 1
107 30 Car -1 -1 -1 1031.41 186.68 1160.00 227.62 -1 -1 -1 -1000 -1000 -1000 -10 1
107 18 Car -1 -1 -1 955.92 184.72 1069.27 228.62 -1 -1 -1 -1000 -1000 -1000 -10 1
108 49 Car -1 -1 -1 597.32 171.70 636.27 200.26 -1 -1 -1 -1000 -1000 -1000 -10 1
108 31 Car -1 -1 -1 1091.80 183.70 1229.68 232.62 -1 -1 -1 -1000 -1000 -1000 -10 1
108 30 Car -1 -1 -1 1031.34 186.63 1159.90 227.54 -1 -1 -1 -1000 -1000 -1000 -10 1
108 18 Car -1 -1 -1 957.21 183.88 1070.32 227.79 -1 -1 -1 -1000 -1000 -1000 -10 1
109 49 Car -1 -1 -1 597.25 171.76 635.95 200.25 -1 -1 -1 -1000 -1000 -1000 -10 1
109 31 Car -1 -1 -1 1091.91 183.73 1229.80 232.68 -1 -1 -1 -1000 -1000 -1000 -10 1
109 30 Car -1 -1 -1 1031.37 186.63 1159.76 227.57 -1 -1 -1 -1000 -1000 -1000 -10 1
109 18 Car -1 -1 -1 958.89 182.18 1070.92 227.86 -1 -1 -1 -1000 -1000 -1000 -10 1
110 49 Car -1 -1 -1 597.20 171.73 635.39 200.11 -1 -1 -1 -1000 -1000 -1000 -10 1
110 31 Car -1 -1 -1 1091.96 183.68 1229.67 232.55 -1 -1 -1 -1000 -1000 -1000 -10 1
110 30 Car -1 -1 -1 1031.33 186.65 1159.57 227.50 -1 -1 -1 -1000 -1000 -1000 -10 1
110 18 Car -1 -1 -1 955.49 185.44 1068.86 228.16 -1 -1 -1 -1000 -1000 -1000 -10 1
111 49 Car -1 -1 -1 600.18 172.64 636.70 201.37 -1 -1 -1 -1000 -1000 -1000 -10 1
111 31 Car -1 -1 -1 1091.86 183.66 1229.66 232.51 -1 -1 -1 -1000 -1000 -1000 -10 1
111 30 Car -1 -1 -1 1031.47 186.69 1159.91 227.52 -1 -1 -1 -1000 -1000 -1000 -10 1
111 18 Car -1 -1 -1 958.32 182.74 1070.60 227.65 -1 -1 -1 -1000 -1000 -1000 -10 1
112 49 Car -1 -1 -1 600.94 172.66 636.67 201.69 -1 -1 -1 -1000 -1000 -1000 -10 1
112 31 Car -1 -1 -1 1091.65 183.64 1229.66 232.45 -1 -1 -1 -1000 -1000 -1000 -10 1
112 30 Car -1 -1 -1 1031.58 186.78 1159.86 227.46 -1 -1 -1 -1000 -1000 -1000 -10 1
112 18 Car -1 -1 -1 959.17 181.66 1069.76 227.63 -1 -1 -1 -1000 -1000 -1000 -10 1
113 49 Car -1 -1 -1 600.91 172.56 635.88 201.59 -1 -1 -1 -1000 -1000 -1000 -10 1
113 31 Car -1 -1 -1 1091.57 183.68 1229.57 232.42 -1 -1 -1 -1000 -1000 -1000 -10 1
113 30 Car -1 -1 -1 1031.66 186.84 1159.79 227.41 -1 -1 -1 -1000 -1000 -1000 -10 1
113 18 Car -1 -1 -1 956.04 185.45 1068.22 228.20 -1 -1 -1 -1000 -1000 -1000 -10 1
114 49 Car -1 -1 -1 601.38 172.64 635.64 201.60 -1 -1 -1 -1000 -1000 -1000 -10 1
114 31 Car -1 -1 -1 1092.06 183.77 1229.91 232.56 -1 -1 -1 -1000 -1000 -1000 -10 1
114 30 Car -1 -1 -1 1031.47 186.81 1159.91 227.44 -1 -1 -1 -1000 -1000 -1000 -10 1
114 18 Car -1 -1 -1 959.25 182.56 1069.93 227.55 -1 -1 -1 -1000 -1000 -1000 -10 1
115 31 Car -1 -1 -1 1091.94 183.66 1229.84 232.50 -1 -1 -1 -1000 -1000 -1000 -10 1
115 30 Car -1 -1 -1 1031.47 186.82 1159.71 227.32 -1 -1 -1 -1000 -1000 -1000 -10 1
115 18 Car -1 -1 -1 957.32 184.27 1068.41 228.11 -1 -1 -1 -1000 -1000 -1000 -10 1
116 31 Car -1 -1 -1 1091.98 183.75 1229.86 232.57 -1 -1 -1 -1000 -1000 -1000 -10 1
116 30 Car -1 -1 -1 1031.47 186.86 1159.85 227.41 -1 -1 -1 -1000 -1000 -1000 -10 1
116 18 Car -1 -1 -1 956.88 184.76 1068.38 228.11 -1 -1 -1 -1000 -1000 -1000 -10 1
117 31 Car -1 -1 -1 1091.77 183.72 1229.75 232.55 -1 -1 -1 -1000 -1000 -1000 -10 1
117 30 Car -1 -1 -1 1031.78 186.96 1159.90 227.27 -1 -1 -1 -1000 -1000 -1000 -10 1
117 18 Car -1 -1 -1 955.46 186.04 1068.30 227.66 -1 -1 -1 -1000 -1000 -1000 -10 1
118 57 Car -1 -1 -1 570.49 166.41 614.55 246.00 -1 -1 -1 -1000 -1000 -1000 -10 1
118 31 Car -1 -1 -1 1091.63 183.57 1229.68 232.44 -1 -1 -1 -1000 -1000 -1000 -10 1
118 30 Car -1 -1 -1 1031.68 186.91 1160.06 227.30 -1 -1 -1 -1000 -1000 -1000 -10 1
118 18 Car -1 -1 -1 957.41 184.23 1069.85 227.07 -1 -1 -1 -1000 -1000 -1000 -10 1
119 31 Car -1 -1 -1 1091.74 183.54 1229.86 232.38 -1 -1 -1 -1000 -1000 -1000 -10 1
119 30 Car -1 -1 -1 1031.78 186.92 1160.17 227.29 -1 -1 -1 -1000 -1000 -1000 -10 1
119 18 Car -1 -1 -1 957.76 183.58 1069.81 226.96 -1 -1 -1 -1000 -1000 -1000 -10 1
120 31 Car -1 -1 -1 1091.61 183.60 1229.71 232.35 -1 -1 -1 -1000 -1000 -1000 -10 1
120 30 Car -1 -1 -1 1031.57 186.97 1159.69 227.28 -1 -1 -1 -1000 -1000 -1000 -10 1
120 18 Car -1 -1 -1 956.64 184.72 1068.77 227.62 -1 -1 -1 -1000 -1000 -1000 -10 1
121 31 Car -1 -1 -1 1091.78 183.61 1229.73 232.36 -1 -1 -1 -1000 -1000 -1000 -10 1
121 30 Car -1 -1 -1 1031.75 186.94 1159.89 227.26 -1 -1 -1 -1000 -1000 -1000 -10 1
121 18 Car -1 -1 -1 956.78 184.87 1068.41 227.55 -1 -1 -1 -1000 -1000 -1000 -10 1
122 31 Car -1 -1 -1 1091.93 183.63 1229.72 232.44 -1 -1 -1 -1000 -1000 -1000 -10 1
122 30 Car -1 -1 -1 1031.59 186.85 1159.97 227.28 -1 -1 -1 -1000 -1000 -1000 -10 1
122 18 Car -1 -1 -1 959.13 182.55 1069.71 227.28 -1 -1 -1 -1000 -1000 -1000 -10 1
123 61 Car -1 -1 -1 593.79 162.89 639.64 245.00 -1 -1 -1 -1000 -1000 -1000 -10 1
123 31 Car -1 -1 -1 1091.79 183.59 1229.55 232.45 -1 -1 -1 -1000 -1000 -1000 -10 1
123 30 Car -1 -1 -1 1031.57 186.83 1159.93 227.29 -1 -1 -1 -1000 -1000 -1000 -10 1
123 18 Car -1 -1 -1 959.89 181.68 1069.65 227.63 -1 -1 -1 -1000 -1000 -1000 -10 1
124 61 Car -1 -1 -1 586.97 161.35 635.60 248.55 -1 -1 -1 -1000 -1000 -1000 -10 1
124 31 Car -1 -1 -1 1091.80 183.56 1229.67 232.45 -1 -1 -1 -1000 -1000 -1000 -10 1
124 30 Car -1 -1 -1 1031.46 186.76 1159.89 227.25 -1 -1 -1 -1000 -1000 -1000 -10 1
124 18 Car -1 -1 -1 960.02 181.16 1069.41 227.60 -1 -1 -1 -1000 -1000 -1000 -10 1
125 61 Car -1 -1 -1 606.35 162.78 651.98 248.59 -1 -1 -1 -1000 -1000 -1000 -10 1
125 31 Car -1 -1 -1 1091.70 183.66 1229.59 232.71 -1 -1 -1 -1000 -1000 -1000 -10 1
125 30 Car -1 -1 -1 1031.47 186.81 1160.17 227.33 -1 -1 -1 -1000 -1000 -1000 -10 1
125 18 Car -1 -1 -1 959.93 181.34 1069.35 228.54 -1 -1 -1 -1000 -1000 -1000 -10 1
126 61 Car -1 -1 -1 600.01 164.55 645.71 251.95 -1 -1 -1 -1000 -1000 -1000 -10 1
126 31 Car -1 -1 -1 1092.01 183.59 1229.60 232.71 -1 -1 -1 -1000 -1000 -1000 -10 1
126 30 Car -1 -1 -1 1031.53 186.80 1160.05 227.33 -1 -1 -1 -1000 -1000 -1000 -10 1
126 18 Car -1 -1 -1 958.81 182.20 1068.83 228.23 -1 -1 -1 -1000 -1000 -1000 -10 1
127 31 Car -1 -1 -1 1092.04 183.55 1229.67 232.63 -1 -1 -1 -1000 -1000 -1000 -10 1
127 30 Car -1 -1 -1 1031.65 186.79 1159.77 227.29 -1 -1 -1 -1000 -1000 -1000 -10 1
127 18 Car -1 -1 -1 960.24 181.11 1068.86 227.91 -1 -1 -1 -1000 -1000 -1000 -10 1
128 31 Car -1 -1 -1 1091.95 183.67 1229.65 232.67 -1 -1 -1 -1000 -1000 -1000 -10 1
128 30 Car -1 -1 -1 1031.70 186.70 1159.76 227.27 -1 -1 -1 -1000 -1000 -1000 -10 1
128 18 Car -1 -1 -1 957.90 183.44 1067.69 228.62 -1 -1 -1 -1000 -1000 -1000 -10 1
129 31 Car -1 -1 -1 1091.89 183.60 1229.74 232.59 -1 -1 -1 -1000 -1000 -1000 -10 1
129 30 Car -1 -1 -1 1031.69 186.75 1159.52 227.29 -1 -1 -1 -1000 -1000 -1000 -10 1
129 18 Car -1 -1 -1 959.97 181.58 1069.01 227.91 -1 -1 -1 -1000 -1000 -1000 -10 1
130 31 Car -1 -1 -1 1091.57 183.70 1229.59 232.75 -1 -1 -1 -1000 -1000 -1000 -10 1
130 30 Car -1 -1 -1 1031.71 186.76 1159.94 227.43 -1 -1 -1 -1000 -1000 -1000 -10 1
130 18 Car -1 -1 -1 957.44 183.49 1068.20 228.53 -1 -1 -1 -1000 -1000 -1000 -10 1
131 63 Car -1 -1 -1 611.37 160.93 660.05 261.07 -1 -1 -1 -1000 -1000 -1000 -10 1
131 31 Car -1 -1 -1 1091.68 183.62 1229.58 232.67 -1 -1 -1 -1000 -1000 -1000 -10 1
131 30 Car -1 -1 -1 1031.73 186.65 1160.01 227.40 -1 -1 -1 -1000 -1000 -1000 -10 1
131 18 Car -1 -1 -1 956.68 184.03 1068.32 228.43 -1 -1 -1 -1000 -1000 -1000 -10 1
132 63 Car -1 -1 -1 613.62 163.19 665.94 260.47 -1 -1 -1 -1000 -1000 -1000 -10 1
132 31 Car -1 -1 -1 1091.46 183.57 1229.42 232.66 -1 -1 -1 -1000 -1000 -1000 -10 1
132 30 Car -1 -1 -1 1031.35 186.58 1159.95 227.50 -1 -1 -1 -1000 -1000 -1000 -10 1
132 18 Car -1 -1 -1 955.22 185.44 1068.44 228.32 -1 -1 -1 -1000 -1000 -1000 -10 1
133 63 Car -1 -1 -1 619.13 162.85 672.86 267.98 -1 -1 -1 -1000 -1000 -1000 -10 1
133 31 Car -1 -1 -1 1091.64 183.59 1229.69 232.68 -1 -1 -1 -1000 -1000 -1000 -10 1
133 30 Car -1 -1 -1 1031.24 186.66 1159.79 227.55 -1 -1 -1 -1000 -1000 -1000 -10 1
133 18 Car -1 -1 -1 954.61 185.97 1068.91 228.05 -1 -1 -1 -1000 -1000 -1000 -10 1
134 31 Car -1 -1 -1 1091.51 183.64 1229.46 232.75 -1 -1 -1 -1000 -1000 -1000 -10 1
134 30 Car -1 -1 -1 1031.59 186.70 1160.05 227.54 -1 -1 -1 -1000 -1000 -1000 -10 1
134 18 Car -1 -1 -1 954.49 186.08 1069.01 227.91 -1 -1 -1 -1000 -1000 -1000 -10 1
135 31 Car -1 -1 -1 1091.87 183.65 1229.64 232.70 -1 -1 -1 -1000 -1000 -1000 -10 1
135 30 Car -1 -1 -1 1031.49 186.56 1159.96 227.52 -1 -1 -1 -1000 -1000 -1000 -10 1
135 18 Car -1 -1 -1 954.57 186.10 1068.91 227.88 -1 -1 -1 -1000 -1000 -1000 -10 1
136 31 Car -1 -1 -1 1091.86 183.65 1229.76 232.60 -1 -1 -1 -1000 -1000 -1000 -10 1
136 30 Car -1 -1 -1 1031.53 186.47 1159.86 227.51 -1 -1 -1 -1000 -1000 -1000 -10 1
136 18 Car -1 -1 -1 954.48 186.18 1069.07 227.74 -1 -1 -1 -1000 -1000 -1000 -10 1
137 64 Car -1 -1 -1 597.31 172.86 638.47 201.61 -1 -1 -1 -1000 -1000 -1000 -10 1
137 31 Car -1 -1 -1 1091.51 183.56 1229.59 232.49 -1 -1 -1 -1000 -1000 -1000 -10 1
137 30 Car -1 -1 -1 1031.75 186.52 1159.69 227.50 -1 -1 -1 -1000 -1000 -1000 -10 1
137 18 Car -1 -1 -1 957.85 183.96 1070.01 226.99 -1 -1 -1 -1000 -1000 -1000 -10 1
138 64 Car -1 -1 -1 599.06 172.82 638.26 201.13 -1 -1 -1 -1000 -1000 -1000 -10 1
138 31 Car -1 -1 -1 1091.74 183.53 1229.58 232.39 -1 -1 -1 -1000 -1000 -1000 -10 1
138 30 Car -1 -1 -1 1031.53 186.63 1159.48 227.44 -1 -1 -1 -1000 -1000 -1000 -10 1
138 18 Car -1 -1 -1 960.27 181.97 1069.75 227.06 -1 -1 -1 -1000 -1000 -1000 -10 1
139 64 Car -1 -1 -1 598.75 172.72 637.52 201.11 -1 -1 -1 -1000 -1000 -1000 -10 1
139 31 Car -1 -1 -1 1091.92 183.61 1229.65 232.47 -1 -1 -1 -1000 -1000 -1000 -10 1
139 30 Car -1 -1 -1 1031.63 186.65 1159.62 227.48 -1 -1 -1 -1000 -1000 -1000 -10 1
139 18 Car -1 -1 -1 960.54 181.25 1069.60 227.49 -1 -1 -1 -1000 -1000 -1000 -10 1
140 64 Car -1 -1 -1 601.42 170.48 639.10 199.35 -1 -1 -1 -1000 -1000 -1000 -10 1
140 31 Car -1 -1 -1 1091.65 183.53 1229.80 232.43 -1 -1 -1 -1000 -1000 -1000 -10 1
140 30 Car -1 -1 -1 1031.62 186.64 1159.82 227.51 -1 -1 -1 -1000 -1000 -1000 -10 1
140 18 Car -1 -1 -1 957.13 183.51 1068.81 228.32 -1 -1 -1 -1000 -1000 -1000 -10 1
141 64 Car -1 -1 -1 602.41 169.04 639.01 198.01 -1 -1 -1 -1000 -1000 -1000 -10 1
141 31 Car -1 -1 -1 1091.58 183.58 1229.88 232.57 -1 -1 -1 -1000 -1000 -1000 -10 1
141 30 Car -1 -1 -1 1031.43 186.60 1159.59 227.56 -1 -1 -1 -1000 -1000 -1000 -10 1
141 18 Car -1 -1 -1 958.86 181.71 1069.83 227.60 -1 -1 -1 -1000 -1000 -1000 -10 1
142 64 Car -1 -1 -1 602.24 169.76 638.01 198.86 -1 -1 -1 -1000 -1000 -1000 -10 1
142 31 Car -1 -1 -1 1091.83 183.62 1229.85 232.72 -1 -1 -1 -1000 -1000 -1000 -10 1
142 30 Car -1 -1 -1 1031.62 186.54 1159.93 227.65 -1 -1 -1 -1000 -1000 -1000 -10 1
142 18 Car -1 -1 -1 957.12 183.39 1069.32 227.66 -1 -1 -1 -1000 -1000 -1000 -10 1
143 64 Car -1 -1 -1 602.15 170.22 637.55 199.82 -1 -1 -1 -1000 -1000 -1000 -10 1
143 31 Car -1 -1 -1 1091.86 183.59 1229.77 232.53 -1 -1 -1 -1000 -1000 -1000 -10 1
143 30 Car -1 -1 -1 1031.34 186.45 1159.44 227.75 -1 -1 -1 -1000 -1000 -1000 -10 1
143 18 Car -1 -1 -1 957.12 182.84 1066.74 227.81 -1 -1 -1 -1000 -1000 -1000 -10 1
144 64 Car -1 -1 -1 603.01 170.60 637.93 200.39 -1 -1 -1 -1000 -1000 -1000 -10 1
144 31 Car -1 -1 -1 1091.88 183.46 1229.62 232.29 -1 -1 -1 -1000 -1000 -1000 -10 1
144 30 Car -1 -1 -1 1031.49 186.32 1159.29 227.98 -1 -1 -1 -1000 -1000 -1000 -10 1
144 18 Car -1 -1 -1 961.06 181.36 1071.04 227.96 -1 -1 -1 -1000 -1000 -1000 -10 1
145 64 Car -1 -1 -1 603.48 170.77 637.88 200.33 -1 -1 -1 -1000 -1000 -1000 -10 1
145 31 Car -1 -1 -1 1091.39 183.53 1229.38 232.51 -1 -1 -1 -1000 -1000 -1000 -10 1
145 30 Car -1 -1 -1 1031.14 186.16 1159.47 227.98 -1 -1 -1 -1000 -1000 -1000 -10 1
145 18 Car -1 -1 -1 964.33 182.47 1073.82 227.69 -1 -1 -1 -1000 -1000 -1000 -10 1
146 64 Car -1 -1 -1 603.36 170.69 637.74 200.16 -1 -1 -1 -1000 -1000 -1000 -10 1
146 31 Car -1 -1 -1 1090.94 183.84 1229.47 233.03 -1 -1 -1 -1000 -1000 -1000 -10 1
146 30 Car -1 -1 -1 1030.51 186.36 1159.93 227.82 -1 -1 -1 -1000 -1000 -1000 -10 1
146 18 Car -1 -1 -1 954.51 183.45 1066.97 228.67 -1 -1 -1 -1000 -1000 -1000 -10 1
147 65 Car -1 -1 -1 932.55 153.96 1025.09 306.03 -1 -1 -1 -1000 -1000 -1000 -10 1
147 64 Car -1 -1 -1 602.49 170.89 637.20 200.45 -1 -1 -1 -1000 -1000 -1000 -10 1
147 31 Car -1 -1 -1 1090.70 183.56 1228.71 233.04 -1 -1 -1 -1000 -1000 -1000 -10 1
147 30 Car -1 -1 -1 1027.70 185.96 1159.86 228.29 -1 -1 -1 -1000 -1000 -1000 -10 1
147 18 Car -1 -1 -1 944.01 181.57 1058.10 232.06 -1 -1 -1 -1000 -1000 -1000 -10 1
148 64 Car -1 -1 -1 602.38 170.34 637.18 200.10 -1 -1 -1 -1000 -1000 -1000 -10 1
148 31 Car -1 -1 -1 1091.01 182.62 1229.71 232.36 -1 -1 -1 -1000 -1000 -1000 -10 1
148 30 Car -1 -1 -1 1027.72 185.77 1161.10 229.10 -1 -1 -1 -1000 -1000 -1000 -10 1
149 65 Car -1 -1 -1 955.18 155.66 1061.44 271.31 -1 -1 -1 -1000 -1000 -1000 -10 1
149 64 Car -1 -1 -1 603.22 170.53 638.09 200.15 -1 -1 -1 -1000 -1000 -1000 -10 1
149 31 Car -1 -1 -1 1092.29 182.20 1227.44 231.89 -1 -1 -1 -1000 -1000 -1000 -10 1
149 30 Car -1 -1 -1 1029.82 182.72 1157.89 229.59 -1 -1 -1 -1000 -1000 -1000 -10 1
150 65 Car -1 -1 -1 969.41 172.00 1077.64 260.67 -1 -1 -1 -1000 -1000 -1000 -10 1
150 64 Car -1 -1 -1 603.69 170.99 638.46 200.21 -1 -1 -1 -1000 -1000 -1000 -10 1
150 31 Car -1 -1 -1 1097.94 181.23 1224.49 230.48 -1 -1 -1 -1000 -1000 -1000 -10 1
150 30 Car -1 -1 -1 1014.04 186.30 1147.91 248.53 -1 -1 -1 -1000 -1000 -1000 -10 1
151 65 Car -1 -1 -1 960.35 175.42 1068.33 240.13 -1 -1 -1 -1000 -1000 -1000 -10 1
151 64 Car -1 -1 -1 602.35 170.99 637.59 200.04 -1 -1 -1 -1000 -1000 -1000 -10 1
151 31 Car -1 -1 -1 1105.99 180.01 1226.17 228.40 -1 -1 -1 -1000 -1000 -1000 -10 1
151 30 Car -1 -1 -1 1025.17 181.23 1158.04 245.71 -1 -1 -1 -1000 -1000 -1000 -10 1
152 65 Car -1 -1 -1 966.69 179.92 1075.45 233.23 -1 -1 -1 -1000 -1000 -1000 -10 1
152 64 Car -1 -1 -1 602.08 170.35 637.87 199.30 -1 -1 -1 -1000 -1000 -1000 -10 1
152 31 Car -1 -1 -1 1110.66 180.41 1224.67 228.07 -1 -1 -1 -1000 -1000 -1000 -10 1
152 30 Car -1 -1 -1 1032.15 178.65 1160.42 239.30 -1 -1 -1 -1000 -1000 -1000 -10 1
153 67 Car -1 -1 -1 943.76 171.09 1035.56 283.65 -1 -1 -1 -1000 -1000 -1000 -10 1
153 66 Car -1 -1 -1 1083.43 157.88 1211.20 301.87 -1 -1 -1 -1000 -1000 -1000 -10 1
153 64 Car -1 -1 -1 601.71 170.30 637.70 199.20 -1 -1 -1 -1000 -1000 -1000 -10 1
153 30 Car -1 -1 -1 1032.28 179.40 1157.35 233.58 -1 -1 -1 -1000 -1000 -1000 -10 1
154 67 Car -1 -1 -1 942.15 162.07 1037.73 297.48 -1 -1 -1 -1000 -1000 -1000 -10 1
154 66 Car -1 -1 -1 1114.93 167.39 1225.31 316.56 -1 -1 -1 -1000 -1000 -1000 -10 1
154 64 Car -1 -1 -1 601.48 170.55 637.69 199.46 -1 -1 -1 -1000 -1000 -1000 -10 1
154 30 Car -1 -1 -1 1032.35 182.55 1161.02 234.57 -1 -1 -1 -1000 -1000 -1000 -10 1
155 68 Car -1 -1 -1 1107.92 183.19 1227.10 236.69 -1 -1 -1 -1000 -1000 -1000 -10 1
155 65 Car -1 -1 -1 952.46 187.62 1063.98 242.85 -1 -1 -1 -1000 -1000 -1000 -10 1
155 64 Car -1 -1 -1 601.59 170.95 637.80 199.77 -1 -1 -1 -1000 -1000 -1000 -10 1
155 30 Car -1 -1 -1 1029.43 183.26 1159.94 236.36 -1 -1 -1 -1000 -1000 -1000 -10 1
156 68 Car -1 -1 -1 1101.15 182.69 1223.11 234.70 -1 -1 -1 -1000 -1000 -1000 -10 1
156 65 Car -1 -1 -1 951.86 181.33 1080.43 256.77 -1 -1 -1 -1000 -1000 -1000 -10 1
156 64 Car -1 -1 -1 601.80 171.07 638.12 200.10 -1 -1 -1 -1000 -1000 -1000 -10 1
156 30 Car -1 -1 -1 1028.35 183.07 1158.33 234.54 -1 -1 -1 -1000 -1000 -1000 -10 1
157 68 Car -1 -1 -1 1100.19 181.89 1223.38 231.24 -1 -1 -1 -1000 -1000 -1000 -10 1
157 65 Car -1 -1 -1 950.70 177.07 1078.33 247.35 -1 -1 -1 -1000 -1000 -1000 -10 1
157 64 Car -1 -1 -1 602.23 171.11 638.63 200.38 -1 -1 -1 -1000 -1000 -1000 -10 1
157 30 Car -1 -1 -1 1032.08 183.74 1158.11 236.06 -1 -1 -1 -1000 -1000 -1000 -10 1
