0 4 Car -1 -1 -1 1024.88 180.85 1153.80 236.06 -1 -1 -1 -1000 -1000 -1000 -10 1
0 3 Car -1 -1 -1 602.30 171.53 637.74 201.09 -1 -1 -1 -1000 -1000 -1000 -10 1
0 2 Car -1 -1 -1 1104.66 182.61 1222.83 233.04 -1 -1 -1 -1000 -1000 -1000 -10 1
0 1 Car -1 -1 -1 952.33 186.07 1071.17 229.83 -1 -1 -1 -1000 -1000 -1000 -10 1
1 4 Car -1 -1 -1 1032.29 183.78 1163.96 237.20 -1 -1 -1 -1000 -1000 -1000 -10 1
1 3 Car -1 -1 -1 602.50 171.55 637.90 200.98 -1 -1 -1 -1000 -1000 -1000 -10 1
1 2 Car -1 -1 -1 1096.62 183.93 1220.32 233.45 -1 -1 -1 -1000 -1000 -1000 -10 1
1 1 Car -1 -1 -1 958.71 180.74 1076.72 229.11 -1 -1 -1 -1000 -1000 -1000 -10 1
2 4 Car -1 -1 -1 1032.89 185.40 1157.87 236.75 -1 -1 -1 -1000 -1000 -1000 -10 1
2 3 Car -1 -1 -1 602.34 171.70 637.73 201.12 -1 -1 -1 -1000 -1000 -1000 -10 1
2 2 Car -1 -1 -1 1095.20 183.88 1222.22 233.50 -1 -1 -1 -1000 -1000 -1000 -10 1
3 4 Car -1 -1 -1 1031.72 183.84 1158.75 230.29 -1 -1 -1 -1000 -1000 -1000 -10 1
3 3 Car -1 -1 -1 602.26 171.87 637.92 201.34 -1 -1 -1 -1000 -1000 -1000 -10 1
3 2 Car -1 -1 -1 1090.73 182.97 1227.61 234.04 -1 -1 -1 -1000 -1000 -1000 -10 1
4 4 Car -1 -1 -1 1032.67 185.14 1158.77 228.72 -1 -1 -1 -1000 -1000 -1000 -10 1
4 3 Car -1 -1 -1 602.08 171.81 637.83 201.15 -1 -1 -1 -1000 -1000 -1000 -10 1
4 2 Car -1 -1 -1 1090.44 183.29 1229.74 234.26 -1 -1 -1 -1000 -1000 -1000 -10 1
5 5 Car -1 -1 -1 978.28 181.01 1060.99 224.12 -1 -1 -1 -1000 -1000 -1000 -10 1
5 4 Car -1 -1 -1 1033.91 186.33 1158.87 227.52 -1 -1 -1 -1000 -1000 -1000 -10 1
5 3 Car -1 -1 -1 602.18 172.10 637.47 201.08 -1 -1 -1 -1000 -1000 -1000 -10 1
5 2 Car -1 -1 -1 1092.72 183.36 1230.31 233.99 -1 -1 -1 -1000 -1000 -1000 -10 1
6 5 Car -1 -1 -1 967.07 183.76 1064.29 225.01 -1 -1 -1 -1000 -1000 -1000 -10 1
6 4 Car -1 -1 -1 1035.37 186.94 1158.87 226.52 -1 -1 -1 -1000 -1000 -1000 -10 1
6 3 Car -1 -1 -1 601.68 171.81 636.84 200.44 -1 -1 -1 -1000 -1000 -1000 -10 1
6 2 Car -1 -1 -1 1101.65 183.51 1219.69 230.31 -1 -1 -1 -1000 -1000 -1000 -10 1
7 5 Car -1 -1 -1 962.64 184.49 1065.48 226.27 -1 -1 -1 -1000 -1000 -1000 -10 1
7 4 Car -1 -1 -1 1034.97 187.16 1155.92 226.71 -1 -1 -1 -1000 -1000 -1000 -10 1
7 3 Car -1 -1 -1 601.92 171.88 636.81 200.21 -1 -1 -1 -1000 -1000 -1000 -10 1
7 2 Car -1 -1 -1 1103.15 183.78 1218.15 230.15 -1 -1 -1 -1000 -1000 -1000 -10 1
8 5 Car -1 -1 -1 959.99 184.74 1066.82 226.00 -1 -1 -1 -1000 -1000 -1000 -10 1
8 4 Car -1 -1 -1 1037.06 186.23 1156.80 225.16 -1 -1 -1 -1000 -1000 -1000 -10 1
8 3 Car -1 -1 -1 601.90 172.45 636.79 200.66 -1 -1 -1 -1000 -1000 -1000 -10 1
8 2 Car -1 -1 -1 1101.51 184.04 1219.28 231.06 -1 -1 -1 -1000 -1000 -1000 -10 1
9 5 Car -1 -1 -1 956.75 185.92 1067.32 226.83 -1 -1 -1 -1000 -1000 -1000 -10 1
9 4 Car -1 -1 -1 1034.82 187.24 1156.96 226.88 -1 -1 -1 -1000 -1000 -1000 -10 1
9 3 Car -1 -1 -1 602.18 172.19 637.20 200.57 -1 -1 -1 -1000 -1000 -1000 -10 1
9 2 Car -1 -1 -1 1096.07 184.29 1224.51 232.52 -1 -1 -1 -1000 -1000 -1000 -10 1
10 5 Car -1 -1 -1 966.14 181.02 1059.14 221.60 -1 -1 -1 -1000 -1000 -1000 -10 1
10 4 Car -1 -1 -1 1032.96 187.23 1157.84 226.35 -1 -1 -1 -1000 -1000 -1000 -10 1
10 3 Car -1 -1 -1 601.05 171.09 635.98 199.83 -1 -1 -1 -1000 -1000 -1000 -10 1
10 2 Car -1 -1 -1 1093.87 183.95 1228.03 232.69 -1 -1 -1 -1000 -1000 -1000 -10 1
11 5 Car -1 -1 -1 962.53 185.82 1060.50 225.83 -1 -1 -1 -1000 -1000 -1000 -10 1
11 4 Car -1 -1 -1 1033.14 187.14 1159.16 226.53 -1 -1 -1 -1000 -1000 -1000 -10 1
11 3 Car -1 -1 -1 601.73 170.96 636.63 200.36 -1 -1 -1 -1000 -1000 -1000 -10 1
11 2 Car -1 -1 -1 1092.45 183.65 1229.09 232.49 -1 -1 -1 -1000 -1000 -1000 -10 1
12 5 Car -1 -1 -1 961.34 185.45 1065.88 225.63 -1 -1 -1 -1000 -1000 -1000 -10 1
12 4 Car -1 -1 -1 1033.00 187.09 1159.50 226.72 -1 -1 -1 -1000 -1000 -1000 -10 1
12 3 Car -1 -1 -1 603.01 171.44 637.94 201.15 -1 -1 -1 -1000 -1000 -1000 -10 1
12 2 Car -1 -1 -1 1091.71 183.64 1229.87 232.53 -1 -1 -1 -1000 -1000 -1000 -10 1
13 5 Car -1 -1 -1 956.49 185.90 1067.66 225.77 -1 -1 -1 -1000 -1000 -1000 -10 1
13 4 Car -1 -1 -1 1032.92 187.06 1159.67 226.84 -1 -1 -1 -1000 -1000 -1000 -10 1
13 3 Car -1 -1 -1 603.27 171.28 637.76 200.72 -1 -1 -1 -1000 -1000 -1000 -10 1
13 2 Car -1 -1 -1 1091.46 183.75 1230.15 232.73 -1 -1 -1 -1000 -1000 -1000 -10 1
14 5 Car -1 -1 -1 956.49 185.27 1068.85 226.05 -1 -1 -1 -1000 -1000 -1000 -10 1
14 4 Car -1 -1 -1 1032.81 187.07 1159.70 226.82 -1 -1 -1 -1000 -1000 -1000 -10 1
14 3 Car -1 -1 -1 602.99 171.17 637.50 200.42 -1 -1 -1 -1000 -1000 -1000 -10 1
14 2 Car -1 -1 -1 1091.47 183.73 1230.60 232.72 -1 -1 -1 -1000 -1000 -1000 -10 1
15 5 Car -1 -1 -1 960.36 182.00 1069.83 225.67 -1 -1 -1 -1000 -1000 -1000 -10 1
15 4 Car -1 -1 -1 1032.65 186.95 1159.88 226.91 -1 -1 -1 -1000 -1000 -1000 -10 1
15 3 Car -1 -1 -1 603.55 170.04 639.14 199.66 -1 -1 -1 -1000 -1000 -1000 -10 1
15 2 Car -1 -1 -1 1091.62 183.58 1230.73 232.59 -1 -1 -1 -1000 -1000 -1000 -10 1
16 5 Car -1 -1 -1 961.05 181.18 1068.89 226.47 -1 -1 -1 -1000 -1000 -1000 -10 1
16 4 Car -1 -1 -1 1032.72 187.04 1159.72 226.95 -1 -1 -1 -1000 -1000 -1000 -10 1
16 3 Car -1 -1 -1 600.31 171.95 638.20 200.16 -1 -1 -1 -1000 -1000 -1000 -10 1
16 2 Car -1 -1 -1 1091.32 183.60 1230.69 232.25 -1 -1 -1 -1000 -1000 -1000 -10 1
17 5 Car -1 -1 -1 960.78 180.89 1068.89 227.14 -1 -1 -1 -1000 -1000 -1000 -10 1
17 4 Car -1 -1 -1 1032.66 187.05 1159.74 227.02 -1 -1 -1 -1000 -1000 -1000 -10 1
17 3 Car -1 -1 -1 601.38 171.04 639.44 199.57 -1 -1 -1 -1000 -1000 -1000 -10 1
17 2 Car -1 -1 -1 1090.98 183.54 1230.21 231.91 -1 -1 -1 -1000 -1000 -1000 -10 1
18 5 Car -1 -1 -1 960.69 180.77 1069.15 227.64 -1 -1 -1 -1000 -1000 -1000 -10 1
18 4 Car -1 -1 -1 1032.81 187.03 1159.80 226.92 -1 -1 -1 -1000 -1000 -1000 -10 1
18 3 Car -1 -1 -1 600.10 171.87 639.23 200.76 -1 -1 -1 -1000 -1000 -1000 -10 1
18 2 Car -1 -1 -1 1093.52 184.05 1232.14 232.54 -1 -1 -1 -1000 -1000 -1000 -10 1
19 5 Car -1 -1 -1 961.09 180.29 1069.42 227.68 -1 -1 -1 -1000 -1000 -1000 -10 1
19 4 Car -1 -1 -1 1034.06 187.78 1162.19 226.67 -1 -1 -1 -1000 -1000 -1000 -10 1
19 2 Car -1 -1 -1 1093.59 184.06 1228.10 232.92 -1 -1 -1 -1000 -1000 -1000 -10 1
20 5 Car -1 -1 -1 959.14 181.38 1068.01 227.43 -1 -1 -1 -1000 -1000 -1000 -10 1
20 4 Car -1 -1 -1 1029.84 186.77 1160.95 229.70 -1 -1 -1 -1000 -1000 -1000 -10 1
20 2 Car -1 -1 -1 1099.49 184.17 1228.75 237.06 -1 -1 -1 -1000 -1000 -1000 -10 1
21 5 Car -1 -1 -1 961.70 183.99 1074.05 228.09 -1 -1 -1 -1000 -1000 -1000 -10 1
22 5 Car -1 -1 -1 956.48 185.44 1068.30 229.51 -1 -1 -1 -1000 -1000 -1000 -10 1
23 11 Car -1 -1 -1 1112.36 181.44 1215.53 227.99 -1 -1 -1 -1000 -1000 -1000 -10 1
23 9 Car -1 -1 -1 1003.25 143.84 1118.37 321.93 -1 -1 -1 -1000 -1000 -1000 -10 1
23 5 Car -1 -1 -1 958.31 183.10 1079.57 235.85 -1 -1 -1 -1000 -1000 -1000 -10 1
24 11 Car -1 -1 -1 1107.92 183.34 1214.77 229.29 -1 -1 -1 -1000 -1000 -1000 -10 1
24 4 Car -1 -1 -1 1017.49 182.44 1146.78 247.44 -1 -1 -1 -1000 -1000 -1000 -10 1
25 11 Car -1 -1 -1 1101.95 183.48 1213.02 229.31 -1 -1 -1 -1000 -1000 -1000 -10 1
26 11 Car -1 -1 -1 1098.14 183.47 1219.57 230.52 -1 -1 -1 -1000 -1000 -1000 -10 1
27 13 Car -1 -1 -1 551.29 160.39 603.93 260.93 -1 -1 -1 -1000 -1000 -1000 -10 1
27 11 Car -1 -1 -1 1095.48 183.97 1224.33 231.27 -1 -1 -1 -1000 -1000 -1000 -10 1
27 5 Car -1 -1 -1 933.70 173.95 1038.61 279.86 -1 -1 -1 -1000 -1000 -1000 -10 1
27 4 Car -1 -1 -1 1032.05 182.87 1161.01 229.32 -1 -1 -1 -1000 -1000 -1000 -10 1
28 13 Car -1 -1 -1 555.24 164.81 601.36 252.66 -1 -1 -1 -1000 -1000 -1000 -10 1
28 11 Car -1 -1 -1 1092.64 183.54 1226.35 230.89 -1 -1 -1 -1000 -1000 -1000 -10 1
28 5 Car -1 -1 -1 924.11 172.67 1013.48 281.55 -1 -1 -1 -1000 -1000 -1000 -10 1
28 4 Car -1 -1 -1 1032.86 185.22 1159.20 229.95 -1 -1 -1 -1000 -1000 -1000 -10 1
29 14 Car -1 -1 -1 959.63 183.49 1068.09 228.05 -1 -1 -1 -1000 -1000 -1000 -10 1
29 13 Car -1 -1 -1 552.34 159.00 608.16 241.45 -1 -1 -1 -1000 -1000 -1000 -10 1
29 11 Car -1 -1 -1 1092.47 184.03 1227.95 231.81 -1 -1 -1 -1000 -1000 -1000 -10 1
29 4 Car -1 -1 -1 1031.23 185.17 1160.55 228.14 -1 -1 -1 -1000 -1000 -1000 -10 1
30 14 Car -1 -1 -1 959.57 184.74 1063.95 229.78 -1 -1 -1 -1000 -1000 -1000 -10 1
30 11 Car -1 -1 -1 1092.85 183.97 1228.52 232.24 -1 -1 -1 -1000 -1000 -1000 -10 1
30 4 Car -1 -1 -1 1030.02 185.92 1160.65 227.91 -1 -1 -1 -1000 -1000 -1000 -10 1
31 14 Car -1 -1 -1 956.94 185.18 1060.18 228.41 -1 -1 -1 -1000 -1000 -1000 -10 1
31 11 Car -1 -1 -1 1092.24 183.54 1228.34 231.91 -1 -1 -1 -1000 -1000 -1000 -10 1
31 4 Car -1 -1 -1 1030.74 186.23 1161.42 227.60 -1 -1 -1 -1000 -1000 -1000 -10 1
32 14 Car -1 -1 -1 954.20 185.33 1066.82 226.14 -1 -1 -1 -1000 -1000 -1000 -10 1
32 11 Car -1 -1 -1 1092.19 183.28 1228.58 231.42 -1 -1 -1 -1000 -1000 -1000 -10 1
32 4 Car -1 -1 -1 1031.31 186.45 1161.37 227.42 -1 -1 -1 -1000 -1000 -1000 -10 1
33 14 Car -1 -1 -1 959.85 182.25 1068.77 225.42 -1 -1 -1 -1000 -1000 -1000 -10 1
33 11 Car -1 -1 -1 1091.06 184.03 1228.49 232.63 -1 -1 -1 -1000 -1000 -1000 -10 1
33 4 Car -1 -1 -1 1032.09 186.68 1161.27 227.27 -1 -1 -1 -1000 -1000 -1000 -10 1
34 17 Car -1 -1 -1 590.03 163.80 658.43 239.67 -1 -1 -1 -1000 -1000 -1000 -10 1
34 14 Car -1 -1 -1 962.18 180.94 1070.09 226.02 -1 -1 -1 -1000 -1000 -1000 -10 1
34 11 Car -1 -1 -1 1091.22 185.25 1225.61 233.72 -1 -1 -1 -1000 -1000 -1000 -10 1
34 4 Car -1 -1 -1 1033.76 187.12 1162.54 227.01 -1 -1 -1 -1000 -1000 -1000 -10 1
35 17 Car -1 -1 -1 607.43 163.61 670.96 241.79 -1 -1 -1 -1000 -1000 -1000 -10 1
35 14 Car -1 -1 -1 960.81 180.58 1069.76 227.37 -1 -1 -1 -1000 -1000 -1000 -10 1
35 4 Car -1 -1 -1 1033.54 186.31 1161.65 227.11 -1 -1 -1 -1000 -1000 -1000 -10 1
36 14 Car -1 -1 -1 963.24 181.79 1073.02 228.63 -1 -1 -1 -1000 -1000 -1000 -10 1
36 4 Car -1 -1 -1 1033.31 186.65 1167.85 231.81 -1 -1 -1 -1000 -1000 -1000 -10 1
37 14 Car -1 -1 -1 960.24 183.82 1071.72 230.85 -1 -1 -1 -1000 -1000 -1000 -10 1
37 4 Car -1 -1 -1 1022.47 185.54 1154.85 232.96 -1 -1 -1 -1000 -1000 -1000 -10 1
38 14 Car -1 -1 -1 956.85 184.11 1067.29 231.25 -1 -1 -1 -1000 -1000 -1000 -10 1
38 4 Car -1 -1 -1 1031.12 186.43 1158.76 236.94 -1 -1 -1 -1000 -1000 -1000 -10 1
39 14 Car -1 -1 -1 961.19 187.52 1078.03 239.19 -1 -1 -1 -1000 -1000 -1000 -10 1
39 4 Car -1 -1 -1 1027.12 188.67 1155.48 245.73 -1 -1 -1 -1000 -1000 -1000 -10 1
40 21 Car -1 -1 -1 1094.81 183.05 1220.59 231.70 -1 -1 -1 -1000 -1000 -1000 -10 1
40 4 Car -1 -1 -1 1028.91 184.80 1154.63 242.50 -1 -1 -1 -1000 -1000 -1000 -10 1
41 21 Car -1 -1 -1 1091.95 182.88 1224.67 232.73 -1 -1 -1 -1000 -1000 -1000 -10 1
41 4 Car -1 -1 -1 1028.78 183.42 1156.24 237.92 -1 -1 -1 -1000 -1000 -1000 -10 1
42 22 Car -1 -1 -1 570.97 159.55 623.24 278.64 -1 -1 -1 -1000 -1000 -1000 -10 1
42 21 Car -1 -1 -1 1091.45 182.99 1228.43 233.20 -1 -1 -1 -1000 -1000 -1000 -10 1
42 4 Car -1 -1 -1 1030.00 183.39 1160.94 231.63 -1 -1 -1 -1000 -1000 -1000 -10 1
43 21 Car -1 -1 -1 1091.21 183.08 1229.70 233.08 -1 -1 -1 -1000 -1000 -1000 -10 1
43 4 Car -1 -1 -1 1030.64 184.43 1161.52 229.48 -1 -1 -1 -1000 -1000 -1000 -10 1
44 21 Car -1 -1 -1 1091.24 183.23 1230.22 232.82 -1 -1 -1 -1000 -1000 -1000 -10 1
44 14 Car -1 -1 -1 949.89 181.16 1073.09 234.49 -1 -1 -1 -1000 -1000 -1000 -10 1
44 4 Car -1 -1 -1 1030.69 185.21 1161.13 228.37 -1 -1 -1 -1000 -1000 -1000 -10 1
45 21 Car -1 -1 -1 1091.78 183.33 1230.28 232.55 -1 -1 -1 -1000 -1000 -1000 -10 1
45 14 Car -1 -1 -1 949.75 183.22 1073.26 230.79 -1 -1 -1 -1000 -1000 -1000 -10 1
45 4 Car -1 -1 -1 1031.28 185.82 1160.60 228.09 -1 -1 -1 -1000 -1000 -1000 -10 1
46 21 Car -1 -1 -1 1091.73 183.59 1230.44 232.57 -1 -1 -1 -1000 -1000 -1000 -10 1
46 14 Car -1 -1 -1 954.00 183.32 1070.08 228.20 -1 -1 -1 -1000 -1000 -1000 -10 1
46 4 Car -1 -1 -1 1031.48 186.16 1160.37 227.70 -1 -1 -1 -1000 -1000 -1000 -10 1
47 26 Car -1 -1 -1 583.33 156.61 634.05 260.87 -1 -1 -1 -1000 -1000 -1000 -10 1
47 21 Car -1 -1 -1 1091.52 183.61 1230.55 232.56 -1 -1 -1 -1000 -1000 -1000 -10 1
47 14 Car -1 -1 -1 958.03 180.91 1070.00 226.83 -1 -1 -1 -1000 -1000 -1000 -10 1
47 4 Car -1 -1 -1 1031.53 186.38 1160.38 227.52 -1 -1 -1 -1000 -1000 -1000 -10 1
48 26 Car -1 -1 -1 574.67 159.43 619.86 257.60 -1 -1 -1 -1000 -1000 -1000 -10 1
48 21 Car -1 -1 -1 1091.70 183.57 1230.89 232.44 -1 -1 -1 -1000 -1000 -1000 -10 1
48 14 Car -1 -1 -1 959.61 182.22 1067.01 227.00 -1 -1 -1 -1000 -1000 -1000 -10 1
48 4 Car -1 -1 -1 1031.53 186.50 1160.27 227.38 -1 -1 -1 -1000 -1000 -1000 -10 1
49 21 Car -1 -1 -1 1091.39 183.59 1230.57 232.33 -1 -1 -1 -1000 -1000 -1000 -10 1
49 14 Car -1 -1 -1 963.04 181.02 1067.85 226.76 -1 -1 -1 -1000 -1000 -1000 -10 1
49 4 Car -1 -1 -1 1031.75 186.66 1160.41 227.27 -1 -1 -1 -1000 -1000 -1000 -10 1
50 21 Car -1 -1 -1 1091.17 183.58 1230.43 232.26 -1 -1 -1 -1000 -1000 -1000 -10 1
50 14 Car -1 -1 -1 963.75 180.66 1067.55 227.34 -1 -1 -1 -1000 -1000 -1000 -10 1
50 4 Car -1 -1 -1 1031.79 186.72 1160.52 227.20 -1 -1 -1 -1000 -1000 -1000 -10 1
51 21 Car -1 -1 -1 1091.25 183.61 1230.49 232.30 -1 -1 -1 -1000 -1000 -1000 -10 1
51 14 Car -1 -1 -1 964.79 179.84 1066.56 226.85 -1 -1 -1 -1000 -1000 -1000 -10 1
51 4 Car -1 -1 -1 1031.65 186.75 1160.44 227.14 -1 -1 -1 -1000 -1000 -1000 -10 1
52 27 Car -1 -1 -1 601.82 170.36 639.99 201.01 -1 -1 -1 -1000 -1000 -1000 -10 1
52 21 Car -1 -1 -1 1091.40 183.36 1230.68 232.24 -1 -1 -1 -1000 -1000 -1000 -10 1
52 14 Car -1 -1 -1 964.46 179.96 1065.87 227.29 -1 -1 -1 -1000 -1000 -1000 -10 1
52 4 Car -1 -1 -1 1031.71 186.80 1160.74 227.28 -1 -1 -1 -1000 -1000 -1000 -10 1
53 27 Car -1 -1 -1 600.23 171.97 637.17 200.20 -1 -1 -1 -1000 -1000 -1000 -10 1
53 21 Car -1 -1 -1 1091.11 183.35 1230.53 232.32 -1 -1 -1 -1000 -1000 -1000 -10 1
53 14 Car -1 -1 -1 963.37 180.76 1066.62 228.69 -1 -1 -1 -1000 -1000 -1000 -10 1
53 4 Car -1 -1 -1 1031.67 186.91 1160.50 227.40 -1 -1 -1 -1000 -1000 -1000 -10 1
54 27 Car -1 -1 -1 600.60 172.50 638.61 200.94 -1 -1 -1 -1000 -1000 -1000 -10 1
54 21 Car -1 -1 -1 1090.03 183.29 1226.95 232.43 -1 -1 -1 -1000 -1000 -1000 -10 1
54 14 Car -1 -1 -1 961.76 181.08 1066.89 229.36 -1 -1 -1 -1000 -1000 -1000 -10 1
54 4 Car -1 -1 -1 1031.58 186.94 1160.62 227.52 -1 -1 -1 -1000 -1000 -1000 -10 1
55 27 Car -1 -1 -1 601.66 172.58 639.79 201.32 -1 -1 -1 -1000 -1000 -1000 -10 1
55 21 Car -1 -1 -1 1093.58 184.58 1230.20 234.64 -1 -1 -1 -1000 -1000 -1000 -10 1
55 14 Car -1 -1 -1 961.71 181.31 1067.99 230.12 -1 -1 -1 -1000 -1000 -1000 -10 1
55 4 Car -1 -1 -1 1031.87 186.96 1160.34 227.55 -1 -1 -1 -1000 -1000 -1000 -10 1
56 21 Car -1 -1 -1 1096.44 191.50 1232.97 246.49 -1 -1 -1 -1000 -1000 -1000 -10 1
56 14 Car -1 -1 -1 962.28 179.51 1068.35 228.07 -1 -1 -1 -1000 -1000 -1000 -10 1
56 4 Car -1 -1 -1 1034.02 186.97 1163.35 227.72 -1 -1 -1 -1000 -1000 -1000 -10 1
57 14 Car -1 -1 -1 959.17 182.67 1067.30 228.21 -1 -1 -1 -1000 -1000 -1000 -10 1
57 4 Car -1 -1 -1 1030.88 187.05 1160.38 229.96 -1 -1 -1 -1000 -1000 -1000 -10 1
58 30 Car -1 -1 -1 1047.93 143.35 1156.80 332.64 -1 -1 -1 -1000 -1000 -1000 -10 1
58 14 Car -1 -1 -1 955.20 184.87 1067.80 229.84 -1 -1 -1 -1000 -1000 -1000 -10 1
58 4 Car -1 -1 -1 1030.88 186.68 1158.22 230.56 -1 -1 -1 -1000 -1000 -1000 -10 1
59 31 Car -1 -1 -1 609.88 158.10 661.46 273.26 -1 -1 -1 -1000 -1000 -1000 -10 1
59 21 Car -1 -1 -1 1105.61 179.20 1227.31 232.92 -1 -1 -1 -1000 -1000 -1000 -10 1
59 14 Car -1 -1 -1 963.63 181.50 1073.32 230.76 -1 -1 -1 -1000 -1000 -1000 -10 1
60 31 Car -1 -1 -1 596.57 162.63 643.61 268.82 -1 -1 -1 -1000 -1000 -1000 -10 1
60 21 Car -1 -1 -1 1107.54 181.09 1218.72 232.04 -1 -1 -1 -1000 -1000 -1000 -10 1
61 31 Car -1 -1 -1 586.94 162.54 634.10 267.14 -1 -1 -1 -1000 -1000 -1000 -10 1
61 21 Car -1 -1 -1 1109.08 182.10 1221.94 231.43 -1 -1 -1 -1000 -1000 -1000 -10 1
61 4 Car -1 -1 -1 1030.61 181.29 1153.69 230.16 -1 -1 -1 -1000 -1000 -1000 -10 1
62 21 Car -1 -1 -1 1101.08 183.06 1221.76 231.77 -1 -1 -1 -1000 -1000 -1000 -10 1
62 4 Car -1 -1 -1 1032.63 181.90 1157.00 229.51 -1 -1 -1 -1000 -1000 -1000 -10 1
63 21 Car -1 -1 -1 1098.79 182.98 1221.95 231.68 -1 -1 -1 -1000 -1000 -1000 -10 1
63 4 Car -1 -1 -1 1032.64 185.15 1153.20 233.90 -1 -1 -1 -1000 -1000 -1000 -10 1
64 31 Car -1 -1 -1 550.12 163.48 601.92 265.86 -1 -1 -1 -1000 -1000 -1000 -10 1
64 21 Car -1 -1 -1 1095.47 183.37 1218.61 231.12 -1 -1 -1 -1000 -1000 -1000 -10 1
64 4 Car -1 -1 -1 1028.64 185.23 1154.04 234.85 -1 -1 -1 -1000 -1000 -1000 -10 1
65 35 Car -1 -1 -1 972.19 178.63 1064.42 226.73 -1 -1 -1 -1000 -1000 -1000 -10 1
65 21 Car -1 -1 -1 1099.46 183.44 1222.61 231.84 -1 -1 -1 -1000 -1000 -1000 -10 1
65 4 Car -1 -1 -1 1027.24 190.37 1156.92 244.82 -1 -1 -1 -1000 -1000 -1000 -10 1
66 21 Car -1 -1 -1 1100.40 182.32 1223.51 230.63 -1 -1 -1 -1000 -1000 -1000 -10 1
66 4 Car -1 -1 -1 1029.20 185.07 1158.09 238.05 -1 -1 -1 -1000 -1000 -1000 -10 1
67 37 Car -1 -1 -1 601.12 171.26 637.69 202.26 -1 -1 -1 -1000 -1000 -1000 -10 1
67 21 Car -1 -1 -1 1089.03 181.89 1216.51 230.82 -1 -1 -1 -1000 -1000 -1000 -10 1
67 4 Car -1 -1 -1 1030.04 182.82 1155.33 231.99 -1 -1 -1 -1000 -1000 -1000 -10 1
68 39 Car -1 -1 -1 960.67 183.34 1073.13 226.70 -1 -1 -1 -1000 -1000 -1000 -10 1
68 37 Car -1 -1 -1 600.34 170.73 636.39 202.33 -1 -1 -1 -1000 -1000 -1000 -10 1
69 39 Car -1 -1 -1 956.88 185.78 1067.92 226.99 -1 -1 -1 -1000 -1000 -1000 -10 1
69 37 Car -1 -1 -1 599.05 170.89 636.28 201.44 -1 -1 -1 -1000 -1000 -1000 -10 1
69 21 Car -1 -1 -1 1101.96 188.18 1231.08 245.68 -1 -1 -1 -1000 -1000 -1000 -10 1
69 4 Car -1 -1 -1 1034.36 184.38 1159.87 229.32 -1 -1 -1 -1000 -1000 -1000 -10 1
70 39 Car -1 -1 -1 956.09 186.17 1067.59 226.78 -1 -1 -1 -1000 -1000 -1000 -10 1
70 37 Car -1 -1 -1 598.35 171.24 636.54 200.46 -1 -1 -1 -1000 -1000 -1000 -10 1
70 21 Car -1 -1 -1 1095.85 183.32 1225.14 235.71 -1 -1 -1 -1000 -1000 -1000 -10 1
70 4 Car -1 -1 -1 1033.88 185.78 1160.53 228.11 -1 -1 -1 -1000 -1000 -1000 -10 1
71 39 Car -1 -1 -1 955.83 186.57 1067.69 226.80 -1 -1 -1 -1000 -1000 -1000 -10 1
71 37 Car -1 -1 -1 601.69 172.25 637.88 202.98 -1 -1 -1 -1000 -1000 -1000 -10 1
71 21 Car -1 -1 -1 1092.10 182.02 1225.00 233.20 -1 -1 -1 -1000 -1000 -1000 -10 1
71 4 Car -1 -1 -1 1032.41 186.27 1159.60 227.84 -1 -1 -1 -1000 -1000 -1000 -10 1
72 39 Car -1 -1 -1 957.98 184.13 1068.31 226.19 -1 -1 -1 -1000 -1000 -1000 -10 1
72 37 Car -1 -1 -1 601.65 171.46 637.67 203.09 -1 -1 -1 -1000 -1000 -1000 -10 1
72 21 Car -1 -1 -1 1093.30 182.97 1227.01 232.93 -1 -1 -1 -1000 -1000 -1000 -10 1
72 4 Car -1 -1 -1 1032.30 186.53 1159.70 227.53 -1 -1 -1 -1000 -1000 -1000 -10 1
73 39 Car -1 -1 -1 959.83 182.06 1068.47 226.61 -1 -1 -1 -1000 -1000 -1000 -10 1
73 37 Car -1 -1 -1 600.57 171.67 638.24 201.82 -1 -1 -1 -1000 -1000 -1000 -10 1
73 21 Car -1 -1 -1 1092.97 183.04 1228.86 232.30 -1 -1 -1 -1000 -1000 -1000 -10 1
73 4 Car -1 -1 -1 1031.93 186.60 1159.73 227.45 -1 -1 -1 -1000 -1000 -1000 -10 1
74 39 Car -1 -1 -1 956.94 185.33 1067.30 227.51 -1 -1 -1 -1000 -1000 -1000 -10 1
74 37 Car -1 -1 -1 599.99 171.01 639.26 202.25 -1 -1 -1 -1000 -1000 -1000 -10 1
74 21 Car -1 -1 -1 1091.95 183.40 1229.50 232.24 -1 -1 -1 -1000 -1000 -1000 -10 1
74 4 Car -1 -1 -1 1032.30 186.63 1159.97 227.31 -1 -1 -1 -1000 -1000 -1000 -10 1
75 39 Car -1 -1 -1 956.05 186.16 1067.64 227.31 -1 -1 -1 -1000 -1000 -1000 -10 1
75 37 Car -1 -1 -1 603.57 171.87 644.77 207.46 -1 -1 -1 -1000 -1000 -1000 -10 1
75 21 Car -1 -1 -1 1091.65 183.55 1229.81 232.19 -1 -1 -1 -1000 -1000 -1000 -10 1
75 4 Car -1 -1 -1 1032.09 186.75 1159.48 227.21 -1 -1 -1 -1000 -1000 -1000 -10 1
76 39 Car -1 -1 -1 955.57 186.42 1068.01 227.07 -1 -1 -1 -1000 -1000 -1000 -10 1
76 21 Car -1 -1 -1 1091.57 183.64 1230.05 232.15 -1 -1 -1 -1000 -1000 -1000 -10 1
76 4 Car -1 -1 -1 1031.90 186.77 1159.63 227.23 -1 -1 -1 -1000 -1000 -1000 -10 1
77 39 Car -1 -1 -1 958.82 182.68 1069.48 226.29 -1 -1 -1 -1000 -1000 -1000 -10 1
77 21 Car -1 -1 -1 1091.15 183.60 1229.97 232.11 -1 -1 -1 -1000 -1000 -1000 -10 1
77 4 Car -1 -1 -1 1032.22 186.72 1159.85 227.15 -1 -1 -1 -1000 -1000 -1000 -10 1
78 39 Car -1 -1 -1 956.08 185.43 1068.17 227.56 -1 -1 -1 -1000 -1000 -1000 -10 1
78 21 Car -1 -1 -1 1091.31 183.64 1230.07 232.21 -1 -1 -1 -1000 -1000 -1000 -10 1
78 4 Car -1 -1 -1 1032.47 186.82 1160.05 227.24 -1 -1 -1 -1000 -1000 -1000 -10 1
79 39 Car -1 -1 -1 957.85 183.59 1069.16 226.54 -1 -1 -1 -1000 -1000 -1000 -10 1
79 21 Car -1 -1 -1 1090.86 183.69 1229.95 232.17 -1 -1 -1 -1000 -1000 -1000 -10 1
79 4 Car -1 -1 -1 1032.21 186.77 1159.68 227.21 -1 -1 -1 -1000 -1000 -1000 -10 1
80 39 Car -1 -1 -1 959.49 181.88 1069.62 226.72 -1 -1 -1 -1000 -1000 -1000 -10 1
80 21 Car -1 -1 -1 1091.22 183.77 1230.09 232.30 -1 -1 -1 -1000 -1000 -1000 -10 1
80 4 Car -1 -1 -1 1032.07 186.71 1160.06 227.23 -1 -1 -1 -1000 -1000 -1000 -10 1
81 47 Car -1 -1 -1 350.76 170.86 425.11 239.96 -1 -1 -1 -1000 -1000 -1000 -10 1
81 46 Car -1 -1 -1 563.73 163.10 611.49 271.16 -1 -1 -1 -1000 -1000 -1000 -10 1
81 39 Car -1 -1 -1 956.24 185.20 1068.16 227.76 -1 -1 -1 -1000 -1000 -1000 -10 1
81 21 Car -1 -1 -1 1091.30 183.77 1230.28 232.31 -1 -1 -1 -1000 -1000 -1000 -10 1
81 4 Car -1 -1 -1 1032.06 186.81 1160.06 227.18 -1 -1 -1 -1000 -1000 -1000 -10 1
82 46 Car -1 -1 -1 552.25 162.00 604.69 274.51 -1 -1 -1 -1000 -1000 -1000 -10 1
82 39 Car -1 -1 -1 957.68 183.40 1069.24 226.52 -1 -1 -1 -1000 -1000 -1000 -10 1
82 21 Car -1 -1 -1 1091.51 183.86 1230.52 232.38 -1 -1 -1 -1000 -1000 -1000 -10 1
82 4 Car -1 -1 -1 1032.29 186.91 1160.16 227.11 -1 -1 -1 -1000 -1000 -1000 -10 1
83 48 Car -1 -1 -1 595.09 172.01 633.74 205.32 -1 -1 -1 -1000 -1000 -1000 -10 1
83 46 Car -1 -1 -1 548.13 163.77 600.17 272.61 -1 -1 -1 -1000 -1000 -1000 -10 1
83 39 Car -1 -1 -1 955.63 185.60 1068.46 227.36 -1 -1 -1 -1000 -1000 -1000 -10 1
83 21 Car -1 -1 -1 1091.62 183.77 1230.62 232.52 -1 -1 -1 -1000 -1000 -1000 -10 1
83 4 Car -1 -1 -1 1032.14 186.73 1160.20 227.13 -1 -1 -1 -1000 -1000 -1000 -10 1
84 48 Car -1 -1 -1 598.30 171.34 635.64 202.56 -1 -1 -1 -1000 -1000 -1000 -10 1
84 39 Car -1 -1 -1 955.04 186.15 1068.64 227.45 -1 -1 -1 -1000 -1000 -1000 -10 1
84 21 Car -1 -1 -1 1091.44 183.73 1230.49 232.47 -1 -1 -1 -1000 -1000 -1000 -10 1
84 4 Car -1 -1 -1 1031.96 186.78 1160.33 227.19 -1 -1 -1 -1000 -1000 -1000 -10 1
85 48 Car -1 -1 -1 599.73 171.79 636.29 202.44 -1 -1 -1 -1000 -1000 -1000 -10 1
85 39 Car -1 -1 -1 954.72 186.31 1068.91 227.25 -1 -1 -1 -1000 -1000 -1000 -10 1
85 21 Car -1 -1 -1 1091.50 183.72 1230.40 232.47 -1 -1 -1 -1000 -1000 -1000 -10 1
85 4 Car -1 -1 -1 1031.85 186.83 1160.31 227.24 -1 -1 -1 -1000 -1000 -1000 -10 1
86 48 Car -1 -1 -1 598.30 171.95 635.08 202.78 -1 -1 -1 -1000 -1000 -1000 -10 1
86 39 Car -1 -1 -1 954.51 186.27 1069.11 227.19 -1 -1 -1 -1000 -1000 -1000 -10 1
86 21 Car -1 -1 -1 1091.25 183.77 1230.44 232.50 -1 -1 -1 -1000 -1000 -1000 -10 1
86 4 Car -1 -1 -1 1031.72 186.85 1160.41 227.19 -1 -1 -1 -1000 -1000 -1000 -10 1
87 48 Car -1 -1 -1 598.49 171.92 635.93 202.85 -1 -1 -1 -1000 -1000 -1000 -10 1
87 39 Car -1 -1 -1 954.27 186.35 1069.39 227.26 -1 -1 -1 -1000 -1000 -1000 -10 1
87 21 Car -1 -1 -1 1091.39 183.86 1230.54 232.67 -1 -1 -1 -1000 -1000 -1000 -10 1
87 4 Car -1 -1 -1 1031.50 186.94 1160.04 227.18 -1 -1 -1 -1000 -1000 -1000 -10 1
