0 2 Car -1 -1 -1 991.46 128.42 1225.18 238.13 -1 -1 -1 -1000 -1000 -1000 -10 1
0 1 Car -1 -1 -1 549.72 189.01 679.54 301.28 -1 -1 -1 -1000 -1000 -1000 -10 1
1 4 Car -1 -1 -1 86.00 176.80 263.44 356.84 -1 -1 -1 -1000 -1000 -1000 -10 1
1 3 Car -1 -1 -1 1018.59 132.01 1203.79 220.21 -1 -1 -1 -1000 -1000 -1000 -10 1
1 2 Car -1 -1 -1 1008.66 129.90 1216.88 230.80 -1 -1 -1 -1000 -1000 -1000 -10 1
1 1 Car -1 -1 -1 555.33 190.60 679.99 301.44 -1 -1 -1 -1000 -1000 -1000 -10 1
2 2 Car -1 -1 -1 1033.58 139.76 1228.18 235.85 -1 -1 -1 -1000 -1000 -1000 -10 1
2 1 Car -1 -1 -1 550.54 187.21 675.90 298.33 -1 -1 -1 -1000 -1000 -1000 -10 1
3 2 Car -1 -1 -1 1066.82 134.60 1228.14 222.29 -1 -1 -1 -1000 -1000 -1000 -10 1
3 1 Car -1 -1 -1 552.79 186.97 676.14 295.18 -1 -1 -1 -1000 -1000 -1000 -10 1
4 5 Car -1 -1 -1 123.46 167.62 287.69 380.71 -1 -1 -1 -1000 -1000 -1000 -10 1
4 1 Car -1 -1 -1 557.98 184.79 678.48 288.31 -1 -1 -1 -1000 -1000 -1000 -10 1
5 1 Car -1 -1 -1 561.58 184.65 677.32 283.17 -1 -1 -1 -1000 -1000 -1000 -10 1
6 1 Car -1 -1 -1 562.34 184.32 675.51 281.79 -1 -1 -1 -1000 -1000 -1000 -10 1
7 1 Car -1 -1 -1 563.46 184.24 675.07 281.04 -1 -1 -1 -1000 -1000 -1000 -10 1
8 1 Car -1 -1 -1 563.84 184.63 675.43 279.79 -1 -1 -1 -1000 -1000 -1000 -10 1
9 1 Car -1 -1 -1 564.68 182.44 672.41 277.91 -1 -1 -1 -1000 -1000 -1000 -10 1
10 1 Car -1 -1 -1 564.53 182.14 670.50 277.87 -1 -1 -1 -1000 -1000 -1000 -10 1
11 1 Car -1 -1 -1 563.07 179.11 669.87 272.17 -1 -1 -1 -1000 -1000 -1000 -10 1
12 1 Car -1 -1 -1 564.15 178.26 670.59 268.28 -1 -1 -1 -1000 -1000 -1000 -10 1
13 13 Car -1 -1 -1 33.65 195.08 204.59 258.73 -1 -1 -1 -1000 -1000 -1000 -10 1
13 1 Car -1 -1 -1 563.87 178.58 668.14 264.16 -1 -1 -1 -1000 -1000 -1000 -10 1
14 1 Car -1 -1 -1 566.25 180.68 665.88 261.42 -1 -1 -1 -1000 -1000 -1000 -10 1
15 1 Car -1 -1 -1 570.09 175.32 657.30 251.35 -1 -1 -1 -1000 -1000 -1000 -10 1
16 1 Car -1 -1 -1 571.59 171.31 649.53 243.03 -1 -1 -1 -1000 -1000 -1000 -10 1
17 1 Car -1 -1 -1 570.65 172.09 643.68 240.30 -1 -1 -1 -1000 -1000 -1000 -10 1
18 1 Car -1 -1 -1 565.39 177.05 639.52 241.68 -1 -1 -1 -1000 -1000 -1000 -10 1
19 18 Car -1 -1 -1 -13.12 198.37 157.06 271.99 -1 -1 -1 -1000 -1000 -1000 -10 1
19 1 Car -1 -1 -1 561.33 175.52 632.59 236.56 -1 -1 -1 -1000 -1000 -1000 -10 1
20 1 Car -1 -1 -1 556.84 176.12 625.17 233.52 -1 -1 -1 -1000 -1000 -1000 -10 1
21 1 Car -1 -1 -1 557.17 177.36 622.24 232.10 -1 -1 -1 -1000 -1000 -1000 -10 1
22 1 Car -1 -1 -1 552.41 176.67 617.18 231.90 -1 -1 -1 -1000 -1000 -1000 -10 1
23 1 Car -1 -1 -1 546.34 176.35 613.23 231.20 -1 -1 -1 -1000 -1000 -1000 -10 1
24 22 Car -1 -1 -1 130.29 193.59 267.03 240.18 -1 -1 -1 -1000 -1000 -1000 -10 1
24 1 Car -1 -1 -1 538.12 178.50 604.80 230.99 -1 -1 -1 -1000 -1000 -1000 -10 1
25 23 Car -1 -1 -1 988.35 156.03 1145.09 201.12 -1 -1 -1 -1000 -1000 -1000 -10 1
25 1 Car -1 -1 -1 535.03 182.69 598.93 234.89 -1 -1 -1 -1000 -1000 -1000 -10 1
26 25 Car -1 -1 -1 1156.93 141.31 1236.44 199.52 -1 -1 -1 -1000 -1000 -1000 -10 1
26 24 Car -1 -1 -1 323.78 180.27 459.91 241.82 -1 -1 -1 -1000 -1000 -1000 -10 1
26 23 Car -1 -1 -1 1018.28 156.89 1172.47 203.82 -1 -1 -1 -1000 -1000 -1000 -10 1
26 1 Car -1 -1 -1 524.57 184.39 587.42 232.35 -1 -1 -1 -1000 -1000 -1000 -10 1
27 24 Car -1 -1 -1 312.28 181.23 448.77 244.95 -1 -1 -1 -1000 -1000 -1000 -10 1
27 1 Car -1 -1 -1 522.95 186.12 584.97 231.81 -1 -1 -1 -1000 -1000 -1000 -10 1
28 1 Car -1 -1 -1 520.15 188.18 579.76 232.65 -1 -1 -1 -1000 -1000 -1000 -10 1
29 1 Car -1 -1 -1 516.41 186.43 574.33 232.15 -1 -1 -1 -1000 -1000 -1000 -10 1
30 31 Car -1 -1 -1 1085.41 149.42 1240.18 215.68 -1 -1 -1 -1000 -1000 -1000 -10 1
30 1 Car -1 -1 -1 512.00 187.37 566.45 229.90 -1 -1 -1 -1000 -1000 -1000 -10 1
31 31 Car -1 -1 -1 1120.62 147.19 1246.89 212.20 -1 -1 -1 -1000 -1000 -1000 -10 1
31 1 Car -1 -1 -1 511.15 185.51 563.52 227.09 -1 -1 -1 -1000 -1000 -1000 -10 1
32 32 Car -1 -1 -1 22.41 196.43 219.49 273.48 -1 -1 -1 -1000 -1000 -1000 -10 1
32 1 Car -1 -1 -1 508.26 183.04 560.07 223.30 -1 -1 -1 -1000 -1000 -1000 -10 1
33 35 Car -1 -1 -1 174.26 182.48 365.52 306.18 -1 -1 -1 -1000 -1000 -1000 -10 1
33 32 Car -1 -1 -1 -24.91 209.34 208.61 325.57 -1 -1 -1 -1000 -1000 -1000 -10 1
33 1 Car -1 -1 -1 511.04 181.48 563.66 219.38 -1 -1 -1 -1000 -1000 -1000 -10 1
34 35 Car -1 -1 -1 155.80 186.92 356.72 324.66 -1 -1 -1 -1000 -1000 -1000 -10 1
34 1 Car -1 -1 -1 518.52 179.84 569.38 218.27 -1 -1 -1 -1000 -1000 -1000 -10 1
35 35 Car -1 -1 -1 120.64 191.10 347.27 346.13 -1 -1 -1 -1000 -1000 -1000 -10 1
35 1 Car -1 -1 -1 531.99 181.28 579.15 217.25 -1 -1 -1 -1000 -1000 -1000 -10 1
36 35 Car -1 -1 -1 59.43 188.60 315.54 353.29 -1 -1 -1 -1000 -1000 -1000 -10 1
36 1 Car -1 -1 -1 544.86 178.64 592.30 212.65 -1 -1 -1 -1000 -1000 -1000 -10 1
37 38 Car -1 -1 -1 361.37 173.91 424.90 201.46 -1 -1 -1 -1000 -1000 -1000 -10 1
37 35 Car -1 -1 -1 4.20 181.14 272.10 359.12 -1 -1 -1 -1000 -1000 -1000 -10 1
37 1 Car -1 -1 -1 565.75 171.32 611.18 204.77 -1 -1 -1 -1000 -1000 -1000 -10 1
38 38 Car -1 -1 -1 362.46 173.75 426.28 201.90 -1 -1 -1 -1000 -1000 -1000 -10 1
38 36 Car -1 -1 -1 642.78 162.55 689.63 195.05 -1 -1 -1 -1000 -1000 -1000 -10 1
38 35 Car -1 -1 -1 -24.27 171.68 216.33 355.09 -1 -1 -1 -1000 -1000 -1000 -10 1
38 1 Car -1 -1 -1 574.11 170.70 618.66 203.92 -1 -1 -1 -1000 -1000 -1000 -10 1
39 41 Car -1 -1 -1 410.35 173.29 468.15 201.77 -1 -1 -1 -1000 -1000 -1000 -10 1
39 38 Car -1 -1 -1 365.90 175.63 433.98 206.70 -1 -1 -1 -1000 -1000 -1000 -10 1
39 36 Car -1 -1 -1 649.88 165.09 694.91 198.63 -1 -1 -1 -1000 -1000 -1000 -10 1
39 35 Car -1 -1 -1 -34.27 162.52 170.84 356.28 -1 -1 -1 -1000 -1000 -1000 -10 1
39 1 Car -1 -1 -1 585.77 174.67 629.52 207.22 -1 -1 -1 -1000 -1000 -1000 -10 1
40 41 Car -1 -1 -1 428.75 174.32 480.75 201.10 -1 -1 -1 -1000 -1000 -1000 -10 1
40 38 Car -1 -1 -1 360.17 177.41 433.99 211.37 -1 -1 -1 -1000 -1000 -1000 -10 1
40 1 Car -1 -1 -1 594.41 172.05 636.34 204.25 -1 -1 -1 -1000 -1000 -1000 -10 1
41 41 Car -1 -1 -1 437.66 176.91 485.92 203.04 -1 -1 -1 -1000 -1000 -1000 -10 1
41 38 Car -1 -1 -1 356.70 181.21 435.20 214.80 -1 -1 -1 -1000 -1000 -1000 -10 1
41 36 Car -1 -1 -1 677.55 167.53 742.73 209.02 -1 -1 -1 -1000 -1000 -1000 -10 1
41 1 Car -1 -1 -1 604.57 177.47 646.46 208.97 -1 -1 -1 -1000 -1000 -1000 -10 1
