0 2 Car -1 -1 -1 1051.49 178.22 1197.05 224.47 -1 -1 -1 -1000 -1000 -1000 -10 1
0 1 Car -1 -1 -1 560.63 161.99 602.53 201.13 -1 -1 -1 -1000 -1000 -1000 -10 1
1 4 Car -1 -1 -1 576.82 161.36 609.97 223.51 -1 -1 -1 -1000 -1000 -1000 -10 1
1 3 Car -1 -1 -1 909.44 181.45 1015.90 220.21 -1 -1 -1 -1000 -1000 -1000 -10 1
1 2 Car -1 -1 -1 1069.73 182.77 1219.74 228.50 -1 -1 -1 -1000 -1000 -1000 -10 1
1 1 Car -1 -1 -1 560.18 161.28 601.33 202.18 -1 -1 -1 -1000 -1000 -1000 -10 1
2 3 Car -1 -1 -1 908.94 184.32 1019.56 222.10 -1 -1 -1 -1000 -1000 -1000 -10 1
2 2 Car -1 -1 -1 1078.96 183.03 1233.05 232.41 -1 -1 -1 -1000 -1000 -1000 -10 1
3 5 Car -1 -1 -1 565.21 160.84 623.65 215.70 -1 -1 -1 -1000 -1000 -1000 -10 1
3 3 Car -1 -1 -1 923.37 184.81 1031.45 221.71 -1 -1 -1 -1000 -1000 -1000 -10 1
3 2 Car -1 -1 -1 1087.81 181.71 1234.19 231.91 -1 -1 -1 -1000 -1000 -1000 -10 1
4 5 Car -1 -1 -1 558.26 162.01 625.45 218.89 -1 -1 -1 -1000 -1000 -1000 -10 1
4 2 Car -1 -1 -1 1101.24 182.41 1236.91 233.01 -1 -1 -1 -1000 -1000 -1000 -10 1
5 5 Car -1 -1 -1 564.39 161.35 631.48 217.62 -1 -1 -1 -1000 -1000 -1000 -10 1
5 2 Car -1 -1 -1 1114.17 178.92 1239.99 227.31 -1 -1 -1 -1000 -1000 -1000 -10 1
6 5 Car -1 -1 -1 567.93 162.95 645.91 217.21 -1 -1 -1 -1000 -1000 -1000 -10 1
6 2 Car -1 -1 -1 1122.10 179.98 1232.55 226.63 -1 -1 -1 -1000 -1000 -1000 -10 1
7 7 Car -1 -1 -1 931.12 184.63 1042.14 225.77 -1 -1 -1 -1000 -1000 -1000 -10 1
7 2 Car -1 -1 -1 1131.55 176.40 1232.13 226.00 -1 -1 -1 -1000 -1000 -1000 -10 1
8 7 Car -1 -1 -1 951.17 186.08 1055.64 225.95 -1 -1 -1 -1000 -1000 -1000 -10 1
8 2 Car -1 -1 -1 1145.81 171.24 1235.18 227.64 -1 -1 -1 -1000 -1000 -1000 -10 1
9 7 Car -1 -1 -1 959.22 187.25 1055.69 225.28 -1 -1 -1 -1000 -1000 -1000 -10 1
9 5 Car -1 -1 -1 582.92 169.71 686.11 224.09 -1 -1 -1 -1000 -1000 -1000 -10 1
10 7 Car -1 -1 -1 960.65 183.05 1058.39 222.07 -1 -1 -1 -1000 -1000 -1000 -10 1
11 7 Car -1 -1 -1 961.43 182.68 1059.81 222.09 -1 -1 -1 -1000 -1000 -1000 -10 1
11 5 Car -1 -1 -1 605.37 169.45 730.78 223.96 -1 -1 -1 -1000 -1000 -1000 -10 1
12 17 Car -1 -1 -1 1019.21 182.38 1151.08 230.21 -1 -1 -1 -1000 -1000 -1000 -10 1
12 16 Car -1 -1 -1 1101.06 183.68 1232.73 232.32 -1 -1 -1 -1000 -1000 -1000 -10 1
12 7 Car -1 -1 -1 971.08 181.14 1074.51 222.52 -1 -1 -1 -1000 -1000 -1000 -10 1
12 5 Car -1 -1 -1 611.41 166.11 741.02 227.90 -1 -1 -1 -1000 -1000 -1000 -10 1
13 17 Car -1 -1 -1 1033.99 181.57 1161.31 223.34 -1 -1 -1 -1000 -1000 -1000 -10 1
13 16 Car -1 -1 -1 1105.96 187.07 1232.70 234.68 -1 -1 -1 -1000 -1000 -1000 -10 1
13 7 Car -1 -1 -1 973.04 178.01 1080.31 220.35 -1 -1 -1 -1000 -1000 -1000 -10 1
14 17 Car -1 -1 -1 1038.28 181.86 1168.07 223.23 -1 -1 -1 -1000 -1000 -1000 -10 1
14 16 Car -1 -1 -1 1103.71 188.69 1232.89 237.73 -1 -1 -1 -1000 -1000 -1000 -10 1
14 7 Car -1 -1 -1 971.61 175.99 1083.11 219.89 -1 -1 -1 -1000 -1000 -1000 -10 1
15 17 Car -1 -1 -1 1036.46 183.55 1161.55 227.05 -1 -1 -1 -1000 -1000 -1000 -10 1
15 16 Car -1 -1 -1 1121.02 185.05 1235.70 229.89 -1 -1 -1 -1000 -1000 -1000 -10 1
15 7 Car -1 -1 -1 974.62 175.27 1089.67 219.66 -1 -1 -1 -1000 -1000 -1000 -10 1
16 17 Car -1 -1 -1 1051.92 183.69 1184.97 227.95 -1 -1 -1 -1000 -1000 -1000 -10 1
16 7 Car -1 -1 -1 975.47 175.52 1093.43 222.58 -1 -1 -1 -1000 -1000 -1000 -10 1
17 17 Car -1 -1 -1 1053.59 182.81 1195.16 231.74 -1 -1 -1 -1000 -1000 -1000 -10 1
17 7 Car -1 -1 -1 979.75 176.97 1103.98 225.47 -1 -1 -1 -1000 -1000 -1000 -10 1
18 20 Car -1 -1 -1 747.11 166.83 904.28 242.07 -1 -1 -1 -1000 -1000 -1000 -10 1
18 17 Car -1 -1 -1 1053.41 183.80 1197.10 232.51 -1 -1 -1 -1000 -1000 -1000 -10 1
18 7 Car -1 -1 -1 983.52 180.13 1111.99 228.34 -1 -1 -1 -1000 -1000 -1000 -10 1
19 21 Car -1 -1 -1 522.09 175.56 565.15 205.83 -1 -1 -1 -1000 -1000 -1000 -10 1
19 20 Car -1 -1 -1 780.62 165.79 924.93 235.27 -1 -1 -1 -1000 -1000 -1000 -10 1
19 17 Car -1 -1 -1 1066.68 181.66 1208.46 230.19 -1 -1 -1 -1000 -1000 -1000 -10 1
19 7 Car -1 -1 -1 989.80 182.74 1115.73 231.59 -1 -1 -1 -1000 -1000 -1000 -10 1
20 21 Car -1 -1 -1 521.62 177.23 563.44 208.87 -1 -1 -1 -1000 -1000 -1000 -10 1
20 20 Car -1 -1 -1 787.44 176.35 947.42 257.74 -1 -1 -1 -1000 -1000 -1000 -10 1
20 17 Car -1 -1 -1 1069.34 182.51 1213.25 232.49 -1 -1 -1 -1000 -1000 -1000 -10 1
20 7 Car -1 -1 -1 1001.14 182.46 1121.78 230.50 -1 -1 -1 -1000 -1000 -1000 -10 1
21 17 Car -1 -1 -1 1070.24 184.30 1214.47 235.49 -1 -1 -1 -1000 -1000 -1000 -10 1
21 7 Car -1 -1 -1 995.66 184.17 1120.62 233.20 -1 -1 -1 -1000 -1000 -1000 -10 1
22 17 Car -1 -1 -1 1081.49 183.87 1221.62 234.97 -1 -1 -1 -1000 -1000 -1000 -10 1
22 7 Car -1 -1 -1 1001.67 184.35 1137.25 233.65 -1 -1 -1 -1000 -1000 -1000 -10 1
23 7 Car -1 -1 -1 1021.65 185.62 1160.24 237.95 -1 -1 -1 -1000 -1000 -1000 -10 1
24 7 Car -1 -1 -1 1072.73 181.55 1209.41 236.31 -1 -1 -1 -1000 -1000 -1000 -10 1
25 35 Car -1 -1 -1 971.96 170.85 1163.71 258.05 -1 -1 -1 -1000 -1000 -1000 -10 1
25 33 Car -1 -1 -1 491.08 180.71 541.43 216.94 -1 -1 -1 -1000 -1000 -1000 -10 1
25 7 Car -1 -1 -1 1101.26 182.06 1233.87 246.36 -1 -1 -1 -1000 -1000 -1000 -10 1
26 35 Car -1 -1 -1 1002.97 163.64 1209.54 250.92 -1 -1 -1 -1000 -1000 -1000 -10 1
26 33 Car -1 -1 -1 485.30 181.95 534.06 218.40 -1 -1 -1 -1000 -1000 -1000 -10 1
27 35 Car -1 -1 -1 1039.66 166.10 1241.59 251.39 -1 -1 -1 -1000 -1000 -1000 -10 1
27 33 Car -1 -1 -1 484.82 183.87 532.75 223.53 -1 -1 -1 -1000 -1000 -1000 -10 1
28 35 Car -1 -1 -1 1063.94 167.37 1241.64 251.61 -1 -1 -1 -1000 -1000 -1000 -10 1
28 33 Car -1 -1 -1 469.72 184.30 522.82 233.12 -1 -1 -1 -1000 -1000 -1000 -10 1
29 37 Car -1 -1 -1 375.08 178.94 456.74 264.24 -1 -1 -1 -1000 -1000 -1000 -10 1
29 35 Car -1 -1 -1 1081.81 169.95 1231.03 246.43 -1 -1 -1 -1000 -1000 -1000 -10 1
30 35 Car -1 -1 -1 1097.90 174.01 1238.02 251.30 -1 -1 -1 -1000 -1000 -1000 -10 1
31 35 Car -1 -1 -1 1098.95 177.18 1226.93 248.04 -1 -1 -1 -1000 -1000 -1000 -10 1
32 35 Car -1 -1 -1 1123.75 176.12 1233.84 238.21 -1 -1 -1 -1000 -1000 -1000 -10 1
33 39 Car -1 -1 -1 1018.10 183.23 1152.48 237.18 -1 -1 -1 -1000 -1000 -1000 -10 1
33 35 Car -1 -1 -1 1107.48 182.84 1216.56 240.35 -1 -1 -1 -1000 -1000 -1000 -10 1
34 35 Car -1 -1 -1 1102.97 187.92 1216.56 240.95 -1 -1 -1 -1000 -1000 -1000 -10 1
35 35 Car -1 -1 -1 1111.05 187.63 1224.48 238.12 -1 -1 -1 -1000 -1000 -1000 -10 1
36 44 Car -1 -1 -1 408.52 177.88 515.31 250.08 -1 -1 -1 -1000 -1000 -1000 -10 1
36 35 Car -1 -1 -1 1112.28 189.25 1224.40 242.52 -1 -1 -1 -1000 -1000 -1000 -10 1
37 44 Car -1 -1 -1 394.97 179.43 509.34 256.77 -1 -1 -1 -1000 -1000 -1000 -10 1
37 35 Car -1 -1 -1 1099.90 187.63 1219.23 244.17 -1 -1 -1 -1000 -1000 -1000 -10 1
38 44 Car -1 -1 -1 380.01 178.77 503.49 258.98 -1 -1 -1 -1000 -1000 -1000 -10 1
38 35 Car -1 -1 -1 1082.23 184.80 1214.05 243.29 -1 -1 -1 -1000 -1000 -1000 -10 1
39 44 Car -1 -1 -1 365.73 181.01 496.25 264.84 -1 -1 -1 -1000 -1000 -1000 -10 1
39 35 Car -1 -1 -1 1039.67 188.84 1187.42 255.23 -1 -1 -1 -1000 -1000 -1000 -10 1
40 44 Car -1 -1 -1 353.70 182.06 486.98 270.92 -1 -1 -1 -1000 -1000 -1000 -10 1
41 44 Car -1 -1 -1 333.61 180.08 481.23 281.81 -1 -1 -1 -1000 -1000 -1000 -10 1
42 44 Car -1 -1 -1 308.60 184.49 469.09 291.80 -1 -1 -1 -1000 -1000 -1000 -10 1
43 44 Car -1 -1 -1 282.78 187.14 455.04 301.12 -1 -1 -1 -1000 -1000 -1000 -10 1
44 44 Car -1 -1 -1 250.60 185.48 443.48 313.29 -1 -1 -1 -1000 -1000 -1000 -10 1
45 50 Car -1 -1 -1 1102.14 183.55 1221.11 232.01 -1 -1 -1 -1000 -1000 -1000 -10 1
45 44 Car -1 -1 -1 209.17 189.93 424.92 330.95 -1 -1 -1 -1000 -1000 -1000 -10 1
46 50 Car -1 -1 -1 1104.19 185.89 1222.57 236.43 -1 -1 -1 -1000 -1000 -1000 -10 1
46 44 Car -1 -1 -1 159.45 194.82 403.68 353.01 -1 -1 -1 -1000 -1000 -1000 -10 1
47 50 Car -1 -1 -1 1106.05 187.35 1223.36 239.49 -1 -1 -1 -1000 -1000 -1000 -10 1
47 44 Car -1 -1 -1 77.90 192.02 379.40 365.99 -1 -1 -1 -1000 -1000 -1000 -10 1
48 50 Car -1 -1 -1 1105.62 187.99 1222.90 239.68 -1 -1 -1 -1000 -1000 -1000 -10 1
48 44 Car -1 -1 -1 13.81 190.51 370.85 371.10 -1 -1 -1 -1000 -1000 -1000 -10 1
49 50 Car -1 -1 -1 1102.83 187.67 1222.35 238.71 -1 -1 -1 -1000 -1000 -1000 -10 1
49 44 Car -1 -1 -1 -6.53 190.16 359.71 371.93 -1 -1 -1 -1000 -1000 -1000 -10 1
50 50 Car -1 -1 -1 1101.32 187.07 1222.19 237.36 -1 -1 -1 -1000 -1000 -1000 -10 1
50 44 Car -1 -1 -1 -15.43 194.68 346.94 372.69 -1 -1 -1 -1000 -1000 -1000 -10 1
51 50 Car -1 -1 -1 1102.04 188.89 1224.95 238.75 -1 -1 -1 -1000 -1000 -1000 -10 1
51 44 Car -1 -1 -1 -29.73 198.52 307.52 371.95 -1 -1 -1 -1000 -1000 -1000 -10 1
52 50 Car -1 -1 -1 1102.60 189.54 1226.96 239.07 -1 -1 -1 -1000 -1000 -1000 -10 1
52 44 Car -1 -1 -1 -41.14 208.52 237.93 377.49 -1 -1 -1 -1000 -1000 -1000 -10 1
53 50 Car -1 -1 -1 1103.32 183.70 1226.82 235.00 -1 -1 -1 -1000 -1000 -1000 -10 1
54 57 Car -1 -1 -1 615.40 176.20 653.68 204.36 -1 -1 -1 -1000 -1000 -1000 -10 1
54 50 Car -1 -1 -1 1111.84 182.49 1230.15 232.72 -1 -1 -1 -1000 -1000 -1000 -10 1
55 57 Car -1 -1 -1 616.09 176.36 653.26 203.91 -1 -1 -1 -1000 -1000 -1000 -10 1
56 57 Car -1 -1 -1 621.82 175.74 657.34 204.62 -1 -1 -1 -1000 -1000 -1000 -10 1
57 57 Car -1 -1 -1 623.19 176.17 662.16 205.05 -1 -1 -1 -1000 -1000 -1000 -10 1
65 65 Car -1 -1 -1 1115.89 162.32 1225.81 365.98 -1 -1 -1 -1000 -1000 -1000 -10 1
69 69 Car -1 -1 -1 620.78 174.63 673.28 213.09 -1 -1 -1 -1000 -1000 -1000 -10 1
70 69 Car -1 -1 -1 614.31 175.23 663.86 212.83 -1 -1 -1 -1000 -1000 -1000 -10 1
71 69 Car -1 -1 -1 610.53 174.05 661.53 212.61 -1 -1 -1 -1000 -1000 -1000 -10 1
72 69 Car -1 -1 -1 611.65 173.36 662.71 212.36 -1 -1 -1 -1000 -1000 -1000 -10 1
73 69 Car -1 -1 -1 611.39 172.95 661.09 211.21 -1 -1 -1 -1000 -1000 -1000 -10 1
74 69 Car -1 -1 -1 615.79 174.29 665.16 212.28 -1 -1 -1 -1000 -1000 -1000 -10 1
75 69 Car -1 -1 -1 619.02 177.59 669.84 216.59 -1 -1 -1 -1000 -1000 -1000 -10 1
76 69 Car -1 -1 -1 620.94 179.07 672.95 219.13 -1 -1 -1 -1000 -1000 -1000 -10 1
77 69 Car -1 -1 -1 623.42 179.76 675.62 220.25 -1 -1 -1 -1000 -1000 -1000 -10 1
78 69 Car -1 -1 -1 626.61 177.91 681.00 219.76 -1 -1 -1 -1000 -1000 -1000 -10 1
79 69 Car -1 -1 -1 628.75 175.34 685.77 218.73 -1 -1 -1 -1000 -1000 -1000 -10 1
82 69 Car -1 -1 -1 634.63 179.32 694.41 222.37 -1 -1 -1 -1000 -1000 -1000 -10 1
83 69 Car -1 -1 -1 636.15 176.43 696.77 220.31 -1 -1 -1 -1000 -1000 -1000 -10 1
84 69 Car -1 -1 -1 637.40 173.54 698.95 219.10 -1 -1 -1 -1000 -1000 -1000 -10 1
85 69 Car -1 -1 -1 638.58 172.19 701.19 219.40 -1 -1 -1 -1000 -1000 -1000 -10 1
86 69 Car -1 -1 -1 637.72 172.03 703.49 221.78 -1 -1 -1 -1000 -1000 -1000 -10 1
