0 3 Car -1 -1 -1 384.27 176.99 511.45 232.33 -1 -1 -1 -1000 -1000 -1000 -10 1
0 2 Car -1 -1 -1 322.59 195.49 454.83 284.88 -1 -1 -1 -1000 -1000 -1000 -10 1
0 1 Car -1 -1 -1 1.65 210.03 360.87 364.94 -1 -1 -1 -1000 -1000 -1000 -10 1
1 4 Car -1 -1 -1 386.79 172.90 505.42 237.47 -1 -1 -1 -1000 -1000 -1000 -10 1
1 3 Car -1 -1 -1 383.71 176.09 511.76 233.94 -1 -1 -1 -1000 -1000 -1000 -10 1
1 2 Car -1 -1 -1 304.08 197.77 442.50 286.13 -1 -1 -1 -1000 -1000 -1000 -10 1
1 1 Car -1 -1 -1 -4.97 208.34 341.34 368.75 -1 -1 -1 -1000 -1000 -1000 -10 1
2 4 Car -1 -1 -1 387.61 175.82 504.47 240.00 -1 -1 -1 -1000 -1000 -1000 -10 1
2 3 Car -1 -1 -1 379.59 176.21 509.83 236.42 -1 -1 -1 -1000 -1000 -1000 -10 1
2 2 Car -1 -1 -1 282.29 196.64 434.79 291.31 -1 -1 -1 -1000 -1000 -1000 -10 1
2 1 Car -1 -1 -1 -2.88 212.47 324.80 370.88 -1 -1 -1 -1000 -1000 -1000 -10 1
3 3 Car -1 -1 -1 377.07 174.55 511.03 239.76 -1 -1 -1 -1000 -1000 -1000 -10 1
3 2 Car -1 -1 -1 259.29 196.07 430.60 299.18 -1 -1 -1 -1000 -1000 -1000 -10 1
3 1 Car -1 -1 -1 -0.39 217.29 279.84 362.97 -1 -1 -1 -1000 -1000 -1000 -10 1
4 4 Car -1 -1 -1 385.81 170.27 505.45 241.56 -1 -1 -1 -1000 -1000 -1000 -10 1
4 3 Car -1 -1 -1 375.72 173.85 509.64 242.46 -1 -1 -1 -1000 -1000 -1000 -10 1
4 2 Car -1 -1 -1 231.91 196.47 427.82 313.67 -1 -1 -1 -1000 -1000 -1000 -10 1
4 1 Car -1 -1 -1 -7.76 224.51 254.88 368.27 -1 -1 -1 -1000 -1000 -1000 -10 1
5 4 Car -1 -1 -1 381.02 170.75 503.01 244.68 -1 -1 -1 -1000 -1000 -1000 -10 1
5 2 Car -1 -1 -1 206.53 196.13 420.43 323.69 -1 -1 -1 -1000 -1000 -1000 -10 1
5 1 Car -1 -1 -1 -6.94 230.06 215.63 360.61 -1 -1 -1 -1000 -1000 -1000 -10 1
6 4 Car -1 -1 -1 378.68 169.33 501.69 244.80 -1 -1 -1 -1000 -1000 -1000 -10 1
6 2 Car -1 -1 -1 178.40 192.47 412.39 332.00 -1 -1 -1 -1000 -1000 -1000 -10 1
6 1 Car -1 -1 -1 -19.65 241.69 151.39 357.85 -1 -1 -1 -1000 -1000 -1000 -10 1
7 4 Car -1 -1 -1 370.90 169.66 494.27 245.83 -1 -1 -1 -1000 -1000 -1000 -10 1
7 2 Car -1 -1 -1 144.91 191.87 401.18 343.29 -1 -1 -1 -1000 -1000 -1000 -10 1
8 4 Car -1 -1 -1 359.10 170.58 494.25 251.85 -1 -1 -1 -1000 -1000 -1000 -10 1
8 2 Car -1 -1 -1 109.49 195.84 384.32 351.70 -1 -1 -1 -1000 -1000 -1000 -10 1
9 2 Car -1 -1 -1 61.32 200.63 367.59 367.25 -1 -1 -1 -1000 -1000 -1000 -10 1
10 7 Car -1 -1 -1 337.86 158.95 479.86 256.92 -1 -1 -1 -1000 -1000 -1000 -10 1
10 2 Car -1 -1 -1 18.93 203.79 343.79 370.71 -1 -1 -1 -1000 -1000 -1000 -10 1
11 7 Car -1 -1 -1 330.37 160.43 474.89 263.82 -1 -1 -1 -1000 -1000 -1000 -10 1
11 2 Car -1 -1 -1 -7.05 200.76 336.09 375.89 -1 -1 -1 -1000 -1000 -1000 -10 1
12 8 Car -1 -1 -1 431.28 172.09 499.69 207.64 -1 -1 -1 -1000 -1000 -1000 -10 1
12 7 Car -1 -1 -1 318.94 159.74 471.56 268.00 -1 -1 -1 -1000 -1000 -1000 -10 1
12 2 Car -1 -1 -1 -19.95 198.35 324.99 376.75 -1 -1 -1 -1000 -1000 -1000 -10 1
13 8 Car -1 -1 -1 427.27 172.68 491.81 206.05 -1 -1 -1 -1000 -1000 -1000 -10 1
13 7 Car -1 -1 -1 305.70 161.67 460.21 272.80 -1 -1 -1 -1000 -1000 -1000 -10 1
13 2 Car -1 -1 -1 -29.34 199.16 303.65 375.54 -1 -1 -1 -1000 -1000 -1000 -10 1
14 8 Car -1 -1 -1 424.20 173.33 487.38 206.05 -1 -1 -1 -1000 -1000 -1000 -10 1
14 7 Car -1 -1 -1 293.73 165.60 453.18 282.76 -1 -1 -1 -1000 -1000 -1000 -10 1
14 2 Car -1 -1 -1 -34.72 202.15 283.19 378.91 -1 -1 -1 -1000 -1000 -1000 -10 1
15 8 Car -1 -1 -1 419.64 173.46 481.01 206.95 -1 -1 -1 -1000 -1000 -1000 -10 1
15 7 Car -1 -1 -1 277.85 165.27 443.99 289.49 -1 -1 -1 -1000 -1000 -1000 -10 1
15 2 Car -1 -1 -1 -38.75 203.49 259.05 379.59 -1 -1 -1 -1000 -1000 -1000 -10 1
16 8 Car -1 -1 -1 413.80 172.81 475.74 207.59 -1 -1 -1 -1000 -1000 -1000 -10 1
16 7 Car -1 -1 -1 260.23 169.51 437.06 303.28 -1 -1 -1 -1000 -1000 -1000 -10 1
16 2 Car -1 -1 -1 -44.04 210.45 224.10 382.73 -1 -1 -1 -1000 -1000 -1000 -10 1
17 8 Car -1 -1 -1 409.24 172.56 471.25 207.81 -1 -1 -1 -1000 -1000 -1000 -10 1
17 7 Car -1 -1 -1 242.33 171.06 427.10 315.13 -1 -1 -1 -1000 -1000 -1000 -10 1
17 2 Car -1 -1 -1 -44.82 212.05 189.68 381.60 -1 -1 -1 -1000 -1000 -1000 -10 1
18 8 Car -1 -1 -1 404.11 173.28 467.24 209.29 -1 -1 -1 -1000 -1000 -1000 -10 1
18 7 Car -1 -1 -1 221.70 167.46 416.08 325.18 -1 -1 -1 -1000 -1000 -1000 -10 1
19 8 Car -1 -1 -1 400.94 173.03 464.04 209.59 -1 -1 -1 -1000 -1000 -1000 -10 1
19 7 Car -1 -1 -1 198.17 166.42 405.80 335.34 -1 -1 -1 -1000 -1000 -1000 -10 1
20 8 Car -1 -1 -1 396.22 172.58 460.24 210.31 -1 -1 -1 -1000 -1000 -1000 -10 1
20 7 Car -1 -1 -1 166.07 163.64 393.78 347.22 -1 -1 -1 -1000 -1000 -1000 -10 1
21 8 Car -1 -1 -1 392.54 170.68 458.45 209.80 -1 -1 -1 -1000 -1000 -1000 -10 1
21 7 Car -1 -1 -1 135.40 160.88 384.50 360.51 -1 -1 -1 -1000 -1000 -1000 -10 1
22 15 Car -1 -1 -1 282.15 175.31 409.97 239.48 -1 -1 -1 -1000 -1000 -1000 -10 1
22 8 Car -1 -1 -1 388.45 170.43 456.94 210.16 -1 -1 -1 -1000 -1000 -1000 -10 1
22 7 Car -1 -1 -1 104.95 160.13 356.70 364.77 -1 -1 -1 -1000 -1000 -1000 -10 1
23 15 Car -1 -1 -1 277.07 173.04 406.21 240.98 -1 -1 -1 -1000 -1000 -1000 -10 1
23 12 Car -1 -1 -1 1119.91 155.56 1257.19 217.72 -1 -1 -1 -1000 -1000 -1000 -10 1
23 8 Car -1 -1 -1 383.83 170.13 454.77 211.03 -1 -1 -1 -1000 -1000 -1000 -10 1
24 16 Car -1 -1 -1 10.22 146.31 311.89 378.08 -1 -1 -1 -1000 -1000 -1000 -10 1
24 15 Car -1 -1 -1 273.55 174.76 397.86 242.60 -1 -1 -1 -1000 -1000 -1000 -10 1
24 8 Car -1 -1 -1 377.04 172.95 452.60 215.28 -1 -1 -1 -1000 -1000 -1000 -10 1
25 16 Car -1 -1 -1 -1.28 153.80 293.68 378.59 -1 -1 -1 -1000 -1000 -1000 -10 1
25 15 Car -1 -1 -1 269.66 177.18 390.11 244.86 -1 -1 -1 -1000 -1000 -1000 -10 1
25 8 Car -1 -1 -1 367.61 173.61 447.10 217.52 -1 -1 -1 -1000 -1000 -1000 -10 1
26 16 Car -1 -1 -1 -8.69 142.38 280.67 372.56 -1 -1 -1 -1000 -1000 -1000 -10 1
26 15 Car -1 -1 -1 263.78 177.26 385.06 248.10 -1 -1 -1 -1000 -1000 -1000 -10 1
26 8 Car -1 -1 -1 362.68 178.53 445.88 222.96 -1 -1 -1 -1000 -1000 -1000 -10 1
27 16 Car -1 -1 -1 -13.35 155.73 249.40 375.14 -1 -1 -1 -1000 -1000 -1000 -10 1
27 15 Car -1 -1 -1 254.91 176.66 379.48 250.73 -1 -1 -1 -1000 -1000 -1000 -10 1
27 8 Car -1 -1 -1 358.39 176.76 442.29 221.83 -1 -1 -1 -1000 -1000 -1000 -10 1
28 16 Car -1 -1 -1 -15.17 161.63 222.50 371.01 -1 -1 -1 -1000 -1000 -1000 -10 1
28 15 Car -1 -1 -1 244.45 179.96 375.04 254.99 -1 -1 -1 -1000 -1000 -1000 -10 1
28 8 Car -1 -1 -1 355.56 176.12 439.18 222.13 -1 -1 -1 -1000 -1000 -1000 -10 1
29 16 Car -1 -1 -1 -17.36 159.32 193.48 362.13 -1 -1 -1 -1000 -1000 -1000 -10 1
29 15 Car -1 -1 -1 237.25 180.49 373.64 258.41 -1 -1 -1 -1000 -1000 -1000 -10 1
29 8 Car -1 -1 -1 351.12 179.04 437.02 225.09 -1 -1 -1 -1000 -1000 -1000 -10 1
30 16 Car -1 -1 -1 -8.62 160.87 177.87 357.26 -1 -1 -1 -1000 -1000 -1000 -10 1
30 15 Car -1 -1 -1 231.15 185.33 369.25 264.20 -1 -1 -1 -1000 -1000 -1000 -10 1
30 8 Car -1 -1 -1 348.77 185.05 433.30 231.68 -1 -1 -1 -1000 -1000 -1000 -10 1
31 16 Car -1 -1 -1 -10.27 169.94 155.24 364.43 -1 -1 -1 -1000 -1000 -1000 -10 1
31 15 Car -1 -1 -1 223.49 191.81 363.86 271.26 -1 -1 -1 -1000 -1000 -1000 -10 1
31 8 Car -1 -1 -1 343.99 192.67 430.62 240.92 -1 -1 -1 -1000 -1000 -1000 -10 1
32 16 Car -1 -1 -1 -10.27 179.65 142.75 367.22 -1 -1 -1 -1000 -1000 -1000 -10 1
32 15 Car -1 -1 -1 213.18 201.98 358.76 284.64 -1 -1 -1 -1000 -1000 -1000 -10 1
32 8 Car -1 -1 -1 339.62 199.91 427.89 250.85 -1 -1 -1 -1000 -1000 -1000 -10 1
33 16 Car -1 -1 -1 -12.99 190.46 119.41 368.02 -1 -1 -1 -1000 -1000 -1000 -10 1
33 15 Car -1 -1 -1 202.50 208.10 355.85 298.45 -1 -1 -1 -1000 -1000 -1000 -10 1
33 8 Car -1 -1 -1 335.61 208.34 425.03 260.75 -1 -1 -1 -1000 -1000 -1000 -10 1
34 15 Car -1 -1 -1 189.50 211.41 350.35 308.52 -1 -1 -1 -1000 -1000 -1000 -10 1
34 8 Car -1 -1 -1 329.80 214.39 422.00 268.82 -1 -1 -1 -1000 -1000 -1000 -10 1
35 15 Car -1 -1 -1 180.61 213.91 348.80 316.68 -1 -1 -1 -1000 -1000 -1000 -10 1
35 8 Car -1 -1 -1 326.53 219.74 423.14 273.98 -1 -1 -1 -1000 -1000 -1000 -10 1
36 15 Car -1 -1 -1 170.97 217.48 346.64 325.04 -1 -1 -1 -1000 -1000 -1000 -10 1
36 8 Car -1 -1 -1 320.94 222.45 421.37 277.09 -1 -1 -1 -1000 -1000 -1000 -10 1
37 15 Car -1 -1 -1 160.67 224.66 342.30 330.34 -1 -1 -1 -1000 -1000 -1000 -10 1
37 8 Car -1 -1 -1 315.16 223.78 415.10 279.63 -1 -1 -1 -1000 -1000 -1000 -10 1
38 15 Car -1 -1 -1 152.78 228.53 335.86 333.53 -1 -1 -1 -1000 -1000 -1000 -10 1
38 8 Car -1 -1 -1 313.86 225.05 412.80 282.18 -1 -1 -1 -1000 -1000 -1000 -10 1
39 15 Car -1 -1 -1 147.72 226.51 332.28 333.03 -1 -1 -1 -1000 -1000 -1000 -10 1
39 8 Car -1 -1 -1 314.94 224.67 417.11 281.13 -1 -1 -1 -1000 -1000 -1000 -10 1
40 15 Car -1 -1 -1 137.20 216.05 333.16 330.91 -1 -1 -1 -1000 -1000 -1000 -10 1
40 8 Car -1 -1 -1 311.94 220.89 416.09 278.98 -1 -1 -1 -1000 -1000 -1000 -10 1
41 15 Car -1 -1 -1 125.97 208.28 332.50 328.88 -1 -1 -1 -1000 -1000 -1000 -10 1
41 8 Car -1 -1 -1 311.49 214.34 419.81 270.01 -1 -1 -1 -1000 -1000 -1000 -10 1
42 15 Car -1 -1 -1 118.17 202.27 331.29 326.81 -1 -1 -1 -1000 -1000 -1000 -10 1
42 8 Car -1 -1 -1 318.33 208.22 426.57 266.61 -1 -1 -1 -1000 -1000 -1000 -10 1
43 15 Car -1 -1 -1 114.23 199.45 333.67 326.81 -1 -1 -1 -1000 -1000 -1000 -10 1
43 8 Car -1 -1 -1 319.08 205.47 431.56 263.56 -1 -1 -1 -1000 -1000 -1000 -10 1
44 15 Car -1 -1 -1 108.79 198.20 335.99 328.64 -1 -1 -1 -1000 -1000 -1000 -10 1
44 8 Car -1 -1 -1 319.02 204.39 434.92 262.00 -1 -1 -1 -1000 -1000 -1000 -10 1
45 15 Car -1 -1 -1 103.97 197.54 337.89 330.68 -1 -1 -1 -1000 -1000 -1000 -10 1
45 8 Car -1 -1 -1 318.60 204.98 437.70 262.03 -1 -1 -1 -1000 -1000 -1000 -10 1
46 15 Car -1 -1 -1 98.47 198.25 339.28 334.08 -1 -1 -1 -1000 -1000 -1000 -10 1
46 8 Car -1 -1 -1 318.45 204.92 441.38 262.30 -1 -1 -1 -1000 -1000 -1000 -10 1
47 15 Car -1 -1 -1 93.25 198.50 340.75 336.86 -1 -1 -1 -1000 -1000 -1000 -10 1
47 8 Car -1 -1 -1 324.32 204.41 448.28 261.71 -1 -1 -1 -1000 -1000 -1000 -10 1
48 15 Car -1 -1 -1 86.16 199.49 342.08 341.42 -1 -1 -1 -1000 -1000 -1000 -10 1
48 8 Car -1 -1 -1 329.41 204.33 454.90 261.70 -1 -1 -1 -1000 -1000 -1000 -10 1
49 15 Car -1 -1 -1 79.75 200.64 344.01 345.06 -1 -1 -1 -1000 -1000 -1000 -10 1
49 8 Car -1 -1 -1 332.99 203.60 460.87 261.82 -1 -1 -1 -1000 -1000 -1000 -10 1
50 15 Car -1 -1 -1 68.22 204.65 343.79 348.41 -1 -1 -1 -1000 -1000 -1000 -10 1
50 8 Car -1 -1 -1 336.02 203.51 467.22 262.16 -1 -1 -1 -1000 -1000 -1000 -10 1
51 15 Car -1 -1 -1 59.89 205.31 346.51 352.47 -1 -1 -1 -1000 -1000 -1000 -10 1
51 8 Car -1 -1 -1 341.54 202.43 472.26 263.97 -1 -1 -1 -1000 -1000 -1000 -10 1
52 15 Car -1 -1 -1 48.66 206.54 351.23 359.83 -1 -1 -1 -1000 -1000 -1000 -10 1
52 8 Car -1 -1 -1 343.02 202.51 473.76 265.87 -1 -1 -1 -1000 -1000 -1000 -10 1
53 15 Car -1 -1 -1 37.15 207.60 354.63 366.55 -1 -1 -1 -1000 -1000 -1000 -10 1
53 8 Car -1 -1 -1 354.40 204.83 486.68 267.84 -1 -1 -1 -1000 -1000 -1000 -10 1
54 15 Car -1 -1 -1 20.53 205.75 360.03 369.24 -1 -1 -1 -1000 -1000 -1000 -10 1
54 8 Car -1 -1 -1 359.80 206.82 494.02 270.18 -1 -1 -1 -1000 -1000 -1000 -10 1
55 15 Car -1 -1 -1 9.28 206.03 364.17 371.44 -1 -1 -1 -1000 -1000 -1000 -10 1
55 8 Car -1 -1 -1 366.00 207.09 502.41 271.22 -1 -1 -1 -1000 -1000 -1000 -10 1
56 15 Car -1 -1 -1 0.66 204.79 368.50 371.41 -1 -1 -1 -1000 -1000 -1000 -10 1
56 8 Car -1 -1 -1 370.90 207.92 510.25 273.25 -1 -1 -1 -1000 -1000 -1000 -10 1
57 15 Car -1 -1 -1 -2.62 203.50 368.90 370.49 -1 -1 -1 -1000 -1000 -1000 -10 1
57 8 Car -1 -1 -1 376.18 208.75 518.83 275.96 -1 -1 -1 -1000 -1000 -1000 -10 1
58 15 Car -1 -1 -1 -5.07 203.70 371.71 371.50 -1 -1 -1 -1000 -1000 -1000 -10 1
58 8 Car -1 -1 -1 380.00 206.54 526.22 278.39 -1 -1 -1 -1000 -1000 -1000 -10 1
59 15 Car -1 -1 -1 -6.84 205.98 374.28 372.37 -1 -1 -1 -1000 -1000 -1000 -10 1
59 8 Car -1 -1 -1 383.69 207.53 532.37 283.11 -1 -1 -1 -1000 -1000 -1000 -10 1
60 15 Car -1 -1 -1 -8.42 207.35 374.61 371.51 -1 -1 -1 -1000 -1000 -1000 -10 1
60 8 Car -1 -1 -1 393.23 208.81 544.07 285.70 -1 -1 -1 -1000 -1000 -1000 -10 1
61 15 Car -1 -1 -1 -10.35 209.42 368.86 372.06 -1 -1 -1 -1000 -1000 -1000 -10 1
61 8 Car -1 -1 -1 398.18 209.15 552.04 287.26 -1 -1 -1 -1000 -1000 -1000 -10 1
62 15 Car -1 -1 -1 -8.81 209.38 361.20 371.31 -1 -1 -1 -1000 -1000 -1000 -10 1
62 8 Car -1 -1 -1 404.78 211.25 560.91 290.57 -1 -1 -1 -1000 -1000 -1000 -10 1
63 15 Car -1 -1 -1 -9.74 212.77 354.16 374.96 -1 -1 -1 -1000 -1000 -1000 -10 1
63 8 Car -1 -1 -1 409.83 212.05 568.74 292.93 -1 -1 -1 -1000 -1000 -1000 -10 1
64 15 Car -1 -1 -1 -12.57 215.17 345.90 377.82 -1 -1 -1 -1000 -1000 -1000 -10 1
64 8 Car -1 -1 -1 411.96 208.81 576.74 294.56 -1 -1 -1 -1000 -1000 -1000 -10 1
65 15 Car -1 -1 -1 -15.14 211.59 338.93 376.17 -1 -1 -1 -1000 -1000 -1000 -10 1
65 8 Car -1 -1 -1 413.60 205.90 584.22 295.90 -1 -1 -1 -1000 -1000 -1000 -10 1
66 15 Car -1 -1 -1 -23.07 210.96 314.57 374.35 -1 -1 -1 -1000 -1000 -1000 -10 1
66 8 Car -1 -1 -1 414.61 201.15 592.73 295.69 -1 -1 -1 -1000 -1000 -1000 -10 1
67 24 Car -1 -1 -1 690.00 179.65 744.50 217.47 -1 -1 -1 -1000 -1000 -1000 -10 1
67 15 Car -1 -1 -1 -20.64 208.31 289.99 371.73 -1 -1 -1 -1000 -1000 -1000 -10 1
67 8 Car -1 -1 -1 416.05 197.36 599.80 295.84 -1 -1 -1 -1000 -1000 -1000 -10 1
68 24 Car -1 -1 -1 698.85 176.12 749.28 210.31 -1 -1 -1 -1000 -1000 -1000 -10 1
68 15 Car -1 -1 -1 -27.84 209.00 258.68 372.22 -1 -1 -1 -1000 -1000 -1000 -10 1
68 8 Car -1 -1 -1 417.82 195.23 604.56 293.67 -1 -1 -1 -1000 -1000 -1000 -10 1
69 24 Car -1 -1 -1 705.00 173.36 754.22 206.30 -1 -1 -1 -1000 -1000 -1000 -10 1
69 15 Car -1 -1 -1 -39.48 212.87 208.65 375.49 -1 -1 -1 -1000 -1000 -1000 -10 1
69 8 Car -1 -1 -1 412.33 191.94 608.11 293.97 -1 -1 -1 -1000 -1000 -1000 -10 1
70 24 Car -1 -1 -1 714.74 171.36 763.17 203.47 -1 -1 -1 -1000 -1000 -1000 -10 1
70 8 Car -1 -1 -1 407.85 189.74 611.62 294.87 -1 -1 -1 -1000 -1000 -1000 -10 1
71 24 Car -1 -1 -1 720.41 166.55 769.78 199.75 -1 -1 -1 -1000 -1000 -1000 -10 1
71 8 Car -1 -1 -1 402.46 189.05 615.37 297.60 -1 -1 -1 -1000 -1000 -1000 -10 1
72 24 Car -1 -1 -1 725.02 163.74 775.47 197.70 -1 -1 -1 -1000 -1000 -1000 -10 1
72 8 Car -1 -1 -1 396.83 189.48 618.76 303.36 -1 -1 -1 -1000 -1000 -1000 -10 1
73 24 Car -1 -1 -1 727.40 161.02 780.48 196.54 -1 -1 -1 -1000 -1000 -1000 -10 1
73 8 Car -1 -1 -1 389.94 190.37 621.51 310.68 -1 -1 -1 -1000 -1000 -1000 -10 1
74 24 Car -1 -1 -1 726.86 158.32 783.25 196.49 -1 -1 -1 -1000 -1000 -1000 -10 1
74 8 Car -1 -1 -1 378.72 191.54 623.13 319.24 -1 -1 -1 -1000 -1000 -1000 -10 1
75 24 Car -1 -1 -1 727.26 160.53 786.80 199.79 -1 -1 -1 -1000 -1000 -1000 -10 1
75 8 Car -1 -1 -1 360.84 193.21 621.62 329.10 -1 -1 -1 -1000 -1000 -1000 -10 1
76 24 Car -1 -1 -1 730.99 162.90 788.77 202.00 -1 -1 -1 -1000 -1000 -1000 -10 1
76 8 Car -1 -1 -1 341.79 199.44 608.39 337.39 -1 -1 -1 -1000 -1000 -1000 -10 1
77 24 Car -1 -1 -1 729.97 164.21 786.01 203.12 -1 -1 -1 -1000 -1000 -1000 -10 1
77 8 Car -1 -1 -1 318.89 201.55 604.01 351.56 -1 -1 -1 -1000 -1000 -1000 -10 1
78 24 Car -1 -1 -1 726.64 166.18 782.67 205.39 -1 -1 -1 -1000 -1000 -1000 -10 1
78 8 Car -1 -1 -1 283.11 201.99 587.61 361.56 -1 -1 -1 -1000 -1000 -1000 -10 1
79 24 Car -1 -1 -1 726.80 167.79 781.75 205.88 -1 -1 -1 -1000 -1000 -1000 -10 1
79 8 Car -1 -1 -1 240.85 200.68 570.01 367.18 -1 -1 -1 -1000 -1000 -1000 -10 1
80 24 Car -1 -1 -1 724.15 167.68 778.48 205.79 -1 -1 -1 -1000 -1000 -1000 -10 1
80 8 Car -1 -1 -1 192.29 201.47 553.79 371.61 -1 -1 -1 -1000 -1000 -1000 -10 1
81 24 Car -1 -1 -1 719.01 167.49 774.70 206.23 -1 -1 -1 -1000 -1000 -1000 -10 1
81 8 Car -1 -1 -1 136.93 200.75 542.38 372.06 -1 -1 -1 -1000 -1000 -1000 -10 1
82 24 Car -1 -1 -1 712.11 169.78 768.36 208.44 -1 -1 -1 -1000 -1000 -1000 -10 1
82 8 Car -1 -1 -1 106.26 199.33 539.11 372.70 -1 -1 -1 -1000 -1000 -1000 -10 1
83 24 Car -1 -1 -1 709.27 173.12 764.82 211.49 -1 -1 -1 -1000 -1000 -1000 -10 1
83 8 Car -1 -1 -1 80.05 201.02 530.31 374.64 -1 -1 -1 -1000 -1000 -1000 -10 1
84 24 Car -1 -1 -1 704.02 177.19 760.26 216.14 -1 -1 -1 -1000 -1000 -1000 -10 1
84 8 Car -1 -1 -1 87.30 201.11 534.68 373.94 -1 -1 -1 -1000 -1000 -1000 -10 1
85 24 Car -1 -1 -1 697.38 180.38 753.31 219.26 -1 -1 -1 -1000 -1000 -1000 -10 1
85 8 Car -1 -1 -1 29.67 208.83 502.26 376.03 -1 -1 -1 -1000 -1000 -1000 -10 1
86 24 Car -1 -1 -1 687.59 182.20 745.22 223.01 -1 -1 -1 -1000 -1000 -1000 -10 1
86 8 Car -1 -1 -1 0.76 209.28 478.51 376.49 -1 -1 -1 -1000 -1000 -1000 -10 1
87 24 Car -1 -1 -1 678.10 182.89 735.44 224.71 -1 -1 -1 -1000 -1000 -1000 -10 1
87 8 Car -1 -1 -1 -24.51 219.98 448.93 380.98 -1 -1 -1 -1000 -1000 -1000 -10 1
88 24 Car -1 -1 -1 664.98 184.81 723.92 227.92 -1 -1 -1 -1000 -1000 -1000 -10 1
89 24 Car -1 -1 -1 652.55 184.32 711.00 227.48 -1 -1 -1 -1000 -1000 -1000 -10 1
90 24 Car -1 -1 -1 636.63 184.93 696.81 229.61 -1 -1 -1 -1000 -1000 -1000 -10 1
91 24 Car -1 -1 -1 620.43 185.02 682.38 230.99 -1 -1 -1 -1000 -1000 -1000 -10 1
92 24 Car -1 -1 -1 605.24 183.60 667.74 229.88 -1 -1 -1 -1000 -1000 -1000 -10 1
93 24 Car -1 -1 -1 589.15 185.96 653.09 232.95 -1 -1 -1 -1000 -1000 -1000 -10 1
94 24 Car -1 -1 -1 572.90 186.94 639.04 235.09 -1 -1 -1 -1000 -1000 -1000 -10 1
95 24 Car -1 -1 -1 558.70 186.88 626.57 236.63 -1 -1 -1 -1000 -1000 -1000 -10 1
96 24 Car -1 -1 -1 544.26 186.91 611.85 236.83 -1 -1 -1 -1000 -1000 -1000 -10 1
97 24 Car -1 -1 -1 530.74 185.37 600.05 235.52 -1 -1 -1 -1000 -1000 -1000 -10 1
98 24 Car -1 -1 -1 519.44 180.76 590.20 231.83 -1 -1 -1 -1000 -1000 -1000 -10 1
99 24 Car -1 -1 -1 513.21 175.14 583.28 226.04 -1 -1 -1 -1000 -1000 -1000 -10 1
100 24 Car -1 -1 -1 500.21 162.37 573.52 214.73 -1 -1 -1 -1000 -1000 -1000 -10 1
101 24 Car -1 -1 -1 492.25 155.04 566.71 207.88 -1 -1 -1 -1000 -1000 -1000 -10 1
102 24 Car -1 -1 -1 488.93 156.74 562.76 209.43 -1 -1 -1 -1000 -1000 -1000 -10 1
104 24 Car -1 -1 -1 473.36 175.38 554.72 230.10 -1 -1 -1 -1000 -1000 -1000 -10 1
105 24 Car -1 -1 -1 467.29 183.17 550.48 240.99 -1 -1 -1 -1000 -1000 -1000 -10 1
106 24 Car -1 -1 -1 459.82 186.67 545.34 247.70 -1 -1 -1 -1000 -1000 -1000 -10 1
107 24 Car -1 -1 -1 453.63 184.28 541.53 246.77 -1 -1 -1 -1000 -1000 -1000 -10 1
108 24 Car -1 -1 -1 445.33 178.14 537.75 241.11 -1 -1 -1 -1000 -1000 -1000 -10 1
109 24 Car -1 -1 -1 437.64 175.92 534.79 238.74 -1 -1 -1 -1000 -1000 -1000 -10 1
110 24 Car -1 -1 -1 429.73 178.03 529.31 243.14 -1 -1 -1 -1000 -1000 -1000 -10 1
111 24 Car -1 -1 -1 420.88 184.77 526.52 252.35 -1 -1 -1 -1000 -1000 -1000 -10 1
112 24 Car -1 -1 -1 411.26 191.66 521.23 261.82 -1 -1 -1 -1000 -1000 -1000 -10 1
113 24 Car -1 -1 -1 402.71 194.03 516.96 266.39 -1 -1 -1 -1000 -1000 -1000 -10 1
114 24 Car -1 -1 -1 392.85 194.06 511.88 267.22 -1 -1 -1 -1000 -1000 -1000 -10 1
115 24 Car -1 -1 -1 383.08 193.45 506.81 269.75 -1 -1 -1 -1000 -1000 -1000 -10 1
116 24 Car -1 -1 -1 371.31 193.77 499.07 274.28 -1 -1 -1 -1000 -1000 -1000 -10 1
117 24 Car -1 -1 -1 357.59 194.61 494.08 280.39 -1 -1 -1 -1000 -1000 -1000 -10 1
118 24 Car -1 -1 -1 342.97 196.64 487.78 288.44 -1 -1 -1 -1000 -1000 -1000 -10 1
119 24 Car -1 -1 -1 324.99 198.21 481.30 297.58 -1 -1 -1 -1000 -1000 -1000 -10 1
120 24 Car -1 -1 -1 303.60 201.03 473.59 308.51 -1 -1 -1 -1000 -1000 -1000 -10 1
121 24 Car -1 -1 -1 284.72 202.25 469.21 318.77 -1 -1 -1 -1000 -1000 -1000 -10 1
122 24 Car -1 -1 -1 261.04 205.36 461.67 331.07 -1 -1 -1 -1000 -1000 -1000 -10 1
123 24 Car -1 -1 -1 230.46 206.49 446.05 340.63 -1 -1 -1 -1000 -1000 -1000 -10 1
124 24 Car -1 -1 -1 203.93 203.58 437.10 350.52 -1 -1 -1 -1000 -1000 -1000 -10 1
125 24 Car -1 -1 -1 167.38 200.39 422.43 358.52 -1 -1 -1 -1000 -1000 -1000 -10 1
126 24 Car -1 -1 -1 125.25 202.72 405.60 367.38 -1 -1 -1 -1000 -1000 -1000 -10 1
127 24 Car -1 -1 -1 67.48 204.00 384.21 371.66 -1 -1 -1 -1000 -1000 -1000 -10 1
128 24 Car -1 -1 -1 29.36 203.40 372.03 373.12 -1 -1 -1 -1000 -1000 -1000 -10 1
129 24 Car -1 -1 -1 4.51 205.30 366.56 372.84 -1 -1 -1 -1000 -1000 -1000 -10 1
130 24 Car -1 -1 -1 -8.75 205.53 357.30 374.16 -1 -1 -1 -1000 -1000 -1000 -10 1
131 24 Car -1 -1 -1 -19.23 208.21 341.87 376.58 -1 -1 -1 -1000 -1000 -1000 -10 1
132 24 Car -1 -1 -1 -22.41 214.99 317.37 378.65 -1 -1 -1 -1000 -1000 -1000 -10 1
133 24 Car -1 -1 -1 -31.15 218.43 285.11 381.20 -1 -1 -1 -1000 -1000 -1000 -10 1
134 24 Car -1 -1 -1 -38.43 226.80 245.34 384.36 -1 -1 -1 -1000 -1000 -1000 -10 1
157 30 Car -1 -1 -1 542.57 178.45 572.84 203.44 -1 -1 -1 -1000 -1000 -1000 -10 1
158 30 Car -1 -1 -1 541.47 178.85 572.24 203.94 -1 -1 -1 -1000 -1000 -1000 -10 1
159 30 Car -1 -1 -1 539.37 178.36 570.62 203.64 -1 -1 -1 -1000 -1000 -1000 -10 1
160 30 Car -1 -1 -1 537.74 179.11 569.49 204.04 -1 -1 -1 -1000 -1000 -1000 -10 1
161 30 Car -1 -1 -1 535.81 178.42 568.39 203.05 -1 -1 -1 -1000 -1000 -1000 -10 1
162 30 Car -1 -1 -1 534.81 178.42 567.10 202.23 -1 -1 -1 -1000 -1000 -1000 -10 1
179 34 Car -1 -1 -1 511.28 181.27 554.01 213.94 -1 -1 -1 -1000 -1000 -1000 -10 1
180 34 Car -1 -1 -1 506.35 180.74 551.88 214.90 -1 -1 -1 -1000 -1000 -1000 -10 1
181 34 Car -1 -1 -1 503.42 180.96 551.42 216.24 -1 -1 -1 -1000 -1000 -1000 -10 1
182 34 Car -1 -1 -1 499.85 179.44 549.69 215.22 -1 -1 -1 -1000 -1000 -1000 -10 1
183 34 Car -1 -1 -1 496.85 181.14 547.13 217.62 -1 -1 -1 -1000 -1000 -1000 -10 1
184 34 Car -1 -1 -1 494.37 185.83 545.81 222.46 -1 -1 -1 -1000 -1000 -1000 -10 1
185 34 Car -1 -1 -1 488.46 189.22 543.51 228.67 -1 -1 -1 -1000 -1000 -1000 -10 1
186 34 Car -1 -1 -1 483.16 190.38 541.28 232.42 -1 -1 -1 -1000 -1000 -1000 -10 1
187 34 Car -1 -1 -1 479.23 189.61 540.54 234.57 -1 -1 -1 -1000 -1000 -1000 -10 1
188 34 Car -1 -1 -1 478.95 192.03 541.95 238.09 -1 -1 -1 -1000 -1000 -1000 -10 1
189 34 Car -1 -1 -1 471.99 190.58 538.61 239.62 -1 -1 -1 -1000 -1000 -1000 -10 1
190 37 Car -1 -1 -1 548.96 181.72 582.19 208.12 -1 -1 -1 -1000 -1000 -1000 -10 1
190 34 Car -1 -1 -1 464.49 186.96 534.27 238.64 -1 -1 -1 -1000 -1000 -1000 -10 1
191 37 Car -1 -1 -1 547.69 180.05 581.55 206.39 -1 -1 -1 -1000 -1000 -1000 -10 1
191 34 Car -1 -1 -1 455.71 185.39 529.27 238.61 -1 -1 -1 -1000 -1000 -1000 -10 1
192 37 Car -1 -1 -1 546.28 179.79 581.26 207.12 -1 -1 -1 -1000 -1000 -1000 -10 1
192 34 Car -1 -1 -1 449.57 186.07 526.55 240.58 -1 -1 -1 -1000 -1000 -1000 -10 1
193 37 Car -1 -1 -1 545.64 180.83 582.12 209.71 -1 -1 -1 -1000 -1000 -1000 -10 1
193 34 Car -1 -1 -1 444.46 188.19 523.43 244.27 -1 -1 -1 -1000 -1000 -1000 -10 1
194 37 Car -1 -1 -1 542.44 182.46 581.85 213.18 -1 -1 -1 -1000 -1000 -1000 -10 1
194 34 Car -1 -1 -1 434.80 191.25 522.15 249.29 -1 -1 -1 -1000 -1000 -1000 -10 1
195 37 Car -1 -1 -1 540.39 182.75 581.67 214.15 -1 -1 -1 -1000 -1000 -1000 -10 1
195 34 Car -1 -1 -1 425.92 191.39 519.98 252.09 -1 -1 -1 -1000 -1000 -1000 -10 1
196 37 Car -1 -1 -1 539.11 182.26 581.75 214.49 -1 -1 -1 -1000 -1000 -1000 -10 1
196 34 Car -1 -1 -1 416.92 188.91 513.31 253.93 -1 -1 -1 -1000 -1000 -1000 -10 1
197 37 Car -1 -1 -1 535.79 179.84 580.27 211.56 -1 -1 -1 -1000 -1000 -1000 -10 1
197 34 Car -1 -1 -1 410.59 187.13 510.98 256.18 -1 -1 -1 -1000 -1000 -1000 -10 1
198 37 Car -1 -1 -1 534.42 181.90 580.18 214.83 -1 -1 -1 -1000 -1000 -1000 -10 1
198 34 Car -1 -1 -1 394.42 191.05 505.91 263.59 -1 -1 -1 -1000 -1000 -1000 -10 1
199 37 Car -1 -1 -1 530.56 181.71 579.78 215.31 -1 -1 -1 -1000 -1000 -1000 -10 1
199 34 Car -1 -1 -1 380.94 192.00 500.96 268.75 -1 -1 -1 -1000 -1000 -1000 -10 1
200 37 Car -1 -1 -1 529.46 180.90 580.11 215.55 -1 -1 -1 -1000 -1000 -1000 -10 1
200 34 Car -1 -1 -1 363.82 192.67 493.01 273.96 -1 -1 -1 -1000 -1000 -1000 -10 1
201 37 Car -1 -1 -1 526.22 181.39 579.00 217.38 -1 -1 -1 -1000 -1000 -1000 -10 1
201 34 Car -1 -1 -1 346.22 192.99 485.41 281.93 -1 -1 -1 -1000 -1000 -1000 -10 1
202 37 Car -1 -1 -1 524.37 181.81 578.57 218.74 -1 -1 -1 -1000 -1000 -1000 -10 1
202 34 Car -1 -1 -1 323.69 195.62 478.44 291.27 -1 -1 -1 -1000 -1000 -1000 -10 1
203 37 Car -1 -1 -1 522.79 182.62 578.76 221.46 -1 -1 -1 -1000 -1000 -1000 -10 1
203 34 Car -1 -1 -1 298.10 194.64 470.87 302.91 -1 -1 -1 -1000 -1000 -1000 -10 1
204 37 Car -1 -1 -1 520.70 182.31 579.60 223.12 -1 -1 -1 -1000 -1000 -1000 -10 1
204 34 Car -1 -1 -1 265.77 194.57 462.09 315.98 -1 -1 -1 -1000 -1000 -1000 -10 1
205 37 Car -1 -1 -1 518.26 181.85 578.11 223.90 -1 -1 -1 -1000 -1000 -1000 -10 1
205 34 Car -1 -1 -1 228.82 199.77 447.52 328.67 -1 -1 -1 -1000 -1000 -1000 -10 1
206 37 Car -1 -1 -1 513.06 180.11 575.56 222.68 -1 -1 -1 -1000 -1000 -1000 -10 1
206 34 Car -1 -1 -1 183.42 200.62 423.75 342.68 -1 -1 -1 -1000 -1000 -1000 -10 1
207 37 Car -1 -1 -1 512.90 179.12 573.71 222.40 -1 -1 -1 -1000 -1000 -1000 -10 1
207 34 Car -1 -1 -1 117.77 194.23 399.90 352.87 -1 -1 -1 -1000 -1000 -1000 -10 1
208 37 Car -1 -1 -1 515.57 177.51 574.23 220.07 -1 -1 -1 -1000 -1000 -1000 -10 1
208 34 Car -1 -1 -1 52.18 187.47 384.05 358.87 -1 -1 -1 -1000 -1000 -1000 -10 1
209 37 Car -1 -1 -1 508.88 179.98 567.53 223.55 -1 -1 -1 -1000 -1000 -1000 -10 1
209 34 Car -1 -1 -1 20.62 193.58 371.66 369.14 -1 -1 -1 -1000 -1000 -1000 -10 1
210 37 Car -1 -1 -1 496.93 183.04 560.24 230.06 -1 -1 -1 -1000 -1000 -1000 -10 1
210 34 Car -1 -1 -1 0.54 201.91 363.23 373.43 -1 -1 -1 -1000 -1000 -1000 -10 1
211 37 Car -1 -1 -1 489.10 184.69 555.71 234.56 -1 -1 -1 -1000 -1000 -1000 -10 1
211 34 Car -1 -1 -1 -12.26 204.35 351.04 376.46 -1 -1 -1 -1000 -1000 -1000 -10 1
212 37 Car -1 -1 -1 483.43 186.94 553.58 239.42 -1 -1 -1 -1000 -1000 -1000 -10 1
212 34 Car -1 -1 -1 -26.24 210.43 320.08 380.48 -1 -1 -1 -1000 -1000 -1000 -10 1
213 37 Car -1 -1 -1 476.25 186.44 550.54 242.22 -1 -1 -1 -1000 -1000 -1000 -10 1
213 34 Car -1 -1 -1 -38.41 219.71 276.28 385.07 -1 -1 -1 -1000 -1000 -1000 -10 1
214 40 Car -1 -1 -1 519.18 180.18 570.23 220.25 -1 -1 -1 -1000 -1000 -1000 -10 1
214 37 Car -1 -1 -1 467.08 184.90 547.92 246.11 -1 -1 -1 -1000 -1000 -1000 -10 1
214 34 Car -1 -1 -1 -50.33 221.30 219.85 384.15 -1 -1 -1 -1000 -1000 -1000 -10 1
215 40 Car -1 -1 -1 514.46 178.56 567.41 219.34 -1 -1 -1 -1000 -1000 -1000 -10 1
215 37 Car -1 -1 -1 456.75 185.36 543.66 251.58 -1 -1 -1 -1000 -1000 -1000 -10 1
216 40 Car -1 -1 -1 510.12 180.37 565.80 222.40 -1 -1 -1 -1000 -1000 -1000 -10 1
216 37 Car -1 -1 -1 442.69 187.46 538.97 257.60 -1 -1 -1 -1000 -1000 -1000 -10 1
217 40 Car -1 -1 -1 501.26 181.88 562.31 227.82 -1 -1 -1 -1000 -1000 -1000 -10 1
217 37 Car -1 -1 -1 431.91 189.41 533.45 264.18 -1 -1 -1 -1000 -1000 -1000 -10 1
218 40 Car -1 -1 -1 484.35 182.01 560.06 232.80 -1 -1 -1 -1000 -1000 -1000 -10 1
218 37 Car -1 -1 -1 417.04 190.82 526.46 270.67 -1 -1 -1 -1000 -1000 -1000 -10 1
219 40 Car -1 -1 -1 478.17 181.86 557.43 235.06 -1 -1 -1 -1000 -1000 -1000 -10 1
219 37 Car -1 -1 -1 401.80 190.44 519.72 277.60 -1 -1 -1 -1000 -1000 -1000 -10 1
220 40 Car -1 -1 -1 470.89 180.26 553.48 235.10 -1 -1 -1 -1000 -1000 -1000 -10 1
220 37 Car -1 -1 -1 379.59 189.91 508.72 285.57 -1 -1 -1 -1000 -1000 -1000 -10 1
221 40 Car -1 -1 -1 466.99 179.41 548.92 236.55 -1 -1 -1 -1000 -1000 -1000 -10 1
221 37 Car -1 -1 -1 357.01 190.70 500.66 294.17 -1 -1 -1 -1000 -1000 -1000 -10 1
222 40 Car -1 -1 -1 454.90 178.89 540.62 238.34 -1 -1 -1 -1000 -1000 -1000 -10 1
222 37 Car -1 -1 -1 329.59 192.28 489.32 306.87 -1 -1 -1 -1000 -1000 -1000 -10 1
223 40 Car -1 -1 -1 448.31 180.30 538.94 243.58 -1 -1 -1 -1000 -1000 -1000 -10 1
223 37 Car -1 -1 -1 293.86 198.01 476.14 327.52 -1 -1 -1 -1000 -1000 -1000 -10 1
224 40 Car -1 -1 -1 444.21 183.46 538.36 251.38 -1 -1 -1 -1000 -1000 -1000 -10 1
224 37 Car -1 -1 -1 252.35 204.98 460.37 351.85 -1 -1 -1 -1000 -1000 -1000 -10 1
225 40 Car -1 -1 -1 434.02 186.43 534.85 259.32 -1 -1 -1 -1000 -1000 -1000 -10 1
225 37 Car -1 -1 -1 195.19 205.20 439.53 364.96 -1 -1 -1 -1000 -1000 -1000 -10 1
226 40 Car -1 -1 -1 417.43 189.88 529.34 269.46 -1 -1 -1 -1000 -1000 -1000 -10 1
226 37 Car -1 -1 -1 108.69 205.35 412.45 371.94 -1 -1 -1 -1000 -1000 -1000 -10 1
227 40 Car -1 -1 -1 404.98 186.79 524.36 271.58 -1 -1 -1 -1000 -1000 -1000 -10 1
227 37 Car -1 -1 -1 39.87 204.26 393.03 373.95 -1 -1 -1 -1000 -1000 -1000 -10 1
228 40 Car -1 -1 -1 394.61 183.54 517.65 275.45 -1 -1 -1 -1000 -1000 -1000 -10 1
228 37 Car -1 -1 -1 8.50 202.83 379.06 374.19 -1 -1 -1 -1000 -1000 -1000 -10 1
229 40 Car -1 -1 -1 378.11 184.88 510.00 284.74 -1 -1 -1 -1000 -1000 -1000 -10 1
229 37 Car -1 -1 -1 -16.33 204.03 352.84 376.48 -1 -1 -1 -1000 -1000 -1000 -10 1
230 40 Car -1 -1 -1 357.51 190.11 500.34 297.99 -1 -1 -1 -1000 -1000 -1000 -10 1
230 37 Car -1 -1 -1 -21.60 212.80 323.90 373.87 -1 -1 -1 -1000 -1000 -1000 -10 1
231 40 Car -1 -1 -1 334.93 192.71 489.31 312.95 -1 -1 -1 -1000 -1000 -1000 -10 1
232 40 Car -1 -1 -1 307.58 195.10 477.31 328.51 -1 -1 -1 -1000 -1000 -1000 -10 1
234 40 Car -1 -1 -1 229.50 200.20 451.98 365.11 -1 -1 -1 -1000 -1000 -1000 -10 1
235 40 Car -1 -1 -1 168.30 197.67 425.40 372.63 -1 -1 -1 -1000 -1000 -1000 -10 1
236 40 Car -1 -1 -1 96.66 195.49 401.52 375.10 -1 -1 -1 -1000 -1000 -1000 -10 1
237 40 Car -1 -1 -1 34.25 197.11 372.69 375.28 -1 -1 -1 -1000 -1000 -1000 -10 1
238 40 Car -1 -1 -1 1.05 198.53 343.81 378.65 -1 -1 -1 -1000 -1000 -1000 -10 1
239 40 Car -1 -1 -1 -20.04 201.15 296.22 378.05 -1 -1 -1 -1000 -1000 -1000 -10 1
251 42 Car -1 -1 -1 567.45 180.22 592.36 200.98 -1 -1 -1 -1000 -1000 -1000 -10 1
252 42 Car -1 -1 -1 567.43 179.86 594.15 201.77 -1 -1 -1 -1000 -1000 -1000 -10 1
253 42 Car -1 -1 -1 566.71 180.18 594.63 202.38 -1 -1 -1 -1000 -1000 -1000 -10 1
254 42 Car -1 -1 -1 564.18 180.94 593.00 203.47 -1 -1 -1 -1000 -1000 -1000 -10 1
255 42 Car -1 -1 -1 562.68 179.85 592.07 202.12 -1 -1 -1 -1000 -1000 -1000 -10 1
