0 2 Car -1 -1 -1 836.45 173.34 1043.19 325.39 -1 -1 -1 -1000 -1000 -1000 -10 1
0 1 Car -1 -1 -1 710.10 186.74 861.76 228.60 -1 -1 -1 -1000 -1000 -1000 -10 1
1 2 Car -1 -1 -1 834.77 176.28 1037.82 324.06 -1 -1 -1 -1000 -1000 -1000 -10 1
1 1 Car -1 -1 -1 685.08 186.90 833.18 229.46 -1 -1 -1 -1000 -1000 -1000 -10 1
2 2 Car -1 -1 -1 832.33 174.76 1028.21 321.30 -1 -1 -1 -1000 -1000 -1000 -10 1
2 1 Car -1 -1 -1 654.09 186.24 801.10 229.25 -1 -1 -1 -1000 -1000 -1000 -10 1
3 2 Car -1 -1 -1 828.52 171.39 1019.24 318.99 -1 -1 -1 -1000 -1000 -1000 -10 1
3 1 Car -1 -1 -1 621.87 188.79 762.87 228.70 -1 -1 -1 -1000 -1000 -1000 -10 1
4 2 Car -1 -1 -1 819.56 169.68 1008.59 322.47 -1 -1 -1 -1000 -1000 -1000 -10 1
4 1 Car -1 -1 -1 592.71 188.35 735.53 228.85 -1 -1 -1 -1000 -1000 -1000 -10 1
5 2 Car -1 -1 -1 811.00 169.67 990.21 320.18 -1 -1 -1 -1000 -1000 -1000 -10 1
5 1 Car -1 -1 -1 563.92 186.58 708.46 228.07 -1 -1 -1 -1000 -1000 -1000 -10 1
6 2 Car -1 -1 -1 796.97 168.86 972.43 317.58 -1 -1 -1 -1000 -1000 -1000 -10 1
6 1 Car -1 -1 -1 529.72 182.95 669.68 226.42 -1 -1 -1 -1000 -1000 -1000 -10 1
7 2 Car -1 -1 -1 786.30 168.42 957.03 313.66 -1 -1 -1 -1000 -1000 -1000 -10 1
7 1 Car -1 -1 -1 496.03 179.74 634.83 221.45 -1 -1 -1 -1000 -1000 -1000 -10 1
8 2 Car -1 -1 -1 776.89 167.68 940.71 312.42 -1 -1 -1 -1000 -1000 -1000 -10 1
8 1 Car -1 -1 -1 463.03 179.95 603.89 224.42 -1 -1 -1 -1000 -1000 -1000 -10 1
9 2 Car -1 -1 -1 755.18 167.06 918.97 311.84 -1 -1 -1 -1000 -1000 -1000 -10 1
9 1 Car -1 -1 -1 423.95 181.45 568.63 224.43 -1 -1 -1 -1000 -1000 -1000 -10 1
10 2 Car -1 -1 -1 736.80 170.48 897.27 314.16 -1 -1 -1 -1000 -1000 -1000 -10 1
10 1 Car -1 -1 -1 385.58 180.49 529.69 225.22 -1 -1 -1 -1000 -1000 -1000 -10 1
11 2 Car -1 -1 -1 710.35 169.38 873.72 312.65 -1 -1 -1 -1000 -1000 -1000 -10 1
11 1 Car -1 -1 -1 349.05 182.22 494.27 225.95 -1 -1 -1 -1000 -1000 -1000 -10 1
12 2 Car -1 -1 -1 684.58 171.73 854.42 314.22 -1 -1 -1 -1000 -1000 -1000 -10 1
12 1 Car -1 -1 -1 308.26 185.40 456.16 228.66 -1 -1 -1 -1000 -1000 -1000 -10 1
13 2 Car -1 -1 -1 657.04 173.63 826.86 312.88 -1 -1 -1 -1000 -1000 -1000 -10 1
13 1 Car -1 -1 -1 267.76 185.56 415.86 230.13 -1 -1 -1 -1000 -1000 -1000 -10 1
14 2 Car -1 -1 -1 630.81 171.80 801.34 309.50 -1 -1 -1 -1000 -1000 -1000 -10 1
14 1 Car -1 -1 -1 223.95 185.51 373.09 229.79 -1 -1 -1 -1000 -1000 -1000 -10 1
15 2 Car -1 -1 -1 597.01 170.23 768.98 309.26 -1 -1 -1 -1000 -1000 -1000 -10 1
15 1 Car -1 -1 -1 178.67 186.30 329.58 230.22 -1 -1 -1 -1000 -1000 -1000 -10 1
16 2 Car -1 -1 -1 570.21 170.71 741.75 307.53 -1 -1 -1 -1000 -1000 -1000 -10 1
16 1 Car -1 -1 -1 129.67 186.96 282.39 231.96 -1 -1 -1 -1000 -1000 -1000 -10 1
17 2 Car -1 -1 -1 537.71 174.51 712.34 312.15 -1 -1 -1 -1000 -1000 -1000 -10 1
17 1 Car -1 -1 -1 60.85 185.15 231.36 235.96 -1 -1 -1 -1000 -1000 -1000 -10 1
18 2 Car -1 -1 -1 504.17 172.97 685.21 312.17 -1 -1 -1 -1000 -1000 -1000 -10 1
18 1 Car -1 -1 -1 7.90 184.09 181.88 237.50 -1 -1 -1 -1000 -1000 -1000 -10 1
19 2 Car -1 -1 -1 477.94 171.46 663.29 308.72 -1 -1 -1 -1000 -1000 -1000 -10 1
19 1 Car -1 -1 -1 -18.16 184.83 150.42 241.11 -1 -1 -1 -1000 -1000 -1000 -10 1
20 2 Car -1 -1 -1 446.17 170.63 636.57 307.68 -1 -1 -1 -1000 -1000 -1000 -10 1
20 1 Car -1 -1 -1 -33.47 186.12 115.17 242.76 -1 -1 -1 -1000 -1000 -1000 -10 1
21 2 Car -1 -1 -1 419.05 169.43 615.61 306.75 -1 -1 -1 -1000 -1000 -1000 -10 1
21 1 Car -1 -1 -1 -40.18 182.02 87.92 241.43 -1 -1 -1 -1000 -1000 -1000 -10 1
23 2 Car -1 -1 -1 364.32 169.25 570.88 309.81 -1 -1 -1 -1000 -1000 -1000 -10 1
24 2 Car -1 -1 -1 335.56 167.59 547.96 309.69 -1 -1 -1 -1000 -1000 -1000 -10 1
25 2 Car -1 -1 -1 312.02 166.54 528.53 309.80 -1 -1 -1 -1000 -1000 -1000 -10 1
26 10 Car -1 -1 -1 806.58 176.34 890.81 208.79 -1 -1 -1 -1000 -1000 -1000 -10 1
26 2 Car -1 -1 -1 284.60 167.26 505.70 313.98 -1 -1 -1 -1000 -1000 -1000 -10 1
27 10 Car -1 -1 -1 807.89 177.65 892.15 210.05 -1 -1 -1 -1000 -1000 -1000 -10 1
27 2 Car -1 -1 -1 260.14 169.77 483.25 316.71 -1 -1 -1 -1000 -1000 -1000 -10 1
28 10 Car -1 -1 -1 811.34 178.41 895.83 211.51 -1 -1 -1 -1000 -1000 -1000 -10 1
31 2 Car -1 -1 -1 163.61 181.48 409.72 330.76 -1 -1 -1 -1000 -1000 -1000 -10 1
32 10 Car -1 -1 -1 837.99 181.16 931.38 218.32 -1 -1 -1 -1000 -1000 -1000 -10 1
32 2 Car -1 -1 -1 142.15 182.78 395.89 333.95 -1 -1 -1 -1000 -1000 -1000 -10 1
33 10 Car -1 -1 -1 851.04 182.50 947.20 219.39 -1 -1 -1 -1000 -1000 -1000 -10 1
33 2 Car -1 -1 -1 122.35 183.87 382.38 337.02 -1 -1 -1 -1000 -1000 -1000 -10 1
34 10 Car -1 -1 -1 862.57 183.31 963.15 220.29 -1 -1 -1 -1000 -1000 -1000 -10 1
34 2 Car -1 -1 -1 106.49 186.70 372.72 339.16 -1 -1 -1 -1000 -1000 -1000 -10 1
35 10 Car -1 -1 -1 879.41 182.85 981.85 220.20 -1 -1 -1 -1000 -1000 -1000 -10 1
35 2 Car -1 -1 -1 90.57 185.07 362.90 340.14 -1 -1 -1 -1000 -1000 -1000 -10 1
36 10 Car -1 -1 -1 896.17 185.62 1002.63 222.85 -1 -1 -1 -1000 -1000 -1000 -10 1
36 2 Car -1 -1 -1 75.66 184.80 351.71 342.51 -1 -1 -1 -1000 -1000 -1000 -10 1
37 10 Car -1 -1 -1 920.84 183.51 1028.82 221.69 -1 -1 -1 -1000 -1000 -1000 -10 1
37 2 Car -1 -1 -1 60.72 188.41 339.22 342.90 -1 -1 -1 -1000 -1000 -1000 -10 1
38 10 Car -1 -1 -1 947.01 181.03 1058.17 220.43 -1 -1 -1 -1000 -1000 -1000 -10 1
38 2 Car -1 -1 -1 48.75 188.25 331.29 342.48 -1 -1 -1 -1000 -1000 -1000 -10 1
39 10 Car -1 -1 -1 972.55 182.49 1086.74 222.20 -1 -1 -1 -1000 -1000 -1000 -10 1
39 2 Car -1 -1 -1 39.04 191.53 324.03 342.63 -1 -1 -1 -1000 -1000 -1000 -10 1
40 10 Car -1 -1 -1 1000.55 185.17 1121.25 225.64 -1 -1 -1 -1000 -1000 -1000 -10 1
40 2 Car -1 -1 -1 34.14 193.15 319.10 342.77 -1 -1 -1 -1000 -1000 -1000 -10 1
41 10 Car -1 -1 -1 1026.51 187.10 1153.46 228.18 -1 -1 -1 -1000 -1000 -1000 -10 1
41 2 Car -1 -1 -1 26.19 189.92 314.82 344.99 -1 -1 -1 -1000 -1000 -1000 -10 1
42 10 Car -1 -1 -1 1064.07 186.53 1196.53 228.66 -1 -1 -1 -1000 -1000 -1000 -10 1
42 2 Car -1 -1 -1 27.43 194.06 311.67 345.59 -1 -1 -1 -1000 -1000 -1000 -10 1
43 10 Car -1 -1 -1 1104.86 185.41 1239.53 229.74 -1 -1 -1 -1000 -1000 -1000 -10 1
43 2 Car -1 -1 -1 19.66 191.00 309.76 347.58 -1 -1 -1 -1000 -1000 -1000 -10 1
44 10 Car -1 -1 -1 1137.08 178.95 1262.87 223.72 -1 -1 -1 -1000 -1000 -1000 -10 1
44 2 Car -1 -1 -1 19.78 189.68 311.28 348.54 -1 -1 -1 -1000 -1000 -1000 -10 1
45 2 Car -1 -1 -1 21.37 186.90 312.92 348.09 -1 -1 -1 -1000 -1000 -1000 -10 1
46 2 Car -1 -1 -1 22.38 187.00 315.06 349.69 -1 -1 -1 -1000 -1000 -1000 -10 1
47 2 Car -1 -1 -1 26.25 186.56 317.50 348.86 -1 -1 -1 -1000 -1000 -1000 -10 1
48 17 Car -1 -1 -1 15.60 172.90 119.38 236.70 -1 -1 -1 -1000 -1000 -1000 -10 1
48 2 Car -1 -1 -1 35.73 185.80 321.42 344.27 -1 -1 -1 -1000 -1000 -1000 -10 1
49 2 Car -1 -1 -1 49.55 183.99 327.23 340.89 -1 -1 -1 -1000 -1000 -1000 -10 1
50 19 Car -1 -1 -1 68.47 175.08 189.05 225.43 -1 -1 -1 -1000 -1000 -1000 -10 1
50 2 Car -1 -1 -1 62.02 181.93 332.25 336.53 -1 -1 -1 -1000 -1000 -1000 -10 1
51 20 Car -1 -1 -1 119.86 175.39 217.98 215.69 -1 -1 -1 -1000 -1000 -1000 -10 1
51 19 Car -1 -1 -1 100.71 181.33 228.95 235.03 -1 -1 -1 -1000 -1000 -1000 -10 1
51 2 Car -1 -1 -1 74.20 178.95 338.43 333.32 -1 -1 -1 -1000 -1000 -1000 -10 1
52 20 Car -1 -1 -1 92.25 169.79 198.95 212.18 -1 -1 -1 -1000 -1000 -1000 -10 1
52 19 Car -1 -1 -1 147.82 176.78 265.32 226.60 -1 -1 -1 -1000 -1000 -1000 -10 1
52 2 Car -1 -1 -1 84.27 177.72 342.71 329.10 -1 -1 -1 -1000 -1000 -1000 -10 1
53 19 Car -1 -1 -1 184.59 169.38 285.61 215.54 -1 -1 -1 -1000 -1000 -1000 -10 1
53 2 Car -1 -1 -1 99.67 175.56 348.85 323.41 -1 -1 -1 -1000 -1000 -1000 -10 1
54 22 Car -1 -1 -1 11.84 180.38 108.17 228.17 -1 -1 -1 -1000 -1000 -1000 -10 1
54 19 Car -1 -1 -1 222.52 167.52 309.20 207.31 -1 -1 -1 -1000 -1000 -1000 -10 1
54 2 Car -1 -1 -1 116.08 173.73 354.67 320.87 -1 -1 -1 -1000 -1000 -1000 -10 1
55 22 Car -1 -1 -1 21.57 182.21 133.95 229.67 -1 -1 -1 -1000 -1000 -1000 -10 1
55 2 Car -1 -1 -1 129.13 173.24 366.10 320.40 -1 -1 -1 -1000 -1000 -1000 -10 1
56 22 Car -1 -1 -1 47.86 180.01 167.18 226.81 -1 -1 -1 -1000 -1000 -1000 -10 1
56 2 Car -1 -1 -1 146.51 173.80 378.03 319.98 -1 -1 -1 -1000 -1000 -1000 -10 1
57 22 Car -1 -1 -1 67.79 181.58 194.46 225.52 -1 -1 -1 -1000 -1000 -1000 -10 1
57 2 Car -1 -1 -1 165.63 172.77 386.15 315.25 -1 -1 -1 -1000 -1000 -1000 -10 1
58 22 Car -1 -1 -1 93.13 178.39 223.04 220.15 -1 -1 -1 -1000 -1000 -1000 -10 1
58 2 Car -1 -1 -1 182.96 172.62 397.03 313.32 -1 -1 -1 -1000 -1000 -1000 -10 1
59 22 Car -1 -1 -1 87.80 182.78 220.76 224.32 -1 -1 -1 -1000 -1000 -1000 -10 1
59 2 Car -1 -1 -1 203.59 172.13 410.34 312.44 -1 -1 -1 -1000 -1000 -1000 -10 1
60 27 Car -1 -1 -1 396.69 165.42 457.70 197.36 -1 -1 -1 -1000 -1000 -1000 -10 1
60 2 Car -1 -1 -1 223.10 170.51 422.68 310.53 -1 -1 -1 -1000 -1000 -1000 -10 1
61 2 Car -1 -1 -1 239.67 170.71 433.72 307.97 -1 -1 -1 -1000 -1000 -1000 -10 1
62 24 Car -1 -1 -1 447.65 164.94 508.88 196.61 -1 -1 -1 -1000 -1000 -1000 -10 1
62 2 Car -1 -1 -1 261.90 171.07 448.08 305.73 -1 -1 -1 -1000 -1000 -1000 -10 1
63 24 Car -1 -1 -1 475.12 164.77 533.10 196.65 -1 -1 -1 -1000 -1000 -1000 -10 1
63 2 Car -1 -1 -1 283.08 172.90 463.16 305.21 -1 -1 -1 -1000 -1000 -1000 -10 1
64 24 Car -1 -1 -1 495.28 162.73 556.45 195.00 -1 -1 -1 -1000 -1000 -1000 -10 1
64 2 Car -1 -1 -1 302.96 170.67 472.52 298.04 -1 -1 -1 -1000 -1000 -1000 -10 1
65 24 Car -1 -1 -1 516.90 165.61 574.49 197.44 -1 -1 -1 -1000 -1000 -1000 -10 1
65 2 Car -1 -1 -1 320.56 172.92 486.98 299.05 -1 -1 -1 -1000 -1000 -1000 -10 1
66 28 Car -1 -1 -1 267.38 184.49 390.23 229.16 -1 -1 -1 -1000 -1000 -1000 -10 1
66 24 Car -1 -1 -1 539.28 166.09 596.27 197.49 -1 -1 -1 -1000 -1000 -1000 -10 1
66 2 Car -1 -1 -1 341.03 176.05 501.65 299.02 -1 -1 -1 -1000 -1000 -1000 -10 1
67 28 Car -1 -1 -1 290.04 184.75 412.33 228.32 -1 -1 -1 -1000 -1000 -1000 -10 1
67 24 Car -1 -1 -1 565.51 165.61 622.03 197.96 -1 -1 -1 -1000 -1000 -1000 -10 1
67 2 Car -1 -1 -1 360.22 175.28 515.17 294.25 -1 -1 -1 -1000 -1000 -1000 -10 1
68 28 Car -1 -1 -1 306.37 183.95 429.67 227.71 -1 -1 -1 -1000 -1000 -1000 -10 1
68 24 Car -1 -1 -1 586.79 164.58 645.44 197.06 -1 -1 -1 -1000 -1000 -1000 -10 1
68 2 Car -1 -1 -1 381.26 176.53 531.18 291.14 -1 -1 -1 -1000 -1000 -1000 -10 1
69 36 Car -1 -1 -1 607.82 165.66 663.52 199.03 -1 -1 -1 -1000 -1000 -1000 -10 1
69 28 Car -1 -1 -1 314.46 185.97 436.71 229.82 -1 -1 -1 -1000 -1000 -1000 -10 1
69 24 Car -1 -1 -1 607.15 164.97 664.97 196.72 -1 -1 -1 -1000 -1000 -1000 -10 1
69 2 Car -1 -1 -1 402.86 175.15 548.89 287.17 -1 -1 -1 -1000 -1000 -1000 -10 1
70 36 Car -1 -1 -1 631.07 163.24 690.99 199.26 -1 -1 -1 -1000 -1000 -1000 -10 1
70 28 Car -1 -1 -1 318.48 185.31 444.73 230.66 -1 -1 -1 -1000 -1000 -1000 -10 1
70 24 Car -1 -1 -1 630.44 164.73 689.10 196.59 -1 -1 -1 -1000 -1000 -1000 -10 1
70 2 Car -1 -1 -1 421.04 176.27 564.47 285.99 -1 -1 -1 -1000 -1000 -1000 -10 1
71 36 Car -1 -1 -1 651.27 161.88 717.92 201.34 -1 -1 -1 -1000 -1000 -1000 -10 1
71 28 Car -1 -1 -1 337.06 184.70 461.67 230.38 -1 -1 -1 -1000 -1000 -1000 -10 1
71 24 Car -1 -1 -1 650.61 164.95 711.45 198.06 -1 -1 -1 -1000 -1000 -1000 -10 1
71 2 Car -1 -1 -1 444.47 174.09 585.38 280.70 -1 -1 -1 -1000 -1000 -1000 -10 1
72 36 Car -1 -1 -1 666.26 161.72 733.27 200.04 -1 -1 -1 -1000 -1000 -1000 -10 1
72 28 Car -1 -1 -1 348.10 182.84 469.96 231.28 -1 -1 -1 -1000 -1000 -1000 -10 1
72 24 Car -1 -1 -1 666.10 165.44 727.59 198.15 -1 -1 -1 -1000 -1000 -1000 -10 1
72 2 Car -1 -1 -1 465.09 176.09 603.36 281.75 -1 -1 -1 -1000 -1000 -1000 -10 1
73 36 Car -1 -1 -1 686.79 160.31 753.91 199.14 -1 -1 -1 -1000 -1000 -1000 -10 1
73 28 Car -1 -1 -1 357.63 182.19 479.79 232.13 -1 -1 -1 -1000 -1000 -1000 -10 1
73 24 Car -1 -1 -1 687.71 163.78 750.14 197.71 -1 -1 -1 -1000 -1000 -1000 -10 1
73 2 Car -1 -1 -1 487.55 176.86 623.58 279.87 -1 -1 -1 -1000 -1000 -1000 -10 1
74 28 Car -1 -1 -1 376.97 185.39 495.75 238.16 -1 -1 -1 -1000 -1000 -1000 -10 1
74 24 Car -1 -1 -1 706.49 166.10 769.59 200.56 -1 -1 -1 -1000 -1000 -1000 -10 1
74 2 Car -1 -1 -1 508.69 175.45 641.23 279.11 -1 -1 -1 -1000 -1000 -1000 -10 1
75 28 Car -1 -1 -1 358.50 184.42 493.75 243.09 -1 -1 -1 -1000 -1000 -1000 -10 1
75 24 Car -1 -1 -1 722.05 166.20 788.66 202.52 -1 -1 -1 -1000 -1000 -1000 -10 1
75 2 Car -1 -1 -1 528.90 179.18 659.32 281.81 -1 -1 -1 -1000 -1000 -1000 -10 1
76 28 Car -1 -1 -1 346.47 184.29 496.83 248.80 -1 -1 -1 -1000 -1000 -1000 -10 1
76 24 Car -1 -1 -1 734.93 162.62 806.03 201.52 -1 -1 -1 -1000 -1000 -1000 -10 1
76 2 Car -1 -1 -1 550.86 177.65 680.09 279.17 -1 -1 -1 -1000 -1000 -1000 -10 1
77 28 Car -1 -1 -1 338.12 183.09 502.08 252.28 -1 -1 -1 -1000 -1000 -1000 -10 1
77 24 Car -1 -1 -1 749.98 166.18 821.06 204.42 -1 -1 -1 -1000 -1000 -1000 -10 1
77 2 Car -1 -1 -1 570.21 177.53 700.67 278.59 -1 -1 -1 -1000 -1000 -1000 -10 1
78 28 Car -1 -1 -1 332.54 183.30 506.33 254.71 -1 -1 -1 -1000 -1000 -1000 -10 1
78 24 Car -1 -1 -1 760.20 167.68 830.93 205.38 -1 -1 -1 -1000 -1000 -1000 -10 1
78 2 Car -1 -1 -1 591.18 180.49 722.83 279.53 -1 -1 -1 -1000 -1000 -1000 -10 1
79 28 Car -1 -1 -1 326.49 183.44 508.38 256.92 -1 -1 -1 -1000 -1000 -1000 -10 1
79 24 Car -1 -1 -1 776.05 166.93 847.46 206.11 -1 -1 -1 -1000 -1000 -1000 -10 1
79 2 Car -1 -1 -1 611.02 180.63 742.78 278.03 -1 -1 -1 -1000 -1000 -1000 -10 1
80 28 Car -1 -1 -1 317.76 185.40 504.46 258.45 -1 -1 -1 -1000 -1000 -1000 -10 1
80 24 Car -1 -1 -1 785.92 167.47 861.38 207.03 -1 -1 -1 -1000 -1000 -1000 -10 1
80 2 Car -1 -1 -1 625.54 182.56 759.89 279.97 -1 -1 -1 -1000 -1000 -1000 -10 1
81 28 Car -1 -1 -1 310.26 189.84 496.88 259.64 -1 -1 -1 -1000 -1000 -1000 -10 1
81 24 Car -1 -1 -1 789.58 170.22 870.15 209.47 -1 -1 -1 -1000 -1000 -1000 -10 1
81 2 Car -1 -1 -1 645.21 184.42 778.87 280.87 -1 -1 -1 -1000 -1000 -1000 -10 1
82 46 Car -1 -1 -1 924.48 176.83 972.31 203.23 -1 -1 -1 -1000 -1000 -1000 -10 1
82 28 Car -1 -1 -1 304.49 192.74 492.83 261.70 -1 -1 -1 -1000 -1000 -1000 -10 1
82 24 Car -1 -1 -1 799.06 170.91 881.76 211.36 -1 -1 -1 -1000 -1000 -1000 -10 1
82 2 Car -1 -1 -1 665.09 185.55 799.35 281.74 -1 -1 -1 -1000 -1000 -1000 -10 1
83 28 Car -1 -1 -1 284.14 195.41 481.87 265.56 -1 -1 -1 -1000 -1000 -1000 -10 1
83 2 Car -1 -1 -1 683.64 186.03 816.99 281.19 -1 -1 -1 -1000 -1000 -1000 -10 1
84 47 Car -1 -1 -1 889.13 174.74 950.37 209.60 -1 -1 -1 -1000 -1000 -1000 -10 1
84 28 Car -1 -1 -1 256.18 196.51 468.54 270.41 -1 -1 -1 -1000 -1000 -1000 -10 1
84 2 Car -1 -1 -1 703.10 185.53 838.64 281.01 -1 -1 -1 -1000 -1000 -1000 -10 1
85 49 Car -1 -1 -1 794.23 174.07 900.26 221.31 -1 -1 -1 -1000 -1000 -1000 -10 1
85 47 Car -1 -1 -1 894.84 174.47 955.29 209.00 -1 -1 -1 -1000 -1000 -1000 -10 1
85 28 Car -1 -1 -1 224.51 197.13 459.55 278.79 -1 -1 -1 -1000 -1000 -1000 -10 1
85 2 Car -1 -1 -1 723.12 184.65 862.05 280.33 -1 -1 -1 -1000 -1000 -1000 -10 1
86 49 Car -1 -1 -1 799.97 175.61 903.44 219.40 -1 -1 -1 -1000 -1000 -1000 -10 1
86 47 Car -1 -1 -1 901.16 175.92 963.47 211.00 -1 -1 -1 -1000 -1000 -1000 -10 1
86 28 Car -1 -1 -1 182.72 196.45 448.50 286.03 -1 -1 -1 -1000 -1000 -1000 -10 1
86 2 Car -1 -1 -1 734.74 185.08 876.69 279.46 -1 -1 -1 -1000 -1000 -1000 -10 1
87 50 Car -1 -1 -1 1006.88 163.46 1063.49 200.64 -1 -1 -1 -1000 -1000 -1000 -10 1
87 49 Car -1 -1 -1 806.43 175.04 903.88 215.89 -1 -1 -1 -1000 -1000 -1000 -10 1
87 47 Car -1 -1 -1 905.07 176.99 969.61 214.14 -1 -1 -1 -1000 -1000 -1000 -10 1
87 28 Car -1 -1 -1 137.17 197.75 435.56 295.48 -1 -1 -1 -1000 -1000 -1000 -10 1
87 2 Car -1 -1 -1 752.41 182.85 896.09 276.36 -1 -1 -1 -1000 -1000 -1000 -10 1
88 51 Car -1 -1 -1 682.07 184.89 800.28 231.74 -1 -1 -1 -1000 -1000 -1000 -10 1
88 50 Car -1 -1 -1 1002.31 163.24 1059.17 200.07 -1 -1 -1 -1000 -1000 -1000 -10 1
88 49 Car -1 -1 -1 808.33 172.41 907.41 212.25 -1 -1 -1 -1000 -1000 -1000 -10 1
88 47 Car -1 -1 -1 907.10 176.79 972.32 215.26 -1 -1 -1 -1000 -1000 -1000 -10 1
88 28 Car -1 -1 -1 84.61 197.67 404.33 300.36 -1 -1 -1 -1000 -1000 -1000 -10 1
88 2 Car -1 -1 -1 762.48 180.78 912.09 275.01 -1 -1 -1 -1000 -1000 -1000 -10 1
89 51 Car -1 -1 -1 675.70 185.63 789.34 230.15 -1 -1 -1 -1000 -1000 -1000 -10 1
89 50 Car -1 -1 -1 1002.20 161.73 1060.78 198.72 -1 -1 -1 -1000 -1000 -1000 -10 1
89 47 Car -1 -1 -1 908.45 172.81 972.55 211.03 -1 -1 -1 -1000 -1000 -1000 -10 1
89 28 Car -1 -1 -1 26.73 199.17 371.73 304.00 -1 -1 -1 -1000 -1000 -1000 -10 1
89 2 Car -1 -1 -1 777.43 177.81 927.29 271.52 -1 -1 -1 -1000 -1000 -1000 -10 1
90 51 Car -1 -1 -1 662.50 185.34 776.04 229.55 -1 -1 -1 -1000 -1000 -1000 -10 1
90 50 Car -1 -1 -1 1000.63 159.06 1060.26 197.18 -1 -1 -1 -1000 -1000 -1000 -10 1
90 47 Car -1 -1 -1 906.72 171.98 968.32 210.18 -1 -1 -1 -1000 -1000 -1000 -10 1
90 28 Car -1 -1 -1 1.80 199.25 351.76 309.74 -1 -1 -1 -1000 -1000 -1000 -10 1
90 2 Car -1 -1 -1 786.99 176.78 936.36 266.96 -1 -1 -1 -1000 -1000 -1000 -10 1
91 51 Car -1 -1 -1 654.16 185.84 771.26 232.12 -1 -1 -1 -1000 -1000 -1000 -10 1
91 50 Car -1 -1 -1 992.93 161.11 1053.75 198.60 -1 -1 -1 -1000 -1000 -1000 -10 1
91 28 Car -1 -1 -1 -19.14 199.50 316.86 312.09 -1 -1 -1 -1000 -1000 -1000 -10 1
91 2 Car -1 -1 -1 799.05 173.83 950.82 265.57 -1 -1 -1 -1000 -1000 -1000 -10 1
92 51 Car -1 -1 -1 640.55 185.36 757.21 233.89 -1 -1 -1 -1000 -1000 -1000 -10 1
92 50 Car -1 -1 -1 984.46 162.19 1042.84 198.75 -1 -1 -1 -1000 -1000 -1000 -10 1
92 49 Car -1 -1 -1 797.85 172.40 892.13 214.80 -1 -1 -1 -1000 -1000 -1000 -10 1
92 28 Car -1 -1 -1 -32.73 197.20 276.28 310.88 -1 -1 -1 -1000 -1000 -1000 -10 1
92 2 Car -1 -1 -1 805.73 175.04 960.31 266.29 -1 -1 -1 -1000 -1000 -1000 -10 1
93 51 Car -1 -1 -1 625.52 184.65 745.22 235.15 -1 -1 -1 -1000 -1000 -1000 -10 1
93 50 Car -1 -1 -1 978.17 164.19 1035.73 201.58 -1 -1 -1 -1000 -1000 -1000 -10 1
93 49 Car -1 -1 -1 782.81 172.02 887.00 216.10 -1 -1 -1 -1000 -1000 -1000 -10 1
93 28 Car -1 -1 -1 -41.84 198.83 237.10 314.23 -1 -1 -1 -1000 -1000 -1000 -10 1
93 2 Car -1 -1 -1 812.93 177.08 967.12 271.43 -1 -1 -1 -1000 -1000 -1000 -10 1
94 51 Car -1 -1 -1 607.50 188.96 734.14 241.60 -1 -1 -1 -1000 -1000 -1000 -10 1
94 50 Car -1 -1 -1 970.67 166.00 1028.55 204.50 -1 -1 -1 -1000 -1000 -1000 -10 1
94 49 Car -1 -1 -1 771.69 170.71 872.69 215.16 -1 -1 -1 -1000 -1000 -1000 -10 1
94 28 Car -1 -1 -1 -53.49 200.72 179.77 319.23 -1 -1 -1 -1000 -1000 -1000 -10 1
94 2 Car -1 -1 -1 822.51 182.37 970.67 275.45 -1 -1 -1 -1000 -1000 -1000 -10 1
95 51 Car -1 -1 -1 588.29 191.39 720.25 245.81 -1 -1 -1 -1000 -1000 -1000 -10 1
95 50 Car -1 -1 -1 959.60 162.46 1016.47 201.18 -1 -1 -1 -1000 -1000 -1000 -10 1
95 2 Car -1 -1 -1 826.23 183.29 969.12 277.35 -1 -1 -1 -1000 -1000 -1000 -10 1
96 51 Car -1 -1 -1 565.74 193.27 701.45 250.05 -1 -1 -1 -1000 -1000 -1000 -10 1
96 50 Car -1 -1 -1 944.11 159.08 1000.76 197.51 -1 -1 -1 -1000 -1000 -1000 -10 1
96 2 Car -1 -1 -1 828.79 180.31 966.14 272.90 -1 -1 -1 -1000 -1000 -1000 -10 1
97 55 Car -1 -1 -1 707.13 174.81 814.50 226.24 -1 -1 -1 -1000 -1000 -1000 -10 1
97 51 Car -1 -1 -1 538.01 191.63 678.42 251.52 -1 -1 -1 -1000 -1000 -1000 -10 1
97 50 Car -1 -1 -1 927.50 161.42 985.60 200.13 -1 -1 -1 -1000 -1000 -1000 -10 1
97 2 Car -1 -1 -1 826.15 180.27 960.48 271.32 -1 -1 -1 -1000 -1000 -1000 -10 1
98 55 Car -1 -1 -1 684.39 172.94 796.33 225.16 -1 -1 -1 -1000 -1000 -1000 -10 1
98 51 Car -1 -1 -1 505.14 191.17 654.32 255.08 -1 -1 -1 -1000 -1000 -1000 -10 1
98 50 Car -1 -1 -1 906.64 160.80 968.74 203.04 -1 -1 -1 -1000 -1000 -1000 -10 1
98 2 Car -1 -1 -1 819.00 178.18 953.18 267.53 -1 -1 -1 -1000 -1000 -1000 -10 1
99 55 Car -1 -1 -1 659.85 170.73 775.52 224.39 -1 -1 -1 -1000 -1000 -1000 -10 1
99 51 Car -1 -1 -1 473.66 190.13 625.71 257.98 -1 -1 -1 -1000 -1000 -1000 -10 1
99 50 Car -1 -1 -1 884.58 158.62 944.52 202.01 -1 -1 -1 -1000 -1000 -1000 -10 1
99 2 Car -1 -1 -1 812.95 175.36 944.57 262.72 -1 -1 -1 -1000 -1000 -1000 -10 1
100 58 Car -1 -1 -1 860.12 159.26 916.14 197.21 -1 -1 -1 -1000 -1000 -1000 -10 1
100 55 Car -1 -1 -1 635.38 167.96 750.77 223.59 -1 -1 -1 -1000 -1000 -1000 -10 1
100 51 Car -1 -1 -1 436.66 188.28 598.09 262.25 -1 -1 -1 -1000 -1000 -1000 -10 1
100 50 Car -1 -1 -1 862.94 162.48 922.10 205.55 -1 -1 -1 -1000 -1000 -1000 -10 1
100 2 Car -1 -1 -1 802.76 174.76 931.62 261.49 -1 -1 -1 -1000 -1000 -1000 -10 1
101 60 Car -1 -1 -1 730.32 171.88 789.23 206.12 -1 -1 -1 -1000 -1000 -1000 -10 1
101 58 Car -1 -1 -1 848.63 158.38 900.15 193.40 -1 -1 -1 -1000 -1000 -1000 -10 1
101 51 Car -1 -1 -1 392.71 188.57 560.86 266.19 -1 -1 -1 -1000 -1000 -1000 -10 1
101 2 Car -1 -1 -1 791.62 172.93 917.37 260.17 -1 -1 -1 -1000 -1000 -1000 -10 1
102 60 Car -1 -1 -1 707.78 172.39 771.49 209.79 -1 -1 -1 -1000 -1000 -1000 -10 1
102 59 Car -1 -1 -1 575.27 164.28 708.14 228.22 -1 -1 -1 -1000 -1000 -1000 -10 1
102 58 Car -1 -1 -1 820.59 160.16 873.39 197.40 -1 -1 -1 -1000 -1000 -1000 -10 1
102 51 Car -1 -1 -1 351.01 192.11 522.53 271.93 -1 -1 -1 -1000 -1000 -1000 -10 1
102 2 Car -1 -1 -1 782.13 172.69 900.47 258.76 -1 -1 -1 -1000 -1000 -1000 -10 1
103 60 Car -1 -1 -1 680.57 173.86 744.86 213.29 -1 -1 -1 -1000 -1000 -1000 -10 1
103 59 Car -1 -1 -1 543.58 165.13 683.11 233.03 -1 -1 -1 -1000 -1000 -1000 -10 1
103 58 Car -1 -1 -1 801.16 166.65 855.13 204.62 -1 -1 -1 -1000 -1000 -1000 -10 1
103 51 Car -1 -1 -1 295.29 191.61 487.37 280.17 -1 -1 -1 -1000 -1000 -1000 -10 1
103 2 Car -1 -1 -1 765.57 175.26 878.60 258.15 -1 -1 -1 -1000 -1000 -1000 -10 1
104 60 Car -1 -1 -1 657.28 176.38 723.45 216.89 -1 -1 -1 -1000 -1000 -1000 -10 1
104 59 Car -1 -1 -1 512.56 165.27 656.49 236.49 -1 -1 -1 -1000 -1000 -1000 -10 1
104 58 Car -1 -1 -1 774.44 165.53 825.16 202.38 -1 -1 -1 -1000 -1000 -1000 -10 1
104 51 Car -1 -1 -1 233.18 194.04 448.19 293.24 -1 -1 -1 -1000 -1000 -1000 -10 1
104 2 Car -1 -1 -1 751.54 173.77 865.72 257.84 -1 -1 -1 -1000 -1000 -1000 -10 1
105 60 Car -1 -1 -1 630.11 177.99 697.33 219.42 -1 -1 -1 -1000 -1000 -1000 -10 1
105 58 Car -1 -1 -1 752.46 167.77 797.10 201.88 -1 -1 -1 -1000 -1000 -1000 -10 1
105 51 Car -1 -1 -1 157.58 195.64 401.07 308.67 -1 -1 -1 -1000 -1000 -1000 -10 1
105 2 Car -1 -1 -1 736.84 177.28 844.63 258.98 -1 -1 -1 -1000 -1000 -1000 -10 1
106 66 Car -1 -1 -1 446.64 167.22 584.99 249.30 -1 -1 -1 -1000 -1000 -1000 -10 1
106 60 Car -1 -1 -1 602.69 178.33 675.68 222.75 -1 -1 -1 -1000 -1000 -1000 -10 1
106 58 Car -1 -1 -1 730.17 167.58 772.08 200.16 -1 -1 -1 -1000 -1000 -1000 -10 1
106 51 Car -1 -1 -1 65.33 202.37 344.15 328.49 -1 -1 -1 -1000 -1000 -1000 -10 1
106 2 Car -1 -1 -1 718.56 177.40 822.33 258.31 -1 -1 -1 -1000 -1000 -1000 -10 1
107 66 Car -1 -1 -1 411.09 166.14 563.37 254.66 -1 -1 -1 -1000 -1000 -1000 -10 1
107 60 Car -1 -1 -1 576.11 181.53 652.76 225.32 -1 -1 -1 -1000 -1000 -1000 -10 1
107 58 Car -1 -1 -1 710.23 169.26 748.56 200.60 -1 -1 -1 -1000 -1000 -1000 -10 1
107 51 Car -1 -1 -1 11.89 205.76 299.33 344.92 -1 -1 -1 -1000 -1000 -1000 -10 1
107 2 Car -1 -1 -1 703.99 176.58 801.98 255.06 -1 -1 -1 -1000 -1000 -1000 -10 1
108 66 Car -1 -1 -1 369.01 166.58 532.16 260.18 -1 -1 -1 -1000 -1000 -1000 -10 1
108 60 Car -1 -1 -1 545.44 181.92 626.04 226.61 -1 -1 -1 -1000 -1000 -1000 -10 1
108 58 Car -1 -1 -1 685.45 167.88 721.29 197.58 -1 -1 -1 -1000 -1000 -1000 -10 1
108 51 Car -1 -1 -1 -24.17 210.37 249.89 357.96 -1 -1 -1 -1000 -1000 -1000 -10 1
108 2 Car -1 -1 -1 692.34 177.46 784.66 253.83 -1 -1 -1 -1000 -1000 -1000 -10 1
109 71 Car -1 -1 -1 608.39 176.46 660.04 207.84 -1 -1 -1 -1000 -1000 -1000 -10 1
109 66 Car -1 -1 -1 322.70 163.29 496.51 264.23 -1 -1 -1 -1000 -1000 -1000 -10 1
109 60 Car -1 -1 -1 515.22 181.82 600.12 227.70 -1 -1 -1 -1000 -1000 -1000 -10 1
109 58 Car -1 -1 -1 663.78 168.54 698.82 198.14 -1 -1 -1 -1000 -1000 -1000 -10 1
109 51 Car -1 -1 -1 -48.38 210.51 192.71 362.43 -1 -1 -1 -1000 -1000 -1000 -10 1
109 2 Car -1 -1 -1 672.79 178.12 763.87 254.18 -1 -1 -1 -1000 -1000 -1000 -10 1
110 71 Car -1 -1 -1 585.21 176.70 634.72 206.74 -1 -1 -1 -1000 -1000 -1000 -10 1
110 66 Car -1 -1 -1 271.47 163.39 461.83 270.64 -1 -1 -1 -1000 -1000 -1000 -10 1
110 60 Car -1 -1 -1 485.34 180.03 572.44 229.09 -1 -1 -1 -1000 -1000 -1000 -10 1
110 58 Car -1 -1 -1 638.97 167.14 673.45 196.61 -1 -1 -1 -1000 -1000 -1000 -10 1
110 2 Car -1 -1 -1 655.64 178.67 743.52 253.61 -1 -1 -1 -1000 -1000 -1000 -10 1
111 71 Car -1 -1 -1 562.44 177.42 613.71 209.16 -1 -1 -1 -1000 -1000 -1000 -10 1
111 66 Car -1 -1 -1 215.71 164.13 424.57 279.36 -1 -1 -1 -1000 -1000 -1000 -10 1
111 60 Car -1 -1 -1 455.36 180.92 546.33 231.72 -1 -1 -1 -1000 -1000 -1000 -10 1
111 58 Car -1 -1 -1 611.40 171.47 647.98 202.40 -1 -1 -1 -1000 -1000 -1000 -10 1
112 71 Car -1 -1 -1 540.50 178.52 591.75 210.48 -1 -1 -1 -1000 -1000 -1000 -10 1
112 66 Car -1 -1 -1 168.29 165.37 389.74 286.19 -1 -1 -1 -1000 -1000 -1000 -10 1
112 60 Car -1 -1 -1 425.75 181.03 520.64 235.37 -1 -1 -1 -1000 -1000 -1000 -10 1
112 58 Car -1 -1 -1 592.19 167.90 631.33 201.51 -1 -1 -1 -1000 -1000 -1000 -10 1
113 75 Car -1 -1 -1 66.33 163.81 358.29 314.19 -1 -1 -1 -1000 -1000 -1000 -10 1
113 74 Car -1 -1 -1 602.54 176.87 687.03 251.99 -1 -1 -1 -1000 -1000 -1000 -10 1
113 71 Car -1 -1 -1 522.68 178.78 575.68 211.63 -1 -1 -1 -1000 -1000 -1000 -10 1
113 60 Car -1 -1 -1 397.03 181.53 498.97 238.87 -1 -1 -1 -1000 -1000 -1000 -10 1
113 58 Car -1 -1 -1 572.75 166.85 612.87 199.82 -1 -1 -1 -1000 -1000 -1000 -10 1
114 75 Car -1 -1 -1 -0.75 160.26 314.74 327.09 -1 -1 -1 -1000 -1000 -1000 -10 1
114 74 Car -1 -1 -1 591.36 175.25 674.19 250.56 -1 -1 -1 -1000 -1000 -1000 -10 1
114 71 Car -1 -1 -1 506.17 179.31 561.07 212.95 -1 -1 -1 -1000 -1000 -1000 -10 1
114 60 Car -1 -1 -1 369.03 182.25 476.55 243.69 -1 -1 -1 -1000 -1000 -1000 -10 1
114 58 Car -1 -1 -1 562.39 164.50 603.45 199.32 -1 -1 -1 -1000 -1000 -1000 -10 1
115 77 Car -1 -1 -1 554.76 163.66 600.99 207.33 -1 -1 -1 -1000 -1000 -1000 -10 1
115 75 Car -1 -1 -1 -19.86 162.70 292.64 340.64 -1 -1 -1 -1000 -1000 -1000 -10 1
115 74 Car -1 -1 -1 583.13 173.53 665.47 249.06 -1 -1 -1 -1000 -1000 -1000 -10 1
115 71 Car -1 -1 -1 491.23 177.74 548.50 212.85 -1 -1 -1 -1000 -1000 -1000 -10 1
115 60 Car -1 -1 -1 342.92 181.49 458.23 246.19 -1 -1 -1 -1000 -1000 -1000 -10 1
115 58 Car -1 -1 -1 549.39 163.38 591.11 199.59 -1 -1 -1 -1000 -1000 -1000 -10 1
116 77 Car -1 -1 -1 546.07 163.00 589.92 203.23 -1 -1 -1 -1000 -1000 -1000 -10 1
116 75 Car -1 -1 -1 -29.42 159.65 272.36 339.67 -1 -1 -1 -1000 -1000 -1000 -10 1
116 74 Car -1 -1 -1 578.87 174.82 661.98 250.38 -1 -1 -1 -1000 -1000 -1000 -10 1
116 71 Car -1 -1 -1 478.07 176.88 539.37 214.28 -1 -1 -1 -1000 -1000 -1000 -10 1
116 60 Car -1 -1 -1 316.12 182.84 441.27 250.97 -1 -1 -1 -1000 -1000 -1000 -10 1
116 58 Car -1 -1 -1 538.17 164.43 579.12 198.99 -1 -1 -1 -1000 -1000 -1000 -10 1
117 77 Car -1 -1 -1 538.03 163.83 581.95 204.46 -1 -1 -1 -1000 -1000 -1000 -10 1
117 75 Car -1 -1 -1 -37.42 159.58 247.06 349.72 -1 -1 -1 -1000 -1000 -1000 -10 1
117 74 Car -1 -1 -1 573.71 174.76 659.39 253.14 -1 -1 -1 -1000 -1000 -1000 -10 1
117 71 Car -1 -1 -1 470.69 178.05 533.50 216.74 -1 -1 -1 -1000 -1000 -1000 -10 1
117 60 Car -1 -1 -1 291.56 183.24 423.57 256.66 -1 -1 -1 -1000 -1000 -1000 -10 1
118 77 Car -1 -1 -1 534.03 163.34 578.74 205.01 -1 -1 -1 -1000 -1000 -1000 -10 1
118 75 Car -1 -1 -1 -43.91 168.34 208.67 358.09 -1 -1 -1 -1000 -1000 -1000 -10 1
118 74 Car -1 -1 -1 572.24 175.41 659.20 255.15 -1 -1 -1 -1000 -1000 -1000 -10 1
118 71 Car -1 -1 -1 459.58 179.72 527.45 221.68 -1 -1 -1 -1000 -1000 -1000 -10 1
118 60 Car -1 -1 -1 267.67 186.20 406.70 262.33 -1 -1 -1 -1000 -1000 -1000 -10 1
119 78 Car -1 -1 -1 531.86 159.60 578.83 199.54 -1 -1 -1 -1000 -1000 -1000 -10 1
119 77 Car -1 -1 -1 530.92 162.44 576.68 205.27 -1 -1 -1 -1000 -1000 -1000 -10 1
119 75 Car -1 -1 -1 -48.60 174.76 164.66 362.89 -1 -1 -1 -1000 -1000 -1000 -10 1
119 74 Car -1 -1 -1 573.85 176.39 659.19 253.64 -1 -1 -1 -1000 -1000 -1000 -10 1
119 71 Car -1 -1 -1 448.56 180.38 521.09 225.02 -1 -1 -1 -1000 -1000 -1000 -10 1
119 60 Car -1 -1 -1 237.19 189.67 389.15 272.91 -1 -1 -1 -1000 -1000 -1000 -10 1
120 78 Car -1 -1 -1 530.04 162.62 579.64 205.46 -1 -1 -1 -1000 -1000 -1000 -10 1
120 77 Car -1 -1 -1 527.85 164.11 573.95 206.33 -1 -1 -1 -1000 -1000 -1000 -10 1
120 74 Car -1 -1 -1 577.08 177.26 659.82 252.01 -1 -1 -1 -1000 -1000 -1000 -10 1
120 71 Car -1 -1 -1 442.18 181.13 517.13 226.61 -1 -1 -1 -1000 -1000 -1000 -10 1
120 60 Car -1 -1 -1 203.02 193.08 370.71 281.66 -1 -1 -1 -1000 -1000 -1000 -10 1
121 78 Car -1 -1 -1 526.99 163.43 578.82 208.59 -1 -1 -1 -1000 -1000 -1000 -10 1
121 77 Car -1 -1 -1 524.92 164.46 572.46 207.55 -1 -1 -1 -1000 -1000 -1000 -10 1
121 74 Car -1 -1 -1 579.19 176.82 662.72 251.68 -1 -1 -1 -1000 -1000 -1000 -10 1
121 71 Car -1 -1 -1 433.69 183.41 512.38 227.36 -1 -1 -1 -1000 -1000 -1000 -10 1
121 60 Car -1 -1 -1 165.51 194.03 354.68 292.78 -1 -1 -1 -1000 -1000 -1000 -10 1
122 78 Car -1 -1 -1 524.57 163.40 578.20 209.90 -1 -1 -1 -1000 -1000 -1000 -10 1
122 77 Car -1 -1 -1 522.67 163.68 573.16 209.24 -1 -1 -1 -1000 -1000 -1000 -10 1
122 74 Car -1 -1 -1 583.60 175.60 666.00 249.99 -1 -1 -1 -1000 -1000 -1000 -10 1
122 71 Car -1 -1 -1 427.74 184.06 509.13 227.86 -1 -1 -1 -1000 -1000 -1000 -10 1
122 60 Car -1 -1 -1 119.40 195.15 331.48 304.95 -1 -1 -1 -1000 -1000 -1000 -10 1
123 78 Car -1 -1 -1 523.41 162.67 579.19 210.89 -1 -1 -1 -1000 -1000 -1000 -10 1
123 77 Car -1 -1 -1 522.54 162.47 575.15 209.38 -1 -1 -1 -1000 -1000 -1000 -10 1
123 74 Car -1 -1 -1 586.60 174.86 667.42 248.23 -1 -1 -1 -1000 -1000 -1000 -10 1
123 71 Car -1 -1 -1 419.91 184.32 505.14 229.08 -1 -1 -1 -1000 -1000 -1000 -10 1
123 60 Car -1 -1 -1 63.28 198.76 303.97 322.17 -1 -1 -1 -1000 -1000 -1000 -10 1
124 78 Car -1 -1 -1 523.18 162.59 580.34 211.54 -1 -1 -1 -1000 -1000 -1000 -10 1
124 77 Car -1 -1 -1 521.76 161.28 576.20 209.26 -1 -1 -1 -1000 -1000 -1000 -10 1
124 74 Car -1 -1 -1 589.48 174.69 668.58 246.91 -1 -1 -1 -1000 -1000 -1000 -10 1
124 71 Car -1 -1 -1 410.17 183.06 498.07 230.41 -1 -1 -1 -1000 -1000 -1000 -10 1
124 60 Car -1 -1 -1 17.62 203.63 278.99 338.94 -1 -1 -1 -1000 -1000 -1000 -10 1
125 78 Car -1 -1 -1 521.10 161.23 580.16 211.43 -1 -1 -1 -1000 -1000 -1000 -10 1
125 77 Car -1 -1 -1 521.18 160.47 576.36 208.75 -1 -1 -1 -1000 -1000 -1000 -10 1
125 74 Car -1 -1 -1 591.53 174.18 668.67 245.11 -1 -1 -1 -1000 -1000 -1000 -10 1
125 71 Car -1 -1 -1 398.75 184.05 491.29 233.02 -1 -1 -1 -1000 -1000 -1000 -10 1
125 60 Car -1 -1 -1 -1.39 208.40 253.09 352.50 -1 -1 -1 -1000 -1000 -1000 -10 1
126 78 Car -1 -1 -1 516.65 160.93 580.21 213.17 -1 -1 -1 -1000 -1000 -1000 -10 1
126 77 Car -1 -1 -1 519.59 160.58 575.62 208.41 -1 -1 -1 -1000 -1000 -1000 -10 1
126 74 Car -1 -1 -1 593.55 174.17 668.55 243.59 -1 -1 -1 -1000 -1000 -1000 -10 1
126 71 Car -1 -1 -1 385.33 183.07 480.96 234.55 -1 -1 -1 -1000 -1000 -1000 -10 1
126 60 Car -1 -1 -1 -17.48 207.30 221.55 358.17 -1 -1 -1 -1000 -1000 -1000 -10 1
127 78 Car -1 -1 -1 516.73 160.87 580.35 213.27 -1 -1 -1 -1000 -1000 -1000 -10 1
127 77 Car -1 -1 -1 518.61 160.74 576.17 208.95 -1 -1 -1 -1000 -1000 -1000 -10 1
127 74 Car -1 -1 -1 595.43 173.81 668.69 241.11 -1 -1 -1 -1000 -1000 -1000 -10 1
127 71 Car -1 -1 -1 369.20 182.90 469.87 238.22 -1 -1 -1 -1000 -1000 -1000 -10 1
127 60 Car -1 -1 -1 -31.67 210.44 188.18 367.03 -1 -1 -1 -1000 -1000 -1000 -10 1
128 78 Car -1 -1 -1 512.52 159.67 577.68 213.85 -1 -1 -1 -1000 -1000 -1000 -10 1
128 77 Car -1 -1 -1 512.29 161.32 572.38 210.92 -1 -1 -1 -1000 -1000 -1000 -10 1
128 74 Car -1 -1 -1 595.54 174.58 667.63 240.68 -1 -1 -1 -1000 -1000 -1000 -10 1
128 71 Car -1 -1 -1 349.78 184.68 455.36 242.73 -1 -1 -1 -1000 -1000 -1000 -10 1
128 60 Car -1 -1 -1 -47.59 219.67 134.57 377.59 -1 -1 -1 -1000 -1000 -1000 -10 1
129 78 Car -1 -1 -1 506.85 157.76 574.50 215.09 -1 -1 -1 -1000 -1000 -1000 -10 1
129 77 Car -1 -1 -1 504.17 160.66 568.12 213.27 -1 -1 -1 -1000 -1000 -1000 -10 1
129 74 Car -1 -1 -1 595.40 176.03 666.54 241.28 -1 -1 -1 -1000 -1000 -1000 -10 1
129 71 Car -1 -1 -1 329.82 186.45 446.47 248.75 -1 -1 -1 -1000 -1000 -1000 -10 1
130 78 Car -1 -1 -1 504.16 157.73 571.70 216.36 -1 -1 -1 -1000 -1000 -1000 -10 1
130 77 Car -1 -1 -1 497.65 161.54 564.55 215.79 -1 -1 -1 -1000 -1000 -1000 -10 1
130 74 Car -1 -1 -1 594.60 176.89 665.25 241.75 -1 -1 -1 -1000 -1000 -1000 -10 1
130 71 Car -1 -1 -1 302.17 188.17 431.58 255.98 -1 -1 -1 -1000 -1000 -1000 -10 1
131 77 Car -1 -1 -1 491.13 160.72 559.64 216.63 -1 -1 -1 -1000 -1000 -1000 -10 1
131 74 Car -1 -1 -1 591.63 176.81 662.81 241.67 -1 -1 -1 -1000 -1000 -1000 -10 1
131 71 Car -1 -1 -1 275.20 190.27 414.68 261.22 -1 -1 -1 -1000 -1000 -1000 -10 1
132 77 Car -1 -1 -1 481.86 158.68 558.37 218.93 -1 -1 -1 -1000 -1000 -1000 -10 1
132 74 Car -1 -1 -1 589.57 177.21 660.94 241.84 -1 -1 -1 -1000 -1000 -1000 -10 1
132 71 Car -1 -1 -1 237.32 191.35 395.97 271.95 -1 -1 -1 -1000 -1000 -1000 -10 1
133 77 Car -1 -1 -1 476.55 160.34 554.29 221.36 -1 -1 -1 -1000 -1000 -1000 -10 1
133 74 Car -1 -1 -1 587.86 177.31 659.44 241.97 -1 -1 -1 -1000 -1000 -1000 -10 1
133 71 Car -1 -1 -1 193.07 192.53 372.90 282.48 -1 -1 -1 -1000 -1000 -1000 -10 1
134 78 Car -1 -1 -1 483.37 163.53 556.57 221.03 -1 -1 -1 -1000 -1000 -1000 -10 1
134 77 Car -1 -1 -1 464.81 159.76 547.84 223.93 -1 -1 -1 -1000 -1000 -1000 -10 1
134 74 Car -1 -1 -1 587.52 177.87 657.97 241.19 -1 -1 -1 -1000 -1000 -1000 -10 1
134 71 Car -1 -1 -1 139.12 193.56 344.14 293.07 -1 -1 -1 -1000 -1000 -1000 -10 1
135 78 Car -1 -1 -1 482.82 161.79 555.10 215.90 -1 -1 -1 -1000 -1000 -1000 -10 1
135 77 Car -1 -1 -1 450.17 155.34 543.73 224.79 -1 -1 -1 -1000 -1000 -1000 -10 1
135 74 Car -1 -1 -1 585.92 177.28 652.80 238.53 -1 -1 -1 -1000 -1000 -1000 -10 1
135 71 Car -1 -1 -1 72.77 195.94 312.16 308.26 -1 -1 -1 -1000 -1000 -1000 -10 1
136 78 Car -1 -1 -1 469.01 163.35 545.58 219.23 -1 -1 -1 -1000 -1000 -1000 -10 1
136 77 Car -1 -1 -1 435.78 162.13 527.47 232.84 -1 -1 -1 -1000 -1000 -1000 -10 1
136 74 Car -1 -1 -1 584.30 176.99 649.73 236.52 -1 -1 -1 -1000 -1000 -1000 -10 1
136 71 Car -1 -1 -1 25.34 202.15 286.45 324.73 -1 -1 -1 -1000 -1000 -1000 -10 1
137 78 Car -1 -1 -1 440.05 158.72 531.70 225.09 -1 -1 -1 -1000 -1000 -1000 -10 1
137 77 Car -1 -1 -1 425.27 156.16 525.02 234.28 -1 -1 -1 -1000 -1000 -1000 -10 1
137 74 Car -1 -1 -1 584.25 178.65 651.65 238.06 -1 -1 -1 -1000 -1000 -1000 -10 1
137 71 Car -1 -1 -1 -5.64 207.51 259.14 341.85 -1 -1 -1 -1000 -1000 -1000 -10 1
138 84 Car -1 -1 -1 487.80 178.04 552.78 214.43 -1 -1 -1 -1000 -1000 -1000 -10 1
138 78 Car -1 -1 -1 439.46 164.31 537.03 228.60 -1 -1 -1 -1000 -1000 -1000 -10 1
138 77 Car -1 -1 -1 413.55 155.19 521.80 237.55 -1 -1 -1 -1000 -1000 -1000 -10 1
138 74 Car -1 -1 -1 584.40 180.23 651.08 238.07 -1 -1 -1 -1000 -1000 -1000 -10 1
138 71 Car -1 -1 -1 -25.50 207.17 225.78 349.65 -1 -1 -1 -1000 -1000 -1000 -10 1
139 84 Car -1 -1 -1 471.96 183.64 546.82 223.20 -1 -1 -1 -1000 -1000 -1000 -10 1
139 77 Car -1 -1 -1 402.29 157.12 515.94 243.73 -1 -1 -1 -1000 -1000 -1000 -10 1
139 74 Car -1 -1 -1 584.86 180.87 650.78 237.60 -1 -1 -1 -1000 -1000 -1000 -10 1
139 71 Car -1 -1 -1 -42.91 211.44 173.49 359.14 -1 -1 -1 -1000 -1000 -1000 -10 1
140 84 Car -1 -1 -1 465.57 182.81 542.37 225.85 -1 -1 -1 -1000 -1000 -1000 -10 1
140 77 Car -1 -1 -1 385.43 155.02 508.46 247.54 -1 -1 -1 -1000 -1000 -1000 -10 1
140 74 Car -1 -1 -1 583.61 180.57 650.55 237.62 -1 -1 -1 -1000 -1000 -1000 -10 1
141 85 Car -1 -1 -1 530.88 176.76 577.99 210.46 -1 -1 -1 -1000 -1000 -1000 -10 1
141 84 Car -1 -1 -1 455.72 181.17 539.55 225.79 -1 -1 -1 -1000 -1000 -1000 -10 1
141 77 Car -1 -1 -1 371.63 150.80 500.00 247.74 -1 -1 -1 -1000 -1000 -1000 -10 1
141 74 Car -1 -1 -1 582.53 179.27 651.12 236.40 -1 -1 -1 -1000 -1000 -1000 -10 1
142 85 Car -1 -1 -1 528.77 175.81 573.82 207.94 -1 -1 -1 -1000 -1000 -1000 -10 1
142 84 Car -1 -1 -1 452.39 181.12 538.35 226.21 -1 -1 -1 -1000 -1000 -1000 -10 1
142 77 Car -1 -1 -1 351.01 145.25 488.31 250.78 -1 -1 -1 -1000 -1000 -1000 -10 1
142 74 Car -1 -1 -1 581.89 178.42 651.16 235.20 -1 -1 -1 -1000 -1000 -1000 -10 1
143 85 Car -1 -1 -1 515.45 174.08 562.21 207.41 -1 -1 -1 -1000 -1000 -1000 -10 1
143 84 Car -1 -1 -1 448.62 180.59 532.44 227.20 -1 -1 -1 -1000 -1000 -1000 -10 1
143 74 Car -1 -1 -1 581.98 176.90 652.34 233.72 -1 -1 -1 -1000 -1000 -1000 -10 1
144 86 Car -1 -1 -1 287.58 130.56 472.86 269.12 -1 -1 -1 -1000 -1000 -1000 -10 1
144 85 Car -1 -1 -1 503.27 173.44 553.67 208.92 -1 -1 -1 -1000 -1000 -1000 -10 1
144 84 Car -1 -1 -1 439.54 180.10 528.95 227.44 -1 -1 -1 -1000 -1000 -1000 -10 1
144 74 Car -1 -1 -1 584.12 177.05 652.57 233.03 -1 -1 -1 -1000 -1000 -1000 -10 1
145 86 Car -1 -1 -1 255.54 128.78 462.81 281.71 -1 -1 -1 -1000 -1000 -1000 -10 1
145 84 Car -1 -1 -1 425.64 179.70 525.79 229.86 -1 -1 -1 -1000 -1000 -1000 -10 1
145 74 Car -1 -1 -1 584.26 176.33 650.82 231.70 -1 -1 -1 -1000 -1000 -1000 -10 1
146 86 Car -1 -1 -1 211.16 123.15 447.27 294.15 -1 -1 -1 -1000 -1000 -1000 -10 1
146 84 Car -1 -1 -1 418.39 181.97 523.96 233.18 -1 -1 -1 -1000 -1000 -1000 -10 1
146 74 Car -1 -1 -1 583.62 174.22 646.83 227.18 -1 -1 -1 -1000 -1000 -1000 -10 1
147 88 Car -1 -1 -1 521.02 175.07 573.00 212.27 -1 -1 -1 -1000 -1000 -1000 -10 1
147 86 Car -1 -1 -1 157.74 120.77 430.99 318.47 -1 -1 -1 -1000 -1000 -1000 -10 1
147 84 Car -1 -1 -1 409.08 183.01 516.27 237.88 -1 -1 -1 -1000 -1000 -1000 -10 1
147 74 Car -1 -1 -1 584.88 175.35 646.28 227.26 -1 -1 -1 -1000 -1000 -1000 -10 1
148 88 Car -1 -1 -1 518.68 176.46 571.82 214.18 -1 -1 -1 -1000 -1000 -1000 -10 1
148 86 Car -1 -1 -1 94.61 103.84 415.29 331.28 -1 -1 -1 -1000 -1000 -1000 -10 1
148 84 Car -1 -1 -1 396.31 183.53 508.19 242.34 -1 -1 -1 -1000 -1000 -1000 -10 1
148 74 Car -1 -1 -1 586.24 175.91 645.38 226.49 -1 -1 -1 -1000 -1000 -1000 -10 1
149 88 Car -1 -1 -1 516.39 177.14 570.18 214.84 -1 -1 -1 -1000 -1000 -1000 -10 1
149 86 Car -1 -1 -1 27.26 82.96 399.31 347.32 -1 -1 -1 -1000 -1000 -1000 -10 1
149 84 Car -1 -1 -1 381.60 184.88 499.43 248.28 -1 -1 -1 -1000 -1000 -1000 -10 1
149 74 Car -1 -1 -1 587.48 177.46 645.94 227.70 -1 -1 -1 -1000 -1000 -1000 -10 1
150 88 Car -1 -1 -1 514.50 178.71 569.36 216.68 -1 -1 -1 -1000 -1000 -1000 -10 1
150 86 Car -1 -1 -1 -8.21 66.16 381.76 353.15 -1 -1 -1 -1000 -1000 -1000 -10 1
150 84 Car -1 -1 -1 366.43 183.13 493.78 249.65 -1 -1 -1 -1000 -1000 -1000 -10 1
150 74 Car -1 -1 -1 587.64 177.01 645.01 226.13 -1 -1 -1 -1000 -1000 -1000 -10 1
151 88 Car -1 -1 -1 515.00 180.55 570.45 218.89 -1 -1 -1 -1000 -1000 -1000 -10 1
151 86 Car -1 -1 -1 -28.63 61.14 363.93 363.62 -1 -1 -1 -1000 -1000 -1000 -10 1
151 84 Car -1 -1 -1 347.10 185.41 483.44 256.94 -1 -1 -1 -1000 -1000 -1000 -10 1
151 74 Car -1 -1 -1 581.70 174.48 636.01 221.01 -1 -1 -1 -1000 -1000 -1000 -10 1
152 88 Car -1 -1 -1 514.58 180.90 571.77 219.80 -1 -1 -1 -1000 -1000 -1000 -10 1
152 86 Car -1 -1 -1 -43.21 50.21 336.58 363.32 -1 -1 -1 -1000 -1000 -1000 -10 1
152 84 Car -1 -1 -1 327.44 185.89 473.33 261.85 -1 -1 -1 -1000 -1000 -1000 -10 1
152 74 Car -1 -1 -1 586.25 176.54 640.34 222.37 -1 -1 -1 -1000 -1000 -1000 -10 1
153 88 Car -1 -1 -1 516.78 181.44 575.49 220.87 -1 -1 -1 -1000 -1000 -1000 -10 1
153 86 Car -1 -1 -1 -54.24 42.98 294.55 364.13 -1 -1 -1 -1000 -1000 -1000 -10 1
153 84 Car -1 -1 -1 305.71 190.57 460.56 269.37 -1 -1 -1 -1000 -1000 -1000 -10 1
153 74 Car -1 -1 -1 591.55 179.75 647.06 227.85 -1 -1 -1 -1000 -1000 -1000 -10 1
154 88 Car -1 -1 -1 521.92 182.68 579.71 222.18 -1 -1 -1 -1000 -1000 -1000 -10 1
154 86 Car -1 -1 -1 -64.20 36.92 234.20 361.73 -1 -1 -1 -1000 -1000 -1000 -10 1
154 84 Car -1 -1 -1 274.70 191.86 448.11 279.34 -1 -1 -1 -1000 -1000 -1000 -10 1
154 74 Car -1 -1 -1 593.76 180.75 650.21 230.27 -1 -1 -1 -1000 -1000 -1000 -10 1
156 88 Car -1 -1 -1 499.69 186.64 567.68 227.73 -1 -1 -1 -1000 -1000 -1000 -10 1
156 84 Car -1 -1 -1 188.96 194.56 414.86 303.72 -1 -1 -1 -1000 -1000 -1000 -10 1
156 74 Car -1 -1 -1 597.58 180.79 655.37 232.46 -1 -1 -1 -1000 -1000 -1000 -10 1
157 88 Car -1 -1 -1 492.23 186.44 562.94 228.60 -1 -1 -1 -1000 -1000 -1000 -10 1
157 84 Car -1 -1 -1 127.15 197.63 388.35 321.58 -1 -1 -1 -1000 -1000 -1000 -10 1
157 74 Car -1 -1 -1 599.08 178.70 656.60 230.42 -1 -1 -1 -1000 -1000 -1000 -10 1
158 91 Car -1 -1 -1 577.61 172.64 612.93 201.47 -1 -1 -1 -1000 -1000 -1000 -10 1
158 88 Car -1 -1 -1 487.60 185.79 561.54 230.05 -1 -1 -1 -1000 -1000 -1000 -10 1
158 84 Car -1 -1 -1 52.61 204.93 357.08 345.30 -1 -1 -1 -1000 -1000 -1000 -10 1
158 74 Car -1 -1 -1 599.42 177.55 657.34 229.58 -1 -1 -1 -1000 -1000 -1000 -10 1
159 92 Car -1 -1 -1 528.48 180.63 587.59 212.83 -1 -1 -1 -1000 -1000 -1000 -10 1
159 88 Car -1 -1 -1 480.60 185.00 559.60 232.38 -1 -1 -1 -1000 -1000 -1000 -10 1
159 84 Car -1 -1 -1 22.63 205.38 340.38 354.63 -1 -1 -1 -1000 -1000 -1000 -10 1
159 74 Car -1 -1 -1 600.09 175.85 658.28 228.18 -1 -1 -1 -1000 -1000 -1000 -10 1
160 92 Car -1 -1 -1 528.11 179.09 585.10 212.19 -1 -1 -1 -1000 -1000 -1000 -10 1
160 88 Car -1 -1 -1 473.97 184.11 558.12 234.79 -1 -1 -1 -1000 -1000 -1000 -10 1
160 84 Car -1 -1 -1 0.41 204.16 315.97 361.34 -1 -1 -1 -1000 -1000 -1000 -10 1
160 74 Car -1 -1 -1 600.86 174.61 659.56 227.57 -1 -1 -1 -1000 -1000 -1000 -10 1
161 93 Car -1 -1 -1 569.74 175.49 609.61 206.39 -1 -1 -1 -1000 -1000 -1000 -10 1
161 92 Car -1 -1 -1 527.66 179.80 585.93 213.29 -1 -1 -1 -1000 -1000 -1000 -10 1
161 88 Car -1 -1 -1 463.08 183.43 551.96 238.07 -1 -1 -1 -1000 -1000 -1000 -10 1
161 84 Car -1 -1 -1 -16.58 204.16 281.82 365.58 -1 -1 -1 -1000 -1000 -1000 -10 1
161 74 Car -1 -1 -1 602.36 173.88 661.14 227.23 -1 -1 -1 -1000 -1000 -1000 -10 1
162 93 Car -1 -1 -1 564.88 174.54 604.25 204.80 -1 -1 -1 -1000 -1000 -1000 -10 1
162 92 Car -1 -1 -1 528.70 179.66 586.62 212.73 -1 -1 -1 -1000 -1000 -1000 -10 1
162 88 Car -1 -1 -1 451.32 184.02 545.14 242.54 -1 -1 -1 -1000 -1000 -1000 -10 1
162 84 Car -1 -1 -1 -34.45 206.03 231.85 367.47 -1 -1 -1 -1000 -1000 -1000 -10 1
162 74 Car -1 -1 -1 601.87 173.77 661.03 227.65 -1 -1 -1 -1000 -1000 -1000 -10 1
163 93 Car -1 -1 -1 561.32 175.95 600.36 206.34 -1 -1 -1 -1000 -1000 -1000 -10 1
163 92 Car -1 -1 -1 523.52 180.57 580.51 215.40 -1 -1 -1 -1000 -1000 -1000 -10 1
163 88 Car -1 -1 -1 436.40 184.68 539.32 247.67 -1 -1 -1 -1000 -1000 -1000 -10 1
163 74 Car -1 -1 -1 599.85 174.28 659.08 228.06 -1 -1 -1 -1000 -1000 -1000 -10 1
