0 5 Car -1 -1 -1 402.78 170.57 458.21 198.13 -1 -1 -1 -1000 -1000 -1000 -10 1
0 4 Car -1 -1 -1 790.16 167.12 882.94 208.29 -1 -1 -1 -1000 -1000 -1000 -10 1
0 3 Car -1 -1 -1 438.20 173.40 472.91 193.70 -1 -1 -1 -1000 -1000 -1000 -10 1
0 2 Car -1 -1 -1 776.34 178.15 870.62 234.74 -1 -1 -1 -1000 -1000 -1000 -10 1
0 1 Car -1 -1 -1 788.97 155.06 893.04 194.33 -1 -1 -1 -1000 -1000 -1000 -10 1
1 5 Car -1 -1 -1 393.20 168.86 460.50 199.20 -1 -1 -1 -1000 -1000 -1000 -10 1
1 3 Car -1 -1 -1 434.46 170.48 470.74 191.73 -1 -1 -1 -1000 -1000 -1000 -10 1
1 2 Car -1 -1 -1 769.23 180.61 871.19 234.62 -1 -1 -1 -1000 -1000 -1000 -10 1
1 1 Car -1 -1 -1 791.04 150.86 904.43 192.55 -1 -1 -1 -1000 -1000 -1000 -10 1
2 5 Car -1 -1 -1 383.91 169.90 452.05 198.30 -1 -1 -1 -1000 -1000 -1000 -10 1
2 2 Car -1 -1 -1 766.28 176.80 868.74 230.50 -1 -1 -1 -1000 -1000 -1000 -10 1
2 1 Car -1 -1 -1 815.53 153.30 917.73 193.82 -1 -1 -1 -1000 -1000 -1000 -10 1
3 5 Car -1 -1 -1 379.96 171.12 444.49 201.37 -1 -1 -1 -1000 -1000 -1000 -10 1
3 2 Car -1 -1 -1 764.05 175.19 863.87 228.88 -1 -1 -1 -1000 -1000 -1000 -10 1
3 1 Car -1 -1 -1 830.81 153.25 927.87 192.93 -1 -1 -1 -1000 -1000 -1000 -10 1
4 5 Car -1 -1 -1 373.39 170.52 434.80 201.47 -1 -1 -1 -1000 -1000 -1000 -10 1
4 2 Car -1 -1 -1 764.19 179.80 858.64 231.02 -1 -1 -1 -1000 -1000 -1000 -10 1
4 1 Car -1 -1 -1 804.32 151.92 906.62 194.30 -1 -1 -1 -1000 -1000 -1000 -10 1
5 5 Car -1 -1 -1 366.87 175.33 426.83 205.64 -1 -1 -1 -1000 -1000 -1000 -10 1
5 2 Car -1 -1 -1 762.73 182.54 853.46 231.80 -1 -1 -1 -1000 -1000 -1000 -10 1
5 1 Car -1 -1 -1 810.52 159.69 899.33 196.56 -1 -1 -1 -1000 -1000 -1000 -10 1
6 2 Car -1 -1 -1 758.75 181.51 847.49 230.22 -1 -1 -1 -1000 -1000 -1000 -10 1
6 1 Car -1 -1 -1 807.14 163.41 887.79 197.82 -1 -1 -1 -1000 -1000 -1000 -10 1
7 2 Car -1 -1 -1 754.82 180.18 841.04 227.38 -1 -1 -1 -1000 -1000 -1000 -10 1
8 10 Car -1 -1 -1 329.89 171.40 396.27 206.91 -1 -1 -1 -1000 -1000 -1000 -10 1
8 2 Car -1 -1 -1 753.79 177.67 832.46 223.57 -1 -1 -1 -1000 -1000 -1000 -10 1
9 5 Car -1 -1 -1 327.87 171.12 393.01 203.78 -1 -1 -1 -1000 -1000 -1000 -10 1
9 2 Car -1 -1 -1 753.90 173.93 826.99 218.22 -1 -1 -1 -1000 -1000 -1000 -10 1
10 12 Car -1 -1 -1 856.69 143.62 989.39 186.02 -1 -1 -1 -1000 -1000 -1000 -10 1
10 5 Car -1 -1 -1 323.45 170.56 389.32 203.81 -1 -1 -1 -1000 -1000 -1000 -10 1
10 2 Car -1 -1 -1 752.53 172.16 822.01 215.84 -1 -1 -1 -1000 -1000 -1000 -10 1
10 1 Car -1 -1 -1 799.14 160.85 872.32 191.18 -1 -1 -1 -1000 -1000 -1000 -10 1
11 12 Car -1 -1 -1 872.19 140.84 1009.42 185.48 -1 -1 -1 -1000 -1000 -1000 -10 1
11 5 Car -1 -1 -1 314.49 170.22 388.12 204.56 -1 -1 -1 -1000 -1000 -1000 -10 1
11 2 Car -1 -1 -1 751.24 172.47 817.18 215.64 -1 -1 -1 -1000 -1000 -1000 -10 1
12 5 Car -1 -1 -1 303.41 171.18 379.77 207.11 -1 -1 -1 -1000 -1000 -1000 -10 1
12 2 Car -1 -1 -1 750.87 173.62 813.78 216.13 -1 -1 -1 -1000 -1000 -1000 -10 1
13 5 Car -1 -1 -1 291.71 170.64 373.75 210.77 -1 -1 -1 -1000 -1000 -1000 -10 1
13 2 Car -1 -1 -1 747.90 175.67 810.18 218.26 -1 -1 -1 -1000 -1000 -1000 -10 1
14 5 Car -1 -1 -1 283.45 169.49 373.36 211.58 -1 -1 -1 -1000 -1000 -1000 -10 1
14 2 Car -1 -1 -1 745.41 177.62 806.98 220.25 -1 -1 -1 -1000 -1000 -1000 -10 1
15 17 Car -1 -1 -1 437.54 181.54 470.84 201.61 -1 -1 -1 -1000 -1000 -1000 -10 1
15 5 Car -1 -1 -1 274.12 170.99 370.23 213.72 -1 -1 -1 -1000 -1000 -1000 -10 1
15 2 Car -1 -1 -1 742.53 178.31 803.27 220.74 -1 -1 -1 -1000 -1000 -1000 -10 1
16 5 Car -1 -1 -1 263.71 170.81 362.94 217.05 -1 -1 -1 -1000 -1000 -1000 -10 1
16 2 Car -1 -1 -1 741.21 178.08 800.46 220.19 -1 -1 -1 -1000 -1000 -1000 -10 1
17 18 Car -1 -1 -1 824.20 159.89 928.10 192.26 -1 -1 -1 -1000 -1000 -1000 -10 1
17 5 Car -1 -1 -1 252.08 170.87 357.32 217.07 -1 -1 -1 -1000 -1000 -1000 -10 1
17 2 Car -1 -1 -1 739.44 177.12 797.94 219.16 -1 -1 -1 -1000 -1000 -1000 -10 1
18 18 Car -1 -1 -1 828.47 159.58 932.33 190.82 -1 -1 -1 -1000 -1000 -1000 -10 1
18 5 Car -1 -1 -1 242.92 168.76 348.74 217.55 -1 -1 -1 -1000 -1000 -1000 -10 1
18 2 Car -1 -1 -1 738.22 176.68 795.13 217.87 -1 -1 -1 -1000 -1000 -1000 -10 1
19 21 Car -1 -1 -1 843.46 162.50 931.06 196.60 -1 -1 -1 -1000 -1000 -1000 -10 1
19 18 Car -1 -1 -1 834.41 160.87 932.57 192.44 -1 -1 -1 -1000 -1000 -1000 -10 1
19 5 Car -1 -1 -1 228.56 169.75 338.17 220.00 -1 -1 -1 -1000 -1000 -1000 -10 1
19 2 Car -1 -1 -1 737.24 176.29 792.69 216.94 -1 -1 -1 -1000 -1000 -1000 -10 1
20 21 Car -1 -1 -1 842.71 160.50 934.71 195.82 -1 -1 -1 -1000 -1000 -1000 -10 1
20 18 Car -1 -1 -1 839.70 158.13 945.84 191.57 -1 -1 -1 -1000 -1000 -1000 -10 1
20 5 Car -1 -1 -1 213.72 171.25 328.82 221.68 -1 -1 -1 -1000 -1000 -1000 -10 1
20 2 Car -1 -1 -1 737.07 176.24 791.16 216.56 -1 -1 -1 -1000 -1000 -1000 -10 1
21 23 Car -1 -1 -1 408.02 184.08 466.47 219.59 -1 -1 -1 -1000 -1000 -1000 -10 1
21 21 Car -1 -1 -1 842.10 158.94 944.28 197.72 -1 -1 -1 -1000 -1000 -1000 -10 1
21 18 Car -1 -1 -1 842.52 156.99 956.01 192.33 -1 -1 -1 -1000 -1000 -1000 -10 1
21 5 Car -1 -1 -1 198.73 174.16 320.40 226.18 -1 -1 -1 -1000 -1000 -1000 -10 1
21 2 Car -1 -1 -1 735.42 177.73 789.60 218.72 -1 -1 -1 -1000 -1000 -1000 -10 1
22 23 Car -1 -1 -1 389.94 182.28 454.48 220.67 -1 -1 -1 -1000 -1000 -1000 -10 1
22 5 Car -1 -1 -1 182.13 175.37 309.66 229.18 -1 -1 -1 -1000 -1000 -1000 -10 1
22 2 Car -1 -1 -1 733.56 178.08 787.44 219.27 -1 -1 -1 -1000 -1000 -1000 -10 1
23 23 Car -1 -1 -1 369.93 181.18 444.21 225.54 -1 -1 -1 -1000 -1000 -1000 -10 1
23 5 Car -1 -1 -1 162.94 176.14 296.76 231.63 -1 -1 -1 -1000 -1000 -1000 -10 1
23 2 Car -1 -1 -1 732.04 178.85 785.65 219.84 -1 -1 -1 -1000 -1000 -1000 -10 1
24 23 Car -1 -1 -1 346.37 184.28 428.97 228.96 -1 -1 -1 -1000 -1000 -1000 -10 1
24 5 Car -1 -1 -1 141.38 174.12 284.32 233.34 -1 -1 -1 -1000 -1000 -1000 -10 1
24 2 Car -1 -1 -1 730.83 179.44 783.15 220.35 -1 -1 -1 -1000 -1000 -1000 -10 1
25 23 Car -1 -1 -1 311.87 184.42 409.38 233.00 -1 -1 -1 -1000 -1000 -1000 -10 1
25 5 Car -1 -1 -1 118.85 173.21 268.05 233.60 -1 -1 -1 -1000 -1000 -1000 -10 1
25 2 Car -1 -1 -1 727.76 179.63 779.33 220.68 -1 -1 -1 -1000 -1000 -1000 -10 1
26 23 Car -1 -1 -1 281.80 185.04 387.48 238.72 -1 -1 -1 -1000 -1000 -1000 -10 1
26 5 Car -1 -1 -1 101.96 171.90 255.13 234.96 -1 -1 -1 -1000 -1000 -1000 -10 1
26 2 Car -1 -1 -1 724.31 179.63 775.16 220.66 -1 -1 -1 -1000 -1000 -1000 -10 1
27 23 Car -1 -1 -1 232.28 186.42 358.42 247.51 -1 -1 -1 -1000 -1000 -1000 -10 1
27 5 Car -1 -1 -1 77.80 168.30 239.33 235.18 -1 -1 -1 -1000 -1000 -1000 -10 1
27 2 Car -1 -1 -1 719.65 179.90 771.23 221.16 -1 -1 -1 -1000 -1000 -1000 -10 1
28 28 Car -1 -1 -1 375.42 178.97 434.38 212.05 -1 -1 -1 -1000 -1000 -1000 -10 1
28 27 Car -1 -1 -1 33.50 162.91 208.64 242.15 -1 -1 -1 -1000 -1000 -1000 -10 1
28 23 Car -1 -1 -1 168.11 183.52 323.63 255.86 -1 -1 -1 -1000 -1000 -1000 -10 1
29 27 Car -1 -1 -1 26.33 164.82 245.33 262.98 -1 -1 -1 -1000 -1000 -1000 -10 1
30 27 Car -1 -1 -1 -2.76 171.15 234.72 285.76 -1 -1 -1 -1000 -1000 -1000 -10 1
31 27 Car -1 -1 -1 -18.76 167.98 198.49 284.59 -1 -1 -1 -1000 -1000 -1000 -10 1
31 2 Car -1 -1 -1 705.61 174.13 756.60 213.64 -1 -1 -1 -1000 -1000 -1000 -10 1
32 32 Car -1 -1 -1 413.51 175.71 464.78 205.96 -1 -1 -1 -1000 -1000 -1000 -10 1
32 28 Car -1 -1 -1 304.12 180.04 380.49 221.19 -1 -1 -1 -1000 -1000 -1000 -10 1
32 2 Car -1 -1 -1 703.81 175.53 754.61 214.49 -1 -1 -1 -1000 -1000 -1000 -10 1
33 32 Car -1 -1 -1 387.66 178.59 452.52 216.16 -1 -1 -1 -1000 -1000 -1000 -10 1
33 28 Car -1 -1 -1 276.69 178.77 361.87 224.24 -1 -1 -1 -1000 -1000 -1000 -10 1
33 2 Car -1 -1 -1 701.92 175.92 752.38 214.70 -1 -1 -1 -1000 -1000 -1000 -10 1
34 32 Car -1 -1 -1 357.81 177.39 437.60 220.87 -1 -1 -1 -1000 -1000 -1000 -10 1
34 28 Car -1 -1 -1 245.50 179.03 343.99 227.77 -1 -1 -1 -1000 -1000 -1000 -10 1
34 2 Car -1 -1 -1 701.81 175.63 750.79 213.88 -1 -1 -1 -1000 -1000 -1000 -10 1
35 32 Car -1 -1 -1 333.86 178.20 423.76 224.57 -1 -1 -1 -1000 -1000 -1000 -10 1
35 28 Car -1 -1 -1 210.15 182.12 323.47 231.61 -1 -1 -1 -1000 -1000 -1000 -10 1
35 2 Car -1 -1 -1 697.25 177.02 745.34 215.83 -1 -1 -1 -1000 -1000 -1000 -10 1
36 36 Car -1 -1 -1 -7.34 185.66 83.12 234.06 -1 -1 -1 -1000 -1000 -1000 -10 1
36 32 Car -1 -1 -1 303.91 178.82 405.62 228.94 -1 -1 -1 -1000 -1000 -1000 -10 1
36 28 Car -1 -1 -1 175.09 183.75 295.15 235.43 -1 -1 -1 -1000 -1000 -1000 -10 1
36 2 Car -1 -1 -1 695.27 177.35 743.21 216.85 -1 -1 -1 -1000 -1000 -1000 -10 1
37 38 Car -1 -1 -1 596.11 171.81 626.16 196.02 -1 -1 -1 -1000 -1000 -1000 -10 1
37 36 Car -1 -1 -1 -13.33 186.81 58.91 231.82 -1 -1 -1 -1000 -1000 -1000 -10 1
37 32 Car -1 -1 -1 267.30 178.31 381.98 235.04 -1 -1 -1 -1000 -1000 -1000 -10 1
37 28 Car -1 -1 -1 121.66 185.26 260.24 241.81 -1 -1 -1 -1000 -1000 -1000 -10 1
37 2 Car -1 -1 -1 693.23 176.70 740.55 216.70 -1 -1 -1 -1000 -1000 -1000 -10 1
38 38 Car -1 -1 -1 596.69 169.86 626.29 193.36 -1 -1 -1 -1000 -1000 -1000 -10 1
38 32 Car -1 -1 -1 219.87 182.28 343.62 244.94 -1 -1 -1 -1000 -1000 -1000 -10 1
38 28 Car -1 -1 -1 56.25 186.82 213.54 248.28 -1 -1 -1 -1000 -1000 -1000 -10 1
38 2 Car -1 -1 -1 694.36 175.35 740.57 213.60 -1 -1 -1 -1000 -1000 -1000 -10 1
39 38 Car -1 -1 -1 594.91 171.97 624.58 195.84 -1 -1 -1 -1000 -1000 -1000 -10 1
39 32 Car -1 -1 -1 157.03 182.47 304.57 254.02 -1 -1 -1 -1000 -1000 -1000 -10 1
39 28 Car -1 -1 -1 10.09 186.76 172.35 251.97 -1 -1 -1 -1000 -1000 -1000 -10 1
39 2 Car -1 -1 -1 694.83 174.66 740.19 211.65 -1 -1 -1 -1000 -1000 -1000 -10 1
40 38 Car -1 -1 -1 595.36 172.32 624.78 196.31 -1 -1 -1 -1000 -1000 -1000 -10 1
40 32 Car -1 -1 -1 72.81 189.26 245.04 266.47 -1 -1 -1 -1000 -1000 -1000 -10 1
40 28 Car -1 -1 -1 -16.45 191.13 137.31 257.71 -1 -1 -1 -1000 -1000 -1000 -10 1
40 2 Car -1 -1 -1 692.68 175.48 737.09 212.72 -1 -1 -1 -1000 -1000 -1000 -10 1
41 38 Car -1 -1 -1 594.65 172.22 624.38 196.80 -1 -1 -1 -1000 -1000 -1000 -10 1
41 32 Car -1 -1 -1 9.89 200.68 197.50 290.24 -1 -1 -1 -1000 -1000 -1000 -10 1
41 2 Car -1 -1 -1 694.76 174.66 738.21 211.08 -1 -1 -1 -1000 -1000 -1000 -10 1
42 40 Car -1 -1 -1 133.08 172.43 274.22 240.86 -1 -1 -1 -1000 -1000 -1000 -10 1
42 38 Car -1 -1 -1 594.20 169.86 624.34 194.37 -1 -1 -1 -1000 -1000 -1000 -10 1
42 32 Car -1 -1 -1 -28.63 206.18 132.90 300.21 -1 -1 -1 -1000 -1000 -1000 -10 1
42 2 Car -1 -1 -1 692.28 175.35 735.76 211.07 -1 -1 -1 -1000 -1000 -1000 -10 1
43 41 Car -1 -1 -1 229.62 174.87 349.56 238.44 -1 -1 -1 -1000 -1000 -1000 -10 1
43 40 Car -1 -1 -1 76.05 174.92 236.21 249.20 -1 -1 -1 -1000 -1000 -1000 -10 1
43 38 Car -1 -1 -1 593.66 169.13 624.23 193.58 -1 -1 -1 -1000 -1000 -1000 -10 1
43 2 Car -1 -1 -1 690.47 175.25 734.66 211.03 -1 -1 -1 -1000 -1000 -1000 -10 1
44 43 Car -1 -1 -1 323.61 177.16 387.54 214.76 -1 -1 -1 -1000 -1000 -1000 -10 1
44 41 Car -1 -1 -1 179.98 180.61 315.97 248.94 -1 -1 -1 -1000 -1000 -1000 -10 1
44 40 Car -1 -1 -1 14.98 177.92 194.48 256.67 -1 -1 -1 -1000 -1000 -1000 -10 1
44 38 Car -1 -1 -1 593.99 168.82 624.94 193.10 -1 -1 -1 -1000 -1000 -1000 -10 1
44 2 Car -1 -1 -1 688.92 175.40 734.13 211.67 -1 -1 -1 -1000 -1000 -1000 -10 1
45 43 Car -1 -1 -1 299.91 178.71 374.33 220.62 -1 -1 -1 -1000 -1000 -1000 -10 1
45 41 Car -1 -1 -1 118.17 185.51 274.90 258.89 -1 -1 -1 -1000 -1000 -1000 -10 1
45 40 Car -1 -1 -1 -18.18 183.40 154.53 264.25 -1 -1 -1 -1000 -1000 -1000 -10 1
45 38 Car -1 -1 -1 593.47 169.51 624.85 193.68 -1 -1 -1 -1000 -1000 -1000 -10 1
45 2 Car -1 -1 -1 689.93 175.09 734.73 210.85 -1 -1 -1 -1000 -1000 -1000 -10 1
46 43 Car -1 -1 -1 277.02 176.30 361.59 221.76 -1 -1 -1 -1000 -1000 -1000 -10 1
46 41 Car -1 -1 -1 32.41 187.33 227.80 276.59 -1 -1 -1 -1000 -1000 -1000 -10 1
46 38 Car -1 -1 -1 591.88 169.99 623.83 193.99 -1 -1 -1 -1000 -1000 -1000 -10 1
46 2 Car -1 -1 -1 688.35 175.18 734.63 211.51 -1 -1 -1 -1000 -1000 -1000 -10 1
47 43 Car -1 -1 -1 254.46 178.27 347.16 226.87 -1 -1 -1 -1000 -1000 -1000 -10 1
47 41 Car -1 -1 -1 -14.02 195.00 179.77 292.31 -1 -1 -1 -1000 -1000 -1000 -10 1
47 38 Car -1 -1 -1 590.78 171.27 622.74 194.98 -1 -1 -1 -1000 -1000 -1000 -10 1
47 2 Car -1 -1 -1 689.93 177.13 736.27 213.29 -1 -1 -1 -1000 -1000 -1000 -10 1
48 43 Car -1 -1 -1 224.42 182.32 329.69 232.92 -1 -1 -1 -1000 -1000 -1000 -10 1
48 38 Car -1 -1 -1 592.80 172.45 625.07 198.01 -1 -1 -1 -1000 -1000 -1000 -10 1
48 2 Car -1 -1 -1 689.67 177.73 735.28 213.29 -1 -1 -1 -1000 -1000 -1000 -10 1
49 43 Car -1 -1 -1 191.04 181.72 308.86 238.18 -1 -1 -1 -1000 -1000 -1000 -10 1
49 38 Car -1 -1 -1 593.91 173.81 625.68 200.31 -1 -1 -1 -1000 -1000 -1000 -10 1
49 2 Car -1 -1 -1 694.31 178.16 738.18 212.59 -1 -1 -1 -1000 -1000 -1000 -10 1
50 46 Car -1 -1 -1 409.02 166.51 470.77 211.96 -1 -1 -1 -1000 -1000 -1000 -10 1
50 43 Car -1 -1 -1 148.35 180.07 282.78 243.48 -1 -1 -1 -1000 -1000 -1000 -10 1
50 38 Car -1 -1 -1 584.99 174.44 615.80 200.45 -1 -1 -1 -1000 -1000 -1000 -10 1
50 2 Car -1 -1 -1 697.92 178.75 740.44 212.52 -1 -1 -1 -1000 -1000 -1000 -10 1
51 43 Car -1 -1 -1 99.26 184.86 246.30 248.12 -1 -1 -1 -1000 -1000 -1000 -10 1
51 38 Car -1 -1 -1 587.22 175.12 619.21 201.90 -1 -1 -1 -1000 -1000 -1000 -10 1
51 2 Car -1 -1 -1 701.19 178.71 743.02 212.00 -1 -1 -1 -1000 -1000 -1000 -10 1
52 43 Car -1 -1 -1 36.54 186.98 200.87 256.11 -1 -1 -1 -1000 -1000 -1000 -10 1
52 2 Car -1 -1 -1 705.66 178.79 746.91 211.79 -1 -1 -1 -1000 -1000 -1000 -10 1
53 48 Car -1 -1 -1 225.02 181.41 285.79 217.09 -1 -1 -1 -1000 -1000 -1000 -10 1
53 43 Car -1 -1 -1 -7.44 191.98 158.31 264.08 -1 -1 -1 -1000 -1000 -1000 -10 1
53 2 Car -1 -1 -1 705.41 177.91 748.65 213.00 -1 -1 -1 -1000 -1000 -1000 -10 1
54 48 Car -1 -1 -1 217.48 182.91 277.03 218.28 -1 -1 -1 -1000 -1000 -1000 -10 1
54 46 Car -1 -1 -1 358.34 173.75 440.50 224.49 -1 -1 -1 -1000 -1000 -1000 -10 1
54 43 Car -1 -1 -1 -30.77 191.71 111.21 265.40 -1 -1 -1 -1000 -1000 -1000 -10 1
54 2 Car -1 -1 -1 715.65 175.77 757.32 211.24 -1 -1 -1 -1000 -1000 -1000 -10 1
55 48 Car -1 -1 -1 207.40 182.21 268.60 217.93 -1 -1 -1 -1000 -1000 -1000 -10 1
55 46 Car -1 -1 -1 337.39 173.02 430.02 226.35 -1 -1 -1 -1000 -1000 -1000 -10 1
55 38 Car -1 -1 -1 591.98 171.10 630.09 202.76 -1 -1 -1 -1000 -1000 -1000 -10 1
55 2 Car -1 -1 -1 721.32 173.13 763.54 208.71 -1 -1 -1 -1000 -1000 -1000 -10 1
56 48 Car -1 -1 -1 198.34 183.51 260.02 218.55 -1 -1 -1 -1000 -1000 -1000 -10 1
56 46 Car -1 -1 -1 321.79 171.69 420.54 228.65 -1 -1 -1 -1000 -1000 -1000 -10 1
56 38 Car -1 -1 -1 593.20 169.57 633.88 203.49 -1 -1 -1 -1000 -1000 -1000 -10 1
56 2 Car -1 -1 -1 729.78 173.10 771.76 207.69 -1 -1 -1 -1000 -1000 -1000 -10 1
57 52 Car -1 -1 -1 523.12 165.42 558.44 197.47 -1 -1 -1 -1000 -1000 -1000 -10 1
57 48 Car -1 -1 -1 183.35 182.20 249.91 219.30 -1 -1 -1 -1000 -1000 -1000 -10 1
57 46 Car -1 -1 -1 293.13 170.83 404.26 231.95 -1 -1 -1 -1000 -1000 -1000 -10 1
57 38 Car -1 -1 -1 595.70 166.65 637.28 202.53 -1 -1 -1 -1000 -1000 -1000 -10 1
57 2 Car -1 -1 -1 740.21 171.36 782.21 204.51 -1 -1 -1 -1000 -1000 -1000 -10 1
58 55 Car -1 -1 -1 264.53 165.68 389.36 236.69 -1 -1 -1 -1000 -1000 -1000 -10 1
58 48 Car -1 -1 -1 173.32 182.54 241.39 221.15 -1 -1 -1 -1000 -1000 -1000 -10 1
58 46 Car -1 -1 -1 268.39 167.53 390.85 233.43 -1 -1 -1 -1000 -1000 -1000 -10 1
58 38 Car -1 -1 -1 594.19 165.74 635.79 202.56 -1 -1 -1 -1000 -1000 -1000 -10 1
58 2 Car -1 -1 -1 748.68 171.25 791.79 203.59 -1 -1 -1 -1000 -1000 -1000 -10 1
59 55 Car -1 -1 -1 230.92 160.92 365.76 239.57 -1 -1 -1 -1000 -1000 -1000 -10 1
59 48 Car -1 -1 -1 160.58 180.92 235.31 222.09 -1 -1 -1 -1000 -1000 -1000 -10 1
59 46 Car -1 -1 -1 237.08 167.32 371.02 237.28 -1 -1 -1 -1000 -1000 -1000 -10 1
59 38 Car -1 -1 -1 593.75 166.58 636.68 204.27 -1 -1 -1 -1000 -1000 -1000 -10 1
59 2 Car -1 -1 -1 758.92 169.10 805.67 200.31 -1 -1 -1 -1000 -1000 -1000 -10 1
60 55 Car -1 -1 -1 190.22 159.83 344.44 248.27 -1 -1 -1 -1000 -1000 -1000 -10 1
60 48 Car -1 -1 -1 150.99 179.11 225.58 222.04 -1 -1 -1 -1000 -1000 -1000 -10 1
60 46 Car -1 -1 -1 202.79 168.39 347.38 243.33 -1 -1 -1 -1000 -1000 -1000 -10 1
60 38 Car -1 -1 -1 593.11 164.51 637.35 203.22 -1 -1 -1 -1000 -1000 -1000 -10 1
60 2 Car -1 -1 -1 766.60 167.23 813.69 198.13 -1 -1 -1 -1000 -1000 -1000 -10 1
61 55 Car -1 -1 -1 141.42 158.37 318.51 257.82 -1 -1 -1 -1000 -1000 -1000 -10 1
61 38 Car -1 -1 -1 592.23 163.81 637.69 203.66 -1 -1 -1 -1000 -1000 -1000 -10 1
61 2 Car -1 -1 -1 777.98 168.13 829.55 196.78 -1 -1 -1 -1000 -1000 -1000 -10 1
62 55 Car -1 -1 -1 86.40 159.61 289.90 265.66 -1 -1 -1 -1000 -1000 -1000 -10 1
62 38 Car -1 -1 -1 590.51 163.95 637.96 204.76 -1 -1 -1 -1000 -1000 -1000 -10 1
62 2 Car -1 -1 -1 791.51 169.39 841.76 198.19 -1 -1 -1 -1000 -1000 -1000 -10 1
63 55 Car -1 -1 -1 19.61 161.93 252.46 281.53 -1 -1 -1 -1000 -1000 -1000 -10 1
63 38 Car -1 -1 -1 590.38 162.86 639.11 205.57 -1 -1 -1 -1000 -1000 -1000 -10 1
63 2 Car -1 -1 -1 805.91 169.23 859.03 197.93 -1 -1 -1 -1000 -1000 -1000 -10 1
64 57 Car -1 -1 -1 330.36 176.90 417.49 223.41 -1 -1 -1 -1000 -1000 -1000 -10 1
64 55 Car -1 -1 -1 -15.89 166.83 220.60 294.05 -1 -1 -1 -1000 -1000 -1000 -10 1
64 38 Car -1 -1 -1 590.28 162.32 639.97 206.94 -1 -1 -1 -1000 -1000 -1000 -10 1
64 2 Car -1 -1 -1 817.82 170.23 870.73 198.00 -1 -1 -1 -1000 -1000 -1000 -10 1
65 57 Car -1 -1 -1 309.24 179.71 405.41 228.60 -1 -1 -1 -1000 -1000 -1000 -10 1
65 55 Car -1 -1 -1 -33.40 168.58 184.78 296.60 -1 -1 -1 -1000 -1000 -1000 -10 1
65 38 Car -1 -1 -1 589.88 162.17 640.47 208.29 -1 -1 -1 -1000 -1000 -1000 -10 1
65 2 Car -1 -1 -1 829.83 170.99 881.46 197.17 -1 -1 -1 -1000 -1000 -1000 -10 1
66 60 Car -1 -1 -1 402.26 168.49 477.52 203.73 -1 -1 -1 -1000 -1000 -1000 -10 1
66 59 Car -1 -1 -1 897.63 163.29 974.81 194.02 -1 -1 -1 -1000 -1000 -1000 -10 1
66 57 Car -1 -1 -1 282.73 181.30 390.00 232.77 -1 -1 -1 -1000 -1000 -1000 -10 1
66 38 Car -1 -1 -1 588.58 162.24 640.01 209.36 -1 -1 -1 -1000 -1000 -1000 -10 1
66 2 Car -1 -1 -1 842.46 171.05 897.84 197.83 -1 -1 -1 -1000 -1000 -1000 -10 1
67 60 Car -1 -1 -1 387.83 162.98 478.75 205.68 -1 -1 -1 -1000 -1000 -1000 -10 1
67 59 Car -1 -1 -1 881.28 164.45 958.31 194.56 -1 -1 -1 -1000 -1000 -1000 -10 1
67 57 Car -1 -1 -1 253.17 181.64 372.68 236.46 -1 -1 -1 -1000 -1000 -1000 -10 1
67 38 Car -1 -1 -1 588.90 161.91 641.56 210.06 -1 -1 -1 -1000 -1000 -1000 -10 1
67 2 Car -1 -1 -1 857.77 170.32 917.13 197.32 -1 -1 -1 -1000 -1000 -1000 -10 1
68 60 Car -1 -1 -1 376.55 163.73 467.18 207.43 -1 -1 -1 -1000 -1000 -1000 -10 1
68 59 Car -1 -1 -1 877.72 162.96 951.39 193.71 -1 -1 -1 -1000 -1000 -1000 -10 1
68 57 Car -1 -1 -1 225.80 183.68 349.71 241.81 -1 -1 -1 -1000 -1000 -1000 -10 1
68 38 Car -1 -1 -1 588.01 162.03 641.59 210.86 -1 -1 -1 -1000 -1000 -1000 -10 1
69 60 Car -1 -1 -1 367.33 167.05 456.35 209.75 -1 -1 -1 -1000 -1000 -1000 -10 1
69 59 Car -1 -1 -1 883.44 162.48 955.93 193.76 -1 -1 -1 -1000 -1000 -1000 -10 1
69 57 Car -1 -1 -1 183.79 182.98 324.56 248.02 -1 -1 -1 -1000 -1000 -1000 -10 1
69 38 Car -1 -1 -1 586.32 162.39 640.33 211.16 -1 -1 -1 -1000 -1000 -1000 -10 1
70 64 Car -1 -1 -1 7.28 187.95 94.99 240.17 -1 -1 -1 -1000 -1000 -1000 -10 1
70 59 Car -1 -1 -1 884.75 162.94 958.24 194.31 -1 -1 -1 -1000 -1000 -1000 -10 1
70 57 Car -1 -1 -1 136.46 182.93 295.32 253.79 -1 -1 -1 -1000 -1000 -1000 -10 1
70 38 Car -1 -1 -1 584.74 163.86 639.50 212.71 -1 -1 -1 -1000 -1000 -1000 -10 1
71 64 Car -1 -1 -1 -4.75 185.89 82.85 241.58 -1 -1 -1 -1000 -1000 -1000 -10 1
71 57 Car -1 -1 -1 79.59 184.32 264.14 264.73 -1 -1 -1 -1000 -1000 -1000 -10 1
71 38 Car -1 -1 -1 585.37 164.92 641.03 214.57 -1 -1 -1 -1000 -1000 -1000 -10 1
72 57 Car -1 -1 -1 21.04 189.79 220.63 273.46 -1 -1 -1 -1000 -1000 -1000 -10 1
72 38 Car -1 -1 -1 586.42 164.96 642.99 215.43 -1 -1 -1 -1000 -1000 -1000 -10 1
73 65 Car -1 -1 -1 282.68 174.31 410.08 226.39 -1 -1 -1 -1000 -1000 -1000 -10 1
73 57 Car -1 -1 -1 -12.76 194.49 186.26 287.52 -1 -1 -1 -1000 -1000 -1000 -10 1
73 38 Car -1 -1 -1 586.17 165.95 644.09 217.68 -1 -1 -1 -1000 -1000 -1000 -10 1
74 67 Car -1 -1 -1 1007.25 161.39 1109.70 198.20 -1 -1 -1 -1000 -1000 -1000 -10 1
74 65 Car -1 -1 -1 255.81 172.47 396.23 232.60 -1 -1 -1 -1000 -1000 -1000 -10 1
74 59 Car -1 -1 -1 836.78 161.48 899.57 187.58 -1 -1 -1 -1000 -1000 -1000 -10 1
74 57 Car -1 -1 -1 -34.36 197.43 143.44 296.13 -1 -1 -1 -1000 -1000 -1000 -10 1
74 38 Car -1 -1 -1 586.46 167.68 645.89 220.72 -1 -1 -1 -1000 -1000 -1000 -10 1
75 67 Car -1 -1 -1 1023.03 163.39 1119.64 197.81 -1 -1 -1 -1000 -1000 -1000 -10 1
75 65 Car -1 -1 -1 224.86 174.55 374.50 240.46 -1 -1 -1 -1000 -1000 -1000 -10 1
75 38 Car -1 -1 -1 585.69 168.14 646.30 222.10 -1 -1 -1 -1000 -1000 -1000 -10 1
76 67 Car -1 -1 -1 1052.44 162.90 1155.03 198.65 -1 -1 -1 -1000 -1000 -1000 -10 1
76 65 Car -1 -1 -1 187.66 178.78 348.32 249.09 -1 -1 -1 -1000 -1000 -1000 -10 1
76 38 Car -1 -1 -1 584.08 167.65 646.02 222.55 -1 -1 -1 -1000 -1000 -1000 -10 1
78 69 Car -1 -1 -1 -5.98 176.06 95.75 221.06 -1 -1 -1 -1000 -1000 -1000 -10 1
78 67 Car -1 -1 -1 1102.30 162.29 1219.10 201.96 -1 -1 -1 -1000 -1000 -1000 -10 1
78 65 Car -1 -1 -1 76.70 184.73 285.19 272.70 -1 -1 -1 -1000 -1000 -1000 -10 1
78 59 Car -1 -1 -1 797.49 162.43 859.81 188.69 -1 -1 -1 -1000 -1000 -1000 -10 1
79 67 Car -1 -1 -1 1121.88 156.45 1245.00 199.99 -1 -1 -1 -1000 -1000 -1000 -10 1
79 65 Car -1 -1 -1 27.70 185.74 251.22 276.61 -1 -1 -1 -1000 -1000 -1000 -10 1
79 59 Car -1 -1 -1 779.38 159.70 843.61 186.56 -1 -1 -1 -1000 -1000 -1000 -10 1
80 67 Car -1 -1 -1 1146.40 153.93 1257.42 198.17 -1 -1 -1 -1000 -1000 -1000 -10 1
80 65 Car -1 -1 -1 3.65 183.86 230.72 275.21 -1 -1 -1 -1000 -1000 -1000 -10 1
80 59 Car -1 -1 -1 766.04 158.41 833.33 186.15 -1 -1 -1 -1000 -1000 -1000 -10 1
80 38 Car -1 -1 -1 575.19 167.96 642.35 228.86 -1 -1 -1 -1000 -1000 -1000 -10 1
81 67 Car -1 -1 -1 1177.62 150.29 1268.00 194.68 -1 -1 -1 -1000 -1000 -1000 -10 1
81 65 Car -1 -1 -1 -9.00 180.73 214.05 270.37 -1 -1 -1 -1000 -1000 -1000 -10 1
81 59 Car -1 -1 -1 755.72 158.78 824.56 187.12 -1 -1 -1 -1000 -1000 -1000 -10 1
81 38 Car -1 -1 -1 571.57 168.87 643.35 230.10 -1 -1 -1 -1000 -1000 -1000 -10 1
82 73 Car -1 -1 -1 -5.23 200.25 269.84 380.58 -1 -1 -1 -1000 -1000 -1000 -10 1
82 59 Car -1 -1 -1 747.21 160.30 815.93 189.22 -1 -1 -1 -1000 -1000 -1000 -10 1
82 38 Car -1 -1 -1 568.24 169.13 643.25 230.59 -1 -1 -1 -1000 -1000 -1000 -10 1
83 73 Car -1 -1 -1 -1.72 215.23 282.53 384.23 -1 -1 -1 -1000 -1000 -1000 -10 1
83 59 Car -1 -1 -1 736.93 160.69 805.71 189.23 -1 -1 -1 -1000 -1000 -1000 -10 1
83 38 Car -1 -1 -1 566.59 169.16 645.29 231.60 -1 -1 -1 -1000 -1000 -1000 -10 1
84 75 Car -1 -1 -1 -24.50 207.91 138.76 305.19 -1 -1 -1 -1000 -1000 -1000 -10 1
84 73 Car -1 -1 -1 2.87 218.51 297.73 382.01 -1 -1 -1 -1000 -1000 -1000 -10 1
84 38 Car -1 -1 -1 565.84 169.82 648.18 233.56 -1 -1 -1 -1000 -1000 -1000 -10 1
85 73 Car -1 -1 -1 1.30 217.68 302.68 379.55 -1 -1 -1 -1000 -1000 -1000 -10 1
85 38 Car -1 -1 -1 565.51 170.38 651.14 235.93 -1 -1 -1 -1000 -1000 -1000 -10 1
86 73 Car -1 -1 -1 -0.83 214.75 310.30 375.31 -1 -1 -1 -1000 -1000 -1000 -10 1
86 38 Car -1 -1 -1 566.29 170.87 655.34 238.58 -1 -1 -1 -1000 -1000 -1000 -10 1
87 73 Car -1 -1 -1 -2.94 208.66 320.63 374.29 -1 -1 -1 -1000 -1000 -1000 -10 1
87 38 Car -1 -1 -1 565.67 170.77 659.06 241.00 -1 -1 -1 -1000 -1000 -1000 -10 1
88 73 Car -1 -1 -1 1.61 206.79 328.54 374.31 -1 -1 -1 -1000 -1000 -1000 -10 1
88 38 Car -1 -1 -1 564.40 170.32 660.13 242.68 -1 -1 -1 -1000 -1000 -1000 -10 1
89 73 Car -1 -1 -1 -2.74 202.96 337.36 374.01 -1 -1 -1 -1000 -1000 -1000 -10 1
89 38 Car -1 -1 -1 560.44 170.38 656.15 246.21 -1 -1 -1 -1000 -1000 -1000 -10 1
90 73 Car -1 -1 -1 -0.31 203.00 347.78 374.84 -1 -1 -1 -1000 -1000 -1000 -10 1
90 38 Car -1 -1 -1 558.35 169.64 654.98 248.59 -1 -1 -1 -1000 -1000 -1000 -10 1
91 73 Car -1 -1 -1 0.64 204.57 353.08 375.65 -1 -1 -1 -1000 -1000 -1000 -10 1
91 38 Car -1 -1 -1 558.18 169.13 656.30 250.62 -1 -1 -1 -1000 -1000 -1000 -10 1
92 73 Car -1 -1 -1 -0.45 200.69 364.05 374.11 -1 -1 -1 -1000 -1000 -1000 -10 1
92 38 Car -1 -1 -1 557.65 168.69 657.35 251.99 -1 -1 -1 -1000 -1000 -1000 -10 1
93 73 Car -1 -1 -1 -2.53 199.52 373.81 372.12 -1 -1 -1 -1000 -1000 -1000 -10 1
93 38 Car -1 -1 -1 555.78 168.31 657.40 253.41 -1 -1 -1 -1000 -1000 -1000 -10 1
94 73 Car -1 -1 -1 -5.39 200.42 379.81 372.98 -1 -1 -1 -1000 -1000 -1000 -10 1
94 38 Car -1 -1 -1 553.65 167.03 655.80 253.59 -1 -1 -1 -1000 -1000 -1000 -10 1
95 73 Car -1 -1 -1 -2.51 194.48 382.19 370.14 -1 -1 -1 -1000 -1000 -1000 -10 1
95 38 Car -1 -1 -1 554.00 167.74 660.36 252.06 -1 -1 -1 -1000 -1000 -1000 -10 1
96 73 Car -1 -1 -1 -4.66 194.75 390.12 372.53 -1 -1 -1 -1000 -1000 -1000 -10 1
96 38 Car -1 -1 -1 556.52 171.50 664.35 256.26 -1 -1 -1 -1000 -1000 -1000 -10 1
97 73 Car -1 -1 -1 -6.63 193.87 400.39 374.02 -1 -1 -1 -1000 -1000 -1000 -10 1
97 38 Car -1 -1 -1 553.05 172.69 663.14 260.06 -1 -1 -1 -1000 -1000 -1000 -10 1
98 73 Car -1 -1 -1 -10.56 193.42 412.00 374.61 -1 -1 -1 -1000 -1000 -1000 -10 1
98 38 Car -1 -1 -1 551.18 172.13 663.23 261.91 -1 -1 -1 -1000 -1000 -1000 -10 1
99 73 Car -1 -1 -1 -6.56 193.17 410.76 373.74 -1 -1 -1 -1000 -1000 -1000 -10 1
99 38 Car -1 -1 -1 551.49 169.03 668.44 262.24 -1 -1 -1 -1000 -1000 -1000 -10 1
100 73 Car -1 -1 -1 -9.18 191.95 408.42 373.32 -1 -1 -1 -1000 -1000 -1000 -10 1
100 38 Car -1 -1 -1 549.65 167.23 670.82 263.67 -1 -1 -1 -1000 -1000 -1000 -10 1
101 73 Car -1 -1 -1 -7.84 190.70 409.21 372.77 -1 -1 -1 -1000 -1000 -1000 -10 1
101 38 Car -1 -1 -1 544.95 167.53 671.49 268.21 -1 -1 -1 -1000 -1000 -1000 -10 1
102 82 Car -1 -1 -1 810.14 165.44 883.47 193.01 -1 -1 -1 -1000 -1000 -1000 -10 1
102 73 Car -1 -1 -1 -11.36 190.50 416.42 370.66 -1 -1 -1 -1000 -1000 -1000 -10 1
102 38 Car -1 -1 -1 543.97 166.17 675.15 270.04 -1 -1 -1 -1000 -1000 -1000 -10 1
103 73 Car -1 -1 -1 -12.05 189.83 424.15 370.16 -1 -1 -1 -1000 -1000 -1000 -10 1
103 38 Car -1 -1 -1 537.03 165.19 676.96 273.91 -1 -1 -1 -1000 -1000 -1000 -10 1
104 73 Car -1 -1 -1 -12.03 189.95 424.10 371.57 -1 -1 -1 -1000 -1000 -1000 -10 1
104 38 Car -1 -1 -1 536.39 164.57 681.50 276.84 -1 -1 -1 -1000 -1000 -1000 -10 1
105 73 Car -1 -1 -1 -16.91 188.20 424.83 371.43 -1 -1 -1 -1000 -1000 -1000 -10 1
105 38 Car -1 -1 -1 534.70 164.27 683.26 278.59 -1 -1 -1 -1000 -1000 -1000 -10 1
106 83 Car -1 -1 -1 460.99 170.97 562.19 210.09 -1 -1 -1 -1000 -1000 -1000 -10 1
106 73 Car -1 -1 -1 -17.97 187.81 429.64 371.59 -1 -1 -1 -1000 -1000 -1000 -10 1
106 38 Car -1 -1 -1 533.69 164.12 685.67 280.05 -1 -1 -1 -1000 -1000 -1000 -10 1
107 83 Car -1 -1 -1 447.00 174.14 552.14 213.89 -1 -1 -1 -1000 -1000 -1000 -10 1
107 73 Car -1 -1 -1 -13.05 187.98 429.43 370.73 -1 -1 -1 -1000 -1000 -1000 -10 1
107 38 Car -1 -1 -1 533.34 164.35 688.33 282.65 -1 -1 -1 -1000 -1000 -1000 -10 1
108 73 Car -1 -1 -1 -15.21 184.75 432.78 371.03 -1 -1 -1 -1000 -1000 -1000 -10 1
108 38 Car -1 -1 -1 532.30 164.27 689.53 284.80 -1 -1 -1 -1000 -1000 -1000 -10 1
109 73 Car -1 -1 -1 -12.26 183.45 437.20 371.70 -1 -1 -1 -1000 -1000 -1000 -10 1
109 38 Car -1 -1 -1 531.63 164.98 692.37 288.28 -1 -1 -1 -1000 -1000 -1000 -10 1
110 73 Car -1 -1 -1 -8.62 182.48 440.69 372.18 -1 -1 -1 -1000 -1000 -1000 -10 1
110 38 Car -1 -1 -1 530.10 165.74 693.77 291.45 -1 -1 -1 -1000 -1000 -1000 -10 1
111 73 Car -1 -1 -1 -2.52 179.78 444.66 371.94 -1 -1 -1 -1000 -1000 -1000 -10 1
111 38 Car -1 -1 -1 529.58 168.04 696.30 296.31 -1 -1 -1 -1000 -1000 -1000 -10 1
112 73 Car -1 -1 -1 0.85 180.29 447.81 372.68 -1 -1 -1 -1000 -1000 -1000 -10 1
112 38 Car -1 -1 -1 529.30 167.98 696.63 299.24 -1 -1 -1 -1000 -1000 -1000 -10 1
113 83 Car -1 -1 -1 349.78 176.85 466.86 222.29 -1 -1 -1 -1000 -1000 -1000 -10 1
113 73 Car -1 -1 -1 5.23 181.13 448.98 373.07 -1 -1 -1 -1000 -1000 -1000 -10 1
113 38 Car -1 -1 -1 527.91 167.74 693.80 299.17 -1 -1 -1 -1000 -1000 -1000 -10 1
114 83 Car -1 -1 -1 337.95 177.73 455.48 224.68 -1 -1 -1 -1000 -1000 -1000 -10 1
114 73 Car -1 -1 -1 10.65 180.51 452.00 372.89 -1 -1 -1 -1000 -1000 -1000 -10 1
114 38 Car -1 -1 -1 528.41 168.64 694.18 300.26 -1 -1 -1 -1000 -1000 -1000 -10 1
115 83 Car -1 -1 -1 316.18 174.84 437.21 225.39 -1 -1 -1 -1000 -1000 -1000 -10 1
115 73 Car -1 -1 -1 10.98 179.21 450.45 372.36 -1 -1 -1 -1000 -1000 -1000 -10 1
115 38 Car -1 -1 -1 528.16 169.03 691.82 306.12 -1 -1 -1 -1000 -1000 -1000 -10 1
116 73 Car -1 -1 -1 12.14 179.03 448.95 372.61 -1 -1 -1 -1000 -1000 -1000 -10 1
116 38 Car -1 -1 -1 525.36 165.93 692.63 304.96 -1 -1 -1 -1000 -1000 -1000 -10 1
117 73 Car -1 -1 -1 13.28 177.19 450.46 372.36 -1 -1 -1 -1000 -1000 -1000 -10 1
117 38 Car -1 -1 -1 524.17 165.73 699.28 310.47 -1 -1 -1 -1000 -1000 -1000 -10 1
118 73 Car -1 -1 -1 10.54 179.24 445.95 373.54 -1 -1 -1 -1000 -1000 -1000 -10 1
118 38 Car -1 -1 -1 521.58 164.43 706.25 310.88 -1 -1 -1 -1000 -1000 -1000 -10 1
119 73 Car -1 -1 -1 11.58 179.13 448.72 373.47 -1 -1 -1 -1000 -1000 -1000 -10 1
119 38 Car -1 -1 -1 518.67 163.89 708.78 310.59 -1 -1 -1 -1000 -1000 -1000 -10 1
120 88 Car -1 -1 -1 400.72 176.32 485.49 209.18 -1 -1 -1 -1000 -1000 -1000 -10 1
120 73 Car -1 -1 -1 6.16 179.33 445.21 373.53 -1 -1 -1 -1000 -1000 -1000 -10 1
120 38 Car -1 -1 -1 517.08 163.45 707.13 311.32 -1 -1 -1 -1000 -1000 -1000 -10 1
121 88 Car -1 -1 -1 374.75 175.51 460.28 208.96 -1 -1 -1 -1000 -1000 -1000 -10 1
121 73 Car -1 -1 -1 -2.60 182.84 435.28 375.05 -1 -1 -1 -1000 -1000 -1000 -10 1
122 89 Car -1 -1 -1 519.85 161.32 702.10 317.26 -1 -1 -1 -1000 -1000 -1000 -10 1
122 88 Car -1 -1 -1 354.42 180.42 434.85 213.01 -1 -1 -1 -1000 -1000 -1000 -10 1
122 73 Car -1 -1 -1 -9.13 184.48 431.32 373.25 -1 -1 -1 -1000 -1000 -1000 -10 1
123 89 Car -1 -1 -1 518.83 161.76 704.03 322.13 -1 -1 -1 -1000 -1000 -1000 -10 1
123 73 Car -1 -1 -1 -11.74 183.90 433.31 373.16 -1 -1 -1 -1000 -1000 -1000 -10 1
124 89 Car -1 -1 -1 518.35 161.96 702.87 326.36 -1 -1 -1 -1000 -1000 -1000 -10 1
124 73 Car -1 -1 -1 -17.67 186.52 430.14 374.64 -1 -1 -1 -1000 -1000 -1000 -10 1
124 38 Car -1 -1 -1 513.01 157.69 709.88 328.70 -1 -1 -1 -1000 -1000 -1000 -10 1
126 73 Car -1 -1 -1 -15.80 188.79 428.35 374.86 -1 -1 -1 -1000 -1000 -1000 -10 1
126 38 Car -1 -1 -1 508.19 156.43 708.26 335.78 -1 -1 -1 -1000 -1000 -1000 -10 1
127 73 Car -1 -1 -1 -10.98 190.18 426.02 374.97 -1 -1 -1 -1000 -1000 -1000 -10 1
127 38 Car -1 -1 -1 506.59 154.30 711.94 338.76 -1 -1 -1 -1000 -1000 -1000 -10 1
128 89 Car -1 -1 -1 507.14 158.35 705.56 336.57 -1 -1 -1 -1000 -1000 -1000 -10 1
128 73 Car -1 -1 -1 -13.34 189.49 426.43 372.56 -1 -1 -1 -1000 -1000 -1000 -10 1
128 38 Car -1 -1 -1 503.01 152.10 714.59 341.13 -1 -1 -1 -1000 -1000 -1000 -10 1
129 89 Car -1 -1 -1 504.19 157.92 709.52 339.24 -1 -1 -1 -1000 -1000 -1000 -10 1
129 73 Car -1 -1 -1 -17.92 189.03 425.98 372.11 -1 -1 -1 -1000 -1000 -1000 -10 1
129 38 Car -1 -1 -1 500.74 150.50 719.74 344.25 -1 -1 -1 -1000 -1000 -1000 -10 1
130 89 Car -1 -1 -1 501.28 157.49 710.64 340.56 -1 -1 -1 -1000 -1000 -1000 -10 1
130 73 Car -1 -1 -1 -18.78 192.15 420.99 371.16 -1 -1 -1 -1000 -1000 -1000 -10 1
130 38 Car -1 -1 -1 497.87 149.53 721.85 347.39 -1 -1 -1 -1000 -1000 -1000 -10 1
131 89 Car -1 -1 -1 499.62 156.14 709.75 339.75 -1 -1 -1 -1000 -1000 -1000 -10 1
131 73 Car -1 -1 -1 -13.34 193.81 420.65 372.31 -1 -1 -1 -1000 -1000 -1000 -10 1
131 38 Car -1 -1 -1 493.57 148.18 721.39 348.74 -1 -1 -1 -1000 -1000 -1000 -10 1
132 89 Car -1 -1 -1 499.21 156.43 707.84 341.08 -1 -1 -1 -1000 -1000 -1000 -10 1
132 73 Car -1 -1 -1 -10.18 193.72 420.35 372.46 -1 -1 -1 -1000 -1000 -1000 -10 1
132 38 Car -1 -1 -1 492.76 146.67 722.56 349.90 -1 -1 -1 -1000 -1000 -1000 -10 1
133 89 Car -1 -1 -1 499.88 157.22 708.17 344.07 -1 -1 -1 -1000 -1000 -1000 -10 1
133 73 Car -1 -1 -1 -16.52 194.13 422.20 374.38 -1 -1 -1 -1000 -1000 -1000 -10 1
133 38 Car -1 -1 -1 491.33 145.86 722.67 351.90 -1 -1 -1 -1000 -1000 -1000 -10 1
134 89 Car -1 -1 -1 499.32 156.90 707.86 345.00 -1 -1 -1 -1000 -1000 -1000 -10 1
134 73 Car -1 -1 -1 -20.19 194.52 425.61 375.15 -1 -1 -1 -1000 -1000 -1000 -10 1
134 38 Car -1 -1 -1 489.42 146.18 722.74 353.99 -1 -1 -1 -1000 -1000 -1000 -10 1
135 89 Car -1 -1 -1 500.47 157.73 708.60 346.87 -1 -1 -1 -1000 -1000 -1000 -10 1
135 73 Car -1 -1 -1 -24.38 194.56 424.71 375.82 -1 -1 -1 -1000 -1000 -1000 -10 1
135 38 Car -1 -1 -1 489.70 148.07 724.14 356.99 -1 -1 -1 -1000 -1000 -1000 -10 1
136 89 Car -1 -1 -1 499.74 158.40 711.42 348.47 -1 -1 -1 -1000 -1000 -1000 -10 1
136 73 Car -1 -1 -1 -26.38 193.69 423.74 376.30 -1 -1 -1 -1000 -1000 -1000 -10 1
136 38 Car -1 -1 -1 490.16 148.73 727.56 358.67 -1 -1 -1 -1000 -1000 -1000 -10 1
137 89 Car -1 -1 -1 498.75 158.48 711.91 351.80 -1 -1 -1 -1000 -1000 -1000 -10 1
137 73 Car -1 -1 -1 -22.37 192.04 418.38 374.85 -1 -1 -1 -1000 -1000 -1000 -10 1
137 38 Car -1 -1 -1 490.32 150.18 729.40 361.01 -1 -1 -1 -1000 -1000 -1000 -10 1
138 89 Car -1 -1 -1 499.31 158.16 713.37 353.86 -1 -1 -1 -1000 -1000 -1000 -10 1
138 73 Car -1 -1 -1 -17.62 191.08 415.95 374.05 -1 -1 -1 -1000 -1000 -1000 -10 1
138 38 Car -1 -1 -1 491.76 151.43 732.25 363.28 -1 -1 -1 -1000 -1000 -1000 -10 1
139 89 Car -1 -1 -1 499.37 158.22 713.50 355.52 -1 -1 -1 -1000 -1000 -1000 -10 1
139 73 Car -1 -1 -1 -19.82 190.38 412.82 374.45 -1 -1 -1 -1000 -1000 -1000 -10 1
139 38 Car -1 -1 -1 491.44 151.66 732.30 364.48 -1 -1 -1 -1000 -1000 -1000 -10 1
140 89 Car -1 -1 -1 497.68 156.67 720.33 359.86 -1 -1 -1 -1000 -1000 -1000 -10 1
140 73 Car -1 -1 -1 -18.44 189.93 410.36 373.65 -1 -1 -1 -1000 -1000 -1000 -10 1
140 38 Car -1 -1 -1 486.14 152.51 731.07 365.28 -1 -1 -1 -1000 -1000 -1000 -10 1
141 89 Car -1 -1 -1 495.00 155.56 723.87 362.79 -1 -1 -1 -1000 -1000 -1000 -10 1
141 73 Car -1 -1 -1 -13.66 191.52 407.29 373.85 -1 -1 -1 -1000 -1000 -1000 -10 1
141 38 Car -1 -1 -1 483.32 152.97 732.25 365.73 -1 -1 -1 -1000 -1000 -1000 -10 1
142 73 Car -1 -1 -1 -11.60 193.19 403.58 374.13 -1 -1 -1 -1000 -1000 -1000 -10 1
142 38 Car -1 -1 -1 485.38 153.46 733.94 367.10 -1 -1 -1 -1000 -1000 -1000 -10 1
143 73 Car -1 -1 -1 -8.99 194.16 400.86 373.82 -1 -1 -1 -1000 -1000 -1000 -10 1
143 38 Car -1 -1 -1 486.30 153.32 734.17 367.97 -1 -1 -1 -1000 -1000 -1000 -10 1
144 73 Car -1 -1 -1 -7.04 194.41 399.44 373.24 -1 -1 -1 -1000 -1000 -1000 -10 1
144 38 Car -1 -1 -1 487.05 153.67 734.81 368.72 -1 -1 -1 -1000 -1000 -1000 -10 1
145 73 Car -1 -1 -1 -5.24 194.40 398.88 372.64 -1 -1 -1 -1000 -1000 -1000 -10 1
145 38 Car -1 -1 -1 486.97 153.82 735.37 368.98 -1 -1 -1 -1000 -1000 -1000 -10 1
146 73 Car -1 -1 -1 -4.18 194.25 398.27 372.15 -1 -1 -1 -1000 -1000 -1000 -10 1
146 38 Car -1 -1 -1 486.55 153.55 735.36 368.83 -1 -1 -1 -1000 -1000 -1000 -10 1
147 73 Car -1 -1 -1 -3.24 194.32 397.70 371.88 -1 -1 -1 -1000 -1000 -1000 -10 1
147 38 Car -1 -1 -1 486.24 153.23 735.69 368.80 -1 -1 -1 -1000 -1000 -1000 -10 1
148 73 Car -1 -1 -1 -2.41 194.60 396.97 371.85 -1 -1 -1 -1000 -1000 -1000 -10 1
148 38 Car -1 -1 -1 485.91 152.99 735.68 368.76 -1 -1 -1 -1000 -1000 -1000 -10 1
149 73 Car -1 -1 -1 -1.69 194.75 396.48 371.71 -1 -1 -1 -1000 -1000 -1000 -10 1
149 38 Car -1 -1 -1 485.82 153.01 735.87 368.82 -1 -1 -1 -1000 -1000 -1000 -10 1
150 73 Car -1 -1 -1 -1.68 194.76 396.26 371.58 -1 -1 -1 -1000 -1000 -1000 -10 1
150 38 Car -1 -1 -1 486.57 153.36 735.74 368.95 -1 -1 -1 -1000 -1000 -1000 -10 1
