0 1 Car -1 -1 -1 436.10 183.36 496.64 231.80 -1 -1 -1 -1000 -1000 -1000 -10 0.86
0 2 Car -1 -1 -1 139.90 184.98 218.35 219.02 -1 -1 -1 -1000 -1000 -1000 -10 0.82
0 3 Car -1 -1 -1 555.59 179.33 594.20 214.98 -1 -1 -1 -1000 -1000 -1000 -10 0.81
0 4 Car -1 -1 -1 496.04 185.19 515.93 201.27 -1 -1 -1 -1000 -1000 -1000 -10 0.64
0 5 Car -1 -1 -1 -0.42 184.18 89.54 232.52 -1 -1 -1 -1000 -1000 -1000 -10 0.55
0 6 Car -1 -1 -1 530.05 184.64 546.48 198.77 -1 -1 -1 -1000 -1000 -1000 -10 0.43
1 1 Car -1 -1 -1 416.56 183.69 488.34 241.98 -1 -1 -1 -1000 -1000 -1000 -10 0.95
1 2 Car -1 -1 -1 121.91 188.51 206.10 222.18 -1 -1 -1 -1000 -1000 -1000 -10 0.86
1 6 Car -1 -1 -1 530.05 185.32 546.93 200.34 -1 -1 -1 -1000 -1000 -1000 -10 0.70
1 3 Car -1 -1 -1 555.74 180.92 594.12 216.20 -1 -1 -1 -1000 -1000 -1000 -10 0.68
1 4 Car -1 -1 -1 494.06 185.55 517.70 203.82 -1 -1 -1 -1000 -1000 -1000 -10 0.61
1 7 Car -1 -1 -1 323.75 181.97 355.72 196.64 -1 -1 -1 -1000 -1000 -1000 -10 0.61
2 1 Car -1 -1 -1 386.67 185.11 477.93 254.73 -1 -1 -1 -1000 -1000 -1000 -10 0.94
2 2 Car -1 -1 -1 100.62 191.33 191.66 226.21 -1 -1 -1 -1000 -1000 -1000 -10 0.88
2 3 Car -1 -1 -1 553.73 180.88 593.65 216.37 -1 -1 -1 -1000 -1000 -1000 -10 0.73
2 4 Car -1 -1 -1 492.25 186.88 519.08 205.55 -1 -1 -1 -1000 -1000 -1000 -10 0.72
2 6 Car -1 -1 -1 530.46 186.15 547.14 200.72 -1 -1 -1 -1000 -1000 -1000 -10 0.68
2 7 Car -1 -1 -1 325.33 183.23 354.24 197.62 -1 -1 -1 -1000 -1000 -1000 -10 0.55
3 1 Car -1 -1 -1 344.90 185.08 464.36 270.13 -1 -1 -1 -1000 -1000 -1000 -10 0.91
3 3 Car -1 -1 -1 553.88 179.62 593.30 215.24 -1 -1 -1 -1000 -1000 -1000 -10 0.87
3 2 Car -1 -1 -1 77.39 191.02 176.77 228.32 -1 -1 -1 -1000 -1000 -1000 -10 0.87
3 6 Car -1 -1 -1 531.09 184.66 549.11 199.95 -1 -1 -1 -1000 -1000 -1000 -10 0.65
3 4 Car -1 -1 -1 491.67 183.75 519.31 205.95 -1 -1 -1 -1000 -1000 -1000 -10 0.58
3 7 Car -1 -1 -1 323.74 183.89 354.96 197.13 -1 -1 -1 -1000 -1000 -1000 -10 0.53
4 1 Car -1 -1 -1 276.26 183.61 440.90 295.13 -1 -1 -1 -1000 -1000 -1000 -10 0.92
4 2 Car -1 -1 -1 54.43 189.95 158.49 229.17 -1 -1 -1 -1000 -1000 -1000 -10 0.90
4 3 Car -1 -1 -1 553.21 177.97 593.13 214.07 -1 -1 -1 -1000 -1000 -1000 -10 0.88
4 4 Car -1 -1 -1 489.21 182.57 518.67 205.29 -1 -1 -1 -1000 -1000 -1000 -10 0.64
4 6 Car -1 -1 -1 531.61 183.85 550.70 197.89 -1 -1 -1 -1000 -1000 -1000 -10 0.61
4 7 Car -1 -1 -1 320.51 181.55 343.16 196.91 -1 -1 -1 -1000 -1000 -1000 -10 0.56
5 1 Car -1 -1 -1 142.42 181.14 405.36 345.97 -1 -1 -1 -1000 -1000 -1000 -10 0.91
5 2 Car -1 -1 -1 26.00 188.54 139.15 229.72 -1 -1 -1 -1000 -1000 -1000 -10 0.90
5 3 Car -1 -1 -1 552.77 175.93 592.99 213.21 -1 -1 -1 -1000 -1000 -1000 -10 0.85
5 4 Car -1 -1 -1 488.07 181.39 518.85 205.74 -1 -1 -1 -1000 -1000 -1000 -10 0.78
5 6 Car -1 -1 -1 532.18 183.51 549.04 197.32 -1 -1 -1 -1000 -1000 -1000 -10 0.70
6 1 Car -1 -1 -1 -7.02 189.36 336.32 369.21 -1 -1 -1 -1000 -1000 -1000 -10 0.95
6 3 Car -1 -1 -1 552.42 178.06 592.08 213.46 -1 -1 -1 -1000 -1000 -1000 -10 0.81
6 2 Car -1 -1 -1 1.92 187.79 118.69 239.43 -1 -1 -1 -1000 -1000 -1000 -10 0.72
6 4 Car -1 -1 -1 485.45 182.13 520.50 209.44 -1 -1 -1 -1000 -1000 -1000 -10 0.72
6 6 Car -1 -1 -1 532.60 184.08 550.61 197.54 -1 -1 -1 -1000 -1000 -1000 -10 0.65
7 3 Car -1 -1 -1 552.08 178.37 591.53 213.35 -1 -1 -1 -1000 -1000 -1000 -10 0.83
7 4 Car -1 -1 -1 482.90 182.62 520.03 211.42 -1 -1 -1 -1000 -1000 -1000 -10 0.81
7 2 Car -1 -1 -1 -2.67 188.54 93.41 237.34 -1 -1 -1 -1000 -1000 -1000 -10 0.78
7 1 Car -1 -1 -1 -3.40 213.32 162.72 367.14 -1 -1 -1 -1000 -1000 -1000 -10 0.61
7 6 Car -1 -1 -1 532.92 184.36 552.20 199.28 -1 -1 -1 -1000 -1000 -1000 -10 0.47
7 8 Car -1 -1 -1 312.60 182.53 344.48 195.39 -1 -1 -1 -1000 -1000 -1000 -10 0.44
7 9 Car -1 -1 -1 1008.72 175.17 1037.40 189.28 -1 -1 -1 -1000 -1000 -1000 -10 0.42
8 4 Car -1 -1 -1 478.90 182.46 519.14 213.73 -1 -1 -1 -1000 -1000 -1000 -10 0.85
8 3 Car -1 -1 -1 552.41 178.35 592.72 213.28 -1 -1 -1 -1000 -1000 -1000 -10 0.83
8 2 Car -1 -1 -1 -0.19 189.74 71.70 242.11 -1 -1 -1 -1000 -1000 -1000 -10 0.78
8 8 Car -1 -1 -1 310.67 181.01 342.98 197.40 -1 -1 -1 -1000 -1000 -1000 -10 0.60
8 6 Car -1 -1 -1 533.67 183.17 555.66 198.71 -1 -1 -1 -1000 -1000 -1000 -10 0.55
9 3 Car -1 -1 -1 553.61 176.97 592.77 212.03 -1 -1 -1 -1000 -1000 -1000 -10 0.83
9 4 Car -1 -1 -1 473.50 181.36 517.56 215.98 -1 -1 -1 -1000 -1000 -1000 -10 0.76
9 2 Car -1 -1 -1 -1.97 191.23 42.46 242.76 -1 -1 -1 -1000 -1000 -1000 -10 0.68
9 6 Car -1 -1 -1 534.58 182.92 558.26 197.53 -1 -1 -1 -1000 -1000 -1000 -10 0.59
9 8 Car -1 -1 -1 307.99 180.63 346.84 197.11 -1 -1 -1 -1000 -1000 -1000 -10 0.56
10 4 Car -1 -1 -1 466.79 181.09 515.83 221.37 -1 -1 -1 -1000 -1000 -1000 -10 0.90
10 3 Car -1 -1 -1 553.46 175.64 592.96 211.21 -1 -1 -1 -1000 -1000 -1000 -10 0.88
10 6 Car -1 -1 -1 535.84 182.13 563.04 196.95 -1 -1 -1 -1000 -1000 -1000 -10 0.69
10 8 Car -1 -1 -1 306.68 182.01 340.61 197.05 -1 -1 -1 -1000 -1000 -1000 -10 0.69
11 4 Car -1 -1 -1 454.75 181.12 514.04 226.93 -1 -1 -1 -1000 -1000 -1000 -10 0.86
11 3 Car -1 -1 -1 554.86 175.16 592.97 210.47 -1 -1 -1 -1000 -1000 -1000 -10 0.83
11 6 Car -1 -1 -1 538.50 181.96 559.91 197.22 -1 -1 -1 -1000 -1000 -1000 -10 0.70
11 8 Car -1 -1 -1 300.72 181.88 333.22 199.01 -1 -1 -1 -1000 -1000 -1000 -10 0.57
11 10 Car -1 -1 -1 493.73 182.29 520.10 202.56 -1 -1 -1 -1000 -1000 -1000 -10 0.51
12 4 Car -1 -1 -1 440.52 177.98 509.91 234.58 -1 -1 -1 -1000 -1000 -1000 -10 0.91
12 3 Car -1 -1 -1 554.10 174.93 593.86 209.78 -1 -1 -1 -1000 -1000 -1000 -10 0.78
12 6 Car -1 -1 -1 540.06 181.40 559.07 196.75 -1 -1 -1 -1000 -1000 -1000 -10 0.71
12 10 Car -1 -1 -1 493.54 180.31 521.49 204.39 -1 -1 -1 -1000 -1000 -1000 -10 0.65
13 4 Car -1 -1 -1 418.18 180.44 502.77 244.93 -1 -1 -1 -1000 -1000 -1000 -10 0.95
13 3 Car -1 -1 -1 555.51 173.85 594.25 207.76 -1 -1 -1 -1000 -1000 -1000 -10 0.69
13 6 Car -1 -1 -1 540.11 180.97 558.48 195.51 -1 -1 -1 -1000 -1000 -1000 -10 0.65
13 10 Car -1 -1 -1 492.59 180.18 522.83 203.88 -1 -1 -1 -1000 -1000 -1000 -10 0.61
14 4 Car -1 -1 -1 385.73 183.44 489.76 258.23 -1 -1 -1 -1000 -1000 -1000 -10 0.92
14 3 Car -1 -1 -1 555.99 174.26 594.26 207.39 -1 -1 -1 -1000 -1000 -1000 -10 0.76
14 10 Car -1 -1 -1 490.78 179.32 524.56 205.77 -1 -1 -1 -1000 -1000 -1000 -10 0.75
14 6 Car -1 -1 -1 541.43 180.98 559.02 195.89 -1 -1 -1 -1000 -1000 -1000 -10 0.63
15 4 Car -1 -1 -1 335.27 188.73 474.42 282.94 -1 -1 -1 -1000 -1000 -1000 -10 0.90
15 3 Car -1 -1 -1 556.45 175.42 594.64 209.26 -1 -1 -1 -1000 -1000 -1000 -10 0.86
15 10 Car -1 -1 -1 489.08 181.50 525.73 209.91 -1 -1 -1 -1000 -1000 -1000 -10 0.67
15 6 Car -1 -1 -1 543.50 182.50 561.78 196.42 -1 -1 -1 -1000 -1000 -1000 -10 0.62
15 11 Car -1 -1 -1 295.90 181.43 321.41 196.51 -1 -1 -1 -1000 -1000 -1000 -10 0.59
16 4 Car -1 -1 -1 231.32 188.23 456.20 330.61 -1 -1 -1 -1000 -1000 -1000 -10 0.88
16 3 Car -1 -1 -1 556.95 176.82 595.42 211.34 -1 -1 -1 -1000 -1000 -1000 -10 0.87
16 10 Car -1 -1 -1 487.14 183.12 525.07 212.61 -1 -1 -1 -1000 -1000 -1000 -10 0.84
16 6 Car -1 -1 -1 545.96 183.21 562.70 198.29 -1 -1 -1 -1000 -1000 -1000 -10 0.56
16 11 Car -1 -1 -1 294.15 181.76 317.12 197.47 -1 -1 -1 -1000 -1000 -1000 -10 0.55
16 12 Cyclist -1 -1 -1 266.13 180.14 282.47 206.68 -1 -1 -1 -1000 -1000 -1000 -10 0.43
17 4 Car -1 -1 -1 8.47 186.28 414.46 372.33 -1 -1 -1 -1000 -1000 -1000 -10 0.96
17 3 Car -1 -1 -1 556.70 178.06 594.16 211.56 -1 -1 -1 -1000 -1000 -1000 -10 0.75
17 10 Car -1 -1 -1 483.90 182.13 523.47 215.18 -1 -1 -1 -1000 -1000 -1000 -10 0.71
17 11 Car -1 -1 -1 290.04 181.72 312.69 197.31 -1 -1 -1 -1000 -1000 -1000 -10 0.66
17 6 Car -1 -1 -1 545.71 181.86 566.50 199.97 -1 -1 -1 -1000 -1000 -1000 -10 0.54
17 12 Cyclist -1 -1 -1 257.86 178.25 272.17 208.05 -1 -1 -1 -1000 -1000 -1000 -10 0.42
18 4 Car -1 -1 -1 -1.65 195.50 315.67 369.95 -1 -1 -1 -1000 -1000 -1000 -10 0.90
18 10 Car -1 -1 -1 476.79 179.64 521.82 216.18 -1 -1 -1 -1000 -1000 -1000 -10 0.89
18 3 Car -1 -1 -1 557.37 177.83 592.44 209.54 -1 -1 -1 -1000 -1000 -1000 -10 0.75
18 6 Car -1 -1 -1 546.26 180.84 566.14 197.38 -1 -1 -1 -1000 -1000 -1000 -10 0.74
18 11 Car -1 -1 -1 281.63 176.80 321.19 194.80 -1 -1 -1 -1000 -1000 -1000 -10 0.64
18 12 Cyclist -1 -1 -1 243.60 176.90 271.90 203.00 -1 -1 -1 -1000 -1000 -1000 -10 0.42
19 3 Car -1 -1 -1 555.32 176.55 590.06 208.94 -1 -1 -1 -1000 -1000 -1000 -10 0.88
19 10 Car -1 -1 -1 465.02 176.58 518.24 220.38 -1 -1 -1 -1000 -1000 -1000 -10 0.88
19 6 Car -1 -1 -1 545.47 179.36 566.54 196.92 -1 -1 -1 -1000 -1000 -1000 -10 0.60
19 11 Car -1 -1 -1 273.42 174.67 314.30 193.76 -1 -1 -1 -1000 -1000 -1000 -10 0.55
20 10 Car -1 -1 -1 452.45 176.83 512.18 226.36 -1 -1 -1 -1000 -1000 -1000 -10 0.93
20 3 Car -1 -1 -1 552.24 177.28 588.01 209.29 -1 -1 -1 -1000 -1000 -1000 -10 0.76
20 6 Car -1 -1 -1 545.62 179.65 566.18 196.75 -1 -1 -1 -1000 -1000 -1000 -10 0.59
20 11 Car -1 -1 -1 264.95 171.34 321.07 193.25 -1 -1 -1 -1000 -1000 -1000 -10 0.49
20 13 Car -1 -1 -1 490.76 178.85 523.03 200.96 -1 -1 -1 -1000 -1000 -1000 -10 0.65
20 14 Cyclist -1 -1 -1 209.62 167.91 237.37 203.90 -1 -1 -1 -1000 -1000 -1000 -10 0.53
21 3 Car -1 -1 -1 551.66 176.32 586.55 208.95 -1 -1 -1 -1000 -1000 -1000 -10 0.89
21 10 Car -1 -1 -1 431.98 175.54 506.15 233.06 -1 -1 -1 -1000 -1000 -1000 -10 0.89
21 13 Car -1 -1 -1 496.49 177.89 523.56 200.25 -1 -1 -1 -1000 -1000 -1000 -10 0.78
21 11 Car -1 -1 -1 258.91 171.89 302.46 191.45 -1 -1 -1 -1000 -1000 -1000 -10 0.63
21 6 Car -1 -1 -1 544.88 177.33 566.48 196.17 -1 -1 -1 -1000 -1000 -1000 -10 0.51
22 10 Car -1 -1 -1 405.10 177.66 497.23 245.88 -1 -1 -1 -1000 -1000 -1000 -10 0.91
22 13 Car -1 -1 -1 495.49 177.93 524.21 202.82 -1 -1 -1 -1000 -1000 -1000 -10 0.81
22 3 Car -1 -1 -1 549.15 177.11 585.22 209.83 -1 -1 -1 -1000 -1000 -1000 -10 0.80
22 11 Car -1 -1 -1 251.48 172.71 289.33 192.76 -1 -1 -1 -1000 -1000 -1000 -10 0.58
22 15 Car -1 -1 -1 285.36 173.97 314.85 189.34 -1 -1 -1 -1000 -1000 -1000 -10 0.41
23 10 Car -1 -1 -1 367.04 180.00 481.43 262.82 -1 -1 -1 -1000 -1000 -1000 -10 0.92
23 13 Car -1 -1 -1 494.90 181.41 524.35 206.77 -1 -1 -1 -1000 -1000 -1000 -10 0.83
23 3 Car -1 -1 -1 548.27 179.85 585.95 211.99 -1 -1 -1 -1000 -1000 -1000 -10 0.69
23 11 Car -1 -1 -1 246.70 176.40 285.19 197.70 -1 -1 -1 -1000 -1000 -1000 -10 0.59
23 16 Car -1 -1 -1 482.49 182.62 500.67 197.12 -1 -1 -1 -1000 -1000 -1000 -10 0.69
24 10 Car -1 -1 -1 293.69 185.47 463.36 295.47 -1 -1 -1 -1000 -1000 -1000 -10 0.91
24 13 Car -1 -1 -1 495.44 184.51 525.15 209.16 -1 -1 -1 -1000 -1000 -1000 -10 0.85
24 3 Car -1 -1 -1 548.66 180.80 585.40 212.57 -1 -1 -1 -1000 -1000 -1000 -10 0.74
24 16 Car -1 -1 -1 484.61 184.44 503.24 200.21 -1 -1 -1 -1000 -1000 -1000 -10 0.59
24 11 Car -1 -1 -1 238.92 181.55 278.75 203.01 -1 -1 -1 -1000 -1000 -1000 -10 0.50
25 10 Car -1 -1 -1 158.60 184.35 434.64 350.59 -1 -1 -1 -1000 -1000 -1000 -10 0.87
25 13 Car -1 -1 -1 494.60 184.06 525.11 210.14 -1 -1 -1 -1000 -1000 -1000 -10 0.85
25 3 Car -1 -1 -1 548.71 180.16 583.45 211.64 -1 -1 -1 -1000 -1000 -1000 -10 0.72
25 16 Car -1 -1 -1 485.24 183.58 504.41 200.29 -1 -1 -1 -1000 -1000 -1000 -10 0.56
25 11 Car -1 -1 -1 228.02 180.07 288.83 207.02 -1 -1 -1 -1000 -1000 -1000 -10 0.45
25 17 Cyclist -1 -1 -1 95.83 183.10 133.86 228.38 -1 -1 -1 -1000 -1000 -1000 -10 0.59
26 10 Car -1 -1 -1 -3.27 198.00 371.07 374.55 -1 -1 -1 -1000 -1000 -1000 -10 0.97
26 13 Car -1 -1 -1 490.22 185.43 528.42 216.64 -1 -1 -1 -1000 -1000 -1000 -10 0.83
26 3 Car -1 -1 -1 549.07 183.10 585.21 213.21 -1 -1 -1 -1000 -1000 -1000 -10 0.74
26 11 Car -1 -1 -1 221.86 187.58 270.89 214.09 -1 -1 -1 -1000 -1000 -1000 -10 0.66
26 18 Car -1 -1 -1 272.08 188.98 297.98 204.89 -1 -1 -1 -1000 -1000 -1000 -10 0.57
27 3 Car -1 -1 -1 548.67 188.55 586.17 219.72 -1 -1 -1 -1000 -1000 -1000 -10 0.78
27 13 Car -1 -1 -1 487.06 191.42 528.94 225.98 -1 -1 -1 -1000 -1000 -1000 -10 0.72
27 11 Car -1 -1 -1 220.89 193.90 265.56 218.63 -1 -1 -1 -1000 -1000 -1000 -10 0.68
27 18 Car -1 -1 -1 265.21 190.90 296.30 213.29 -1 -1 -1 -1000 -1000 -1000 -10 0.64
27 10 Car -1 -1 -1 5.56 212.29 223.61 368.67 -1 -1 -1 -1000 -1000 -1000 -10 0.62
27 19 Cyclist -1 -1 -1 38.88 183.30 89.26 249.76 -1 -1 -1 -1000 -1000 -1000 -10 0.43
28 3 Car -1 -1 -1 547.98 190.54 584.17 221.30 -1 -1 -1 -1000 -1000 -1000 -10 0.75
28 13 Car -1 -1 -1 482.07 193.79 527.90 230.11 -1 -1 -1 -1000 -1000 -1000 -10 0.74
28 11 Car -1 -1 -1 210.36 193.86 258.61 220.72 -1 -1 -1 -1000 -1000 -1000 -10 0.71
28 18 Car -1 -1 -1 256.81 193.48 290.31 213.53 -1 -1 -1 -1000 -1000 -1000 -10 0.63
28 20 Pedestrian -1 -1 -1 27.27 190.85 54.13 249.15 -1 -1 -1 -1000 -1000 -1000 -10 0.40
29 3 Car -1 -1 -1 548.24 189.21 582.47 219.28 -1 -1 -1 -1000 -1000 -1000 -10 0.87
29 13 Car -1 -1 -1 473.52 191.46 526.05 231.75 -1 -1 -1 -1000 -1000 -1000 -10 0.85
29 11 Car -1 -1 -1 198.94 189.34 252.97 215.51 -1 -1 -1 -1000 -1000 -1000 -10 0.67
29 18 Car -1 -1 -1 245.97 189.55 287.61 209.83 -1 -1 -1 -1000 -1000 -1000 -10 0.49
29 21 Car -1 -1 -1 568.09 190.14 592.89 211.57 -1 -1 -1 -1000 -1000 -1000 -10 0.53
30 13 Car -1 -1 -1 463.97 188.09 523.19 235.04 -1 -1 -1 -1000 -1000 -1000 -10 0.85
30 3 Car -1 -1 -1 547.93 187.13 580.97 216.90 -1 -1 -1 -1000 -1000 -1000 -10 0.84
30 11 Car -1 -1 -1 188.71 184.98 243.55 212.32 -1 -1 -1 -1000 -1000 -1000 -10 0.75
30 21 Car -1 -1 -1 568.69 188.22 593.34 208.85 -1 -1 -1 -1000 -1000 -1000 -10 0.64
30 18 Car -1 -1 -1 242.77 185.74 281.52 205.96 -1 -1 -1 -1000 -1000 -1000 -10 0.60
31 13 Car -1 -1 -1 449.13 189.06 518.22 242.45 -1 -1 -1 -1000 -1000 -1000 -10 0.92
31 3 Car -1 -1 -1 547.20 186.66 579.90 216.41 -1 -1 -1 -1000 -1000 -1000 -10 0.82
31 11 Car -1 -1 -1 178.34 187.60 229.44 214.12 -1 -1 -1 -1000 -1000 -1000 -10 0.81
31 18 Car -1 -1 -1 238.28 186.22 270.81 207.27 -1 -1 -1 -1000 -1000 -1000 -10 0.78
31 21 Car -1 -1 -1 569.01 188.04 591.87 208.56 -1 -1 -1 -1000 -1000 -1000 -10 0.75
32 13 Car -1 -1 -1 428.41 189.39 508.67 251.20 -1 -1 -1 -1000 -1000 -1000 -10 0.94
32 11 Car -1 -1 -1 161.79 185.92 223.02 215.52 -1 -1 -1 -1000 -1000 -1000 -10 0.87
32 18 Car -1 -1 -1 228.54 185.58 265.21 207.18 -1 -1 -1 -1000 -1000 -1000 -10 0.74
32 3 Car -1 -1 -1 545.98 185.57 578.73 215.01 -1 -1 -1 -1000 -1000 -1000 -10 0.73
32 21 Car -1 -1 -1 569.73 187.01 591.28 206.48 -1 -1 -1 -1000 -1000 -1000 -10 0.72
32 22 Car -1 -1 -1 482.21 188.29 516.76 213.22 -1 -1 -1 -1000 -1000 -1000 -10 0.43
33 13 Car -1 -1 -1 397.64 188.45 499.53 262.25 -1 -1 -1 -1000 -1000 -1000 -10 0.95
33 3 Car -1 -1 -1 544.81 184.13 576.88 212.19 -1 -1 -1 -1000 -1000 -1000 -10 0.83
33 11 Car -1 -1 -1 145.15 185.00 210.07 214.93 -1 -1 -1 -1000 -1000 -1000 -10 0.81
33 18 Car -1 -1 -1 219.52 184.09 256.95 207.66 -1 -1 -1 -1000 -1000 -1000 -10 0.70
33 22 Car -1 -1 -1 479.79 185.73 516.06 214.47 -1 -1 -1 -1000 -1000 -1000 -10 0.70
33 21 Car -1 -1 -1 567.63 184.72 591.28 204.60 -1 -1 -1 -1000 -1000 -1000 -10 0.59
34 13 Car -1 -1 -1 352.63 192.44 482.34 280.97 -1 -1 -1 -1000 -1000 -1000 -10 0.94
34 11 Car -1 -1 -1 128.48 181.85 200.98 214.12 -1 -1 -1 -1000 -1000 -1000 -10 0.87
34 18 Car -1 -1 -1 209.30 181.87 251.00 206.10 -1 -1 -1 -1000 -1000 -1000 -10 0.81
34 3 Car -1 -1 -1 543.80 185.63 576.76 214.00 -1 -1 -1 -1000 -1000 -1000 -10 0.79
34 22 Car -1 -1 -1 477.28 186.24 514.89 217.81 -1 -1 -1 -1000 -1000 -1000 -10 0.75
34 21 Car -1 -1 -1 569.64 185.89 591.71 206.11 -1 -1 -1 -1000 -1000 -1000 -10 0.71
35 11 Car -1 -1 -1 107.85 180.48 184.71 214.20 -1 -1 -1 -1000 -1000 -1000 -10 0.90
35 13 Car -1 -1 -1 269.86 191.91 463.06 318.79 -1 -1 -1 -1000 -1000 -1000 -10 0.90
35 3 Car -1 -1 -1 541.90 186.73 572.60 214.20 -1 -1 -1 -1000 -1000 -1000 -10 0.86
35 22 Car -1 -1 -1 471.21 187.08 511.98 221.53 -1 -1 -1 -1000 -1000 -1000 -10 0.84
35 18 Car -1 -1 -1 196.74 179.62 240.64 205.65 -1 -1 -1 -1000 -1000 -1000 -10 0.83
35 21 Car -1 -1 -1 568.14 186.58 591.39 205.87 -1 -1 -1 -1000 -1000 -1000 -10 0.74
36 13 Car -1 -1 -1 85.54 184.70 430.33 373.33 -1 -1 -1 -1000 -1000 -1000 -10 0.92
36 11 Car -1 -1 -1 88.17 175.40 171.51 210.97 -1 -1 -1 -1000 -1000 -1000 -10 0.91
36 22 Car -1 -1 -1 466.10 188.63 507.27 222.44 -1 -1 -1 -1000 -1000 -1000 -10 0.87
36 18 Car -1 -1 -1 185.42 176.78 230.30 202.75 -1 -1 -1 -1000 -1000 -1000 -10 0.83
36 3 Car -1 -1 -1 540.81 185.02 570.61 211.66 -1 -1 -1 -1000 -1000 -1000 -10 0.75
36 21 Car -1 -1 -1 567.87 185.10 590.64 204.52 -1 -1 -1 -1000 -1000 -1000 -10 0.51
37 13 Car -1 -1 -1 -0.63 189.87 361.04 368.60 -1 -1 -1 -1000 -1000 -1000 -10 0.96
37 11 Car -1 -1 -1 64.78 172.47 157.93 212.51 -1 -1 -1 -1000 -1000 -1000 -10 0.88
37 3 Car -1 -1 -1 539.09 182.25 569.58 211.69 -1 -1 -1 -1000 -1000 -1000 -10 0.82
37 22 Car -1 -1 -1 457.05 184.63 504.46 226.54 -1 -1 -1 -1000 -1000 -1000 -10 0.78
37 21 Car -1 -1 -1 569.08 183.40 593.00 203.23 -1 -1 -1 -1000 -1000 -1000 -10 0.74
37 18 Car -1 -1 -1 172.98 174.88 221.57 200.94 -1 -1 -1 -1000 -1000 -1000 -10 0.60
38 3 Car -1 -1 -1 538.56 179.29 568.58 208.18 -1 -1 -1 -1000 -1000 -1000 -10 0.88
38 11 Car -1 -1 -1 39.71 169.09 140.94 207.53 -1 -1 -1 -1000 -1000 -1000 -10 0.85
38 18 Car -1 -1 -1 159.98 171.05 209.84 197.51 -1 -1 -1 -1000 -1000 -1000 -10 0.81
38 22 Car -1 -1 -1 447.51 182.90 500.82 229.29 -1 -1 -1 -1000 -1000 -1000 -10 0.80
38 21 Car -1 -1 -1 569.53 179.89 593.40 200.25 -1 -1 -1 -1000 -1000 -1000 -10 0.66
38 13 Car -1 -1 -1 3.24 175.95 171.40 373.81 -1 -1 -1 -1000 -1000 -1000 -10 0.41
39 22 Car -1 -1 -1 431.73 179.40 495.54 233.03 -1 -1 -1 -1000 -1000 -1000 -10 0.90
39 11 Car -1 -1 -1 14.71 163.27 120.22 202.82 -1 -1 -1 -1000 -1000 -1000 -10 0.87
39 3 Car -1 -1 -1 538.60 176.34 567.83 203.77 -1 -1 -1 -1000 -1000 -1000 -10 0.86
39 18 Car -1 -1 -1 145.00 166.54 200.31 194.00 -1 -1 -1 -1000 -1000 -1000 -10 0.78
39 21 Car -1 -1 -1 569.79 176.03 593.41 195.50 -1 -1 -1 -1000 -1000 -1000 -10 0.58
40 22 Car -1 -1 -1 410.00 179.66 487.88 239.87 -1 -1 -1 -1000 -1000 -1000 -10 0.94
40 11 Car -1 -1 -1 1.59 160.00 101.13 200.77 -1 -1 -1 -1000 -1000 -1000 -10 0.86
40 3 Car -1 -1 -1 536.77 171.59 567.14 200.87 -1 -1 -1 -1000 -1000 -1000 -10 0.85
40 18 Car -1 -1 -1 128.09 162.29 187.55 191.08 -1 -1 -1 -1000 -1000 -1000 -10 0.84
40 21 Car -1 -1 -1 571.43 173.89 594.83 194.25 -1 -1 -1 -1000 -1000 -1000 -10 0.62
40 23 Car -1 -1 -1 468.59 172.43 497.49 196.70 -1 -1 -1 -1000 -1000 -1000 -10 0.65
41 22 Car -1 -1 -1 377.35 180.41 475.16 253.48 -1 -1 -1 -1000 -1000 -1000 -10 0.90
41 11 Car -1 -1 -1 -0.85 157.29 80.34 200.92 -1 -1 -1 -1000 -1000 -1000 -10 0.83
41 18 Car -1 -1 -1 110.69 162.08 175.02 191.16 -1 -1 -1 -1000 -1000 -1000 -10 0.78
41 3 Car -1 -1 -1 534.29 171.31 567.18 199.87 -1 -1 -1 -1000 -1000 -1000 -10 0.75
41 21 Car -1 -1 -1 572.15 172.80 596.61 193.31 -1 -1 -1 -1000 -1000 -1000 -10 0.68
41 23 Car -1 -1 -1 467.25 172.28 497.25 196.40 -1 -1 -1 -1000 -1000 -1000 -10 0.68
42 22 Car -1 -1 -1 331.02 181.03 456.90 269.24 -1 -1 -1 -1000 -1000 -1000 -10 0.93
42 18 Car -1 -1 -1 94.44 159.73 163.29 189.55 -1 -1 -1 -1000 -1000 -1000 -10 0.83
42 3 Car -1 -1 -1 536.57 171.12 567.53 198.75 -1 -1 -1 -1000 -1000 -1000 -10 0.82
42 11 Car -1 -1 -1 -1.13 154.27 57.33 200.90 -1 -1 -1 -1000 -1000 -1000 -10 0.81
42 23 Car -1 -1 -1 462.70 170.50 496.67 197.71 -1 -1 -1 -1000 -1000 -1000 -10 0.71
42 21 Car -1 -1 -1 575.54 172.58 598.09 191.07 -1 -1 -1 -1000 -1000 -1000 -10 0.67
43 18 Car -1 -1 -1 72.77 157.85 149.49 189.72 -1 -1 -1 -1000 -1000 -1000 -10 0.90
43 22 Car -1 -1 -1 244.56 181.23 435.23 306.45 -1 -1 -1 -1000 -1000 -1000 -10 0.88
43 3 Car -1 -1 -1 537.23 168.66 567.52 196.67 -1 -1 -1 -1000 -1000 -1000 -10 0.80
43 11 Car -1 -1 -1 -0.74 154.98 27.88 200.53 -1 -1 -1 -1000 -1000 -1000 -10 0.70
43 23 Car -1 -1 -1 461.23 169.61 495.17 198.52 -1 -1 -1 -1000 -1000 -1000 -10 0.65
43 21 Car -1 -1 -1 578.19 170.71 601.04 189.51 -1 -1 -1 -1000 -1000 -1000 -10 0.45
44 22 Car -1 -1 -1 58.55 177.76 395.39 372.72 -1 -1 -1 -1000 -1000 -1000 -10 0.92
44 23 Car -1 -1 -1 457.26 168.27 494.72 201.79 -1 -1 -1 -1000 -1000 -1000 -10 0.86
44 3 Car -1 -1 -1 538.56 167.76 569.63 196.39 -1 -1 -1 -1000 -1000 -1000 -10 0.81
44 18 Car -1 -1 -1 50.98 159.25 136.96 190.89 -1 -1 -1 -1000 -1000 -1000 -10 0.79
44 21 Car -1 -1 -1 579.11 169.33 603.40 189.26 -1 -1 -1 -1000 -1000 -1000 -10 0.60
45 22 Car -1 -1 -1 -1.97 193.51 300.08 371.39 -1 -1 -1 -1000 -1000 -1000 -10 0.96
45 23 Car -1 -1 -1 452.32 171.74 492.76 206.69 -1 -1 -1 -1000 -1000 -1000 -10 0.86
45 18 Car -1 -1 -1 26.65 161.24 119.15 194.56 -1 -1 -1 -1000 -1000 -1000 -10 0.85
45 3 Car -1 -1 -1 541.41 171.76 570.03 197.08 -1 -1 -1 -1000 -1000 -1000 -10 0.74
45 21 Car -1 -1 -1 582.39 171.21 606.32 190.60 -1 -1 -1 -1000 -1000 -1000 -10 0.63
46 23 Car -1 -1 -1 434.57 170.42 486.25 216.22 -1 -1 -1 -1000 -1000 -1000 -10 0.91
46 18 Car -1 -1 -1 -2.11 157.86 81.65 198.79 -1 -1 -1 -1000 -1000 -1000 -10 0.84
46 3 Car -1 -1 -1 543.94 169.05 572.72 196.50 -1 -1 -1 -1000 -1000 -1000 -10 0.71
46 21 Car -1 -1 -1 587.14 170.74 610.97 189.51 -1 -1 -1 -1000 -1000 -1000 -10 0.61
47 23 Car -1 -1 -1 420.29 172.25 478.94 220.94 -1 -1 -1 -1000 -1000 -1000 -10 0.86
47 18 Car -1 -1 -1 -0.82 157.13 51.31 199.27 -1 -1 -1 -1000 -1000 -1000 -10 0.84
47 3 Car -1 -1 -1 546.28 168.94 573.25 194.52 -1 -1 -1 -1000 -1000 -1000 -10 0.80
47 21 Car -1 -1 -1 589.28 168.70 612.96 188.39 -1 -1 -1 -1000 -1000 -1000 -10 0.64
48 23 Car -1 -1 -1 399.98 171.07 471.03 229.06 -1 -1 -1 -1000 -1000 -1000 -10 0.87
48 3 Car -1 -1 -1 547.67 167.69 575.21 193.57 -1 -1 -1 -1000 -1000 -1000 -10 0.79
48 21 Car -1 -1 -1 592.50 167.98 615.80 187.51 -1 -1 -1 -1000 -1000 -1000 -10 0.77
48 18 Car -1 -1 -1 -0.57 156.09 27.34 198.19 -1 -1 -1 -1000 -1000 -1000 -10 0.61
48 24 Car -1 -1 -1 1176.95 174.44 1217.99 189.88 -1 -1 -1 -1000 -1000 -1000 -10 0.44
49 23 Car -1 -1 -1 369.18 170.84 459.26 239.40 -1 -1 -1 -1000 -1000 -1000 -10 0.93
49 21 Car -1 -1 -1 594.36 167.03 618.29 187.02 -1 -1 -1 -1000 -1000 -1000 -10 0.71
49 3 Car -1 -1 -1 548.58 166.06 576.08 192.11 -1 -1 -1 -1000 -1000 -1000 -10 0.63
49 24 Car -1 -1 -1 1196.56 175.88 1236.14 189.20 -1 -1 -1 -1000 -1000 -1000 -10 0.47
50 23 Car -1 -1 -1 324.55 171.33 440.46 254.29 -1 -1 -1 -1000 -1000 -1000 -10 0.94
50 21 Car -1 -1 -1 596.27 166.60 619.09 186.34 -1 -1 -1 -1000 -1000 -1000 -10 0.71
50 3 Car -1 -1 -1 549.71 165.40 576.70 190.49 -1 -1 -1 -1000 -1000 -1000 -10 0.68
50 24 Car -1 -1 -1 1209.63 175.78 1239.67 188.86 -1 -1 -1 -1000 -1000 -1000 -10 0.47
51 23 Car -1 -1 -1 252.44 170.62 410.96 279.39 -1 -1 -1 -1000 -1000 -1000 -10 0.87
51 21 Car -1 -1 -1 596.39 167.42 620.41 187.39 -1 -1 -1 -1000 -1000 -1000 -10 0.74
51 3 Car -1 -1 -1 550.14 166.92 576.85 191.50 -1 -1 -1 -1000 -1000 -1000 -10 0.65
51 25 Car -1 -1 -1 494.36 161.58 503.95 170.97 -1 -1 -1 -1000 -1000 -1000 -10 0.46
52 23 Car -1 -1 -1 110.43 174.69 374.21 336.37 -1 -1 -1 -1000 -1000 -1000 -10 0.85
52 3 Car -1 -1 -1 551.00 170.66 576.16 193.13 -1 -1 -1 -1000 -1000 -1000 -10 0.80
52 21 Car -1 -1 -1 597.36 169.12 622.51 189.53 -1 -1 -1 -1000 -1000 -1000 -10 0.52
52 25 Car -1 -1 -1 494.80 165.60 503.22 174.10 -1 -1 -1 -1000 -1000 -1000 -10 0.44
53 23 Car -1 -1 -1 -4.33 180.15 295.67 370.50 -1 -1 -1 -1000 -1000 -1000 -10 0.97
53 21 Car -1 -1 -1 598.98 171.72 623.75 192.29 -1 -1 -1 -1000 -1000 -1000 -10 0.80
53 3 Car -1 -1 -1 552.22 173.28 578.02 196.33 -1 -1 -1 -1000 -1000 -1000 -10 0.79
53 25 Car -1 -1 -1 494.99 168.71 504.86 177.45 -1 -1 -1 -1000 -1000 -1000 -10 0.53
53 26 Cyclist -1 -1 -1 261.55 156.07 279.04 186.50 -1 -1 -1 -1000 -1000 -1000 -10 0.42
54 21 Car -1 -1 -1 600.66 173.57 626.85 195.38 -1 -1 -1 -1000 -1000 -1000 -10 0.60
54 3 Car -1 -1 -1 553.31 175.55 579.22 198.19 -1 -1 -1 -1000 -1000 -1000 -10 0.58
55 3 Car -1 -1 -1 555.12 175.40 580.43 197.65 -1 -1 -1 -1000 -1000 -1000 -10 0.73
55 21 Car -1 -1 -1 603.15 173.60 627.48 194.64 -1 -1 -1 -1000 -1000 -1000 -10 0.67
56 21 Car -1 -1 -1 606.55 172.96 629.45 191.95 -1 -1 -1 -1000 -1000 -1000 -10 0.70
56 3 Car -1 -1 -1 558.02 173.56 582.28 195.41 -1 -1 -1 -1000 -1000 -1000 -10 0.63
57 3 Car -1 -1 -1 561.01 171.73 584.42 192.40 -1 -1 -1 -1000 -1000 -1000 -10 0.79
57 21 Car -1 -1 -1 609.28 170.39 634.35 189.90 -1 -1 -1 -1000 -1000 -1000 -10 0.56
58 3 Car -1 -1 -1 564.78 169.91 588.75 190.81 -1 -1 -1 -1000 -1000 -1000 -10 0.74
58 21 Car -1 -1 -1 612.74 168.56 636.17 188.12 -1 -1 -1 -1000 -1000 -1000 -10 0.60
58 27 Car -1 -1 -1 498.60 164.94 512.13 175.95 -1 -1 -1 -1000 -1000 -1000 -10 0.51
59 3 Car -1 -1 -1 567.68 168.65 592.31 189.91 -1 -1 -1 -1000 -1000 -1000 -10 0.67
59 27 Car -1 -1 -1 499.65 165.85 514.15 176.41 -1 -1 -1 -1000 -1000 -1000 -10 0.67
59 21 Car -1 -1 -1 617.45 168.10 641.06 187.58 -1 -1 -1 -1000 -1000 -1000 -10 0.61
60 3 Car -1 -1 -1 571.43 169.18 596.47 191.60 -1 -1 -1 -1000 -1000 -1000 -10 0.77
60 21 Car -1 -1 -1 620.15 169.34 644.02 188.55 -1 -1 -1 -1000 -1000 -1000 -10 0.62
60 27 Car -1 -1 -1 501.74 166.93 515.91 178.27 -1 -1 -1 -1000 -1000 -1000 -10 0.44
61 3 Car -1 -1 -1 575.02 170.12 599.17 191.43 -1 -1 -1 -1000 -1000 -1000 -10 0.79
61 27 Car -1 -1 -1 503.08 168.04 518.76 179.82 -1 -1 -1 -1000 -1000 -1000 -10 0.71
61 21 Car -1 -1 -1 624.82 168.80 649.60 189.70 -1 -1 -1 -1000 -1000 -1000 -10 0.63
62 3 Car -1 -1 -1 579.94 170.29 603.83 191.51 -1 -1 -1 -1000 -1000 -1000 -10 0.80
62 27 Car -1 -1 -1 502.95 168.38 520.28 181.22 -1 -1 -1 -1000 -1000 -1000 -10 0.60
62 21 Car -1 -1 -1 629.04 170.85 652.90 189.79 -1 -1 -1 -1000 -1000 -1000 -10 0.59
63 3 Car -1 -1 -1 582.81 170.61 606.60 191.35 -1 -1 -1 -1000 -1000 -1000 -10 0.78
63 21 Car -1 -1 -1 631.97 171.04 655.94 190.27 -1 -1 -1 -1000 -1000 -1000 -10 0.62
63 27 Car -1 -1 -1 504.51 168.18 521.10 181.78 -1 -1 -1 -1000 -1000 -1000 -10 0.51
63 28 Cyclist -1 -1 -1 177.97 156.57 199.86 192.60 -1 -1 -1 -1000 -1000 -1000 -10 0.47
64 21 Car -1 -1 -1 633.98 172.41 658.46 192.49 -1 -1 -1 -1000 -1000 -1000 -10 0.78
64 3 Car -1 -1 -1 584.53 172.49 609.58 193.68 -1 -1 -1 -1000 -1000 -1000 -10 0.62
64 27 Car -1 -1 -1 503.06 170.61 520.32 184.84 -1 -1 -1 -1000 -1000 -1000 -10 0.62
65 27 Car -1 -1 -1 501.21 175.80 519.08 189.03 -1 -1 -1 -1000 -1000 -1000 -10 0.73
65 3 Car -1 -1 -1 587.09 176.23 611.56 197.68 -1 -1 -1 -1000 -1000 -1000 -10 0.67
65 21 Car -1 -1 -1 636.11 175.80 661.20 196.45 -1 -1 -1 -1000 -1000 -1000 -10 0.61
65 29 Cyclist -1 -1 -1 149.16 156.14 173.83 200.60 -1 -1 -1 -1000 -1000 -1000 -10 0.56
66 21 Car -1 -1 -1 638.89 176.09 662.44 195.32 -1 -1 -1 -1000 -1000 -1000 -10 0.78
66 27 Car -1 -1 -1 499.71 175.06 519.41 189.01 -1 -1 -1 -1000 -1000 -1000 -10 0.69
66 3 Car -1 -1 -1 589.06 176.56 613.43 197.56 -1 -1 -1 -1000 -1000 -1000 -10 0.47
66 30 Pedestrian -1 -1 -1 130.61 158.77 153.26 202.07 -1 -1 -1 -1000 -1000 -1000 -10 0.44
67 3 Car -1 -1 -1 592.26 175.64 614.26 194.82 -1 -1 -1 -1000 -1000 -1000 -10 0.78
67 21 Car -1 -1 -1 640.85 173.82 665.14 194.21 -1 -1 -1 -1000 -1000 -1000 -10 0.62
67 30 Pedestrian -1 -1 -1 115.85 153.84 135.88 199.91 -1 -1 -1 -1000 -1000 -1000 -10 0.61
67 27 Car -1 -1 -1 499.42 173.39 518.66 188.36 -1 -1 -1 -1000 -1000 -1000 -10 0.61
67 31 Car -1 -1 -1 536.31 172.59 553.27 184.02 -1 -1 -1 -1000 -1000 -1000 -10 0.56
68 27 Car -1 -1 -1 491.13 173.39 514.19 188.56 -1 -1 -1 -1000 -1000 -1000 -10 0.73
68 3 Car -1 -1 -1 594.49 174.59 618.01 194.98 -1 -1 -1 -1000 -1000 -1000 -10 0.69
68 31 Car -1 -1 -1 536.15 171.77 551.91 183.24 -1 -1 -1 -1000 -1000 -1000 -10 0.61
68 21 Car -1 -1 -1 642.88 174.17 667.43 193.92 -1 -1 -1 -1000 -1000 -1000 -10 0.59
68 30 Pedestrian -1 -1 -1 71.56 148.16 95.38 197.84 -1 -1 -1 -1000 -1000 -1000 -10 0.45
69 3 Car -1 -1 -1 594.82 174.18 618.07 194.47 -1 -1 -1 -1000 -1000 -1000 -10 0.70
69 27 Car -1 -1 -1 487.67 172.44 510.94 188.65 -1 -1 -1 -1000 -1000 -1000 -10 0.68
69 31 Car -1 -1 -1 532.93 170.23 548.84 183.04 -1 -1 -1 -1000 -1000 -1000 -10 0.65
69 21 Car -1 -1 -1 643.45 173.96 667.45 194.01 -1 -1 -1 -1000 -1000 -1000 -10 0.54
69 30 Pedestrian -1 -1 -1 42.98 143.05 70.30 195.63 -1 -1 -1 -1000 -1000 -1000 -10 0.48
70 31 Car -1 -1 -1 527.87 169.60 546.57 183.71 -1 -1 -1 -1000 -1000 -1000 -10 0.70
70 21 Car -1 -1 -1 643.02 174.18 666.64 194.02 -1 -1 -1 -1000 -1000 -1000 -10 0.65
70 27 Car -1 -1 -1 481.24 171.81 506.10 189.02 -1 -1 -1 -1000 -1000 -1000 -10 0.64
70 3 Car -1 -1 -1 594.42 174.11 617.65 194.32 -1 -1 -1 -1000 -1000 -1000 -10 0.62
71 21 Car -1 -1 -1 643.45 174.98 666.68 194.29 -1 -1 -1 -1000 -1000 -1000 -10 0.76
71 31 Car -1 -1 -1 525.22 170.94 542.99 184.88 -1 -1 -1 -1000 -1000 -1000 -10 0.76
71 3 Car -1 -1 -1 594.55 174.72 617.22 194.81 -1 -1 -1 -1000 -1000 -1000 -10 0.64
71 27 Car -1 -1 -1 475.33 173.00 501.54 191.55 -1 -1 -1 -1000 -1000 -1000 -10 0.62
72 27 Car -1 -1 -1 467.71 175.27 497.07 196.26 -1 -1 -1 -1000 -1000 -1000 -10 0.77
72 21 Car -1 -1 -1 642.59 177.05 667.01 196.56 -1 -1 -1 -1000 -1000 -1000 -10 0.72
72 31 Car -1 -1 -1 521.53 173.93 539.80 187.69 -1 -1 -1 -1000 -1000 -1000 -10 0.71
72 3 Car -1 -1 -1 594.47 176.65 617.43 196.80 -1 -1 -1 -1000 -1000 -1000 -10 0.62
73 27 Car -1 -1 -1 459.05 174.99 490.48 198.50 -1 -1 -1 -1000 -1000 -1000 -10 0.74
73 31 Car -1 -1 -1 517.33 175.52 535.93 188.77 -1 -1 -1 -1000 -1000 -1000 -10 0.70
73 21 Car -1 -1 -1 641.35 178.32 666.07 197.59 -1 -1 -1 -1000 -1000 -1000 -10 0.64
73 3 Car -1 -1 -1 593.50 178.64 615.88 197.39 -1 -1 -1 -1000 -1000 -1000 -10 0.62
74 31 Car -1 -1 -1 513.15 174.71 532.20 188.87 -1 -1 -1 -1000 -1000 -1000 -10 0.73
74 3 Car -1 -1 -1 593.20 177.19 615.36 196.66 -1 -1 -1 -1000 -1000 -1000 -10 0.68
74 21 Car -1 -1 -1 640.50 177.08 665.86 196.86 -1 -1 -1 -1000 -1000 -1000 -10 0.68
74 27 Car -1 -1 -1 450.12 174.39 483.70 199.57 -1 -1 -1 -1000 -1000 -1000 -10 0.68
75 3 Car -1 -1 -1 593.17 177.93 613.30 194.94 -1 -1 -1 -1000 -1000 -1000 -10 0.77
75 31 Car -1 -1 -1 508.05 174.11 528.83 188.79 -1 -1 -1 -1000 -1000 -1000 -10 0.74
75 21 Car -1 -1 -1 640.38 177.14 665.34 196.18 -1 -1 -1 -1000 -1000 -1000 -10 0.68
75 27 Car -1 -1 -1 439.27 174.47 475.41 201.95 -1 -1 -1 -1000 -1000 -1000 -10 0.67
76 3 Car -1 -1 -1 592.87 177.81 612.41 194.74 -1 -1 -1 -1000 -1000 -1000 -10 0.75
76 31 Car -1 -1 -1 503.84 173.36 525.58 189.25 -1 -1 -1 -1000 -1000 -1000 -10 0.75
76 27 Car -1 -1 -1 426.60 173.37 467.57 203.80 -1 -1 -1 -1000 -1000 -1000 -10 0.74
76 21 Car -1 -1 -1 640.39 177.11 665.04 196.10 -1 -1 -1 -1000 -1000 -1000 -10 0.66
77 27 Car -1 -1 -1 412.86 174.93 458.08 209.35 -1 -1 -1 -1000 -1000 -1000 -10 0.76
77 31 Car -1 -1 -1 498.80 174.09 521.96 191.41 -1 -1 -1 -1000 -1000 -1000 -10 0.75
77 21 Car -1 -1 -1 640.58 178.17 665.19 197.89 -1 -1 -1 -1000 -1000 -1000 -10 0.64
77 3 Car -1 -1 -1 591.40 177.30 613.25 196.58 -1 -1 -1 -1000 -1000 -1000 -10 0.63
78 27 Car -1 -1 -1 395.29 174.47 445.46 213.71 -1 -1 -1 -1000 -1000 -1000 -10 0.89
78 31 Car -1 -1 -1 493.34 174.92 518.55 193.97 -1 -1 -1 -1000 -1000 -1000 -10 0.73
78 21 Car -1 -1 -1 639.86 178.68 665.45 198.49 -1 -1 -1 -1000 -1000 -1000 -10 0.70
78 3 Car -1 -1 -1 590.47 178.32 613.43 197.85 -1 -1 -1 -1000 -1000 -1000 -10 0.49
79 27 Car -1 -1 -1 373.43 174.68 431.40 217.88 -1 -1 -1 -1000 -1000 -1000 -10 0.87
79 21 Car -1 -1 -1 640.18 178.68 665.05 197.95 -1 -1 -1 -1000 -1000 -1000 -10 0.67
79 31 Car -1 -1 -1 488.27 174.36 514.76 193.90 -1 -1 -1 -1000 -1000 -1000 -10 0.62
79 3 Car -1 -1 -1 590.88 177.39 613.23 196.79 -1 -1 -1 -1000 -1000 -1000 -10 0.50
80 27 Car -1 -1 -1 344.44 175.76 414.14 224.37 -1 -1 -1 -1000 -1000 -1000 -10 0.86
80 31 Car -1 -1 -1 481.69 174.74 509.36 194.45 -1 -1 -1 -1000 -1000 -1000 -10 0.75
80 3 Car -1 -1 -1 591.22 177.01 612.66 196.21 -1 -1 -1 -1000 -1000 -1000 -10 0.55
80 21 Car -1 -1 -1 640.47 178.40 664.69 197.41 -1 -1 -1 -1000 -1000 -1000 -10 0.52
81 27 Car -1 -1 -1 308.26 175.38 392.58 233.50 -1 -1 -1 -1000 -1000 -1000 -10 0.91
81 31 Car -1 -1 -1 474.59 173.56 506.11 195.74 -1 -1 -1 -1000 -1000 -1000 -10 0.77
81 3 Car -1 -1 -1 591.88 177.35 612.13 195.33 -1 -1 -1 -1000 -1000 -1000 -10 0.58
81 21 Car -1 -1 -1 640.91 177.40 664.33 196.40 -1 -1 -1 -1000 -1000 -1000 -10 0.58
82 27 Car -1 -1 -1 255.66 175.39 362.02 243.93 -1 -1 -1 -1000 -1000 -1000 -10 0.91
82 31 Car -1 -1 -1 466.73 172.53 500.61 196.09 -1 -1 -1 -1000 -1000 -1000 -10 0.74
82 21 Car -1 -1 -1 641.25 176.61 664.55 194.73 -1 -1 -1 -1000 -1000 -1000 -10 0.71
82 3 Car -1 -1 -1 590.53 175.70 611.87 193.74 -1 -1 -1 -1000 -1000 -1000 -10 0.65
82 32 Car -1 -1 -1 509.77 173.16 534.72 188.27 -1 -1 -1 -1000 -1000 -1000 -10 0.50
83 27 Car -1 -1 -1 172.96 174.05 320.82 260.09 -1 -1 -1 -1000 -1000 -1000 -10 0.88
83 31 Car -1 -1 -1 460.08 170.71 496.16 195.29 -1 -1 -1 -1000 -1000 -1000 -10 0.69
83 3 Car -1 -1 -1 591.54 173.55 612.66 192.05 -1 -1 -1 -1000 -1000 -1000 -10 0.62
83 21 Car -1 -1 -1 641.14 173.34 665.60 193.03 -1 -1 -1 -1000 -1000 -1000 -10 0.61
83 32 Car -1 -1 -1 507.80 172.03 534.35 186.09 -1 -1 -1 -1000 -1000 -1000 -10 0.54
84 27 Car -1 -1 -1 36.93 172.11 262.43 292.26 -1 -1 -1 -1000 -1000 -1000 -10 0.85
84 31 Car -1 -1 -1 449.10 170.74 491.70 199.40 -1 -1 -1 -1000 -1000 -1000 -10 0.81
84 21 Car -1 -1 -1 641.92 174.61 666.21 193.83 -1 -1 -1 -1000 -1000 -1000 -10 0.70
84 32 Car -1 -1 -1 508.52 172.43 528.65 185.99 -1 -1 -1 -1000 -1000 -1000 -10 0.65
84 3 Car -1 -1 -1 591.51 173.53 612.53 192.45 -1 -1 -1 -1000 -1000 -1000 -10 0.58
84 33 Car -1 -1 -1 284.55 167.34 307.79 179.08 -1 -1 -1 -1000 -1000 -1000 -10 0.54
84 34 Car -1 -1 -1 530.91 173.17 546.13 184.41 -1 -1 -1 -1000 -1000 -1000 -10 0.52
85 27 Car -1 -1 -1 -4.44 177.98 170.14 348.61 -1 -1 -1 -1000 -1000 -1000 -10 0.91
85 31 Car -1 -1 -1 438.33 174.02 483.45 203.88 -1 -1 -1 -1000 -1000 -1000 -10 0.81
85 32 Car -1 -1 -1 505.57 173.75 524.54 189.26 -1 -1 -1 -1000 -1000 -1000 -10 0.75
85 21 Car -1 -1 -1 642.68 177.54 666.41 195.98 -1 -1 -1 -1000 -1000 -1000 -10 0.74
85 3 Car -1 -1 -1 591.54 175.84 612.79 195.16 -1 -1 -1 -1000 -1000 -1000 -10 0.70
85 34 Car -1 -1 -1 528.54 175.06 544.34 185.97 -1 -1 -1 -1000 -1000 -1000 -10 0.57
85 33 Car -1 -1 -1 277.48 169.29 300.96 181.22 -1 -1 -1 -1000 -1000 -1000 -10 0.48
86 31 Car -1 -1 -1 423.71 176.16 479.20 208.56 -1 -1 -1 -1000 -1000 -1000 -10 0.78
86 34 Car -1 -1 -1 524.50 176.67 543.24 189.05 -1 -1 -1 -1000 -1000 -1000 -10 0.71
86 3 Car -1 -1 -1 591.66 177.03 612.92 196.26 -1 -1 -1 -1000 -1000 -1000 -10 0.69
86 21 Car -1 -1 -1 643.16 179.34 667.29 197.65 -1 -1 -1 -1000 -1000 -1000 -10 0.66
86 32 Car -1 -1 -1 502.12 174.95 523.73 191.43 -1 -1 -1 -1000 -1000 -1000 -10 0.52
86 33 Car -1 -1 -1 271.49 169.99 293.30 183.53 -1 -1 -1 -1000 -1000 -1000 -10 0.50
87 31 Car -1 -1 -1 408.87 177.56 466.40 214.56 -1 -1 -1 -1000 -1000 -1000 -10 0.78
87 21 Car -1 -1 -1 645.12 180.37 668.43 198.58 -1 -1 -1 -1000 -1000 -1000 -10 0.74
87 32 Car -1 -1 -1 494.87 176.15 518.62 194.88 -1 -1 -1 -1000 -1000 -1000 -10 0.73
87 3 Car -1 -1 -1 591.29 178.88 613.10 197.71 -1 -1 -1 -1000 -1000 -1000 -10 0.65
87 33 Car -1 -1 -1 263.21 171.09 290.51 184.95 -1 -1 -1 -1000 -1000 -1000 -10 0.46
87 34 Car -1 -1 -1 523.30 177.59 541.28 190.44 -1 -1 -1 -1000 -1000 -1000 -10 0.45
88 31 Car -1 -1 -1 388.14 176.08 452.16 218.16 -1 -1 -1 -1000 -1000 -1000 -10 0.87
88 32 Car -1 -1 -1 490.19 175.82 516.32 194.84 -1 -1 -1 -1000 -1000 -1000 -10 0.75
88 21 Car -1 -1 -1 644.95 179.66 669.14 197.70 -1 -1 -1 -1000 -1000 -1000 -10 0.74
88 3 Car -1 -1 -1 592.00 179.19 612.87 196.96 -1 -1 -1 -1000 -1000 -1000 -10 0.63
88 34 Car -1 -1 -1 519.07 176.15 538.47 190.00 -1 -1 -1 -1000 -1000 -1000 -10 0.56
88 33 Car -1 -1 -1 254.95 170.44 284.25 185.34 -1 -1 -1 -1000 -1000 -1000 -10 0.52
88 35 Car -1 -1 -1 541.83 177.58 558.12 187.83 -1 -1 -1 -1000 -1000 -1000 -10 0.46
89 31 Car -1 -1 -1 362.17 176.76 434.74 222.78 -1 -1 -1 -1000 -1000 -1000 -10 0.82
89 32 Car -1 -1 -1 484.40 175.41 512.43 195.39 -1 -1 -1 -1000 -1000 -1000 -10 0.77
89 3 Car -1 -1 -1 592.33 177.64 612.92 195.99 -1 -1 -1 -1000 -1000 -1000 -10 0.69
89 21 Car -1 -1 -1 645.53 178.65 669.69 197.40 -1 -1 -1 -1000 -1000 -1000 -10 0.67
89 35 Car -1 -1 -1 541.71 177.02 556.08 188.02 -1 -1 -1 -1000 -1000 -1000 -10 0.66
89 34 Car -1 -1 -1 515.18 176.46 534.24 189.92 -1 -1 -1 -1000 -1000 -1000 -10 0.58
89 36 Car -1 -1 -1 415.89 173.71 458.74 202.87 -1 -1 -1 -1000 -1000 -1000 -10 0.76
90 36 Car -1 -1 -1 402.78 172.68 447.02 204.23 -1 -1 -1 -1000 -1000 -1000 -10 0.85
90 31 Car -1 -1 -1 328.60 175.95 413.39 228.52 -1 -1 -1 -1000 -1000 -1000 -10 0.83
90 3 Car -1 -1 -1 593.05 177.38 612.69 195.03 -1 -1 -1 -1000 -1000 -1000 -10 0.76
90 21 Car -1 -1 -1 645.60 177.33 671.10 196.47 -1 -1 -1 -1000 -1000 -1000 -10 0.68
90 32 Car -1 -1 -1 478.89 174.79 508.21 195.17 -1 -1 -1 -1000 -1000 -1000 -10 0.66
90 35 Car -1 -1 -1 540.38 176.35 555.71 186.72 -1 -1 -1 -1000 -1000 -1000 -10 0.62
90 34 Car -1 -1 -1 510.88 176.10 531.16 190.22 -1 -1 -1 -1000 -1000 -1000 -10 0.61
91 31 Car -1 -1 -1 282.29 177.75 388.69 239.71 -1 -1 -1 -1000 -1000 -1000 -10 0.87
91 36 Car -1 -1 -1 386.46 172.18 434.76 208.37 -1 -1 -1 -1000 -1000 -1000 -10 0.86
91 32 Car -1 -1 -1 466.75 175.10 501.06 197.67 -1 -1 -1 -1000 -1000 -1000 -10 0.80
91 3 Car -1 -1 -1 593.25 177.03 612.55 195.15 -1 -1 -1 -1000 -1000 -1000 -10 0.78
91 21 Car -1 -1 -1 646.79 178.41 671.53 197.41 -1 -1 -1 -1000 -1000 -1000 -10 0.56
91 34 Car -1 -1 -1 503.78 176.48 527.39 191.75 -1 -1 -1 -1000 -1000 -1000 -10 0.49
91 35 Car -1 -1 -1 540.41 177.27 552.28 187.73 -1 -1 -1 -1000 -1000 -1000 -10 0.44
92 36 Car -1 -1 -1 365.91 172.59 420.74 213.62 -1 -1 -1 -1000 -1000 -1000 -10 0.92
92 31 Car -1 -1 -1 209.30 179.12 360.21 255.11 -1 -1 -1 -1000 -1000 -1000 -10 0.86
92 32 Car -1 -1 -1 457.68 175.57 493.37 200.77 -1 -1 -1 -1000 -1000 -1000 -10 0.78
92 34 Car -1 -1 -1 499.04 177.00 522.64 192.27 -1 -1 -1 -1000 -1000 -1000 -10 0.74
92 21 Car -1 -1 -1 646.55 178.94 671.38 198.15 -1 -1 -1 -1000 -1000 -1000 -10 0.72
92 35 Car -1 -1 -1 537.22 177.41 553.23 188.68 -1 -1 -1 -1000 -1000 -1000 -10 0.63
92 3 Car -1 -1 -1 592.08 177.71 612.21 195.87 -1 -1 -1 -1000 -1000 -1000 -10 0.59
93 31 Car -1 -1 -1 94.11 178.53 312.87 285.09 -1 -1 -1 -1000 -1000 -1000 -10 0.88
93 36 Car -1 -1 -1 340.14 172.47 403.35 219.18 -1 -1 -1 -1000 -1000 -1000 -10 0.84
93 32 Car -1 -1 -1 447.16 175.65 486.22 202.11 -1 -1 -1 -1000 -1000 -1000 -10 0.82
93 34 Car -1 -1 -1 492.85 176.67 519.08 193.75 -1 -1 -1 -1000 -1000 -1000 -10 0.79
93 21 Car -1 -1 -1 647.45 178.60 673.23 198.68 -1 -1 -1 -1000 -1000 -1000 -10 0.62
93 3 Car -1 -1 -1 590.36 177.52 611.95 196.44 -1 -1 -1 -1000 -1000 -1000 -10 0.55
93 35 Car -1 -1 -1 534.25 177.40 550.12 189.05 -1 -1 -1 -1000 -1000 -1000 -10 0.54
94 31 Car -1 -1 -1 -0.66 175.18 236.42 321.23 -1 -1 -1 -1000 -1000 -1000 -10 0.93
94 32 Car -1 -1 -1 434.27 174.73 476.84 203.61 -1 -1 -1 -1000 -1000 -1000 -10 0.87
94 36 Car -1 -1 -1 307.74 171.61 384.77 224.34 -1 -1 -1 -1000 -1000 -1000 -10 0.86
94 3 Car -1 -1 -1 590.77 177.35 610.57 194.94 -1 -1 -1 -1000 -1000 -1000 -10 0.75
94 34 Car -1 -1 -1 485.28 176.44 513.97 193.64 -1 -1 -1 -1000 -1000 -1000 -10 0.73
94 35 Car -1 -1 -1 531.56 176.67 549.05 188.95 -1 -1 -1 -1000 -1000 -1000 -10 0.61
94 21 Car -1 -1 -1 647.28 178.09 673.54 197.96 -1 -1 -1 -1000 -1000 -1000 -10 0.60
95 36 Car -1 -1 -1 262.42 170.59 356.21 229.13 -1 -1 -1 -1000 -1000 -1000 -10 0.88
95 3 Car -1 -1 -1 590.43 175.79 609.73 193.04 -1 -1 -1 -1000 -1000 -1000 -10 0.74
95 31 Car -1 -1 -1 0.73 173.72 96.79 360.54 -1 -1 -1 -1000 -1000 -1000 -10 0.73
95 32 Car -1 -1 -1 420.00 172.27 466.32 203.84 -1 -1 -1 -1000 -1000 -1000 -10 0.71
95 21 Car -1 -1 -1 648.18 176.69 672.67 194.85 -1 -1 -1 -1000 -1000 -1000 -10 0.65
95 34 Car -1 -1 -1 476.77 174.00 507.75 191.76 -1 -1 -1 -1000 -1000 -1000 -10 0.63
95 35 Car -1 -1 -1 526.13 175.39 547.19 186.36 -1 -1 -1 -1000 -1000 -1000 -10 0.62
95 37 Car -1 -1 -1 201.40 165.08 230.38 183.39 -1 -1 -1 -1000 -1000 -1000 -10 0.52
96 36 Car -1 -1 -1 201.12 166.86 321.71 236.62 -1 -1 -1 -1000 -1000 -1000 -10 0.90
96 32 Car -1 -1 -1 400.03 168.69 452.61 205.00 -1 -1 -1 -1000 -1000 -1000 -10 0.76
96 21 Car -1 -1 -1 646.48 174.90 671.13 193.84 -1 -1 -1 -1000 -1000 -1000 -10 0.74
96 3 Car -1 -1 -1 588.72 173.91 608.53 190.76 -1 -1 -1 -1000 -1000 -1000 -10 0.74
96 34 Car -1 -1 -1 470.30 171.59 501.20 192.35 -1 -1 -1 -1000 -1000 -1000 -10 0.69
96 35 Car -1 -1 -1 523.55 172.82 542.76 185.46 -1 -1 -1 -1000 -1000 -1000 -10 0.61
96 37 Car -1 -1 -1 181.93 161.08 219.71 179.53 -1 -1 -1 -1000 -1000 -1000 -10 0.48
97 36 Car -1 -1 -1 106.14 166.19 270.90 253.30 -1 -1 -1 -1000 -1000 -1000 -10 0.91
97 32 Car -1 -1 -1 378.75 170.28 438.52 210.66 -1 -1 -1 -1000 -1000 -1000 -10 0.86
97 21 Car -1 -1 -1 646.45 176.70 671.23 195.23 -1 -1 -1 -1000 -1000 -1000 -10 0.77
97 35 Car -1 -1 -1 518.09 174.30 539.77 187.53 -1 -1 -1 -1000 -1000 -1000 -10 0.66
97 3 Car -1 -1 -1 587.20 175.71 607.16 193.15 -1 -1 -1 -1000 -1000 -1000 -10 0.64
97 34 Car -1 -1 -1 454.14 172.89 495.32 195.38 -1 -1 -1 -1000 -1000 -1000 -10 0.63
98 36 Car -1 -1 -1 -1.27 166.29 206.03 284.03 -1 -1 -1 -1000 -1000 -1000 -10 0.95
98 32 Car -1 -1 -1 350.29 173.36 419.72 219.69 -1 -1 -1 -1000 -1000 -1000 -10 0.84
98 34 Car -1 -1 -1 447.45 175.58 485.91 201.23 -1 -1 -1 -1000 -1000 -1000 -10 0.80
98 3 Car -1 -1 -1 586.83 178.04 606.18 195.33 -1 -1 -1 -1000 -1000 -1000 -10 0.73
98 21 Car -1 -1 -1 646.85 179.93 671.47 198.34 -1 -1 -1 -1000 -1000 -1000 -10 0.70
98 35 Car -1 -1 -1 514.55 178.23 536.25 191.13 -1 -1 -1 -1000 -1000 -1000 -10 0.63
99 32 Car -1 -1 -1 313.62 175.10 396.02 227.34 -1 -1 -1 -1000 -1000 -1000 -10 0.91
99 36 Car -1 -1 -1 -1.41 173.31 83.24 322.56 -1 -1 -1 -1000 -1000 -1000 -10 0.82
99 34 Car -1 -1 -1 434.99 176.58 479.18 202.53 -1 -1 -1 -1000 -1000 -1000 -10 0.82
99 35 Car -1 -1 -1 509.21 178.23 533.20 192.95 -1 -1 -1 -1000 -1000 -1000 -10 0.68
99 21 Car -1 -1 -1 647.03 180.53 671.36 199.11 -1 -1 -1 -1000 -1000 -1000 -10 0.67
99 3 Car -1 -1 -1 585.59 180.19 604.79 195.77 -1 -1 -1 -1000 -1000 -1000 -10 0.63
99 38 Car -1 -1 -1 152.50 167.82 186.03 187.59 -1 -1 -1 -1000 -1000 -1000 -10 0.56
100 32 Car -1 -1 -1 265.30 174.62 366.30 234.00 -1 -1 -1 -1000 -1000 -1000 -10 0.90
100 34 Car -1 -1 -1 421.93 175.32 468.94 204.13 -1 -1 -1 -1000 -1000 -1000 -10 0.82
100 21 Car -1 -1 -1 646.82 178.83 671.62 197.86 -1 -1 -1 -1000 -1000 -1000 -10 0.66
100 3 Car -1 -1 -1 585.26 179.33 604.28 194.46 -1 -1 -1 -1000 -1000 -1000 -10 0.65
100 38 Car -1 -1 -1 140.09 166.29 173.80 186.85 -1 -1 -1 -1000 -1000 -1000 -10 0.59
100 35 Car -1 -1 -1 503.27 177.00 527.08 192.87 -1 -1 -1 -1000 -1000 -1000 -10 0.59
101 32 Car -1 -1 -1 194.82 173.03 328.02 244.15 -1 -1 -1 -1000 -1000 -1000 -10 0.88
101 34 Car -1 -1 -1 406.60 173.60 458.25 204.86 -1 -1 -1 -1000 -1000 -1000 -10 0.88
101 35 Car -1 -1 -1 497.90 175.08 521.15 190.77 -1 -1 -1 -1000 -1000 -1000 -10 0.70
101 21 Car -1 -1 -1 647.27 176.82 671.04 194.89 -1 -1 -1 -1000 -1000 -1000 -10 0.67
101 3 Car -1 -1 -1 585.54 177.17 603.37 192.29 -1 -1 -1 -1000 -1000 -1000 -10 0.65
102 32 Car -1 -1 -1 84.38 171.77 276.79 262.98 -1 -1 -1 -1000 -1000 -1000 -10 0.87
102 34 Car -1 -1 -1 385.34 173.05 442.18 208.30 -1 -1 -1 -1000 -1000 -1000 -10 0.85
102 3 Car -1 -1 -1 583.51 176.62 601.65 192.25 -1 -1 -1 -1000 -1000 -1000 -10 0.73
102 21 Car -1 -1 -1 647.78 177.10 670.42 194.49 -1 -1 -1 -1000 -1000 -1000 -10 0.68
102 35 Car -1 -1 -1 492.11 175.28 514.93 190.96 -1 -1 -1 -1000 -1000 -1000 -10 0.60
103 32 Car -1 -1 -1 2.44 175.73 195.16 304.05 -1 -1 -1 -1000 -1000 -1000 -10 0.94
103 34 Car -1 -1 -1 361.34 175.24 427.83 216.43 -1 -1 -1 -1000 -1000 -1000 -10 0.84
103 3 Car -1 -1 -1 581.52 178.19 600.96 194.13 -1 -1 -1 -1000 -1000 -1000 -10 0.76
103 35 Car -1 -1 -1 486.25 177.34 511.42 194.20 -1 -1 -1 -1000 -1000 -1000 -10 0.76
103 21 Car -1 -1 -1 647.67 178.80 672.80 196.98 -1 -1 -1 -1000 -1000 -1000 -10 0.42
104 34 Car -1 -1 -1 331.53 176.49 409.18 223.64 -1 -1 -1 -1000 -1000 -1000 -10 0.89
104 35 Car -1 -1 -1 479.18 179.61 508.58 197.14 -1 -1 -1 -1000 -1000 -1000 -10 0.72
104 21 Car -1 -1 -1 646.86 180.14 671.78 198.90 -1 -1 -1 -1000 -1000 -1000 -10 0.62
104 3 Car -1 -1 -1 579.15 179.93 599.47 196.42 -1 -1 -1 -1000 -1000 -1000 -10 0.59
104 32 Car -1 -1 -1 -4.16 177.89 54.20 348.59 -1 -1 -1 -1000 -1000 -1000 -10 0.51
105 34 Car -1 -1 -1 288.77 176.35 384.44 231.47 -1 -1 -1 -1000 -1000 -1000 -10 0.88
105 35 Car -1 -1 -1 472.18 179.25 502.43 197.90 -1 -1 -1 -1000 -1000 -1000 -10 0.75
105 3 Car -1 -1 -1 579.35 180.42 597.88 196.36 -1 -1 -1 -1000 -1000 -1000 -10 0.75
105 21 Car -1 -1 -1 648.31 180.49 672.40 199.17 -1 -1 -1 -1000 -1000 -1000 -10 0.64
106 34 Car -1 -1 -1 234.20 174.42 353.09 241.38 -1 -1 -1 -1000 -1000 -1000 -10 0.88
106 21 Car -1 -1 -1 648.24 180.26 673.32 198.66 -1 -1 -1 -1000 -1000 -1000 -10 0.75
106 35 Car -1 -1 -1 464.55 179.59 495.84 198.34 -1 -1 -1 -1000 -1000 -1000 -10 0.73
106 3 Car -1 -1 -1 578.25 180.32 598.15 195.86 -1 -1 -1 -1000 -1000 -1000 -10 0.69
106 39 Car -1 -1 -1 492.60 177.89 511.10 191.36 -1 -1 -1 -1000 -1000 -1000 -10 0.51
107 34 Car -1 -1 -1 156.90 173.27 313.31 253.52 -1 -1 -1 -1000 -1000 -1000 -10 0.91
107 21 Car -1 -1 -1 649.12 179.56 674.00 198.43 -1 -1 -1 -1000 -1000 -1000 -10 0.78
107 35 Car -1 -1 -1 456.17 179.03 488.35 198.95 -1 -1 -1 -1000 -1000 -1000 -10 0.74
107 3 Car -1 -1 -1 577.99 179.48 598.18 194.49 -1 -1 -1 -1000 -1000 -1000 -10 0.64
107 39 Car -1 -1 -1 488.93 177.34 507.17 190.82 -1 -1 -1 -1000 -1000 -1000 -10 0.54
107 40 Car -1 -1 -1 23.85 167.38 74.38 194.00 -1 -1 -1 -1000 -1000 -1000 -10 0.42
108 34 Car -1 -1 -1 32.54 173.93 251.87 274.89 -1 -1 -1 -1000 -1000 -1000 -10 0.93
108 21 Car -1 -1 -1 649.38 178.77 675.24 199.06 -1 -1 -1 -1000 -1000 -1000 -10 0.77
108 35 Car -1 -1 -1 447.96 178.36 485.59 201.15 -1 -1 -1 -1000 -1000 -1000 -10 0.75
108 39 Car -1 -1 -1 484.67 176.98 504.71 191.95 -1 -1 -1 -1000 -1000 -1000 -10 0.70
108 3 Car -1 -1 -1 577.93 179.05 597.19 194.81 -1 -1 -1 -1000 -1000 -1000 -10 0.63
108 41 Car -1 -1 -1 640.37 178.29 659.28 193.06 -1 -1 -1 -1000 -1000 -1000 -10 0.46
108 42 Car -1 -1 -1 517.34 179.57 529.38 189.46 -1 -1 -1 -1000 -1000 -1000 -10 0.44
109 34 Car -1 -1 -1 -5.82 177.98 165.83 310.08 -1 -1 -1 -1000 -1000 -1000 -10 0.88
109 35 Car -1 -1 -1 435.59 177.56 476.46 203.65 -1 -1 -1 -1000 -1000 -1000 -10 0.80
109 39 Car -1 -1 -1 479.62 176.53 500.67 192.44 -1 -1 -1 -1000 -1000 -1000 -10 0.69
109 21 Car -1 -1 -1 649.40 179.38 676.36 199.28 -1 -1 -1 -1000 -1000 -1000 -10 0.69
109 3 Car -1 -1 -1 577.53 179.98 596.51 196.19 -1 -1 -1 -1000 -1000 -1000 -10 0.62
109 42 Car -1 -1 -1 515.78 179.53 528.65 190.48 -1 -1 -1 -1000 -1000 -1000 -10 0.61
109 41 Car -1 -1 -1 641.13 179.16 659.98 193.42 -1 -1 -1 -1000 -1000 -1000 -10 0.59
110 35 Car -1 -1 -1 423.30 178.67 466.41 205.59 -1 -1 -1 -1000 -1000 -1000 -10 0.77
110 21 Car -1 -1 -1 651.10 179.61 678.09 199.43 -1 -1 -1 -1000 -1000 -1000 -10 0.76
110 39 Car -1 -1 -1 475.34 175.86 496.83 192.90 -1 -1 -1 -1000 -1000 -1000 -10 0.68
110 41 Car -1 -1 -1 641.68 179.24 660.78 193.50 -1 -1 -1 -1000 -1000 -1000 -10 0.63
110 3 Car -1 -1 -1 577.37 180.44 596.14 195.81 -1 -1 -1 -1000 -1000 -1000 -10 0.58
110 42 Car -1 -1 -1 513.15 179.24 528.32 190.64 -1 -1 -1 -1000 -1000 -1000 -10 0.54
111 35 Car -1 -1 -1 409.53 178.23 457.14 206.37 -1 -1 -1 -1000 -1000 -1000 -10 0.81
111 21 Car -1 -1 -1 653.94 179.99 678.03 198.63 -1 -1 -1 -1000 -1000 -1000 -10 0.79
111 39 Car -1 -1 -1 468.67 175.90 491.62 193.15 -1 -1 -1 -1000 -1000 -1000 -10 0.72
111 42 Car -1 -1 -1 510.60 178.99 525.51 190.74 -1 -1 -1 -1000 -1000 -1000 -10 0.66
111 41 Car -1 -1 -1 642.93 178.53 662.53 193.83 -1 -1 -1 -1000 -1000 -1000 -10 0.63
111 3 Car -1 -1 -1 577.23 180.49 595.92 195.62 -1 -1 -1 -1000 -1000 -1000 -10 0.48
112 35 Car -1 -1 -1 392.05 177.90 447.88 209.79 -1 -1 -1 -1000 -1000 -1000 -10 0.81
112 21 Car -1 -1 -1 653.40 180.15 678.69 199.53 -1 -1 -1 -1000 -1000 -1000 -10 0.78
112 39 Car -1 -1 -1 462.93 176.22 487.23 194.63 -1 -1 -1 -1000 -1000 -1000 -10 0.74
112 41 Car -1 -1 -1 643.49 178.82 662.78 194.71 -1 -1 -1 -1000 -1000 -1000 -10 0.64
112 42 Car -1 -1 -1 507.40 180.36 523.39 191.86 -1 -1 -1 -1000 -1000 -1000 -10 0.60
112 3 Car -1 -1 -1 575.93 179.97 595.23 196.41 -1 -1 -1 -1000 -1000 -1000 -10 0.59
113 35 Car -1 -1 -1 371.75 178.50 432.06 214.15 -1 -1 -1 -1000 -1000 -1000 -10 0.87
113 39 Car -1 -1 -1 454.44 176.40 482.06 195.50 -1 -1 -1 -1000 -1000 -1000 -10 0.78
113 21 Car -1 -1 -1 654.16 180.83 679.03 199.98 -1 -1 -1 -1000 -1000 -1000 -10 0.72
113 3 Car -1 -1 -1 574.98 180.03 594.56 196.15 -1 -1 -1 -1000 -1000 -1000 -10 0.65
113 41 Car -1 -1 -1 644.43 179.19 662.79 194.80 -1 -1 -1 -1000 -1000 -1000 -10 0.61
113 42 Car -1 -1 -1 503.67 180.44 522.70 192.88 -1 -1 -1 -1000 -1000 -1000 -10 0.58
114 35 Car -1 -1 -1 348.07 178.58 415.72 217.12 -1 -1 -1 -1000 -1000 -1000 -10 0.90
114 21 Car -1 -1 -1 654.04 180.40 679.94 200.70 -1 -1 -1 -1000 -1000 -1000 -10 0.67
114 39 Car -1 -1 -1 447.56 175.79 477.51 196.64 -1 -1 -1 -1000 -1000 -1000 -10 0.64
114 3 Car -1 -1 -1 574.42 179.64 594.01 196.35 -1 -1 -1 -1000 -1000 -1000 -10 0.62
114 41 Car -1 -1 -1 644.90 179.25 663.21 194.71 -1 -1 -1 -1000 -1000 -1000 -10 0.61
114 42 Car -1 -1 -1 499.63 180.64 519.40 193.44 -1 -1 -1 -1000 -1000 -1000 -10 0.49
115 35 Car -1 -1 -1 316.63 179.38 395.63 221.81 -1 -1 -1 -1000 -1000 -1000 -10 0.87
115 39 Car -1 -1 -1 437.43 176.24 468.80 196.80 -1 -1 -1 -1000 -1000 -1000 -10 0.73
115 3 Car -1 -1 -1 574.30 178.95 593.13 195.00 -1 -1 -1 -1000 -1000 -1000 -10 0.66
115 41 Car -1 -1 -1 645.32 179.28 662.73 194.33 -1 -1 -1 -1000 -1000 -1000 -10 0.64
115 21 Car -1 -1 -1 654.36 180.28 679.87 200.70 -1 -1 -1 -1000 -1000 -1000 -10 0.60
115 42 Car -1 -1 -1 495.83 180.52 516.63 193.57 -1 -1 -1 -1000 -1000 -1000 -10 0.54
116 35 Car -1 -1 -1 277.07 180.06 371.18 228.08 -1 -1 -1 -1000 -1000 -1000 -10 0.89
116 39 Car -1 -1 -1 425.41 177.52 461.96 198.62 -1 -1 -1 -1000 -1000 -1000 -10 0.71
116 41 Car -1 -1 -1 644.94 179.16 663.32 194.77 -1 -1 -1 -1000 -1000 -1000 -10 0.63
116 3 Car -1 -1 -1 573.27 178.52 592.45 195.48 -1 -1 -1 -1000 -1000 -1000 -10 0.61
116 21 Car -1 -1 -1 654.18 180.17 680.18 201.14 -1 -1 -1 -1000 -1000 -1000 -10 0.59
116 42 Car -1 -1 -1 491.13 181.40 512.37 194.49 -1 -1 -1 -1000 -1000 -1000 -10 0.56
117 35 Car -1 -1 -1 228.22 181.37 342.53 236.54 -1 -1 -1 -1000 -1000 -1000 -10 0.88
117 39 Car -1 -1 -1 414.27 177.22 451.94 200.34 -1 -1 -1 -1000 -1000 -1000 -10 0.80
117 42 Car -1 -1 -1 485.98 182.45 509.77 195.78 -1 -1 -1 -1000 -1000 -1000 -10 0.71
117 3 Car -1 -1 -1 571.99 180.20 590.46 196.40 -1 -1 -1 -1000 -1000 -1000 -10 0.69
117 41 Car -1 -1 -1 644.68 180.21 663.09 196.05 -1 -1 -1 -1000 -1000 -1000 -10 0.60
117 21 Car -1 -1 -1 655.30 181.95 680.79 201.83 -1 -1 -1 -1000 -1000 -1000 -10 0.51
118 35 Car -1 -1 -1 156.07 180.85 305.31 246.44 -1 -1 -1 -1000 -1000 -1000 -10 0.88
118 39 Car -1 -1 -1 401.36 177.02 441.48 202.57 -1 -1 -1 -1000 -1000 -1000 -10 0.82
118 41 Car -1 -1 -1 644.60 181.52 663.36 195.96 -1 -1 -1 -1000 -1000 -1000 -10 0.72
118 3 Car -1 -1 -1 571.93 180.14 590.28 196.32 -1 -1 -1 -1000 -1000 -1000 -10 0.70
118 21 Car -1 -1 -1 654.57 182.24 681.63 202.63 -1 -1 -1 -1000 -1000 -1000 -10 0.62
118 42 Car -1 -1 -1 482.67 183.58 504.58 197.03 -1 -1 -1 -1000 -1000 -1000 -10 0.57
119 35 Car -1 -1 -1 58.28 180.50 254.88 259.58 -1 -1 -1 -1000 -1000 -1000 -10 0.90
119 39 Car -1 -1 -1 386.00 175.53 431.26 202.68 -1 -1 -1 -1000 -1000 -1000 -10 0.82
119 42 Car -1 -1 -1 476.55 182.42 499.15 196.26 -1 -1 -1 -1000 -1000 -1000 -10 0.72
119 3 Car -1 -1 -1 570.68 178.78 589.81 194.95 -1 -1 -1 -1000 -1000 -1000 -10 0.67
119 41 Car -1 -1 -1 644.67 180.78 662.61 195.25 -1 -1 -1 -1000 -1000 -1000 -10 0.65
119 21 Car -1 -1 -1 654.82 181.03 681.67 202.49 -1 -1 -1 -1000 -1000 -1000 -10 0.58
120 35 Car -1 -1 -1 0.94 181.44 180.30 283.28 -1 -1 -1 -1000 -1000 -1000 -10 0.95
120 39 Car -1 -1 -1 367.15 173.76 415.30 203.57 -1 -1 -1 -1000 -1000 -1000 -10 0.75
120 21 Car -1 -1 -1 654.64 179.74 682.78 201.55 -1 -1 -1 -1000 -1000 -1000 -10 0.72
120 41 Car -1 -1 -1 644.39 179.06 663.23 194.48 -1 -1 -1 -1000 -1000 -1000 -10 0.72
120 3 Car -1 -1 -1 569.30 178.13 589.19 194.17 -1 -1 -1 -1000 -1000 -1000 -10 0.70
120 42 Car -1 -1 -1 468.22 181.07 495.56 196.26 -1 -1 -1 -1000 -1000 -1000 -10 0.61
120 43 Car -1 -1 -1 846.14 175.39 879.72 193.98 -1 -1 -1 -1000 -1000 -1000 -10 0.47
121 39 Car -1 -1 -1 347.60 173.86 399.89 203.96 -1 -1 -1 -1000 -1000 -1000 -10 0.87
121 35 Car -1 -1 -1 0.23 175.36 65.72 297.52 -1 -1 -1 -1000 -1000 -1000 -10 0.77
121 21 Car -1 -1 -1 655.20 179.42 683.24 201.07 -1 -1 -1 -1000 -1000 -1000 -10 0.76
121 41 Car -1 -1 -1 644.31 177.79 663.36 193.92 -1 -1 -1 -1000 -1000 -1000 -10 0.76
121 42 Car -1 -1 -1 461.09 180.16 489.50 196.30 -1 -1 -1 -1000 -1000 -1000 -10 0.69
121 43 Car -1 -1 -1 854.66 175.05 886.84 195.46 -1 -1 -1 -1000 -1000 -1000 -10 0.69
121 3 Car -1 -1 -1 569.64 177.31 588.28 193.03 -1 -1 -1 -1000 -1000 -1000 -10 0.67
122 39 Car -1 -1 -1 322.64 171.92 382.08 206.57 -1 -1 -1 -1000 -1000 -1000 -10 0.81
122 21 Car -1 -1 -1 655.26 179.53 684.03 201.68 -1 -1 -1 -1000 -1000 -1000 -10 0.75
122 41 Car -1 -1 -1 644.35 177.83 664.47 194.08 -1 -1 -1 -1000 -1000 -1000 -10 0.74
122 42 Car -1 -1 -1 453.37 180.12 483.73 196.52 -1 -1 -1 -1000 -1000 -1000 -10 0.65
122 3 Car -1 -1 -1 567.87 176.69 587.66 193.78 -1 -1 -1 -1000 -1000 -1000 -10 0.62
122 43 Car -1 -1 -1 859.09 175.05 898.08 196.12 -1 -1 -1 -1000 -1000 -1000 -10 0.58
123 39 Car -1 -1 -1 295.76 171.02 361.35 208.74 -1 -1 -1 -1000 -1000 -1000 -10 0.85
123 21 Car -1 -1 -1 656.63 179.39 684.45 201.34 -1 -1 -1 -1000 -1000 -1000 -10 0.74
123 3 Car -1 -1 -1 567.69 176.88 587.39 193.53 -1 -1 -1 -1000 -1000 -1000 -10 0.72
123 42 Car -1 -1 -1 446.56 179.83 478.91 197.41 -1 -1 -1 -1000 -1000 -1000 -10 0.71
123 43 Car -1 -1 -1 866.74 175.33 907.14 197.69 -1 -1 -1 -1000 -1000 -1000 -10 0.66
123 41 Car -1 -1 -1 644.92 178.34 665.75 193.84 -1 -1 -1 -1000 -1000 -1000 -10 0.63
123 44 Car -1 -1 -1 830.93 176.81 873.01 194.97 -1 -1 -1 -1000 -1000 -1000 -10 0.44
124 39 Car -1 -1 -1 260.38 169.53 335.26 210.47 -1 -1 -1 -1000 -1000 -1000 -10 0.82
124 41 Car -1 -1 -1 646.73 177.03 668.31 193.88 -1 -1 -1 -1000 -1000 -1000 -10 0.77
124 42 Car -1 -1 -1 437.51 179.29 472.76 198.10 -1 -1 -1 -1000 -1000 -1000 -10 0.76
124 21 Car -1 -1 -1 657.84 178.68 686.79 200.21 -1 -1 -1 -1000 -1000 -1000 -10 0.71
124 43 Car -1 -1 -1 878.11 174.96 920.00 196.81 -1 -1 -1 -1000 -1000 -1000 -10 0.66
124 3 Car -1 -1 -1 568.83 176.55 588.73 192.62 -1 -1 -1 -1000 -1000 -1000 -10 0.57
124 44 Car -1 -1 -1 841.71 174.81 884.68 195.15 -1 -1 -1 -1000 -1000 -1000 -10 0.54
125 39 Car -1 -1 -1 217.67 166.01 307.43 214.22 -1 -1 -1 -1000 -1000 -1000 -10 0.86
125 21 Car -1 -1 -1 659.44 177.95 687.90 199.39 -1 -1 -1 -1000 -1000 -1000 -10 0.77
125 42 Car -1 -1 -1 429.77 179.13 465.35 197.87 -1 -1 -1 -1000 -1000 -1000 -10 0.74
125 41 Car -1 -1 -1 648.75 176.94 666.89 192.02 -1 -1 -1 -1000 -1000 -1000 -10 0.70
125 43 Car -1 -1 -1 886.44 173.83 934.05 196.47 -1 -1 -1 -1000 -1000 -1000 -10 0.59
125 44 Car -1 -1 -1 847.20 173.95 895.11 195.15 -1 -1 -1 -1000 -1000 -1000 -10 0.56
125 3 Car -1 -1 -1 568.96 175.11 588.53 191.32 -1 -1 -1 -1000 -1000 -1000 -10 0.45
126 39 Car -1 -1 -1 159.62 166.07 272.00 218.55 -1 -1 -1 -1000 -1000 -1000 -10 0.86
126 3 Car -1 -1 -1 569.30 174.81 589.29 190.67 -1 -1 -1 -1000 -1000 -1000 -10 0.70
126 42 Car -1 -1 -1 419.15 177.79 456.37 198.37 -1 -1 -1 -1000 -1000 -1000 -10 0.61
126 43 Car -1 -1 -1 900.14 173.44 944.25 195.51 -1 -1 -1 -1000 -1000 -1000 -10 0.57
126 21 Car -1 -1 -1 660.26 176.87 689.60 199.26 -1 -1 -1 -1000 -1000 -1000 -10 0.54
126 44 Car -1 -1 -1 852.36 173.15 906.09 195.92 -1 -1 -1 -1000 -1000 -1000 -10 0.50
126 41 Car -1 -1 -1 648.80 176.23 669.62 191.85 -1 -1 -1 -1000 -1000 -1000 -10 0.48
127 39 Car -1 -1 -1 82.21 161.81 225.16 225.61 -1 -1 -1 -1000 -1000 -1000 -10 0.91
127 3 Car -1 -1 -1 569.44 174.74 589.21 190.34 -1 -1 -1 -1000 -1000 -1000 -10 0.72
127 42 Car -1 -1 -1 406.22 177.60 449.70 198.60 -1 -1 -1 -1000 -1000 -1000 -10 0.72
127 21 Car -1 -1 -1 661.71 176.08 692.12 199.69 -1 -1 -1 -1000 -1000 -1000 -10 0.62
127 41 Car -1 -1 -1 650.75 175.02 670.72 191.38 -1 -1 -1 -1000 -1000 -1000 -10 0.54
127 43 Car -1 -1 -1 902.24 172.71 957.25 196.41 -1 -1 -1 -1000 -1000 -1000 -10 0.48
127 44 Car -1 -1 -1 857.14 171.10 916.28 194.83 -1 -1 -1 -1000 -1000 -1000 -10 0.46
128 39 Car -1 -1 -1 1.57 157.97 163.86 237.44 -1 -1 -1 -1000 -1000 -1000 -10 0.94
128 42 Car -1 -1 -1 395.68 179.17 437.77 201.34 -1 -1 -1 -1000 -1000 -1000 -10 0.83
128 3 Car -1 -1 -1 570.70 174.53 589.78 190.79 -1 -1 -1 -1000 -1000 -1000 -10 0.75
128 21 Car -1 -1 -1 663.46 177.07 693.26 200.03 -1 -1 -1 -1000 -1000 -1000 -10 0.70
128 41 Car -1 -1 -1 652.07 176.28 671.19 192.20 -1 -1 -1 -1000 -1000 -1000 -10 0.67
128 43 Car -1 -1 -1 911.83 173.22 971.79 197.16 -1 -1 -1 -1000 -1000 -1000 -10 0.62
128 44 Car -1 -1 -1 871.48 172.80 925.83 195.95 -1 -1 -1 -1000 -1000 -1000 -10 0.46
129 39 Car -1 -1 -1 0.94 153.05 72.95 248.46 -1 -1 -1 -1000 -1000 -1000 -10 0.81
129 42 Car -1 -1 -1 381.31 180.24 427.60 204.81 -1 -1 -1 -1000 -1000 -1000 -10 0.78
129 21 Car -1 -1 -1 665.46 177.79 696.87 201.33 -1 -1 -1 -1000 -1000 -1000 -10 0.78
129 3 Car -1 -1 -1 570.99 174.89 590.72 191.22 -1 -1 -1 -1000 -1000 -1000 -10 0.66
129 41 Car -1 -1 -1 653.24 175.84 675.38 193.62 -1 -1 -1 -1000 -1000 -1000 -10 0.64
129 44 Car -1 -1 -1 881.92 172.42 938.44 196.87 -1 -1 -1 -1000 -1000 -1000 -10 0.47
129 43 Car -1 -1 -1 926.36 172.81 986.53 199.31 -1 -1 -1 -1000 -1000 -1000 -10 0.42
130 42 Car -1 -1 -1 362.71 180.67 414.98 205.58 -1 -1 -1 -1000 -1000 -1000 -10 0.77
130 41 Car -1 -1 -1 655.68 176.95 674.86 193.00 -1 -1 -1 -1000 -1000 -1000 -10 0.73
130 21 Car -1 -1 -1 667.97 178.01 697.01 200.30 -1 -1 -1 -1000 -1000 -1000 -10 0.60
130 44 Car -1 -1 -1 897.02 172.52 954.04 197.59 -1 -1 -1 -1000 -1000 -1000 -10 0.59
130 3 Car -1 -1 -1 571.08 174.74 591.47 191.53 -1 -1 -1 -1000 -1000 -1000 -10 0.58
130 43 Car -1 -1 -1 933.15 172.26 1010.38 204.22 -1 -1 -1 -1000 -1000 -1000 -10 0.58
131 42 Car -1 -1 -1 343.70 180.46 398.61 207.52 -1 -1 -1 -1000 -1000 -1000 -10 0.84
131 21 Car -1 -1 -1 669.05 177.26 700.67 201.19 -1 -1 -1 -1000 -1000 -1000 -10 0.78
131 41 Car -1 -1 -1 656.55 176.86 676.39 193.18 -1 -1 -1 -1000 -1000 -1000 -10 0.71
131 43 Car -1 -1 -1 954.24 172.36 1029.78 205.39 -1 -1 -1 -1000 -1000 -1000 -10 0.63
131 44 Car -1 -1 -1 913.50 174.55 969.45 198.60 -1 -1 -1 -1000 -1000 -1000 -10 0.59
131 3 Car -1 -1 -1 573.11 174.76 592.25 191.46 -1 -1 -1 -1000 -1000 -1000 -10 0.56
132 42 Car -1 -1 -1 318.22 180.74 381.94 211.05 -1 -1 -1 -1000 -1000 -1000 -10 0.75
132 21 Car -1 -1 -1 672.40 177.37 703.44 201.21 -1 -1 -1 -1000 -1000 -1000 -10 0.74
132 41 Car -1 -1 -1 657.59 176.64 679.07 193.81 -1 -1 -1 -1000 -1000 -1000 -10 0.71
132 44 Car -1 -1 -1 929.56 174.56 992.09 202.37 -1 -1 -1 -1000 -1000 -1000 -10 0.67
132 3 Car -1 -1 -1 573.69 176.15 592.77 192.26 -1 -1 -1 -1000 -1000 -1000 -10 0.64
132 43 Car -1 -1 -1 973.58 171.55 1048.29 207.00 -1 -1 -1 -1000 -1000 -1000 -10 0.50
133 42 Car -1 -1 -1 288.12 180.57 361.80 214.15 -1 -1 -1 -1000 -1000 -1000 -10 0.84
133 21 Car -1 -1 -1 676.19 177.22 707.07 201.15 -1 -1 -1 -1000 -1000 -1000 -10 0.71
133 44 Car -1 -1 -1 944.40 173.27 1015.69 203.24 -1 -1 -1 -1000 -1000 -1000 -10 0.68
133 41 Car -1 -1 -1 660.70 176.82 680.63 193.12 -1 -1 -1 -1000 -1000 -1000 -10 0.60
133 43 Car -1 -1 -1 1003.79 171.80 1087.62 208.03 -1 -1 -1 -1000 -1000 -1000 -10 0.60
133 3 Car -1 -1 -1 575.63 176.06 595.28 192.16 -1 -1 -1 -1000 -1000 -1000 -10 0.54
133 45 Car -1 -1 -1 832.25 169.90 864.19 184.92 -1 -1 -1 -1000 -1000 -1000 -10 0.49
134 42 Car -1 -1 -1 253.40 182.17 338.87 217.82 -1 -1 -1 -1000 -1000 -1000 -10 0.84
134 43 Car -1 -1 -1 1027.14 169.91 1111.14 206.45 -1 -1 -1 -1000 -1000 -1000 -10 0.76
134 3 Car -1 -1 -1 578.20 174.99 598.07 190.87 -1 -1 -1 -1000 -1000 -1000 -10 0.69
134 21 Car -1 -1 -1 679.68 176.28 711.23 200.26 -1 -1 -1 -1000 -1000 -1000 -10 0.66
134 41 Car -1 -1 -1 663.96 176.30 683.22 192.26 -1 -1 -1 -1000 -1000 -1000 -10 0.66
134 44 Car -1 -1 -1 964.71 172.17 1035.10 201.17 -1 -1 -1 -1000 -1000 -1000 -10 0.66
134 45 Car -1 -1 -1 842.07 167.91 869.63 184.96 -1 -1 -1 -1000 -1000 -1000 -10 0.64
135 42 Car -1 -1 -1 209.37 180.56 308.47 223.22 -1 -1 -1 -1000 -1000 -1000 -10 0.82
135 3 Car -1 -1 -1 581.06 174.38 601.06 189.69 -1 -1 -1 -1000 -1000 -1000 -10 0.73
135 44 Car -1 -1 -1 986.98 171.25 1058.70 200.67 -1 -1 -1 -1000 -1000 -1000 -10 0.68
135 43 Car -1 -1 -1 1054.07 167.86 1138.86 205.31 -1 -1 -1 -1000 -1000 -1000 -10 0.67
135 41 Car -1 -1 -1 667.19 175.26 688.85 190.63 -1 -1 -1 -1000 -1000 -1000 -10 0.61
135 21 Car -1 -1 -1 683.70 175.96 715.23 199.88 -1 -1 -1 -1000 -1000 -1000 -10 0.55
135 45 Car -1 -1 -1 851.10 166.70 881.79 183.89 -1 -1 -1 -1000 -1000 -1000 -10 0.45
135 46 Car -1 -1 -1 1097.02 166.91 1196.42 205.32 -1 -1 -1 -1000 -1000 -1000 -10 0.63
135 47 Car -1 -1 -1 731.77 173.07 761.42 191.62 -1 -1 -1 -1000 -1000 -1000 -10 0.41
136 42 Car -1 -1 -1 150.94 181.29 272.49 229.76 -1 -1 -1 -1000 -1000 -1000 -10 0.88
136 46 Car -1 -1 -1 1138.58 166.12 1232.99 204.95 -1 -1 -1 -1000 -1000 -1000 -10 0.78
136 43 Car -1 -1 -1 1084.23 167.25 1177.48 206.06 -1 -1 -1 -1000 -1000 -1000 -10 0.71
136 44 Car -1 -1 -1 1013.56 170.27 1094.15 203.49 -1 -1 -1 -1000 -1000 -1000 -10 0.68
136 3 Car -1 -1 -1 585.20 175.19 604.32 189.58 -1 -1 -1 -1000 -1000 -1000 -10 0.67
136 21 Car -1 -1 -1 688.14 175.48 720.72 200.43 -1 -1 -1 -1000 -1000 -1000 -10 0.66
136 41 Car -1 -1 -1 670.89 175.44 691.47 190.81 -1 -1 -1 -1000 -1000 -1000 -10 0.56
136 45 Car -1 -1 -1 863.10 166.76 893.49 183.57 -1 -1 -1 -1000 -1000 -1000 -10 0.54
136 47 Car -1 -1 -1 737.43 173.05 772.55 192.42 -1 -1 -1 -1000 -1000 -1000 -10 0.43
136 48 Car -1 -1 -1 546.13 172.79 566.91 184.09 -1 -1 -1 -1000 -1000 -1000 -10 0.42
137 42 Car -1 -1 -1 74.78 179.12 230.74 239.62 -1 -1 -1 -1000 -1000 -1000 -10 0.87
137 44 Car -1 -1 -1 1039.32 170.00 1137.00 209.06 -1 -1 -1 -1000 -1000 -1000 -10 0.78
137 43 Car -1 -1 -1 1108.27 166.94 1225.28 210.26 -1 -1 -1 -1000 -1000 -1000 -10 0.76
137 21 Car -1 -1 -1 692.42 176.04 726.38 201.07 -1 -1 -1 -1000 -1000 -1000 -10 0.71
137 46 Car -1 -1 -1 1163.58 164.61 1239.11 208.55 -1 -1 -1 -1000 -1000 -1000 -10 0.66
137 3 Car -1 -1 -1 589.33 175.49 607.41 190.27 -1 -1 -1 -1000 -1000 -1000 -10 0.58
137 41 Car -1 -1 -1 677.73 176.10 697.65 192.11 -1 -1 -1 -1000 -1000 -1000 -10 0.58
137 45 Car -1 -1 -1 871.46 166.40 902.44 184.51 -1 -1 -1 -1000 -1000 -1000 -10 0.53
137 48 Car -1 -1 -1 546.52 173.47 568.84 184.76 -1 -1 -1 -1000 -1000 -1000 -10 0.48
138 42 Car -1 -1 -1 1.93 182.20 165.59 252.60 -1 -1 -1 -1000 -1000 -1000 -10 0.94
138 21 Car -1 -1 -1 699.72 177.29 732.81 202.71 -1 -1 -1 -1000 -1000 -1000 -10 0.82
138 44 Car -1 -1 -1 1075.71 172.00 1178.30 213.27 -1 -1 -1 -1000 -1000 -1000 -10 0.74
138 43 Car -1 -1 -1 1149.51 168.46 1238.47 212.18 -1 -1 -1 -1000 -1000 -1000 -10 0.70
138 41 Car -1 -1 -1 681.67 176.90 703.10 193.46 -1 -1 -1 -1000 -1000 -1000 -10 0.66
138 3 Car -1 -1 -1 593.88 177.32 610.91 191.41 -1 -1 -1 -1000 -1000 -1000 -10 0.60
138 48 Car -1 -1 -1 546.92 175.20 565.83 186.18 -1 -1 -1 -1000 -1000 -1000 -10 0.58
138 45 Car -1 -1 -1 883.23 168.45 913.78 186.17 -1 -1 -1 -1000 -1000 -1000 -10 0.48
138 49 Car -1 -1 -1 912.76 170.44 936.69 186.12 -1 -1 -1 -1000 -1000 -1000 -10 0.42
139 42 Car -1 -1 -1 1.12 186.82 80.66 263.27 -1 -1 -1 -1000 -1000 -1000 -10 0.88
139 21 Car -1 -1 -1 704.94 179.18 740.44 205.49 -1 -1 -1 -1000 -1000 -1000 -10 0.71
139 44 Car -1 -1 -1 1109.73 173.76 1230.42 214.73 -1 -1 -1 -1000 -1000 -1000 -10 0.71
139 3 Car -1 -1 -1 596.74 178.37 616.57 193.78 -1 -1 -1 -1000 -1000 -1000 -10 0.67
139 45 Car -1 -1 -1 895.62 170.99 923.94 190.14 -1 -1 -1 -1000 -1000 -1000 -10 0.64
139 41 Car -1 -1 -1 686.10 179.01 707.69 196.73 -1 -1 -1 -1000 -1000 -1000 -10 0.59
139 49 Car -1 -1 -1 925.64 172.93 946.96 189.51 -1 -1 -1 -1000 -1000 -1000 -10 0.57
139 48 Car -1 -1 -1 546.76 176.75 568.34 187.95 -1 -1 -1 -1000 -1000 -1000 -10 0.50
139 43 Car -1 -1 -1 1172.46 173.74 1238.09 212.72 -1 -1 -1 -1000 -1000 -1000 -10 0.43
140 3 Car -1 -1 -1 601.43 181.19 620.34 195.88 -1 -1 -1 -1000 -1000 -1000 -10 0.70
140 21 Car -1 -1 -1 709.98 180.80 746.86 208.88 -1 -1 -1 -1000 -1000 -1000 -10 0.69
140 44 Car -1 -1 -1 1146.94 173.85 1239.44 221.25 -1 -1 -1 -1000 -1000 -1000 -10 0.63
140 49 Car -1 -1 -1 936.60 176.26 960.64 193.49 -1 -1 -1 -1000 -1000 -1000 -10 0.61
140 41 Car -1 -1 -1 693.38 182.07 712.91 198.38 -1 -1 -1 -1000 -1000 -1000 -10 0.56
140 48 Car -1 -1 -1 547.17 178.45 565.96 190.50 -1 -1 -1 -1000 -1000 -1000 -10 0.50
141 21 Car -1 -1 -1 717.00 182.16 753.12 209.26 -1 -1 -1 -1000 -1000 -1000 -10 0.67
141 3 Car -1 -1 -1 605.80 180.78 624.07 195.80 -1 -1 -1 -1000 -1000 -1000 -10 0.66
141 41 Car -1 -1 -1 697.57 182.33 717.50 197.90 -1 -1 -1 -1000 -1000 -1000 -10 0.64
141 44 Car -1 -1 -1 1188.77 173.92 1237.61 220.66 -1 -1 -1 -1000 -1000 -1000 -10 0.53
141 49 Car -1 -1 -1 949.22 176.93 973.28 194.73 -1 -1 -1 -1000 -1000 -1000 -10 0.52
141 48 Car -1 -1 -1 542.69 178.00 564.86 190.61 -1 -1 -1 -1000 -1000 -1000 -10 0.49
141 50 Car -1 -1 -1 918.78 175.25 947.75 195.22 -1 -1 -1 -1000 -1000 -1000 -10 0.46
142 21 Car -1 -1 -1 724.68 178.62 760.16 206.48 -1 -1 -1 -1000 -1000 -1000 -10 0.76
142 3 Car -1 -1 -1 609.84 177.44 627.88 191.80 -1 -1 -1 -1000 -1000 -1000 -10 0.69
142 48 Car -1 -1 -1 541.38 174.25 564.89 186.46 -1 -1 -1 -1000 -1000 -1000 -10 0.61
142 50 Car -1 -1 -1 933.35 171.15 963.60 194.04 -1 -1 -1 -1000 -1000 -1000 -10 0.58
142 41 Car -1 -1 -1 701.52 180.20 722.41 195.72 -1 -1 -1 -1000 -1000 -1000 -10 0.55
142 51 Car -1 -1 -1 1008.78 175.85 1051.52 195.51 -1 -1 -1 -1000 -1000 -1000 -10 0.66
143 21 Car -1 -1 -1 727.53 174.24 767.06 202.63 -1 -1 -1 -1000 -1000 -1000 -10 0.82
143 3 Car -1 -1 -1 614.69 173.35 631.86 187.79 -1 -1 -1 -1000 -1000 -1000 -10 0.66
143 51 Car -1 -1 -1 1021.06 170.63 1071.01 192.27 -1 -1 -1 -1000 -1000 -1000 -10 0.65
143 50 Car -1 -1 -1 943.81 166.83 978.81 190.19 -1 -1 -1 -1000 -1000 -1000 -10 0.58
143 41 Car -1 -1 -1 706.24 174.61 727.81 191.33 -1 -1 -1 -1000 -1000 -1000 -10 0.56
143 48 Car -1 -1 -1 540.81 170.73 563.97 182.29 -1 -1 -1 -1000 -1000 -1000 -10 0.52
143 52 Car -1 -1 -1 1075.73 168.65 1125.27 195.94 -1 -1 -1 -1000 -1000 -1000 -10 0.63
144 21 Car -1 -1 -1 735.05 174.53 774.08 203.52 -1 -1 -1 -1000 -1000 -1000 -10 0.84
144 52 Car -1 -1 -1 1098.15 168.18 1148.53 196.26 -1 -1 -1 -1000 -1000 -1000 -10 0.74
144 3 Car -1 -1 -1 616.76 173.71 634.82 188.22 -1 -1 -1 -1000 -1000 -1000 -10 0.72
144 50 Car -1 -1 -1 958.24 165.48 992.91 189.93 -1 -1 -1 -1000 -1000 -1000 -10 0.70
144 48 Car -1 -1 -1 536.54 170.10 560.22 183.79 -1 -1 -1 -1000 -1000 -1000 -10 0.62
144 41 Car -1 -1 -1 711.88 174.53 733.56 191.66 -1 -1 -1 -1000 -1000 -1000 -10 0.57
144 51 Car -1 -1 -1 1044.52 170.77 1084.64 190.95 -1 -1 -1 -1000 -1000 -1000 -10 0.55
144 53 Car -1 -1 -1 662.11 172.57 677.84 182.55 -1 -1 -1 -1000 -1000 -1000 -10 0.43
145 52 Car -1 -1 -1 1116.91 167.85 1170.32 196.84 -1 -1 -1 -1000 -1000 -1000 -10 0.72
145 21 Car -1 -1 -1 742.50 177.09 781.70 206.66 -1 -1 -1 -1000 -1000 -1000 -10 0.71
145 50 Car -1 -1 -1 972.25 166.62 1010.96 191.16 -1 -1 -1 -1000 -1000 -1000 -10 0.65
145 41 Car -1 -1 -1 715.64 177.34 737.70 195.41 -1 -1 -1 -1000 -1000 -1000 -10 0.65
145 3 Car -1 -1 -1 621.20 176.75 638.43 191.81 -1 -1 -1 -1000 -1000 -1000 -10 0.62
145 51 Car -1 -1 -1 1056.01 170.79 1105.62 192.59 -1 -1 -1 -1000 -1000 -1000 -10 0.62
145 48 Car -1 -1 -1 528.14 173.97 560.87 186.58 -1 -1 -1 -1000 -1000 -1000 -10 0.62
145 53 Car -1 -1 -1 669.56 176.63 686.06 185.59 -1 -1 -1 -1000 -1000 -1000 -10 0.57
146 21 Car -1 -1 -1 746.49 179.05 789.08 209.32 -1 -1 -1 -1000 -1000 -1000 -10 0.73
146 41 Car -1 -1 -1 720.69 179.92 744.01 197.64 -1 -1 -1 -1000 -1000 -1000 -10 0.71
146 53 Car -1 -1 -1 677.66 176.22 706.76 189.25 -1 -1 -1 -1000 -1000 -1000 -10 0.69
146 3 Car -1 -1 -1 624.13 178.51 643.10 194.84 -1 -1 -1 -1000 -1000 -1000 -10 0.66
146 52 Car -1 -1 -1 1143.16 170.47 1197.41 198.77 -1 -1 -1 -1000 -1000 -1000 -10 0.62
146 51 Car -1 -1 -1 1069.08 170.78 1124.34 193.82 -1 -1 -1 -1000 -1000 -1000 -10 0.51
146 50 Car -1 -1 -1 984.34 169.77 1023.03 192.03 -1 -1 -1 -1000 -1000 -1000 -10 0.49
146 48 Car -1 -1 -1 529.20 176.73 555.89 189.74 -1 -1 -1 -1000 -1000 -1000 -10 0.46
147 21 Car -1 -1 -1 752.33 177.91 796.69 208.59 -1 -1 -1 -1000 -1000 -1000 -10 0.83
147 52 Car -1 -1 -1 1169.90 169.05 1224.39 196.48 -1 -1 -1 -1000 -1000 -1000 -10 0.68
147 3 Car -1 -1 -1 627.98 177.57 646.81 193.98 -1 -1 -1 -1000 -1000 -1000 -10 0.65
147 53 Car -1 -1 -1 685.72 175.81 713.47 188.09 -1 -1 -1 -1000 -1000 -1000 -10 0.60
147 41 Car -1 -1 -1 722.39 178.59 750.29 197.76 -1 -1 -1 -1000 -1000 -1000 -10 0.59
147 51 Car -1 -1 -1 1083.57 169.86 1133.18 193.19 -1 -1 -1 -1000 -1000 -1000 -10 0.54
147 50 Car -1 -1 -1 1004.11 168.27 1056.80 192.62 -1 -1 -1 -1000 -1000 -1000 -10 0.51
147 48 Car -1 -1 -1 521.10 176.14 553.19 189.22 -1 -1 -1 -1000 -1000 -1000 -10 0.47
148 21 Car -1 -1 -1 758.93 177.52 803.64 209.26 -1 -1 -1 -1000 -1000 -1000 -10 0.81
148 52 Car -1 -1 -1 1196.50 167.40 1238.00 198.44 -1 -1 -1 -1000 -1000 -1000 -10 0.79
148 50 Car -1 -1 -1 1021.26 167.62 1079.42 193.41 -1 -1 -1 -1000 -1000 -1000 -10 0.72
148 3 Car -1 -1 -1 630.26 176.94 648.41 193.47 -1 -1 -1 -1000 -1000 -1000 -10 0.71
148 48 Car -1 -1 -1 518.67 176.40 548.13 189.08 -1 -1 -1 -1000 -1000 -1000 -10 0.65
148 53 Car -1 -1 -1 693.67 175.94 717.26 187.01 -1 -1 -1 -1000 -1000 -1000 -10 0.60
148 51 Car -1 -1 -1 1099.01 170.18 1148.74 193.81 -1 -1 -1 -1000 -1000 -1000 -10 0.58
148 41 Car -1 -1 -1 727.53 178.63 754.25 197.51 -1 -1 -1 -1000 -1000 -1000 -10 0.53
149 21 Car -1 -1 -1 762.49 177.95 810.53 209.32 -1 -1 -1 -1000 -1000 -1000 -10 0.87
149 50 Car -1 -1 -1 1038.43 167.58 1092.73 194.18 -1 -1 -1 -1000 -1000 -1000 -10 0.77
149 41 Car -1 -1 -1 730.09 179.10 757.94 197.42 -1 -1 -1 -1000 -1000 -1000 -10 0.69
149 52 Car -1 -1 -1 1219.51 168.18 1238.28 202.48 -1 -1 -1 -1000 -1000 -1000 -10 0.68
149 48 Car -1 -1 -1 511.80 175.14 541.60 187.82 -1 -1 -1 -1000 -1000 -1000 -10 0.67
149 53 Car -1 -1 -1 701.07 175.44 729.84 186.74 -1 -1 -1 -1000 -1000 -1000 -10 0.66
149 51 Car -1 -1 -1 1109.01 170.85 1170.81 194.08 -1 -1 -1 -1000 -1000 -1000 -10 0.66
149 3 Car -1 -1 -1 631.58 176.58 650.45 192.53 -1 -1 -1 -1000 -1000 -1000 -10 0.60
150 21 Car -1 -1 -1 766.73 177.75 815.26 209.63 -1 -1 -1 -1000 -1000 -1000 -10 0.83
150 41 Car -1 -1 -1 732.70 178.48 762.32 197.89 -1 -1 -1 -1000 -1000 -1000 -10 0.73
150 53 Car -1 -1 -1 709.54 174.98 736.64 187.09 -1 -1 -1 -1000 -1000 -1000 -10 0.66
150 3 Car -1 -1 -1 632.03 176.06 651.18 192.47 -1 -1 -1 -1000 -1000 -1000 -10 0.66
150 50 Car -1 -1 -1 1056.61 168.71 1114.31 195.06 -1 -1 -1 -1000 -1000 -1000 -10 0.61
150 48 Car -1 -1 -1 502.00 174.29 536.34 186.99 -1 -1 -1 -1000 -1000 -1000 -10 0.61
150 51 Car -1 -1 -1 1129.38 171.31 1187.82 194.66 -1 -1 -1 -1000 -1000 -1000 -10 0.45
151 21 Car -1 -1 -1 768.56 177.72 820.58 211.39 -1 -1 -1 -1000 -1000 -1000 -10 0.84
151 41 Car -1 -1 -1 733.83 178.93 765.74 198.66 -1 -1 -1 -1000 -1000 -1000 -10 0.72
151 3 Car -1 -1 -1 632.10 176.35 650.83 192.69 -1 -1 -1 -1000 -1000 -1000 -10 0.70
151 48 Car -1 -1 -1 494.57 174.62 528.23 187.43 -1 -1 -1 -1000 -1000 -1000 -10 0.62
151 53 Car -1 -1 -1 714.88 176.07 740.13 187.28 -1 -1 -1 -1000 -1000 -1000 -10 0.62
151 50 Car -1 -1 -1 1067.36 167.35 1125.54 197.16 -1 -1 -1 -1000 -1000 -1000 -10 0.58
152 21 Car -1 -1 -1 771.77 179.72 823.75 212.03 -1 -1 -1 -1000 -1000 -1000 -10 0.84
152 41 Car -1 -1 -1 735.13 179.60 765.03 201.15 -1 -1 -1 -1000 -1000 -1000 -10 0.77
152 50 Car -1 -1 -1 1074.73 168.18 1155.95 197.40 -1 -1 -1 -1000 -1000 -1000 -10 0.73
152 3 Car -1 -1 -1 631.12 177.04 651.35 194.03 -1 -1 -1 -1000 -1000 -1000 -10 0.70
152 48 Car -1 -1 -1 483.86 175.67 519.40 188.11 -1 -1 -1 -1000 -1000 -1000 -10 0.67
152 53 Car -1 -1 -1 721.78 177.35 741.12 188.03 -1 -1 -1 -1000 -1000 -1000 -10 0.59
153 41 Car -1 -1 -1 736.48 179.47 766.46 199.47 -1 -1 -1 -1000 -1000 -1000 -10 0.78
153 21 Car -1 -1 -1 775.25 176.80 827.98 212.99 -1 -1 -1 -1000 -1000 -1000 -10 0.77
153 48 Car -1 -1 -1 472.74 173.92 509.75 187.24 -1 -1 -1 -1000 -1000 -1000 -10 0.70
153 50 Car -1 -1 -1 1093.48 169.23 1168.23 196.07 -1 -1 -1 -1000 -1000 -1000 -10 0.69
153 3 Car -1 -1 -1 630.08 176.45 649.40 193.05 -1 -1 -1 -1000 -1000 -1000 -10 0.63
153 53 Car -1 -1 -1 722.31 176.21 747.70 188.37 -1 -1 -1 -1000 -1000 -1000 -10 0.57
154 21 Car -1 -1 -1 775.94 176.15 833.06 211.94 -1 -1 -1 -1000 -1000 -1000 -10 0.87
154 48 Car -1 -1 -1 462.55 171.61 496.76 184.51 -1 -1 -1 -1000 -1000 -1000 -10 0.76
154 41 Car -1 -1 -1 736.48 177.90 766.68 198.54 -1 -1 -1 -1000 -1000 -1000 -10 0.72
154 3 Car -1 -1 -1 627.81 175.06 648.54 191.11 -1 -1 -1 -1000 -1000 -1000 -10 0.61
154 50 Car -1 -1 -1 1105.53 166.31 1179.95 196.96 -1 -1 -1 -1000 -1000 -1000 -10 0.57
154 54 Pedestrian -1 -1 -1 924.51 171.46 941.94 215.95 -1 -1 -1 -1000 -1000 -1000 -10 0.48
155 48 Car -1 -1 -1 450.61 171.82 486.38 184.61 -1 -1 -1 -1000 -1000 -1000 -10 0.72
155 41 Car -1 -1 -1 736.98 176.71 770.31 200.01 -1 -1 -1 -1000 -1000 -1000 -10 0.69
155 21 Car -1 -1 -1 776.39 178.18 837.07 213.08 -1 -1 -1 -1000 -1000 -1000 -10 0.69
155 50 Car -1 -1 -1 1122.09 171.02 1218.86 200.80 -1 -1 -1 -1000 -1000 -1000 -10 0.65
155 3 Car -1 -1 -1 626.13 173.84 648.28 192.12 -1 -1 -1 -1000 -1000 -1000 -10 0.58
155 54 Pedestrian -1 -1 -1 939.76 174.27 957.65 219.20 -1 -1 -1 -1000 -1000 -1000 -10 0.57
156 21 Car -1 -1 -1 779.21 178.84 841.83 215.34 -1 -1 -1 -1000 -1000 -1000 -10 0.86
156 41 Car -1 -1 -1 738.64 177.49 771.19 201.33 -1 -1 -1 -1000 -1000 -1000 -10 0.80
156 48 Car -1 -1 -1 437.50 172.72 474.34 184.68 -1 -1 -1 -1000 -1000 -1000 -10 0.73
156 3 Car -1 -1 -1 624.08 174.60 645.21 191.62 -1 -1 -1 -1000 -1000 -1000 -10 0.59
156 54 Pedestrian -1 -1 -1 954.38 173.70 974.17 222.41 -1 -1 -1 -1000 -1000 -1000 -10 0.46
156 55 Pedestrian -1 -1 -1 989.62 173.66 1009.10 221.84 -1 -1 -1 -1000 -1000 -1000 -10 0.41
157 21 Car -1 -1 -1 784.43 178.44 847.08 216.21 -1 -1 -1 -1000 -1000 -1000 -10 0.85
157 48 Car -1 -1 -1 425.69 172.12 462.18 184.62 -1 -1 -1 -1000 -1000 -1000 -10 0.74
157 41 Car -1 -1 -1 739.28 177.72 772.92 201.52 -1 -1 -1 -1000 -1000 -1000 -10 0.71
157 3 Car -1 -1 -1 623.79 174.14 644.65 192.05 -1 -1 -1 -1000 -1000 -1000 -10 0.60
158 21 Car -1 -1 -1 787.02 177.14 853.17 215.50 -1 -1 -1 -1000 -1000 -1000 -10 0.89
158 41 Car -1 -1 -1 739.39 176.84 775.86 200.66 -1 -1 -1 -1000 -1000 -1000 -10 0.72
158 48 Car -1 -1 -1 412.58 170.61 452.59 185.35 -1 -1 -1 -1000 -1000 -1000 -10 0.67
158 3 Car -1 -1 -1 622.38 173.29 644.10 190.83 -1 -1 -1 -1000 -1000 -1000 -10 0.58
158 56 Pedestrian -1 -1 -1 1015.16 168.84 1038.71 226.36 -1 -1 -1 -1000 -1000 -1000 -10 0.49
158 57 Pedestrian -1 -1 -1 992.54 171.24 1012.85 223.81 -1 -1 -1 -1000 -1000 -1000 -10 0.45
158 58 Pedestrian -1 -1 -1 1118.24 166.81 1144.65 234.29 -1 -1 -1 -1000 -1000 -1000 -10 0.44
158 59 Car -1 -1 -1 776.99 172.53 808.77 188.06 -1 -1 -1 -1000 -1000 -1000 -10 0.42
159 21 Car -1 -1 -1 789.45 176.08 859.11 215.81 -1 -1 -1 -1000 -1000 -1000 -10 0.89
159 41 Car -1 -1 -1 740.82 176.06 776.75 200.51 -1 -1 -1 -1000 -1000 -1000 -10 0.79
159 3 Car -1 -1 -1 620.08 173.52 641.44 190.58 -1 -1 -1 -1000 -1000 -1000 -10 0.76
159 48 Car -1 -1 -1 397.72 169.36 442.15 184.87 -1 -1 -1 -1000 -1000 -1000 -10 0.66
159 58 Pedestrian -1 -1 -1 1158.71 163.14 1189.03 240.70 -1 -1 -1 -1000 -1000 -1000 -10 0.62
159 56 Pedestrian -1 -1 -1 1045.47 168.28 1069.66 227.30 -1 -1 -1 -1000 -1000 -1000 -10 0.55
159 59 Car -1 -1 -1 784.38 172.58 812.31 187.78 -1 -1 -1 -1000 -1000 -1000 -10 0.47
159 60 Pedestrian -1 -1 -1 1088.21 171.85 1112.55 230.13 -1 -1 -1 -1000 -1000 -1000 -10 0.47
160 21 Car -1 -1 -1 792.30 176.23 864.44 216.85 -1 -1 -1 -1000 -1000 -1000 -10 0.93
160 48 Car -1 -1 -1 386.20 169.12 426.45 184.48 -1 -1 -1 -1000 -1000 -1000 -10 0.72
160 41 Car -1 -1 -1 742.10 176.27 777.79 200.13 -1 -1 -1 -1000 -1000 -1000 -10 0.69
160 58 Pedestrian -1 -1 -1 1200.94 163.52 1232.17 247.91 -1 -1 -1 -1000 -1000 -1000 -10 0.65
160 3 Car -1 -1 -1 618.19 172.95 640.61 190.49 -1 -1 -1 -1000 -1000 -1000 -10 0.62
160 56 Pedestrian -1 -1 -1 1075.60 168.13 1101.49 232.30 -1 -1 -1 -1000 -1000 -1000 -10 0.47
160 60 Pedestrian -1 -1 -1 1122.23 171.72 1148.76 235.66 -1 -1 -1 -1000 -1000 -1000 -10 0.47
160 59 Car -1 -1 -1 791.89 171.47 827.01 186.95 -1 -1 -1 -1000 -1000 -1000 -10 0.42
160 61 Pedestrian -1 -1 -1 1034.88 172.12 1058.04 230.12 -1 -1 -1 -1000 -1000 -1000 -10 0.42
161 21 Car -1 -1 -1 795.90 176.92 871.37 218.29 -1 -1 -1 -1000 -1000 -1000 -10 0.91
161 3 Car -1 -1 -1 615.57 173.17 637.47 190.36 -1 -1 -1 -1000 -1000 -1000 -10 0.76
161 48 Car -1 -1 -1 374.44 169.90 412.35 184.39 -1 -1 -1 -1000 -1000 -1000 -10 0.76
161 41 Car -1 -1 -1 742.87 175.99 780.24 201.53 -1 -1 -1 -1000 -1000 -1000 -10 0.75
161 56 Pedestrian -1 -1 -1 1109.04 168.00 1138.46 239.67 -1 -1 -1 -1000 -1000 -1000 -10 0.60
161 59 Car -1 -1 -1 806.11 171.17 842.54 190.17 -1 -1 -1 -1000 -1000 -1000 -10 0.56
161 61 Pedestrian -1 -1 -1 1065.23 172.62 1087.97 236.04 -1 -1 -1 -1000 -1000 -1000 -10 0.43
161 60 Pedestrian -1 -1 -1 1163.78 172.69 1192.72 242.90 -1 -1 -1 -1000 -1000 -1000 -10 0.41
162 21 Car -1 -1 -1 799.81 176.69 879.43 220.50 -1 -1 -1 -1000 -1000 -1000 -10 0.88
162 41 Car -1 -1 -1 744.11 176.60 782.11 202.60 -1 -1 -1 -1000 -1000 -1000 -10 0.83
162 48 Car -1 -1 -1 359.68 169.37 399.05 184.53 -1 -1 -1 -1000 -1000 -1000 -10 0.69
162 60 Pedestrian -1 -1 -1 1204.52 176.58 1229.50 246.86 -1 -1 -1 -1000 -1000 -1000 -10 0.63
162 59 Car -1 -1 -1 815.80 171.68 857.87 191.60 -1 -1 -1 -1000 -1000 -1000 -10 0.62
162 61 Pedestrian -1 -1 -1 1095.70 172.10 1120.02 237.56 -1 -1 -1 -1000 -1000 -1000 -10 0.61
162 56 Pedestrian -1 -1 -1 1152.81 171.13 1179.76 240.42 -1 -1 -1 -1000 -1000 -1000 -10 0.59
162 3 Car -1 -1 -1 614.51 172.76 636.45 190.79 -1 -1 -1 -1000 -1000 -1000 -10 0.58
162 62 Pedestrian -1 -1 -1 1160.90 173.22 1187.80 243.49 -1 -1 -1 -1000 -1000 -1000 -10 0.58
163 21 Car -1 -1 -1 803.25 178.61 886.77 222.51 -1 -1 -1 -1000 -1000 -1000 -10 0.91
163 48 Car -1 -1 -1 345.82 170.42 388.38 185.70 -1 -1 -1 -1000 -1000 -1000 -10 0.77
163 41 Car -1 -1 -1 745.33 176.95 785.59 204.03 -1 -1 -1 -1000 -1000 -1000 -10 0.72
163 3 Car -1 -1 -1 611.16 173.26 634.50 192.44 -1 -1 -1 -1000 -1000 -1000 -10 0.70
163 59 Car -1 -1 -1 835.01 171.91 890.57 192.19 -1 -1 -1 -1000 -1000 -1000 -10 0.68
163 61 Pedestrian -1 -1 -1 1133.85 176.00 1159.34 242.46 -1 -1 -1 -1000 -1000 -1000 -10 0.62
163 62 Pedestrian -1 -1 -1 1186.90 172.03 1215.13 244.93 -1 -1 -1 -1000 -1000 -1000 -10 0.54
164 21 Car -1 -1 -1 807.82 179.74 893.76 225.06 -1 -1 -1 -1000 -1000 -1000 -10 0.88
164 59 Car -1 -1 -1 848.84 173.46 908.11 195.51 -1 -1 -1 -1000 -1000 -1000 -10 0.77
164 41 Car -1 -1 -1 746.99 177.93 787.72 205.69 -1 -1 -1 -1000 -1000 -1000 -10 0.71
164 48 Car -1 -1 -1 332.16 171.88 370.45 186.69 -1 -1 -1 -1000 -1000 -1000 -10 0.68
164 61 Pedestrian -1 -1 -1 1172.04 178.57 1198.93 247.12 -1 -1 -1 -1000 -1000 -1000 -10 0.62
164 3 Car -1 -1 -1 607.94 174.72 632.64 193.97 -1 -1 -1 -1000 -1000 -1000 -10 0.61
165 21 Car -1 -1 -1 812.01 180.79 902.01 226.45 -1 -1 -1 -1000 -1000 -1000 -10 0.84
165 59 Car -1 -1 -1 863.53 172.94 924.76 195.25 -1 -1 -1 -1000 -1000 -1000 -10 0.73
165 48 Car -1 -1 -1 315.39 170.77 361.32 185.83 -1 -1 -1 -1000 -1000 -1000 -10 0.68
165 3 Car -1 -1 -1 606.48 174.48 630.65 193.85 -1 -1 -1 -1000 -1000 -1000 -10 0.64
165 41 Car -1 -1 -1 748.13 178.22 790.04 205.82 -1 -1 -1 -1000 -1000 -1000 -10 0.63
165 61 Pedestrian -1 -1 -1 1220.38 172.68 1236.15 259.85 -1 -1 -1 -1000 -1000 -1000 -10 0.40
166 48 Car -1 -1 -1 301.21 169.22 347.42 185.40 -1 -1 -1 -1000 -1000 -1000 -10 0.83
166 21 Car -1 -1 -1 817.72 179.87 911.76 227.11 -1 -1 -1 -1000 -1000 -1000 -10 0.82
166 59 Car -1 -1 -1 883.48 171.99 944.13 191.85 -1 -1 -1 -1000 -1000 -1000 -10 0.82
166 41 Car -1 -1 -1 748.27 176.54 793.24 205.06 -1 -1 -1 -1000 -1000 -1000 -10 0.75
166 3 Car -1 -1 -1 602.80 173.35 628.38 192.57 -1 -1 -1 -1000 -1000 -1000 -10 0.68
167 21 Car -1 -1 -1 825.64 178.35 922.97 228.82 -1 -1 -1 -1000 -1000 -1000 -10 0.88
167 41 Car -1 -1 -1 752.40 175.83 797.00 204.85 -1 -1 -1 -1000 -1000 -1000 -10 0.85
167 59 Car -1 -1 -1 905.09 171.37 969.05 191.18 -1 -1 -1 -1000 -1000 -1000 -10 0.83
167 48 Car -1 -1 -1 287.41 168.31 331.37 184.30 -1 -1 -1 -1000 -1000 -1000 -10 0.65
167 3 Car -1 -1 -1 598.74 172.95 626.33 192.21 -1 -1 -1 -1000 -1000 -1000 -10 0.63
167 63 Car -1 -1 -1 642.64 170.30 657.35 179.17 -1 -1 -1 -1000 -1000 -1000 -10 0.51
168 21 Car -1 -1 -1 832.63 178.27 933.27 230.85 -1 -1 -1 -1000 -1000 -1000 -10 0.94
168 59 Car -1 -1 -1 925.76 171.14 993.55 192.69 -1 -1 -1 -1000 -1000 -1000 -10 0.85
168 41 Car -1 -1 -1 753.95 175.94 801.18 205.73 -1 -1 -1 -1000 -1000 -1000 -10 0.74
168 3 Car -1 -1 -1 597.78 172.15 623.55 192.03 -1 -1 -1 -1000 -1000 -1000 -10 0.73
168 48 Car -1 -1 -1 270.46 167.71 315.37 182.98 -1 -1 -1 -1000 -1000 -1000 -10 0.68
168 63 Car -1 -1 -1 640.94 169.44 656.84 178.71 -1 -1 -1 -1000 -1000 -1000 -10 0.57
169 21 Car -1 -1 -1 837.82 178.47 945.67 233.66 -1 -1 -1 -1000 -1000 -1000 -10 0.90
169 59 Car -1 -1 -1 944.83 172.18 1014.61 193.51 -1 -1 -1 -1000 -1000 -1000 -10 0.81
169 3 Car -1 -1 -1 593.65 171.77 620.35 192.51 -1 -1 -1 -1000 -1000 -1000 -10 0.75
169 41 Car -1 -1 -1 755.26 176.38 806.85 207.26 -1 -1 -1 -1000 -1000 -1000 -10 0.74
169 48 Car -1 -1 -1 251.21 167.82 298.06 185.30 -1 -1 -1 -1000 -1000 -1000 -10 0.72
169 63 Car -1 -1 -1 640.10 169.44 654.93 179.29 -1 -1 -1 -1000 -1000 -1000 -10 0.57
170 21 Car -1 -1 -1 844.85 180.26 960.61 236.70 -1 -1 -1 -1000 -1000 -1000 -10 0.94
170 59 Car -1 -1 -1 973.91 172.58 1047.06 196.49 -1 -1 -1 -1000 -1000 -1000 -10 0.85
170 41 Car -1 -1 -1 758.43 177.04 811.24 208.65 -1 -1 -1 -1000 -1000 -1000 -10 0.83
170 48 Car -1 -1 -1 235.65 168.69 279.36 184.98 -1 -1 -1 -1000 -1000 -1000 -10 0.77
170 3 Car -1 -1 -1 588.06 172.24 617.35 193.82 -1 -1 -1 -1000 -1000 -1000 -10 0.66
170 63 Car -1 -1 -1 639.03 169.53 653.96 180.62 -1 -1 -1 -1000 -1000 -1000 -10 0.63
171 21 Car -1 -1 -1 852.76 179.99 975.54 239.83 -1 -1 -1 -1000 -1000 -1000 -10 0.94
171 41 Car -1 -1 -1 760.15 176.92 817.76 210.30 -1 -1 -1 -1000 -1000 -1000 -10 0.88
171 59 Car -1 -1 -1 999.20 172.04 1076.26 197.78 -1 -1 -1 -1000 -1000 -1000 -10 0.86
171 48 Car -1 -1 -1 220.06 168.78 264.00 185.04 -1 -1 -1 -1000 -1000 -1000 -10 0.80
171 63 Car -1 -1 -1 637.71 170.24 653.37 179.98 -1 -1 -1 -1000 -1000 -1000 -10 0.60
171 3 Car -1 -1 -1 579.93 172.71 613.91 193.35 -1 -1 -1 -1000 -1000 -1000 -10 0.54
172 21 Car -1 -1 -1 861.72 180.24 991.42 243.35 -1 -1 -1 -1000 -1000 -1000 -10 0.91
172 41 Car -1 -1 -1 764.31 176.11 823.32 211.09 -1 -1 -1 -1000 -1000 -1000 -10 0.90
172 59 Car -1 -1 -1 1021.25 171.71 1101.60 198.42 -1 -1 -1 -1000 -1000 -1000 -10 0.88
172 48 Car -1 -1 -1 200.78 168.32 246.89 184.86 -1 -1 -1 -1000 -1000 -1000 -10 0.75
172 3 Car -1 -1 -1 575.59 172.28 610.19 193.80 -1 -1 -1 -1000 -1000 -1000 -10 0.64
172 63 Car -1 -1 -1 635.67 170.40 651.90 179.95 -1 -1 -1 -1000 -1000 -1000 -10 0.47
173 21 Car -1 -1 -1 870.48 179.59 1011.20 246.56 -1 -1 -1 -1000 -1000 -1000 -10 0.94
173 41 Car -1 -1 -1 768.25 176.93 826.91 211.80 -1 -1 -1 -1000 -1000 -1000 -10 0.89
173 59 Car -1 -1 -1 1049.77 170.57 1126.18 198.17 -1 -1 -1 -1000 -1000 -1000 -10 0.79
173 48 Car -1 -1 -1 179.29 167.86 230.18 185.38 -1 -1 -1 -1000 -1000 -1000 -10 0.71
173 3 Car -1 -1 -1 571.20 171.68 603.97 194.33 -1 -1 -1 -1000 -1000 -1000 -10 0.71
173 63 Car -1 -1 -1 635.65 169.67 650.24 180.51 -1 -1 -1 -1000 -1000 -1000 -10 0.62
174 21 Car -1 -1 -1 881.01 179.84 1030.96 250.93 -1 -1 -1 -1000 -1000 -1000 -10 0.90
174 41 Car -1 -1 -1 770.47 175.95 832.81 212.93 -1 -1 -1 -1000 -1000 -1000 -10 0.89
174 48 Car -1 -1 -1 159.45 167.95 210.99 185.49 -1 -1 -1 -1000 -1000 -1000 -10 0.76
174 3 Car -1 -1 -1 562.19 170.43 598.64 195.35 -1 -1 -1 -1000 -1000 -1000 -10 0.75
174 59 Car -1 -1 -1 1080.26 170.38 1158.28 195.73 -1 -1 -1 -1000 -1000 -1000 -10 0.69
174 63 Car -1 -1 -1 634.23 169.62 648.95 180.17 -1 -1 -1 -1000 -1000 -1000 -10 0.63
175 21 Car -1 -1 -1 889.45 178.34 1053.38 253.46 -1 -1 -1 -1000 -1000 -1000 -10 0.92
175 41 Car -1 -1 -1 774.65 175.13 838.12 212.67 -1 -1 -1 -1000 -1000 -1000 -10 0.90
175 3 Car -1 -1 -1 552.72 170.81 593.43 193.87 -1 -1 -1 -1000 -1000 -1000 -10 0.82
175 59 Car -1 -1 -1 1112.50 169.61 1189.97 192.96 -1 -1 -1 -1000 -1000 -1000 -10 0.79
175 48 Car -1 -1 -1 138.00 166.85 190.85 185.48 -1 -1 -1 -1000 -1000 -1000 -10 0.65
175 63 Car -1 -1 -1 632.21 167.90 647.42 179.08 -1 -1 -1 -1000 -1000 -1000 -10 0.60
176 21 Car -1 -1 -1 900.20 176.87 1075.52 256.09 -1 -1 -1 -1000 -1000 -1000 -10 0.95
176 41 Car -1 -1 -1 777.50 174.55 843.80 212.70 -1 -1 -1 -1000 -1000 -1000 -10 0.86
176 59 Car -1 -1 -1 1143.81 169.12 1227.68 194.24 -1 -1 -1 -1000 -1000 -1000 -10 0.82
176 3 Car -1 -1 -1 545.61 169.53 585.81 194.95 -1 -1 -1 -1000 -1000 -1000 -10 0.75
176 48 Car -1 -1 -1 113.42 165.73 171.46 185.17 -1 -1 -1 -1000 -1000 -1000 -10 0.69
176 63 Car -1 -1 -1 631.32 166.94 646.06 178.70 -1 -1 -1 -1000 -1000 -1000 -10 0.63
177 21 Car -1 -1 -1 911.05 177.25 1102.67 262.39 -1 -1 -1 -1000 -1000 -1000 -10 0.93
177 41 Car -1 -1 -1 782.31 174.45 851.17 214.81 -1 -1 -1 -1000 -1000 -1000 -10 0.89
177 3 Car -1 -1 -1 535.95 169.86 577.55 194.32 -1 -1 -1 -1000 -1000 -1000 -10 0.86
177 48 Car -1 -1 -1 95.86 166.71 149.43 186.09 -1 -1 -1 -1000 -1000 -1000 -10 0.75
177 59 Car -1 -1 -1 1179.12 168.89 1237.56 192.82 -1 -1 -1 -1000 -1000 -1000 -10 0.64
177 63 Car -1 -1 -1 628.63 166.82 645.57 178.60 -1 -1 -1 -1000 -1000 -1000 -10 0.56
178 21 Car -1 -1 -1 924.11 176.15 1128.66 266.74 -1 -1 -1 -1000 -1000 -1000 -10 0.93
178 41 Car -1 -1 -1 786.17 175.28 857.43 216.71 -1 -1 -1 -1000 -1000 -1000 -10 0.89
178 3 Car -1 -1 -1 526.41 170.14 570.90 195.12 -1 -1 -1 -1000 -1000 -1000 -10 0.86
178 48 Car -1 -1 -1 72.14 166.63 128.09 187.08 -1 -1 -1 -1000 -1000 -1000 -10 0.75
178 63 Car -1 -1 -1 627.37 167.64 643.38 178.51 -1 -1 -1 -1000 -1000 -1000 -10 0.68
178 59 Car -1 -1 -1 1202.45 167.66 1239.28 195.41 -1 -1 -1 -1000 -1000 -1000 -10 0.51
179 21 Car -1 -1 -1 936.20 176.21 1162.75 272.85 -1 -1 -1 -1000 -1000 -1000 -10 0.94
179 41 Car -1 -1 -1 790.85 175.30 864.68 216.86 -1 -1 -1 -1000 -1000 -1000 -10 0.89
179 3 Car -1 -1 -1 518.42 169.48 563.05 195.34 -1 -1 -1 -1000 -1000 -1000 -10 0.85
179 48 Car -1 -1 -1 49.57 166.34 107.39 187.44 -1 -1 -1 -1000 -1000 -1000 -10 0.76
179 63 Car -1 -1 -1 625.48 167.40 641.45 178.20 -1 -1 -1 -1000 -1000 -1000 -10 0.60
180 21 Car -1 -1 -1 951.58 177.69 1195.34 278.46 -1 -1 -1 -1000 -1000 -1000 -10 0.93
180 41 Car -1 -1 -1 795.21 174.58 872.09 217.83 -1 -1 -1 -1000 -1000 -1000 -10 0.88
180 3 Car -1 -1 -1 506.32 169.81 558.66 194.51 -1 -1 -1 -1000 -1000 -1000 -10 0.78
180 48 Car -1 -1 -1 24.59 166.17 81.88 187.37 -1 -1 -1 -1000 -1000 -1000 -10 0.76
180 63 Car -1 -1 -1 624.12 166.56 640.26 178.36 -1 -1 -1 -1000 -1000 -1000 -10 0.48
181 41 Car -1 -1 -1 801.59 174.48 879.99 219.27 -1 -1 -1 -1000 -1000 -1000 -10 0.93
181 21 Car -1 -1 -1 968.70 176.77 1232.85 286.79 -1 -1 -1 -1000 -1000 -1000 -10 0.93
181 3 Car -1 -1 -1 494.70 169.67 547.23 194.19 -1 -1 -1 -1000 -1000 -1000 -10 0.82
181 48 Car -1 -1 -1 2.88 166.09 57.82 188.44 -1 -1 -1 -1000 -1000 -1000 -10 0.75
181 63 Car -1 -1 -1 622.55 166.61 639.02 178.30 -1 -1 -1 -1000 -1000 -1000 -10 0.57
182 21 Car -1 -1 -1 987.71 174.16 1237.33 291.76 -1 -1 -1 -1000 -1000 -1000 -10 0.96
182 41 Car -1 -1 -1 806.37 173.71 888.90 220.94 -1 -1 -1 -1000 -1000 -1000 -10 0.94
182 3 Car -1 -1 -1 484.43 169.96 535.29 194.62 -1 -1 -1 -1000 -1000 -1000 -10 0.86
182 48 Car -1 -1 -1 0.64 167.32 42.90 186.73 -1 -1 -1 -1000 -1000 -1000 -10 0.76
182 63 Car -1 -1 -1 620.97 166.47 638.23 178.22 -1 -1 -1 -1000 -1000 -1000 -10 0.44
183 21 Car -1 -1 -1 1007.75 173.95 1240.01 299.21 -1 -1 -1 -1000 -1000 -1000 -10 0.95
183 41 Car -1 -1 -1 812.27 172.87 898.62 222.65 -1 -1 -1 -1000 -1000 -1000 -10 0.94
183 3 Car -1 -1 -1 470.97 168.80 525.32 194.83 -1 -1 -1 -1000 -1000 -1000 -10 0.87
183 63 Car -1 -1 -1 619.71 165.97 634.57 176.93 -1 -1 -1 -1000 -1000 -1000 -10 0.54
183 48 Car -1 -1 -1 -1.04 165.10 12.54 188.73 -1 -1 -1 -1000 -1000 -1000 -10 0.51
184 21 Car -1 -1 -1 1031.67 176.89 1238.86 310.73 -1 -1 -1 -1000 -1000 -1000 -10 0.91
184 41 Car -1 -1 -1 819.35 173.15 908.63 223.76 -1 -1 -1 -1000 -1000 -1000 -10 0.90
184 3 Car -1 -1 -1 458.15 169.70 514.88 195.51 -1 -1 -1 -1000 -1000 -1000 -10 0.84
184 63 Car -1 -1 -1 619.06 166.41 632.98 176.68 -1 -1 -1 -1000 -1000 -1000 -10 0.46
185 41 Car -1 -1 -1 825.97 173.43 922.61 227.31 -1 -1 -1 -1000 -1000 -1000 -10 0.91
185 21 Car -1 -1 -1 1056.54 177.04 1237.85 311.53 -1 -1 -1 -1000 -1000 -1000 -10 0.89
185 3 Car -1 -1 -1 445.73 170.57 503.19 195.50 -1 -1 -1 -1000 -1000 -1000 -10 0.72
186 41 Car -1 -1 -1 833.01 173.09 935.02 228.41 -1 -1 -1 -1000 -1000 -1000 -10 0.92
186 21 Car -1 -1 -1 1092.88 179.20 1238.77 316.49 -1 -1 -1 -1000 -1000 -1000 -10 0.86
186 3 Car -1 -1 -1 431.72 170.14 490.11 195.60 -1 -1 -1 -1000 -1000 -1000 -10 0.77
187 41 Car -1 -1 -1 841.09 173.56 948.62 230.64 -1 -1 -1 -1000 -1000 -1000 -10 0.93
187 21 Car -1 -1 -1 1122.86 184.01 1241.79 319.10 -1 -1 -1 -1000 -1000 -1000 -10 0.83
187 3 Car -1 -1 -1 418.96 171.79 476.76 197.02 -1 -1 -1 -1000 -1000 -1000 -10 0.81
188 41 Car -1 -1 -1 849.75 173.67 963.94 233.66 -1 -1 -1 -1000 -1000 -1000 -10 0.91
188 21 Car -1 -1 -1 1161.38 179.04 1241.46 324.43 -1 -1 -1 -1000 -1000 -1000 -10 0.77
188 3 Car -1 -1 -1 404.67 172.18 463.21 197.33 -1 -1 -1 -1000 -1000 -1000 -10 0.74
189 41 Car -1 -1 -1 860.79 174.06 981.92 235.89 -1 -1 -1 -1000 -1000 -1000 -10 0.94
189 3 Car -1 -1 -1 389.22 171.72 452.15 198.81 -1 -1 -1 -1000 -1000 -1000 -10 0.88
190 3 Car -1 -1 -1 373.56 171.97 437.35 198.64 -1 -1 -1 -1000 -1000 -1000 -10 0.87
190 41 Car -1 -1 -1 872.21 173.67 1000.57 238.87 -1 -1 -1 -1000 -1000 -1000 -10 0.87
191 41 Car -1 -1 -1 883.30 174.07 1020.91 244.03 -1 -1 -1 -1000 -1000 -1000 -10 0.92
191 3 Car -1 -1 -1 357.57 171.15 423.05 197.94 -1 -1 -1 -1000 -1000 -1000 -10 0.85
191 64 Car -1 -1 -1 616.74 166.40 629.75 176.43 -1 -1 -1 -1000 -1000 -1000 -10 0.42
192 41 Car -1 -1 -1 894.15 174.23 1043.00 248.93 -1 -1 -1 -1000 -1000 -1000 -10 0.92
192 3 Car -1 -1 -1 340.32 171.02 408.22 197.24 -1 -1 -1 -1000 -1000 -1000 -10 0.78
192 64 Car -1 -1 -1 616.67 166.04 631.01 176.14 -1 -1 -1 -1000 -1000 -1000 -10 0.56
193 41 Car -1 -1 -1 905.95 173.09 1069.27 253.51 -1 -1 -1 -1000 -1000 -1000 -10 0.95
193 3 Car -1 -1 -1 325.31 171.09 392.92 197.93 -1 -1 -1 -1000 -1000 -1000 -10 0.81
194 41 Car -1 -1 -1 920.08 174.18 1094.51 259.05 -1 -1 -1 -1000 -1000 -1000 -10 0.96
194 3 Car -1 -1 -1 302.51 170.29 376.02 198.61 -1 -1 -1 -1000 -1000 -1000 -10 0.82
195 41 Car -1 -1 -1 935.93 174.72 1124.46 265.51 -1 -1 -1 -1000 -1000 -1000 -10 0.94
195 3 Car -1 -1 -1 281.42 169.97 357.97 199.78 -1 -1 -1 -1000 -1000 -1000 -10 0.85
196 41 Car -1 -1 -1 952.15 175.40 1155.52 272.25 -1 -1 -1 -1000 -1000 -1000 -10 0.95
196 3 Car -1 -1 -1 268.92 170.61 341.70 200.53 -1 -1 -1 -1000 -1000 -1000 -10 0.86
196 65 Car -1 -1 -1 619.49 167.85 633.88 177.86 -1 -1 -1 -1000 -1000 -1000 -10 0.41
197 41 Car -1 -1 -1 970.77 172.66 1190.52 277.04 -1 -1 -1 -1000 -1000 -1000 -10 0.96
197 3 Car -1 -1 -1 248.73 171.25 322.83 201.39 -1 -1 -1 -1000 -1000 -1000 -10 0.86
197 65 Car -1 -1 -1 619.70 167.40 634.20 177.69 -1 -1 -1 -1000 -1000 -1000 -10 0.50
198 41 Car -1 -1 -1 986.31 172.59 1230.21 284.32 -1 -1 -1 -1000 -1000 -1000 -10 0.96
198 3 Car -1 -1 -1 223.07 170.03 301.98 200.80 -1 -1 -1 -1000 -1000 -1000 -10 0.82
198 65 Car -1 -1 -1 620.89 167.17 634.35 177.93 -1 -1 -1 -1000 -1000 -1000 -10 0.50
199 41 Car -1 -1 -1 1008.43 174.18 1238.35 291.05 -1 -1 -1 -1000 -1000 -1000 -10 0.96
199 3 Car -1 -1 -1 198.49 168.93 285.10 200.85 -1 -1 -1 -1000 -1000 -1000 -10 0.86
199 65 Car -1 -1 -1 620.72 167.33 635.39 177.53 -1 -1 -1 -1000 -1000 -1000 -10 0.44
200 41 Car -1 -1 -1 1029.69 172.00 1240.15 300.12 -1 -1 -1 -1000 -1000 -1000 -10 0.93
200 3 Car -1 -1 -1 182.52 169.26 264.30 199.72 -1 -1 -1 -1000 -1000 -1000 -10 0.82
200 65 Car -1 -1 -1 619.90 166.20 636.16 176.73 -1 -1 -1 -1000 -1000 -1000 -10 0.41
201 41 Car -1 -1 -1 1053.95 173.20 1239.00 306.93 -1 -1 -1 -1000 -1000 -1000 -10 0.92
201 3 Car -1 -1 -1 160.28 168.57 238.66 199.74 -1 -1 -1 -1000 -1000 -1000 -10 0.79
202 41 Car -1 -1 -1 1076.46 173.32 1240.05 307.55 -1 -1 -1 -1000 -1000 -1000 -10 0.92
202 3 Car -1 -1 -1 131.15 166.08 215.33 199.46 -1 -1 -1 -1000 -1000 -1000 -10 0.77
203 41 Car -1 -1 -1 1100.08 181.51 1240.46 313.97 -1 -1 -1 -1000 -1000 -1000 -10 0.86
203 3 Car -1 -1 -1 105.73 167.80 192.19 200.78 -1 -1 -1 -1000 -1000 -1000 -10 0.79
203 66 Car -1 -1 -1 618.29 168.33 635.70 177.86 -1 -1 -1 -1000 -1000 -1000 -10 0.42
204 41 Car -1 -1 -1 1153.73 192.48 1241.34 318.97 -1 -1 -1 -1000 -1000 -1000 -10 0.74
204 3 Car -1 -1 -1 55.51 170.04 142.03 198.84 -1 -1 -1 -1000 -1000 -1000 -10 0.67
204 66 Car -1 -1 -1 620.05 168.54 633.24 178.21 -1 -1 -1 -1000 -1000 -1000 -10 0.51
205 3 Car -1 -1 -1 25.79 166.44 111.15 197.57 -1 -1 -1 -1000 -1000 -1000 -10 0.74
205 41 Car -1 -1 -1 1188.02 185.71 1238.83 332.93 -1 -1 -1 -1000 -1000 -1000 -10 0.59
205 66 Car -1 -1 -1 619.21 168.47 633.01 178.00 -1 -1 -1 -1000 -1000 -1000 -10 0.43
206 3 Car -1 -1 -1 -0.74 163.57 91.14 199.26 -1 -1 -1 -1000 -1000 -1000 -10 0.87
206 66 Car -1 -1 -1 619.49 168.65 632.37 178.07 -1 -1 -1 -1000 -1000 -1000 -10 0.49
206 41 Car -1 -1 -1 1226.32 196.29 1237.20 338.27 -1 -1 -1 -1000 -1000 -1000 -10 0.41
207 3 Car -1 -1 -1 -0.41 162.55 64.56 198.81 -1 -1 -1 -1000 -1000 -1000 -10 0.77
207 66 Car -1 -1 -1 618.26 167.74 633.13 177.67 -1 -1 -1 -1000 -1000 -1000 -10 0.43
207 67 Pedestrian -1 -1 -1 879.37 166.84 893.01 204.67 -1 -1 -1 -1000 -1000 -1000 -10 0.45
208 3 Car -1 -1 -1 1.17 152.72 40.88 195.88 -1 -1 -1 -1000 -1000 -1000 -10 0.67
209 3 Car -1 -1 -1 0.93 156.29 26.66 191.74 -1 -1 -1 -1000 -1000 -1000 -10 0.56
210 3 Car -1 -1 -1 -0.72 156.68 19.22 197.97 -1 -1 -1 -1000 -1000 -1000 -10 0.44
211 3 Car -1 -1 -1 -1.18 156.74 12.34 199.25 -1 -1 -1 -1000 -1000 -1000 -10 0.49
237 68 Car -1 -1 -1 -0.71 171.09 26.71 246.56 -1 -1 -1 -1000 -1000 -1000 -10 0.52
238 68 Car -1 -1 -1 -3.18 171.98 59.84 246.45 -1 -1 -1 -1000 -1000 -1000 -10 0.81
239 68 Car -1 -1 -1 -1.95 171.89 97.46 252.04 -1 -1 -1 -1000 -1000 -1000 -10 0.89
