0 1 Car -1 -1 -1 837.66 171.86 1035.91 331.96 -1 -1 -1 -1000 -1000 -1000 -10 0.97
0 2 Car -1 -1 -1 718.42 179.94 844.42 231.23 -1 -1 -1 -1000 -1000 -1000 -10 0.92
1 1 Car -1 -1 -1 837.05 170.74 1029.78 332.62 -1 -1 -1 -1000 -1000 -1000 -10 0.98
1 2 Car -1 -1 -1 692.54 180.06 817.22 231.96 -1 -1 -1 -1000 -1000 -1000 -10 0.89
2 1 Car -1 -1 -1 835.02 172.42 1016.23 330.20 -1 -1 -1 -1000 -1000 -1000 -10 0.98
2 2 Car -1 -1 -1 660.43 179.54 788.66 232.45 -1 -1 -1 -1000 -1000 -1000 -10 0.87
3 1 Car -1 -1 -1 828.91 170.33 1000.20 326.07 -1 -1 -1 -1000 -1000 -1000 -10 0.96
3 2 Car -1 -1 -1 634.79 179.56 757.87 231.57 -1 -1 -1 -1000 -1000 -1000 -10 0.90
4 1 Car -1 -1 -1 820.89 169.76 990.85 325.17 -1 -1 -1 -1000 -1000 -1000 -10 0.96
4 2 Car -1 -1 -1 602.06 178.82 728.05 229.52 -1 -1 -1 -1000 -1000 -1000 -10 0.87
5 1 Car -1 -1 -1 812.46 168.88 976.13 318.94 -1 -1 -1 -1000 -1000 -1000 -10 0.96
5 2 Car -1 -1 -1 566.22 177.63 695.09 226.77 -1 -1 -1 -1000 -1000 -1000 -10 0.88
5 3 Pedestrian -1 -1 -1 1177.54 154.64 1232.61 278.95 -1 -1 -1 -1000 -1000 -1000 -10 0.49
6 1 Car -1 -1 -1 798.86 167.97 960.07 318.64 -1 -1 -1 -1000 -1000 -1000 -10 0.96
6 2 Car -1 -1 -1 530.61 175.70 662.40 226.13 -1 -1 -1 -1000 -1000 -1000 -10 0.90
6 3 Pedestrian -1 -1 -1 1167.10 153.40 1226.93 278.53 -1 -1 -1 -1000 -1000 -1000 -10 0.68
7 1 Car -1 -1 -1 784.43 165.62 943.74 314.38 -1 -1 -1 -1000 -1000 -1000 -10 0.95
7 2 Car -1 -1 -1 501.24 175.06 629.34 225.92 -1 -1 -1 -1000 -1000 -1000 -10 0.88
7 3 Pedestrian -1 -1 -1 1154.34 152.40 1217.06 281.57 -1 -1 -1 -1000 -1000 -1000 -10 0.66
7 4 Car -1 -1 -1 1131.63 173.38 1231.33 207.26 -1 -1 -1 -1000 -1000 -1000 -10 0.72
8 1 Car -1 -1 -1 770.14 165.52 926.81 314.01 -1 -1 -1 -1000 -1000 -1000 -10 0.96
8 2 Car -1 -1 -1 463.62 175.28 596.35 225.43 -1 -1 -1 -1000 -1000 -1000 -10 0.89
8 3 Pedestrian -1 -1 -1 1141.14 151.17 1206.85 290.05 -1 -1 -1 -1000 -1000 -1000 -10 0.64
8 4 Car -1 -1 -1 1103.22 173.56 1198.09 207.16 -1 -1 -1 -1000 -1000 -1000 -10 0.57
9 1 Car -1 -1 -1 749.49 165.61 908.85 313.27 -1 -1 -1 -1000 -1000 -1000 -10 0.96
9 2 Car -1 -1 -1 426.79 175.69 561.76 225.10 -1 -1 -1 -1000 -1000 -1000 -10 0.88
9 4 Car -1 -1 -1 1073.82 174.48 1165.21 206.92 -1 -1 -1 -1000 -1000 -1000 -10 0.77
9 3 Pedestrian -1 -1 -1 1128.94 147.23 1195.77 294.59 -1 -1 -1 -1000 -1000 -1000 -10 0.73
10 1 Car -1 -1 -1 726.71 166.24 890.87 312.66 -1 -1 -1 -1000 -1000 -1000 -10 0.97
10 2 Car -1 -1 -1 383.83 176.07 526.98 226.11 -1 -1 -1 -1000 -1000 -1000 -10 0.86
10 4 Car -1 -1 -1 1045.45 175.70 1132.33 208.51 -1 -1 -1 -1000 -1000 -1000 -10 0.84
10 3 Pedestrian -1 -1 -1 1115.45 149.41 1186.11 299.06 -1 -1 -1 -1000 -1000 -1000 -10 0.76
11 1 Car -1 -1 -1 702.78 166.75 868.07 312.88 -1 -1 -1 -1000 -1000 -1000 -10 0.97
11 2 Car -1 -1 -1 343.67 176.14 491.62 228.37 -1 -1 -1 -1000 -1000 -1000 -10 0.86
11 4 Car -1 -1 -1 1020.07 180.00 1100.88 209.45 -1 -1 -1 -1000 -1000 -1000 -10 0.77
11 3 Pedestrian -1 -1 -1 1103.19 151.86 1175.49 304.09 -1 -1 -1 -1000 -1000 -1000 -10 0.70
12 1 Car -1 -1 -1 674.80 168.46 843.14 311.98 -1 -1 -1 -1000 -1000 -1000 -10 0.97
12 2 Car -1 -1 -1 304.24 177.83 453.43 232.78 -1 -1 -1 -1000 -1000 -1000 -10 0.88
12 4 Car -1 -1 -1 992.93 181.80 1070.19 213.90 -1 -1 -1 -1000 -1000 -1000 -10 0.87
12 3 Pedestrian -1 -1 -1 1094.32 152.95 1168.10 311.97 -1 -1 -1 -1000 -1000 -1000 -10 0.70
13 1 Car -1 -1 -1 646.14 169.97 817.83 311.04 -1 -1 -1 -1000 -1000 -1000 -10 0.96
13 4 Car -1 -1 -1 967.52 185.02 1044.95 215.68 -1 -1 -1 -1000 -1000 -1000 -10 0.83
13 2 Car -1 -1 -1 257.44 177.49 414.81 234.52 -1 -1 -1 -1000 -1000 -1000 -10 0.83
13 3 Pedestrian -1 -1 -1 1083.84 154.38 1162.89 325.04 -1 -1 -1 -1000 -1000 -1000 -10 0.72
14 1 Car -1 -1 -1 615.01 169.56 793.55 311.54 -1 -1 -1 -1000 -1000 -1000 -10 0.97
14 4 Car -1 -1 -1 944.13 186.43 1015.57 215.58 -1 -1 -1 -1000 -1000 -1000 -10 0.90
14 2 Car -1 -1 -1 210.63 178.65 374.84 236.88 -1 -1 -1 -1000 -1000 -1000 -10 0.84
14 3 Pedestrian -1 -1 -1 1071.04 152.58 1153.28 334.55 -1 -1 -1 -1000 -1000 -1000 -10 0.71
15 1 Car -1 -1 -1 582.61 170.55 765.01 310.16 -1 -1 -1 -1000 -1000 -1000 -10 0.96
15 2 Car -1 -1 -1 154.61 177.67 330.91 238.50 -1 -1 -1 -1000 -1000 -1000 -10 0.89
15 4 Car -1 -1 -1 921.14 185.20 990.94 215.10 -1 -1 -1 -1000 -1000 -1000 -10 0.87
15 3 Pedestrian -1 -1 -1 1062.86 151.21 1145.98 336.68 -1 -1 -1 -1000 -1000 -1000 -10 0.71
16 1 Car -1 -1 -1 553.43 169.68 737.94 310.22 -1 -1 -1 -1000 -1000 -1000 -10 0.97
16 2 Car -1 -1 -1 94.43 180.23 290.60 237.95 -1 -1 -1 -1000 -1000 -1000 -10 0.86
16 4 Car -1 -1 -1 898.68 184.11 966.72 213.20 -1 -1 -1 -1000 -1000 -1000 -10 0.81
16 3 Pedestrian -1 -1 -1 1057.17 147.67 1143.35 347.62 -1 -1 -1 -1000 -1000 -1000 -10 0.73
17 1 Car -1 -1 -1 520.64 170.43 710.34 309.38 -1 -1 -1 -1000 -1000 -1000 -10 0.97
17 2 Car -1 -1 -1 37.70 177.81 244.99 240.40 -1 -1 -1 -1000 -1000 -1000 -10 0.89
17 4 Car -1 -1 -1 878.81 184.73 947.83 212.66 -1 -1 -1 -1000 -1000 -1000 -10 0.81
17 3 Pedestrian -1 -1 -1 1052.00 143.45 1148.82 367.24 -1 -1 -1 -1000 -1000 -1000 -10 0.73
18 1 Car -1 -1 -1 490.95 168.92 684.03 310.45 -1 -1 -1 -1000 -1000 -1000 -10 0.97
18 2 Car -1 -1 -1 2.24 178.74 194.37 244.71 -1 -1 -1 -1000 -1000 -1000 -10 0.88
18 4 Car -1 -1 -1 859.61 183.37 927.21 211.45 -1 -1 -1 -1000 -1000 -1000 -10 0.87
18 3 Pedestrian -1 -1 -1 1053.63 141.91 1162.40 369.74 -1 -1 -1 -1000 -1000 -1000 -10 0.75
19 1 Car -1 -1 -1 461.84 168.16 658.37 311.38 -1 -1 -1 -1000 -1000 -1000 -10 0.97
19 4 Car -1 -1 -1 844.79 182.57 911.53 210.47 -1 -1 -1 -1000 -1000 -1000 -10 0.89
19 2 Car -1 -1 -1 1.13 177.56 148.88 246.92 -1 -1 -1 -1000 -1000 -1000 -10 0.88
19 3 Pedestrian -1 -1 -1 1056.39 141.96 1183.05 368.59 -1 -1 -1 -1000 -1000 -1000 -10 0.77
19 5 Car -1 -1 -1 1050.05 189.73 1119.95 219.59 -1 -1 -1 -1000 -1000 -1000 -10 0.40
20 1 Car -1 -1 -1 434.89 167.64 631.54 305.59 -1 -1 -1 -1000 -1000 -1000 -10 0.97
20 2 Car -1 -1 -1 1.11 171.79 103.01 246.27 -1 -1 -1 -1000 -1000 -1000 -10 0.87
20 3 Pedestrian -1 -1 -1 1069.89 136.35 1208.10 367.63 -1 -1 -1 -1000 -1000 -1000 -10 0.79
20 4 Car -1 -1 -1 831.57 181.11 897.69 208.36 -1 -1 -1 -1000 -1000 -1000 -10 0.79
20 5 Car -1 -1 -1 1035.19 189.24 1118.71 218.13 -1 -1 -1 -1000 -1000 -1000 -10 0.65
21 1 Car -1 -1 -1 406.93 167.41 605.81 305.54 -1 -1 -1 -1000 -1000 -1000 -10 0.98
21 4 Car -1 -1 -1 821.01 180.02 890.26 209.47 -1 -1 -1 -1000 -1000 -1000 -10 0.88
21 3 Pedestrian -1 -1 -1 1089.19 135.39 1220.01 368.59 -1 -1 -1 -1000 -1000 -1000 -10 0.77
21 2 Car -1 -1 -1 0.66 169.88 58.07 248.22 -1 -1 -1 -1000 -1000 -1000 -10 0.74
21 5 Car -1 -1 -1 1024.10 189.70 1107.48 218.07 -1 -1 -1 -1000 -1000 -1000 -10 0.67
22 1 Car -1 -1 -1 381.97 166.52 582.99 306.83 -1 -1 -1 -1000 -1000 -1000 -10 0.97
22 4 Car -1 -1 -1 813.26 179.45 883.40 210.16 -1 -1 -1 -1000 -1000 -1000 -10 0.87
22 5 Car -1 -1 -1 1017.29 190.09 1098.23 218.84 -1 -1 -1 -1000 -1000 -1000 -10 0.77
22 3 Pedestrian -1 -1 -1 1106.11 140.84 1234.40 369.30 -1 -1 -1 -1000 -1000 -1000 -10 0.75
22 2 Car -1 -1 -1 0.75 176.10 18.75 241.90 -1 -1 -1 -1000 -1000 -1000 -10 0.43
23 1 Car -1 -1 -1 353.51 167.18 559.43 306.11 -1 -1 -1 -1000 -1000 -1000 -10 0.97
23 4 Car -1 -1 -1 807.78 179.69 881.05 210.06 -1 -1 -1 -1000 -1000 -1000 -10 0.85
23 5 Car -1 -1 -1 1013.16 190.91 1093.14 219.15 -1 -1 -1 -1000 -1000 -1000 -10 0.79
23 3 Pedestrian -1 -1 -1 1133.81 137.14 1237.67 366.15 -1 -1 -1 -1000 -1000 -1000 -10 0.56
23 6 Car -1 -1 -1 1059.52 193.91 1142.73 221.22 -1 -1 -1 -1000 -1000 -1000 -10 0.62
24 1 Car -1 -1 -1 327.17 167.22 537.83 305.81 -1 -1 -1 -1000 -1000 -1000 -10 0.98
24 4 Car -1 -1 -1 802.26 179.33 877.55 210.34 -1 -1 -1 -1000 -1000 -1000 -10 0.85
24 5 Car -1 -1 -1 1009.31 191.43 1089.04 219.50 -1 -1 -1 -1000 -1000 -1000 -10 0.81
24 6 Car -1 -1 -1 1055.96 193.66 1137.74 221.16 -1 -1 -1 -1000 -1000 -1000 -10 0.69
25 1 Car -1 -1 -1 302.81 166.44 516.02 307.03 -1 -1 -1 -1000 -1000 -1000 -10 0.97
25 4 Car -1 -1 -1 801.80 179.32 876.27 210.09 -1 -1 -1 -1000 -1000 -1000 -10 0.85
25 5 Car -1 -1 -1 1009.27 190.83 1089.39 219.30 -1 -1 -1 -1000 -1000 -1000 -10 0.78
25 6 Car -1 -1 -1 1048.42 191.83 1137.72 220.79 -1 -1 -1 -1000 -1000 -1000 -10 0.70
26 1 Car -1 -1 -1 277.22 166.72 495.08 313.41 -1 -1 -1 -1000 -1000 -1000 -10 0.97
26 4 Car -1 -1 -1 802.14 179.21 876.32 210.18 -1 -1 -1 -1000 -1000 -1000 -10 0.87
26 6 Car -1 -1 -1 1054.13 190.56 1139.58 220.12 -1 -1 -1 -1000 -1000 -1000 -10 0.73
26 5 Car -1 -1 -1 1011.59 190.61 1086.54 217.83 -1 -1 -1 -1000 -1000 -1000 -10 0.66
27 1 Car -1 -1 -1 251.73 167.24 480.64 320.11 -1 -1 -1 -1000 -1000 -1000 -10 0.96
27 4 Car -1 -1 -1 803.19 178.38 878.60 211.15 -1 -1 -1 -1000 -1000 -1000 -10 0.87
27 6 Car -1 -1 -1 1064.47 191.26 1143.74 219.61 -1 -1 -1 -1000 -1000 -1000 -10 0.74
27 5 Car -1 -1 -1 1016.62 191.15 1091.01 217.03 -1 -1 -1 -1000 -1000 -1000 -10 0.41
28 1 Car -1 -1 -1 226.53 168.76 461.03 320.02 -1 -1 -1 -1000 -1000 -1000 -10 0.97
28 4 Car -1 -1 -1 807.40 179.67 883.34 211.61 -1 -1 -1 -1000 -1000 -1000 -10 0.81
28 5 Car -1 -1 -1 1027.95 191.68 1102.19 218.34 -1 -1 -1 -1000 -1000 -1000 -10 0.60
28 6 Car -1 -1 -1 1071.37 191.98 1151.20 220.31 -1 -1 -1 -1000 -1000 -1000 -10 0.55
29 1 Car -1 -1 -1 201.90 170.16 447.22 325.26 -1 -1 -1 -1000 -1000 -1000 -10 0.97
29 4 Car -1 -1 -1 813.29 180.60 890.43 213.38 -1 -1 -1 -1000 -1000 -1000 -10 0.93
29 6 Car -1 -1 -1 1079.64 194.29 1160.95 221.80 -1 -1 -1 -1000 -1000 -1000 -10 0.67
29 5 Car -1 -1 -1 1041.20 195.32 1112.13 220.76 -1 -1 -1 -1000 -1000 -1000 -10 0.57
29 7 Car -1 -1 -1 1218.56 195.05 1236.65 221.73 -1 -1 -1 -1000 -1000 -1000 -10 0.48
30 1 Car -1 -1 -1 179.36 169.97 430.04 326.83 -1 -1 -1 -1000 -1000 -1000 -10 0.97
30 4 Car -1 -1 -1 819.72 182.13 899.55 215.07 -1 -1 -1 -1000 -1000 -1000 -10 0.89
30 6 Car -1 -1 -1 1089.54 195.80 1172.91 224.10 -1 -1 -1 -1000 -1000 -1000 -10 0.62
30 7 Car -1 -1 -1 1227.40 195.54 1238.30 223.88 -1 -1 -1 -1000 -1000 -1000 -10 0.57
30 5 Car -1 -1 -1 1049.03 195.64 1127.99 222.72 -1 -1 -1 -1000 -1000 -1000 -10 0.52
31 1 Car -1 -1 -1 159.47 172.36 411.11 331.85 -1 -1 -1 -1000 -1000 -1000 -10 0.98
31 4 Car -1 -1 -1 831.07 183.80 909.33 216.96 -1 -1 -1 -1000 -1000 -1000 -10 0.90
31 5 Car -1 -1 -1 1052.25 194.36 1133.95 223.96 -1 -1 -1 -1000 -1000 -1000 -10 0.66
31 6 Car -1 -1 -1 1108.04 198.11 1187.37 225.44 -1 -1 -1 -1000 -1000 -1000 -10 0.65
32 1 Car -1 -1 -1 139.44 175.07 398.99 336.06 -1 -1 -1 -1000 -1000 -1000 -10 0.97
32 4 Car -1 -1 -1 841.69 184.84 921.78 217.87 -1 -1 -1 -1000 -1000 -1000 -10 0.88
32 6 Car -1 -1 -1 1124.82 198.86 1207.42 226.46 -1 -1 -1 -1000 -1000 -1000 -10 0.75
32 5 Car -1 -1 -1 1066.59 194.56 1150.80 225.32 -1 -1 -1 -1000 -1000 -1000 -10 0.69
33 1 Car -1 -1 -1 122.61 174.13 384.92 337.72 -1 -1 -1 -1000 -1000 -1000 -10 0.97
33 4 Car -1 -1 -1 854.39 184.84 936.43 219.40 -1 -1 -1 -1000 -1000 -1000 -10 0.92
33 6 Car -1 -1 -1 1145.20 198.90 1232.44 227.40 -1 -1 -1 -1000 -1000 -1000 -10 0.74
33 5 Car -1 -1 -1 1085.98 196.59 1169.69 226.97 -1 -1 -1 -1000 -1000 -1000 -10 0.65
34 1 Car -1 -1 -1 101.51 177.68 369.23 341.16 -1 -1 -1 -1000 -1000 -1000 -10 0.97
34 4 Car -1 -1 -1 868.35 184.51 953.62 220.65 -1 -1 -1 -1000 -1000 -1000 -10 0.86
34 5 Car -1 -1 -1 1106.48 196.63 1195.09 228.62 -1 -1 -1 -1000 -1000 -1000 -10 0.74
34 6 Car -1 -1 -1 1164.97 198.32 1238.52 228.40 -1 -1 -1 -1000 -1000 -1000 -10 0.59
35 1 Car -1 -1 -1 89.24 177.65 357.59 341.82 -1 -1 -1 -1000 -1000 -1000 -10 0.97
35 4 Car -1 -1 -1 886.14 185.71 974.65 221.59 -1 -1 -1 -1000 -1000 -1000 -10 0.90
35 5 Car -1 -1 -1 1130.76 196.28 1225.35 229.51 -1 -1 -1 -1000 -1000 -1000 -10 0.69
35 6 Car -1 -1 -1 1196.18 197.16 1236.98 229.61 -1 -1 -1 -1000 -1000 -1000 -10 0.66
36 1 Car -1 -1 -1 74.54 177.47 348.40 342.20 -1 -1 -1 -1000 -1000 -1000 -10 0.97
36 4 Car -1 -1 -1 904.53 185.69 995.39 221.99 -1 -1 -1 -1000 -1000 -1000 -10 0.89
36 5 Car -1 -1 -1 1161.56 196.28 1239.92 230.29 -1 -1 -1 -1000 -1000 -1000 -10 0.83
37 1 Car -1 -1 -1 63.31 178.42 337.13 341.48 -1 -1 -1 -1000 -1000 -1000 -10 0.97
37 4 Car -1 -1 -1 925.68 185.10 1021.21 222.53 -1 -1 -1 -1000 -1000 -1000 -10 0.88
37 5 Car -1 -1 -1 1195.02 196.94 1236.97 228.39 -1 -1 -1 -1000 -1000 -1000 -10 0.72
38 1 Car -1 -1 -1 55.80 182.08 328.71 344.48 -1 -1 -1 -1000 -1000 -1000 -10 0.97
38 4 Car -1 -1 -1 949.97 185.45 1050.37 223.60 -1 -1 -1 -1000 -1000 -1000 -10 0.94
38 5 Car -1 -1 -1 1227.70 195.68 1237.80 230.17 -1 -1 -1 -1000 -1000 -1000 -10 0.46
39 1 Car -1 -1 -1 45.85 181.28 323.13 345.64 -1 -1 -1 -1000 -1000 -1000 -10 0.98
39 4 Car -1 -1 -1 978.98 185.91 1080.86 224.69 -1 -1 -1 -1000 -1000 -1000 -10 0.96
40 1 Car -1 -1 -1 34.97 181.14 318.27 346.56 -1 -1 -1 -1000 -1000 -1000 -10 0.97
40 4 Car -1 -1 -1 1007.22 186.03 1115.24 226.27 -1 -1 -1 -1000 -1000 -1000 -10 0.95
41 1 Car -1 -1 -1 31.21 184.99 314.03 349.04 -1 -1 -1 -1000 -1000 -1000 -10 0.97
41 4 Car -1 -1 -1 1039.61 185.64 1151.04 226.80 -1 -1 -1 -1000 -1000 -1000 -10 0.92
42 1 Car -1 -1 -1 26.88 184.81 310.73 349.43 -1 -1 -1 -1000 -1000 -1000 -10 0.97
42 4 Car -1 -1 -1 1073.64 184.45 1190.88 227.75 -1 -1 -1 -1000 -1000 -1000 -10 0.91
43 1 Car -1 -1 -1 26.50 185.11 310.27 348.83 -1 -1 -1 -1000 -1000 -1000 -10 0.96
43 4 Car -1 -1 -1 1112.37 182.89 1237.04 229.18 -1 -1 -1 -1000 -1000 -1000 -10 0.95
44 1 Car -1 -1 -1 28.95 181.32 308.18 346.07 -1 -1 -1 -1000 -1000 -1000 -10 0.97
44 4 Car -1 -1 -1 1155.04 181.83 1241.84 230.11 -1 -1 -1 -1000 -1000 -1000 -10 0.89
44 8 Car -1 -1 -1 10.31 184.65 63.43 210.28 -1 -1 -1 -1000 -1000 -1000 -10 0.63
44 9 Car -1 -1 -1 -0.84 185.30 13.10 217.00 -1 -1 -1 -1000 -1000 -1000 -10 0.47
45 1 Car -1 -1 -1 28.08 181.91 310.03 345.56 -1 -1 -1 -1000 -1000 -1000 -10 0.97
45 9 Car -1 -1 -1 2.50 186.15 49.32 213.85 -1 -1 -1 -1000 -1000 -1000 -10 0.74
45 4 Car -1 -1 -1 1208.94 185.61 1238.67 231.56 -1 -1 -1 -1000 -1000 -1000 -10 0.70
45 8 Car -1 -1 -1 45.56 185.06 96.87 208.91 -1 -1 -1 -1000 -1000 -1000 -10 0.69
47 1 Car -1 -1 -1 43.68 182.07 310.41 345.04 -1 -1 -1 -1000 -1000 -1000 -10 0.96
47 10 Car -1 -1 -1 -0.81 178.20 68.84 216.70 -1 -1 -1 -1000 -1000 -1000 -10 0.68
47 8 Car -1 -1 -1 107.31 184.58 168.48 211.31 -1 -1 -1 -1000 -1000 -1000 -10 0.57
47 9 Car -1 -1 -1 68.05 183.95 123.66 212.77 -1 -1 -1 -1000 -1000 -1000 -10 0.54
47 11 Car -1 -1 -1 -0.78 192.95 50.06 241.82 -1 -1 -1 -1000 -1000 -1000 -10 0.67
48 1 Car -1 -1 -1 53.04 183.54 315.33 342.85 -1 -1 -1 -1000 -1000 -1000 -10 0.97
48 11 Car -1 -1 -1 2.31 190.72 80.71 237.33 -1 -1 -1 -1000 -1000 -1000 -10 0.84
48 10 Car -1 -1 -1 26.40 178.45 102.51 214.69 -1 -1 -1 -1000 -1000 -1000 -10 0.67
48 9 Car -1 -1 -1 102.03 181.00 158.78 213.46 -1 -1 -1 -1000 -1000 -1000 -10 0.67
48 8 Car -1 -1 -1 135.24 180.76 210.34 214.37 -1 -1 -1 -1000 -1000 -1000 -10 0.44
49 1 Car -1 -1 -1 62.73 180.61 320.93 338.55 -1 -1 -1 -1000 -1000 -1000 -10 0.97
49 11 Car -1 -1 -1 22.84 187.43 121.02 235.86 -1 -1 -1 -1000 -1000 -1000 -10 0.86
49 10 Car -1 -1 -1 67.79 174.82 139.13 212.15 -1 -1 -1 -1000 -1000 -1000 -10 0.64
49 9 Car -1 -1 -1 131.50 178.10 198.96 214.69 -1 -1 -1 -1000 -1000 -1000 -10 0.43
49 8 Car -1 -1 -1 166.24 177.31 242.26 215.79 -1 -1 -1 -1000 -1000 -1000 -10 0.41
49 12 Car -1 -1 -1 2.47 187.28 62.29 222.28 -1 -1 -1 -1000 -1000 -1000 -10 0.55
50 1 Car -1 -1 -1 74.57 181.27 325.26 336.91 -1 -1 -1 -1000 -1000 -1000 -10 0.97
50 12 Car -1 -1 -1 22.48 186.05 97.98 217.78 -1 -1 -1 -1000 -1000 -1000 -10 0.77
50 11 Car -1 -1 -1 70.66 180.84 166.98 229.27 -1 -1 -1 -1000 -1000 -1000 -10 0.72
50 8 Car -1 -1 -1 208.34 176.08 276.76 211.44 -1 -1 -1 -1000 -1000 -1000 -10 0.56
50 10 Car -1 -1 -1 95.98 172.08 171.37 213.27 -1 -1 -1 -1000 -1000 -1000 -10 0.56
50 9 Car -1 -1 -1 166.05 175.73 227.00 211.08 -1 -1 -1 -1000 -1000 -1000 -10 0.53
50 13 Pedestrian -1 -1 -1 966.26 160.99 985.57 211.53 -1 -1 -1 -1000 -1000 -1000 -10 0.44
51 1 Car -1 -1 -1 86.14 177.78 330.27 332.85 -1 -1 -1 -1000 -1000 -1000 -10 0.96
51 12 Car -1 -1 -1 62.96 182.44 133.99 214.07 -1 -1 -1 -1000 -1000 -1000 -10 0.82
51 13 Pedestrian -1 -1 -1 1005.69 159.92 1024.11 211.59 -1 -1 -1 -1000 -1000 -1000 -10 0.63
51 9 Car -1 -1 -1 205.60 173.45 255.81 205.08 -1 -1 -1 -1000 -1000 -1000 -10 0.57
51 8 Car -1 -1 -1 243.56 173.91 296.05 203.88 -1 -1 -1 -1000 -1000 -1000 -10 0.53
51 14 Car -1 -1 -1 0.26 186.53 11.59 231.00 -1 -1 -1 -1000 -1000 -1000 -10 0.54
51 15 Car -1 -1 -1 -0.27 186.33 41.89 210.17 -1 -1 -1 -1000 -1000 -1000 -10 0.43
53 1 Car -1 -1 -1 114.32 173.07 347.42 323.52 -1 -1 -1 -1000 -1000 -1000 -10 0.97
53 14 Car -1 -1 -1 2.09 182.87 77.31 226.83 -1 -1 -1 -1000 -1000 -1000 -10 0.86
53 9 Car -1 -1 -1 269.41 169.50 316.43 199.86 -1 -1 -1 -1000 -1000 -1000 -10 0.74
53 12 Car -1 -1 -1 131.41 177.36 197.40 210.50 -1 -1 -1 -1000 -1000 -1000 -10 0.69
53 16 Car -1 -1 -1 203.12 166.69 266.00 203.12 -1 -1 -1 -1000 -1000 -1000 -10 0.61
53 15 Car -1 -1 -1 63.70 181.66 118.14 204.23 -1 -1 -1 -1000 -1000 -1000 -10 0.61
53 8 Car -1 -1 -1 312.26 169.48 352.45 191.04 -1 -1 -1 -1000 -1000 -1000 -10 0.52
53 13 Pedestrian -1 -1 -1 1094.46 156.07 1113.68 214.09 -1 -1 -1 -1000 -1000 -1000 -10 0.51
54 1 Car -1 -1 -1 129.27 173.18 355.65 322.64 -1 -1 -1 -1000 -1000 -1000 -10 0.97
54 14 Car -1 -1 -1 2.29 181.84 104.65 226.56 -1 -1 -1 -1000 -1000 -1000 -10 0.92
54 9 Car -1 -1 -1 304.46 169.15 342.33 193.39 -1 -1 -1 -1000 -1000 -1000 -10 0.72
54 8 Car -1 -1 -1 338.95 168.35 379.46 189.29 -1 -1 -1 -1000 -1000 -1000 -10 0.58
54 15 Car -1 -1 -1 98.84 181.15 152.47 203.15 -1 -1 -1 -1000 -1000 -1000 -10 0.56
54 16 Car -1 -1 -1 238.04 166.01 292.96 199.00 -1 -1 -1 -1000 -1000 -1000 -10 0.51
55 1 Car -1 -1 -1 145.01 171.84 363.61 322.72 -1 -1 -1 -1000 -1000 -1000 -10 0.97
55 14 Car -1 -1 -1 11.26 179.09 138.64 225.51 -1 -1 -1 -1000 -1000 -1000 -10 0.84
55 9 Car -1 -1 -1 331.73 168.95 371.20 192.34 -1 -1 -1 -1000 -1000 -1000 -10 0.74
55 16 Car -1 -1 -1 265.80 165.94 320.57 199.23 -1 -1 -1 -1000 -1000 -1000 -10 0.58
55 8 Car -1 -1 -1 368.25 168.63 405.25 187.97 -1 -1 -1 -1000 -1000 -1000 -10 0.55
56 1 Car -1 -1 -1 163.12 170.14 375.65 318.53 -1 -1 -1 -1000 -1000 -1000 -10 0.97
56 14 Car -1 -1 -1 37.38 177.98 168.34 224.34 -1 -1 -1 -1000 -1000 -1000 -10 0.87
56 9 Car -1 -1 -1 316.30 174.01 378.97 207.34 -1 -1 -1 -1000 -1000 -1000 -10 0.67
56 16 Car -1 -1 -1 293.35 166.18 348.46 197.67 -1 -1 -1 -1000 -1000 -1000 -10 0.63
56 8 Car -1 -1 -1 399.13 167.70 435.17 187.19 -1 -1 -1 -1000 -1000 -1000 -10 0.52
56 17 Car -1 -1 -1 358.80 168.59 399.64 192.07 -1 -1 -1 -1000 -1000 -1000 -10 0.66
57 1 Car -1 -1 -1 180.73 170.31 383.08 316.91 -1 -1 -1 -1000 -1000 -1000 -10 0.97
57 14 Car -1 -1 -1 65.25 177.09 194.27 224.18 -1 -1 -1 -1000 -1000 -1000 -10 0.86
57 9 Car -1 -1 -1 346.69 173.88 411.71 206.71 -1 -1 -1 -1000 -1000 -1000 -10 0.86
57 16 Car -1 -1 -1 321.40 164.44 380.24 198.41 -1 -1 -1 -1000 -1000 -1000 -10 0.73
57 8 Car -1 -1 -1 426.67 167.19 460.97 187.01 -1 -1 -1 -1000 -1000 -1000 -10 0.62
57 17 Car -1 -1 -1 386.20 168.00 426.82 192.60 -1 -1 -1 -1000 -1000 -1000 -10 0.47
58 1 Car -1 -1 -1 199.52 168.59 394.41 311.32 -1 -1 -1 -1000 -1000 -1000 -10 0.96
58 9 Car -1 -1 -1 377.33 171.54 447.75 206.68 -1 -1 -1 -1000 -1000 -1000 -10 0.89
58 14 Car -1 -1 -1 89.43 176.30 216.87 223.79 -1 -1 -1 -1000 -1000 -1000 -10 0.86
58 16 Car -1 -1 -1 347.48 163.06 407.49 197.60 -1 -1 -1 -1000 -1000 -1000 -10 0.69
58 8 Car -1 -1 -1 454.43 167.22 487.77 186.74 -1 -1 -1 -1000 -1000 -1000 -10 0.68
58 17 Car -1 -1 -1 414.69 166.90 452.33 190.95 -1 -1 -1 -1000 -1000 -1000 -10 0.57
59 1 Car -1 -1 -1 219.70 167.36 404.29 305.78 -1 -1 -1 -1000 -1000 -1000 -10 0.96
59 9 Car -1 -1 -1 410.80 170.74 476.78 205.95 -1 -1 -1 -1000 -1000 -1000 -10 0.89
59 14 Car -1 -1 -1 117.35 175.38 235.75 221.45 -1 -1 -1 -1000 -1000 -1000 -10 0.80
59 16 Car -1 -1 -1 375.39 162.28 429.57 194.78 -1 -1 -1 -1000 -1000 -1000 -10 0.77
59 8 Car -1 -1 -1 478.61 167.01 511.94 186.83 -1 -1 -1 -1000 -1000 -1000 -10 0.63
59 17 Car -1 -1 -1 443.14 165.56 475.34 189.79 -1 -1 -1 -1000 -1000 -1000 -10 0.60
60 1 Car -1 -1 -1 238.96 167.01 416.56 305.13 -1 -1 -1 -1000 -1000 -1000 -10 0.96
60 16 Car -1 -1 -1 398.51 161.79 457.83 194.18 -1 -1 -1 -1000 -1000 -1000 -10 0.87
60 9 Car -1 -1 -1 444.54 170.38 505.73 203.40 -1 -1 -1 -1000 -1000 -1000 -10 0.86
60 14 Car -1 -1 -1 135.59 175.67 257.20 221.23 -1 -1 -1 -1000 -1000 -1000 -10 0.81
60 17 Car -1 -1 -1 466.90 165.25 499.75 188.01 -1 -1 -1 -1000 -1000 -1000 -10 0.53
60 8 Car -1 -1 -1 502.00 166.70 536.20 186.43 -1 -1 -1 -1000 -1000 -1000 -10 0.49
61 1 Car -1 -1 -1 259.05 168.46 427.52 304.15 -1 -1 -1 -1000 -1000 -1000 -10 0.96
61 9 Car -1 -1 -1 475.52 169.93 535.48 203.55 -1 -1 -1 -1000 -1000 -1000 -10 0.83
61 14 Car -1 -1 -1 168.23 177.20 285.05 224.86 -1 -1 -1 -1000 -1000 -1000 -10 0.82
61 16 Car -1 -1 -1 421.15 161.98 484.79 196.25 -1 -1 -1 -1000 -1000 -1000 -10 0.81
61 8 Car -1 -1 -1 527.94 167.38 560.90 187.63 -1 -1 -1 -1000 -1000 -1000 -10 0.64
62 1 Car -1 -1 -1 279.78 171.01 438.53 301.95 -1 -1 -1 -1000 -1000 -1000 -10 0.96
62 9 Car -1 -1 -1 505.63 170.88 561.32 202.88 -1 -1 -1 -1000 -1000 -1000 -10 0.86
62 16 Car -1 -1 -1 444.35 164.05 508.47 197.88 -1 -1 -1 -1000 -1000 -1000 -10 0.82
62 14 Car -1 -1 -1 179.50 178.55 305.65 226.07 -1 -1 -1 -1000 -1000 -1000 -10 0.81
62 8 Car -1 -1 -1 552.47 168.37 585.13 188.22 -1 -1 -1 -1000 -1000 -1000 -10 0.69
62 18 Car -1 -1 -1 391.92 175.41 449.63 205.27 -1 -1 -1 -1000 -1000 -1000 -10 0.46
63 1 Car -1 -1 -1 299.31 171.59 451.00 300.32 -1 -1 -1 -1000 -1000 -1000 -10 0.95
63 16 Car -1 -1 -1 467.26 163.80 532.36 198.12 -1 -1 -1 -1000 -1000 -1000 -10 0.81
63 9 Car -1 -1 -1 536.61 173.01 591.21 203.74 -1 -1 -1 -1000 -1000 -1000 -10 0.77
63 14 Car -1 -1 -1 199.75 178.45 323.47 225.89 -1 -1 -1 -1000 -1000 -1000 -10 0.69
63 18 Car -1 -1 -1 414.88 176.57 472.27 204.14 -1 -1 -1 -1000 -1000 -1000 -10 0.67
63 8 Car -1 -1 -1 575.10 168.49 609.68 188.37 -1 -1 -1 -1000 -1000 -1000 -10 0.54
64 1 Car -1 -1 -1 319.72 172.04 467.62 298.86 -1 -1 -1 -1000 -1000 -1000 -10 0.95
64 14 Car -1 -1 -1 215.68 178.02 339.54 225.43 -1 -1 -1 -1000 -1000 -1000 -10 0.86
64 16 Car -1 -1 -1 490.94 163.98 554.98 197.84 -1 -1 -1 -1000 -1000 -1000 -10 0.83
64 18 Car -1 -1 -1 433.41 176.42 494.66 204.11 -1 -1 -1 -1000 -1000 -1000 -10 0.81
64 9 Car -1 -1 -1 565.86 173.22 618.83 202.79 -1 -1 -1 -1000 -1000 -1000 -10 0.63
64 8 Car -1 -1 -1 597.33 168.12 633.49 189.30 -1 -1 -1 -1000 -1000 -1000 -10 0.62
64 19 Car -1 -1 -1 556.16 167.61 596.45 194.42 -1 -1 -1 -1000 -1000 -1000 -10 0.43
65 1 Car -1 -1 -1 339.06 170.71 479.63 295.05 -1 -1 -1 -1000 -1000 -1000 -10 0.95
65 16 Car -1 -1 -1 512.74 163.75 579.75 198.91 -1 -1 -1 -1000 -1000 -1000 -10 0.86
65 18 Car -1 -1 -1 454.68 176.28 517.70 204.81 -1 -1 -1 -1000 -1000 -1000 -10 0.81
65 14 Car -1 -1 -1 243.44 177.84 365.06 225.24 -1 -1 -1 -1000 -1000 -1000 -10 0.80
65 19 Car -1 -1 -1 581.10 168.90 618.66 193.00 -1 -1 -1 -1000 -1000 -1000 -10 0.72
65 9 Car -1 -1 -1 595.43 171.79 650.16 201.76 -1 -1 -1 -1000 -1000 -1000 -10 0.62
65 8 Car -1 -1 -1 618.39 168.29 657.65 193.18 -1 -1 -1 -1000 -1000 -1000 -10 0.53
66 1 Car -1 -1 -1 356.50 171.56 494.46 294.24 -1 -1 -1 -1000 -1000 -1000 -10 0.95
66 16 Car -1 -1 -1 535.33 164.31 603.90 199.07 -1 -1 -1 -1000 -1000 -1000 -10 0.86
66 9 Car -1 -1 -1 623.78 171.65 676.98 201.62 -1 -1 -1 -1000 -1000 -1000 -10 0.77
66 19 Car -1 -1 -1 603.86 169.48 642.90 193.30 -1 -1 -1 -1000 -1000 -1000 -10 0.77
66 14 Car -1 -1 -1 266.28 178.98 381.27 224.42 -1 -1 -1 -1000 -1000 -1000 -10 0.76
66 18 Car -1 -1 -1 474.71 176.11 538.52 205.92 -1 -1 -1 -1000 -1000 -1000 -10 0.76
67 1 Car -1 -1 -1 376.62 172.91 511.28 292.92 -1 -1 -1 -1000 -1000 -1000 -10 0.94
67 16 Car -1 -1 -1 558.24 164.24 627.32 199.65 -1 -1 -1 -1000 -1000 -1000 -10 0.88
67 9 Car -1 -1 -1 652.22 170.79 703.96 201.24 -1 -1 -1 -1000 -1000 -1000 -10 0.82
67 19 Car -1 -1 -1 626.99 169.38 666.81 193.37 -1 -1 -1 -1000 -1000 -1000 -10 0.78
67 18 Car -1 -1 -1 494.34 175.87 563.80 207.71 -1 -1 -1 -1000 -1000 -1000 -10 0.77
67 14 Car -1 -1 -1 285.94 178.84 399.73 225.71 -1 -1 -1 -1000 -1000 -1000 -10 0.72
68 1 Car -1 -1 -1 396.42 173.15 529.52 291.59 -1 -1 -1 -1000 -1000 -1000 -10 0.94
68 16 Car -1 -1 -1 581.44 164.03 649.12 199.48 -1 -1 -1 -1000 -1000 -1000 -10 0.90
68 19 Car -1 -1 -1 649.46 169.85 690.06 192.96 -1 -1 -1 -1000 -1000 -1000 -10 0.82
68 9 Car -1 -1 -1 682.51 169.45 732.36 200.03 -1 -1 -1 -1000 -1000 -1000 -10 0.82
68 18 Car -1 -1 -1 515.31 175.62 584.70 208.15 -1 -1 -1 -1000 -1000 -1000 -10 0.79
68 14 Car -1 -1 -1 285.17 179.27 409.81 230.95 -1 -1 -1 -1000 -1000 -1000 -10 0.73
69 1 Car -1 -1 -1 414.08 173.02 545.94 291.29 -1 -1 -1 -1000 -1000 -1000 -10 0.95
69 14 Car -1 -1 -1 293.58 178.14 431.69 232.55 -1 -1 -1 -1000 -1000 -1000 -10 0.88
69 16 Car -1 -1 -1 603.73 163.74 671.46 198.77 -1 -1 -1 -1000 -1000 -1000 -10 0.85
69 19 Car -1 -1 -1 670.70 169.11 713.82 192.97 -1 -1 -1 -1000 -1000 -1000 -10 0.80
69 9 Car -1 -1 -1 709.30 168.72 760.53 197.40 -1 -1 -1 -1000 -1000 -1000 -10 0.75
69 18 Car -1 -1 -1 536.99 175.99 606.16 206.05 -1 -1 -1 -1000 -1000 -1000 -10 0.73
70 1 Car -1 -1 -1 434.95 172.65 563.93 290.62 -1 -1 -1 -1000 -1000 -1000 -10 0.94
70 16 Car -1 -1 -1 624.58 163.40 690.27 198.84 -1 -1 -1 -1000 -1000 -1000 -10 0.88
70 14 Car -1 -1 -1 307.27 177.97 443.15 233.54 -1 -1 -1 -1000 -1000 -1000 -10 0.85
70 19 Car -1 -1 -1 690.49 169.50 735.58 194.54 -1 -1 -1 -1000 -1000 -1000 -10 0.83
70 9 Car -1 -1 -1 736.20 168.46 787.50 197.68 -1 -1 -1 -1000 -1000 -1000 -10 0.73
70 18 Car -1 -1 -1 556.46 175.73 625.03 206.31 -1 -1 -1 -1000 -1000 -1000 -10 0.70
71 1 Car -1 -1 -1 453.93 173.28 582.48 290.03 -1 -1 -1 -1000 -1000 -1000 -10 0.95
71 14 Car -1 -1 -1 311.44 176.45 460.60 235.46 -1 -1 -1 -1000 -1000 -1000 -10 0.92
71 16 Car -1 -1 -1 644.00 163.96 711.96 199.77 -1 -1 -1 -1000 -1000 -1000 -10 0.91
71 19 Car -1 -1 -1 712.34 169.90 757.13 194.76 -1 -1 -1 -1000 -1000 -1000 -10 0.82
71 9 Car -1 -1 -1 764.01 170.32 814.42 199.12 -1 -1 -1 -1000 -1000 -1000 -10 0.78
71 18 Car -1 -1 -1 573.96 174.86 641.88 208.93 -1 -1 -1 -1000 -1000 -1000 -10 0.76
72 14 Car -1 -1 -1 317.33 177.50 470.88 240.59 -1 -1 -1 -1000 -1000 -1000 -10 0.94
72 1 Car -1 -1 -1 475.20 174.77 600.54 288.18 -1 -1 -1 -1000 -1000 -1000 -10 0.94
72 16 Car -1 -1 -1 662.54 164.60 732.35 199.96 -1 -1 -1 -1000 -1000 -1000 -10 0.91
72 9 Car -1 -1 -1 790.28 170.41 842.84 199.39 -1 -1 -1 -1000 -1000 -1000 -10 0.84
72 19 Car -1 -1 -1 731.46 169.74 777.62 195.45 -1 -1 -1 -1000 -1000 -1000 -10 0.82
72 18 Car -1 -1 -1 591.85 175.86 660.05 209.03 -1 -1 -1 -1000 -1000 -1000 -10 0.80
73 1 Car -1 -1 -1 495.49 172.91 624.72 285.01 -1 -1 -1 -1000 -1000 -1000 -10 0.94
73 14 Car -1 -1 -1 323.52 178.21 479.81 246.80 -1 -1 -1 -1000 -1000 -1000 -10 0.92
73 16 Car -1 -1 -1 679.63 164.65 750.83 201.14 -1 -1 -1 -1000 -1000 -1000 -10 0.89
73 9 Car -1 -1 -1 815.53 171.84 866.10 199.96 -1 -1 -1 -1000 -1000 -1000 -10 0.84
73 18 Car -1 -1 -1 606.87 176.68 676.06 210.66 -1 -1 -1 -1000 -1000 -1000 -10 0.80
73 19 Car -1 -1 -1 749.90 170.43 796.36 195.52 -1 -1 -1 -1000 -1000 -1000 -10 0.70
74 1 Car -1 -1 -1 514.53 173.68 644.54 284.28 -1 -1 -1 -1000 -1000 -1000 -10 0.95
74 14 Car -1 -1 -1 322.26 178.98 490.26 247.66 -1 -1 -1 -1000 -1000 -1000 -10 0.92
74 16 Car -1 -1 -1 697.51 165.61 767.59 202.76 -1 -1 -1 -1000 -1000 -1000 -10 0.83
74 18 Car -1 -1 -1 622.28 177.90 691.45 211.03 -1 -1 -1 -1000 -1000 -1000 -10 0.82
74 19 Car -1 -1 -1 767.10 171.77 813.94 196.87 -1 -1 -1 -1000 -1000 -1000 -10 0.80
74 9 Car -1 -1 -1 839.08 172.93 890.12 200.04 -1 -1 -1 -1000 -1000 -1000 -10 0.76
75 1 Car -1 -1 -1 532.48 172.99 665.31 284.98 -1 -1 -1 -1000 -1000 -1000 -10 0.95
75 14 Car -1 -1 -1 320.80 178.27 498.96 253.98 -1 -1 -1 -1000 -1000 -1000 -10 0.92
75 16 Car -1 -1 -1 714.46 166.25 782.29 204.53 -1 -1 -1 -1000 -1000 -1000 -10 0.88
75 19 Car -1 -1 -1 784.43 171.90 832.38 198.16 -1 -1 -1 -1000 -1000 -1000 -10 0.83
75 18 Car -1 -1 -1 635.65 178.82 704.82 213.16 -1 -1 -1 -1000 -1000 -1000 -10 0.77
75 9 Car -1 -1 -1 862.52 173.46 917.70 202.63 -1 -1 -1 -1000 -1000 -1000 -10 0.68
75 20 Car -1 -1 -1 831.38 171.87 873.15 193.27 -1 -1 -1 -1000 -1000 -1000 -10 0.42
76 1 Car -1 -1 -1 551.18 173.98 685.87 283.71 -1 -1 -1 -1000 -1000 -1000 -10 0.96
76 14 Car -1 -1 -1 321.93 179.28 505.74 253.26 -1 -1 -1 -1000 -1000 -1000 -10 0.92
76 16 Car -1 -1 -1 728.64 166.05 802.56 205.22 -1 -1 -1 -1000 -1000 -1000 -10 0.91
76 19 Car -1 -1 -1 800.36 172.16 850.25 199.65 -1 -1 -1 -1000 -1000 -1000 -10 0.87
76 18 Car -1 -1 -1 649.06 178.43 719.60 215.10 -1 -1 -1 -1000 -1000 -1000 -10 0.79
76 9 Car -1 -1 -1 885.67 172.55 936.30 201.14 -1 -1 -1 -1000 -1000 -1000 -10 0.74
76 20 Car -1 -1 -1 848.43 172.25 891.99 193.86 -1 -1 -1 -1000 -1000 -1000 -10 0.58
77 1 Car -1 -1 -1 570.34 174.22 705.29 283.54 -1 -1 -1 -1000 -1000 -1000 -10 0.96
77 14 Car -1 -1 -1 319.23 178.40 508.69 254.54 -1 -1 -1 -1000 -1000 -1000 -10 0.92
77 16 Car -1 -1 -1 741.18 166.49 817.22 206.31 -1 -1 -1 -1000 -1000 -1000 -10 0.90
77 19 Car -1 -1 -1 814.34 171.77 866.16 201.12 -1 -1 -1 -1000 -1000 -1000 -10 0.86
77 18 Car -1 -1 -1 662.65 178.75 730.90 216.59 -1 -1 -1 -1000 -1000 -1000 -10 0.80
77 9 Car -1 -1 -1 908.72 172.76 957.48 201.16 -1 -1 -1 -1000 -1000 -1000 -10 0.67
77 20 Car -1 -1 -1 865.40 172.82 908.31 195.30 -1 -1 -1 -1000 -1000 -1000 -10 0.65
78 1 Car -1 -1 -1 585.72 174.09 723.92 284.11 -1 -1 -1 -1000 -1000 -1000 -10 0.95
78 14 Car -1 -1 -1 317.71 179.61 509.93 254.59 -1 -1 -1 -1000 -1000 -1000 -10 0.92
78 16 Car -1 -1 -1 753.56 165.84 832.96 207.67 -1 -1 -1 -1000 -1000 -1000 -10 0.91
78 19 Car -1 -1 -1 828.54 172.64 881.36 201.37 -1 -1 -1 -1000 -1000 -1000 -10 0.78
78 20 Car -1 -1 -1 880.54 173.53 924.55 195.93 -1 -1 -1 -1000 -1000 -1000 -10 0.77
78 18 Car -1 -1 -1 681.03 179.41 742.16 216.59 -1 -1 -1 -1000 -1000 -1000 -10 0.67
78 9 Car -1 -1 -1 927.42 174.00 978.84 202.44 -1 -1 -1 -1000 -1000 -1000 -10 0.59
79 1 Car -1 -1 -1 603.31 176.26 744.57 286.94 -1 -1 -1 -1000 -1000 -1000 -10 0.96
79 16 Car -1 -1 -1 765.54 167.45 845.20 209.66 -1 -1 -1 -1000 -1000 -1000 -10 0.91
79 14 Car -1 -1 -1 307.31 181.91 512.11 258.07 -1 -1 -1 -1000 -1000 -1000 -10 0.90
79 19 Car -1 -1 -1 843.13 173.30 892.56 203.26 -1 -1 -1 -1000 -1000 -1000 -10 0.83
79 9 Car -1 -1 -1 947.53 173.82 997.50 203.79 -1 -1 -1 -1000 -1000 -1000 -10 0.78
79 20 Car -1 -1 -1 895.04 174.46 938.58 196.52 -1 -1 -1 -1000 -1000 -1000 -10 0.68
79 18 Car -1 -1 -1 685.43 180.36 755.48 219.98 -1 -1 -1 -1000 -1000 -1000 -10 0.61
80 1 Car -1 -1 -1 621.68 177.25 764.82 286.57 -1 -1 -1 -1000 -1000 -1000 -10 0.96
80 14 Car -1 -1 -1 295.50 181.81 509.04 260.17 -1 -1 -1 -1000 -1000 -1000 -10 0.90
80 16 Car -1 -1 -1 776.04 167.56 855.70 211.26 -1 -1 -1 -1000 -1000 -1000 -10 0.87
80 19 Car -1 -1 -1 853.35 173.74 904.55 204.65 -1 -1 -1 -1000 -1000 -1000 -10 0.87
80 9 Car -1 -1 -1 966.97 174.53 1014.39 204.93 -1 -1 -1 -1000 -1000 -1000 -10 0.76
80 20 Car -1 -1 -1 906.07 174.95 951.21 198.78 -1 -1 -1 -1000 -1000 -1000 -10 0.69
80 18 Car -1 -1 -1 696.02 181.82 766.51 222.35 -1 -1 -1 -1000 -1000 -1000 -10 0.62
81 1 Car -1 -1 -1 639.99 178.41 784.05 285.96 -1 -1 -1 -1000 -1000 -1000 -10 0.97
81 14 Car -1 -1 -1 287.46 183.90 507.02 264.65 -1 -1 -1 -1000 -1000 -1000 -10 0.93
81 16 Car -1 -1 -1 784.32 169.76 864.17 214.17 -1 -1 -1 -1000 -1000 -1000 -10 0.82
81 19 Car -1 -1 -1 864.45 176.84 915.84 206.88 -1 -1 -1 -1000 -1000 -1000 -10 0.74
81 20 Car -1 -1 -1 917.77 177.18 962.64 200.12 -1 -1 -1 -1000 -1000 -1000 -10 0.73
81 9 Car -1 -1 -1 981.82 177.18 1031.43 206.82 -1 -1 -1 -1000 -1000 -1000 -10 0.65
81 18 Car -1 -1 -1 701.76 182.55 776.59 226.81 -1 -1 -1 -1000 -1000 -1000 -10 0.57
82 1 Car -1 -1 -1 657.66 179.43 804.37 286.46 -1 -1 -1 -1000 -1000 -1000 -10 0.95
82 14 Car -1 -1 -1 264.89 184.21 499.89 272.11 -1 -1 -1 -1000 -1000 -1000 -10 0.94
82 16 Car -1 -1 -1 792.50 171.87 871.44 214.87 -1 -1 -1 -1000 -1000 -1000 -10 0.91
82 19 Car -1 -1 -1 872.87 178.24 926.58 209.34 -1 -1 -1 -1000 -1000 -1000 -10 0.82
82 9 Car -1 -1 -1 995.85 179.08 1048.54 208.39 -1 -1 -1 -1000 -1000 -1000 -10 0.74
82 20 Car -1 -1 -1 927.14 178.73 976.29 202.79 -1 -1 -1 -1000 -1000 -1000 -10 0.65
82 18 Car -1 -1 -1 712.15 183.88 789.58 227.09 -1 -1 -1 -1000 -1000 -1000 -10 0.55
83 1 Car -1 -1 -1 677.10 182.48 823.24 287.98 -1 -1 -1 -1000 -1000 -1000 -10 0.95
83 14 Car -1 -1 -1 243.78 186.48 497.73 277.28 -1 -1 -1 -1000 -1000 -1000 -10 0.94
83 16 Car -1 -1 -1 799.25 172.31 880.11 216.15 -1 -1 -1 -1000 -1000 -1000 -10 0.90
83 20 Car -1 -1 -1 938.09 180.11 983.55 203.82 -1 -1 -1 -1000 -1000 -1000 -10 0.73
83 19 Car -1 -1 -1 881.68 178.81 936.44 210.62 -1 -1 -1 -1000 -1000 -1000 -10 0.73
83 9 Car -1 -1 -1 1008.53 179.48 1061.31 208.81 -1 -1 -1 -1000 -1000 -1000 -10 0.69
83 18 Car -1 -1 -1 725.73 185.38 799.70 225.97 -1 -1 -1 -1000 -1000 -1000 -10 0.49
84 1 Car -1 -1 -1 693.92 182.40 840.60 288.41 -1 -1 -1 -1000 -1000 -1000 -10 0.96
84 14 Car -1 -1 -1 219.15 188.41 482.70 282.82 -1 -1 -1 -1000 -1000 -1000 -10 0.94
84 16 Car -1 -1 -1 804.86 172.34 885.08 216.27 -1 -1 -1 -1000 -1000 -1000 -10 0.88
84 19 Car -1 -1 -1 887.89 178.53 942.59 210.90 -1 -1 -1 -1000 -1000 -1000 -10 0.73
84 20 Car -1 -1 -1 944.96 180.17 992.29 203.60 -1 -1 -1 -1000 -1000 -1000 -10 0.70
84 9 Car -1 -1 -1 1019.00 179.98 1074.15 207.45 -1 -1 -1 -1000 -1000 -1000 -10 0.61
84 18 Car -1 -1 -1 733.78 185.71 807.40 224.98 -1 -1 -1 -1000 -1000 -1000 -10 0.49
85 1 Car -1 -1 -1 710.25 179.62 860.07 286.07 -1 -1 -1 -1000 -1000 -1000 -10 0.97
85 14 Car -1 -1 -1 191.70 187.51 465.17 285.48 -1 -1 -1 -1000 -1000 -1000 -10 0.95
85 16 Car -1 -1 -1 810.94 172.67 891.11 216.00 -1 -1 -1 -1000 -1000 -1000 -10 0.87
85 19 Car -1 -1 -1 894.32 178.36 949.04 211.21 -1 -1 -1 -1000 -1000 -1000 -10 0.79
85 18 Car -1 -1 -1 691.72 185.60 787.48 232.95 -1 -1 -1 -1000 -1000 -1000 -10 0.76
85 20 Car -1 -1 -1 951.93 179.88 999.10 204.16 -1 -1 -1 -1000 -1000 -1000 -10 0.71
85 9 Car -1 -1 -1 1037.17 179.22 1085.24 207.42 -1 -1 -1 -1000 -1000 -1000 -10 0.61
85 21 Car -1 -1 -1 740.75 186.21 808.09 224.81 -1 -1 -1 -1000 -1000 -1000 -10 0.44
86 1 Car -1 -1 -1 727.55 182.22 876.39 288.19 -1 -1 -1 -1000 -1000 -1000 -10 0.95
86 14 Car -1 -1 -1 158.28 188.59 449.93 290.97 -1 -1 -1 -1000 -1000 -1000 -10 0.94
86 19 Car -1 -1 -1 897.29 179.46 953.69 213.97 -1 -1 -1 -1000 -1000 -1000 -10 0.87
86 18 Car -1 -1 -1 691.82 185.99 780.16 233.87 -1 -1 -1 -1000 -1000 -1000 -10 0.83
86 20 Car -1 -1 -1 957.50 180.96 1003.38 205.30 -1 -1 -1 -1000 -1000 -1000 -10 0.83
86 16 Car -1 -1 -1 815.77 173.31 894.62 215.22 -1 -1 -1 -1000 -1000 -1000 -10 0.78
86 9 Car -1 -1 -1 1046.43 180.48 1093.48 208.33 -1 -1 -1 -1000 -1000 -1000 -10 0.60
86 21 Car -1 -1 -1 738.32 186.14 817.99 231.03 -1 -1 -1 -1000 -1000 -1000 -10 0.59
86 22 Car -1 -1 -1 999.10 165.97 1052.86 203.24 -1 -1 -1 -1000 -1000 -1000 -10 0.56
87 1 Car -1 -1 -1 742.61 182.25 892.68 288.10 -1 -1 -1 -1000 -1000 -1000 -10 0.96
87 14 Car -1 -1 -1 114.49 187.44 425.87 292.80 -1 -1 -1 -1000 -1000 -1000 -10 0.94
87 19 Car -1 -1 -1 898.45 180.64 959.13 214.72 -1 -1 -1 -1000 -1000 -1000 -10 0.89
87 18 Car -1 -1 -1 688.17 186.17 782.01 234.20 -1 -1 -1 -1000 -1000 -1000 -10 0.86
87 20 Car -1 -1 -1 960.44 180.76 1006.21 206.97 -1 -1 -1 -1000 -1000 -1000 -10 0.80
87 22 Car -1 -1 -1 1005.18 166.01 1056.00 204.37 -1 -1 -1 -1000 -1000 -1000 -10 0.77
87 9 Car -1 -1 -1 1056.94 181.49 1103.95 210.95 -1 -1 -1 -1000 -1000 -1000 -10 0.69
87 16 Car -1 -1 -1 838.75 174.74 897.25 212.95 -1 -1 -1 -1000 -1000 -1000 -10 0.62
88 1 Car -1 -1 -1 757.07 179.92 907.75 284.12 -1 -1 -1 -1000 -1000 -1000 -10 0.97
88 18 Car -1 -1 -1 682.69 184.42 786.24 234.59 -1 -1 -1 -1000 -1000 -1000 -10 0.91
88 19 Car -1 -1 -1 898.25 179.16 960.35 213.70 -1 -1 -1 -1000 -1000 -1000 -10 0.89
88 14 Car -1 -1 -1 62.62 185.53 399.58 295.30 -1 -1 -1 -1000 -1000 -1000 -10 0.87
88 20 Car -1 -1 -1 961.83 179.78 1008.03 205.40 -1 -1 -1 -1000 -1000 -1000 -10 0.78
88 9 Car -1 -1 -1 1059.76 179.31 1104.09 209.26 -1 -1 -1 -1000 -1000 -1000 -10 0.74
88 22 Car -1 -1 -1 1005.25 163.28 1055.70 202.44 -1 -1 -1 -1000 -1000 -1000 -10 0.70
88 16 Car -1 -1 -1 842.75 174.54 899.75 212.66 -1 -1 -1 -1000 -1000 -1000 -10 0.69
89 1 Car -1 -1 -1 772.97 173.88 921.39 281.17 -1 -1 -1 -1000 -1000 -1000 -10 0.96
89 18 Car -1 -1 -1 676.45 182.34 778.08 233.13 -1 -1 -1 -1000 -1000 -1000 -10 0.92
89 14 Car -1 -1 -1 -3.14 185.32 379.81 302.97 -1 -1 -1 -1000 -1000 -1000 -10 0.89
89 19 Car -1 -1 -1 897.70 175.32 959.07 209.80 -1 -1 -1 -1000 -1000 -1000 -10 0.86
89 20 Car -1 -1 -1 961.29 175.85 1006.78 201.66 -1 -1 -1 -1000 -1000 -1000 -10 0.84
89 9 Car -1 -1 -1 1064.19 174.84 1111.83 205.11 -1 -1 -1 -1000 -1000 -1000 -10 0.82
89 16 Car -1 -1 -1 836.37 171.21 898.96 214.22 -1 -1 -1 -1000 -1000 -1000 -10 0.63
89 22 Car -1 -1 -1 1005.77 158.48 1054.08 198.25 -1 -1 -1 -1000 -1000 -1000 -10 0.57
89 23 Car -1 -1 -1 1032.20 175.26 1068.14 194.97 -1 -1 -1 -1000 -1000 -1000 -10 0.45
89 24 Car -1 -1 -1 813.65 170.47 890.01 216.90 -1 -1 -1 -1000 -1000 -1000 -10 0.44
90 1 Car -1 -1 -1 783.54 171.50 929.65 277.87 -1 -1 -1 -1000 -1000 -1000 -10 0.97
90 18 Car -1 -1 -1 668.08 180.09 770.29 232.39 -1 -1 -1 -1000 -1000 -1000 -10 0.89
90 14 Car -1 -1 -1 -6.25 187.27 336.36 308.97 -1 -1 -1 -1000 -1000 -1000 -10 0.89
90 19 Car -1 -1 -1 894.38 172.95 956.49 208.39 -1 -1 -1 -1000 -1000 -1000 -10 0.87
90 20 Car -1 -1 -1 960.09 173.28 1005.34 199.69 -1 -1 -1 -1000 -1000 -1000 -10 0.77
90 9 Car -1 -1 -1 1065.14 172.58 1113.32 201.02 -1 -1 -1 -1000 -1000 -1000 -10 0.72
90 22 Car -1 -1 -1 1003.18 156.87 1050.63 196.17 -1 -1 -1 -1000 -1000 -1000 -10 0.69
90 23 Car -1 -1 -1 1029.65 172.74 1068.03 193.10 -1 -1 -1 -1000 -1000 -1000 -10 0.64
90 16 Car -1 -1 -1 833.51 170.74 901.26 214.37 -1 -1 -1 -1000 -1000 -1000 -10 0.63
90 24 Car -1 -1 -1 811.39 170.44 892.26 215.48 -1 -1 -1 -1000 -1000 -1000 -10 0.56
91 1 Car -1 -1 -1 796.26 172.92 938.84 276.91 -1 -1 -1 -1000 -1000 -1000 -10 0.97
91 18 Car -1 -1 -1 656.88 182.15 760.86 235.94 -1 -1 -1 -1000 -1000 -1000 -10 0.94
91 14 Car -1 -1 -1 -4.83 187.27 288.96 324.41 -1 -1 -1 -1000 -1000 -1000 -10 0.91
91 20 Car -1 -1 -1 954.26 173.15 999.96 200.33 -1 -1 -1 -1000 -1000 -1000 -10 0.77
91 9 Car -1 -1 -1 1063.00 173.06 1108.17 200.49 -1 -1 -1 -1000 -1000 -1000 -10 0.76
91 19 Car -1 -1 -1 898.62 172.96 950.77 207.97 -1 -1 -1 -1000 -1000 -1000 -10 0.75
91 22 Car -1 -1 -1 995.66 156.56 1044.11 197.68 -1 -1 -1 -1000 -1000 -1000 -10 0.73
91 24 Car -1 -1 -1 791.67 167.28 880.73 226.22 -1 -1 -1 -1000 -1000 -1000 -10 0.62
91 16 Car -1 -1 -1 805.74 168.78 889.58 218.38 -1 -1 -1 -1000 -1000 -1000 -10 0.59
91 23 Car -1 -1 -1 1025.91 172.64 1064.27 193.59 -1 -1 -1 -1000 -1000 -1000 -10 0.55
92 1 Car -1 -1 -1 805.74 175.36 945.84 279.94 -1 -1 -1 -1000 -1000 -1000 -10 0.97
92 18 Car -1 -1 -1 643.90 183.96 751.06 239.07 -1 -1 -1 -1000 -1000 -1000 -10 0.90
92 14 Car -1 -1 -1 -0.14 191.67 230.00 334.97 -1 -1 -1 -1000 -1000 -1000 -10 0.88
92 9 Car -1 -1 -1 1061.52 175.80 1100.95 202.24 -1 -1 -1 -1000 -1000 -1000 -10 0.85
92 20 Car -1 -1 -1 947.92 174.90 995.97 202.20 -1 -1 -1 -1000 -1000 -1000 -10 0.83
92 24 Car -1 -1 -1 782.47 166.59 875.89 222.32 -1 -1 -1 -1000 -1000 -1000 -10 0.79
92 19 Car -1 -1 -1 893.86 174.53 943.11 214.29 -1 -1 -1 -1000 -1000 -1000 -10 0.72
92 23 Car -1 -1 -1 1018.23 174.67 1057.57 197.18 -1 -1 -1 -1000 -1000 -1000 -10 0.64
92 22 Car -1 -1 -1 990.98 158.01 1038.29 198.65 -1 -1 -1 -1000 -1000 -1000 -10 0.56
93 1 Car -1 -1 -1 814.43 176.10 950.87 280.66 -1 -1 -1 -1000 -1000 -1000 -10 0.98
93 18 Car -1 -1 -1 629.18 184.94 740.01 241.49 -1 -1 -1 -1000 -1000 -1000 -10 0.95
93 24 Car -1 -1 -1 772.64 168.96 869.72 223.64 -1 -1 -1 -1000 -1000 -1000 -10 0.88
93 20 Car -1 -1 -1 941.48 176.16 986.87 204.76 -1 -1 -1 -1000 -1000 -1000 -10 0.83
93 14 Car -1 -1 -1 -0.53 188.95 167.21 345.59 -1 -1 -1 -1000 -1000 -1000 -10 0.79
93 19 Car -1 -1 -1 889.08 175.96 937.74 218.29 -1 -1 -1 -1000 -1000 -1000 -10 0.72
93 23 Car -1 -1 -1 1010.91 177.96 1048.99 198.80 -1 -1 -1 -1000 -1000 -1000 -10 0.71
93 22 Car -1 -1 -1 982.71 160.79 1030.43 201.39 -1 -1 -1 -1000 -1000 -1000 -10 0.66
93 9 Car -1 -1 -1 1056.19 177.75 1095.23 203.75 -1 -1 -1 -1000 -1000 -1000 -10 0.61
93 25 Car -1 -1 -1 797.27 162.73 867.14 192.98 -1 -1 -1 -1000 -1000 -1000 -10 0.53
94 1 Car -1 -1 -1 819.05 177.63 954.15 280.65 -1 -1 -1 -1000 -1000 -1000 -10 0.97
94 18 Car -1 -1 -1 611.63 186.65 725.70 245.20 -1 -1 -1 -1000 -1000 -1000 -10 0.93
94 24 Car -1 -1 -1 762.03 169.47 858.11 225.21 -1 -1 -1 -1000 -1000 -1000 -10 0.93
94 9 Car -1 -1 -1 1047.39 180.88 1084.68 204.82 -1 -1 -1 -1000 -1000 -1000 -10 0.83
94 20 Car -1 -1 -1 931.55 177.68 976.03 206.40 -1 -1 -1 -1000 -1000 -1000 -10 0.68
94 22 Car -1 -1 -1 971.27 160.71 1018.79 203.86 -1 -1 -1 -1000 -1000 -1000 -10 0.64
94 23 Car -1 -1 -1 1002.87 179.34 1036.42 199.78 -1 -1 -1 -1000 -1000 -1000 -10 0.60
94 19 Car -1 -1 -1 869.65 178.96 934.79 216.17 -1 -1 -1 -1000 -1000 -1000 -10 0.55
94 25 Car -1 -1 -1 779.33 163.67 854.09 198.58 -1 -1 -1 -1000 -1000 -1000 -10 0.53
94 14 Car -1 -1 -1 -0.05 176.93 89.18 365.14 -1 -1 -1 -1000 -1000 -1000 -10 0.50
95 1 Car -1 -1 -1 821.02 179.52 952.99 282.97 -1 -1 -1 -1000 -1000 -1000 -10 0.97
95 24 Car -1 -1 -1 747.93 170.58 847.29 225.82 -1 -1 -1 -1000 -1000 -1000 -10 0.93
95 18 Car -1 -1 -1 590.20 188.08 708.05 251.08 -1 -1 -1 -1000 -1000 -1000 -10 0.91
95 9 Car -1 -1 -1 1035.71 181.73 1070.80 205.65 -1 -1 -1 -1000 -1000 -1000 -10 0.84
95 20 Car -1 -1 -1 919.24 178.35 964.06 209.20 -1 -1 -1 -1000 -1000 -1000 -10 0.77
95 22 Car -1 -1 -1 959.06 164.33 1007.05 204.99 -1 -1 -1 -1000 -1000 -1000 -10 0.68
95 19 Car -1 -1 -1 857.61 179.78 923.26 221.60 -1 -1 -1 -1000 -1000 -1000 -10 0.51
95 23 Car -1 -1 -1 988.52 179.98 1024.33 200.10 -1 -1 -1 -1000 -1000 -1000 -10 0.47
95 25 Car -1 -1 -1 765.32 164.63 838.51 199.47 -1 -1 -1 -1000 -1000 -1000 -10 0.44
96 1 Car -1 -1 -1 822.86 177.20 949.47 280.11 -1 -1 -1 -1000 -1000 -1000 -10 0.98
96 18 Car -1 -1 -1 564.08 189.13 689.02 253.02 -1 -1 -1 -1000 -1000 -1000 -10 0.96
96 24 Car -1 -1 -1 731.01 170.14 831.08 226.15 -1 -1 -1 -1000 -1000 -1000 -10 0.90
96 9 Car -1 -1 -1 1021.13 180.11 1055.39 204.16 -1 -1 -1 -1000 -1000 -1000 -10 0.73
96 22 Car -1 -1 -1 942.29 165.23 987.10 205.12 -1 -1 -1 -1000 -1000 -1000 -10 0.72
96 20 Car -1 -1 -1 907.11 177.68 951.31 210.50 -1 -1 -1 -1000 -1000 -1000 -10 0.55
96 19 Car -1 -1 -1 843.19 179.28 914.34 223.11 -1 -1 -1 -1000 -1000 -1000 -10 0.48
96 23 Car -1 -1 -1 972.37 178.30 1010.58 199.00 -1 -1 -1 -1000 -1000 -1000 -10 0.46
96 25 Car -1 -1 -1 750.33 164.39 821.64 200.18 -1 -1 -1 -1000 -1000 -1000 -10 0.42
97 1 Car -1 -1 -1 821.09 177.33 944.30 277.43 -1 -1 -1 -1000 -1000 -1000 -10 0.97
97 18 Car -1 -1 -1 536.76 186.67 668.59 255.26 -1 -1 -1 -1000 -1000 -1000 -10 0.95
97 24 Car -1 -1 -1 711.47 168.88 811.68 226.97 -1 -1 -1 -1000 -1000 -1000 -10 0.91
97 19 Car -1 -1 -1 819.65 175.64 884.95 218.21 -1 -1 -1 -1000 -1000 -1000 -10 0.74
97 9 Car -1 -1 -1 1006.11 177.81 1037.51 201.86 -1 -1 -1 -1000 -1000 -1000 -10 0.68
97 22 Car -1 -1 -1 924.91 161.17 966.56 203.53 -1 -1 -1 -1000 -1000 -1000 -10 0.66
97 23 Car -1 -1 -1 958.79 175.30 992.79 197.20 -1 -1 -1 -1000 -1000 -1000 -10 0.43
97 25 Car -1 -1 -1 735.70 163.52 804.18 199.16 -1 -1 -1 -1000 -1000 -1000 -10 0.43
98 1 Car -1 -1 -1 816.12 174.87 933.14 274.40 -1 -1 -1 -1000 -1000 -1000 -10 0.98
98 18 Car -1 -1 -1 503.91 185.17 646.80 257.22 -1 -1 -1 -1000 -1000 -1000 -10 0.95
98 24 Car -1 -1 -1 689.36 168.57 789.70 227.98 -1 -1 -1 -1000 -1000 -1000 -10 0.93
98 19 Car -1 -1 -1 801.27 175.24 862.94 214.00 -1 -1 -1 -1000 -1000 -1000 -10 0.78
98 22 Car -1 -1 -1 904.65 160.49 947.33 203.17 -1 -1 -1 -1000 -1000 -1000 -10 0.69
98 9 Car -1 -1 -1 984.72 177.49 1016.08 201.56 -1 -1 -1 -1000 -1000 -1000 -10 0.64
98 26 Pedestrian -1 -1 -1 193.50 170.14 213.81 222.11 -1 -1 -1 -1000 -1000 -1000 -10 0.42
99 1 Car -1 -1 -1 807.92 174.73 920.95 272.62 -1 -1 -1 -1000 -1000 -1000 -10 0.96
99 18 Car -1 -1 -1 469.08 185.78 620.35 261.62 -1 -1 -1 -1000 -1000 -1000 -10 0.95
99 24 Car -1 -1 -1 663.76 168.54 769.45 231.56 -1 -1 -1 -1000 -1000 -1000 -10 0.90
99 19 Car -1 -1 -1 779.23 174.03 840.72 214.93 -1 -1 -1 -1000 -1000 -1000 -10 0.83
99 9 Car -1 -1 -1 965.06 175.81 995.39 201.99 -1 -1 -1 -1000 -1000 -1000 -10 0.76
99 26 Pedestrian -1 -1 -1 150.40 165.20 171.99 222.75 -1 -1 -1 -1000 -1000 -1000 -10 0.55
99 22 Car -1 -1 -1 884.57 159.67 928.88 203.26 -1 -1 -1 -1000 -1000 -1000 -10 0.52
100 1 Car -1 -1 -1 799.38 173.46 905.90 268.78 -1 -1 -1 -1000 -1000 -1000 -10 0.97
100 18 Car -1 -1 -1 425.01 183.26 589.05 266.86 -1 -1 -1 -1000 -1000 -1000 -10 0.95
100 24 Car -1 -1 -1 638.06 167.22 746.23 232.56 -1 -1 -1 -1000 -1000 -1000 -10 0.91
100 19 Car -1 -1 -1 755.95 173.13 817.56 215.01 -1 -1 -1 -1000 -1000 -1000 -10 0.88
100 9 Car -1 -1 -1 941.84 172.43 972.46 200.82 -1 -1 -1 -1000 -1000 -1000 -10 0.74
100 26 Pedestrian -1 -1 -1 99.21 164.64 122.17 223.42 -1 -1 -1 -1000 -1000 -1000 -10 0.43
101 1 Car -1 -1 -1 787.93 173.76 892.11 267.29 -1 -1 -1 -1000 -1000 -1000 -10 0.97
101 18 Car -1 -1 -1 377.40 182.47 559.37 273.26 -1 -1 -1 -1000 -1000 -1000 -10 0.93
101 24 Car -1 -1 -1 610.95 165.94 721.92 234.18 -1 -1 -1 -1000 -1000 -1000 -10 0.90
101 19 Car -1 -1 -1 731.93 172.05 795.72 216.05 -1 -1 -1 -1000 -1000 -1000 -10 0.85
101 9 Car -1 -1 -1 918.37 173.30 948.71 199.02 -1 -1 -1 -1000 -1000 -1000 -10 0.74
101 26 Pedestrian -1 -1 -1 47.20 165.26 73.04 227.18 -1 -1 -1 -1000 -1000 -1000 -10 0.44
102 1 Car -1 -1 -1 774.41 173.72 876.47 265.74 -1 -1 -1 -1000 -1000 -1000 -10 0.97
102 18 Car -1 -1 -1 326.35 183.99 524.62 280.26 -1 -1 -1 -1000 -1000 -1000 -10 0.94
102 24 Car -1 -1 -1 583.82 164.69 699.77 235.48 -1 -1 -1 -1000 -1000 -1000 -10 0.93
102 19 Car -1 -1 -1 708.17 171.45 771.99 215.48 -1 -1 -1 -1000 -1000 -1000 -10 0.90
102 9 Car -1 -1 -1 896.79 176.02 924.98 197.17 -1 -1 -1 -1000 -1000 -1000 -10 0.69
102 27 Car -1 -1 -1 778.36 173.98 831.57 213.17 -1 -1 -1 -1000 -1000 -1000 -10 0.42
103 1 Car -1 -1 -1 760.26 174.43 859.66 265.01 -1 -1 -1 -1000 -1000 -1000 -10 0.96
103 18 Car -1 -1 -1 266.99 184.22 490.77 289.37 -1 -1 -1 -1000 -1000 -1000 -10 0.93
103 24 Car -1 -1 -1 552.75 164.43 671.45 238.95 -1 -1 -1 -1000 -1000 -1000 -10 0.92
103 19 Car -1 -1 -1 684.84 174.03 748.65 217.87 -1 -1 -1 -1000 -1000 -1000 -10 0.87
103 9 Car -1 -1 -1 873.90 176.66 901.37 196.89 -1 -1 -1 -1000 -1000 -1000 -10 0.65
103 27 Car -1 -1 -1 758.52 174.54 799.63 204.21 -1 -1 -1 -1000 -1000 -1000 -10 0.56
104 1 Car -1 -1 -1 745.81 176.03 843.19 264.97 -1 -1 -1 -1000 -1000 -1000 -10 0.97
104 24 Car -1 -1 -1 522.91 166.71 646.14 243.06 -1 -1 -1 -1000 -1000 -1000 -10 0.94
104 18 Car -1 -1 -1 201.64 189.02 453.57 305.60 -1 -1 -1 -1000 -1000 -1000 -10 0.94
104 19 Car -1 -1 -1 659.13 175.12 725.48 220.63 -1 -1 -1 -1000 -1000 -1000 -10 0.90
104 9 Car -1 -1 -1 851.83 177.74 877.05 199.18 -1 -1 -1 -1000 -1000 -1000 -10 0.69
104 27 Car -1 -1 -1 735.81 175.86 776.03 204.76 -1 -1 -1 -1000 -1000 -1000 -10 0.64
104 28 Car -1 -1 -1 773.89 160.98 815.02 192.92 -1 -1 -1 -1000 -1000 -1000 -10 0.51
105 1 Car -1 -1 -1 731.26 177.96 824.33 263.96 -1 -1 -1 -1000 -1000 -1000 -10 0.97
105 18 Car -1 -1 -1 114.90 188.31 408.41 323.12 -1 -1 -1 -1000 -1000 -1000 -10 0.94
105 24 Car -1 -1 -1 488.72 168.04 618.72 248.96 -1 -1 -1 -1000 -1000 -1000 -10 0.93
105 19 Car -1 -1 -1 631.91 177.16 701.02 223.66 -1 -1 -1 -1000 -1000 -1000 -10 0.90
105 9 Car -1 -1 -1 828.69 177.89 853.85 200.43 -1 -1 -1 -1000 -1000 -1000 -10 0.74
105 27 Car -1 -1 -1 713.52 178.30 751.64 206.08 -1 -1 -1 -1000 -1000 -1000 -10 0.65
105 28 Car -1 -1 -1 750.28 162.34 791.93 199.61 -1 -1 -1 -1000 -1000 -1000 -10 0.59
106 18 Car -1 -1 -1 9.36 190.77 358.96 344.00 -1 -1 -1 -1000 -1000 -1000 -10 0.95
106 1 Car -1 -1 -1 713.95 177.99 805.84 264.04 -1 -1 -1 -1000 -1000 -1000 -10 0.95
106 24 Car -1 -1 -1 453.72 167.44 591.20 252.05 -1 -1 -1 -1000 -1000 -1000 -10 0.93
106 19 Car -1 -1 -1 603.52 177.82 675.77 226.31 -1 -1 -1 -1000 -1000 -1000 -10 0.86
106 27 Car -1 -1 -1 688.42 178.41 729.81 207.83 -1 -1 -1 -1000 -1000 -1000 -10 0.80
106 9 Car -1 -1 -1 805.38 178.07 830.98 201.32 -1 -1 -1 -1000 -1000 -1000 -10 0.68
106 28 Car -1 -1 -1 725.14 162.56 769.75 199.98 -1 -1 -1 -1000 -1000 -1000 -10 0.54
107 1 Car -1 -1 -1 698.00 178.44 787.77 262.21 -1 -1 -1 -1000 -1000 -1000 -10 0.97
107 18 Car -1 -1 -1 -5.39 191.05 304.20 367.07 -1 -1 -1 -1000 -1000 -1000 -10 0.96
107 24 Car -1 -1 -1 414.53 167.61 560.47 257.51 -1 -1 -1 -1000 -1000 -1000 -10 0.94
107 19 Car -1 -1 -1 576.04 177.65 648.64 227.16 -1 -1 -1 -1000 -1000 -1000 -10 0.85
107 27 Car -1 -1 -1 664.25 177.80 705.79 208.76 -1 -1 -1 -1000 -1000 -1000 -10 0.84
107 9 Car -1 -1 -1 783.58 178.30 806.68 200.38 -1 -1 -1 -1000 -1000 -1000 -10 0.59
107 28 Car -1 -1 -1 702.50 162.61 745.32 199.67 -1 -1 -1 -1000 -1000 -1000 -10 0.42
108 18 Car -1 -1 -1 -4.37 192.32 232.95 373.70 -1 -1 -1 -1000 -1000 -1000 -10 0.96
108 1 Car -1 -1 -1 678.56 177.66 768.07 261.16 -1 -1 -1 -1000 -1000 -1000 -10 0.95
108 24 Car -1 -1 -1 371.44 165.52 532.10 261.06 -1 -1 -1 -1000 -1000 -1000 -10 0.94
108 19 Car -1 -1 -1 545.50 177.97 624.30 229.59 -1 -1 -1 -1000 -1000 -1000 -10 0.90
108 27 Car -1 -1 -1 639.33 177.11 683.30 208.81 -1 -1 -1 -1000 -1000 -1000 -10 0.82
108 9 Car -1 -1 -1 759.38 177.39 783.87 200.43 -1 -1 -1 -1000 -1000 -1000 -10 0.64
108 28 Car -1 -1 -1 676.06 162.16 718.66 199.65 -1 -1 -1 -1000 -1000 -1000 -10 0.44
109 1 Car -1 -1 -1 661.31 177.34 747.10 257.55 -1 -1 -1 -1000 -1000 -1000 -10 0.96
109 24 Car -1 -1 -1 319.45 164.73 500.54 269.58 -1 -1 -1 -1000 -1000 -1000 -10 0.94
109 19 Car -1 -1 -1 516.81 177.44 596.90 230.83 -1 -1 -1 -1000 -1000 -1000 -10 0.92
109 18 Car -1 -1 -1 -2.03 200.29 138.51 373.29 -1 -1 -1 -1000 -1000 -1000 -10 0.85
109 27 Car -1 -1 -1 612.53 176.16 658.94 209.17 -1 -1 -1 -1000 -1000 -1000 -10 0.76
109 28 Car -1 -1 -1 653.65 161.81 694.02 200.52 -1 -1 -1 -1000 -1000 -1000 -10 0.58
109 9 Car -1 -1 -1 736.24 176.87 760.78 200.67 -1 -1 -1 -1000 -1000 -1000 -10 0.54
110 1 Car -1 -1 -1 642.68 177.54 727.68 256.51 -1 -1 -1 -1000 -1000 -1000 -10 0.97
110 24 Car -1 -1 -1 265.57 165.40 468.78 276.49 -1 -1 -1 -1000 -1000 -1000 -10 0.93
110 19 Car -1 -1 -1 486.75 178.21 571.06 233.04 -1 -1 -1 -1000 -1000 -1000 -10 0.92
110 27 Car -1 -1 -1 587.81 176.09 635.60 209.39 -1 -1 -1 -1000 -1000 -1000 -10 0.82
110 28 Car -1 -1 -1 630.09 161.04 671.53 202.31 -1 -1 -1 -1000 -1000 -1000 -10 0.66
110 9 Car -1 -1 -1 715.51 177.39 739.36 199.98 -1 -1 -1 -1000 -1000 -1000 -10 0.57
111 1 Car -1 -1 -1 625.13 177.27 708.51 256.53 -1 -1 -1 -1000 -1000 -1000 -10 0.94
111 24 Car -1 -1 -1 205.08 167.81 435.54 288.25 -1 -1 -1 -1000 -1000 -1000 -10 0.93
111 19 Car -1 -1 -1 453.36 178.18 545.33 237.46 -1 -1 -1 -1000 -1000 -1000 -10 0.92
111 27 Car -1 -1 -1 562.98 176.65 613.00 210.12 -1 -1 -1 -1000 -1000 -1000 -10 0.85
111 28 Car -1 -1 -1 606.31 160.19 649.06 203.50 -1 -1 -1 -1000 -1000 -1000 -10 0.67
111 9 Car -1 -1 -1 691.06 177.17 718.73 201.12 -1 -1 -1 -1000 -1000 -1000 -10 0.49
112 1 Car -1 -1 -1 610.00 177.86 692.01 255.78 -1 -1 -1 -1000 -1000 -1000 -10 0.96
112 19 Car -1 -1 -1 422.96 179.05 519.35 239.98 -1 -1 -1 -1000 -1000 -1000 -10 0.94
112 24 Car -1 -1 -1 136.76 168.63 395.82 303.16 -1 -1 -1 -1000 -1000 -1000 -10 0.92
112 27 Car -1 -1 -1 543.13 177.25 591.88 211.26 -1 -1 -1 -1000 -1000 -1000 -10 0.78
112 28 Car -1 -1 -1 586.96 163.99 628.90 205.43 -1 -1 -1 -1000 -1000 -1000 -10 0.68
112 9 Car -1 -1 -1 674.06 177.63 702.30 201.74 -1 -1 -1 -1000 -1000 -1000 -10 0.47
113 1 Car -1 -1 -1 597.75 177.52 679.05 254.14 -1 -1 -1 -1000 -1000 -1000 -10 0.96
113 24 Car -1 -1 -1 63.97 167.12 366.43 320.44 -1 -1 -1 -1000 -1000 -1000 -10 0.93
113 19 Car -1 -1 -1 394.36 180.15 496.23 244.66 -1 -1 -1 -1000 -1000 -1000 -10 0.93
113 27 Car -1 -1 -1 522.28 177.67 576.35 211.84 -1 -1 -1 -1000 -1000 -1000 -10 0.82
113 28 Car -1 -1 -1 572.84 160.92 617.40 203.97 -1 -1 -1 -1000 -1000 -1000 -10 0.65
113 9 Car -1 -1 -1 657.78 176.92 688.22 202.12 -1 -1 -1 -1000 -1000 -1000 -10 0.43
114 24 Car -1 -1 -1 -1.90 163.76 338.46 340.31 -1 -1 -1 -1000 -1000 -1000 -10 0.95
114 1 Car -1 -1 -1 590.01 176.25 669.60 251.74 -1 -1 -1 -1000 -1000 -1000 -10 0.93
114 19 Car -1 -1 -1 366.08 178.35 478.23 249.05 -1 -1 -1 -1000 -1000 -1000 -10 0.91
114 27 Car -1 -1 -1 506.27 176.99 562.47 212.11 -1 -1 -1 -1000 -1000 -1000 -10 0.85
114 28 Car -1 -1 -1 559.95 158.76 606.69 203.66 -1 -1 -1 -1000 -1000 -1000 -10 0.73
114 9 Car -1 -1 -1 648.63 176.07 677.11 202.30 -1 -1 -1 -1000 -1000 -1000 -10 0.62
115 1 Car -1 -1 -1 584.26 175.98 661.99 250.34 -1 -1 -1 -1000 -1000 -1000 -10 0.97
115 19 Car -1 -1 -1 340.99 179.07 462.58 253.31 -1 -1 -1 -1000 -1000 -1000 -10 0.95
115 24 Car -1 -1 -1 1.62 162.84 304.49 356.84 -1 -1 -1 -1000 -1000 -1000 -10 0.94
115 27 Car -1 -1 -1 492.02 176.63 552.03 212.75 -1 -1 -1 -1000 -1000 -1000 -10 0.87
115 28 Car -1 -1 -1 549.14 158.81 597.26 204.18 -1 -1 -1 -1000 -1000 -1000 -10 0.76
115 9 Car -1 -1 -1 640.43 174.55 669.41 202.20 -1 -1 -1 -1000 -1000 -1000 -10 0.51
116 1 Car -1 -1 -1 581.13 175.70 658.12 249.81 -1 -1 -1 -1000 -1000 -1000 -10 0.96
116 24 Car -1 -1 -1 -2.16 158.93 269.84 367.87 -1 -1 -1 -1000 -1000 -1000 -10 0.95
116 19 Car -1 -1 -1 314.27 180.78 444.27 258.25 -1 -1 -1 -1000 -1000 -1000 -10 0.92
116 27 Car -1 -1 -1 479.79 176.52 542.20 214.93 -1 -1 -1 -1000 -1000 -1000 -10 0.84
116 28 Car -1 -1 -1 541.67 158.91 589.57 204.68 -1 -1 -1 -1000 -1000 -1000 -10 0.75
116 9 Car -1 -1 -1 635.62 174.94 663.65 201.69 -1 -1 -1 -1000 -1000 -1000 -10 0.60
117 1 Car -1 -1 -1 579.80 175.87 656.02 249.32 -1 -1 -1 -1000 -1000 -1000 -10 0.95
117 19 Car -1 -1 -1 289.72 182.42 428.13 264.63 -1 -1 -1 -1000 -1000 -1000 -10 0.95
117 27 Car -1 -1 -1 470.98 177.76 534.26 216.55 -1 -1 -1 -1000 -1000 -1000 -10 0.91
117 24 Car -1 -1 -1 -1.70 156.39 229.92 370.02 -1 -1 -1 -1000 -1000 -1000 -10 0.91
117 28 Car -1 -1 -1 535.75 158.66 585.47 205.90 -1 -1 -1 -1000 -1000 -1000 -10 0.84
117 9 Car -1 -1 -1 633.86 174.55 660.19 201.91 -1 -1 -1 -1000 -1000 -1000 -10 0.67
118 19 Car -1 -1 -1 258.53 184.75 414.07 272.40 -1 -1 -1 -1000 -1000 -1000 -10 0.94
118 1 Car -1 -1 -1 579.37 177.21 653.89 249.13 -1 -1 -1 -1000 -1000 -1000 -10 0.92
118 27 Car -1 -1 -1 461.83 179.43 528.76 219.79 -1 -1 -1 -1000 -1000 -1000 -10 0.83
118 28 Car -1 -1 -1 532.83 158.94 582.83 206.31 -1 -1 -1 -1000 -1000 -1000 -10 0.78
118 24 Car -1 -1 -1 -3.41 158.03 177.61 368.60 -1 -1 -1 -1000 -1000 -1000 -10 0.77
118 9 Car -1 -1 -1 633.92 175.61 657.81 201.78 -1 -1 -1 -1000 -1000 -1000 -10 0.74
119 1 Car -1 -1 -1 581.03 177.33 654.55 248.95 -1 -1 -1 -1000 -1000 -1000 -10 0.95
119 19 Car -1 -1 -1 227.55 188.35 398.08 282.92 -1 -1 -1 -1000 -1000 -1000 -10 0.93
119 27 Car -1 -1 -1 451.34 180.61 524.72 222.67 -1 -1 -1 -1000 -1000 -1000 -10 0.91
119 28 Car -1 -1 -1 529.57 160.68 582.87 208.63 -1 -1 -1 -1000 -1000 -1000 -10 0.80
119 9 Car -1 -1 -1 631.49 175.67 659.18 202.49 -1 -1 -1 -1000 -1000 -1000 -10 0.75
119 24 Car -1 -1 -1 -0.61 164.41 120.34 369.69 -1 -1 -1 -1000 -1000 -1000 -10 0.75
120 1 Car -1 -1 -1 582.66 177.42 655.38 248.74 -1 -1 -1 -1000 -1000 -1000 -10 0.97
120 19 Car -1 -1 -1 194.30 188.94 382.64 291.38 -1 -1 -1 -1000 -1000 -1000 -10 0.94
120 28 Car -1 -1 -1 525.56 159.51 581.18 211.00 -1 -1 -1 -1000 -1000 -1000 -10 0.87
120 27 Car -1 -1 -1 444.62 181.96 519.68 225.24 -1 -1 -1 -1000 -1000 -1000 -10 0.84
120 9 Car -1 -1 -1 632.74 176.08 659.48 201.76 -1 -1 -1 -1000 -1000 -1000 -10 0.74
121 19 Car -1 -1 -1 151.27 191.20 365.01 303.43 -1 -1 -1 -1000 -1000 -1000 -10 0.94
121 1 Car -1 -1 -1 585.67 177.68 657.30 248.55 -1 -1 -1 -1000 -1000 -1000 -10 0.92
121 27 Car -1 -1 -1 436.43 181.31 515.66 226.77 -1 -1 -1 -1000 -1000 -1000 -10 0.92
121 28 Car -1 -1 -1 524.45 158.43 581.75 211.38 -1 -1 -1 -1000 -1000 -1000 -10 0.88
121 9 Car -1 -1 -1 633.33 176.94 661.49 201.60 -1 -1 -1 -1000 -1000 -1000 -10 0.60
121 29 Cyclist -1 -1 -1 335.81 181.20 381.60 243.78 -1 -1 -1 -1000 -1000 -1000 -10 0.55
122 1 Car -1 -1 -1 588.48 177.21 659.85 247.52 -1 -1 -1 -1000 -1000 -1000 -10 0.95
122 19 Car -1 -1 -1 101.55 188.64 344.29 315.27 -1 -1 -1 -1000 -1000 -1000 -10 0.93
122 27 Car -1 -1 -1 426.13 182.01 511.78 228.74 -1 -1 -1 -1000 -1000 -1000 -10 0.90
122 28 Car -1 -1 -1 523.67 159.01 580.94 211.66 -1 -1 -1 -1000 -1000 -1000 -10 0.88
122 29 Cyclist -1 -1 -1 317.39 180.12 368.86 246.79 -1 -1 -1 -1000 -1000 -1000 -10 0.76
122 9 Car -1 -1 -1 635.08 175.79 664.39 202.61 -1 -1 -1 -1000 -1000 -1000 -10 0.67
123 1 Car -1 -1 -1 591.19 176.66 662.36 246.95 -1 -1 -1 -1000 -1000 -1000 -10 0.96
123 19 Car -1 -1 -1 31.72 190.41 321.40 336.16 -1 -1 -1 -1000 -1000 -1000 -10 0.92
123 27 Car -1 -1 -1 415.01 181.36 506.69 230.97 -1 -1 -1 -1000 -1000 -1000 -10 0.92
123 28 Car -1 -1 -1 521.08 158.33 579.36 211.85 -1 -1 -1 -1000 -1000 -1000 -10 0.82
123 29 Cyclist -1 -1 -1 294.94 181.90 352.24 250.84 -1 -1 -1 -1000 -1000 -1000 -10 0.67
123 9 Car -1 -1 -1 636.46 176.24 665.67 201.79 -1 -1 -1 -1000 -1000 -1000 -10 0.61
124 19 Car -1 -1 -1 -1.13 189.38 298.76 361.30 -1 -1 -1 -1000 -1000 -1000 -10 0.94
124 27 Car -1 -1 -1 404.42 180.88 501.06 234.38 -1 -1 -1 -1000 -1000 -1000 -10 0.92
124 1 Car -1 -1 -1 594.16 176.58 664.24 246.64 -1 -1 -1 -1000 -1000 -1000 -10 0.89
124 28 Car -1 -1 -1 519.82 155.58 579.49 209.93 -1 -1 -1 -1000 -1000 -1000 -10 0.83
124 29 Cyclist -1 -1 -1 263.81 182.81 337.25 257.22 -1 -1 -1 -1000 -1000 -1000 -10 0.70
124 9 Car -1 -1 -1 638.39 175.48 667.30 201.68 -1 -1 -1 -1000 -1000 -1000 -10 0.65
124 30 Car -1 -1 -1 553.50 177.30 591.95 204.27 -1 -1 -1 -1000 -1000 -1000 -10 0.50
124 31 Car -1 -1 -1 579.84 177.82 612.47 200.71 -1 -1 -1 -1000 -1000 -1000 -10 0.44
125 19 Car -1 -1 -1 -1.78 190.69 253.90 374.74 -1 -1 -1 -1000 -1000 -1000 -10 0.97
125 27 Car -1 -1 -1 387.19 181.01 495.21 235.98 -1 -1 -1 -1000 -1000 -1000 -10 0.95
125 1 Car -1 -1 -1 595.66 176.09 664.49 244.06 -1 -1 -1 -1000 -1000 -1000 -10 0.94
125 28 Car -1 -1 -1 516.96 153.82 579.55 211.29 -1 -1 -1 -1000 -1000 -1000 -10 0.81
125 30 Car -1 -1 -1 552.09 176.54 592.76 205.10 -1 -1 -1 -1000 -1000 -1000 -10 0.80
125 31 Car -1 -1 -1 579.63 177.52 612.70 200.65 -1 -1 -1 -1000 -1000 -1000 -10 0.79
125 29 Cyclist -1 -1 -1 235.07 183.15 312.72 265.47 -1 -1 -1 -1000 -1000 -1000 -10 0.76
125 9 Car -1 -1 -1 639.51 176.01 668.00 201.28 -1 -1 -1 -1000 -1000 -1000 -10 0.73
126 19 Car -1 -1 -1 -0.97 193.00 206.71 372.71 -1 -1 -1 -1000 -1000 -1000 -10 0.97
126 1 Car -1 -1 -1 596.80 175.86 665.45 243.11 -1 -1 -1 -1000 -1000 -1000 -10 0.96
126 27 Car -1 -1 -1 372.39 180.47 486.45 238.68 -1 -1 -1 -1000 -1000 -1000 -10 0.95
126 28 Car -1 -1 -1 512.53 152.75 577.17 211.89 -1 -1 -1 -1000 -1000 -1000 -10 0.82
126 31 Car -1 -1 -1 580.63 177.54 610.71 199.86 -1 -1 -1 -1000 -1000 -1000 -10 0.80
126 30 Car -1 -1 -1 550.07 176.39 593.29 205.12 -1 -1 -1 -1000 -1000 -1000 -10 0.79
126 29 Cyclist -1 -1 -1 202.87 181.60 289.23 275.18 -1 -1 -1 -1000 -1000 -1000 -10 0.77
126 9 Car -1 -1 -1 640.19 176.31 668.24 202.13 -1 -1 -1 -1000 -1000 -1000 -10 0.74
127 1 Car -1 -1 -1 597.19 175.91 665.66 242.66 -1 -1 -1 -1000 -1000 -1000 -10 0.96
127 27 Car -1 -1 -1 356.09 180.80 476.26 242.89 -1 -1 -1 -1000 -1000 -1000 -10 0.93
127 19 Car -1 -1 -1 0.01 202.28 143.40 369.88 -1 -1 -1 -1000 -1000 -1000 -10 0.87
127 28 Car -1 -1 -1 508.33 152.42 573.27 212.76 -1 -1 -1 -1000 -1000 -1000 -10 0.85
127 30 Car -1 -1 -1 547.82 176.45 590.57 205.42 -1 -1 -1 -1000 -1000 -1000 -10 0.79
127 9 Car -1 -1 -1 640.35 176.58 668.22 201.74 -1 -1 -1 -1000 -1000 -1000 -10 0.75
127 31 Car -1 -1 -1 579.63 177.78 609.68 200.11 -1 -1 -1 -1000 -1000 -1000 -10 0.72
127 29 Cyclist -1 -1 -1 162.59 181.75 252.90 283.75 -1 -1 -1 -1000 -1000 -1000 -10 0.72
128 1 Car -1 -1 -1 597.47 177.28 664.39 242.81 -1 -1 -1 -1000 -1000 -1000 -10 0.94
128 27 Car -1 -1 -1 331.66 181.78 465.59 249.87 -1 -1 -1 -1000 -1000 -1000 -10 0.92
128 28 Car -1 -1 -1 501.69 154.69 567.82 216.06 -1 -1 -1 -1000 -1000 -1000 -10 0.84
128 31 Car -1 -1 -1 576.13 178.93 607.48 201.14 -1 -1 -1 -1000 -1000 -1000 -10 0.82
128 30 Car -1 -1 -1 546.51 178.63 588.75 206.35 -1 -1 -1 -1000 -1000 -1000 -10 0.78
128 9 Car -1 -1 -1 640.54 177.21 666.83 201.55 -1 -1 -1 -1000 -1000 -1000 -10 0.77
128 29 Cyclist -1 -1 -1 108.54 186.40 213.95 300.85 -1 -1 -1 -1000 -1000 -1000 -10 0.68
129 1 Car -1 -1 -1 597.24 178.47 663.15 244.36 -1 -1 -1 -1000 -1000 -1000 -10 0.93
129 27 Car -1 -1 -1 312.10 183.84 451.44 255.26 -1 -1 -1 -1000 -1000 -1000 -10 0.93
129 28 Car -1 -1 -1 495.73 153.98 564.98 217.89 -1 -1 -1 -1000 -1000 -1000 -10 0.89
129 30 Car -1 -1 -1 542.17 178.87 586.04 209.00 -1 -1 -1 -1000 -1000 -1000 -10 0.85
129 9 Car -1 -1 -1 639.96 177.66 665.74 201.39 -1 -1 -1 -1000 -1000 -1000 -10 0.72
129 29 Cyclist -1 -1 -1 39.07 186.08 166.85 317.42 -1 -1 -1 -1000 -1000 -1000 -10 0.71
129 31 Car -1 -1 -1 574.08 179.28 607.14 202.33 -1 -1 -1 -1000 -1000 -1000 -10 0.64
130 27 Car -1 -1 -1 287.63 184.05 436.92 259.17 -1 -1 -1 -1000 -1000 -1000 -10 0.94
130 28 Car -1 -1 -1 489.68 153.81 561.43 219.14 -1 -1 -1 -1000 -1000 -1000 -10 0.88
130 1 Car -1 -1 -1 595.78 178.08 662.81 244.81 -1 -1 -1 -1000 -1000 -1000 -10 0.88
130 30 Car -1 -1 -1 536.99 178.88 582.82 210.41 -1 -1 -1 -1000 -1000 -1000 -10 0.77
130 31 Car -1 -1 -1 571.55 180.26 603.02 203.26 -1 -1 -1 -1000 -1000 -1000 -10 0.69
130 9 Car -1 -1 -1 636.77 177.89 664.45 202.77 -1 -1 -1 -1000 -1000 -1000 -10 0.68
130 29 Cyclist -1 -1 -1 2.31 191.06 109.66 335.44 -1 -1 -1 -1000 -1000 -1000 -10 0.43
131 27 Car -1 -1 -1 252.66 185.03 418.86 269.73 -1 -1 -1 -1000 -1000 -1000 -10 0.95
131 1 Car -1 -1 -1 594.44 179.05 661.03 243.70 -1 -1 -1 -1000 -1000 -1000 -10 0.91
131 28 Car -1 -1 -1 481.56 155.05 555.70 222.19 -1 -1 -1 -1000 -1000 -1000 -10 0.88
131 31 Car -1 -1 -1 566.76 180.68 599.74 203.78 -1 -1 -1 -1000 -1000 -1000 -10 0.80
131 30 Car -1 -1 -1 528.76 180.63 576.93 211.05 -1 -1 -1 -1000 -1000 -1000 -10 0.79
131 9 Car -1 -1 -1 635.86 178.49 662.82 201.92 -1 -1 -1 -1000 -1000 -1000 -10 0.66
132 27 Car -1 -1 -1 215.12 185.60 400.72 279.28 -1 -1 -1 -1000 -1000 -1000 -10 0.96
132 1 Car -1 -1 -1 591.87 179.17 659.55 243.46 -1 -1 -1 -1000 -1000 -1000 -10 0.90
132 28 Car -1 -1 -1 472.32 154.33 549.62 223.80 -1 -1 -1 -1000 -1000 -1000 -10 0.89
132 31 Car -1 -1 -1 563.48 180.73 596.19 204.72 -1 -1 -1 -1000 -1000 -1000 -10 0.85
132 30 Car -1 -1 -1 523.13 181.50 573.37 212.12 -1 -1 -1 -1000 -1000 -1000 -10 0.82
132 9 Car -1 -1 -1 632.33 178.90 660.72 202.04 -1 -1 -1 -1000 -1000 -1000 -10 0.67
133 27 Car -1 -1 -1 167.17 188.68 378.96 291.10 -1 -1 -1 -1000 -1000 -1000 -10 0.95
133 1 Car -1 -1 -1 590.72 179.19 656.37 243.58 -1 -1 -1 -1000 -1000 -1000 -10 0.91
133 28 Car -1 -1 -1 464.44 152.93 546.72 226.15 -1 -1 -1 -1000 -1000 -1000 -10 0.86
133 30 Car -1 -1 -1 515.22 181.84 569.44 214.85 -1 -1 -1 -1000 -1000 -1000 -10 0.84
133 31 Car -1 -1 -1 558.63 181.87 595.40 206.91 -1 -1 -1 -1000 -1000 -1000 -10 0.83
133 9 Car -1 -1 -1 631.87 179.21 659.62 202.19 -1 -1 -1 -1000 -1000 -1000 -10 0.61
134 27 Car -1 -1 -1 101.46 188.35 353.47 306.91 -1 -1 -1 -1000 -1000 -1000 -10 0.95
134 1 Car -1 -1 -1 589.67 179.46 654.82 243.33 -1 -1 -1 -1000 -1000 -1000 -10 0.92
134 28 Car -1 -1 -1 455.57 151.15 540.58 228.45 -1 -1 -1 -1000 -1000 -1000 -10 0.91
134 30 Car -1 -1 -1 511.10 181.98 565.10 215.40 -1 -1 -1 -1000 -1000 -1000 -10 0.79
134 9 Car -1 -1 -1 631.89 179.64 658.55 200.81 -1 -1 -1 -1000 -1000 -1000 -10 0.66
134 31 Car -1 -1 -1 556.55 181.89 593.52 207.78 -1 -1 -1 -1000 -1000 -1000 -10 0.64
135 27 Car -1 -1 -1 26.89 185.93 325.50 325.22 -1 -1 -1 -1000 -1000 -1000 -10 0.95
135 28 Car -1 -1 -1 444.88 149.65 535.70 229.62 -1 -1 -1 -1000 -1000 -1000 -10 0.94
135 1 Car -1 -1 -1 589.83 178.34 653.39 241.56 -1 -1 -1 -1000 -1000 -1000 -10 0.90
135 30 Car -1 -1 -1 503.88 180.97 561.92 216.14 -1 -1 -1 -1000 -1000 -1000 -10 0.85
135 31 Car -1 -1 -1 553.05 180.80 589.72 207.51 -1 -1 -1 -1000 -1000 -1000 -10 0.82
135 9 Car -1 -1 -1 630.59 178.24 656.67 200.60 -1 -1 -1 -1000 -1000 -1000 -10 0.62
136 27 Car -1 -1 -1 -1.15 189.24 290.83 353.10 -1 -1 -1 -1000 -1000 -1000 -10 0.96
136 1 Car -1 -1 -1 588.38 178.34 652.04 239.90 -1 -1 -1 -1000 -1000 -1000 -10 0.94
136 28 Car -1 -1 -1 434.68 147.67 530.53 231.45 -1 -1 -1 -1000 -1000 -1000 -10 0.93
136 31 Car -1 -1 -1 551.34 180.17 587.46 206.96 -1 -1 -1 -1000 -1000 -1000 -10 0.88
136 30 Car -1 -1 -1 498.43 180.64 558.76 216.51 -1 -1 -1 -1000 -1000 -1000 -10 0.77
136 9 Car -1 -1 -1 631.30 177.29 656.01 198.93 -1 -1 -1 -1000 -1000 -1000 -10 0.54
137 27 Car -1 -1 -1 -2.31 188.86 246.41 369.16 -1 -1 -1 -1000 -1000 -1000 -10 0.96
137 1 Car -1 -1 -1 587.88 178.57 651.25 239.72 -1 -1 -1 -1000 -1000 -1000 -10 0.95
137 28 Car -1 -1 -1 422.31 149.73 526.75 236.03 -1 -1 -1 -1000 -1000 -1000 -10 0.91
137 30 Car -1 -1 -1 493.35 181.36 556.63 218.48 -1 -1 -1 -1000 -1000 -1000 -10 0.86
137 31 Car -1 -1 -1 549.00 180.75 586.89 208.11 -1 -1 -1 -1000 -1000 -1000 -10 0.83
137 9 Car -1 -1 -1 632.24 177.60 655.19 198.53 -1 -1 -1 -1000 -1000 -1000 -10 0.52
138 27 Car -1 -1 -1 -3.55 195.21 193.53 370.71 -1 -1 -1 -1000 -1000 -1000 -10 0.96
138 28 Car -1 -1 -1 411.91 147.24 521.76 239.60 -1 -1 -1 -1000 -1000 -1000 -10 0.92
138 1 Car -1 -1 -1 587.94 180.11 650.48 240.46 -1 -1 -1 -1000 -1000 -1000 -10 0.91
138 30 Car -1 -1 -1 488.53 183.59 553.32 220.97 -1 -1 -1 -1000 -1000 -1000 -10 0.85
138 31 Car -1 -1 -1 546.88 182.71 585.14 209.93 -1 -1 -1 -1000 -1000 -1000 -10 0.77
138 9 Car -1 -1 -1 633.38 178.67 656.30 197.69 -1 -1 -1 -1000 -1000 -1000 -10 0.54
139 28 Car -1 -1 -1 397.49 144.86 514.88 243.06 -1 -1 -1 -1000 -1000 -1000 -10 0.93
139 1 Car -1 -1 -1 588.16 181.35 650.86 241.44 -1 -1 -1 -1000 -1000 -1000 -10 0.91
139 30 Car -1 -1 -1 480.34 183.50 547.97 224.23 -1 -1 -1 -1000 -1000 -1000 -10 0.91
139 31 Car -1 -1 -1 546.38 183.17 583.64 211.16 -1 -1 -1 -1000 -1000 -1000 -10 0.88
139 27 Car -1 -1 -1 -0.94 205.34 113.42 368.16 -1 -1 -1 -1000 -1000 -1000 -10 0.83
139 9 Car -1 -1 -1 635.38 179.07 655.38 197.14 -1 -1 -1 -1000 -1000 -1000 -10 0.66
140 1 Car -1 -1 -1 588.61 180.32 650.06 239.44 -1 -1 -1 -1000 -1000 -1000 -10 0.94
140 28 Car -1 -1 -1 381.77 141.91 507.71 245.84 -1 -1 -1 -1000 -1000 -1000 -10 0.91
140 30 Car -1 -1 -1 474.27 181.84 545.34 225.44 -1 -1 -1 -1000 -1000 -1000 -10 0.88
140 31 Car -1 -1 -1 543.21 182.21 583.66 210.74 -1 -1 -1 -1000 -1000 -1000 -10 0.83
140 9 Car -1 -1 -1 635.78 177.90 656.50 195.89 -1 -1 -1 -1000 -1000 -1000 -10 0.69
140 32 Car -1 -1 -1 569.04 181.32 599.43 203.78 -1 -1 -1 -1000 -1000 -1000 -10 0.45
141 30 Car -1 -1 -1 465.63 179.85 540.97 224.46 -1 -1 -1 -1000 -1000 -1000 -10 0.92
141 28 Car -1 -1 -1 363.79 138.85 500.54 248.77 -1 -1 -1 -1000 -1000 -1000 -10 0.92
141 1 Car -1 -1 -1 588.01 177.79 649.84 237.14 -1 -1 -1 -1000 -1000 -1000 -10 0.91
141 31 Car -1 -1 -1 539.99 179.60 582.40 209.42 -1 -1 -1 -1000 -1000 -1000 -10 0.87
141 9 Car -1 -1 -1 635.67 176.12 656.50 194.36 -1 -1 -1 -1000 -1000 -1000 -10 0.77
141 32 Car -1 -1 -1 568.21 178.58 597.88 202.82 -1 -1 -1 -1000 -1000 -1000 -10 0.65
142 1 Car -1 -1 -1 587.09 175.16 648.74 234.05 -1 -1 -1 -1000 -1000 -1000 -10 0.94
142 30 Car -1 -1 -1 459.53 178.90 535.89 223.81 -1 -1 -1 -1000 -1000 -1000 -10 0.92
142 28 Car -1 -1 -1 340.55 134.11 493.58 253.37 -1 -1 -1 -1000 -1000 -1000 -10 0.92
142 31 Car -1 -1 -1 539.26 178.46 581.02 208.01 -1 -1 -1 -1000 -1000 -1000 -10 0.87
142 32 Car -1 -1 -1 564.95 176.94 594.44 201.67 -1 -1 -1 -1000 -1000 -1000 -10 0.81
142 9 Car -1 -1 -1 634.60 174.96 656.99 193.59 -1 -1 -1 -1000 -1000 -1000 -10 0.69
143 30 Car -1 -1 -1 450.49 177.34 530.54 224.50 -1 -1 -1 -1000 -1000 -1000 -10 0.94
143 1 Car -1 -1 -1 587.58 173.66 648.30 231.30 -1 -1 -1 -1000 -1000 -1000 -10 0.89
143 28 Car -1 -1 -1 316.56 134.26 485.85 259.62 -1 -1 -1 -1000 -1000 -1000 -10 0.85
143 31 Car -1 -1 -1 536.03 176.75 579.67 207.05 -1 -1 -1 -1000 -1000 -1000 -10 0.81
143 9 Car -1 -1 -1 636.50 173.21 656.97 190.83 -1 -1 -1 -1000 -1000 -1000 -10 0.76
143 32 Car -1 -1 -1 562.79 175.42 592.05 200.51 -1 -1 -1 -1000 -1000 -1000 -10 0.66
144 30 Car -1 -1 -1 439.02 176.77 526.20 225.78 -1 -1 -1 -1000 -1000 -1000 -10 0.94
144 1 Car -1 -1 -1 588.13 173.51 647.80 230.21 -1 -1 -1 -1000 -1000 -1000 -10 0.94
144 28 Car -1 -1 -1 287.13 130.00 476.91 264.94 -1 -1 -1 -1000 -1000 -1000 -10 0.86
144 31 Car -1 -1 -1 532.93 175.86 579.70 207.71 -1 -1 -1 -1000 -1000 -1000 -10 0.80
144 32 Car -1 -1 -1 558.88 174.26 592.75 199.75 -1 -1 -1 -1000 -1000 -1000 -10 0.72
144 9 Car -1 -1 -1 637.01 171.37 657.61 189.45 -1 -1 -1 -1000 -1000 -1000 -10 0.66
145 1 Car -1 -1 -1 587.96 172.53 648.02 230.03 -1 -1 -1 -1000 -1000 -1000 -10 0.94
145 30 Car -1 -1 -1 428.25 176.83 522.15 228.17 -1 -1 -1 -1000 -1000 -1000 -10 0.91
145 28 Car -1 -1 -1 251.47 131.31 465.98 278.69 -1 -1 -1 -1000 -1000 -1000 -10 0.91
145 31 Car -1 -1 -1 530.44 175.65 577.38 208.66 -1 -1 -1 -1000 -1000 -1000 -10 0.86
145 32 Car -1 -1 -1 555.99 174.92 590.83 200.93 -1 -1 -1 -1000 -1000 -1000 -10 0.65
145 9 Car -1 -1 -1 638.94 170.67 658.65 187.68 -1 -1 -1 -1000 -1000 -1000 -10 0.56
146 30 Car -1 -1 -1 420.25 178.84 516.22 232.70 -1 -1 -1 -1000 -1000 -1000 -10 0.95
146 1 Car -1 -1 -1 588.36 174.35 648.18 230.07 -1 -1 -1 -1000 -1000 -1000 -10 0.93
146 31 Car -1 -1 -1 528.77 176.58 576.41 209.97 -1 -1 -1 -1000 -1000 -1000 -10 0.92
146 28 Car -1 -1 -1 202.89 126.25 453.26 292.31 -1 -1 -1 -1000 -1000 -1000 -10 0.88
146 32 Car -1 -1 -1 555.05 175.22 590.07 202.53 -1 -1 -1 -1000 -1000 -1000 -10 0.85
146 9 Car -1 -1 -1 639.92 171.32 659.51 189.23 -1 -1 -1 -1000 -1000 -1000 -10 0.67
147 30 Car -1 -1 -1 412.02 181.22 508.17 235.83 -1 -1 -1 -1000 -1000 -1000 -10 0.95
147 1 Car -1 -1 -1 588.88 174.54 647.71 230.37 -1 -1 -1 -1000 -1000 -1000 -10 0.90
147 28 Car -1 -1 -1 145.58 124.29 440.45 309.55 -1 -1 -1 -1000 -1000 -1000 -10 0.85
147 32 Car -1 -1 -1 552.80 175.59 590.11 203.80 -1 -1 -1 -1000 -1000 -1000 -10 0.81
147 9 Car -1 -1 -1 641.03 172.53 660.58 189.79 -1 -1 -1 -1000 -1000 -1000 -10 0.78
147 31 Car -1 -1 -1 525.78 177.69 575.52 211.68 -1 -1 -1 -1000 -1000 -1000 -10 0.76
148 30 Car -1 -1 -1 399.20 181.69 503.45 241.67 -1 -1 -1 -1000 -1000 -1000 -10 0.92
148 1 Car -1 -1 -1 589.52 175.85 647.96 231.51 -1 -1 -1 -1000 -1000 -1000 -10 0.91
148 31 Car -1 -1 -1 523.44 178.82 575.72 212.94 -1 -1 -1 -1000 -1000 -1000 -10 0.88
148 9 Car -1 -1 -1 640.82 173.36 661.59 190.73 -1 -1 -1 -1000 -1000 -1000 -10 0.75
148 28 Car -1 -1 -1 76.96 129.15 423.57 327.81 -1 -1 -1 -1000 -1000 -1000 -10 0.75
148 32 Car -1 -1 -1 553.18 176.45 589.26 204.54 -1 -1 -1 -1000 -1000 -1000 -10 0.70
149 30 Car -1 -1 -1 375.25 182.38 498.20 245.63 -1 -1 -1 -1000 -1000 -1000 -10 0.94
149 1 Car -1 -1 -1 590.43 176.02 648.30 231.41 -1 -1 -1 -1000 -1000 -1000 -10 0.91
149 31 Car -1 -1 -1 520.71 179.52 574.89 214.70 -1 -1 -1 -1000 -1000 -1000 -10 0.88
149 32 Car -1 -1 -1 550.53 177.40 588.57 206.57 -1 -1 -1 -1000 -1000 -1000 -10 0.78
149 28 Car -1 -1 -1 0.64 108.25 406.50 340.95 -1 -1 -1 -1000 -1000 -1000 -10 0.69
149 9 Car -1 -1 -1 642.70 175.03 662.33 190.87 -1 -1 -1 -1000 -1000 -1000 -10 0.58
150 30 Car -1 -1 -1 356.87 182.73 491.84 251.82 -1 -1 -1 -1000 -1000 -1000 -10 0.96
150 1 Car -1 -1 -1 591.12 176.86 648.44 231.20 -1 -1 -1 -1000 -1000 -1000 -10 0.93
150 31 Car -1 -1 -1 518.79 180.54 571.27 216.38 -1 -1 -1 -1000 -1000 -1000 -10 0.89
150 32 Car -1 -1 -1 549.88 177.18 587.88 207.53 -1 -1 -1 -1000 -1000 -1000 -10 0.86
150 28 Car -1 -1 -1 -4.06 96.67 380.43 352.22 -1 -1 -1 -1000 -1000 -1000 -10 0.69
150 9 Car -1 -1 -1 642.63 175.25 663.02 190.99 -1 -1 -1 -1000 -1000 -1000 -10 0.62
151 30 Car -1 -1 -1 335.65 183.44 483.86 258.60 -1 -1 -1 -1000 -1000 -1000 -10 0.96
151 1 Car -1 -1 -1 591.91 177.29 648.88 230.93 -1 -1 -1 -1000 -1000 -1000 -10 0.90
151 31 Car -1 -1 -1 514.09 180.71 570.63 219.55 -1 -1 -1 -1000 -1000 -1000 -10 0.89
151 32 Car -1 -1 -1 549.61 178.52 588.29 208.46 -1 -1 -1 -1000 -1000 -1000 -10 0.88
151 9 Car -1 -1 -1 643.74 175.72 663.58 192.45 -1 -1 -1 -1000 -1000 -1000 -10 0.65
151 28 Car -1 -1 -1 0.19 121.19 345.20 351.00 -1 -1 -1 -1000 -1000 -1000 -10 0.53
152 30 Car -1 -1 -1 314.93 184.99 472.36 265.58 -1 -1 -1 -1000 -1000 -1000 -10 0.96
152 1 Car -1 -1 -1 593.53 178.78 649.94 231.16 -1 -1 -1 -1000 -1000 -1000 -10 0.93
152 31 Car -1 -1 -1 511.23 183.29 569.51 221.14 -1 -1 -1 -1000 -1000 -1000 -10 0.90
152 32 Car -1 -1 -1 549.50 179.37 587.51 210.04 -1 -1 -1 -1000 -1000 -1000 -10 0.77
152 9 Car -1 -1 -1 645.01 175.72 664.42 193.51 -1 -1 -1 -1000 -1000 -1000 -10 0.75
152 28 Car -1 -1 -1 5.77 141.00 277.66 300.07 -1 -1 -1 -1000 -1000 -1000 -10 0.48
153 30 Car -1 -1 -1 285.87 188.16 463.99 276.26 -1 -1 -1 -1000 -1000 -1000 -10 0.95
153 31 Car -1 -1 -1 507.87 183.98 568.54 224.57 -1 -1 -1 -1000 -1000 -1000 -10 0.92
153 1 Car -1 -1 -1 594.28 179.75 651.16 232.48 -1 -1 -1 -1000 -1000 -1000 -10 0.92
153 32 Car -1 -1 -1 547.18 180.94 587.94 212.84 -1 -1 -1 -1000 -1000 -1000 -10 0.85
153 9 Car -1 -1 -1 645.93 178.18 666.99 194.85 -1 -1 -1 -1000 -1000 -1000 -10 0.59
153 28 Car -1 -1 -1 12.51 160.02 216.42 281.16 -1 -1 -1 -1000 -1000 -1000 -10 0.42
154 30 Car -1 -1 -1 250.82 190.27 452.02 288.45 -1 -1 -1 -1000 -1000 -1000 -10 0.93
154 31 Car -1 -1 -1 502.90 184.89 567.24 227.09 -1 -1 -1 -1000 -1000 -1000 -10 0.86
154 32 Car -1 -1 -1 543.64 181.12 587.97 215.13 -1 -1 -1 -1000 -1000 -1000 -10 0.85
154 1 Car -1 -1 -1 595.76 180.24 652.74 234.77 -1 -1 -1 -1000 -1000 -1000 -10 0.85
154 9 Car -1 -1 -1 647.97 178.57 667.73 195.20 -1 -1 -1 -1000 -1000 -1000 -10 0.74
155 30 Car -1 -1 -1 207.13 188.81 440.10 299.47 -1 -1 -1 -1000 -1000 -1000 -10 0.92
155 1 Car -1 -1 -1 597.10 179.34 654.09 233.15 -1 -1 -1 -1000 -1000 -1000 -10 0.87
155 31 Car -1 -1 -1 498.09 183.71 567.04 229.15 -1 -1 -1 -1000 -1000 -1000 -10 0.87
155 32 Car -1 -1 -1 544.91 181.43 586.91 215.46 -1 -1 -1 -1000 -1000 -1000 -10 0.81
155 9 Car -1 -1 -1 648.91 178.40 668.80 195.06 -1 -1 -1 -1000 -1000 -1000 -10 0.69
156 1 Car -1 -1 -1 598.42 178.95 654.36 231.87 -1 -1 -1 -1000 -1000 -1000 -10 0.94
156 30 Car -1 -1 -1 153.94 188.14 424.37 315.43 -1 -1 -1 -1000 -1000 -1000 -10 0.92
156 32 Car -1 -1 -1 543.31 181.05 586.80 215.12 -1 -1 -1 -1000 -1000 -1000 -10 0.88
156 31 Car -1 -1 -1 492.80 182.85 564.84 230.00 -1 -1 -1 -1000 -1000 -1000 -10 0.88
156 9 Car -1 -1 -1 649.60 177.87 668.84 194.43 -1 -1 -1 -1000 -1000 -1000 -10 0.62
157 1 Car -1 -1 -1 599.56 177.02 656.53 230.69 -1 -1 -1 -1000 -1000 -1000 -10 0.91
157 32 Car -1 -1 -1 542.16 180.08 586.58 214.78 -1 -1 -1 -1000 -1000 -1000 -10 0.90
157 30 Car -1 -1 -1 82.61 189.93 402.86 337.10 -1 -1 -1 -1000 -1000 -1000 -10 0.90
157 31 Car -1 -1 -1 487.99 183.37 562.03 231.72 -1 -1 -1 -1000 -1000 -1000 -10 0.90
157 9 Car -1 -1 -1 651.54 176.20 669.67 193.38 -1 -1 -1 -1000 -1000 -1000 -10 0.68
157 33 Car -1 -1 -1 566.60 179.75 601.68 207.71 -1 -1 -1 -1000 -1000 -1000 -10 0.65
158 31 Car -1 -1 -1 482.54 182.38 560.96 233.59 -1 -1 -1 -1000 -1000 -1000 -10 0.94
158 30 Car -1 -1 -1 1.34 190.82 382.21 359.82 -1 -1 -1 -1000 -1000 -1000 -10 0.93
158 1 Car -1 -1 -1 601.39 175.53 658.00 229.23 -1 -1 -1 -1000 -1000 -1000 -10 0.88
158 32 Car -1 -1 -1 540.13 179.32 586.80 215.59 -1 -1 -1 -1000 -1000 -1000 -10 0.86
158 33 Car -1 -1 -1 565.52 178.79 601.79 208.86 -1 -1 -1 -1000 -1000 -1000 -10 0.85
158 9 Car -1 -1 -1 652.61 175.91 671.27 192.95 -1 -1 -1 -1000 -1000 -1000 -10 0.72
159 30 Car -1 -1 -1 -3.36 188.69 355.59 369.85 -1 -1 -1 -1000 -1000 -1000 -10 0.96
159 1 Car -1 -1 -1 603.98 175.01 659.70 228.01 -1 -1 -1 -1000 -1000 -1000 -10 0.93
159 31 Car -1 -1 -1 475.36 180.98 558.38 236.00 -1 -1 -1 -1000 -1000 -1000 -10 0.92
159 32 Car -1 -1 -1 535.25 178.12 585.29 216.18 -1 -1 -1 -1000 -1000 -1000 -10 0.91
159 33 Car -1 -1 -1 563.03 178.04 603.32 208.70 -1 -1 -1 -1000 -1000 -1000 -10 0.85
159 9 Car -1 -1 -1 652.79 175.09 673.03 191.13 -1 -1 -1 -1000 -1000 -1000 -10 0.55
159 34 Car -1 -1 -1 573.75 171.17 610.00 194.04 -1 -1 -1 -1000 -1000 -1000 -10 0.41
160 30 Car -1 -1 -1 -3.05 189.70 316.89 369.07 -1 -1 -1 -1000 -1000 -1000 -10 0.97
160 31 Car -1 -1 -1 466.44 181.02 556.13 238.72 -1 -1 -1 -1000 -1000 -1000 -10 0.94
160 1 Car -1 -1 -1 605.18 175.07 661.46 227.58 -1 -1 -1 -1000 -1000 -1000 -10 0.92
160 32 Car -1 -1 -1 531.16 176.95 585.59 216.84 -1 -1 -1 -1000 -1000 -1000 -10 0.86
160 33 Car -1 -1 -1 563.45 178.56 602.65 208.12 -1 -1 -1 -1000 -1000 -1000 -10 0.85
160 34 Car -1 -1 -1 575.25 169.74 607.74 195.66 -1 -1 -1 -1000 -1000 -1000 -10 0.75
160 9 Car -1 -1 -1 655.19 174.61 674.13 190.74 -1 -1 -1 -1000 -1000 -1000 -10 0.65
160 35 Car -1 -1 -1 733.36 163.79 830.35 198.36 -1 -1 -1 -1000 -1000 -1000 -10 0.45
161 30 Car -1 -1 -1 0.20 191.58 260.01 373.93 -1 -1 -1 -1000 -1000 -1000 -10 0.96
161 31 Car -1 -1 -1 457.48 181.11 553.19 242.52 -1 -1 -1 -1000 -1000 -1000 -10 0.93
161 1 Car -1 -1 -1 605.50 174.21 661.52 227.33 -1 -1 -1 -1000 -1000 -1000 -10 0.92
161 32 Car -1 -1 -1 527.45 176.09 584.57 218.53 -1 -1 -1 -1000 -1000 -1000 -10 0.92
161 33 Car -1 -1 -1 561.07 178.12 601.81 208.91 -1 -1 -1 -1000 -1000 -1000 -10 0.82
161 34 Car -1 -1 -1 574.55 169.15 608.29 196.35 -1 -1 -1 -1000 -1000 -1000 -10 0.74
161 35 Car -1 -1 -1 731.78 163.37 839.72 200.02 -1 -1 -1 -1000 -1000 -1000 -10 0.68
161 9 Car -1 -1 -1 655.54 174.58 674.32 190.72 -1 -1 -1 -1000 -1000 -1000 -10 0.68
162 31 Car -1 -1 -1 443.41 180.89 546.60 247.21 -1 -1 -1 -1000 -1000 -1000 -10 0.95
162 1 Car -1 -1 -1 605.82 174.63 661.04 226.61 -1 -1 -1 -1000 -1000 -1000 -10 0.92
162 32 Car -1 -1 -1 522.68 176.10 581.78 220.35 -1 -1 -1 -1000 -1000 -1000 -10 0.92
162 30 Car -1 -1 -1 3.27 204.25 179.16 368.25 -1 -1 -1 -1000 -1000 -1000 -10 0.85
162 33 Car -1 -1 -1 558.52 175.89 600.09 209.93 -1 -1 -1 -1000 -1000 -1000 -10 0.82
162 35 Car -1 -1 -1 738.89 162.57 833.23 200.43 -1 -1 -1 -1000 -1000 -1000 -10 0.74
162 34 Car -1 -1 -1 570.32 168.60 606.76 201.89 -1 -1 -1 -1000 -1000 -1000 -10 0.73
162 9 Car -1 -1 -1 654.50 174.94 674.33 190.42 -1 -1 -1 -1000 -1000 -1000 -10 0.49
163 31 Car -1 -1 -1 427.94 182.97 538.69 251.74 -1 -1 -1 -1000 -1000 -1000 -10 0.97
163 1 Car -1 -1 -1 604.83 174.36 659.36 226.16 -1 -1 -1 -1000 -1000 -1000 -10 0.88
163 32 Car -1 -1 -1 517.28 177.79 578.59 221.95 -1 -1 -1 -1000 -1000 -1000 -10 0.86
163 33 Car -1 -1 -1 554.44 175.54 597.20 210.06 -1 -1 -1 -1000 -1000 -1000 -10 0.85
163 34 Car -1 -1 -1 569.30 169.42 605.22 201.89 -1 -1 -1 -1000 -1000 -1000 -10 0.73
163 35 Car -1 -1 -1 743.12 161.79 836.69 201.09 -1 -1 -1 -1000 -1000 -1000 -10 0.62
163 9 Car -1 -1 -1 654.74 175.43 671.39 190.23 -1 -1 -1 -1000 -1000 -1000 -10 0.48
163 36 Car -1 -1 -1 588.22 176.01 626.22 201.13 -1 -1 -1 -1000 -1000 -1000 -10 0.44
164 31 Car -1 -1 -1 409.87 182.78 531.57 258.68 -1 -1 -1 -1000 -1000 -1000 -10 0.97
164 32 Car -1 -1 -1 510.93 177.80 573.56 223.17 -1 -1 -1 -1000 -1000 -1000 -10 0.93
164 1 Car -1 -1 -1 603.56 174.17 657.47 225.63 -1 -1 -1 -1000 -1000 -1000 -10 0.91
164 33 Car -1 -1 -1 549.45 176.30 595.21 210.69 -1 -1 -1 -1000 -1000 -1000 -10 0.88
164 34 Car -1 -1 -1 563.69 168.77 603.86 201.92 -1 -1 -1 -1000 -1000 -1000 -10 0.82
164 35 Car -1 -1 -1 744.66 162.26 842.62 200.49 -1 -1 -1 -1000 -1000 -1000 -10 0.71
164 9 Car -1 -1 -1 652.40 175.14 671.25 189.50 -1 -1 -1 -1000 -1000 -1000 -10 0.65
164 36 Car -1 -1 -1 583.80 175.89 622.42 201.67 -1 -1 -1 -1000 -1000 -1000 -10 0.61
